{
    "drone_dist": [
        [0.0,2298.1230118906196,2841.1816655883445,306.9809380909131,2265.58731591816,585.858398849288,956.6061986090267,2451.8593911160137,1876.2937015339298,3388.8289294064693,4114.376981666557,4665.842856709468,136.30579503269055,458.85450817998895,1886.6782387389264,3827.2941680687745,2893.1566886581395,2605.1690269423357,1023.3398271348002,2318.2621252692875,968.1813800632839,2250.121093927576,2534.3441214996938,2528.677810546465,3171.317274366019,2294.943133503605,1758.7970760545188,1731.472497659345,3067.0505265189126,3046.9410947972347,2415.9229015137826,3707.550231792876,2649.4831466174433,2295.727622792166,3861.9282598120476,2551.446266209738,1601.1613333010846,901.6702436554264,3317.422146743129,3112.9081474009918,3494.56341148922,1399.305145897952,2755.4072842530486,1983.811614154211,2439.621445127663,1596.1857064209914,456.2246148035981,2740.944146329831,1036.9987974464702,613.9370765215878,672.5860410051097,1995.6428016303346,3345.9733588745858,4409.5558539770145,979.6052883729905,1615.519094505629,2744.9078739548954,2493.2529787458907,1095.1379169894055,1645.2063861993322,0.0],
        [2298.1230118906196,0.0,3734.914814481419,2563.8353643876376,2432.8866583760964,2379.0329929460927,2626.112892309561,1390.8007118345577,1251.5156659728823,3964.384500075006,3240.074766541546,3316.375421103672,2404.796151074641,2639.012164685991,414.8546024758968,3360.2713661076477,713.8454396425498,1947.1352604863173,3319.3776252137673,1236.7056101873109,1739.9261638368391,269.10915552000705,2443.513699369857,3829.0156083448946,3264.87533905339,2157.413365868953,2318.7984148479663,899.4255846323858,3745.8106207868796,2942.917453817642,1294.8858084603016,1433.4650441177262,1106.7666526183148,3318.3086496026667,1662.4380613388614,1356.5515805048105,3089.5928105398757,3067.3250273486087,3084.24205943072,1245.0064169411096,1426.0592527709978,3395.5535025975646,1246.8985573242674,512.2367046292562,3598.5059148472624,885.6343910777646,2753.5423416836165,1336.4167406098168,2408.162411822822,2685.9952003089593,2327.498708353425,660.5727857964871,1565.8822109942537,3194.835316947306,3273.5068943620568,2310.9243876018973,2466.9465074037257,297.4866691432564,2711.5011405449445,2927.373076667236,2298.1230118906196],
        [2841.1816655883445,3734.914814481419,0.0,2679.125344327999,1363.2304125683836,2255.714815564598,3782.6945666027605,2618.8581686271723,2491.14629833238,650.275904395504,2706.253205329997,3631.3113628661313,2925.11128586656,3172.4634525255533,3520.49879266476,2069.325401808945,3831.4254830825685,2154.055951432762,3049.652839523009,4555.627969376942,2315.1015964686567,3497.153167892144,1515.2416947878667,652.6255870748414,1159.5365130774792,1693.4181177515452,1436.3191127234932,2846.644999819187,353.784636805461,1416.281034096051,4654.06548831759,4965.747666578597,4686.935145704504,545.4802407712835,5301.187794480744,2735.022441688913,1302.7502030339215,2371.748290858639,1609.061220128741,3521.0240974701087,5151.422669662176,1967.4456268477868,4828.9979483474835,3825.777494803178,491.95770270331155,2913.4727327174787,2827.3757085554093,2939.3870162548815,1825.6696963729837,3356.8540979571376,3512.8871450057277,3953.474259016464,3502.349465520607,3297.0789019615245,3065.103401940994,4408.900021281986,1675.4933934534804,3688.6430725406562,1760.6467455768986,1197.890473342403,2841.1816655883445],
        [306.9809380909131,2563.8353643876376,2679.125344327999,0.0,2252.4379633814915,493.2809917330348,1111.985724088186,2592.9920294109443,2025.765751836009,3255.742960114784,4159.524031917578,4762.380701356861,293.61816670200454,494.4300766950052,2156.9207617468423,3826.175441315499,3132.331495256057,2684.8739339102085,796.9931387597038,2625.213739520255,1083.7223154239452,2497.4102039599225,2539.909859454089,2314.446159682811,3115.6264245063135,2326.253442390725,1731.2805967971483,1935.329790887585,2929.346565880927,3025.018519931567,2722.9028333155575,3983.9981648038283,2954.1965430858518,2137.2963057659376,4149.885878526041,2700.7768780021697,1399.815114094633,596.4463763706777,3301.9524205988587,3310.006393802628,3790.3529465491215,1107.906315443406,3061.222746839775,2272.98777218196,2251.410753431499,1815.5406771647324,235.57834361072548,2902.155418224141,947.903120369627,678.9189575528835,894.2398951184708,2292.092837183786,3526.2404993582904,4492.872823996126,762.6769315623958,1867.0414598883883,2763.731670042055,2743.7803066131582,919.0422586811404,1484.106193119078,306.9809380909131],
        [2265.58731591816,2432.8866583760964,1363.2304125683836,2252.4379633814915,0.0,1759.7653575818051,3194.662981685703,1256.5332731787548,1183.7789512539662,1533.3411429713358,1968.0975015201382,2725.0960932055755,2389.932287722138,2704.2105782998397,2280.2848603362672,1574.0865620398545,2471.2384244091563,838.3772990363037,2914.9043546675566,3393.206732854416,1397.9675681529848,2180.656224892049,314.5978725208732,1676.1331310200007,960.6974779203885,335.0425493867435,523.853097523978,1584.8916204269308,1318.3292582161694,781.9026034503509,3485.567192147721,3607.1265883816527,3455.3285137035164,1106.5973601300923,3950.1848197772133,1374.7811558519559,1432.8728953368495,2267.9394919633983,1052.5338890028158,2168.646866999983,3826.1918456389108,2157.7948812548043,3599.9749466463973,2605.1021764134157,1400.4343554745321,1691.5702201112465,2471.9089759521726,1585.2295939662079,1327.273518462379,2874.9408127533397,2860.9649520231033,2752.1195119959552,2179.159546314153,2413.089605195623,2905.1708054218543,3585.84219879552,560.1439604927036,2353.454310771768,1514.8182167540806,1175.8589826706987,2265.58731591816],
        [585.858398849288,2379.0329929460927,2255.714815564598,493.2809917330348,1759.7653575818051,0.0,1537.0339127602583,2187.6272368210475,1640.6386795206806,2805.2623816506057,3677.70814922832,4306.05358227816,679.6174065318147,966.3081666996595,1997.0018037740017,3333.7565871621373,2870.626803498301,2225.3281726555374,1211.0990221772659,2673.9287971060453,707.616399272383,2265.843366611706,2049.524415190744,1965.7775920017352,2626.2447730981785,1843.8300426326625,1238.09952324518,1633.0222973578377,2482.4819433757193,2531.738982774225,2775.1235515543226,3812.3935982969056,2947.8779570294773,1710.2346189732061,4021.035112272776,2303.1668494687196,1037.3527807380717,714.7693184049806,2808.7339590283286,2968.9316128170476,3703.6866548860476,1032.289334471262,3069.4191077212463,2178.7343931441883,1861.3534123359748,1546.7644525958754,713.8980463599543,2516.1560198200104,462.4161141278674,1146.723325652931,1257.190954894543,2233.906163929128,3158.6558924747033,4028.778192008906,1189.519849576883,2176.9711890054487,2275.9579854082826,2514.723315911325,525.3101798712011,1061.203071338991,585.858398849288],
        [956.6061986090267,2626.112892309561,3782.6945666027605,1111.985724088186,3194.662981685703,1537.0339127602583,0.0,3182.271788868662,2615.9894017041775,4342.24622920354,4972.018949942469,5439.907244316593,858.9159080731498,638.419466037848,2226.725823571159,4736.367252761459,3315.068704509767,3436.0309840439777,1226.099400199366,2152.7101934938205,1827.1276089541677,2674.4962984184076,3447.438997840461,3424.5190431221276,4117.696695489556,3188.634646500139,2700.422860686839,2352.79161007843,4018.9821075652762,3976.0309274342694,2230.5787519407495,3893.4927144590515,2566.9228186318264,3238.3781861121074,3950.9261497125635,3261.034197033403,2511.6855957354874,1590.929337476261,4240.63142318027,3678.56583861963,3515.8496404243665,2134.9091860011217,2631.143141048787,2176.561031516456,3362.5604509351465,2184.3454093221894,1020.0897934390872,3416.8674655214872,1993.152344748047,470.7177292042937,353.1712531447238,2111.5943291400026,3953.8638299639765,5208.913885995262,1171.9243575388964,910.1404335948705,3644.3039446133407,2885.964242717552,2023.3458680313963,2584.869144289893,956.6061986090267],
        [2451.8593911160137,1390.8007118345577,2618.8581686271723,2592.9920294109443,1256.5332731787548,2187.6272368210475,3182.271788868662,0.0,576.5305176281264,2707.318885907636,1933.505774184193,2259.8526728015167,2587.528513628009,2902.445432079615,1421.9394749782152,1974.4069300733563,1238.0412090050763,567.7274049442559,3380.57392439874,2562.968129031679,1509.3592252004732,1122.0724381114235,1152.379711793031,2893.996402802022,1928.2491809673402,925.7943963311022,1409.511846811198,871.8485200924895,2542.980106458764,1586.3072019224294,2637.658891958928,2371.9115826897146,2495.1605617414725,2328.840500315906,2733.0933306185048,129.85558953435438,2413.769824639792,2877.841143848662,1701.7373365641974,929.5007890200187,2667.522018170397,2987.163374774763,2636.6250021695528,1742.229355759889,2626.3651092338764,1049.0236470342932,2827.1348469788236,360.3895483504301,1944.1196727567042,3027.611660222785,2830.423410878748,1911.4722322699033,1015.2568782804791,2046.2680398711548,3351.4384121306357,3241.310320013375,1113.8637780295333,1216.9951726459938,2244.2394498381227,2179.9979024561553,2451.8593911160137],
        [1876.2937015339298,1251.5156659728823,2491.14629833238,2025.765751836009,1183.7789512539662,1640.6386795206806,2615.9894017041775,576.5305176281264,0.0,2717.024911032252,2414.580628944,2824.3739889262843,2011.76168011135,2326.032761016986,1113.561477308157,2333.2030510568425,1409.8107960599712,890.9278866642652,2817.86843504936,2255.3139220676753,945.5378199734333,1006.5030215329008,1229.397629649806,2640.096729019382,2059.0889198112523,929.4142251035242,1106.8687221929285,427.0671352771466,2494.3081289514885,1765.8865708828964,2342.299928287721,2513.446681578749,2280.6256979868804,2102.976372431695,2824.928792402806,676.2718990012232,2016.981788249832,2344.8340163416824,1953.7166363126398,1347.1059010301549,2660.431440669821,2507.772783662499,2425.475537194509,1444.2816274940412,2392.7322181713153,576.8445910423127,2258.6346699205114,878.0875225746673,1452.966905479116,2451.35313641652,2263.2156321032885,1600.910345201769,1518.488162984801,2595.6045412650924,2786.8912593611585,2735.11548770773,1305.4649898725452,1201.8220687768085,1764.7948742777385,1810.0214457778366,1876.2937015339298],
        [3388.8289294064693,3964.384500075006,650.275904395504,3255.742960114784,1533.3411429713358,2805.2623816506057,4342.24622920354,2707.318885907636,2717.024911032252,0.0,2324.652368032406,3277.010634719509,3483.905618695523,3749.9864325604244,3808.9176526900424,1651.7873117126712,3945.3537641651415,2172.2336731459914,3678.019180391827,4903.414947186601,2746.2463755338263,3709.191442361489,1555.4514633000783,1284.2306319631377,875.4327886805733,1815.205301723933,1798.4418757349367,3115.0624121860474,328.67991407256466,1223.970821051947,4998.256189221099,5078.118871510752,4984.9533990643,1136.0319501110373,5439.66234170918,2806.5123424234594,1918.9387935648717,2994.218063826413,1311.021772615919,3542.3240918156735,5345.136399379651,2611.314779217489,5129.35504674589,4130.377030852943,1141.65026188833,3212.34637816723,3420.4666863205084,2981.6262715657335,2353.6835872452316,3934.3073043410513,4053.319946018018,4272.650836744819,3464.588811258664,2946.2883791108006,3690.7118385549065,4909.211668138243,1627.869567508802,3871.3476771029896,2340.149813783275,1776.5799984341118,3388.8289294064693],
        [4114.376981666557,3240.074766541546,2706.253205329997,4159.524031917578,1968.0975015201382,3677.70814922832,4972.018949942469,1933.505774184193,2414.580628944,2324.652368032406,0.0,954.4579237954093,4247.7076640884925,4570.957263690567,3344.674889257383,676.6318785863423,2806.569938219871,1541.135660084407,4866.409500388971,4462.571854768931,3157.1710686184824,2985.3249136724935,1655.5437971397632,3292.975797009187,1546.7227211103068,1833.957127922829,2478.814922541241,2790.4716829837917,2410.844582833719,1347.1369928419847,4529.124313702756,3741.518287521006,4333.740850883412,2808.8411217164885,4149.474349792959,1919.0239238460729,3363.3808570062133,4232.939014258628,1104.8319457426192,2183.8447428853133,4257.163368939474,4111.918817063731,4467.23697007708,3654.0912653520413,3034.1833364042755,2964.1600702508417,4389.15208393952,1903.682439567097,3275.8891385259194,4726.445040160486,4620.844386866746,3824.3127449815365,1924.6098891772483,629.8012590159715,4852.793042162083,5148.986823658555,1414.3124994654204,2997.512476282715,3482.110794105535,3111.5134300391646,4114.376981666557],
        [4665.842856709468,3316.375421103672,3631.3113628661313,4762.380701356861,2725.0960932055755,4306.05358227816,5439.907244316593,2259.8526728015167,2824.3739889262843,3277.010634719509,954.4579237954093,0.0,4802.068947983052,5123.5835864700175,3528.802743989418,1631.0694571227673,2727.1634952084287,2080.725709661521,5516.352180053731,4547.333275915435,3698.9622535568496,3098.9386510697773,2414.3368562761234,4192.952692606639,2476.2538951899064,2510.577040361368,3193.8453767992505,3117.8857906005655,3349.834102498319,2232.685499069733,4596.370942243088,3431.310964741054,4332.387913482493,3680.6591896581294,3833.5130292884246,2191.646231176481,4156.807770472656,4926.455259120324,2022.4881894515051,2095.0207723481008,4043.7341308053537,4878.3490755799885,4450.602680431428,3796.242864696364,3925.881898216734,3294.5846272976705,4997.484622531732,2074.9629132565847,3952.9425010268214,5261.274502935334,5087.362030091261,3961.148300395926,1776.6448276494796,334.3017981394713,5495.572444141519,5467.255495157078,2170.359547137173,3033.359519213732,4197.631059322028,3900.1031845028147,4665.842856709468],
        [136.30579503269055,2404.796151074641,2925.11128586656,293.61816670200454,2389.932287722138,679.6174065318147,858.9159080731498,2587.528513628009,2011.76168011135,3483.905618695523,4247.7076640884925,4802.068947983052,0.0,323.67085557819274,1991.5478092938224,3954.8118856476576,3011.0757697934164,2740.583470968483,915.2582127220212,2366.9865715465794,1104.0968045787206,2365.760738775965,2662.0710797801016,2588.5154935410637,3288.0329092458805,2425.954571000226,1879.512911578923,1860.6047566409475,3160.254335543818,3170.4948607788547,2462.993859540558,3805.67788737832,2711.7883829206467,2380.3423062607435,3950.18814388349,2686.6149363060053,1665.8091213418477,879.764429959339,3442.318385081948,3241.885369631748,3573.945410359645,1400.483475414808,2813.18180000327,2073.3294480691284,2512.0323802376533,1722.1869045483284,369.0072814703089,2875.095708301758,1139.3867756043446,485.210867198567,607.6982084778447,2076.251101354049,3477.61979003937,4545.417115807531,868.7508133730342,1575.374616815348,2874.6990507032215,2607.1536876928762,1168.4436439335454,1727.2545051402708,136.30579503269055],
        [458.85450817998895,2639.012164685991,3172.4634525255533,494.4300766950052,2704.2105782998397,966.3081666996595,638.419466037848,2902.445432079615,2326.032761016986,3749.9864325604244,4570.957263690567,5123.5835864700175,323.67085557819274,0.0,2224.1758510848335,4272.401866926892,3271.5132016020525,3064.005387203297,743.2815460643724,2463.931035023793,1426.9234357739358,2622.476549739024,2980.2896360616523,2791.7984003134557,3590.737477171991,2747.613785936532,2189.742941184908,2154.5565758083653,3423.715779326883,3483.2075534884134,2554.967699137839,4013.046777265579,2837.4131352203267,2631.3013688564492,4132.4119918123515,2999.0971155767024,1886.9867901506077,957.7370904410564,3756.7039844050337,3532.749892100932,3735.6202414529585,1501.8066960805938,2927.222692964897,2269.039980390664,2739.89716647291,2008.2733815315357,382.72304352121813,3183.332341228942,1428.3798825445397,184.52212423457692,517.1717253057996,2251.1284209171286,3776.6559293113446,4868.273052279381,689.3077914385931,1476.225302275108,3195.0985212537057,2858.4645796400882,1413.1618211446546,1978.3606907615433,458.85450817998895],
        [1886.6782387389264,414.8546024758968,3520.49879266476,2156.9207617468423,2280.2848603362672,1997.0018037740017,2226.725823571159,1421.9394749782152,1113.561477308157,3808.9176526900424,3344.674889257383,3528.802743989418,1991.5478092938224,2224.1758510848335,0.0,3382.1765875450305,1089.3141290079286,1932.5265837205175,2906.550996748054,1152.7774057244746,1393.789398970113,466.42386363172125,2342.8953402048905,3555.170844490551,3172.6119069767387,2042.6528953576912,2085.5799469880894,695.7162480562258,3566.759021694414,2874.6075050511013,1235.0904279330427,1828.7429162692677,1176.092688540646,3070.435967766956,2024.224868782078,1425.6574590554342,2769.242046787277,2672.9225137836156,3048.147304407904,1529.2036305139147,1729.9170050585792,3023.0721512195933,1320.4385988356062,331.88425679062493,3339.402423298708,607.0752305070895,2342.615385451496,1471.7930189820393,2067.9569991772564,2272.543620775914,1920.373036847531,495.18719858185926,1837.635776925281,3374.0614829483357,2860.289607525743,1982.4257349876889,2407.0796378669684,659.4258589500375,2361.756950207147,2627.0164474562343,1886.6782387389264],
        [3827.2941680687745,3360.2713661076477,2069.325401808945,3826.175441315499,1574.0865620398545,3333.7565871621373,4736.367252761459,1974.4069300733563,2333.2030510568425,1651.7873117126712,676.6318785863423,1631.0694571227673,3954.8118856476576,4272.401866926892,3382.1765875450305,0.0,3054.3739235000326,1453.6507578056746,4478.149011921815,4531.887611143725,2911.439338786921,3093.0057408179955,1292.9567363007318,2681.12240260253,922.6070506524145,1550.3845274303874,2097.196791711587,2748.9267555697866,1757.3507541913752,824.616917082842,4609.085176248326,4089.742587198707,4466.801630668191,2236.1827177458513,4490.108267684495,2004.5286414686093,2866.128150430708,3815.936449089799,543.6316083436495,2484.0892941001994,4531.895214438168,3628.1608883580875,4607.145121174419,3708.82123500532,2434.5910058119616,2909.2382602059097,4045.9580096543204,2066.544805334411,2898.314588719667,4439.902130248821,4393.526238671282,3876.369887781042,2284.7742199980084,1305.030849425802,4471.038769562063,5028.804396113894,1094.1500209187025,3158.521816856677,3060.71779522682,2625.3311759982607,3827.2941680687745],
        [2893.1566886581395,713.8454396425498,3831.4254830825685,3132.331495256057,2471.2384244091563,2870.626803498301,3315.068704509767,1238.0412090050763,1409.8107960599712,3945.3537641651415,2806.569938219871,2727.1634952084287,3011.0757697934164,3271.5132016020525,1089.3141290079286,3054.3739235000326,0.0,1788.3094338214964,3914.2947094322117,1856.2261706340676,2177.534379986565,649.7707976382256,2390.211984092192,4040.198217098287,3155.2592411538667,2150.543444837621,2508.4915155110525,1243.7861596119967,3775.7636189721893,2805.3658523258323,1892.6743810150483,1136.5823875453696,1606.4486804284602,3491.226754731707,1496.0263263474228,1143.6897800194904,3416.913132536359,3581.7707459022145,2885.2983059616467,640.229898191694,1477.7536030944093,3840.1388273938173,1723.4415552818723,1222.6119906963731,3785.510974171187,1326.594193681866,3340.0293828976382,1005.3613484992126,2800.6053114843708,3336.984406601998,3003.2116343825674,1359.389905029918,951.2231649692947,2652.5126590944583,3872.110630681127,3024.088381771865,2341.53224960306,430.3849161656832,3114.862207379419,3217.6318348065315,2893.1566886581395],
        [2605.1690269423357,1947.1352604863173,2154.055951432762,2684.8739339102085,838.3772990363037,2225.3281726555374,3436.0309840439777,567.7274049442559,890.9278866642652,2172.2336731459914,1541.135660084407,2080.725709661521,2740.583470968483,3064.005387203297,1932.5265837205175,1453.6507578056746,1788.3094338214964,0.0,3435.7513636385697,3084.6577074381125,1638.014924272704,1678.0949011071798,641.0082470032879,2513.872116383944,1367.1698252863728,518.9328518390621,1175.269926054937,1297.5563657712526,2035.5832996902532,1020.5095031123801,3164.402978662183,2912.4104681271187,3045.192304093203,1944.6902264455412,3283.67437086682,645.1880259092857,2194.9324443450223,2856.30033211801,1137.5045369139125,1378.16090077194,3233.2083340145896,2860.40063846879,3188.007130401298,2261.4670600082677,2237.450188960199,1461.7767200270507,2919.4260078245857,809.4577585291448,1883.5635221925518,3211.155780747754,3083.8820815274435,2427.5837346090375,1350.482371056152,1808.3602021279908,3414.8475576299866,3620.8191905476847,553.3109905239969,1784.1970448266925,2146.657264793882,1942.4684316045896,2605.1690269423357],
        [1023.3398271348002,3319.3776252137673,3049.652839523009,796.9931387597038,2914.9043546675566,1211.0990221772659,1226.099400199366,3380.57392439874,2817.86843504936,3678.019180391827,4866.409500388971,5516.352180053731,915.2582127220212,743.2815460643724,2906.550996748054,4478.149011921815,3914.2947094322117,3435.7513636385697,0.0,3207.1305685166044,1872.8093732447817,3272.9050294458957,3218.9931018188004,2549.3766033115107,3695.0394966817003,3037.9899507473056,2393.312995361769,2730.499539756904,3350.6053898224304,3658.708322336294,3297.8962555239104,4719.807656380223,3579.360677513714,2544.3164155818286,4856.649758189573,3490.994891050437,1760.8035474435435,688.3250834263832,3940.3707728893046,4106.775301142467,4469.259294165578,1124.292097823987,3670.2739761491343,2983.2302813953634,2572.0420253056586,2606.288842371497,575.3193104859917,3695.483725491599,1591.141488859841,807.9669674384362,1238.9976696986482,2977.255153807676,4322.61792197065,5236.435083937034,55.50614665024097,2133.4433825395613,3454.5822902692958,3516.486854953104,1424.3846340922112,1937.3191703853647,1023.3398271348002],
        [2318.2621252692875,1236.7056101873109,4555.627969376942,2625.213739520255,3393.206732854416,2673.9287971060453,2152.7101934938205,2562.968129031679,2255.3139220676753,4903.414947186601,4462.571854768931,4547.333275915435,2366.9865715465794,2463.931035023793,1152.7774057244746,4531.887611143725,1856.2261706340676,3084.6577074381125,3207.1305685166044,0.0,2273.5496486048173,1479.2865908489073,3481.794880881015,4494.066607637786,4310.036070166312,3178.6354882933488,3128.3197190025876,1829.3080841840717,4641.690499541836,4021.027729274823,101.69977199318065,1913.6726806375302,434.8489605773718,4065.761940235106,1866.8670908738036,2552.884835467081,3624.276933633376,3216.576893875719,4199.911962996368,2459.525532448641,1400.2142382425593,3678.8634251652184,478.6718135028994,823.3092211060547,4310.264070409725,1703.4300141361637,2731.5517003543678,2562.3853466021246,2903.9056212075384,2422.8742410776,1987.997601284061,657.7101289389501,2781.6455520094983,4431.407814415365,3152.9081036081084,1466.0857509120242,3556.7216039287187,1513.988042242958,3147.6822594318974,3536.798428516617,2318.2621252692875],
        [968.1813800632839,1739.9261638368391,2315.1015964686567,1083.7223154239452,1397.9675681529848,707.616399272383,1827.1276089541677,1509.3592252004732,945.5378199734333,2746.2463755338263,3157.1710686184824,3698.9622535568496,1104.0968045787206,1426.9234357739358,1393.789398970113,2911.439338786921,2177.534379986565,1638.014924272704,1872.8093732447817,2273.5496486048173,0.0,1594.9574263044112,1628.1782774513704,2221.6889281780423,2351.133967623416,1361.997520807968,959.5801851327965,934.2225466738234,2451.798357043298,2169.994987592046,2374.355438538618,3162.735397343068,2469.1087409793836,1803.1977899547178,3401.077129985575,1618.3045365943717,1382.9904156413115,1421.6619758964378,2425.9666001270416,2262.085712495148,3123.7051378620204,1668.819318511657,2603.401832864886,1634.6950792890377,2038.2028307427938,869.1399701197206,1318.2233745111375,1823.5946104758068,674.1885816658936,1573.4006305524597,1482.2197550381306,1727.5161683199117,2458.2371289773178,3441.3753267931033,1842.637817977372,2196.345402109015,1818.0797938023968,1841.5396073727422,971.8618143762369,1267.360691074923,968.1813800632839],
        [2250.121093927576,269.10915552000705,3497.153167892144,2497.4102039599225,2180.656224892049,2265.843366611706,2674.4962984184076,1122.0724381114235,1006.5030215329008,3709.191442361489,2985.3249136724935,3098.9386510697773,2365.760738775965,2622.476549739024,466.42386363172125,3093.0057408179955,649.7707976382256,1678.0949011071798,3272.9050294458957,1479.2865908489073,1594.9574263044112,0.0,2180.8635292792023,3616.960161708808,2999.775929746471,1898.0654644113492,2094.406093833347,695.6994224935419,3496.8718296076754,2675.740415928956,1543.875567630387,1573.9119628997812,1373.8704203165146,3095.2154331710135,1845.545430579578,1090.6760405029236,2909.551892080133,2969.126986682259,2815.296015467288,1066.2748617012444,1654.3088292564216,3263.1293746864176,1514.789215284808,697.3134374487374,3379.713086067594,725.8393439241669,2700.1035561430876,1083.2355816279508,2248.88799867769,2687.2512417662024,2357.46553497978,862.8985251469559,1378.9636831902246,2962.8919198778885,3229.715612295661,2446.6229702522915,2199.5812536909825,248.9887853896504,2558.4506169947226,2734.4218081891313,2250.121093927576],
        [2534.3441214996938,2443.513699369857,1515.2416947878667,2539.909859454089,314.5978725208732,2049.524415190744,3447.438997840461,1152.379711793031,1229.397629649806,1555.4514633000783,1655.5437971397632,2414.3368562761234,2662.0710797801016,2980.2896360616523,2342.8953402048905,1292.9567363007318,2390.211984092192,641.0082470032879,3218.9931018188004,3481.794880881015,1628.1782774513704,2180.8635292792023,0.0,1911.883204820592,829.7215417356642,304.79552408486984,825.9722403178934,1652.9431641530948,1398.3555124906718,558.0505295212971,3570.112642057644,3524.146323727002,3505.530706971028,1350.2285203742215,3884.2108824003803,1254.9322617911896,1742.482034584831,2578.0074375637273,798.7271851617289,2017.2419001892397,3798.099538344318,2471.8944216323735,3650.2950104990064,2673.662393493154,1633.6952630432772,1783.485000313748,2763.3308378000884,1442.021399146494,1628.3884769375013,3147.085912416383,3107.3219431387715,2829.4049080916916,1987.1101990892544,2100.3090280110873,3207.7739857545544,3787.120600635365,245.7376070053624,2327.106760423687,1826.5684960169133,1485.8578538940412,2534.3441214996938],
        [2528.677810546465,3829.0156083448946,652.6255870748414,2314.446159682811,1676.1331310200007,1965.7775920017352,3424.5190431221276,2893.996402802022,2640.096729019382,1284.2306319631377,3292.975797009187,4192.952692606639,2588.5154935410637,2791.7984003134557,3555.170844490551,2681.12240260253,4040.198217098287,2513.872116383944,2549.3766033115107,4494.066607637786,2221.6889281780423,3616.960161708808,1911.883204820592,0.0,1759.0672867786423,2006.089928982763,1533.5086074156854,2930.2497402109716,1006.2064377106152,1960.380708671587,4595.131588171829,5153.542827749517,4682.597968614369,569.8221022590863,5458.420960760372,3019.706555955174,929.063761347271,1903.7631446225807,2188.1660520748533,3821.903557548592,5254.442571731439,1429.8045926448278,4819.449486278741,3832.6714769664745,278.1938235825205,2958.990249218204,2421.9642682287736,3240.9812343136837,1610.4330131626787,2972.2512850405997,3194.7018516393005,3939.7398358498285,3852.8500903969316,3860.63641964876,2572.699863974791,4140.127602552933,2117.3865811102132,3833.231637446124,1440.6262694285176,958.7580928363183,2528.677810546465],
        [3171.317274366019,3264.87533905339,1159.5365130774792,3115.6264245063135,960.6974779203885,2626.2447730981785,4117.696695489556,1928.2491809673402,2059.0889198112523,875.4327886805733,1546.7227211103068,2476.2538951899064,3288.0329092458805,3590.737477171991,3172.6119069767387,922.6070506524145,3155.2592411538667,1367.1698252863728,3695.0394966817003,4310.036070166312,2351.133967623416,2999.775929746471,829.7215417356642,1759.0672867786423,0.0,1131.4668521822405,1418.0793196384554,2481.9893970969797,877.1640412576177,359.0798040098657,4398.917860787883,4275.163498332391,4334.128445983598,1324.3605505953137,4649.985277852945,2012.3370859080017,2004.11734099277,3014.348143506698,456.8660675354031,2706.158048283266,4595.070362654053,2766.5673557052064,4478.828983354288,3503.3136361390843,1512.3579114206298,2609.1685619493014,3318.7641899977293,2164.917779878247,2167.769700475219,3768.273199821702,3793.201221901968,3658.616301918456,2606.440124046297,2141.9929997004992,3694.6453541074075,4544.317681636001,814.7685865948988,3133.0457873002433,2272.356115738228,1779.9258913546103,3171.317274366019],
        [2294.943133503605,2157.413365868953,1693.4181177515452,2326.253442390725,335.0425493867435,1843.8300426326625,3188.634646500139,925.7943963311022,929.4142251035242,1815.205301723933,1833.957127922829,2510.577040361368,2425.954571000226,2747.613785936532,2042.6528953576912,1550.3845274303874,2150.543444837621,518.9328518390621,3037.9899507473056,3178.6354882933488,1361.997520807968,1898.0654644113492,304.79552408486984,2006.089928982763,1131.4668521822405,0.0,685.4141215747256,1350.659383396766,1626.2415588559581,859.609272525411,3267.4542296800455,3287.1258235722735,3209.019337603288,1436.281954502742,3636.7195195256877,1041.805964390479,1687.989142604105,2422.4177833068907,1085.7940687747307,1833.7717809825642,3530.0038333555017,2377.0779769366327,3353.85570813483,2372.7578299937068,1731.7221433130946,1479.0793395624376,2555.2995221819638,1250.415120511774,1452.840841807433,2908.86194093351,2844.1766473697967,2527.299999606447,1846.9250450855695,2213.1920811329123,3022.5635971951474,3496.9498255555895,456.3056861129977,2056.1487409623733,1687.1941631683464,1433.1191622304068,2294.943133503605],
        [1758.7970760545188,2318.7984148479663,1436.3191127234932,1731.2805967971483,523.853097523978,1238.09952324518,2700.422860686839,1409.511846811198,1106.8687221929285,1798.4418757349367,2478.814922541241,3193.8453767992505,1879.512911578923,2189.742941184908,2085.5799469880894,2097.196791711587,2508.4915155110525,1175.269926054937,2393.312995361769,3128.3197190025876,959.5801851327965,2094.406093833347,825.9722403178934,1533.5086074156854,1418.0793196384554,685.4141215747256,0.0,1421.6645506237983,1518.3017746466328,1294.4871325773042,3225.637230033017,3620.1893612806084,3250.625635882305,1000.822164361775,3929.1742256721896,1539.091149149726,1025.0151890372151,1754.5352896003585,1570.6817498347245,2334.7477426081914,3743.5464066999143,1692.226611199354,3392.761439524954,2389.460957710138,1287.0178910858597,1478.5645611373586,1948.9768266706203,1768.4896037452704,803.8226281302484,2363.254674568843,2375.1940203888216,2518.1999463069474,2413.243780591011,2892.3989521739836,2382.684730239712,3152.077169380299,1064.5113924363259,2303.9775054435595,1008.2335380508241,778.7861746735158,1758.7970760545188],
        [1731.472497659345,899.4255846323858,2846.644999819187,1935.329790887585,1584.8916204269308,1633.0222973578377,2352.79161007843,871.8485200924895,427.0671352771466,3115.0624121860474,2790.4716829837917,3117.8857906005655,1860.6047566409475,2154.5565758083653,695.7162480562258,2748.9267555697866,1243.7861596119967,1297.5563657712526,2730.499539756904,1829.3080841840717,934.2225466738234,695.6994224935419,1652.9431641530948,2930.2497402109716,2481.9893970969797,1350.659383396766,1421.6645506237983,0.0,2877.9355043236915,2192.6083794344286,1917.1809413472379,2266.3398518473946,1870.4995525321358,2419.746329509796,2540.244368106092,926.5117455125925,2214.628893359629,2347.0292506062992,2379.96128952766,1381.44218174202,2325.484311327289,2597.275407409724,2015.110302453246,1023.2993814065009,2699.1231973185413,177.426138093353,2156.530118710318,1064.9446791660127,1565.1118686043687,2255.4318050637703,2006.308008648263,1176.6436884931056,1623.46534377315,2915.6380474067587,2692.9245229126523,2369.6161373225386,1732.3284146793098,930.7798665740961,1877.7769813914538,2039.026043987862,1731.472497659345],
        [3067.0505265189126,3745.8106207868796,353.784636805461,2929.346565880927,1318.3292582161694,2482.4819433757193,4018.9821075652762,2542.980106458764,2494.3081289514885,328.67991407256466,2410.844582833719,3349.834102498319,3160.254335543818,3423.715779326883,3566.759021694414,1757.3507541913752,3775.7636189721893,2035.5832996902532,3350.6053898224304,4641.690499541836,2451.798357043298,3496.8718296076754,1398.3555124906718,1006.2064377106152,877.1640412576177,1626.2415588559581,1518.3017746466328,2877.9355043236915,0.0,1180.635011380792,4737.9720859856525,4912.170063143548,4741.788001769586,807.5676542094543,5262.845756383286,2650.5811971856924,1590.8471442855366,2666.2035684810203,1334.0301078483221,3413.737988496894,5144.440519691171,2290.004416175307,4885.535487699927,3882.9850560681375,832.3433976609264,2964.150483421763,3092.4713757528716,2840.3426817646664,2033.9515040093509,3608.1196327899697,3733.5043332073997,4020.169400036073,3364.2456234067445,3015.8606016800372,3362.8935391140603,4599.405526192859,1515.3696721068204,3671.7603174767696,2012.7867653430587,1448.662815790249,3067.0505265189126],
        [3046.9410947972347,2942.917453817642,1416.281034096051,3025.018519931567,781.9026034503509,2531.738982774225,3976.0309274342694,1586.3072019224294,1765.8865708828964,1223.970821051947,1347.1369928419847,2232.685499069733,3170.4948607788547,3483.2075534884134,2874.6075050511013,824.616917082842,2805.3658523258323,1020.5095031123801,3658.708322336294,4021.027729274823,2169.994987592046,2675.740415928956,558.0505295212971,1960.380708671587,359.0798040098657,859.609272525411,1294.4871325773042,2192.6083794344286,1180.635011380792,0.0,4107.315193794173,3921.1308776101746,4024.507684064957,1461.971251144855,4298.44358455018,1664.74169227693,2046.920529577027,2992.9593867035233,282.0416519472304,2347.7554665464863,4253.458751048486,2807.087396078808,4168.7950192396365,3206.4171454077605,1694.9572884846996,2330.5714763165124,3240.0284128601397,1810.4914472173502,2087.2664251500173,3655.214942438687,3640.9266400512797,3365.6022743129242,2248.066181032807,1900.2585298416932,3652.9316277342705,4341.834521973097,476.32081423748656,2798.4915148406185,2238.3611846622684,1803.1704374233523,3046.9410947972347],
        [2415.9229015137826,1294.8858084603016,4654.06548831759,2722.9028333155575,3485.567192147721,2775.1235515543226,2230.5787519407495,2637.658891958928,2342.299928287721,4998.256189221099,4529.124313702756,4596.370942243088,2462.993859540558,2554.967699137839,1235.0904279330427,4609.085176248326,1892.6743810150483,3164.402978662183,3297.8962555239104,101.69977199318065,2374.355438538618,1543.875567630387,3570.112642057644,4595.131588171829,4398.917860787883,3267.4542296800455,3225.637230033017,1917.1809413472379,4737.9720859856525,4107.315193794173,0.0,1889.0228719168915,394.48401378978787,4165.463800978756,1821.593469182482,2624.0431780053946,3725.9257055898365,3314.9522373482464,4283.237415030729,2504.6631931256616,1348.850793951451,3779.0191728830737,410.0548554996605,903.8166157937345,4410.686761147556,1794.6700637091255,2826.7627943790385,2626.8039314027433,3005.516587590281,2510.4050256941764,2074.7311389409897,741.7381091767666,2826.277734125078,4486.532052294221,3243.509900370241,1519.1107329027334,3641.5286849567137,1565.0258658145215,3249.355234446522,3638.0078210926295,2415.9229015137826],
        [3707.550231792876,1433.4650441177262,4965.747666578597,3983.9981648038283,3607.1265883816527,3812.3935982969056,3893.4927144590515,2371.9115826897146,2513.446681578749,5078.118871510752,3741.518287521006,3431.310964741054,3805.67788737832,4013.046777265579,1828.7429162692677,4089.742587198707,1136.5823875453696,2912.4104681271187,4719.807656380223,1913.6726806375302,3162.735397343068,1573.9119628997812,3524.146323727002,5153.542827749517,4275.163498332391,3287.1258235722735,3620.1893612806084,2266.3398518473946,4912.170063143548,3921.1308776101746,1889.0228719168915,0.0,1495.8908990164593,4612.6004699428295,408.70340235822766,2271.973824358933,4480.57142827867,4499.253801506201,3979.7088023854144,1607.969568207471,698.5893645570844,4825.910975360481,1526.6837540598096,1744.9789747678792,4904.546993045151,2295.543120183571,4163.652596115286,2110.641191816346,3822.1374851881837,4035.3161022205804,3639.492036109763,1784.5138398785969,1821.1515661188052,3449.986107389705,4671.610163096052,3354.1713251613523,3465.0637531644816,1335.9152882627786,4130.52275229192,4298.268473612076,3707.550231792876],
        [2649.4831466174433,1106.7666526183148,4686.935145704504,2954.1965430858518,3455.3285137035164,2947.8779570294773,2566.9228186318264,2495.1605617414725,2280.6256979868804,4984.9533990643,4333.740850883412,4332.387913482493,2711.7883829206467,2837.4131352203267,1176.092688540646,4466.801630668191,1606.4486804284602,3045.192304093203,3579.360677513714,434.8489605773718,2469.1087409793836,1373.8704203165146,3505.530706971028,4682.597968614369,4334.128445983598,3209.019337603288,3250.625635882305,1870.4995525321358,4741.788001769586,4024.507684064957,394.48401378978787,1495.8908990164593,0.0,4221.708136214838,1432.3158252525686,2463.315775690268,3846.7305767277217,3535.567391201369,4179.328702104126,2238.554524076697,965.9417665468487,3971.4572447312503,144.85011501533268,861.1826193872083,4481.112299579057,1778.0689461339416,3080.165100089265,2434.0581653859385,3127.070692758513,2810.8364955268353,2380.5150214062614,742.8789743078444,2555.7470074912444,4244.438379841172,3526.0493824973905,1900.934598335094,3551.066238562908,1336.7102389287875,3392.390431600733,3734.777471377646,2649.4831466174433],
        [2295.727622792166,3318.3086496026667,545.4802407712835,2137.2963057659376,1106.5973601300923,1710.2346189732061,3238.3781861121074,2328.840500315906,2102.976372431695,1136.0319501110373,2808.8411217164885,3680.6591896581294,2380.3423062607435,2631.3013688564492,3070.435967766956,2236.1827177458513,3491.226754731707,1944.6902264455412,2544.3164155818286,4065.761940235106,1803.1977899547178,3095.2154331710135,1350.2285203742215,569.8221022590863,1324.3605505953137,1436.281954502742,1000.822164361775,2419.746329509796,807.5676542094543,1461.971251144855,4165.463800978756,4612.6004699428295,4221.708136214838,0.0,4927.7179247431,2453.661654734118,783.7041853228119,1858.9830541200013,1713.8248137995763,3255.3224089366336,4743.720475208382,1503.3045614782757,4361.7209333177525,3363.2437393666755,297.52708612141066,2465.914341982144,2291.60371142299,2673.5387457312286,1282.892412033838,2815.8037697725863,2967.408301930169,3481.8756558240475,3283.101572460658,3351.538635982787,2555.901334430706,3866.6197468411274,1564.4655766294131,3303.216627724606,1218.257464833892,653.7538589714787,2295.727622792166],
        [3861.9282598120476,1662.4380613388614,5301.187794480744,4149.885878526041,3950.1848197772133,4021.035112272776,3950.9261497125635,2733.0933306185048,2824.928792402806,5439.66234170918,4149.474349792959,3833.5130292884246,3950.18814388349,4132.4119918123515,2024.224868782078,4490.108267684495,1496.0263263474228,3283.67437086682,4856.649758189573,1866.8670908738036,3401.077129985575,1845.545430579578,3884.2108824003803,5458.420960760372,4649.985277852945,3636.7195195256877,3929.1742256721896,2540.244368106092,5262.845756383286,4298.44358455018,1821.593469182482,408.70340235822766,1432.3158252525686,4927.7179247431,0.0,2639.5681681949204,4748.973846215005,4688.832912590935,4366.618245282113,2006.1925782479263,482.2144421086572,5046.870375345677,1423.775957782116,1878.116657968042,5216.184673691637,2546.493709667102,4314.9893502773375,2490.119896317661,4070.5370676825787,4136.928800767405,3724.3025384103476,1881.291634902514,2227.738785072803,3857.149173567263,4806.383853355889,3332.4993967614355,3836.9843438134785,1625.385191585477,4372.934460468862,4579.195716368913,3861.9282598120476],
