{
    "drone_dist": [
        [0.0,3754.3129826622576,5532.818291920607,3267.515009799031,2452.3189523666115,1734.2960130499362,892.8676482347904,612.8486550298436,893.1126389416986,3769.013957850318,4394.473893421136,4241.688425282787,5004.417089158884,4673.527016626475,4119.834377338719,2194.7936288377286,2642.549228374907,1998.9090197848159,2083.474963391858,4674.704657082018,3934.3116925889067,3638.7942335394287,3721.405996331335,3734.1297634503876,3011.2884617548857,1248.9843357320271,1531.8330913504108,4278.980461417953,2756.259006062865,2916.954550111799,604.141040180401,2759.680317440818,5088.989865917035,4337.307459533253,4928.202153261638,3289.7984984748236,2954.836172347504,4744.293928824343,1110.8120178098698,3544.2112577448374,357.67756553118994,2513.873054405301,3175.6682429565453,3269.3146759149786,4670.62273247141,3292.816844326246,3532.258369995104,3701.3766276714696,2781.648860617366,5765.69100853992,2131.4217380580435,946.5116844600815,1309.9131008245506,3026.945352208713,2111.062169269116,2233.0364479155537,4819.897597769047,4428.974235801661,4766.89309429831,4204.537024764809,4412.388978989897,4054.7612061801497,4052.2244912967776,3934.2312411233793,4082.523307344576,2995.08380760197,188.0280137421184,2716.82050295497,2214.066956804264,489.686738619953,0.0],
        [3754.3129826622576,0.0,2583.764250496751,861.8916095008645,2204.240413993565,2336.271381972966,3048.321364876018,3530.6430010564795,3413.1010968573833,598.8677239922987,1392.2690762725376,1466.1144112557786,2097.5472801516,1405.6120640240886,1990.5084198767474,2731.969028961095,1124.5115819340429,2566.2881976848603,2497.237414554749,1609.3580310098207,194.68384304649715,2624.7993702518884,1164.064333722628,3242.3534414344695,2312.158312856993,3212.7042716907767,2232.0149988664953,1736.204080079333,3395.7791734063035,1150.0252129868059,3176.950740471418,1013.2204430358596,1341.4909010889855,804.2725036329746,1501.5817826144087,1598.4868801425673,3346.424314796354,3422.3393243223045,2823.1448852358344,2356.626242602197,3503.832157307643,1302.3104213574409,1237.2444879116485,2049.460298126124,1631.8705766350565,1284.2794926234508,3539.7335293444985,2795.9769684758407,1625.2458634000932,2140.448292823723,1623.4295571807997,2888.9071133479997,3208.6174436761785,2223.314529129201,3498.3816020565514,3263.2094154062347,1451.543052857784,1699.4752419213764,3116.4829776244474,1580.040705888549,1189.761870068924,1809.3764711652548,324.0778264387407,850.6800969433979,379.6412039230271,877.0135719572107,3839.7864039542346,2336.0106000707297,2149.454261074256,3521.982942119896,3754.3129826622576],
        [5532.818291920607,2583.764250496751,0.0,2435.505804953606,3151.4188160360673,3801.6731274976028,5103.018521834276,5081.945532119193,4853.142891496291,3127.930775141342,3654.762992318377,1330.0306145791392,542.2188532434091,1181.485506212342,1474.923173901838,3599.095914098948,3199.0689042561285,3656.459602887289,3561.7599399846245,3733.649466119205,2430.1598132675254,2349.430383001377,1869.1211781603056,2816.265431471283,4888.762167569776,4516.820153893515,4112.511123505731,4119.484672408356,3715.9130113703004,2708.885644011085,4935.309338876633,3325.6639337236793,2383.9484135754255,1804.4025445806797,3302.806993315533,2245.4612529073856,3528.3850715048684,2103.6542334594656,4426.01373745823,4931.5281718072665,5404.857199636442,3622.259900339857,2391.3160778058273,4633.096334361255,3767.345637588696,3868.043137944402,3286.3371240330202,2429.218344794917,4165.0453402700205,1464.407605996975,3664.1334566985606,4902.872719031886,4478.501896963056,4800.987441645848,4234.21036666555,3953.051237054189,3356.884684062189,1113.3249160017713,1703.829589725782,1336.4739227497262,1399.8504964863666,4279.300616366215,2327.1135730966694,1844.2140621795793,2618.800985099662,2785.6857927648475,5542.684189301507,2981.7083862791055,3341.747849709903,5137.280100180752,5532.818291920607],
        [3267.515009799031,861.8916095008645,2435.505804953606,0.0,1370.0499061739067,1653.4193634437927,2710.8642086216782,2935.11974941685,2770.8732758662986,1361.7359217531407,2215.9776393926054,1113.2134499117274,1894.9711115897603,1420.1342229085842,1387.073780680906,1910.7640019655157,764.2064716088016,1780.7228813105087,1702.006432822358,2452.823194994409,937.6570825347565,1817.3466893141315,592.2373306706174,2415.256752446947,2646.801965609504,2516.779679739846,1755.4392485895487,2493.3712816356538,2538.2531608088784,367.1525666285191,2665.227565221784,938.1590710466705,2055.866216398638,1098.2687942176165,2361.603266890858,770.0039503349651,2484.796249543895,2736.3161216225253,2224.3528545125846,2846.2711001581374,3077.5511152411714,1211.7831554266409,380.31956583898375,2484.4306946345114,2472.793507071026,1768.863884384098,2688.504738074501,1987.700100664586,1872.2492785500492,2506.1128477656475,1240.0879903874882,2520.2463049902867,2501.8536177319525,2568.0438462344555,2682.491837437567,2434.534293844352,2313.4328205756096,1350.6536462362237,2487.0170205077065,1150.0232981824515,1155.2633833447887,2502.596733343783,1000.355406492142,668.429401585618,1228.0004781285318,354.27659416182837,3318.372633021573,1477.3170052406556,1362.4698762097628,2953.106631729825,3267.515009799031],
        [2452.3189523666115,2204.240413993565,3151.4188160360673,1370.0499061739067,0.0,766.9281323868768,2265.2043826518493,1946.416737102941,1705.360129219661,2597.5150007420207,3454.8189822853924,1957.4160511335358,2649.788766441352,2499.7385737263944,1693.0061823527572,546.0083231132769,1374.43313028884,506.9755273821097,412.2729781130651,3717.4794118881377,2303.4156961882054,1248.6454462780964,1527.494837747014,1569.919409051447,3246.4795433370296,1365.5375114573903,1341.46003799143,3629.900903777382,1230.3984474081126,1055.2866758864966,1888.6161473267848,1701.5042527278106,3417.9126553657366,2396.0228270671,3699.7583474016747,947.51463412681,1239.9161449685112,2393.2266799746058,1352.591907938961,3618.662581059597,2401.389475959477,1759.9528493140658,1056.5759617097694,3234.8681559854854,3732.1099054224114,2701.52002785513,1630.1752636898852,1354.1003211668537,2527.2573989061534,3693.3447620638244,1346.6023090899203,2058.5754566753026,1328.442426248826,3193.1153121372467,1316.3014153598963,1064.484588743625,3638.8866760579535,2093.9115198345303,2348.6902797582984,1878.61252575892,2271.4896445635973,3559.299346672518,2370.390614140513,1886.620117799599,2581.482862488515,1359.0808027135831,2432.2403317565827,324.37791270901147,287.21357403307934,2015.8862820557388,2452.3189523666115],
        [1734.2960130499362,2336.271381972966,3801.6731274976028,1653.4193634437927,766.9281323868768,0.0,1501.3827713469739,1303.3131925585872,1118.8895780914124,2568.988134705189,3372.4466251334834,2526.994808952518,3277.1969044574003,2998.97331647445,2387.77444488301,802.7962466930991,1259.5814040781456,507.71933082629585,533.0378965994367,3652.434156296586,2483.5837514080436,2013.6856480011718,2024.005179513788,2277.317381211682,2755.8888080589963,877.1857225303762,645.3223090911813,3444.0602837907195,1636.8235147097105,1286.2943775767008,1146.7127346798184,1528.594167497293,3656.920992758829,2751.653556840966,3745.3346774815077,1556.6874361547275,1740.1914398649506,3156.6238532335697,624.5284816702624,3194.5549380770685,1647.62185092272,1448.4958758238622,1481.5155249651825,2821.3826348535777,3660.2170082397543,2438.8537780480024,2243.052117117507,2111.9206747109674,2126.6425092674926,4145.484842653965,944.286686431317,1296.1725734132565,872.5035988044631,2718.1731790910444,1360.1212080139762,1230.4287949108382,3662.431797156515,2703.610357781607,3114.5538917364925,2479.804947556922,2746.1050099095924,3315.194618876511,2580.844964426725,2292.412913460139,2708.542249526056,1469.9455825289035,1741.7597402412887,1076.9695419650384,494.8694313563655,1342.782714982785,1734.2960130499362],
        [892.8676482347904,3048.321364876018,5103.018521834276,2710.8642086216782,2265.2043826518493,1501.3827713469739,0.0,1147.2238278143795,1310.779929090906,2977.418322234418,3543.9420751950893,3776.698584108843,4562.183251095172,4128.961905805847,3786.163734660782,2211.397358773762,1995.8542339130363,1941.1231991405043,1998.8229785348858,3820.3759958345963,3237.8037138545383,3513.748067274189,3238.507065894752,3757.847031808301,2122.588894059891,1518.6965918786389,998.2319900488941,3401.635696501749,2955.25157547473,2399.128676873272,674.7928707396973,2035.1052101606847,4353.587409452661,3712.731892401381,4106.180474822984,2924.0140300880244,3112.7912489113187,4657.632921905632,1040.5762995600926,2654.5165569546375,544.5583631190608,1755.1045757056952,2712.567534800524,2376.46813335815,3814.1987016873945,2434.7032760370103,3664.276020550705,3613.2335189961755,1909.0969246073382,5141.488690492993,1480.635925792541,208.4970132855239,1575.5492557493528,2135.7635744913005,2429.2186822900026,2450.2225991420905,3992.8974972807137,3990.362459708714,4603.554777877467,3768.8894346242723,3863.599883070862,3170.2245947661113,3362.575981469239,3372.73295559878,3344.6636056815987,2392.242916988735,1058.6536834461738,2578.3422513691453,1983.6813042421027,1030.9128354876016,892.8676482347904],
        [612.8486550298436,3530.6430010564795,5081.945532119193,2935.11974941685,1946.416737102941,1303.3131925585872,1147.2238278143795,0.0,283.09287889755495,3640.5172771656275,4348.257257605098,3826.3880639355484,4565.569578694636,4301.582071914696,3637.3751460414715,1623.7956815791451,2406.90479409848,1461.7350698102655,1552.3692645345404,4632.57990941452,3697.2794223832702,3082.0909640922755,3327.282497588009,3139.6071464621273,3197.1374508746253,650.2365019756112,1327.3785885082734,4301.414370562544,2144.940866040416,2570.89153846467,499.51837642352984,2588.996028482073,4871.378433122759,4029.621531121234,4823.866221599362,2840.0885704990897,2345.908135457896,4167.631094739232,713.571688112479,3717.3040081886975,798.1653939565608,2391.883456580992,2784.5851624638985,3400.8097502810115,4633.085578005563,3283.598205010183,2923.6557405272006,3133.0548048138326,2821.222714727923,5438.746943489562,1935.3608114960532,1081.297012611823,708.9620977273391,3195.7773147314915,1498.9468933468,1622.6345659261542,4725.018570765635,3995.5670337410015,4211.46510003476,3773.007952424028,4047.408110997121,4107.20614021302,3806.1728818796805,3587.248611795025,3883.8537022705623,2707.1422975341725,517.4724663556701,2182.092948354,1740.2863492318163,135.203557724364,612.8486550298436],
        [893.1126389416986,3413.1010968573833,4853.142891496291,2770.8732758662986,1705.360129219661,1118.8895780914124,1310.779929090906,283.09287889755495,0.0,3566.9679699935296,4307.618258996656,3616.9255453793216,4343.118974611747,4110.028595027291,3398.2802070826365,1352.5402541411677,2297.776819586061,1209.3815477857033,1302.2379306226057,4592.068276233424,3572.061752611055,2812.9083405898805,3130.2260386438966,2857.9713121603672,3273.2847996388296,371.23875597478434,1272.8354680746663,4292.885387675512,1863.1927362510862,2404.014832655581,635.9983536144241,2508.5051931668686,4748.377526242983,3869.038442134513,4753.483642838753,2619.6905581483124,2063.1258187865983,3890.4940522634897,606.1070223385881,3782.487320371459,1042.6419061477684,2338.8054609799765,2593.084867414427,3450.121030691961,4594.6955851764515,3269.5753334001706,2640.832564129484,2859.4386363081685,2836.122932362518,5263.814426881612,1857.4941088516427,1205.7691190777607,428.1363275863567,3264.2828269135325,1224.9372963998462,1340.2903760582542,4659.542414060749,3777.2287567669673,3941.47260020204,3556.3454756400743,3860.130288266936,4113.932599347172,3675.900201870042,3410.8364762729943,3775.317912722199,2567.343165844785,799.2973823506347,1925.051482034031,1519.0539218704594,404.66718516241326,893.1126389416986],
        [3769.013957850318,598.8677239922987,3127.930775141342,1361.7359217531407,2597.5150007420207,2568.988134705189,2977.418322234418,3640.5172771656275,3566.9679699935296,0.0,863.0454133837135,2062.673249706727,2664.0694647035634,1947.4542598370826,2585.620322826053,3092.414906859718,1311.033727809728,2886.6797527881363,2830.8870115436453,1119.994667198773,706.5373914544882,3172.800585278563,1751.6177275759542,3776.6989783624704,1842.8632298361574,3421.6388252298684,2313.139276199473,1147.206899471295,3821.383240141414,1563.7952791627395,3230.736427550946,1058.8786177895397,1434.6640432136394,1323.5629259141076,1186.5494132108124,2129.26201211112,3797.5064070189264,4012.6014765954787,2961.5668476422466,1807.6430304002745,3479.90763301051,1258.5612656684102,1740.2076472284502,1536.6847226178713,1135.127819890426,801.3805508499211,4043.2066381822438,3343.82723840725,1268.0806107463163,2479.895005224248,1710.1450989284992,2848.399242500816,3428.0331111686733,1752.4625111332884,3836.745389017722,3625.123712182457,1095.8415791828288,2293.1899906116105,3712.762770130009,2178.618540716578,1756.2821975193815,1210.586043409909,801.0570313682063,1449.1384270161927,535.030024255774,1242.5218802333889,3879.647684632361,2778.5258844007567,2487.330983808914,3609.7616855412534,3769.013957850318],
        [4394.473893421136,1392.2690762725376,3654.762992318377,2215.9776393926054,3454.8189822853924,3372.4466251334834,3543.9420751950893,4348.257257605098,4307.618258996656,863.0454133837135,0.0,2777.0621076851216,3258.877309205788,2520.8604446470295,3357.9491417316162,3939.954730593701,2133.4044417808645,3722.751890473042,3671.874882903199,284.53347513842806,1421.4626004658476,4013.7956330014563,2550.580631341938,4625.824431100698,1894.3130364603057,4199.309379891593,3035.3889823488016,491.9746141572609,4681.385479221648,2426.625546407922,3903.106593985361,1843.9345564150162,1469.3831843182209,1919.0635054182746,671.1380680792294,2977.617411547175,4660.150979758407,4796.724021260676,3703.1945239662796,1614.5303355815208,4076.185051892434,1969.6286049141356,2596.028021359165,1520.7350311832229,288.33114842360334,1110.5935511566472,4902.712453154994,4185.04941647884,1650.3396202631086,2686.489299676992,2464.643476241503,3449.920320762166,4211.661040967456,1813.9015879832102,4673.457549709961,4470.762031035873,543.0354921816195,2986.197129251101,4473.072144217373,2910.117248027816,2390.3324628609325,739.68074451754,1461.3715337805627,2196.0448226452613,1128.8315232704376,2104.15248249008,4525.438743387141,3641.213990539865,3332.330282482123,4300.980319232003,4394.473893421136],
        [4241.688425282787,1466.1144112557786,1330.0306145791392,1113.2134499117274,1957.4160511335358,2526.994808952518,3776.698584108843,3826.3880639355484,3616.9255453793216,2062.673249706727,2777.0621076851216,0.0,787.8167369870183,600.3542799519975,656.7906656280826,2465.8573243614774,1877.057445414642,2460.3169455686084,2366.6571750159383,2937.811389194054,1372.634072100914,1591.0082751508153,539.2501749429944,2210.2239352590877,3675.082956121566,3303.585893999085,2790.6583572145055,3177.1869013672444,2801.221196293163,1379.524114663868,3639.479273447894,2029.9506943622798,1945.265624853576,907.7561983836612,2645.6523658694605,1010.057013952679,2662.5599081103915,2059.2628062045383,3145.9661854070278,3793.9371022457885,4094.7429289523684,2317.3963570724163,1071.7670142114555,3461.0784780732683,2966.858912936306,2702.710728424818,2623.1688210455245,1739.7030743663277,2920.089159533387,1791.5874097713565,2334.3872052458837,3578.0979040912543,3272.685285932453,3590.876482121107,3184.07575543367,2904.340706867477,2651.812634406644,245.5395438930976,1707.7723006547922,153.59057155096005,481.5114108822733,3272.1315493337315,1316.5100849242774,618.5987657174082,1648.9236014336025,1466.7172094848586,4264.837248638879,1868.4269029327484,2099.373629713033,3869.775223881342,4241.688425282787],
        [5004.417089158884,2097.5472801516,542.2188532434091,1894.9711115897603,2649.788766441352,3277.1969044574003,4562.183251095172,4565.569578694636,4343.118974611747,2664.0694647035634,3258.877309205788,787.8167369870183,0.0,738.0391029771885,1019.6050938137427,3119.282417408519,2658.9767700256853,3156.652650061573,3061.882140065132,3367.36070044846,1958.3611368906627,1969.7143355061078,1326.9538692753792,2504.0023631828008,4385.134445060255,4013.996040756973,3573.084401471327,3705.5278415488074,3310.4270190785132,2166.8946780119018,4404.962661132731,2793.172339765013,2115.387427358251,1354.3225841268184,2979.7227469047475,1725.4838054500174,3137.72386699146,1982.4000828769251,3900.6022624697844,4454.016797300401,4869.755038701116,3087.388023865111,1851.7574033271442,4142.980343968997,3399.807847941937,3377.493449883101,2963.7995353612346,2075.599384871293,3649.6738504573837,1465.083039009493,3121.970110209954,4362.566084062085,3978.0986971450716,4298.398445740008,3785.965882842698,3503.5853275607037,3017.532455174393,576.1766314182927,1577.0139103375093,800.623611616131,909.0391754674453,3843.9558206934917,1866.3332130019223,1319.8418429080823,2176.8263135694156,2246.198995192713,5018.949390287894,2503.3446395517813,2826.2448327189727,4616.831265465056,5004.417089158884],
        [4673.527016626475,1405.6120640240886,1181.485506212342,1420.1342229085842,2499.7385737263944,2998.97331647445,4128.961905805847,4301.582071914696,4110.028595027291,1947.4542598370826,2520.8604446470295,600.3542799519975,738.0391029771885,0.0,1219.452003620197,3025.05359534908,2149.8499761689445,2992.644559433029,2900.990864465418,2632.833025807853,1248.741397908262,2183.9194685729663,982.3802412384534,2794.8823879577653,3716.1008602437987,3815.5606249968946,3173.835201899205,2968.7599580369006,3397.9993034882236,1757.5384217898904,4069.519531455022,2220.0570450313858,1448.2321029509417,625.2099621668981,2261.7381267434976,1560.362248279323,3262.185136001482,2524.8830542609094,3602.747199481468,3750.0452689811736,4495.069311869978,2524.5078928038383,1517.7004529843475,3453.4946803396538,2664.966503421159,2689.2013669066805,3216.96182503384,2327.654728614307,3007.2128690318573,1202.668748000616,2651.8388666449355,3939.861864088742,3789.494968869235,3627.6506665598577,3759.71953647808,3482.2841082307145,2292.266949284364,641.0693544996965,2140.737981656291,739.2433251089429,265.3851193452814,3112.6018216660555,1146.398425401026,756.8436299031856,1446.0158670033352,1740.8435336093441,4713.601672778766,2442.354069761003,2609.0351697077117,4333.035187328685,4673.527016626475],
        [4119.834377338719,1990.5084198767474,1474.923173901838,1387.073780680906,1693.0061823527572,2387.77444488301,3786.163734660782,3637.3751460414715,3398.2802070826365,2585.620322826053,3357.9491417316162,656.7906656280826,1019.6050938137427,1219.452003620197,0.0,2124.5173506216242,2083.824659431977,2192.989159247458,2098.772699138095,3539.3553450645686,1936.5682968675374,984.9961747762792,843.7132529222289,1578.5424294230193,4033.7287394525297,3053.7856314856613,2788.9936926842106,3726.5339739485894,2294.78619689363,1509.9001545802953,3534.0672481084234,2314.623543564485,2602.027264782429,1551.30815552747,3279.6811737920802,862.8956369023058,2128.7832776371024,1439.3081699156762,3009.1438429320765,4221.028565030199,4025.992493229336,2565.140818100631,1156.161030840281,3865.70707866754,3566.7130645550997,3132.7979972863313,2012.4092705967125,1116.6442770720325,3258.27159790865,2347.966169890447,2450.296854663023,3579.441435348576,3013.161970013896,3955.1172193588955,2769.6459637534317,2487.485122638084,3277.7807908184222,590.6998527531156,1127.8703434801764,503.2002911056078,1138.0017423192915,3790.4778026388253,1904.2996822175458,1162.5627381115648,2233.6932544477954,1717.8812555562542,4114.145057883817,1507.325586627183,1907.0620330568916,3701.6109045971702,4119.834377338719],
        [2194.7936288377286,2731.969028961095,3599.095914098948,1910.7640019655157,546.0083231132769,802.7962466930991,2211.397358773762,1623.7956815791451,1352.5402541411677,3092.414906859718,3939.954730593701,2465.8573243614774,3119.282417408519,3025.05359534908,2124.5173506216242,0.0,1818.3825406339759,295.0887345942612,292.1482969116361,4209.0659494978,2839.224450983182,1460.532094811384,2062.651319359569,1562.060047885628,3536.033610444271,983.5027707076191,1447.2236556085147,4080.4066054626755,840.1694603435392,1582.6802769844116,1700.6415438477995,2134.3712490084267,3962.3776956301554,2941.4309216178076,4218.9536692960555,1464.8106119711654,938.1219334358028,2549.5650783982387,1188.024845146575,3953.0448107752673,2221.0631464564112,2134.825767870659,1602.5465748147255,3573.753992261052,4221.751252532603,3113.5563781471565,1459.3094125855048,1509.717845455832,2868.300933265109,4223.815762155166,1661.872093415122,2018.5045121931603,931.9430446126084,3493.1136046004026,771.8343256060849,533.5875290036137,4153.062078317088,2581.6223953882914,2588.940182073306,2374.3603641696614,2804.0271156694666,3985.7694573389635,2910.161631493396,2430.5174259339055,3110.9136257649534,1870.1168888586421,2137.067612249735,617.4479605335041,608.4347828572285,1719.5962123570575,2194.7936288377286],
        [2642.549228374907,1124.5115819340429,3199.0689042561285,764.2064716088016,1374.43313028884,1259.5814040781456,1995.8542339130363,2406.90479409848,2297.776819586061,1311.033727809728,2133.4044417808645,1877.057445414642,2658.9767700256853,2149.8499761689445,2083.824659431977,1818.3825406339759,0.0,1590.2764822444599,1542.7265477677065,2408.769033409468,1296.4906290535437,2273.670476789088,1348.9787664406474,2789.838347401748,2013.309393325001,2122.1403113301676,1112.6218478638634,2263.897690012926,2599.7276087302735,582.0793994225072,2057.2939211759117,328.3187668834959,2465.97877204352,1718.3254375707024,2485.9329571422522,1300.9249817502748,2613.2393948496265,3321.96875586591,1701.9984437126202,2307.353326130677,2411.0325137253417,487.79829825642935,931.4821499198061,1925.8997373191694,2418.9018499010135,1330.6610394856773,2956.6401559146952,2431.6870401923147,1242.1597503232542,3149.3364302716445,519.3688331814104,1817.5672195669115,2124.8893657235085,1944.4466271088809,2540.5222484496844,2344.324627035317,2403.0046898816827,2112.8392325581367,3126.2144776117734,1907.452442130624,1885.2899241249102,2184.9402839170543,1411.3336026479528,1394.4762964183353,1478.6632315002528,414.3329476003604,2720.6317695787834,1621.3153863520758,1210.5528898262778,2397.5196274262644,2642.549228374907],
        [1998.9090197848159,2566.2881976848603,3656.459602887289,1780.7228813105087,506.9755273821097,507.71933082629585,1941.1231991405043,1461.7350698102655,1209.3815477857033,2886.6797527881363,3722.751890473042,2460.3169455686084,3156.652650061573,2992.644559433029,2192.989159247458,295.0887345942612,1590.2764822444599,0.0,94.7884567799367,3996.223357027303,2688.0260514632046,1641.6051373662508,2013.7211266669601,1817.4681706324739,3248.471965278344,860.9630096698986,1152.245273512483,3840.509590582823,1131.718294238939,1431.0449457513735,1469.17593414431,1896.0602865131523,3835.3459471399606,2848.961083718347,4034.441551010631,1450.5080950425056,1232.920489309003,2762.513745145038,940.0736864330972,3672.7261676818953,1990.5558106192502,1872.8323884831505,1512.3904107068088,3295.1477723983367,4007.2797788318926,2858.965803808772,1745.8474812540421,1713.4728032110236,2592.2257215255945,4179.384245965127,1388.142260943047,1744.0000254133429,822.1294048050012,3207.20598974033,950.8394727981415,764.9133253958743,3962.5237106244936,2600.536267338063,2768.332967560334,2384.5082203143056,2757.915137330694,3734.3507608335076,2768.56803553521,2351.06003099044,2945.80348721553,1691.785690568689,1961.3022693225278,721.2450381301405,419.4027206503769,1541.935626430151,1998.9090197848159],
        [2083.474963391858,2497.237414554749,3561.7599399846245,1702.006432822358,412.2729781130651,533.0378965994367,1998.8229785348858,1552.3692645345404,1302.2379306226057,2830.8870115436453,3671.874882903199,2366.6571750159383,3061.882140065132,2900.990864465418,2098.772699138095,292.1482969116361,1542.7265477677065,94.7884567799367,0.0,3943.658704733587,2615.2532208924795,1561.1206670745478,1923.0073203971779,1759.7884605522113,3245.7165402481305,955.4481505229998,1176.8733581200381,3800.157685993976,1130.0738371825516,1356.5586064516324,1545.7546450039931,1853.9708206605385,3757.672917470059,2764.458655955958,3971.795809861065,1356.706301066448,1214.6953034984288,2687.739045262482,1012.9810078928406,3660.948981548299,2066.3221439279564,1845.1591593914798,1426.018005942939,3281.6064415467727,3955.372516376505,2826.70041543098,1710.0190250915778,1638.055955249676,2576.2065983699013,4089.1866301444124,1369.8263400367875,1799.0942225717147,916.8877683955252,3202.1071612361925,1007.1185024764022,802.0521409940277,3901.817252246799,2506.0010730590525,2685.712469369616,2290.177317447376,2667.4188134672813,3700.357589044587,2693.539415182117,2264.2604023822623,2876.877996357106,1625.337618962854,2049.419420206107,633.6868771087659,348.05331312640095,1630.373867143536,2083.474963391858],
        [4674.704657082018,1609.3580310098207,3733.649466119205,2452.823194994409,3717.4794118881377,3652.434156296586,3820.3759958345963,4632.57990941452,4592.068276233424,1119.994667198773,284.53347513842806,2937.811389194054,3367.36070044846,2632.833025807853,3539.3553450645686,4209.0659494978,2408.769033409468,3996.223357027303,3943.658704733587,0.0,1613.0997384118664,4233.432452913539,2751.02745986377,4851.6404790944525,2107.92601671354,4482.274986392133,3319.896430352656,595.2495705607689,4940.951163666799,2680.747493519605,4186.450245692254,2123.900239877158,1448.5706571232333,2054.075199991912,535.5993918245116,3206.1493474851063,4913.9506823711645,4978.170044816086,3987.553828132795,1777.7284537086953,4354.407150864132,2253.896615828683,2833.023455842985,1732.440893996836,34.94846525401006,1385.673131119139,5141.208214426785,4404.517468940062,1920.1935854949431,2670.6403362276988,2747.998209801736,3729.4545497629347,4494.1802463528165,2031.7827791544407,4947.0618808490535,4740.898090950176,425.2305314458305,3135.898826920648,4643.161901221543,3076.549288064548,2526.459577477182,884.2032060836902,1635.092987018537,2377.937804882918,1307.7894494727811,2361.784851423658,4806.98945637993,3895.183978965458,3602.380426578869,4584.878173576266,4674.704657082018],
        [3934.3116925889067,194.68384304649715,2430.1598132675254,937.6570825347565,2303.4156961882054,2483.5837514080436,3237.8037138545383,3697.2794223832702,3572.061752611055,706.5373914544882,1421.4626004658476,1372.634072100914,1958.3611368906627,1248.741397908262,1936.5682968675374,2839.224450983182,1296.4906290535437,2688.0260514632046,2615.2532208924795,1613.0997384118664,0.0,2632.61742669788,1138.2487809938611,3258.4222166323066,2482.105610670512,3360.763605033265,2408.0442920149476,1804.8632990173085,3473.535107181842,1259.1991004861375,3353.148466048995,1203.3490354609605,1176.315941657216,632.5887726873647,1440.6886851592117,1630.6715041231275,3412.495906172424,3375.264061363654,2987.190405112146,2501.583175130107,3688.536261830935,1495.1085490880575,1297.0850207788508,2207.251359430198,1638.649695099573,1445.4351757983802,3576.044199966482,2802.988390213187,1809.8953724520081,1945.899839415671,1802.9375274448096,3076.2664575598574,3354.2660612517907,2392.656495511287,3609.3095902390946,3367.0038507706186,1406.3000754941818,1596.2059233280645,3054.400672061021,1497.8650929242901,1049.9691721765926,1905.3012563083237,129.49752530538635,775.6062663031936,310.323043953279,1014.4190607219705,4016.4029427707223,2412.5783592862394,2269.092337816852,3692.2680223465245,3934.3116925889067],
        [3638.7942335394287,2624.7993702518884,2349.430383001377,1817.3466893141315,1248.6454462780964,2013.6856480011718,3513.748067274189,3082.0909640922755,2812.9083405898805,3172.800585278563,4013.7956330014563,1591.0082751508153,1969.7143355061078,2183.9194685729663,984.9961747762792,1460.532094811384,2273.670476789088,1641.6051373662508,1561.1206670745478,4233.432452913539,2632.61742669788,0.0,1510.1208249882725,634.2844339574153,4282.1214384299665,2443.9821836031656,2576.9770427688777,4310.394980289275,1369.895329907947,1727.404120193568,3106.2672322677913,2579.4629506004176,3492.267488660419,2405.5254760815183,4058.664207946989,1047.8180377567512,1178.9776371810226,1145.164221380287,2571.5891528300444,4573.900440025759,3625.928545044533,2747.2506378591993,1450.5880086526188,4195.318567538461,4256.434610080705,3540.002101058556,1033.0446746300843,171.25395046178988,3515.475681025297,3332.6827148403854,2454.6290260265105,3307.217393559733,2391.7739233719203,4215.848310380177,1941.850088819948,1671.4414248532598,4035.160667826904,1572.7081702667742,1129.5238421086358,1445.3950176736282,2060.050076233163,4315.418986917598,2639.1021593941196,1926.0837671876516,2942.936881410913,2037.3972612979048,3592.197995961608,939.5759012323541,1532.4688366704909,3173.1056507380317,3638.7942335394287],
        [3721.405996331335,1164.064333722628,1869.1211781603056,592.2373306706174,1527.494837747014,2024.005179513788,3238.507065894752,3327.282497588009,3130.2260386438966,1751.6177275759542,2550.580631341938,539.2501749429944,1326.9538692753792,982.3802412384534,843.7132529222289,2062.651319359569,1348.9787664406474,2013.7211266669601,1923.0073203971779,2751.02745986377,1138.2487809938611,1510.1208249882725,0.0,2142.6915770396936,3217.988480137389,2833.2051827299597,2255.1526204790503,2897.3196147706954,2523.2153793168927,840.3817966596256,3117.7966309058247,1527.8389236727976,2020.5400418870286,934.5164090537679,2549.7737656278573,617.1277447655361,2419.334383524995,2260.987829018154,2635.3791133261034,3383.5499247856656,3564.4855252796633,1804.0016405196272,546.0630452318155,3033.2896705615694,2776.1975309490217,2292.895606599801,2494.5618452851427,1678.3207060106158,2449.0677292457062,2166.5718086405423,1796.1875768528896,3040.6461908214,2807.1651106378026,3136.876500232417,2814.1139109650917,2542.453155023503,2529.8473488318837,766.0419370243801,1969.9719252583527,558.7498662498077,744.5349317545017,2950.8858975433463,1132.6461020872061,423.78644285775175,1446.4860639223102,945.4971157154455,3751.738439106767,1506.8978981257642,1626.706835987956,3363.6431860352027,3721.405996331335],
        [3734.1297634503876,3242.3534414344695,2816.265431471283,2415.256752446947,1569.919409051447,2277.317381211682,3757.847031808301,3139.6071464621273,2857.9713121603672,3776.6989783624704,4625.824431100698,2210.2239352590877,2504.0023631828008,2794.8823879577653,1578.5424294230193,1562.060047885628,2789.838347401748,1817.4681706324739,1759.7884605522113,4851.6404790944525,3258.4222166323066,634.2844339574153,2142.6915770396936,0.0,4768.979007298547,2489.775590168784,2898.117985550645,4905.057006313912,1107.1958029997468,2280.383064615053,3261.9437662746823,3108.89863663817,4124.68997461903,3039.1083790467364,4689.028374178115,1648.3782595994269,880.7026831231119,1091.7042150489058,2748.5053288016197,5096.42063172964,3781.3861619791,3242.5343489539255,2039.192915829453,4713.940051575547,4873.798949716929,4093.3376438795144,471.125030827148,472.53670239907274,4018.6676207156293,3915.722922610049,2890.3873368742875,3558.847704835156,2430.645986716791,4708.490389184532,1785.2737809572604,1560.8139363228577,4663.223022429177,2168.653046362817,1291.1882501051257,2061.153017562461,2684.849710944388,4894.787837882106,3268.852672605412,2559.985045633793,3568.615975073811,2602.2368202649504,3656.982425809107,1248.827023553592,1851.131348992105,3248.665256387887,3734.1297634503876],
        [3011.2884617548857,2312.158312856993,4888.762167569776,2646.801965609504,3246.4795433370296,2755.8888080589963,2122.588894059891,3197.1374508746253,3273.2847996388296,1842.8632298361574,1894.3130364603057,3675.082956121566,4385.134445060255,3716.1008602437987,4033.7287394525297,3536.033610444271,2013.309393325001,3248.471965278344,3245.7165402481305,2107.92601671354,2482.105610670512,4282.1214384299665,3217.988480137389,4768.979007298547,0.0,3326.6398980397794,2158.5595112637457,1546.438453611125,4375.74762188807,2585.4545972972173,2698.0431132900308,1731.156211840911,3200.5814762380423,3113.4900033313456,2562.6634296840843,3307.40003461575,4447.681804132192,5331.982578879371,2755.0002874752095,533.5876953863258,2655.522224338859,1534.885848583073,2918.995988298442,375.48827559116165,2087.589646588357,1044.318518179557,4876.630960627703,4436.602257249157,778.1131699544407,4317.55898841215,1900.9837860081782,2125.8186524318867,3364.450085495933,90.40086429314255,4088.414036940122,3985.1605647965657,2434.416128847255,3920.378650961838,5118.9417382465,3751.914989185264,3489.025975380109,1258.8988621918052,2599.931517261322,3074.0911929893505,2376.1452099130533,2323.2419155882762,3181.0405610399016,3544.3161506104275,3000.994192068863,3103.727685931163,3011.2884617548857],
        [1248.9843357320271,3212.7042716907767,4516.820153893515,2516.779679739846,1365.5375114573903,877.1857225303762,1518.6965918786389,650.2365019756112,371.23875597478434,3421.6388252298684,4199.309379891593,3303.585893999085,4013.996040756973,3815.5606249968946,3053.7856314856613,983.5027707076191,2122.1403113301676,860.9630096698986,955.4481505229998,4482.274986392133,3360.763605033265,2443.9821836031656,2833.2051827299597,2489.775590168784,3326.6398980397794,0.0,1211.67517758564,4226.271895069854,1516.8501820520353,2150.541720411016,873.3122353720395,2366.9893853878098,4533.744136819827,3612.2016283699495,4604.690773711861,2297.941303567701,1708.921943433723,3519.290832438178,571.9994176464292,3816.5023270384577,1351.3819593650321,2236.8673198744527,2306.348859439315,3466.2300201481685,4487.618265409806,3204.541857668046,2285.405430813625,2488.6500323562877,2814.6586474051755,4985.542142652655,1735.1215377801684,1374.1996984246477,62.15685665553702,3307.655165942918,918.3906110215054,992.6167239787503,4517.442779806976,3453.6277676069544,3571.895308795743,3235.163316833304,3571.461296716979,4068.4428035855185,3457.5573621523918,3137.1063114933686,3583.7031761174226,2346.9584839347267,1167.6930513668283,1566.5390707941624,1207.3616959099893,760.3952417916022,1248.9843357320271],
        [1531.8330913504108,2232.0149988664953,4112.511123505731,1755.4392485895487,1341.46003799143,645.3223090911813,998.2319900488941,1327.3785885082734,1272.8354680746663,2313.139276199473,3035.3889823488016,2790.6583572145055,3573.084401471327,3173.835201899205,2788.9936926842106,1447.2236556085147,1112.6218478638634,1152.245273512483,1176.8733581200381,3319.896430352656,2408.0442920149476,2576.9770427688777,2255.1526204790503,2898.117985550645,2158.5595112637457,1211.67517758564,0.0,3027.1240867372235,2276.2833610431862,1422.2139384441698,945.1439626566718,1263.9426462328204,3572.0725515878366,2808.605621679653,3496.8550563108492,1926.4107667475278,2385.1465495661832,3720.7031461914517,671.927266173349,2626.303910514713,1322.2072667736973,1068.64077122085,1721.3534553486845,2266.3434405937887,3322.2076065636047,2003.286766659501,2885.6315569905437,2692.3404560606837,1603.5769049187209,4239.19019181046,613.225419549672,793.3720759730792,1238.9375064743538,2129.672695274232,1930.6743132685226,1843.159092812782,3398.9144836861974,2999.1960755888726,3637.5929838069405,2776.6001635608923,2909.6997075400986,2860.077122470105,2523.8807734702555,2423.730974847156,2572.805690818753,1466.4278296651344,1608.3587367819953,1665.2927512826855,1054.4228049929418,1300.7628914452698,1531.8330913504108],
        [4278.980461417953,1736.204080079333,4119.484672408356,2493.3712816356538,3629.900903777382,3444.0602837907195,3401.635696501749,4301.414370562544,4292.885387675512,1147.206899471295,491.9746141572609,3177.1869013672444,3705.5278415488074,2968.7599580369006,3726.5339739485894,4080.4066054626755,2263.897690012926,3840.509590582823,3800.157685993976,595.2495705607689,1804.8632990173085,4310.394980289275,2897.3196147706954,4905.057006313912,1546.438453611125,4226.271895069854,3027.1240867372235,0.0,4859.635915664749,2648.8784863247697,3832.420455545256,1946.3281164187765,1960.7346900448933,2354.1789566924203,1115.2866518246233,3263.3741842917043,4860.005150482285,5157.775191819999,3698.6113952643454,1184.727955109997,3944.1643618317025,1998.4606658125062,2866.1678235044315,1174.1211750937873,567.9347962032049,1023.8857409135795,5148.565543494422,4480.937465926395,1497.7470800908636,3178.461494813156,2505.5561419215983,3334.197271669145,4245.615036138359,1476.4795846380293,4783.320994306073,4601.9284747907905,993.2388795815822,3397.1000748278693,4851.514204457579,3302.260712252458,2819.428435775382,293.5084462711434,1866.3021029056767,2575.966406154995,1538.6303978425133,2321.0753520600715,4423.843962225678,3847.8469406244253,3473.732350214676,4240.053226056603,4278.980461417953],
        [2756.259006062865,3395.7791734063035,3715.9130113703004,2538.2531608088784,1230.3984474081126,1636.8235147097105,2955.25157547473,2144.940866040416,1863.1927362510862,3821.383240141414,4681.385479221648,2801.221196293163,3310.4270190785132,3397.9993034882236,2294.78619689363,840.1694603435392,2599.7276087302735,1131.718294238939,1130.0738371825516,4940.951163666799,3473.535107181842,1369.895329907947,2523.2153793168927,1107.1958029997468,4375.74762188807,1516.8501820520353,2276.2833610431862,4859.635915664749,0.0,2263.2018042594414,2366.949930091539,2924.4912322507284,4525.889975027409,3453.7439933624546,4897.351086608381,1910.0726401392728,226.86476846429989,2198.6875875913884,1914.9978814181234,4787.744265900155,2864.849813619454,2953.850808210983,2179.2406175300966,4407.093284113043,4956.505846453184,3918.837434984202,788.4662259790695,1318.6979405275088,3699.9360388758164,4591.961048390374,2494.17314242124,2776.6877876181734,1454.7370131676016,4332.093633914945,691.8332107558621,524.3443084980983,4843.701415772365,2849.0867075566503,2366.3856690437233,2677.0744195432103,3218.1720212194864,4783.41276335105,3524.22438302205,2934.8533882683264,3766.106858999479,2579.1748108494166,2653.3602538134796,1061.0522097267929,1406.4287838401758,2267.0371224096402,2756.259006062865],
        [2916.954550111799,1150.0252129868059,2708.885644011085,367.1525666285191,1055.2866758864966,1286.2943775767008,2399.128676873272,2570.89153846467,2404.014832655581,1563.7952791627395,2426.625546407922,1379.524114663868,2166.8946780119018,1757.5384217898904,1509.9001545802953,1582.6802769844116,582.0793994225072,1431.0449457513735,1356.5586064516324,2680.747493519605,1259.1991004861375,1727.404120193568,840.3817966596256,2280.383064615053,2585.4545972972173,2150.541720411016,1422.2139384441698,2648.8784863247697,2263.2018042594414,0.0,2313.2908670072106,859.13087281116,2406.387863133571,1465.3603901713564,2644.6304929802764,722.0748999936236,2233.7581639122986,2746.5359612933416,1861.6767869978137,2849.341231562046,2740.0087299914603,1069.6777098171347,353.73963338255606,2473.203827935806,2697.3742554625333,1815.6730861448252,2500.0594947504433,1891.2852740219994,1809.215269398976,2868.155455108406,963.1722469383641,2202.5678414037307,2136.414855703353,2513.7011044447236,2351.1155031409066,2113.28196637657,2585.1344689144034,1600.487885588218,2544.3869130394737,1383.6502204102346,1495.558351016326,2619.115883873085,1337.5243396541402,1020.005339620817,1528.4616283745117,327.8082720186943,2962.0364729824823,1214.7776131391327,1011.6507473935334,2591.551831336239,2916.954550111799],
