{
    "drone_dist": [
        [0.0,4669.862926319972,1902.0263185617007,3694.657037713117,398.00977208021885,4435.160577441303,4180.247785372258,906.992066410135,1457.754715853559,2612.2835433053015,1269.5802628614333,2430.5668960274857,2946.0229415760036,2054.4306822901904,2467.549882276755,639.4267227627689,2215.367798857361,3090.673794513657,4816.061432146108,4441.87694202298,5012.121408275959,1790.826547559663,4589.66317796346,1455.0859321573491,2698.6738150880115,3634.314474244871,3231.168383714326,3232.8170003114524,3123.290760574091,1961.4923242764994,3307.628726409705,1601.141206129474,4546.257976300278,4509.877764085944,2958.295909702059,2777.277478105753,1986.1673262600589,4591.242748631507,5295.894507868847,2920.2642822366556,1862.9023087872474,1667.4077977055651,5103.876358978947,2582.6112995686913,1651.07276041077,1432.0748232539202,2585.438674054166,3277.013650291916,920.4387801393375,2923.3416162222857,2424.2464755619826,1647.5917660022333,2628.7830839119124,4603.099028124313,2489.7857699679885,3905.8312233419747,3462.4086239487065,2057.2142425360307,1654.159988221159,2801.6079792706596,367.4026139815299,3030.11437943975,912.9238883325758,1890.847706902005,2010.387551145294,4489.72849361567,2848.580670562629,4465.491288738923,3457.043100616645,2620.1688973577516,2587.7524801208087,4810.1054494559785,4825.614167313117,355.47879824942333,2281.26317594805,1563.8537981565648,2302.951073674633,1759.9450032126124,2862.6187936146284,2702.606807152748,1446.9457894643695,2863.871044270576,3103.1769355016,1702.6158381575276,870.6696135045856,1592.4795369549959,2774.1088573316624,3605.452476837079,4782.785871841832,2330.736202024009,0.0],
        [4669.862926319972,0.0,3414.997548247327,3712.207836220899,4465.412691375251,2975.025674576456,2389.408610332941,5316.010124707638,4271.530053003199,3462.5351529863497,4388.123071345259,2347.710205962226,1739.63158703596,2878.0033680956303,2224.352454080691,4521.535652210324,5219.168725902323,2375.7981230575433,897.482028905127,4818.441609891318,411.20260800431777,6078.119971852873,2324.236520308596,3459.6798085456235,2982.3376352782557,1035.679389177439,2142.3312413051462,4135.267770688988,2206.8776957552923,2828.029452815854,1864.776225759394,3498.825630650052,3359.33642517257,2231.4724329871606,3138.5460179740057,3928.9128101101496,5989.862125121434,2199.466295264983,713.0177158152685,2390.8798903350075,3594.4930191715166,3312.8133793085904,805.87972506707,2215.6928212754474,3099.4535438008306,4345.733905383706,3693.352925414981,1445.371017621414,5485.305298931142,2818.6471716845426,2927.775521085281,3797.604964896543,2247.620496434634,530.7082028070987,3798.9738426800436,1260.2557429383428,4373.100502817337,5357.986194877997,5883.710949866328,2201.7866493615147,4526.972611224246,3955.7869248613215,3903.733872608754,2865.202299154853,5132.258106573694,990.3476302534548,2523.48117991613,1958.5525113365932,1228.6538961985455,2143.6794546193623,2789.744387200008,4733.670252374683,4908.484330873072,4949.546334836705,3579.402464507794,3499.2201651598666,2389.824099964021,4720.58038787729,4610.8300598991655,3950.4504051000076,3474.1571148612825,2615.565936402133,1573.0338881624166,4654.588719535266,4220.331890411089,3551.6214427668874,3447.5736274061182,2049.829909906827,205.41573563220723,3517.8659254936892,4669.862926319972],
        [1902.0263185617007,3414.997548247327,0.0,1874.5159201878637,1527.8025313108083,2533.8457829077493,2316.4432494683747,2141.687668144826,2670.936892123297,771.8653963165261,2602.8206136828176,1932.8163204819982,2019.3995416146313,599.2625595569513,1735.0462661986458,2221.7058951364675,1834.2370169060807,2903.826671463189,3272.9515321154863,2825.1755623351096,3662.769361479117,2751.3332019812638,2738.085220383616,546.137214785731,802.607812257629,2465.758230812682,1490.4887942547623,1600.3074092554045,1385.5009945696045,1774.9537383044378,2804.49545596413,318.4135283968022,2650.363169622289,2669.2042943502274,1060.315356904514,3534.9333451073217,2599.1081038201696,2756.4931702291974,3901.1746071925004,2720.236296655107,2518.4592732665487,2012.4442683717725,3614.8695006076664,1236.2852751298635,1621.728198971827,2701.234768370672,3243.2964035493806,2349.98439529156,2387.221678721666,1037.062075119256,580.959184317517,394.2460048667711,2177.865601432072,3173.668599890921,3224.1764160382386,2342.9746216704957,1885.4736688773148,1947.2742663827028,2552.7691716677336,1223.091925399842,1579.3718118930215,1354.303431482473,1790.3328080488347,1683.3967572634647,1726.4475074836885,2925.5509220177637,1055.3808120241429,2668.1434872858817,2408.139799088917,2002.8939495363654,2641.7687948961147,3104.0525938550663,3163.5362904431054,2257.5028255979223,500.4092035735165,364.50785391520805,1269.4432591730322,1307.3770362977639,1595.9403004756493,3485.8889866089417,1912.9875653371032,2819.718734326397,2093.9669325331283,1239.940214972635,2138.7651666488982,311.9595101408128,928.3039286099303,1828.2486301213496,3462.4436172275177,513.8843639005761,1902.0263185617007],
        [3694.657037713117,3712.207836220899,1874.5159201878637,0.0,3299.001180890828,1180.97474344816,1473.3901515105374,3657.163509141243,4534.758503612345,1104.87008916975,4475.164146392801,3381.04214668838,3122.2770402224587,2135.050729558323,3104.40412974063,4085.235976720664,2467.0534711342657,4300.45182332757,3119.4505242076593,1167.3915180218812,3764.854413426523,3945.8124691386465,1809.9358655158744,2418.2409464218545,1269.9627711207158,3147.1831732105925,1706.7528859526608,702.4471882667855,1701.6938957020743,3424.4878376456895,4015.3625476769494,2191.2090303067685,1040.0319999242847,1821.2416133551094,922.0885996407978,5269.893771940377,3613.939981461128,1909.5619459096224,3883.6705842329798,4143.418627943859,4303.297521987832,3784.2461730863743,3487.9103374552997,2333.7262353747024,3367.4554810628606,4568.662626273567,4967.310116062818,3332.959712528668,3941.400898393704,1207.0324753171697,1598.660707315765,2049.073151788295,3580.6901056433626,3257.1033731375724,4972.429314264711,2457.8371112239274,779.1914109681327,2737.8864582631163,3766.120692844871,2012.0761288430704,3339.244183175254,753.7262176064442,3662.0045207084295,3350.24686861503,2526.2357808474185,2824.7975717268887,1563.0721571304452,2012.2162990776244,3247.3792863651342,3352.820676362391,4207.824616987089,1289.7297080378419,1396.9900590345153,4043.460330986484,1420.8836104015934,2238.2260168466532,2643.2375691756756,2335.871186527843,1395.2790058161868,5231.508616944834,3726.0615174752693,4308.771961200586,3089.757508085957,2330.1870500590703,4013.2803546698137,2174.2229561977274,946.2767282267038,1671.17370137963,3652.4149348583937,1380.3655764980724,3694.657037713117],
        [398.00977208021885,4465.412691375251,1527.8025313108083,3299.001180890828,0.0,4060.7534536160365,3827.4281039484604,888.9725272959811,1703.8912158639416,2221.36997969107,1539.5317260868903,2317.819263961683,2772.3121763075283,1741.606810793507,2309.223884702045,944.7079143912142,1900.6818954752946,3074.5931887191596,4549.967956811157,4046.9609460381785,4790.6187153951505,1755.520638228039,4242.054645552869,1121.8521376012338,2329.2697049804915,3432.2214998251707,2907.1251926761347,2835.385794933819,2798.6755967707395,1880.0147407188233,3231.8551515618437,1238.3818934935152,4161.636236782632,4165.891167300193,2576.9993790788485,2962.070975636172,1860.9237669696563,4249.396332005045,5066.573490684412,2895.0758003973783,1982.4102057766236,1687.223896623467,4852.045223250389,2316.591644667692,1570.8482828756507,1692.765623619567,2741.0856320830108,3114.1517077748526,1020.9938301763478,2559.0502809702666,2068.8407665596983,1254.6736718607074,2537.0266308981168,4360.546532704006,2660.074847263648,3627.459786497471,3066.899691361635,1776.1883025303503,1589.2375192694913,2502.104790995339,61.782378899069556,2632.1074879971275,974.8920771574407,1797.241360489872,1697.5352011659427,4216.457782108697,2508.919682400179,4134.715146726585,3274.799113227298,2493.5430369723276,2604.0753543154183,4412.658367031835,4429.427644487415,744.7164621879706,1888.876186000418,1205.0279137873874,2076.8597284343955,1405.1773398524567,2478.190337782978,2891.1723202431385,1472.778431106475,2870.3776533924006,2918.8106879022266,1341.903523397239,1080.2844091588968,1223.1254300746834,2382.887769601798,3276.0265602339864,4565.504314208649,1940.0605602350702,398.00977208021885],
        [4435.160577441303,2975.025674576456,2533.8457829077493,1180.97474344816,4060.7534536160365,0.0,607.2196316501382,4582.679820838546,4977.965969249988,1898.8135394685348,4966.297685166332,3425.41998712102,2970.1732963607487,2519.0423733030357,3135.5431715444442,4700.093279814324,3587.120961328471,4202.267306901357,2215.7891135389227,1978.871856318499,2919.2486271239436,4994.107436313833,722.6721256168811,3010.5060675850223,1738.2186397504443,2721.653371504175,1535.1288067968317,1871.4922869987097,1603.9519270850951,3628.4660613570322,3807.1255147638926,2835.9278820932436,384.3153649947472,780.3977158415304,1492.6010774389686,5439.965371541094,4700.61555881549,845.9619496945759,2969.4663505876615,4080.4571614111987,4589.4909777627945,4085.695222717341,2556.3882233311906,2388.6591486567872,3673.5059729592895,5026.585494711439,5136.7830474063385,3064.3903157128357,4853.086414680414,1525.0588991262728,2036.377682638539,2834.8378501071143,3563.859065046501,2460.3750206599807,5173.280364038199,1847.5918749813286,1954.6375344636315,3842.5215911590535,4805.140220667804,2023.1924128834196,4111.147392608153,1860.2065257677064,4176.526819275727,3578.763962107465,3618.8828531810923,1995.0008506579263,1710.6514682291026,1039.1625853471132,2901.934716772121,3329.214466348575,4259.721223780855,1791.0551622272405,1978.0279532195545,4790.5399212574775,2226.533363586869,2875.396979973515,2774.9005226037366,3363.3464313544396,2557.505251498674,5417.50667266286,4090.7993555044495,4285.145788767424,2874.5010464960883,3340.8481800758286,4553.265141449575,2842.68413015204,1752.3162842827755,1247.6766108457557,2863.9786497430077,2162.7698092668697,4435.160577441303],
        [4180.247785372258,2389.408610332941,2316.4432494683747,1473.3901515105374,3827.4281039484604,607.2196316501382,0.0,4442.784003514177,4568.881789790403,1826.4617701674804,4577.580515093522,2906.9255817305916,2410.0313398710796,2168.0788487448285,2620.394414358374,4373.224958901346,3651.651700534995,3636.512997829884,1681.5819718543078,2468.775520984292,2365.3787948185027,4950.4177960432235,428.0868923448207,2726.9635228888837,1523.445069094925,2119.651521783916,1052.9592283497277,2079.83144956671,1143.041888873188,3156.0979790715205,3224.4688813922176,2589.367517292129,984.5223894503882,385.0247662817868,1388.4860341498959,4929.410670174411,4702.320820430641,479.601576983797,2446.8296079668266,3523.545444530194,4126.63136488168,3637.5772445309162,2040.5235707460236,1912.3040270473732,3237.091123671431,4622.8454600799305,4628.964747942435,2479.385500238136,4697.973211021922,1282.1146036887358,1758.620313348517,2666.3899661977625,3025.567523856101,1885.8363419931443,4674.584737888039,1240.3735522733095,2236.33543913731,3881.5160155187996,4755.341629146506,1557.5430933698801,3882.36223903829,1995.1809507771552,3813.6787651331006,3116.3088030159297,3649.2858336069135,1425.642838323534,1343.7491203037878,538.8296327666573,2307.2841071068847,2793.708264016088,3728.9359454331625,2346.4604616612023,2524.6804435273134,4531.914438839335,2118.990056228194,2622.4814687679886,2305.9328756165314,3337.6020993635875,2719.2963653342945,4911.8682682879735,3666.7099238761275,3735.016753874129,2302.40044489659,3301.5649236494382,4193.707647024506,2608.2441403004564,1711.2319867123329,705.6126603441523,2290.5364261952873,2048.9416718965513,4180.247785372258],
        [906.992066410135,5316.010124707638,2141.687668144826,3657.163509141243,888.9725272959811,4582.679820838546,4442.784003514177,0.0,2340.2974560239,2684.3376435977316,2140.8341826841697,3206.563172767799,3646.6185947257536,2504.9121530286616,3190.7679744204406,1512.5851559340435,1631.2549552745072,3949.33827934121,5339.314513842998,4185.193857426052,5626.690461125725,887.9627980636393,4868.542511648619,1882.8943356814368,2919.5619798279777,4288.643515965129,3616.7920875875598,3072.566668414298,3509.3150676300443,2767.2626530986354,4120.035678332356,1918.9980689684899,4619.086991927719,4804.458765138836,3097.207804427919,3676.2798150305093,1097.6395681562965,4893.231531399708,5894.58862264537,3772.5176146848103,2768.6870341244307,2541.1940259622424,5657.361523188056,3128.827796061786,2457.0410877610548,2305.9283378713117,3491.0337200775352,3991.320474565908,289.34729518532816,3161.8455541565068,2721.2000122211607,1776.5448406530738,3425.837348759045,5178.535940309406,3393.2117768610733,4407.189774645322,3243.834199471894,1396.0473619965278,747.4449873071126,3265.98202486591,832.6234999819804,2921.137297550375,1796.0213833021235,2685.52516374138,1441.1520477099743,4998.351980914177,3190.931533545969,4809.82935949242,4143.142259238409,3380.914846415365,3463.978388404212,4607.462960488385,4586.129069736224,961.3231917792668,2356.7611650574922,1900.4525473864069,2928.243886226793,1379.6374660703384,2545.3616537856724,3600.65665186787,2321.892543076256,3735.6086560259982,3787.708540934607,1359.7466496431387,1775.330772527782,1882.9378915138402,2834.649379410912,3966.6148815194956,5405.957611953343,2421.916064177268,906.992066410135],
        [1457.754715853559,4271.530053003199,2670.936892123297,4534.758503612345,1703.8912158639416,4977.965969249988,4568.881789790403,2340.2974560239,0.0,3440.829726427902,212.18414210060448,1948.7001144305734,2594.5926078805146,2470.261950679715,2149.629510289441,827.8258169042164,3601.099908596375,2145.945434794703,4682.81099794075,5479.391226471605,4666.3711323007765,3195.7380028768107,4920.33045141356,2125.1633065979177,3324.4156080520575,3308.495789755032,3518.9866290209716,4243.363260924324,3425.946347921502,1511.8197037334062,2539.1892529137945,2363.9006393506656,5186.350110078057,4820.710394376736,3655.7182527623904,1350.520568261529,3434.90029588881,4883.854641859087,4969.899229308069,2028.2297027045486,714.37541382444,992.5588080755753,4888.294987932907,2679.2055925312798,1344.3214641595546,76.56641134428678,1213.5953111984063,2834.9623534786115,2272.903774779255,3489.0431596998296,2992.1576860488203,2610.6335274562143,2023.9136420018413,4373.415108256804,1095.034048477177,3894.42519681623,4513.754797792209,3478.7739534037223,3081.712380235075,3016.419139441117,1718.5174742342383,4006.4472332505507,890.5027623943838,1514.48632602825,3399.1808783218507,4410.682185008304,3267.573923506496,4695.975006732473,3069.7625060130836,2147.1751398678575,1609.7764500213054,5774.634690415198,5829.5791983986755,1409.7846806818354,3159.626713473923,2315.8331926879955,2291.679033523681,3079.4756073792437,4043.0222694043505,1272.7768903663261,907.6708822891075,1874.7735936292856,2770.139586552932,3009.0552337020354,626.1700553125095,2392.802449345126,3593.3344951977456,3888.123899271461,4431.665231976281,3182.7466741166104,1457.754715853559],
        [2612.2835433053015,3462.5351529863497,771.8653963165261,1104.87008916975,2221.36997969107,1898.8135394685348,1826.4617701674804,2684.3376435977316,3440.829726427902,0.0,3374.6787318203646,2488.4401061661006,2394.6148529554303,1134.8712382602905,2241.132900490596,2981.524055271464,1863.0807592699343,3453.6845131724317,3119.883515099587,2082.8566821102263,3633.3371164248915,3128.4364111700947,2252.748029410229,1317.6244778699595,481.8181463035105,2650.446897994124,1331.4115540465837,899.8400469685112,1257.2931965315104,2435.3350452674636,3261.2703510411848,1086.9987264372746,1950.8818127315724,2207.746961884464,438.02084550645395,4251.220743742677,2876.627956183761,2301.3641014501823,3828.018663700964,3280.153771211398,3254.0856124493193,2739.2744916612087,3486.3784391194636,1549.4736986783766,2331.801416320036,3472.192311816774,3953.4813187321756,2678.655990735733,2956.630095628996,662.4269775669483,665.3105097325431,967.3672718978873,2716.1241965107315,3117.691780251193,3945.4355717356757,2250.6943169237325,1194.1258754036578,2071.4960360724867,2934.81785780975,1343.1123544590273,2265.776822881251,651.1873007312724,2562.0835523217884,2351.627276581993,1837.1500549388747,2777.726399668322,943.7483933992567,2277.8809742731873,2667.5430411944176,2508.224242049345,3271.4440523541707,2337.6688573717474,2405.231077201847,2965.0491160214997,335.0512374851028,1134.2654800301839,1754.235919656486,1511.1678529094586,1160.856334353333,4206.832058624831,2659.7556094796405,3413.668187779653,2416.9809642553996,1475.7540109081283,2909.709595879636,1069.3584890562186,162.01976691026755,1549.2255229094665,3464.3975044778435,281.55796890805004,2612.2835433053015],
        [1269.5802628614333,4388.123071345259,2602.8206136828176,4475.164146392801,1539.5317260868903,4966.297685166332,4577.580515093522,2140.8341826841697,212.18414210060448,3374.6787318203646,0.0,2048.6272569564185,2688.47897923641,2448.746660593011,2229.4752483253437,632.2803910898739,3440.2027441008568,2317.548175129575,4766.082410754231,5391.470887392066,4778.113677630794,2990.3399213372627,4939.575842036943,2057.342628145979,3287.1321028975044,3407.953401979257,3533.3802346097455,4154.8693147492095,3437.1153061454934,1590.8659019589918,2691.370842588806,2289.9805974925703,5161.045971365001,4842.264070730199,3611.414286322123,1560.702172842001,3237.260216568198,4908.40264075578,5080.452788720874,2191.210964754884,885.8409368559246,1080.3629714760746,4983.79500631221,2708.978703836617,1388.4168365134592,165.21787439332087,1425.3949800528521,2945.3298715512374,2065.8614273303033,3462.527817633347,2958.747296324577,2513.4264422613765,2144.6130599162093,4468.024859989595,1307.2164884098652,3955.34883851531,4419.858855214768,3307.9071685429435,2879.483304099753,3034.78614270828,1549.273242585578,3922.06379402446,813.1920602167439,1581.067066580174,3237.0249193750815,4484.873253658357,3259.840437677958,4728.35720482909,3175.2425043493745,2250.5602220011137,1778.589272188402,5700.011566985878,5748.4410156832855,1202.5299760895732,3082.8491518218502,2242.192465717217,2328.7125013686905,2930.8129934449184,3924.720932655866,1482.6771458859973,955.8422917167067,2049.1841949502295,2864.083320635242,2862.440677421481,486.51299058957625,2314.2907809934013,3530.098895685662,3906.98546652993,4542.902057664633,3110.1899412451426,1269.5802628614333],
        [2430.5668960274857,2347.710205962226,1932.8163204819982,3381.04214668838,2317.819263961683,3425.41998712102,2906.9255817305916,3206.563172767799,1948.7001144305734,2488.4401061661006,2048.6272569564185,0.0,647.6017197247061,1373.0842008221396,290.33072506574734,2190.075113690185,3650.131023138141,973.633063745055,2740.1849534645808,4510.451897781924,2731.93783234619,4056.8086120576418,3186.378888598909,1624.4313997835181,2131.420346611123,1360.4660134496035,1890.965896553404,3386.923325463237,1830.0380914098027,487.04883721326865,936.3996681434705,1801.1458094872107,3717.394709997498,3077.8217669792157,2469.5317381514806,2022.573692908731,4085.5127582953314,3124.016637357467,3033.3028066467764,794.1579395993931,1326.6641709804017,968.6585049745896,2939.6299027772543,1065.7066869391222,784.4559724692243,2020.2885357087232,1723.0116209987862,902.4650931458933,3317.6816750269873,2176.1929922888744,1835.7518646937672,2176.731438694784,249.15998766757878,2424.7247324424447,1774.9918629369708,2006.1976813658068,3680.913974677841,3682.351469638855,3878.33769893171,1424.2064711620783,2375.2743479870564,3139.4536476387793,1585.6822055940481,542.4931132679313,3497.5463362795495,2482.298629186624,1836.169648197992,2903.6350876180163,1127.0938341272936,204.14456070100954,841.1111477696566,4667.152393820281,4777.418755296639,2666.605459951927,2367.311587095098,1772.2115580547852,742.5047593807063,3070.641097287128,3519.8249318896737,2006.4613208395692,1127.21565000238,930.9891714731676,822.5413912421793,2991.5547793034398,1878.9767033276114,1860.9696545471897,2587.082707235794,2201.8849652504514,2496.5860107354097,2344.315125526807,2430.5668960274857],
        [2946.0229415760036,1739.63158703596,2019.3995416146313,3122.2770402224587,2772.3121763075283,2970.1732963607487,2410.0313398710796,3646.6185947257536,2594.5926078805146,2394.6148529554303,2688.47897923641,647.6017197247061,0.0,1420.328139078677,484.8122105382987,2783.0548317158846,3839.182469660604,1232.6339472489112,2092.7431677129944,4284.211050563479,2108.9864799983175,4456.758389746242,2642.00087231718,1877.7621568150666,1961.0846623074053,722.4097515611619,1478.357380986394,3259.5403183640847,1447.838220516215,1102.3967952662263,893.2123754241151,1988.3820277269322,3294.6893079951387,2530.885321393629,2262.6275053380364,2580.434633403952,4429.131041414715,2566.826106386438,2406.6851901113837,1113.5151950458585,1970.2998502922321,1608.6357187378635,2295.50798843805,845.2161525136424,1361.2838404127424,2665.55727101139,2292.6271893759626,349.0556108917202,3791.864333068787,1932.9928505008565,1733.5446196100006,2344.3374636408266,655.2091220867212,1779.9205276508367,2362.394640090052,1391.911015979276,3546.203691412327,3917.6036057266438,4268.925805544624,1113.1350577176631,2832.900135945186,3024.4663331677325,2164.2413762834117,1130.5570822936554,3711.5979625159584,1839.9019174464906,1567.01205330874,2332.5754947581554,513.0037955707663,459.454388071064,1354.4866150878202,4378.560240553078,4508.740719903508,3214.946695574932,2361.055270822471,1973.4471373643603,771.4328845803572,3281.967864009224,3517.650646263952,2575.289684856455,1750.4015780252662,1327.6197585325076,175.68448330775536,3206.815568683894,2486.2404576630133,2047.8322520013592,2457.2245188639945,1722.6764020288845,1874.226104835983,2320.5266230959073,2946.0229415760036],
        [2054.4306822901904,2878.0033680956303,599.2625595569513,2135.050729558323,1741.606810793507,2519.0423733030357,2168.0788487448285,2504.9121530286616,2470.261950679715,1134.8712382602905,2448.746660593011,1373.0842008221396,1420.328139078677,0.0,1151.9666946877066,2205.197396122456,2424.953674692804,2346.227492279365,2834.403421504318,3204.395891740952,3154.085208257258,3212.344950336926,2560.5081813754027,626.3635588121156,873.4556851681942,1896.311147636022,1178.0197166924163,2033.3634836229655,1070.7311804150818,1304.233187910328,2214.711790077325,620.9535856328332,2716.1365633306064,2474.1001792034544,1218.9104110715084,3138.253156468771,3111.9773478804236,2551.50567056952,3409.184999315752,2167.105531578811,2170.9184217310444,1651.6556140686723,3155.369691641618,665.1437778380329,1233.3311196332415,2515.1528673882995,2837.089369590857,1752.840701857719,2714.750485661169,1019.3037256481468,538.5128186780506,939.6900539842622,1611.186867328134,2686.0039776001317,2838.377980316752,1902.6516381988129,2327.430626798779,2520.759750249124,3015.8931619129594,764.1106217233994,1801.542792491086,1783.4907229193855,1658.5571868646011,1223.7617181777885,2306.7147311230838,2493.861081000206,825.6338495570767,2414.04713579258,1820.7641811156325,1421.8777158115179,2137.3366443799646,3418.2903217530343,3505.6102006571878,2396.501670029841,994.6134029974445,623.7696766972823,674.9407864361717,1880.4539663897071,2151.760470261714,3098.130275361457,1610.3963373571692,2287.597343055579,1498.7731040447038,1808.3626746088603,2036.7435547290104,673.759746209524,1252.6873631003853,1554.8411799595424,2943.0981008526333,971.5215608665821,2054.4306822901904],
        [2467.549882276755,2224.352454080691,1735.0462661986458,3104.40412974063,2309.223884702045,3135.5431715444442,2620.394414358374,3190.7679744204406,2149.629510289441,2241.132900490596,2229.4752483253437,290.33072506574734,484.8122105382987,1151.9666946877066,0.0,2299.6118229740764,3503.86952394039,1213.945874417833,2536.6943211190865,4241.14506301846,2591.1324906953737,4017.6859218344953,2906.7894344473016,1493.114243343556,1864.8375479902877,1201.6651821744263,1600.8527578519327,3135.6751236765363,1539.7349458587723,639.1650519601081,1071.6227446331968,1641.7037723179242,3427.1070634328444,2799.00524013248,2198.308430298697,2309.416446164061,4014.529867181842,2847.5467573119454,2887.2527448432206,1045.4263064267725,1569.1454710208122,1157.1492055099461,2760.557610326711,779.3171266282004,879.1117727603976,2218.09996339073,2008.5745681300816,809.6872944472597,3325.2164408324184,1897.8091260044348,1580.8098494586086,2013.149917417733,479.1350670767809,2244.841859801451,2056.324646102084,1758.3216188013066,3428.839136713633,3556.545712005406,3833.3518674454617,1135.0781110774853,2369.046837477599,2890.2608558661796,1679.9025824878624,654.3048771762675,3361.596696976051,2261.121285982099,1552.667035348985,2631.645061122851,997.4695422318449,270.0932481501772,1130.5954500059331,4388.08349843369,4501.363102951543,2731.633065673394,2143.1640227323505,1618.5540897273033,487.42295160365904,2931.754791771986,3303.118478877592,2291.512148292851,1280.62360775041,1204.6249051483078,653.5627609007695,2854.0413903233907,2006.1977965416306,1702.1425735008881,2331.846071885125,1914.939594324296,2356.7965666294062,2114.7941380453,2467.549882276755],
        [639.4267227627689,4521.535652210324,2221.7058951364675,4085.235976720664,944.7079143912142,4700.093279814324,4373.224958901346,1512.5851559340435,827.8258169042164,2981.524055271464,632.2803910898739,2190.075113690185,2783.0548317158846,2205.197396122456,2299.6118229740764,0.0,2835.959885048187,2683.569524887267,4785.488473465619,4925.62214865875,4890.657918296714,2373.532975394878,4761.693716898883,1698.6204840760543,2973.702347513621,3500.8067567774274,3362.141762210326,3695.7447317531532,3258.498642129835,1703.082532755572,2977.9779403207262,1903.5143907927927,4855.633442992611,4672.166251903413,3272.7052276914237,2168.3302027734926,2607.2049009370476,4746.361877808103,5185.934477687885,2530.1336832286424,1332.5227798574379,1283.3548360817542,5040.345679619516,2606.224506187005,1422.0913800446551,796.3045031284643,2000.0594557125714,3084.7393329348315,1456.9455854395949,3175.5152370219216,2663.9280031170038,2056.946364862945,2345.8864455020766,4527.595419404217,1894.0773458508925,3915.9429590564296,3945.7805719944786,2690.2492797822692,2255.22249940204,2887.481127139881,944.2910546773678,3475.165648763268,623.0014200817149,1657.7412746051132,2631.503506538729,4478.920759840413,3030.47260619457,4591.477726162855,3292.887556822911,2392.456518911785,2153.299997149439,5264.211232569877,5296.837293553088,603.0094892715608,2667.04874106286,1858.4144359614245,2263.9971982913144,2349.8076814172778,3398.824896861247,2091.8448558726573,1080.6811518322318,2433.3893693086125,2953.1702369595537,2285.8529965732578,333.3501536623641,1914.170525082885,3142.107051234201,3741.8029882204314,4656.402992834655,2704.936218153807,639.4267227627689],
        [2215.367798857361,5219.168725902323,1834.2370169060807,2467.0534711342657,1900.6818954752946,3587.120961328471,3651.651700534995,1631.2549552745072,3601.099908596375,1863.0807592699343,3440.2027441008568,3650.131023138141,3839.182469660604,2424.953674692804,3503.86952394039,2835.959885048187,0.0,4581.289057870484,4966.677085777139,2684.4452382587638,5435.594759053941,1552.8748613936043,4068.111102078779,2025.9054463168998,2298.239997435936,4296.479890123417,3155.260353217465,1776.874365781921,3066.4977688079057,3358.9901067589353,4569.954421080977,1862.591127954355,3505.4250787453784,4036.66368246091,2287.7971960034492,4808.371837695345,1166.1659635059452,4131.220165398724,5651.42536960429,4393.013031091824,3786.204743937888,3382.104297381715,5328.055853451591,3070.2302818375188,3106.2283773766953,3592.6071544861747,4560.767200477361,4176.5524563252775,1902.1326555604103,2515.0835767983262,2292.9702124482433,1496.0600686300036,3898.9995543831687,4929.326880714505,4497.120585581534,4069.1415639382153,1845.4518782504467,290.1027633065838,1402.9176299567503,3018.284551445933,1893.4491784196148,1730.7514010595864,2799.5339198503284,3262.1743277663004,204.9872357777893,4620.903246133429,2727.404407237149,4130.556663037741,4242.135383861551,3759.9213978645744,4213.441218804614,3144.0818413651655,3087.863566840536,2450.2390544316013,1658.116700679831,1885.444298059261,3072.961852562398,584.0960888107522,1106.846332620402,4742.07985007752,3200.1114025251,4441.547071820616,3923.6898757571644,664.1564320580122,2975.1791569287852,1802.1750501029271,1950.8061550439095,3407.9690920884377,5248.849491553989,1725.3655503358877,2215.367798857361],
        [3090.673794513657,2375.7981230575433,2903.826671463189,4300.45182332757,3074.5931887191596,4202.267306901357,3636.512997829884,3949.33827934121,2145.945434794703,3453.6845131724317,2317.548175129575,973.633063745055,1232.6339472489112,2346.227492279365,1213.945874417833,2683.569524887267,4581.289057870484,0.0,3033.584870491008,5447.193176408952,2786.9248083163707,4828.8274695083655,3845.0581498921915,2561.924517151519,3075.948786082454,1669.860603566657,2704.611858427183,4349.39492712789,2665.9465508078283,1233.3492650224655,514.7160792483053,2755.75520596159,4526.902826322788,3733.141289611618,3404.8970613897773,1553.1463639806718,4913.298496257643,3760.7433590216,3086.196527806925,188.29222227223292,1433.2145482713245,1425.5528160695462,3123.589456972675,1967.2152193174938,1521.1086894667976,2222.134403180533,1325.0599240211907,1194.307569196839,4010.0548145493567,3094.494307127985,2794.664405553212,3130.835248156536,737.69363897394,2649.8811630905957,1439.1376459277574,2539.2870650007403,4642.685478164224,4591.133109812536,4663.678941105146,2296.767797687801,3125.3865859716702,4103.550636743568,2179.2317822145287,1328.3148707335347,4418.908359124636,2865.6047933424393,2738.3551983072216,3516.469676407296,1419.3131870969066,951.9980958249118,539.548712369704,5575.50295351031,5696.185604472468,3249.0335798211604,3340.7096982128937,2723.4790852605006,1699.6091194096587,3997.8898995132804,4493.212702574118,1575.419483479456,1645.1876436177827,274.0836053515411,1335.062645036917,3918.019581083275,2350.2344487247246,2814.6205274142435,3545.791703557981,2954.596694311109,2568.0591881686187,3316.918684094339,3090.673794513657],
        [4816.061432146108,897.482028905127,3272.9515321154863,3119.4505242076593,4549.967956811157,2215.7891135389227,1681.5819718543078,5339.314513842998,4682.81099794075,3119.883515099587,4766.082410754231,2740.1849534645808,2092.7431677129944,2834.403421504318,2536.6943211190865,4785.488473465619,4966.677085777139,3033.584870491008,0.0,4150.155114936354,714.1093241380322,6020.098144785572,1515.8478634842404,3458.027138763239,2668.484476138624,1407.4839704329847,1814.7347329089237,3644.0061435879243,1909.3007260410263,3175.723130836472,2523.4557210325943,3433.656221317119,2594.7215244514487,1439.1572788740073,2730.2962071146726,4561.970468411393,5866.8852805600945,1387.8651458501129,766.2022809563692,3004.245999669567,4060.876517544276,3691.9083370527096,372.7895239643169,2235.5530559569925,3396.5348550008744,4752.518864550415,4298.8590490444285,1910.077425227911,5544.970919264394,2458.1137248912423,2715.992849558294,3667.1842018594357,2715.908974042942,405.766345705908,4388.388341048749,933.9479563584857,3845.801488943618,5146.102426272216,5821.8130169797905,2075.8510535987934,4611.361029156476,3503.011830815207,4163.980223202005,3186.9296150840332,4912.71708322724,348.1511339965988,2251.4696122216274,1176.9228781552229,1664.1502398290493,2549.490240327685,3358.32991926002,4005.384472793228,4189.818611596633,5130.632848182157,3311.2188729303116,3446.344459287568,2529.4737154815452,4530.415443929188,4205.462211046511,4571.791453108134,3814.5662584093348,3237.5877724300067,1918.6584178509086,4474.258570331635,4516.576883694267,3477.236785673453,3065.1961174051335,1577.320946542628,723.2577370724239,3242.69625408962,4816.061432146108],
        [4441.87694202298,4818.441609891318,2825.1755623351096,1167.3915180218812,4046.9609460381785,1978.871856318499,2468.775520984292,4185.193857426052,5479.391226471605,2082.8566821102263,5391.470887392066,4510.451897781924,4284.211050563479,3204.395891740952,4241.14506301846,4925.62214865875,2684.4452382587638,5447.193176408952,4150.155114936354,0.0,4829.979527604538,4235.867887502414,2699.630835428612,3363.182236471347,2379.184657523385,4308.702552684321,2872.366680540697,1236.6485542766254,2869.0631856217537,4508.562488839075,5177.37270801726,3120.0156446192796,1646.2014175910663,2746.600792827265,2042.9750737441607,6333.742272497137,3829.3943834375946,2819.9063572334762,4914.672213204435,5285.310651225579,5335.01528585432,4821.513196133589,4506.202120032334,3481.248895924321,4414.627024837821,5503.482671919178,6035.361598949341,4500.034571102355,4473.850836761887,2356.1851231527,2686.912141061572,2880.066424598841,4719.864294446781,4337.859146194826,6028.286077748379,3581.7953561265117,980.9040880194374,2974.0382175182235,4086.833684631945,3171.6422724023587,4074.5660410421187,1473.9302863498176,4589.814049453849,4427.736579234506,2821.278977842185,3886.4927667250504,2719.147611788451,2985.489828091007,4413.975505077243,4496.090341653901,5323.46580496516,484.4761733702726,404.0640340425707,4767.981088043373,2326.7127993170957,3168.0168158682422,3768.199529402215,2806.847442968465,1640.1755573507946,6289.65981776032,4735.734107746119,5441.303763263115,4255.735320830226,2833.9637501022517,4911.333707890169,3087.848595884589,1952.6428265688937,2808.5335750570907,4740.280030360213,2312.345998231461,4441.87694202298],
        [5012.121408275959,411.20260800431777,3662.769361479117,3764.854413426523,4790.6187153951505,2919.2486271239436,2365.3787948185027,5626.690461125725,4666.3711323007765,3633.3371164248915,4778.113677630794,2731.93783234619,2108.9864799983175,3154.085208257258,2591.1324906953737,4890.657918296714,5435.594759053941,2786.9248083163707,714.1093241380322,4829.979527604538,0.0,6365.902032796506,2227.50252040896,3754.2628609616045,3160.6435975682903,1390.0400425148025,2301.93869372715,4242.792667637939,2380.0741809857764,3207.0519911763595,2275.96685340753,3773.4402674829703,3300.5568280984794,2147.473682381531,3278.1918585951944,4340.007678362728,6255.925153010531,2099.635844766721,304.67545913514795,2801.493328515025,3995.279959446958,3699.9041639541133,474.530674711004,2502.850153153626,3469.833029351994,4740.065375268987,4104.4233207668385,1832.8605026607777,5806.895624328627,2975.626887642125,3145.468425086793,4052.218178809919,2643.7773059080814,518.9409142182633,4209.706210684549,1383.654441874318,4463.539379669456,5590.376510089019,6169.769995767938,2439.7546691921734,4852.37168426457,4080.902686977591,4270.028138547585,3239.2896415973905,5361.006640210425,944.0895505792059,2712.5881752957885,1880.856668454946,1605.619307950406,2528.6812357907297,3198.6317287175557,4704.461666625562,4886.409358600697,5301.24829772023,3781.415187919444,3777.8543971146214,2715.2814211661835,4958.666434096238,4760.879768713525,4361.648782468548,3854.9400965804575,3026.581325716976,1937.596152977331,4895.9847976428955,4595.173597577969,3823.58194982401,3601.2437745073894,2144.518246104428,235.35741553821296,3716.651721170487,5012.121408275959],
        [1790.826547559663,6078.119971852873,2751.3332019812638,3945.8124691386465,1755.520638228039,4994.107436313833,4950.4177960432235,887.9627980636393,3195.7380028768107,3128.4364111700947,2990.3399213372627,4056.8086120576418,4456.758389746242,3212.344950336926,4017.6859218344953,2373.532975394878,1552.8748613936043,4828.8274695083655,6020.098144785572,4235.867887502414,6365.902032796506,0.0,5378.08319163465,2618.6195514227934,3458.3216285903195,5065.804459818437,4238.762215675056,3283.9964440446356,4135.147282016183,3632.6512827457727,4980.7861447413125,2595.568983463012,4966.065289146097,5327.654292471783,3564.5113593982837,4541.770882721921,452.1341733916787,5420.124824364558,6621.01125105,4650.138767056539,3653.7208064370575,3426.8988386359415,6355.32285835833,3865.600841161743,3325.052934207761,3155.2565616583674,4367.102974475156,4804.897416755841,927.6379258297368,3699.8426035863354,3323.9044081866086,2358.69208560468,4283.354030019461,5896.4291486541915,4265.444058251598,5087.2115790163825,3385.497973484882,1262.7837284081752,198.58257390969612,3950.345040711918,1703.605285280691,3192.446594326939,2683.766326916796,3547.661105535075,1438.379344367998,5673.6576920947355,3799.77148570675,5370.7270470675685,4939.9409458890805,4222.96569150109,4349.1271930629255,4696.955340526628,4638.735515044438,1788.6102006915876,2832.8173235723384,2588.8601411484606,3712.4477891076017,1630.761035050835,2645.9258569622134,4465.107495013121,3208.1262111738242,4619.366291108891,4587.7073007358085,1655.9267165056683,2653.0802286194466,2548.106900815265,3257.971339685112,4560.866010759951,6152.679010634022,2903.4442597088673,1790.826547559663],
        [4589.66317796346,2324.236520308596,2738.085220383616,1809.9358655158744,4242.054645552869,722.6721256168811,428.0868923448207,4868.542511648619,4920.33045141356,2252.748029410229,4939.575842036943,3186.378888598909,2642.00087231718,2560.5081813754027,2906.7894344473016,4761.693716898883,4068.111102078779,3845.0581498921915,1515.8478634842404,2699.630835428612,2227.50252040896,5378.08319163465,0.0,3134.7215431837913,1949.0006543865134,2246.620937244513,1407.47453966403,2455.2621912134173,1507.114008692487,3474.654268732341,3402.0065323670633,3005.4560491750335,1088.1297183209513,112.0055626803243,1815.0029303534598,5203.439304183439,5127.3639625698215,127.99042322934963,2257.9597641468195,3747.7325180900443,4445.829148800099,3969.9382596528803,1844.0221528431082,2244.1911291325555,3579.7142555336504,4976.985142729536,4907.085990793343,2660.3839560278893,5122.269083368257,1706.812515550928,2174.2453856516445,3091.9980302069903,3280.71484980048,1797.2581041748379,4961.326895976826,1336.1058928803634,2586.896228844373,4301.926285827342,5183.1359635939325,1905.1314181164746,4297.702667683514,2390.531881125593,4190.421578335955,3442.5640600650754,4070.424820532634,1333.8906093811665,1743.1647622674795,371.26649100320606,2462.5927000211896,3054.988063754754,3987.199500095349,2507.7249448492917,2696.9189542003296,4939.736508534262,2547.0135782314396,3037.2647680611667,2636.5250797577683,3763.574005309364,3112.528548447388,5190.908463633068,4013.8914504531544,3967.7972221949503,2514.9996983611613,3728.3128798327257,4570.290605148666,3026.298124572909,2134.586011388983,1032.7292251365955,2194.2245249890325,2477.0000303871193,4589.66317796346],
