{
    "drone_dist": [
        [0.0,2055.1578078665248,3303.1821913431213,1386.0753930198775,2417.165669402183,1068.2644416189594,2268.491245774758,2602.134619583645,1417.3632828369016,1511.343182276246,1453.2290410701148,2764.691049699169,2608.6425849371776,1469.069534399564,1449.9834956313377,1146.0550224212354,3285.1503954493637,1113.1292517151574,1631.4397255112465,375.8454309172079,1391.5120799699398,1880.9416912567858,485.32111656079394,2616.606416568557,1764.8602933660582,547.647057394949,1920.5018027995652,2674.3301586928396,2434.8551871041223,2099.662374391002,3777.9715814396036,1210.2289869003757,1876.4524998631864,1899.2919941078783,2407.3424481200423,3670.6448904259314,1342.9074053680456,2706.2221995752516,2223.7620162856497,1666.445078327242,1096.704987350423,1122.39065963616,2491.4618458805658,1001.0017236139304,1811.751301013082,2831.530590404797,1183.6377218561274,1584.451455337931,2483.462568259539,2671.801674523561,1600.3545956540345,1403.0771180615588,2390.332456109867,2826.9561113621526,2607.739747198482,2342.3536228538837,1335.8022623269587,2126.1901676390357,1245.961913699422,2276.214246178048,0.0],
        [2055.1578078665248,0.0,2194.2201883614703,902.9462483304085,2007.0325836073746,2347.321003735719,999.1694648627604,3623.0213087405027,1542.8291943376053,3545.3921245705546,2616.090800752457,2659.4292292251857,4161.918034080473,3277.663768030455,3420.2124421769486,3147.865493866169,2229.6966643895307,950.9834817359427,3228.393317626186,2220.738167388008,663.6554680092972,3633.1662599463093,1704.0900785951708,2209.898868313657,3664.959795374649,2460.7116390183833,3279.154807520618,4550.555039546379,1871.8923197156366,1111.5162931010934,5275.827626112965,1887.6425240571564,1140.6597526153143,3286.9799909989783,3951.4523542586844,5146.41811208655,3394.2816019357156,4676.447884019508,3997.0527241602563,1281.3274856964786,2918.1583518999155,2794.8903721426695,1735.3008113861717,2100.8875807870704,2995.38036712087,3926.698366431031,1961.95348949655,1162.8090564170448,3483.7994222858106,4674.116772455255,3383.2001311302533,2904.7286011720107,4147.037570029505,2500.4763161427004,4653.791718631517,686.9491097814443,2927.4952198424144,4055.1081015286904,3184.9180614979955,1463.774805500943,2055.1578078665248],
        [3303.1821913431213,2194.2201883614703,0.0,2902.399687586425,4197.269192145175,2765.1544996753664,1241.4869883301874,3056.1110679344406,1910.3001925137141,4379.880850223415,2725.4730290017915,1391.7013303274512,4041.9166520796057,4770.633593845191,4108.507606172914,4404.253372069226,83.18677156411492,2483.985899148794,3456.044427434421,3200.58296079605,2423.320696946342,5179.967526234149,2818.128186840627,4403.131289342595,4166.476995256473,3370.3174232274246,5075.620929712971,4836.990133218768,951.0919461932251,3305.5437505487025,4861.418484968633,2254.351166539807,1460.4792319049673,3257.599945804847,5662.61834939769,4723.678364775291,4470.138860448991,5149.239191756619,5526.584633905898,3405.3700532121,3529.768783821853,4378.882404930047,3927.4993812228518,2590.0722676426017,2891.2718948995134,3334.286158261539,3856.6434838869372,3267.4436529280183,2950.8030983809667,5854.044290407083,4900.428119029308,4601.13857340927,4310.651239872916,4693.981729544574,5666.412830715411,1510.0641847905981,3279.3177909837636,4529.937084144706,3873.8011669287216,3657.942950489339,3303.1821913431213],
        [1386.0753930198775,902.9462483304085,2902.399687586425,0.0,1440.0500224156287,2049.368768277147,1662.6272566765192,3540.5185638517974,1594.1587135697287,2890.2430063276142,2402.5781149865647,2999.229184904971,3842.6205375799045,2415.685213701509,2833.3900246011135,2361.1270969794673,2920.15168068379,614.9037655846178,2858.735513887136,1662.0990544205736,496.04672708395555,2753.262898112386,1213.7642126935905,1663.633596183208,3133.4589226344838,1892.242506806872,2376.222234816595,4042.957906717871,2332.016864443609,776.7041729270916,5004.285698821332,1765.5283086684567,1545.0523560121042,3020.741196143282,3049.79486036061,4884.9343372560525,2657.836693468063,4092.1003766378167,3115.6997744658365,548.0906265651863,2419.8072542554487,1923.6397698804356,1328.5308035337237,1836.3900813894948,2805.1576729586936,3822.6010748693334,1059.4502929502955,402.52418135266214,3404.0144189670427,3859.6145890459775,2513.3466493989504,2010.021273403271,3713.948309124429,1942.5994850077484,3887.125897093444,1491.718318830299,2545.495285823869,3505.006653392608,2620.42577395019,1055.7320192122825,1386.0753930198775],
        [2417.165669402183,2007.0325836073746,4197.269192145175,1440.0500224156287,0.0,3344.6193612219,2973.229224056058,4891.504783243452,3029.84582035773,3705.1074964981012,3725.1548289131188,4436.425445871715,5025.383956102889,2686.5608961500134,3767.7765501444183,2939.897863369708,4228.972785703613,2047.1787678391934,4043.9698884695067,2780.531475174025,1918.149133244618,2852.248766253767,2476.5364702073307,223.75544098447585,4121.804601536904,2962.797023634894,2163.9564409987984,5009.105363078729,3742.4814862367757,900.6544852078844,6195.089158379461,3160.558890464123,2952.4338487060872,4279.869419311046,2831.0116902746645,6087.090442656774,3328.1149135634937,4941.345994269121,3155.4785950647406,897.0038157108561,3509.963049596948,2246.416243268505,392.33413782454136,3167.280480982571,4122.193936258737,5156.465638791453,1320.573739566135,1039.6995691279303,4759.391668551699,4174.433414599982,2720.4002714014555,2110.5857877158764,4788.398269803052,507.1147030492378,4357.4039678188565,2693.9423701723535,3740.8757428909616,4441.680915401505,3607.6139681692434,568.6521962586642,2417.165669402183],
        [1068.2644416189594,2347.321003735719,2765.1544996753664,2049.368768277147,3344.6193612219,0.0,2073.105440748876,1559.0539714659478,972.5201857379194,1617.4202784267402,390.4131527627018,1874.7342294305024,1824.2792181540262,2322.5170402885255,1345.439793913398,1814.0443694527462,2723.5105287685665,1501.3652921001644,884.5508527661707,725.3338728960954,1783.8232554713206,2727.7445442598732,868.6064534994784,3558.721651159072,1451.3884867406007,746.8407020511729,2933.7569497326435,2261.6282878431725,1815.9059721746187,2826.070154361198,2967.8302030810755,552.9522067721267,1603.3800850088385,973.3608921997438,3328.7053044858485,2844.7773982342333,1768.2313965710478,2476.6191310497775,3022.930862569072,2495.3002779624353,765.1303840047958,2104.795287391488,3338.086533479059,248.33128740351083,778.096701300621,1813.1686895936987,2219.4288929093977,2376.804063119102,1433.116180418175,3129.8897164820705,2456.3275975985034,2414.7418479798102,1814.2168496520285,3796.8864688935287,2908.283483180869,2319.1170112504324,598.9668335627558,1838.9743992142678,1108.7369584191874,3084.0705824493166,1068.2644416189594],
        [2268.491245774758,999.1694648627604,1241.4869883301874,1662.6272566765192,2973.229224056058,2073.105440748876,0.0,2989.101223358463,1101.3340231209154,3574.609460225575,2206.5190888211005,1740.6792427356395,3737.2897172587946,3695.4420565068503,3364.0768824887996,3412.4338250697883,1263.9132783873833,1294.7845447205489,2922.989724718638,2269.445189308754,1191.7048118619882,4092.012647215957,1798.0765137319595,3184.0382469467886,3519.416763397665,2482.2982000016573,3902.531191432946,4326.908307356726,921.8424638832852,2094.1958622443703,4758.3113060694795,1522.6339017662874,470.10860651663893,2862.010149581061,4522.5173907898525,4622.517200171559,3557.068541052254,4547.894474304558,4449.995035554402,2164.7337115247265,2795.4391295745586,3263.270888713375,2726.045912142603,1839.2228614366504,2516.441651129452,3297.0187841044435,2643.7507541013442,2026.191454838943,2855.6398862028245,4925.735142246515,3818.724241080616,3452.799574691867,3851.9353021729235,3475.078649014325,4810.27752839002,399.74221058700823,2666.2815964179094,3909.9076827060844,3118.7924504508687,2449.006930865569,2268.491245774758],
        [2602.134619583645,3623.0213087405027,3056.1110679344406,3540.5185638517974,4891.504783243452,1559.0539714659478,2989.101223358463,0.0,2080.7519854703005,2416.9020408474944,1170.5993260354624,1685.6191021147208,1103.0301020713123,3607.0068281762406,2077.2468338562467,3026.1515303778724,2983.3842717170714,2944.850712687258,1213.143813717529,2232.988859707073,3188.3696954177417,3969.259528402318,2418.5095418136543,5108.265773155349,1861.392780832267,2153.5369139914974,4345.191274351186,2088.1860006293596,2257.298631212759,4308.456752929944,1814.748982732049,1786.4912118711404,2580.478757722767,819.7816940287787,4613.098455176238,1676.602833377227,2801.4827587738278,2519.1255618882446,4191.211827827933,4024.1108406800204,1766.6864672641461,3519.2730604392905,4858.828068914858,1724.3527918861123,790.4012248083045,308.3269121086787,3773.619466201543,3897.3816193698644,139.41166296557643,3913.536361021883,3730.265735225213,3842.425322204749,1561.9955057011834,5351.763293502375,3543.7458962971295,3350.488646578152,1372.5056400451458,2054.0968981688743,1975.6928226728958,4593.856741315679,2602.134619583645],
        [1417.3632828369016,1542.8291943376053,1910.3001925137141,1594.1587135697287,3029.84582035773,972.5201857379194,1101.3340231209154,2080.7519854703005,0.0,2520.961628642917,1128.4964794703633,1461.3854787133964,2681.8253152430902,2883.8523769905323,2285.9153883296626,2494.702870025178,1884.567541333834,982.6674299959741,1826.5379994873956,1290.3921425864896,1158.971902085398,3296.9587856283974,942.825986508408,3253.579954038482,2422.023146422779,1467.5701303047802,3286.814069276595,3226.6139544172775,1017.5199697439829,2311.8517521924455,3757.791589638381,421.3349250634014,631.2685771811792,1799.3394440172651,3818.1227906844583,3625.672145631384,2567.6935885374187,3448.858586515021,3635.1267726489145,2132.8919707201426,1709.3961009171173,2528.0324502494796,2912.784591934719,744.2065167945583,1477.3802528710785,2383.9191548141953,2223.450714877611,1990.5393929552126,1941.437316309375,3952.0318941894275,3016.1272895649518,2783.8306930163426,2758.4523303257697,3527.1730939467707,3788.787895441494,1371.2053127533031,1565.0430808510475,2811.0311305248597,2041.9460689222049,2632.4989310044293,1417.3632828369016],
        [1511.343182276246,3545.3921245705546,4379.880850223415,2890.2430063276142,3705.1074964981012,1617.4202784267402,3574.609460225575,2416.9020408474944,2520.961628642917,0.0,1753.519286220382,3422.3971035838917,1782.7589759772727,1408.4439608967914,341.91587190337543,861.4303456289504,4339.837359569725,2594.44570197558,1221.4327507861085,1337.0765742974431,2885.6311582995695,1674.077838628665,1853.3930033720815,3870.9372783465615,627.3650469299753,1104.5087260257146,2262.153516881881,1343.8663591712732,3432.4112740899927,3565.851636626124,2804.025797000678,2133.3322172146245,3122.206075427818,1611.7899519229443,2318.5848576037424,2735.038367660188,480.00238229594834,1238.7065385448855,1823.216273809728,3097.1571430658623,861.6908555626934,1585.3555165150294,3866.5657467037204,1794.6227734718432,1827.8937203575235,2494.42611346899,2384.7649494217562,3040.7520002522774,2362.8162285793587,1556.63014075413,1498.714930252963,1869.558100469661,1312.956011113572,4019.648232112214,1292.1813788358058,3736.9588774859217,1203.9562177311204,784.3134090146604,522.0776631852257,3691.1616317060093,1511.343182276246],
        [1453.2290410701148,2616.090800752457,2725.4730290017915,2402.5781149865647,3725.1548289131188,390.4131527627018,2206.5190888211005,1170.5993260354624,1128.4964794703633,1753.519286220382,0.0,1668.8846725920455,1556.1626154489234,2636.273933035998,1439.4997333437743,2097.1268999315816,2674.0162750336667,1829.763605886887,739.4949861356855,1098.4081180318638,2097.847679079148,3032.1898713196333,1249.3678597605026,3940.701765920205,1444.5922053489194,1075.7951146203457,3289.1029718564964,2146.9395177883384,1780.4351765667507,3177.7683549153976,2661.062328269056,731.8674572972445,1741.9382110412862,674.2383023433795,3649.7158039908813,2533.0304159859147,1989.8404529266668,2427.592789248461,3308.2601520281114,2866.5431345383963,903.2172084263449,2457.1732144545826,3706.5691350298857,566.5131207558655,402.6198148345474,1431.7456873263866,2609.7980040360967,2744.0679768778123,1043.289884444711,3304.56838901708,2768.1333521108904,2772.728301219098,1650.7524854458616,4181.966808606524,3036.5220426707365,2498.9610693082127,566.3061235804289,1804.537513942726,1231.7863702211823,3447.6067466923105,1453.2290410701148],
        [2764.691049699169,2659.4292292251857,1391.7013303274512,2999.229184904971,4436.425445871715,1874.7342294305024,1740.6792427356395,1685.6191021147208,1461.3854787133964,3422.3971035838917,1668.8846725920455,0.0,2726.165885070315,4167.806975137116,3105.839147491524,3684.781536888928,1314.5170276268288,2411.510295237826,2316.1696344903817,2520.6489527617855,2519.583775597029,4579.342909552346,2339.3932022148647,4659.242625538127,3068.6262518260905,2607.809273536407,4682.617162381783,3606.5079258233354,821.4187731132157,3643.7067344268175,3476.163137273999,1554.4987919937737,1528.8878607276215,2033.3831081795993,5154.440969247591,3338.8581036093074,3635.130941140551,3971.019493700428,4887.906007600031,3547.105972037979,2568.227070267506,3883.6028895442346,4271.769712929122,1806.9905007620907,1689.2055699840046,1951.7391064605815,3682.5685799306757,3401.729121989703,1592.2920459443783,4971.541479464462,4302.458741871094,4167.175430226435,3066.761824781689,4941.064537476594,4703.29437298443,2140.2512165818785,2226.9871958181434,3389.9837355845084,2900.56969667277,3987.106735401287,2764.691049699169],
        [2608.6425849371776,4161.918034080473,4041.9166520796057,3842.6205375799045,5025.383956102889,1824.2792181540262,3737.2897172587946,1103.0301020713123,2681.8253152430902,1782.7589759772727,1556.1626154489234,2726.165885070315,0.0,3163.2709279988208,1500.8640990201145,2581.4985600038494,3975.5615375388525,3321.9633903627678,988.287644144332,2246.578003554061,3607.5761781575984,3455.3215542676717,2629.711464824959,5225.114868943332,1155.5738195613123,2066.0615295917287,3993.263707578222,1017.3089343105296,3161.9640676904874,4614.472237502118,1170.6828733834045,2287.0268766873387,3281.7772306078155,882.6026496671194,4101.189450524851,1062.135155768282,2249.9701900830864,1475.9262168651567,3598.222197440348,4237.747431277761,1527.2921142678908,3228.6041925048926,5078.746113988965,2065.5646671804916,1221.3651271180192,974.0192691723008,3766.135382938933,4134.441661529076,1155.8453051755885,3080.380971342017,3265.54672089302,3544.076730025441,554.2011778336755,5430.306648465831,2658.356941797044,4048.2298213039358,1299.9951062823206,1158.009510909626,1534.7269475476965,4843.38231067801,2608.6425849371776],
        [1469.069534399564,3277.663768030455,4770.633593845191,2415.685213701509,2686.5608961500134,2322.5170402885255,3695.4420565068503,3607.0068281762406,2883.8523769905323,1408.4439608967914,2636.273933035998,4167.806975137116,3163.2709279988208,0.0,1662.407659236142,589.3302084820823,4753.707813656275,2438.2721930998027,2410.394378154,1648.429886285802,2653.5586832638123,414.28725817500435,1953.0084168049013,2801.6910585431106,2018.108686033666,1575.745009816385,859.4530609801951,2713.7386681359717,3900.9548995007494,2861.3685079438997,4212.422917911893,2635.0644016033466,3331.902648919844,2792.681687433569,1014.9085349428619,4142.165848680232,928.4556021119841,2490.4922508800396,757.0678683778515,2364.920193230883,1840.925407050137,496.90408648380605,2950.7251906838437,2360.823395357461,2879.793062901839,3751.0541288126556,1495.4608111179004,2373.6791945888467,3520.9085528277005,1506.274209194028,134.65699983564068,584.3036872452465,2719.5289388928145,2880.6146195412134,1674.2166921404912,3708.7020024727126,2240.646565708677,2178.908705303133,1666.665645955591,2858.7481490135847,1469.069534399564],
        [1449.9834956313377,3420.2124421769486,4108.507606172914,2833.3900246011135,3767.7765501444183,1345.439793913398,3364.0768824887996,2077.2468338562467,2285.9153883296626,341.91587190337543,1439.4997333437743,3105.839147491524,1500.8640990201145,1662.407659236142,0.0,1082.486991445736,4064.959794146926,2473.8526748924282,879.5603354100226,1201.710084176432,2771.203842351006,1965.0889875108057,1716.1716591039362,3946.12202949534,373.35831928991564,961.4055526709225,2497.0183698296937,1242.9381174657383,3157.908506742513,3545.91935818076,2577.9308386028006,1882.53851376189,2902.69908901496,1270.0488915945473,2614.199620954302,2497.9127003656986,758.1077278480478,1263.031532241318,2140.7009655220013,3096.9392497417816,580.9275697009068,1760.4203540878195,3896.8226941308917,1545.3405570040115,1490.3726487514057,2162.7618091201716,2452.9087453797224,3025.9099674711324,2021.4585169493598,1889.8176048343034,1765.7722017807146,2065.6315309480456,1084.50067884674,4115.083569741861,1597.4920353893983,3554.6396300392244,879.4411508524269,680.7595497640075,245.32968118560697,3701.9464408157583,1449.9834956313377],
        [1146.0550224212354,3147.865493866169,4404.253372069226,2361.1270969794673,2939.897863369708,1814.0443694527462,3412.4338250697883,3026.1515303778724,2494.702870025178,861.4303456289504,2097.1268999315816,3684.781536888928,2581.4985600038494,589.3302084820823,1082.486991445736,0.0,4379.259700844899,2234.589095387274,1824.058330586742,1208.2125274756004,2491.4619847176127,946.4670431627238,1616.5665489583712,3087.9315128704466,1446.2651105918274,1078.5422541281207,1415.0158392997732,2200.450718094615,3498.0008599203884,2937.1852616359797,3651.031774440458,2193.586069196134,3008.245130415893,2209.2306097737173,1586.9762567877463,3575.614193542491,403.6180533874588,2038.5897940248472,1211.949917830246,2445.040372396084,1264.5165083465042,735.7746747722955,3145.7001137328716,1890.2815901265794,2313.65661578621,3164.0299408158244,1640.9788793369592,2418.2641632543678,2943.7813922584237,1532.0873122662204,706.0033398223857,1008.5211280767064,2154.9484786956223,3212.562261003557,1526.6799173049785,3484.8532754534494,1667.3414617127378,1645.4889569485597,1077.340983414464,3004.7280094221574,1146.0550224212354],
        [3285.1503954493637,2229.6966643895307,83.18677156411492,2920.15168068379,4228.972785703613,2723.5105287685665,1263.9132783873833,2983.3842717170714,1884.567541333834,4339.837359569725,2674.0162750336667,1314.5170276268288,3975.5615375388525,4753.707813656275,4064.959794146926,4379.259700844899,0.0,2488.1249985310515,3402.0034173604154,3173.64698543972,2437.350242113088,5164.035982847704,2800.699588748287,4436.358568413194,4116.748588347495,3339.2758656775018,5072.146448275992,4778.495127838946,907.6046371864942,3340.0133042900693,4786.733698769027,2219.239207332887,1457.0817773654485,3197.3955186764324,5653.24185183513,4649.079628337008,4438.100272303964,5095.066067214908,5508.911128361458,3428.5244665618898,3487.2705172170095,4367.510563326075,3964.541212240964,2553.358577459068,2831.6156560532595,3259.902079229487,3862.8054930198646,3289.5048070428797,2879.3647370773124,5821.248234058579,4884.089348318969,4594.075560945444,4250.58610592709,4727.367927625029,5628.013141145023,1548.6080955711184,3230.3656888205633,4477.861627360889,3831.573965427719,3693.2350709640455,3285.1503954493637],
        [1113.1292517151574,950.9834817359427,2483.985899148794,614.9037655846178,2047.1787678391934,1501.3652921001644,1294.7845447205489,2944.850712687258,982.6674299959741,2594.44570197558,1829.763605886887,2411.510295237826,3321.9633903627678,2438.2721930998027,2473.8526748924282,2234.589095387274,2488.1249985310515,0.0,2354.5824883143546,1272.4780281472267,299.24605316674706,2822.6902192547473,759.6981980843749,2270.9125727310975,2731.0510031645695,1512.800037759731,2608.3396687161576,3627.1396159637115,1797.6660189469012,1365.0250045976054,4469.1088282518685,1160.7931620326058,1041.9041304840578,2472.763140095482,3230.1226435350454,4345.547777565823,2456.0035728151856,3733.5570434272104,3184.624108897479,1150.2327616126504,1988.9449874441761,1985.0872912707703,1941.99663272452,1270.83857902327,2229.9305216202865,3232.622830892802,1375.8639740023266,1008.0202425823721,2807.154426127544,3766.6575982807117,2555.7171074004973,2160.244210741011,3249.977803267376,2545.10272033137,3720.251445040427,1270.50878435,2044.4634645913482,3118.0106755493957,2241.374168121173,1666.1785855802636,1113.1292517151574],
        [1631.4397255112465,3228.393317626186,3456.044427434421,2858.735513887136,4043.9698884695067,884.5508527661707,2922.989724718638,1213.143813717529,1826.5379994873956,1221.4327507861085,739.4949861356855,2316.1696344903817,988.287644144332,2410.394378154,879.5603354100226,1824.058330586742,3402.0034173604154,2354.5824883143546,0.0,1263.461148470518,2645.961341851017,2761.9362025390915,1644.9803970379905,4246.400376438052,755.2039799312807,1098.9318783332556,3182.3386530630887,1410.030962492165,2515.7430135601858,3628.5091332628235,2157.9923808474564,1408.1630321156995,2454.0328534214996,394.7618910970415,3408.5154145014235,2045.6151713359593,1588.4578836200956,1693.1994933695403,2978.1694934472744,3249.564661125093,597.3466157616627,2373.316962005107,4090.9689680905235,1132.8659526017111,637.3461989005872,1340.7990111779945,2803.7127212800287,3146.244953854055,1146.9391152167752,2758.9664041495653,2530.026810283693,2696.7729711546845,933.2281151401463,4458.25041968466,2432.4412874905,3191.9817525366625,313.2432503874023,1081.65203519858,762.622299109804,3855.102054696568,1631.4397255112465],
        [375.8454309172079,2220.738167388008,3200.58296079605,1662.0990544205736,2780.531475174025,725.3338728960954,2269.445189308754,2232.988859707073,1290.3921425864896,1337.0765742974431,1098.4081180318638,2520.6489527617855,2246.578003554061,1648.429886285802,1201.710084176432,1208.2125274756004,3173.64698543972,1272.4780281472267,1263.461148470518,0.0,1569.5116208798256,2061.366315673875,518.2912773181013,2983.231600624699,1475.6557662147623,240.34780332041285,2211.781178138299,2383.041098395894,2289.7884573886827,2408.845172676752,3417.1594878499086,991.6246656804956,1836.714079317436,1523.4999250720616,2636.2158545857815,3307.3969190994067,1290.9559528355794,2463.1334194107517,2380.6125051775152,2000.9028775970025,760.4332080674926,1386.5215954039998,2836.7671270389255,715.2093655075076,1443.333583838477,2457.8099427541174,1559.4825354104066,1907.0160408772679,2116.761150232366,2670.560866542338,1783.057875443856,1692.0387135233007,2059.5381748426325,3198.387752333673,2541.083573430777,2405.527996173147,963.105051913201,1855.2648025088108,972.4634481106192,2610.2057776962547,375.8454309172079],
        [1391.5120799699398,663.6554680092972,2423.320696946342,496.04672708395555,1918.149133244618,1783.8232554713206,1191.7048118619882,3188.3696954177417,1158.971902085398,2885.6311582995695,2097.847679079148,2519.583775597029,3607.5761781575984,2653.5586832638123,2771.203842351006,2491.4619847176127,2437.350242113088,299.24605316674706,2645.961341851017,1569.5116208798256,0.0,3024.6480016387663,1058.5768054898772,2140.421718340202,3030.266592883553,1809.8495626964889,2745.454527115661,3926.209666578451,1836.9035164459992,1153.3693050050172,4748.6378230569735,1403.049067722079,1049.1004601930472,2750.843870316919,3392.36311790986,4623.634534323249,2731.0940756936848,4031.705175039163,3388.5052855980375,1038.6452870449532,2288.108797804571,2183.2459916907774,1763.4420867010936,1547.3723517566175,2494.39115642403,3481.6037936342555,1459.0017533805988,892.9936993376565,3049.6365380296647,4021.124383868616,2765.2836784536703,2327.5378639994624,3546.196866966622,2424.089996608682,3991.8191552801823,1082.4434520063796,2337.193460974096,3417.0395416418833,2539.646196253523,1480.4977198129995,1391.5120799699398],
        [1880.9416912567858,3633.1662599463093,5179.967526234149,2753.262898112386,2852.248766253767,2727.7445442598732,4092.012647215957,3969.259528402318,3296.9587856283974,1674.077838628665,3032.1898713196333,4579.342909552346,3455.3215542676717,414.28725817500435,1965.0889875108057,946.4670431627238,5164.035982847704,2822.6902192547473,2761.9362025390915,2061.366315673875,3024.6480016387663,0.0,2363.760208594621,2940.1354016651453,2300.03609029874,1981.1773796702116,778.6254512706689,2908.8506338956313,4314.269854628736,3133.0592761681078,4457.696329520529,3049.0257416331888,3736.9449809456078,3150.6867483712826,649.7326612965416,4396.778270491852,1207.575408985093,2629.383428880936,364.1338034670891,2643.8198991846093,2210.7669913942746,841.4122403329615,3151.27085597176,2772.4687090015555,3259.761029556035,4097.952068426083,1770.6751712057915,2669.78646534923,3889.0079275648322,1342.3397808631148,280.8760829469508,778.1344866008878,2980.508557242002,2980.0700591804703,1617.6567838552958,4090.888146739968,2613.7757432912845,2406.5033092640097,2004.5544654798916,3091.460173376415,1880.9416912567858],
        [485.32111656079394,1704.0900785951708,2818.128186840627,1213.7642126935905,2476.5364702073307,868.6064534994784,1798.0765137319595,2418.5095418136543,942.825986508408,1853.3930033720815,1249.3678597605026,2339.3932022148647,2629.711464824959,1953.0084168049013,1716.1716591039362,1616.5665489583712,2800.699588748287,759.6981980843749,1644.9803970379905,518.2912773181013,1058.5768054898772,2363.760208594621,0.0,2691.478382882012,1972.347270686,757.2838159940728,2352.8728390302626,2871.698459497599,1958.0072919249262,1984.8804042977847,3793.813567961225,802.3895995469458,1394.068898938236,1822.8692213081617,2875.380209974889,3676.102112839326,1768.941667575887,2974.303585509335,2708.5043663215197,1629.958665876994,1233.538226503942,1585.2113273243249,2473.9773231417494,701.1330601263807,1645.6818145302564,2680.0206012152694,1406.9380735509847,1515.7119505257278,2288.505764871784,3128.4904116173625,2083.5610441883277,1844.7395035308223,2511.4077568612324,2933.275235039454,3031.9493136760275,1902.7367697623588,1331.7448545275654,2358.4866461860825,1482.1075327045523,2225.282452816043,485.32111656079394],
        [2616.606416568557,2209.898868313657,4403.131289342595,1663.633596183208,223.75544098447585,3558.721651159072,3184.0382469467886,5108.265773155349,3253.579954038482,3870.9372783465615,3940.701765920205,4659.242625538127,5225.114868943332,2801.6910585431106,3946.12202949534,3087.9315128704466,4436.358568413194,2270.9125727310975,4246.400376438052,2983.231600624699,2140.421718340202,2940.1354016651453,2691.478382882012,0.0,4303.860045846467,3160.107149452884,2223.787738142009,5184.909229477206,3961.9500034977114,1098.807757021466,6393.77359811261,3382.1559897713896,3172.222486477179,4488.771062334754,2870.5400887063274,6287.190780967455,3481.3337099289324,5103.698208230388,3228.8190248286505,1120.7112419939062,3705.510254001156,2379.765811135037,518.7223280456178,3384.4829440657845,4336.666222913624,5371.399607933626,1493.3041230901354,1263.4491351340457,4976.652732074421,4273.550258224211,2826.2583952227087,2219.7295074911412,4977.100689933562,291.09552052860397,4475.845051051044,2896.5723816454883,3945.2369210231304,4616.493541461962,3792.4823396127485,752.2437095672896,2616.606416568557],
        [1764.8602933660582,3664.959795374649,4166.476995256473,3133.4589226344838,4121.804601536904,1451.3884867406007,3519.416763397665,1861.392780832267,2422.023146422779,627.3650469299753,1444.5922053489194,3068.6262518260905,1155.5738195613123,2018.108686033666,373.35831928991564,1446.2651105918274,4116.748588347495,2731.0510031645695,755.2039799312807,1475.6557662147623,3030.266592883553,2300.03609029874,1972.347270686,4303.860045846467,0.0,1241.4666083755742,2861.0119358091424,910.1914295499761,3217.6727961926113,3864.023504977007,2207.0244489793035,2004.1847653331192,3051.0612282260317,1101.8206595160884,2945.6158937055347,2129.5068834753365,1096.745749008139,1029.9812100470838,2447.6602305658184,3427.1195107999843,747.9897265788594,2133.3039778094158,4238.287057035567,1680.20287312816,1392.0117856990103,1903.4989430837225,2811.926443668076,3349.0590127072974,1826.748130323611,2052.1488092753975,2115.6680298364963,2436.988226056483,711.9151477037892,4478.233215584362,1694.524605515783,3742.002755210781,887.8284641924499,393.6992582618119,520.126411197454,4035.2069089606207,1764.8602933660582],
        [547.647057394949,2460.7116390183833,3370.3174232274246,1892.242506806872,2962.797023634894,746.8407020511729,2482.2982000016573,2153.5369139914974,1467.5701303047802,1104.5087260257146,1075.7951146203457,2607.809273536407,2066.0615295917287,1575.745009816385,961.4055526709225,1078.5422541281207,3339.2758656775018,1512.800037759731,1098.9318783332556,240.34780332041285,1809.8495626964889,1981.1773796702116,757.2838159940728,3160.107149452884,1241.4666083755742,0.0,2216.192193966233,2150.715522122438,2443.9386997863708,2630.1820094022787,3233.7250790125954,1127.6134003362984,2039.9607571364315,1399.4639762266668,2583.5349748763333,3128.1350950232713,1100.5169585744072,2223.173944235194,2280.7799765115624,2209.4469953113676,549.0828853265999,1383.9965835881546,3038.2433503678085,813.2758096862414,1375.0262590323605,2356.8680192530915,1705.1075105690563,2121.867750934687,2046.1898803679749,2484.9994688105066,1709.4995613868066,1702.6173460891982,1845.14702453337,3364.5685540396644,2331.3410932829593,2632.893577592491,819.3949516690906,1617.798456408495,733.639992433932,2819.516305003723,547.647057394949],
        [1920.5018027995652,3279.154807520618,5075.620929712971,2376.222234816595,2163.9564409987984,2933.7569497326435,3902.531191432946,4345.191274351186,3286.814069276595,2262.153516881881,3289.1029718564964,4682.617162381783,3993.263707578222,859.4530609801951,2497.0183698296937,1415.0158392997732,5072.146448275992,2608.3396687161576,3182.3386530630887,2211.781178138299,2745.454527115661,778.6254512706689,2352.8728390302626,2223.787738142009,2861.0119358091424,2216.192193966233,0.0,3573.0979771119164,4286.5932022886855,2589.964475042672,5063.487561268022,3128.738465123292,3615.5259427185592,3548.118481993463,697.5001801324856,4989.86588586739,1783.3133459513856,3339.991603310924,1013.0086445950207,2132.6363007720247,2591.213057242192,832.2217535202733,2497.430145526661,2912.0587941065373,3583.752815212906,4516.51172145392,1318.0218441778934,2193.53113983988,4247.073035281474,2110.3245365544035,796.9995376753797,520.0402153164556,3568.1148416675433,2233.89058887639,2395.625523839575,3826.8829868034695,2974.0354697198627,3037.1406076950902,2470.5295420164243,2483.724181642667,1920.5018027995652],
        [2674.3301586928396,4550.555039546379,4836.990133218768,4042.957906717871,5009.105363078729,2261.6282878431725,4326.908307356726,2088.1860006293596,3226.6139544172775,1343.8663591712732,2146.9395177883384,3606.5079258233354,1017.3089343105296,2713.7386681359717,1242.9381174657383,2200.450718094615,4778.495127838946,3627.1396159637115,1410.030962492165,2383.041098395894,3926.209666578451,2908.8506338956313,2871.698459497599,5184.909229477206,910.1914295499761,2150.715522122438,3573.0979771119164,0.0,3908.999429294047,4773.849636530267,1605.289755156308,2805.578528417716,3856.9956800263017,1584.5056130222981,3518.3912436359633,1575.8434465074656,1803.3263174581848,470.91307007652745,2961.6421781582007,4333.927086494668,1638.4391356481256,2929.0242996660613,5139.078909302151,2505.4166574965157,1947.748386147541,1989.8135767119436,3691.803154882498,4257.9337210433105,2115.331839048222,2225.612898840181,2784.9269386220376,3208.370882123508,541.0820830238606,5346.921989256837,1769.3847471237832,4580.4288448951265,1663.238365726036,569.011074481494,1428.432286795829,4940.888173280405,2674.3301586928396],
        [2434.8551871041223,1871.8923197156366,951.0919461932251,2332.016864443609,3742.4814862367757,1815.9059721746187,921.8424638832852,2257.298631212759,1017.5199697439829,3432.4112740899927,1780.4351765667507,821.4187731132157,3161.9640676904874,3900.9548995007494,3157.908506742513,3498.0008599203884,907.6046371864942,1797.6660189469012,2515.7430135601858,2289.7884573886827,1836.9035164459992,4314.269854628736,1958.0072919249262,3961.9500034977114,3217.6727961926113,2443.9386997863708,4286.5932022886855,3908.999429294047,0.0,2907.437456835365,4069.7185424097756,1318.2049916840288,790.3207146495349,2341.6802461731268,4832.656717677026,3931.701381149657,3539.350606412609,4207.60885522821,4651.1096087584265,2875.0510138453383,2579.795009610207,3542.2636515798345,3542.173111412891,1649.0962458177682,1974.6386929225694,2555.7523723698796,3153.33919828199,2729.604206319105,2136.186025816987,4920.4703550777795,4033.413900452489,3790.5673310013362,3390.3532277102986,4249.59333317927,4721.198371478219,1320.6071729575763,2330.0100437697506,3584.358929174351,2924.0495853442126,3258.5176661208625,2434.8551871041223],
        [2099.662374391002,1111.5162931010934,3305.5437505487025,776.7041729270916,900.6544852078844,2826.070154361198,2094.1958622443703,4308.456752929944,2311.8517521924455,3565.851636626124,3177.7683549153976,3643.7067344268175,4614.472237502118,2861.3685079438997,3545.91935818076,2937.1852616359797,3340.0133042900693,1365.0250045976054,3628.5091332628235,2408.845172676752,1153.3693050050172,3133.0592761681078,1984.8804042977847,1098.807757021466,3864.023504977007,2630.1820094022787,2589.964475042672,4773.849636530267,2907.437456835365,0.0,5778.296401732378,2525.8111203983367,2125.6622641018416,3797.200761742077,3287.46086580188,5659.731176064669,3277.6135370904417,4790.895163571573,3479.124029819155,497.72956092445895,3169.2722746194113,2368.624845833981,635.492404062198,2612.021637875336,3580.1956918722867,4593.671378181707,1367.776912295512,525.5472996665934,4171.139890670014,4359.978670997755,2933.9841104359934,2355.229515742698,4468.102161058909,1389.1069194501808,4451.043743152138,1797.8928858491747,3315.491615945257,4224.612245361629,3345.598140468957,354.8783550264122,2099.662374391002],
        [3777.9715814396036,5275.827626112965,4861.418484968633,5004.285698821332,6195.089158379461,2967.8302030810755,4758.3113060694795,1814.748982732049,3757.791589638381,2804.025797000678,2661.062328269056,3476.163137273999,1170.6828733834045,4212.422917911893,2577.9308386028006,3651.031774440458,4786.733698769027,4469.1088282518685,2157.9923808474564,3417.1594878499086,4748.6378230569735,4457.696329520529,3793.813567961225,6393.77359811261,2207.0244489793035,3233.7250790125954,5063.487561268022,1605.289755156308,4069.7185424097756,5778.296401732378,0.0,3388.309316927214,4323.304108812532,1997.8493203046753,5086.357911345428,138.14806931121657,3284.025236026781,2024.156710811202,4544.439204859757,5407.388403251502,2690.568673101488,4337.015268287723,6248.954771686391,3201.2655602341033,2282.725242347863,1527.3433998525027,4928.462411664827,5302.7434006381545,1933.5353281876553,3823.3502414511813,4301.053033073088,4643.53819645384,1496.150430721183,6595.800760322602,3360.9173688404358,5098.087231301658,2468.3065635203693,2051.8783165782174,2658.869216913404,6012.142418426907,3777.9715814396036],
        [1210.2289869003757,1887.6425240571564,2254.351166539807,1765.5283086684567,3160.558890464123,552.9522067721267,1522.6339017662874,1786.4912118711404,421.3349250634014,2133.3322172146245,731.8674572972445,1554.4987919937737,2287.0268766873387,2635.0644016033466,1882.53851376189,2193.586069196134,2219.239207332887,1160.7931620326058,1408.1630321156995,991.6246656804956,1403.049067722079,3049.0257416331888,802.3895995469458,3382.1559897713896,2004.1847653331192,1127.6134003362984,3128.738465123292,2805.578528417716,1318.2049916840288,2525.8111203983367,3388.309316927214,0.0,1052.5377927366628,1405.9508271761108,3607.326590868198,3258.775599068865,2221.1456854409143,3029.438818360174,3371.927016531795,2272.644867417781,1302.571888884972,2330.389342002113,3092.4799002277177,338.8511661156385,1108.4285766189282,2078.559301401398,2197.887766677092,2138.606362186488,1648.1762492695243,3602.7355828303466,2769.414182980922,2612.7457429459087,2341.0640678889545,3642.268864499392,3414.198339752967,1784.3701216594554,1143.709336743864,2391.8825464399624,1640.7289700278084,2821.2544054174377,1210.2289869003757],
        [1876.4524998631864,1140.6597526153143,1460.4792319049673,1545.0523560121042,2952.4338487060872,1603.3800850088385,470.10860651663893,2580.478757722767,631.2685771811792,3122.206075427818,1741.9382110412862,1528.8878607276215,3281.7772306078155,3331.902648919844,2902.69908901496,3008.245130415893,1457.0817773654485,1041.9041304840578,2454.0328534214996,1836.714079317436,1049.1004601930472,3736.9449809456078,1394.068898938236,3172.222486477179,3051.0612282260317,2039.9607571364315,3615.5259427185592,3856.9956800263017,790.3207146495349,2125.6622641018416,4323.304108812532,1052.5377927366628,0.0,2402.9871926277197,4204.690177133731,4188.640509453096,3127.670032151662,4078.9450631344303,4088.964220107041,2085.8981948039027,2330.8822646003227,2924.925934360186,2758.6847983570383,1371.0459051987962,2063.5765339339277,2888.6850878907035,2416.748274329516,1940.6776417517672,2444.0819763197196,4505.145792970615,3459.3027533125305,3141.3113968314155,3384.029686193462,3459.5470054009725,4371.293000498612,774.9531820986034,2196.172998069527,3440.994120403969,2657.669781624721,2474.366930899371,1876.4524998631864],
        [1899.2919941078783,3286.9799909989783,3257.599945804847,3020.741196143282,4279.869419311046,973.3608921997438,2862.010149581061,819.7816940287787,1799.3394440172651,1611.7899519229443,674.2383023433795,2033.3831081795993,882.6026496671194,2792.681687433569,1270.0488915945473,2209.2306097737173,3197.3955186764324,2472.763140095482,394.7618910970415,1523.4999250720616,2750.843870316919,3150.6867483712826,1822.8692213081617,4488.771062334754,1101.8206595160884,1399.4639762266668,3548.118481993463,1584.5056130222981,2341.6802461731268,3797.200761742077,1997.8493203046753,1405.9508271761108,2402.9871926277197,0.0,3795.6739500866206,1873.0323336223016,1982.8148320393302,1937.7972435796573,3371.685886708906,3451.946335959827,957.8793258486439,2729.676050183111,4296.228519807095,1203.5056573428617,367.2074887361399,969.0734162473394,3082.8221963190085,3338.5175035156262,752.5425848067106,3137.806769503716,2914.4310281975195,3053.6775440539745,1053.190941394125,4713.785911945126,2795.509498402757,3166.933371953172,583.346306862284,1373.0040948570113,1156.4021763911553,4047.844743696481,1899.2919941078783],
        [2407.3424481200423,3951.4523542586844,5662.61834939769,3049.79486036061,2831.0116902746645,3328.7053044858485,4522.5173907898525,4613.098455176238,3818.1227906844583,2318.5848576037424,3649.7158039908813,5154.440969247591,4101.189450524851,1014.9085349428619,2614.199620954302,1586.9762567877463,5653.24185183513,3230.1226435350454,3408.5154145014235,2636.2158545857815,3392.36311790986,649.7326612965416,2875.380209974889,2870.5400887063274,2945.6158937055347,2583.5349748763333,697.5001801324856,3518.3912436359633,4832.656717677026,3287.46086580188,5086.357911345428,3607.326590868198,4204.690177133731,3795.6739500866206,0.0,5029.554948304477,1856.2744487000732,3207.4954226665996,581.9555787380971,2828.459515784681,2850.194085697833,1290.3932884543342,3177.7237197755544,3351.416449367719,3893.6414166396085,4746.070075106649,1999.007199575847,2885.7621505218244,4530.288083677374,1683.4661178025513,885.9653012499529,1069.8956646543097,3618.722892629859,2846.280457554742,2062.0647381005265,4474.322585662944,3251.8049826967726,3034.8917084005225,2653.029709084803,3176.094153582817,2407.3424481200423],
