{
    "drone_dist": [
        [0.0,2.8479791724299357,15.249131717586282,42.053210166039996,12.851451185408479,17.064283080453645,23.05457438775839,39.825046837408664,33.234895354354634,2.6419343998736387,22.483211526338774,20.09492122530692,20.687592038910697,31.169379790251178,29.909797624260726,8.27585040851632,44.25436071836724,21.80576428451006,47.43192722111845,8.447935038482571,2.5315724979318732,9.323796227497583,29.238203081675003,7.934582096961355,6.355476983614405,41.00505726426257,36.20335981736173,32.106713069757184,9.001906378710908,23.296233528235383,0.0],
        [2.8479791724299357,0.0,17.168753909820747,44.64303561817989,12.74939325471822,19.27154884290444,25.662586398814156,42.56121386696848,36.081461170988845,1.124477884689942,25.312419674774926,19.220506357938152,23.41154813710037,33.96282573503443,31.278372104717924,6.981733466749997,46.67045180389137,24.35589628364611,50.19578969767185,10.608830921855763,1.3374052050979182,12.092887828230063,30.82760197510767,8.917704872224888,4.675918378637354,43.353540533388006,38.503452166289094,33.37114285599858,9.950804138814263,26.117752122213602,2.8479791724299357],
        [15.249131717586282,17.168753909820747,0.0,29.13848099649878,11.411078805414732,23.584805669019445,11.58355542123153,28.65502598335217,27.053749451904974,17.62157409281495,15.771311305835138,18.247902765126774,20.97682401456206,27.843936016359912,15.345675559335486,15.31985094917728,30.187189524266145,9.88391057729702,36.447141361811866,18.438431994327118,15.907909785596598,14.417149512567397,14.218247130472763,9.01923737694597,21.551258399089015,26.668418944824502,21.724329610458483,17.75122798407274,8.361404518783479,20.425363833183273,15.249131717586282],
        [42.053210166039996,44.64303561817989,29.13848099649878,0.0,40.22969096171935,38.86476949186597,18.999363560090366,6.603581012603511,19.70286781827748,44.69342822868946,21.899491503131767,45.458796758901784,30.554927177514713,25.481743689696426,26.229234801593943,44.36128981349353,6.093137444728418,20.296890423393766,10.116971582721003,40.247918167917824,43.61051524827798,35.522573627109125,23.676404193267867,37.91614255765173,48.15997794069568,7.443944518705942,10.074083095377855,27.322424174968344,37.40803883639917,26.08228497470248,42.053210166039996],
        [12.851451185408479,12.74939325471822,11.411078805414732,40.22969096171935,0.0,28.196001077454568,22.954310442958423,40.0553828607605,37.71641594083186,13.76644131122973,26.175577938929116,8.152246842646697,28.81808805652878,37.58602746757486,20.69586166888703,6.744364335212021,40.64229891598488,21.268003015322606,47.84008920209782,20.357393137816178,11.529462489173385,18.681756711242247,21.091808948445156,5.960685220466142,17.24411569870851,36.957454502891046,32.00661617808108,22.36529278310893,5.30333016596948,29.664299085845187,12.851451185408479],
        [17.064283080453645,19.27154884290444,23.584805669019445,38.86476949186597,28.196001077454568,0.0,22.754009300088327,34.24818228052888,23.02053704989005,18.3232917887124,17.157410868110127,36.20696213367579,8.622711761809605,18.57819790095972,38.25156484440703,25.224997213503382,43.12877920880895,22.67950397928508,40.587280899058946,8.666996905262769,19.529161037752534,9.686503170654944,36.43705539575784,22.24828047761531,18.74719970960782,40.91567097928499,37.1232868079633,40.75560364410878,23.033722463587985,13.174069580607448,17.064283080453645],
        [23.05457438775839,25.662586398814156,11.58355542123153,18.999363560090366,22.954310442958423,22.754009300088327,0.0,17.348602597384865,16.43473649656878,25.695308734585485,7.18007566714219,29.703028305136673,16.238016323272227,18.76876375629755,18.651857627709028,25.957659326230218,21.646924269998802,1.709934636055694,25.145720842437786,21.91632605745095,24.658542727730776,17.074866161065714,16.107775046226624,19.497771028474986,29.17732488588414,18.809770482707886,14.548349670216746,21.026509240038404,19.171676465106138,13.302706615995163,23.05457438775839],
        [39.825046837408664,42.56121386696848,28.65502598335217,6.603581012603511,40.0553828607605,34.24818228052888,17.348602597384865,0.0,13.451028124520212,42.4506464508802,18.062233138258453,46.18193116167778,25.694147943389297,19.329645441982496,29.24432530607061,43.3032513014458,12.675296004989434,18.944781468401462,7.804031363082239,36.804955616263214,41.663366411619485,32.308497329578614,26.495073996523487,36.84620338787227,45.62448817788327,13.31769011123561,14.16496710028899,30.772064616836357,36.51041787887234,21.12619216059298,39.825046837408664],
        [33.234895354354634,36.081461170988845,27.053749451904974,19.70286781827748,37.71641594083186,23.02053704989005,16.43473649656878,13.451028124520212,0.0,35.644418276017426,11.552357058340263,45.217650939465884,14.562759750184005,5.898898956208567,34.28601056577507,38.890984890507674,25.453032818125934,18.001023990405074,18.097231921045775,27.871942269372383,35.52532786421476,24.269081899449453,31.541350113735156,32.9527703345931,38.0297272859192,24.938283274523386,23.531254603080836,36.44592843358628,33.0107490870025,10.412582696768323,33.234895354354634],
        [2.6419343998736387,1.124477884689942,17.62157409281495,44.69342822868946,13.76644131122973,18.3232917887124,25.695308734585485,42.4506464508802,35.644418276017426,0.0,25.030359665301592,20.334430857346348,22.738334680094777,33.36847921447299,31.96773741028086,8.102593732940608,46.86077971447048,24.439403861434258,50.04385454268256,9.68156230743389,2.2398537208063978,11.50532897910996,31.43610750651922,9.66449384069276,3.961212832727671,43.58987752422605,38.77004176602455,34.096933474460066,10.716968541743697,25.58549257416262,2.6419343998736387],
        [22.483211526338774,25.312419674774926,15.771311305835138,21.899491503131767,26.175577938929116,17.157410868110127,7.18007566714219,18.062233138258453,11.552357058340263,25.030359665301592,0.0,33.76677835669194,9.532976837217111,12.229245838213537,25.707984700730673,27.49089556341,25.97184575533233,8.125837458306515,25.30066599242995,18.743073991672734,24.600049053077303,14.312508161720903,23.231743505519507,21.437342085032423,27.89550746196637,23.825530344340034,20.320112141309313,28.122400751817306,21.46756188116263,6.133378344022557,22.483211526338774],
        [20.09492122530692,19.220506357938152,18.247902765126774,45.458796758901784,8.152246842646697,36.20696213367579,29.703028305136673,46.18193116167778,45.217650939465884,20.334430857346348,33.76677835669194,0.0,36.94386521952333,45.46539999881501,22.278365673802494,12.25510385295644,44.929153836940266,27.993303877074524,53.849967302756994,28.121300376882008,18.23479745178583,26.784350197491822,23.63322980223068,14.072659738162576,23.130531882855593,41.145524282991396,36.357826970302376,23.16347840278987,13.45556198783626,37.62498944811302,20.09492122530692],
        [20.687592038910697,23.41154813710037,20.97682401456206,30.554927177514713,28.81808805652878,8.622711761809605,16.238016323272227,25.694147943389297,14.562759750184005,22.738334680094777,9.532976837217111,36.94386521952333,0.0,10.853507316910806,33.83212309915916,27.83111815266558,35.1360042782188,16.684551903585355,31.965474672799267,13.862671369460637,23.18542454936104,11.382026730093788,31.613233016182196,23.079426840120252,24.434240353693653,33.222428344476086,29.847891623718457,36.326346469621406,23.543645196733287,4.570778666638516,20.687592038910697],
        [31.169379790251178,33.96282573503443,27.843936016359912,25.481743689696426,37.58602746757486,18.57819790095972,18.76876375629755,19.329645441982496,5.898898956208567,33.36847921447299,12.229245838213537,45.46539999881501,10.853507316910806,0.0,37.35413957831749,37.72436973465842,31.107541928273868,20.06150185216224,23.78969894004593,24.71369722824265,33.606979061713,21.873304252026404,34.7239340427222,32.289959141934425,35.25399798041777,30.316627441746448,28.403140835836954,39.66742391421816,32.53779611985781,8.038572573098811,31.169379790251178],
        [29.909797624260726,31.278372104717924,15.345675559335486,26.229234801593943,20.69586166888703,38.25156484440703,18.651857627709028,29.24432530607061,34.28601056577507,31.96773741028086,25.707984700730673,22.278365673802494,33.83212309915916,37.35413957831749,0.0,27.112592726282053,24.023592898568726,17.587006497219193,35.961837502095214,33.774918079641914,29.94397577536439,29.594335823527878,2.8072340728353007,22.36801044377413,35.914574986941844,20.296007957432998,16.190428921860754,2.512070547179509,21.35669309891433,31.70054100495844,29.909797624260726],
        [8.27585040851632,6.981733466749997,15.31985094917728,44.36128981349353,6.744364335212021,25.224997213503382,25.957659326230218,43.3032513014458,38.890984890507674,8.102593732940608,27.49089556341,12.25510385295644,27.83111815266558,37.72436973465842,27.112592726282053,0.0,45.48645093580912,24.3976385096638,51.09327089217203,16.69090306453537,6.096250417738739,16.626945775740463,27.221079188303573,6.472530384458542,10.981802658020381,41.92560460798405,36.96492734330254,28.917819823605033,6.966276125011148,29.689756404252318,8.27585040851632],
        [44.25436071836724,46.67045180389137,30.187189524266145,6.093137444728418,40.64229891598488,43.12877920880895,21.646924269998802,12.675296004989434,25.453032818125934,46.86077971447048,25.97184575533233,44.929153836940266,35.1360042782188,31.107541928273868,24.023592898568726,45.48645093580912,0.0,22.60340074490722,15.1150344659114,43.517841962758645,45.53796152504898,38.691794446317054,21.823409716967152,39.192870214991885,50.5305026305934,3.7923609006020733,8.646299282499115,24.59970595436866,38.54470104350696,30.82147491152341,44.25436071836724],
        [21.80576428451006,24.35589628364611,9.88391057729702,20.296890423393766,21.268003015322606,22.67950397928508,1.709934636055694,18.944781468401462,18.001023990405074,24.439403861434258,8.125837458306515,27.993303877074524,16.684551903585355,20.06150185216224,17.587006497219193,24.3976385096638,22.60340074490722,0.0,26.74802775189909,21.19697082630989,23.313874802133014,16.35265025487394,15.148578922496366,17.928164600567385,28.002720515370907,19.593958654062227,15.11393035314428,20.013461511633604,17.56737561115078,14.13446215861458,21.80576428451006],
        [47.43192722111845,50.19578969767185,36.447141361811866,10.116971582721003,47.84008920209782,40.587280899058946,25.145720842437786,7.804031363082239,18.097231921045775,50.04385454268256,25.30066599242995,53.849967302756994,31.965474672799267,23.78969894004593,35.961837502095214,51.09327089217203,15.1150344659114,26.74802775189909,0.0,43.95583164672783,49.33164625102616,39.61290176552654,33.3052323683572,44.64087901534685,53.115650473874005,17.445629024158308,20.021552128917644,37.22621084641773,44.3122334559171,27.439924773072033,47.43192722111845],
        [8.447935038482571,10.608830921855763,18.438431994327118,40.247918167917824,20.357393137816178,8.666996905262769,21.91632605745095,36.804955616263214,27.871942269372383,9.68156230743389,18.743073991672734,28.121300376882008,13.862671369460637,24.71369722824265,33.774918079641914,16.69090306453537,43.517841962758645,21.19697082630989,43.95583164672783,0.0,10.877474108428084,4.8470631044489165,32.460643794914475,14.586082138400453,10.641586240825676,40.72042914304243,36.31069216245334,36.189619519953396,15.51438163772139,17.47079461263854,8.447935038482571],
        [2.5315724979318732,1.3374052050979182,15.907909785596598,43.61051524827798,11.529462489173385,19.529161037752534,24.658542727730776,41.663366411619485,35.52532786421476,2.2398537208063978,24.600049053077303,18.23479745178583,23.18542454936104,33.606979061713,29.94397577536439,6.096250417738739,45.53796152504898,23.313874802133014,49.33164625102616,10.877474108428084,0.0,11.807505709849341,29.506931633422386,7.581071530411326,6.010463652056302,42.192956893237806,37.32629161287726,32.0340943834921,8.613403503213727,25.69345026927083,2.5315724979318732],
        [9.323796227497583,12.092887828230063,14.417149512567397,35.522573627109125,18.681756711242247,9.686503170654944,17.074866161065714,32.308497329578614,24.269081899449453,11.50532897910996,14.312508161720903,26.784350197491822,11.382026730093788,21.873304252026404,29.594335823527878,16.626945775740463,38.691794446317054,16.35265025487394,39.61290176552654,4.8470631044489165,11.807505709849341,0.0,28.100226258264936,12.722942079787812,13.78557406540557,35.87536919676364,31.466566825803547,32.05461980106843,13.440060421309207,14.092832610638547,9.323796227497583],
        [29.238203081675003,30.82760197510767,14.218247130472763,23.676404193267867,21.091808948445156,36.43705539575784,16.107775046226624,26.495073996523487,31.541350113735156,31.43610750651922,23.231743505519507,23.63322980223068,31.613233016182196,34.7239340427222,2.8072340728353007,27.221079188303573,21.823409716967152,15.148578922496366,33.3052323683572,32.460643794914475,29.506931633422386,28.100226258264936,0.0,22.005374761064346,35.39730047120826,18.05121089223448,13.712895431319836,4.943940595153391,21.046572749308528,29.2825010302623,29.238203081675003],
        [7.934582096961355,8.917704872224888,9.01923737694597,37.91614255765173,5.960685220466142,22.24828047761531,19.497771028474986,36.84620338787227,32.9527703345931,9.66449384069276,21.437342085032423,14.072659738162576,23.079426840120252,32.289959141934425,22.36801044377413,6.472530384458542,39.192870214991885,17.928164600567385,44.64087901534685,14.586082138400453,7.581071530411326,12.722942079787812,22.005374761064346,0.0,13.576558501815919,35.68711807681018,30.74342378778966,24.453898080836584,1.0683495717357745,24.27982405573899,7.934582096961355],
        [6.355476983614405,4.675918378637354,21.551258399089015,48.15997794069568,17.24411569870851,18.74719970960782,29.17732488588414,45.62448817788327,38.0297272859192,3.961212832727671,27.89550746196637,23.130531882855593,24.434240353693653,35.25399798041777,35.914574986941844,10.981802658020381,50.5305026305934,28.002720515370907,53.115650473874005,10.641586240825676,6.010463652056302,13.78557406540557,35.39730047120826,13.576558501815919,0.0,47.31881065392912,42.53679409264392,38.02785620558845,14.617390736624879,27.746481620860994,6.355476983614405],
        [41.00505726426257,43.353540533388006,26.668418944824502,7.443944518705942,36.957454502891046,40.91567097928499,18.809770482707886,13.31769011123561,24.938283274523386,43.58987752422605,23.825530344340034,41.145524282991396,33.222428344476086,30.316627441746448,20.296007957432998,41.92560460798405,3.7923609006020733,19.593958654062227,17.445629024158308,40.72042914304243,42.192956893237806,35.87536919676364,18.05121089223448,35.68711807681018,47.31881065392912,0.0,4.965958970527026,20.96983616729268,35.007191908160095,29.087851547067885,41.00505726426257],
        [36.20335981736173,38.503452166289094,21.724329610458483,10.074083095377855,32.00661617808108,37.1232868079633,14.548349670216746,14.16496710028899,23.531254603080836,38.77004176602455,20.320112141309313,36.357826970302376,29.847891623718457,28.403140835836954,16.190428921860754,36.96492734330254,8.646299282499115,15.11393035314428,20.021552128917644,36.31069216245334,37.32629161287726,31.466566825803547,13.712895431319836,30.74342378778966,42.53679409264392,4.965958970527026,0.0,17.251156643855115,30.05329658346933,25.99617148398068,36.20335981736173],
        [32.106713069757184,33.37114285599858,17.75122798407274,27.322424174968344,22.36529278310893,40.75560364410878,21.026509240038404,30.772064616836357,36.44592843358628,34.096933474460066,28.122400751817306,23.16347840278987,36.326346469621406,39.66742391421816,2.512070547179509,28.917819823605033,24.59970595436866,20.013461511633604,37.22621084641773,36.189619519953396,32.0340943834921,32.05461980106843,4.943940595153391,24.453898080836584,38.02785620558845,20.96983616729268,17.251156643855115,0.0,23.42323056991837,34.14180791476503,32.106713069757184],
        [9.001906378710908,9.950804138814263,8.361404518783479,37.40803883639917,5.30333016596948,23.033722463587985,19.171676465106138,36.51041787887234,33.0107490870025,10.716968541743697,21.46756188116263,13.45556198783626,23.543645196733287,32.53779611985781,21.35669309891433,6.966276125011148,38.54470104350696,17.56737561115078,44.3122334559171,15.51438163772139,8.613403503213727,13.440060421309207,21.046572749308528,1.0683495717357745,14.617390736624879,35.007191908160095,30.05329658346933,23.42323056991837,0.0,24.557946902561206,9.001906378710908],
        [23.296233528235383,26.117752122213602,20.425363833183273,26.08228497470248,29.664299085845187,13.174069580607448,13.302706615995163,21.12619216059298,10.412582696768323,25.58549257416262,6.133378344022557,37.62498944811302,4.570778666638516,8.038572573098811,31.70054100495844,29.689756404252318,30.82147491152341,14.13446215861458,27.439924773072033,17.47079461263854,25.69345026927083,14.092832610638547,29.2825010302623,24.27982405573899,27.746481620860994,29.087851547067885,25.99617148398068,34.14180791476503,24.557946902561206,0.0,23.296233528235383],
        [0.0,2.8479791724299357,15.249131717586282,42.053210166039996,12.851451185408479,17.064283080453645,23.05457438775839,39.825046837408664,33.234895354354634,2.6419343998736387,22.483211526338774,20.09492122530692,20.687592038910697,31.169379790251178,29.909797624260726,8.27585040851632,44.25436071836724,21.80576428451006,47.43192722111845,8.447935038482571,2.5315724979318732,9.323796227497583,29.238203081675003,7.934582096961355,6.355476983614405,41.00505726426257,36.20335981736173,32.106713069757184,9.001906378710908,23.296233528235383,0.0]
    ],
    "end_depot": 30,
    "start_depot": 0,
    "truck_dist": [
        [0.0,4.025585072833632,16.428833766736297,54.52155877570335,18.05465500147716,17.371710710713558,29.959150146748147,54.444538830230215,46.902421980881854,3.4783261163795913,31.667684097268207,26.71223409526931,27.50590600008781,42.85063258249368,37.281666932883,9.658323252858978,53.59235599537033,27.664258479277052,65.48021822816304,8.93742704080342,3.1054913771785237,12.591715718855763,34.49124905265694,10.950102036902713,6.805496160091195,48.230624610926895,41.62539414912773,40.832181266272464,12.407469956999527,32.43386147023881,0.0],
        [4.025585072833632,0.0,17.995748183747448,58.547143848536976,17.92567610952796,21.39729578354719,33.98473521958178,58.47012390306384,50.92800705371549,1.4931204442021304,35.69326917010184,26.58325520332011,31.53149107292144,46.87621765532731,37.152688040933796,9.529344360909779,57.61794106820396,31.689843552110684,69.50580330099667,11.953864250508875,1.652492952015752,16.617300791689395,34.36227016070774,10.821123144953514,6.00004330936866,52.256209683760524,45.650979221961364,40.70320237432327,12.278491065050329,36.45944654307243,4.025585072833632],
        [16.428833766736297,17.995748183747448,0.0,40.55139566478953,16.05559542089412,33.18004808340579,15.988987035834331,40.47437571931639,32.93225886996804,17.792975318989228,17.69752098635439,23.669042826742483,26.397688457779605,28.880469471579865,20.852833166146702,20.580472627991142,39.62219288445651,13.694095368363236,51.51005511724922,25.366260807539717,17.07565448809234,20.34227821368032,18.062415285920643,11.518540895265907,22.299898184155758,34.26046150001307,27.65523103821392,24.403347499536167,11.120018172791127,22.214473172499105,16.428833766736297],
        [54.52155877570335,58.547143848536976,40.55139566478953,0.0,56.60699108568366,40.50715250495801,24.562408628955204,9.33855622181687,26.802140866558144,57.99988489208294,22.85387467843514,64.22043849153202,33.72479287933183,34.094398436215585,34.539834662052805,61.13186829278067,8.566751428267573,26.857300296426295,10.95865945245969,46.593279598028104,57.62705015288187,41.92984305684758,31.715884532696826,52.06993656005544,61.32705493579454,8.440898490658018,12.896164626575613,34.661674049811765,51.67141383758066,29.541577594051333,54.52155877570335],
        [18.05465500147716,17.92567610952796,16.05559542089412,56.60699108568366,0.0,34.80586931814665,32.04458245672845,56.52997114021052,48.98785429086216,19.41879655373009,33.75311640724851,8.657579093792151,29.591338310068114,44.93606489247398,22.06715642363085,8.39633174861818,55.67778830535064,29.749690789257357,67.56565053814334,26.99208204228058,16.273183157512207,21.96809944842118,24.891106552986827,7.104552964574445,23.92571941889662,50.3160569209072,43.71082645910804,22.777526264795306,5.647185044477631,34.519293780219115,18.05465500147716],
        [17.371710710713558,21.39729578354719,33.18004808340579,40.50715250495801,34.80586931814665,0.0,29.61496660307375,37.07282811951666,29.5307112701683,20.85003682709315,19.605576765941066,43.4634484119388,10.13419528937425,25.478921871780123,54.03288124955249,26.409537569528467,49.07390393322559,30.377347842177635,48.10850751744948,9.443431533038314,20.47720208789208,12.837769869725467,51.24246336932643,27.701316353572203,24.177206870804753,48.94805099561603,46.56217012255547,57.583395582941954,29.158684273669017,15.062150759525247,17.371710710713558],
        [29.959150146748147,33.98473521958178,15.988987035834331,24.562408628955204,32.04458245672845,29.61496660307375,0.0,24.485388683482064,16.94327183413371,33.437476263127735,10.009389837132684,39.65802986257681,22.83260697744757,23.20221253433132,24.417914646478742,36.56945966382547,23.633205848622183,2.294891667471095,35.521068081414896,22.030870969072904,33.06464152392667,17.367434427892384,21.627496766252683,27.50752793110024,36.76464630683934,19.33308439254228,16.94720351948172,27.968428979868207,27.109005208625458,18.64939169216707,29.959150146748147],
        [54.444538830230215,58.47012390306384,40.47437571931639,9.33855622181687,56.52997114021052,37.07282811951666,24.485388683482064,0.0,17.463584644741275,57.922864946609806,22.776854732962004,64.14341854605888,26.938632830142403,24.75584221439871,34.462814716579665,61.05484834730754,17.905307650084442,26.780280350953156,11.035679397932828,46.516259652554965,57.55003020740874,41.85282311137445,31.638864587223686,51.9929166145823,61.25003499032141,17.779454712474887,15.393573839414326,34.584654104338625,51.59439389210752,22.010677359991405,54.444538830230215],
        [46.902421980881854,50.92800705371549,32.93225886996804,26.802140866558144,48.98785429086216,29.5307112701683,16.94327183413371,17.463584644741275,0.0,50.380748097261446,15.23473788361365,56.60130169671052,19.39651598079405,7.29225756965744,40.32786961115262,53.51273149795918,35.36889229482571,19.238163501604806,18.577796247281178,38.97414280320662,50.00791335806038,34.310706262026095,37.53745173092656,44.45079976523395,53.70791814097305,35.24303935721616,32.857158484155605,43.87838394454209,44.05227704275917,14.468560510643055,46.902421980881854],
        [3.4783261163795913,1.4931204442021304,17.792975318989228,57.99988489208294,19.41879655373009,20.85003682709315,33.437476263127735,57.922864946609806,50.380748097261446,0.0,35.1460102136478,28.07637564752224,30.9842321164674,46.32895869887327,38.64580848513593,11.022464805111909,57.070682111749925,31.142584595656643,68.95854434454263,11.406605294054835,3.1456133962178825,16.070041835235354,35.85539060490987,12.314243589155645,4.50692286516653,51.70895072730649,45.10372026550732,42.196322818525395,13.771611509252459,35.9121875866184,3.4783261163795913],
        [31.667684097268207,35.69326917010184,17.69752098635439,22.85387467843514,33.75311640724851,19.605576765941066,10.009389837132684,22.776854732962004,15.23473788361365,35.1460102136478,0.0,41.366563813096874,12.823217140314885,13.192822697198636,34.42730448361142,38.27799361434553,29.468327167284517,10.771771076236568,33.81253413089483,23.739404919592964,34.77317547444673,19.075968378412444,31.636886603385364,29.2160618816203,38.4731802573594,29.342474229674963,26.956593356614405,37.97781881700089,28.817539159145518,8.640001855034386,31.667684097268207],
        [26.71223409526931,26.58325520332011,23.669042826742483,64.22043849153202,8.657579093792151,43.4634484119388,39.65802986257681,64.14341854605888,56.60130169671052,28.07637564752224,41.366563813096874,0.0,37.20478571591647,52.549512298322355,29.68060382947921,17.053910842410332,63.291235711199,37.36313819510572,75.1790979439917,35.64966113607273,24.93076225130436,30.625678542213333,32.50455395883519,15.762132058366596,32.58329851268877,57.929504326755556,51.3242738649564,29.55876444172025,14.304764138269782,42.13274118606748,26.71223409526931],
        [27.50590600008781,31.53149107292144,26.397688457779605,33.72479287933183,29.591338310068114,10.13419528937425,22.83260697744757,26.938632830142403,19.39651598079405,30.9842321164674,12.823217140314885,37.20478571591647,0.0,15.344726582405873,47.2505216239263,34.11621551716513,42.29154430759941,23.594988216551453,37.97431222807523,19.577626822412565,30.611397377266332,14.914190281232045,44.460103743700245,25.0542837844399,34.311402160179,42.165691369989844,39.77981049692929,50.801035957315776,24.65576106196512,4.927955470150996,27.50590600008781],
        [42.85063258249368,46.87621765532731,28.880469471579865,34.094398436215585,44.93606489247398,25.478921871780123,23.20221253433132,24.75584221439871,7.29225756965744,46.32895869887327,13.192822697198636,52.549512298322355,15.344726582405873,0.0,47.620127180810066,49.460942099571,42.66114986448315,23.964593773435205,24.895810989428732,34.92235340481844,45.956123959672205,30.258916863637918,44.829709300584,40.39901036684577,49.656128742584876,42.5352969268736,40.14941605381304,51.17064151419953,40.00048764437099,10.416771112254876,42.85063258249368],
        [37.281666932883,37.152688040933796,20.852833166146702,34.539834662052805,22.06715642363085,54.03288124955249,24.417914646478742,34.462814716579665,40.32786961115262,38.64580848513593,34.42730448361142,29.68060382947921,47.2505216239263,47.620127180810066,0.0,27.62334368002402,33.61063188171978,23.655533407374854,45.49849411451249,46.21909397368642,35.50019508891805,41.195111379827026,2.8239501293559783,26.331564895980286,43.15273135030246,28.248900497276345,21.64367003547719,3.550514333389465,24.87419697588347,43.067306338645814,37.281666932883],
        [9.658323252858978,9.529344360909779,20.580472627991142,61.13186829278067,8.39633174861818,26.409537569528467,36.56945966382547,61.05484834730754,53.51273149795918,11.022464805111909,38.27799361434553,17.053910842410332,34.11621551716513,49.460942099571,27.62334368002402,0.0,60.20266551244766,34.27456799635438,72.09052774524037,18.595750293662398,7.8768514088940265,19.20202523593309,29.415983760083847,9.061931732725235,15.529387670278439,54.84093412800422,48.235703666205055,31.173858013413486,9.460454455200015,39.044170987316136,9.658323252858978],
        [53.59235599537033,57.61794106820396,39.62219288445651,8.566751428267573,55.67778830535064,49.07390393322559,23.633205848622183,17.905307650084442,35.36889229482571,57.070682111749925,29.468327167284517,63.291235711199,42.29154430759941,42.66114986448315,33.61063188171978,60.20266551244766,0.0,25.928097516093278,17.76533887505442,45.66407681769509,56.69784737254886,41.000640276514574,30.78668175236381,51.140733779722424,60.39785215546153,5.361731384443441,11.966961846242597,33.73247126947875,50.742211057247644,38.108329022318905,53.59235599537033],
        [27.664258479277052,31.689843552110684,13.694095368363236,26.857300296426295,29.749690789257357,30.377347842177635,2.294891667471095,26.780280350953156,19.238163501604806,31.142584595656643,10.771771076236568,37.36313819510572,23.594988216551453,23.964593773435205,23.655533407374854,34.27456799635438,25.928097516093278,0.0,37.81595974888599,22.563560566311565,30.769749856455576,17.539577972452168,20.865115527148795,25.212636263629143,34.46975463936825,20.566366131649836,16.184822280377837,27.20604774076432,24.814113541154363,19.411772931270953,27.664258479277052],
        [65.48021822816304,69.50580330099667,51.51005511724922,10.95865945245969,67.56565053814334,48.10850751744948,35.521068081414896,11.035679397932828,18.577796247281178,68.95854434454263,33.81253413089483,75.1790979439917,37.97431222807523,24.895810989428732,45.49849411451249,72.09052774524037,17.76533887505442,37.81595974888599,0.0,57.551939050487796,68.58570960534156,52.88850250930728,42.67454398515651,63.02859601251513,72.28571438825423,17.639485937444867,23.854824079035303,45.62033350227145,62.63007329004035,33.04635675792423,65.48021822816304],
        [8.93742704080342,11.953864250508875,25.366260807539717,46.593279598028104,26.99208204228058,9.443431533038314,22.030870969072904,46.516259652554965,38.97414280320662,11.406605294054835,23.739404919592964,35.64966113607273,19.577626822412565,34.92235340481844,46.21909397368642,18.595750293662398,45.66407681769509,22.563560566311565,57.551939050487796,0.0,11.033770554853767,5.023982593859397,43.42867609346036,19.887529077706134,14.733775337766438,41.13426371974997,38.748382846689395,49.769608307075885,21.344896997802948,24.50558229256356,8.93742704080342],
        [3.1054913771785237,1.652492952015752,17.07565448809234,57.62705015288187,16.273183157512207,20.47720208789208,33.06464152392667,57.55003020740874,50.00791335806038,3.1456133962178825,34.77317547444673,24.93076225130436,30.611397377266332,45.956123959672205,35.50019508891805,7.8768514088940265,56.69784737254886,30.769749856455576,68.58570960534156,11.033770554853767,0.0,15.697207096034287,32.70977720869199,9.168630192937762,7.652536261384412,51.33611598810542,44.73088552630625,39.05070942230751,10.625998113034576,35.539352847417334,3.1054913771785237],
        [12.591715718855763,16.617300791689395,20.34227821368032,41.92984305684758,21.96809944842118,12.837769869725467,17.367434427892384,41.85282311137445,34.310706262026095,16.070041835235354,19.075968378412444,30.625678542213333,14.914190281232045,30.258916863637918,41.195111379827026,19.20202523593309,41.000640276514574,17.539577972452168,52.88850250930728,5.023982593859397,15.697207096034287,0.0,38.40469349960097,14.863546483846736,19.39721187894696,36.110281125890566,33.72440025283001,44.745625713216484,16.32091440394355,19.842145751383043,12.591715718855763],
        [34.49124905265694,34.36227016070774,18.062415285920643,31.715884532696826,24.891106552986827,51.24246336932643,21.627496766252683,31.638864587223686,37.53745173092656,35.85539060490987,31.636886603385364,32.50455395883519,44.460103743700245,44.829709300584,2.8239501293559783,29.415983760083847,30.78668175236381,20.865115527148795,42.67454398515651,43.42867609346036,32.70977720869199,38.40469349960097,0.0,23.541147015754227,40.3623134700764,25.424950367920367,18.81971990612121,6.340932213615524,22.083779095657412,40.276888458419755,34.49124905265694],
        [10.950102036902713,10.821123144953514,11.518540895265907,52.06993656005544,7.104552964574445,27.701316353572203,27.50752793110024,51.9929166145823,44.45079976523395,12.314243589155645,29.2160618816203,15.762132058366596,25.0542837844399,40.39901036684577,26.331564895980286,9.061931732725235,51.140733779722424,25.212636263629143,63.02859601251513,19.887529077706134,9.168630192937762,14.863546483846736,23.541147015754227,0.0,16.821166454322174,45.77900239527898,39.17377193347983,29.88207922936975,1.4573679200968144,29.982239254590898,10.950102036902713],
        [6.805496160091195,6.00004330936866,22.299898184155758,61.32705493579454,23.92571941889662,24.177206870804753,36.76464630683934,61.25003499032141,53.70791814097305,4.50692286516653,38.4731802573594,32.58329851268877,34.311402160179,49.656128742584876,43.15273135030246,15.529387670278439,60.39785215546153,34.46975463936825,72.28571438825423,14.733775337766438,7.652536261384412,19.39721187894696,40.3623134700764,16.821166454322174,0.0,55.03612077101809,48.430890309218924,46.703245683691925,18.27853437441899,39.239357630330005,6.805496160091195],
        [48.230624610926895,52.256209683760524,34.26046150001307,8.440898490658018,50.3160569209072,48.94805099561603,19.33308439254228,17.779454712474887,35.24303935721616,51.70895072730649,29.342474229674963,57.929504326755556,42.165691369989844,42.5352969268736,28.248900497276345,54.84093412800422,5.361731384443441,20.566366131649836,17.639485937444867,41.13426371974997,51.33611598810542,36.110281125890566,25.424950367920367,45.77900239527898,55.03612077101809,0.0,6.605230461799154,28.370739885035306,45.3804796728042,37.98247608470935,48.230624610926895],
        [41.62539414912773,45.650979221961364,27.65523103821392,12.896164626575613,43.71082645910804,46.56217012255547,16.94720351948172,15.393573839414326,32.857158484155605,45.10372026550732,26.956593356614405,51.3242738649564,39.77981049692929,40.14941605381304,21.64367003547719,48.235703666205055,11.966961846242597,16.184822280377837,23.854824079035303,38.748382846689395,44.73088552630625,33.72440025283001,18.81971990612121,39.17377193347983,48.430890309218924,6.605230461799154,0.0,21.76550942323615,38.77524921100505,35.59659521164879,41.62539414912773],
        [40.832181266272464,40.70320237432327,24.403347499536167,34.661674049811765,22.777526264795306,57.583395582941954,27.968428979868207,34.584654104338625,43.87838394454209,42.196322818525395,37.97781881700089,29.55876444172025,50.801035957315776,51.17064151419953,3.550514333389465,31.173858013413486,33.73247126947875,27.20604774076432,45.62033350227145,49.769608307075885,39.05070942230751,44.745625713216484,6.340932213615524,29.88207922936975,46.703245683691925,28.370739885035306,21.76550942323615,0.0,28.424711309272936,46.61782067203528,40.832181266272464],
        [12.407469956999527,12.278491065050329,11.120018172791127,51.67141383758066,5.647185044477631,29.158684273669017,27.109005208625458,51.59439389210752,44.05227704275917,13.771611509252459,28.817539159145518,14.304764138269782,24.65576106196512,40.00048764437099,24.87419697588347,9.460454455200015,50.742211057247644,24.814113541154363,62.63007329004035,21.344896997802948,10.625998113034576,16.32091440394355,22.083779095657412,1.4573679200968144,18.27853437441899,45.3804796728042,38.77524921100505,28.424711309272936,0.0,29.583716532116117,12.407469956999527],
        [32.43386147023881,36.45944654307243,22.214473172499105,29.541577594051333,34.519293780219115,15.062150759525247,18.64939169216707,22.010677359991405,14.468560510643055,35.9121875866184,8.640001855034386,42.13274118606748,4.927955470150996,10.416771112254876,43.067306338645814,39.044170987316136,38.108329022318905,19.411772931270953,33.04635675792423,24.50558229256356,35.539352847417334,19.842145751383043,40.276888458419755,29.982239254590898,39.239357630330005,37.98247608470935,35.59659521164879,46.61782067203528,29.583716532116117,0.0,32.43386147023881],
        [0.0,4.025585072833632,16.428833766736297,54.52155877570335,18.05465500147716,17.371710710713558,29.959150146748147,54.444538830230215,46.902421980881854,3.4783261163795913,31.667684097268207,26.71223409526931,27.50590600008781,42.85063258249368,37.281666932883,9.658323252858978,53.59235599537033,27.664258479277052,65.48021822816304,8.93742704080342,3.1054913771785237,12.591715718855763,34.49124905265694,10.950102036902713,6.805496160091195,48.230624610926895,41.62539414912773,40.832181266272464,12.407469956999527,32.43386147023881,0.0]
    ],
    "vertex_count": 31
}