{
    "drone_dist": [
        [0.0,4696.231611296397,595.4497698130314,782.1951914123994,3636.657538251559,3689.644204941264,3267.1894662845907,1551.27204353479,2189.25508866594,963.1777433962685,3362.8316852078597,1659.2909658880722,3508.1780787066314,714.0881008302122,4716.7002443486335,4176.571565596421,2812.6498207625596,1942.2682165200636,1757.4127616563744,4327.334006397613,2494.306384330184,4714.692936747816,3046.040563104489,3314.7107462255667,2464.379094832263,3734.8670209089023,3343.158287997863,2487.953405080744,2448.2529769635994,2335.074972382092,2738.9015125965266,3683.7240108523815,4041.5658847243635,2670.18793261643,1883.7084046726384,1388.8668562864639,3787.782588527777,4283.468287074458,2991.1363559008687,3617.6562536950196,2548.9954967681824,3497.244439921011,2662.7374035841153,4553.911010025941,446.8338783308552,1580.6710591457907,3444.582234790418,4605.019020269039,4614.941066818338,262.1302050837106,1592.666543203105,4596.452284478102,2804.5901999575667,4387.8846526069665,2326.723353044036,3486.338437578288,2444.170039680739,1054.4970902877792,4847.290979163796,2663.8996566240885,6070.1473480416125,2647.27913217573,1860.6327697310205,3355.445894499316,1511.8210168869402,4246.7767890711,5258.888359188759,1473.3416906554514,2783.42604382351,4535.4480171772275,4271.079005779082,1101.7559515327955,1891.481215960759,4158.60684710312,424.9767758550529,5102.403506897138,1683.9612340464812,2870.1655619586663,3944.1930438471404,1773.951754295318,3617.294581309927,3142.153097185586,4744.791481297565,3545.7301813286776,3715.2803938484544,2291.39574067888,2266.9915915064626,1443.4942098769423,5628.476156588527,4371.51810052917,3465.373382133541,669.1036272207306,926.8061162449342,2107.6898772882023,1548.0388166370376,2348.075477940763,3260.7073331294832,2500.2872789563735,5210.072821997057,2055.832218872793,0.0],
        [4696.231611296397,0.0,4593.191623143229,5205.149995478858,1059.7690087392887,4858.373905049907,1778.0383821096768,3766.9977296391626,2815.176985303292,3883.529503340446,1891.200921751265,3211.737715438247,2224.8070074191864,4720.951251503094,1242.4114714507632,1848.8836438110652,3478.7572607968073,2814.900657555062,3591.737873597642,447.6600689277916,2855.177297422709,2643.0545210577197,2786.8879579988557,1392.567310095261,3448.5988882706333,975.922456840444,4934.349401453865,3637.687581914204,3075.4310775547697,2674.433602422165,4498.1619953282625,5194.503725443026,2145.433894684929,3288.010060927682,3775.786868976159,3676.737820962463,2299.338301313395,449.4480301608534,4493.328120942343,3270.055737056955,2380.2740619356236,4017.296605192077,2075.2025161062074,1369.6670789804766,4252.1012774806095,3316.905179615,2030.4540507054523,1981.9451201094373,1077.2850022021414,4937.422672126032,3538.648210859883,155.91635631822285,1912.9731974010983,413.934493931725,2386.1173612634193,2508.251265914493,2283.3945780830454,4748.627807733326,247.30924341796003,2032.6027415843287,2549.4704781335236,2110.5135052371866,2849.564606925207,2330.411896812558,3232.2564179598717,1267.863383471975,2531.6487256956552,3377.0182265436692,4756.570059995694,333.75150128899384,581.6047262480419,3631.8562380886788,3235.5824872108424,703.149554968389,4499.150003047958,2206.0186894235167,3108.808542132931,3894.4438027141614,1312.5821637066135,2961.9489341607286,1549.8600531133247,4646.5290605197215,484.4454387724281,4546.458400415561,991.1091164675028,2563.0384374558485,2436.988109175461,4791.9194726457245,2290.3992583959816,3448.3394589573168,1342.7340033678076,4061.4077021994,4520.26159695971,2708.9379538908697,3932.4532059817743,3089.837422581749,1958.2099129513713,2232.4801940005136,2008.09746848045,3508.915253875038,4696.231611296397],
        [595.4497698130314,4593.191623143229,0.0,612.695230955221,3547.5023820497586,4196.8441150927265,3340.9572206139887,1087.0892678612508,2361.4859649087775,710.0067057623011,3474.534862024399,1839.3704047681083,3155.3582008625003,173.95741922535612,4770.628657802619,4315.4641532465,3183.2621621149406,1778.4446303549644,2107.9958929257327,4260.90387621412,2730.5863559536674,4941.263626876005,3306.29275387109,3201.04733880609,2824.6121412322277,3617.743827770932,3870.3072511957694,2881.904213205339,2031.6162662215459,2048.1992073428196,3245.6326180793712,4218.627132996892,3681.1715022829376,3007.0110245231817,2288.829188328942,1712.3632953541703,3413.267774992092,4160.595508975962,3489.4182303653356,3952.642638119251,2303.250985817667,3926.881984446135,2519.093670894321,4282.502433812699,695.8156303618706,1304.833638561766,3589.8636332154297,4754.861226411122,4378.694775498155,782.4210693340549,1201.2062701446364,4509.511651491378,2680.420583168164,4323.613275437163,2312.8905125703222,3093.4790594916226,2309.9133344435227,1632.964080553748,4767.415685491583,2584.1733318160354,6197.721962190754,2658.857995117355,1758.9977071951212,2995.617478779939,1365.66382211875,3993.956144738121,5445.355666732601,1669.0961568402947,3314.6788170595732,4471.368168811286,4224.464871194521,989.5426282066201,2149.957957107149,4000.006423170607,949.8336652155997,5258.824027077253,1486.47292949331,3300.4556926133455,3997.042583458161,1634.1223913084923,3685.911720676503,3650.6739505327455,4702.059532884249,4029.726538491823,3642.3119290998175,2387.1991051053383,2240.052253903999,2016.9478911107885,5760.933875860763,4705.61749717567,3297.2051813035905,629.3381533809803,1472.4831670513308,1900.7355904268109,1972.9552279764932,1940.3817708490617,3375.6170124105574,2500.3246859393653,5336.412115436723,2410.1446628138456,595.4497698130314],
        [782.1951914123994,5205.149995478858,612.695230955221,0.0,4157.847402392489,4444.588468278802,3917.3444224140253,1635.6822147977755,2893.7116677518934,1321.6267800693408,4038.14764857346,2362.5255684308454,3727.8308566176665,508.74934304852883,5356.4283318354355,4870.6833444063805,3592.035182828324,2390.7393778685423,2529.9697214234156,4869.74303298913,3232.270752215498,5454.9675987892615,3796.2791897228603,3812.780696192282,3241.514365042543,4229.914468519585,4084.53250472574,3269.3785619336595,2583.1491062540927,2649.8543873901513,3498.007187905647,4416.126786690914,4246.979711334309,3443.0901019645707,2665.228210696152,2150.8845903355186,3973.5666245805005,4773.132723879434,3753.737924280922,4391.997614778371,2910.664321921948,4278.23250020093,3131.5316089311827,4878.545727292558,1135.217392910361,1914.2527019175468,4140.409253467179,5306.345413378185,4982.334795957509,765.2682849755541,1784.6667188684883,5120.43259269316,3292.214032106575,4932.271018475614,2908.2136163357286,3646.0670686766425,2921.7575060406944,1760.5842279813592,5377.926404696188,3191.8895760569753,6760.466835876357,3250.0637598398125,2366.1507351778096,3566.0581494465596,1975.2122131243223,4595.033589658947,5981.02151664105,2182.10598726896,3524.3570851121567,5080.13536382952,4830.793033601027,1589.0218937218474,2634.748036330418,4612.359377183512,1205.0554262890798,5808.27932228837,2099.1521322343383,3651.559573108756,4581.673181003139,2244.595491683248,4265.019533981261,3898.3080373098965,5308.349430981879,4313.237424995796,4251.198179715353,2951.197573577546,2837.737818835749,2146.824064824707,6321.221828558805,5146.557127417842,3909.52614118096,1190.4118077257672,1681.9274926862574,2512.879002353537,2330.134807813672,2498.8273464604445,3937.6636777663425,3093.5169698434893,5898.566287141666,2830.6016561326765,782.1951914123994],
        [3636.657538251559,1059.7690087392887,3547.5023820497586,4157.847402392489,0.0,4168.072840230151,986.0199866831551,2778.0799395617737,1826.1172582256468,2837.5827711155785,1195.0337728222985,2175.798474485755,1677.3000416852356,3680.5054375157706,1522.4131104895548,1634.3782253146542,2688.6724344485156,1774.0485091498163,2606.0306637674507,720.0781103598513,1953.8874213378458,2545.7662382653625,2047.6639240617685,364.59659344308074,2581.4328307781734,192.79365889745915,4172.311056429969,2778.915469587966,2207.953684217129,1716.6894960517811,3662.83064607925,4469.42508426173,1860.8234281782977,2462.1776974599356,2817.0288002401985,2649.659007079198,1882.512284287982,670.3052367686541,3701.531742702311,2700.0910410723322,1423.7366317785738,3361.477540216487,1045.2690293547348,1525.2014347592524,3192.3567984420497,2291.99361658825,1403.0566690062617,1976.0977702424116,1374.3560088722193,3877.66697332468,2539.598194808654,963.5797126009741,873.6700717282471,783.734550899197,1330.4987109546585,1956.100715431522,1241.7729900350075,3717.759904562907,1220.0968264260252,973.7753743116348,3067.304314443897,1078.8105500665624,1795.0621685845938,1717.1759962939811,2182.6561438166377,1225.1290604618534,2694.355134359192,2334.083135700579,3913.985078289748,929.6156052938669,715.0597879237176,2577.5851574428466,2241.816764457263,668.6339609916416,3442.3123193120955,2389.7162174891528,2070.524377194859,3108.8964154681453,977.8128123341901,1913.418013981811,961.6230553719076,3871.446722054442,1179.397217478104,3856.790756697086,132.35498527451855,1548.08963035826,1378.6069240777774,3787.747046994013,2697.5752221426674,3091.464264414558,518.7037940881752,3004.6925936636467,3483.0185176033724,1688.4316189801368,2935.822492450725,2198.249186843142,1214.9578422486877,1185.903107257262,2307.058649797571,2565.9586320689214,3636.657538251559],
        [3689.644204941264,4858.373905049907,4196.8441150927265,4444.588468278802,4168.072840230151,0.0,3186.3041390604017,4563.153288201957,2702.520224324179,3953.0095731472434,3006.148384964561,2860.314728686644,5368.136829824808,4356.974140312797,3953.3677347851108,3138.1900538099558,1517.994179708337,3881.8374830132957,2280.1376532087106,4422.320857063149,2344.46622696543,2838.7781758358037,2120.9545256372335,4136.549618950159,1759.268350971498,4360.234111212514,422.28506519661056,1583.5722700511897,4948.844021098046,4417.511330423169,951.9807831192616,380.1156263927919,5783.851549776443,1773.5097790620325,2014.9540975532284,2635.2003304684868,5670.565116387413,4705.430245258897,710.6961978075888,1623.11933244197,4362.135041849416,845.5759484432474,4007.8385134275245,5686.7421548930615,3514.0406327483843,4107.584776107681,2836.505205046022,3287.9093407237337,5539.731391096411,3683.852178756001,4399.809186426939,4702.866615168264,3977.2362782015834,4446.343058206607,3421.155584410968,5544.01858673913,3902.029098804314,2697.4322699663944,4826.174522929483,3746.949707803541,4425.229082542068,3357.0089980005255,3680.0620469303317,5297.722001569781,3776.542953430636,5371.510351958962,3452.97324450363,2905.5240944400953,939.5945654986119,4535.266988528298,4279.126453104272,3714.9620336756966,2495.1747711845364,4819.412773789475,3271.356573798028,3546.7769993825004,3929.285561911992,1131.0349663283882,3547.915806551885,3783.384470798688,3324.310356100272,547.5467236127429,4544.651580735703,312.96356268765965,4123.985457613748,2991.3200406673577,3465.0329044702935,2329.706174797218,4064.316310725566,1874.0449402336226,4469.931595715582,3711.8504025281227,2765.5790754593527,4060.4122501870374,2265.7279695912857,4854.043561025816,2964.6481726289503,3385.156603177844,3812.5057230634984,2049.514786001406,3689.644204941264],
        [3267.1894662845907,1778.0383821096768,3340.9572206139887,3917.3444224140253,986.0199866831551,3186.3041390604017,0.0,2849.607541763485,1133.5429518997137,2669.611169143508,245.38810556466595,1626.6061129166724,2455.9349879860492,3499.4751072621925,1449.7149544179103,1032.4874631370958,1728.4085662272073,1760.0725773574356,1869.539734962799,1331.4764948629606,1083.099571596946,1859.298540043399,1065.6180999155854,1034.365443730085,1671.3192330046525,1178.8134174965007,3207.658515637138,1862.1084306010384,2593.584449612049,2000.8634456510742,2731.8344535053952,3494.8750596813416,2753.729848727296,1519.8530865381788,2022.280380822473,2034.3194722812864,2715.901176990277,1540.0876236149072,2747.0766521336895,1726.2639388217424,1771.783586780397,2375.5823499457024,1288.0210528916568,2511.003111500905,2827.4800676868913,2284.3681814926526,468.2314503014131,1471.426824468864,2353.620974343658,3474.28597894008,2601.201276210825,1632.41795559749,1149.5686841055012,1373.4168584213412,1070.6724223993674,2702.0359774679805,1352.7660281562094,3087.4648375363076,1824.7954421748675,1021.4118080944337,2865.759278278774,724.0231281950932,1668.7923864779702,2444.9733403662167,2047.9743810145856,2206.314377715053,2209.031534311293,1811.4558421175684,2988.418992743713,1498.133645294431,1212.4814266711467,2360.1030981509102,1537.6418594803918,1633.4574156326817,2979.155214308877,1970.168218799957,2025.204364210148,2149.0972231866554,680.9136968369618,1823.854941023122,350.1054267819651,2910.6011983992394,1619.8027187440453,2874.3068700251633,937.8566949438119,975.7938308884926,1153.323374696978,3074.9539538343506,2435.103842288574,2191.204394981677,1364.7083321671569,2727.4700685237976,2883.9317037689743,1789.5014043099518,2217.8317422697596,2544.60173145982,232.1153585219479,883.2571208540655,2009.1307002499077,1747.964844010368,3267.1894662845907],
        [1551.27204353479,3766.9977296391626,1087.0892678612508,1635.6822147977755,2778.0799395617737,4563.153288201957,2849.607541763485,0.0,2163.060043110156,679.6690035150912,3039.896249566823,1768.6213864843105,2093.9970423620584,1132.1417543752348,4172.911345277721,3880.294338349923,3273.8046524060615,1090.644769009547,2288.7454170986266,3495.5349880906524,2598.552874871341,4641.471959548911,3161.995377655702,2414.120747243758,2926.568114802777,2804.371128192917,4309.4190462334445,3049.0601712209323,949.0160027870811,1098.1183072360814,3654.4223413367213,4670.50792899484,2611.3230996464445,3042.641454100483,2548.2268713541202,1929.572636862063,2338.185054211732,3319.662887887288,3861.5176825573308,3915.311130391417,1388.4950282762647,4102.049003885488,1740.1925174801122,3270.6761189211115,1317.9493318972313,573.2981659958224,3207.2554927371175,4320.828849224829,3398.838533539986,1797.7276544849067,249.10350821929956,3707.4830163766364,1916.5759065772806,3559.2823691633375,1784.6060537778903,2012.6840341459867,1571.7817835556375,2385.5304801421753,3968.395387836291,1903.1727420633063,5684.609614597813,2125.654707099848,1194.897472544815,1931.6147592228924,876.967680887128,3003.676261229724,5054.471626000291,1676.8790559963174,3791.1266112907488,3702.662186634143,3489.465578958918,850.4651866908509,2149.950309425087,3117.061654581133,1712.6975296492417,4819.418795684121,832.7266412642565,3514.3286540868785,3429.1545285558427,1037.725161745504,3161.905607614865,4043.403407138744,3957.4501133036124,4337.447466237086,2892.404956961397,2044.222504781923,1700.9605671090958,2716.7907982584184,5265.973784432405,4630.968357385851,2427.212082177385,1011.3470211776105,2154.7002117922807,1104.4886311066784,2321.2729501423105,863.1468740049133,2954.1586367556074,1967.773600617455,4842.140620731992,2550.2660273507104,1551.27204353479],
        [2189.25508866594,2815.176985303292,2361.4859649087775,2893.7116677518934,1826.1172582256468,2702.520224324179,1133.5429518997137,2163.060043110156,0.0,1770.7177388820905,1185.966870632887,532.1911044421463,2681.974400941638,2531.113336403286,2565.668753578392,1987.3200066644954,1220.4938244177545,1234.4920891698562,780.6592404348243,2386.0863346167885,439.2904148523907,2581.8142202262875,1000.9512402718811,1639.9741506014473,944.1059405071372,1990.5063762526822,2581.4064110917884,1129.3911955808944,2298.0809189084553,1733.1380031350607,1980.0528413348611,2922.835237457988,3129.0340708923654,962.416205348404,998.4626828665938,900.8351266167698,2989.9025502194286,2487.2538520944977,2090.6253331399757,1756.9419710632635,1659.754261438366,2059.9454344502064,1327.0219522787875,3201.872401627649,1766.8991625507338,1607.6539191465106,1255.3386476795738,2417.271916105276,3131.0578303596667,2376.650587741037,1940.212123184418,2683.858114409478,1330.419456948791,2437.63151350051,725.7831675525904,2844.873242110241,1202.0658793769123,1958.7082917868945,2904.1030781004324,1094.998152829598,3880.906303194447,771.2881959585764,1046.6725759519559,2602.071842812063,1286.2673970561987,2869.574866570098,3088.2423463940563,716.5127415711592,2207.903940837012,2575.491206266945,2290.283271184842,1453.2458758396467,420.4062288782498,2479.678574984121,1867.4939091169679,2916.9463869734245,1370.550659739861,1571.8274553079902,1810.4302519034838,1182.9122341518976,1475.0368284642298,2277.6895445605014,2731.0276086319336,2420.9534040817944,1849.1387851044294,310.5858592541939,763.5050685431536,1976.8106736811733,3439.3259472159657,2468.212943514766,1936.6224675977205,1732.147989094857,1750.7740214722953,1387.7522838984498,1117.4183830228833,2212.499968920443,1083.4199693235316,733.0455885362273,3020.9134107265354,771.1204728768524,2189.25508866594],
        [963.1777433962685,3883.529503340446,710.0067057623011,1321.6267800693408,2837.5827711155785,3953.0095731472434,2669.611169143508,679.6690035150912,1770.7177388820905,0.0,2819.7467455292635,1287.571062792185,2546.124677709644,847.6031077097435,4083.4470705702333,3667.0936519650895,2753.8429570099793,1069.3333979853883,1711.6254372627993,3551.5506859786638,2177.903694466304,4342.904558262503,2757.8810766934994,2491.2176084405123,2396.127486607739,2908.3130586987236,3677.294060130978,2493.6243441425668,1496.5364901062296,1385.0878366032255,3025.7365965157715,4036.974035006685,3079.183200203702,2544.0725020656523,1949.4038824054428,1326.7802343426845,2824.6093178731453,3451.9564491952133,3244.8409634228524,3463.200231524576,1619.7438709806422,3555.8177878468064,1810.2515777333904,3618.282675155601,650.847730869303,626.9703431436254,2952.149768234945,4109.334242364744,3698.0630565378674,1224.366029172316,647.7024946500972,3799.5049741188272,1970.6212294267787,3614.3504462433957,1620.7149084582709,2524.282393530443,1600.145141120263,1707.869495178485,4057.441745119251,1875.9863024063577,5534.723242625619,1970.7226476611547,1052.3669080204631,2392.655195021188,656.9077717657391,3319.8739277148243,4816.874842868964,1149.9346651788517,3146.651132366146,3762.034160966383,3516.7619143845122,319.0161514080649,1647.5438687870897,3295.8720130177185,1047.3447235416554,4613.9868500462,780.0061319505821,2947.1889717803456,3312.744072541257,924.342713682531,3009.464253925666,3422.164550672119,3994.277767974417,3744.5070932360954,2933.000090334924,1743.546149930683,1544.8271316812727,2037.2373263960594,5101.666515408842,4203.71869105877,2593.582169681609,339.0876203610244,1475.1387123216882,1200.2064783243452,1690.1237438093835,1393.9578921496004,2723.6785445646997,1810.203322747144,4675.910209436015,1996.0563594461112,963.1777433962685],
        [3362.8316852078597,1891.200921751265,3474.534862024399,4038.14764857346,1195.0337728222985,3006.148384964561,245.38810556466595,3039.896249566823,1185.966870632887,2819.7467455292635,0.0,1705.842995494814,2700.4523936447686,3636.981736713655,1385.8892159738998,848.6222665413075,1587.6117130621342,1955.836708169906,1868.8576895365015,1444.5334449851612,1040.8779520096657,1632.267370659381,899.3881431925291,1273.3853626961334,1577.555470599539,1386.695416301828,3051.638848732651,1759.4143485624688,2823.5683476108647,2227.419644623385,2608.373905226411,3326.0642360371403,2991.5972066107565,1401.7650512429504,1990.2984055767874,2077.3886098364624,2958.561890759776,1699.8389879853637,2603.476047581416,1505.1112962918546,2006.3338889064335,2182.4857993114647,1523.7707918097747,2717.430611325598,2930.0554762522056,2469.9503791719417,223.31838692914553,1291.566286820196,2545.7900132763257,3558.7270420437007,2792.8801434167435,1739.777994384091,1390.243028232541,1478.4754863284638,1255.3220940196968,2947.322461702293,1575.922244213632,3106.33301620183,1908.160397540736,1251.1762196505067,2723.62823217224,922.531873426842,1849.1083031171154,2690.309048996714,2216.3317825908152,2420.0987357046533,2015.665451118283,1892.348154132673,2867.3202021093,1589.7146583046053,1311.9450695603553,2505.2681101018525,1562.5908263938384,1821.416206124663,3052.816541066368,1795.6620251369466,2209.7027468256224,2004.2337398997386,664.6583226460922,2005.8900162820926,348.59302329884827,2759.808077260343,1673.7615052893,2693.260431756896,1130.9828464942834,1087.9416126709507,1338.9944590454215,3062.848908772918,2286.407067387812,1947.4675512634299,1600.3568260585103,2852.9669049719546,2916.3057865531264,2000.1564479520175,2216.6973379478877,2771.459093340698,102.57874915007822,1074.8838148520397,1862.0014919373593,1710.7660588231463,3362.8316852078597],
        [1659.2909658880722,3211.737715438247,1839.3704047681083,2362.5255684308454,2175.798474485755,2860.314728686644,1626.6061129166724,1768.6213864843105,532.1911044421463,1287.571062792185,1705.842995494814,0.0,2706.8624366144436,2010.6967954759034,3073.376128827442,2518.2658575719506,1505.289954210211,1048.0494439896781,616.9570598297238,2801.6142845368117,896.7482928548047,3102.44694829923,1476.7253926999465,1923.764445126956,1161.2117023443518,2317.0426869890102,2664.1327576455315,1297.6168143081509,2097.1017977979586,1606.0530964156706,2018.9581193239599,3021.6474890460245,3199.2966433939846,1275.984148645738,899.7784267316748,481.4427981633275,3019.7458700847164,2846.0869106027462,2185.9591474738027,2177.503718524339,1626.1760697220739,2337.4820134873116,1436.069550396041,3415.708104635387,1234.7194001117746,1259.918719861591,1786.1796563416249,2949.2871412057834,3388.1166703135254,1853.1991443363547,1572.5150873435969,3091.2823607180053,1503.0492577414434,2857.476513096533,878.2640120037737,2821.130161357798,1250.0396541497096,1542.0645619200252,3325.744574159919,1288.2807649088377,4411.775974754147,1101.5723017021655,845.927145657642,2599.988504478034,925.1229954539722,3083.5597218195917,3618.5602364825304,186.50528419715155,2208.1638962317547,3000.7706950766324,2721.2271938033236,980.3446699663725,382.0758127160627,2793.0396508028284,1352.6534044705502,3449.1368418615,1069.0892335366868,1766.843407822344,2307.4957340718784,929.2814626999136,1975.0808485179202,2374.4224552287264,3179.567652210959,2609.7341479642387,2223.545221973065,664.7265241034172,862.7648687059411,1641.7930715857105,3970.4792777106886,2916.1663489295106,2173.4367664250594,1211.2320700561397,1308.7694176321806,1244.3977229188486,843.6201356377926,1999.435848743929,1603.4367359994062,992.149623387406,3551.1939419677137,811.06567679086,1659.2909658880722],
        [3508.1780787066314,2224.8070074191864,3155.3582008625003,3727.8308566176665,1677.3000416852356,5368.136829824808,2455.9349879860492,2093.9970423620584,2681.974400941638,2546.124677709644,2700.4523936447686,2706.8624366144436,0.0,3221.126677931987,3153.830958848502,3298.231836435502,3854.983385203466,1721.1211361595206,3310.750559026361,2178.0645217264423,3024.8179267709197,4207.735627830293,3366.7078336150603,1445.7526850683448,3620.918629446323,1552.5926790186227,5263.3762848676415,3810.2927459264447,1160.7297709017762,1198.6814384063698,4654.774695158041,5603.35128534513,533.8189595771615,3596.459865417559,3586.307356098413,3143.366183148107,312.8951341879723,1819.9780886621188,4772.591649441641,4127.81795839126,1084.8590458311471,4653.874215799198,1360.4981632920703,1251.0765793701507,3141.8990008677374,1930.6653464390884,2923.7608720690555,3653.1514873607116,1457.9539619331943,3769.9464859086984,1954.4373027781505,2243.192736590539,1402.2812213472919,2230.397082671377,1956.1936789921676,288.3120288112865,1486.4378514148261,4041.8775092653627,2469.8221722643248,1625.291548707923,4666.662410327883,2026.0964397361513,1899.6946174861805,163.76457435148203,2083.3148939653724,1071.430581613704,4369.55185982987,2771.7606303181933,4871.856232764073,2331.9841992403763,2258.5423004930412,2451.536554526061,2981.87181500043,1531.6947396778162,3510.526325078886,4061.0698727849804,1883.6661434921896,4239.586937897523,2650.9412799533993,1887.8019996706162,2573.5651350234316,4959.49439385087,2605.6660404331124,5075.068842315132,1803.773230733313,2381.5559343320892,1923.6039160829898,4260.945654418994,4329.87851746751,4646.8833497765345,1161.897961138318,2850.9016032046047,3784.4513220854537,1515.2667650824567,3544.0872474362304,1234.036681761738,2675.802854058378,1983.50273943793,3959.3493393582544,3421.8579444543075,3508.1780787066314],
        [714.0881008302122,4720.951251503094,173.95741922535612,508.74934304852883,3680.5054375157706,4356.974140312797,3499.4751072621925,1132.1417543752348,2531.113336403286,847.6031077097435,3636.981736713655,2010.6967954759034,3221.126677931987,0.0,4924.376646804599,4479.544640718547,3356.411556930977,1907.2891455202393,2281.1366608255903,4396.364456917169,2902.9937502761263,5111.816783550255,3479.1912422909963,3330.46640422192,2997.9311069083433,3745.0321210147713,4025.7252859397254,3053.893846162157,2081.069773939201,2143.3041612441957,3405.223959756062,4372.113046921162,3742.0195415969524,3180.855467914239,2459.5598140395614,1885.8122306629446,3470.0198028875425,4285.221320392431,3650.8087839684213,4126.5862917574605,2407.4096850824735,4097.11829859109,2645.751373102219,4370.08408535238,866.0238297640768,1414.8986292818759,3755.361806779268,4919.600011370766,4475.838810479578,861.9737398911777,1275.9189016877242,4640.610127594018,2810.1146934560284,4459.341962298216,2463.490206886331,3144.7081151927237,2439.8925269285287,1766.2975063164265,4899.404223328286,2722.762037427406,6359.266099675007,2811.429290482077,1899.9411468837845,3059.72793523629,1504.016634752467,4087.6381582573817,5612.863708898551,1841.539624028728,3468.6473377999696,4606.8463427796705,4363.545943242944,1141.7532615069026,2323.5190085840213,4117.29025671721,1097.0151598808766,5423.826223630492,1612.2349645917845,3470.2882059206995,4151.7336491073,1769.5697789389849,3843.1398513942254,3810.2176846592515,4840.958149584,4193.8421678162085,3778.057914282949,2550.6227231588996,2389.153808314081,2153.6604545112627,5923.249502010388,4879.574872908441,3414.640584449434,799.6279041574759,1618.9424808465033,2018.5717229954819,2141.5877219646086,1994.654631444351,3538.5562686610333,2651.9643663957922,5498.359722780019,2583.4100626757413,714.0881008302122],
        [4716.7002443486335,1242.4114714507632,4770.628657802619,5356.4283318354355,1522.4131104895548,3953.3677347851108,1449.7149544179103,4172.911345277721,2565.668753578392,4083.4470705702333,1385.8892159738998,3073.376128827442,3153.830958848502,4924.376646804599,0.0,818.4443947449599,2779.805397661737,3095.961767326038,3249.4320766546816,1017.4985889965852,2410.204069348909,1430.9892772608391,2101.997187660944,1856.7111412617485,2871.825165421905,1608.7768719184041,4110.758605501011,3029.7343890604006,3711.7117574552385,3180.391842529621,3796.214625862966,4316.99962219962,3221.468002263662,2660.9518726781703,3351.0387834144335,3461.9555154363816,3311.4066263002182,1430.0417663446403,3728.251708035731,2331.1012085339166,2899.37239456472,3113.238751810284,2455.1721128504487,2568.375184414782,4276.167223309615,3633.61856014525,1384.175372709182,772.9841297617,2292.6165355763364,4923.613178768299,3925.142000683437,1116.3494640037736,2280.212267446869,982.527960077132,2462.784002926594,3440.3311259202346,2602.975752068964,4490.375324558509,1075.2344690736468,2269.8189755349395,1547.351939350327,2113.1329293504714,3046.758437092986,3215.226734773092,3440.545696788914,2395.116472163094,1297.4175334883362,3259.0125269444798,4053.5870900026566,947.1411757893898,906.3679050737583,3782.718542339242,2948.4787861783734,1711.2065595636445,4425.7475667561475,971.1992412143011,3383.6546501280486,3155.767216722621,774.8977173768725,3193.6288018934024,1099.6907610627989,3851.703439385332,768.7041381278557,3653.0345472665326,1390.1184196769586,2425.3947274986645,2539.6303649883703,4431.916425167678,1178.5718829737243,2326.950643920004,2029.471091596754,4166.149585180033,4302.186083086229,3070.4380640450645,3595.6299281192437,3692.221066688762,1487.2014672235068,2273.2744893651666,812.4175672055262,3070.790825508727,4716.7002443486335],
        [4176.571565596421,1848.8836438110652,4315.4641532465,4870.6833444063805,1634.3782253146542,3138.1900538099558,1032.4874631370958,3880.294338349923,1987.3200066644954,3667.0936519650895,848.6222665413075,2518.2658575719506,3298.231836435502,4479.544640718547,818.4443947449599,0.0,1987.1295857572009,2791.8421049657522,2579.392205287978,1475.9712217842768,1737.0007865440516,911.4730747942598,1335.205993716034,1863.3616336642874,2116.1149516067744,1792.4699052158985,3292.473169778819,2258.969960788319,3599.453911174977,3016.3015931631926,2991.629009843188,3499.9624055007102,3490.461093579921,1893.5730446400914,2640.483730789094,2844.982654920436,3515.912684792867,1861.64138699646,2914.652680392877,1515.0996740428673,2770.3041765353164,2296.311449042659,2288.499153630776,3010.5784628087863,3751.823457645174,3312.8254874990294,732.0896716705674,442.9669810975289,2774.536238435285,4360.245024188532,3632.263840337315,1697.314806530818,2133.115383523871,1474.3868437629512,2097.2220990152855,3568.7858203296128,2376.1990077849246,3821.0225097983166,1754.6185601694972,2038.8394029618437,1893.5934668069385,1755.1155580172622,2693.833969967786,3320.185871031418,3064.428853978437,2768.618526390715,1176.7055658193299,2703.5805401453135,3247.3039218641434,1515.712625638074,1327.1511131369002,3351.722702964895,2320.9531872449315,2086.2989577137246,3845.3807258543934,947.1484059599104,3052.946223118372,2349.3594452352418,661.5403052175806,2850.0771265570556,760.2660759258645,3035.0292618407975,1451.6629096051422,2836.269371297724,1518.939698596064,1929.0222409424307,2180.589395099564,3721.6416720499315,1452.2374791680784,1599.5028967598228,2138.324107267687,3690.819788630208,3655.233048948329,2820.4562792363195,2915.332447468942,3557.3475922746084,943.4268010681513,1912.5367927280904,1034.236334065192,2364.423603237542,4176.571565596421],
        [2812.6498207625596,3478.7572607968073,3183.2621621149406,3592.035182828324,2688.6724344485156,1517.994179708337,1728.4085662272073,3273.8046524060615,1220.4938244177545,2753.8429570099793,1587.6117130621342,1505.289954210211,3854.983385203466,3356.411556930977,2779.805397661737,1987.1295857572009,0.0,2445.0012774600573,1075.2767495523742,3032.1281890234054,830.6642381757385,2121.633660561745,698.2869262266762,2628.941634333896,360.08727940156353,2878.410932635891,1483.639066379287,345.7981095868667,3513.9412991455406,2953.6250459642083,1028.5517651974792,1788.4952629156917,4265.91617945536,260.3566433734148,935.0610785149171,1471.550233960212,4155.494021851114,3268.323274348084,1018.8435942881122,827.8286611623781,2870.720721144332,843.5463619933869,2496.2894957239687,4192.4742352398325,2495.3428586355676,2756.3094293060885,1465.37909417382,2291.105346545225,4062.6356927937186,2908.0390544944307,3075.58763063646,3326.9695939232383,2460.279778251271,3065.737301111343,1920.1580269061737,4038.5350759486682,2402.193526345742,2100.3488073825183,3487.1248816740094,2231.197113273518,3691.029448781699,1839.1465458899588,2249.82234750824,3789.388886909569,2421.975412406431,3871.9332011061815,2746.7453029330454,1609.8385938544452,1288.3528198221527,3173.8237547927706,2898.8462084566954,2465.7172542846624,1123.9264169423732,3351.778253077314,2399.693029730682,2703.124053234738,2543.6632362852356,420.96226645497285,2208.9485765057243,2372.9360610396684,1930.7225098638019,1183.5166860580198,3234.866562043749,1220.3360372491136,2658.638315221873,1490.2493310807408,1970.6184262097158,1886.4966591403381,3264.992932166747,1569.134578440795,2959.828076491344,2596.2230708147986,2020.8042607613907,2606.4529021844432,1274.5897126060195,3425.740009522359,1525.1832622259853,1871.624842174187,2907.6979030895654,773.3355817525558,2812.6498207625596],
        [1942.2682165200636,2814.900657555062,1778.4446303549644,2390.7393778685423,1774.0485091498163,3881.8374830132957,1760.0725773574356,1090.644769009547,1234.4920891698562,1069.3333979853883,1955.836708169906,1048.0494439896781,1721.1211361595206,1907.2891455202393,3095.961767326038,2791.8421049657522,2445.0012774600573,0.0,1664.6141073608023,2491.749375848294,1666.811273763664,3571.800038681034,2184.8584425372255,1423.3433143175855,2136.821943550233,1839.313154630493,3706.048330175559,2300.261344161066,1070.593415874925,561.0882290928619,3064.9252803129634,4061.389959683506,2240.3775776861858,2190.930006483987,1947.642939597821,1439.462967671,2030.0031198318597,2382.631856214941,3223.3479489945353,2968.1687642254883,649.9558908577933,3288.1085412738576,740.9283997588647,2629.345340376567,1520.778994780947,537.699361222963,2131.6953992560675,3231.498635248472,2675.1025931048894,2198.8236044672894,841.7509273206699,2733.321829645882,902.8524193014202,2555.004452369927,703.8407194625828,1799.085690517088,532.6329013167195,2327.828814995832,2992.209536820105,833.7015004111346,4597.141312226313,1036.760053491819,203.02712195495533,1596.1679587950557,431.2282205431462,2314.0387527946496,3967.347871527893,1073.649775272333,3256.1976107520254,2702.087204816117,2465.3407970618105,842.1424309814026,1389.4409249097891,2231.232308034392,1848.9862853468924,3729.2262265814006,296.9578608280429,2764.5464540838957,2343.487346416608,174.89501255368663,2071.509286572719,3412.4118094458067,2941.452791183962,3616.7313089703293,1874.5773465883417,1031.5281594833693,620.5882164452476,2539.942993411177,4176.565186276495,3645.10519707148,1531.0560769653305,1278.7708417359177,2070.5014320197183,206.7959987644262,1851.6889250855565,980.7814603663675,1873.3558502949545,881.0405837008867,3752.306620202311,1840.5812928568555,1942.2682165200636],
        [1757.4127616563744,3591.737873597642,2107.9958929257327,2529.9697214234156,2606.0306637674507,2280.1376532087106,1869.539734962799,2288.7454170986266,780.6592404348243,1711.6254372627993,1868.8576895365015,616.9570598297238,3310.750559026361,2281.1366608255903,3249.4320766546816,2579.392205287978,1075.2767495523742,1664.6141073608023,0.0,3158.7392762913655,844.8775483099688,2995.4912158128677,1324.4601659091156,2406.221241839306,717.2704128923704,2768.071724864078,2059.0845403333933,785.3363760366204,2705.537370274733,2223.01013132001,1408.6599629189964,2418.7661411268136,3793.3281438752547,913.2387487578997,283.11543689128376,397.5607696896839,3623.4894476160957,3267.913049569733,1589.3106883908245,1862.0413212648568,2235.6487553147085,1846.615528444586,2004.6001363617042,3949.46261528602,1421.1256976988552,1829.7871201276134,1876.103993350269,2976.869410888427,3894.820163304032,1880.130326122141,2119.830833166536,3458.040289058962,2045.5209683365845,3208.6559038883165,1411.6009331197001,3433.6449536777395,1835.8711309685182,1244.170632103268,3672.8946414052107,1816.4830488018106,4444.37526913263,1540.4955341439097,1462.776080506693,3208.7375758876587,1501.7762605992443,3616.241894738342,3572.25732541782,627.3792805485857,1591.8346524780554,3343.9330906610876,3057.5668455573714,1447.3430035736121,366.10283443463703,3256.1655667612713,1359.367193719101,3454.053324650054,1665.351114761416,1235.7442493896683,2525.5179964036492,1540.5559783721976,2192.251109769779,1775.9197836984506,3486.5732136173747,2048.7058702533923,2629.7019038914264,1066.3916624083306,1417.928578688794,1206.4446306507557,4002.9424642372223,2616.678601031962,2688.437322596662,1527.1787992033637,1079.1265720892748,1861.3256681612627,348.71988643395844,2606.036742767565,1770.458720976031,1475.175988696863,3601.451960161644,302.75030099978216,1757.4127616563744],
        [4327.334006397613,447.6600689277916,4260.90387621412,4869.74303298913,720.0781103598513,4422.320857063149,1331.4764948629606,3495.5349880906524,2386.0863346167885,3551.5506859786638,1444.5334449851612,2801.6142845368117,2178.0645217264423,4396.364456917169,1017.4985889965852,1475.9712217842768,3032.1281890234054,2491.749375848294,3158.7392762913655,0.0,2410.781038795691,2324.6837128673656,2341.5664368735374,1081.9197948708068,3001.3559736590687,707.8029349697304,4491.01442443487,3190.162422777283,2884.1306225646917,2423.9643021882507,4050.707596135028,4754.946592316725,2207.7249373506847,2840.3811505672834,3336.4940350089664,3259.3571179658425,2311.1708242037257,415.1302062662762,4047.545647455152,2845.6868255563386,2128.9148506667166,3583.7228604769457,1765.3464453211122,1570.5733222286149,3881.0845944119415,3011.904155994758,1589.002273467822,1677.5137695627861,1312.3734325081866,4562.645546867192,3258.352486397919,301.490808275194,1593.3882482022152,63.756966857743905,2002.6942753289443,2466.370177233012,1960.2731990636646,4331.034319539307,524.6082367116401,1678.293501788458,2489.9101003059322,1705.868065678791,2503.869393625462,2257.0202681382248,2895.2439802017993,1378.9421181576395,2305.125175995639,2971.7765316646096,4309.039950683755,210.4902541455298,150.141450084881,3284.7631399808356,2806.023586946099,694.0059878214158,4110.209129415312,1980.7403874882195,2788.5560559332284,3448.4588442308977,888.5216054399683,2627.319728448756,1105.3101013839905,4201.929168272219,466.3734454397299,4109.910673107581,618.5954593837838,2144.9609640471463,2060.3676534411247,4362.099948032404,2169.1819895839103,3067.9991014364546,1130.9959408666302,3707.0959616417945,4107.32574761737,2408.4705638884984,3501.740822683891,2884.258453632335,1510.6421499314536,1838.0961789042171,1828.0373886998996,3067.661166035707,4327.334006397613],
        [2494.306384330184,2855.177297422709,2730.5863559536674,3232.270752215498,1953.8874213378458,2344.46622696543,1083.099571596946,2598.552874871341,439.2904148523907,2177.903694466304,1040.8779520096657,896.7482928548047,3024.8179267709197,2902.9937502761263,2410.204069348909,1737.0007865440516,830.6642381757385,1666.811273763664,844.8775483099688,2410.781038795691,0.0,2223.0694732016736,580.399522698993,1842.36732582698,633.5224857231378,2135.7882286769245,2270.5205266836088,832.2737517716606,2722.9498185655316,2146.794891334474,1717.4981728099579,2595.8150705436065,3442.0283790230305,571.6421407780531,949.579730010603,1121.6885443066678,3326.258489965584,2581.177605123426,1784.5076928007477,1318.26874253668,2046.6752541948977,1651.5255467170398,1665.6662681130956,3417.741710521719,2097.063775068576,2046.1450907609183,1031.8958765724506,2142.4658066041025,3312.3428617367385,2655.2154294504426,2378.0538988337235,2712.2362824183015,1633.4214996337175,2454.710597391966,1093.6383860594615,3208.2150631555473,1574.8789586384885,2088.9925649749025,2907.8938998216486,1402.499430282412,3612.7696399620277,1017.1401574295049,1482.9427549081392,2958.763677761848,1722.628827040218,3090.913467174529,2767.5809936172404,1061.4921276376137,1964.300222211062,2581.085508122195,2295.1078541090164,1864.4658229398224,603.2641606833299,2622.3597576352554,2133.653148571615,2628.143416715808,1809.8379647572817,1220.8220810971393,1704.8035309554753,1621.4358649668923,1378.11538268668,1965.0222834023446,2696.767920456913,2050.2810647005986,1947.2907010909003,666.6876131945412,1148.5478512235927,2023.8117740234302,3170.446144410165,2036.3690786554096,2164.885532675754,2104.892735790568,1918.2491467388793,1810.6835175198826,1187.2927382381283,2640.170153251939,947.2047207527742,1041.315189424269,2763.8386769924064,670.647140292487,2494.306384330184],
