{
    "drone_dist": [
        [0.0,5139.9037124306815,2546.317462269849,4638.294943502045,2756.2700970848987,561.9280183553954,4047.5733329730183,2485.5551779821894,2102.4073081413903,3926.290775118355,3255.930484747819,1231.1092278616616,2047.1061944163212,4156.729785432216,1619.2846264268085,4209.517451608723,3875.2029487001455,4056.3284293318748,1234.6907351136185,4097.5580615949375,4125.698447898557,1984.6871745028993,2097.3405243898274,4744.035206088718,3874.8983243472285,3195.319187577367,3752.7883743171174,2143.044565812427,1042.9860370648767,3733.2842303297434,3059.533073558223,3557.462756499498,3177.2294739709937,2279.508314623595,3373.7358298793483,3128.8240205260204,3375.7710888102442,3719.2251500654747,4313.947433762012,3929.6685888920015,2687.6524296632274,2741.991282718911,3851.2671052178293,2345.361865137962,4361.872827739133,1237.5052220727357,1056.575010202593,1930.8088485012602,2713.8875595646036,4833.393026999571,0.0],
        [5139.9037124306815,0.0,2990.6071159705134,519.7671950087456,3278.9585320768538,5253.441478584079,2723.72953566778,3426.3863528959027,4162.724844096523,1256.8093497235711,2374.5974731542137,3994.4830738134506,4316.573738291909,2203.7881559341804,3552.5939922278217,956.8988326937281,1577.1079755487808,3802.567447093257,3926.291662160745,4045.6449697409644,2230.626329756874,3165.0810541270407,3131.3611332088085,1007.5839154376215,2860.6026756724887,3484.473768820345,2939.6694774068724,4126.306041435663,4786.419368685128,2174.3618415121705,3456.8942589818066,2326.677317826315,2178.3893548254946,3075.6369204986236,2000.691009689647,4316.683038144538,2072.476399670273,1728.4803762643496,3246.384742900289,2516.4994404979666,2739.4305789096175,2422.739063917032,1313.118181888195,3333.0916727167514,2799.9587638424705,4059.263816467337,4309.32597764386,4088.2325008925845,3600.385423793234,319.7492778983375,5139.9037124306815],
        [2546.317462269849,2990.6071159705134,0.0,2578.912561363909,551.9363690925283,2886.351215735097,3345.288108191194,2479.850072934857,2853.690848883099,2057.0655880729673,729.8855390624525,1323.971363270172,2948.95835859034,3115.2272507930106,1485.2797517975519,2046.8385965928233,1473.5231471062812,4017.9126844903435,1385.8797118941568,4192.857526370782,1580.7520495479516,939.0213611280199,1522.7600913729216,2334.0357794777638,1430.0049794143429,3155.7528150626536,1334.1563446226853,1156.9821053029252,2723.9679700950956,1191.5125230615067,3022.435325257451,1011.8977375650745,1920.237433329539,1776.6855968653065,2022.9602474955232,3698.550548794618,2114.957360261659,2264.1551118630277,1972.965942740686,1407.134544790061,262.3671677303798,870.3748089195919,1716.1166330892436,2231.0905102183406,3651.1753416740853,1977.3442565024015,1520.3755887982104,1097.7683410459672,2848.308356485857,2738.687501605874,2546.317462269849],
        [4638.294943502045,519.7671950087456,2578.912561363909,0.0,2921.0140485237202,4739.7706332979415,2329.8805259831543,2916.5984134320793,3649.951254946991,737.2664840314573,2024.934037156938,3510.9889153331474,3803.353310882166,1818.6925508934937,3042.278212206139,544.5485830833398,1267.9208491103238,3401.3833109402717,3433.545945088695,3643.3937449296477,2070.699725413371,2673.040787199913,2614.759754846058,1015.87935682651,2662.113398211202,3013.975396021894,2721.1672766124534,3730.907990718991,4267.482044435162,1916.1166628053309,2977.0057781928554,2040.8684796009798,1661.6395755049107,2555.888376361823,1487.4228694282253,3843.467763325751,1564.3475463783586,1231.744725804337,3116.6882457034944,2321.9571300333814,2320.5501277111366,1943.996538012409,864.4437314229812,2817.1635737530974,2450.1822549522444,3543.7384784011847,3833.7723943341707,3673.175064681449,3103.2040527761706,200.3491670110264,4638.294943502045],
        [2756.2700970848987,3278.9585320768538,551.9363690925283,2921.0140485237202,0.0,3168.857351871615,3886.207940380328,3018.306304926467,3351.4543806287834,2487.277995347393,904.4105207490812,1608.8347626113875,3436.741448669271,3636.8866452497678,1956.1778387139088,2376.8236407519967,1704.4703680243965,4569.796854330367,1726.6068569356569,4744.035030870527,1487.7926766968721,1446.5697109167124,2055.03477983492,2493.9620789472865,1121.462694026979,3705.0301768896447,996.8901142734633,906.4270720676876,3102.5863389048486,1217.0215973688835,3570.6178162666242,1027.764439769072,2454.9378992440847,2318.2995608655665,2545.3613229982607,4230.186782507693,2642.7976873514212,2764.2758188956586,1577.4548028156044,1229.3956569078239,755.9797479211802,1401.1634764508658,2082.9500746758426,2768.0642843355304,4188.2535869662615,2399.962129103247,1699.7443048544471,968.3420264061409,3388.0386829484996,3059.975803037838,2756.2700970848987],
        [561.9280183553954,5253.441478584079,2886.351215735097,4739.7706332979415,3168.857351871615,0.0,3861.4531915645434,2288.9709914456125,1770.1440026524356,4009.1059041629965,3562.0820693238543,1571.2533544547257,1682.8185343481148,4037.8138690398723,1706.1137470109418,4355.19141930849,4107.809184861123,3732.996421461545,1505.2227737450746,3746.4292186993407,4460.6785277104,2181.681098461777,2129.807140070813,4958.839719940305,4271.4694723454895,2925.709377712114,4155.9232260333365,2641.4328443511945,657.0489515413485,4046.9537734870037,2801.320933807946,3881.6289558121134,3179.6423688976224,2247.072532988556,3377.860313131229,2735.124471675579,3359.8785012259273,3719.3037068396106,4743.769930698331,4291.545951817452,2989.0799881795383,2928.116469550313,4004.6509000137953,2200.177950573938,4161.356353692392,1200.2702633049453,1497.2048938282612,2417.2329653888783,2452.4114452378913,4938.819472371413,561.9280183553954],
        [4047.5733329730183,2723.72953566778,3345.288108191194,2329.8805259831543,3886.207940380328,3861.4531915645434,0.0,1574.2589189041244,2183.1082944669297,1904.3186579768972,3285.2177981373165,3401.3963081393595,2320.2827666484145,520.2300378870233,2622.2573009664943,2453.642413834729,2963.659748152647,1078.8542534050146,3219.2802822464123,1321.9348822333163,3879.3697763940045,2713.2105788673225,2170.0446755344465,3252.8268453684504,4268.451278675183,1059.907018923946,4259.573698101062,4320.130657070293,3221.6397480082614,3517.376390188199,1131.7339201821028,3524.213100062425,1435.4620827490628,1892.1724832945245,1381.7302268780634,1800.5287000367864,1268.826452747203,1310.388986881769,4842.229821138813,3999.934954662185,3132.5618146427537,2486.1513039118367,2382.445914573537,1703.914848009978,327.4784088210278,2820.295553342054,3746.5790039074177,4143.657313281798,1452.984024386032,2470.0710071359426,4047.5733329730183],
        [2485.5551779821894,3426.3863528959027,2479.850072934857,2916.5984134320793,3018.306304926467,2288.9709914456125,1574.2589189041244,0.0,743.467797870812,2210.109584551746,2764.7393295740376,2026.42246575669,898.5622184072819,1774.4677267063446,1246.896684798226,2723.5526786506553,2856.1007970263236,1700.177963342769,1824.1497065314315,1817.8024078714643,3606.5852709921774,1591.6746233167933,966.0001120508418,3509.6432407321936,3767.643799809638,778.6229087425426,3709.6841658283,3163.1477189667603,1656.9465239633487,3168.049153560366,631.1386643121625,3088.6410722111564,1270.3052872819244,704.8327504466134,1430.4634622819392,1226.8863731626068,1353.9318293381825,1706.4025661017336,4354.4453615004,3600.9474627412833,2363.319078163247,1828.1829773518407,2456.621441018795,251.49749788824874,1880.9097880475388,1282.7034762752924,2338.5376518617927,2947.1160412982135,370.5033367663244,3110.7344033242043,2485.5551779821894],
        [2102.4073081413903,4162.724844096523,2853.690848883099,3649.951254946991,3351.4543806287834,1770.1440026524356,2183.1082944669297,743.467797870812,0.0,2933.6546423001796,3273.136864364228,2043.7456210759303,155.09522244494448,2465.7544076057957,1403.7813003912931,3428.154809647389,3485.4400357253257,1965.9485229634395,1841.9484230502326,1995.6761529763323,4160.577373875941,1914.9526178793355,1379.7837861125092,4193.353008518843,4235.033740995139,1174.3409324176332,4159.523293695718,3297.169268867528,1113.5923143920252,3715.0209295250047,1065.001591517239,3610.016055356489,1992.4290743729466,1230.6875616068048,2162.6153556161844,1056.2514192119377,2092.1154280362753,2448.1275111000186,4807.3930447218545,4112.877787540513,2796.1912741479955,2364.359362275504,3140.4050460144163,844.2020693975538,2456.316705230029,1123.876534838835,2280.7895925522116,3062.4182114131872,730.1281540581589,3845.695859684116,2102.4073081413903],
        [3926.290775118355,1256.8093497235711,2057.0655880729673,737.2664840314573,2487.277995347393,4009.1059041629965,1904.3186579768972,2210.109584551746,2933.6546423001796,0.0,1659.8070111353893,2834.1217133079826,3085.6831320682695,1454.0479842943357,2318.706536474638,566.7627622756721,1106.2139819206955,2920.3766685195283,2740.324229593197,3155.033766242726,2030.8545152627755,1986.7064429484528,1880.9842389280652,1388.1636415839484,2513.1407356144778,2398.880187597262,2536.415874734225,3209.1670173139805,3530.421414102873,1732.381267363533,2341.4470525164115,1794.4018230731301,941.5364394171164,1819.059640453169,785.2667171704153,3212.5752986257467,880.7652693777954,619.4425149345263,3049.070393924087,2204.006418939038,1795.2529691240097,1301.810435916861,508.654122717162,2094.360774276674,2106.241830779083,2810.9821690300287,3169.0147904591176,3117.8194733339674,2426.3918506694395,937.6120826365286,3926.290775118355],
        [3255.930484747819,2374.5974731542137,729.8855390624525,2024.934037156938,904.4105207490812,3562.0820693238543,3285.2177981373165,2764.7393295740376,3273.136864364228,1659.8070111353893,0.0,2025.520516052442,3389.8002033989105,2955.6535558963924,2018.3230360210284,1480.501397808929,802.2154252400987,4111.401947251736,2058.1158295472896,4312.908446736023,917.4224054564154,1452.1501350704436,1893.3613664695258,1626.5661713141662,1017.7155122487916,3330.324877154578,984.8023941189945,1771.3900825781604,3330.5933134781535,485.6326941922243,3214.2549617483483,340.33356526678074,1870.7237429914417,2078.5141158758424,1903.5454322032788,3985.9029110054976,2017.015906998729,2046.168529236401,1608.0706158481767,840.9272574784445,573.1402360834294,937.120235743037,1209.6413905471113,2534.7084775756966,3559.9406357841403,2555.3528995685374,2245.4810842055685,1769.7163948329385,3113.0503314597986,2158.247595003259,3255.930484747819],
        [1231.1092278616616,3994.4830738134506,1323.971363270172,3510.9889153331474,1608.8347626113875,1571.2533544547257,3401.3963081393595,2026.42246575669,2043.7456210759303,2834.1217133079826,2025.520516052442,0.0,2080.5704487431285,3371.324637527367,791.6437413117715,3045.665184823406,2656.4227110448737,3726.578938344717,205.88626048105917,3837.9715980171477,2904.463629082666,848.7099732493185,1234.6808751172678,3529.3183648012796,2701.290622392577,2804.7834285345157,2587.4106260857875,1273.5883838715397,1519.9214829874188,2504.6750783070747,2657.2547543370733,2331.3561695241397,2234.94240148443,1509.6705739177542,2415.9645861905847,3066.4890954416983,2450.918309673169,2749.8704714611745,3186.216002101651,2723.4994498618535,1456.5454223860038,1571.81316423353,2685.808720797589,1799.9662576587396,3728.851578772136,933.3508927504654,354.44169879756913,1033.834876848026,2365.5938486204896,3699.3683676505016,1231.1092278616616],
        [2047.1061944163212,4316.573738291909,2948.95835859034,3803.353310882166,3436.741448669271,1682.8185343481148,2320.2827666484145,898.5622184072819,155.09522244494448,3085.6831320682695,3389.8002033989105,2080.5704487431285,0.0,2613.7380506856,1481.671593374895,3576.975979415202,3621.929227455535,2051.6851886996947,1882.4931469476576,2065.3280648374016,4283.0565645622755,2010.272679515456,1498.2115557886757,4338.269768784499,4341.860344587336,1296.339085871994,4263.335239331607,3344.823565543609,1031.7044756865025,3837.1321198456017,1194.8988455880967,3727.941278116324,2144.813553040342,1365.8639648387177,2316.185728030245,1083.9329103875048,2246.497925991604,2602.9541505805487,4910.4086605997745,4227.9851683845545,2902.0133384462783,2489.3636928875494,3286.136300856856,993.6041080629782,2587.461566239799,1149.5642248824213,2298.526278542233,3107.906879341505,869.1428168358204,3999.3405563165957,2047.1061944163212],
        [4156.729785432216,2203.7881559341804,3115.2272507930106,1818.6925508934937,3636.8866452497678,4037.8138690398723,520.2300378870233,1774.4677267063446,2465.7544076057957,1454.0479842943357,2955.6535558963924,3371.324637527367,2613.7380506856,0.0,2628.395129248976,1981.6262756009119,2546.436149712684,1598.9876943848028,3206.556614107544,1842.0631162816685,3471.087317225201,2608.2556333215734,2145.38778832711,2763.6726163138246,3904.5824520465153,1451.5714782194411,3908.326666076985,4162.882326484393,3423.6896891439014,3136.025486203263,1483.9204115247446,3163.7342451049667,1209.5645993003618,1901.4131035925072,1092.5302437107985,2251.0913831492344,1002.8460307424999,913.643416540649,4464.6785893845345,3617.4118716612907,2882.14654595409,2244.87547675099,1952.3618022562164,1837.7236356228664,654.0225503912569,2919.4736188443594,3724.5503813188516,4007.2626834546813,1754.4235623973032,1953.4695924897123,4156.729785432216],
        [1619.2846264268085,3552.5939922278217,1485.2797517975519,3042.278212206139,1956.1778387139088,1706.1137470109418,2622.2573009664943,1246.896684798226,1403.7813003912931,2318.706536474638,2018.3230360210284,791.6437413117715,1481.671593374895,2628.395129248976,0.0,2649.1045011354786,2443.037442717097,2943.9207808525857,599.2861902469239,3064.4209134279595,2935.126321469876,568.0772449643546,491.07510038101213,3272.7850763838323,2905.02880669203,2022.220280947199,2816.089076470719,1936.4309725061871,1334.2118257946802,2495.171819260335,1874.8917480071584,2357.3248605036515,1565.8707862940016,733.6552564957396,1760.2633867635313,2357.112994667063,1771.0040996993794,2105.202981395236,3457.8754412303842,2831.7177833480578,1478.644502129286,1246.0368604222238,2299.3885000590844,1012.8022600353063,2949.2225948375417,551.2014801069691,1126.9166735619249,1712.2832399431952,1598.70382592736,3240.1807981388138,1619.2846264268085],
        [4209.517451608723,956.8988326937281,2046.8385965928233,544.5485830833398,2376.8236407519967,4355.19141930849,2453.642413834729,2723.5526786506553,3428.154809647389,566.7627622756721,1480.501397808929,3045.665184823406,3576.975979415202,1981.6262756009119,2649.1045011354786,0.0,739.2267029810838,3483.188714495505,2986.0202218932723,3718.9870051268867,1603.9280633228755,2226.53099060109,2262.8303855992995,821.879357225783,2161.2694428246973,2959.8421274000893,2209.956024123986,3194.1022284828277,3927.9792328642006,1396.615591907355,2897.5362857610453,1508.949902377961,1458.0809444060715,2256.727197085619,1326.7577115693766,3767.444527639308,1431.5899483412666,1185.8982150997908,2649.263685669723,1828.090257107901,1791.4704497513108,1475.1497557547734,359.9347632221249,2583.9605651997113,2635.396822490057,3175.372867939191,3355.8122893969608,3143.8837402060485,2963.763726088489,691.9484953262422,4209.517451608723],
        [3875.2029487001455,1577.1079755487808,1473.5231471062812,1267.9208491103238,1704.4703680243965,4107.809184861123,2963.659748152647,2856.1007970263236,3485.4400357253257,1106.2139819206955,802.2154252400987,2656.4227110448737,3621.929227455535,2546.436149712684,2443.037442717097,739.2267029810838,0.0,3918.861018387778,2642.781049196741,4142.416566658916,925.679491048309,1926.2779447598948,2166.074027954151,874.7051513032843,1431.7693708901927,3262.2358676990107,1473.7346165824981,2570.348507983159,3774.8990071969156,658.6425026803041,3171.990946779331,772.9516558781763,1701.5468042660307,2256.065894950356,1648.1903935312014,4014.443294965992,1768.1993057384714,1653.8797499016612,1947.086297232502,1107.7699101037458,1247.543976929863,1198.0407671637959,597.8446400604286,2665.572069311837,3191.9756982791314,2993.642805891029,2924.836950038375,2555.4521875101195,3158.0815391724623,1379.407194748926,3875.2029487001455],
        [4056.3284293318748,3802.567447093257,4017.9126844903435,3401.3833109402717,4569.796854330367,3732.996421461545,1078.8542534050146,1700.177963342769,1965.9485229634395,2920.3766685195283,4111.401947251736,3726.578938344717,2051.6851886996947,1598.9876943848028,2943.9207808525857,3483.188714495505,3918.861018387778,0.0,3524.251506950793,243.08066271676896,4807.435413799211,3221.1405555668503,2600.58125050168,4296.401472868821,5124.241050822951,921.9583919741959,5095.995795592174,4833.051810316864,3078.1150881817766,4412.654407962477,1069.457344976728,4389.1975135212915,2254.6545251150937,2308.1929295825776,2273.4569789168995,1110.433524969327,2153.075089468664,2303.6732614466323,5711.305095273797,4888.3398248521735,3846.2382559308435,3221.4855287323267,3365.6416320589105,1931.7147343445515,1073.0287905221303,2939.5413504679145,4036.279107550401,4625.850175024694,1377.3124852175863,3546.4274651671785,4056.3284293318748],
        [1234.6907351136185,3926.291662160745,1385.8797118941568,3433.545945088695,1726.6068569356569,1505.2227737450746,3219.2802822464123,1824.1497065314315,1841.9484230502326,2740.324229593197,2058.1158295472896,205.88626048105917,1882.4931469476576,3206.556614107544,599.2861902469239,2986.0202218932723,2642.781049196741,3524.251506950793,0.0,3633.75213118737,2955.7228538982145,761.2307396639139,1062.1049470518194,3509.9285440563435,2794.435091914031,2602.742282813213,2685.89232133509,1464.2633334112995,1377.139195956811,2542.4152254591195,2455.2305205014463,2376.4064230790914,2092.905758135304,1327.593349315486,2278.9635986957887,2861.379177520524,2306.5214382992835,2617.7330146423,3298.6161718146004,2793.0078454884224,1484.9782730644986,1512.6781504567584,2626.513996568664,1600.4676044315283,3546.5031320221447,740.3585073349666,527.7782208884989,1226.1145199656075,2161.0648370496256,3625.314814613826,1234.6907351136185],
        [4097.5580615949375,4045.6449697409644,4192.857526370782,3643.3937449296477,4744.035030870527,3746.4292186993407,1321.9348822333163,1817.8024078714643,1995.6761529763323,3155.033766242726,4312.908446736023,3837.9715980171477,2065.3280648374016,1842.0631162816685,3064.4209134279595,3718.9870051268867,4142.416566658916,243.08066271676896,3633.75213118737,0.0,5024.799461878132,3372.7585317339417,2747.0952825515346,4533.783800538691,5328.178445582536,1053.3328082575742,5296.489562978499,4973.57083079019,3097.0200737801356,4625.134142050392,1197.4627473291607,4596.519640956024,2466.897196114862,2458.1051367967198,2494.806180057562,1049.5164387609739,2374.565551221132,2537.101701997181,5916.586390111677,5098.593505207643,4029.4353583000743,3412.3846870654224,3594.705728598938,2058.8784096307613,1306.9354410496826,3019.303691946658,4137.613379378244,4761.45781440441,1472.9899903880498,3789.133874505989,4097.5580615949375],
        [4125.698447898557,2230.626329756874,1580.7520495479516,2070.699725413371,1487.7926766968721,4460.6785277104,3879.3697763940045,3606.5852709921774,4160.577373875941,2030.8545152627755,917.4224054564154,2904.463629082666,4283.0565645622755,3471.087317225201,2935.126321469876,1603.9280633228755,925.679491048309,4807.435413799211,2955.7228538982145,5024.799461878132,0.0,2369.489752037752,2785.241655206066,1252.8974212276833,643.2569194993125,4099.831762074666,745.3748056042277,2382.7322344485433,4247.164015687455,446.03826496845926,3997.0191518710963,582.3557690460734,2560.2961374172482,2944.4491360735324,2535.6312521159834,4808.963397412291,2655.887376058505,2572.8705097357542,1047.6361672040634,314.7099224349745,1479.770295945518,1797.226898140597,1523.1838255811545,3389.6990055699443,4114.627779787816,3472.7389364897767,3088.3738614799345,2455.4969138994297,3938.0599255003494,2127.3192108968997,4125.698447898557],
        [1984.6871745028993,3165.0810541270407,939.0213611280199,2673.040787199913,1446.5697109167124,2181.681098461777,2713.2105788673225,1591.6746233167933,1914.9526178793355,1986.7064429484528,1452.1501350704436,848.7099732493185,2010.272679515456,2608.2556333215734,568.0772449643546,2226.53099060109,1926.2779447598948,3221.1405555668503,761.2307396639139,3372.7585317339417,2369.489752037752,0.0,628.4105595523617,2779.789499079931,2343.578670551868,2320.1396348362046,2258.6519409594976,1623.1637467175497,1884.01142144477,1931.568898193696,2178.4771118927265,1790.406085282437,1425.976334791215,914.6734629308579,1595.3259886095175,2788.5037470338007,1643.9105079273716,1919.6135087857292,2903.6769311847056,2263.78062386144,911.3926387833444,758.0066150007389,1867.5230398976753,1340.2044985303694,3037.3516906367195,1104.4776457736198,1191.3785793954748,1433.589229657031,1961.9267610483823,2864.319000284292,1984.6871745028993],
        [2097.3405243898274,3131.3611332088085,1522.7600913729216,2614.759754846058,2055.03477983492,2129.807140070813,2170.0446755344465,966.0001120508418,1379.7837861125092,1880.9842389280652,1893.3613664695258,1234.6808751172678,1498.2115557886757,2145.38778832711,491.07510038101213,2262.8303855992995,2166.074027954151,2600.58125050168,1062.1049470518194,2747.0952825515346,2785.241655206066,628.4105595523617,0.0,2947.1005193575497,2862.9225511581253,1693.870607570343,2793.0463947123762,2233.033703278249,1665.2441984980371,2339.2379131704574,1551.269625812249,2230.543933919765,1080.107888423711,294.28589497739165,1276.3954145182454,2176.3423137220166,1281.9874854355496,1621.8848951121859,3441.2338503015535,2733.1883640445794,1430.6237962452096,996.4332019293668,1928.1147295391404,714.6957171300025,2497.4609056022878,930.2531802222826,1584.568846112925,2030.0076648235274,1336.49803742055,2814.57463353392,2097.3405243898274],
        [4744.035206088718,1007.5839154376215,2334.0357794777638,1015.87935682651,2493.9620789472865,4958.839719940305,3252.8268453684504,3509.6432407321936,4193.353008518843,1388.1636415839484,1626.5661713141662,3529.3183648012796,4338.269768784499,2763.6726163138246,3272.7850763838323,821.879357225783,874.7051513032843,4296.401472868821,3509.9285440563435,4533.783800538691,1252.8974212276833,2779.789499079931,2947.1005193575497,0.0,1894.614283752973,3779.8933092102834,1987.4085636478283,3388.657531399591,4593.031316246173,1295.6075635672016,3714.725985210747,1474.9502498594381,2259.1198307446825,2988.1567519226155,2140.87431161661,4583.101340386489,2248.920775550406,2006.331122879641,2244.226570872589,1555.2383960217167,2117.9594390080583,2031.5759234578943,1054.0394111344426,3352.1518293559357,3412.5111072894097,3818.726011176138,3799.5154278771784,3396.2195722055453,3767.4421904671854,989.6048031947327,4744.035206088718],
        [3874.8983243472285,2860.6026756724887,1430.0049794143429,2662.113398211202,1121.462694026979,4271.4694723454895,4268.451278675183,3767.643799809638,4235.033740995139,2513.1407356144778,1017.7155122487916,2701.290622392577,4341.860344587336,3904.5824520465153,2905.02880669203,2161.2694428246973,1431.7693708901927,5124.241050822951,2794.435091914031,5328.178445582536,643.2569194993125,2343.578670551868,2862.9225511581253,1894.614283752973,0.0,4347.832384932102,136.36458838519695,1934.0685261862022,4151.028279891179,781.1441843218595,4230.967856775477,744.2496369279365,2875.299370056882,3071.960116490961,2890.796261555441,4992.724462901399,3007.7113830489434,2991.4390038606357,590.4810778638152,344.2763814920478,1439.8683289530793,1947.6671085974488,2010.2670220246541,3531.8788621558997,4529.26633123633,3407.1339996030656,2818.528384550819,2055.1692865104224,4121.365978854242,2736.9624679323533,3874.8983243472285],
        [3195.319187577367,3484.473768820345,3155.7528150626536,3013.975396021894,3705.0301768896447,2925.709377712114,1059.907018923946,778.6229087425426,1174.3409324176332,2398.880187597262,3330.324877154578,2804.7834285345157,1296.339085871994,1451.5714782194411,2022.220280947199,2959.8421274000893,3262.2358676990107,921.9583919741959,2602.742282813213,1053.3328082575742,4099.831762074666,2320.1396348362046,1693.870607570343,3779.8933092102834,4347.832384932102,0.0,4305.960738691464,3921.0572483733986,2270.2401585697694,3680.513689481979,147.52867437791753,3631.6128986622475,1561.6164963175975,1405.753690635584,1644.9513775332712,832.457808206362,1532.689506735127,1796.791629066515,4938.295677433464,4141.633441876456,3005.0108235549246,2407.4908195838457,2766.606824275802,1010.7856163064936,1299.551544816857,2036.4154485394008,3116.5247511839975,3710.423343369661,481.4458159092266,3189.458332084675,3195.319187577367],
        [3752.7883743171174,2939.6694774068724,1334.1563446226853,2721.1672766124534,996.8901142734633,4155.9232260333365,4259.573698101062,3709.6841658283,4159.523293695718,2536.415874734225,984.8023941189945,2587.4106260857875,4263.335239331607,3908.326666076985,2816.089076470719,2209.956024123986,1473.7346165824981,5095.995795592174,2685.89232133509,5296.489562978499,745.3748056042277,2258.6519409594976,2793.0463947123762,1987.4085636478283,136.36458838519695,4305.960738691464,0.0,1798.7573683719143,4048.1236540565415,815.4842144937209,4186.421178137742,746.3781119070421,2854.0565764049734,3010.3462913160424,2878.8436994416184,4936.170650855661,2994.3108104008134,2994.704281769009,648.2739072812839,433.29903476710206,1363.8730244003611,1899.8118873733642,2038.9492640045546,3471.0846744675596,4526.402876090225,3310.6033549385497,2696.2139406146985,1922.4565890548492,4066.727428106177,2804.166100451674,3752.7883743171174],
        [2143.044565812427,4126.306041435663,1156.9821053029252,3730.907990718991,906.4270720676876,2641.4328443511945,4320.130657070293,3163.1477189667603,3297.169268867528,3209.1670173139805,1771.3900825781604,1273.5883838715397,3344.823565543609,4162.882326484393,1936.4309725061871,3194.1022284828277,2570.348507983159,4833.051810316864,1464.2633334112995,4973.57083079019,2382.7322344485433,1623.1637467175497,2233.033703278249,3388.657531399591,1934.0685261862022,3921.0572483733986,1798.7573683719143,0.0,2753.97749954707,2122.4466311854626,3776.1465484129308,1932.3386318383289,2953.502214987461,2526.561042315947,3087.8609838224725,4290.5577917157325,3163.9875760918117,3364.2746961007147,2256.895346422408,2106.620247731219,1419.0364614741898,1961.2249198380412,2870.5192982536582,2916.818073484518,4640.3885928911695,2204.1866965321155,1166.481827402962,240.50538102097988,3525.4849056080157,3885.620257594647,2143.044565812427],
        [1042.9860370648767,4786.419368685128,2723.9679700950956,4267.482044435162,3102.5863389048486,657.0489515413485,3221.6397480082614,1656.9465239633487,1113.5923143920252,3530.421414102873,3330.5933134781535,1519.9214829874188,1031.7044756865025,3423.6896891439014,1334.2118257946802,3927.9792328642006,3774.8990071969156,3078.1150881817766,1377.139195956811,3097.0200737801356,4247.164015687455,1884.01142144477,1665.2441984980371,4593.031316246173,4151.028279891179,2270.2401585697694,4048.1236540565415,2753.97749954707,0.0,3813.2232296229904,2147.6508374529617,3665.445538367881,2651.063578827037,1719.7192040643254,2846.7087844409066,2100.0222719091616,2814.371642160456,3179.688343065857,4669.889739044244,4118.709330786562,2771.0650241361272,2576.8701764586986,3590.6775409346837,1595.6653344655667,3516.4085369140025,783.2442321876124,1596.3940676847462,2515.1494943351904,1799.32138009553,4467.810358036241,1042.9860370648767],
        [3733.2842303297434,2174.3618415121705,1191.5125230615067,1916.1166628053309,1217.0215973688835,4046.9537734870037,3517.376390188199,3168.049153560366,3715.0209295250047,1732.381267363533,485.6326941922243,2504.6750783070747,3837.1321198456017,3136.025486203263,2495.171819260335,1396.615591907355,658.6425026803041,4412.654407962477,2542.4152254591195,4625.134142050392,446.03826496845926,1931.568898193696,2339.2379131704574,1295.6075635672016,781.1441843218595,3680.513689481979,815.4842144937209,2122.4466311854626,3813.2232296229904,0.0,3573.7352141533943,191.41204949184686,2158.482632302286,2500.924409911809,2151.571899741001,4375.920351114733,2270.770830550283,2225.436450681156,1328.778084765799,482.71268256011456,1057.936095210232,1352.6070148888432,1229.1633598726778,2948.3711870802294,3768.211814065591,3035.9387780824677,2711.717424997395,2159.3704656061077,3503.683485920192,2011.5117731390603,3733.2842303297434],
        [3059.533073558223,3456.8942589818066,3022.435325257451,2977.0057781928554,3570.6178162666242,2801.320933807946,1131.7339201821028,631.1386643121625,1065.001591517239,2341.4470525164115,3214.2549617483483,2657.2547543370733,1194.8988455880967,1483.9204115247446,1874.8917480071584,2897.5362857610453,3171.990946779331,1069.457344976728,2455.2305205014463,1197.4627473291607,3997.0191518710963,2178.4771118927265,1551.269625812249,3714.725985210747,4230.967856775477,147.52867437791753,4186.421178137742,3776.1465484129308,2147.6508374529617,3573.7352141533943,0.0,3519.7638585907794,1476.8435944545479,1264.93161675204,1574.329087867094,871.2822041962214,1466.1161816124038,1750.5266274995945,4821.407001941513,4031.0025307636965,2876.571729215162,2286.713419746453,2690.517915780068,863.9094673624944,1392.5949321504127,1892.7934423327897,2969.248469478141,3564.728324296931,349.17761447255003,3156.793092179381,3059.533073558223],
        [3557.462756499498,2326.677317826315,1011.8977375650745,2040.8684796009798,1027.764439769072,3881.6289558121134,3524.213100062425,3088.6410722111564,3610.016055356489,1794.4018230731301,340.33356526678074,2331.3561695241397,3727.941278116324,3163.7342451049667,2357.3248605036515,1508.949902377961,772.9516558781763,4389.1975135212915,2376.4064230790914,4596.519640956024,582.3557690460734,1790.406085282437,2230.543933919765,1474.9502498594381,744.2496369279365,3631.6128986622475,746.3781119070421,1932.3386318383289,3665.445538367881,191.41204949184686,3519.7638585907794,0.0,2136.450979095945,2408.7511956270882,2147.1685225968727,4305.413756682406,2264.4609590687255,2250.1398297030173,1323.6798496195822,512.9258993180375,897.5010495098575,1261.4734176669776,1303.6502750891254,2862.3152496096027,3785.729040878523,2892.2965185564826,2530.1876325562453,1967.9584289618424,3432.1742876007233,2148.1715655076932,3557.462756499498],
        [3177.2294739709937,2178.3893548254946,1920.237433329539,1661.6395755049107,2454.9378992440847,3179.6423688976224,1435.4620827490628,1270.3052872819244,1992.4290743729466,941.5364394171164,1870.7237429914417,2234.94240148443,2144.813553040342,1209.5645993003618,1565.8707862940016,1458.0809444060715,1701.5468042660307,2254.6545251150937,2092.905758135304,2466.897196114862,2560.2961374172482,1425.976334791215,1080.107888423711,2259.1198307446825,2875.299370056882,1561.6164963175975,2854.0565764049734,2953.502214987461,2651.063578827037,2158.482632302286,1476.8435944545479,2136.450979095945,0.0,935.1244355992702,198.34328705594345,2334.539718469888,217.93522602792197,542.8313622724661,3459.868757074217,2633.706696701098,1699.6290343394464,1053.7968116305362,1218.3074034788356,1155.6823358281333,1733.3662415870565,1984.7544000045002,2588.7578279581367,2800.7737627291053,1508.4283352508717,1859.4521423711392,3177.2294739709937],
        [2279.508314623595,3075.6369204986236,1776.6855968653065,2555.888376361823,2318.2995608655665,2247.072532988556,1892.1724832945245,704.8327504466134,1230.6875616068048,1819.059640453169,2078.5141158758424,1509.6705739177542,1365.8639648387177,1901.4131035925072,733.6552564957396,2256.727197085619,2256.065894950356,2308.1929295825776,1327.593349315486,2458.1051367967198,2944.4491360735324,914.6734629308579,294.28589497739165,2988.1567519226155,3071.960116490961,1405.753690635584,3010.3462913160424,2526.561042315947,1719.7192040643254,2500.924409911809,1264.93161675204,2408.7511956270882,935.1244355992702,0.0,1132.669819286372,1930.1759976589328,1113.2658299139118,1472.4513443977403,3656.6215525685475,2918.572008252887,1659.246243504495,1149.1169613031243,1943.8975306227771,460.93167195476343,2219.549722853943,1059.7564379121998,1854.5310091712383,2324.2613495297915,1071.7918546364886,2756.118488521885,2279.508314623595],
        [3373.7358298793483,2000.691009689647,2022.9602474955232,1487.4228694282253,2545.3613229982607,3377.860313131229,1381.7302268780634,1430.4634622819392,2162.6153556161844,785.2667171704153,1903.5454322032788,2415.9645861905847,2316.185728030245,1092.5302437107985,1760.2633867635313,1326.7577115693766,1648.1903935312014,2273.4569789168995,2278.9635986957887,2494.806180057562,2535.6312521159834,1595.3259886095175,1276.3954145182454,2140.87431161661,2890.796261555441,1644.9513775332712,2878.8436994416184,3087.8609838224725,2846.7087844409066,2151.571899741001,1574.329087867094,2147.1685225968727,198.34328705594345,1132.669819286372,0.0,2442.2514583401094,120.3837338807907,345.4944801297136,3469.000784267108,2632.194040544587,1790.0621385686393,1152.7743913227775,1123.0159361026033,1333.907851730534,1660.9201109603011,2183.0910874177953,2768.896041518832,2944.2338290874213,1641.7880217815127,1683.1600415854411,3373.7358298793483],
        [3128.8240205260204,4316.683038144538,3698.550548794618,3843.467763325751,4230.186782507693,2735.124471675579,1800.5287000367864,1226.8863731626068,1056.2514192119377,3212.5752986257467,3985.9029110054976,3066.4890954416983,1083.9329103875048,2251.0913831492344,2357.112994667063,3767.444527639308,4014.443294965992,1110.433524969327,2861.379177520524,1049.5164387609739,4808.963397412291,2788.5037470338007,2176.3423137220166,4583.101340386489,4992.724462901399,832.457808206362,4936.170650855661,4290.5577917157325,2100.0222719091616,4375.920351114733,871.2822041962214,4305.413756682406,2334.539718469888,1930.1759976589328,2442.2514583401094,0.0,2335.8716645164304,2620.392477556391,5580.309321865725,4818.316909231581,3589.4190256763077,3048.816665111934,3552.3493290135343,1470.157446597722,1963.8252978630546,2168.552653172304,3324.2283443484253,4061.915746426878,873.2414902226868,4020.556321768171,3128.8240205260204],
        [3375.7710888102442,2072.476399670273,2114.957360261659,1564.3475463783586,2642.7976873514212,3359.8785012259273,1268.826452747203,1353.9318293381825,2092.1154280362753,880.7652693777954,2017.015906998729,2450.918309673169,2246.497925991604,1002.8460307424999,1771.0040996993794,1431.5899483412666,1768.1993057384714,2153.075089468664,2306.5214382992835,2374.565551221132,2655.887376058505,1643.9105079273716,1281.9874854355496,2248.920775550406,3007.7113830489434,1532.689506735127,2994.3108104008134,3163.9875760918117,2814.371642160456,2270.770830550283,1466.1161816124038,2264.4609590687255,217.93522602792197,1113.2658299139118,120.3837338807907,2335.8716645164304,0.0,366.62427272583875,3586.882622885965,2751.048926231965,1886.854610888194,1244.934296059398,1238.7846348052915,1274.7382561362292,1553.5143778046972,2171.3335339387368,2804.9488567129565,3014.38866309056,1547.6679701829944,1757.2843680094768,3375.7710888102442],
        [3719.2251500654747,1728.4803762643496,2264.1551118630277,1231.744725804337,2764.2758188956586,3719.3037068396106,1310.388986881769,1706.4025661017336,2448.1275111000186,619.4425149345263,2046.168529236401,2749.8704714611745,2602.9541505805487,913.643416540649,2105.202981395236,1185.8982150997908,1653.8797499016612,2303.6732614466323,2617.7330146423,2537.101701997181,2572.8705097357542,1919.6135087857292,1621.8848951121859,2006.331122879641,2991.4390038606357,1796.791629066515,2994.704281769009,3364.2746961007147,3179.688343065857,2225.436450681156,1750.5266274995945,2250.1398297030173,542.8313622724661,1472.4513443977403,345.4944801297136,2620.392477556391,366.62427272583875,0.0,3554.1557130213755,2707.6254510523413,2017.9363882836265,1405.9119932266872,1073.360486041544,1638.8862845309384,1543.917023904137,2526.4880463099985,3101.5252690869174,3233.0705970816857,1872.8044958570176,1418.372324538725,3719.2251500654747],
        [4313.947433762012,3246.384742900289,1972.965942740686,3116.6882457034944,1577.4548028156044,4743.769930698331,4842.229821138813,4354.4453615004,4807.3930447218545,3049.070393924087,1608.0706158481767,3186.216002101651,4910.4086605997745,4464.6785893845345,3457.8754412303842,2649.263685669723,1947.086297232502,5711.305095273797,3298.6161718146004,5916.586390111677,1047.6361672040634,2903.6769311847056,3441.2338503015535,2244.226570872589,590.4810778638152,4938.295677433464,648.2739072812839,2256.895346422408,4669.889739044244,1328.778084765799,4821.407001941513,1323.6798496195822,3459.868757074217,3656.6215525685475,3469.000784267108,5580.309321865725,3586.882622885965,3554.1557130213755,0.0,847.5813786058455,2012.0983403417476,2537.431962020146,2541.041413429491,4117.112060099466,5096.474582764167,3943.724420063625,3261.8233220200254,2420.877969942085,4709.655869188699,3165.9288064362045,4313.947433762012],
        [3929.6685888920015,2516.4994404979666,1407.134544790061,2321.9571300333814,1229.3956569078239,4291.545951817452,3999.934954662185,3600.9474627412833,4112.877787540513,2204.006418939038,840.9272574784445,2723.4994498618535,4227.9851683845545,3617.4118716612907,2831.7177833480578,1828.090257107901,1107.7699101037458,4888.3398248521735,2793.0078454884224,5098.593505207643,314.7099224349745,2263.78062386144,2733.1883640445794,1555.2383960217167,344.2763814920478,4141.633441876456,433.29903476710206,2106.620247731219,4118.709330786562,482.71268256011456,4031.0025307636965,512.9258993180375,2633.706696701098,2918.572008252887,2632.194040544587,4818.316909231581,2751.048926231965,2707.6254510523413,847.5813786058455,0.0,1353.8534376892933,1773.11489549559,1696.9914767699427,3373.4816331053603,4250.720384457912,3355.5420584908943,2880.8813024530377,2195.721046467905,3945.075813784528,2393.8132519580413,3929.6685888920015],
        [2687.6524296632274,2739.4305789096175,262.3671677303798,2320.5501277111366,755.9797479211802,2989.0799881795383,3132.5618146427537,2363.319078163247,2796.1912741479955,1795.2529691240097,573.1402360834294,1456.5454223860038,2902.0133384462783,2882.14654595409,1478.644502129286,1791.4704497513108,1247.543976929863,3846.2382559308435,1484.9782730644986,4029.4353583000743,1479.770295945518,911.3926387833444,1430.6237962452096,2117.9594390080583,1439.8683289530793,3005.0108235549246,1363.8730244003611,1419.0364614741898,2771.0650241361272,1057.936095210232,2876.571729215162,897.5010495098575,1699.6290343394464,1659.246243504495,1790.0621385686393,3589.4190256763077,1886.854610888194,2017.9363882836265,2012.0983403417476,1353.8534376892933,0.0,646.415418571222,1456.798086386455,2119.6856072250494,3432.981758665143,2002.788072585578,1692.941388517445,1352.9285028599218,2726.788774451089,2482.7682488649198,2687.6524296632274],
        [2741.991282718911,2422.739063917032,870.3748089195919,1943.996538012409,1401.1634764508658,2928.116469550313,2486.1513039118367,1828.1829773518407,2364.359362275504,1301.810435916861,937.120235743037,1571.81316423353,2489.3636928875494,2244.87547675099,1246.0368604222238,1475.1497557547734,1198.0407671637959,3221.4855287323267,1512.6781504567584,3412.3846870654224,1797.226898140597,758.0066150007389,996.4332019293668,2031.5759234578943,1947.6671085974488,2407.4908195838457,1899.8118873733642,1961.2249198380412,2576.8701764586986,1352.6070148888432,2286.713419746453,1261.4734176669776,1053.7968116305362,1149.1169613031243,1152.7743913227775,3048.816665111934,1244.934296059398,1405.9119932266872,2537.431962020146,1773.11489549559,646.415418571222,0.0,1115.241441381259,1600.8827323604178,2787.09030049162,1796.0126517941771,1889.877402821888,1842.0874776875364,2176.077852118109,2129.666922967646,2741.991282718911],
