{
    "drone_dist": [
        [0.0,2353.7182977977745,2330.334858949421,4088.1791159473983,2282.8470124433784,4051.135714217457,1498.709081393211,3441.317562503195,1086.7474922594163,3376.695950852916,3166.2987102135853,3495.7269408961733,1660.3739558696066,3037.0509256727137,4384.655704995279,3293.782932674833,3298.675021546922,4746.637310655835,2738.993409775549,2977.9964517625963,854.530399275139,2877.2347731101254,3540.948839829437,4380.98630678574,3927.663104882331,1250.2669955153624,4415.660011886426,3027.1946250457763,3347.7055156392807,2586.5303753874496,1881.0333959768923,801.9638376208488,3531.673192256637,1763.7542242419077,3776.156988108855,3962.0232680920203,1693.2361396078709,2455.2016760547235,1925.1289965909816,3925.1088258409427,3744.370069717207,2939.0279921195265,2744.6310794778956,1059.7360991790254,3824.3987359260873,4367.058041162378,4467.104864508297,1495.3554314004666,4310.663184393803,5326.48015277213,2561.262531594389,4334.238925529215,1760.95685329541,3356.925438563529,4680.991297384305,1075.668270121875,4532.566242970207,3196.6487399885864,3361.4712954678903,3194.8443133028027,4295.527139040824,3147.5134244702467,588.0954699351745,3800.657941166646,3224.7244353218757,1869.9884476417433,3677.3621350462117,2158.4513204401565,1823.6719623949248,1369.202591470145,0.0],
        [2353.7182977977745,0.0,2723.5767473475275,2861.4275936287495,2275.017989935395,2746.5659830540185,1267.3485640853494,1926.698525740451,1551.4275568454366,2682.700692283141,1474.9215730129856,3689.8016065791,812.7420966047639,722.3573218111927,2801.626160654266,3244.505943466244,1882.4731805521947,2459.9322211807444,1792.3557747350847,1952.6675968362858,2167.8867646033864,1054.1212354998659,1962.384278107715,2310.6586211358763,2140.711982629244,1168.1513542416396,2127.394669361774,696.6023406081401,2518.111329709822,1717.3381237840902,1182.506283081354,1695.7940795015934,2290.524215268049,768.3470468197471,2165.471966076078,1651.6868636413633,1107.8833565314671,101.50813532724065,2025.0891874911679,2853.6108810564215,2103.473019586062,2173.2577590060855,1758.3386155538215,2164.3831389151264,1739.9830941739617,4094.0627089104933,2618.558186131456,1157.46706435406,2035.598728729692,3182.780853934276,1712.8669740322257,3382.8603271002185,1535.1344043263496,2089.1236113927507,2497.265290000432,2386.6574837827143,2845.2902505478078,2027.447765017728,1013.7999054505756,2067.241311883838,3399.606660584405,1000.0070130338188,1877.2604032549089,3427.3777936004553,2040.8056875638104,3030.973607475272,1471.040144460188,2727.294842660751,2621.3362245107533,1209.2364394614024,2353.7182977977745],
        [2330.334858949421,2723.5767473475275,0.0,2308.7219962738636,498.8146833370352,2349.384669041479,2980.4371987055447,4586.046853198087,2793.5262375531024,1394.5681315066627,2242.656566416904,1184.9502904256556,2701.9102726915166,2985.9233736547067,2855.4279405487578,976.7179384143765,2013.6000485869772,4164.4968207961565,1401.7046710141738,1517.6766193756348,1479.2271233978474,3745.088670756379,2296.004177324921,3440.244658135209,2752.741622125356,1982.2509674756823,3898.6521886719165,3024.2018797509536,1488.4108588986587,1327.4638818958845,1541.9841346815206,1818.8353129253924,4877.062914469598,2022.795160761786,2464.6151554089197,4164.221415759728,3039.496490754753,2782.557767850498,706.2695880140566,2062.2236296225756,4802.016148531808,1255.204767930846,1441.6609736846883,3195.127467209665,3065.6148643038982,2046.3004661636455,3207.521772708499,1712.5470498000177,3778.308361691463,4328.111352176414,1309.3997480749306,2294.52263855481,1205.2577857799474,1893.7870297546915,3867.9458603299167,1271.6222043002253,3075.4415542490906,1729.1987480575858,3328.322479627379,4589.855478765899,2226.750824330576,3713.0941783527724,1914.6981400409588,1535.3663082500245,1754.6486699649217,854.9124952489301,3165.2436869321145,211.0677731910159,543.4207325167349,1755.2418852329338,2330.334858949421],
        [4088.1791159473983,2861.4275936287495,2308.7219962738636,0.0,1988.9675816438953,154.46956175924043,3892.1369665893308,4637.459133577053,3959.450639619147,925.9007350486813,1406.705006406675,2189.070363529416,3428.1652736213446,2524.7451044617246,666.2744351578283,1761.7635371980768,979.9709763701219,2605.5092977661816,1358.4570714481172,1117.78570454071,3325.583548562094,3797.06406399273,945.9128548229414,1723.965282706511,1087.913443066288,3072.7951665769065,2486.524853599831,2588.7110886530622,824.9407046742341,1509.458235520947,2297.2120592739616,3316.623752465306,5060.135838932491,2689.0957524443634,831.3719578708092,3410.516874875523,3817.118012380311,2838.4106157378687,2245.881814071982,271.0318009551943,4714.684064272129,1172.5151752451193,1360.1322165376355,4555.61023077383,1745.9316221038182,1815.3885272285486,1210.141635866068,2720.2180098596214,2391.271229669645,2339.720437914679,1533.5642466784686,623.7865257461494,2329.7950935225745,799.3149743979997,2152.3856472849543,3273.42459429808,904.916332317648,922.5489745640057,2683.918080367557,4886.927816052486,690.4088920601195,3490.1149416355215,3514.0645546748055,1368.5442920205676,898.1412418724409,3156.964452701269,2081.740477792137,2505.0628546089615,2758.376109870371,2846.1999184229435,4088.1791159473983],
        [2282.8470124433784,2275.017989935395,498.8146833370352,1988.9675816438953,0.0,2003.4575506131634,2677.575530081757,4169.120966976666,2549.7472829000963,1139.0201287078112,1752.124350205921,1463.3400417946373,2346.8296359896644,2496.167490426855,2473.467019938933,1099.4496176256116,1554.903777644912,3675.8794323453026,921.2001951134766,1066.3710321777837,1442.465089710614,3313.921798596362,1840.9623215524564,2971.4709208010418,2299.737975962918,1674.2333218978758,3405.4539042454876,2536.280738289604,1170.2167259237915,834.5034045370579,1109.292900111989,1637.3781865305855,4482.18408018884,1617.1219636824258,2025.7404627037597,3673.606673728853,2708.519481995799,2326.885606249897,377.99071581946674,1768.9373859452023,4370.91008018385,846.6046725161111,958.8730933408663,3022.5567285089855,2577.328496983251,2139.8599884746336,2777.3303220796247,1358.376965541459,3285.012302679357,3876.3678560143885,815.1501843705619,2096.6263039502396,817.1304240456302,1463.8575769193421,3392.4852571462393,1322.5722619953208,2681.2742870749303,1291.9707290431159,2835.225787547735,4207.932359645971,2045.5982713656124,3252.107608727103,1780.7753140328482,1530.580895297218,1319.3715762528,1219.0430513351373,2667.949728283584,611.0423187902926,781.2675638597502,1428.604351960134,2282.8470124433784],
        [4051.135714217457,2746.5659830540185,2349.384669041479,154.46956175924043,2003.4575506131634,0.0,3802.5140835209827,4503.18052055747,3883.706229455858,990.6297182451993,1281.5020852713592,2298.73162983316,3334.392646339591,2388.4815450765427,551.2812120391231,1857.9379874743363,873.4461163996261,2454.815451566348,1312.6085308329457,1073.1404104638395,3305.1183196667025,3667.6796834085567,809.95114721705,1573.79036305157,933.4830084613768,3006.4537067938404,2332.761302146696,2452.590317005521,861.5544563219363,1464.9855719089273,2234.572839265304,3271.3253623147625,4928.713389798937,2606.8617975885854,681.4782039375634,3259.6059158574058,3721.082007651543,2719.978413097004,2239.466556875892,383.64446638265366,4575.5642465612,1168.5809890849866,1309.4609568640167,4486.179393969477,1592.438868642971,1962.447866066752,1072.491968165787,2657.8264311912953,2237.122728665676,2213.0089003909984,1490.0552872079538,777.9005595702986,2290.2031342981722,718.5606771368401,2004.9816157475511,3266.523642896766,790.7734571314132,860.7397587576581,2539.477834835182,4760.557011653965,844.800490908994,3352.938280947483,3472.4226136486773,1495.321234437383,834.0898710410437,3190.4604418961994,1930.5054899475588,2540.5695682125906,2780.07173503318,2785.386869100943,4051.135714217457],
        [1498.709081393211,1267.3485640853494,2980.4371987055447,3892.1369665893308,2677.575530081757,3802.5140835209827,0.0,1947.8622980043076,419.9893810716311,3474.1901371835447,2610.4202471839158,4128.632640003416,481.41568571476853,1977.526422603353,3958.4048564181976,3772.86447448819,2934.3065528759043,3696.2069033528232,2613.177853458041,2832.723751950474,1799.4258326613192,1413.1974477349356,3084.9172082806012,3574.4129655226443,3341.603512096823,1005.0042292457288,3367.0389770354877,1941.9572257296902,3359.1969517513317,2486.0912399445724,1689.5772163139666,1266.3405368180695,2080.1983781099093,1213.5799759982112,3309.6431777165258,2629.7837746563673,212.7311499394842,1353.1649567198435,2318.184566895571,3821.4426352288524,2247.1645905683486,2951.7736997812463,2594.597411917972,926.8348140213839,3001.026138051796,4772.312955256776,3846.627659560599,1329.5964888968597,3282.8747046117846,4449.0875392360795,2469.737083157633,4325.127143618474,1871.4840118106497,3092.8220922224573,3762.200063758343,2090.3503087780405,4035.0536541741803,2982.3239019623547,2217.551381419442,1751.3088479326607,4319.760447856876,1756.2945506844378,1310.8659498155844,4120.013768200071,3003.514266366865,2920.6313114878303,2737.9923232346305,2892.87775323252,2650.335525925331,1249.0715484494995,1498.709081393211],
        [3441.317562503195,1926.698525740451,4586.046853198087,4637.459133577053,4169.120966976666,4503.18052055747,1947.8622980043076,0.0,2354.571002317898,4590.4812010046135,3237.87890215183,5607.2331574902255,1967.2766799571484,2115.7178573894653,4413.0184210504585,5169.100845777982,3693.618570024694,3191.475943448721,3709.8407382643254,3852.178659068909,3679.7385919735516,874.8756086391459,3693.3079189058467,3551.0166822751894,3711.6823768387217,2711.260890311011,2944.9268809348814,2051.5010608234215,4415.270867190382,3642.1051041158858,3059.909625579969,3135.763174424753,458.1231876838834,2563.3038938468644,3847.6652470258673,1704.3494107916697,1770.7319032943165,1902.4285766413495,3879.8347114364,4680.094171820014,319.58599876971505,4091.313304644729,3673.7822030674147,2632.8915866198886,3106.03554336704,6011.134163992526,4054.731041452632,2893.7334310180067,2926.6245973207715,4136.078467560943,3638.431628208347,5210.267224502476,3380.9621960285,3924.0072764488114,3500.1471288558982,3957.111139736764,4381.142192022829,3894.065914211283,2030.1526394314703,515.5752028661938,5240.436033747921,1159.315418398055,3226.099936799483,5346.262031773973,3902.7631784047626,4735.944767889901,2731.391661151791,4557.013563768009,4388.409848602429,2883.166707430774,3441.317562503195],
        [1086.7474922594163,1551.4275568454366,2793.5262375531024,3959.450639619147,2549.7472829000963,3883.706229455858,419.9893810716311,2354.571002317898,0.0,3450.3676232860485,2760.026765188006,3967.238352637024,742.2608471360962,2273.764067426485,4093.2524506582386,3648.23987744761,3033.4203187226985,4010.0832918597703,2631.835239929152,2863.897265014188,1489.558705540179,1829.8930901314702,3214.8175031822802,3816.2040445404837,3514.923330014514,913.3345110361314,3677.9810780684093,2245.988801686947,3357.564013942306,2492.672116318074,1680.1222211020436,994.0239434832862,2457.701509718437,1283.5743274833535,3446.840348183544,3017.103467901864,627.2685173741405,1646.7005393043107,2176.0381025228507,3861.1355763004935,2658.28189318354,2940.084773693927,2619.8497327572973,630.3082291138039,3240.6681132066833,4680.891573044939,4036.7759862982316,1272.1695688697764,3587.0114990489046,4718.593819250152,2473.038590257801,4344.810189429323,1782.3184608684223,3165.6681217540827,4038.60035582378,1783.2952356599183,4191.511005517625,3037.852709947568,2545.2732505136814,2123.160549146547,4329.930431134474,2155.555596153063,982.7276514442165,4044.7045912716376,3061.5963283812976,2630.669001903806,3009.2845926829473,2681.715181397201,2408.8087883677567,1162.5815600046408,1086.7474922594163],
        [3376.695950852916,2682.700692283141,1394.5681315066627,925.9007350486813,1139.0201287078112,990.6297182451993,3474.1901371835447,4590.4812010046135,3450.3676232860485,0.0,1493.2099199988036,1388.0565189168528,3054.8100672708983,2584.857168873525,1531.2083098575285,908.8691029359451,1059.3849506557372,3203.282693693848,895.2900060348258,740.1032258810994,2560.0019576987684,3717.1458745483483,1258.339689693969,2363.9348121114144,1645.3002694712825,2537.0396456710487,3007.4845868377706,2642.691203394569,208.14182655562894,998.2859643931481,1786.0952562285195,2659.5623169317937,4971.60954562801,2273.038156351209,1326.4086667736267,3663.0917821302723,3446.503065828324,2693.050687297986,1458.6165981567483,669.6312636843327,4727.395479491469,525.6430738476089,926.2535345041713,3996.9205525260286,2169.51188551215,1426.4773671992878,1981.8601097269263,2178.6553980463013,2895.1739727333347,3138.431223266756,1011.2636127862811,961.7066464219063,1687.8152940221378,829.0449519373499,2811.40503975472,2460.279054435184,1766.1692583554466,760.194245363041,2844.2720264570744,4747.44219661065,918.8742457720729,3511.615043624796,2834.3646994979736,775.3061132208189,765.1220310663642,2248.384357612201,2409.8142108464936,1596.8600758149066,1873.5065067526525,2288.9803560045057,3376.695950852916],
        [3166.2987102135853,1474.9215730129856,2242.656566416904,1406.705006406675,1752.124350205921,1281.5020852713592,2610.4202471839158,3237.87890215183,2760.026765188006,1493.2099199988036,0.0,2797.330904325275,2130.486591376259,1139.5562017337318,1348.632657432767,2303.8178032965093,465.3591939549582,1923.8920388527306,847.2013852346909,815.4466480208894,2582.4963128955455,2391.1208212666143,487.67656634991124,1279.236759826926,767.3252806657961,1970.077983517323,1657.131845226006,1202.0939015887236,1289.6618427910364,917.7551804217524,1295.3799417691644,2365.5871675110457,3655.636930395841,1489.5077358946069,700.9323195961726,2170.0623526241416,2502.3769230366242,1442.126318598882,1762.1654859115154,1444.5231470969047,3330.5383879048222,1126.278122640011,805.1037271663278,3385.8122236145846,826.0916611614075,2895.254028892186,1304.6624074708961,1672.9759051814328,1537.023539113829,2227.3470083235597,937.901748212367,1973.1976402065186,1528.822541599105,707.1508976842231,1667.0715219797955,2653.2382964359094,1431.7224227917836,733.2018383920278,1359.8485453118626,3480.3366763040103,2006.8188931985644,2101.8280276728356,2581.3966812756116,2264.8764678632124,730.304986828556,2915.882850188483,952.7941840418973,2359.987784976692,2450.8748438992766,1801.598789656757,3166.2987102135853],
        [3495.7269408961733,3689.8016065791,1184.9502904256556,2189.070363529416,1463.3400417946373,2298.73162983316,4128.632640003416,5607.2331574902255,3967.238352637024,1388.0565189168528,2797.330904325275,0.0,3809.9609419184417,3783.7778807840273,2849.1341427094403,494.30887072985655,2410.68143677224,4588.360747345613,2012.821361640974,1982.6774455597465,2653.27090824102,4741.52067272164,2636.7307749999813,3751.8186275540156,3033.356754437404,3123.7153888841767,4382.578274516685,3833.9515179604387,1588.6809363160346,2027.2672415285224,2559.306884125851,3001.6115790954627,5934.933390588956,3074.618801772933,2714.458830255066,4928.2383021960095,4168.586952096116,3729.40149475056,1810.7072381283792,1920.5254896196193,5793.188803918545,1674.2354601967402,2055.998406333702,4380.076592954534,3537.120835643901,1022.6740137913204,3347.538599664241,2819.7813504480187,4268.03221313805,4502.375007355273,2023.0463598616382,1856.0032970446196,2280.3212620017885,2198.824243011751,4199.2916696445955,2422.4652914332264,3088.8964945547923,2094.596880176003,4087.7877353429153,5666.559772194709,1760.784876260396,4631.484509726348,3099.4006749533305,869.4414304615235,2107.576206795394,1767.088540852818,3744.9963138655266,1338.4619051368925,1672.832758448591,2883.4779730036416,3495.7269408961733],
        [1660.3739558696066,812.7420966047639,2701.9102726915166,3428.1652736213446,2346.8296359896644,3334.392646339591,481.41568571476853,1967.2766799571484,742.2608471360962,3054.8100672708983,2130.486591376259,3809.9609419184417,0.0,1534.0523198774615,3478.916242479806,3424.2112354333963,2463.417606214653,3268.5224207797505,2177.109427605803,2388.2809644563795,1721.0058439598179,1253.8887366384363,2606.9829438719253,3104.6569485341456,2860.205495472356,749.4296623884779,2936.7010038253466,1504.725444456677,2927.886459530449,2058.24701239297,1290.4388242034358,1180.833316061638,2197.4773431286885,782.3016005380229,2830.3835892162115,2313.6254067203104,393.501918646369,906.0644135514272,2009.8079885624913,3368.0197098208964,2233.082290471575,2529.4445083176365,2155.2437759261793,1351.7946197707913,2529.899274764679,4390.493020443999,3366.2292261463695,992.9055897448054,2846.8931392982763,3991.728433516193,2044.0280943337793,3878.7551263865284,1529.7026283948314,2629.510813968845,3308.023080083831,1992.6992148576119,3553.8378077544558,2526.057638845893,1803.4771856104953,1895.6520329152609,3877.860301373201,1487.2817157958893,1300.885625688377,3730.089580848868,2546.111416532583,2771.4999340363274,2279.8801988911505,2642.7614781605566,2442.198066353396,949.2560019358295,1660.3739558696066],
        [3037.0509256727137,722.3573218111927,2985.9233736547067,2524.7451044617246,2496.167490426855,2388.4815450765427,1977.526422603353,2115.7178573894653,2273.764067426485,2584.857168873525,1139.5562017337318,3783.7778807840273,1534.0523198774615,0.0,2317.305154038557,3304.0346749477717,1603.944388291991,1738.5030396453599,1774.5146754901828,1853.74748206294,2741.7229566320016,1303.0560613913535,1579.1826809362744,1642.061204222437,1619.6511807889904,1806.391130748545,1405.6735703199147,64.22937790656384,2391.34123296035,1759.1002172875797,1546.8222043538208,2325.94593728316,2547.497042223993,1322.4903254161873,1733.101316510217,1178.3781871911776,1803.6661733104263,628.1398919872656,2339.6499259801303,2582.3782398857707,2192.9676593944578,2137.289771688897,1732.2414833951418,2884.5783918910265,1094.513120436221,4007.4130489924178,2030.3066985395603,1692.5699847617045,1313.2478556995547,2475.859043396,1765.59980275899,3108.7931888303615,1906.9607636507978,1843.103555281571,1786.9672293422882,2921.242798307301,2313.049803039831,1842.3862756061626,359.2773639252688,2404.3716561440788,3145.1477756265863,965.6894930435185,2524.0275251946687,3359.5001876710253,1845.7013722097386,3452.4426303738633,775.4144391365343,3038.049310835612,3007.164648598224,1779.9198900855263,3037.0509256727137],
        [4384.655704995279,2801.626160654266,2855.4279405487578,666.2744351578283,2473.467019938933,551.2812120391231,3958.4048564181976,4413.0184210504585,4093.2524506582386,1531.2083098575285,1348.632657432767,2849.1341427094403,3478.916242479806,2317.305154038557,0.0,2408.780618280336,1087.949965805476,2020.88485350461,1677.365724137262,1455.7133638494167,3688.4501858827653,3620.3500026002343,878.4491062009262,1149.9699952571525,701.3465910140025,3260.6678666758553,1953.1251792401395,2380.6251700378048,1382.8871552545872,1825.6910601301895,2516.669566610882,3588.3065290342793,4855.429621996921,2811.496297720904,648.895419409157,3018.4177781298463,3850.5167953408954,2756.1350424502043,2667.016868666531,929.6140607438892,4447.436391260213,1626.8667672089175,1662.0854257623407,4713.375963753882,1342.2551366779091,2455.8302259200664,575.1595621785672,2931.237904365004,1873.5064364200796,1675.134204144739,1852.0984351751777,1206.1497739493761,2638.4327299409183,1048.3196184257229,1545.8348394064608,3681.819238375818,239.76725780609647,1221.0831918562205,2391.8193220578114,4721.676611995503,1293.1081425988846,3253.8601858214583,3797.833946884623,2034.794998045932,1191.9149029228406,3681.8595607072,1714.9459421698778,3038.33360753745,3254.7343944873905,3061.579516654734,4384.655704995279],
        [3293.782932674833,3244.505943466244,976.7179384143765,1761.7635371980768,1099.4496176256116,1857.9379874743363,3772.86447448819,5169.100845777982,3648.23987744761,908.8691029359451,2303.8178032965093,494.30887072985655,3424.2112354333963,3304.0346749477717,2408.780618280336,0.0,1917.0966453004187,4099.85487435682,1529.8185897448782,1489.8348866827826,2439.355487432934,4298.543252348626,2146.6667290814316,3270.2511250020843,2550.7702981865364,2771.7637567447264,3890.351780328335,3355.5497678606507,1103.764062481317,1555.0300338707423,2147.99765653841,2717.383699457965,5510.400891008094,2667.5073400226124,2232.3761290580965,4441.124079158699,3795.0994824641048,3278.433917091671,1472.4224588681564,1490.7317516366838,5344.546272895036,1182.799480618349,1572.463954034153,4105.871628656762,3044.041551365329,1073.3863389247788,2885.767729064683,2446.822095744259,3775.4163945950336,4042.5654998999044,1553.02610425003,1523.4490638858988,1903.0219516697289,1707.7307199389911,3717.5576790491773,2246.3013587932664,2647.61732355595,1600.6828805089951,3602.392250778022,5251.9141678460155,1436.4569761767032,4168.301744353146,2841.48483686672,600.0223471487441,1613.9916818073757,1738.5463974119275,3250.812908935913,1174.28363088086,1517.2493842130916,2524.1970644367293,3293.782932674833],
        [3298.675021546922,1882.4731805521947,2013.6000485869772,979.9709763701219,1554.903777644912,873.4461163996261,2934.3065528759043,3693.618570024694,3033.4203187226985,1059.3849506557372,465.3591939549582,2410.68143677224,2463.417606214653,1603.944388291991,1087.949965805476,1917.0966453004187,0.0,2201.256720976323,651.3439471983727,496.3507506751547,2624.0898470791926,2839.393302120881,286.7456602567615,1428.6618228314092,745.2096478813087,2179.7250446064777,1975.8075556185995,1666.1192879859314,851.7311894548628,782.5201094609129,1428.918434629517,2500.9817853250106,4105.7470456179,1750.5775638237199,496.1396373736206,2619.505025640223,2848.737933734334,1862.2741607809692,1662.82118775582,986.8179901890351,3792.7326110707722,787.436101699694,623.4254616929253,3645.7306633616704,1127.5545808842232,2439.0832805121436,1244.2824256248864,1845.1127487883057,1859.7734234308152,2321.4676823141176,808.5692981766836,1517.7979570944353,1563.5279220845114,243.61531316135066,1863.1672661353798,2643.411486327289,1237.7109009552705,317.49997088696625,1821.2153326042182,3920.249193838696,1546.9450023326349,2564.0132816388436,2711.2738015816526,1820.3344716021757,303.1119336882022,2767.554577505569,1350.4391887174856,2161.797515640009,2312.957462675353,1975.2647731589284,3298.675021546922],
        [4746.637310655835,2459.9322211807444,4164.4968207961565,2605.5092977661816,3675.8794323453026,2454.815451566348,3696.2069033528232,3191.475943448721,4010.0832918597703,3203.282693693848,1923.8920388527306,4588.360747345613,3268.5224207797505,1738.5030396453599,2020.88485350461,4099.85487435682,2201.256720976323,0.0,2763.67261641874,2682.4820861555863,4343.98422918293,2676.341205747191,1953.831561943786,881.8347239492912,1568.4279569236742,3498.764493220687,333.1054908240258,1764.1209855181996,3000.0476052462927,2841.637889682786,3048.8503616346184,3997.109888598789,3644.6981185133973,2990.0181712405647,1884.6074019050884,1493.3097984096776,3509.4679013161117,2363.518388488625,3668.0118028356897,2815.291091324644,3093.2731462972924,2986.010202053487,2723.1219943993246,4614.291502493812,1098.8978106756663,4414.564400268251,1451.8006192972266,3316.4002638667794,436.64194438199723,957.5475300529346,2861.7401413849816,3208.104543067619,3359.977683157972,2393.69491687195,489.09528373778784,4471.787222214548,1841.8625033364647,2516.939176062661,1481.2962190185542,3642.731759949403,3287.108381667276,2203.4212345215133,4205.6825128627825,3893.5241980911237,2499.2461863341364,4827.852106330385,1087.7381972092205,4283.785667047472,4362.394377806481,3424.681120963518,4746.637310655835],
        [2738.993409775549,1792.3557747350847,1401.7046710141738,1358.4570714481172,921.2001951134766,1312.6085308329457,2613.177853458041,3709.8407382643254,2631.835239929152,895.2900060348258,847.2013852346909,2012.821361640974,2177.109427605803,1774.5146754901828,1677.365724137262,1529.8185897448782,651.3439471983727,2763.67261641874,0.0,240.72029959273783,2012.4758434015673,2835.082340508458,937.0304857920335,2051.3148227827414,1393.1534164357304,1729.1515350461236,2503.710854869441,1826.6812287802502,751.5302640163537,152.46388322230553,952.8148215314495,1959.6711947714025,4082.845526342119,1400.9231424218003,1142.4456962113757,2916.422092921913,2570.425313011394,1807.9380855198103,1012.6718159047746,1231.7956700007028,3859.7571179922243,381.4956596534603,43.88165970916901,3212.2794123297263,1665.1128030591872,2302.322182071971,1894.4830901859455,1371.7006364359086,2383.7635049995165,2964.9675765420557,177.94176941039515,1715.8067884969382,978.1424658251987,629.604680042019,2471.327516165177,2008.2457628481473,1856.4123398407605,460.83969575619864,2075.092821077872,3853.968811778334,1707.0133943670342,2658.9952215167573,2159.8518462427382,1636.5274244625305,489.62637983348117,2122.166496102386,1790.5768282101926,1532.2174146646828,1664.4243169130814,1494.759064224134,2738.993409775549],
        [2977.9964517625963,1952.6675968362858,1517.6766193756348,1117.78570454071,1066.3710321777837,1073.1404104638395,2832.723751950474,3852.178659068909,2863.897265014188,740.1032258810994,815.4466480208894,1982.6774455597465,2388.2809644563795,1853.74748206294,1455.7133638494167,1489.8348866827826,496.3507506751547,2682.4820861555863,240.72029959273783,0.0,2242.487494071435,2979.7418101665758,778.6153559062469,1924.8063744093151,1236.4412434602439,1964.9685346712838,2441.972116618253,1910.122381669654,565.5183176389223,392.4211135356064,1187.8991137657886,2200.1937406181773,4237.459369530142,1619.1483471875206,959.8198964995416,2960.578723218531,2781.732516565693,1958.3596208958807,1214.0538030106952,997.2473816549651,3987.2938472425067,311.4828556567516,244.84945919128742,3448.692425312169,1593.32510085578,2166.1990219584486,1712.6059250040057,1608.769911347746,2323.686597742928,2813.245650088486,417.15437319410324,1492.4211718225702,1217.0659278895591,410.3943625945166,2357.5971621819062,2226.237437345413,1644.4470002043315,235.47208095383775,2128.9411930443475,4019.8332755040237,1489.5798315587954,2772.3320740999397,2399.8333684144945,1509.339614086806,264.53411527568994,2284.0738102243317,1766.7262573172686,1669.201416911013,1835.6203897263501,1732.8707463239607,2977.9964517625963],
        [854.530399275139,2167.8867646033864,1479.2271233978474,3325.583548562094,1442.465089710614,3305.1183196667025,1799.4258326613192,3679.7385919735516,1489.558705540179,2560.0019576987684,2582.4963128955455,2653.27090824102,1721.0058439598179,2741.7229566320016,3688.4501858827653,2439.355487432934,2624.0898470791926,4343.98422918293,2012.4758434015673,2242.487494071435,0.0,2962.1666295736086,2889.465344359494,3850.977941652258,3312.1776786295936,1021.333405505453,4024.435751640666,2749.7868515172336,2550.8232888097277,1862.9369912452187,1306.4265557502274,544.2316844567471,3866.923100038364,1425.839821646862,3117.4083649527142,3817.1385100174384,1933.0892120041035,2261.9557048329934,1101.6044464775032,3141.5106564260145,3952.785039017366,2156.832193488131,2026.4096128756396,1761.6798404478268,3329.3546441088756,3512.573430978055,3845.611701757946,1049.417063712691,3910.462648671681,4803.594208936095,1836.576603262558,3521.5695534052634,1064.6750352056652,2641.965982748814,4200.493694462393,293.7982889555635,3858.6634196629925,2472.5285164465695,3095.2711832325326,3544.149247754067,3476.993307926346,3112.725437579896,508.46484268434085,2949.4283145300983,2501.5089253785773,1143.0050739909898,3256.257817399656,1315.0708641899175,991.1609715291286,966.9060698710103,854.530399275139],
        [2877.2347731101254,1054.1212354998659,3745.088670756379,3797.06406399273,3313.921798596362,3667.6796834085567,1413.1974477349356,874.8756086391459,1829.8930901314702,3717.1458745483483,2391.1208212666143,4741.52067272164,1253.8887366384363,1303.0560613913535,3620.3500026002343,4298.543252348626,2839.393302120881,2676.341205747191,2835.082340508458,2979.7418101665758,2962.1666295736086,0.0,2859.0933063313573,2862.990521957511,2922.339453545024,1952.7531309172662,2382.3128179735218,1239.8695102432566,3543.7413441257304,2767.5301189631195,2207.630516658051,2428.691398713686,1266.5777569272316,1728.4233569712387,3028.2077951716647,1333.4717518458976,1202.759028043781,1027.5565536292206,3039.7592724338647,3825.9096273524474,1057.4738890445758,3216.5694309080195,2799.1618027571676,2279.237967293841,2362.425729143075,5136.685584744823,3313.276200944196,2083.0020156624114,2335.060501633204,3569.0626010745973,2764.0761981233545,4357.1184833063135,2541.524301698259,3065.2509113669244,2894.6050460406805,3222.996294839351,3612.070997261751,3028.052456695423,1306.567310337734,1101.3628657677484,4383.622572493287,474.0322164643964,2554.7684315296037,4471.565316453759,3037.777469050531,3958.6791411429094,2002.1794430315038,3729.384881392508,3584.651959423809,2091.0457881376674,2877.2347731101254],
        [3540.948839829437,1962.384278107715,2296.004177324921,945.9128548229414,1840.9623215524564,809.95114721705,3084.9172082806012,3693.3079189058467,3214.8175031822802,1258.339689693969,487.67656634991124,2636.7307749999813,2606.9829438719253,1579.1826809362744,878.4491062009262,2146.6667290814316,286.7456602567615,1953.831561943786,937.0304857920335,778.6153559062469,2889.465344359494,2859.0933063313573,0.0,1153.5177041360816,458.77847659397804,2389.195083747595,1749.1826153993704,1643.2203134004835,1051.9213843727862,1064.554691979661,1661.38360910759,2740.0329032080067,4119.027824961819,1933.4516485786098,236.477950712043,2503.106707281449,2983.3071419872517,1927.9797862557596,1946.8033341924404,1030.4548279405935,3768.854557402632,1057.4780805971554,907.773817134554,3835.436394107639,914.7225802608838,2576.173166368446,963.2952321002259,2067.7074148036304,1636.9221282086025,2035.5829285783677,1090.2912189156757,1542.8660853458375,1825.4685184183677,439.98618344753555,1593.6622824344597,2918.783409617279,994.7703628873454,576.3901706247182,1745.6232414235183,3954.0384351874377,1588.777312816816,2544.314397613774,2952.853613144882,1988.9773326357579,554.9013009046431,3054.2700565700716,1191.3934287491559,2446.895727050908,2599.6273812868026,2198.1485989638654,3540.948839829437],
        [4380.98630678574,2310.6586211358763,3440.244658135209,1723.965282706511,2971.4709208010418,1573.79036305157,3574.4129655226443,3551.0166822751894,3816.2040445404837,2363.9348121114144,1279.236759826926,3751.8186275540156,3104.6569485341456,1642.061204222437,1149.9699952571525,3270.2511250020843,1428.6618228314092,881.8347239492912,2051.3148227827414,1924.8063744093151,3850.977941652258,2862.990521957511,1153.5177041360816,0.0,719.6705069021939,3143.924333763118,810.6831557978875,1693.540393337467,2166.5583647348017,2156.1974566120493,2549.237535379798,3590.935777052629,4007.7348951837616,2633.3913416943687,1037.8912014349226,1985.846090105867,3418.3048013530824,2232.524164328691,3028.3472915604175,1938.0064081250166,3526.8632965633,2210.829793336401,2015.449016303148,4444.320952944795,575.5915324282109,3535.096443712506,600.4672008162496,2891.16772534529,744.9360659597022,952.8741241255004,2179.6319554433253,2327.0094356793234,2805.730785706611,1585.728691157341,447.4744239949418,3931.411955883132,993.569269403929,1729.906471110079,1556.541660719439,3933.5054115655644,2405.4413609191784,2428.071303975144,3806.6612635010842,3027.363775571027,1708.15445456209,4169.028056679613,872.0356255171179,3581.847841554005,3707.059044802848,3013.948176467805,4380.98630678574],
        [3927.663104882331,2140.711982629244,2752.741622125356,1087.913443066288,2299.737975962918,933.4830084613768,3341.603512096823,3711.6823768387217,3514.923330014514,1645.3002694712825,767.3252806657961,3033.356754437404,2860.205495472356,1619.6511807889904,701.3465910140025,2550.7702981865364,745.2096478813087,1568.4279569236742,1393.1534164357304,1236.4412434602439,3312.1776786295936,2922.339453545024,458.77847659397804,719.6705069021939,0.0,2737.390758801197,1410.99717138472,1682.5499210544249,1447.0183660243024,1515.9307232582464,2049.3930123017826,3125.926404146751,4154.258112042287,2253.569039726164,318.9471340216176,2350.976029932902,3217.845658019571,2087.0877037288133,2399.0273845825673,1264.2183543682784,3748.5410544482525,1507.4868903946247,1362.3153304616103,4143.131766016127,668.7452160108363,2863.0273045696094,539.4445821101411,2437.3954090213915,1310.2471016749148,1576.962154338211,1541.2082867966317,1711.1015960905731,2248.1748474709593,873.0158494580226,1166.8071478177183,3356.3254531931666,705.236392694443,1026.4434393427377,1692.4816344490555,4023.335801613024,1777.660189259947,2552.5135948377715,3341.1206018041507,2325.494470116943,1002.6660389492647,3512.6285118676574,1028.605538141601,2905.3483399904208,3057.114806250636,2566.6208645283677,3927.663104882331],
        [1250.2669955153624,1168.1513542416396,1982.2509674756823,3072.7951665769065,1674.2333218978758,3006.4537067938404,1005.0042292457288,2711.260890311011,913.3345110361314,2537.0396456710487,1970.077983517323,3123.7153888841767,749.4296623884779,1806.391130748545,3260.6678666758553,2771.7637567447264,2179.7250446064777,3498.764493220687,1729.1515350461236,1964.9685346712838,1021.333405505453,1952.7531309172662,2389.195083747595,3143.924333763118,2737.390758801197,0.0,3168.671535962086,1803.0168041396107,2446.3373882339206,1586.431382804174,777.0975790535407,527.8286793493256,2946.234004498018,514.200603854199,2625.2811107170805,2818.6351837137345,1058.3651764999122,1266.4550745610825,1313.182445359345,2960.89607047875,2968.1594320276236,2027.9661280997798,1720.131164742633,1483.8270507415748,2581.1850027139785,3785.153936182669,3273.5814453791104,359.8094557540984,3062.4063549542334,4084.13518841629,1565.8432571204864,3436.6353865632473,878.4153668637499,2288.647098108901,3432.833285777526,1271.3282861917098,3381.866740480896,2150.5967819061993,2144.7738557786433,2640.990564165779,3419.597546063078,2091.8380323040865,717.9347772092806,3141.32799730296,2175.6999175297287,2024.696420440183,2427.1223392970246,1907.5309468343557,1694.4030715536521,251.6504013944865,1250.2669955153624],
        [4415.660011886426,2127.394669361774,3898.6521886719165,2486.524853599831,3405.4539042454876,2332.761302146696,3367.0389770354877,2944.9268809348814,3677.9810780684093,3007.4845868377706,1657.131845226006,4382.578274516685,2936.7010038253466,1405.6735703199147,1953.1251792401395,3890.351780328335,1975.8075556185995,333.1054908240258,2503.710854869441,2441.972116618253,4024.435751640666,2382.3128179735218,1749.1826153993704,810.6831557978875,1410.99717138472,3168.671535962086,0.0,1432.0277125509795,2801.0477975918016,2571.550549172688,2734.938318274134,3669.5227837456673,3401.670242998664,2661.182729772354,1714.7910293420423,1274.923810878022,3181.9872338885157,2031.2951139157271,3378.354336293668,2675.004686971383,2870.7775271094106,2750.388502008907,2461.9559572348217,4283.601207041908,849.5133788731505,4273.918343590683,1411.026763171541,2992.136937241928,120.49142633007173,1195.7093788651057,2590.368997172012,3103.247019847623,3053.3677088963263,2184.1874156517656,570.2364651278164,4158.673845024073,1804.2388930060845,2293.3061670730904,1156.1488038881778,3378.9679243602554,3176.0410527044855,1912.8311604214502,3877.235782629599,3724.0349128474686,2278.1067730601408,4538.650463969085,771.9843349068609,4009.5024657555336,4073.779820688479,3098.7432396566114,4415.660011886426],
        [3027.1946250457763,696.6023406081401,3024.2018797509536,2588.7110886530622,2536.280738289604,2452.590317005521,1941.9572257296902,2051.5010608234215,2245.988801686947,2642.691203394569,1202.0939015887236,3833.9515179604387,1504.725444456677,64.22937790656384,2380.6251700378048,3355.5497678606507,1666.1192879859314,1764.1209855181996,1826.6812287802502,1910.122381669654,2749.7868515172336,1239.8695102432566,1643.2203134004835,1693.540393337467,1682.5499210544249,1803.0168041396107,1432.0277125509795,0.0,2450.0105370364727,1807.9149447923205,1571.2755074157978,2325.2332708233616,2483.338804231187,1326.7560582969809,1797.303327053626,1142.4668642734182,1764.7358466324729,599.423962434104,2372.330704380406,2645.4134897774247,2129.6214400883255,2191.5451864619995,1784.6640429757797,2853.168306893067,1150.6909724908016,4066.0779556951557,2089.5892017692777,1701.7838979278818,1342.9376242839105,2517.178072507279,1813.8078687518994,3172.115754461348,1933.1287088940428,1904.8178140569123,1827.5657351434115,2934.4571832835845,2374.9404349762985,1902.168807489966,345.5042103489015,2341.095629217445,3208.1310916784764,901.9713126898864,2520.9510340945567,3416.9944895526532,1905.839676022385,3478.3252611238768,824.0487842130519,3072.7531879698486,3035.561374957886,1785.521032788607,3027.1946250457763],
        [3347.7055156392807,2518.111329709822,1488.4108588986587,824.9407046742341,1170.2167259237915,861.5544563219363,3359.1969517513317,4415.270867190382,3357.564013942306,208.14182655562894,1289.6618427910364,1588.6809363160346,2927.886459530449,2391.34123296035,1382.8871552545872,1103.764062481317,851.7311894548628,3000.0476052462927,751.5302640163537,565.5183176389223,2550.8232888097277,3543.7413441257304,1051.9213843727862,2166.5583647348017,1447.0183660243024,2446.3373882339206,2801.0477975918016,2450.0105370364727,0.0,873.1328677800454,1680.6791784020136,2607.644276414171,4802.620054897524,2149.610225255631,1128.7538790292074,3459.6740221116424,3321.009558171158,2523.6333528013693,1453.4778356956447,599.2972674066699,4545.40133915039,420.17931885337913,776.5286088905153,3919.626651945551,1961.9169865556514,1616.0838360662315,1804.558504500866,2086.5390924871913,2688.3577961667092,2958.8348145395435,890.0025009957584,997.0646610672777,1622.2523693623396,620.9782979166821,2613.819448177227,2474.3296821039767,1612.5050809934069,556.6578520894665,2644.271540643082,4585.1996858805915,973.8431803604808,3325.630365524495,2791.4251346267843,975.3487999238436,559.8580556642064,2333.1813897918564,2202.0576059774266,1681.8362801722408,1934.1965833089882,2202.435091202166,3347.7055156392807],
        [2586.5303753874496,1717.3381237840902,1327.4638818958845,1509.458235520947,834.5034045370579,1464.9855719089273,2486.0912399445724,3642.1051041158858,2492.672116318074,998.2859643931481,917.7551804217524,2027.2672415285224,2058.24701239297,1759.1002172875797,1825.6910601301895,1555.0300338707423,782.5201094609129,2841.637889682786,152.46388322230553,392.4211135356064,1862.9369912452187,2767.5301189631195,1064.554691979661,2156.1974566120493,1515.9307232582464,1586.431382804174,2571.550549172688,1807.9149447923205,873.1328677800454,0.0,812.5664121021732,1807.8032138721367,4005.6337390545336,1277.860737850012,1277.6802870591682,2917.9430858534893,2450.7307865677385,1740.533524813127,883.1038987461948,1376.8450999662255,3802.3727240654293,472.83594556945286,163.79122205783105,3068.146447889613,1743.4177671180746,2381.3614203153143,2026.4954007809813,1227.7480323793563,2451.1549409343766,3080.350947011176,26.481273683420266,1852.2061241556823,825.6851944923039,779.35384777288,2568.027336103795,1864.9271658149296,2001.0646673233048,612.4251019881589,2074.3659829781836,3768.716635889791,1839.447796759073,2614.6302856179914,2007.5560772674833,1713.8942297787514,641.0506736199618,2012.9013800207433,1840.5939781061757,1442.4982320821678,1551.067979471427,1349.2040821937278,2586.5303753874496],
