{
    "drone_dist": [
        [0.0,4291.5373251619685,1609.741751328382,3821.079329144888,4085.839470133029,4863.525766783139,1859.705938073559,3667.1692308694983,5561.392988361804,421.2257853806492,4041.886265492026,4817.783047190853,4074.1228535681153,2003.3761067339767,2037.9721276295443,4411.704978004248,5341.380867198974,1115.2228316017977,1359.823729660234,2994.2735251902072,3834.842443295978,4708.972395462248,948.881139585012,4962.235511752879,3004.087075746835,2579.0576590400647,4948.912961259467,4437.462401044763,5581.323887179634,3460.9516196085965,3481.603973631434,5219.177300705826,5436.1473252023525,4270.455633117461,4150.448718791148,836.1945140897432,2139.585458572801,3071.682435942465,1229.0378817958897,5272.062381225412,4861.83734454008,4192.890733869471,4979.46069786002,4740.9641410028025,3126.3944041738387,2922.7420075981468,5990.492651992188,4230.0416063447865,1643.5190855800263,1112.972405774447,110.26483908346994,4696.535454928099,5232.54306290971,5956.38327934094,1149.276719210559,3679.540918787832,2797.3100117065733,3018.115688623806,4395.4311786952,4104.896076095641,5006.066569909364,1694.1860350138888,3929.709934508622,2528.0601096982978,3338.5171553544224,2569.230556273883,3207.6522942568163,4057.7908545534096,1685.443258214274,4082.152778134092,5454.210612200706,2974.790606454667,3137.8288249284033,3414.580213652592,2453.780799215336,994.8852812074592,1956.0192803874845,2719.8270764802123,2518.6977497251273,3169.486913660546,2906.3744841676594,4834.281412330886,2272.3957508014373,545.6300963887168,3033.4181747166776,2685.686114381352,4462.754570641038,4355.773828042253,3998.302152222173,3413.685899796232,2853.9157668314665,4318.996970387573,6384.411163070666,4506.876250762162,2735.6483596880107,3318.4263970373013,3417.2401116429005,1585.0612849380204,1449.9363495140758,4236.077634076392,0.0],
        [4291.5373251619685,0.0,3221.552338519271,4803.969911667906,3739.5695061830183,2136.889926399351,4228.214236946879,5329.285608829316,3441.509193551499,4359.00330053955,2722.726307994229,3260.731627434981,5134.200564518341,4087.0008900216835,3251.8565883879255,4537.749519018949,4255.941136408324,4419.192856524588,3316.7478625391946,2759.866617447923,1174.3879824099217,1129.5937143902659,3400.3390748075153,4457.400597562195,1295.9533852248771,1757.0363949852585,4712.622732210283,5555.24736551531,3620.8981424891117,4413.930334257409,1120.5087074368046,2208.6509686059576,2296.3564716438077,3591.2100547091354,4038.690802980566,3874.2088542565302,3227.7614699105084,2692.3218934157762,3542.8518661116245,4065.1458368531357,2293.7951834394225,1663.149258359882,2439.549321378836,453.6078806731873,1289.0323964130152,4570.2392126039385,3684.1465258458197,815.9327282683159,2711.096344287679,4274.9635850375025,4379.905786452494,2860.557958558982,3249.2482383331835,3154.031873860478,3149.1060625439345,5116.384673202503,4671.410207266637,4813.7058546962935,2290.093018768449,1163.0211705946897,1170.1322792806561,2861.879040007376,1932.9711718013946,1932.6242783529744,3389.4025190523694,3793.9357372373515,1153.6117879155277,1372.435225103558,3616.0632597573326,1357.4988462180886,2988.087483586118,4684.195778527089,2388.127497636473,1011.6215843520525,2895.144121433304,3298.7502489944673,4143.348575084583,1636.6280516368697,3878.8711679150815,3722.076893756628,1936.3533289542124,5694.660220079254,3310.461215732628,3807.682970321393,1375.8056133322054,1637.4323705113086,3507.0575533390397,2050.2018334069294,4206.891242883042,1049.1612842286945,4911.098245563054,3699.614956635545,4021.4565153481185,1887.5319294308251,1639.5206572186894,2048.7120779640313,3269.143140913688,2740.129174256396,3051.1854970986255,2130.1388916568767,4291.5373251619685],
        [1609.741751328382,3221.552338519271,0.0,2614.310105346005,2545.8624868535035,3321.1145059695586,1092.3661648962093,2746.5739224612776,3952.410186269149,1423.0678289566815,2433.3367272548317,3209.1617912692554,2928.0973917937017,1033.0071278210187,481.9579634325717,2998.8018785017393,3776.2393963761006,1226.2308236700906,256.58283615238844,1384.5320914240674,2459.996711349731,3342.7156800011353,810.953857939249,3459.0493034538686,2106.175799751552,1877.453226302971,3495.9438318880248,3351.343532496746,3971.771953512712,2190.913449333209,2198.821866666756,3690.494424240186,3913.097228393244,2698.8772673220774,2658.729202746973,833.6260175859417,577.216768641031,1462.5640799524838,407.59736318562784,3692.6478371313424,3300.4749439703855,2696.588514057631,3408.3739051365737,3668.5859749784213,1934.9688433124757,1883.905592261874,4382.214404754469,3442.5801264234856,763.8414515195724,1080.1106969613886,1638.3055029426146,3090.0042014481223,3623.484541771084,4373.578068876104,1139.4702258586244,2650.1014896805204,1867.0916098510588,2079.6474998410195,2817.903174236108,2714.156692566559,3667.6669497736852,409.8930008868427,2388.496835478507,1289.076931600856,1786.8994884151784,1223.0992342205116,2068.4931332845413,2620.08478668625,460.59872868371525,2647.146687124188,3859.7894138361003,1980.0344546790898,1549.8116265470649,2223.2790956796566,844.3163241206935,1112.2771207175842,1057.3350148178163,1601.9631924160387,1226.362646376436,1709.449289552743,1456.002702382338,3684.409593423198,741.3723955437007,1088.0387232302187,2308.3201204267816,1631.3107169604245,2874.364219935754,2803.890501337523,2563.9377263432248,2633.4313220201607,2047.1856940842633,2757.6023147796163,4775.316329933481,2982.1510154799685,1590.4531557985163,1776.3693754224166,1843.5327785148565,834.914229869185,404.23882268968305,2671.767857142525,1609.741751328382],
        [3821.079329144888,4803.969911667906,2614.310105346005,0.0,1357.7178057479775,3547.0910658807256,1966.7949062096768,754.4785978890575,3217.5395141962717,3440.8484848084663,2332.5186976728555,2494.5774209631572,340.59051639696503,1819.8102988400574,2171.4016050002333,902.0244791789422,2259.990783888698,2772.674840312305,2815.561390705623,2072.554944316099,3654.9336942583127,4267.685146348961,3361.276057762532,1627.7563274035792,4192.387619409809,4187.640478049691,1426.2784091570813,780.7932477187869,3089.609570831233,437.35021454474963,3710.3266621559583,3886.295825983167,4082.122620133114,1656.2730509870175,1105.2844843893681,3032.7282125814436,2104.814567624982,2125.8194017757487,2778.816672086267,2325.2894370210497,3406.524290706519,3390.184636372981,3402.6364451792037,5154.414754861258,3714.5751820866676,922.9895414174293,3587.386413920521,5360.128720477982,3313.8777850941187,2728.811716132138,3785.6449144097937,2733.336816473774,2974.2617052541605,4007.120510422211,3748.6641540916094,485.36968107686533,1099.5374273106183,931.2697300836666,2980.9778195398603,3768.201574479439,4587.61073610631,2928.493929104195,3006.697628873078,3304.1519269088412,1415.1136396531922,1392.259301377904,3875.436073356079,3565.2404832843354,2260.7032127899815,3590.4859951442677,3477.8175586297134,908.2327920691387,2424.3163865476436,3892.4346414209144,2173.5931737016867,3701.6495880118728,1865.061222472108,3621.4321426524466,1391.5942818570245,1110.1138798035388,2975.0661841899346,1070.5017799595446,1934.3615845120246,3468.6310451720915,4500.984634245526,3712.005005952857,1910.847218064595,3164.0572130887513,802.209954540203,4707.2065120956495,1185.5541123260584,1592.974912970881,3865.354863788621,3427.769485444101,3580.9360855436184,2755.437085080215,1543.174239538462,3406.2874928889855,3015.2619539887446,3006.3166212795186,3821.079329144888],
        [4085.839470133029,3739.5695061830183,2545.8624868535035,1357.7178057479775,0.0,2215.4674546895817,2473.151657535991,2093.3402874192775,1916.2928518207652,3791.3722973254753,1059.262822222727,1152.0799286022575,1606.8739294392615,2258.7725982059615,2071.9221048193813,800.3628310919906,1265.343568001292,3254.083970813482,2799.193944624285,1356.7674226876022,2565.4594771729744,3032.515526973608,3355.07224105865,933.2840728605042,3427.9578857711313,3566.8293577723593,1061.4757214170163,1953.0457696771452,1821.9511349201598,1190.7998288043852,2737.4883416565517,2540.5205954435764,2730.7468068713374,306.58940937837514,307.0951081966547,3250.3770336459875,1972.173666349888,1346.12583817788,2871.0905912179,1228.6942844716505,2065.7605495897546,2171.99818588986,2051.6593548373585,4031.714034904588,2861.9588803708803,1804.8002167567272,2317.84516124009,4403.088422640069,3027.459115918239,3155.616149440325,4087.0822605375106,1376.4474365822575,1644.2784707299738,2667.7431067046987,3616.834699162563,1823.319655514842,2012.6148711933047,1974.9488386776054,1676.1669729049377,2614.9622415532112,3332.8309362054097,2692.84167267458,1824.5287277656082,2658.702066060834,759.062069209806,1586.502112760685,3009.5518712677067,2401.8146540527955,2403.350022380438,2423.1918879679433,2129.296396428751,1874.376343837058,1556.3091515503734,2960.0507922394017,1774.4819304994762,3628.1305043393127,2334.0862472038593,2908.102398625106,1670.3614558409104,960.11494666056,2180.631267340472,1994.5697720555286,1821.8193611642387,3608.981353590577,3766.173750089086,3015.75459962171,571.8426001851188,1884.2735092078044,564.6993905846872,3881.2555341986877,2217.243771526536,277.9665168790128,2642.248510651694,2142.4537347986984,2859.957255498488,1786.9268757222453,727.130539051708,3133.23127794587,2873.931333416688,1738.8616376109044,4085.839470133029],
        [4863.525766783139,2136.889926399351,3321.1145059695586,3547.0910658807256,2215.4674546895817,0.0,3918.1815071906335,4243.557253574009,1305.1671617440588,4738.9089171761825,1235.530520422263,1298.0744450776872,3818.4177370822713,3710.556734102226,3042.722167361734,2958.0056620237597,2255.961943075417,4472.233956777382,3540.788576762433,2078.579219966173,1307.2835345715919,1064.598631563031,3926.8730435189177,2627.030633471111,2641.359119651941,3036.9825776426032,2934.619020749765,4166.497579402651,1490.1733974324497,3282.2052310471886,1730.778985207232,382.267240346778,607.4598032201205,1952.456655449434,2511.358032910977,4152.414814235829,2960.9831967895943,1981.2468841286384,3728.4760179215673,2056.233830905807,178.72225165424734,724.3811811344318,304.90881139378587,2231.088807312654,2100.254310918728,3728.4872814938713,1566.365048376337,2947.511476945848,3287.6466684820516,4333.966863555034,4914.19833778534,908.5459290924118,1139.4627582928217,1177.9161110751825,3928.474093049991,3982.3497557663704,3903.2465985250064,3952.5172377846984,592.1497199486923,1105.4847319475828,1259.584692741485,3169.373899515017,935.2941959794705,2452.5526003909013,2309.041223479077,3133.9580742017874,2147.75962836669,988.6679541274848,3496.7448195203383,979.7039559710164,863.4031187651841,3828.2695211996356,1791.5092234220588,1953.0037530247773,2558.2029910255487,4025.5450472230013,3787.9449340463966,2438.4191275295407,3239.7219128169736,2721.3066654687827,1974.2953831650716,4169.003793905925,2926.9564458010177,4317.9015461095,2941.849968999667,2533.7831725408096,1755.3622657988888,519.5736469750618,2777.4072741812174,2827.110592103559,4145.230865743038,2045.7319175413716,1930.6792170732044,375.1958535248937,2396.7604732069426,1549.1383916733078,2151.239664213841,3375.375129225654,3413.6183253844297,667.5286680266353,4863.525766783139],
        [1859.705938073559,4228.214236946879,1092.3661648962093,1966.7949062096768,2473.151657535991,3918.1815071906335,0.0,1845.5137313847151,4234.136185942016,1474.060791897774,2805.1945816635944,3438.3408242612595,2214.4326811391034,220.07428909020405,984.3510951167272,2629.0230884569505,3729.098296129899,820.0944941995124,1150.8306009871249,1840.6043747073234,3327.0272515249667,4175.352223125302,1572.8399608262844,3251.915272505257,3183.2753717107894,2969.8134816931465,3184.7188780380693,2583.8426183846727,4197.051100218539,1631.3332442594576,3146.9025872345837,4300.375138464895,4525.622860552103,2721.5407159751353,2456.306203479968,1114.74607225973,1028.2111431958688,1938.2035492601967,1002.2847809339947,3701.819610768298,3852.6419022517352,3411.312247267384,3927.673612134114,4663.852258287307,2943.367137875969,1063.2280394590234,4664.617255166543,4514.226006199239,1837.7781798889212,762.7485146267466,1820.0594084255106,3447.954601938252,3915.64404467051,4817.552262578348,2024.7560058776974,1828.7983526717105,950.3439155024078,1175.4760571769707,3347.9873174790155,3552.8659815776186,4512.540865687577,1502.2480536905346,3044.0181926899913,2322.256540837572,1820.484381054488,894.0795881079647,3090.0379767922814,3416.103283421652,637.2808559823586,3444.602530222718,4270.339853884127,1119.6760339050786,2164.3731140963127,3216.8551056437645,1420.8944677828986,1930.502140311911,140.98037906080057,2653.195303975027,803.6566601809881,1513.5919013303806,2336.9571858317504,2975.5707833948477,1007.0583209229991,1563.2062234017435,3398.2819399715604,2696.2746051063696,2959.9782634211924,3406.918599822198,2248.4296923487072,3715.829837415366,1054.925884411162,2739.8158319203294,5030.311793509469,3632.2025384211433,2634.5364609152057,2487.6695700495266,1950.2594505503127,1892.201362837098,1441.017673964111,3251.463599465843,1859.705938073559],
        [3667.1692308694983,5329.285608829316,2746.5739224612776,754.4785978890575,2093.3402874192775,4243.557253574009,1845.5137313847151,0.0,3970.9991555729794,3257.6920087269864,3012.8405510466387,3239.92384576806,676.2668913168264,1775.5925270430782,2379.275859806454,1634.9153143482106,2999.1618009921594,2559.3941943471923,2897.9238087479794,2569.9068899049266,4216.5884295453825,4895.383737699629,3392.2027718787526,2354.0458183565706,4577.5101743646455,4500.047895219508,2119.0638321768574,836.9734873050768,3844.086917549381,966.712139423288,4213.933920266401,4593.978827261975,4796.021359448481,2396.747504908237,1855.602498235333,2960.0867664107896,2340.4600733680436,2641.0830330726667,2803.5404341716776,3073.3338347120343,4111.460528522409,4021.40799539695,4118.109547141581,5706.934395851402,4160.087710696535,864.2723958983664,4341.840978982696,5818.130699786354,3499.61249448856,2555.161905011721,3611.861278020407,3460.6109226336907,3723.7095177933415,4754.917076258525,3824.5708476755467,271.0877119122397,902.296397976257,677.710568646199,3664.7342423297287,4359.053526220522,5223.937913224967,3117.8370128296933,3629.1980491750905,3669.52754151838,2002.3466981695333,1624.1213860625064,4321.667463109284,4165.416192267169,2320.9689723741108,4192.066164849897,4221.342586212793,766.8020476860054,2945.9898785701175,4370.703529909504,2526.5739828126852,3748.183866064089,1790.2934026875148,4003.3905792781075,1573.581176815691,1621.5114864573911,3428.4797048657606,1267.0665736309948,2189.975989769637,3408.59154488209,4861.315968819868,4081.569891403414,2655.6733312057563,3831.3116772040644,1550.2626895828314,5109.001573054201,813.9454050550252,2339.3113637670353,4617.481490516878,4094.6602343565614,3968.4544116899906,3296.2016347162867,2150.0481107658948,3578.8246915266086,3147.313979353932,3669.575060229747,3667.1692308694983],
        [5561.392988361804,3441.509193551499,3952.410186269149,3217.5395141962717,1916.2928518207652,1305.1671617440588,4234.136185942016,3970.9991555729794,0.0,5351.622251226939,1519.6234842313122,798.7315233745526,3398.858080099979,4014.0929549760936,3558.4382685466226,2404.29392067282,1235.6273158788956,4936.118506617382,4201.730521362062,2569.3641012852045,2518.020507486477,2358.133604519061,4683.98943526926,1819.314247328831,3818.028670691046,4158.628495155828,2146.6433253322816,3641.9485147139394,217.3002742687338,3105.8435268996354,2908.8531872156927,1336.0175696111191,1387.0838803471725,1612.4927050153187,2117.434364678908,4767.388175595121,3460.308355461729,2489.863836218536,4345.535445586132,1057.818905590813,1149.8116690346671,1897.7250904349407,1001.9810369675489,3524.809848836693,3234.6605326716444,3711.4430404467516,433.4261621242003,4250.2147876466715,4141.399426922474,4814.960625170709,5590.2231454643115,874.495285404455,328.96916670646425,849.6340047202306,4794.664353803281,3700.276015823685,3915.8312881439374,3889.9499509922866,1340.8215050372385,2365.687572419952,2503.044139298183,3924.2383249450677,1880.8331200558187,3423.2988193697092,2417.8275520445595,3349.737332988131,3316.5950826984686,2206.2570291298166,3984.3118091054703,2206.0684485127185,507.64471798350087,3786.3923870122926,2452.0447281903353,3149.557026104155,3110.5795381981156,4860.924338145895,4093.552851745112,3503.7681432530076,3449.4019780127514,2775.33799922732,2884.7598540141034,3516.0334747202805,3364.6646733665607,5029.910611637295,4141.211996007392,3610.6319085712453,1346.5705711113599,1520.506021205404,2423.537029676317,4074.747338559433,4128.6545098958595,1647.3491636535277,823.0585281775864,1586.6460089622715,3456.432011534357,2378.715491564185,2283.898768077221,4241.742003995992,4157.515979768177,1541.2465116108633,5561.392988361804],
        [421.2257853806492,4359.00330053955,1423.0678289566815,3440.8484848084663,3791.3722973254753,4738.9089171761825,1474.060791897774,3257.6920087269864,5351.622251226939,0.0,3838.369631389785,4589.1948161955825,3683.336975847625,1634.8698333833695,1794.8310130764103,4067.6215424066654,5054.652529872303,699.3721486440604,1198.5475485496283,2785.512294218533,3792.7527797634566,4676.674396560435,959.5753096941879,4644.5016132139945,3096.747185284041,2706.67243200363,4613.008577010289,4037.526574520793,5357.213863755106,3095.3690277900046,3470.0180567823136,5104.751560031419,5325.841653354152,3994.234400719544,3833.8700622021292,589.8184312059876,1894.4135697008132,2869.772697349499,1016.7460070101622,4996.8596340293025,4722.335336081774,4095.979002643877,4831.312480275721,4812.163421289586,3138.7047043986067,2532.371421525372,5783.771211008263,4374.568722490379,1652.5814502910737,713.7630190738289,354.26271078633357,4498.631804829673,5022.945508785338,5795.950364917245,1302.4489574141803,3279.0203992207485,2397.8039760375873,2616.0859525533983,4240.970671156306,4058.3966133832646,4986.870721362984,1604.977090562795,3804.2605640658503,2509.29411094263,3058.4061844690063,2238.494212224507,3237.7286253129537,3990.074989632694,1394.5686169344272,4015.8468583223857,5279.028355345235,2578.766870781283,2972.7912029998997,3432.4071147613176,2246.3881131950902,1143.9556887900844,1580.70603459604,2743.4576625191357,2178.2742579541277,2854.11826452769,2822.1398880401425,4439.404938363041,2007.5282329582226,568.2302157124782,3170.7129107908313,2726.114753438845,4200.043421558205,4223.408285654833,3663.9285614251585,3546.5334959606844,2443.779542948311,4035.292376297211,6172.534884069546,4393.7987291332265,2751.845921177626,3190.4442572372664,3150.2578905387722,1618.8812813999168,1369.7446108233826,4093.630214715174,421.2257853806492],
        [4041.886265492026,2722.726307994229,2433.3367272548317,2332.5186976728555,1059.262822222727,1235.530520422263,2805.1945816635944,3012.8405510466387,1519.6234842313122,3838.369631389785,0.0,820.2581675292081,2620.895340659381,2588.422190459277,2050.7774560529083,1853.8126569475482,1673.7666922492442,3454.577780184592,2682.15332341271,1052.897507739772,1561.008649951319,1973.6193300492446,3168.4429535703907,1744.5376528310135,2618.374499012261,2861.1601674082226,1990.1049079514114,2995.2577623422944,1552.8085240630028,2048.8734142598487,1808.2332423152873,1599.557505038035,1813.2011249542802,870.6890714436557,1366.3563628483155,3251.9798471923946,1954.9120688901141,970.9303086284842,2828.500722714695,1515.832996754535,1118.260116236985,1114.904814933655,1156.7989668215293,2988.911801492427,2020.838039387046,2502.2328233363605,1948.8778525168177,3431.220925061905,2653.0477432411208,3327.2926408453436,4071.5171981127523,661.2315980950983,1190.9367773322147,2012.952808304012,3301.7465311914593,2754.385586132765,2683.2369531005843,2722.0636868440247,651.9059845096067,1574.603399334015,2277.468185508325,2413.0898398731297,789.7672294357494,2021.9192929873773,1084.428306410497,1961.936283738265,2146.935469562421,1360.650407426986,2487.587725354697,1379.939022072577,1469.0755728721,2599.4308221674246,953.6552171496528,2048.8053912707733,1593.2805986887527,3358.620395596843,2667.9197797232073,2181.1489735475516,2067.244021153431,1494.9478816048238,1479.394996048083,3053.8223193939066,1873.937109487227,3510.464734100061,2960.603435031498,2292.8577352184425,800.2186366775293,834.541375748181,1595.191350227222,3004.9184080053797,2922.0346245494743,978.7605429694373,2342.6820119417507,1097.2232911363349,2131.338963978227,979.798519866218,927.282021665048,2756.2229701203732,2642.9218754189387,682.5361464952541,4041.886265492026],
        [4817.783047190853,3260.731627434981,3209.1617912692554,2494.5774209631572,1152.0799286022575,1298.0744450776872,3438.3408242612595,3239.92384576806,798.7315233745526,4589.1948161955825,820.2581675292081,0.0,2711.045914591739,3218.266826784237,2794.6171783252094,1758.3900900559227,995.9970811131388,4151.108723307523,3462.559454066479,1827.0712451950658,2177.10388294355,2310.2005912928435,3967.0419759438428,1334.3513447153296,3368.6102619265835,3647.715384919276,1649.6794351450308,3003.0737498844337,768.9117770945185,2340.0594459148647,2503.0377703210656,1535.356306990175,1688.532309580514,845.7141185678154,1390.9939952674872,4010.052880789721,2694.788027271352,1756.514760805519,3593.150308701792,804.5354225666922,1121.4219495476764,1601.0150621215237,1046.5171225069114,3443.962833054344,2769.009843536276,2925.174551469793,1226.5598022902764,4029.6239086268024,3470.6155129711033,4032.856837563307,4840.749825669749,406.87043273145173,497.41532935699246,1516.032963931203,4117.229611615684,2969.0687030887684,3127.3371961261396,3111.302273208455,971.2465932729863,2104.485062180797,2546.845045414438,3219.5534270486514,1424.843479109345,2833.1114860067587,1619.9912955417424,2551.949474459389,2879.0555393451655,1905.6761388704397,3209.5965052190836,1915.6622935391556,983.7225317372128,3003.9246360620464,1772.5766779570758,2749.456912416836,2364.959017618534,4169.885316761575,3297.5898685866377,2971.1184572725656,2651.1992863983705,1977.5270542877606,2288.4066500656704,2944.119473748257,2589.273785331614,4294.9094184823025,3706.877604909287,3082.1401707424843,584.2562972495514,1210.5348166558165,1692.3778806649943,3707.4985485821594,3344.9183840994892,901.6037479335362,1596.0078332263681,1398.6040605031421,2921.7009434395864,1781.005728336683,1488.5512290278834,3574.2937987889172,3444.4047774366445,1144.4713551112081,4817.783047190853],
        [4074.1228535681153,5134.200564518341,2928.0973917937017,340.59051639696503,1606.8739294392615,3818.4177370822713,2214.4326811391034,676.2668913168264,3398.858080099979,3683.336975847625,2620.895340659381,2711.045914591739,0.0,2086.438829086124,2494.6631931829515,1006.1241360345902,2359.9509239763497,3001.291806082703,3121.2491695703184,2410.658403697131,3980.2870665831088,4573.104170064409,3659.1059169091277,1705.0990293958519,4532.978093143818,4526.21724522222,1452.3022676637315,440.71902355943786,3255.5779360408424,774.3923796420511,4044.8156397003013,4147.370544505383,4336.848010467387,1891.8780064097334,1326.6857727671334,3304.3600125752423,2431.545720072361,2462.201664324749,3072.3108156019007,2450.4641773005305,3671.671417407524,3696.596702229337,3658.1570434527207,5479.392405548154,4053.8315489383203,1151.5447439799198,3748.292866565325,5697.670018880236,3638.780687876142,2969.58619410156,4032.6019244313256,2978.987423206336,3176.064303470971,4210.057796387747,4056.8868774739417,470.30864895321514,1295.5097593783726,1093.7272903681878,3263.4264362197837,4086.4242229033594,4889.022573139056,3252.6976941782905,3317.586885327295,3644.3358435149903,1745.0453787286533,1711.386267030675,4214.555099425286,3881.369643607908,2557.9788860340896,3906.1428892304734,3693.282263049799,1108.1304085589372,2759.1304648008772,4229.30227941993,2512.039821677364,4003.9831125371215,2124.2097128133078,3961.981338938338,1701.8085566505179,1450.275339780681,3314.4910493937987,766.7644167747234,2262.6178641833812,3745.787892902837,4841.3941930212495,4052.4136297740442,2133.8886259870487,3455.230022215995,1042.3312788411688,5047.594908935138,1323.1764063352039,1816.5157933211908,4002.088570973126,3718.118494900113,3921.5161108579023,3086.712820744476,1867.5754760332318,3729.585716966441,3330.922856364159,3300.231758994198,4074.1228535681153],
        [2003.3761067339767,4087.0008900216835,1033.0071278210187,1819.8102988400574,2258.7725982059615,3710.556734102226,220.07428909020405,1775.5925270430782,4014.0929549760936,1634.8698333833695,2588.422190459277,3218.266826784237,2086.438829086124,0.0,835.516902445034,2441.2963954594065,3517.387746461339,1011.8658564778815,1139.290041416256,1635.8325930212652,3155.049182557241,3993.6773244637693,1616.6125935322818,3050.3560889208497,3082.3330297118605,2897.714038225761,2993.3667443826603,2473.745334553289,3977.114521281519,1460.7594920714691,2993.3880849485536,4092.8236240507154,4317.8189621189695,2504.09754717924,2250.2042788342455,1217.9499728340365,863.5180894931007,1733.4767705215431,1028.439151943217,3487.1309646661334,3642.0185918891493,3216.6664586962797,3714.8873565073122,4517.501820889381,2808.8831821289755,947.6845329978419,4444.545862618306,4404.802819012596,1795.1948944901856,936.4401680734032,1972.619752401921,3229.4769187098564,3695.7257941863827,4600.178931611687,2052.45711398434,1728.4410244131768,873.8823972301186,1097.8937135425047,3137.3623451142325,3374.7182881089007,4331.8391789002535,1437.543009735539,2844.9567794696663,2202.6962519020676,1600.5617193131213,675.9151556823712,2959.355090915191,3231.9886459167524,575.1834233248603,3260.550785686229,4052.3921044828717,1021.4676520065434,1968.9758457576793,3075.668393977005,1240.5317380218144,1972.7258728932268,79.73847690341509,2538.5234484424855,588.434341362158,1298.6834311015673,2176.6181234749697,2852.282966574165,818.4068181397931,1660.9097294076773,3313.345374238152,2588.9677059862784,2741.257576919299,3201.38833917213,2051.2392084457488,3618.4106671198406,1024.8023660424524,2523.9352230338245,4810.333296747778,3429.9343152855786,2516.5736425940163,2299.1977081574287,1730.205696174059,1859.9538058988098,1412.0014597070253,3044.6959216426444,2003.3761067339767],
        [2037.9721276295443,3251.8565883879255,481.9579634325717,2171.4016050002333,2071.9221048193813,3042.722167361734,984.3510951167272,2379.275859806454,3558.4382685466226,1794.8310130764103,2050.7774560529083,2794.6171783252094,2494.6631931829515,835.516902445034,0.0,2518.4495987129408,3312.7821536981232,1430.4629690743625,729.353696043381,1002.4175853090292,2348.2472558031754,3206.9257907172373,1291.7077931827316,2979.8681721074004,2270.5787594750436,2132.747967417885,3013.9950764047135,2925.942683259752,3562.4258030530737,1740.322199806722,2163.2481604577824,3421.123641415337,3646.413210693648,2237.45584161107,2177.653018502463,1216.8663394670052,101.65006638025152,1092.4550041344442,809.4699647307517,3236.763959919632,3000.6373299496745,2477.3249525141027,3094.866881969795,3683.8232555839636,1973.674537162374,1518.486124690978,3991.116772229047,3580.954732490004,1144.3586810160548,1294.4083118085211,2052.6698735389105,2712.0086766913973,3230.0884210682852,4036.299496563574,1610.5499188161684,2253.771514179175,1543.5492485072725,1737.3979713545737,2503.114332692285,2580.5394399119555,3542.0820450958963,758.0867792365607,2131.0867600114266,1376.2917596666368,1314.456916438773,784.6216091750267,2124.932010286949,2454.0887733916907,454.03922270794845,2482.354124986141,3506.891680754964,1624.201145755127,1252.2223487301574,2240.3767557654955,484.5200725716049,1592.0431878840402,891.848229219189,1714.8148363240623,811.5269052312105,1228.7753006497232,1352.963885765743,3241.103544174381,259.641056645742,1540.619473532614,2522.1133555228835,1772.6103180200798,2424.9146118657286,2523.5646101263605,2082.9363152367787,2808.504594620928,1754.6318602713166,2291.3125572431964,4378.469311842677,2728.186753700929,1690.0781024191433,1543.1261564891897,1381.9542618768091,1235.118467600226,858.3844922084796,2378.3172035655484,2037.9721276295443],
        [4411.704978004248,4537.749519018949,2998.8018785017393,902.0244791789422,800.3628310919906,2958.0056620237597,2629.0230884569505,1634.9153143482106,2404.29392067282,4067.6215424066654,1853.8126569475482,1758.3900900559227,1006.1241360345902,2441.2963954594065,2518.4495987129408,0.0,1364.254130408144,3448.3867903723317,3236.060749565811,2031.887256985288,3363.372267802869,3822.5243520883478,3801.1735767964574,725.7770859504999,4167.575352099609,4264.448144380814,561.3691520273367,1246.937403872692,2253.9120167719466,1024.900825859389,3520.314023782249,3256.3593557280433,3429.813018530964,1010.3582624073855,499.29014224673455,3584.895813133996,2428.7773670081765,2045.3547814079288,3257.9422571826894,1445.3911758858044,2797.2349852620773,2968.5689394549645,2760.859216368061,4832.055449675342,3619.51952707612,1701.209902628335,2744.2909076176843,5190.138123764212,3590.8566840384706,3377.6781414709526,4393.89070164911,2072.6516910150426,2199.420867475028,3228.697715620267,4125.073982628959,1375.8708677707064,1905.2197134463595,1781.3533827196934,2449.2099330562323,3415.2696937325336,4116.0662613041195,3226.112235021806,2624.788863479135,3351.637999598311,1337.575770788512,1844.9766000765903,3771.7296463446974,3202.0457093975583,2748.139188088043,3223.304845999698,2727.8819737069284,1724.6848766827738,2294.8388401347283,3736.5817484995596,2341.4869847137325,4110.4495438053855,2504.1006549844265,3627.0319342691387,1893.197464378797,1289.6849268830708,2912.3122120173925,1212.2669290524282,2259.009729459913,3989.7243394546263,4500.341575050074,3730.830375695145,1209.3109360289209,2667.2851454484507,437.72621408823215,4640.035246859658,2041.9856393258763,912.8603123016811,2996.3690778728214,2920.6942011410915,3580.5776207310187,2558.754893389453,1384.9752848452235,3693.2741589759307,3370.5217748330256,2527.570399606609,4411.704978004248],
        [5341.380867198974,4255.941136408324,3776.2393963761006,2259.990783888698,1265.343568001292,2255.961943075417,3729.098296129899,2999.1618009921594,1235.6273158788956,5054.652529872303,1673.7666922492442,995.9970811131388,2359.9509239763497,3517.387746461339,3312.7821536981232,1364.254130408144,0.0,4517.699687977573,4032.202086232281,2475.7003396735663,3157.2472022191655,3295.258940826585,4577.488459725991,659.7547511017717,4291.5557183459005,4527.844088965321,962.6495478594494,2523.3079423927456,1035.2807802443012,2287.2910503936673,3459.1054594555126,2430.207247969593,2539.7280090900654,1077.5373659535162,1292.23232946129,4507.68150541491,3211.598633943102,2433.137013954047,4119.399783369212,200.0584080916943,2077.271557822518,2594.4036203936926,1974.883646334618,4437.5821470954215,3693.09683969101,2960.8925576958413,1472.2183853650629,5019.799602905283,4181.279984846119,4420.608721745538,5345.982018265122,1400.6261631966388,1175.8086088972823,2081.1810236542356,4801.450925757703,2738.9801849595597,3171.7304513647646,3085.6209166086664,1965.8574829116908,3097.540809042819,3515.3065739880217,3877.466509587407,2389.5752865808468,3663.4983708288005,2002.8884623525635,2848.879656499689,3815.4154868168416,2895.907241349933,3663.618740546902,2907.037824901339,1689.9090964610905,3008.015515665074,2545.987484140759,3703.851027519902,2965.49228566224,4828.728515833176,3591.3644384050253,3847.827609269187,2929.479760964727,2221.3114262590384,3131.479269914647,2336.5246363814927,3070.0883989404115,4853.389470338882,4633.490102345012,3959.555919544842,937.6969778871604,2206.02311027356,1559.6612372671061,4663.6407945116825,3343.3963968348526,1022.4476576733285,1662.6615838318842,2391.7387544229205,3797.9648373315686,2646.680196958837,1932.8328502479703,4287.499684178036,4077.6627321586893,2132.669964816863,5341.380867198974],
        [1115.2228316017977,4419.192856524588,1226.2308236700906,2772.674840312305,3254.083970813482,4472.233956777382,820.0944941995124,2559.3941943471923,4936.118506617382,699.3721486440604,3454.577780184592,4151.108723307523,3001.291806082703,1011.8658564778815,1430.4629690743625,3448.3867903723317,4517.699687977573,0.0,1102.5099299434385,2422.9519035578883,3684.5039328062567,4565.32040932278,1212.5101348757732,4061.8980858003956,3233.0502559502856,2914.6568982331946,4002.936848722869,3345.612284126972,4918.296499911705,2450.275519856521,3422.4197568803597,4849.708580804709,5074.739233879796,3484.6600145992893,3259.749425023862,631.5566260505076,1516.3873781011978,2516.1836538176653,876.5196097081482,4478.643491957689,4431.014947612122,3887.9397579854563,4523.918430597234,4870.21184559892,3142.693131754645,1854.694000608974,5369.3692373022095,4561.002956786486,1760.1146700606482,146.16751374945835,1053.5617025182555,4112.918273137804,4611.124398115254,5456.920261180859,1663.9358343017748,2587.3515381422735,1709.0444653802808,1924.0182556507802,3932.6893274823174,3936.0145405337707,4892.1312349381005,1557.4164313813876,3554.7221603734015,2493.1447002384034,2558.755733066882,1668.994501659886,3267.15983138399,3833.7023766908533,977.3706175127711,3861.2270085172318,4921.073105185212,1893.5314453598032,2680.806389203616,3434.8358484432406,1914.656899541031,1526.2028584458244,945.1782980109803,2783.874043516817,1592.09083962347,2296.55847187681,2677.814864658995,3751.899438922874,1580.722251897106,998.4152468947537,3375.523449546428,2794.7320881553082,3710.2622059271553,3952.806581377552,3062.8621989239336,3732.690913519349,1745.46769065362,3512.777941771092,5746.854053456641,4152.422084630809,2779.6745887433726,2955.0157250684706,2671.6226780039387,1769.125995736642,1378.945084617767,3808.5972269413614,1115.2228316017977],
        [1359.823729660234,3316.7478625391946,256.58283615238844,2815.561390705623,2799.193944624285,3540.788576762433,1150.8306009871249,2897.9238087479794,4201.730521362062,1198.5475485496283,2682.15332341271,3462.559454066479,3121.2491695703184,1139.290041416256,729.353696043381,3236.060749565811,4032.202086232281,1102.5099299434385,0.0,1636.411510164811,2625.5848008379567,3511.1130007942493,565.2456445439225,3709.2216246488547,2144.359408959712,1863.9889834877692,3739.914685636238,3537.3063234864185,4223.950899009032,2399.7442227570305,2336.020321139747,3906.204240696407,4127.344715474557,2954.9533943948336,2906.378043617934,617.368200838489,827.600331497486,1712.3500810298628,226.15110554943112,3949.166201412548,3526.744496636503,2899.781548726534,3638.356149956078,3767.9822152615493,2042.9902644171123,2043.0720225016796,4630.6758317042395,3479.343305415688,703.860802801641,958.7607120155749,1393.1241110596397,3336.848341069352,3872.926795881078,4608.67416524397,936.4138753779816,2819.9322737980383,2003.7688231198713,2223.1641374704022,3049.8807278818713,2885.976737499583,3830.2320651917908,455.5617770203221,2605.907093058492,1393.886061770172,2040.5633803707035,1433.2605537439865,2165.181573629939,2804.9708793547943,577.0343724432535,2831.3721200593804,4099.714481286462,2132.489666479497,1784.8912297257848,2336.2185604133288,1097.7865895975735,887.7135360382223,1146.6630931340937,1681.4423382628886,1424.081549356533,1948.8955663155696,1635.3277025167424,3882.836990163464,986.3381117460468,832.7774538552145,2313.279007792326,1694.4184402520127,3130.9427101437286,3026.042825469502,2803.081675708318,2657.103953485342,2164.051122132853,3013.0310529968992,5024.775487751765,3195.320679976456,1677.2322922519113,1992.0199213102337,2099.3909008537225,746.0478924375999,300.31130099700835,2898.325018251503,1359.823729660234],
        [2994.2735251902072,2759.866617447923,1384.5320914240674,2072.554944316099,1356.7674226876022,2078.579219966173,1840.6043747073234,2569.9068899049266,2569.3641012852045,2785.512294218533,1052.897507739772,1827.0712451950658,2410.658403697131,1635.8325930212652,1002.4175853090292,2031.887256985288,2475.7003396735663,2422.9519035578883,1636.411510164811,0.0,1660.6208026777467,2421.3885572961085,2143.699908525083,2284.5494682776243,2154.1101146498286,2232.938480339701,2410.239810105694,2844.985171549734,2587.557210161894,1663.6328228444786,1648.4522437631038,2460.5638691823847,2685.9998879156524,1416.7674862377535,1573.2161059937303,2199.168712901725,909.5994884622153,97.65172974057575,1776.2789490171474,2366.653905227548,2019.8897542834413,1598.0968031113161,2104.90427090744,3139.352686265631,1645.3932471413805,1842.7182793848235,3000.290998944906,3287.6721018675785,1705.7588233373517,2290.942203304893,3021.1777382097866,1713.242569063051,2240.3988388526022,3035.357862507104,2329.557031699133,2357.6087071544616,1973.6388638851035,2085.857678004267,1516.8408269016636,1832.9879578247824,2760.2036731323974,1410.8607181923285,1215.5189453053445,1320.0395500003085,704.9469286258852,1117.3478447021507,1805.3753923138725,1660.306168349249,1447.6952651204806,1688.5657244311046,2504.4883488632945,1955.0490599003833,381.98018040931464,1821.1397741793064,541.2357948438743,2365.86525462563,1712.2315161896445,1600.1169875681294,1218.3191612527864,968.8001199742496,908.8332551905366,3047.6340487933203,851.8714824487113,2468.1927289959326,2479.6030061839033,1701.7010256074113,1543.5087665811293,1566.317619266495,1618.635049745261,2651.2200934545467,2220.543011516875,1498.1276570347597,3391.89163076136,1794.6343698139497,1554.8975804776162,738.6604074015293,649.8262850700607,1812.02380484168,1625.523456992476,1411.3247789195987,2994.2735251902072],
        [3834.842443295978,1174.3879824099217,2459.996711349731,3654.9336942583127,2565.4594771729744,1307.2835345715919,3327.0272515249667,4216.5884295453825,2518.020507486477,3792.7527797634566,1561.008649951319,2177.10388294355,3980.2870665831088,3155.049182557241,2348.2472558031754,3363.372267802869,3157.2472022191655,3684.5039328062567,2625.5848008379567,1660.6208026777467,0.0,885.6285117185307,2887.115763832594,3304.399601771196,1334.111951493016,1740.8468897168764,3549.297820109404,4395.40690391217,2664.214882025702,3279.3247516341617,429.43692430742925,1556.5749681973468,1737.1632525067685,2424.0713989856818,2864.302834520214,3236.603686646981,2298.8185785582946,1581.029963358766,2842.2938566728753,2974.971137139348,1408.8552528488985,620.3695738106338,1563.630928420488,1499.4810716176887,815.6775427564509,3502.30100705406,2842.305772206839,1873.6502961509493,2194.652417851848,3538.6801261040073,3902.949914484263,1798.6756060562768,2267.1679270379473,2478.0634001858534,2789.3274944015193,3991.4062636300373,3625.9786905932046,3745.7777403651708,1223.0049491932652,271.42365300102546,1207.701631016669,2190.1806543943367,777.4215916914312,1309.4571948474152,2241.2009106321552,2754.412235410545,843.4996849321986,319.4715967012429,2770.847390970725,327.6760690402278,2146.8317372060933,3615.005329769472,1278.7630182556477,645.9471410604391,1915.8409931271094,2909.1989469225878,3221.456545355929,1195.7247292637144,2848.802158529509,2596.39953790082,1008.501766989009,4523.647699171591,2340.9756230031253,3299.782721617588,1637.9727275587527,1276.215974962853,2355.789394163577,1006.175969000115,3035.6244881234793,1558.5046596560717,3871.497824916393,2532.4915858594136,3222.26687839828,951.4512928046194,1162.0705822477416,923.1052606927444,2112.794643658814,2264.0998105262324,2423.016331486062,1035.0037610478016,3834.842443295978],
