{
    "drone_dist": [
        [0.0,2017.9585911340503,85.06010281269512,787.0647828787368,1646.271112826633,1499.1265657384968,1916.1812240555257,4012.982789353081,3082.01177114726,721.0113296102847,4194.401737571802,5161.366346552705,1917.2382537962385,2446.367090676269,5162.304234755137,3950.7061824105526,2523.137442996425,3388.122320816978,1366.515353974847,2054.840113729066,2642.6533610082674,395.4906741081941,3453.2031259223677,2508.448536510704,3735.5463409957815,4505.637519334252,1805.3259313752326,2470.1652091744727,3157.1234737000373,3482.252685609014,2854.007299543039,2785.660054914127,981.2040990783244,3386.4896183527935,696.5542768255747,3623.4213399726086,4284.121351352226,2215.083995815818,615.5089653014347,1257.9516961410081,4360.665900944826,1636.6475519613825,3772.180856842203,1327.829390621277,2182.9712061288587,4014.026337845953,4438.196558741773,2246.9852922684463,4199.262711455972,2968.699648459765,3856.8942625745353,785.7308860346761,371.26876561596305,798.9041068678847,3781.357187820532,3946.5420925761614,2488.3661015908147,4501.766378917256,3629.8268627833536,1123.3690561516144,627.4282445520043,2186.6654955427853,3457.7840063895574,1096.7845668027628,4083.83775732341,1961.6727167627355,3814.6741463646576,3212.5957614561908,4161.467720878699,511.24696362293884,0.0],
        [2017.9585911340503,0.0,1935.3237217108785,2653.2977412149203,2950.1783187650653,924.219111049903,472.5163686782702,3761.5995056020543,3678.0577849041074,2641.372603756691,2218.426897000329,4192.01561027993,1350.3597908406723,1821.3771481302624,4318.76825377133,3405.1895628503626,593.1362979864821,1387.1588324457318,704.6104903851975,116.45080990914342,3057.9706955430947,2015.3944343191633,2317.2998294513236,1041.9925858910353,3073.99962723503,3227.6233984326373,748.3325952327702,3904.9967162706316,2134.827498931379,3476.3507131254573,3251.6955717944365,4021.4061525875136,2787.534626023973,3133.3138220937176,1330.8121884497377,3794.3132582711182,3816.144231176757,3137.102846987497,1946.2929405032364,763.3447101379503,3035.1262464287383,1312.701524164119,2341.7208210592344,2411.7977643686936,3709.158556151411,2972.4304025507727,3108.331002070014,2489.91108039589,2534.248004892702,953.3993505797326,1881.3055234051594,1579.0537581495096,2343.7805435797522,2720.9805637861828,1783.540908136005,2998.172010338582,2964.323541225552,3389.4772954628556,1614.3858273628036,2619.4291544052044,1477.4237211948835,3033.788060938338,3222.0612498876117,927.2228973069759,3052.0252143354815,1649.0124296909707,3089.4337283203486,1668.7830856955536,3488.986270675986,2330.5706312416323,2017.9585911340503],
        [85.06010281269512,1935.3237217108785,0.0,837.8865269301413,1690.697952487784,1433.8547495281825,1840.7279921364845,4001.412811847383,3102.581124472592,800.7426408457869,4115.59805825591,5125.080290649591,1841.5817335409465,2405.4620330062976,5131.07845610248,3926.618708990451,2438.4865645353802,3304.0615407774058,1288.4624069139343,1971.2141893262333,2650.283725160689,415.14701309358003,3403.5855444507692,2424.766616394013,3705.5678081454193,4455.326864048446,1736.4161223252083,2530.02156672088,3109.533900199516,3477.959110051121,2862.999310360756,2836.6465629613776,1053.647305419388,3370.8137078710233,617.9351862581663,3627.932792784083,4264.887109613842,2244.167009290716,618.3329969616382,1174.524617222647,4308.097087013809,1561.3431918809154,3713.684191262643,1349.8347783109675,2246.298192144468,3970.8271025921185,4385.705640727878,2240.6296604453782,4133.533843388592,2886.6579186338763,3772.2010753977993,715.6672629495116,453.0577904877201,879.3502193661966,3697.118523282483,3906.5690575434255,2497.171735884746,4457.804565511213,3546.5202069978386,1135.7965092307688,544.5884374989669,2211.19917819798,3443.383251955137,1015.9826793068389,4041.3243888775714,1923.686791812,3782.6459957980474,3147.794191415718,4133.348132904845,544.5463728782693,85.06010281269512],
        [787.0647828787368,2653.2977412149203,837.8865269301413,0.0,2108.609159920426,2263.7232546309206,2633.0736164604696,4733.873256155467,3660.267040434549,943.1944344372752,4867.759972480559,5940.808567089366,2167.09223622939,3231.493034759599,5933.752365671449,4708.319792296723,3086.5131841402826,3966.247655537823,2071.1721071878674,2666.738894597645,3295.423725781588,1113.9547784384606,4239.871620656576,2919.532654596118,4505.92670406245,5292.0879296253925,2556.8902205266545,2740.7152308477066,3944.171567355915,4178.655471612671,3497.5931077834,3138.795507677311,1243.2057252042482,4122.837913449906,1416.411462427091,4280.99035346793,5028.403861277899,2759.4151420176163,1348.428970300144,1898.605147247621,5145.794466550539,1903.2980506711594,4549.974572745636,1948.189229829332,2426.01876930193,4800.065711034025,5223.3851924080645,2960.6817437507893,4958.209276820755,3602.4184890715014,4399.738702743015,1126.6108822930435,768.4007011881419,972.9740279886106,4348.634855336621,4730.397154669507,3137.88146991007,5288.10897291285,4229.516151946282,565.5643542534444,1176.3190571859607,2759.7193811149023,4189.960164337847,1782.729778284455,4869.497072774764,2745.0081443552513,4588.547351314315,3975.4770374770796,4927.731220608983,324.67920050357276,787.0647828787368],
        [1646.271112826633,2950.1783187650653,1690.697952487784,2108.609159920426,0.0,2054.225568128037,2597.806668570774,2914.723884779088,1582.716139866896,1168.4610245778808,4722.959088993054,4452.5661757578255,3416.2392974398285,2156.3242911940524,4352.489431637352,3081.032716373107,3542.402341225573,4276.390091049037,2273.189216257851,3039.2732357555265,1368.8045720517887,1290.826804804444,3178.012996085678,3788.6426992833335,3000.789113524316,4147.066621143027,2337.9179443365215,955.716510633386,2875.2821861242223,2304.6623564437887,1529.6839329995437,1160.503079465519,889.6284235014863,2415.650072145015,1887.008013300253,2300.4997790809102,3300.39795180856,681.3058174815297,1172.939521333145,2380.4378844284865,4067.4363949463987,3149.696513873555,3680.7511392415126,540.8821846701533,779.3488327423547,3531.5078116474,4137.2077895489365,1320.452862371933,4269.589987355124,3751.8751923384125,4790.22120763383,2373.2206321845842,1393.2797170142055,1152.7261413144129,4663.038897561049,3399.397601346651,1221.7901324620632,3996.969774515683,4440.7900099898625,2635.466281648982,2120.8321323890177,722.7660033121238,2456.007988584735,2170.056948099057,3579.8538371514987,1767.3807918897787,3113.4438805832515,3355.343619692611,3352.203213967055,2019.12001020492,1646.271112826633],
        [1499.1265657384968,924.219111049903,1433.8547495281825,2263.7232546309206,2054.225568128037,0.0,545.8676554583914,3084.8560176407923,2784.4860135930626,1958.6280138230072,2794.6208198948257,3862.4586497178516,1879.8148248014238,1187.438208417478,3922.3801789821,2837.294959584838,1513.5466837168713,2223.154383271374,422.9009885147141,1027.618266926736,2175.273881738391,1336.4105249487682,2041.3425119123428,1898.317107717027,2548.4506796124174,3076.9769883810472,324.44232098919235,3003.36463399112,1771.7779220064806,2707.483090482959,2378.2911493031224,3100.6809230698427,2033.035856358704,2433.0684198775743,862.3761745501877,2986.7378763992056,3227.547040847333,2212.945950763491,1190.9629627303598,706.148001558299,2915.6902531908736,1708.0654414484666,2292.866713826107,1513.3533336658068,2825.86748564442,2656.9806528984423,2993.373816270075,1612.4034069464929,2700.150576202959,1706.655003795799,2736.259515575924,1456.0413575725158,1732.0187449488212,2031.7761957633738,2612.0429953398907,2626.4150365871906,2069.4213786512546,3129.9978373787185,2398.550364691534,2427.8961109478278,1207.5119199305457,2110.3605528126586,2519.3760329797447,622.1993465484294,2732.8797748260436,838.453215687247,2596.8991406006594,1713.9424970643886,2984.2141015504067,1949.9556463416436,1499.1265657384968],
        [1916.1812240555257,472.5163686782702,1840.7279921364845,2633.0736164604696,2597.806668570774,545.8676554583914,0.0,3299.1238553722787,3221.577388751323,2454.5565640055597,2291.650994541142,3821.2361287029203,1725.7296513881952,1355.1666951546574,3926.547810347835,2961.9266918486637,1016.5937213483063,1678.5854111958654,562.3202179013698,588.8991766780864,2598.381523069038,1822.8855594941879,1946.2793475088076,1513.923147053039,2638.6104948018474,2916.5136998681273,287.8718931145269,3544.174532170028,1731.9889730621494,3004.3108053152773,2788.599954510299,3625.4659452901346,2554.7681149008836,2666.2742940505364,1225.2864153398152,3321.9397723120196,3370.0414436703163,2721.389845630924,1705.480581454798,788.0061342684654,2734.69749875537,1629.6588501030265,2060.849787969227,2057.1699984944707,3370.9759104263912,2597.296413596685,2810.6001086044303,2030.5770247359471,2360.445999451579,1161.3081147728012,2192.670226585867,1663.5455138334285,2196.237877627136,2530.7776472602136,2066.446681146308,2604.9350952355803,2510.3374703354934,3038.059968334083,1853.3734794501074,2699.7500439341893,1483.1067541974394,2612.536601239541,2754.950017174697,853.1599924067647,2676.4780167254057,1181.6461216085806,2662.362182464696,1412.5243153409413,3061.3063237446545,2309.464548241978,1916.1812240555257],
        [4012.982789353081,3761.5995056020543,4001.412811847383,4733.873256155467,2914.723884779088,3084.8560176407923,3299.1238553722787,0.0,1615.975056824637,3912.900922520374,4087.3298580203823,1784.4162355851402,4958.154412284104,1945.0527656622119,1573.3333439450316,601.9104085286427,4193.976668578007,4425.765016896991,3507.5663771805525,3876.69484387851,1546.7829539718286,3634.1310331098584,1876.5131978890984,4796.360790283391,908.4858207547614,2135.1010340175762,3063.8434318894633,3181.5524855652084,1828.7027244790854,617.096960780976,1410.3962104795207,2816.2513367757533,3715.565774630331,653.8343747814027,3719.895257431413,815.9598317820111,463.9484926199503,2285.693489121,3401.954990842209,3788.498290660749,2206.53555899253,4792.734234804718,2384.486155982696,2821.6419575097893,3319.6902718496244,1574.6846436813298,2233.834186380215,1773.2264777980668,2984.83151406084,3925.8448005956548,4863.786925967403,4395.328994710942,3970.3493983072503,3932.3422343187776,4678.165116338687,1394.4326393550289,1693.2924741866639,1775.3606559319232,4398.37151047144,5135.728711127739,4102.477825978248,2206.271890509334,570.5598462956144,3668.701568563308,1552.4342863244851,2255.122778838756,993.4665835852883,2678.320716958613,827.8833504316435,4516.907302057948,4012.982789353081],
        [3082.01177114726,3678.0577849041074,3102.581124472592,3660.267040434549,1582.716139866896,2784.4860135930626,3221.577388751323,1615.975056824637,0.0,2735.7927044908083,4816.3112093479385,3373.641630383481,4554.699291991818,2104.2919763714026,3185.552311565516,2018.6619022341706,4236.643532420161,4757.51850436849,3159.1133158098246,3790.038514946172,627.3361895523913,2688.8423002569784,2756.106666721306,4682.631116355958,2114.572161506686,3452.595648502829,2934.9327330231686,1588.0066656030483,2533.1563897401775,1038.5316560621147,472.80477274221977,1200.6213208882825,2470.3469819173147,1407.3709394915231,3065.705206247207,832.50953145361,2071.808884924197,905.4829121711336,2493.546282902276,3376.6110287375677,3450.6185532542645,4323.672344124694,3333.8760656855957,1754.1823806750722,1768.6649149601562,2809.8776312676773,3502.2699815503815,1191.7862118294233,3983.22879056406,4209.170355831845,5260.045592904184,3687.6095537435986,2908.94987583101,2728.3574371264667,5096.100871389401,2634.4808353315793,715.1941788060819,3174.768093146275,4831.393754079543,4157.944775179591,3399.045043546634,902.3213602676101,1390.8156371377308,3193.4777789363116,2826.2147820673126,2050.1470974470426,2239.0082875241146,3307.0761126012126,2307.4970827753523,3526.187017520674,3082.01177114726],
        [721.0113296102847,2641.372603756691,800.7426408457869,943.1944344372752,1168.4610245778808,1958.6280138230072,2454.5565640055597,3912.900922520374,2735.7927044908083,0.0,4743.9944346939255,5262.835807457044,2636.1952794808776,2645.897646667044,5217.915144599186,3960.014238665089,3182.160455576957,4027.553339920231,1949.1243259807757,2694.2791665124796,2418.07173078733,632.5312580515696,3702.7252586638897,3218.425613238056,3800.948353842087,4745.54227568307,2282.783938087439,1838.1107661202811,3394.296348523983,3331.5169723645504,2610.0768003237686,2210.344630094984,308.8193512969129,3335.0864165962034,1320.763624826105,3395.8538134793957,4245.379323803624,1830.867390930552,776.3304982574866,1906.2985285598975,4624.052486218101,2355.3743363576873,4101.30940861829,1091.438470207941,1532.3722741612207,4193.892135874361,4699.890166893148,2160.224344578361,4596.684310064732,3573.3293435121677,4512.185824881035,1499.5533834826203,351.4929796380697,80.75816739854577,4423.61924816669,4097.892584359399,2260.6467738376095,4681.724856925411,4252.379844276139,1486.1264318293734,1343.99602982129,1842.1199298021788,3393.642701230735,1717.9445655581185,4256.266205945025,2160.7687096342142,3896.744252158587,3613.4692519870005,4202.622771936479,904.0803275945556,721.0113296102847],
        [4194.401737571802,2218.426897000329,4115.59805825591,4867.759972480559,4722.959088993054,2794.6208198948257,2291.650994541142,4087.3298580203823,4816.3112093479385,4743.9944346939255,0.0,3503.3651320845916,3257.6205347445216,2741.1508450264,3772.381918470794,3517.5857150449197,1910.6823586849712,1184.2273468581202,2828.0876004018196,2219.9814456940194,4224.920543930056,4113.484526715866,2215.932028715888,2459.414357975846,3181.093364970064,2373.8373705835015,2471.3946323668283,5612.699184945215,2336.9669997772426,4141.23867502074,4343.886065970427,5576.785875433173,4827.330630747605,3673.8607593270413,3497.934630553073,4534.738632316929,3881.832004200433,4642.18006479204,3984.4957345040434,2969.4675807964154,2183.7024109221647,3353.606987101446,1719.3881131427268,4204.514671153359,5498.8437538773005,2614.319984370186,2215.4804864175976,3742.766788889684,1250.6279474456314,1295.2291525728488,1211.149815261206,3794.146424158028,4486.918779777166,4819.327061810727,1055.7703415468136,2762.868760232394,4208.1374454512,2740.552869390837,903.6693453985521,4827.150309220243,3691.648625055899,4516.155822544069,3746.257716105256,3101.979302515596,2669.9884818222254,2986.8923582886528,3110.2213752548655,1510.342030682842,3415.378590358063,4543.835957845014,4194.401737571802],
        [5161.366346552705,4192.01561027993,5125.080290649591,5940.808567089366,4452.5661757578255,3862.4586497178516,3821.2361287029203,1784.4162355851402,3373.641630383481,5262.835807457044,3503.3651320845916,0.0,5535.045978212521,2725.9781045310087,333.50779902844636,1388.5766215883818,4417.134865919107,4287.153097616439,4238.1446630710325,4288.9706335819665,3158.6141229931045,4834.915144426433,1877.2049635210478,5099.058610485872,1465.6801245819652,1134.6966888195423,3692.6592664074774,4888.536494494802,2101.5950711748533,2336.0966867174175,3083.061137252111,4562.426926222328,5131.478673415384,2059.3894108566087,4678.477239457686,2599.664277282985,1320.943406088446,3908.5983978293225,4604.06397322313,4526.669193172163,1335.2965094506433,5450.750764019621,1971.423978255274,4211.485457536472,4983.722174803115,1223.9438635851648,1293.0428155467823,3152.1362571092627,2253.9753233958336,3929.474081892239,4587.2752028298255,5315.504008262047,5226.142993517707,5301.391683143808,4400.090871151794,1236.0734840711327,3276.127535953023,825.6343632000248,4142.807828600615,6232.03314498534,5052.172366898843,3805.7810509466935,2038.850303296527,4482.800348384888,1144.7770788744922,3201.548092746383,1366.1501343480268,2601.805859417746,1105.1416577311156,5669.190926618787,5161.366346552705],
        [1917.2382537962385,1350.3597908406723,1841.5817335409465,2167.09223622939,3416.2392974398285,1879.8148248014238,1725.7296513881952,4958.154412284104,4554.699291991818,2636.1952794808776,3257.6205347445216,5535.045978212521,0.0,3027.8152916567105,5650.124532025858,4669.212912752059,1359.9495035876628,2133.2774052963528,1458.3913936950057,1264.69624284232,3981.689792955552,2163.5771196873784,3657.958911729661,862.3084171058845,4355.272629746696,4577.107496674911,1911.3621338770993,4325.9154453237,3456.49555452237,4585.060984897515,4194.366019063865,4575.03768691502,2894.5508335771447,4308.89117713471,1537.0552621814816,4851.420290318508,5071.569479374731,3827.2736926809175,2243.994478810554,1195.7907207110097,4383.365003015512,280.8641342283413,3687.989525258946,2949.6751480169632,4060.401891837589,4312.480068550186,4455.980069875871,3441.8581919410253,3829.8711395266973,1997.4320258588475,2447.9203512944177,1139.105039411866,2284.7127395688444,2712.3068450023466,2454.260757122998,4327.986284635344,3855.427991459439,4737.5796327650605,2429.509732987439,1854.693948143405,1318.7941303510438,3755.170748175091,4395.883200581946,1363.4507130199975,4391.9901798619885,2718.1779882515043,4384.251681698152,3013.710360030575,4782.213627997546,1915.2799153978403,1917.2382537962385],
        [2446.367090676269,1821.3771481302624,2405.4620330062976,3231.493034759599,2156.3242911940524,1187.438208417478,1355.1666951546574,1945.0527656622119,2104.2919763714026,2645.897646667044,2741.1508450264,2725.9781045310087,3027.8152916567105,0.0,2756.9504467878874,1651.3527547632789,2289.978146062911,2681.326218229203,1600.1425312583465,1937.2509556704085,1493.3634013591197,2144.0036953531785,1061.6085836916388,2861.204445369112,1362.6380995885938,2099.662880911189,1121.2929639096155,2946.845414680424,751.6154243073622,1673.6489387390557,1633.80370987932,2854.3281541352244,2583.4408569807,1311.936988665061,1957.8408193442258,2019.3254473623354,2046.7190137852353,1929.2086465054224,1921.9696528008553,1889.811657049459,1981.593024797214,2880.72055975465,1526.2863321312616,1727.6414475437182,2889.0982047044436,1569.5959542297323,2056.6597687833164,1005.0465925343365,2117.1864354675495,2139.8313528286076,3172.911416952519,2609.885309267636,2549.350892201917,2698.3812838459808,3003.4137341264513,1501.2434938815823,1467.5960454622618,2058.5430137072367,2734.3252918264243,3506.0625747141567,2336.5911296324443,1800.9744763533438,1400.6860581213584,1804.264107617486,1638.1970128553796,490.5685830879563,1416.9627715026581,1257.938939944109,1799.014533247854,2949.9818821353024,2446.367090676269],
        [5162.304234755137,4318.76825377133,5131.07845610248,5933.752365671449,4352.489431637352,3922.3801789821,3926.547810347835,1573.3333439450316,3185.552311565516,5217.915144599186,3772.381918470794,333.50779902844636,5650.124532025858,2756.9504467878874,0.0,1272.4485467121265,4580.972966197759,4504.637996321683,4312.399886055921,4420.0820823122785,3025.4052173726345,4821.677648113766,2005.770751096663,5256.871874695495,1427.8499209738318,1399.4386136662479,3776.7906626111435,4730.711268799533,2194.6291562676643,2158.129787407068,2930.1818251927652,4383.415611722988,5069.0383165731555,1937.953541006165,4714.451464520813,2386.3976957101977,1113.7447658712779,3778.8993512240218,4588.4327121359565,4603.151319823926,1589.659467691342,5550.722357058407,2180.3434628743626,4148.56662311377,4844.319355839823,1355.236835721331,1557.3419395013061,3076.858607396549,2522.075522996591,4121.599908300268,4826.725862368183,5364.909510790747,5203.472202929691,5251.941971397742,4638.15846001486,1322.1612823446999,3152.631152064947,1043.1929068228037,4375.325695428289,6251.086934854049,5093.507163277152,3682.6895674112993,1904.2980499573207,4544.579238640315,1276.4489065587322,3216.0443278621033,1348.8335376826535,2778.9988781425573,1015.4071960750892,5672.80259016405,5162.304234755137],
        [3950.7061824105526,3405.1895628503626,3926.618708990451,4708.319792296723,3081.032716373107,2837.294959584838,2961.9266918486637,601.9104085286427,2018.6619022341706,3960.014238665089,3517.5857150449197,1388.5766215883818,4669.212912752059,1651.3527547632789,1272.4485467121265,0.0,3784.518256536061,3932.957000462323,3251.494740017952,3516.913116686072,1770.1908658491918,3594.4785250425234,1329.628729595511,4418.436051277537,354.6446733024495,1543.528643585472,2757.889529758225,3502.6112242020426,1341.6527420425928,986.9700128443561,1698.1556196171491,3189.8322268666366,3801.896991940849,671.8089714842391,3563.2394298130907,1317.0361194306538,414.0204674717358,2521.1152597266705,3359.915689984855,3541.0349808980454,1606.5284945430158,4530.456953551935,1803.2062495518871,2882.697149527629,3595.2252528835947,972.9355604447933,1636.0871754717305,1808.3141087328813,2389.723327319831,3456.097268823813,4349.271974014315,4231.494518857322,3964.163973313483,3991.098119933383,4161.323750536435,793.5571475166743,1889.868030284696,1201.3267099037414,3882.267615866372,5058.610268975256,3947.636836335281,2420.141809573058,651.1896503928285,3449.2473241452035,950.9865209996965,2054.4309345961306,407.3738891426395,2158.391431905768,290.0064488463679,4461.757810276595,3950.7061824105526],
        [2523.137442996425,593.1362979864821,2438.4865645353802,3086.5131841402826,3542.402341225573,1513.5466837168713,1016.5937213483063,4193.976668578007,4236.643532420161,3182.160455576957,1910.6823586849712,4417.134865919107,1359.9495035876628,2289.978146062911,4580.972966197759,3784.518256536061,0.0,879.8243044536499,1282.6558563384328,505.48949579270015,3612.1624816555595,2566.878013887834,2584.3598218983084,686.4742845087046,3439.2515230798754,3374.4148977117916,1304.393981002027,4497.525375943342,2460.222652336033,3963.2275477490252,3799.258500812921,4613.316111631768,3347.948234461694,3588.804470813293,1861.4151437536407,4299.774218758354,4198.538092475874,3724.2551829702197,2517.014562428179,1276.002612591699,3171.297145358315,1442.972405373627,2476.3557709301763,3004.5279228049358,4298.95650553172,3226.3206767686816,3238.460561586118,3045.0140670142237,2515.9663823964474,637.7675532512143,1333.8332838394754,1967.4070967485247,2868.1567380389147,3262.617526448484,1264.5929590998278,3282.5304509599086,3526.4499497614197,3595.1746162129148,1150.9925007736513,2964.159250771115,1934.9856183426452,3618.92106342936,3677.2043971002054,1467.943572860765,3304.75204606537,2190.5604903331086,3436.5325773798713,1817.4287592470257,3831.634545523873,2772.603349230469,2523.137442996425],
        [3388.122320816978,1387.1588324457318,3304.0615407774058,3966.247655537823,4276.390091049037,2223.154383271374,1678.5854111958654,4425.765016896991,4757.51850436849,4027.553339920231,1184.2273468581202,4287.153097616439,2133.2774052963528,2681.326218229203,4504.637996321683,3932.957000462323,879.8243044536499,0.0,2088.7099378694284,1335.4103406875809,4131.951486754796,3402.533047187713,2622.026512297251,1297.6277585204582,3578.3187418273715,3169.971188444666,1944.7709753927425,5221.5587618279715,2600.605715192363,4311.550154150167,4296.1946989689595,5285.915618734557,4173.34714080908,3885.3394624978996,2711.893600005009,4680.728127031056,4337.657440479526,4366.370620482827,3328.879864375152,2131.6186046425114,2963.3219183335564,2269.51033961518,2324.295463172626,3735.7435114918358,5049.018519692904,3194.9087219040266,3017.2469227844363,3582.2327244309918,2134.8203356874574,549.2609198859623,515.9281819314325,2846.8266878818663,3724.502179671852,4107.355403405651,396.4088988247184,3296.1475224302408,4071.821353050405,3468.2877649810307,297.59399388624973,3834.5775763903953,2810.8440748174726,4251.064365424815,3969.85087016596,2310.427008735399,3266.8304959428283,2730.1883913789165,3544.8763341128733,1783.064182155142,3914.7222680450523,3651.764965489666,3388.122320816978],
        [1366.515353974847,704.6104903851975,1288.4624069139343,2071.1721071878674,2273.189216257851,422.9009885147141,562.3202179013698,3507.5663771805525,3159.1133158098246,1949.1243259807757,2828.0876004018196,4238.1446630710325,1458.3913936950057,1600.1425312583465,4312.399886055921,3251.494740017952,1282.6558563384328,2088.7099378694284,0.0,777.4558018145096,2561.7789982889785,1318.7424134289374,2388.655927742252,1549.3334002054842,2955.7186029668073,3401.328738886939,554.5355086328996,3228.685816318113,2137.462919554607,3126.9484807082245,2769.433885793931,3375.7442735942655,2084.6505878160133,2855.9382625817375,670.5393600497247,3399.385828042276,3644.9240987689514,2525.741559887217,1241.7194585138952,291.4114673134261,3229.2186270825187,1285.880064932848,2575.598467990173,1741.6230527975601,3020.512463574458,3022.105902984492,3306.3097042165446,2006.7051840804213,2913.3234156928615,1624.3267429027794,2585.7850649810102,1125.4701802182128,1666.8685803724936,2027.8491170611505,2485.011835327299,3004.588442199425,2447.067341440635,3484.7885710576743,2304.5448735303007,2148.4743028191456,924.5386464066039,2433.2113247608736,2942.272905227451,291.7157630871541,3099.5668347987435,1260.1840944759463,2999.035035380849,1949.3000805877637,3390.122894527449,1747.3503360120128,1366.515353974847],
        [2054.840113729066,116.45080990914342,1971.2141893262333,2666.738894597645,3039.2732357555265,1027.618266926736,588.8991766780864,3876.69484387851,3790.038514946172,2694.2791665124796,2219.9814456940194,4288.9706335819665,1264.69624284232,1937.2509556704085,4420.0820823122785,3516.913116686072,505.48949579270015,1335.4103406875809,777.4558018145096,0.0,3170.822252964494,2072.8908820617016,2416.536058757539,925.5731574186681,3184.3943647296896,3313.204350403298,863.2094057416839,3994.7653924279334,2240.2138750549893,3592.8007954942686,3365.3568215393525,4119.147842145131,2850.3616101212738,3249.177142842212,1376.6469627365957,3910.5527768878187,3928.29302963725,3239.969887479732,2014.7776857711046,797.0344945736355,3118.8364587892734,1245.9904210528755,2423.295866130866,2502.5107747242505,3793.961943958784,3071.3889874988017,3191.3329149202887,2602.8589346068975,2592.409228542074,936.7295434348159,1819.0620135338156,1574.9491358543482,2389.091919272526,2774.348538870785,1730.585561998854,3100.636718686073,3075.8937944292175,3483.1589858228144,1576.025487029291,2607.977366619111,1494.7245620023596,3137.968966352631,3337.930701646606,976.3350888768722,3150.967850029934,1764.0194572662615,3198.2783335280087,1749.0578408630267,3597.751333514127,2346.0048781837263,2054.840113729066],
        [2642.6533610082674,3057.9706955430947,2650.283725160689,3295.423725781588,1368.8045720517887,2175.273881738391,2598.381523069038,1546.7829539718286,627.3361895523913,2418.07173078733,4224.920543930056,3158.6141229931045,3981.689792955552,1493.3634013591197,3025.4052173726345,1770.1908658491918,3612.1624816555595,4131.951486754796,2561.7789982889785,3170.822252964494,0.0,2247.887683457927,2242.223413279613,4070.4843803599488,1764.750432093851,3048.325656150513,2312.5743062662,1747.7804173574502,1990.818527980052,936.0255487098339,216.62559114552707,1498.1173384173999,2194.809386645952,1099.5509332936579,2530.3198266371123,985.898476297886,1945.4350448009825,753.5178066537886,2031.9563612903444,2792.5227041057924,3016.5688433191976,3761.421941873379,2812.640592510673,1347.2705358546375,1825.125756010086,2403.3425781081655,3075.8429739268795,568.098208440671,3456.933801855178,3583.2928433064526,4635.809707657604,3177.8350002020807,2527.861368933352,2427.7681312773157,4473.234324428886,2242.054879278234,157.80139976822588,2820.455699552629,4210.149246353006,3752.825788497144,2883.6723712321123,662.395045334046,1122.6398054367082,2618.3907514536627,2433.769377254514,1423.640296578475,1887.2584084636867,2721.739456548144,2054.727409854475,3119.7941214461507,2642.6533610082674],
        [395.4906741081941,2015.3944343191633,415.14701309358003,1113.9547784384606,1290.826804804444,1336.4105249487682,1822.8855594941879,3634.1310331098584,2688.8423002569784,632.5312580515696,4113.484526715866,4834.915144426433,2163.5771196873784,2144.0036953531785,4821.677648113766,3594.4785250425234,2566.878013887834,3402.533047187713,1318.7424134289374,2072.8908820617016,2247.887683457927,0.0,3178.9816472246066,2654.8155829348757,3393.877637520757,4230.728490662344,1659.1066609318405,2165.5287715753507,2875.881360027935,3094.979861120323,2458.8577309639845,2446.150263988112,785.5278421370057,3014.6858264917223,715.3379047992759,3229.6601783387932,3917.6058614675303,1829.2900657626822,234.64683713515626,1295.872415467234,4096.044277018184,1888.6857544197394,3538.670209465279,935.2165031256042,1896.848333006712,3712.5679398878688,4172.999927375588,1863.376810833306,4006.2090850404006,2942.1927680350386,3891.9455549272498,1083.8394434204927,412.017136579837,710.1419446361549,3798.888530067274,3634.0503193347636,2093.3086881221348,4201.852131522278,3623.167231491384,1510.5275963598385,846.6701327879515,1796.1896881078223,3083.7654993573024,1098.936163884129,3779.7339574827465,1653.6706289048166,3478.330511984631,3018.885506314592,3814.297105365936,883.6102040001966,395.4906741081941],
        [3453.2031259223677,2317.2998294513236,3403.5855444507692,4239.871620656576,3178.012996085678,2041.3425119123428,1946.2793475088076,1876.5131978890984,2756.106666721306,3702.7252586638897,2215.932028715888,1877.2049635210478,3657.958911729661,1061.6085836916388,2005.770751096663,1329.628729595511,2584.3598218983084,2622.026512297251,2388.655927742252,2416.536058757539,2242.223413279613,3178.9816472246066,0.0,3254.7210378188424,979.8762232722592,1052.86810654615,1835.773237655404,3892.0692837302818,310.06563406937363,1950.6685911585403,2302.7698795617475,3723.4915155130816,3645.045151049247,1477.8521224798412,2891.4406481719184,2346.1131926076123,1723.268121300416,2846.977157955649,2964.4352996315433,2672.193691828669,921.3407288268552,3575.7978303067653,578.1207636625677,2780.364520247366,3875.409193339155,655.1470556455879,997.217708030706,1912.2128029490389,1227.671578368766,2173.753254021371,3023.4519239836427,3494.161166960375,3588.946541985811,3756.9464868273158,2834.831215747725,698.6256655373381,2278.4883763198186,1096.78591156549,2556.4878969191136,4461.572068000742,3248.403504825153,2720.2973811666725,1543.9103703898897,2649.1866879226322,734.7404581185622,1541.9639097130369,929.3630282555977,838.9885079654703,1292.7787222582153,3943.705627586698,3453.2031259223677],
        [2508.448536510704,1041.9925858910353,2424.766616394013,2919.532654596118,3788.6426992833335,1898.317107717027,1513.923147053039,4796.360790283391,4682.631116355958,3218.425613238056,2459.414357975846,5099.058610485872,862.3084171058845,2861.204445369112,5256.871874695495,4418.436051277537,686.4742845087046,1297.6277585204582,1549.3334002054842,925.5731574186681,4070.4843803599488,2654.8155829348757,3254.7210378188424,0.0,4079.202991978443,4060.8716615078433,1781.7281876863965,4737.366271938843,3112.711303918668,4518.20925212488,4270.045334045716,4914.587485529303,3434.427468817782,4172.77605145434,1946.5205828052601,4833.487623947994,4831.625474482447,4075.0542488208193,2665.75245735572,1408.3481080345882,3857.765303845024,1054.9297393283125,3162.732242123351,3270.921617643106,4505.240327900499,3901.635071119927,3924.854202873092,3504.512317707704,3186.7639071401736,1278.3224170676033,1585.7437248724473,1808.376525416645,2876.947661903298,3298.547723394627,1597.5076288074004,3950.9310610203484,3967.473687290683,4278.515740841808,1595.1410898752156,2678.013878755025,1881.558172672263,3982.13545414624,4261.542945671638,1619.020244141742,3980.482547477744,2680.0918169818124,4084.4006553043123,2502.0208210841283,4482.241301335307,2633.639341269472,2508.448536510704],
        [3735.5463409957815,3073.99962723503,3705.5678081454193,4505.92670406245,3000.789113524316,2548.4506796124174,2638.6104948018474,908.4858207547614,2114.572161506686,3800.948353842087,3181.093364970064,1465.6801245819652,4355.272629746696,1362.6380995885938,1427.8499209738318,354.6446733024495,3439.2515230798754,3578.3187418273715,2955.7186029668073,3184.3943647296896,1764.750432093851,3393.877637520757,979.8762232722592,4079.202991978443,0.0,1345.1985875157227,2446.8384029061667,3512.444797850811,988.9557482765238,1135.6226483902694,1735.540262925512,3239.6087962026354,3665.853861379867,707.2012317982035,3306.9978247276676,1509.957287931816,764.1439665995116,2494.5652419744038,3160.7436926650726,3246.725767958377,1369.4753640921754,4226.16569508647,1476.1474336796978,2745.8067763319236,3574.249591650144,717.6157119050587,1411.3970777007346,1690.1331730267113,2083.822573724448,3102.3714418786008,3995.8446886059687,3967.5628178969973,3777.038051239326,3838.0147146458016,3808.1066489426953,534.2042534353878,1862.247838648444,1064.3779872661319,3528.896104488799,4829.445860202804,3689.355146353391,2383.226304703413,731.5912606770122,3166.8048957910473,720.1721686884877,1799.3786343066913,124.7559648457106,1804.6544841713676,436.5358821861825,4246.357567501156,3735.5463409957815],
        [4505.637519334252,3227.6233984326373,4455.326864048446,5292.0879296253925,4147.066621143027,3076.9769883810472,2916.5136998681273,2135.1010340175762,3452.595648502829,4745.54227568307,2373.8373705835015,1134.6966888195423,4577.107496674911,2099.662880911189,1399.4386136662479,1543.528643585472,3374.4148977117916,3169.971188444666,3401.328738886939,3313.204350403298,3048.325656150513,4230.728490662344,1052.86810654615,4060.8716615078433,1345.1985875157227,0.0,2847.1638122826735,4776.544848991604,1355.1615114074702,2478.212147676853,3051.123682401892,4544.25541859762,4674.581411720912,2048.346577291427,3934.0377775221723,2842.389781159989,1771.3862168230223,3734.6972187881015,4014.5496823484823,3676.6328127810793,207.19107727317342,4527.395312047452,898.6467449757504,3789.576048479643,4799.526952747997,646.1958612972393,158.60951516836153,2837.998959085192,1123.213836105807,2844.963541099086,3454.9709870938536,4519.929138852372,4640.073472290413,4797.562735114625,3268.474723322167,818.1172198748376,3121.2490105349093,401.8909103708199,3014.325671093205,5503.682577774475,4283.751556482929,3613.750453391874,2076.746355496413,3672.583363596767,626.6752290532272,2586.9247624625236,1223.3421382118781,1569.251601514415,1314.0538002113456,4994.428916200054,4505.637519334252],
        [1805.3259313752326,748.3325952327702,1736.4161223252083,2556.8902205266545,2337.9179443365215,324.44232098919235,287.8718931145269,3063.8434318894633,2934.9327330231686,2282.783938087439,2471.3946323668283,3692.6592664074774,1911.3621338770993,1121.2929639096155,3776.7906626111435,2757.889529758225,1304.393981002027,1944.7709753927425,554.5355086328996,863.2094057416839,2312.5743062662,1659.1066609318405,1835.773237655404,1781.7281876863965,2446.8384029061667,2847.1638122826735,0.0,3278.1369230692135,1591.109013677557,2743.465116517241,2504.4038668651206,3346.859389668569,2355.937485394925,2422.762314582577,1142.0910017533704,3052.2100133522263,3160.559767729329,2438.0170173922706,1515.2875767861667,836.5332120482378,2676.241661603441,1781.252926618124,2029.3361533291081,1799.122545780135,3114.7182445679605,2473.288152587855,2753.4675660579633,1744.5540284375088,2401.401606281336,1414.195737090807,2460.435031475234,1675.197317447292,2051.4661385066865,2356.107194089965,2327.2142962998864,2462.3670249272786,2223.0850876421764,2932.403958010868,2103.0095851288556,2683.4676891029617,1454.829197000873,2327.9114321468555,2511.0439986337838,829.0157739582867,2551.25150041082,900.8105815431096,2480.9979149073497,1421.5780788948086,2876.849425533531,2238.4184069147113,1805.3259313752326],
        [2470.1652091744727,3904.9967162706316,2530.02156672088,2740.7152308477066,955.716510633386,3003.36463399112,3544.174532170028,3181.5524855652084,1588.0066656030483,1838.1107661202811,5612.699184945215,4888.536494494802,4325.9154453237,2946.845414680424,4730.711268799533,3502.6112242020426,4497.525375943342,5221.5587618279715,3228.685816318113,3994.7653924279334,1747.7804173574502,2165.5287715753507,3892.0692837302818,4737.366271938843,3512.444797850811,4776.544848991604,3278.1369230692135,0.0,3606.959239358064,2575.2425977411226,1805.4865801830472,479.60945089310025,1530.661493133466,2838.85104838425,2815.922747196227,2420.0808090760233,3623.6216685906925,1046.7009348929253,2090.766718388334,3329.2725490188045,4728.350691487126,4053.0384913148882,4434.3636479077995,1493.3658820113958,317.63572436615,4135.968010800988,4791.901086316204,1981.351376882473,5053.9759109635415,4691.59431610403,5736.479825131732,3240.0388024719964,2150.5505562597527,1787.1720007443203,5605.34846862077,3980.9312440137764,1657.6716470240708,4565.218719009303,5377.280860793197,3302.9692026678886,3012.0136120125676,1172.1938704663066,2851.452149006896,3118.4619165467066,4171.194799976936,2627.13876053351,3634.7100673817476,4191.697742067564,3790.7896157939135,2742.1564736557684,2470.1652091744727],
        [3157.1234737000373,2134.827498931379,3109.533900199516,3944.171567355915,2875.2821861242223,1771.7779220064806,1731.9889730621494,1828.7027244790854,2533.1563897401775,3394.296348523983,2336.9669997772426,2101.5950711748533,3456.49555452237,751.6154243073622,2194.6291562676643,1341.6527420425928,2460.222652336033,2600.605715192363,2137.462919554607,2240.2138750549893,1990.818527980052,2875.881360027935,310.06563406937363,3112.711303918668,988.9557482765238,1355.1615114074702,1591.109013677557,3606.959239358064,0.0,1805.5669703276146,2069.818705712139,3455.551527806256,3335.021812482669,1342.2116743890113,2611.146865316498,2198.1713536131197,1753.0945201933398,2564.963870928393,2659.4078115627694,2425.337731215184,1230.4173054322994,3357.0781496405175,829.7841633356,2471.520558175063,3580.9960325695547,885.8548111246893,1305.8530943833443,1625.6697218193372,1467.2514844557697,2114.963444374444,3035.2633837115027,3227.802357053103,3284.9613738476382,3448.026153088182,2850.032060393653,873.8439348447101,2014.5439167556483,1359.8018196571904,2570.2618927094336,4179.574781354905,2974.5375169470963,2437.3860275890866,1418.5127075802545,2387.709396787038,962.6199121517425,1233.6856340419804,976.9098982407118,858.3971263500723,1371.486238380044,3651.4213008626493,3157.1234737000373],
        [3482.252685609014,3476.3507131254573,3477.959110051121,4178.655471612671,2304.6623564437887,2707.483090482959,3004.3108053152773,617.096960780976,1038.5316560621147,3331.5169723645504,4141.23867502074,2336.0966867174175,4585.060984897515,1673.6489387390557,2158.129787407068,986.9700128443561,3963.2275477490252,4311.550154150167,3126.9484807082245,3592.8007954942686,936.0255487098339,3094.979861120323,1950.6685911585403,4518.20925212488,1135.6226483902694,2478.212147676853,2743.465116517241,2575.2425977411226,1805.5669703276146,0.0,793.3030563781929,2228.041768859545,3121.7653626903666,473.07001657979436,3253.830402325908,395.47283438136554,1048.3869768291624,1669.0519461514762,2867.013633542683,3394.382958342159,2503.9924314090754,4397.133413204155,2515.398477307975,2244.363232910352,2705.0288783618694,1852.3147992405486,2546.96986073355,1238.3027208534497,3155.2541427577166,3783.6583815333333,4781.819784511054,3925.4381169289036,3411.109973399422,3346.5868403388317,4602.939317030731,1669.603158673671,1086.7010392651441,2169.6244846482614,4325.731847743895,4604.7008664038285,3629.6389605594763,1591.7657434034888,415.33058415269795,3252.7322927617233,1855.330536903515,1870.3075156738857,1255.417645515071,2655.8019079797714,1273.3311149545202,3978.0095223710177,3482.252685609014],
