{
    "drone_dist": [
        [0.0,2657.974186385297,1200.173272431693,1425.8270594586954,2890.2756921902987,2044.3120630394594,2362.0174884420535,1085.4835083687794,2788.5099326755026,2531.8279484815316,2866.192728411083,2567.9530374029673,2210.9192673040166,1178.3993467915418,1450.6657311882461,1972.9152115093887,3563.214168716248,910.002574959938,1791.975563484547,437.89919988304644,2026.3022367332346,1874.8344494261312,975.5931669823772,2697.7155683620467,3280.8005170236706,2496.7368356678785,2393.6690142844172,2466.525092262214,2523.261578457428,1742.3979605234229,2994.6828861431504,3009.1039102579593,1471.352903429573,3696.9455857942653,879.9083097740786,1833.0285000808663,1998.3468996724241,1510.6002046077165,1914.7325452544949,466.9748562096535,3034.84519661016,3344.1967259428475,1247.3026361356658,1819.1217435096614,2595.1251217393774,2940.0226130942833,1927.6882235786366,1023.8664644506392,796.1484106501258,2416.215672130667,1153.3035247850307,526.4513503823339,790.5759897770703,3333.1175596662015,2449.704500717366,4126.052413448518,1779.0574182990417,3248.232071201533,653.3061409010571,1666.4970601324453,0.0],
        [2657.974186385297,0.0,1919.7681366170195,1294.2679962831774,849.9393306758658,1941.3645246833541,2119.8414436320018,1900.8320030417449,391.68420715100524,1745.353158409632,3348.333017974818,3673.4008514789407,4461.097178075978,1548.3501609485375,2550.056773773298,892.6539543089136,1959.599149742191,3484.5541606676247,1424.561099829375,2964.404403958156,808.4522736481266,4452.902228553745,3269.835852044975,313.04073038690854,1406.661871244078,161.26732052450828,1644.7540128677097,3899.2202121728747,2180.4546546016286,4369.088879869739,802.7303865954818,1012.2475459179022,1649.3048800208362,4615.44604755427,2536.726479753976,1639.7736624449574,4532.624958226743,4165.0250690091825,4049.2355754142814,2847.932416114138,506.24048738384704,3022.9601681932086,3377.260579320645,4013.37485589003,606.8333636521859,560.9867045082777,2685.598139532733,1773.3227712161124,3441.1315165487927,495.1757067250021,1861.9931747199612,2364.0622717439796,1944.7984527113888,2850.3632138418457,1825.5947743535037,2296.456503056069,1909.816034904618,1073.3620633665935,2202.422000731103,3687.461724813643,2657.974186385297],
        [1200.173272431693,1919.7681366170195,0.0,1181.2874499281172,1858.7490187658827,2324.55980191013,2658.07977385579,1434.678312850168,2190.8484419765077,2609.681388510383,1980.7868855689223,1984.9253812036943,2545.2592861894395,537.9372024497944,2185.431855339733,1623.7032254731444,2381.1732654732527,1741.8045393480775,654.0702048243019,1634.9968039632508,1627.1485049561181,2647.872731107691,2149.235787408405,1835.2147693713987,2155.1278692107367,1775.2446065235756,1197.7080258227575,2096.178719350278,2805.996474079411,2623.0305450192855,1988.2332440197918,1944.2072055392262,1633.3428385055336,3080.639060706358,1748.0773663266318,639.261078188632,3175.5604004441784,2579.7586161038216,2130.079349939192,1622.731492065141,2149.3073118822213,2236.0692295122703,2393.0106231368777,2097.9097883558584,2127.2877610512423,2008.5047900238935,1047.4548471449143,1204.7535408478439,1797.5324703689175,1899.0852245676867,102.2980349707842,1328.50200151077,1090.9585119885146,2191.9392862610125,2584.785119571614,2951.528615009283,2090.260437400093,2198.882472294253,1278.1344016689322,1767.6938036668398,1200.173272431693],
        [1425.8270594586954,1294.2679962831774,1181.2874499281172,0.0,1775.7282152170267,1195.2687964237416,1514.3601879081384,636.4144777326784,1369.429383048479,1428.528613075078,3115.331155836088,3165.892180880118,3469.4196153991193,643.5415820746256,1396.7241506174635,552.6699816608478,2734.9617761438726,2311.7939288756656,1195.7569606610223,1684.8299382410898,600.9460813409127,3287.8327717663246,1976.7736666544497,1417.0130751881056,2293.6021837327626,1136.8975347265234,1817.8362539138532,3256.1896055792135,1652.4548953936762,3167.5933950064223,1832.9951478833339,1932.0547183588124,554.3725226138461,4258.311892919031,1258.9979954443158,1404.4616236386087,3238.9306299654436,2905.6997777486745,3097.359333251321,1559.4151891475758,1742.494713028009,3176.262152408884,2097.256396955022,3033.096184444104,1170.4060098465625,1698.0090069939065,2217.567164139778,479.46390917558324,2221.974170064423,992.2943622343413,1081.8619066054953,1073.427323648449,661.237806383963,3073.744034851382,1407.6344263768997,3224.4755684176776,1001.3162354401343,2121.460591312725,909.6673325993721,2766.6444637837576,1425.8270594586954],
        [2890.2756921902987,849.9393306758658,1858.7490187658827,1775.7282152170267,0.0,2694.5473184019957,2913.092227467018,2410.1859132677655,1220.6150355234327,2572.197778942918,2771.077308948713,3231.9753730977372,4331.538643707403,1713.273359703377,3159.1693629768115,1582.2052019107,1111.3262427208158,3587.173489313521,1214.4267246273669,3270.201713354714,1503.1260440570059,4506.618289473249,3673.8888158222417,537.6925712672787,568.7389446055223,887.6086033114135,1062.874496883434,3530.8496202264564,2990.050810566779,4475.2964083621555,150.92600541669788,170.0371263976345,2263.583671406387,4047.4580602135607,3013.8114227353703,1337.1194989873331,4871.407377076408,4378.985289014261,3902.508514499875,3189.863851791839,543.0553062160045,2284.4862641023346,3836.060764564891,3892.980902951837,1455.2576340232897,359.9315551829463,2304.50282246256,2222.4709681890417,3608.5393963002225,1311.0852312546228,1844.2324709760903,2738.5043989190194,2324.911444546152,2093.0849176564675,2641.2479402201247,1493.991596323587,2612.7913623534696,359.3305029807247,2597.912843199555,3534.3045864128767,2890.2756921902987],
        [2044.3120630394594,1941.3645246833541,2324.55980191013,1195.2687964237416,2694.5473184019957,0.0,337.72076137392213,992.6695731290006,1750.691470649799,567.7132706562396,4294.081461519801,4278.623283652564,4255.098441388506,1805.0396545112892,912.8574005212772,1115.5913673004272,3765.854945530599,2923.3748367586168,2385.3160626220715,2049.8979100223833,1192.2437067430353,3828.927509623114,2016.4080073769012,2201.770217153325,3258.8924238603818,1839.098221791114,2983.2928534910225,4310.436333449889,494.9660712997135,3635.855261804678,2698.6012272404787,2864.176087071905,692.3944160216205,5395.853304701687,1311.3767441755735,2598.9158646288997,3243.8021061703075,3210.8219822538153,3945.0593259875955,1878.4816484229445,2446.4016274369637,4366.43372320291,1961.9516357086168,3856.046040586372,1431.7839617735306,2487.3407711760283,3371.977870961674,1165.4775107698247,2736.469279273792,1450.0123558599475,2222.2759867130803,1520.2136924580454,1368.6961697326171,4256.626027793506,448.37585881364214,4188.400977151329,266.1307894986201,2987.813274845796,1396.3316976258984,3663.6806845256597,2044.3120630394594],
        [2362.0174884420535,2119.8414436320018,2658.07977385579,1514.3601879081384,2913.092227467018,337.72076137392213,0.0,1326.1321701654686,1878.010245891274,471.4369036610141,4623.136559367122,4615.811914075891,4572.183954691604,2134.788397542012,1119.7764224994721,1361.1922562145746,4003.632493025799,3228.1995885358087,2693.893147370775,2338.526897725911,1429.9589890331645,4115.797038692157,2251.7865085130434,2400.539960230247,3481.3511053584807,2036.2171170575073,3275.7911924013797,4647.861460914686,161.3961439130019,3913.0850486046056,2902.959747510726,3083.095722785387,1028.4801564473253,5731.947307251904,1589.7257461901554,2912.4304756795173,3436.9360387981233,3465.613312707495,4269.622811939849,2166.24652131561,2616.3140443033913,4672.013645644756,2161.89978024301,4178.491621260773,1561.2218342231704,2677.5531133174677,3705.486905420257,1503.0722487259054,3031.1851021437446,1625.0405981171762,2555.8571981230693,1835.8587393068815,1704.2354883671333,4555.951555584218,342.5241304367951,4401.232776282177,597.2859927510137,3186.432361875167,1719.867841602491,3993.313983500233,2362.0174884420535],
        [1085.4835083687794,1900.8320030417449,1434.678312850168,636.4144777326784,2410.1859132677655,992.6695731290006,1326.1321701654686,0.0,1911.1392839478365,1448.2472817669052,3411.6089798918374,3323.4859739360477,3283.475000644676,986.3534048276981,803.2843927353433,1052.3792724098043,3340.5076466454866,1990.5523521353653,1688.0498840287182,1201.8118097806223,1127.177961544158,2937.5384877696247,1386.9863756232571,2047.6852346507626,2919.262278668251,1748.9967191214118,2343.4710984873323,3330.4502423783224,1486.1465942659945,2775.754946997741,2469.3633922833187,2564.5787978651883,391.4020042624534,4452.038283528409,636.3178911716066,1856.7582454742048,2667.3663124820832,2431.867049078649,2960.0651790169786,1047.458459996412,2367.8536887063024,3619.0669807297545,1476.5074358541726,2874.759423139317,1656.5706096110362,2331.5559492127963,2463.0041170908967,238.4650275210984,1838.668980581471,1528.6679325870612,1335.157839265833,590.9811736576945,381.8485101414582,3542.8365251070322,1371.589684247567,3845.108063981255,728.8687815636176,2757.4645103140347,435.87076205031474,2672.398186758176,1085.4835083687794],
        [2788.5099326755026,391.68420715100524,2190.8484419765077,1369.429383048479,1220.6150355234327,1750.691470649799,1878.010245891274,1911.1392839478365,0.0,1462.0944310615325,3721.087957783856,4017.0090559345012,4706.935258233822,1759.7734519881108,2466.001110864995,858.8620800319095,2319.42669258408,3653.6324211182095,1758.3990017130172,3051.24808185728,786.7782321914879,4629.428603308841,3298.1107443429446,694.6848830118018,1759.9609463337626,459.3162846388242,2029.5233093326078,4223.103890093772,1915.8966010440686,4524.628081708356,1151.9638129385314,1375.3502878050006,1599.5694241374758,4982.463111405013,2541.071306321573,1983.8859718773676,4577.245725589269,4275.082116491457,4304.816721544324,2919.2576948662036,779.2739747757373,3414.2680915771384,3372.3028696484353,4260.2879752447725,319.4830967466,895.3893898479995,3024.3145688194586,1828.6758732584335,3583.1257887613815,383.2065352967287,2121.6478321030286,2433.281283780264,2029.624214727175,3242.0470167561243,1559.2682000648,2615.8642860602968,1770.4454834661444,1397.3809849573934,2266.5386360910343,3949.142413263838,2788.5099326755026],
        [2531.8279484815316,1745.353158409632,2609.681388510383,1428.528613075078,2572.197778942918,567.7132706562396,471.4369036610141,1448.2472817669052,1462.0944310615325,0.0,4523.694957190956,4593.677637175376,4730.55401320511,2072.066723912269,1479.6616456254426,1112.4396942240185,3678.9585260475164,3430.266549320373,2531.0191736391776,2583.824103609883,1162.6723090513055,4357.50425538024,2580.9157228507606,2043.0326539506468,3139.657954439568,1684.6697752668579,3059.765816929637,4669.967122836814,461.8568782542912,4174.612258891696,2544.708095289161,2740.685196184547,1076.750016764783,5685.702915156498,1860.4817426649508,2761.9152651586833,3811.3558524901164,3765.9693737729413,4398.826842463854,2414.539407696104,2225.1800908598298,4479.074660913235,2529.5101321675493,4317.421030046538,1155.500578044822,2306.179717396972,3643.723153453493,1566.2697195247838,3259.320915521841,1261.6789789539175,2509.8551886263554,2019.8539372659438,1794.3186164545466,4346.178261989287,133.61860015508833,4041.6770081584355,792.3859073609982,2818.67409040263,1878.7442500167301,4097.623315943154,2531.8279484815316],
        [2866.192728411083,3348.333017974818,1980.7868855689223,3115.331155836088,2771.077308948713,4294.081461519801,4623.136559367122,3411.6089798918374,3721.087957783856,4523.694957190956,0.0,759.5340302707841,2528.7928786331663,2489.0446840284803,4131.733299804379,3447.356940832085,2379.732717652891,2804.271721534256,2023.9348019026463,3266.472677227784,3422.263129525553,3245.487952786288,3814.997118975166,3109.006010735761,2617.730319493645,3262.4616093541176,1726.808005196892,1197.2486102549806,4765.801717108935,3393.203644138139,2918.052466182711,2724.349603085064,3607.198477746379,1277.659359105312,3636.1604838534827,1786.153282511427,4461.870007665838,3676.453727585961,2173.687992814871,3332.192928007585,3289.549806467256,954.709282114801,4101.928993066311,2254.406640753643,3788.808237624178,3101.5212078188197,959.7023301617796,3184.6711708059543,3023.524601310584,3560.3765512756063,2082.278091553827,3202.2250281729707,3053.270923749688,1125.3042712039344,4517.107993639752,2847.302055823737,4067.117922165947,2935.0838982406426,3197.675979895328,1932.7514645207973,2866.192728411083],
        [2567.9530374029673,3673.4008514789407,1984.9253812036943,3165.892180880118,3231.9753730977372,4278.623283652564,4615.811914075891,3323.4859739360477,4017.0090559345012,4593.677637175376,759.5340302707841,0.0,1792.0665931481913,2522.8424963331936,3957.022820409411,3588.895817770114,3031.659409623878,2288.7817888760856,2258.84649320854,2915.13167653963,3581.3769434798683,2574.7387793545468,3445.2343667318396,3478.731917916545,3184.7046928695913,3562.0563809857363,2171.462667868024,438.0176142580505,4768.78288335799,2752.0633483350803,3382.8211940367637,3218.4386990861567,3587.80198052875,1136.0801292342635,3415.0546450741717,2034.6785456680755,3913.750997279246,3104.0532951888827,1468.871079238747,3013.8054745716145,3710.214695143855,1709.8765611663757,3741.087755006813,1564.4070872847547,4026.7099007400025,3528.2711846991174,994.2338662262334,3119.5278375156786,2537.7081807037266,3793.7628084947023,2084.0369257085736,2993.0531916976047,2944.1665188360716,1867.8598431045564,4565.047195343539,3536.715725547344,4030.209828510681,3452.9337214152274,3028.0505626791746,1290.0262371498527,2567.9530374029673],
        [2210.9192673040166,4461.097178075978,2545.2592861894395,3469.4196153991193,4331.538643707403,4255.098441388506,4572.183954691604,3283.475000644676,4706.935258233822,4730.55401320511,2528.7928786331663,1792.0665931481913,0.0,2949.92286113597,3595.330923365024,4011.1829955337266,4500.330218279718,1381.735815846683,3133.121774033763,2300.6604296910123,4041.881482376771,961.5602438562029,2656.587305734346,4377.395503076461,4484.279040711647,4312.528472271279,3397.3803897450534,1371.4051712549533,4733.276442949398,1223.4780169477688,4473.756253395826,4380.696428537674,3656.7701652515407,2489.5321727746687,3030.877906053418,2994.8877335270276,2544.5230593584492,1758.226652535219,431.15532368923516,2464.664302666682,4683.502395421042,3441.2927554396865,2926.45416292916,447.722416774238,4594.359374032148,4531.715634286465,2173.7870270327567,3176.965805496687,1631.2204902248757,4379.939347817121,2599.125453518036,2736.4529928248458,2942.654253319583,3565.0461054737875,4654.645112021196,5058.5996537066685,3989.6138247363256,4637.9067345163385,2860.517868259469,797.7416511244078,2210.9192673040166],
        [1178.3993467915418,1548.3501609485375,537.9372024497944,643.5415820746256,1713.273359703377,1805.0396545112892,2134.788397542012,986.3534048276981,1759.7734519881108,2072.066723912269,2489.0446840284803,2522.8424963331936,2949.92286113597,0.0,1780.5844452241793,1104.9945605307007,2469.37921869796,1943.1539103222713,724.3416330269499,1560.5769364787413,1118.3589499496684,2906.2911997377987,1997.6707185798393,1540.3923137836814,2129.317456794674,1391.203654262263,1383.8177589329975,2623.981993833956,2279.4483300329994,2832.5432948489392,1816.2837255380475,1836.694353991238,1120.3013420550622,3615.720531707087,1437.6608638979403,872.5007164086293,3160.6895494708365,2679.1324096626986,2554.2859698052057,1492.2488731643907,1875.0636621038336,2633.820838195397,2195.521143900405,2504.4503346926153,1650.3322683510823,1768.6895048171755,1576.7701822584363,747.8925245759548,1923.5074586600958,1431.40922590824,439.4503895285895,1077.7918073325004,717.0632600719284,2556.668221526005,2049.0964438797287,3011.7454423223007,1581.8291213762652,2071.9377910472413,969.1062433091428,2205.858998037085,1178.3993467915418],
        [1450.6657311882461,2550.056773773298,2185.431855339733,1396.7241506174635,3159.1693629768115,912.8574005212772,1119.7764224994721,803.2843927353433,2466.001110864995,1479.6616456254426,4131.733299804379,3957.022820409411,3595.330923365024,1780.5844452241793,0.0,1657.5996121264482,4129.360461607652,2217.7710816611643,2490.2562244217015,1298.9082969615913,1741.6566204165301,3044.167312986604,1133.9134153959967,2746.6599160499704,3688.3284916606412,2413.5469991193304,3146.5810182306973,3899.7236575952693,1263.1147507386934,2825.3286778922757,3202.589385944709,3319.869887933075,905.6150205691151,5093.099250567386,573.3471558207243,2653.079534018286,2332.3101842127867,2354.473655783362,3342.2061381636076,1131.46323233881,3045.1997853340304,4403.036612790873,1050.864152712533,3237.855651246863,2166.007483785988,3037.486277774512,3172.7670411334566,1037.7991770089664,1990.888337306962,2106.2359156364632,2091.0434038191775,966.2363859555663,1095.3568557396134,4334.828310094399,1355.738513719982,4620.707914291888,741.4008008964493,3494.986489538195,936.9391665867458,3114.3821291836257,1450.6657311882461],
        [1972.9152115093887,892.6539543089136,1623.7032254731444,552.6699816608478,1582.2052019107,1115.5913673004272,1361.1922562145746,1052.3792724098043,858.8620800319095,1112.4396942240185,3447.356940832085,3588.895817770114,4011.1829955337266,1104.9945605307007,1657.5996121264482,0.0,2651.1984454092553,2863.8376205795303,1432.2017847902641,2205.090792838527,84.44527806553467,3839.462199995781,2439.2944294246045,1110.2411116761841,2144.3190897782906,760.989502391388,1947.8514413069452,3719.8796468276028,1461.8351048741133,3715.2931375486464,1595.396742851,1751.268369654325,760.4568645999298,4645.9987427768965,1683.978701669848,1667.3588305955516,3718.523676740281,3435.2193412527126,3631.634902155858,2067.6080982253407,1391.6026690924891,3366.7091727374086,2518.6417195644517,3571.765074890688,623.8945941582292,1401.3497041479663,2609.6781218695105,979.2593550375392,2768.5029616477236,476.3235395284153,1533.0442261196315,1583.4701453460534,1192.8141300474404,3234.3669302465073,1141.1446744820228,3075.9705385362117,1036.4763260087377,1887.56684731134,1415.9912997061135,3293.4410237000307,1972.9152115093887],
        [3563.214168716248,1959.599149742191,2381.1732654732527,2734.9617761438726,1111.3262427208158,3765.854945530599,4003.632493025799,3340.5076466454866,2319.42669258408,3678.9585260475164,2379.732717652891,3031.659409623878,4500.330218279718,2469.37921869796,4129.360461607652,2651.1984454092553,0.0,4078.3989529541204,1775.4312511741716,3985.8472773033914,2577.300910844893,4892.348953629288,4459.763289498487,1648.5616483715355,561.6206034481354,1996.5856734244576,1194.2255888659233,3419.2359324903355,4088.3459632027434,4922.927207768969,1167.7043858152372,947.4105434434617,3267.393134247429,3569.1945672004567,3889.6139605412654,1742.5423433498095,5554.410242804447,4949.110982569236,4074.8999413119623,3942.9748375482905,1569.9717726388826,1589.8715060321497,4664.851546687715,4099.9911430073325,2565.955527442185,1425.7692815994526,2327.019511727015,3124.155395227531,4167.6489998994275,2420.087856205148,2413.46949733662,3547.170801097743,3168.899597690837,1372.4509813269387,3743.4990971061898,576.6771497847363,3657.3538162872906,956.4073363738249,3432.992710157747,3725.3027008050653,3563.214168716248],
        [910.002574959938,3484.5541606676247,1741.8045393480775,2311.7939288756656,3587.173489313521,2923.3748367586168,3228.1995885358087,1990.5523521353653,3653.6324211182095,3430.266549320373,2804.271721534256,2288.7817888760856,1381.735815846683,1943.1539103222713,2217.7710816611643,2863.8376205795303,4078.3989529541204,0.0,2395.6129799096934,919.9697134227616,2911.6600756800462,976.7307564346034,1304.7658932933657,3481.0680648425123,3894.5346510691766,3325.032468974662,2884.9689390619965,2043.1975814192378,3387.9612258890375,891.5738439128562,3709.0158428164277,3681.847795042742,2379.1129855331783,3333.0858385508936,1659.7351656335504,2354.773070425332,1658.6109827306896,903.6951611535276,1186.0934879190086,1086.3636218254449,3813.4077856374474,3500.4800097309344,1590.8805675888198,1067.1619056746047,3480.9910623015817,3695.8386207744375,2011.2833376426504,1932.4134425419716,272.7510965175382,3290.8742584534903,1744.511437191528,1410.4777604393278,1697.4630066568961,3545.7189244286615,3342.4438424074374,4654.683942444184,2661.5598780171567,3934.2352168718458,1555.0533527558437,1078.422615503218,910.002574959938],
        [1791.975563484547,1424.561099829375,654.0702048243019,1195.7569606610223,1214.4267246273669,2385.3160626220715,2693.893147370775,1688.0498840287182,1758.3990017130172,2531.0191736391776,2023.9348019026463,2258.84649320854,3133.121774033763,724.3416330269499,2490.2562244217015,1432.2017847902641,1775.4312511741716,2395.6129799096934,0.0,2210.951894974116,1401.619672104654,3297.0343023416,2687.702596525232,1270.7942882199911,1506.0981081299171,1305.3385111006182,659.946137739882,2474.704139212341,2822.3462207649172,3276.8621083314056,1349.7711822616811,1292.0316429825273,1743.6497309597405,3252.9433599708077,2161.4182698557547,237.8204278662512,3788.763839254323,3224.1285507527364,2707.3987494491876,2168.4582715258875,1557.375910509742,1981.3608909309246,2902.285156286918,2690.4070135439747,1780.3649213266513,1399.6128595832704,1265.9423414547077,1452.4766529937272,2443.474789734997,1548.6192311550094,658.9528888600124,1789.2111342772437,1441.3975288763004,1878.9578159325242,2539.9662119338086,2334.457836930557,2196.8515382384626,1547.9418174566854,1690.4877053661532,2339.293810387954,1791.975563484547],
        [437.89919988304644,2964.404403958156,1634.9968039632508,1684.8299382410898,3270.201713354714,2049.8979100223833,2338.526897725911,1201.8118097806223,3051.24808185728,2583.824103609883,3266.472677227784,2915.13167653963,2300.6604296910123,1560.5769364787413,1298.9082969615913,2205.090792838527,3985.8472773033914,919.9697134227616,2210.951894974116,0.0,2269.0095638781395,1779.1915235735983,549.8076195177146,3036.2805676801786,3684.5617005683084,2803.8710480285295,2824.345903776203,2767.637442502445,2495.902950239312,1591.0420142555379,3366.51119016012,3396.9265081726,1588.6721738071271,4029.293953592837,751.2935728012502,2263.9144912753063,1601.2113715995524,1233.3886494307026,2072.0663721631854,172.3082836745081,3372.7894216913614,3775.8510539616404,836.0508751754468,1961.154354201422,2826.8413111836476,3292.2289304923524,2342.328954228369,1225.8315722343941,695.8331699242116,2670.3264272353194,1583.8226577372254,623.0422138763665,1023.8297226915756,3768.4720113447606,2484.7220040634047,4544.650536612049,1796.4931016198502,3629.4544742912253,790.4825484338461,1886.2000205120928,437.89919988304644],
        [2026.3022367332346,808.4522736481266,1627.1485049561181,600.9460813409127,1503.1260440570059,1192.2437067430353,1429.9589890331645,1127.177961544158,786.7782321914879,1162.6723090513055,3422.263129525553,3581.3769434798683,4041.881482376771,1118.3589499496684,1741.6566204165301,84.44527806553467,2577.300910844893,2911.6600756800462,1401.619672104654,2269.0095638781395,0.0,3888.0390894103007,2513.3424219960843,1026.8805203719994,2066.66321816874,676.6230708899716,1898.2532066765402,3721.9839386758395,1525.9910999373717,3768.3800349031458,1513.8155644881656,1672.4962081654114,843.2548877650781,4629.725416202642,1760.6498246944695,1638.295106001595,3791.126210256498,3497.0727456630384,3658.173485773358,2134.137700046632,1307.158316534237,3320.2139048442673,2596.8111219624475,3600.774372812683,569.5418209106999,1317.7778127154431,2597.802347936532,1043.9687394052207,2822.4112736525285,403.60581682754906,1539.1462368172515,1648.8445156821626,1251.9931781238124,3184.2538423253154,1198.6780239570112,2997.108053551918,1119.1762544706573,1805.638437839935,1481.6725953667628,3316.6754311980812,2026.3022367332346],
        [1874.8344494261312,4452.902228553745,2647.872731107691,3287.8327717663246,4506.618289473249,3828.927509623114,4115.797038692157,2937.5384877696247,4629.428603308841,4357.50425538024,3245.487952786288,2574.7387793545468,961.5602438562029,2906.2911997377987,3044.167312986604,3839.462199995781,4892.348953629288,976.7307564346034,3297.0343023416,1779.1915235735983,3888.0390894103007,0.0,1970.7093094170577,4436.20759591209,4768.651771329373,4294.226371616936,3716.208613456528,2202.0884710629252,4272.056260320281,282.0883360837058,4635.063248021632,4588.941559203289,3328.7535494035424,3412.494675107908,2526.104561990037,3221.951933763731,1598.7087157678384,860.8802110487627,1118.049940588606,1951.0098615599186,4765.136137978456,4080.271663683953,2197.6040052600756,1012.1268631184906,4457.461102689114,4639.471533207205,2653.5631476657236,2898.2051950110726,1099.806067941781,4267.535058190078,2666.8021821316747,2348.0069793932316,2665.403624545207,4167.333451734746,4261.592269987524,5467.311895987236,3574.0317811929112,4844.951020186828,2502.6654973632794,1313.3612983600951,1874.8344494261312],
        [975.5931669823772,3269.835852044975,2149.235787408405,1976.7736666544497,3673.8888158222417,2016.4080073769012,2251.7865085130434,1386.9863756232571,3298.1107443429446,2580.9157228507606,3814.997118975166,3445.2343667318396,2656.587305734346,1997.6707185798393,1133.9134153959967,2439.2944294246045,4459.763289498487,1304.7658932933657,2687.702596525232,549.8076195177146,2513.3424219960843,1970.7093094170577,0.0,3383.55318284191,4123.662559171221,3113.418167721603,3321.1172945845055,3273.8901087755157,2396.9108089219867,1729.0365567130245,3757.069528656482,3811.698498884476,1727.882722243372,4548.44057700147,767.3786983367801,2763.970547500626,1282.8630791205694,1225.7116776950609,2490.85759805136,526.5143131778397,3714.5153514556287,4319.7840298407145,296.8615845232346,2371.5528086540317,3039.595875521677,3655.049092120134,2892.049771095367,1497.3260087497479,1036.1626839180128,2915.5092584896615,2088.4949409545966,935.3882254211205,1352.8507009817731,4307.301554138849,2464.783629369886,5008.304493971028,1796.6192138367528,4032.014397623436,1081.4062148094185,2353.926713955037,975.5931669823772],
        [2697.7155683620467,313.04073038690854,1835.2147693713987,1417.0130751881056,537.6925712672787,2201.770217153325,2400.539960230247,2047.6852346507626,694.6848830118018,2043.0326539506468,3109.006010735761,3478.731917916545,4377.395503076461,1540.3923137836814,2746.6599160499704,1110.2411116761841,1648.5616483715355,3481.0680648425123,1270.7942882199911,3036.2805676801786,1026.8805203719994,4436.20759591209,3383.55318284191,0.0,1098.9480323089963,364.4867445027715,1387.4512356795587,3729.8724215138013,2469.5151047475574,4371.719864973268,503.06756921203134,702.0044603761954,1841.0968642653816,4383.117630202011,2675.938609752934,1463.7860045683283,4625.620674238539,4207.875175653896,3957.4791604695733,2933.472681008904,337.24306584475954,2735.5883532679713,3514.022502165816,3930.855876175498,917.5783106070692,291.6853269073971,2503.5212545335144,1891.6238634631316,3462.099804345521,782.0276973222587,1791.9988521747537,2458.389866398392,2035.946536293136,2557.5702009437678,2117.3212603828347,2002.2852676769865,2145.831651099449,787.0040340094437,2303.698577218848,3591.3800126503315,2697.7155683620467],
        [3280.8005170236706,1406.661871244078,2155.1278692107367,2293.6021837327626,568.7389446055223,3258.8924238603818,3481.3511053584807,2919.262278668251,1759.9609463337626,3139.657954439568,2617.730319493645,3184.7046928695913,4484.279040711647,2129.317456794674,3688.3284916606412,2144.3190897782906,561.6206034481354,3894.5346510691766,1506.0981081299171,3684.5617005683084,2066.66321816874,4768.651771329373,4123.662559171221,1098.9480323089963,0.0,1455.0950241793262,1087.333253668678,3533.1850443804224,3558.787382062803,4767.550682244661,608.1572088292439,399.21975508210113,2803.561291337703,3866.9166520280255,3501.5510437865,1547.3661402474745,5278.324903746841,4730.2120644167535,4053.3400861892287,3621.554747798154,1008.9063851744381,1966.1267872778906,4306.140688004804,4061.1685575424476,2013.4543632038553,865.1151944226278,2351.4668809941495,2717.207002653048,3949.4871628867054,1878.046103763116,2165.039538259352,3193.3782091453963,2793.2216327032656,1756.180723245906,3209.773205054866,936.0293411760516,3168.9554053881334,406.25126315818403,3064.2376060009024,3690.6532415763436,3280.8005170236706],
        [2496.7368356678785,161.26732052450828,1775.2446065235756,1136.8975347265234,887.6086033114135,1839.098221791114,2036.2171170575073,1748.9967191214118,459.3162846388242,1684.6697752668579,3262.4616093541176,3562.0563809857363,4312.528472271279,1391.203654262263,2413.5469991193304,760.989502391388,1996.5856734244576,3325.032468974662,1305.3385111006182,2803.8710480285295,676.6230708899716,4294.226371616936,3113.418167721603,364.4867445027715,1455.0950241793262,0.0,1579.5293555220464,3776.6101650796318,2106.6657655850495,4208.930822081344,866.8187352736146,1056.033559568077,1509.6492387980163,4523.151072082745,2384.1070405630994,1527.6533523480655,4374.090173808281,4003.770688495951,3902.7033397840655,2688.255209299959,631.713117453824,2979.447649521941,3224.7438389706804,3864.8528309021685,590.1839242897448,648.4323854412789,2570.731658089884,1616.2985475278047,3280.233128794527,423.60532909222394,1714.3397737741939,2204.8896129960713,1785.0489295557213,2814.1845036898408,1755.6448701954055,2365.7448851875224,1791.0544864199219,1151.3499088480867,2043.8155093657128,3542.249308811356,2496.7368356678785],
        [2393.6690142844172,1644.7540128677097,1197.7080258227575,1817.8362539138532,1062.874496883434,2983.2928534910225,3275.7911924013797,2343.4710984873323,2029.5233093326078,3059.765816929637,1726.808005196892,2171.462667868024,3397.3803897450534,1383.8177589329975,3146.5810182306973,1947.8514413069452,1194.2255888659233,2884.9689390619965,659.946137739882,2824.345903776203,1898.2532066765402,3716.208613456528,3321.1172945845055,1387.4512356795587,1087.333253668678,1579.5293555220464,0.0,2484.86974367047,3393.182756407553,3735.7285988793046,1213.289164813117,1049.1999459506228,2371.941379531388,3003.9791292128193,2819.541517671902,560.6511693551056,4372.695077542647,3755.3073075979855,2966.5814760427024,2796.9830454767707,1565.2322881058626,1425.0541911334758,3546.308647527097,2976.4106471399277,2145.2351246884623,1378.1236874924084,1275.1915093344537,2109.449075121964,2974.2709464972504,1930.571983095267,1240.7294228610733,2439.6745014389194,2100.8003619613755,1286.5159730436633,3086.842831400112,1769.9473444343948,2814.422867510768,1291.3116403567128,2346.9844418890384,2604.8457951537243,2393.6690142844172],
        [2466.525092262214,3899.2202121728747,2096.178719350278,3256.1896055792135,3530.8496202264564,4310.436333449889,4647.861460914686,3330.4502423783224,4223.103890093772,4669.967122836814,1197.2486102549806,438.0176142580505,1371.4051712549533,2623.981993833956,3899.7236575952693,3719.8796468276028,3419.2359324903355,2043.1975814192378,2474.704139212341,2767.637442502445,3721.9839386758395,2202.0884710629252,3273.8901087755157,3729.8724215138013,3533.1850443804224,3776.6101650796318,2484.86974367047,0.0,4804.942326294407,2400.3109469942247,3681.5022126698123,3533.052094722895,3629.0264604421563,1289.9764535813626,3339.386342755672,2266.880919513272,3616.4797081661764,2798.741950616583,1084.2809638999402,2885.5317419401363,3983.4202684027255,2145.094471736335,3570.5926461164713,1192.3278895421454,4202.212163812982,3806.742881101666,1230.7616784601746,3145.082161562037,2306.765274090805,3970.2880729822223,2188.112438288195,2935.1590007841783,2948.7195994911085,2298.0404698932625,4629.246911215075,3938.721538105828,4053.3856840907797,3775.9342241379254,2993.617199202596,980.2991038058035,2466.525092262214],
        [2523.261578457428,2180.4546546016286,2805.996474079411,1652.4548953936762,2990.050810566779,494.9660712997135,161.3961439130019,1486.1465942659945,1915.8966010440686,461.8568782542912,4765.801717108935,4768.78288335799,4733.276442949398,2279.4483300329994,1263.1147507386934,1461.8351048741133,4088.3459632027434,3387.9612258890375,2822.3462207649172,2495.902950239312,1525.9910999373717,4272.056260320281,2396.9108089219867,2469.5151047475574,3558.787382062803,2106.6657655850495,3393.182756407553,4804.942326294407,0.0,4067.2404733850317,2972.579123919156,3159.7102136158187,1181.0611238371278,5882.638261158048,1746.0800209415952,3043.8939014800553,3567.218838015132,3614.3670018885055,4431.01502415027,2323.5952471795804,2669.6651841927446,4796.5648964468555,2297.2001894421032,4339.873312665501,1604.1272044819018,2740.8390266470165,3852.986467273748,1659.8601963063936,3189.3317711224195,1688.7143061657748,2703.8979045722303,1997.0442163485327,1863.400154050596,4676.399923324134,357.00086305471694,4471.780971193328,757.3454625404752,3252.138963610327,1881.2478563214702,4154.371089760641,2523.261578457428],
        [1742.3979605234229,4369.088879869739,2623.0305450192855,3167.5933950064223,4475.2964083621555,3635.855261804678,3913.0850486046056,2775.754946997741,4524.628081708356,4174.612258891696,3393.203644138139,2752.0633483350803,1223.4780169477688,2832.5432948489392,2825.3286778922757,3715.2931375486464,4922.927207768969,891.5738439128562,3276.8621083314056,1591.0420142555379,3768.3800349031458,282.0883360837058,1729.0365567130245,4371.719864973268,4767.550682244661,4208.930822081344,3735.7285988793046,2400.3109469942247,4067.2404733850317,0.0,4598.626702369427,4566.671728491419,3166.761083444121,3637.274016667437,2325.927804898224,3221.591144345089,1323.6009737825998,580.9540812422563,1326.3474416562717,1760.1236794862218,4704.53276293282,4194.907721213573,1942.3765680610343,1210.3404371308325,4337.425700066017,4587.40655068447,2738.7227308791566,2756.2149829652963,947.3007210420755,4155.897517008863,2631.197089296684,2184.8998554314753,2528.169320533883,4269.384313889202,4074.1281251469945,5499.450827562047,3385.7971359688895,4820.304375524427,2345.185870152345,1467.5398374550155,1742.3979605234229],
        [2994.6828861431504,802.7303865954818,1988.2332440197918,1832.9951478833339,150.92600541669788,2698.6012272404787,2902.959747510726,2469.3633922833187,1151.9638129385314,2544.708095289161,2918.052466182711,3382.8211940367637,4473.756253395826,1816.2837255380475,3202.589385944709,1595.396742851,1167.7043858152372,3709.0158428164277,1349.7711822616811,3366.51119016012,1513.8155644881656,4635.063248021632,3757.069528656482,503.06756921203134,608.1572088292439,866.8187352736146,1213.289164813117,3681.5022126698123,2972.579123919156,4598.626702369427,0.0,235.40196234353948,2301.057040599639,4193.768287278662,3082.323109436244,1480.923231874444,4967.175139658095,4490.243372896597,4045.2651320491314,3280.7182852794317,423.4060577103289,2413.4355030935562,3910.718558416989,4034.11026388992,1408.4232538402755,258.9182877318499,2454.7492348350524,2290.5421556540514,3723.419327623643,1284.7058761114033,1969.4492552372812,2822.2965357428116,2404.9488379622967,2218.4321678167717,2620.2100811050927,1499.218789431218,2631.305176083259,293.325154316555,2677.587252717826,3676.9414214576273,2994.6828861431504],
        [3009.1039102579593,1012.2475459179022,1944.2072055392262,1932.0547183588124,170.0371263976345,2864.176087071905,3083.095722785387,2564.5787978651883,1375.3502878050006,2740.685196184547,2724.349603085064,3218.4386990861567,4380.696428537674,1836.694353991238,3319.869887933075,1751.268369654325,947.4105434434617,3681.847795042742,1292.0316429825273,3396.9265081726,1672.4962081654114,4588.941559203289,3811.698498884476,702.0044603761954,399.21975508210113,1056.033559568077,1049.1999459506228,3533.052094722895,3159.7102136158187,4566.671728491419,235.40196234353948,0.0,2426.946740492674,3996.399867083595,3162.373167798586,1389.3946633190294,4997.381842743073,4487.967506662122,3950.314828904007,3321.7414822947553,658.6415826413416,2187.7746736023278,3980.0043561093557,3946.013163470828,1618.8088235506914,490.97523757069655,2315.068895176161,2372.289386855419,3713.456347331001,1479.1966759058837,1937.4546726655244,2876.8343638023653,2466.7302604453384,1990.1265460385116,2810.555455203219,1324.7037010634228,2780.6077161986273,258.0180565076203,2739.545971703546,3582.9676933194582,3009.1039102579593],
        [1471.352903429573,1649.3048800208362,1633.3428385055336,554.3725226138461,2263.583671406387,692.3944160216205,1028.4801564473253,391.4020042624534,1599.5694241374758,1076.750016764783,3607.198477746379,3587.80198052875,3656.7701652515407,1120.3013420550622,905.6150205691151,760.4568645999298,3267.393134247429,2379.1129855331783,1743.6497309597405,1588.6721738071271,843.2548877650781,3328.7535494035424,1727.882722243372,1841.0968642653816,2803.561291337703,1509.6492387980163,2371.941379531388,3629.0264604421563,1181.0611238371278,3166.761083444121,2301.057040599639,2426.946740492674,0.0,4703.599771985812,960.6857783233808,1944.0498121483215,3010.214884077306,2814.4912771788586,3322.093761161571,1430.411551479636,2140.9168828899833,3719.7576027692103,1776.832426327604,3241.1966626688168,1321.0810742088577,2132.0472160466175,2680.4948383769456,492.1282432864199,2230.042112609671,1225.492214340164,1531.045865669199,982.279200462113,717.5713526206608,3622.585450106215,1013.2587698722757,3739.062052930023,461.8811212606388,2594.0374256442515,826.33529230754,3022.3573191956125,1471.352903429573],
        [3696.9455857942653,4615.44604755427,3080.639060706358,4258.311892919031,4047.4580602135607,5395.853304701687,5731.947307251904,4452.038283528409,4982.463111405013,5685.702915156498,1277.659359105312,1136.0801292342635,2489.5321727746687,3615.720531707087,5093.099250567386,4645.9987427768965,3569.1945672004567,3333.0858385508936,3252.9433599708077,4029.293953592837,4629.725416202642,3412.494675107908,4548.44057700147,4383.117630202011,3866.9166520280255,4523.151072082745,3003.9791292128193,1289.9764535813626,5882.638261158048,3637.274016667437,4193.768287278662,3996.399867083595,4703.599771985812,0.0,4549.901587471602,3016.943397178814,4891.316314240784,4072.3299593928396,2312.620381470368,4135.918342556641,4567.209016872623,1998.6141537746857,4845.26016550876,2432.7252608761655,5032.157839206958,4379.167346527552,2042.5301970373212,4243.334888636177,3595.8177297863367,4801.0758858492945,3182.0347959461083,4128.931933007325,4074.4092911512994,2212.267240319393,5664.778875511674,3972.1958420141095,5151.612817811347,4200.452665482841,4163.698971655794,2266.6583212667324,3696.9455857942653],
        [879.9083097740786,2536.726479753976,1748.0773663266318,1258.9979954443158,3013.8114227353703,1311.3767441755735,1589.7257461901554,636.3178911716066,2541.071306321573,1860.4817426649508,3636.1604838534827,3415.0546450741717,3030.877906053418,1437.6608638979403,573.3471558207243,1683.978701669848,3889.6139605412654,1659.7351656335504,2161.4182698557547,751.2935728012502,1760.6498246944695,2526.104561990037,767.3786983367801,2675.938609752934,3501.5510437865,2384.1070405630994,2819.541517671902,3339.386342755672,1746.0800209415952,2325.927804898224,3082.323109436244,3162.373167798586,960.6857783233808,4549.901587471602,0.0,2288.338648381332,2049.536416271119,1906.2387953763434,2770.148007177068,579.2626852716808,2999.6539583046765,3984.1218025787143,840.6394456967431,2666.891643291103,2275.9002419784433,2956.5462739246673,2677.5052811496066,791.8679910155212,1446.8127371329067,2159.9505754738443,1663.2575986030404,433.98117323236215,722.8087272768397,3936.157108100599,1753.872108298575,4414.580694361765,1068.097437353612,3366.5100916550696,475.83710544375117,2541.3245229904655,879.9083097740786],
