{
    "drone_dist": [
        [0.0,485.24273048292656,1570.0640568106237,1981.3299848474114,2294.0575610401115,1622.6950795408266,2677.9273935131546,1364.1885740252706,1959.7059230251011,2318.7747419988254,302.37930767912013,2649.714445152378,1790.2736240669515,2000.804789923135,1847.9357913179665,2354.436802546835,1186.527927713108,675.7614858955828,1769.5593770202802,2312.900420445463,324.1875902594279,2369.982648361341,2008.6868265993467,1831.390351853161,2153.071942372558,2041.3233845240707,2112.239123053314,2454.9037753899383,1956.6110003925548,2473.968789391944,2657.028416561584,1889.2906956343618,2673.685829538788,2761.194704140966,129.29567937881825,336.61685188380454,2332.418404381446,1923.667642903403,1933.2563194138968,2418.8233252758996,1082.9005128580636,3356.7850558767736,1559.7681611992846,2486.3471385656344,2739.9966258461486,2097.3532881599695,1765.3342913050794,2090.3281533151226,2241.656385925856,985.4399904535663,1653.2634241957267,2654.960996387426,1832.7556757285688,1474.572180219219,1389.0340754284366,1832.9089632543898,1506.3196244616681,2552.3538785761116,2749.1701481475015,2791.9333749729685,2525.791572945894,1647.1037782717126,3502.7810642769723,2620.0414835120523,1121.7757924375949,1559.8170673483633,1848.27188229007,2629.0654260992537,1066.782813127721,274.8246014007431,2473.866915647944,1521.8499089843565,2101.6672572682446,3204.7490020250984,3026.234428941144,3044.7736423853676,1556.5922606804318,2729.734280187593,2975.5051307217814,2094.9866530997624,0.0],
        [485.24273048292656,0.0,1463.430954958991,1611.0453846359253,2536.177962625993,1277.8685929585622,3161.859395796741,1388.425593536034,1502.1790049383808,1843.5848288825816,780.8568753890806,3118.820018216634,1342.954437154059,1963.8818279439458,2333.155926137815,2499.3882134540395,1198.764863031415,1160.9186705555003,1287.0184125731464,2765.4690175324226,591.7711771468249,2321.6632035410166,2463.6342993821268,1894.9098663176792,2587.467220479987,1723.3892515727032,2597.005582589337,2462.1865746203293,2437.72144894483,2924.0482150644416,2707.909444771999,1633.2157476062448,3111.616500419309,3222.004343945527,614.2357816536302,331.5117571154224,2157.1013800736373,1454.6400964037082,2060.7915164069245,2668.460721318938,1500.5769963866137,3409.884381857626,1848.222580698231,2011.138300368673,2941.276592548122,1644.822429547001,1345.3059512052253,1911.8139972742224,2645.264999138543,992.080501667939,1206.2461844762972,2171.904819042249,1709.7408435601396,1286.2472850913643,1231.6308814557826,2166.065981451715,1039.771221499299,2841.5007316000483,2286.385152049938,2784.2330490893373,2970.0845496221473,2102.5466772798436,3514.7065709463536,3093.9129285853332,1196.3240537734116,1088.7129599260493,2323.9724789773954,2796.162311398025,1549.2896809074327,758.953881439906,2562.411567756064,1593.2277955687798,2396.3080519231808,3204.7951587301177,3484.890486947837,3037.484745094136,1106.8806396108453,2804.320358673529,2969.324778322567,2437.3368156741626,485.24273048292656],
        [1570.0640568106237,1463.430954958991,0.0,1082.7909159741048,1659.280040442986,2563.279851531235,3476.6080514995806,416.19056587388457,1574.2758814028462,2537.2224630630053,1768.5090870090569,3816.488786844232,2340.8239023321466,3427.2151876140415,2819.5512068041808,3911.017073853335,2652.959146922453,1910.8425980127192,2007.7102797238076,2756.697091713255,1278.6907151422693,866.7821648556959,3300.6005399013866,686.0253992633681,2489.181271231542,3008.560292037345,3008.9306321247304,1052.881978656315,3058.428515744002,3758.261555836734,4162.981220286772,596.524951397843,2952.0673105611777,3217.621824708293,1630.7557871156368,1274.4044655629168,3573.5590072708974,2292.883826606879,969.9019277883456,1789.1005524994987,1659.0547529605658,4866.10449411916,1350.2928321753852,2674.342824633376,4309.6945622836665,1618.1317259155742,2449.180919497778,3332.071418962595,2368.294685662421,2443.7976803611796,1341.8214095978428,2408.7113716659105,3159.973541432555,290.40277119677035,2680.2347178662935,1706.2036722797457,1428.7048745480092,2061.551229004423,2185.47456652422,4247.622502922548,2872.0087219094244,2247.591886787211,4977.61861571652,3748.8240039434536,2630.7157028011134,2012.2328525510666,3025.201602754347,1662.487928513338,2284.7311941016533,1716.2317640727076,1279.0631375426806,565.7350479184496,1728.0166611482978,4668.12954549553,4240.795747611502,4500.911622506957,1322.9382155509977,4252.447524694912,4432.731677423362,1936.9298066991155,1570.0640568106237],
        [1981.3299848474114,1611.0453846359253,1082.7909159741048,0.0,2739.215885655003,2182.8626663208497,4383.857863413147,1453.6217865948947,635.5465781819593,1704.8463005142723,2267.7808689327494,4566.339785845905,1751.588752156642,3342.487133773875,3640.95486467264,4040.632839982193,2707.972573753348,2554.1700886740437,1317.6925820692152,3746.4561892951306,1821.3662876062965,1632.5291040364402,3964.9581116504078,1752.3565039498858,3493.966642198234,2564.0642465153906,3867.2465367592813,1913.3616620755697,3828.0899074173526,4433.045930280952,4149.924720707897,551.8894385115196,3982.3131682527455,4217.155455785911,2093.1342364982743,1648.2014967714388,3279.191982359908,1600.3497480736303,2043.0766799327798,2867.218313146115,2533.255186955098,4829.277428764745,2392.4918184445437,1805.4237355067833,4514.04056429599,609.1263054630687,1919.6331657893968,3063.6520400426116,3408.887117125691,2522.3848046477524,604.4409089615725,1384.1505986197114,2992.8901635296056,841.1419391858351,2550.0707585995287,2759.0379354499228,819.9032489427136,3143.312773986463,1104.2895823703211,4145.317400367179,3887.0118843262235,3171.41874847618,4872.417091016383,4518.738835523838,2748.10096648124,1464.6573439664453,3754.753224579712,2689.5554054815234,2964.9722819542912,2225.622765822952,2253.081602133877,1642.3498781846906,2807.0042572012935,4556.9140731736225,4966.670223652048,4386.221643390918,672.361805467821,4269.906723157242,4323.055481726638,3002.8738606895886,1981.3299848474114],
        [2294.0575610401115,2536.177962625993,1659.280040442986,2739.215885655003,0.0,3812.667604699371,2530.9273190090607,1350.245939910539,3214.642226416167,4095.4482973852846,2264.6682452994773,3231.822677891168,3769.9911532448846,4265.388358152091,2244.3820631085896,4413.094671520308,3455.633246012869,2085.598019955077,3528.2714243107707,1650.20923210202,1999.785565877901,1458.4144980489918,2991.482263545456,993.4101344086382,1380.1837080842377,4259.554705013574,2287.1962810622986,1223.5239700557072,2559.132636588532,3348.9616413190483,4828.346646271725,2217.419339578895,1637.9109560390239,1998.611492538405,2252.26587428947,2212.1140395942734,4625.7357216541095,3789.160321471969,701.0811076902424,136.4402312185263,1439.6104165199138,5500.483550500786,751.1155262632732,4246.691102621953,4657.762235979624,3270.847089981212,3826.408063555237,4382.769314514712,1105.1156749460283,3265.9587674466666,2952.1789685934796,4056.4618936621678,4125.736991063733,1928.5527977969223,3681.06308145732,661.0411057885863,2987.3076777540905,408.85347153609837,3843.3457071144617,5017.578540865512,1637.894679339965,1544.0038565569496,5692.72006553487,3126.569469282386,3362.971702952947,3454.9722455972787,2629.095480025189,528.7927153811708,2220.7584731449733,2222.8977417367496,837.7049254371342,1125.5116486177553,345.4661681320854,5413.732222687759,3657.6931080748373,5264.238996117066,2912.043177814175,4868.8605760797855,5195.521576063467,625.2139930451837,2294.0575610401115],
        [1622.6950795408266,1277.8685929585622,2563.279851531235,2182.8626663208497,3812.667604699371,0.0,4126.976667009414,2602.637558254169,1687.7335452077457,1166.2095319790753,1817.8577248175297,3828.558733781831,579.6650911927303,1299.0138640671928,3285.383130054176,2183.61163589877,1072.8863037669241,2200.8026995382797,978.0971645774247,3902.552368602326,1848.100035392296,3421.7568727025296,3135.8151336205283,3110.4817801960494,3764.097021152485,452.1618105311562,3560.290207487624,3613.5426811085013,3289.1971483608977,3534.033186908659,2108.5605901585363,2489.821466283905,4278.963329115315,4330.542227257932,1719.9170419193756,1606.7603419128698,1097.0717336947225,834.2594604272787,3307.1696817423754,3945.4881899995776,2705.3089971372183,2734.442436778221,3123.5273423864774,1295.886238971748,2709.605645150928,1821.5658438514768,394.5876303533252,891.0693909750383,3864.1123463632543,1045.2225082615405,1580.3376021398485,1845.0564041017044,903.3528343675348,2311.9786233083105,641.6172868832678,3431.31960629411,1363.3194609148572,4118.502023359963,2230.4123130190405,2027.2973685071202,4125.071036278542,3240.3445690174317,2732.005048871679,3840.82927368086,1214.0319816479107,739.4116962629313,3133.1338990747045,4050.84865582578,2488.211047348292,1828.0829113623217,3776.7246079688716,2824.284319322381,3672.061463117332,2420.134128773569,4108.151111862326,2251.913019541074,1511.6157722214643,2251.652219815657,2193.7448763966545,3699.772677340563,1622.6950795408266],
        [2677.9273935131546,3161.859395796741,3476.6080514995806,4383.857863413147,2530.9273190090607,4126.976667009414,0.0,3063.0413674078854,4558.099490014708,4990.2885297056655,2396.0823692587883,956.7762525576654,4431.501176598321,3756.816336391464,844.0810020253001,3335.3579332198665,3195.7560238192114,2003.5462552561146,4447.432614356068,884.8918299384793,2661.7434907430384,3786.569261385474,1280.1994047484027,3120.203400534439,1151.0270151625627,4452.061672632961,570.3990444592939,3640.1208481838858,886.6851588905736,1285.0487670380244,3893.632228650392,4045.3412335590083,1071.0112132472238,724.0055495000499,2550.3000001150617,2915.564171922595,4373.343170112671,4589.871570453543,2929.9099185958007,2530.3897723129967,1851.2622239899,4380.85055499366,2216.2663187577473,5157.433101125227,3283.946306010677,4679.223161058454,4370.2823676476355,4189.964821198021,1436.7380754591456,3126.521732486064,4242.332745609203,5314.582325094718,3866.3112017725575,3600.808451118394,3631.2386128340045,1969.8342658702973,4138.043279591745,2340.8134880154735,5340.612272116854,4205.330760763118,971.2014357485083,1229.1397301783677,4665.992480431703,835.3367684806932,3041.8806062405924,4230.4757171159445,1067.317721167309,3050.794861798104,1648.9238123225302,2408.7572928790587,3328.673168914512,2984.7881642739194,2198.5554803327864,4483.4528324194,1284.2642090449829,4390.533019973439,4155.545710719338,3848.5842688888683,4334.579099970533,1907.152178609968,2677.9273935131546],
        [1364.1885740252706,1388.425593536034,416.19056587388457,1453.6217865948947,1350.245939910539,2602.637558254169,3063.0413674078854,0.0,1872.0365662378197,2752.686045508017,1507.2649524312774,3428.753576265626,2470.364219860577,3322.063166250543,2421.619621367427,3715.963104295288,2520.6946639452885,1583.5364018608054,2193.116741552598,2341.4173377832176,1045.3134227905894,1014.6729402835775,2938.163405102646,509.3858306913948,2075.2894933473767,3054.639417252549,2602.9746327445723,1093.6703565499035,2670.6003372222053,3389.1601858189447,4015.4378052837233,1006.466148296667,2544.3171813378913,2803.680489064194,1396.2359711145293,1125.7577894688022,3544.83520633768,2463.535178635461,721.8521119126775,1485.4960372315254,1260.287067397879,4717.065291466278,944.207988700198,2901.147180321102,4082.0355695519274,1938.1767985469703,2550.7984892300633,3299.7489066612898,1963.6472971482476,2312.162714970134,1602.6566453487476,2715.4708573794355,3093.9308507873448,612.8110393388201,2618.095760185692,1307.1576882531526,1640.2208945792247,1735.7328706533806,2541.7047439350026,4131.764182555255,2460.2880774583728,1834.5794318910544,4852.381816415789,3356.995661462598,2475.3940743699995,2146.3448681056198,2647.7192778063254,1466.076334887454,1932.8247166597725,1454.3476466159989,1177.9776739559973,232.77928522519326,1364.2255386731995,4549.1518761776615,3856.5498606500314,4385.648683678497,1561.862501817977,4092.240219206208,4316.634866296131,1549.3728875542104,1364.1885740252706],
        [1959.7059230251011,1502.1790049383808,1574.2758814028462,635.5465781819593,3214.642226416167,1687.7335452077457,4558.099490014708,1872.0365662378197,0.0,1069.5377657319561,2261.997481690701,4609.301345217319,1185.7355537354301,2934.0154055500984,3763.0658766281786,3718.0271956646966,2405.0594281999333,2609.796855897392,738.5227913479165,4014.7801522381237,1900.7280248269603,2240.7069264197808,3963.484870237185,2260.091708425323,3784.509087796395,2020.8225200633963,4011.6829068463103,2510.4539640161347,3905.3426983191957,4425.466931673834,3752.172661186283,1150.351224952056,4295.34732222924,4487.771350811664,2086.1126979410933,1663.9404894608417,2775.99218927762,999.4571529894538,2540.148167406127,3347.9320863852377,2744.9713702594204,4406.485497920318,2759.1499031450494,1171.3465959008856,4218.63396626267,149.96350140387318,1370.3183700156785,2578.5805206272694,3746.3076395328376,2246.551121024812,315.77339786690186,843.475701065206,2558.154934604142,1290.8723589744234,2158.0890425135526,3128.8667767726356,467.15191218007755,3606.6175247653373,790.5636715964959,3705.5204345324732,4181.787332095084,3392.4966449025615,4418.0586580103045,4577.756247038125,2477.0079137462803,948.4195332243684,3805.4746212338987,3232.455932936624,3016.8051382196027,2230.5048474966698,2821.2929054566557,2090.011611388643,3231.007010973463,4105.022638847579,4983.640189004559,3935.887110534149,405.6368097490787,3884.181763087022,3876.19911709848,3389.8523767358606,1959.7059230251011],
        [2318.7747419988254,1843.5848288825816,2537.2224630630053,1704.8463005142723,4095.4482973852846,1166.2095319790753,4990.2885297056655,2752.686045508017,1069.5377657319561,0.0,2594.241326406306,4836.776366915715,620.933698024268,2437.8288555301747,4151.744356581234,3345.310694169553,2199.5160471817653,2988.1024837885448,579.6426553444464,4602.727319373678,2407.977422336641,3280.9813694624872,4149.791592893265,3204.619723979925,4411.812294659177,1277.05707484509,4421.33379494699,3537.3307595531833,4218.653473146002,4579.147981087337,3223.169403646185,2200.0601028895753,4936.176791902559,5063.100941180786,2443.9977018844293,2135.3064775761127,2066.1280649594446,405.47837121807197,3464.487391232735,4231.707338543571,3324.90521239646,3797.211160310959,3529.687201893578,167.6071618477554,3872.5284138210004,1127.0032024377663,775.5888982565831,1932.720574896787,4437.950998286905,2121.4416534040347,1205.9385328061423,741.9575651283312,2039.6161398587528,2247.015418136148,1800.2793583037299,3885.7963142080835,1115.1201354009602,4463.247811376168,1227.1107965580595,3088.4140569285737,4800.783576597954,3942.9101168386496,3742.1286243507243,4831.9898639691955,2324.464132157288,759.8967665633543,4083.1745646490044,4191.20252780162,3350.63536284828,2583.022288400828,3814.3059664739276,2984.129541332106,4050.079380982314,3444.8171016810734,5155.296995496129,3285.5632732051527,1214.4950722851447,3373.6508885975063,3235.926057733538,4157.948929704851,2318.7747419988254],
        [302.37930767912013,780.8568753890806,1768.5090870090569,2267.7808689327494,2264.6682452994773,1817.8577248175297,2396.0823692587883,1507.2649524312774,2261.997481690701,2594.241326406306,0.0,2347.3571120526813,2045.25506190933,2001.9628077302787,1559.6304176223969,2232.100032885826,1197.9359880466434,396.22067458023326,2055.3434860700304,2085.4013141238215,492.91352030951094,2521.8992591692,1709.0990293548061,1933.8616675208016,1949.6337476231092,2211.6735380671826,1827.5629749471511,2575.291685928863,1656.970041162497,2175.3737869807774,2588.542980627102,2140.7573557708406,2461.669100207594,2520.2449614906413,177.2165010513154,620.6608699971736,2410.4832239731013,2194.5350173575703,1993.1398213745326,2381.3232601471545,928.1716319657205,3277.8780785820204,1514.5507459614694,2761.441217910117,2576.547069008219,2399.329424938792,2002.5065444900895,2175.724586778104,2071.4081301622755,1020.5893078188823,1955.0480592234812,2952.76090786815,1892.1067711347237,1709.1895250331304,1487.8617094669592,1739.1839484236828,1808.5010295011843,2481.5821787012424,3051.540897033775,2757.8949464716798,2307.2189130038873,1422.488036032697,3447.918116710916,2317.8564589782213,1098.6187235466662,1834.3991405465665,1546.2861540009899,2647.475316886695,768.6167383339312,52.96174599146421,2546.0118078318023,1631.128412860867,2034.7382944168307,3160.397358025347,2725.1570219087425,3006.934260197625,1858.63259797859,2645.2727279105748,2937.8855630589505,1986.7578362439947,302.37930767912013],
        [2649.714445152378,3118.820018216634,3816.488786844232,4566.339785845905,3231.822677891168,3828.558733781831,956.7762525576654,3428.753576265626,4609.301345217319,4836.776366915715,2347.3571120526813,0.0,4234.684505834258,3184.9099246972155,1028.1940653404897,2592.450740139013,2791.9453461385015,2015.5697403620927,4346.4655493791415,1699.5804906783505,2748.0690922903254,4298.296553555111,692.8487740050507,3613.9649895229454,1906.071189365063,4077.956280384131,945.335133078338,4206.078431931166,758.3187665477615,392.26637983451747,3158.8663923532154,4328.54146406426,1984.4559251706733,1670.0924543840965,2523.237935124492,2953.8192817707272,3842.758033994504,4431.667835959011,3483.2344020083274,3261.3159322386127,2171.928418156029,3564.855883832269,2743.2777940251553,4998.5943761425015,2445.1578189784727,4745.939979935956,4134.782466773921,3695.770559584973,2217.577915513779,2783.7971890789627,4301.331621176616,5279.425795208051,3377.3491769487273,3872.9121847261863,3249.494560770871,2597.6032588745525,4154.785497143882,3124.0273080388824,5398.876701102233,3491.9748210777893,1855.6561533790446,1718.3787671259367,3865.564583507515,122.38037057114542,2638.5067746441173,4095.9344940157794,811.658577264193,3760.461731560321,1603.6478949095374,2379.2236880372366,3957.207402023316,3412.171076636764,2886.516052111103,3718.534488568735,434.6874878931873,3647.4183228205784,4205.506477310821,3088.431651586236,3598.334332200145,2617.67141218706,2649.714445152378],
        [1790.2736240669515,1342.954437154059,2340.8239023321466,1751.588752156642,3769.9911532448846,579.6650911927303,4431.501176598321,2470.364219860577,1185.7355537354301,620.933698024268,2045.25506190933,4234.684505834258,0.0,1878.1700675383101,3588.5665224457493,2758.8214219089996,1579.7127400018576,2441.462824867572,447.2539918872334,4101.135031918871,1931.9419558595318,3162.357878198452,3544.967241454699,2959.794064448867,3929.5327475583517,837.3203861510345,3861.131082699222,3387.074712199202,3636.340348345601,3968.3026770378433,2684.7933568231883,2144.290735057383,4453.272611768731,4551.46166010698,1909.126314499758,1662.377075794569,1610.7022261183592,254.72779885825855,3192.043765197482,3905.9858109624033,2843.4152943333934,3298.4145975338974,3140.664936370485,772.2902586184423,3283.266389248208,1304.6296998801317,195.67621820101948,1434.1371232076294,3985.8818345368722,1501.1726335240753,1154.9886590936683,1266.2085333110556,1481.4258313045577,2063.0071711019345,1191.9838214701235,3479.728275552992,968.7178711776397,4112.215380916521,1657.612752771469,2588.5491225268775,4309.821897346716,3435.916086444131,3278.572789577175,4234.2228632079,1703.5750835451718,328.6060155004499,3494.4972630590064,3936.0863214251717,2783.7020485757052,2040.7855255950628,3607.367143535973,2702.0620561742044,3679.9062547253957,2970.5968861148685,4544.710193478211,2804.791940383472,1111.6774665398561,2829.3966083139417,2749.3296346607563,3752.987334098434,1790.2736240669515],
        [2000.804789923135,1963.8818279439458,3427.2151876140415,3342.487133773875,4265.388358152091,1299.0138640671928,3756.816336391464,3322.063166250543,2934.0154055500984,2437.8288555301747,2001.9628077302787,3184.9099246972155,1878.1700675383101,0.0,2991.7892078868094,940.4904855935201,814.7405407320105,2248.718296695398,2263.587200017245,3821.367893807783,2321.0933480987183,4284.180896725392,2542.3377109717576,3813.6093850803722,3773.635316161234,1214.9156872794879,3245.2996592819504,4412.000892655818,2870.388760571545,2821.5520358781346,818.3912386087068,3530.4383414516633,4229.19161387833,4163.841304612713,2020.4839895277744,2196.3085024398074,670.8486759381645,2132.289204045502,3932.761359220608,4383.112010925556,2897.1973892879373,1486.9144153314205,3516.1883977790644,2546.900415522736,1463.9200524654632,3076.5953387455706,1688.5226318335633,596.4640848603198,3966.391096087982,1016.6701199959956,2767.628634929458,3140.675875729294,398.59677562528225,3237.1029728712997,792.6309942210252,3730.1074935117613,2542.8267773149996,4478.229721156082,3526.6500002623447,822.3587264844948,4060.763202744831,3229.040127644986,1555.7216785136686,3235.539058725846,903.7912496016817,2002.395620353386,2689.5191105141016,4627.22778344983,2332.1841115144707,2042.645940058099,4467.9614243870965,3504.1852705169154,4034.0988031035495,1243.0620378065603,3351.6462242258435,1074.515711430394,2682.1226103323106,955.2036004720031,1006.8791118808101,3965.3868011540594,2000.804789923135],
        [1847.9357913179665,2333.155926137815,2819.5512068041808,3640.95486467264,2244.3820631085896,3285.383130054176,844.0810020253001,2421.619621367427,3763.0658766281786,4151.744356581234,1559.6304176223969,1028.1940653404897,3588.5665224457493,2991.7892078868094,0.0,2695.9259798973926,2378.0224149322216,1172.2752840712863,3614.665150304294,934.0252576677427,1862.8707677521172,3270.8655849514553,793.2186456132688,2586.6521525640883,1031.1797413121476,3618.424376826294,274.9156648593312,3178.6254227890017,316.8865469933725,1104.7652269212,3230.833939022597,3355.071212051865,1327.5667675800773,1182.810216491831,1719.1761473028373,2104.42591665356,3582.2274292353113,3750.080908957776,2456.1340228659137,2288.901832248376,1161.5507977111668,3787.571136443269,1716.5468361727294,4318.597942807897,2750.9449519757904,3890.0259492851756,3526.2127479562696,3387.5687431400684,1330.953474891968,2295.867560735941,3448.2546021554435,4497.802446857307,3065.614619846308,2900.96615666865,2803.6699527687915,1593.6833632388536,3330.1989155162137,2191.000622801644,4551.202251041017,3518.694741060258,1161.3004689114125,703.9577479358325,4050.005038692203,943.2441517134203,2226.3657975298347,3392.4136942922432,431.3081564761136,2769.4224896611913,805.1114728521071,1575.5690084690657,2938.473009502026,2391.618781979529,1900.1488939654148,3835.2141910809924,1462.8247590759088,3724.574475051004,3357.981251505176,3209.406565715557,3663.8464132955996,1651.594190155943,1847.9357913179665],
        [2354.436802546835,2499.3882134540395,3911.017073853335,4040.632839982193,4413.094671520308,2183.61163589877,3335.3579332198665,3715.963104295288,3718.0271956646966,3345.310694169553,2232.100032885826,2592.450740139013,2758.8214219089996,940.4904855935201,2695.9259798973926,0.0,1332.6708686825395,2329.157451951031,3105.1599135235447,3611.7687459032823,2670.6501125339073,4724.409934704061,2055.784945034595,4163.7737064084795,3634.422739207277,2152.850389779019,2906.5244275963078,4800.336641698126,2488.6750906284233,2202.851894494142,566.5156634716121,4131.945037039468,4016.150596058218,3868.7056585221176,2321.6125873996207,2636.7542552733576,1552.1867659865513,3012.9538398959894,4221.784812310282,4513.657663031182,2975.5727627605374,1108.1697327694237,3672.0816795671935,3463.994081569562,528.051855953412,3866.0208378265756,2578.191978520288,1531.079508496563,3881.070245443796,1522.5016581227353,3508.2422948700955,4024.1043176775793,1321.7569909185604,3773.7164507978305,1582.058168651211,3803.0811656972414,3287.9443196636944,4547.907518488122,4373.219162578919,902.8229224718236,3847.3702598218842,3122.3826136564217,1354.8067488377997,2669.6087830672222,1304.7356574854934,2830.7007737091235,2310.005894682144,4845.514489535799,2243.329041416768,2283.2079231124803,4776.224587363405,3858.2848021037566,4130.972505048515,1148.542311428297,2661.213269677762,1059.1677079315473,3414.376110518452,515.2152397300628,1007.246378119664,3997.9394913886567,2354.436802546835],
        [1186.527927713108,1198.764863031415,2652.959146922453,2707.972573753348,3455.633246012869,1072.8863037669241,3195.7560238192114,2520.6946639452885,2405.0594281999333,2199.5160471817653,1197.9359880466434,2791.9453461385015,1579.7127400018576,814.7405407320105,2378.0224149322216,1332.6708686825395,0.0,1480.0342981274166,1848.9944345042022,3128.8487466775537,1507.8736904673433,3498.9303224012633,2103.73236812645,3006.3388613771585,3048.861546234986,1286.532534183922,2647.34147478933,3613.6111416721888,2322.7439046143536,2478.692940164045,1510.445949223045,2817.5309025251163,3530.0775635648934,3509.6606081111113,1206.7074690963343,1397.3654924931657,1241.7690734156768,1819.5295746525874,3119.3696561517363,3575.0364781170547,2111.3482584021294,2213.3175058134602,2708.2530399038837,2344.0456424826343,1816.7937408553457,2554.462675965025,1432.7791810837848,1024.248584918053,3216.340809138099,209.5488667048461,2181.2511038466355,2804.250783789313,714.3800889485136,2485.01209393078,457.9387913735451,2935.4316480157117,1963.5307166179462,3679.4510095960045,3098.5883210024085,1611.5355905052359,3365.0091222371293,2502.65200959661,2332.6282874829417,2815.136563855992,155.4009797884418,1569.35156580559,2153.0382930258747,3812.567658779561,1636.2845339569574,1235.8467360558825,3656.9780029988056,2696.481427822353,3232.6081531555255,2028.4574594609273,3049.0068262226146,1865.2966921725722,2085.9855200566412,1605.6822080698687,1796.205439405059,3178.2473710037757,1186.527927713108],
        [675.7614858955828,1160.9186705555003,1910.8425980127192,2554.1700886740437,2085.598019955077,2200.8026995382797,2003.5462552561146,1583.5364018608054,2609.796855897392,2988.1024837885448,396.22067458023326,2015.5697403620927,2441.462824867572,2248.718296695398,1172.2752840712863,2329.157451951031,1480.0342981274166,0.0,2444.2763114015074,1704.0910532454473,733.184463287595,2576.7555485515704,1418.5641891259652,1935.978937878992,1586.9190104539362,2581.615579181123,1436.7763582325886,2584.5298050334727,1295.7265878615003,1885.7331648320846,2748.198377367585,2358.0500598077824,2089.1463086958333,2130.5204957749756,547.2900071950768,945.9833576266416,2718.3890422005206,2589.437630274002,1936.2763474096494,2189.7223625121624,658.3215137761072,3415.2323214318462,1342.9899824686127,3155.45697865244,2604.9335968028413,2742.0261473466235,2396.9664231473907,2491.9897517430054,1737.4132031567415,1330.0945110440075,2297.6281374178034,3327.4367874413833,2192.3964300006023,1908.1455307068484,1824.466350667005,1497.066316030813,2166.97913285402,2248.5380680222775,3400.249647846124,2954.9120054353334,1930.8096450416879,1048.1123714092723,3613.0068841899774,1974.7949859887465,1356.2839329923345,2228.220736086377,1204.5787006931403,2519.919449109347,411.92268384609685,405.27201436294536,2490.317257578493,1655.3911805467142,1815.849595331954,3340.771691003165,2412.5045816222046,3196.5054989916002,2204.236186014717,2784.214718922342,3128.54162380578,1720.4998588916865,675.7614858955828],
        [1769.5593770202802,1287.0184125731464,2007.7102797238076,1317.6925820692152,3528.2714243107707,978.0971645774247,4447.432614356068,2193.116741552598,738.5227913479165,579.6426553444464,2055.3434860700304,4346.4655493791415,447.2539918872334,2263.587200017245,3614.665150304294,3105.1599135235447,1848.9944345042022,2444.2763114015074,0.0,4032.7515705804535,1836.975857320473,2794.264926628402,3668.108372109896,2659.3635945854153,3837.3525659448974,1283.5288990682466,3880.9953982535876,3034.9154138594185,3700.3595369600707,4111.113477091754,3079.367505028233,1743.742004344469,4361.3571696441,4495.696469481821,1897.1783281899986,1565.2779543131196,2048.382696390468,292.2238026606335,2910.65578415688,3664.682863323446,2751.969392062534,3712.467860998259,2951.4022397079957,742.8103949262317,3621.8834527878357,858.7155671320752,634.4325167869094,1861.0219822485135,3859.2966077148567,1729.2011499679957,735.6264733638582,963.7616383623445,1874.2052851776873,1720.5825238534555,1523.1561382549671,3306.5783293959976,583.1280686266922,3891.1635457905713,1268.7777325148809,3005.3140917321493,4227.800656010468,3375.74308924958,3706.3123471403387,4333.615356748096,1950.9039960902792,279.64351098052487,3573.6252664847893,3645.178105098054,2820.532381716712,2039.5100375087416,3286.259095073882,2425.6324114571826,3474.412980695133,3395.791576222215,4684.407111816082,3228.288472564243,710.7410434682431,3218.7894653567464,3170.8508993718488,3578.8926389108715,1769.5593770202802],
        [2312.900420445463,2765.4690175324226,2756.697091713255,3746.4561892951306,1650.20923210202,3902.552368602326,884.8918299384793,2341.4173377832176,4014.7801522381237,4602.727319373678,2085.4013141238215,1699.5804906783505,4101.135031918871,3821.367893807783,934.0252576677427,3611.7687459032823,3128.8487466775537,1704.0910532454473,4032.7515705804535,0.0,2195.7877312232613,2959.223065842557,1706.7233458143414,2314.8108458675174,282.79231678547546,4285.16483828411,808.2211637107125,2790.9794324860154,1211.1470077868544,1921.2084482939017,4133.98966766094,3346.5587370299804,409.1803705766677,473.2903860105493,2199.1670262480893,2467.8809100538724,4366.19064479627,4219.457798880541,2097.46212138526,1645.9054644416508,1284.1830393239338,4710.846809827074,1426.281790420389,4769.67076110429,3684.5177050513885,4120.280115296999,4077.191405448588,4153.096741678117,551.8560571753884,3007.0468888722585,3703.2299664573,4819.564930957211,3839.784744965989,2923.8556764857485,3512.6258943074267,1128.268205469937,3636.878311023285,1459.4466632393242,4772.082433793809,4407.76385724457,239.7401122075287,665.8740315077525,4966.404966534536,1581.745437947668,2987.410897974962,3853.377852440828,1359.637236779241,2167.086082469118,1496.0542347744379,2078.574354595634,2460.3932913098324,2224.3685469081283,1323.9807165953644,4741.0499733220295,2095.272313675729,4623.129790051016,3626.825720396465,4122.027998904594,4560.430329312185,1030.101861604013,2312.900420445463],
        [324.1875902594279,591.7711771468249,1278.6907151422693,1821.3662876062965,1999.785565877901,1848.100035392296,2661.7434907430384,1045.3134227905894,1900.7280248269603,2407.977422336641,492.91352030951094,2748.0690922903254,1931.9419558595318,2321.0933480987183,1862.8707677521172,2670.6501125339073,1507.8736904673433,733.184463287595,1836.975857320473,2195.7877312232613,0.0,2055.913352027179,2145.732805818305,1507.379243837227,2005.6291412434935,2283.7013971179235,2111.2860030493393,2133.161726912305,2019.7242637129227,2613.772013113112,2980.9211841873494,1654.5380478129143,2530.2415541384003,2659.369702294275,354.54402959895054,272.9138632713123,2629.589969828695,2029.9134501207657,1611.6794134928907,2127.79293386359,917.5942348308304,3680.276126169653,1282.075485626183,2574.621701572717,3043.5285834663996,2027.1818450019775,1936.901278716952,2385.581273222953,2054.2311582145126,1304.559868874513,1585.592981643101,2656.8543948698907,2139.5685767478712,1217.8958335188881,1684.3844104480634,1583.365682559182,1476.6786469199426,2279.165624905505,2688.3380486415376,3115.362033233832,2392.979130705796,1540.2011337434492,3826.939439366712,2704.8433288247043,1445.8720496111678,1664.5275048279834,1936.5947445301485,2315.0637821787495,1144.7466523715254,441.8484164155541,2150.2883383800827,1197.9837240228094,1829.8930449415068,3528.6378182988833,3145.437901828202,3368.357571816603,1496.211960186068,3052.542298470475,3299.0983852502345,1852.6518592446287,324.1875902594279],
        [2369.982648361341,2321.6632035410166,866.7821648556959,1632.5291040364402,1458.4144980489918,3421.7568727025296,3786.569261385474,1014.6729402835775,2240.7069264197808,3280.9813694624872,2521.8992591692,4298.296553555111,3162.357878198452,4284.180896725392,3270.8655849514553,4724.409934704061,3498.9303224012633,2576.7555485515704,2794.264926628402,2959.223065842557,2055.913352027179,0.0,3873.934065908169,684.3543604990315,2676.4758179637533,3863.4032567099216,3406.756186599794,297.819554071811,3550.965365103728,4307.5987552813085,5004.945961929442,1090.6956615371062,3042.4179769854873,3373.099557454404,2408.8380037048732,2104.633649380604,4440.218088963075,3085.6093019514014,861.7631936740981,1549.5055268893254,2149.1157787798825,5708.031890698501,1576.6431738152983,3401.50975997248,5096.406116049244,2239.03147017502,3285.0860316929475,4198.841601754139,2465.6233968153324,3289.382908451476,2078.2959613733174,3014.8030556610743,4024.651516308994,1111.1150069088321,3544.8654390176457,1830.9919950404233,2212.1964039402196,1847.9843655357824,2675.368101725871,5102.317071076777,3008.581249808443,2606.955970427553,5829.71336492043,4213.35822813542,3466.0949108009227,2835.9866897409433,3556.4309018535746,1187.3023068687205,2897.4845480433464,2468.9917534426563,707.626528397221,924.0466123932563,1689.5490358193083,5522.176218807426,4732.431989168884,5356.036544808493,2085.5280715980402,5088.104029788778,5287.525922374953,1970.5889296943476,2369.982648361341],
        [2008.6868265993467,2463.6342993821268,3300.6005399013866,3964.9581116504078,2991.482263545456,3135.8151336205283,1280.1994047484027,2938.163405102646,3963.484870237185,4149.791592893265,1709.0990293548061,692.8487740050507,3544.967241454699,2542.3377109717576,793.2186456132688,2055.784945034595,2103.73236812645,1418.5641891259652,3668.108372109896,1706.7233458143414,2145.732805818305,3873.934065908169,0.0,3196.2492459120467,1824.0714170702047,3390.264119824863,913.4373179451286,3821.892626623021,495.58968192707823,468.11216099684026,2615.9384801073834,3773.782012081588,2079.1653135885376,1862.6211802626597,1886.3112639553274,2327.1966336228447,3188.1188071745837,3745.1479533736792,3111.774917901544,3048.0314814268754,1727.1533550685813,3105.2812960483275,2389.281686233242,4310.751723951442,2022.580739437286,4103.517375702432,3442.8443577058674,3029.429516074327,2123.851057200275,2091.243054260112,3660.4693263641334,4609.086248951313,2708.119500134925,3321.4240825334564,2560.5414229074804,2331.3405510571606,3503.2935030347066,2970.8094354777472,4749.855090135305,2932.40762295559,1920.0844609608466,1454.1636804739526,3387.2065593867483,711.8077278423604,1949.5700484583654,3413.5274673779873,367.89323518717816,3507.862253376336,1019.3277044226681,1746.430639745079,3627.8563740539844,2958.7352407045996,2652.364360971881,3203.490550756783,1021.6928941821036,3112.4639102465353,3562.9026832383934,2568.521487978564,3057.426134583727,2421.6247273033705,2008.6868265993467],
        [1831.390351853161,1894.9098663176792,686.0253992633681,1752.3565039498858,993.4101344086382,3110.4817801960494,3120.203400534439,509.3858306913948,2260.091708425323,3204.619723979925,1933.8616675208016,3613.9649895229454,2959.794064448867,3813.6093850803722,2586.6521525640883,4163.7737064084795,3006.3388613771585,1935.978937878992,2659.3635945854153,2314.8108458675174,1507.379243837227,684.3543604990315,3196.2492459120467,0.0,2033.792978353808,3562.2831332061382,2725.8391259220207,648.7847557705447,2866.885290960135,3626.0904847890342,4488.292842721272,1224.3288441962914,2439.1372791514746,2747.6671256359673,1845.7555033450997,1620.7584452719834,4051.986546280493,2937.4915818714903,292.46605493050413,1117.6399280205678,1469.3502324500105,5187.287272590487,903.9816134767622,3346.451228841047,4504.651929605998,2303.2824062633863,3048.2872926360333,3806.722852648083,1852.221523134678,2799.3255694449986,2020.7580975352744,3094.4346731528008,3596.017266570614,971.1108817327108,3121.944238728053,1193.85656896024,2090.0728858036564,1401.5161437354188,2856.3026774221685,4617.545359725913,2386.79536248705,1927.0689511522717,5333.0090021050355,3529.3284332195562,2952.0406401915593,2633.1690252137046,2874.5707414144576,986.7014455099857,2233.5075444675053,1882.0228916148662,668.6662977346191,309.9526414547518,1123.0430547099709,5032.8629401981925,4048.08039236655,4871.098194806027,1994.7924358389394,4558.6152854850925,4801.918984812435,1375.1029961749132,1831.390351853161],
        [2153.071942372558,2587.467220479987,2489.181271231542,3493.966642198234,1380.1837080842377,3764.097021152485,1151.0270151625627,2075.2894933473767,3784.509087796395,4411.812294659177,1949.6337476231092,1906.071189365063,3929.5327475583517,3773.635316161234,1031.1797413121476,3634.422739207277,3048.861546234986,1586.9190104539362,3837.3525659448974,282.79231678547546,2005.6291412434935,2676.4758179637533,1824.0714170702047,2033.792978353808,0.0,4160.9597334665905,974.6239004916564,2508.926217177378,1336.3182415963397,2090.485373126727,4139.242513006384,3081.646285218863,524.6127632408759,728.4470471130879,2046.6595662983207,2278.5060698205825,4290.567425181168,4035.5014205509783,1814.7126349646014,1384.5695515996215,1088.1665699799826,4740.590382922684,1150.2681272228806,4577.907824335759,3746.7841509650907,3885.5782384009426,3916.7216307697886,4070.0686780885903,312.0963962421082,2912.3871674124894,3475.5492104135014,4598.702798953243,3763.1139153506347,2665.2780640926153,3410.907290474515,845.5788533043217,3419.816311125383,1220.2404304000984,4532.896949438389,4398.288113538882,397.2786110751558,546.5433072042422,4984.642638671239,1792.5616119037895,2913.7970957559933,3669.9504471112655,1461.6364268721884,1902.1889289256503,1443.42554725982,1936.4387295709973,2182.1641194486565,1950.5189192926523,1048.198404831314,4746.821972649683,2316.7328923529917,4621.659470727688,3402.3345619692814,4138.128888270658,4557.264360925064,756.1374492016431,2153.071942372558],
        [2041.3233845240707,1723.3892515727032,3008.560292037345,2564.0642465153906,4259.554705013574,452.1618105311562,4452.061672632961,3054.639417252549,2020.8225200633963,1277.05707484509,2211.6735380671826,4077.956280384131,837.3203861510345,1214.9156872794879,3618.424376826294,2152.850389779019,1286.532534183922,2581.615579181123,1283.5288990682466,4285.16483828411,2283.7013971179235,3863.4032567099216,3390.264119824863,3562.2831332061382,4160.9597334665905,0.0,3892.1398023914144,4060.241718619533,3592.725552690874,3758.696030428538,1961.6329718018462,2907.8575723209406,4669.796627984614,4700.651958797585,2129.8364013322666,2049.7223848846897,792.5796188548373,1059.7686048090222,3759.209534089133,4391.817209355477,3118.8185981339557,2520.1807903134254,3563.5573020439942,1362.4700369849932,2678.3364614351963,2141.8276380526563,650.7842953402929,661.8213037226416,4275.735828123996,1326.1677724530057,1960.1103172581272,2012.3804388214317,835.1857319157562,2752.433606388545,830.8040573345586,3864.256422359859,1753.728492863481,4559.906872762245,2458.820782465127,1811.794243129388,4512.36458090676,3628.676592258765,2470.969048363281,4101.637592722705,1440.9327260048085,1099.4409909615506,3427.9268510561146,4502.660733189333,2836.169769638451,2227.440236110034,4228.175827252503,3276.444830071684,4112.081725476889,2170.149921910766,4324.73052170926,2009.4591052460526,1902.010474323392,2115.71826877059,1959.118670048278,4130.711933187888,2041.3233845240707],
