{
    "drone_dist": [
        [0.0,4722.606211155901,1583.778901660147,5326.504389016272,4720.874961433032,2024.0408052700295,4097.129931598742,1770.9822722060774,3634.552846100991,2609.605759300482,2710.4359425010143,3135.6155797750494,3428.1160937704467,1477.150176181693,4150.079727543272,3691.6654510532853,641.0873349570246,1713.0550704517475,4934.91839318089,3527.3748376149438,1860.718836023587,3040.091176561856,3568.6366669442104,3496.297980095823,4833.42504314132,3199.6200664293196,3645.250926182894,2949.234636101389,948.7920943866231,2286.1813719667275,3359.8834387121474,3419.7226767437146,1366.049299599168,1995.3775826257397,462.3274712065019,2847.6555603211796,1756.433970822532,3631.388634925916,1327.9787018527693,2066.739644450468,4068.6400112887104,4157.169946710283,3250.0077321077065,3743.151470699618,5446.012444497589,3689.9000795163743,2993.388763607733,2757.2148470129177,4138.066354831353,4432.753893183647,4605.032028495278,2002.3489221417271,4573.414046589524,4920.688982425098,2499.9088985687354,4607.94232315561,418.8241409339984,3824.8992911996697,4092.370440516343,2608.5341959895663,2923.687289324001,4313.213127768115,3003.7773276611406,1583.3800142156826,2989.765813583179,3898.3321659910416,3044.105890154456,5320.380679816272,5234.697058113582,2710.6987920569504,946.4628304478947,1970.7414271008058,755.3025065180989,4554.0314607969685,4225.4451212153945,4393.867596774564,1329.254611413577,2949.6221179187164,4147.679746914562,1261.290849665694,3094.4613309912315,3227.0825591309813,2929.1465184458484,3581.51385781484,2767.399419442015,2304.773146743688,3926.4476342682456,2662.1651444930512,3310.3588355721704,4813.542899262799,3830.3926041322347,533.0917697618494,3546.1554506621324,1305.7070560612724,5352.80179032981,4612.012499566691,4049.678367085168,4236.315044405592,1247.4292072658636,1443.8866252093255,0.0],
        [4722.606211155901,0.0,3343.6320666083325,820.5145388932768,108.20986602206706,2752.929293940067,2337.7388100724693,4225.612367469709,2352.1093517333743,2761.423679588361,4001.4723424526396,2829.3586866450164,2636.1272491812692,4376.625746092052,3475.195042513634,1109.5000384765685,4385.077783852073,3455.528251477705,1721.2720618952808,3237.3183138888458,2861.9408622552514,3547.820433092017,2598.1286527047814,1620.3293671566125,2137.437069361775,1592.637102391495,3253.7977909395404,3160.2201308970166,3817.4699497243064,2612.523395761492,1483.5509227773707,1522.3578267628698,3356.6741746908283,3782.2339141373673,5184.192904289661,2414.4777016881103,3929.222769254473,2314.8233326887703,3545.4884147331827,3559.8296114544014,1094.9088915416967,2179.8188394467766,1541.2400988527202,2806.1033197581755,724.9369024868478,3192.1857948758443,3437.779686947242,1999.7688840069463,2545.554333176636,4187.220303233897,2143.2195297167223,3631.355279999265,1178.326079823438,1196.2452921206727,2304.7138257945635,2549.581077854204,4612.259217659751,2274.645140087985,3130.073894603846,3714.255144896833,2899.5769737827213,4301.959968684097,2981.634439055534,3248.4853173400256,3144.9303646846156,3049.4331433264333,2005.1140469843147,600.5320431329894,1621.665259945781,2444.1580153590794,4257.202404625087,3156.4543441593037,4056.4024078139896,3050.495538277419,2879.687627925956,4170.483845604423,4539.690562366404,1844.5545796246727,2040.2167891441425,3668.4496857684653,1783.8481188174926,2865.2299741599873,1960.3475659244893,3220.1252893448027,2475.917644492405,2448.027384908795,2546.55761996106,3499.444139289037,2908.875546754147,1462.4381826839704,2374.4864776213017,5145.664493397759,4130.012132216241,3422.946369875926,985.8578339717751,1788.1596651003515,785.9208010123435,1076.0082297277497,3764.863734963318,3290.950028217374,4722.606211155901],
        [1583.778901660147,3343.6320666083325,0.0,3851.1399018219436,3363.512438716621,1147.4080602925042,3415.4223160203846,1126.013358297865,2977.602187646563,1041.128508539252,1641.549197766171,2708.9276991217243,2902.2691146484467,1131.621334425687,3899.7636123357584,2450.4684574188695,1593.1878844612486,1628.7275477323979,3356.651352844046,3269.351365601974,783.7156563746664,2989.261530415615,3021.6413801079143,2482.348746886377,3250.4476499961143,2018.929062060273,3380.002864338664,1502.9455466022962,1051.0512907364546,1501.6005890751164,2201.7588079283955,2321.962156935226,671.8347409203898,905.221241454262,2004.6132114504458,2147.7293896610327,2094.4084902404443,2958.1320967804236,1204.8436269964845,2103.359279807514,2934.6187655182334,3412.972844536814,2060.2432780706367,3275.5645486593958,4063.8026929749735,2239.2027973390473,1640.5756368431544,1351.362700981965,3530.975110362639,3161.917096778955,3023.0434179686554,791.1345265248699,3482.782856549878,3808.254781270468,1038.9647648133277,3044.0009816534134,1683.9763407527125,2248.182218896374,3715.6170359242465,1402.671825321523,2533.7614575871353,3093.0218085234014,2659.5841173826702,1132.283359723985,2734.024855071367,2411.9147922555776,1489.7075692278647,3921.644307632233,3665.5704935010863,1991.5524489166362,1694.019902939165,416.9371281432401,1243.8295014195737,3041.732373084247,3734.1710234416682,3123.9263688459505,1245.2463495770521,1500.1568846535035,3353.3033305155095,1305.1460766853465,2020.0594343530104,1711.6739976432798,1906.1738027206172,2141.30962254269,1183.623020703411,1249.559409907685,3337.8963266085357,1347.4860875398144,1804.9836054725456,3245.901570741284,2259.7538626545174,1881.505221855364,2391.7385304740355,563.5935272517457,3851.7540411926134,3030.1338618207687,2603.7563312163247,2707.26743449133,1425.3223190761667,495.84591552634265,1583.778901660147],
        [5326.504389016272,820.5145388932768,3851.1399018219436,0.0,903.202039628752,3433.5014818228397,3139.385633454218,4598.652808336331,3171.8179030893525,3096.5992722634132,4210.538840289309,3646.510086314283,3456.6145505491104,4792.769528678367,4279.671233916468,1878.5543264466432,5049.118135556968,4189.366184869606,1312.197106080901,4057.2481502563755,3485.185899761236,4364.899567535884,3418.076709348974,2428.9342499831155,1785.1523484601717,2329.5553116324973,4072.2994719265826,3351.5926608573095,4460.828386208138,3339.827718192178,2248.0548141851004,2310.8194053816824,3974.0550927138097,4136.455923774306,5782.6869264008255,3207.2220025334627,4686.122358665074,3134.6813507500096,4227.802972121938,4332.28109669209,1915.1622723749977,2977.7680666247816,2280.310395478032,3622.488512368915,657.3774572353549,3196.0103212158174,3602.0918465352643,2569.4935312461544,3344.5358800728927,4050.432636249776,1879.3349562183635,3996.183542203101,1934.3336264503998,1858.5572987167168,2837.0736271090764,2288.6805211588394,5259.817895807611,2292.042763083066,3934.3086982016057,3950.2917913170645,3710.5572189392074,4197.8537417986145,3796.180639965893,3931.9111592374547,3960.0174473255097,3000.649705644564,2393.8199397949766,528.6523041624276,1057.820938748101,3223.940681992787,4949.386438280135,3596.013378990146,4704.7674496165055,2822.3073131696465,3674.794890131809,4040.9042766549774,4975.29459739849,2379.052147639387,2839.659575941946,4356.645664524885,2543.9314673000454,3008.902423031359,2714.9753141766573,3250.8705587451273,2824.361520508082,3124.267255557355,3356.961532366068,3734.5571960923903,3025.8110309388117,1118.1624879359342,2379.3566651236492,5711.258025207562,4175.280228618172,4021.5188162447976,215.83077150587164,1530.6901961564417,1279.5405964300114,1197.2012566336866,4461.868854395965,3882.6225744774924,5326.504389016272],
        [4720.874961433032,108.20986602206706,3363.512438716621,903.202039628752,0.0,2738.1211063653577,2243.0037679240986,4264.471274307577,2269.779380115169,2810.5542091406905,4062.050596571581,2758.763070816587,2558.162939310019,4408.761872566138,3381.857105066944,1076.164269658365,4370.507213901938,3423.672440587683,1829.1262917465392,3155.3498000410914,2860.6005227224996,3476.872515905644,2516.3301410217305,1560.0408492069355,2243.5478985557775,1567.231388953683,3169.29586563074,3225.320474758942,3808.7862538659615,2584.8580411005473,1448.309278699792,1475.4274691121445,3354.9610441874675,3824.883940846351,5182.923390143676,2361.9514367435554,3889.040239026358,2232.8638688849255,3527.9543516100434,3514.3851356196974,1015.242182439263,2083.7711187853574,1515.5068337161138,2719.31758931963,728.4236925623209,3275.4182068205178,3504.8994561276386,2014.9373676361445,2450.0213760460488,4279.111574319281,2246.4386588343427,3672.944805223075,1073.1039816642883,1088.3257316266506,2324.975623207344,2651.588211398559,4601.200517491043,2360.520846902476,3036.564887876118,3772.411663945833,2834.9236063954568,4391.355496009491,2913.785754594196,3231.385919537706,3076.4193856780403,3137.3038807847765,2051.821810193181,623.7763882890199,1728.9592606951621,2397.769967570892,4235.806178963652,3188.4289160463486,4046.08372366626,3149.853014736487,2783.1439322945944,4261.898327286152,4568.48376727871,1868.2044548751376,1944.5613226294427,3649.1300335375004,1748.3583992048068,2936.614885724312,1926.0152637099775,3300.9618539228486,2524.8269263836855,2435.6228006574306,2455.667957071818,3558.3493681378063,2982.7759009426427,1569.927652964673,2460.8299237990677,5150.948828919351,4207.305988871044,3425.063474989674,1077.555062686107,1892.3748484447187,840.5519327212687,1166.8633129226248,3743.027230590235,3294.9034976013,4720.874961433032],
        [2024.0408052700295,2752.929293940067,1147.4080602925042,3433.5014818228397,2738.1211063653577,0.0,2292.5209982711694,2270.2584950106852,1843.7913282352954,1657.7201626841752,2705.1012194033738,1567.3398441983584,1755.0605649485876,2235.837018849556,2763.0385078661575,1681.2140399184693,1632.4805300998946,853.0934692040876,3351.7475186125703,2141.130710691303,368.4745700924694,1928.3366441276173,1875.7086569077753,1489.5371274483439,3407.7843903923526,1184.3060754041799,2248.3767016128218,2302.7488590515795,1083.5252442698602,355.4469073325373,1337.9748553488673,1396.6684177290633,712.949194713975,2029.1582579981439,2483.7944274669276,1006.489167258009,1409.1981569468173,1827.05275293526,795.2851200140835,1213.3235343390322,2045.793979959039,2306.2649621693076,1235.63154094953,2128.156541259308,3466.5093230183343,2936.587839618336,2528.9006984384,983.9342883649553,2395.424891296271,3999.878745163675,3216.083403563579,1895.112735710331,2559.795330512944,2904.8257399641975,923.880786855468,3379.5602416299057,1865.5504899727293,2573.073030552752,2569.409504179941,2427.2509153856045,1401.9228661493505,3975.811587269266,1532.1496511588891,498.5950185719625,1623.947136944366,3028.8978429240965,1535.5458570469357,3353.2743313526894,3573.8137609700893,849.669948188992,1515.8983729633728,1349.496836697518,1313.297116089148,3550.623139128274,2588.3615407857887,3964.6671518813578,2304.4501981945414,1198.2920819917092,2262.009720922722,923.144333108322,1071.0478126683533,2352.1075849364684,909.5541961289634,2865.1164197853154,1583.3473671626682,309.247910113954,2198.0399031304123,2309.2891986271898,2454.0832718899974,3164.850084497704,2627.8459434995584,2502.5642511960295,3359.2126925125203,831.4201470529574,3497.2180354915386,3091.9568913541775,2166.4609451908373,2488.0703896933096,1030.5122378904457,756.4483642665067,2024.0408052700295],
        [4097.129931598742,2337.7388100724693,3415.4223160203846,3139.385633454218,2243.0037679240986,2292.5209982711694,0.0,4539.725294358557,463.89060080109954,3547.5088035143053,4812.176233402183,1026.9349278153804,706.8967321837816,4526.336757084178,1140.553736313708,1669.8893470636149,3527.585025694251,2395.538915957694,3895.388884655701,1064.5214319375316,2637.481242349259,1573.6068834225593,571.7569333670692,1139.327184684034,4208.03253892061,1689.4229634961325,1030.2534729006275,4182.913881510658,3185.0087272446917,1942.256442446886,1552.9217189171657,1376.741609921909,2977.5531385442177,4241.029999133593,4516.3407989740745,1295.265871284105,2582.7449998953457,471.92638925457715,2780.232099511528,2166.4053064874315,1289.8704044619255,168.44533647260758,1684.4452147269953,582.700921361114,2732.594094573839,4593.885398489078,4461.3075863803215,2450.136368316778,210.7041015927768,5712.565988080283,4123.161863855834,4092.5675769925388,1241.6296302738253,1471.7720528490468,2703.346314711938,4463.077833102025,3799.359538794797,3856.3401663904256,795.3329920133198,4509.790078988638,1227.491373576994,5754.855450752152,1199.6754516097171,2570.4218583122765,1301.3843686096304,4570.785303568289,2969.971938060303,2731.7293415493104,3898.016476998378,1449.974821014797,3270.506827780631,3515.644913511409,3343.8634312749928,4853.236971947995,548.674005085149,5684.36379345117,4596.431801164525,2511.622521838169,300.4435634528526,2836.033967147267,1532.352304135378,4063.1731966770844,1571.4068179069072,4565.823521012552,3330.456941413547,2171.4394651048187,268.0783664341646,4341.604457295803,4150.662255563879,3632.8369591614496,3949.843463334366,4623.427234231527,5301.587803909566,3107.9621070961775,3320.4591103555376,3826.646370717906,2449.634131543538,2988.546225971865,2856.640564539477,3047.3511905909104,4097.129931598742],
        [1770.9822722060774,4225.612367469709,1126.013358297865,4598.652808336331,4264.471274307577,2270.2584950106852,4539.725294358557,0.0,4103.517672100704,1502.3323656226553,960.4806849103593,3821.770261879651,4024.9232642169145,320.1044800442161,5004.610228938843,3465.324505928146,2147.08290078398,2625.2115211778664,3825.671581409798,4368.553917851755,1909.2997020580128,4045.22658075963,4145.891695882182,3576.188723271961,3586.955284129379,3079.1596884481446,4481.60965151777,1466.1770079425162,1837.498958660341,2625.409233215479,3262.778210502986,3398.5542323283,1690.1573921058841,466.9397283227381,2001.1728538002853,3273.2998151237016,2994.529686743752,4083.851037430803,2149.9536268361535,3102.376586254968,3980.9788252042044,4533.592846213217,3115.1904694203945,4396.893356160164,4920.385537785021,2125.9178579206296,1389.4305347441102,2333.405739879625,4656.918308873083,2695.641464014365,3351.5763710957517,602.5222608615898,4532.466585931522,4843.31523019038,2010.1054604357703,3229.8442475016473,2089.5452519813416,2571.1910848204125,4832.733501397121,941.1699534487702,3639.5811416957563,2560.8649392188445,3761.5520518265903,2174.5707705420195,3823.943624241103,2371.8888636682277,2228.972052487244,4765.214934291428,4181.189198421221,3116.94619686982,2372.59018594004,1100.7949344541692,1912.055953571819,3036.5996462805074,4858.544734307728,2657.0945645484253,530.0577352842887,2424.36816065063,4469.784470863416,2207.534533586949,3112.4696389160026,1823.8153138857272,3012.6227270342506,2012.4636422420858,1776.008885633057,2369.8646663187587,4463.844317468646,1077.3347265876366,1874.5302410147835,3787.0557466989617,2537.151247817071,1736.0041407562383,1789.5938581216647,1553.783915657007,4555.22966438981,3475.226095294202,3446.104589228864,3403.4119452503223,2299.717708213929,1556.3270319801074,1770.9822722060774],
        [3634.552846100991,2352.1093517333743,2977.602187646563,3171.8179030893525,2269.779380115169,1843.7913282352954,463.89060080109954,4103.517672100704,0.0,3178.8318127208854,4417.331970442483,621.2657232637906,321.85038315399555,4079.6250808208706,1221.9186414826331,1494.4206771106797,3069.553011004544,1936.8026130803732,3779.088801396944,885.5738642695992,2195.7106514951006,1274.6765040538749,246.990932687193,890.5670816789165,4050.1583802579084,1387.7668982397502,904.75656063652,3826.157718426686,2721.118692952509,1490.5431935217853,1285.9086292691445,1118.2295373462903,2520.1304227208298,3820.312355307732,4055.9358381509983,839.4894980669958,2151.9668449987007,39.01451173266439,2316.454609614654,1732.043209441297,1257.536274705828,534.7144813904666,1394.8770979549006,481.6327464856637,2849.2989133720325,4283.3019232598435,4098.25533571544,2097.0954763523782,553.4400495630387,5403.393605663744,3942.5067340871788,3674.525029289926,1403.644659361701,1699.5311923404465,2324.3551411650405,4256.8865928965515,3341.051786705917,3598.6057034117725,907.6847046394289,4118.209617660676,800.7991005487911,5432.826803813427,801.7163954233763,2107.5017365760245,932.4128530757499,4281.121279463259,2654.3939843120193,2821.2180241315154,3826.105647544079,995.7640154405802,2817.0414060942,3100.130132381472,2880.814413753624,4612.795169018147,798.9825833944835,5373.577126711796,4144.288863918767,2186.272559079319,568.1266602752996,2373.2921265570585,1190.9803016847638,3734.4841814671117,1192.0807344715847,4246.854830184891,2979.3523805872424,1744.334181200456,370.9039365338257,3958.561580160381,3826.062772863516,3522.89290553537,3687.6052107617134,4160.217366779474,4943.606908163747,2651.785517943083,3334.289463140698,3670.5820667503363,2311.2605205066016,2843.00267394997,2396.0523496977994,2595.5224079867385,3634.552846100991],
        [2609.605759300482,2761.423679588361,1041.128508539252,3096.5992722634132,2810.5542091406905,1657.7201626841752,3547.5088035143053,1502.3323656226553,3178.8318127208854,0.0,1312.1159566043284,3109.211979980979,3209.2678305000386,1712.8422145643742,4287.8809517748705,2156.0362579785537,2623.4935307936444,2415.571049930835,2391.8698200110116,3707.2796444310948,1354.3935757928862,3571.8405730826366,3298.508307381639,2444.7272454975855,2234.4878902888927,1890.1691414747042,3802.7549298355457,659.4193077378015,2050.999290303016,1929.5467995414017,2058.7902647812048,2224.5972908580843,1581.0279764201237,1040.207739396652,3008.9143674951883,2456.0561547547622,2948.937012764184,3149.3227971423603,2096.1507080795905,2845.073428003662,2701.2882468307644,3495.4294108573754,1909.9900398500251,3578.6966927008475,3438.0806516843445,1291.148692559096,920.3007719086315,1101.0777825480698,3708.769234650167,2342.868734808324,2002.63732946069,900.2092361088775,3239.3344444960067,3515.798490382207,857.2287115866153,2003.3905751040172,2724.8378118158457,1216.2354991619648,4038.0039221086163,1006.4635940026831,2983.669588420288,2326.216732700809,3118.7121915820644,1916.0952877843097,3235.2411106195586,1418.8358731116332,760.0005899895525,3279.427504423977,2728.1275273413085,2321.5910590847466,2693.211996661661,638.8649352392656,2265.1701153279055,2018.3797419323316,3977.4359624904178,2307.951556416804,1908.5283247170619,1090.2167216805262,3400.3221188856496,2220.091954347201,2015.8837020985977,715.6449123695032,1987.2358492315248,1212.3346745628596,285.72849105752454,1545.8794280175177,3548.6881206198477,811.7705040187244,816.6661872630585,2319.830514763696,1221.3123896548573,2846.607641662951,1767.19794288653,1523.395745214881,3053.9319580177184,2050.397659063088,1975.6590404453336,1901.0826111551444,2348.8793756200457,1401.3470471488263,2609.605759300482],
        [2710.4359425010143,4001.4723424526396,1641.549197766171,4210.538840289309,4062.050596571581,2705.1012194033738,4812.176233402183,960.4806849103593,4417.331970442483,1312.1159566043284,0.0,4259.35081106028,4406.117010281496,1279.1230382755057,5456.1167968388045,3467.9874956713743,3016.133555231863,3270.0903834830233,3233.7194012381733,4843.447410731277,2342.20663480702,4611.66262072502,4509.465415723683,3736.5692105288194,2913.2867985786315,3188.5122955453335,4948.381920343956,859.0344243373074,2604.014565962686,3036.717255467903,3361.703012438004,3523.4291980816606,2310.2416822272094,773.5811721143277,2960.945469509777,3638.8739476516084,3719.9086939404506,4390.94451064052,2834.075162171234,3744.8178842035963,4013.404098416092,4772.9088228767105,3211.7202123083157,4781.637398213199,4638.043401525255,1294.8817363249561,626.6041870628945,2394.9359532856815,4960.869684722254,1735.2104327266777,2686.778470387603,853.951544299955,4550.6500619043445,4822.70678661357,2112.9353142047726,2480.470174416896,2997.2248707554563,1975.4462904879006,5236.591434724003,306.62096333768886,4104.577711424717,1604.2899477928324,4236.117388063494,2772.6678256252862,4328.2928182672895,1556.4589949776507,2047.6125218840975,4473.265477283052,3607.4258444648035,3491.0743902426243,3203.928485496086,1355.6055531182042,2732.452132800344,2193.2727241952616,5208.698211123623,1696.6425135944487,1480.9781867757167,2401.578837144744,4685.253744396895,2921.81863684042,3292.867236995618,1210.4159521176841,3240.791452891315,1186.7354379258675,1582.2165120773036,2697.0610046883407,4788.010962229647,507.74118043725343,1214.0013803491545,3253.7697232916066,1911.9144424700771,2695.8738596110334,835.7227925778046,2191.629990493026,4126.1124520648245,2886.2765372000176,3221.700145813531,3032.2541802052147,3033.2582075488976,2137.3499194563105,2710.4359425010143],
        [3135.6155797750494,2829.3586866450164,2708.9276991217243,3646.510086314283,2758.763070816587,1567.3398441983584,1026.9349278153804,3821.770261879651,621.2657232637906,3109.211979980979,4259.35081106028,0.0,320.20519016705396,3754.2671675984916,1197.3079195914495,1836.4117804571379,2539.9771667769437,1422.8453467356778,4098.570983105708,599.1675106337602,1935.8143826031135,718.4734138895028,456.9231631660637,1230.2810351207572,4314.702518784495,1564.3064984036644,694.0821527668699,3768.578099414505,2265.8849148549893,1223.8092377231142,1531.6973756519715,1401.557823131828,2159.6294283814755,3596.4967737401457,3536.039407711232,664.2316655231604,1557.008621499496,640.8505249100364,1856.17604399081,1143.4304994456618,1750.9190825907885,1137.6826635468876,1590.9653675828426,610.5181293648541,3388.5787727514094,4310.495588985472,4021.8362026725313,2108.249777887394,1018.7970649489034,5418.902658123323,4179.193897475987,3461.6612338023588,1992.5914937859202,2304.4174658226625,2261.6710902182717,4453.24352493539,2811.5624750553475,3729.7810108511108,1014.0804097206758,3972.9914568006716,212.18711086683223,5423.905172808164,180.54681995956398,1699.4833624960177,325.2085221465959,4345.995341715539,2713.7314535744176,3343.361847467692,4193.824342588376,788.0715107811988,2269.213521957483,2907.3797202295764,2394.115861384133,4753.312584729744,1094.4598348013735,5386.410314039783,3791.1541127950586,2249.5234438646844,1187.617191186553,1888.2815452698487,1322.3544017578918,3737.064988677043,1237.2784450347544,4258.867445918809,2955.114433946102,1573.3506033953688,809.39433669497,3837.498045560772,3834.794957052415,3854.2786915227075,3809.59876870228,3667.6166874726923,4866.691961948232,2297.049612862771,3791.0814167321773,3944.110331276079,2644.8495941509595,3149.3258124217696,1888.3512147143845,2269.8034939144427,3135.6155797750494],
        [3428.1160937704467,2636.1272491812692,2902.2691146484467,3456.6145505491104,2558.162939310019,1755.0605649485876,706.8967321837816,4024.9232642169145,321.85038315399555,3209.2678305000386,4406.117010281496,320.20519016705396,0.0,3976.756381400689,1088.117106181151,1713.4340342840824,2842.364083760277,1716.3512141999902,3999.8968117244317,619.7954340145394,2119.7849572756004,954.3007658825968,141.16839155992028,1096.3507151765255,4246.75412426089,1523.6387267067698,668.9384871922244,3865.3607707306346,2539.5226755826293,1400.7738686514613,1454.433052843966,1301.7502152308962,2391.9437051996947,3772.433750605711,3836.3296959311333,767.5559745170033,1876.1614817797386,349.7021099016191,2130.1835989717415,1460.9056251441643,1542.9245697153517,819.3069493662229,1540.732057369296,376.05400476982516,3156.7195550869214,4366.668481908339,4128.64683750355,2160.641402919722,711.0986050764448,5483.257253706997,4126.00413015551,3632.0517661485783,1723.1534201142595,2021.3544258064671,2352.63207426936,4422.2788869364085,3114.2941685486426,3730.998969550997,831.4416959244342,4112.932687123455,522.639193060922,5500.483441373292,495.8100591017446,1949.96482237269,614.70467361615,4383.162571414232,2746.938127947914,3122.8919824916798,4068.164480445959,918.4600059650164,2577.152291570026,3066.041890623054,2680.6363354529462,4752.4155928351975,837.5292873139603,5452.053607369895,4025.8717934835327,2276.9660493814,876.4197244172105,2172.510477938422,1298.8182378779363,3803.8715635172703,1255.3822702257612,4322.538053225922,3031.8917042187454,1709.457833318871,499.5189257477633,3965.4412837724267,3898.8499442984375,3748.3836910321793,3815.847565657008,3958.4719113256224,4975.766321357543,2527.5443334845154,3612.3768195648613,3870.358009915642,2533.1867561600316,3055.0295657168203,2181.4081681389202,2487.0150917540795,3428.1160937704467],
        [1477.150176181693,4376.625746092052,1131.621334425687,4792.769528678367,4408.761872566138,2235.837018849556,4526.336757084178,320.1044800442161,4079.6250808208706,1712.8422145643742,1279.1230382755057,3754.2671675984916,3976.756381400689,0.0,4920.759601721255,3557.0413851120566,1899.435600920829,2488.467638770565,4077.039706199188,4280.6571851996,1890.5514916996005,3923.344084072315,4103.028504818984,3613.963610875146,3858.292675391982,3143.124626989732,4395.902056100529,1755.9098028155697,1657.9722699144143,2589.827827874178,3326.650378286882,3451.31541945371,1596.1127055082445,725.4751237225012,1685.7545718924546,3241.7164585752353,2813.4530760832367,4062.652092812036,2005.4813161672157,2958.6112186221594,4055.870559792235,4532.096268047467,3182.6977559918814,4343.489220718525,5082.5916010084,2434.6037917989374,1698.8135215375958,2432.9791433884384,4631.059325558049,3013.737162873497,3622.5077808722394,828.8810423497789,4605.97922203385,4926.543556041246,2109.1977573170116,3518.7450538127837,1817.2591447906536,2835.3528032890645,4768.335136922832,1255.8711807659317,3563.5493564106832,2876.2796033183577,3680.153041423537,2071.3715760081445,3729.82571763083,2676.932305133929,2403.6623812136586,4931.271438309266,4425.975423280289,3084.9341083851004,2144.4343320908197,1220.3830669462309,1698.5804209970868,3343.1594795428355,4814.03191119959,2975.259993068984,216.303117173896,2547.3064905013453,4477.328579428273,2046.0738486011762,3151.5244393136395,2104.5115774255078,3036.935182685292,2321.2219214706647,1972.0484005024528,2374.886573166006,4432.3753039686735,1379.6985403496944,2161.6722977819336,4024.694503702378,2807.6521516662297,1416.752159641345,2104.784579072064,1458.2153026534597,4760.710816420637,3728.4679088113285,3606.3229956437926,3604.0901933467617,2126.110344903642,1489.7854436505593,1477.150176181693],
        [4150.079727543272,3475.195042513634,3899.7636123357584,4279.671233916468,3381.857105066944,2763.0385078661575,1140.553736313708,5004.610228938843,1221.9186414826331,4287.8809517748705,5456.1167968388045,1197.3079195914495,1088.117106181151,4920.759601721255,0.0,2711.515125707178,3518.9652014189924,2488.3230380909954,4987.174705053923,641.3199549348149,3131.3729545843507,1126.8224183779184,1026.047539551987,2112.463504767191,5269.528370847867,2594.0713863219707,524.9723871689135,4945.83461583701,3361.2367636815725,2421.114516267119,2504.3907020748566,2339.1136163569854,3325.7240163647434,4791.735269655047,4503.52972027154,1832.3822792945928,2420.2375753746765,1260.1707709604389,2960.591728780732,2083.9217927971863,2407.903530759897,1304.328887213498,2605.963291382514,746.3999495119708,3863.9539200677445,5454.7855880369625,5205.151017463035,3248.5250280551372,938.6919102349021,6571.219388593226,5164.2159793988785,4658.054312459697,2374.135146071885,2571.0859684787633,3433.31511119405,5477.854890674609,3780.6225090496755,4807.54399155091,345.3690796351564,5168.604567299147,1366.2034158726963,6587.110157565803,1243.1040271049303,2850.266362015607,1195.3215822110467,5469.71753951352,3834.061420620989,3869.048320517844,5013.959200490563,1972.045989388764,3221.6680850184425,4104.673053826071,3448.302087394791,5825.942187743173,627.4432948622738,6539.936429871296,4942.803495592372,3363.9106691624165,1440.8030716286933,2964.402120126341,2379.0304408229213,4891.34637994236,2343.2731639051876,5410.403821426466,4117.370919137312,2765.060306226885,936.0194481520036,5029.876530242978,4986.603351379021,4728.139984316422,4894.311091975603,4680.453024188465,6051.678704115391,3463.7326127338424,4459.397203352719,4889.312971671069,3523.052573169699,4058.243877197311,2934.282237373759,3448.5452562079126,4150.079727543272],
        [3691.6654510532853,1109.5000384765685,2450.4684574188695,1878.5543264466432,1076.164269658365,1681.2140399184693,1669.8893470636149,3465.324505928146,1494.4206771106797,2156.0362579785537,3467.9874956713743,1836.4117804571379,1713.4340342840824,3557.0413851120566,2711.515125707178,0.0,3308.857669692418,2347.7644442816313,2288.185222253618,2333.154286238153,1846.8626550409776,2543.382670625723,1718.186441675724,617.1567299555383,2558.2550318303206,497.64574612785964,2377.015108879872,2716.807384857445,2762.2105848558203,1509.3819122697419,374.1438717539257,441.73512720081777,2333.8409348775663,3067.007184104025,4153.681663340226,1333.1005187471392,2820.582056789904,1455.5385172997592,2462.541402646955,2456.4634216647196,547.3016413405769,1556.5666752565446,445.9953778865483,1976.0496722091254,1799.0966250066,3005.2532206082715,3005.9316410977835,1132.0132360051762,1873.3338014713186,4109.592242704479,2459.754949788161,2910.495419684587,1084.7604151009386,1379.4289507481158,1455.3283038756954,2793.405083981043,3546.423918267276,2207.3594996987813,2383.631177955206,3162.499440506443,1866.3377226207588,4173.219600086914,1966.263374477415,2167.4765608305893,2130.792873222123,2949.9549539713917,1447.3201888701392,1699.6784496802668,2359.709241192532,1345.4268080271418,3164.1543610069916,2364.545898987419,2994.426452351939,3188.8558758845807,2202.6311457463053,4084.1444968003757,3691.634836650056,1071.2710539343666,1428.6022904772783,2580.6930866939315,674.361571319177,2523.27088633573,850.9959539018306,2993.415784757287,1889.7306106399374,1387.885692591281,1792.6528683315637,2964.6318415560195,2598.9039091683935,2035.1881533789565,2304.0988411438852,4145.3980880607905,3809.7831417000007,2418.4391016221275,1994.9894106993738,2177.831889293084,820.1169985188318,1348.6248824739005,2671.290733316142,2297.7755400733213,3691.6654510532853],
        [641.0873349570246,4385.077783852073,1593.1878844612486,5049.118135556968,4370.507213901938,1632.4805300998946,3527.585025694251,2147.08290078398,3069.553011004544,2623.4935307936444,3016.133555231863,2539.9771667769437,2842.364083760277,1899.435600920829,3518.9652014189924,3308.857669692418,0.0,1132.8055682816364,4811.708529484234,2902.264896772851,1577.542202209066,2403.7192621288195,2983.518734116786,3032.3722654665726,4771.699810877594,2811.2286110530144,3019.555787999685,3081.7321496945865,607.3579546475378,1827.348796829526,2954.6544807993732,2988.4975323514923,1119.479053183827,2252.057512896882,997.0248481333952,2321.1678520846804,1115.7968736976527,3069.96411061869,848.1776595796124,1440.4737572867984,3629.358981444999,3599.971278302589,2862.931272737603,3141.4283173028525,5098.849177321742,3824.396746833205,3182.855520597212,2506.9039551838628,3553.3367926271303,4682.711893508134,4553.392834448886,2215.0458568455997,4106.384002177047,4455.163938942781,2303.8543052643254,4613.919074751513,271.9628258660851,3804.0934184186726,3473.934477617153,2856.905576473683,2327.9428791826967,4587.174785495201,2398.533494996938,1141.4445345738766,2372.7343917162298,4004.0845667679296,2904.9594644151307,4985.523611126094,5080.662342069222,2197.144182085092,305.4663672898499,2010.0485467674653,366.6080839982149,4634.274475521345,3620.5163028871443,4643.970124867174,1802.0068307734377,2715.7774815809,3602.3488357829665,740.7323293008859,2669.9796794075132,3304.8600841243447,2495.6699559913036,3723.2063455207813,2720.2073448734004,1937.3515368636702,3341.8631057316793,2863.66332790315,3397.8929104046506,4660.7208572447935,3826.4491856618088,1163.6019930869306,3839.535547806682,1125.8632874502534,5099.2272692029765,4510.233124697365,3772.141122105547,4031.2284759746467,682.2815462990945,1265.1665854379276,641.0873349570246],
        [1713.0550704517475,3455.528251477705,1628.7275477323979,4189.366184869606,3423.672440587683,853.0934692040876,2395.538915957694,2625.2115211778664,1936.8026130803732,2415.571049930835,3270.0903834830233,1422.8453467356778,1716.3512141999902,2488.467638770565,2488.3230380909954,2347.7644442816313,1132.8055682816364,0.0,4197.36472917806,1850.711083249853,1066.0557005625471,1438.099092280827,1857.1966188532474,1971.0909390397444,4260.850750312198,1865.704217990163,1968.9940896902704,3024.505128033064,873.569602522265,849.6143648689077,1975.5709139760672,1970.6900028618088,961.8734299566906,2520.3644211030837,2121.613371095895,1208.260051286303,556.826260174178,1937.179823119821,484.0341345479406,479.1249652682607,2584.479958853827,2467.29505655964,1916.4524211208486,2031.5054625873074,4142.688306697222,3706.658819056488,3215.651312821656,1834.1856272098696,2427.1410151067334,4725.829652993897,4068.8193662766535,2417.730113601718,3025.483532096799,3372.6710899379964,1765.827739694279,4225.1857280039,1404.249495408309,3414.1214108525282,2395.8422284459075,3027.21278882866,1211.1448265650397,4679.089907046383,1296.1991702800583,508.27783328736894,1299.5570966428706,3823.326527550727,2385.3415527793713,4047.3597954571883,4407.70956614798,1100.377415220435,892.4696592266832,1966.7834018989622,973.756413741582,4374.001489679868,2514.6835871636854,4689.091256552046,2482.7447465373925,2047.0160803447648,2471.731337493377,476.44306758630046,1676.1255174300752,3128.6747246830973,1498.0055997040968,3625.4960048987973,2389.1942476045724,1131.0239691344307,2215.453509009394,2951.7323238478557,3230.4445225256018,4003.7003705195193,3464.391697380449,2244.797441733935,4007.3180553572506,1088.122708098214,4272.967556680139,3943.1799760748563,2952.03673537451,3315.458074236651,465.62611638426404,1132.8942321568502,1713.0550704517475],
        [4934.91839318089,1721.2720618952808,3356.651352844046,1312.197106080901,1829.1262917465392,3351.7475186125703,3895.388884655701,3825.671581409798,3779.088801396944,2391.8698200110116,3233.7194012381733,4098.570983105708,3999.8968117244317,4077.039706199188,4987.174705053923,2288.185222253618,4811.708529484234,4197.36472917806,0.0,4618.96444501958,3261.6458775765145,4782.589134662564,4006.113161808729,2904.095054221604,474.20261468425934,2552.6761381645015,4665.023251831389,2411.0047722138693,4204.599354351119,3395.7022026715495,2566.89334759585,2703.3337906565544,3692.3474839057108,3362.4433666946566,5361.240000364155,3514.950932134275,4745.906861476609,3740.089676018685,4084.3201042801716,4471.462765081199,2609.0135866688734,3756.197364000489,2518.762869268234,4260.212273984864,1949.8224521120214,2052.1931052471914,2607.204596712928,2368.7562911690384,4105.599625147266,2776.083108628012,608.5078484170475,3248.175124486395,2866.4550969286365,2917.4508627827895,2513.8889632780115,994.6616039188928,4971.828890597347,1267.904160363274,4651.897223732292,3022.4285455937447,4095.3637961260233,2938.1140357728586,4209.387924137258,3812.8485185728123,4370.717790558059,1819.689667006095,1907.7163730960924,1796.9767283484282,377.00143756059606,3471.8843979390954,4791.246785628131,3004.1003534578617,4446.215547269069,1528.3151832132546,4442.910733174764,2770.199997928881,4282.315537667468,2153.691264572945,3617.3383348088955,4220.431575456997,2799.670970298292,2041.1467750986662,2928.615903225234,2130.422352388639,2181.8747338949747,3066.6458519762846,4055.861408763599,2820.2116318196067,2022.3466519967815,265.0725746227178,1322.8348778579466,5223.562007825489,3025.204312527071,3694.743086459484,1130.6460004625806,351.4623368901595,1468.4078823452553,949.29712222477,4343.3249853687075,3552.483560833032,4934.91839318089],
        [3527.3748376149438,3237.3183138888458,3269.351365601974,4057.2481502563755,3155.3498000410914,2141.130710691303,1064.5214319375316,4368.553917851755,885.5738642695992,3707.2796444310948,4843.447410731277,599.1675106337602,619.7954340145394,4280.6571851996,641.3199549348149,2333.154286238153,2902.264896772851,1850.711083249853,4618.96444501958,0.0,2508.2242964376633,577.5878534152904,639.1905058900358,1716.021216434064,4860.443206094289,2123.154467701812,118.38650617047585,4366.695912832448,2722.5155363180343,1807.584532730678,2066.4403648812586,1918.2427956284414,2686.4600360904433,4165.834582363431,3893.5747991232856,1261.9441605493673,1822.2460818690324,922.5697403675997,2320.4490663162674,1461.9873133752449,2142.474896963315,1224.9245975462595,2144.2239892135008,482.4710619560761,3725.067809656865,4908.613183589,4618.412068467061,2704.4273803659376,938.7643577084854,6017.834233218113,4735.179693936683,4034.922721822769,2255.386735488157,2520.3257702235383,2860.764303159542,5022.831506756435,3167.590653740189,4313.854319385543,587.6715530455716,4560.345715274657,739.2495491153306,6023.046465929482,610.0706397980963,2209.6543468156747,554.2042688836153,4941.16643844254,3306.801941998434,3702.5668207188273,4687.532651825356,1387.0065579829013,2609.750131455077,3488.751295001105,2815.6344747976786,5337.262775817306,814.5772967122438,5985.400986897855,4301.554135999664,2840.340440636661,1330.479330328895,2327.132954248548,1888.9804624751735,4335.923141891371,1821.1501801492843,4857.622981731034,3554.2384065990113,2167.9192829467042,796.6858753246486,4429.18577724397,4433.496342024102,4367.93224743117,4395.630916877754,4059.420554469739,5462.40999981217,2824.4359637371795,4218.427773045643,4485.2793795461985,3152.7594978172283,3673.246372102358,2301.240576397823,2812.233300999221,3527.3748376149438],
        [1860.718836023587,2861.9408622552514,783.7156563746664,3485.185899761236,2860.6005227224996,368.4745700924694,2637.481242349259,1909.2997020580128,2195.7106514951006,1354.3935757928862,2342.20663480702,1935.8143826031135,2119.7849572756004,1890.5514916996005,3131.3729545843507,1846.8626550409776,1577.542202209066,1066.0557005625471,3261.6458775765145,2508.2242964376633,0.0,2277.027001641506,2238.192601927832,1759.9487571312845,3267.830427582046,1367.46336797662,2616.0557172674044,1980.747060898606,978.0737965494274,719.174080077447,1540.2517988867837,1631.0643200730763,494.7375146950585,1660.6840524037261,2322.5180054033635,1364.0580687485262,1611.3625053205333,2177.0242600164374,827.4910172617289,1491.4677414458508,2271.8267869412803,2641.582792654243,1415.4744944623244,2493.8694618172117,3585.3097701692764,2644.8938968145853,2192.9694022818717,929.3970466924434,2748.833903286638,3683.6795991110207,3062.8519479016577,1527.051005003727,2805.747887919799,3144.17450612978,751.4822625651599,3186.9475700783482,1775.9417154445557,2370.5116261883395,2936.9034815999835,2068.5367897732676,1769.2364720023165,3649.6207692284697,1898.699388824599,584.3752751576501,1986.3896379692173,2757.4023940479215,1376.1417768974923,3460.0935093587777,3514.5458300503883,1207.8384456662623,1530.1673850069083,987.5626469464685,1223.283895257084,3312.3138653282385,2950.6244472754624,3647.6938295075647,1973.217194124885,1138.737510567452,2588.6154180046633,963.2731880635739,1311.0048879606356,2064.61201751631,1172.5773254604696,2566.5878818427236,1325.2548370563827,499.3477123755536,2554.6615342937794,1958.9547548999042,2166.5570291272716,3096.911291464452,2414.476037829109,2299.3043183494283,3013.628915454808,571.6346562247345,3526.9144871333183,2977.0674182706784,2205.6749417283077,2454.9092651945916,1089.4699133382164,457.0973378571273,1860.718836023587],
