{
    "drone_dist": [
        [0.0,3635.9296171717024,1623.9657251552012,2279.411000290083,1883.2711945013798,3914.641692937798,2619.4963580761964,4590.933195279995,4152.984938390778,3315.120423534048,2549.86153245606,1794.3472761819316,3112.330075931282,2557.761057425405,3952.890350146519,2326.214296939693,4006.3356448182453,2217.387967632703,917.7019093240334,1344.5053979653112,4028.0020598429896,3755.0247193057603,2418.430513680421,3717.324224032882,2679.815564858309,1781.6141199713904,3404.501551693445,4018.3312092784713,2432.041821678197,2793.2949742517194,3731.3866985546692,4221.46187158611,4445.802797186479,1903.5385484106725,4311.345431394125,3120.8230726824154,4367.5809827178355,3708.1144627445865,2357.7068836791304,155.8917484887247,3711.1842438971325,3408.341594743384,3358.7367240958674,4489.603896218035,4457.592343574274,1829.6037605602498,3190.412976436465,2097.296886202079,2487.909768228897,2094.959786512771,1594.7749517731909,4886.552251693038,778.0067526135025,2979.603968421394,4015.435721911655,4615.976051721062,4309.04120752972,4231.656432032921,3752.972227981198,4258.545249843609,0.0],
        [3635.9296171717024,0.0,2289.4401713307147,2699.087313372001,3090.8968635087363,3768.3605939352556,4141.07411987831,3390.639083470794,2127.3547186470328,385.7813134456991,2423.931158132699,2300.410677744837,2295.1392645039987,4155.588048465634,2292.493831328181,4958.7522291996565,1757.8972804404852,3072.16617985239,2722.4337259745466,2855.1922689047155,2509.1446509438374,119.11416104134086,2135.4401565393705,112.51352298539774,956.1317160041903,2014.41152181251,1272.7446214082213,2526.473967024172,2689.7418970669696,3886.1871825847015,1727.5279055273502,772.0463453272047,3002.352955594458,1817.282557666636,3852.910699658383,4179.619651903282,802.7087252244472,663.6782751939295,4489.78500221741,3776.384015036956,2441.1759195894883,767.2807059745385,339.08144783080314,1958.6986946680886,2053.3230233093814,3124.9759273832165,2892.667121630264,3256.820385320577,3890.2932589357833,2221.1401876110954,2046.9396189378294,4079.1375904560837,3020.3860036289,1423.3746342789295,4452.462796175974,4356.506913295407,2558.241182030378,1100.6932880639547,2620.8000105032925,2688.7034009943745,3635.9296171717024],
        [1623.9657251552012,2289.4401713307147,0.0,980.1571948692731,2359.1903963226923,2718.6975076903036,2153.727836198245,3128.5731395106427,2538.4088296169016,2063.4041294294966,2448.027087878506,232.86897539240886,1570.6825052632423,2138.18414077927,2361.636530274736,2709.7691191781537,2382.3705296078015,1185.3117695659218,957.7509944901503,569.467144006082,2460.9009725683495,2403.5655347241673,2146.0532554561264,2390.9376017784107,1414.7839327058562,1277.8136905769652,1794.7321584436902,2454.682509893423,2516.7645799446113,2064.1892951673876,2107.951480152952,2732.1232609739204,2921.2010866634855,1177.3186125903333,3042.2519173420687,2421.524544143564,2913.832729328505,2188.948239361681,2325.0850278681814,1779.8560144168202,2157.926366249421,1874.6802171824356,1964.7682101493706,2865.873724064407,2834.054821345274,1008.13778302668,1822.906269048122,2621.220523229466,1915.9022656845543,1894.862473334937,823.8294990495247,3551.956485888314,1403.5481469307517,2247.882787049094,3088.3052203323473,3446.883920599521,2727.1510502817578,2668.7579025725595,2231.06943884999,2699.4405602637044,1623.9657251552012],
        [2279.411000290083,2699.087313372001,980.1571948692731,0.0,3333.7345239190345,1749.060317604271,1441.9904912306542,2312.070077295413,2083.1542586720666,2597.5615399751237,3405.5124089299065,756.52411560605,932.2931271480614,1458.0618844266698,1805.5742777798073,2400.1204561283917,2070.738812298033,378.8751943440775,1869.4071856111696,938.0289775973051,1827.0904224949309,2794.285423118113,3090.9114230961636,2811.0978135461405,2047.024388018745,2239.4589772920112,1731.418501470862,1812.3892768465666,3489.7600048219815,1216.4318411034287,1791.6251200268232,2893.461532263597,2189.1806686667337,2110.253181615292,2096.2512305454884,1547.4993804706899,3118.573589992398,2352.847132410691,1842.961628931421,2425.0582197611648,1503.0785751231804,2054.525843176504,2361.5662757940995,2541.3716784037206,2463.140078162264,606.5777404914337,914.9364191900128,3596.420732386741,1191.3440558173152,2859.072937678854,1791.8669298772877,2639.074565380398,2298.3781008990363,3068.3034924067174,2118.645829756755,2477.5208401937875,2124.312226714898,2675.7257900875147,1508.2662167184017,2038.5264711874702,2279.411000290083],
        [1883.2711945013798,3090.8968635087363,2359.1903963226923,3333.7345239190345,0.0,5077.825356166109,4230.2747440565445,5398.181462599224,4530.412954064952,2705.1603707481013,917.1249265829092,2590.535979495251,3829.4901349065867,4186.181395761325,4468.612696236598,4189.7600446925535,4252.33773894361,3473.953799518993,1526.9083623156287,2557.1895347286277,4621.49290941786,3192.2835499065213,1030.222646837948,3121.035763745333,2322.9008790312964,1269.9494342321627,3553.358188923805,4622.579632696581,674.342757637201,4276.607256988804,4039.60258526979,3846.336481805795,5130.645797287022,1487.0497536560033,5395.902106557483,4635.057618801154,3891.709121671209,3490.5422132341278,4123.85118491561,1904.654643687806,4361.906419819853,3287.4866956258343,2962.4021254813124,4665.34294985991,4693.195480986577,3173.8066364909046,4172.034771451413,263.0808244891153,4038.58267762144,869.9076470546637,1614.554717811479,5885.226731245592,1218.267323436538,1831.985231473676,5406.253717942686,5806.072544711844,4837.550001598215,4057.9634014492,4474.401359736322,4862.942318287723,1883.2711945013798],
        [3914.641692937798,3768.3605939352556,2718.6975076903036,1749.060317604271,5077.825356166109,0.0,1758.1921828833263,1163.221659305299,2029.5205637349247,3826.752060090021,5077.758582813203,2487.9734362210565,1501.281532321744,1836.4801391162553,1696.144787961348,3040.470169270746,2299.200492290188,1701.6965045259733,3615.5444682794864,2633.9471475520204,1516.7043072372874,3824.340466784795,4748.181978970773,3874.5803940656797,3459.426430518558,3935.3329213711404,2504.906986619726,1490.5292328118442,5191.367963728398,1358.3363325060727,2157.020660416188,3601.3221358481915,1382.5006572906825,3777.9977325950035,435.26017500272224,1267.718650184962,3844.9702447092673,3192.8878584011363,2395.5610055328166,4045.5507420984222,1400.6245371378045,3002.4555069367307,3479.5122180984804,2554.7433534374186,2414.5202896692886,2085.163463564593,955.7992991251659,5339.917859993182,1687.077418487641,4549.2840368800225,3503.9313743296,1041.2316445288814,4037.795360743947,4571.851537635033,782.4036953153194,728.6360814976248,1712.5422125013883,3208.84173867089,1225.2110197237,1521.8102067145346,3914.641692937798],
        [2619.4963580761964,4141.07411987831,2153.727836198245,1441.9904912306542,4230.2747440565445,1758.1921828833263,0.0,2837.181910923683,3197.582045600037,4030.0131460328007,4539.43515454103,2004.378745829674,2120.572148245553,80.82122030466424,2859.662351014211,1289.949884570068,3303.048496725491,1071.7717335465063,2712.784270040192,1720.0359623831107,2782.594261078724,4236.018407242865,4263.338308764245,4253.067178018414,3450.665108530688,3388.919458216759,3116.183027045536,2759.3641434547967,4557.361250272134,419.18785675702435,3051.380851525894,4301.632876140792,2919.858628668949,3320.817773403303,2190.582277714521,563.1427772805937,4533.69398738845,3772.7622495964793,639.104973260202,2712.134663244207,2502.946651047021,3483.6705375349898,3803.44684341934,3720.884853938565,3611.335645703371,1146.7116462572785,1671.1525991574058,4485.953596440153,251.46637678384045,3982.4872047207373,2940.760228934355,2790.7762989392,3030.5894949647445,4395.641770130694,1509.660303497128,2295.0759076358318,3068.190511016487,4039.4619729810984,2409.055507806333,2915.5008450944088,2619.4963580761964],
        [4590.933195279995,3390.639083470794,3128.5731395106427,2312.070077295413,5398.181462599224,1163.221659305299,2837.181910923683,0.0,1301.0539183042429,3562.209772593027,5197.388581135754,2903.2423725916433,1572.669946878832,2910.115557579738,1100.1231984212932,4125.967184014538,1662.275212220408,2443.3570985510146,4085.7224274006885,3247.1801628286466,886.7962884725672,3412.383935045279,4856.022447008701,3480.878020022466,3389.2421633096033,4154.902658520843,2162.4255015394906,872.4884661466457,5366.212366206153,2419.2643056809866,1665.19758210722,3002.4554539438805,403.8777675130606,3958.8724854149646,847.6740078695647,2402.5323437417896,3230.0240370600145,2738.381585514677,3473.2008382115982,4737.097127147992,1056.5954659563488,2655.3724370721816,3173.3644655031926,1713.9607910722073,1568.5153774660596,2830.6024977429424,1412.0173525549724,5649.829479755728,2714.008346722642,4725.406246221768,3784.5190645210973,718.0859540889961,4530.7729581819,4491.307997206879,1879.2048058348157,1240.3229392023661,868.1844737730706,2556.6138524784137,925.1343802539731,707.577747754391,4590.933195279995],
        [4152.984938390778,2127.3547186470328,2538.4088296169016,2083.1542586720666,4530.412954064952,2029.5205637349247,3197.582045600037,1301.0539183042429,0.0,2345.0468929222343,4168.415972370423,2358.7657821785347,1155.2684348587015,3250.305252480165,349.50110070195274,4387.013405783523,370.1759121128173,2385.324774763995,3447.7818448649555,2871.253961328755,514.0733464352691,2136.669705686016,3830.540858247492,2209.8264638741466,2308.6790050846084,3260.7061196582667,1008.1806723899468,539.9479061268135,4374.592442747028,2806.8713062478914,492.755914071221,1701.8266554312186,898.6747658576447,3043.825152328761,1942.4794707824922,2953.4594771952334,1931.4689673410749,1464.9202091348093,3763.750984115097,4308.402225756561,703.6567801475212,1439.6193843974784,1950.3860396320094,539.3317950932052,415.55510026604463,2689.655898310506,1530.8509504769168,4763.0478395262035,2993.672225054575,3760.5377031318653,2977.966158096411,2015.4416657483087,3883.052971180572,3347.1516690627373,2808.6263338669864,2429.571803754611,437.36696426441426,1259.4544604008163,838.7971261635709,598.1552468599258,4152.984938390778],
        [3315.120423534048,385.7813134456991,2063.4041294294966,2597.5615399751237,2705.1603707481013,3826.752060090021,4030.0131460328007,3562.209772593027,2345.0468929222343,0.0,2048.8062267296673,2108.6196461180416,2328.569243078144,4037.3161193381206,2464.0878177907402,4765.885142991429,1983.5575089988847,2958.793685217804,2397.7013130396076,2632.8121904278,2675.43077040553,489.9456522051807,1753.9919174437166,426.7005589109682,659.8778344381788,1647.7794042215935,1401.3498474408218,2689.946489961115,2310.751876479141,3807.616571017322,1903.3515797473162,1151.7295977525707,3187.6128942171276,1459.1996545353295,3952.721041988482,4119.670893499798,1187.4014412915267,932.0694781425631,4331.888337572771,3451.2960591698484,2563.735403349294,910.4519981269846,394.66294454270536,2246.357396966364,2326.4789458449122,2964.8923569308895,2912.7059288762434,2871.588065720659,3778.5946065638836,1835.3740972469936,1720.3525725321138,4228.965446476616,2671.8806222339017,1069.0966220110095,4472.52269537855,4452.0995261371645,2762.2240972822915,1441.7194348397472,2737.6208051396256,2874.3167943672333,3315.120423534048],
        [2549.86153245606,2423.931158132699,2448.027087878506,3405.5124089299065,917.1249265829092,5077.758582813203,4539.43515454103,5197.388581135754,4168.415972370423,2048.8062267296673,0.0,2654.5203818972864,3683.1436823487334,4509.498112235698,4175.496060979825,4734.745797170647,3847.518582694241,3632.6410107329334,1898.3174068146732,2819.7663478470004,4356.011920584968,2508.9417945169425,341.53918508887534,2429.1462339050827,1860.3854442871238,1170.2321937668746,3160.6783551883814,4362.20627627898,286.8401906519882,4501.912635218768,3679.053624617788,3195.976703749109,4881.788721602353,1301.591538828989,5338.962419423337,4861.801644566883,3198.201011683333,2934.1680048140583,4555.664120473186,2612.428329009857,4140.827220410631,2795.2493736485753,2376.6715147018904,4203.917829614193,4257.038608703821,3408.898311739972,4129.399219800128,954.5116460115493,4318.822791857549,557.5619780314724,1624.4967328067357,5763.485882463574,1782.4828515457195,1030.647458612769,5524.14123558685,5791.59619786467,4528.716921911911,3479.289213168083,4280.3245635183675,4588.909013677685,2549.86153245606],
        [1794.3472761819316,2300.410677744837,232.86897539240886,756.52411560605,2590.535979495251,2487.9734362210565,2004.378745829674,2903.2423725916433,2358.7657821785347,2108.6196461180416,2654.5203818972864,0.0,1353.6128572438386,1995.8370533812795,2164.7933813294912,2661.302403406178,2225.7958140395485,993.3839765850163,1182.9821752274247,587.9652017772497,2254.193000548393,2410.6036513342733,2345.274985366521,2406.215475464078,1481.2449151676483,1485.809213659139,1676.2684361499405,2246.8258934575383,2733.593386706955,1882.2120419091937,1946.4287959689013,2682.3536207814836,2704.528327196866,1367.7229276721587,2809.4862455843636,2235.3585303933974,2876.8085520438426,2132.286915060545,2230.944276492466,1949.6776804816138,1946.2019742561165,1815.7390506311463,1966.9867126886056,2712.1801884475485,2671.610570467099,875.574866786776,1590.0905246192706,2852.3009881371645,1760.1671341426559,2105.1573660484264,1035.9662009132678,3319.7217016410214,1627.5710404509764,2393.245024398027,2872.290201863001,3215.856777965239,2526.460292526958,2581.527112240538,2012.2256705181783,2490.66994907138,1794.3472761819316],
        [3112.330075931282,2295.1392645039987,1570.6825052632423,932.2931271480614,3829.4901349065867,1501.281532321744,2120.572148245553,1572.669946878832,1155.2684348587015,2328.569243078144,3683.1436823487334,1353.6128572438386,0.0,2163.2668030928976,874.6136267174886,3252.8932207633625,1190.2873918022624,1232.242769119893,2527.4819555980016,1783.0471378684977,917.804593922052,2361.9007398798744,3344.6766626961853,2404.508148615671,1971.5355824081532,2598.772083286344,1076.0998135627133,906.9243774529372,3831.370904705801,1765.8565395868222,931.1487838294094,2255.3120773129403,1351.0466490678245,2411.8774021140543,1678.2812246196659,1988.2547452118172,2497.2968359017746,1774.81132610099,2645.738915313914,3264.669402057957,598.8541821820053,1541.0431974000855,1991.7792832020768,1637.047005869843,1546.8616857371405,1537.3710041364548,599.2860121774299,4083.0865076737705,1896.212527560761,3186.198349980919,2214.950138773176,2081.7072825218124,2973.5029595173255,3090.3792408079707,2157.3964813305947,2160.0575089553276,1207.0416750560219,1941.3731267790881,660.7755973634575,1146.216403018175,3112.330075931282],
        [2557.761057425405,4155.588048465634,2138.18414077927,1458.0618844266698,4186.181395761325,1836.4801391162553,80.82122030466424,2910.115557579738,3250.305252480165,4037.3161193381206,4509.498112235698,1995.8370533812795,2163.2668030928976,0.0,2914.219832918056,1215.9266399844796,3348.813225496889,1083.4675889405187,2672.4756749578023,1689.898639974119,2841.2892295390625,4251.87610874832,4236.915093091486,4267.356583460054,3451.269099754892,3363.353492841275,3147.1626480311884,2818.3097729071337,4522.742122703001,490.8520187464559,3094.415539615496,4330.021931171976,2987.397328656948,3300.188440728725,2269.327631819887,642.9234157472224,4560.73190914047,3798.2556360567773,563.6400509128674,2647.9703261572413,2558.188580909034,3506.4944101689193,3817.400675549943,3771.185529336951,3663.2968657531874,1130.0525527513823,1727.3380979533335,4440.865564831325,271.6627857942374,3953.102009651572,2917.217328607626,2870.089902439763,2982.745110657157,4383.590627990359,1588.9099269305361,2375.892546626317,3128.5528989449544,4074.524920475485,2467.9077129021935,2977.9397274074067,2557.761057425405],
        [3952.890350146519,2292.493831328181,2361.636530274736,1805.5742777798073,4468.612696236598,1696.144787961348,2859.662351014211,1100.1231984212932,349.50110070195274,2464.0878177907402,4175.496060979825,2164.7933813294912,874.6136267174886,2914.219832918056,0.0,4064.121679091303,614.9236753371965,2084.907380684766,3298.020777982534,2642.053596493719,217.85715211096013,2317.941987744599,3834.5549646244294,2384.56416271961,2332.9731259854107,3201.8424249892855,1068.4170959863407,237.71005623530118,4364.671611641268,2464.7797651409287,565.373200852429,1959.3227293048503,726.2483864247203,2992.0003933096073,1642.9729720175455,2605.1784658584415,2197.318160189604,1645.6080572914932,3434.889296513552,4107.092551114071,357.75702237868717,1555.7814579843796,2074.0028914578006,888.789474710829,763.0668373176736,2408.4604195264515,1189.3786580876715,4709.766626191466,2660.7981187197224,3735.654717922308,2881.4511239247254,1789.1908224202461,3740.1961458149785,3415.2927794444304,2471.2956667815174,2140.062050324315,371.8243149424675,1537.0491940485806,490.24270500292033,417.6305147666341,3952.890350146519],
        [2326.214296939693,4958.7522291996565,2709.7691191781537,2400.1204561283917,4189.7600446925535,3040.470169270746,1289.949884570068,4125.967184014538,4387.013405783523,4765.885142991429,4734.745797170647,2661.302403406178,3252.8932207633625,1215.9266399844796,4064.121679091303,0.0,4439.4431728467325,2039.2313516015583,2843.0106027697416,2146.177129020297,4013.2351993112907,5066.954829396734,4525.569410072852,5065.742232457597,4123.790231935372,3706.105515174993,4127.774367850867,3991.5913318155112,4673.496824100872,1706.7401634176736,4169.092809901123,5266.531392039317,4193.894851949913,3715.6545090361665,3468.9376647159065,1789.5927205956486,5481.32315950248,4717.011561796323,652.9390020874696,2346.611950996679,3714.725804142377,4406.7829200371625,4622.82812540546,4888.766499848869,4792.352876919243,1855.981516429365,2897.4295785163567,4415.863367424614,1427.6099640060045,4209.118133093111,3317.492735007612,4062.3738940578237,2993.2770561991515,4868.098146022406,2674.108423015929,3522.634050652998,4307.100569451358,5073.649547838376,3642.8617354079174,4166.278685492928,2326.214296939693],
        [4006.3356448182453,1757.8972804404852,2382.3705296078015,2070.738812298033,4252.33773894361,2299.200492290188,3303.048496725491,1662.275212220408,370.1759121128173,1983.5575089988847,3847.518582694241,2225.7958140395485,1190.2873918022624,3348.813225496889,614.9236753371965,4439.4431728467325,0.0,2406.5443336037138,3251.8548941499907,2773.143235718588,823.7378606397879,1766.4939881472972,3512.478704269667,1839.7517640195683,1988.3913225862084,2987.1097895563094,699.4068032045238,846.8597723349225,4062.7897739842724,2932.39133340326,284.1419894321738,1350.4108874299177,1262.661122538252,2766.7078797708596,2257.695715673574,3116.05353926891,1585.779269652883,1095.0243778996758,3835.9790314471834,4162.226274660918,907.3161660115768,1084.9880546672061,1589.179244893057,487.0462448481052,457.3737402979856,2671.2899001804653,1674.3007023108826,4478.085637042403,3083.7619568300115,3460.2852027009885,2737.1691516709443,2372.1102862576945,3676.9657530388213,2999.6726278617975,3066.782337535334,2753.646085168925,805.7825686781044,922.2630319594311,1075.4730032853488,955.0178154795316,4006.3356448182453],
        [2217.387967632703,3072.16617985239,1185.3117695659218,378.8751943440775,3473.953799518993,1701.6965045259733,1071.7717335465063,2443.3570985510146,2385.324774763995,2958.793685217804,3632.6410107329334,993.3839765850163,1232.242769119893,1083.4675889405187,2084.907380684766,2039.2313516015583,2406.5443336037138,0.0,1963.3010660304456,945.0325580706882,2076.0411739581,3168.847715057394,3331.069455268607,3183.905928635218,2388.656443776689,2462.6802096018096,2104.222154319649,2058.2748908774333,3692.5204600138923,891.0501618185981,2132.690808200094,3271.233012932914,2378.3213897091077,2358.061017745294,2093.9655945645277,1242.0565431752425,3497.035620593724,2731.484537636397,1467.6445132803447,2352.236476635458,1757.039013126472,2433.3850801669937,2733.9353260443954,2866.388103312589,2778.9879068110813,393.4945332543446,1037.0800572168196,3736.7694141585353,820.3175606595199,3078.164170433779,2008.1535015998659,2673.041693924486,2364.3611672745396,3373.6337609800457,1932.3000173119926,2415.11768622974,2376.2953688243915,3046.192721082643,1729.1988544156693,2268.3248252637923,2217.387967632703],
        [917.7019093240334,2722.4337259745466,957.7509944901503,1869.4071856111696,1526.9083623156287,3615.5444682794864,2712.784270040192,4085.7224274006885,3447.7818448649555,2397.7013130396076,1898.3174068146732,1182.9821752274247,2527.4819555980016,2672.4756749578023,3298.020777982534,2843.0106027697416,3251.8548941499907,1963.3010660304456,0.0,1032.2848059217777,3408.6740565402993,2841.426771638102,1683.4513658538478,2801.940584389863,1766.6808711124957,911.4225872210377,2603.951684863391,3403.644802617153,1868.2918774772286,2749.797114118484,2991.098248465053,3329.7539019110577,3876.967361878954,999.8297469245715,3964.0666441583685,3108.149486404504,3465.7596950310676,2831.9595300742444,2665.486712198301,1054.4036056466598,3110.878615118902,2543.0192820272405,2453.1363992099414,3722.736636847503,3709.072338229039,1648.487171893568,2758.468398530817,1787.2585310857403,2514.6816253033735,1366.1159728145208,677.4615661333237,4492.351340660046,446.0232067881606,2121.5639442551474,3892.041212014158,4342.791739575823,3667.1820713771845,3372.6811153592466,3188.1583696970815,3648.882734912598,917.7019093240334],
        [1344.5053979653112,2855.1922689047155,569.467144006082,938.0289775973051,2557.1895347286277,2633.9471475520204,1720.0359623831107,3247.1801628286466,2871.253961328755,2632.8121904278,2819.7663478470004,587.9652017772497,1783.0471378684977,1689.898639974119,2642.053596493719,2146.177129020297,2773.143235718588,945.0325580706882,1032.2848059217777,0.0,2700.831930064611,2968.380184106307,2548.8342178655703,2957.7764422627856,1982.703429939938,1677.6181476585657,2255.966933351285,2689.616081772622,2840.331521662412,1721.1639682640327,2490.146156979722,3267.57551894741,3104.2439885182453,1632.5171968516115,3008.757210487954,2080.968434206221,3458.530570459869,2718.5200728619916,1797.8845176649083,1492.7098704680852,2380.2659037447547,2402.07969758056,2527.5749585080384,3260.016461389012,3208.7900355656498,616.6178505987164,1852.450409802064,2818.451074696473,1504.6636033927398,2263.2131722420168,1239.3698913668056,3567.5783949737042,1420.2343771876087,2758.8698547640743,2863.3489976300816,3354.222815686729,2988.3992224600697,3168.553580462959,2413.072081876913,2926.6004357105116,1344.5053979653112],
        [4028.0020598429896,2509.1446509438374,2460.9009725683495,1827.0904224949309,4621.49290941786,1516.7043072372874,2782.594261078724,886.7962884725672,514.0733464352691,2675.43077040553,4356.011920584968,2254.193000548393,917.804593922052,2841.2892295390625,217.85715211096013,4013.2351993112907,823.7378606397879,2076.0411739581,3408.6740565402993,2700.831930064611,0.0,2535.444577889939,4014.619232776948,2601.742214267807,2523.7295299390053,3359.27275975794,1276.273044571625,26.34854308644005,4538.850560387895,2378.03235635968,781.6209794859215,2172.4515311363107,527.359067959725,3153.1897967939844,1436.735971509738,2492.1201185166915,2409.1593724925324,1863.3555283913988,3375.115943745422,4180.8566423711345,324.0612957733764,1768.8680850141152,2286.700596690547,1040.112621049112,902.9374140691166,2419.809200969286,1116.9662480191148,4865.977068552129,2595.9330146344537,3905.4149120354155,3022.8757386266498,1571.5219211313938,3853.304499394623,3614.9617568032686,2297.1272566579037,1930.4062395433755,300.26031182604885,1745.2177324771,373.5548165503759,242.45259091535377,4028.0020598429896],
        [3755.0247193057603,119.11416104134086,2403.5655347241673,2794.285423118113,3192.2835499065213,3824.340466784795,4236.018407242865,3412.383935045279,2136.669705686016,489.9456522051807,2508.9417945169425,2410.6036513342733,2361.9007398798744,4251.87610874832,2317.941987744599,5066.954829396734,1766.4939881472972,3168.847715057394,2841.426771638102,2968.380184106307,2535.444577889939,0.0,2226.922015627689,85.54352933768293,1075.216884018163,2128.7671704893514,1321.2328818112494,2553.665619338648,2778.0136841191015,3974.9640326105073,1755.1680035720444,693.8396628433311,3020.2814978608003,1933.261502432954,3896.823844745807,4264.120840754465,699.5679349985294,674.2358090341444,4592.793858951852,3895.4215461724352,2482.072724037164,823.2614374794025,444.128976543851,1938.408070935603,2039.4536654331903,3229.5066553923875,2960.7311581805475,3354.00807351885,3985.60414484998,2322.386007021483,2165.7941436600354,4106.916098504754,3138.001497783577,1497.967007197619,4517.66398641554,4400.888576552151,2570.8055957841043,1056.4900907025217,2662.744052381562,2707.520617414835,3755.0247193057603],
        [2418.430513680421,2135.4401565393705,2146.0532554561264,3090.9114230961636,1030.222646837948,4748.181978970773,4263.338308764245,4856.022447008701,3830.540858247492,1753.9919174437166,341.53918508887534,2345.274985366521,3344.6766626961853,4236.915093091486,3834.5549646244294,4525.569410072852,3512.478704269667,3331.069455268607,1683.4513658538478,2548.8342178655703,4014.619232776948,2226.922015627689,0.0,2149.986928896831,1524.1900768589244,875.0642349388378,2823.3635534482128,4020.758758070481,561.7920061853863,4207.947797646151,3340.486270905894,2905.5792014886415,4540.3176929663305,980.8146846840448,5003.957530386797,4566.515030293771,2923.107185742269,2618.1879214717387,4311.438706640487,2498.5283817249065,3799.443914127504,2467.48264471358,2064.2569153890286,3875.738867948291,3925.858279271094,3124.422472179853,3797.693433728554,1143.9452520164118,4037.40537743511,324.7065824631175,1327.815433883458,5424.201223043766,1640.4940743754817,803.2158904998358,5208.222568728077,5459.5679869992355,4188.462302764679,3170.2201794408147,3939.3801698097154,4247.713976521129,2418.430513680421],
        [3717.324224032882,112.51352298539774,2390.9376017784107,2811.0978135461405,3121.035763745333,3874.5803940656797,4253.067178018414,3480.878020022466,2209.8264638741466,426.7005589109682,2429.1462339050827,2406.215475464078,2404.508148615671,4267.356583460054,2384.56416271961,5065.742232457597,1839.7517640195683,3183.905928635218,2801.940584389863,2957.7764422627856,2601.742214267807,85.54352933768293,2149.986928896831,0.0,1039.289385242862,2073.0476656977894,1375.4028962046657,2619.5582164140833,2699.4327872027,3998.6891510679684,1820.5512425568872,777.7999740666439,3090.319812684795,1881.2073373813168,3954.379769287239,4292.055620937816,773.513739273856,745.2346476396101,4599.60863001742,3856.3316880961365,2541.0707284808495,872.2285789017385,450.13081469109153,2020.0909049758254,2119.689998430751,3234.2340280098742,3002.452814171945,3279.857384448703,4002.23681136355,2251.348326685644,2125.0989046751497,4172.786030198048,3090.162127521554,1415.4475260821303,4561.611698956207,4458.223991955562,2642.875943200475,1141.457863309218,2721.212951283221,2777.126679721497,3717.324224032882],
        [2679.815564858309,956.1317160041903,1414.7839327058562,2047.024388018745,2322.9008790312964,3459.426430518558,3450.665108530688,3389.2421633096033,2308.6790050846084,659.8778344381788,1860.3854442871238,1481.2449151676483,1971.5355824081532,3451.269099754892,2332.9731259854107,4123.790231935372,1988.3913225862084,2388.656443776689,1766.6808711124957,1982.703429939938,2523.7295299390053,1075.216884018163,1524.1900768589244,1039.289385242862,0.0,1121.5379654283036,1300.5874988538128,2532.429323702532,2075.447808149025,3263.019652993472,1820.8921685651549,1602.7273920861642,3051.038466175447,905.9680002416102,3647.345115774609,3592.2996566196325,1712.471361116351,1176.79893203163,3712.1845930781924,2820.36106354101,2339.878821886018,966.2063999733844,700.6770291832646,2363.2540198175525,2406.3658033269007,2351.8638811565534,2511.1482731139254,2528.549167114093,3200.653382703883,1488.7787801850893,1092.5852869300936,4002.5798030170035,2077.6051493347895,1120.020758613334,4040.6635865125795,4131.58388240819,2677.603493987084,1746.2859983127805,2495.7613453979184,2749.8150358154485,2679.815564858309],
        [1781.6141199713904,2014.41152181251,1277.8136905769652,2239.4589772920112,1269.9494342321627,3935.3329213711404,3388.919458216759,4154.902658520843,3260.7061196582667,1647.7794042215935,1170.2321937668746,1485.809213659139,2598.772083286344,3363.353492841275,3201.8424249892855,3706.105515174993,2987.1097895563094,2462.6802096018096,911.4225872210377,1677.6181476585657,3359.27275975794,2128.7671704893514,875.0642349388378,2073.0476656977894,1121.5379654283036,0.0,2289.4939967825294,3361.3212658683674,1256.2749451474012,3335.137513537895,2770.318612056784,2716.45132979408,3873.27282032114,222.97853134325234,4218.327737232073,3694.3615493931884,2806.3675427107687,2295.31564840596,3454.663314666324,1896.7945351882188,3108.7599434743547,2060.445235672078,1811.4926610933976,3410.1366057728733,3431.8509773303535,2249.361548019507,2997.520248450711,1507.9275734327587,3162.373660750559,619.6143262668749,454.7494119450766,4675.0401017921895,1055.6918865152759,1210.60164329425,4357.592514292857,4656.201260739067,3569.7470697006447,2864.0119781670132,3229.7857021605328,3599.8499745632334,1781.6141199713904],
        [3404.501551693445,1272.7446214082213,1794.7321584436902,1731.418501470862,3553.358188923805,2504.906986619726,3116.183027045536,2162.4255015394906,1008.1806723899468,1401.3498474408218,3160.6783551883814,1676.2684361499405,1076.0998135627133,3147.1626480311884,1068.4170959863407,4127.774367850867,699.4068032045238,2104.222154319649,2603.951684863391,2255.966933351285,1276.273044571625,1321.2328818112494,2823.3635534482128,1375.4028962046657,1300.5874988538128,2289.4939967825294,0.0,1289.9494352305774,3369.8534800624725,2798.5576457478464,524.2623991593758,1190.9745544429366,1794.5713938399458,2068.5127044941605,2580.3431412340274,3049.1237546169978,1429.2787826933813,699.8457586228554,3571.834475774798,3559.6428462014633,1171.650103518589,507.41694714174395,1017.4700880478669,1131.712359906447,1143.051717993649,2285.6517726991833,1671.214141421247,3778.6792431432473,2875.504096784885,2762.5543544680113,2055.600417042335,2828.6804669162766,3016.994580019781,2353.2628041074927,3212.026834890032,3083.8161699015213,1390.163671400988,946.173514328745,1349.8622273569033,1483.6606230583493,3404.501551693445],
        [4018.3312092784713,2526.473967024172,2454.682509893423,1812.3892768465666,4622.579632696581,1490.5292328118442,2759.3641434547967,872.4884661466457,539.9479061268135,2689.946489961115,4362.20627627898,2246.8258934575383,906.9243774529372,2818.3097729071337,237.71005623530118,3991.5913318155112,846.8597723349225,2058.2748908774333,3403.644802617153,2689.616081772622,26.34854308644005,2553.665619338648,4020.758758070481,2619.5582164140833,2532.429323702532,3361.3212658683674,1289.9494352305774,0.0,4543.762430851641,2354.294901377691,799.0667479478608,2194.8435514835305,519.764041600345,3155.9311775022816,1412.5536653919653,2467.006354544985,2431.908230075653,1882.0643485079072,3352.9260352124747,4171.000233699996,310.35763580429534,1784.2637854898778,2301.8298853089864,1066.4481548512015,929.2804488426818,2403.7606941525223,1094.8214595769275,4867.5990502765835,2573.533820508534,3909.562443389964,3022.407061806253,1553.2937336819725,3848.515632421264,3625.6685078849137,2270.872700452777,1906.9059340566741,318.8314313646916,1768.6783300713312,350.4027263625247,245.31442277327494,4018.3312092784713],
        [2432.041821678197,2689.7418970669696,2516.7645799446113,3489.7600048219815,674.342757637201,5191.367963728398,4557.361250272134,5366.212366206153,4374.592442747028,2310.751876479141,286.8401906519882,2733.593386706955,3831.370904705801,4522.742122703001,4364.671611641268,4673.496824100872,4062.7897739842724,3692.5204600138923,1868.2918774772286,2840.331521662412,4538.850560387895,2778.0136841191015,561.7920061853863,2699.4327872027,2075.447808149025,1256.2749451474012,3369.8534800624725,4543.762430851641,0.0,4546.144660766131,3882.9585276802577,3461.21087469105,5062.113597650521,1422.1104029700032,5469.4065382232975,4907.054199052948,3470.7331151665894,3179.9601062875367,4533.270262259723,2479.666420028379,4311.3329262597945,3026.0455189114064,2625.9043778062537,4433.384987677616,4480.945954187538,3443.6610584822215,4251.226422994611,675.2085361219147,4344.978639734325,645.8454745706774,1697.9176801025487,5912.806386051504,1687.3553251745725,1311.9441254207343,5604.752410084588,5911.372578843858,4723.059215474828,3731.6430178852065,4444.301057842554,4774.723104778278,2432.041821678197],
        [2793.2949742517194,3886.1871825847015,2064.1892951673876,1216.4318411034287,4276.607256988804,1358.3363325060727,419.18785675702435,2419.2643056809866,2806.8713062478914,3807.616571017322,4501.912635218768,1882.2120419091937,1765.8565395868222,490.8520187464559,2464.7797651409287,1706.7401634176736,2932.39133340326,891.0501618185981,2749.797114118484,1721.1639682640327,2378.03235635968,3974.9640326105073,4207.947797646151,3998.6891510679684,3263.019652993472,3335.137513537895,2798.5576457478464,2354.294901377691,4546.144660766131,0.0,2690.3394981426914,3989.3549655170823,2501.7222024037032,3241.158398265989,1793.2345135454934,360.9603727350789,4225.996420769,3473.669808844491,1054.162957173482,2902.2095563319817,2107.093580709224,3196.7642739104526,3552.5678475267646,3335.9300443499114,3222.0040573762863,1106.2740207466313,1276.050314463446,4537.014265500753,340.5422509442306,3945.096689585782,2880.709315842206,2397.623583604438,3109.0934127421583,4264.1512687065715,1228.1835676513076,1940.6931815813607,2659.923197562891,3703.036749220255,2004.734324911917,2503.629710691823,2793.2949742517194],
        [3731.3866985546692,1727.5279055273502,2107.951480152952,1791.6251200268232,4039.60258526979,2157.020660416188,3051.380851525894,1665.19758210722,492.755914071221,1903.3515797473162,3679.053624617788,1946.4287959689013,931.1487838294094,3094.415539615496,565.373200852429,4169.092809901123,284.1419894321738,2132.690808200094,2991.098248465053,2490.146156979722,781.6209794859215,1755.1680035720444,3340.486270905894,1820.5512425568872,1820.8921685651549,2770.318612056784,524.2623991593758,799.0667479478608,3882.9585276802577,2690.3394981426914,0.0,1444.8232923443177,1284.5444082866925,2552.6753729757133,2166.231437430394,2890.9796178553456,1688.1310437321924,1085.3664879735036,3571.806957779693,3887.2623208827094,759.6645142405692,993.2906314288534,1511.5020871859576,770.0228693408341,726.2149327936178,2390.2050184527325,1452.7705670734986,4271.199480598742,2827.1781354588143,3267.8392517769216,2497.512655117413,2352.234822615225,3420.724505832448,2876.3677282336107,2907.1264410949643,2669.1565801898114,867.0515596182981,1061.5592502532309,940.1496188505291,971.0092662005006,3731.3866985546692],
        [4221.46187158611,772.0463453272047,2732.1232609739204,2893.461532263597,3846.336481805795,3601.3221358481915,4301.632876140792,3002.4554539438805,1701.8266554312186,1151.7295977525707,3195.976703749109,2682.3536207814836,2255.3120773129403,4330.021931171976,1959.3227293048503,5266.531392039317,1350.4108874299177,3271.233012932914,3329.7539019110577,3267.57551894741,2172.4515311363107,693.8396628433311,2905.5792014886415,777.7999740666439,1602.7273920861642,2716.45132979408,1190.9745544429366,2194.8435514835305,3461.21087469105,3989.3549655170823,1444.8232923443177,0.0,2599.2165576101556,2505.9513347320803,3598.9873611864114,4238.096498194028,244.45603497646928,552.1384605164396,4735.471689588172,4369.2598269228065,2204.0896672888452,867.87050401646,905.0238668878701,1376.293033095152,1500.4026625775343,3410.9169656824038,2839.306533313623,4020.0927412951655,4058.5099883178127,2978.5872153137657,2673.5625616398133,3717.212563560686,3671.419006067323,2191.0922172973587,4344.580138937611,4098.519982912002,2135.2296063735193,456.279612890223,2383.7502561846654,2299.233336911543,4221.46187158611],
        [4445.802797186479,3002.352955594458,2921.2010866634855,2189.1806686667337,5130.645797287022,1382.5006572906825,2919.858628668949,403.8777675130606,898.6747658576447,3187.6128942171276,4881.788721602353,2704.528327196866,1351.0466490678245,2987.397328656948,726.2483864247203,4193.894851949913,1262.661122538252,2378.3213897091077,3876.967361878954,3104.2439885182453,527.359067959725,3020.2814978608003,4540.3176929663305,3090.319812684795,3051.038466175447,3873.27282032114,1794.5713938399458,519.764041600345,5062.113597650521,2501.7222024037032,1284.5444082866925,2599.2165576101556,0.0,3670.002737406853,1158.3968153446936,2541.8015533727853,2826.275520600893,2346.064501755472,3543.1086521746397,4595.9272540192,772.0061758578141,2277.8181508934445,2796.046385077422,1316.923437107932,1170.8526163845252,2750.3541036302236,1347.9608892283097,5377.624239146479,2766.921152701248,4426.710806393857,3524.653658702031,1121.5745262616686,4322.930473193165,4140.07956524236,2147.2038006620915,1602.7931890675052,464.36768711369166,2152.80794271618,694.2946473732256,314.0105038636599,4445.802797186479],
        [1903.5385484106725,1817.282557666636,1177.3186125903333,2110.253181615292,1487.0497536560033,3777.9977325950035,3320.817773403303,3958.8724854149646,3043.825152328761,1459.1996545353295,1301.591538828989,1367.7229276721587,2411.8774021140543,3300.188440728725,2992.0003933096073,3715.6545090361665,2766.7078797708596,2358.061017745294,999.8297469245715,1632.5171968516115,3153.1897967939844,1933.261502432954,980.8146846840448,1881.2073373813168,905.9680002416102,222.97853134325234,2068.5127044941605,3155.9311775022816,1422.1104029700032,3241.158398265989,2552.6753729757133,2505.9513347320803,3670.002737406853,0.0,4048.261750374137,3597.7154811474757,2602.8800141965,2076.288219646069,3427.148503578617,2028.3100932542848,2908.8290921402076,1838.2978811050648,1601.1669342756566,3187.75500634847,3210.3946202777433,2174.7759730547864,2832.692576737092,1720.3655496895049,3087.6373196532727,776.2898852814939,398.9914988081386,4492.273674341988,1216.001650218076,1155.5571184577739,4227.417468346084,4494.436036896414,3358.602625438814,2644.4103360008003,3034.3412306680725,3392.9414271652554,1903.5385484106725],
        [4311.345431394125,3852.910699658383,3042.2519173420687,2096.2512305454884,5395.902106557483,435.26017500272224,2190.582277714521,847.6740078695647,1942.4794707824922,3952.721041988482,5338.962419423337,2809.4862455843636,1678.2812246196659,2269.327631819887,1642.9729720175455,3468.9376647159065,2257.695715673574,2093.9655945645277,3964.0666441583685,3008.757210487954,1436.735971509738,3896.823844745807,5003.957530386797,3954.379769287239,3647.345115774609,4218.327737232073,2580.3431412340274,1412.5536653919653,5469.4065382232975,1793.2345135454934,2166.231437430394,3598.9873611864114,1158.3968153446936,4048.261750374137,0.0,1687.0699756516165,3838.646895900009,3241.239368092646,2826.6127863333904,4445.691372863856,1415.9479265459709,3087.2775542855957,3586.515365611633,2435.04195090198,2289.7180652207485,2483.693095240638,1224.7028951580555,5656.324722056589,2122.313304050712,4824.095245797555,3800.5568681723994,606.4128842624284,4394.6267352103805,4767.130125066048,1037.6649551175665,504.1777706305898,1564.4977789218894,3179.9488589656667,1234.5838845152393,1372.6913156806115,4311.345431394125],
