{
    "drone_dist": [
        [0.0,2171.299238112753,3773.498013418232,737.2200505251093,768.7332470878973,3226.2205960838196,2407.180562922679,596.1863218074811,2550.465950818335,4268.238389599705,839.6657660178944,1772.2392094547904,2990.297404175952,413.2550828891031,617.6782710008334,4685.366926753408,554.9447823374494,2072.100208227465,4750.205004613659,1368.2614430084318,2964.8739330592684,4121.605540118499,685.5940117069396,1018.47617362176,2159.7258299129517,2042.1064876584142,766.742823144195,2617.205758621109,4148.093151381822,3458.1061511501625,2810.64580368539,2629.577151883839,1561.9727362999122,926.7127589890093,256.20010248116284,3552.489107584541,3726.7302373331845,2243.70755171226,2594.3127582558404,2574.7305277583773,63.91435682467678,2700.376518888786,1402.8092499909653,901.1524040279982,2358.4303667637046,3102.71227895386,1384.6977526839294,3555.5406803631276,1375.1370733875424,2179.168246480394,0.0],
        [2171.299238112753,0.0,5013.40666628316,2840.3078551530216,2051.7518063976413,2734.014952657891,4125.861349755957,2371.7598630947127,3364.0497070789606,5622.32703097122,1926.853878444789,2545.7845529554675,4793.399741269315,2418.6830541767326,1733.7133898036911,6028.8044195853945,1764.86365186695,3315.475766957277,6156.13526916865,2587.4821091715303,2575.1150503854747,3477.246692890986,2341.003809400839,3066.364162251782,4316.7037916219515,4212.596473739291,2020.5542176904228,1971.7522612390437,5317.933603278282,4312.493115419933,4702.190885284164,4479.965687592761,622.5694917142259,3077.763702332454,1925.0815526330466,3438.2163690714733,4354.756530747087,960.8971939773749,2353.14228001709,4704.500794731311,2200.6305149860773,4452.1973976218,1829.5687495720613,1393.5592488037057,3049.1992297141846,4823.8733429453505,3519.9410535573065,5168.813742089727,3530.7283923985806,4340.743391199558,2171.299238112753],
        [3773.498013418232,5013.40666628316,0.0,3925.8712885420973,3236.2103438603635,3281.360077836041,1613.915351628892,3187.570973520246,1689.4268096717642,638.2665965586186,3297.9982684100587,2468.351317266668,1586.9126401737872,3367.80014303422,4323.941667767389,1020.5698837570076,4262.35708803864,1762.263506815724,1174.036757313799,2545.2545832922233,3164.2317318837654,3636.425662024637,3122.04014555636,2977.4313209171337,3223.708661691226,3470.1066236720917,3261.906286414696,3553.9635624423618,388.3830398857985,982.1946688909512,1890.2121425819767,1800.6654649652694,4676.65714924947,3307.5783216529744,3813.5325649423867,2698.6205529335343,1359.8736970499879,4290.989042350272,3066.2409490032787,3011.767152312101,3709.776366798853,1528.7025035141723,3191.865256873447,3856.679829080091,2008.5271532606457,1331.1278136741578,3097.284166999577,990.5594412449773,3759.6438332291855,3287.785140128015,3773.498013418232],
        [737.2200505251093,2840.3078551530216,3925.8712885420973,0.0,1405.1198013359449,3891.270166911623,2393.437485948237,1070.1550293358425,2970.292726397915,4340.7948284520535,1510.5320534740679,2307.977420672212,2860.1990301932346,820.510693173842,1128.7675810867224,4746.188788922264,1086.3296889334763,2382.218114621027,4777.4065418351065,1830.4749745113156,3626.9243242103908,4780.492099574018,1186.5042744974417,948.4679710367143,1642.5023975684737,1459.5123298016379,1413.954781278822,3323.411121406445,4312.731826041903,3788.608141251784,2619.6086965101117,2489.0818803762336,2218.734500525935,634.5105694272762,988.0967433597904,4141.535141931856,4118.119830989103,2979.842094685052,3255.155624048683,2106.2962313156136,742.2993523032185,2632.5753021794562,2082.0821937845812,1636.8263374776927,2838.546902304893,3025.428216576636,1013.6485252337899,3520.7889816959773,708.2865161589184,1644.2076055360312,737.2200505251093],
        [768.7332470878973,2051.7518063976413,3236.2103438603635,1405.1198013359449,0.0,2486.9637452873253,2099.5752394089855,406.49766125880524,1844.806919821676,3786.8280077315303,141.59177246994233,1019.6338605465329,2755.3712126200353,606.4442274874963,1136.5280116971064,4205.154408000345,1081.4918105230847,1476.4704748700951,4298.274800169685,699.231159721246,2223.00521097929,3378.178519832605,323.43383561467436,1103.432710288113,2413.0697214811685,2382.1595917492295,31.248655616026575,1935.37723176595,3591.7075114458166,2791.487607533465,2651.4178937156053,2431.9869886328106,1549.6923979151309,1253.002454166743,659.4834211159911,2784.227562242909,3018.3624245401256,1794.0770376130108,1851.1469194739136,2737.1481649928883,725.5659452792056,2422.298121815166,682.9337557998443,679.2630133102845,1621.713044198601,2807.2600130400747,1611.8202081721527,3195.9369617603106,1883.2372876047543,2451.053992576405,768.7332470878973],
        [3226.2205960838196,2734.014952657891,3281.360077836041,3891.270166911623,2486.9637452873253,0.0,3362.7509223789257,2840.114057728836,1790.1619919565198,3908.455105957887,2391.178895136551,1734.2257869337484,3956.4668340853755,3078.6216238045085,3344.716662303744,4234.643592744854,3316.9392554525366,2320.6043504931617,4423.795484554248,2229.9626168232912,265.05613946440036,896.2230593353639,2725.857298422844,3361.378408153957,4548.485181410202,4618.8146928828155,2479.9219556452213,773.1027967374451,3433.932855970729,2321.0184587890076,4057.7458986258675,3820.381976997293,2818.668901090217,3631.9311672240715,3040.122574648792,787.169067133753,2108.884504017911,1773.1393228822003,636.1918117591198,4704.580861002716,3194.4086973923813,3627.140370991695,1823.4156861381548,2521.607348595558,1576.3352157220688,3836.010404063046,3852.143747198572,3918.6297473918385,4298.942052232694,4603.658502879488,3226.2205960838196],
        [2407.180562922679,4125.861349755957,1613.915351628892,2393.437485948237,2099.5752394089855,3362.7509223789257,0.0,1890.4224907791165,1621.3554219531075,1953.4449880604898,2210.130593753217,1821.7390445297146,676.3723130667619,1996.6804765707602,3012.900627058005,2354.210959485882,2949.089079179809,1052.1610764101904,2385.0806542945256,1562.2125277286461,3145.3947492353905,4040.910689858032,1868.5452413308628,1464.5726486319284,1657.801422137193,1881.975990611135,2130.4060974072304,3268.010582390341,1998.6012689575202,1873.3744818575913,696.7354612882417,457.6310579721269,3649.169588808938,1759.6982998398605,2520.1576282844526,3119.30492521008,2324.7353948486434,3653.1157764984314,2878.9092083044,1557.179515701045,2344.694244888489,326.94342319185756,2376.130351956791,2778.7658083656693,1786.9505937426325,709.696017241885,1493.8352627179656,1150.068228752085,2152.0947149995645,1723.4257917365428,2407.180562922679],
        [596.1863218074811,2371.7598630947127,3187.570973520246,1070.1550293358425,406.49766125880524,2840.114057728836,1890.4224907791165,0.0,1970.8762036136782,3697.2751704547313,544.8304948457251,1243.5369532355587,2514.6533035743514,252.1382722607014,1144.9287007032312,4115.628529355828,1081.9593187423066,1475.9299187438685,4189.469769768174,792.4308318791876,2575.0734029303444,3722.8545165121914,116.40570438774934,712.8577154952758,2016.7876164319596,1977.5145117656082,429.27282660914943,2325.838529567033,3559.1708689843,2864.683274557011,2374.7755584948477,2170.3572442018794,1822.0235999654758,847.1450421965952,637.7210128025687,3071.8416012676116,3143.8093419284883,2191.3615775352578,2204.7946923341883,2358.3575062729715,534.4505563286647,2200.5882430725187,1073.5678344190903,978.5496761289588,1800.3280775053381,2598.117242758862,1212.015564124106,3025.3714810658557,1486.2378136688587,2052.6771738361313,596.1863218074811],
        [2550.465950818335,3364.0497070789606,1689.4268096717642,2970.292726397915,1844.806919821676,1790.1619919565198,1621.3554219531075,1970.8762036136782,0.0,2322.8377979257357,1855.484422689081,874.9233079063782,2174.7989607038303,2210.9392510265707,2980.332682183709,2708.541810081499,2926.098105504474,684.7732513394425,2861.311666199971,1182.3362063312022,1605.895376832556,2420.0360777254614,1868.7216244427077,2138.198655133929,3047.8427737869492,3189.84839152495,1861.8031375433686,1894.595223239954,1962.0978454670806,974.7115926546753,2302.1997825237663,2073.3502638303667,3093.021834462826,2480.7656966453987,2498.305823533745,1502.8061130018323,1177.0007506214383,2603.9491169923335,1424.352016356145,3094.1268723688186,2493.2108282374174,1856.6935318972812,1587.2671198190749,2347.3213189566527,320.2464020757488,2046.1608388038646,2515.4046325259337,2150.9661974680125,3111.6629385376295,3110.3926746229954,2550.465950818335],
        [4268.238389599705,5622.32703097122,638.2665965586186,4340.7948284520535,3786.8280077315303,3908.455105957887,1953.4449880604898,3697.2751704547313,2322.8377979257357,0.0,3859.647662064227,3077.403698433302,1695.7817017845737,3856.4571161590156,4841.793762666234,418.86913413867063,4779.043784075841,2332.3947168157533,538.8073902659,3109.842768413164,3797.9522793954297,4221.84012996371,3642.7797656786397,3399.769158142678,3424.274976026078,3691.691082698639,3814.0416506698352,4192.214750355078,545.1140192260158,1592.3431326420837,2014.6439809357926,2001.2299906474834,5263.27785892802,3709.2968621257737,4332.351532503451,3299.321517217527,1915.8309922091814,4919.638067375324,3704.4427262251334,3133.2497911316455,4204.341962791327,1769.4916877492794,3794.78624683299,4427.418897943558,2640.636119468194,1448.9414665086865,3438.8377875979386,956.7879640579371,4087.445598033981,3484.66435461016,4268.238389599705],
        [839.6657660178944,1926.853878444789,3297.9982684100587,1510.5320534740679,141.59177246994233,2391.178895136551,2210.130593753217,544.8304948457251,1855.484422689081,3859.647662064227,0.0,1004.6768947910628,2871.249383685066,730.2899254358138,1132.5229943467511,4277.138978878353,1082.055059091718,1535.7502815338587,4375.865954571888,752.7583979243982,2128.591349920045,3285.2863552414988,464.99719955779034,1244.9845445063772,2554.5299683096405,2521.9918960184445,115.72768690031567,1816.898159099527,3647.387306427667,2814.68045529353,2775.5119796275203,2553.320946860379,1442.4227990540387,1389.0673567325566,690.8548451545644,2720.9388538038343,3021.5576473934184,1652.4988830036853,1757.2555283942556,2878.1457039122806,804.2173607329167,2534.602290162505,571.9600518517169,575.9649061562676,1614.3524339340154,2915.417171565771,1752.8602109556748,3293.168628912388,2012.1653297470139,2592.3506788183113,839.6657660178944],
        [1772.2392094547904,2545.7845529554675,2468.351317266668,2307.977420672212,1019.6338605465329,1734.2257869337484,1821.7390445297146,1243.5369532355587,874.9233079063782,3077.403698433302,1004.6768947910628,0.0,2485.869066527321,1495.6418195014915,2137.19904617335,3483.027590200523,2086.439671111401,821.6298880119309,3612.52954646454,507.68642501250366,1478.6085004291863,2569.352610191102,1129.0641609295344,1644.743428316073,2816.7764993926316,2885.0277281283325,1030.9277356168552,1463.1420088903242,2781.968781389286,1849.0911501912437,2503.3629175693195,2260.3849667909653,2229.7708307330236,1941.2808411770052,1678.502353167633,1840.190632558302,2021.9273460235995,1890.1861550936917,1142.9160518026572,2997.3955998564716,1721.5262195764465,2133.2941795133393,727.0399224241786,1472.9525391736693,610.6961682123481,2442.3436186013137,2122.677730974091,2699.143405043036,2609.041645582909,2871.0961266186005,1772.2392094547904],
        [2990.297404175952,4793.399741269315,1586.9126401737872,2860.1990301932346,2755.3712126200353,3956.4668340853755,676.3723130667619,2514.6533035743514,2174.7989607038303,1695.7817017845737,2871.249383685066,2485.869066527321,0.0,2589.967787751311,3605.7635055468622,2040.720311570132,3542.2591140566483,1690.420837882863,2012.6068952157352,2238.272392002331,3753.2346188558886,4577.113956268859,2505.7236980226166,1994.0719808194162,1732.4399130484378,2004.9156665854716,2786.4773960664943,3916.918669068523,1923.7198250328738,2171.6100227135366,319.0782470117316,371.2521469751391,4303.6166360996685,2234.238721921706,3129.170386768209,3632.48000539136,2637.8074870995556,4328.999229746872,3508.9447320501135,1446.092243551179,2930.0501439706045,353.31426156067465,3052.499311239551,3433.896264934165,2386.5162388217777,257.8348640582088,1872.3802178904457,745.5715763154178,2477.8693983832495,1791.6553891336935,2990.297404175952],
        [413.2550828891031,2418.6830541767326,3367.80014303422,820.510693173842,606.4442274874963,3078.6216238045085,1996.6804765707602,252.1382722607014,2210.9392510265707,3856.4571161590156,730.2899254358138,1495.6418195014915,2589.967787751311,0.0,1017.8101262777011,4273.278195101138,954.0643312500343,1689.0230903620352,4337.112341696524,1038.460910792145,2813.7742995136873,3964.65501575086,367.57640221099945,658.6881948181566,1909.0574766553414,1838.0882126546235,621.4935889068101,2541.8212591672473,3744.599248441109,3089.0411181788145,2422.4666323097194,2233.284735999625,1838.0175013250255,686.2076400094611,547.5939732632875,3323.0567199898724,3380.1982638565596,2333.519593807832,2442.5668109496096,2285.8180373853866,349.74744987652275,2293.4952077686553,1289.0840370977382,1047.6837580097642,2048.6599152927565,2695.3000317030505,1104.9564926855344,3143.924435186324,1283.0604327883111,1938.4210254898414,413.2550828891031],
        [617.6782710008334,1733.7133898036911,4323.941667767389,1128.7675810867224,1136.5280116971064,3344.716662303744,3012.900627058005,1144.9287007032312,2980.332682183709,4841.793762666234,1132.5229943467511,2137.19904617335,3605.7635055468622,1017.8101262777011,0.0,5260.270467982216,63.811622983550855,2584.501803015612,5334.115749385661,1826.6816911500723,3096.606535548956,4234.416168110368,1202.1877851416068,1635.0016552974957,2714.491567190531,2564.786264355989,1118.6249585048029,2650.215346155781,4690.679070055976,3927.049176204505,3428.3230684316068,3246.3043928151383,1112.3752982759252,1510.6944527908354,510.5245053644922,3787.877148769013,4151.433055437522,2048.2492587427096,2740.8836557988566,3150.542422589165,676.3044653032063,3311.2978360401135,1587.0860024337428,823.9064366764428,2746.6516145399905,3713.02881258704,1970.8724967480746,4157.827107020439,1835.0119808084423,2726.6107717905425,617.6782710008334],
        [4685.366926753408,6028.8044195853945,1020.5698837570076,4746.188788922264,4205.154408000345,4234.643592744854,2354.210959485882,4115.628529355828,2708.541810081499,418.86913413867063,4277.138978878353,3483.027590200523,2040.720311570132,4273.278195101138,5260.270467982216,0.0,5197.477917461301,2747.827300761168,221.82958330738876,3526.6919724909776,4139.51265667809,4488.563364701596,4061.5376555407447,3808.3449467264604,3772.6851340909056,4045.560416026743,4232.282779381948,4557.913627884336,801.389111648194,1914.998431825945,2355.9135836622895,2367.4442015268405,5677.241289828909,4113.314968501587,4750.94682641921,3589.5732965335496,2181.9511022203524,5311.275345594501,4066.922965462329,3454.5114566849934,4621.485825618855,2151.274200165289,4203.358535612038,4844.023383049678,3028.148945543172,1805.814603051079,3830.13511612763,1295.6150542555945,4472.640287143311,3831.2749137647957,4685.366926753408],
        [554.9447823374494,1764.86365186695,4262.35708803864,1086.3296889334763,1081.4918105230847,3316.9392554525366,2949.089079179809,1081.9593187423066,2926.098105504474,4779.043784075841,1082.055059091718,2086.439671111401,3542.2591140566483,954.0643312500343,63.811622983550855,5197.477917461301,0.0,2524.6007198452535,5270.921481217259,1769.1092448713691,3067.208087442415,4208.197271110533,1140.3784733697096,1572.8273565826914,2661.2288031017474,2515.0202934689937,1064.3637337898385,2629.3299019539004,4629.594287092192,3870.605535289862,3365.4790026473106,3182.995984851487,1142.459312525208,1452.9749776900599,448.8514563644209,3750.014505107357,4098.304434534733,2049.713705133697,2709.4546797863695,3094.9256769801973,613.1334716711739,3247.5403213723826,1548.2661589771978,799.9639291462894,2695.1939656540603,3649.2529863089003,1913.3696936235756,4094.0491004096616,1790.4210253111012,2674.20488821495,554.9447823374494],
        [2072.100208227465,3315.475766957277,1762.263506815724,2382.218114621027,1476.4704748700951,2320.6043504931617,1052.1610764101904,1475.9299187438685,684.7732513394425,2332.3947168157533,1535.7502815338587,821.6298880119309,1690.420837882863,1689.0230903620352,2584.501803015612,2747.827300761168,2524.6007198452535,0.0,2856.8818214946637,782.9954769441664,2096.8744639106526,3041.229427853257,1394.2068276456928,1496.2164444146972,2365.667167601454,2505.0776088905577,1501.4434067685024,2226.508755569839,2115.246496080669,1408.5636152898057,1748.6114618075858,1507.6957325338296,2931.7174897222594,1845.3414628355167,2077.4489876196285,2159.2922560993575,1745.2179673314013,2709.5688803589505,1827.025946124326,2432.9509994045666,2010.097180928638,1342.8247013150958,1489.3461215206023,2097.2940755654877,756.4950886286642,1627.4616442247864,1840.1582598128273,1880.3173872668417,2453.339874146472,2427.779732774653,2072.100208227465],
        [4750.205004613659,6156.13526916865,1174.036757313799,4777.4065418351065,4298.274800169685,4423.795484554248,2385.0806542945256,4189.469769768174,2861.311666199971,538.8073902659,4375.865954571888,3612.52954646454,2012.6068952157352,4337.112341696524,5334.115749385661,221.82958330738876,5270.921481217259,2856.8818214946637,0.0,3629.3267578856344,4321.691002807892,4696.390193562316,4140.647313936292,3848.0543873721363,3735.8647621097275,4012.856186391718,4326.1043051117695,4726.492450166121,999.4426067781061,2102.8094880420235,2321.195721774032,2355.4453875581894,5788.495734813327,4143.053430458549,4826.680800202294,3790.7804506529637,2387.518536044881,5458.366855077486,4237.446827356965,3396.4956631176806,4686.482661330422,2158.0705295171542,4327.462051349867,4946.602304228519,3179.324152038392,1791.5450846548463,3840.1545418430173,1278.053099487287,4472.857089472863,3792.635806532638,4750.205004613659],
        [1368.2614430084318,2587.4821091715303,2545.2545832922233,1830.4749745113156,699.231159721246,2229.9626168232912,1562.2125277286461,792.4308318791876,1182.3362063312022,3109.842768413164,752.7583979243982,507.68642501250366,2238.272392002331,1038.460910792145,1826.6816911500723,3526.6919724909776,1769.1092448713691,782.9954769441664,3629.3267578856344,0.0,1970.3670970699927,3075.2160450277684,687.1854733623766,1137.7277310819454,2339.4540069304435,2391.948040564824,722.522104491919,1878.6994316067733,2896.0317936546844,2103.5505725419102,2198.097788741735,1960.6442136381309,2164.695033207777,1434.9054076483405,1329.5503235248298,2340.4632485598067,2358.486585576948,2099.1386672930853,1620.6466809827107,2554.8544841514604,1310.8747463695433,1888.4000273104066,816.3697263516719,1317.6678587097429,1011.0976943281873,2244.654977474762,1622.1824859064275,2582.5599849942228,2101.9937121603057,2391.242061512311,1368.2614430084318],
        [2964.8739330592684,2575.1150503854747,3164.2317318837654,3626.9243242103908,2223.00521097929,265.05613946440036,3145.3947492353905,2575.0734029303444,1605.895376832556,3797.9522793954297,2128.591349920045,1478.6085004291863,3753.2346188558886,2813.7742995136873,3096.606535548956,4139.51265667809,3067.208087442415,2096.8744639106526,4321.691002807892,1970.3670970699927,0.0,1156.802412443986,2460.801929406083,3099.4345125127725,4295.089084798944,4361.085213372879,2216.298520801763,605.863125084812,3342.7105796907617,2226.232725695892,3841.855698742996,3602.5888033397364,2615.368812448611,3367.871117986268,2781.851638870306,869.2969530060259,2064.2139416356626,1619.7906671660826,371.8583182211042,4460.29167013741,2932.311077750327,3418.4526912893953,1562.412213459504,2275.2302477181465,1366.731097908834,3643.490954624368,3592.296831921287,3752.0533996358026,4034.598350086333,4349.637927152003,2964.8739330592684],
        [4121.605540118499,3477.246692890986,3636.425662024637,4780.492099574018,3378.178519832605,896.2230593353639,4040.910689858032,3722.8545165121914,2420.0360777254614,4221.84012996371,3285.2863552414988,2569.352610191102,4577.113956268859,3964.65501575086,4234.416168110368,4488.563364701596,4208.197271110533,3041.229427853257,4696.390193562316,3075.2160450277684,1156.802412443986,0.0,3607.638660134794,4212.8421273198755,5352.8383327430765,5443.636479213172,3372.0855035807785,1609.8436837351644,3699.6778367419497,2656.7786862502758,4721.034505147523,4493.354234642991,3644.594636439848,4497.435804282191,3936.326970012109,956.8917698874228,2309.709268290554,2532.672094449538,1528.0645951525887,5469.123348211139,4089.1004488721233,4271.537534288851,2718.9623366128308,3410.556001734996,2286.1417991794756,4422.205910995435,4690.313747213137,4416.604542089901,5166.112732361792,5410.662820069764,4121.605540118499],
        [685.5940117069396,2341.003809400839,3122.04014555636,1186.5042744974417,323.43383561467436,2725.857298422844,1868.5452413308628,116.40570438774934,1868.7216244427077,3642.7797656786397,464.99719955779034,1129.0641609295344,2505.7236980226166,367.57640221099945,1202.1877851416068,4061.5376555407447,1140.3784733697096,1394.2068276456928,4140.647313936292,687.1854733623766,2460.801929406083,3607.638660134794,0.0,779.9992096317633,2089.7130824790124,2062.3009520181927,350.3830463902515,2219.739142897582,3490.270766917719,2772.872183706617,2379.6647841798135,2168.7734794385983,1808.2419023055731,945.4071898409519,691.6641807742933,2955.706531274579,3043.6369856116257,2117.4951597709746,2090.8812741933607,2416.2637583510673,626.2870586341428,2184.060252936385,969.9598167281329,949.34868384105,1691.1000157773594,2578.0503825322653,1289.3234837064879,2993.359811780812,1592.9795586944329,2127.9548480377425,685.5940117069396],
        [1018.47617362176,3066.364162251782,2977.4313209171337,948.4679710367143,1103.432710288113,3361.378408153957,1464.5726486319284,712.8577154952758,2138.198655133929,3399.769158142678,1244.9845445063772,1644.743428316073,1994.0719808194162,658.6881948181566,1635.0016552974957,3808.3449467264604,1572.8273565826914,1496.2164444146972,3848.0543873721363,1137.7277310819454,3099.4345125127725,4212.8421273198755,779.9992096317633,0.0,1310.0086597652803,1297.89587287084,1130.0955093713758,2939.3901590099535,3364.4013919995573,2882.2038507529596,1797.199330966582,1627.0808607176814,2494.289490149915,350.41440673279607,1200.913130568619,3460.7897082595546,3240.6719018284907,2897.4612172119528,2741.359945770139,1646.7849565607585,963.1095709164257,1728.7037133601393,1716.573131964973,1679.7474435278878,2068.609177495457,2129.6174140607122,516.147980045821,2608.372067202489,981.2769594196975,1349.3216397435872,1018.47617362176],
        [2159.7258299129517,4316.7037916219515,3223.708661691226,1642.5023975684737,2413.0697214811685,4548.485181410202,1657.801422137193,2016.7876164319596,3047.8427737869492,3424.274976026078,2554.5299683096405,2816.7764993926316,1732.4399130484378,1909.0574766553414,2714.491567190531,3772.6851340909056,2661.2288031017474,2365.667167601454,3735.8647621097275,2339.4540069304435,4295.089084798944,5352.8383327430765,2089.7130824790124,1310.0086597652803,0.0,284.5831677799679,2439.351202310535,4206.974125862604,3593.6068307623386,3512.039717483732,1416.9732030422417,1433.524836564681,3717.7524449328043,1239.172363268537,2395.37295965163,4513.85329306492,3948.675736102335,4206.651010520917,3955.7556349489555,480.8605687918223,2122.8871222052658,1696.0997231016188,3014.048968783482,2956.6825098613967,3089.524324030479,1975.334713630324,806.7638815460755,2478.0079878925194,993.9340561583073,65.73006321923177,2159.7258299129517],
        [2042.1064876584142,4212.596473739291,3470.1066236720917,1459.5123298016379,2382.1595917492295,4618.8146928828155,1881.975990611135,1977.5145117656082,3189.84839152495,3691.691082698639,2521.9918960184445,2885.0277281283325,2004.9156665854716,1838.0882126546235,2564.786264355989,4045.560416026743,2515.0202934689937,2505.0776088905577,4012.856186391718,2391.948040564824,4361.085213372879,5443.636479213172,2062.3009520181927,1297.89587287084,284.5831677799679,0.0,2406.2801922848603,4233.804824698157,3844.3689047838625,3710.9101941973213,1691.967843071931,1693.7347679342088,3603.676918254307,1152.3133217477014,2287.9480884872646,4630.381445683736,4137.99247927305,4164.86653599299,4012.338621260304,743.1892015078155,2012.0779294269696,1948.0861080434702,3014.0229414707455,2879.7766324961412,3205.7158951197353,2243.708423369365,782.5577890239867,2750.0436702250427,771.9653717864807,241.91166834151144,2042.1064876584142],
        [766.742823144195,2020.5542176904228,3261.906286414696,1413.954781278822,31.248655616026575,2479.9219556452213,2130.4060974072304,429.27282660914943,1861.8031375433686,3814.0416506698352,115.72768690031567,1030.9277356168552,2786.4773960664943,621.4935889068101,1118.6249585048029,4232.282779381948,1064.3637337898385,1501.4434067685024,4326.1043051117695,722.522104491919,2216.298520801763,3372.0855035807785,350.3830463902515,1130.0955093713758,2439.351202310535,2406.2801922848603,0.0,1921.1201869844244,3616.5587926661588,2811.0066127533723,2682.6627909765343,2463.2255266473107,1518.8022155277176,1274.3842542700986,647.6337803879055,2785.7914267656374,3034.2754661729614,1767.4139113608103,1844.4803437644182,2765.495240640623,725.5853234935242,2453.2375714414843,670.2994255859289,648.3728899195929,1635.128840107872,2837.970366127339,1637.3027683815492,3225.811331065581,1901.021526544604,2476.9573309644256,766.742823144195],
        [2617.205758621109,1971.7522612390437,3553.9635624423618,3323.411121406445,1935.37723176595,773.1027967374451,3268.010582390341,2325.838529567033,1894.595223239954,4192.214750355078,1816.898159099527,1463.1420088903242,3916.918669068523,2541.8212591672473,2650.215346155781,4557.913627884336,2629.3299019539004,2226.508755569839,4726.492450166121,1878.6994316067733,605.863125084812,1609.8436837351644,2219.739142897582,2939.3901590099535,4206.974125862604,4233.804824698157,1921.1201869844244,0.0,3775.2986485909587,2671.4850128878707,3957.9171421547317,3714.8620473058468,2049.0135860481137,3162.009076488359,2404.8855536756473,1474.5463834897673,2578.83644038719,1014.3313554008005,493.70479891713376,4433.0809989599065,2595.0472880690827,3568.4165426494023,1253.451185214749,1829.7519683101002,1597.7946537250489,3843.938132809287,3451.7489228849327,4024.5595108944544,3812.0094389202113,4255.86398008916,2617.205758621109],
        [4148.093151381822,5317.933603278282,388.3830398857985,4312.731826041903,3591.7075114458166,3433.932855970729,1998.6012689575202,3559.1708689843,1962.0978454670806,545.1140192260158,3647.387306427667,2781.968781389286,1923.7198250328738,3744.599248441109,4690.679070055976,801.389111648194,4629.594287092192,2115.246496080669,999.4426067781061,2896.0317936546844,3342.7105796907617,3699.6778367419497,3490.270766917719,3364.4013919995573,3593.6068307623386,3844.3689047838625,3616.5587926661588,3775.2986485909587,0.0,1116.523518074364,2235.268418329821,2163.749861897305,5005.041186190825,3695.467959792937,4180.824195660985,2791.3776404946175,1389.9753912699944,4562.119318916063,3282.5323173539414,3363.226889550491,4084.5224113061445,1897.669681213123,3508.8338767903247,4198.820490478992,2281.8527054902356,1665.8883461846083,3484.7022186965514,1259.7732152919402,4146.707335832402,3657.13627578422,4148.093151381822],
        [3458.1061511501625,4312.493115419933,982.1946688909512,3788.608141251784,2791.487607533465,2321.0184587890076,1873.3744818575913,2864.683274557011,974.7115926546753,1592.3431326420837,2814.68045529353,1849.0911501912437,2171.6100227135366,3089.0411181788145,3927.049176204505,1914.998431825945,3870.605535289862,1408.5636152898057,2102.8094880420235,2103.5505725419102,2226.232725695892,2656.7786862502758,2772.872183706617,2882.2038507529596,3512.039717483732,3710.9101941973213,2811.0066127533723,2671.4850128878707,1116.523518074364,0.0,2410.120197571057,2236.623668873789,4064.7291884292254,3232.515039686922,3433.0855500323105,1716.426435096244,466.26712516374874,3503.203292368499,2177.7866065473063,3427.4816623076235,3397.8146738715823,1961.2096569905254,2560.2837340022784,3320.003797714103,1271.9017325576096,1955.5398392784568,3156.4803495765295,1814.9666366731312,3803.267377857302,3577.6794742719244,3458.1061511501625],
        [2810.64580368539,4702.190885284164,1890.2121425819767,2619.6086965101117,2651.4178937156053,4057.7458986258675,696.7354612882417,2374.7755584948477,2302.1997825237663,2014.6439809357926,2775.5119796275203,2503.3629175693195,319.0782470117316,2422.4666323097194,3428.3230684316068,2355.9135836622895,3365.4790026473106,1748.6114618075858,2321.195721774032,2198.097788741735,3841.855698742996,4721.034505147523,2379.6647841798135,1797.199330966582,1416.9732030422417,1691.967843071931,2682.6627909765343,3957.9171421547317,2235.268418329821,2410.120197571057,0.0,243.10481476684194,4187.694973567755,2005.4814865511933,2968.4710709242977,3788.9143410717948,2875.3286441614446,4297.058903842634,3574.7905098598494,1129.4226999671982,2752.6189052057734,459.42963770800657,3013.4602649835942,3323.442769068382,2481.4520502093224,573.1407389203274,1615.1597109975187,1062.4690149939408,2195.6967523083686,1475.361430926607,2810.64580368539],
        [2629.577151883839,4479.965687592761,1800.6654649652694,2489.0818803762336,2431.9869886328106,3820.381976997293,457.6310579721269,2170.3572442018794,2073.3502638303667,2001.2299906474834,2553.320946860379,2260.3849667909653,371.2521469751391,2233.284735999625,3246.3043928151383,2367.4442015268405,3182.995984851487,1507.6957325338296,2355.4453875581894,1960.6442136381309,3602.5888033397364,4493.354234642991,2168.7734794385983,1627.0808607176814,1433.524836564681,1693.7347679342088,2463.2255266473107,3714.8620473058468,2163.749861897305,2236.623668873789,243.10481476684194,0.0,3974.3492919176874,1863.0429396576815,2775.934033425587,3566.271988446116,2698.7269188230866,4059.758623969086,3333.0517781305534,1221.0480276548856,2570.0475207722957,281.7624208083269,2776.698723465311,3107.2683887271232,2244.531323650109,563.9749550982865,1504.647946886188,1077.6743889581571,2120.105371424061,1496.1138996167317,2629.577151883839],
        [1561.9727362999122,622.5694917142259,4676.65714924947,2218.734500525935,1549.6923979151309,2818.668901090217,3649.169588808938,1822.0235999654758,3093.021834462826,5263.27785892802,1442.4227990540387,2229.7708307330236,4303.6166360996685,1838.0175013250255,1112.3752982759252,5677.241289828909,1142.459312525208,2931.7174897222594,5788.495734813327,2164.695033207777,2615.368812448611,3644.594636439848,1808.2419023055731,2494.289490149915,3717.7524449328043,3603.676918254307,1518.8022155277176,2049.0135860481137,5005.041186190825,4064.7291884292254,4187.694973567755,3974.3492919176874,0.0,2479.210791715993,1322.4652652162683,3438.2742201828764,4170.61117817187,1160.3239934641658,2325.7071717137806,4117.976657874047,1595.4048264494609,3971.9572608075287,1506.1275110535732,870.4317357486542,2794.214882635239,4356.275490425932,2928.4436197572336,4734.0485531531585,2911.9265957531406,3739.2558146953465,1561.9727362999122],
        [926.7127589890093,3077.763702332454,3307.5783216529744,634.5105694272762,1253.002454166743,3631.9311672240715,1759.6982998398605,847.1450421965952,2480.7656966453987,3709.2968621257737,1389.0673567325566,1941.2808411770052,2234.238721921706,686.2076400094611,1510.6944527908354,4113.314968501587,1452.9749776900599,1845.3414628355167,4143.053430458549,1434.9054076483405,3367.871117986268,4497.435804282191,945.4071898409519,350.41440673279607,1239.172363268537,1152.3133217477014,1274.3842542700986,3162.009076488359,3695.467959792937,3232.515039686922,2005.4814865511933,1863.0429396576815,2479.210791715993,0.0,1156.766846778651,3773.3182210152,3590.2692821158084,3017.74812943509,3003.26953865573,1648.1984297298409,886.1911391314038,1998.9708351187546,1915.122722005337,1728.4408728716796,2397.842206830203,2393.3440767454563,460.49628272830734,2886.7825319877898,668.8257544238838,1263.2811901543396,926.7127589890093],
        [256.20010248116284,1925.0815526330466,3813.5325649423867,988.0967433597904,659.4834211159911,3040.122574648792,2520.1576282844526,637.7210128025687,2498.305823533745,4332.351532503451,690.8548451545644,1678.502353167633,3129.170386768209,547.5939732632875,510.5245053644922,4750.94682641921,448.8514563644209,2077.4489876196285,4826.680800202294,1329.5503235248298,2781.851638870306,3936.326970012109,691.6641807742933,1200.913130568619,2395.37295965163,2287.9480884872646,647.6337803879055,2404.8855536756473,4180.824195660985,3433.0855500323105,2968.4710709242977,2775.934033425587,1322.4652652162683,1156.766846778651,0.0,3408.1169347322466,3674.0231862514847,1991.8860249745746,2414.2239169748846,2798.898248752139,276.12507915592937,2824.8228425107095,1223.5255673155964,648.9352308005454,2281.0603139883224,3224.872108369753,1608.0481754380573,3660.1693738756376,1630.8079976640472,2417.4714918465393,256.20010248116284],
        [3552.489107584541,3438.2163690714733,2698.6205529335343,4141.535141931856,2784.227562242909,787.169067133753,3119.30492521008,3071.8416012676116,1502.8061130018323,3299.321517217527,2720.9388538038343,1840.190632558302,3632.48000539136,3323.0567199898724,3787.877148769013,3589.5732965335496,3750.014505107357,2159.2922560993575,3790.7804506529637,2340.4632485598067,869.2969530060259,956.8917698874228,2955.706531274579,3460.7897082595546,4513.85329306492,4630.381445683736,2785.7914267656374,1474.5463834897673,2791.3776404946175,1716.426435096244,3788.9143410717948,3566.271988446116,3438.2742201828764,3773.3182210152,3408.1169347322466,0.0,1412.8712119259478,2486.9212428555475,1112.5715153144768,4590.286546910313,3509.6339392703794,3335.10712984703,2201.8634304748384,2989.5210012463413,1425.3412367208693,3471.02320665317,3905.936995037758,3459.9455081676774,4437.39283532806,4574.34508389938,3552.489107584541],
        [3726.7302373331845,4354.756530747087,1359.8736970499879,4118.119830989103,3018.3624245401256,2108.884504017911,2324.7353948486434,3143.8093419284883,1177.0007506214383,1915.8309922091814,3021.5576473934184,2021.9273460235995,2637.8074870995556,3380.1982638565596,4151.433055437522,2181.9511022203524,4098.304434534733,1745.2179673314013,2387.518536044881,2358.486585576948,2064.2139416356626,2309.709268290554,3043.6369856116257,3240.6719018284907,3948.675736102335,4137.99247927305,3034.2754661729614,2578.83644038719,1389.9753912699944,466.26712516374874,2875.3286441614446,2698.7269188230866,4170.61117817187,3590.2692821158084,3674.0231862514847,1412.8712119259478,0.0,3489.3515770241033,2093.886950384579,3881.5237940005723,3669.044554272983,2424.829415275219,2690.0797068249904,3484.7949774792337,1412.295644584296,2420.371627178224,3551.32153229237,2258.5850444024504,4186.075197263358,4014.1028648716956,3726.7302373331845],
        [2243.70755171226,960.8971939773749,4290.989042350272,2979.842094685052,1794.0770376130108,1773.1393228822003,3653.1157764984314,2191.3615775352578,2603.9491169923335,4919.638067375324,1652.4988830036853,1890.1861550936917,4328.999229746872,2333.519593807832,2048.2492587427096,5311.275345594501,2049.713705133697,2709.5688803589505,5458.366855077486,2099.1386672930853,1619.7906671660826,2532.672094449538,2117.4951597709746,2897.4612172119528,4206.651010520917,4164.86653599299,1767.4139113608103,1014.3313554008005,4562.119318916063,3503.203292368499,4297.058903842634,4059.758623969086,1160.3239934641658,3017.74812943509,1991.8860249745746,2486.9212428555475,3489.3515770241033,0.0,1426.377813395688,4524.988560342808,2246.28758552339,3976.5718944047458,1283.836592091399,1343.017399525321,2283.808145327244,4312.668546943662,3403.262030203545,4589.114802532418,3593.43200463537,4243.670800657837,2243.70755171226],
        [2594.3127582558404,2353.14228001709,3066.2409490032787,3255.155624048683,1851.1469194739136,636.1918117591198,2878.9092083044,2204.7946923341883,1424.352016356145,3704.4427262251334,1757.2555283942556,1142.9160518026572,3508.9447320501135,2442.5668109496096,2740.8836557988566,4066.922965462329,2709.4546797863695,1827.025946124326,4237.446827356965,1620.6466809827107,371.8583182211042,1528.0645951525887,2090.8812741933607,2741.359945770139,3955.7556349489555,4012.338621260304,1844.4803437644182,493.70479891713376,3282.5323173539414,2177.7866065473063,3574.7905098598494,3333.0517781305534,2325.7071717137806,3003.26953865573,2414.2239169748846,1112.5715153144768,2093.886950384579,1426.377813395688,0.0,4139.055893070873,2561.2059897552667,3166.1976658535277,1192.6450511987841,1923.3761353482766,1143.3765625039257,3418.3383222413977,3239.203849463674,3569.876589248599,3668.8040076008974,4008.9380360991036,2594.3127582558404],
        [2574.7305277583773,4704.500794731311,3011.767152312101,2106.2962313156136,2737.1481649928883,4704.580861002716,1557.179515701045,2358.3575062729715,3094.1268723688186,3133.2497911316455,2878.1457039122806,2997.3955998564716,1446.092243551179,2285.8180373853866,3150.542422589165,3454.5114566849934,3094.9256769801973,2432.9509994045666,3396.4956631176806,2554.8544841514604,4460.29167013741,5469.123348211139,2416.2637583510673,1646.7849565607585,480.8605687918223,743.1892015078155,2765.495240640623,4433.0809989599065,3363.226889550491,3427.4816623076235,1129.4226999671982,1221.0480276548856,4117.976657874047,1648.1984297298409,2798.898248752139,4590.286546910313,3881.5237940005723,4524.988560342808,4139.055893070873,0.0,2532.58101933933,1502.1174370707306,3290.2123687687467,3324.729041797302,3183.8436702396903,1702.3115405094536,1191.0922805584094,2176.519770950403,1473.7517336866638,504.06292718498787,2574.7305277583773],
        [63.91435682467678,2200.6305149860773,3709.776366798853,742.2993523032185,725.5659452792056,3194.4086973923813,2344.694244888489,534.4505563286647,2493.2108282374174,4204.341962791327,804.2173607329167,1721.5262195764465,2930.0501439706045,349.74744987652275,676.3044653032063,4621.485825618855,613.1334716711739,2010.097180928638,4686.482661330422,1310.8747463695433,2932.311077750327,4089.1004488721233,626.2870586341428,963.1095709164257,2122.8871222052658,2012.0779294269696,725.5853234935242,2595.0472880690827,4084.5224113061445,3397.8146738715823,2752.6189052057734,2570.0475207722957,1595.4048264494609,886.1911391314038,276.12507915592937,3509.6339392703794,3669.044554272983,2246.28758552339,2561.2059897552667,2532.58101933933,0.0,2638.7588049446513,1371.7361770939692,906.6558772673449,2304.510914116555,3041.000651492069,1341.653650318424,3492.7675706287687,1359.4551254757391,2143.8634392950794,63.91435682467678],
        [2700.376518888786,4452.1973976218,1528.7025035141723,2632.5753021794562,2422.298121815166,3627.140370991695,326.94342319185756,2200.5882430725187,1856.6935318972812,1769.4916877492794,2534.602290162505,2133.2941795133393,353.31426156067465,2293.4952077686553,3311.2978360401135,2151.274200165289,3247.5403213723826,1342.8247013150958,2158.0705295171542,1888.4000273104066,3418.4526912893953,4271.537534288851,2184.060252936385,1728.7037133601393,1696.0997231016188,1948.0861080434702,2453.2375714414843,3568.4165426494023,1897.669681213123,1961.2096569905254,459.42963770800657,281.7624208083269,3971.9572608075287,1998.9708351187546,2824.8228425107095,3335.10712984703,2424.829415275219,3976.5718944047458,3166.1976658535277,1502.1174370707306,2638.7588049446513,0.0,2701.4109597445245,3101.550210533799,2052.6195751162245,402.60859830522566,1682.2423713096657,888.7857092736983,2321.3841245840595,1759.8337366821052,2700.376518888786],
