{
    "drone_dist": [
        [0.0,4735.223922534633,2063.4465862882075,3549.3653999950743,4690.660243277309,974.2613097688904,4165.212116281511,3079.1014389834145,2312.760301254921,1266.0477451569295,4170.2714509301195,3190.2731750549483,4998.56453471875,4397.739255341097,2753.038704007896,4240.6092938606635,2951.0362852296257,1566.1374590348487,2068.261126350626,2649.1318846011263,1837.1805448759317,1405.1223219338226,551.6961589212783,1515.618537065691,2023.9572830007842,3533.8259104933622,4346.409214612961,2999.9037931885305,954.4438194797627,479.138487269289,1506.3156073468904,1167.3645294315068,4142.52915537233,4585.7099358877,3897.9374098039875,3474.9752601669825,3263.659816289305,3696.6363753131227,2492.798114859051,3336.8710597846616,1734.7173516784635,3055.7616198955175,4217.65631798293,3302.462866950627,1973.8593891143103,1061.0648194562393,1655.6036105388594,4620.371911887959,1748.7382396760352,4563.261776572415,0.0],
        [4735.223922534633,0.0,2680.9214782359627,4534.619155650866,4509.687797474212,4793.691228357568,1948.062089266001,2786.745110712975,2557.583191688985,3470.200890520721,3601.4229147798724,6336.148607966538,4453.844302623679,3739.890978510687,5390.047617158452,2905.7078958439065,2506.7129727301713,3499.9047449676277,3769.4526873714744,2535.7589543076365,3350.8950672036603,4835.527462546746,5041.619212475897,3361.811013201127,2908.4512037850736,1572.2188217806145,3398.5620609687944,1736.839390517526,3784.8277240014604,4924.614772751528,4471.490470720378,3905.710793888122,2422.3679671561163,883.2326649732217,1365.2194108542,1823.2819463856024,5725.041246684678,5618.779939984064,2418.7027147324347,2540.351494591682,5574.80693868206,1931.1692663777428,1351.596234750771,1583.6494459700361,4096.146784397016,4582.754115107646,4382.424338428818,5079.546908755252,5495.45370687755,4973.070673330243,4735.223922534633],
        [2063.4465862882075,2680.9214782359627,0.0,3392.1716669499465,4115.874959859532,2306.6677409399144,2543.117739074068,1936.7939720165,460.9786219677287,815.321062442535,3297.5498882644706,4314.823412198022,4294.76832797471,3532.8627076548637,3496.8046251912283,3016.1310256751335,1600.0843146127277,991.2584698369825,1889.6884665846146,1257.7602525381078,1003.5343370626894,2319.974780472737,2422.8115478408317,751.970188957165,553.3378771018305,1702.75647361503,3329.8836705672643,962.8747670145802,1109.121133314132,2305.1477810294095,2213.655892065371,1302.2312193781854,2716.915728901951,2643.3969816049853,2048.024475911532,1762.9792763150854,3966.4228454970457,4126.700398155826,613.9672187942455,2027.8379454744895,3193.2943912892565,1277.9287670471917,2387.9787528946235,1389.6033318203279,2121.937855175882,2139.243562220491,2203.6786186600684,4361.767033417008,3139.534237922026,4270.492887701134,2063.4465862882075],
        [3549.3653999950743,4534.619155650866,3392.1716669499465,0.0,1255.7900963246784,2680.0720973244624,2720.499150384123,1795.8097721793085,3840.325884634213,3171.4790690932837,1315.876357837252,2326.3062593568584,1629.4764855735223,1408.155270796692,1496.6252936399414,1954.8980338916174,2153.740241142059,4030.7763137464453,1624.5017524021644,2330.64767216759,4208.620594137645,4819.126316552698,3277.1159953629212,3744.22921488491,3901.0743090610918,3009.440494000689,1628.7306617432491,3474.0987385316485,3332.8346559975575,3235.7320800985094,2058.5455550902457,3996.1604320154374,2305.3023790571146,3795.2788777879923,3169.43657112,2736.009008315032,1496.333306818235,1146.6164712179764,3955.238392853991,1999.641430405073,2643.486138562425,2833.666965452244,3245.654530292398,3157.6007587080153,1593.7899737378139,2514.937712998954,1898.4210202312067,1074.5239570116537,2536.8081352332315,1013.9244562997042,3549.3653999950743],
        [4690.660243277309,4509.687797474212,4115.874959859532,1255.7900963246784,0.0,3881.785041865299,2561.6892343985655,2213.5121161352185,4520.175897240612,4101.847403231635,929.0265545331388,3447.2460487726357,387.5806297970451,770.0367772852477,2717.621585221244,1605.6679900812212,2591.56210148034,4914.420342654957,2648.1926993524607,2887.7493809031926,5046.632868547493,5871.575489560012,4474.899051475493,4619.059853525893,4663.066417723317,3195.937076062594,1113.8428364734089,3910.0947297656007,4323.581089177619,4422.3276640425765,3246.0665406868566,4963.488702262113,2087.3224560146173,3659.0135148564204,3215.853120224453,2924.7955262667915,2601.803123611921,2084.7713079680952,4595.21930483373,2248.062259012813,3899.2223230445984,3208.5737557242874,3158.538740502575,3453.8473028588505,2719.196316216024,3697.234738957216,3077.6334330959176,700.8811933192085,3792.4416000548413,615.9902125960558,4690.660243277309],
        [974.2613097688904,4793.691228357568,2306.6677409399144,2680.0720973244624,3881.785041865299,0.0,3828.593057137382,2618.3127632003575,2686.984882720377,1537.0195394802072,3485.772776122912,2275.7762138419293,4217.061078520876,3696.8962671173717,1778.8054427040024,3695.1273004978475,2609.725985210227,2211.6777064177704,1419.95410971286,2389.702737732784,2480.3634861188143,2375.3244375507447,597.0715585926263,2043.7645438970244,2491.583205514762,3385.424376914617,3706.1199800501995,3096.407484682425,1390.758493808306,565.5791926957374,638.8949665009366,1919.0952631507944,3700.181787825519,4465.9264059968655,3733.761356721165,3253.2868124140773,2290.1486767758606,2727.359561231831,2869.352148846628,2916.6074038162,914.5911984027213,2926.2058978645846,4016.308511470412,3239.3170664011805,1207.208025774737,233.60116432827536,810.4285078248893,3733.433636786172,886.1808990137445,3685.5955386621076,974.2613097688904],
        [4165.212116281511,1948.062089266001,2543.117739074068,2720.499150384123,2561.6892343985655,3828.593057137382,0.0,1250.2647727962374,2758.5758191768573,3031.4498909008284,1659.661738380912,4798.650512817998,2516.69973705639,1791.8329083245799,3842.8477343962713,958.2455680096139,1228.2587705134133,3532.7888814354187,2482.502273247312,1516.6658492590748,3530.929668499163,4826.6099718478945,4265.768888159513,3274.296443125409,3045.352538227435,918.3086683401385,1450.9329049763196,1833.8614417128565,3361.727922210788,4162.961596108825,3315.1829689792257,3795.4051315884285,474.43448551865555,1109.6466471926778,737.9968708025509,781.4099403497654,4075.7749621971116,3855.73086440399,2740.475058858482,936.9161902458636,4395.783026494293,1266.2889901909202,598.1464368522389,1269.532155483064,2791.4773471896974,3595.1525546100356,3174.647052800417,3144.637321408148,4297.273132338263,3038.467846907965,4165.212116281511],
        [3079.1014389834145,2786.745110712975,1936.7939720165,1795.8097721793085,2213.5121161352185,2618.3127632003575,1250.2647727962374,0.0,2317.0158118599234,2117.4018743262886,1361.5498971154475,3611.9509448438102,2363.507483516848,1596.1416902461058,2653.7977113334405,1178.1686714872433,384.200857648001,2824.491501140769,1237.064278647783,682.459736083673,2912.8617452152894,3968.6834743362765,3098.344507107694,2533.0175878026375,2490.0367938756594,1226.8294672393326,1406.2986008350333,1729.6567027170718,2411.3043213951482,3003.708576483264,2075.312518450315,2969.511107918839,1084.0957385056272,2143.6437422137496,1441.328459594776,963.8164377705182,2948.7641735961565,2836.9161962033186,2383.931326177366,313.4527924602206,3146.5048389180656,1051.6220580766183,1605.5223890995915,1363.249497741835,1541.6407790867243,2385.2230674683215,1929.6171912243722,2569.0689618015185,3047.476201017841,2468.048718777587,3079.1014389834145],
        [2312.760301254921,2557.583191688985,460.9786219677287,3840.325884634213,4520.175897240612,2686.984882720377,2758.5758191768573,2317.0158118599234,0.0,1152.6001413191639,3675.920626861632,4755.414349188483,4680.2617923085045,3907.4204124464854,3950.8198529459382,3334.927389014251,1957.4054518124003,943.0911799750389,2350.6572903802266,1635.425278606469,827.2199615318726,2291.071192174278,2732.268054929345,825.4788055038568,352.1595946436128,1862.5720638311793,3683.1663236255754,983.2269261500651,1380.5227363786032,2616.480779665876,2648.0941383440613,1352.15922716337,2993.038872340767,2673.394259938962,2172.895898702974,1983.3357102759649,4424.0685921993045,4587.6260505505,184.13422649983852,2367.3950520283815,3589.538938455576,1510.288308885705,2508.687743505939,1517.5463675547087,2580.6719929064907,2537.1130493152345,2647.9772083644875,4794.094703786769,3542.3637698351204,4700.909431947775,2312.760301254921],
        [1266.0477451569295,3470.200890520721,815.321062442535,3171.4790690932837,4101.847403231635,1537.0195394802072,3031.4498909008284,2117.4018743262886,1152.6001413191639,0.0,3399.197859512479,3678.0277476746983,4343.608291682854,3638.040315197534,2947.650355313084,3289.5624703481494,1885.2727800718485,868.0947748468166,1550.4466168517968,1542.7858513018427,1082.904110619537,1851.5808825467482,1607.8341164449553,601.3194669459108,965.7643528433258,2312.3910091088105,3504.1833365021776,1734.1081132809652,336.98286440129385,1490.257548263421,1578.8400609802713,866.5618235292346,3093.5022790772805,3339.933281933259,2675.587844638578,2291.5884144502397,3448.2230917865995,3706.9454083712244,1336.0601135929314,2312.0591729305042,2445.195805855209,1839.6364002662528,3005.5202040576164,2055.387523156868,1673.8576794419876,1399.560890893755,1618.149946520945,4216.877915363977,2403.3151849353703,4137.57455311299,1266.0477451569295],
        [4170.2714509301195,3601.4229147798724,3297.5498882644706,1315.876357837252,929.0265545331388,3485.772776122912,1659.661738380912,1361.5498971154475,3675.920626861632,3399.197859512479,0.0,3631.4061229044446,1007.233891220738,239.1876018301933,2751.4859406120777,730.4361954322969,1720.9974336509388,4161.046503899733,2108.3828692742745,2043.7126590369994,4264.959696119692,5227.785050382145,4051.3455818326224,3866.5366047920925,3850.519752423453,2267.909055558864,313.488352894374,3005.676288247821,3659.2491609082394,3979.3645016574087,2854.280187548319,4265.041176838779,1188.0722651973078,2767.6506963598913,2290.444539240058,1998.2088438226654,2810.440574916951,2434.326826621076,3735.534833343738,1343.3926915725042,3716.7623659063706,2302.5836490074425,2250.6116267058487,2532.6663844659215,2278.5679277703352,3273.0871236363514,2682.694769893242,1486.4851344104316,3608.2277765197737,1380.6807774730776,4170.2714509301195],
        [3190.2731750549483,6336.148607966538,4314.823412198022,2326.3062593568584,3447.2460487726357,2275.7762138419293,4798.650512817998,3611.9509448438102,4755.414349188483,3678.0277476746983,3631.4061229044446,0.0,3833.9608336012034,3734.4595997347005,958.6009296383908,4204.246113910767,3836.861110607028,4453.41590043386,2591.3070678712174,3813.842007291162,4712.7213295340625,4580.2762057740165,2666.031501831409,4249.570321137662,4637.183820087196,4770.060830640252,3940.577495562892,4858.005461790276,3617.9755827784606,2714.4105610013885,2109.4412760850123,4190.925398351969,4463.761042109671,5754.821388530619,5038.999041408253,4540.715125444403,846.4460139863517,1398.2120417748092,4924.863135904371,3908.02089695965,1473.8442896519734,4420.225698535243,5216.9871426346035,4775.194390856292,2278.5891271806113,2321.78029673644,2111.827497104127,2919.113117787644,1444.1147671429826,2939.709635534739,3190.2731750549483],
        [4998.56453471875,4453.844302623679,4294.76832797471,1629.4764855735223,387.5806297970451,4217.061078520876,2516.69973705639,2363.507483516848,4680.2617923085045,4343.608291682854,1007.233891220738,3833.9608336012034,0.0,786.6075696235306,3102.2063236955696,1565.8354522432865,2727.548158692172,5133.670056886872,2938.888256337369,3045.847579633389,5250.248068189777,6141.812335893759,4806.427755621569,4838.186230065501,4846.651039791684,3234.9843986740175,1085.827630779794,4006.4121488887563,4582.141166314966,4749.232493833911,3578.8663735143373,5209.421124381078,2050.383718077063,3584.4881936415904,3211.019480785976,2973.9140708483933,2988.8405562660464,2466.6022434112156,4742.179641989404,2347.9267214380875,4269.477038820165,3303.820174253598,3113.353241985118,3518.666712855274,3036.7712046654747,4025.4897431215745,3408.6069703889443,1024.9587347664003,4162.15718678641,958.2252944232824,4998.56453471875],
        [4397.739255341097,3739.890978510687,3532.8627076548637,1408.155270796692,770.0367772852477,3696.8962671173717,1791.8329083245799,1596.1416902461058,3907.4204124464854,3638.040315197534,239.1876018301933,3734.4595997347005,786.6075696235306,0.0,2881.049209029637,835.777650752109,1950.6915423616065,4399.890555782215,2332.3716323141425,2277.502769176134,4502.638935667071,5465.199023717483,4267.568548132855,4105.455641652571,4086.028124780138,2457.415222244913,345.5927902701879,3219.819184095415,3896.9182329995692,4197.865984121913,3062.370203796912,4503.985856442457,1317.5695421622886,2889.600358130456,2455.3125662780153,2192.729345419456,2901.472325239623,2486.5295151571786,3964.0408665443474,1562.7079528832533,3894.929312116692,2517.2966633179785,2389.0214685335864,2734.5549365118345,2490.466049907039,3487.3494863700744,2890.3751317630126,1395.8203904806014,3786.2381959834756,1293.3090627517129,4397.739255341097],
        [2753.038704007896,5390.047617158452,3496.8046251912283,1496.6252936399414,2717.621585221244,1778.8054427040024,3842.8477343962713,2653.7977113334405,3950.8198529459382,2947.650355313084,2751.4859406120777,958.6009296383908,3102.2063236955696,2881.049209029637,0.0,3279.857431680044,2885.958274572151,3779.8085204962863,1681.2507859429588,2881.1757518383256,4021.481241108334,4152.254241233188,2310.529094313988,3543.2318728273394,3876.233759409108,3820.6257803096823,3052.9131453316495,3957.2070781627076,2954.9093308431065,2318.520648515008,1386.5771301279772,3584.314220330891,3517.2548290641334,4797.087151906725,4083.605285596807,3587.007707491519,516.8882916130783,989.0829786121241,4110.7559151629675,2949.4208840461088,1320.7493844237329,3484.6912283842526,4258.557807950842,3839.854784381265,1390.437574835877,1733.0171973893323,1329.5096910783216,2316.454247921853,1230.390899101246,2307.0956024638726,2753.038704007896],
        [4240.6092938606635,2905.7078958439065,3016.1310256751335,1954.8980338916174,1605.6679900812212,3695.1273004978475,958.2455680096139,1178.1686714872433,3334.927389014251,3289.5624703481494,730.4361954322969,4204.246113910767,1565.8354522432865,835.777650752109,3279.857431680044,0.0,1429.9528041089707,3956.9149082496688,2275.208708039457,1783.0663307554296,4016.4200327435988,5140.896517724826,4216.26228627508,3671.6731276814817,3562.3427584484753,1699.0202645018564,492.8564117704673,2537.7637715956853,3588.3597477874127,4129.183497999217,3098.3917082957296,4132.650783568748,486.05367999892377,2054.018748512769,1646.3991868144278,1456.2469614555955,3415.1294641647955,3099.05807899422,3362.1866977790733,994.3330897213506,4080.594370638222,1854.8868160648415,1556.3240230604188,2009.889215260371,2522.4128598788293,3467.370258317869,2934.84106334702,2211.3476736548632,3974.5157841847417,2106.2741062916234,4240.6092938606635],
        [2951.0362852296257,2506.7129727301713,1600.0843146127277,2153.740241142059,2591.56210148034,2609.725985210227,1228.2587705134133,384.200857648001,1957.4054518124003,1885.2727800718485,1720.9974336509388,3836.861110607028,2727.548158692172,1950.6915423616065,2885.958274572151,1429.9528041089707,0.0,2527.096979631163,1326.9888199913617,353.2266316253903,2593.2498149292364,3729.1123439875837,3037.511764928131,2241.8229422425075,2151.9672201550693,935.0851173323002,1731.1315945599717,1346.5691764969413,2200.076719564116,2934.8339889507943,2128.895215076104,2711.283913542193,1210.5740196866489,1946.8047805772171,1212.6593795384044,708.8300369396514,3221.4458372284244,3157.0434886913645,2014.635370061943,435.8193180974603,3231.9239312528175,680.0052988310663,1441.1806503826692,1010.5559785312887,1653.0566285313057,2377.027266181503,2002.7384066119812,2952.6697661447906,3138.923640473884,2851.8896294766005,2951.0362852296257],
        [1566.1374590348487,3499.9047449676277,991.2584698369825,4030.7763137464453,4914.420342654957,2211.6777064177704,3532.7888814354187,2824.491501140769,943.0911799750389,868.0947748468166,4161.046503899733,4453.41590043386,5133.670056886872,4399.890555782215,3779.8085204962863,3956.9149082496688,2527.096979631163,0.0,2414.9956004366604,2174.2942879427137,274.59133662368015,1355.989480133423,2071.742552619289,295.58716898813043,591.4779349622333,2690.125886614789,4230.754194056473,1884.1165212909714,835.7376038460504,1967.1758924456522,2395.2383636890313,439.63657451260036,3688.181275465752,3587.4218625087665,3029.2187945653136,2753.575892781559,4287.727104326671,4568.537658180716,1086.2304589981832,2962.581823263826,3119.2105528695874,2268.7958292978506,3369.3331201326296,2367.3464381568137,2540.2824885866617,2132.7892288980183,2456.3430561718965,5066.1900030458055,3097.551670214625,4984.0660385423025,1566.1374590348487],
        [2068.261126350626,3769.4526873714744,1889.6884665846146,1624.5017524021644,2648.1926993524607,1419.95410971286,2482.502273247312,1237.064278647783,2350.6572903802266,1550.4466168517968,2108.3828692742745,2591.3070678712174,2938.888256337369,2332.3716323141425,1681.2507859429588,2275.208708039457,1326.9888199913617,2414.9956004366604,0.0,1233.8805720217788,2606.6745900424166,3230.09787464688,1955.7581595879365,2133.6831344687125,2346.179649280466,2227.132362149471,2304.8323170943786,2276.1412952713367,1711.588704898402,1877.3180313962812,840.5343413505153,2372.817374640681,2301.7434403879543,3271.566147710639,2533.839241788386,2030.085251124829,2109.0211352769697,2237.144221720834,2494.3845765045144,1547.819718255184,1915.5742849812202,1840.3083985792157,2767.1071756916053,2193.2664597078774,328.63073578453236,1193.2295366666865,692.640429602976,2682.8074822071244,1819.221874344523,2608.880999018647,2068.261126350626],
        [2649.1318846011263,2535.7589543076365,1257.7602525381078,2330.64767216759,2887.7493809031926,2389.702737732784,1516.6658492590748,682.459736083673,1635.425278606469,1542.7858513018427,2043.7126590369994,3813.842007291162,3045.847579633389,2277.502769176134,2881.1757518383256,1783.0663307554296,353.2266316253903,2174.2942879427137,1233.8805720217788,0.0,2244.585847767326,3380.825402277599,2775.7320947314765,1888.6313475884917,1810.9987357601005,1012.8364336111076,2073.1563691545252,1149.0656675609412,1863.419055215531,2668.650858583449,1968.1503375669959,2360.3878202945393,1551.301769243147,2085.902052958864,1348.1654009077802,863.9247505256259,3259.7392022289337,3259.66619208391,1707.8202955597435,789.045058320313,3079.775531578395,607.1245833841812,1627.1607309731285,961.5440052781602,1560.4028051954529,2160.9837030923927,1862.3753177077688,3201.692719221918,2993.0559808233984,3104.0852735269764,2649.1318846011263],
        [1837.1805448759317,3350.8950672036603,1003.5343370626894,4208.620594137645,5046.632868547493,2480.3634861188143,3530.929668499163,2912.8617452152894,827.2199615318726,1082.904110619537,4264.959696119692,4712.7213295340625,5250.248068189777,4502.638935667071,4021.481241108334,4016.4200327435988,2593.2498149292364,274.59133662368015,2606.6745900424166,2244.585847767326,0.0,1485.227119653037,2346.008763887011,481.5846816161068,492.1381151680632,2659.1001859640965,4315.978299488169,1806.2501813620718,1096.3075147522472,2241.6924824129246,2641.0481221813016,689.2594647121186,3719.8326498597544,3500.6013401030295,2983.8817460807413,2749.5868137719854,4526.051315093421,4789.158375223828,936.4897486166898,3025.0655815393256,3389.8553398700583,2265.500383802968,3322.2502315685915,2322.943539171656,2753.461687629313,2394.8842532260855,2693.8412377502113,5229.487282627864,3366.5285465172005,5144.4954487128,1837.1805448759317],
        [1405.1223219338226,4835.527462546746,2319.974780472737,4819.126316552698,5871.575489560012,2375.3244375507447,4826.6099718478945,3968.6834743362765,2291.071192174278,1851.5808825467482,5227.785050382145,4580.2762057740165,6141.812335893759,5465.199023717483,4152.254241233188,5140.896517724826,3729.1123439875837,1355.989480133423,3230.09787464688,3380.825402277599,1485.227119653037,0.0,1914.3294987659572,1568.2902131456174,1939.5649962791865,4020.511908853406,5348.389622248509,3239.3277943093212,1568.950275888316,1869.8904035391022,2850.00792097766,1031.2405620701702,4930.276120734543,4942.442238309266,4367.9856199185115,4057.7718087859616,4665.156098834718,5080.253279390595,2417.8954081548072,4159.795887723197,3110.623255205203,3578.682659741597,4707.8894328110855,3708.964069119831,3226.622040477018,2432.8467091010752,2978.5559265797947,5892.404598400311,3136.257469614966,5825.175656739391,1405.1223219338226],
        [551.6961589212783,5041.619212475897,2422.8115478408317,3277.1159953629212,4474.899051475493,597.0715585926263,4265.768888159513,3098.344507107694,2732.268054929345,1607.8341164449553,4051.3455818326224,2666.031501831409,4806.427755621569,4267.568548132855,2310.529094313988,4216.26228627508,3037.511764928131,2071.742552619289,1955.7581595879365,2775.7320947314765,2346.008763887011,1914.3294987659572,0.0,1978.8418258046886,2475.070838771669,3730.5202866366885,4259.37281507401,3309.647130614333,1352.842020896848,117.81045011942453,1228.845082162678,1697.4453242871762,4181.495158402089,4804.917993898598,4089.728531559794,3632.8009062791366,2808.417418490119,3282.3208962460667,2915.89287541769,3382.7262186484036,1197.5248383364597,3256.6296689403093,4392.376441785057,3539.678822903158,1779.7786562088334,782.4929172810923,1398.0552247493997,4329.685064410007,1222.2570664895575,4282.423353675273,551.6961589212783],
        [1515.618537065691,3361.811013201127,751.970188957165,3744.22921488491,4619.059853525893,2043.7645438970244,3274.296443125409,2533.0175878026375,825.4788055038568,601.3194669459108,3866.5366047920925,4249.570321137662,4838.186230065501,4105.455641652571,3543.2318728273394,3671.6731276814817,2241.8229422425075,295.58716898813043,2133.6831344687125,1888.6313475884917,481.5846816161068,1568.2902131456174,1978.8418258046886,0.0,509.7209716795886,2452.6195602997946,3938.9837075361293,1691.108593260705,654.377376750524,1867.6477319237965,2166.1121355468113,554.987068831653,3413.2932043856745,3387.7437411345377,2799.784147723061,2498.8986851930845,4046.3758823775297,4307.843166779351,995.7473479933668,2677.624361453442,2958.005906792253,2016.4222778523354,3139.6357053960432,2141.5191286067943,2272.9674970291453,1940.6498520074504,2214.5808796591914,4775.406249879036,2927.799600013212,4692.576885446256,1515.618537065691],
        [2023.9572830007842,2908.4512037850736,553.3378771018305,3901.0743090610918,4663.066417723317,2491.583205514762,3045.352538227435,2490.0367938756594,352.1595946436128,965.7643528433258,3850.519752423453,4637.183820087196,4846.651039791684,4086.028124780138,3876.233759409108,3562.3427584484753,2151.9672201550693,591.4779349622333,2346.179649280466,1810.9987357601005,492.1381151680632,1939.5649962791865,2475.070838771669,509.7209716795886,0.0,2167.961206986529,3882.5112751754273,1317.206250597525,1128.3054359573403,2361.873914374027,2530.4177622957563,1008.2548816882352,3248.459360446737,3016.2418371310246,2491.7439550310855,2264.623108443979,4365.154383355527,4573.261702946635,499.780277918051,2577.478185214478,3404.309963256386,1782.2133016480107,2830.154701560905,1830.8780971400975,2540.2785605354525,2364.0970846001833,2552.522774187676,4891.047970539762,3365.821625131777,4801.7252793013495,2023.9572830007842],
        [3533.8259104933622,1572.2188217806145,1702.75647361503,3009.440494000689,3195.937076062594,3385.424376914617,918.3086683401385,1226.8294672393326,1862.5720638311793,2312.3910091088105,2267.909055558864,4770.060830640252,3234.9843986740175,2457.415222244913,3820.6257803096823,1699.0202645018564,935.0851173323002,2690.125886614789,2227.132362149471,1012.8364336111076,2659.1001859640965,4020.511908853406,3730.5202866366885,2452.6195602997946,2167.961206986529,0.0,2151.652077652961,916.5010518442116,2649.3692760776457,3618.731376162744,2980.985007338322,2995.197152532776,1256.1039468883275,1080.6004087819026,364.29274662128455,278.5268667498351,4153.285004007495,4063.5215646758566,1831.1329699560977,1016.7894408099975,4092.610155373335,478.1476517324742,694.7250574738159,352.19579775317663,2555.754215551997,3160.2331049183713,2873.452937497023,3676.065575849515,4005.678700668791,3570.6888637462475,3533.8259104933622],
        [4346.409214612961,3398.5620609687944,3329.8836705672643,1628.7306617432491,1113.8428364734089,3706.1199800501995,1450.9329049763196,1406.2986008350333,3683.1663236255754,3504.1833365021776,313.488352894374,3940.577495562892,1085.827630779794,345.5927902701879,3052.9131453316495,492.8564117704673,1731.1315945599717,4230.754194056473,2304.8323170943786,2073.1563691545252,4315.978299488169,5348.389622248509,4259.37281507401,3938.9837075361293,3882.5112751754273,2151.652077652961,0.0,2948.0660598738123,3780.8380819020003,4182.148065431246,3082.5467062080697,4364.767023815977,977.692653206906,2545.1743237310193,2127.9075218579314,1894.4807708880542,3122.266743827354,2747.125939425592,3727.841584700148,1316.8353142260212,3983.2717173025344,2250.0466889157146,2048.8866880159408,2443.5808173777496,2502.5637959629776,3487.623857764651,2912.4367581222573,1736.7704614652632,3875.0996054181865,1633.1975454451913,4346.409214612961],
        [2999.9037931885305,1736.839390517526,962.8747670145802,3474.0987385316485,3910.0947297656007,3096.407484682425,1833.8614417128565,1729.6567027170718,983.2269261500651,1734.1081132809652,3005.676288247821,4858.005461790276,4006.4121488887563,3219.819184095415,3957.2070781627076,2537.7637715956853,1346.5691764969413,1884.1165212909714,2276.1412952713367,1149.0656675609412,1806.2501813620718,3239.3277943093212,3309.647130614333,1691.108593260705,1317.206250597525,916.5010518442116,2948.0660598738123,0.0,2052.6670462333877,3192.265925701722,2851.099395765301,2246.038130140833,2135.317589788155,1703.3053456299,1197.9589913912598,1095.6657822690347,4368.6393957296295,4402.244066892955,925.0666046916652,1663.722452775351,3923.917922338088,703.0935153036547,1529.7611344561942,564.4579592753203,2580.0222793114217,2897.168520269709,2791.0030452977635,4298.698566491007,3853.97865650594,4197.488955552977,2999.9037931885305],
        [954.4438194797627,3784.8277240014604,1109.121133314132,3332.8346559975575,4323.581089177619,1390.758493808306,3361.727922210788,2411.3043213951482,1380.5227363786032,336.98286440129385,3659.2491609082394,3617.9755827784606,4582.141166314966,3896.9182329995692,2954.9093308431065,3588.3597477874127,2200.076719564116,835.7376038460504,1711.588704898402,1863.419055215531,1096.3075147522472,1568.950275888316,1352.842020896848,654.377376750524,1128.3054359573403,2649.3692760776457,3780.8380819020003,2052.6670462333877,0.0,1237.8684858783138,1568.3415741605374,665.9720151496514,3410.483199073082,3674.488414576931,3012.527751999416,2626.625368634033,3466.2644940763525,3774.1570130939185,1563.7635048087518,2621.1592047499093,2304.409106053382,2176.4984209004747,3342.4802939452975,2390.420322352024,1776.8444927158923,1298.6194977765153,1641.8368994399084,4394.39591515203,2276.022215019382,4320.013881464934,954.4438194797627],
        [479.138487269289,4924.614772751528,2305.1477810294095,3235.7320800985094,4422.3276640425765,565.5791926957374,4162.961596108825,3003.708576483264,2616.480779665876,1490.257548263421,3979.3645016574087,2714.4105610013885,4749.232493833911,4197.865984121913,2318.520648515008,4129.183497999217,2934.8339889507943,1967.1758924456522,1877.3180313962812,2668.650858583449,2241.6924824129246,1869.8904035391022,117.81045011942453,1867.6477319237965,2361.873914374027,3618.731376162744,4182.148065431246,3192.265925701722,1237.8684858783138,0.0,1179.2758884575271,1600.7906146028668,4085.7675226680303,4692.105540204894,3978.521328847699,3523.9811153289616,2822.262421268709,3281.5600124342855,2800.208770665871,3285.2082240827926,1255.6084418913617,3144.1953433260987,4282.674253538444,3425.2049866091293,1715.7736083199406,725.1558032588969,1345.3109888047993,4294.258361575452,1271.2778663502818,4244.520854284748,479.138487269289],
        [1506.3156073468904,4471.490470720378,2213.655892065371,2058.5455550902457,3246.0665406868566,638.8949665009366,3315.1829689792257,2075.312518450315,2648.0941383440613,1578.8400609802713,2854.280187548319,2109.4412760850123,3578.8663735143373,3062.370203796912,1386.5771301279772,3098.3917082957296,2128.895215076104,2395.2383636890313,840.5343413505153,1968.1503375669959,2641.0481221813016,2850.00792097766,1228.845082162678,2166.1121355468113,2530.4177622957563,2980.985007338322,3082.5467062080697,2851.099395765301,1568.3415741605374,1179.2758884575271,0.0,2202.3922254648123,3142.077116874617,4049.9549118456607,3310.1476681208114,2812.6557389568766,1898.8861028963718,2243.5009828273114,2819.7306202387194,2384.083437706853,1111.6252317056033,2551.3472569160176,3566.23580115379,2889.6702615752038,580.6935678371298,456.3945593523639,172.11379715693943,3122.6206252959896,1026.2293692133103,3069.8290737104353,1506.3156073468904],
        [1167.3645294315068,3905.710793888122,1302.2312193781854,3996.1604320154374,4963.488702262113,1919.0952631507944,3795.4051315884285,2969.511107918839,1352.15922716337,866.5618235292346,4265.041176838779,4190.925398351969,5209.421124381078,4503.985856442457,3584.314220330891,4132.650783568748,2711.283913542193,439.63657451260036,2372.817374640681,2360.3878202945393,689.2594647121186,1031.2405620701702,1697.4453242871762,554.987068831653,1008.2548816882352,2995.197152532776,4364.767023815977,2246.038130140833,665.9720151496514,1600.7906146028668,2202.3922254648123,0.0,3905.8500500165023,3942.2190239377815,3346.218889772054,3026.9349102738324,4099.299246470094,4428.62238738349,1508.0137906128903,3144.823659469328,2804.537900509968,2548.8644737153477,3685.4637322419812,2690.6992157400978,2442.342463012726,1878.4409724350712,2290.1542790832227,5054.612765720837,2794.276718844811,4978.734269361093,1167.3645294315068],
        [4142.52915537233,2422.3679671561163,2716.915728901951,2305.3023790571146,2087.3224560146173,3700.181787825519,474.43448551865555,1084.0957385056272,2993.038872340767,3093.5022790772805,1188.0722651973078,4463.761042109671,2050.383718077063,1317.5695421622886,3517.2548290641334,486.05367999892377,1210.5740196866489,3688.181275465752,2301.7434403879543,1551.301769243147,3719.8326498597544,4930.276120734543,4181.495158402089,3413.2932043856745,3248.459360446737,1256.1039468883275,977.692653206906,2135.317589788155,3410.483199073082,4085.7675226680303,3142.077116874617,3905.8500500165023,0.0,1579.6564293567903,1167.5743435945496,1039.6732721729009,3709.805865172471,3449.6852662319952,3000.8890059249647,805.7544379073563,4184.976173288102,1485.1123904138874,1071.5474040162746,1586.5616710539832,2587.117016778947,3467.4908855862195,2989.0971744776316,2674.349326991889,4082.3682261615027,2568.3928561081675,4142.52915537233],
        [4585.7099358877,883.2326649732217,2643.3969816049853,3795.2788777879923,3659.0135148564204,4465.9264059968655,1109.6466471926778,2143.6437422137496,2673.394259938962,3339.933281933259,2767.6506963598913,5754.821388530619,3584.4881936415904,2889.600358130456,4797.087151906725,2054.018748512769,1946.8047805772171,3587.4218625087665,3271.566147710639,2085.902052958864,3500.6013401030295,4942.442238309266,4804.917993898598,3387.7437411345377,3016.2418371310246,1080.6004087819026,2545.1743237310193,1703.3053456299,3674.488414576931,4692.105540204894,4049.9549118456607,3942.2190239377815,1579.6564293567903,0.0,739.9657099550295,1241.755818405596,5082.332553419408,4913.561094088102,2583.2272958578587,1856.5285977420476,5160.658831115039,1548.7015655450498,550.8551076579656,1284.8077040569353,3598.8536676267363,4240.354602356389,3935.5484008589874,4253.584702191868,5071.327990761439,4147.509581676851,4585.7099358877],
        [3897.9374098039875,1365.2194108542,2048.024475911532,3169.43657112,3215.853120224453,3733.761356721165,737.9968708025509,1441.328459594776,2172.895898702974,2675.587844638578,2290.444539240058,5038.999041408253,3211.019480785976,2455.3125662780153,4083.605285596807,1646.3991868144278,1212.6593795384044,3029.2187945653136,2533.839241788386,1348.1654009077802,2983.8817460807413,4367.9856199185115,4089.728531559794,2799.784147723061,2491.7439550310855,364.29274662128455,2127.9075218579314,1197.9589913912598,3012.527751999416,3978.521328847699,3310.1476681208114,3346.218889772054,1167.5743435945496,739.9657099550295,0.0,504.2479729732574,4390.07937191735,4259.339524222687,2123.008196138604,1178.7135763139624,4420.726663319055,842.1768054051073,340.1663353867091,662.3308661136206,2861.654364290041,3506.7058663794414,3195.6657238947178,3746.7771465491005,4331.366980141357,3640.397794627078,3897.9374098039875],
        [3474.9752601669825,1823.2819463856024,1762.9792763150854,2736.009008315032,2924.7955262667915,3253.2868124140773,781.4099403497654,963.8164377705182,1983.3357102759649,2291.5884144502397,1998.2088438226654,4540.715125444403,2973.9140708483933,2192.729345419456,3587.007707491519,1456.2469614555955,708.8300369396514,2753.575892781559,2030.085251124829,863.9247505256259,2749.5868137719854,4057.7718087859616,3632.8009062791366,2498.8986851930845,2264.623108443979,278.5268667498351,1894.4807708880542,1095.6657822690347,2626.625368634033,3523.9811153289616,2812.6557389568766,3026.9349102738324,1039.6732721729009,1241.755818405596,504.2479729732574,0.0,3905.1798361809715,3799.3749645648522,1975.347897405728,739.712522195007,3921.912799946161,485.2077350244757,763.2370790199518,553.662811776533,2357.7009854038247,3024.019444184337,2695.1283799873067,3398.308680045847,3831.512316834001,3293.028440600564,3474.9752601669825],
        [3263.659816289305,5725.041246684678,3966.4228454970457,1496.333306818235,2601.803123611921,2290.1486767758606,4075.7749621971116,2948.7641735961565,4424.0685921993045,3448.2230917865995,2810.440574916951,846.4460139863517,2988.8405562660464,2901.472325239623,516.8882916130783,3415.1294641647955,3221.4458372284244,4287.727104326671,2109.0211352769697,3259.7392022289337,4526.051315093421,4665.156098834718,2808.417418490119,4046.3758823775297,4365.154383355527,4153.285004007495,3122.266743827354,4368.6393957296295,3466.2644940763525,2822.262421268709,1898.8861028963718,4099.299246470094,3709.805865172471,5082.332553419408,4390.07937191735,3905.1798361809715,0.0,600.2151206694248,4579.239286863109,3225.9729783063435,1750.871916129323,3852.7802665392687,4535.358896482698,4205.848029941099,1845.2408428213444,2249.6484370108337,1832.2892487713407,2093.49515189327,1673.3609980372291,2106.9252825119215,3263.659816289305],
        [3696.6363753131227,5618.779939984064,4126.700398155826,1146.6164712179764,2084.7713079680952,2727.359561231831,3855.73086440399,2836.9161962033186,4587.6260505505,3706.9454083712244,2434.326826621076,1398.2120417748092,2466.6022434112156,2486.5295151571786,989.0829786121241,3099.05807899422,3157.0434886913645,4568.537658180716,2237.144221720834,3259.66619208391,4789.158375223828,5080.253279390595,3282.3208962460667,4307.843166779351,4573.261702946635,4063.5215646758566,2747.125939425592,4402.244066892955,3774.1570130939185,3281.5600124342855,2243.5009828273114,4428.62238738349,3449.6852662319952,4913.561094088102,4259.339524222687,3799.3749645648522,600.2151206694248,0.0,4729.034896482553,3080.6263136889056,2302.1672074210637,3822.1954642140226,4362.709065867518,4165.520516151312,2038.4973192478944,2647.499540628426,2139.7283267196053,1522.1012687544285,2215.7036495939083,1547.2197673369656,3696.6363753131227],
        [2492.798114859051,2418.7027147324347,613.9672187942455,3955.238392853991,4595.21930483373,2869.352148846628,2740.475058858482,2383.931326177366,184.13422649983852,1336.0601135929314,3735.534833343738,4924.863135904371,4742.179641989404,3964.0408665443474,4110.7559151629675,3362.1866977790733,2014.635370061943,1086.2304589981832,2494.3845765045144,1707.8202955597435,936.4897486166898,2417.8954081548072,2915.89287541769,995.7473479933668,499.780277918051,1831.1329699560977,3727.841584700148,925.0666046916652,1563.7635048087518,2800.208770665871,2819.7306202387194,1508.0137906128903,3000.8890059249647,2583.2272958578587,2123.008196138604,1975.347897405728,4579.239286863109,4729.034896482553,0.0,2411.266397519109,3770.4890220398484,1516.4462305923514,2453.6637095830924,1480.4700301169555,2734.225329011704,2717.403061748721,2815.0737400678404,4891.305864493582,3722.337986752323,4796.483680907491,2492.798114859051],
        [3336.8710597846616,2540.351494591682,2027.8379454744895,1999.641430405073,2248.062259012813,2916.6074038162,936.9161902458636,313.4527924602206,2367.3950520283815,2312.0591729305042,1343.3926915725042,3908.02089695965,2347.9267214380875,1562.7079528832533,2949.4208840461088,994.3330897213506,435.8193180974603,2962.581823263826,1547.819718255184,789.045058320313,3025.0655815393256,4159.795887723197,3382.7262186484036,2677.624361453442,2577.478185214478,1016.7894408099975,1316.8353142260212,1663.722452775351,2621.1592047499093,3285.2082240827926,2384.083437706853,3144.823659469328,805.7544379073563,1856.5285977420476,1178.7135763139624,739.712522195007,3225.9729783063435,3080.6263136889056,2411.266397519109,0.0,3459.273661991743,961.0536806135963,1311.5706640328979,1219.3818319663383,1854.6623745530362,2683.108053688931,2240.4371690182224,2676.8408996528756,3360.5021623937164,2572.6229813439086,3336.8710597846616],
        [1734.7173516784635,5574.80693868206,3193.2943912892565,2643.486138562425,3899.2223230445984,914.5911984027213,4395.783026494293,3146.5048389180656,3589.538938455576,2445.195805855209,3716.7623659063706,1473.8442896519734,4269.477038820165,3894.929312116692,1320.7493844237329,4080.594370638222,3231.9239312528175,3119.2105528695874,1915.5742849812202,3079.775531578395,3389.8553398700583,3110.623255205203,1197.5248383364597,2958.005906792253,3404.309963256386,4092.610155373335,3983.2717173025344,3923.917922338088,2304.409106053382,1255.6084418913617,1111.6252317056033,2804.537900509968,4184.976173288102,5160.658831115039,4420.726663319055,3921.912799946161,1750.871916129323,2302.1672074210637,3770.4890220398484,3459.273661991743,0.0,3660.756953085086,4672.2282422259605,3995.9424966078795,1605.0723784741895,1054.3350129001165,1229.2297866156416,3590.8276999336576,108.69965681527917,3567.9225971135884,1734.7173516784635],
        [3055.7616198955175,1931.1692663777428,1277.9287670471917,2833.666965452244,3208.5737557242874,2926.2058978645846,1266.2889901909202,1051.6220580766183,1510.288308885705,1839.6364002662528,2302.5836490074425,4420.225698535243,3303.820174253598,2517.2966633179785,3484.6912283842526,1854.8868160648415,680.0052988310663,2268.7958292978506,1840.3083985792157,607.1245833841812,2265.500383802968,3578.682659741597,3256.6296689403093,2016.4222778523354,1782.2133016480107,478.1476517324742,2250.0466889157146,703.0935153036547,2176.4984209004747,3144.1953433260987,2551.3472569160176,2548.8644737153477,1485.1123904138874,1548.7015655450498,842.1768054051073,485.2077350244757,3852.7802665392687,3822.1954642140226,1516.4462305923514,961.0536806135963,3660.756953085086,0.0,1166.558466291498,355.20252096424326,2165.937328047415,2704.079735825558,2455.126899309218,3612.8207145851634,3577.517810948132,3510.3940052187536,3055.7616198955175],
