{
    "drone_dist": [
        [0.0,30.985571609218837,36.462252700575426,20.144003654312723,58.24203479617867,48.674722954967145,13.853620601249643,56.8951999739959,31.712568227910797,34.67756995768863,42.2256339536964,5.976915368129809,10.526977428093021,55.32194656834096,38.57171958077411,54.41214040979145,19.43020459961437,38.405143897873295,32.230679632718285,38.90669955072866,43.125923545408824,46.3084503801026,31.786936226443224,12.37314433521065,29.31377403911671,29.866632200596772,31.780857048573036,31.036821465848583,41.34050170138576,40.101561632530846,50.092560385916116,39.840318087710834,54.91343081763529,18.14965158573291,7.574041221790433,24.35734883490526,39.443012524429356,42.92194372385683,32.98215068372754,22.13058002043447,0.0],
        [30.985571609218837,0.0,5.806130190756683,26.714422655240288,37.49728593437428,20.209300675351358,26.999056150824416,32.29406905277111,7.623791943179182,20.541175920307115,15.090724930404074,35.65272201989608,20.826313009841076,39.13423617014856,33.66608213500013,34.00062809936996,26.13958659967623,14.152617550384686,10.321485653304222,9.477626847934163,23.630411211858977,15.517602797522551,22.27382029750992,19.959658866311173,2.132449465591522,7.152640393959673,3.6882785174284063,21.69339421515139,44.63262293867631,14.026019468019205,23.340451629030927,37.75432239489428,29.330232996640515,31.877355213681597,24.284422023221705,22.378840909008833,9.056650699936347,14.27356670788842,30.946148093643856,9.35775713313745,30.985571609218837],
        [36.462252700575426,5.806130190756683,0.0,32.262171906886515,37.43093192403278,17.83247354393278,32.78386061278421,31.099672867458203,11.220101601446546,23.91776934952265,14.355032647737684,41.29588895057492,26.479740463400283,40.308859955501816,37.519412958423366,34.23975965035277,31.724982246241275,15.305463302997827,10.099158629925617,8.171352422720306,25.07023780827447,11.048876544421008,26.380078915112126,25.720424650441107,7.161967899912305,8.770078952230401,7.496117734688108,25.90503862356285,49.08976678990566,14.200974705363656,21.75165000853668,41.79747543597196,27.882769096833243,37.56836500180288,29.517954865275506,27.553485472181546,3.2680406406634126,8.974957386056282,35.39926132406563,14.4268643457225,36.462252700575426],
        [20.144003654312723,26.714422655240288,32.262171906886515,0.0,40.51481792603594,36.9520297070151,6.3166434075859765,41.20805736881831,22.39871532167941,17.846192640439142,30.570248165971257,19.940989694579002,14.92009606077529,36.24929126703005,18.44998760128405,36.84179430995867,0.8659326567302181,25.842648513685596,34.00070501184743,30.166157635979566,26.609591003189767,38.40144836069959,13.829441231834032,12.738547749688799,26.322194164271156,30.376353693710875,25.023054487105433,13.300105304250264,22.698271032164236,28.224346397227613,36.67012328660672,19.819857308780893,40.049637260724325,6.12882949232586,20.615237520256816,6.4663936952440135,35.50025932089611,40.98797591498775,12.84244044919689,22.814943020355848,20.144003654312723],
        [58.24203479617867,37.49728593437428,37.43093192403278,40.51481792603594,0.0,21.4968386279522,46.08447998475075,8.879953263431055,30.952430151337122,23.569439493781864,23.076342783120495,59.842774646552854,48.717407650031916,8.586936877056653,26.368975722917842,3.8464682440057962,40.84298342400312,23.43746006377425,47.130774440971614,29.270817700900633,15.355584943973982,30.679037058531087,26.868516108403252,46.33792794725353,39.41453584309958,44.54741457922021,33.98851114481256,27.52718479236711,37.14136269513939,23.559058514188322,16.852216035220607,29.49443634481499,11.864048033190896,46.016148825157046,54.80021181852136,34.578751745701084,38.2009800561728,43.16881491970136,30.494605228169014,44.31142637174873,58.24203479617867],
        [48.674722954967145,20.209300675351358,17.83247354393278,36.9520297070151,21.4968386279522,0.0,40.306602971112575,13.79600807351065,16.966367285150262,20.72879541172613,6.563938512876028,52.21609721741723,38.15652492653124,26.811795128257714,32.78033890735356,19.164932707050657,36.81013369786991,11.122741825171081,27.929450958061103,10.733798278150704,15.180630048687293,9.203529303243519,24.991302926837765,36.41668003807415,22.34174158035105,26.251564546504444,17.736872039144025,25.065775845670057,45.60004553056355,8.867046990259698,4.644736680987986,37.24665686138705,10.430069996571495,43.069327689828576,43.031769246879975,30.612123194491666,17.649353384724964,21.93532777744977,33.475260539631094,29.133872818485013,48.674722954967145],
        [13.853620601249643,26.999056150824416,32.78386061278421,6.3166434075859765,46.08447998475075,40.306602971112575,0.0,46.05497877288488,24.362966282555384,22.817645759696294,33.76503875815544,13.85250301320684,10.388213566906234,42.27104009402825,24.766495587751646,42.337263933068684,5.66058144419188,29.257192376788055,32.594450086850564,32.252014474845105,31.61426219572337,40.413231038435406,19.215994274630916,8.920465423325973,26.122577043786688,29.209940929833788,26.135664294809725,18.567024969239178,28.11633655114754,31.441032385502695,40.643281522796094,26.006845203024014,44.589535382210904,6.0538984518608325,15.173388275689211,11.505741658988445,36.04793133329844,41.017785852083776,19.155258094470724,21.04952835798015,13.853620601249643],
        [56.8951999739959,32.29406905277111,31.099672867458203,41.20805736881831,8.879953263431055,13.79600807351065,46.05497877288488,0.0,26.862141532796073,23.370558711694667,17.212474622128177,59.34359822676661,46.75887738374778,16.5656067562723,30.45483174442615,8.502809207869703,41.356324543273544,19.217205490519436,41.12961222612686,23.216178461725328,14.611115416344989,22.914004633603557,27.453111924681302,44.59028922617497,34.36011285819975,38.99986990618307,29.1206980822408,27.922640566741986,42.503852334987585,18.441183668520686,9.390150379480914,34.304088091629296,3.3839461766861723,47.14081531650362,52.44397003908764,34.83685626487346,31.31279795296432,35.72550844357545,33.397591517232044,40.23481658106159,56.8951999739959],
        [31.712568227910797,7.623791943179182,11.220101601446546,22.39871532167941,30.952430151337122,16.966367285150262,24.362966282555384,26.862141532796073,0.0,12.997136476320932,10.597975006321942,35.411146586225115,21.191138293419073,31.83518974809602,26.391843722161223,27.29258339402554,22.011866844897416,7.688101813984242,17.93451798764292,7.895859448290826,16.385650312769457,16.107175247240008,15.166629137674162,19.503621991428314,9.03340589801105,14.611851678582644,4.057005360277252,14.684940887099364,37.87291242891437,8.665208221902637,18.800323989381805,30.616440023591988,24.276698646828883,28.19903539486913,26.184763251579408,16.94592795089881,14.112058241898296,20.146563317394744,24.189600364270284,13.452152127462194,31.712568227910797],
        [34.67756995768863,20.541175920307115,23.91776934952265,17.846192640439142,23.569439493781864,20.72879541172613,22.817645759696294,23.370558711694667,12.997136476320932,0.0,15.2276750818236,36.40289219387154,25.375237828938765,21.432918474518065,13.727273641290175,19.74856205940655,17.985964358915542,10.692224132012074,30.745214735989318,17.84995620192364,8.810743866334438,25.083120508208324,4.361244809049763,22.924530010116623,21.65626786136367,27.24219840947043,17.05387022901178,4.645922412756568,26.003541595213246,13.164867765616888,19.429177112994427,18.14666372262769,22.25167850986972,23.83486129675107,31.60674364603262,11.470773246897862,26.466493187397106,32.582107826731956,12.93633211722673,23.689419632243688,34.67756995768863],
        [42.2256339536964,15.090724930404074,14.355032647737684,30.570248165971257,23.076342783120495,6.563938512876028,33.76503875815544,17.212474622128177,10.597975006321942,15.2276750818236,0.0,45.67544755438966,31.726575367104356,26.405393848852928,28.264524074232103,19.920489573548483,30.39143660519294,4.792915699919427,24.144296000966325,6.198991606596931,12.056369401198367,10.313027521725937,19.268694596348045,29.924801022716192,17.17266836631571,21.82266393286317,12.054212947152525,19.22734042846128,40.95006954609397,2.3473423411866796,8.377629498918422,32.77706935101039,14.251404616370657,36.66711269244614,36.778466237647855,24.31110402979423,15.347781628132825,20.842080657996405,28.163046779935012,23.40209213048513,42.2256339536964],
        [5.976915368129809,35.65272201989608,41.29588895057492,19.940989694579002,59.842774646552854,52.21609721741723,13.85250301320684,59.34359822676661,35.411146586225115,36.40289219387154,45.67544755438966,0.0,14.826765360023746,56.11456475154044,38.135258849178115,56.068177754834664,19.406724296054083,41.53798242768547,37.792965176931105,42.950303681841866,45.122177909255896,50.663690994591725,32.998722915809566,15.983956022437098,34.13941030317224,35.22819410308884,36.01551166673904,32.32047029654542,39.02508587795436,43.45084659459176,53.19717862111177,38.72977335535779,57.62894206387958,16.233283481542525,13.392259926079934,25.303733798627377,44.38013860209917,48.20597161323417,32.50739446144751,27.22513765433158,5.976915368129809],
        [10.526977428093021,20.826313009841076,26.479740463400283,14.92009606077529,48.717407650031916,38.15652492653124,10.388213566906234,46.75887738374778,21.191138293419073,25.375237828938765,31.726575367104356,14.826765360023746,0.0,46.62164249994608,31.889419637474,44.87100401103129,14.055606934950196,28.009823438710047,23.837828480046827,28.411255531491772,33.41317699300128,35.937087148542254,23.168668509957207,2.5487130741884156,19.33132696327388,20.888369798702822,21.334461453248075,22.36456487833981,37.61835828806389,29.62902759668633,39.67070486171568,34.13955990710754,44.640209317287734,16.432338254704206,6.350443556296502,16.61280893404827,29.587687436731187,33.64738673850268,26.662307499492687,12.651222648626367,10.526977428093021],
        [55.32194656834096,39.13423617014856,40.308859955501816,36.24929126703005,8.586936877056653,26.811795128257714,42.27104009402825,16.5656067562723,31.83518974809602,21.432918474518065,26.405393848852928,56.11456475154044,46.62164249994608,0.0,19.830118455998537,8.202488638185303,36.72639592715245,25.16806335719728,49.30339831376923,32.271884821642345,15.50389549550606,35.56547665261796,23.576162246472624,44.11744661918298,40.80676929337677,46.28304652953807,35.458097607115164,24.352239163042377,29.297549599006384,26.123919081664297,22.37814368835193,22.20859847109138,18.875900681564083,41.183565548348916,52.921526148451086,31.000959482520717,41.70281458864923,47.233783032237426,24.747517968593183,44.48148823058493,55.32194656834096],
        [38.57171958077411,33.66608213500013,37.519412958423366,18.44998760128405,26.368975722917842,32.78033890735356,24.766495587751646,30.45483174442615,26.391843722161223,13.727273641290175,28.264524074232103,38.135258849178115,31.889419637474,19.830118455998537,0.0,23.426537629942832,19.142685867282182,24.11872740493657,43.53808153457264,31.54158428065419,17.85686334071416,38.45678584672844,11.430910348082753,29.37783283223365,34.46243604245938,39.885013332495625,30.394729498547722,12.083891058927469,12.821353245235505,26.46003693767265,30.213014720639844,4.512573969440545,30.770335709092066,22.264578901850197,38.12178450086781,15.350803059331929,40.15839933796178,46.2737409504357,5.633255162221882,34.777541443568914,38.57171958077411],
        [54.41214040979145,34.00062809936996,34.23975965035277,36.84179430995867,3.8464682440057962,19.164932707050657,42.337263933068684,8.502809207869703,27.29258339402554,19.74856205940655,19.920489573548483,56.068177754834664,44.87100401103129,8.202488638185303,23.426537629942832,0.0,37.14702788303815,19.87317877725665,43.78621884023777,26.069402215055852,11.519022479946045,28.2010685035442,23.129036101179413,42.49274786200863,35.87651374385245,41.095397167748935,30.443609635152313,23.770714795007972,34.79824360576945,20.18599796800057,14.584076716077334,26.861489122877494,10.673895959530382,42.422807741730004,50.95557338609752,30.83499831091096,35.20839193824605,40.39755037072092,27.21530113735972,40.59608568987525,54.41214040979145],
        [19.43020459961437,26.13958659967623,31.724982246241275,0.8659326567302181,40.84298342400312,36.81013369786991,5.66058144419188,41.356324543273544,22.011866844897416,17.985964358915542,30.39143660519294,19.406724296054083,14.055606934950196,36.72639592715245,19.142685867282182,37.14702788303815,0.0,25.6899237588097,33.28441229449921,29.818816618516728,26.778245477108147,38.05813505538673,14.065758421066016,11.873342733116413,25.697567853937272,29.674092409669054,24.536340017626035,13.49918843327803,23.56282763114039,28.044138040092854,36.63692588592617,20.60934767269326,40.131087944828195,6.28306558700493,19.77037906775881,6.52746707512385,34.97137308432273,40.41075211794425,13.555292649351582,22.05314734078111,19.43020459961437],
        [38.405143897873295,14.152617550384686,15.305463302997827,25.842648513685596,23.43746006377425,11.122741825171081,29.257192376788055,19.217205490519436,7.688101813984242,10.692224132012074,4.792915699919427,41.53798242768547,28.009823438710047,25.16806335719728,24.11872740493657,19.87317877725665,25.6899237588097,0.0,24.162889920788476,7.778402966984198,9.77796616218161,14.401706640666832,14.576297781075633,26.035331296172696,16.0035955686945,21.284078860957568,10.570562488626875,14.492914558917004,36.640673178956476,2.5232669354628112,11.694449534924663,28.613797218289886,16.759811870862045,31.954055706702587,33.42025218820189,19.543561669805186,17.16542373860859,23.12749390957013,23.596321117019706,21.135606039132128,38.405143897873295],
        [32.230679632718285,10.321485653304222,10.099158629925617,34.00070501184743,47.130774440971614,27.929450958061103,32.594450086850564,41.12961222612686,17.93451798764292,30.745214735989318,24.144296000966325,37.792965176931105,23.837828480046827,49.30339831376923,43.53808153457264,43.78621884023777,33.28441229449921,24.162889920788476,0.0,17.972253887280637,33.81998259907961,20.560957394099116,32.108258048439126,24.078967947768806,9.110753282013901,3.727206523521284,13.991477684323328,31.461767921512823,53.878213146211195,23.60128339606472,31.815891327281175,47.458001368326066,37.94550463734866,38.23510542639865,24.704782345445185,30.900247581010504,10.986354408923887,11.455029835237488,40.3426225766096,11.548343316115032,32.230679632718285],
        [38.90669955072866,9.477626847934163,8.171352422720306,30.166157635979566,29.270817700900633,10.733798278150704,32.252014474845105,23.216178461725328,7.895859448290826,17.84995620192364,6.198991606596931,42.950303681841866,28.411255531491772,32.271884821642345,31.54158428065419,26.069402215055852,29.818816618516728,7.778402966984198,17.972253887280637,0.0,17.27795271179806,8.239661045030763,21.17716734688078,26.96828776446246,11.609941381335885,15.808413533946622,7.232462414801896,20.899260381663513,43.80035380234279,6.1756890974737235,14.02407053586728,35.990106536666744,20.11022548734995,36.04190318609028,32.80720669744638,24.43698700718845,9.500074186729497,15.36884093552836,30.389167555029776,18.48892079076033,38.90669955072866],
        [43.125923545408824,23.630411211858977,25.07023780827447,26.609591003189767,15.355584943973982,15.180630048687293,31.61426219572337,14.611115416344989,16.385650312769457,8.810743866334438,12.056369401198367,45.122177909255896,33.41317699300128,15.50389549550606,17.85686334071416,11.519022479946045,26.778245477108147,9.77796616218161,33.81998259907961,17.27795271179806,0.0,22.222636124053615,12.843314893006628,31.06896121608219,25.314699649760104,30.779267081231854,19.954646956792317,13.314978287496627,30.64371905631045,11.134472391349616,12.357551459503927,22.240584507035425,13.80508198517195,32.52972242020012,39.455829513983225,20.274994363135104,26.775288829112498,32.59514358175871,19.530105034649186,29.367943641211937,43.125923545408824],
        [46.3084503801026,15.517602797522551,11.048876544421008,38.40144836069959,30.679037058531087,9.203529303243519,40.413231038435406,22.914004633603557,16.107175247240008,25.083120508208324,10.313027521725937,50.663690994591725,35.937087148542254,35.56547665261796,38.45678584672844,28.2010685035442,38.05813505538673,14.401706640666832,20.560957394099116,8.239661045030763,22.222636124053615,0.0,28.80538622985135,34.70864823518677,17.45917831676571,19.794175565401524,14.654289209198293,28.62306190929955,51.0388479356892,11.99892794406277,13.836430705444899,42.96398919691425,19.530795686316726,44.28069320410092,39.78177636011541,32.60990177491655,9.607034809838016,12.883820074097738,37.93701682260629,24.855664263300255,46.3084503801026],
        [31.786936226443224,22.27382029750992,26.380078915112126,13.829441231834032,26.868516108403252,24.991302926837765,19.215994274630916,27.453111924681302,15.166629137674162,4.361244809049763,19.268694596348045,32.998722915809566,23.168668509957207,23.576162246472624,11.430910348082753,23.129036101179413,14.065758421066016,14.576297781075633,32.108258048439126,21.17716734688078,12.843314893006628,28.80538622985135,0.0,20.636871567545818,23.0321859423867,28.461117813349425,19.095397142312493,0.8181581969626638,22.77321243165843,17.095175220760474,23.79017592149814,15.490607788978075,26.498617737747278,19.689667026980423,29.509741355214615,7.710252633370756,29.17747608535862,35.26329988578871,9.214509591696608,23.70225352013498,31.786936226443224],
        [12.37314433521065,19.959658866311173,25.720424650441107,12.738547749688799,46.33792794725353,36.41668003807415,8.920465423325973,44.59028922617497,19.503621991428314,22.924530010116623,29.924801022716192,15.983956022437098,2.5487130741884156,44.11744661918298,29.37783283223365,42.49274786200863,11.873342733116413,26.035331296172696,24.078967947768806,26.96828776446246,31.06896121608219,34.70864823518677,20.636871567545818,0.0,18.663508561963614,20.889703256831265,20.05438495427103,19.834975435054886,35.39841982190127,27.768188800211192,37.72601950061298,31.6998943676149,42.555667258205084,14.936268858902972,8.897109855594064,14.078667496610107,28.905519799573305,33.31712156190853,24.191582613689473,12.593395968049798,12.37314433521065],
        [29.31377403911671,2.132449465591522,7.161967899912305,26.322194164271156,39.41453584309958,22.34174158035105,26.122577043786688,34.36011285819975,9.03340589801105,21.65626786136367,17.17266836631571,34.13941030317224,19.33132696327388,40.80676929337677,34.46243604245938,35.87651374385245,25.697567853937272,16.0035955686945,9.110753282013901,11.609941381335885,25.314699649760104,17.45917831676571,23.0321859423867,18.663508561963614,0.0,5.606140239127986,5.433067690053277,22.402474808145183,45.06728942202465,16.028096976316554,25.44942160737412,38.43836204474789,31.420950553280136,31.23590234377281,22.458061932635587,22.421037096924707,10.264069467333695,14.897227757272164,31.440423125420892,7.411562097871708,29.31377403911671],
        [29.866632200596772,7.152640393959673,8.770078952230401,30.376353693710875,44.54741457922021,26.251564546504444,29.209940929833788,38.99986990618307,14.611851678582644,27.24219840947043,21.82266393286317,35.22819410308884,20.888369798702822,46.28304652953807,39.885013332495625,41.095397167748935,29.674092409669054,21.284078860957568,3.727206523521284,15.808413533946622,30.779267081231854,19.794175565401524,28.461117813349425,20.889703256831265,5.606140239127986,0.0,10.82543318059461,27.80244488042293,50.153378835842844,21.00180683149785,29.828225896981568,43.77144263607357,35.91816591406697,34.75079548827381,22.477539736368687,27.177727083276647,10.713373090041548,13.070723074853476,36.628664101853026,8.300869842490712,29.866632200596772],
        [31.780857048573036,3.6882785174284063,7.496117734688108,25.023054487105433,33.98851114481256,17.736872039144025,26.135664294809725,29.1206980822408,4.057005360277252,17.05387022901178,12.054212947152525,36.01551166673904,21.334461453248075,35.458097607115164,30.394729498547722,30.443609635152313,24.536340017626035,10.570562488626875,13.991477684323328,7.232462414801896,19.954646956792317,14.654289209198293,19.095397142312493,20.05438495427103,5.433067690053277,10.82543318059461,0.0,18.571848122712797,41.69905775346106,10.700280656968317,20.42213871411384,34.577830193438594,26.27400563034231,30.540057680640583,25.578766982185805,20.091725122642117,10.606760225777562,16.468391059245135,27.996154483424817,11.415579768870657,31.780857048573036],
        [31.036821465848583,21.69339421515139,25.90503862356285,13.300105304250264,27.52718479236711,25.065775845670057,18.567024969239178,27.922640566741986,14.684940887099364,4.645922412756568,19.22734042846128,32.32047029654542,22.36456487833981,24.352239163042377,12.083891058927469,23.770714795007972,13.49918843327803,14.492914558917004,31.461767921512823,20.899260381663513,13.314978287496627,28.62306190929955,0.8181581969626638,19.834975435054886,22.402474808145183,27.80244488042293,18.571848122712797,0.0,23.197705982691428,17.01611462632771,24.012847635418744,16.062156182604493,26.88525511194058,19.227462841182263,28.70358951218387,7.071771409680465,28.743341150632393,34.81460458145504,9.557585163428051,22.939494586303805,31.036821465848583],
        [41.34050170138576,44.63262293867631,49.08976678990566,22.698271032164236,37.14136269513939,45.60004553056355,28.11633655114754,42.503852334987585,37.87291242891437,26.003541595213246,40.95006954609397,39.02508587795436,37.61835828806389,29.297549599006384,12.821353245235505,34.79824360576945,23.56282763114039,36.640673178956476,53.878213146211195,43.80035380234279,30.64371905631045,51.0388479356892,22.77321243165843,35.39841982190127,45.06728942202465,50.153378835842844,41.69905775346106,23.197705982691428,0.0,39.05237185339464,42.985545682140256,8.410575182686545,43.17262702472312,23.19865800800363,43.17707234361343,23.216945623656795,51.93990828207768,58.01160871328506,13.703892576899023,43.84099769812575,41.34050170138576],
        [40.101561632530846,14.026019468019205,14.200974705363656,28.224346397227613,23.559058514188322,8.867046990259698,31.441032385502695,18.441183668520686,8.665208221902637,13.164867765616888,2.3473423411866796,43.45084659459176,29.62902759668633,26.123919081664297,26.46003693767265,20.18599796800057,28.044138040092854,2.5232669354628112,23.60128339606472,6.1756890974737235,11.134472391349616,11.99892794406277,17.095175220760474,27.768188800211192,16.028096976316554,21.00180683149785,10.700280656968317,17.01611462632771,39.05237185339464,0.0,10.137798390987555,30.965960448965408,15.694006394613359,34.320052196939685,34.81377875819191,21.975045614524007,15.670691522666598,21.461164390243045,26.088430360692513,21.8318392655467,40.101561632530846],
        [50.092560385916116,23.340451629030927,21.75165000853668,36.67012328660672,16.852216035220607,4.644736680987986,40.643281522796094,9.390150379480914,18.800323989381805,19.429177112994427,8.377629498918422,53.19717862111177,39.67070486171568,22.37814368835193,30.213014720639844,14.584076716077334,36.63692588592617,11.694449534924663,31.815891327281175,14.02407053586728,12.357551459503927,13.836430705444899,23.79017592149814,37.72601950061298,25.44942160737412,29.828225896981568,20.42213871411384,24.012847635418744,42.985545682140256,10.137798390987555,0.0,34.57679134841629,6.1312301831129155,42.789569735899434,44.943496790508796,30.215193822547278,21.926955684032386,26.481916026841777,31.61336070600048,31.77933026181448,50.092560385916116],
        [39.840318087710834,37.75432239489428,41.79747543597196,19.819857308780893,29.49443634481499,37.24665686138705,26.006845203024014,34.304088091629296,30.616440023591988,18.14666372262769,32.77706935101039,38.72977335535779,34.13955990710754,22.20859847109138,4.512573969440545,26.861489122877494,20.60934767269326,28.613797218289886,47.458001368326066,35.990106536666744,22.240584507035425,42.96398919691425,15.490607788978075,31.6998943676149,38.43836204474789,43.77144263607357,34.577830193438594,16.062156182604493,8.410575182686545,30.965960448965408,34.57679134841629,0.0,34.84179690736309,22.524205685517316,40.20001883238732,18.065430636036385,44.4980311898625,50.60844611904591,7.60812642191241,38.23925809226999,39.840318087710834],
        [54.91343081763529,29.330232996640515,27.882769096833243,40.049637260724325,11.864048033190896,10.430069996571495,44.589535382210904,3.3839461766861723,24.276698646828883,22.25167850986972,14.251404616370657,57.62894206387958,44.640209317287734,18.875900681564083,30.770335709092066,10.673895959530382,40.131087944828195,16.759811870862045,37.94550463734866,20.11022548734995,13.80508198517195,19.530795686316726,26.498617737747278,42.555667258205084,31.420950553280136,35.91816591406697,26.27400563034231,26.88525511194058,43.17262702472312,15.694006394613359,6.1312301831129155,34.84179690736309,0.0,46.07928582486501,50.166969904126894,33.60761394842273,27.999656577778985,32.34992794512809,33.18818176576913,37.52206568867376,54.91343081763529],
        [18.14965158573291,31.877355213681597,37.56836500180288,6.12882949232586,46.016148825157046,43.069327689828576,6.0538984518608325,47.14081531650362,28.19903539486913,23.83486129675107,36.66711269244614,16.233283481542525,16.432338254704206,41.183565548348916,22.264578901850197,42.422807741730004,6.28306558700493,31.954055706702587,38.23510542639865,36.04190318609028,32.52972242020012,44.28069320410092,19.689667026980423,14.936268858902972,31.23590234377281,34.75079548827381,30.540057680640583,19.227462841182263,23.19865800800363,34.320052196939685,42.789569735899434,22.524205685517316,46.07928582486501,0.0,20.87326894985186,12.57483996601392,40.83201526304844,46.08962636120454,16.72446566475478,26.742088667619193,18.14965158573291],
        [7.574041221790433,24.284422023221705,29.517954865275506,20.615237520256816,54.80021181852136,43.031769246879975,15.173388275689211,52.44397003908764,26.184763251579408,31.60674364603262,36.778466237647855,13.392259926079934,6.350443556296502,52.921526148451086,38.12178450086781,50.95557338609752,19.77037906775881,33.42025218820189,24.704782345445185,32.80720669744638,39.455829513983225,39.78177636011541,29.509741355214615,8.897109855594064,22.458061932635587,22.477539736368687,25.578766982185805,28.70358951218387,43.17707234361343,34.81377875819191,44.943496790508796,40.20001883238732,50.166969904126894,20.87326894985186,0.0,22.91439078580952,32.375823400747535,35.54811465659081,32.807463159857264,15.091198797205362,7.574041221790433],
        [24.35734883490526,22.378840909008833,27.553485472181546,6.4663936952440135,34.578751745701084,30.612123194491666,11.505741658988445,34.83685626487346,16.94592795089881,11.470773246897862,24.31110402979423,25.303733798627377,16.61280893404827,31.000959482520717,15.350803059331929,30.83499831091096,6.52746707512385,19.543561669805186,30.900247581010504,24.43698700718845,20.274994363135104,32.60990177491655,7.710252633370756,14.078667496610107,22.421037096924707,27.177727083276647,20.091725122642117,7.071771409680465,23.216945623656795,21.975045614524007,30.215193822547278,18.065430636036385,33.60761394842273,12.57483996601392,22.91439078580952,0.0,30.698485186626304,36.48133701090425,10.457486656437993,20.626085623783812,24.35734883490526],
        [39.443012524429356,9.056650699936347,3.2680406406634126,35.50025932089611,38.2009800561728,17.649353384724964,36.04793133329844,31.31279795296432,14.112058241898296,26.466493187397106,15.347781628132825,44.38013860209917,29.587687436731187,41.70281458864923,40.15839933796178,35.20839193824605,34.97137308432273,17.16542373860859,10.986354408923887,9.500074186729497,26.775288829112498,9.607034809838016,29.17747608535862,28.905519799573305,10.264069467333695,10.713373090041548,10.606760225777562,28.743341150632393,51.93990828207768,15.670691522666598,21.926955684032386,44.4980311898625,27.999656577778985,40.83201526304844,32.375823400747535,30.698485186626304,0.0,6.116073839156779,38.28054539028961,17.32567284036136,39.443012524429356],
        [42.92194372385683,14.27356670788842,8.974957386056282,40.98797591498775,43.16881491970136,21.93532777744977,41.017785852083776,35.72550844357545,20.146563317394744,32.582107826731956,20.842080657996405,48.20597161323417,33.64738673850268,47.233783032237426,46.2737409504357,40.39755037072092,40.41075211794425,23.12749390957013,11.455029835237488,15.36884093552836,32.59514358175871,12.883820074097738,35.26329988578871,33.31712156190853,14.897227757272164,13.070723074853476,16.468391059245135,34.81460458145504,58.01160871328506,21.461164390243045,26.481916026841777,50.60844611904591,32.34992794512809,46.08962636120454,35.54811465659081,36.48133701090425,6.116073839156779,0.0,44.335637447250384,21.01570679782984,42.92194372385683],
        [32.98215068372754,30.946148093643856,35.39926132406563,12.84244044919689,30.494605228169014,33.475260539631094,19.155258094470724,33.397591517232044,24.189600364270284,12.93633211722673,28.163046779935012,32.50739446144751,26.662307499492687,24.747517968593183,5.633255162221882,27.21530113735972,13.555292649351582,23.596321117019706,40.3426225766096,30.389167555029776,19.530105034649186,37.93701682260629,9.214509591696608,24.191582613689473,31.440423125420892,36.628664101853026,27.996154483424817,9.557585163428051,13.703892576899023,26.088430360692513,31.61336070600048,7.60812642191241,33.18818176576913,16.72446566475478,32.807463159857264,10.457486656437993,38.28054539028961,44.335637447250384,0.0,30.765964040445134,32.98215068372754],
        [22.13058002043447,9.35775713313745,14.4268643457225,22.814943020355848,44.31142637174873,29.133872818485013,21.04952835798015,40.23481658106159,13.452152127462194,23.689419632243688,23.40209213048513,27.22513765433158,12.651222648626367,44.48148823058493,34.777541443568914,40.59608568987525,22.05314734078111,21.135606039132128,11.548343316115032,18.48892079076033,29.367943641211937,24.855664263300255,23.70225352013498,12.593395968049798,7.411562097871708,8.300869842490712,11.415579768870657,22.939494586303805,43.84099769812575,21.8318392655467,31.77933026181448,38.23925809226999,37.52206568867376,26.742088667619193,15.091198797205362,20.626085623783812,17.32567284036136,21.01570679782984,30.765964040445134,0.0,22.13058002043447],
        [0.0,30.985571609218837,36.462252700575426,20.144003654312723,58.24203479617867,48.674722954967145,13.853620601249643,56.8951999739959,31.712568227910797,34.67756995768863,42.2256339536964,5.976915368129809,10.526977428093021,55.32194656834096,38.57171958077411,54.41214040979145,19.43020459961437,38.405143897873295,32.230679632718285,38.90669955072866,43.125923545408824,46.3084503801026,31.786936226443224,12.37314433521065,29.31377403911671,29.866632200596772,31.780857048573036,31.036821465848583,41.34050170138576,40.101561632530846,50.092560385916116,39.840318087710834,54.91343081763529,18.14965158573291,7.574041221790433,24.35734883490526,39.443012524429356,42.92194372385683,32.98215068372754,22.13058002043447,0.0]
    ],
    "end_depot": 40,
    "start_depot": 0,
    "truck_dist": [
        [0.0,38.202377691428495,43.432375251605826,24.87499774948888,81.92221959168752,66.52959052268253,16.768261228901608,80.36659839341132,43.23258559221732,48.7192084849286,58.10720726394011,8.007602182128402,14.240913755869457,75.87569729371313,48.46975149041888,76.58420368538718,24.31803924330085,53.61267425727699,33.86839406938526,51.45804925572166,60.91296813582075,59.04897556895461,43.93659141474747,17.32298138275351,35.214546806431954,31.057433087400348,41.4475278748391,42.99399257653653,41.58788888753605,55.485443313758125,69.8201986950513,46.907310290700366,77.28844728788323,18.650200570060438,8.626585036482439,33.03551916373921,45.8914622863376,45.35532804713648,41.017779049455726,25.33411545545389,0.0],
        [38.202377691428495,0.0,6.330041161364724,35.35112020132908,43.71984190025903,28.32721283125403,31.598682212104563,42.16422070198282,9.536320866068284,27.079071003985675,19.904829572511616,40.90891457984237,23.96146393555904,40.54254396786225,46.49076475939018,38.381825993958685,34.26048921223675,15.410296565848501,12.402382921025545,13.255671564293165,24.515744935656766,20.84659787752612,30.97361674501107,20.879396308674984,2.987830884996537,7.160327912601225,4.083601000508969,30.30259282537946,63.053900035895765,17.283065622329627,31.617821003622808,52.67828648919178,39.086069596454735,40.116211718420146,31.853028790391576,31.223846877287542,10.24323298054118,18.876035450747025,43.67380998791717,12.868262235974605,38.202377691428495],
        [43.432375251605826,6.330041161364724,0.0,41.6811613626938,38.4898443400817,23.0972152710767,37.92872337346929,36.93422314180549,15.866362027433007,33.4091121653504,14.674832012334287,46.1389121400197,29.19146149573637,46.87258512922698,52.82080592075491,35.294171662258584,40.59053037360148,19.101725733397934,12.927206798789962,8.314478793782165,30.845786097021488,15.616600317348789,37.3036579063758,26.109393868852315,8.217828445173867,12.374942164205477,10.413642161873693,36.63263398674418,69.3839411972605,16.064212257495882,26.387823443445477,59.00832765055651,33.8560720362774,46.44625287978488,37.08302635056891,37.55388803865227,3.913191819176456,12.5459942893823,50.003851149281886,18.098259796151936,43.432375251605826],
        [24.87499774948888,35.35112020132908,41.6811613626938,0.0,57.04722184219864,41.65459277319364,8.106736520587273,55.49160064392244,25.814799335260794,23.84421073543972,33.23220951445123,27.581534637902752,18.224565578969827,51.00069954422426,23.594753740929995,51.709205935898304,1.0906309890923254,28.737676507788116,47.75350312235462,33.36668256891164,36.037970386331864,42.20760254259437,19.061593665258588,16.355679329785243,35.76044653723228,42.5114481139303,31.267519200820107,18.118994827047644,27.702779834566687,30.61044556426924,44.945200945562426,22.03231254121149,52.41344953839434,7.240097010797108,22.511694089451805,8.16052141425033,45.59435318187026,54.22715565207611,16.142781299966842,32.261935170975676,24.87499774948888],
        [81.92221959168752,43.71984190025903,38.4898443400817,57.04722184219864,0.0,26.216313858673153,65.15395836278591,12.461427791746553,38.68963399947021,33.20301110675892,23.81501232774741,84.6287564801014,67.68130583581807,10.531407216569374,33.45246810126865,5.338015906300342,57.60418034838668,28.30954533441053,51.41705113887166,30.464170335965864,21.00925145586678,36.86761909255818,37.985628176940054,64.59923820893401,46.70767278525557,50.864786504287174,40.47469171684842,38.928227015150995,40.830594414256126,26.436776277929404,20.53132876393716,35.014909300987156,16.125737989444627,64.28731885299575,75.5728706906506,48.88670042794831,40.25436973183406,48.8871722020399,40.904440542231804,56.58810413623363,81.92221959168752],
        [66.52959052268253,28.32721283125403,23.0972152710767,41.65459277319364,26.216313858673153,0.0,49.76132929378092,13.837007870728792,23.29700493046521,23.284248111365947,8.422383258742414,69.23612741109639,52.28867676681307,36.747721075242524,42.695941866770454,25.169307608274135,42.21155127938167,12.91691626540553,36.02442206986666,15.071541266960866,20.72092204303704,10.65130523388503,27.178793852391344,49.206609139929014,31.315043716250567,35.47215743528218,25.082062647843422,26.507769932759732,59.25907714327603,11.044147208924404,5.684985094735993,48.88346359657205,10.758856765200699,48.89468978399075,60.18024162164561,33.494071358943316,20.638128236344926,22.67085834336675,39.87898709529743,41.195475067228635,66.52959052268253],
        [16.768261228901608,31.598682212104563,37.92872337346929,8.106736520587273,65.15395836278591,49.76132929378092,0.0,63.59833716450971,26.464324363315708,31.950947256026993,41.338946035038504,19.47479811731548,14.472127589745313,59.10743606481153,31.70149026151727,59.81594245648557,7.549778014399241,36.844413028375385,44.00106513313011,34.689788026820054,44.14470690691914,42.280714340053,27.16833018584586,12.603241340560729,32.008008548007766,38.75901012470579,27.515081211595593,26.225731347634916,31.4552178237912,38.71718208485652,53.051937466149695,30.13904906179876,60.520186058981615,8.517529506315586,18.75925610022729,16.267257934837602,41.84191519264574,50.47471766285159,24.249517820554114,28.509497181751165,16.768261228901608],
        [80.36659839341132,42.16422070198282,36.93422314180549,55.49160064392244,12.461427791746553,13.837007870728792,63.59833716450971,0.0,37.134012801194004,31.647389908482715,22.259391129471204,83.07313528182519,66.12568463754187,22.99283500831593,31.896846902992436,11.414421541347535,56.048559150110464,26.753924136134323,49.86142994059546,28.908549137689658,19.453630257590575,24.406191300811628,36.43000697866385,63.043617010657805,45.15205158697936,49.30916530601097,38.91907051857221,37.372605816874795,45.504191076349436,24.881155079653198,10.546399698360014,35.128577529645455,3.6643101976980743,62.73169765471954,74.01724949237439,47.331079229672106,34.475136107073716,36.42574441029335,39.3488193439556,55.032482937957425,80.36659839341132],
        [43.23258559221732,9.536320866068284,15.866362027433007,25.814799335260794,38.68963399947021,23.29700493046521,26.464324363315708,37.134012801194004,0.0,17.54275013791739,14.874621671722796,45.939122480631184,28.99167183634786,32.643111701495826,36.954443893321894,33.35161809316987,24.72416834616847,10.38008866505968,21.93870378709383,8.225463663504344,17.68038254360343,16.392803207333586,21.437295878942788,25.909604209463804,9.94564720197149,16.69664877866951,5.452719865559315,20.766271959311176,53.517579169827485,12.252857721540806,26.587613102833988,43.1419656231235,34.05586169566591,30.579890852351866,36.8832366911804,21.68752601121926,19.779553846609463,28.412356316815305,34.13748912184888,17.898470136763425,43.23258559221732],
        [48.7192084849286,27.079071003985675,33.4091121653504,23.84421073543972,33.20301110675892,23.284248111365947,31.950947256026993,31.647389908482715,17.54275013791739,0.0,19.381167553077425,51.42574537334247,34.478294729059144,27.15648880878454,19.411693755404507,27.864995200458583,24.401169241627752,14.307386431952462,39.48145392501122,25.094633371568236,12.193759650892144,33.93555334525098,4.782617070181132,31.39622710217509,27.48839733988888,34.2393989165869,22.995470003476704,5.725215908392077,35.97482903191009,17.344899907854515,21.100990210122703,25.599215485206106,28.569238802954622,31.084307746236828,42.36985958389168,15.68368932118939,37.322303984526854,45.9551064547327,16.59473898393149,23.989885973632276,48.7192084849286],
        [58.10720726394011,19.904829572511616,14.674832012334287,33.23220951445123,23.81501232774741,8.422383258742414,41.338946035038504,22.259391129471204,14.874621671722796,19.381167553077425,0.0,60.81374415235399,43.866293508070655,32.844640516954,38.79286130848193,21.266227049985613,33.789168020639266,5.073781121124963,27.60203881112425,6.649158008218452,16.817841484748516,14.554385792173552,23.27571329410282,40.7842258811866,22.892660457508153,27.049774176539763,16.659679389101008,22.60468937447121,55.35599658498751,2.6217639501819896,11.712991431111192,44.980383038283534,19.18124002394311,40.472306525248335,51.75785836290319,25.0716881002009,17.94113643144943,26.57393890165527,35.97590653700891,32.77309180848622,58.10720726394011],
        [8.007602182128402,40.90891457984237,46.1389121400197,27.581534637902752,84.6287564801014,69.23612741109639,19.47479811731548,83.07313528182519,45.939122480631184,51.42574537334247,60.81374415235399,0.0,16.94745064428333,78.58223418212701,51.17628837883275,79.29074057380106,27.02457613171472,56.31921114569087,41.87599625151366,54.164586144135534,63.61950502423461,61.75551245736848,46.64312830316134,20.029518271167383,37.92108369484583,36.63394124308934,44.154064763252975,45.70052946495039,43.79816206584527,58.19198020217199,72.52673558346517,49.613847179114245,79.9949841762971,20.341437627105645,16.63418721861084,35.74205605215308,48.59799917475147,48.34964878123514,43.72431593786959,28.040652343867762,8.007602182128402],
