{
    "drone_dist": [
        [0.0,867.633365961781,2104.670534757996,2046.5433484653515,2451.512625966651,4583.636058681997,4841.533419305264,501.06945917373,4456.100904841544,1760.0177046300084,3568.718683513812,2138.710723683065,2436.5315714602784,4130.315483016088,2219.324319614207,2118.9411240990253,3552.4034627311444,2387.1054138621253,4139.473647355509,3920.3989926311133,3950.648167550827,3270.9115253425744,4611.721578170468,4231.336750228619,4770.42293067826,3497.0532984745723,1844.6130498014684,3234.1665559749995,1628.1291789213815,4285.300490810147,330.4485871455573,2107.8736491524464,3424.3904343090257,734.4466751082606,4164.9230910154365,3759.2660493326903,1658.1880677246752,4167.061623310787,2054.3017406585977,733.6746540602559,2716.1628650671037,5102.669691231434,2704.220745457642,4634.153066611006,4067.323899575612,3272.8338453596007,1402.7324073250968,3011.018282837024,4012.0463777645555,4779.816269208057,813.7672622268599,1138.2973260274446,4324.128541517688,1567.7718422385765,4788.727305464171,3142.331500461765,3224.5144453288062,4839.256178059059,4040.8253689132307,3565.480014875028,0.0],
        [867.633365961781,0.0,2617.4093965254397,1215.48857963856,1736.3996690235476,4111.14432150771,4082.5708789064083,614.4096291755104,3844.789615305526,1122.801803387883,2841.079431173344,2622.173986764492,1651.7179300707032,3349.6894276653165,1916.3854647950527,1586.8428857340214,2694.983786004241,1519.4793444364811,3859.8277809457654,3254.265478404384,3144.0438399723034,3142.1028085849366,4099.761092470827,3364.31039428085,4119.676718791039,2738.4360837696345,1608.4112249059515,2376.607294031505,1723.606359230542,3619.776476362439,738.1399688776269,1340.0057017779307,3067.961579479432,899.4753536892241,3887.3316223882985,2909.357710856926,1285.5763204164148,3842.3827924405646,1794.2382802804007,999.7710589070864,2571.7179478992957,4651.653768553791,1899.4354737809804,3858.755354670457,3682.1382560269176,3056.353593106119,648.9046012051375,2144.280831134465,3230.2376314363905,4044.832700490259,490.8409963138431,885.2932678099111,3683.653944900915,737.8192330351185,4088.1399461039505,3147.314981174503,2367.958987829042,4014.470098545704,3355.5092742280435,2725.3057369319504,867.633365961781],
        [2104.670534757996,2617.4093965254397,0.0,3761.3432293724454,4351.574888129494,4152.253575467139,5305.846645233058,2018.2887576941378,4447.006526517423,2627.5358956342598,4085.5610920159966,99.12768696721514,3401.007016941062,4766.841326885588,2117.4071314939797,4155.320054634464,5058.799537010778,3832.6097933814813,3283.9590080297817,4169.646030054713,4728.2217860579585,2261.355902802714,4286.227619153324,5567.252233569529,4845.156471184744,4138.221774900867,1883.9267375373938,4757.367783793816,1239.166300060005,4474.327442745917,1964.5308398831544,3943.274985021622,2927.7851515856573,2837.1227960955357,3299.6015869234725,4815.309187014351,3739.6656626226995,3418.462639760666,1973.8397727601928,1617.639833669239,1964.223389226139,4542.807857853226,3676.870483380477,5190.363375935502,3492.2717204295136,2475.2910409423744,3266.294731839309,4341.585287598316,4668.750980763948,5153.700186906345,2167.9254163783125,3225.0363453078926,4426.188006045927,3317.834058903526,5032.924932696425,1854.8616961677599,4755.763832527808,5626.230901836964,4333.056660193045,4574.052754777057,2104.670534757996],
        [2046.5433484653515,1215.48857963856,3761.3432293724454,0.0,726.9837599776376,4158.424896070206,3501.2844573275834,1819.9951619215326,3644.911967260266,1473.3673640588545,2454.5350166513854,3752.558541999927,1334.5946025774049,2747.256487525462,2492.219789772121,1060.4469521769074,1524.8201698856521,603.3718083147941,4224.419648236071,2981.968308631576,2463.845610053363,3754.106804894069,4077.3969361828354,2254.4118159663994,3814.1067954156383,2270.8699932171003,2331.3933549129447,1210.9456693114955,2701.3023932534797,3315.7105562501056,1953.6280623897628,327.11380169647657,3392.4932028223934,1732.6995475053557,4252.850054833429,2037.1728155624962,1238.9823505411691,4144.096561993137,2447.4177914205607,2168.2126140250257,3224.9260433088516,4703.372882175161,1417.3285016509367,3239.422182593333,3905.034865353286,3571.859692044491,671.0439256588677,1160.727432816467,2633.4931503175794,3534.0619409702,1599.3593317924276,1335.8328276180366,3432.363854962235,480.48518628823496,3665.3834684895837,3900.862529075715,1198.3376539380254,3210.959552546739,3026.2612668822567,1926.6910751249795,2046.5433484653515],
        [2451.512625966651,1736.3996690235476,4351.574888129494,726.9837599776376,0.0,4830.852088448071,3963.5888613030393,2346.9524693034273,4261.193765064542,2196.737768343287,3045.5033402322783,4353.009467032584,2015.5251607865546,3228.4572347574604,3215.3604991349043,645.4592828878377,1524.5209688615344,1189.791253927327,4943.246174450589,3592.062613605706,2916.9527301123103,4479.742422449762,4735.07347401169,2306.567701070895,4391.042767416933,2840.2593218157417,3039.610038316362,1281.441933585119,3363.971024063242,3905.4168221251407,2443.043163240313,432.38267424296237,4111.867994104681,1941.6262170016464,4971.64872887523,2388.0512108947437,1099.2828614300797,4857.2612458631975,3164.570492235752,2734.8686824658307,3947.024666745978,5371.296102609791,2046.0856247125862,3690.08669164752,4610.177991872506,4298.819258252983,1089.1659114508286,1532.277305227815,3123.427958162015,4031.3562267669704,2190.5853363774772,1459.0637260921014,4037.021087952683,1052.8982020594046,4199.216518867157,4616.792227622962,1260.5510915469533,3542.5929411917627,3615.6442589049734,2344.493589124183,2451.512625966651],
        [4583.636058681997,4111.14432150771,4152.253575467139,4158.424896070206,4830.852088448071,0.0,2130.0518325026314,4088.615362442889,893.5539824679363,2996.1171280126855,1925.2824344870558,4059.8586847382485,2824.2920600185603,2240.871065793598,2390.0484381520446,5198.753582524674,4163.887932570846,3643.8168192978173,1086.883771643359,1400.7774963689644,2509.7208054261478,1952.9312791341724,240.18578487610992,4030.4498793956113,1194.496137218722,2159.678619404739,2771.421930254704,4069.382252661145,3254.0641834641538,1291.4412075016355,4254.096856774467,4484.496542570612,1245.7788452031539,4992.053330465173,1091.78968452524,3096.4691983661473,5196.525262975067,871.2120909008086,2567.155166475156,3927.4232975642035,2197.7960255110083,548.2138427809082,2792.994600517921,2245.009153168444,671.2915662118099,1685.4456455554405,4346.605523850388,3518.6937777382427,2254.4789276136758,1885.100073793361,3821.0584106541824,4956.433111197811,1111.2840714551917,4137.396909447031,1588.9337048726438,2440.1439441580596,4086.9691145546203,2915.302432768657,1482.8750062840365,2930.0631353891454,4583.636058681997],
        [4841.533419305264,4082.5708789064083,5305.846645233058,3501.2844573275834,3963.5888613030393,2130.0518325026314,0.0,4366.3272841549415,1249.9061144080636,3094.7753802215693,1286.7049569652577,5233.764578731529,2431.1027826097566,755.7763958775206,3191.5719613946903,4520.481087370436,2749.1796352511205,2898.183802285543,3071.0891041641758,1156.273781432422,1047.4883205851193,3567.233361365138,1895.2170551066804,2295.6016622578218,960.8251945106621,1346.477760259858,3475.985298617348,2810.4289855217844,4123.512736677343,946.1136589106115,4558.45292553709,3772.241802058558,2685.7317379775473,4948.720214462934,3086.950093920038,1617.8024761773024,4734.021508177964,2855.411530714696,3346.1960764870064,4409.958224461239,3488.361382999837,2421.3782893876723,2198.8740617693825,278.48375370881354,2539.8301486498963,3236.5512573675255,3986.8756135305202,2431.353432268367,872.6391313565948,245.55447628348554,4035.824270332103,4709.263250293532,1087.2644035916237,3729.6543725458446,554.8544186547614,4037.704387026125,2832.6551443184208,841.8203306016783,987.2337161862544,1619.8731945142943,4841.533419305264],
        [501.06945917373,614.4096291755104,2018.2887576941378,1819.9951619215326,2346.9524693034273,4088.615362442889,4366.3272841549415,0.0,3955.7138349092506,1273.9270462391135,3087.252794169779,2029.4485375835272,1986.894869803952,3666.226191516716,1739.3090797183202,2143.9334499069655,3264.644728990954,2054.417618049361,3677.818698233339,3425.3751059884994,3501.883302313791,2847.6864155567514,4113.182960419246,3898.767367111516,4272.503634934572,3026.203072037186,1372.4073582403553,2947.6604359910384,1266.3042157535756,3789.59355831356,192.2801853022142,1954.3535222197538,2943.289379433744,1030.4695414166263,3703.870513976763,3354.0946442263566,1764.6573798227962,3695.1726113126783,1580.667336019961,414.32290077699764,2282.576614198588,4610.901143039401,2263.2320571073637,4166.076415647629,3583.4496060941374,2823.010141666516,1257.7866023787917,2657.998758954215,3548.9753099246054,4297.0135876173645,332.52309277780364,1276.0671414714238,3825.6940963437405,1347.6354638160847,4297.832045137369,2767.715245777603,2940.807562210084,4400.896102546779,3548.5020156667915,3148.211940598998,501.06945917373],
        [4456.100904841544,3844.789615305526,4447.006526517423,3644.911967260266,4261.193765064542,893.5539824679363,1249.9061144080636,3955.7138349092506,0.0,2732.3544900207717,1222.688314320402,4363.49687218402,2339.22936231264,1380.0175079438127,2433.1864292160976,4704.980999656478,3406.292605841782,3078.4920486700685,1835.9018805695287,669.4470191475635,1674.257391216251,2457.474501398859,671.0393774474052,3191.3824477504463,409.61546741660396,1444.5291200143593,2787.272552747366,3353.711955491953,3377.441682427205,422.5180609485059,4138.325464311713,3961.0529471501773,1590.7495909458316,4744.231201756984,1849.8830663353986,2289.991248203859,4784.201865782768,1616.8911389576397,2609.949239247331,3883.671082889509,2509.710226713734,1281.2536470478512,2228.852881154699,1351.6544508688928,1311.9795862325525,2137.3570052837113,3952.3632195871214,2835.312869631325,1411.3888851665833,1008.270027510238,3650.4916025036273,4623.8061590104735,246.04068101946152,3717.3745546998,734.6276723164633,2948.2009446878506,3373.146105434246,2021.8211386122107,676.819955417547,2155.029207586817,4456.100904841544],
        [1760.0177046300084,1122.801803387883,2627.5358956342598,1473.3673640588545,2196.737768343287,2996.1171280126855,3094.7753802215693,1273.9270462391135,2732.3544900207717,0.0,1813.5173585939829,2590.3310726130153,794.5479010126069,2406.903461316856,1018.8970171837043,2357.050240387118,2468.0595229435007,1286.9415944648645,2840.3346302637356,2166.612597613278,2268.6355441992528,2284.446911273447,2978.3220816722583,2939.765510795825,3024.764105969836,1760.6439434749363,895.656959614169,2184.4694486788903,1414.9621641166987,2532.617297503179,1465.4947789287628,1772.3401212723975,2018.9674779092327,2018.4306833655444,2868.586834425803,2223.7974874804804,2244.0004676357985,2793.857985102978,981.9706928098581,1342.3707366542076,1751.6162069213444,3539.725139255122,1080.0856353721276,2900.724713795836,2602.7097821887132,2119.81212583928,1403.1583461180546,1722.68367687655,2291.520096642655,3023.0946136776056,946.9512046917772,1961.9400657716023,2582.4115675350813,1245.025348759036,3029.0975671263886,2433.0006877483256,2186.6512543341482,3179.4536995537305,2282.461980191044,1993.2951794313628,1760.0177046300084],
        [3568.718683513812,2841.079431173344,4085.5610920159966,2454.5350166513854,3045.5033402322783,1925.2824344870558,1286.7049569652577,3087.252794169779,1222.688314320402,1813.5173585939829,0.0,4019.9138198216674,1214.148985590391,685.753518784099,1972.6960859082444,3513.510068563717,2238.6813596263673,1871.8737527899893,2468.741248269224,556.0971399334062,747.7807972288332,2624.176617031185,1773.4932916745793,2173.864194955691,1359.7264571276064,234.397349071076,2221.0914452994343,2152.373743830728,2874.733671448207,862.5696365983944,3278.9672242684,2762.6287825707745,1811.7352925032824,3726.633441757769,2492.777499518198,1211.695557866268,3636.519998545302,2294.5374464546,2111.8282890292917,3123.2584070910298,2400.208189080873,2425.1609727426144,1043.2837611482444,1119.5828920333427,1973.984599646792,2304.0910438760843,2832.434051392508,1618.054333387025,599.9194399896353,1211.2128583018225,2758.590615125882,3536.316639613454,992.3826354962179,2584.1143654057987,1253.2822376707738,3039.776815029868,2170.7924257388227,1563.0104879533674,572.4709843819571,1017.1128358749751,3568.718683513812],
        [2138.710723683065,2622.173986764492,99.12768696721514,3752.558541999927,4353.009467032584,4059.8586847382485,5233.764578731529,2029.4485375835272,4363.49687218402,2590.3310726130153,4019.9138198216674,0.0,3357.894383225638,4702.430257423539,2049.0189380293887,4171.071771538591,5031.754928210472,3808.3467421725218,3186.6522176175504,4094.6250047560234,4669.223638776532,2164.4362650814405,4195.647313215343,5529.602031834657,4762.754199507648,4076.8242971598847,1827.5174798368141,4732.385798142405,1190.0275493499234,4396.284009586448,1984.7906278446808,3941.421645077427,2838.074321951911,2872.6816438737496,3202.1586108086854,4767.316090489236,3763.4977877855285,3322.298657065251,1909.511528378461,1623.6410428367449,1874.9607527473358,4447.561681436194,3631.7469814633714,5121.684244951904,3398.7810643617236,2381.195836012352,3270.5185654890174,4308.480495951545,4605.459198286077,5079.154680098003,2164.8756385010324,3251.097797707532,4345.787656207917,3314.4043064716348,4954.781931232896,1755.9825770243162,4731.23666028755,5564.588854292473,4258.707734906237,4525.077389768318,2138.710723683065],
        [2436.5315714602784,1651.7179300707032,3401.007016941062,1334.5946025774049,2015.5251607865546,2824.2920600185603,2431.1027826097566,1986.894869803952,2339.22936231264,794.5479010126069,1214.148985590391,3357.894383225638,0.0,1700.141165829497,1535.4882805173281,2383.6123536256987,1813.2813999394782,850.3221357880101,2965.487404421005,1692.3867748734976,1515.735271577806,2670.1331127351827,2743.897976626781,2184.77670758837,2550.964905005121,1089.5889789916816,1572.7575803986892,1572.7609003383702,2169.82768960759,2045.4964060341063,2177.7291429407323,1660.2718217613249,2144.2275864261733,2522.419298460243,2993.593289378954,1429.460673803459,2446.081389523482,2861.7143618220484,1579.9318917842907,2119.2879387291614,2223.331190640074,3368.840436293917,286.1750359505054,2208.1960614517143,2601.6057433067645,2427.264502327831,1624.3415937567443,1034.0001576403924,1580.973457386351,2400.5668313674346,1655.1754544847122,2322.5186088229543,2141.4811280743093,1381.8890984306265,2467.0747976251446,2933.7802126783527,1580.9676175072034,2414.9345619035635,1763.8218548548898,1199.138763157926,2436.5315714602784],
        [4130.315483016088,3349.6894276653165,4766.841326885588,2747.256487525462,3228.4572347574604,2240.871065793598,755.7763958775206,3666.226191516716,1380.0175079438127,2406.903461316856,685.753518784099,4702.430257423539,1700.141165829497,0.0,2657.0319375292606,3772.8179911611105,2113.006882526729,2143.9290204260683,2983.1740084754338,899.4407081666468,331.15855429522327,3264.5907714009595,2039.0384328646303,1814.2354530142507,1304.9553639587725,650.6903921120542,2894.96111806552,2126.6171465849834,3549.390338342745,958.8926009265757,3858.4230455293837,3022.243448217955,2418.080602918523,4205.642402892951,3004.3446875140503,961.6357401358696,3978.6426243636038,2787.5170436263725,2793.1780021797517,3742.3901683815225,3075.302359498697,2661.180703381443,1454.5737964311397,509.9135950038335,2459.5885579448154,2938.1028929094045,3232.995265043974,1700.558681757199,119.56982003950203,803.7096199026694,3333.924963440376,3956.387369456191,1139.774033016635,2975.4061353087104,1008.413683693874,3697.946033783344,2148.1789539240312,880.7262688842939,771.4565229683307,902.1470266419257,4130.315483016088],
        [2219.324319614207,1916.3854647950527,2117.4071314939797,2492.219789772121,3215.3604991349043,2390.0484381520446,3191.5719613946903,1739.3090797183202,2433.1864292160976,1018.8970171837043,1972.6960859082444,2049.0189380293887,1535.4882805173281,2657.0319375292606,0.0,3343.2300808435602,3346.5725967498042,2252.9937911717566,1953.4135532012997,2068.7404314987803,2644.2150650889384,1271.2482861755386,2447.5137585669327,3686.2466473412837,2808.15185767201,2042.8128477123144,381.6129284816672,3093.2875301826098,950.3738914729917,2393.131788617191,1889.1596485043024,2789.652461572127,1205.1608506779564,2719.6357856019044,1980.3456647848943,2825.815412849888,3166.0604896297527,1957.9152744284108,179.82930120021476,1539.2075481121672,733.4296082878614,2893.854793633074,1760.426029836023,3073.02308399996,1848.2601012576129,1142.9835271516617,2360.9061241925847,2568.840760565744,2563.0094122306027,3047.4930680870093,1519.9742016260698,2801.666127977418,2369.377558075612,2238.545733925363,2948.9283665107855,1427.0159477545772,3099.3564630534775,3525.8871148114704,2227.971992799253,2578.3766176961585,2219.324319614207],
        [2118.9411240990253,1586.8428857340214,4155.320054634464,1060.4469521769074,645.4592828878377,5198.753582524674,4520.481087370436,2143.9334499069655,4704.980999656478,2357.050240387118,3513.510068563717,4171.071771538591,2383.6123536256987,3772.8179911611105,3343.2300808435602,0.0,2169.4588966786982,1647.4903456176107,5188.984215193638,4042.4135391436353,3474.2242094512544,4612.192436699778,5126.604817359996,2951.659277559958,4872.535353283602,3325.6946414214576,3103.245034885805,1918.7301121490757,3306.971455113366,4375.312280518444,2192.8640261921196,754.3501445494652,4360.391047831738,1490.2862281518037,5217.3679605118805,2982.4100131583405,526.8290500233454,5127.575770779679,3259.7813474575964,2555.9706167257923,4054.783157243663,5745.684111882735,2477.7731451946884,4251.945390013604,4907.845740294448,4471.90355948711,993.3312547276047,2106.205663437752,3662.5073288792037,4569.119938517364,2077.0345372475904,1004.3103749254512,4492.801835393977,1112.0328916469282,4713.831505575711,4682.112027850213,1898.4255003896408,4149.933860337636,4085.6325612394066,2913.4311543110434,2118.9411240990253],
        [3552.4034627311444,2694.983786004241,5058.799537010778,1524.8201698856521,1524.5209688615344,4163.887932570846,2749.1796352511205,3264.644728990954,3406.292605841782,2468.0595229435007,2238.6813596263673,5031.754928210472,1813.2813999394782,2113.006882526729,3346.5725967498042,2169.4588966786982,0.0,1231.4940258992997,4602.751276994752,2774.946551958396,1782.869596457283,4459.313918683285,4005.8713209885004,782.2611424633019,3408.1816336533334,2004.3152369476404,3343.6227456422935,318.4028917069885,3877.769195783934,2994.3087989431065,3420.886885584701,1590.4412273524279,3831.1016620938794,3248.8733357295255,4629.320053574837,1152.1173155696795,2580.9306353234124,4457.714630334142,3378.8325512606852,3556.8053395344464,4034.491922505263,4655.969602897721,1625.7253565424007,2472.164453216302,4154.626194763613,4194.0015127952975,2195.6962699110613,780.1521850666059,2039.85908455063,2881.128575631729,2990.9005409358933,2820.5440347508024,3161.0976865974903,1990.786982517461,3118.843476287018,4744.934334476587,328.0755448206487,2155.2731015658283,2730.63753144273,1251.4840137583622,3552.4034627311444],
        [2387.1054138621253,1519.4793444364811,3832.6097933814813,603.3718083147941,1189.791253927327,3643.8168192978173,2898.183802285543,2054.417618049361,3078.4920486700685,1286.9415944648645,1871.8737527899893,3808.3467421725218,850.3221357880101,2143.9290204260683,2252.9937911717566,1647.4903456176107,1231.4940258992997,0.0,3814.3264626402142,2410.796597467669,1862.8132292068956,3464.7138992956,3545.4175843440744,1847.90090543127,3228.272261017241,1678.8877496216132,2181.894843143405,925.0067635846168,2670.8177727514694,2734.428777310854,2220.5064325011444,893.5257481182888,2990.180102199274,2217.8915006536085,3842.4935018587867,1468.137704426517,1838.1419200638775,3712.0364859436795,2250.715391590831,2328.8051569042927,2977.09228857032,4182.792496867252,856.410613359146,2637.1883942819773,3450.2018005054274,3243.6920341839077,1160.5768377306092,630.9592568359978,2030.1248052304504,2931.329255591918,1767.2625369839739,1878.2824495482187,2858.7825530521113,908.4514314154816,3067.2718539265525,3679.5351878718793,923.1549335752688,2633.105207345276,2444.2851710334367,1336.4939606135592,2387.1054138621253],
        [4139.473647355509,3859.8277809457654,3283.9590080297817,4224.419648236071,4943.246174450589,1086.883771643359,3071.0891041641758,3677.818698233339,1835.9018805695287,2840.3346302637356,2468.741248269224,3186.6522176175504,2965.487404421005,2983.1740084754338,1953.4135532012997,5188.984215193638,4602.751276994752,3814.3264626402142,0.0,2084.0786642416056,3181.174550548018,1023.7457615760429,1308.116167934275,4639.947684500914,2209.792335502389,2682.8081928787233,2306.228689859441,4440.227881146261,2610.5859486135782,2140.7601059513386,3813.4250958009748,4546.806474717573,831.9923395248965,4672.395102909253,28.44274339989708,3675.9862100709993,5076.755220974071,221.51121252831,2099.854755726157,3423.2212862593983,1463.5477584449409,1304.5667309881949,3039.2809194016104,3125.860318061553,533.150018098794,883.1467353421386,4242.803916621552,3868.3980249493898,2959.299753086507,2835.833080091749,3473.0945960391723,4743.550943360737,1985.1736750462026,4079.4695918718517,2570.461343721836,1459.5028947839953,4453.955074112649,3776.8491344224303,2224.4010318484275,3464.7026457282154,4139.473647355509],
        [3920.3989926311133,3254.265478404384,4169.646030054713,2981.968308631576,3592.062613605706,1400.7774963689644,1156.273781432422,3425.3751059884994,669.4470191475635,2166.612597613278,556.0971399334062,4094.6250047560234,1692.3867748734976,899.4407081666468,2068.7404314987803,4042.4135391436353,2774.946551958396,2410.796597467669,2084.0786642416056,0.0,1124.6840553751622,2435.140544654737,1231.3043884866406,2636.941939494499,866.6905112759682,783.8828940409946,2381.4576575857373,2702.87334562651,3014.651353660315,366.2376795269942,3613.4631023744673,3295.954141710351,1562.8771627374895,4151.511467402832,2105.085506833609,1695.970417979436,4137.51512286467,1888.186034920361,2232.5730630521675,3402.5840881989498,2332.1457121193453,1881.030025466411,1564.67166789641,1110.2095167508783,1560.2859061505994,2104.3060593931887,3314.9105952153277,2173.634896756762,883.7862623150969,984.889929584312,3107.160233846211,4000.995672641934,450.92129492197427,3074.2615772699914,890.7336580624885,2894.724311076527,2721.6961493493536,1717.6185814689443,169.4163426125634,1532.1311219184572,3920.3989926311133],
        [3950.648167550827,3144.0438399723034,4728.2217860579585,2463.845610053363,2916.9527301123103,2509.7208054261478,1047.4883205851193,3501.883302313791,1674.257391216251,2268.6355441992528,747.7807972288332,4669.223638776532,1515.735271577806,331.15855429522327,2644.2150650889384,3474.2242094512544,1782.869596457283,1862.8132292068956,3181.174550548018,1124.6840553751622,0.0,3371.2756502480815,2319.160971031144,1521.7675991992162,1629.2695480048476,606.1846701874675,2844.8468706348476,1796.6526957303308,3496.1778476367585,1252.0345596408845,3693.0523881624226,2727.881747353394,2556.323064417991,3978.9617989791714,3203.8933917228064,633.0577321608204,3700.9462948511577,2995.3697796652095,2765.0705867266906,3611.003775254344,3129.035111408798,2952.9808035309497,1247.6435625519093,777.8741339572395,2669.1771805712633,3051.8162999794504,2979.893596525812,1385.2107587610244,264.21168389534927,1125.8142590422865,3169.7391577211565,3705.6562017995075,1429.5815408944957,2721.3065685231572,1339.5450929128526,3781.3800836772202,1818.3069481542336,913.126369099243,1026.860247864037,577.4229334481548,3950.648167550827],
        [3270.9115253425744,3142.1028085849366,2261.355902802714,3754.106804894069,4479.742422449762,1952.9312791341724,3567.233361365138,2847.6864155567514,2457.474501398859,2284.446911273447,2624.176617031185,2164.4362650814405,2670.1331127351827,3264.5907714009595,1271.2482861755386,4612.192436699778,4459.313918683285,3464.7138992956,1023.7457615760429,2435.140544654737,3371.2756502480815,0.0,2124.4020284920243,4668.428838363569,2865.9984228959174,2786.310689604897,1533.8272143845684,4239.083948760848,1669.1312069117641,2630.211040212881,2957.2860618585364,4056.7481128609907,882.5545021080288,3873.2596496810793,1040.482049904692,3731.013000089569,4414.77005309064,1161.1423486249214,1357.0298893955194,2538.459137684252,571.2363633671928,2292.7418787102474,2833.58856234533,3545.3381729023417,1281.7803560339423,331.06005240281536,3625.910720652196,3683.0109128538566,3205.025671150254,3360.3901901508566,2699.774155690024,4020.244268517031,2521.2866482415025,3509.5643466713486,3153.7576153663076,494.8439992205906,4248.348975840002,4132.56818102323,2601.794032831364,3491.943118285491,3270.9115253425744],
        [4611.721578170468,4099.761092470827,4286.227619153324,4077.3969361828354,4735.07347401169,240.18578487610992,1895.2170551066804,4113.182960419246,671.0393774474052,2978.3220816722583,1773.4932916745793,4195.647313215343,2743.897976626781,2039.0384328646303,2447.5137585669327,5126.604817359996,4005.8713209885004,3545.4175843440744,1308.116167934275,1231.3043884866406,2319.160971031144,2124.4020284920243,0.0,3840.8412568991153,954.8869533014545,2006.9083152877881,2826.1386176352307,3925.516585875373,3340.770249456913,1082.0246403435585,4283.977615920493,4401.637579473036,1360.03228946652,4989.070789220363,1315.1377661741353,2918.527482461525,5148.073725103301,1088.7554168015747,2626.7498663479596,3974.779056257492,2323.157457237274,651.7065419717034,2689.867219823814,2018.043388402235,851.3986692832939,1839.9406792017164,4300.634498377647,3383.71074094396,2060.126820456684,1649.8976314121269,3834.187072183448,4929.876034129858,900.6746713439902,4083.2806901923846,1351.229323882454,2616.6310030145937,3943.7592577097485,2688.4635378126236,1295.2414309240924,2762.847895495995,4611.721578170468],
        [4231.336750228619,3364.31039428085,5567.252233569529,2254.4118159663994,2306.567701070895,4030.4498793956113,2295.6016622578218,3898.767367111516,3191.3824477504463,2939.765510795825,2173.864194955691,5529.602031834657,2184.77670758837,1814.2354530142507,3686.2466473412837,2951.659277559958,782.2611424633019,1847.90090543127,4639.947684500914,2636.941939494499,1521.7675991992162,4668.428838363569,3840.8412568991153,0.0,3101.5662479692683,1957.2305842315004,3757.125131737488,1060.0102164211899,4347.375088234804,2768.9528754829703,4067.5970450444624,2356.7989781823812,3938.2872788417967,3987.091953290335,4664.432699948863,964.0255723375133,3358.5338229457598,4468.342207410089,3752.5376139812847,4150.07327457331,4314.557072011672,4472.1646533495195,1930.7153120818018,2036.4357254194779,4147.593715508446,4373.194805253492,2921.3854818202067,1246.8569784205204,1781.4624526435662,2475.178927996728,3601.5797157607203,3576.1031387404964,2948.2836790623383,2697.8122695468724,2754.9582255228015,5014.084986919207,1076.9445322837519,1563.9963311988886,2548.0676641274736,1185.5044590370378,4231.336750228619],
        [4770.42293067826,4119.676718791039,4845.156471184744,3814.1067954156383,4391.042767416933,1194.496137218722,960.8251945106621,4272.503634934572,409.61546741660396,3024.764105969836,1359.7264571276064,4762.754199507648,2550.964905005121,1304.9553639587725,2808.15185767201,4872.535353283602,3408.1816336533334,3228.272261017241,2209.792335502389,866.6905112759682,1629.2695480048476,2865.9984228959174,954.8869533014545,3101.5662479692683,0.0,1551.6979087568802,3152.5874799407984,3393.8043901207393,3756.7482582773855,505.58296582748324,4458.461148148281,4120.659163111613,2000.3604479838348,5017.510269325324,2221.6466327648072,2262.1504998577384,4990.729106634171,1988.694821147214,2982.5237952783937,4224.917321585134,2915.3324088628333,1461.4626556523797,2401.833155970223,1129.095116922146,1696.7048804148192,2546.6688470827535,4175.2637013768835,2911.185893339485,1368.8112381561173,717.0893761492649,3959.1408405998386,4865.904315642077,448.44814427137055,3931.6968506774033,406.26075090976366,3357.268585589679,3414.465954907602,1787.1117996022558,790.063625383882,2167.6357523545084,4770.42293067826],
        [3497.0532984745723,2738.4360837696345,4138.221774900867,2270.8699932171003,2840.2593218157417,2159.678619404739,1346.477760259858,3026.203072037186,1444.5291200143593,1760.6439434749363,234.397349071076,4076.8242971598847,1089.5889789916816,650.6903921120542,2042.8128477123144,3325.6946414214576,2004.3152369476404,1678.8877496216132,2682.8081928787233,783.8828940409946,606.1846701874675,2786.310689604897,2006.9083152877881,1957.2305842315004,1551.6979087568802,0.0,2258.652745201501,1920.004438709576,2912.5264521243153,1067.0123489847385,3218.4809744930726,2572.2889290725443,1999.3752490999877,3611.8970717417747,2707.3861405902476,993.2131549512944,3471.156907845733,2513.637688382345,2168.7371683955657,3092.8710232187104,2525.3275919222046,2658.471599658117,881.1193156318456,1140.365557820647,2195.7519216321757,2472.43814182558,2683.680785789567,1391.080180254222,540.358265005245,1311.8700143131568,2694.5964163181684,3396.9164015415736,1208.823295214105,2431.0100049231437,1400.8578337197707,3184.760637465365,1938.62081052605,1488.012194250586,778.863702006521,788.5224897887184,3497.0532984745723],
        [1844.6130498014684,1608.4112249059515,1883.9267375373938,2331.3933549129447,3039.610038316362,2771.421930254704,3475.985298617348,1372.4073582403553,2787.272552747366,895.656959614169,2221.0914452994343,1827.5174798368141,1572.7575803986892,2894.96111806552,381.6129284816672,3103.245034885805,3343.6227456422935,2181.894843143405,2306.228689859441,2381.4576575857373,2844.8468706348476,1533.8272143845684,2826.1386176352307,3757.125131737488,3152.5874799407984,2258.652745201501,0.0,3069.2452839398793,654.438866101048,2719.477536873418,1515.2644925091786,2607.9990898530323,1581.6030422732429,2371.578812466441,2332.4716938721594,2950.960852929796,2882.755580345604,2323.9238542572884,209.73412730353496,1157.7459404828244,964.1686618837796,3275.140499269136,1831.6929568359205,3337.3965132186604,2226.2845686925084,1462.903600764682,2110.703695220694,2580.433682128047,2793.355254017603,3347.2651070719817,1177.9887282305538,2488.511859934209,2708.9388891344097,2020.9395789228834,3269.818704526948,1583.78614370918,3072.594966486986,3745.9643162984444,2534.322504470252,2706.386419242606,1844.6130498014684],
        [3234.1665559749995,2376.607294031505,4757.367783793816,1210.9456693114955,1281.441933585119,4069.382252661145,2810.4289855217844,2947.6604359910384,3353.711955491953,2184.4694486788903,2152.373743830728,4732.385798142405,1572.7609003383702,2126.6171465849834,3093.2875301826098,1918.7301121490757,318.4028917069885,925.0067635846168,4440.227881146261,2702.87334562651,1796.6526957303308,4239.083948760848,3925.516585875373,1060.0102164211899,3393.8043901207393,1920.004438709576,3069.2452839398793,0.0,3586.965796320705,2953.0633439305243,3103.037812261815,1296.8206106127745,3649.9526597018703,2939.591045887885,4467.361369723767,1192.7889440006963,2302.93319873583,4305.883536967258,3115.3189550252337,3243.7975550607193,3794.5183805149964,4577.22206560903,1417.4017002854746,2531.980273650595,4011.823522515255,3985.2292606581423,1881.9556379420421,571.8812981774942,2039.8895122072556,2918.659882537718,2676.5032539456106,2518.879304679902,3111.6247571571935,1673.6885498074262,3133.6603052754576,4504.572994099419,22.52133344787449,2293.285085009048,2677.5842908039813,1229.392878325854,3234.1665559749995],
        [1628.1291789213815,1723.606359230542,1239.166300060005,2701.3023932534797,3363.971024063242,3254.0641834641538,4123.512736677343,1266.3042157535756,3377.441682427205,1414.9621641166987,2874.733671448207,1190.0275493499234,2169.82768960759,3549.390338342745,950.3738914729917,3306.971455113366,3877.769195783934,2670.8177727514694,2610.5859486135782,3014.651353660315,3496.1778476367585,1669.1312069117641,3340.770249456913,4347.375088234804,3756.7482582773855,2912.5264521243153,654.438866101048,3586.965796320705,0.0,3342.9429488814344,1335.2676499323202,2935.31277391166,2014.3477081392189,2288.7237488340975,2633.5399122742324,3577.432659770633,2992.652278470819,2677.950941576926,782.1018030200486,898.4281408722125,1147.642164146398,3722.0092164667362,2442.161508522341,3989.7373011762184,2649.073660286785,1727.4405858522018,2332.055443040964,3137.6406091442086,3447.724935928782,3988.5074229813363,1233.136690750938,2529.1256909263557,3319.3396651249764,2311.735562070204,3897.9315669672183,1514.9535389813036,3587.5980051936194,4399.301466096875,3171.438533211975,3335.53119379,1628.1291789213815],
        [4285.300490810147,3619.776476362439,4474.327442745917,3315.7105562501056,3905.4168221251407,1291.4412075016355,946.1136589106115,3789.59355831356,422.5180609485059,2532.617297503179,862.5696365983944,4396.284009586448,2045.4964060341063,958.8926009265757,2393.131788617191,4375.312280518444,2994.3087989431065,2734.428777310854,2140.7601059513386,366.2376795269942,1252.0345596408845,2630.211040212881,1082.0246403435585,2768.9528754829703,505.58296582748324,1067.0123489847385,2719.477536873418,2953.0633439305243,3342.9429488814344,0.0,3977.2335449512934,3625.010916276033,1747.6566134504378,4516.571564344816,2158.200601545865,1870.4595105733356,4486.457517733142,1929.4520409083752,2561.850338551666,3759.970018465489,2592.1590300983216,1703.3556251394693,1900.6807903317074,986.5998729726001,1607.641896840517,2300.623913203545,3669.749317055841,2448.109137142403,988.9388230672696,730.3014146025167,3472.325080244075,4360.650577213441,181.35549406616775,3426.508989939665,558.6121811613457,3107.2207659768997,2972.965862000134,1647.372230960163,290.1746403909906,1743.048445977366,4285.300490810147],
        [330.4485871455573,738.1399688776269,1964.5308398831544,1953.6280623897628,2443.043163240313,4254.096856774467,4558.45292553709,192.2801853022142,4138.325464311713,1465.4947789287628,3278.9672242684,1984.7906278446808,2177.7291429407323,3858.4230455293837,1889.1596485043024,2192.8640261921196,3420.886885584701,2220.5064325011444,3813.4250958009748,3613.4631023744673,3693.0523881624226,2957.2860618585364,4283.977615920493,4067.5970450444624,4458.461148148281,3218.4809744930726,1515.2644925091786,3103.037812261815,1335.2676499323202,3977.2335449512934,0.0,2064.896965319891,3094.2914440968434,959.7162510435027,3839.0450715718393,3538.756535416762,1780.0463830485567,3838.5450961739098,1724.8650424740333,439.11862630266694,2398.175261381345,4772.437385498347,2453.145202256587,4358.3548136998525,3737.0154663927756,2949.917340182288,1358.6514781516953,2830.5653118060927,3741.1326664599064,4488.457510595162,524.5456169528077,1272.769778294001,4011.223502578585,1475.4331113343148,4487.515406562625,2848.9394703842163,3095.381622887915,4591.073816022294,3737.7826214553565,3334.9416495342643,330.4485871455573],
        [2107.8736491524464,1340.0057017779307,3943.274985021622,327.11380169647657,432.38267424296237,4484.496542570612,3772.241802058558,1954.3535222197538,3961.0529471501773,1772.3401212723975,2762.6287825707745,3941.421645077427,1660.2718217613249,3022.243448217955,2789.652461572127,754.3501445494652,1590.4412273524279,893.5257481182888,4546.806474717573,3295.954141710351,2727.881747353394,4056.7481128609907,4401.637579473036,2356.7989781823812,4120.659163111613,2572.2889290725443,2607.9990898530323,1296.8206106127745,2935.31277391166,3625.010916276033,2064.896965319891,0.0,3714.815082958883,1683.906636885339,4575.245176830079,2259.9795479614163,1020.7741050011709,4468.75631596804,2735.1945090578683,2330.7784612404002,3520.052175236539,5029.0655077540205,1732.2029810156157,3505.6993142953215,4231.377590371282,3882.771309993963,709.0272875908555,1377.326939654301,2910.9808653270925,3816.5804786777335,1776.5535094035683,1234.531160130269,3745.5721232636074,628.923816449991,3959.4870818275667,4186.511380193935,1279.920242133238,3434.1343206893544,3335.050358014019,2174.11025050259,2107.8736491524464],
        [3424.3904343090257,3067.961579479432,2927.7851515856573,3392.4932028223934,4111.867994104681,1245.7788452031539,2685.7317379775473,2943.289379433744,1590.7495909458316,2018.9674779092327,1811.7352925032824,2838.074321951911,2144.2275864261733,2418.080602918523,1205.1608506779564,4360.391047831738,3831.1016620938794,2990.180102199274,831.9923395248965,1562.8771627374895,2556.323064417991,882.5545021080288,1360.03228946652,3938.2872788417967,2000.3604479838348,1999.3752490999877,1581.6030422732429,3649.9526597018703,2014.3477081392189,1747.6566134504378,3094.2914440968434,3714.815082958883,0.0,3907.4892579762673,860.4304906934913,2979.936182333277,4261.382305210052,776.5784412784988,1372.0978332048157,2735.217705308601,963.6943987356738,1710.2175183824424,2236.905720578711,2671.2864049589652,645.6351382334266,553.5360660955866,3422.0055225764518,3078.991824330668,2368.679936634385,2477.8460343850534,2710.1214942294446,3946.504299325961,1640.909078508491,3252.604002682634,2274.0324147890697,1363.761828723588,3662.508323892137,3273.431125297186,1727.3090937651398,2752.851913850949,3424.3904343090257],
        [734.4466751082606,899.4753536892241,2837.1227960955357,1732.6995475053557,1941.6262170016464,4992.053330465173,4948.720214462934,1030.4695414166263,4744.231201756984,2018.4306833655444,3726.633441757769,2872.6816438737496,2522.419298460243,4205.642402892951,2719.6357856019044,1490.2862281518037,3248.8733357295255,2217.8915006536085,4672.395102909253,4151.511467402832,3978.9617989791714,3873.2596496810793,4989.070789220363,3987.091953290335,5017.510269325324,3611.8970717417747,2371.578812466441,2939.591045887885,2288.7237488340975,4516.571564344816,959.7162510435027,1683.906636885339,3907.4892579762673,0.0,4699.128832789998,3676.2484008926126,984.3406861750243,4673.965229829278,2574.467211706015,1398.174110672378,3305.430694288123,5528.479940828837,2751.3408648004984,4715.524557434187,4535.710142577289,3833.4981875566577,1069.4002334998968,2843.781583367023,4086.128049204809,4922.885139656909,1199.764699718078,490.7205373775719,4582.557154694082,1310.917016427661,4977.539355584974,3796.816237112153,2925.7531115122674,4819.900632703569,4249.823964150256,3517.2848186432516,734.4466751082606],
        [4164.9230910154365,3887.3316223882985,3299.6015869234725,4252.850054833429,4971.64872887523,1091.78968452524,3086.950093920038,3703.870513976763,1849.8830663353986,2868.586834425803,2492.777499518198,3202.1586108086854,2993.593289378954,3004.3446875140503,1980.3456647848943,5217.3679605118805,4629.320053574837,3842.4935018587867,28.44274339989708,2105.085506833609,3203.8933917228064,1040.482049904692,1315.1377661741353,4664.432699948863,2221.6466327648072,2707.3861405902476,2332.4716938721594,4467.361369723767,2633.5399122742324,2158.200601545865,3839.0450715718393,4575.245176830079,860.4304906934913,4699.128832789998,0.0,3700.5158193670068,5104.814141907767,233.2094641690981,2126.2816461128523,3448.118418425596,1486.2229810723466,1297.400267573911,3066.8688440155183,3143.7315807972186,551.1405320093705,906.1800992946119,4271.011687106712,3895.548395179157,2981.200696552246,2851.1358156978363,3499.910929396649,4771.140516455328,2001.594980475406,4107.820058833867,2584.2809357266697,1471.4788101246686,4481.1224635993885,3795.718188664694,2244.5405229201306,3489.736118700455,4164.9230910154365],
