{
    "drone_dist": [
        [0.0,43.68396264456007,19.408295060336528,45.970457228657025,47.55942575126193,40.92056840232155,25.62882208244339,33.21106875257788,38.40712368434106,19.42101450198206,47.12196373153024,9.910119551101293,21.63198232826689,48.94157381088724,39.44288968384591,15.146534991873493,42.09455349195567,27.45701049470638,29.107540852125744,42.002421955057805,8.597198011926434,28.891375043080085,54.98597762471217,24.11224464951934,20.164017346315315,31.724248783828582,41.86751488585527,28.73077683811309,20.344558480120785,40.05619410055252,18.694376917968277,30.884518420702868,37.77349910617983,17.909299086607717,45.90131307903912,24.011074178239067,34.061217367842715,4.24411746674979,36.69889122526875,26.378520233857117,0.0],
        [43.68396264456007,0.0,24.420260880571504,49.009130276856375,21.794613220009637,12.202105261137067,36.280383360870495,34.9504766451755,18.262467886554006,24.829923134334383,39.70747889006154,41.717449163238186,24.248235635855888,41.68077603449077,13.875346735390176,37.87124021250356,13.086797851610147,40.349139026250384,17.184887525276107,31.165155154014073,36.94557455178987,37.253728803272345,23.41998542485285,23.437452565103573,24.02822456276612,48.8126923754017,36.09068858799397,17.703481263347527,35.83909662193399,12.400796749304144,30.204591926917594,26.21894114343887,25.94123675980384,40.861748819994,43.04295927428928,39.370629303569935,10.89663291167319,40.96875945415449,10.233070919587925,35.55847058480879,43.68396264456007],
        [19.408295060336528,24.420260880571504,0.0,43.84062549770332,32.871404488664794,23.91894482462252,23.5825935743468,27.931648871082732,23.64285564368676,5.274974068747573,39.983362852341784,19.76001861959091,8.840721760709851,42.12908144185271,21.00405633960833,18.444114583017715,25.31103354152137,27.578519851648622,10.458596605187818,32.3451697260458,13.957749499805093,26.418634207014566,39.24690543068338,11.521837450873933,1.6589272214294735,35.4645296881025,34.62784753721018,10.215798570483168,19.743461106766656,21.337457861810066,12.97407529752955,20.807591735767833,26.543199963366074,22.562109507188033,40.78499949684936,24.81103924710185,14.69167356682886,17.209995549510616,18.80794808798392,23.57134627611996,19.408295060336528],
        [45.970457228657025,49.009130276856375,43.84062549770332,0.0,31.258590488441005,37.04488653588633,21.223092657032705,16.044355115062114,30.767136283704037,38.56748329507124,11.824235118345928,36.12675452782779,35.1197046223183,11.22115266390776,57.6487975874875,31.06136129981139,36.54661648099127,18.54535768724112,50.363253944621,18.417139675102366,38.89819473516007,17.94923610860627,37.19205718051926,32.8833426155604,45.41521739214588,16.567831489999968,13.147403053843997,50.52149508653247,26.403449134436578,56.90339040051022,31.624459529955466,24.61738664141065,23.068412317157577,28.097101890230885,7.087966783821897,22.01424009105165,48.99633491170935,41.9587184862816,39.3570202445947,20.850658636892522,45.970457228657025],
        [47.55942575126193,21.794613220009637,32.871404488664794,31.258590488441005,0.0,10.78443183513554,28.004326487314277,22.24708806223391,9.350791500087286,29.509730625052516,20.07487994091699,41.1363476230957,26.34317133654319,21.67039506574949,34.48657123455512,35.385666859286424,9.39101666869543,30.607874675370194,32.36889658408149,13.192955451954278,39.05251992595221,26.911806309700466,7.911502405532252,23.584379745977316,33.63070183013829,37.40124048221084,18.414781749181778,32.79236903756773,30.863474377400575,33.214492873476644,29.11509369347308,17.74512101600339,11.837523613856996,36.24223938680309,24.36268342513913,31.596244364871133,27.606595447807095,43.61903566709269,16.1760885604017,26.961901122734513,47.55942575126193],
        [40.92056840232155,12.202105261137067,23.91894482462252,37.04488653588633,10.78443183513554,0.0,26.89163402181536,23.911697686983555,6.381890208655521,21.685857601354506,27.505683121216972,36.31029203601018,19.34025024087182,29.481073909790876,23.854990726426486,31.2850825035181,1.488618763813174,30.555498530956147,21.81884140543221,18.993222072288404,32.88580265190569,27.105893767624863,15.544147214405276,17.211148064803794,24.36383449094569,38.640188512679124,24.00691582097626,22.266449199971547,27.901218465451645,22.645638244372197,23.91702422852142,15.97648952951588,14.056982664579618,33.331615907313285,30.90706736198281,30.337482249343314,16.83192409471694,37.38444888097655,5.600357691597948,26.00092880053692,40.92056840232155],
        [25.62882208244339,36.280383360870495,23.5825935743468,21.223092657032705,28.004326487314277,26.89163402181536,0.0,7.875730160425244,21.27381101140539,18.408041685269573,21.65877626418735,16.332443342421353,15.5503967690388,23.385507716830443,40.85780600483789,10.500266474968177,27.28254007616887,4.278767984065537,31.820931319071157,18.09923646019695,17.898179864181262,3.3323713126708454,35.89690609062655,14.27808925757433,25.228631259547928,12.828671157934934,16.627015573329754,31.849085464805423,5.333871461500503,40.50220177442691,10.731057195334428,11.010663004754475,16.210789453983086,9.107918716886685,20.286688954835817,3.6018927841572856,32.30241223567137,21.434741436373006,26.12349650148337,1.057339134893085,25.62882208244339],
        [33.21106875257788,34.9504766451755,27.931648871082732,16.044355115062114,22.24708806223391,23.911697686983555,7.875730160425244,0.0,17.622469204984217,22.679681738609645,13.911762307079394,24.152566242423593,19.140809748837754,15.75321031603327,42.101688662650155,18.214939334178254,23.884521739577995,8.755764576397963,34.37749580885764,10.68115953616774,25.125867488617402,5.278267204718844,29.907024474453493,16.840477289062186,29.475383368770608,15.236814501335925,8.760424663444986,34.52053993892475,12.911076826816274,41.47279071686685,16.353177876615163,9.008889274094313,10.690492226139046,16.94002369270481,13.222437125187867,10.83227420643176,33.39797471719251,28.97801082776398,24.812655183445983,6.957461463445569,33.21106875257788],
        [38.40712368434106,18.262467886554006,23.64285564368676,30.767136283704037,9.350791500087286,6.381890208655521,21.27381101140539,17.622469204984217,0.0,20.159224012479132,21.720560432915097,32.535558380169874,17.023793458578723,23.78422664377005,28.52253788436379,27.04498120114555,6.265083426995133,24.678652475403823,24.339476337170584,13.040238432162996,29.980923277215656,21.121817957971565,16.58344918767367,14.324361944627714,24.49156879114345,32.543682833804304,17.83604879362014,24.706701267408995,23.035980005197015,27.485145950765467,20.246862632871643,10.270427295949547,7.712641976892812,28.515056399106456,24.813774738803406,24.82156383134965,20.552512168356987,34.55342352318342,9.26316994679217,20.318296603879443,38.40712368434106],
        [19.42101450198206,24.829923134334383,5.274974068747573,38.56748329507124,29.509730625052516,21.685857601354506,18.408041685269573,22.679681738609645,20.159224012479132,0.0,34.96551579877728,17.115097562316627,3.7539250076985455,37.094006021255794,24.272791588713346,14.459757447311146,22.94307318793758,22.47816871784599,14.150499770054775,27.58564167104498,12.118429110310247,21.17806302701377,36.41729249034874,6.655205428419758,6.876770149933357,30.541855244505598,29.57098600877222,14.057766390699294,14.8846810054604,24.322474232136706,8.003058803756769,15.873085083786359,21.98776218423252,18.33388196683755,35.60361211072476,19.857807590797766,16.70422951824026,16.269131440268666,17.278538680754362,18.351474560825054,19.42101450198206],
        [47.12196373153024,39.70747889006154,39.983362852341784,11.824235118345928,20.07487994091699,27.505683121216972,21.65877626418735,13.911762307079394,21.720560432915097,34.96551579877728,0.0,37.991219602610364,31.22472366969582,2.1772956194697293,50.051454465512656,32.10551698442287,26.71939441164171,21.230514746135395,44.35742215649993,8.714162516659334,38.97893790037953,18.61383927141755,25.470093133014057,28.46159863071363,41.36863726373286,23.847655310814677,5.4451894423465435,44.61802529418509,26.81388832247938,49.09300258937581,29.77435799048075,19.185255371281755,14.705866799076059,30.500655187565634,4.764863394691588,24.1311992874622,41.72939531757076,42.88724988478542,30.919295537947054,20.813131103668614,47.12196373153024],
        [9.910119551101293,41.717449163238186,19.76001861959091,36.12675452782779,41.1363476230957,36.31029203601018,16.332443342421353,24.152566242423593,32.535558380169874,17.115097562316627,37.991219602610364,0.0,17.590426049048027,39.70126594232852,40.73770852753131,6.050367217647973,37.2523160239326,17.683805238440076,30.213896462307343,33.731675316207124,6.05618168020251,19.460200357915614,48.90358195788428,19.16292695140322,21.128363874683487,21.91633629500851,32.909845235693496,29.975639355822402,11.323435168821582,40.99351850152007,12.408574597479076,23.570708396239276,30.30435283875964,8.030404623534432,36.40417741224781,14.28765615405418,33.72884701035766,6.277189445595963,33.1151248004593,17.19862670709296,9.910119551101293],
        [21.63198232826689,24.248235635855888,8.840721760709851,35.1197046223183,26.34317133654319,19.34025024087182,15.5503967690388,19.140809748837754,17.023793458578723,3.7539250076985455,31.22472366969582,17.590426049048027,0.0,33.35765782753687,25.774682026478185,13.716426714120365,20.47695760788004,19.759712932145078,16.298062945975975,23.84244388822628,13.567058847044677,18.067935015635545,33.50487252771918,2.9560293705566023,10.344834189409221,28.092781314177177,25.839445117276583,16.309177965000174,12.820572736005689,25.611505638956,6.215734990123701,12.119162410952152,18.299775016741453,17.10090154898257,31.94436974636667,17.479971369386856,17.58084068188229,18.045151496759924,15.591689322436363,15.347853927998957,21.63198232826689],
        [48.94157381088724,41.68077603449077,42.12908144185271,11.22115266390776,21.67039506574949,29.481073909790876,23.385507716830443,15.75321031603327,23.78422664377005,37.094006021255794,2.1772956194697293,39.70126594232852,33.35765782753687,0.0,52.16893114082821,33.87087830297185,28.65204593713595,22.673855972898206,46.53202090654129,10.82728988806013,40.87279685099416,20.25802068062429,26.63642323742668,30.608387771180617,43.52187850719636,24.623787347762974,7.530776049497031,46.79358589574103,28.60416404023565,51.19804320371416,31.784959246087862,21.339876414790353,16.85877468156689,32.0994787116642,4.647365278488939,25.69616825509006,43.8717558310792,44.715603568278,33.00680541110639,22.578678190287167,48.94157381088724],
        [39.44288968384591,13.875346735390176,21.00405633960833,57.6487975874875,34.48657123455512,23.854990726426486,40.85780600483789,42.101688662650155,28.52253788436379,24.272791588713346,50.051454465512656,40.73770852753131,25.774682026478185,52.16893114082821,0.0,38.73176725766943,25.145285601046854,45.13639910383838,10.55808069026098,41.34265913872718,34.957360559369015,42.81371107072476,37.145160944072686,26.58212808751782,19.759836423262783,53.64560369380362,45.6077338883696,10.850486055867648,38.594266072478284,1.5272967564362276,31.85322705633475,33.14604266886706,35.411260502215015,42.56299908531371,52.603876627237284,43.171942054929445,8.706412626875021,37.941195001794185,19.267986038045155,40.437836366087694,39.44288968384591],
        [15.146534991873493,37.87124021250356,18.444114583017715,31.06136129981139,35.385666859286424,31.2850825035181,10.500266474968177,18.214939334178254,27.04498120114555,14.459757447311146,32.10551698442287,6.050367217647973,13.716426714120365,33.87087830297185,38.73176725766943,0.0,32.11211872578384,12.530819571967548,28.500444509145986,27.681320665128798,7.991058545315976,13.74545948107717,43.215060955571204,14.569355234596575,20.02865860032827,18.410105242733835,26.953127110428944,28.35820524191788,5.31418632839356,38.77103271958959,7.679097426029897,17.70073583704404,24.34679860756555,4.231592959803036,30.75570384927124,9.061794115393857,31.007577749022857,10.988715266193429,28.64338241927203,11.295501232674411,15.146534991873493],
        [42.09455349195567,13.086797851610147,25.31103354152137,36.54661648099127,9.39101666869543,1.488618763813174,27.28254007616887,23.884521739577995,6.265083426995133,22.94307318793758,26.71939441164171,37.2523160239326,20.47695760788004,28.65204593713595,25.145285601046854,32.11211872578384,0.0,30.830600192554126,23.303073298172258,18.328805055839887,33.98355108884606,27.31800864079484,14.076182121855854,18.239633790602696,25.78688102603733,38.78620292660609,23.443431174262283,23.75189798486497,28.55464692661491,23.90659345354226,24.84448941897849,16.293467060751883,13.726400646891344,34.01162934029146,30.268634485320767,30.77623107291801,18.267220852938976,38.50332059065717,7.088972556355315,26.362333581500426,42.09455349195567],
        [27.45701049470638,40.349139026250384,27.578519851648622,18.54535768724112,30.607874675370194,30.555498530956147,4.278767984065537,8.755764576397963,24.678652475403823,22.47816871784599,21.230514746135395,17.683805238440076,19.759712932145078,22.673855972898206,45.13639910383838,12.530819571967548,30.830600192554126,0.0,36.050850864502145,19.428441759755334,20.440281223368093,3.6962574327870694,38.4008050900545,18.555883115602775,29.233718584011704,8.57145630703855,16.794427596415314,36.068637419176206,8.257675101883983,44.779558004514875,14.617363383580859,14.579896825258826,18.79492962951722,9.711565224740863,18.96036238182591,3.4707731345199626,36.578873613220935,23.41652010173805,30.14858670084472,4.816291601670039,27.45701049470638],
        [29.107540852125744,17.184887525276107,10.458596605187818,50.363253944621,32.36889658408149,21.81884140543221,31.820931319071157,34.37749580885764,24.339476337170584,14.150499770054775,44.35742215649993,30.213896462307343,16.298062945975975,46.53202090654129,10.55808069026098,28.500444509145986,23.303073298172258,36.050850864502145,0.0,35.90575216761414,24.402773957238782,34.17084205302264,37.10624880547234,17.782940091538773,9.206008774489158,44.38000380664771,39.38741633240202,0.5193217630590173,28.907399046467955,10.991768990227214,22.03711541548072,25.859570666801947,29.783022371635198,32.46442188209181,46.150939548770815,33.734552382949225,6.292555242314903,27.422783043873928,16.24374250560268,31.55659453817896,29.107540852125744],
        [42.002421955057805,31.165155154014073,32.3451697260458,18.417139675102366,13.192955451954278,18.993222072288404,18.09923646019695,10.68115953616774,13.040238432162996,27.58564167104498,8.714162516659334,33.731675316207124,23.84244388822628,10.82728988806013,41.34265913872718,27.681320665128798,18.328805055839887,19.428441759755334,35.90575216761414,0.0,33.50661230230591,15.931772082358725,20.143772104792525,20.938567775099106,33.619997132487605,24.974981115764642,5.303302834577124,36.190297553301896,22.45985787125755,40.37917145222139,23.6387977411529,11.801987433994693,6.1227843313885595,27.166379145359652,11.940529432228884,21.37481889392102,33.05771343025352,37.77965782591833,22.209285633367,17.070071717760236,42.002421955057805],
        [8.597198011926434,36.94557455178987,13.957749499805093,38.89819473516007,39.05251992595221,32.88580265190569,17.898179864181262,25.125867488617402,29.980923277215656,12.118429110310247,38.97893790037953,6.05618168020251,13.567058847044677,40.87279685099416,34.957360559369015,7.991058545315976,33.98355108884606,20.440281223368093,24.402773957238782,33.50661230230591,0.0,21.228067773509064,46.5617613864197,15.796034651523913,15.235425637275672,26.253190282458593,33.642169129793515,24.136694382759828,12.575518490603116,35.28916107415384,10.09728019309828,22.291719859527355,29.180050039677358,11.84518178237308,38.10968034512791,16.98962652635723,28.305161367242786,4.572745401894536,29.05796971236085,18.513953238823948,8.597198011926434],
        [28.891375043080085,37.253728803272345,26.418634207014566,17.94923610860627,26.911806309700466,27.105893767624863,3.3323713126708454,5.278267204718844,21.121817957971565,21.17806302701377,18.61383927141755,19.460200357915614,18.067935015635545,20.25802068062429,42.81371107072476,13.74545948107717,27.31800864079484,3.6962574327870694,34.17084205302264,15.931772082358725,21.228067773509064,0.0,34.7095144948128,16.414644473375912,28.046691353567926,11.595464408096829,13.787099925894674,34.23574177297836,8.656717291545494,42.36142616518344,13.776712087897268,11.184768141188425,15.099816672353237,11.894214873840765,17.010246309715825,5.607266425077025,34.16304558436388,24.71506035642995,27.022648132484342,2.916264626736572,28.891375043080085],
        [54.98597762471217,23.41998542485285,39.24690543068338,37.19205718051926,7.911502405532252,15.544147214405276,35.89690609062655,29.907024474453493,16.58344918767367,36.41729249034874,25.470093133014057,48.90358195788428,33.50487252771918,26.63642323742668,37.145160944072686,43.215060955571204,14.076182121855854,38.4008050900545,37.10624880547234,20.143772104792525,46.5617613864197,34.7095144948128,0.0,30.8838337848865,39.80392688198429,44.917311137340505,25.04400909283305,37.57700596148018,38.75728145284079,35.72294191963042,36.75199454957953,25.628585789408938,19.699956331660385,44.14754809184672,30.115853030387296,39.48362099197602,31.60198364045057,51.134484925407925,21.094417756707067,34.851429452732354,54.98597762471217],
        [24.11224464951934,23.437452565103573,11.521837450873933,32.8833426155604,23.584379745977316,17.211148064803794,14.27808925757433,16.840477289062186,14.324361944627714,6.655205428419758,28.46159863071363,19.16292695140322,2.9560293705566023,30.608387771180617,26.58212808751782,14.569355234596575,18.239633790602696,18.555883115602775,17.782940091538773,20.938567775099106,15.796034651523913,16.414644473375912,30.8838337848865,0.0,12.927569018847695,27.06856131815165,23.113500198552416,17.87086809871693,12.551852484309098,26.25315069332208,6.915992919841174,9.289891472098036,15.348425042034684,17.42680540746197,29.37724384922796,16.704811330952584,18.069200233093,20.35005765635619,14.084972381488523,13.894962434388868,24.11224464951934],
        [20.164017346315315,24.02822456276612,1.6589272214294735,45.41521739214588,33.63070183013829,24.36383449094569,25.228631259547928,29.475383368770608,24.49156879114345,6.876770149933357,41.36863726373286,21.128363874683487,10.344834189409221,43.52187850719636,19.759836423262783,20.02865860032827,25.78688102603733,29.233718584011704,9.206008774489158,33.619997132487605,15.235425637275672,28.046691353567926,39.80392688198429,12.927569018847695,0.0,37.12228839508352,36.037807204427644,8.914518745913044,21.400988419330506,20.175433755165134,14.632019574164609,22.183382911071856,27.750018857608282,24.16667403742454,42.26522774135075,26.46987150869772,13.924393085265827,18.24206572837097,19.094388085677387,25.206890059663912,20.164017346315315],
        [31.724248783828582,48.8126923754017,35.4645296881025,16.567831489999968,37.40124048221084,38.640188512679124,12.828671157934934,15.236814501335925,32.543682833804304,30.541855244505598,23.847655310814677,21.91633629500851,28.092781314177177,24.623787347762974,53.64560369380362,18.410105242733835,38.78620292660609,8.57145630703855,44.38000380664771,24.974981115764642,26.253190282458593,11.595464408096829,44.917311137340505,27.06856131815165,37.12228839508352,0.0,20.924970011352244,44.370818449736774,15.721494303939014,53.31613668725725,22.547838006160195,22.774097859731494,25.924251635533665,14.411824310917204,20.12099507216947,10.684338604009813,45.12091152477883,28.166150636290578,38.589143190367764,13.37837198958962,31.724248783828582],
        [41.86751488585527,36.09068858799397,34.62784753721018,13.147403053843997,18.414781749181778,24.00691582097626,16.627015573329754,8.760424663444986,17.83604879362014,29.57098600877222,5.4451894423465435,32.909845235693496,25.839445117276583,7.530776049497031,45.6077338883696,26.953127110428944,23.443431174262283,16.794427596415314,39.38741633240202,5.303302834577124,33.642169129793515,13.787099925894674,25.04400909283305,23.113500198552416,36.037807204427644,20.924970011352244,0.0,39.624122143770656,21.640898236380604,44.7319525174883,24.34263186267505,13.87859567145467,10.28183921945981,25.641032887051345,7.023120082492915,19.389974627117198,37.12735811689832,37.62571800370834,26.757973474373603,15.71784800365892,41.86751488585527],
        [28.73077683811309,17.703481263347527,10.215798570483168,50.52149508653247,32.79236903756773,22.266449199971547,31.849085464805423,34.52053993892475,24.706701267408995,14.057766390699294,44.61802529418509,29.975639355822402,16.309177965000174,46.79358589574103,10.850486055867648,28.35820524191788,23.75189798486497,36.068637419176206,0.5193217630590173,36.190297553301896,24.136694382759828,34.23574177297836,37.57700596148018,17.87086809871693,8.914518745913044,44.370818449736774,39.624122143770656,0.0,28.859480322468997,11.338621336459065,21.980700660144986,26.051972134211002,30.06844422212803,32.34616684541069,46.36655419698522,33.71410455712216,6.811735230914205,27.099277687964626,16.684401551853625,31.601509966421876,28.73077683811309],
        [20.344558480120785,35.83909662193399,19.743461106766656,26.403449134436578,30.863474377400575,27.901218465451645,5.333871461500503,12.911076826816274,23.035980005197015,14.8846810054604,26.81388832247938,11.323435168821582,12.820572736005689,28.60416404023565,38.594266072478284,5.31418632839356,28.55464692661491,8.257675101883983,28.907399046467955,22.45985787125755,12.575518490603116,8.656717291545494,38.75728145284079,12.551852484309098,21.400988419330506,15.721494303939014,21.640898236380604,28.859480322468997,0.0,38.42384025765426,6.887381341489783,13.13275207690286,19.47866622212417,5.479667024970604,25.609786126487165,5.115985121688992,30.345188047311904,16.132049228402646,26.05117943633436,6.034391493150287,20.344558480120785],
        [40.05619410055252,12.400796749304144,21.337457861810066,56.90339040051022,33.214492873476644,22.645638244372197,40.50220177442691,41.47279071686685,27.485145950765467,24.322474232136706,49.09300258937581,40.99351850152007,25.611505638956,51.19804320371416,1.5272967564362276,38.77103271958959,23.90659345354226,44.779558004514875,10.991768990227214,40.37917145222139,35.28916107415384,42.36142616518344,35.72294191963042,26.25315069332208,20.175433755165134,53.31613668725725,44.7319525174883,11.338621336459065,38.42384025765426,0.0,31.750543041778307,32.48683838251879,34.49922962895292,42.5319874989329,51.741663784109086,42.91352813222628,8.204807292395003,38.41001461526084,18.222122859183354,40.04700092587998,40.05619410055252],
        [18.694376917968277,30.204591926917594,12.97407529752955,31.624459529955466,29.11509369347308,23.91702422852142,10.731057195334428,16.353177876615163,20.246862632871643,8.003058803756769,29.77435799048075,12.408574597479076,6.215734990123701,31.784959246087862,31.85322705633475,7.679097426029897,24.84448941897849,14.617363383580859,22.03711541548072,23.6387977411529,10.09728019309828,13.776712087897268,36.75199454957953,6.915992919841174,14.632019574164609,22.547838006160195,24.34263186267505,21.980700660144986,6.887381341489783,31.750543041778307,0.0,12.212506208154204,19.09524464067141,10.885920285057772,29.57505407171329,11.867741863726797,23.775430758527992,14.601533847774604,21.000841732873315,10.86556433298749,18.694376917968277],
        [30.884518420702868,26.21894114343887,20.807591735767833,24.61738664141065,17.74512101600339,15.97648952951588,11.010663004754475,9.008889274094313,10.270427295949547,15.873085083786359,19.185255371281755,23.570708396239276,12.119162410952152,21.339876414790353,33.14604266886706,17.70073583704404,16.293467060751883,14.579896825258826,25.859570666801947,11.801987433994693,22.291719859527355,11.184768141188425,25.628585789408938,9.289891472098036,22.183382911071856,22.774097859731494,13.87859567145467,26.051972134211002,13.13275207690286,32.48683838251879,12.212506208154204,0.0,6.889107262504259,18.554630128053716,20.373202608841634,14.551136535838912,24.45342935202989,26.74338103165795,16.000399140603488,10.072622464069115,30.884518420702868],
        [37.77349910617983,25.94123675980384,26.543199963366074,23.068412317157577,11.837523613856996,14.056982664579618,16.210789453983086,10.690492226139046,7.712641976892812,21.98776218423252,14.705866799076059,30.30435283875964,18.299775016741453,16.85877468156689,35.411260502215015,24.34679860756555,13.726400646891344,18.79492962951722,29.783022371635198,6.1227843313885595,29.180050039677358,15.099816672353237,19.699956331660385,15.348425042034684,27.750018857608282,25.924251635533665,10.28183921945981,30.06844422212803,19.47866622212417,34.49922962895292,19.09524464067141,6.889107262504259,0.0,24.71112966674637,17.304177335815417,19.78895813821721,27.0297926801638,33.6306889505045,16.476139832723902,15.161196194016746,37.77349910617983],
        [17.909299086607717,40.861748819994,22.562109507188033,28.097101890230885,36.24223938680309,33.331615907313285,9.107918716886685,16.94002369270481,28.515056399106456,18.33388196683755,30.500655187565634,8.030404623534432,17.10090154898257,32.0994787116642,42.56299908531371,4.231592959803036,34.01162934029146,9.711565224740863,32.46442188209181,27.166379145359652,11.84518178237308,11.894214873840765,44.14754809184672,17.42680540746197,24.16667403742454,14.411824310917204,25.641032887051345,32.34616684541069,5.479667024970604,42.5319874989329,10.885920285057772,18.554630128053716,24.71112966674637,0.0,28.594309395750305,6.4198317974892545,34.63081888656131,14.029834069998518,31.26580731905767,10.11068641558581,17.909299086607717],
        [45.90131307903912,43.04295927428928,40.78499949684936,7.087966783821897,24.36268342513913,30.90706736198281,20.286688954835817,13.222437125187867,24.813774738803406,35.60361211072476,4.764863394691588,36.40417741224781,31.94436974636667,4.647365278488939,52.603876627237284,30.75570384927124,30.268634485320767,18.96036238182591,46.150939548770815,11.940529432228884,38.10968034512791,17.010246309715825,30.115853030387296,29.37724384922796,42.26522774135075,20.12099507216947,7.023120082492915,46.36655419698522,25.609786126487165,51.741663784109086,29.57505407171329,20.373202608841634,17.304177335815417,28.594309395750305,0.0,22.180013673299797,44.09092562803515,41.7188263543776,33.77996120284295,19.602645047369165,45.90131307903912],
        [24.011074178239067,39.370629303569935,24.81103924710185,22.01424009105165,31.596244364871133,30.337482249343314,3.6018927841572856,10.83227420643176,24.82156383134965,19.857807590797766,24.1311992874622,14.28765615405418,17.479971369386856,25.69616825509006,43.171942054929445,9.061794115393857,30.77623107291801,3.4707731345199626,33.734552382949225,21.37481889392102,16.98962652635723,5.607266425077025,39.48362099197602,16.704811330952584,26.46987150869772,10.684338604009813,19.389974627117198,33.71410455712216,5.115985121688992,42.91352813222628,11.867741863726797,14.551136535838912,19.78895813821721,6.4198317974892545,22.180013673299797,0.0,34.754840284262755,19.953243642372595,29.29754636186172,4.634948072344876,24.011074178239067],
        [34.061217367842715,10.89663291167319,14.69167356682886,48.99633491170935,27.606595447807095,16.83192409471694,32.30241223567137,33.39797471719251,20.552512168356987,16.70422951824026,41.72939531757076,33.72884701035766,17.58084068188229,43.8717558310792,8.706412626875021,31.007577749022857,18.267220852938976,36.578873613220935,6.292555242314903,33.05771343025352,28.305161367242786,34.16304558436388,31.60198364045057,18.069200233093,13.924393085265827,45.12091152477883,37.12735811689832,6.811735230914205,30.345188047311904,8.204807292395003,23.775430758527992,24.45342935202989,27.0297926801638,34.63081888656131,44.09092562803515,34.754840284262755,0.0,31.85989060948268,11.559518274640098,31.842486673301316,34.061217367842715],
        [4.24411746674979,40.96875945415449,17.209995549510616,41.9587184862816,43.61903566709269,37.38444888097655,21.434741436373006,28.97801082776398,34.55342352318342,16.269131440268666,42.88724988478542,6.277189445595963,18.045151496759924,44.715603568278,37.941195001794185,10.988715266193429,38.50332059065717,23.41652010173805,27.422783043873928,37.77965782591833,4.572745401894536,24.71506035642995,51.134484925407925,20.35005765635619,18.24206572837097,28.166150636290578,37.62571800370834,27.099277687964626,16.132049228402646,38.41001461526084,14.601533847774604,26.74338103165795,33.6306889505045,14.029834069998518,41.7188263543776,19.953243642372595,31.85989060948268,0.0,33.423655740049355,22.165949969405535,4.24411746674979],
        [36.69889122526875,10.233070919587925,18.80794808798392,39.3570202445947,16.1760885604017,5.600357691597948,26.12349650148337,24.812655183445983,9.26316994679217,17.278538680754362,30.919295537947054,33.1151248004593,15.591689322436363,33.00680541110639,19.267986038045155,28.64338241927203,7.088972556355315,30.14858670084472,16.24374250560268,22.209285633367,29.05796971236085,27.022648132484342,21.094417756707067,14.084972381488523,19.094388085677387,38.589143190367764,26.757973474373603,16.684401551853625,26.05117943633436,18.222122859183354,21.000841732873315,16.000399140603488,16.476139832723902,31.26580731905767,33.77996120284295,29.29754636186172,11.559518274640098,33.423655740049355,0.0,25.37363797254214,36.69889122526875],
        [26.378520233857117,35.55847058480879,23.57134627611996,20.850658636892522,26.961901122734513,26.00092880053692,1.057339134893085,6.957461463445569,20.318296603879443,18.351474560825054,20.813131103668614,17.19862670709296,15.347853927998957,22.578678190287167,40.437836366087694,11.295501232674411,26.362333581500426,4.816291601670039,31.55659453817896,17.070071717760236,18.513953238823948,2.916264626736572,34.851429452732354,13.894962434388868,25.206890059663912,13.37837198958962,15.71784800365892,31.601509966421876,6.034391493150287,40.04700092587998,10.86556433298749,10.072622464069115,15.161196194016746,10.11068641558581,19.602645047369165,4.634948072344876,31.842486673301316,22.165949969405535,25.37363797254214,0.0,26.378520233857117],
        [0.0,43.68396264456007,19.408295060336528,45.970457228657025,47.55942575126193,40.92056840232155,25.62882208244339,33.21106875257788,38.40712368434106,19.42101450198206,47.12196373153024,9.910119551101293,21.63198232826689,48.94157381088724,39.44288968384591,15.146534991873493,42.09455349195567,27.45701049470638,29.107540852125744,42.002421955057805,8.597198011926434,28.891375043080085,54.98597762471217,24.11224464951934,20.164017346315315,31.724248783828582,41.86751488585527,28.73077683811309,20.344558480120785,40.05619410055252,18.694376917968277,30.884518420702868,37.77349910617983,17.909299086607717,45.90131307903912,24.011074178239067,34.061217367842715,4.24411746674979,36.69889122526875,26.378520233857117,0.0]
    ],
    "end_depot": 40,
    "start_depot": 0,
    "truck_dist": [
        [0.0,57.79499215947915,24.68831391842187,46.39332676537412,66.82321048197142,57.689805785437244,29.53937565707634,40.1621554774222,54.18633777122125,27.023257454413205,57.11983667767453,10.954532957895436,30.577027030204935,58.41954517374514,43.3489717831728,17.06227726109528,59.434095275604,28.037417060508528,33.573779064513246,55.10902360543675,11.794396233624683,32.69903194259369,77.61925569379564,34.07407805257307,24.648591234879753,38.14906899719303,51.705096336810236,32.84611524179975,23.96681082263277,45.25011040177821,25.66933733321569,42.066251057284006,51.46692271683955,18.930167869249715,52.059998031112656,24.894654849115348,42.417484304699684,5.330449966002936,51.11618749128869,31.010778864696398,0.0],
        [57.79499215947915,0.0,33.10667824105729,68.21799322212398,29.470351282959843,17.25606216477136,42.82700748000727,46.17526075718276,25.57367944041177,30.771734705065953,56.15079629608786,49.053187614156556,27.217965129274223,58.94220996202239,14.446020376306354,40.732714898383875,18.434801246352663,48.68873344572116,24.221213094965908,43.992264825469434,46.00059592585447,46.323572835955005,26.532810064571176,23.72091410690609,33.146400924599405,59.97373545394287,50.67532707718969,24.94887691767941,37.74302373676596,12.544881757700946,32.12565482626347,33.577856582967584,36.13656135253501,40.968384302006456,60.60117596650953,44.91837829199227,15.37750785477947,52.46454219347622,12.838420817794898,42.56072812865172,57.79499215947915],
        [24.68831391842187,33.10667824105729,0.0,58.38711641517303,42.134896563549546,33.001491867015375,32.99613067305633,36.34438395023182,29.498023852799374,7.085107023584818,46.31991948913692,22.94832260769435,11.029042587083051,49.11133315507144,23.1110495973158,24.944223587918795,34.74578135718213,38.85785663877023,11.824254523549786,34.161388018518494,14.946050613332373,36.492696029004065,52.93094177537377,13.319643692937259,2.3457410684923516,50.14285864699194,40.84445027023876,11.923730894047633,27.91214692981502,22.085894624988025,18.321868155610094,23.746979776016648,26.77860879841768,30.923957519048628,50.77029915955859,35.08750148504132,17.72917038627782,19.35786395241893,26.427873572866822,32.729851321700785,24.68831391842187],
        [46.39332676537412,68.21799322212398,58.38711641517303,0.0,38.747641939164126,50.961931057352615,25.390985742116705,22.04273246494121,42.6443137817122,51.302009391588214,12.067196926036111,36.80185700340218,47.358073828089985,12.875883625020368,81.49816601248884,33.44289282725424,49.78319197577131,19.529259776402807,70.21137093872282,24.22572839665454,43.44106580184066,21.894420386168967,41.6851831575528,45.06747272223578,60.732857483665384,21.932129272231062,17.542666144934277,70.31084730922066,30.474969485358013,80.47301104016105,40.065248259562935,34.64013663915638,32.08143186958896,28.717053691252083,7.616817255614439,23.29961493013171,69.22072439233582,43.634455745721226,55.379572404329075,25.657265093472247,46.39332676537412],
        [66.82321048197142,29.470351282959843,42.134896563549546,38.747641939164126,0.0,12.214289118188482,37.28383482489507,26.66105500454921,12.636872710750168,39.7999530275582,26.68044501312802,58.081405936648814,36.24618345176648,29.471858679062542,42.750524073324705,49.76093322087613,11.03555003660718,38.785793421462884,33.24943141745816,14.521913542509589,55.02881424834673,34.12417853937772,10.796045211824229,32.749132429398344,42.174619247091655,43.211678205477696,21.204975794229853,33.977095240171664,42.85639965933864,41.72536910099693,41.15387314875572,24.75695942468741,15.356287765131865,49.99660262449871,31.13082468354969,41.92855563285607,30.473082453171692,61.49276051596848,16.631930465164945,35.81243161727501,66.82321048197142],
        [57.689805785437244,17.25606216477136,33.001491867015375,50.961931057352615,12.214289118188482,0.0,28.150430128360906,28.9191985924114,8.317617275640409,30.666548331024043,38.8947341313165,48.94800124011465,27.112778755232313,41.686147797251024,30.536234955136223,40.62752852434197,1.7442894901667536,31.432671280949805,24.116026720923998,26.73620266069807,45.89540955181256,29.067510671183644,19.929449908358393,23.61572773286418,33.0412145505575,42.717673289171515,33.419264912418335,24.8436905436375,33.72299496280448,29.511079982808447,32.02046845222156,16.321794418196227,18.880499187763647,40.86319792796455,43.34511380173817,32.7951509363219,18.25879333498321,52.35935581943431,6.573618294148556,26.67902692074085,57.689805785437244],
        [29.53937565707634,42.82700748000727,32.99613067305633,25.390985742116705,37.28383482489507,28.150430128360906,0.0,10.62277982034586,24.646962114144902,25.91102364947151,27.580461020598193,20.797571111753747,21.967088085973273,28.8801695166688,56.107180270372126,12.477098395981065,29.89471961852766,5.8617259657139,44.82038519660611,25.56964794836041,18.050080059723953,3.496565355947739,48.0798800367193,19.676486980119066,35.34187174154868,17.14672797393561,22.165720679733887,44.919861567103965,5.572564834443574,55.08202529804436,14.674262517446232,12.52687540020766,21.927547059763203,12.712767799603647,22.520622374036307,4.644720807960997,43.82973865021911,24.208925691073407,29.98858666221237,1.471403207620055,29.53937565707634],
        [40.1621554774222,46.17526075718276,36.34438395023182,22.04273246494121,26.66105500454921,28.9191985924114,10.62277982034586,0.0,20.601581316770993,29.259276926647004,16.95768120025233,31.42035093209961,25.31534136314877,18.25738969632294,59.45543354754763,23.099878216326925,27.7404595108301,12.124738416913676,48.16863847378161,14.946868128014549,28.367759243797522,7.463123534828512,37.45710021637343,23.024740257294564,38.690125018724174,16.550623200928488,11.542940859388029,48.26811484427945,16.195344654789434,58.430278575219845,18.02251579462173,12.597404174215175,11.304767239417343,23.33554761994951,14.42591520932677,15.267500628306857,47.177991927394615,34.831705511419266,33.336839939387865,9.151376612725805,40.1621554774222],
        [54.18633777122125,25.57367944041177,29.498023852799374,42.6443137817122,12.636872710750168,8.317617275640409,24.646962114144902,20.601581316770993,0.0,27.16308031680804,30.577116855676092,45.444533225898645,23.60931074101631,33.368530521610616,38.85385223077663,37.124060510125965,7.138878194059107,26.148920710712716,27.567057157010616,18.41858538505766,42.39194153759656,21.48730582862755,23.432917922574397,20.112259718648176,29.53774653634149,34.4000560135311,25.101647636777926,27.666533527508463,30.219526948588474,37.828697258448855,28.517000438005553,12.12008671393724,10.56288191212324,37.359729913748545,35.027496526097764,29.2916829221059,26.57641061062362,48.85588780521831,12.735258622616872,23.175558906524845,54.18633777122125],
        [27.023257454413205,30.771734705065953,7.085107023584818,51.302009391588214,39.7999530275582,30.666548331024043,25.91102364947151,29.259276926647004,27.16308031680804,0.0,39.234812465552096,18.28145290909061,3.9439355634982327,42.026226131486624,30.19615662090062,17.859116564333977,32.410837821190796,31.772749615185408,18.909361547134605,28.085766151023545,15.228861220788522,29.407589005419247,50.59599823938244,7.050820598159863,9.43084809207717,43.057751623407114,33.75934324665394,19.00883791763245,20.8270399062302,29.171001648572844,11.236761132025276,16.66187275243183,24.443665262426343,23.83885049546381,43.68519213597378,28.002394461456504,17.918715000747607,21.692807488410267,24.092930036875487,25.644744298115967,27.023257454413205],
        [57.11983667767453,56.15079629608786,46.31991948913692,12.067196926036111,26.68044501312802,38.8947341313165,27.580461020598193,16.95768120025233,30.577116855676092,39.234812465552096,0.0,48.37803213235193,35.29087690205387,2.7914136659345234,69.43096908645272,40.05755941657925,37.7159950497352,29.082419617166007,58.144174012686705,12.158531470618428,45.325440444049846,24.420804735080843,29.617986231516685,33.00027579619966,48.665660557629266,33.50830440118082,5.475469218898165,58.24365038318455,33.15302585504176,68.40581411412495,31.450499344458844,22.572939713120274,20.01423494355285,40.29322882020184,5.059838646561881,32.22518182855919,57.15352746629971,51.7893867116716,43.312375478292964,26.109057812978136,57.11983667767453],
        [10.954532957895436,49.053187614156556,22.94832260769435,36.80185700340218,58.081405936648814,48.94800124011465,20.797571111753747,31.42035093209961,45.444533225898645,18.28145290909061,48.37803213235193,0.0,21.835222484882337,49.67774062842255,46.05937220501015,8.320472715772683,50.6922907302814,19.29561251518593,34.772577131244134,46.36721906011415,8.002271994361976,23.957227397271097,68.87745114847304,25.332273507250473,25.294063676186703,27.19453603929759,42.963291791487634,34.87205350174198,15.225006277310174,45.03421723268237,16.927532787893092,33.324446511961405,42.725118171516954,8.0848033121501,43.318193485790054,16.15285030379275,33.781930584857136,8.19566193824254,42.37438294596609,22.268974319373804,10.954532957895436],
