{
    "drone_dist": [
        [0.0,3639.5941677026462,1145.2073123894831,3131.2708160965913,1501.963376871978,1584.6647445234344,3361.2214697504305,2989.177042405315,3941.9142177818626,3805.497801643987,4322.697219049892,1048.225740525352,2038.142886458391,4916.121484073071,3395.336045657635,4422.1188618633005,2219.6037769366694,2262.0670051237016,1170.2489127364558,1970.6241845514717,2322.1282020587023,2416.4291236943795,2418.334814661721,880.3815118157183,982.6204444388798,4673.618954616109,4651.670194045152,1260.0534205078152,3191.193198510592,1365.957455692939,2531.6286445020974,1015.1510719789677,1949.6652265764947,4156.68302994792,4077.4157388843128,3103.5825369904965,2232.3713831724285,2685.5080825174446,4850.728692718313,490.93432905052754,2510.2219689315225,618.98368041484,2168.153463831822,3599.11404403548,3368.1320938246877,3712.579385319412,2761.604164046112,409.5577691726195,5297.172015582756,3722.004983720143,3820.294980835902,1832.1324555856906,2624.202969553889,2805.122761447428,402.43386949182747,2472.356001562371,3680.610505561437,4010.070240252787,3388.5113062938776,218.92461775267031,1161.567279025939,897.9022213627445,842.3841604269525,3990.5489626381823,3309.2076659297663,3023.2516266321813,1257.001201468168,4685.475695615785,2625.9358507252923,3787.4099415387864,0.0],
        [3639.5941677026462,0.0,4231.997390435571,5334.197170415397,4022.2759102145715,2656.3795084952953,460.6141793845988,742.424725505483,2863.230210454345,2267.0103298012014,3275.728015960089,2884.8550763799226,2810.0195967848395,3227.883736302356,1525.1599408208676,3806.2648776938718,4279.97933773276,4395.419685442903,2469.3792395095975,1796.1127129606168,1472.4660143382316,3697.540827447166,2669.932856590914,4099.678778013408,4539.478468370853,3140.074925554034,3639.4302692913648,4477.743529094104,889.3374136814058,4700.323499860977,1477.32173108551,3053.048920020734,3968.142163757814,3812.879223684451,2153.9494538466492,3396.1831499783516,2978.833519170657,1005.4255601697022,2760.0323782426103,3627.737233256709,1153.3050662483183,3423.7597197187874,4480.469389180008,4481.959335292199,3649.3797976271894,2550.5055619591567,3810.3217396892355,3995.401716889069,3469.256481140278,2958.4507830796288,4848.484154129559,4917.172031440699,1232.6302825927467,2449.792778917696,3305.9432307672523,4176.654190772895,5431.265316245843,1050.7747125748376,485.4037458749481,3794.4531444285317,4770.789655523702,4174.879343869198,3284.4509797772944,2182.722314516625,873.2756619157726,2444.9597027722425,4706.294851771115,2714.7326745774853,3175.251779113724,2601.292077733368,3639.5941677026462],
        [1145.2073123894831,4231.997390435571,0.0,4100.307504429615,2574.0317447154894,2665.5416693342386,3866.394797107924,3507.6781361215094,5021.266597195382,4823.930425676385,5420.131229073352,1350.0655450964925,3154.3469078177595,5971.826735078532,3563.8649727803777,5550.680018811181,3297.63873308106,3323.151946309486,1942.687407680726,2436.6979722124397,3143.5608208106464,3557.6828781722697,3520.4122981124488,1843.0644802114339,738.1283957963918,5737.685858156308,5761.099151159866,2100.7236155998635,3586.189904679312,2081.869458550415,3408.523894066257,1178.956070318876,3057.5876903926846,5292.7314040067795,5062.752007438116,4243.513549750756,3362.4847634213897,3399.177074475837,5853.792915858606,1618.3752847043254,3083.9363321250594,871.7646298681015,3201.361422713889,4730.529790897365,4511.589374272775,4770.340542515945,3903.3761837392435,1265.8143582483708,6348.695466764384,4819.674068209945,4936.413031008713,2621.4700434845718,3052.263523248781,3879.151056477086,1156.5552441641626,3580.7412279517057,4711.205338551955,4807.201194502094,3879.8170879693726,942.6367086398784,1503.701425497922,1817.3572139989087,1983.536840457409,4986.1308766514885,4102.751585091856,4092.9554653936407,620.085632897091,5697.904817053505,3763.280452466218,4847.215763366963,1145.2073123894831],
        [3131.2708160965913,5334.197170415397,4100.307504429615,0.0,1673.996346935256,2785.8661440818064,5311.015575441244,5012.143493353399,3582.6353409173535,3935.9347079895274,3657.9790314419884,4005.8816069280006,2524.9546042783118,4454.593203951619,5878.112458169423,3311.903574015353,1094.614556681499,993.6843016862349,3587.0017004609713,4412.699920634569,3921.7808739768475,1661.2767739676374,2702.2461182965603,2277.7376183831884,3484.9520392300487,4209.117723149455,3753.3254522420584,2005.7277917763377,5380.749436583182,2080.6511239105866,3857.8635050151856,4053.0399736816603,1435.0967250922074,2978.440202037355,4302.653126515868,2328.3776541353373,2364.6842514080618,4396.231269968039,4757.740755582032,2671.7478934379983,4582.673516093182,3740.153837594261,1000.5494157190277,1646.7302862146805,2291.366338337223,3616.5492339561933,1669.3478300987401,2856.640315108527,4780.602999041207,3276.761520716614,1524.4695910944229,1562.9439829175124,4906.512576267648,3046.2648386358974,3431.6777110185494,1162.381783999272,722.0593058626835,5041.134541896212,5358.6950718894495,3254.0629187192444,2766.2365366934505,2290.231239908434,2602.4486831460745,4188.214427710563,4569.081532860866,3167.6215509083568,3804.9427769432077,4577.609792693295,2273.072638511693,3646.2221946979757,3131.2708160965913],
        [1501.963376871978,4022.2759102145715,2574.0317447154894,1673.996346935256,0.0,1367.535693446747,3902.641969541014,3565.722528152522,3176.0698247203586,3272.6586779730987,3450.562316348535,2331.9120301498124,1400.1448938378262,4175.832521416156,4314.580963068561,3372.7109681063075,724.113202577869,760.1356652915689,1954.6754382912159,2819.06769278362,2550.256085163237,1157.5979911836082,1758.3846977999028,763.376989650142,2092.395576717154,3916.940083938164,3703.954739392619,776.4878542444425,3893.5640894240787,1013.485549715148,2588.3159165636293,2381.2730181217685,519.1429995095752,3059.5745745159115,3617.7605926195106,2032.4645531112499,1416.3378124543444,3024.6310610770342,4281.088117914848,1019.5760545281983,3098.968482814926,2090.215776595579,679.1897031331033,2207.3799189202264,2218.204132466947,3053.200647263143,1479.637424232548,1312.1219770029888,4552.433137899439,2892.4985954609588,2376.374740824237,947.819836813277,3374.178580265175,2203.4688096042173,1767.4118596847393,1023.1425331287885,2180.60097756433,3998.5114701234647,3944.95715290762,1658.09758651148,1578.4147719955638,819.1337172944528,940.2668184536034,3509.383536907218,3392.577095792583,2403.049759641167,2430.81948830082,4098.692550785019,1647.3433056657755,3112.9468963109834,1501.963376871978],
        [1584.6647445234344,2656.3795084952953,2665.5416693342386,2785.8661440818064,1367.535693446747,0.0,2559.3002320639225,2239.637019291907,2361.1787243887643,2234.0550159972368,2754.5950561673776,1723.55962301269,536.1592736907016,3331.4567418756465,3101.8604014970183,2912.881800249093,1693.3740981235774,1801.014827450834,1033.2532210784007,1684.1106930686492,1186.563911267028,1337.3903709418344,859.6542527874061,1597.3556243479925,2548.118764230302,3089.3965573176642,3098.0727160447123,1911.9288651936104,2597.2905961384536,2155.4217452008793,1227.938229633178,1865.6226602703753,1358.4856207789742,2682.517071852906,2526.2951887142817,1683.2267596923002,790.0162739420329,1664.2062493563608,3282.103210728065,1275.7654058264663,1797.915990809061,1853.2343649263462,1854.9380054288329,2485.084274322991,1982.418794561596,2128.000142860052,1612.2678115393496,1753.2988604704283,3712.56748319449,2154.167555160128,2798.4231768236355,2284.4242911344354,2123.8651876025306,1221.2849086886408,1518.1396329797199,1697.0781467414931,3054.149239112369,2681.906992521513,2604.0719392362766,1802.8117436576233,2431.807616202957,1681.3446065356386,824.3513430088925,2432.5796544883947,2042.6096709137018,1438.8763333660156,2839.7932647958046,3112.698434575614,1207.0607289404427,2202.7483670059423,1584.6647445234344],
        [3361.2214697504305,460.6141793845988,3866.394797107924,5311.015575441244,3902.641969541014,2559.3002320639225,0.0,372.2209136283574,3140.4763369661905,2566.0297421931527,3572.215991753426,2532.1058098785697,2797.310334158015,3597.9790873809634,1099.0629658656728,4073.593562394218,4233.309058794902,4345.51654664805,2202.0425417915567,1438.7296277319929,1389.391608413455,3712.6795431924024,2721.2271360787704,3897.405389593209,4222.125948142449,3489.6271230219972,3947.3737106665494,4290.218165827121,430.59886882300543,4501.107762383424,1491.7990863766315,2691.8697077034617,3907.8092068637934,4047.0954779778826,2502.2123427448782,3521.5080183963178,2995.5622406785506,916.5204186348228,3158.1978710444487,3403.3325054202146,854.7734873424639,3087.703851006249,4411.972319083919,4593.779385697366,3794.1247034943513,2816.295814555628,3864.3843494836387,3735.7897536577498,3860.4736563102338,3198.305656924893,4956.8571348132455,4761.716707963658,820.6947321080984,2571.769981345819,3005.2767554558204,4169.332610730177,5468.856330848771,1475.9214754325403,52.79333307171564,3499.68231484209,4512.020611049836,3968.2303636744896,3099.2296272913964,2516.02214648523,1124.5167664521432,2605.0768452553607,4367.172228368925,3098.190842702497,3244.4850317069677,2874.838617020502,3361.2214697504305],
        [2989.177042405315,742.424725505483,3507.6781361215094,5012.143493353399,3565.722528152522,2239.637019291907,372.2209136283574,0.0,3073.1561671747613,2530.0244316228186,3518.4940677590994,2167.826227977429,2518.562791904513,3626.7715900521116,1102.1538677123335,3986.6975917872983,3926.596146703031,4036.81279739938,1831.5570281543478,1073.5653216407134,1103.5928400675034,3441.4555354411928,2482.4520330078467,3535.293179947011,3851.814998618389,3494.363760810619,3901.7626211882707,3931.0211114670337,414.48731275800384,4138.908782769689,1264.6169172627806,2330.5470500472456,3596.032130666716,3930.304979887707,2519.976431299676,3323.2088063586375,2731.637514358499,667.2324802836059,3229.634267856321,3037.4001128475434,486.53847559761437,2719.831866448086,4094.464598968616,4377.881494240789,3607.4109672472487,2743.2700325913356,3615.3685026000235,3364.7553591120695,3915.4582803405156,3095.6209744982652,4736.730102898889,4410.632452678271,492.28166144134576,2384.5539552759756,2633.247588406875,3882.928967521988,5202.222641376165,1623.569682932194,400.54433863982996,3127.548130575433,4140.780749302728,3605.060822455518,2743.171511386604,2516.8309965529315,1117.3424572693098,2446.0841298776886,4000.676425993634,3149.7986139799045,3010.619395557515,2808.1096774365083,2989.177042405315],
        [3941.9142177818626,2863.230210454345,5021.266597195382,3582.6353409173535,3176.0698247203586,2361.1787243887643,3140.4763369661905,3073.1561671747613,0.0,608.8646954978711,456.0762164381701,3935.8896370187126,1926.8079530921373,1003.3396561181803,4174.060591801621,943.9174867899019,2896.3727687221703,2999.4841794340614,3201.3251480958056,3358.4410259388,2294.7440105362266,2131.8101341717665,1532.2468346810826,3758.2249681870803,4887.841360420517,747.2047014719329,844.4098897332044,3935.3994980864572,3471.9086468981827,4181.7401311228805,1988.0762675356161,4105.254429582522,2768.838449844596,1006.4502874608812,875.1620757531019,1271.2190333521335,1796.6701418751848,2478.715627777965,1177.536904221122,3583.392407929663,2957.7984469626085,4185.573309251801,3177.1347711628882,2126.6598885714147,1302.8394337985774,330.86227482226883,1959.3058381828475,4064.534302495792,1384.3433726255307,307.77161218227565,2458.079867365792,4062.143043949642,3346.453899883919,1142.130557170346,3866.6642760142618,2581.255045948734,3328.3647350048086,2016.6309426143418,3191.429407918711,4160.708497404741,4644.786286847056,3840.1718120408177,3134.551867540683,783.6568899540821,2018.5792448800735,929.659161696999,5191.162838939716,995.7718783942508,1534.5164219492806,265.89056316730336,3941.9142177818626],
        [3805.497801643987,2267.0103298012014,4823.930425676385,3935.9347079895274,3272.6586779730987,2234.0550159972368,2566.0297421931527,2530.0244316228186,608.8646954978711,0.0,1009.5545021208336,3644.185628649595,1907.2983226667102,1189.9805100928083,3623.0539072641327,1549.5849461531006,3123.2041633255767,3235.075373986032,2925.052663136134,2940.258049745134,1879.2076525397376,2361.45909748585,1521.0708455200122,3760.2199919421237,4779.019899434697,1000.6653767925337,1381.3445623960438,3993.8308621040064,2917.2354172608434,4244.33105108425,1564.9738741494662,3821.478344977966,2936.066198322961,1606.935401037898,367.38045525568003,1617.9448149017835,1856.6260553800103,1978.1991830711872,1048.115375124882,3505.7425651308463,2470.709184167675,3963.428860376889,3395.893996787297,2608.876404646133,1743.0456455981162,354.35161393691163,2268.9845078841454,3985.8444278019424,1547.260218088072,791.7247091761017,2959.327955076501,4201.75477559561,2845.145094696478,1074.594780111688,3670.696536453615,2851.6876635882904,3768.7979852963267,1410.4435179756067,2615.8927511325933,4020.7416978969513,4632.7274550521715,3844.532894644263,3051.6625510714875,252.71646278938482,1441.7818930387023,869.6099371065404,5062.185258265406,879.9862852417972,1721.4954171373388,369.8635088557198,3805.497801643987],
        [4322.697219049892,3275.728015960089,5420.131229073352,3657.9790314419884,3450.562316348535,2754.5950561673776,3572.215991753426,3518.4940677590994,456.0762164381701,1009.5545021208336,0.0,4367.533470563666,2288.289015969811,796.6141725876788,4617.586537732217,594.3603472030657,3090.280709955714,3184.629448170558,3631.9792987769583,3812.867526862425,2750.0709517805653,2346.3026037634218,1904.5425815310477,4077.402651086198,5251.761979608804,556.3801758494632,388.434249796084,4222.123447072501,3913.6183216214467,4463.631379023157,2443.9784222888547,4534.323836925371,3007.1604921890294,790.9507067475441,1184.4691332929021,1447.071238650727,2126.477602056695,2931.8783396459858,1185.280681830305,3942.3239394235434,3412.7350150918714,4596.133703320769,3371.1729097987104,2095.4102326983802,1379.0564611406303,784.4758828533587,2118.9504565609654,4419.975255924751,1137.2611913837127,600.9752537660326,2388.730330697506,4297.924923377769,3800.3133781460256,1552.442859706431,4269.9784435211905,2749.8879823397824,3317.4444968359953,2375.1803548115404,3622.5144888396717,4541.554805518441,4963.851557235859,4157.302909418233,3500.350338151134,1120.3714209773082,2447.7953609870633,1350.8241261060928,5562.439009762737,1031.9827454718943,1807.4499327037636,713.9632831314113,4322.697219049892],
        [1048.225740525352,2884.8550763799226,1350.0655450964925,4005.8816069280006,2331.9120301498124,1723.55962301269,2532.1058098785697,2167.826227977429,3935.8896370187126,3644.185628649595,4367.533470563666,0.0,2259.7061003532735,4825.279909760277,2386.5118781378505,4601.18702213167,2985.8039187414574,3056.0764034963486,735.6288355215924,1094.2664544652696,1848.8576216503604,2943.840903426271,2551.362895167904,1878.1909230419901,1717.991080561371,4608.80790929902,4735.207425543082,2281.734118525286,2283.8329624911,2409.057445629678,2137.935652234658,182.9270718364811,2665.109722696459,4391.419708135314,3840.7021295744553,3406.7841162200143,2510.81613572344,2059.043247297365,4639.003805538363,1376.4522744134838,1734.5573153437163,571.3881426436063,3008.044289187968,4143.34032594673,3705.3815660358773,3650.2439909400946,3263.8442802029285,1455.8131484490307,5190.603239770009,3782.293415738969,4423.249923420367,2849.280038716937,1730.5222395359822,2821.1869318026147,649.0051098020566,3152.7824567872167,4469.186341253501,3475.701603535176,2549.0186284386186,1092.8006456836633,2166.2908196641993,1913.6769408050081,1419.9470827858688,3776.1799126923624,2776.1885068320107,3016.837079650179,1836.692995395149,4495.712883186869,2929.3466774958624,3728.734279460803,1048.225740525352],
        [2038.142886458391,2810.0195967848395,3154.3469078177595,2524.9546042783118,1400.1448938378262,536.1592736907016,2797.310334158015,2518.562791904513,1926.8079530921373,1907.2983226667102,2288.289015969811,2259.7061003532735,0.0,2921.7712309331428,3474.833180608822,2399.261149869957,1478.4006703251205,1595.5392638554138,1563.5151899951752,2136.8746951409425,1415.5945105658082,924.5219224047125,397.4156895076437,1856.5657857685158,2965.0567280629657,2670.6675085722386,2613.5347987066284,2090.157822234937,2907.3089946096356,2340.83847080882,1333.0447092745658,2400.6970282992584,1188.1019101100637,2156.5804388466104,2237.6904948801566,1147.1085577623167,260.97463035130346,1880.8126567199615,2942.883907431544,1657.5626073962105,2127.6119311327648,2368.1167149903977,1701.0823620927458,1990.138337293447,1446.5490445150322,1736.3130461559065,1140.3104908786725,2138.048818620952,3304.596972038386,1689.1794045729882,2320.0732176070787,2347.0671250866144,2491.6235444116282,834.866319626788,2024.1995255959914,1373.0252979846712,2685.158735346088,2627.920131245628,2846.325057830444,2256.591616465481,2736.263301399389,1940.4600422930616,1212.2593290531552,2133.0449823069075,2073.994740527638,1049.677235551235,3274.168938956487,2765.135358277618,672.203798444994,1805.3400880103852,2038.142886458391],
        [4916.121484073071,3227.883736302356,5971.826735078532,4454.593203951619,4175.832521416156,3331.4567418756465,3597.9790873809634,3626.7715900521116,1003.3396561181803,1189.9805100928083,796.6141725876788,4825.279909760277,2921.7712309331428,0.0,4689.286374290125,1260.9902178409613,3862.276834609337,3960.3084570716323,4100.060831750498,4124.557051580564,3067.4046661897155,3106.6965160932964,2524.9856038284984,4760.720689992548,5872.912454322759,259.4714486796472,815.1406886270784,4937.701125344979,3986.893558866758,5183.504176874912,2753.393727509414,5000.864200090132,3756.6485489115917,1542.2531037729973,1106.9978186629514,2217.6540285519372,2799.55115422883,3131.694009123399,574.3315727112392,4573.899117470585,3627.420308974767,5121.222411556194,4143.709280491595,2881.8386610146845,2172.821650753548,1204.0056949210973,2899.905295292676,5055.89345023585,382.84407490305193,1284.5725124294688,3160.879585844903,5050.8908646339105,3986.6515515213564,2112.4880098477042,4815.313541785792,3530.2979314797617,4103.316533824416,2210.040912541908,3643.536461778481,5134.19805905252,5646.932444879483,4842.857975144763,4122.417683318597,1121.2246215382163,2509.7220962812526,1893.5568848721882,6170.451905556231,531.1673373527484,2530.1536334513494,1128.729628654873,4916.121484073071],
        [3395.336045657635,1525.1599408208676,3563.8649727803777,5878.112458169423,4314.580963068561,3101.8604014970183,1099.0629658656728,1102.1538677123335,4174.060591801621,3623.0539072641327,4617.586537732217,2386.5118781378505,3474.833180608822,4689.286374290125,0.0,5088.785392676257,4783.591093376424,4885.738099554333,2387.626737286284,1501.1805905682468,2108.740814681569,4394.437719754854,3503.6299697679055,4112.911951466831,4081.881196697319,4571.607796263326,4999.406884381542,4525.479576934993,706.2609676582869,4698.116550474606,2327.3496390735045,2494.0700455033657,4443.152753536216,5028.4593379918715,3587.7643665199535,4378.553210174704,3710.559161781315,1741.9451629264854,4256.98210676571,3588.9871178390918,1357.1612887436233,2949.9217938738548,4912.681505083109,5407.827040640908,4670.873134348972,3844.5644702645654,4605.7492952917755,3802.5324230653705,4957.945687345995,4196.986164942056,5759.4063730441585,5058.385941997203,983.7455605713154,3456.6564753214648,2996.756309954288,4796.016670397897,6145.684814645905,2569.4206009423397,1058.1638645521055,3473.0905876499,4544.613348397736,4168.894993003057,3406.1279672086375,3594.252343808782,2190.1033964557005,3533.7377716590986,4143.89789265621,4194.533142153212,4030.194632590357,3908.707407918229,3395.336045657635],
        [4422.1188618633005,3806.2648776938718,5550.680018811181,3311.903574015353,3372.7109681063075,2912.881800249093,4073.593562394218,3986.6975917872983,943.9174867899019,1549.5849461531006,594.3603472030657,4601.18702213167,2399.261149869957,1260.9902178409613,5088.785392676257,0.0,2904.9702084634173,2984.6563482788115,3870.7506151731122,4165.564788534862,3125.0138441717945,2220.275771311112,2056.969690689464,4060.6889018222846,5305.003595065709,1074.1723330018724,460.56624744289826,4148.465234432319,4391.593865149886,4378.528873038645,2834.626476441233,4757.75540165888,2887.187027139168,337.3406684220818,1767.0295381378428,1350.7063548607873,2189.904888657986,3368.13523744416,1741.033516827917,4001.784531497518,3830.6204160957523,4764.259951913727,3178.1658906554326,1681.8374104011277,1162.9833718960047,1258.704425714556,1932.0824035230207,4465.393307960645,1516.9716067215081,898.001038329017,1925.5094263917003,4145.015831997878,4226.4193275436655,1804.8281651073098,4422.907944388927,2542.445659951942,2887.688799426615,2946.40566499642,4125.047400181151,4638.395161933368,4934.774521785457,4135.701138556429,3581.745011925821,1694.0343103914383,2956.0026963195587,1643.0280948584148,5628.423205622741,1603.2991079217602,1804.5657161314505,1205.0513590484536,4422.1188618633005],
        [2219.6037769366694,4279.97933773276,3297.63873308106,1094.614556681499,724.113202577869,1693.3740981235774,4233.309058794902,3926.596146703031,2896.3727687221703,3123.2041633255767,3090.280709955714,2985.8039187414574,1478.4006703251205,3862.276834609337,4783.591093376424,2904.9702084634173,0.0,117.97921543749075,2511.9941640581305,3322.2563698113186,2844.699709025936,767.8086414485464,1722.540328635143,1472.0588475973211,2794.887315208175,3604.139649184922,3286.4911612700093,1372.8935250945603,4290.248955288303,1560.8671240799436,2803.7114342270943,3053.973691490791,341.7847285493763,2574.150149398783,3487.0503173955703,1645.327550684005,1363.5807559272887,3322.2178883522956,4058.58860645537,1731.8570286179045,3491.2085355664312,2794.5448735350797,281.4416841744395,1542.0866064753586,1748.020339925133,2846.296768181279,978.5859163194222,2034.0679808390457,4223.755866342579,2592.956050114281,1671.459023578259,1244.3324243701254,3812.0998139746735,2122.5632446732957,2460.4075491754547,370.2611265470195,1484.5512802497294,4076.5359242414584,4280.052317904136,2381.127845330921,2211.5050664176392,1517.1439701276113,1565.9423893888934,3373.333985123065,3550.685622645334,2283.3424913658314,3132.4869265055586,3874.1997145862892,1401.9912466252508,2892.6564086304243,2219.6037769366694],
        [2262.0670051237016,4395.419685442903,3323.151946309486,993.6843016862349,760.1356652915689,1801.014827450834,4345.51654664805,4036.81279739938,2999.4841794340614,3235.075373986032,3184.629448170558,3056.0764034963486,1595.5392638554138,3960.3084570716323,4885.738099554333,2984.6563482788115,117.97921543749075,0.0,2600.1286849990324,3419.2043599859976,2957.448358316764,876.0635611930343,1840.2277563421328,1486.7908876880906,2800.002010779284,3702.6635558440803,3372.9381592304994,1354.6749322602593,4398.305062031228,1528.8947347413946,2919.553988670822,3118.8368007718345,443.36407090310433,2651.9115161046543,3599.455082731252,1742.6547049051642,1481.4680948350076,3435.3774111405974,4164.528884617093,1778.1392384186618,3598.842895111017,2846.33806631223,194.8077935337824,1576.1829246015477,1832.8467325839042,2955.173027840116,1067.4868746282234,2057.483685455478,4319.665942276867,2695.0573730922074,1680.600492108893,1178.944036048857,3916.3773224037614,2238.798893764728,2517.2266800218044,442.23977568776786,1423.9686807748096,4194.437619423115,4392.048855308447,2416.305620603749,2192.642331439117,1526.1330198708038,1638.178408437017,3485.592470473954,3668.2293863386153,2397.9784907859566,3136.394274579915,3980.2043780505132,1513.5801816830362,3000.515997857116,2262.0670051237016],
        [1170.2489127364558,2469.3792395095975,1942.687407680726,3587.0017004609713,1954.6754382912159,1033.2532210784007,2202.0425417915567,1831.5570281543478,3201.3251480958056,2925.052663136134,3631.9792987769583,735.6288355215924,1563.5151899951752,4100.060831750498,2387.626737286284,3870.7506151731122,2511.9941640581305,2600.1286849990324,0.0,888.5176441860582,1207.6033822374668,2331.115441275193,1828.7255675157323,1740.2772965000652,2097.0338707247374,3879.980436372483,3999.670881315769,2149.1879170388297,2069.907377588505,2337.8331876156417,1465.8365088220203,904.1955059728958,2173.3903544898326,3668.177592901629,3138.5270256596596,2704.555051552377,1821.4633990973405,1524.625233863166,3934.92690776968,1223.9762351153743,1347.6122059670502,1071.2144506667566,2592.820295113784,3508.050135230588,3007.53861021072,2918.5568633676307,2629.503743475963,1534.1519472096152,4468.497634018157,3046.858776511691,3809.902619433638,2672.016688926145,1509.8959705934772,2085.898695317724,858.7268579085461,2613.477701468732,3966.401196547549,2891.4715558543544,2232.0865451303134,1332.0930587221187,2310.714876298476,1802.8111591860531,1024.5469398851933,3068.342200404857,2184.983410015481,2281.2384094776708,2305.4263103473154,3786.173655104819,2235.5474634362577,2996.981007236564,1170.2489127364558],
        [1970.6241845514717,1796.1127129606168,2436.6979722124397,4412.699920634569,2819.06769278362,1684.1106930686492,1438.7296277319929,1073.5653216407134,3358.4410259388,2940.258049745134,3812.867526862425,1094.2664544652696,2136.8746951409425,4124.557051580564,1501.1805905682468,4165.564788534862,3322.2563698113186,3419.2043599859976,888.5176441860582,0.0,1066.5134317502743,3018.2211407969394,2273.9249043360473,2624.665574874929,2788.9420373591424,3940.1008298817064,4199.139394825523,3035.3012853584237,1221.8891434486177,3217.9996042310513,1379.1142324373395,1258.193148911766,2980.471720961683,4023.9417174930136,3057.351832758028,3187.9647482548953,2392.788618418284,1073.6226283529118,3842.113494951955,2103.929223217895,660.0638013091236,1649.7885114227113,3432.6266742524563,4125.704194519397,3494.3621269725427,3039.055896336636,3273.281791989938,2365.3057772795805,4463.623104042738,3280.576747594093,4456.615992317902,3560.504425199271,655.4687420970374,2376.627318002565,1592.6003491237034,3372.5087128888335,4732.781406375781,2478.764395227847,1457.1548666078047,2087.389624992792,3132.1145371200873,2684.568756433161,1905.0120940738502,3015.9881155783396,1810.3456320331113,2522.803470976218,2928.442615623316,3722.4373989212777,2768.312239980138,3115.232318574993,1970.6241845514717],
        [2322.1282020587023,1472.4660143382316,3143.5608208106464,3921.7808739768475,2550.256085163237,1186.563911267028,1389.391608413455,1103.5928400675034,2294.7440105362266,1879.2076525397376,2750.0709517805653,1848.8576216503604,1415.5945105658082,3067.4046661897155,2108.740814681569,3125.0138441717945,2844.699709025936,2957.448358316764,1207.6033822374668,1066.5134317502743,0.0,2337.897924233099,1396.3547557775848,2659.2479544606,3285.251032867798,2877.0612403561477,3137.323958653261,3023.3724423479075,1499.0056790731358,3253.086525255934,314.2528269255692,2031.6471523365358,2521.45869931234,3007.9591972069334,2022.2972349692357,2273.7788445376327,1629.0064941732312,479.22088688488503,2817.5756298346005,2218.0184097811702,755.0201773728123,2274.8104977903795,3028.7138759885747,3300.4323230258137,2570.2653602444166,1973.4380686959503,2516.6268481131483,2631.138589340235,3414.0126369811396,2231.690368764331,3654.3038996759833,3447.398648529289,1149.808964881972,1376.9502293416067,2058.290862235728,2783.604696441665,4098.629935019439,1690.661879325106,1436.9149761623057,2508.189289815342,3391.487792754282,2737.7657253473253,1838.2553045423515,1970.9251502158581,987.2579166591977,1492.7146213106594,3508.7671860958408,2686.392141944435,1924.308883758783,2049.3028941757775,2322.1282020587023],
        [2416.4291236943795,3697.540827447166,3557.6828781722697,1661.2767739676374,1157.5979911836082,1337.3903709418344,3712.6795431924024,3441.4555354411928,2131.8101341717665,2361.45909748585,2346.3026037634218,2943.840903426271,924.5219224047125,3106.6965160932964,4394.437719754854,2220.275771311112,767.8086414485464,876.0635611930343,2331.115441275193,3018.2211407969394,2337.897924233099,0.0,1042.3113916235895,1880.8796716122006,3183.6651315338163,2847.7108353831613,2569.723331668762,1930.4668385292466,3831.738039294127,2158.380764137835,2231.3495068156276,3052.740974286005,668.64260437363,1903.2880708113785,2726.872681168748,901.0476721538259,719.7285238566182,2797.448736713876,3291.044744687653,1940.4466209347145,3051.1314989306557,2900.1688938883312,1046.8828453901933,1204.4973081228252,1061.3840479501193,2079.135274617819,345.91529608936503,2356.0363884611147,3473.023805146662,1830.3423928724999,1481.9566622059463,1951.9831374391,3410.700284242353,1395.0720792142577,2545.583708550325,506.3920883342199,1760.9593030950932,3383.164180831725,3762.424436890881,2615.130431827801,2732.814917526929,1949.4446219795814,1607.7900883015861,2612.7089594333775,2912.179894596081,1537.0229793633973,3518.7209923790138,3106.637571665563,641.6894136558319,2124.936159254892,2416.4291236943795],
        [2418.334814661721,2669.932856590914,3520.4122981124488,2702.2461182965603,1758.3846977999028,859.6542527874061,2721.2271360787704,2482.4520330078467,1532.2468346810826,1521.0708455200122,1904.5425815310477,2551.362895167904,397.4156895076437,2524.9856038284984,3503.6299697679055,2056.969690689464,1722.540328635143,1840.2277563421328,1828.7255675157323,2273.9249043360473,1396.3547557775848,1042.3113916235895,0.0,2251.471277269113,3356.1668308871836,2274.5902895572863,2240.7105228283062,2472.89268260621,2888.102692767142,2723.337609783407,1229.5757050701677,2703.951509685966,1474.6798622856566,1840.291432290532,1860.3017239178287,914.2241478152516,362.20608857999434,1819.6052322267194,2550.199226019016,2051.193827186983,2146.8697903804064,2712.757399625069,1972.0664604094209,1904.2925267839958,1221.0483607795309,1339.3335950965673,1144.8391464822587,2532.542591563603,2907.8288944035226,1303.7125739082992,2258.1933953395173,2697.7183332104764,2533.5391591153248,446.7866929786713,2377.1310516036333,1541.2998177589593,2761.7986683820295,2355.921035983359,2772.503067824226,2637.2295194719864,3132.753937514031,2335.0902694179026,1602.6361906449695,1753.0080273671074,1870.426388722122,656.1270724259963,3661.903705872294,2371.422558527498,528.6270249588093,1408.0264899192791,2418.334814661721],
        [880.3815118157183,4099.678778013408,1843.0644802114339,2277.7376183831884,763.376989650142,1597.3556243479925,3897.405389593209,3535.293179947011,3758.2249681870803,3760.2199919421237,4077.402651086198,1878.1909230419901,1856.5657857685158,4760.720689992548,4112.911951466831,4060.6889018222846,1472.0588475973211,1486.7908876880906,1740.2772965000652,2624.665574874929,2659.2479544606,1880.8796716122006,2251.471277269113,0.0,1329.0307794790083,4505.428727657953,4360.616647115218,413.29458030468976,3804.252135198284,603.7073196366729,2783.1580493082765,1876.3559705283365,1278.4960818211812,3760.0305090808115,4080.3164499488494,2710.033628805143,1961.6768966202487,3098.4500889992364,4799.22634883654,524.6696031662059,3049.487297144123,1499.3367752719778,1358.5306018014917,2970.1359068241954,2926.0634583588226,3589.808497480246,2217.006613695227,581.3337683391887,5142.464117247899,3494.9745842455986,3137.1138675084076,971.7024132214689,3248.626756357996,2691.098949114008,1239.997097325578,1786.2656756197573,2868.9657974242514,4266.1714696805375,3932.799151527494,978.513670567895,887.1329378857571,84.69552446223527,821.1207821450614,3979.2738518433607,3602.227509984913,2906.179893590466,1667.4529117192496,4621.697485357147,2277.657891110594,3656.9695480983128,880.3815118157183],
        [982.6204444388798,4539.478468370853,738.1283957963918,3484.9520392300487,2092.395576717154,2548.118764230302,4222.125948142449,3851.814998618389,4887.841360420517,4779.019899434697,5251.761979608804,1717.991080561371,2965.0567280629657,5872.912454322759,4081.881196697319,5305.003595065709,2794.887315208175,2800.002010779284,2097.0338707247374,2788.9420373591424,3285.251032867798,3183.6651315338163,3356.1668308871836,1329.0307794790083,0.0,5626.572879263974,5565.676728856471,1485.573186606031,3998.071205060496,1415.2528546003105,3507.1954815022377,1590.3950363671465,2605.818984370116,5020.905215193522,5056.830895091341,3962.210407625573,3132.7987493647242,3620.9332764416367,5825.950171547681,1309.948346538775,3390.160686138918,1146.909059340115,2654.1624385778982,4298.362133383073,4202.886330741904,4672.180263162719,3525.9888935626486,839.7053602460969,6255.133829542401,4653.8874603654585,4464.1571043652375,1954.8544208386295,3438.8458266860002,3760.71602432114,1239.8458567194307,3115.237631920488,4133.228513977559,4975.903818113948,4243.480379412397,779.795223738486,781.0126797539489,1278.1294958489786,1753.554066286504,4968.52641139501,4271.640503507101,3979.9446127157107,338.4241507431076,5658.746468954287,3500.7395055861875,4745.701110619151,982.6204444388798],
        [4673.618954616109,3140.074925554034,5737.685858156308,4209.117723149455,3916.940083938164,3089.3965573176642,3489.6271230219972,3494.363760810619,747.2047014719329,1000.6653767925337,556.3801758494632,4608.80790929902,2670.6675085722386,259.4714486796472,4571.607796263326,1074.1723330018724,3604.139649184922,3702.6635558440803,3879.980436372483,3940.1008298817064,2877.0612403561477,2847.7108353831613,2274.5902895572863,4505.428727657953,5626.572879263974,0.0,662.6383026781696,4679.536524083755,3866.2522714900097,4925.0898066850195,2562.895284927946,4782.80040305061,3497.199341070119,1329.419998470787,988.2961879634944,1960.1040319870272,2543.847603913827,2971.2955726860137,671.6133744635966,4325.119910372101,3465.7787984275406,4891.372891980599,3885.5810958910506,2651.428553050505,1922.7100147974384,967.6339216943788,2643.674890490403,4806.830473442632,637.348853535663,1025.2300067754566,2940.741239859844,4791.448608825963,3834.1281653103038,1868.511702358046,4581.225492492661,3273.6599753584005,3873.5225652235636,2151.4025306783346,3536.850001402195,4892.020663320017,5391.979851646599,4587.359515736683,3874.60622081403,977.9977227909493,2382.499443443976,1650.5227020907103,5926.401145293183,556.6220598583532,2270.936334802152,890.4924694022214,4673.618954616109],
        [4651.670194045152,3639.4302692913648,5761.099151159866,3753.3254522420584,3703.954739392619,3098.0727160447123,3947.3737106665494,3901.7626211882707,844.4098897332044,1381.3445623960438,388.434249796084,4735.207425543082,2613.5347987066284,815.1406886270784,4999.406884381542,460.56624744289826,3286.4911612700093,3372.9381592304994,3999.670881315769,4199.139394825523,3137.323958653261,2569.723331668762,2240.7105228283062,4360.616647115218,5565.676728856471,662.6383026781696,0.0,4479.866942289274,4294.592861818814,4716.455039837012,2831.88938181534,4899.8512233872725,3237.8619916042103,778.070401155838,1513.5999321631268,1673.068100299587,2432.888567645144,3319.399452609072,1332.7776383672228,4256.010074682452,3800.9574737500334,4947.2907323081145,3564.170923640359,2134.4831966340826,1540.2655695232631,1172.7379471714853,2307.919034352957,4729.431861184754,1056.4094520972826,953.259612318351,2385.4752657558083,4515.7695590788435,4188.079781837949,1914.4906142302882,4616.126918697822,2931.8573742103868,3345.428891164932,2709.685005846426,3997.2234198915207,4870.061624188451,5243.579972844083,4438.599154554431,3820.8565607636897,1464.2220263834233,2823.05795901447,1720.460825942699,5881.5317006291525,1216.196492059444,2083.1246800947342,1101.5403645046274,4651.670194045152],
        [1260.0534205078152,4477.743529094104,2100.7236155998635,2005.7277917763377,776.4878542444425,1911.9288651936104,4290.218165827121,3931.0211114670337,3935.3994980864572,3993.8308621040064,4222.123447072501,2281.734118525286,2090.157822234937,4937.701125344979,4525.479576934993,4148.465234432319,1372.8935250945603,1354.6749322602593,2149.1879170388297,3035.3012853584237,3023.3724423479075,1930.4668385292466,2472.89268260621,413.29458030468976,1485.573186606031,4679.536524083755,4479.866942289274,0.0,4208.305991706887,250.68091312092437,3125.616049354957,2270.435676301554,1273.0352438489297,3833.7043478054366,4327.818009092284,2808.881617723032,2151.6890027599175,3473.3785674590167,5018.6534856369535,937.9462602945375,3446.39128041776,1873.205698169675,1190.0984074486184,2913.7115168416803,2991.8479805499496,3795.4282397855177,2243.6663545965775,901.8321139689662,5316.235296225409,3657.32672854887,3035.2753446724437,572.0802797543373,3655.2576372487174,2919.241191781668,1637.7171316665203,1726.6126246325814,2647.873229818244,4593.798026421722,4326.802850886788,1321.3336543845962,838.8182989725201,368.09570966932745,1194.2111166383643,4222.7605210797565,3945.2879093734405,3127.6270340284354,1813.4647565261523,4837.955522072212,2415.6117463106903,3858.3515361326004,1260.0534205078152],
        [3191.193198510592,889.3374136814058,3586.189904679312,5380.749436583182,3893.5640894240787,2597.2905961384536,430.59886882300543,414.48731275800384,3471.9086468981827,2917.2354172608434,3913.6183216214467,2283.8329624911,2907.3089946096356,3986.893558866758,706.2609676582869,4391.593865149886,4290.248955288303,4398.305062031228,2069.907377588505,1221.8891434486177,1499.0056790731358,3831.738039294127,2888.102692767142,3804.252135198284,3998.071205060496,3866.2522714900097,4294.592861818814,4208.305991706887,0.0,4405.095366122671,1676.5623275112757,2429.60846759741,3955.6538836317136,4340.9984390076615,2883.638198434558,3735.917994392336,3127.3039282622076,1079.7162112302692,3564.5527438323434,3292.994632033629,800.0145265977691,2852.2400782618465,4446.640688346779,4787.054958897261,4021.1243351210496,3143.145705999789,4015.515160344576,3582.3365599282747,4261.306260218804,3503.194257310931,5144.738128069075,4708.36670608983,566.994616608407,2798.700329152495,2814.3677855326414,4263.022406307439,5592.449462426115,1899.8671261529967,404.62089543839124,3308.879953268637,4352.172741660342,3869.6515260690894,3035.8382327314166,2888.620039722836,1484.163161320541,2860.2394612228773,4116.297925204069,3496.583610748898,3416.6850756136537,3206.266558316297,3191.193198510592],
        [1365.957455692939,4700.323499860977,2081.869458550415,2080.6511239105866,1013.485549715148,2155.4217452008793,4501.107762383424,4138.908782769689,4181.7401311228805,4244.33105108425,4463.631379023157,2409.057445629678,2340.83847080882,5183.504176874912,4698.116550474606,4378.528873038645,1560.8671240799436,1528.8947347413946,2337.8331876156417,3217.9996042310513,3253.086525255934,2158.380764137835,2723.337609783407,603.7073196366729,1415.2528546003105,4925.0898066850195,4716.455039837012,250.68091312092437,4405.095366122671,0.0,3363.638687470575,2380.5668121670224,1494.3199687144706,4060.8241000071494,4578.498276332725,3043.984885669837,2400.8047794063327,3697.647254405985,5268.40554373405,1114.4417793957884,3653.011077447202,1960.247506714855,1351.5545985435483,3101.812294643371,3218.9373349260336,4044.567064665614,2463.638247977699,974.0188244071951,5561.468137643952,3901.987868287667,3203.2562059795264,541.35261518323,3847.5594548210966,3169.7538857183736,1760.1259065270478,1923.6190281168276,2752.4676313445807,4836.484333230409,4536.4981030289955,1389.3855360039288,690.200486586254,535.4454867158894,1416.7831551112463,4473.421182981394,4183.544689638142,3377.8776273025605,1727.1036929802772,5087.545242900323,2658.5914846209785,4107.140816976412,1365.957455692939],
