{
    "drone_dist": [
        [0.0,16.599162412492,20.226855778820227,14.03636452878416,16.65066275315494,7.556991503165422,46.30797440603488,16.850106718912492,46.97052494564858,31.187041725996576,25.262034994597794,21.74089595266064,9.97636450673872,18.24800151713107,36.67610213983314,40.02635480316233,29.020701435313704,47.07002971722467,28.443549474878882,34.24268268523314,7.655936323790452,38.19034348282968,10.425934642747723,31.298739763136602,11.464383675311495,37.6804440784318,43.36581549545411,35.29620741248394,23.69708140325433,18.036102947304595,18.61146095260777,42.19404178159164,13.393877494063574,29.352132896289145,17.55306322442954,9.297672859645923,42.67655624850707,11.956391621065425,31.37327455682727,24.76921660829578,0.0],
        [16.599162412492,0.0,22.123553543985803,18.927784100622745,0.3401823820632644,18.74347237049896,40.16703503386666,18.743838029893404,44.55223686318068,43.445366513923524,15.675201141231902,29.92453468161474,18.026143169763174,22.66466423261812,24.77942649153659,31.444055338651925,32.184551106389804,40.71684324527847,34.73380632074661,34.28691586194081,9.00848915055993,31.53950019973229,16.070486797455416,15.430579030192774,22.68684622987313,21.208313012871034,42.044905664073504,27.635339409055856,26.052003719908505,32.04426199710365,30.219256119665015,32.779280717110026,8.137160241993776,32.445572681161444,11.640237073605993,15.094667270802645,40.304195116168835,22.93522376507317,32.61959168276781,31.690235883615536,16.599162412492],
        [20.226855778820227,22.123553543985803,0.0,33.050949553127246,21.853222737000927,13.459416742886043,27.238103965002214,3.7332319561432663,26.75894114458229,25.6657192528142,14.813839656161235,10.495347512118316,10.449644198133903,3.3031203240984865,24.47571462095453,23.340133341133146,10.153315748898834,28.075923607178098,13.022470702151564,14.084773759130037,20.162847528753087,20.12073398449882,29.138958925728037,27.934763650180717,12.374096262540258,35.39349956642529,23.14798812140209,18.556987482716515,4.014893388117119,19.86826347753507,14.946067405485763,26.008841570011814,26.50589685055351,10.437032275785894,11.144692115808697,11.132448411115126,22.48854398818039,12.028717657632624,11.460733671489976,10.685600474013183,20.226855778820227],
        [14.03636452878416,18.927784100622745,33.050949553127246,0.0,19.204358937187454,21.519667597627887,56.983042778965704,29.384327283993613,59.26117691251408,44.38310649475332,33.351840773727346,35.76963085989668,23.54857922523571,31.636080530641255,43.53037371641994,49.23889339470622,42.53451487999809,57.64973911751163,42.41409313315301,47.093707483314155,13.534383155110039,48.44134726127558,3.912575792628977,33.76610316028329,25.495905461779376,38.12405664030283,55.97795214942816,44.92767519843843,36.843479312766256,30.912945329956532,32.4116535781271,50.92347822917973,10.899340069691128,42.85902958179942,26.786835470036227,21.989699310345127,54.911977719116955,25.990479987595837,44.489437979851054,38.75410988400745,14.03636452878416],
        [16.65066275315494,0.3401823820632644,21.853222737000927,19.204358937187454,0.0,18.654986118499068,39.82729781386749,18.49071379701568,44.21750140752662,43.29598641855174,15.336267368364409,29.720057433969295,17.884825720418718,22.427339231016404,24.472824268844867,31.10991423415347,31.90368060970186,40.37746440085549,34.48920693484163,33.97240566948129,9.089926895769791,31.199577966605414,16.314059252657454,15.249621540005233,22.56793436462504,21.107973228730117,41.71613332890116,27.296408092214588,25.774531123117338,31.956921048354754,30.07831122346397,32.45106789850948,8.436821072321061,32.163454235694765,11.329259939643954,14.951007204981822,39.970897572721924,22.81001122824027,32.31762183443614,31.461071869006993,16.65066275315494],
        [7.556991503165422,18.74347237049896,13.459416742886043,21.519667597627887,18.654986118499068,0.0,40.431324491909386,10.599766262888561,40.11404479214005,25.265429689624636,22.083992959972374,14.282779894828673,3.1148085811603665,11.030332575272283,33.546845869256764,35.226787222753366,21.59320082575042,41.24044059873711,20.90206020245325,27.163311956001394,11.634554175919197,32.75740204290351,17.788789428724332,31.218208282212313,4.377625374542817,38.2957374014738,36.35220068725249,30.377370072110594,16.558287488266032,13.301935561149667,12.092869403568391,37.64208041041578,18.64680359227504,21.926692620415242,14.53621678290731,4.678512638530177,35.88860597234558,4.790703641354627,24.15772034537564,17.235936896902054,7.556991503165422],
        [46.30797440603488,40.16703503386666,27.238103965002214,56.983042778965704,39.82729781386749,40.431324491909386,0.0,29.842058032459967,10.631862145707515,46.02920693662947,24.506533472457267,33.97873617002928,37.323801941017074,30.291524285263815,19.733241072056288,9.984088713734645,24.22600088918445,0.8965449176006666,30.132157050782656,17.232887496653973,43.48147990004632,8.638184564947881,53.23918923248772,33.615913243421495,39.58014885282496,38.29014762331321,12.812217583633641,12.583727519783507,25.377421573449837,45.75947867966358,40.286803269548024,10.700652541160903,47.62004415128925,24.018711546479953,30.19883822889598,37.071631982068865,10.09876572079192,39.20877471590499,20.31276802468906,31.510583073587508,46.30797440603488],
        [16.850106718912492,18.743838029893404,3.7332319561432663,29.384327283993613,18.49071379701568,10.599766262888561,29.842058032459967,0.0,30.16296583026492,27.031088100939577,13.85685526570595,12.101741410640944,7.486623760017713,4.16202381439027,24.565631808503085,24.89276806712325,13.8091175848713,30.646582412305843,16.021598436202314,17.710367459267676,16.43035806874757,22.196852691800494,25.471840763180108,26.055815126654025,10.58749391514741,33.52909137341501,26.67605384603865,20.03352678690446,7.718347933844796,19.330127439822412,15.063125857307465,27.41936939596616,22.80249441935451,14.10312096546073,8.474258986673856,7.600658775003655,25.85017053525792,10.367107894520291,15.178169968365435,13.18332698047812,16.850106718912492],
        [46.97052494564858,44.55223686318068,26.75894114458229,59.26117691251408,44.21750140752662,40.11404479214005,10.631862145707515,30.16296583026492,0.0,39.635590915015506,29.698693388223823,30.27394954584722,37.18141909849564,29.13520272792887,28.39945768542161,18.911172383897636,19.99529604564339,11.171033892416228,24.770652710578943,13.147834301206286,45.84884332136665,15.345583167215816,55.37195523941106,41.20742406951817,38.15364165910557,46.82293096182308,4.280541375092685,19.270362487559378,23.62387698424743,42.273439236634765,36.792919866796566,20.513376092616873,51.12990822607339,19.69456673191257,33.33478688392421,37.76354454304487,4.350723272619003,37.70024851251132,16.436778294907924,27.199826755582073,46.97052494564858],
        [31.187041725996576,43.445366513923524,25.6657192528142,44.38310649475332,43.29598641855174,25.265429689624636,46.02920693662947,27.031088100939577,39.635590915015506,0.0,40.45255780008046,15.173300305301986,25.426103805093284,23.052338705014588,49.733377932607034,46.32903435194557,22.162824666492863,46.918430366807044,16.01447842926032,28.815398553529405,36.88883602213092,42.03195350180531,41.278491076984544,53.08207338794475,20.967128908187224,60.550617298170714,35.42686025253962,42.14788807507293,24.064880346383294,13.485825663927955,13.259132318691252,49.13694857116372,43.84165299946996,22.302585789668253,35.358348737132864,28.35234069873437,36.98673756144082,20.64372434002703,25.9281221148487,15.787283861118686,31.187041725996576],
        [25.262034994597794,15.675201141231902,14.813839656161235,33.351840773727346,15.336267368364409,22.083992959972374,24.506533472457267,13.85685526570595,29.698693388223823,40.45255780008046,0.0,25.28205601925466,19.382714818941185,17.482033935564314,11.522581385204488,15.93350259807461,22.310743864758088,25.04503282460619,27.079241294837278,21.56007707837144,20.31109980103566,15.897046532964046,29.846711108505684,13.752131862355107,23.75476347182087,21.013819008052305,27.79112627667929,11.960142602169714,17.2813379399749,33.055645188452,28.91773959954073,17.58232155281348,23.346388420455558,22.453230874652977,7.764794714801494,17.498949234568595,25.646028334083166,23.661926719562356,21.06665219329536,25.340757403498284,25.262034994597794],
        [21.74089595266064,29.92453468161474,10.495347512118316,35.76963085989668,29.720057433969295,14.282779894828673,33.97873617002928,12.101741410640944,30.27394954584722,15.173300305301986,25.28205601925466,0.0,12.876973236054978,7.98858961985708,34.76470926905157,32.34054281555892,10.290865737682156,34.870510713644435,6.964396257018856,17.40542389581476,25.102789653932216,28.426881442860747,32.06863811743877,38.095086180147504,10.356656804119261,45.572850777948304,26.06784554153165,27.835871671879627,9.406765554560751,12.025112740214617,6.5217139754113305,35.12418704475958,32.13712538337832,10.584123936488389,20.565894595415195,15.443708735816088,26.59983084153452,9.847247034592337,14.05752440757803,3.382132924457031,21.74089595266064],
        [9.97636450673872,18.026143169763174,10.449644198133903,23.54857922523571,17.884825720418718,3.1148085811603665,37.323801941017074,7.486623760017713,37.18141909849564,25.426103805093284,19.382714818941185,12.876973236054978,0.0,8.271944149445664,30.760031412570985,32.15587677105268,19.078221943316578,38.1309641042081,19.061688632082898,24.323428665179556,12.231661343848199,29.645820498337265,19.70530139315608,29.32941407161229,4.888041179807364,36.56859717751485,33.48440778515353,27.30183307084093,13.742922449334857,14.614932925361385,12.193601143847353,34.59480459022456,19.283246432939514,19.407874512107796,12.066129852355104,2.935420494321674,32.92886887877105,5.026637650820228,21.407020266427995,15.486092362013423,9.97636450673872],
        [18.24800151713107,22.66466423261812,3.3031203240984865,31.636080530641255,22.427339231016404,11.030332575272283,30.291524285263815,4.16202381439027,29.13520272792887,23.052338705014588,17.482033935564314,7.98858961985708,8.271944149445664,0.0,27.589335314000735,26.640025471018728,10.899642015361685,31.14220065912573,12.095263067486796,16.13469952805852,19.35280672689254,23.36473776837535,27.749783928932654,30.108382344087392,9.306725580998439,37.58605823366476,25.328452914224194,21.860060371046714,5.530643809691725,16.57531148325837,11.741536203394253,29.31175907119615,26.07534353024007,11.223329051328705,12.631138567014137,9.721402147312137,24.95373318468887,8.921244170750589,13.147449747552583,9.072472339732863,18.24800151713107],
        [36.67610213983314,24.77942649153659,24.47571462095453,43.53037371641994,24.472824268844867,33.546845869256764,19.733241072056288,24.565631808503085,28.39945768542161,49.733377932607034,11.522581385204488,34.76470926905157,30.760031412570985,27.589335314000735,0.0,9.784626475940888,29.06113543625648,19.885415469319483,34.826626745866285,25.45760532033189,31.175274589226643,13.148187559800961,40.30432124534522,14.225726014366927,34.92321875984831,18.593172771027245,28.163226995670904,9.791000963240252,25.681515945220276,43.88191960230605,39.32333030644409,9.50560878703,32.90635686406239,29.084529572289238,19.277347138352884,29.000240188473143,25.361804627087658,34.779398864089664,26.4622481017963,34.01650879689425,36.67610213983314],
        [40.02635480316233,31.444055338651925,23.340133341133146,49.23889339470622,31.10991423415347,35.226787222753366,9.984088713734645,24.89276806712325,18.911172383897636,46.32903435194557,15.93350259807461,32.34054281555892,32.15587677105268,26.640025471018728,9.784626475940888,0.0,24.323570528008222,10.206589042477086,30.48601251701444,18.893187869250784,36.004366136684766,4.683400979694819,45.66660059320641,23.65850716686558,35.39836119642829,28.375543824602033,19.274334025898348,4.86019919501618,22.956429793408702,43.13254149763399,37.969785361435754,2.8081778528258283,39.26155129833365,24.23995584945437,22.79697788189689,31.207604503524173,16.349340872334984,35.12394040475988,20.905649213764512,30.69493036636709,40.02635480316233],
        [29.020701435313704,32.184551106389804,10.153315748898834,42.53451487999809,31.90368060970186,21.59320082575042,24.22600088918445,13.8091175848713,19.99529604564339,22.162824666492863,22.310743864758088,10.290865737682156,19.078221943316578,10.899642015361685,29.06113543625648,24.323570528008222,0.0,25.122502780482748,6.178518469026812,7.190524679647226,30.094556220579076,19.914494288448473,38.64941057603652,36.05515290588032,18.808352863967297,43.30348323017862,15.816092858570476,20.452123257020155,6.151542800655001,22.31206238489697,16.81246413207589,27.120944722021065,36.60537240649555,0.33465563884114896,20.85325657359026,20.601924448484553,16.32414745672201,18.317779143904847,3.920779847503982,7.38462090511852,29.020701435313704],
        [47.07002971722467,40.71684324527847,28.075923607178098,57.64973911751163,40.37746440085549,41.24044059873711,0.8965449176006666,30.646582412305843,11.171033892416228,46.918430366807044,25.04503282460619,34.870510713644435,38.1309641042081,31.14220065912573,19.885415469319483,10.206589042477086,25.122502780482748,0.0,31.02611289521851,18.12583626079268,44.160258561411375,9.238267494547344,53.918250333772896,33.86509164916149,40.425696180202394,38.395341027815306,13.540960321998359,13.093638923496938,26.250287139168194,46.643973536009305,41.173589663304114,10.688091286464806,48.219958544977914,24.91506827796221,30.862905280633008,37.84603164021979,10.877919247738223,40.056955742640284,21.209124735280483,32.40662796708056,47.07002971722467],
        [28.443549474878882,34.73380632074661,13.022470702151564,42.41409313315301,34.48920693484163,20.90206020245325,30.132157050782656,16.021598436202314,24.770652710578943,16.01447842926032,27.079241294837278,6.964396257018856,19.061688632082898,12.095263067486796,34.826626745866285,30.48601251701444,6.178518469026812,31.02611289521851,0.0,12.903652184233795,31.064751588248168,26.092820929812984,38.64453227611298,40.64436755821015,17.215389835712852,48.03672801915111,20.490870472073702,26.523567454562873,9.80805798505642,18.031789037442643,12.849037325866135,33.286706509705596,37.96420033603785,6.298025887138347,24.152203395499534,21.278156135608658,21.566527675367198,16.70200281573823,9.917310910350498,3.6862667645779905,28.443549474878882],
        [34.24268268523314,34.28691586194081,14.084773759130037,47.093707483314155,33.97240566948129,27.163311956001394,17.232887496653973,17.710367459267676,13.147834301206286,28.815398553529405,21.56007707837144,17.40542389581476,24.323428665179556,16.13469952805852,25.45760532033189,18.893187869250784,7.190524679647226,18.12583626079268,12.903652184233795,0.0,33.98365849619381,14.234721017868637,43.181404908275105,34.97207519111339,25.023708662598022,41.76739224052074,9.201344092387094,15.92098960480015,10.605039832043325,29.42475367105935,23.90979346394542,21.582274600506302,39.90190267265512,6.937912829120587,22.65107603988135,25.217222163878727,9.225837238734762,24.565409613042494,3.3537129102877334,14.574990239990363,34.24268268523314],
        [7.655936323790452,9.00848915055993,20.162847528753087,13.534383155110039,9.089926895769791,11.634554175919197,43.48147990004632,16.43035806874757,45.84884332136665,36.88883602213092,20.31109980103566,25.102789653932216,12.231661343848199,19.35280672689254,31.175274589226643,36.004366136684766,30.094556220579076,44.160258561411375,31.064751588248168,33.98365849619381,0.0,34.9752469991405,9.758056673808252,24.098053766215756,15.989070874891793,30.194693712109213,42.68767110592435,31.56174046423462,24.115160384356457,24.456147795615628,23.72406402701548,37.84983018127705,7.071095542068895,30.40346878898083,13.321264723684017,9.78664126573493,41.49832851831617,16.365816260694764,31.595334123080868,27.586980162547544,7.655936323790452],
        [38.19034348282968,31.53950019973229,20.12073398449882,48.44134726127558,31.199577966605414,32.75740204290351,8.638184564947881,22.196852691800494,15.345583167215816,42.03195350180531,15.897046532964046,28.426881442860747,29.645820498337265,23.36473776837535,13.148187559800961,4.683400979694819,19.914494288448473,9.238267494547344,26.092820929812984,14.234721017868637,34.9752469991405,0.0,44.730043432355814,25.998459347975572,32.43720173431323,31.477841202631524,15.064400867766295,4.1370867166996526,19.163739189424113,39.60875029884885,34.310220834020114,7.349920465212918,38.986828584029965,19.80827320096913,21.66064057681334,29.075570699853987,12.224455881379795,32.117945925970936,16.373207921910833,26.548064987407376,38.19034348282968],
        [10.425934642747723,16.070486797455416,29.138958925728037,3.912575792628977,16.314059252657454,17.788789428724332,53.23918923248772,25.471840763180108,55.37195523941106,41.278491076984544,29.846711108505684,32.06863811743877,19.70530139315608,27.749783928932654,40.30432124534522,45.66660059320641,38.64941057603652,53.918250333772896,38.64453227611298,43.181404908275105,9.758056673808252,44.730043432355814,0.0,31.309980670020522,21.87034854356292,36.21513005525927,52.072440186971505,41.282840114235086,32.93728366437637,27.884469290614025,28.99056454455418,47.42823260775396,8.53949100390935,38.972983104105545,23.071074960037382,18.086524595842825,51.023791964387854,22.35550187263367,40.57946724590821,34.99815846148679,10.425934642747723],
        [31.298739763136602,15.430579030192774,27.934763650180717,33.76610316028329,15.249621540005233,31.218208282212313,33.615913243421495,26.055815126654025,41.20742406951817,53.08207338794475,13.752131862355107,38.095086180147504,29.32941407161229,30.108382344087392,14.225726014366927,23.65850716686558,36.05515290588032,33.86509164916149,40.64436755821015,34.97207519111339,24.098053766215756,25.998459347975572,31.309980670020522,0.0,34.18919261675921,7.477764933183311,40.10129626580089,21.953130216285125,30.84284195221933,43.916381967308794,40.65914309869956,23.72170919049263,22.912380081453097,36.201756801771104,17.798397472307464,26.667442170915155,37.59307617991638,34.256160780392,34.74946660116485,38.61824284714834,31.298739763136602],
        [11.464383675311495,22.68684622987313,12.374096262540258,25.495905461779376,22.56793436462504,4.377625374542817,39.58014885282496,10.58749391514741,38.15364165910557,20.967128908187224,23.75476347182087,10.356656804119261,4.888041179807364,9.306725580998439,34.92321875984831,35.39836119642829,18.808352863967297,40.425696180202394,17.215389835712852,25.023708662598022,15.989070874891793,32.43720173431323,21.87034854356292,34.18919261675921,0.0,41.449143256002856,34.199942348773384,30.54901695364623,14.611294957965086,9.732901947936549,7.741096621031352,37.967429844580145,23.01831070406677,19.141856552953147,16.745594185276346,7.74260194596034,34.062730490566196,0.5137298493243653,21.825505227431613,13.531174785501275,11.464383675311495],
        [37.6804440784318,21.208313012871034,35.39349956642529,38.12405664030283,21.107973228730117,38.2957374014738,38.29014762331321,33.52909137341501,46.82293096182308,60.550617298170714,21.013819008052305,45.572850777948304,36.56859717751485,37.58605823366476,18.593172771027245,28.375543824602033,43.30348323017862,38.395341027815306,48.03672801915111,41.76739224052074,30.194693712109213,31.477841202631524,36.21513005525927,7.477764933183311,41.449143256002856,0.0,46.16593350553483,27.66419035332289,38.228913692913615,51.18174249402892,48.0632216664078,27.783043775564142,27.6764370800556,43.435746978027126,25.233192159560446,33.83297003981337,43.50476596652749,41.5395889689889,41.792449935958906,46.07240759833795,37.6804440784318],
        [43.36581549545411,42.044905664073504,23.14798812140209,55.97795214942816,41.71613332890116,36.35220068725249,12.812217583633641,26.67605384603865,4.280541375092685,35.42686025253962,27.79112627667929,26.06784554153165,33.48440778515353,25.328452914224194,28.163226995670904,19.274334025898348,15.816092858570476,13.540960321998359,20.490870472073702,9.201344092387094,42.68767110592435,15.064400867766295,52.072440186971505,40.10129626580089,34.199942348773384,46.16593350553483,0.0,18.540327295723735,19.797845123839945,38.047207409895094,32.58008534893352,21.327027921839868,48.26198044933421,15.508192354298425,30.591494378608576,34.25130980871672,2.954701253392685,33.73606295106256,12.38646346885859,22.95825628387979,43.36581549545411],
        [35.29620741248394,27.635339409055856,18.556987482716515,44.92767519843843,27.296408092214588,30.377370072110594,12.583727519783507,20.03352678690446,19.270362487559378,42.14788807507293,11.960142602169714,27.835871671879627,27.30183307084093,21.860060371046714,9.791000963240252,4.86019919501618,20.452123257020155,13.093638923496938,26.523567454562873,15.92098960480015,31.56174046423462,4.1370867166996526,41.282840114235086,21.953130216285125,30.54901695364623,27.66419035332289,18.540327295723735,0.0,18.42914571138947,38.39644694389265,33.29865246963409,7.452999638588001,35.22810916509921,20.412315077869405,18.264300537059988,26.399038589197836,15.841452467521123,30.279345610264116,17.365448217955315,26.401894103123677,35.29620741248394],
        [23.69708140325433,26.052003719908505,4.014893388117119,36.843479312766256,25.774531123117338,16.558287488266032,25.377421573449837,7.718347933844796,23.62387698424743,24.064880346383294,17.2813379399749,9.406765554560751,13.742922449334857,5.530643809691725,25.681515945220276,22.956429793408702,6.151542800655001,26.250287139168194,9.80805798505642,10.605039832043325,24.115160384356457,19.163739189424113,32.93728366437637,30.84284195221933,14.611294957965086,38.228913692913615,19.797845123839945,18.42914571138947,0.0,20.51566425080797,15.155130845037885,25.731892497841717,30.514878677279206,6.428936703664471,14.832257145666816,14.855926304889877,19.47398131239095,14.181334745564865,7.685156650816713,8.345356550174582,23.69708140325433],
        [18.036102947304595,32.04426199710365,19.86826347753507,30.912945329956532,31.956921048354754,13.301935561149667,45.75947867966358,19.330127439822412,42.273439236634765,13.485825663927955,33.055645188452,12.025112740214617,14.614932925361385,16.57531148325837,43.88191960230605,43.13254149763399,22.31206238489697,46.643973536009305,18.031789037442643,29.42475367105935,24.456147795615628,39.60875029884885,27.884469290614025,43.916381967308794,9.732901947936549,51.18174249402892,38.047207409895094,38.39644694389265,20.51566425080797,0.0,5.517928915446296,45.83790286176513,31.14570970098649,22.601321465319838,26.371251809173113,17.411711871150487,38.62484154030624,9.663290426638921,26.073553233193596,15.101833185133213,18.036102947304595],
        [18.61146095260777,30.219256119665015,14.946067405485763,32.4116535781271,30.07831122346397,12.092869403568391,40.286803269548024,15.063125857307465,36.792919866796566,13.259132318691252,28.91773959954073,6.5217139754113305,12.193601143847353,11.741536203394253,39.32333030644409,37.969785361435754,16.81246413207589,41.173589663304114,12.849037325866135,23.90979346394542,23.72406402701548,34.310220834020114,28.99056454455418,40.65914309869956,7.741096621031352,48.0632216664078,32.58008534893352,33.29865246963409,15.155130845037885,5.517928915446296,0.0,40.70790945797824,30.736765802394558,17.105713934213956,22.870677327007456,15.127500978628921,33.11495754220135,7.394998741892216,20.55779101806168,9.691184344812026,18.61146095260777],
        [42.19404178159164,32.779280717110026,26.008841570011814,50.92347822917973,32.45106789850948,37.64208041041578,10.700652541160903,27.41936939596616,20.513376092616873,49.13694857116372,17.58232155281348,35.12418704475958,34.59480459022456,29.31175907119615,9.50560878703,2.8081778528258283,27.120944722021065,10.688091286464806,33.286706509705596,21.582274600506302,37.84983018127705,7.349920465212918,47.42823260775396,23.72170919049263,37.967429844580145,27.783043775564142,21.327027921839868,7.452999638588001,25.731892497841717,45.83790286176513,40.70790945797824,0.0,40.731982988272335,27.034001557324277,24.793980679762985,33.5212619513417,18.374559256426924,37.7064347211114,23.674730733520153,33.50060971655439,42.19404178159164],
        [13.393877494063574,8.137160241993776,26.50589685055351,10.899340069691128,8.436821072321061,18.64680359227504,47.62004415128925,22.80249441935451,51.12990822607339,43.84165299946996,23.346388420455558,32.13712538337832,19.283246432939514,26.07534353024007,32.90635686406239,39.26155129833365,36.60537240649555,48.219958544977914,37.96420033603785,39.90190267265512,7.071095542068895,38.986828584029965,8.53949100390935,22.912380081453097,23.01831070406677,27.6764370800556,48.26198044933421,35.22810916509921,30.514878677279206,31.14570970098649,30.736765802394558,40.731982988272335,0.0,36.90252415505554,17.813738115877445,16.737757736583447,46.80610465814968,23.407530711505604,37.76759791523356,34.54263641518722,13.393877494063574],
        [29.352132896289145,32.445572681161444,10.437032275785894,42.85902958179942,32.163454235694765,21.926692620415242,24.018711546479953,14.10312096546073,19.69456673191257,22.302585789668253,22.453230874652977,10.584123936488389,19.407874512107796,11.223329051328705,29.084529572289238,24.23995584945437,0.33465563884114896,24.91506827796221,6.298025887138347,6.937912829120587,30.40346878898083,19.80827320096913,38.972983104105545,36.201756801771104,19.141856552953147,43.435746978027126,15.508192354298425,20.412315077869405,6.428936703664471,22.601321465319838,17.105713934213956,27.034001557324277,36.90252415505554,0.0,21.09194497426323,20.921742534558174,16.04523402044124,18.651046482637298,3.7059438401641955,7.641689817289503,29.352132896289145],
        [17.55306322442954,11.640237073605993,11.144692115808697,26.786835470036227,11.329259939643954,14.53621678290731,30.19883822889598,8.474258986673856,33.33478688392421,35.358348737132864,7.764794714801494,20.565894595415195,12.066129852355104,12.631138567014137,19.277347138352884,22.79697788189689,20.85325657359026,30.862905280633008,24.152203395499534,22.65107603988135,13.321264723684017,21.66064057681334,23.071074960037382,17.798397472307464,16.745594185276346,25.233192159560446,30.591494378608576,18.264300537059988,14.832257145666816,26.371251809173113,22.870677327007456,24.793980679762985,17.813738115877445,21.09194497426323,0.0,9.87767418594402,29.023824609125544,16.740819209193486,21.017185893058173,21.56386427515704,17.55306322442954],
        [9.297672859645923,15.094667270802645,11.132448411115126,21.989699310345127,14.951007204981822,4.678512638530177,37.071631982068865,7.600658775003655,37.76354454304487,28.35234069873437,17.498949234568595,15.443708735816088,2.935420494321674,9.721402147312137,29.000240188473143,31.207604503524173,20.601924448484553,37.84603164021979,21.278156135608658,25.217222163878727,9.78664126573493,29.075570699853987,18.086524595842825,26.667442170915155,7.74260194596034,33.83297003981337,34.25130980871672,26.399038589197836,14.855926304889877,17.411711871150487,15.127500978628921,33.5212619513417,16.737757736583447,20.921742534558174,9.87767418594402,0.0,33.45013343772753,7.925974987255184,22.516799213344356,17.81199837053839,9.297672859645923],
        [42.67655624850707,40.304195116168835,22.48854398818039,54.911977719116955,39.970897572721924,35.88860597234558,10.09876572079192,25.85017053525792,4.350723272619003,36.98673756144082,25.646028334083166,26.59983084153452,32.92886887877105,24.95373318468887,25.361804627087658,16.349340872334984,16.32414745672201,10.877919247738223,21.566527675367198,9.225837238734762,41.49832851831617,12.224455881379795,51.023791964387854,37.59307617991638,34.062730490566196,43.50476596652749,2.954701253392685,15.841452467521123,19.47398131239095,38.62484154030624,33.11495754220135,18.374559256426924,46.80610465814968,16.04523402044124,29.023824609125544,33.45013343772753,0.0,33.619812499589244,12.576573274635107,23.66621806966848,42.67655624850707],
        [11.956391621065425,22.93522376507317,12.028717657632624,25.990479987595837,22.81001122824027,4.790703641354627,39.20877471590499,10.367107894520291,37.70024851251132,20.64372434002703,23.661926719562356,9.847247034592337,5.026637650820228,8.921244170750589,34.779398864089664,35.12394040475988,18.317779143904847,40.056955742640284,16.70200281573823,24.565409613042494,16.365816260694764,32.117945925970936,22.35550187263367,34.256160780392,0.5137298493243653,41.5395889689889,33.73606295106256,30.279345610264116,14.181334745564865,9.663290426638921,7.394998741892216,37.7064347211114,23.407530711505604,18.651046482637298,16.740819209193486,7.925974987255184,33.619812499589244,0.0,21.357658704995753,13.01765318817778,11.956391621065425],
        [31.37327455682727,32.61959168276781,11.460733671489976,44.489437979851054,32.31762183443614,24.15772034537564,20.31276802468906,15.178169968365435,16.436778294907924,25.9281221148487,21.06665219329536,14.05752440757803,21.407020266427995,13.147449747552583,26.4622481017963,20.905649213764512,3.920779847503982,21.209124735280483,9.917310910350498,3.3537129102877334,31.595334123080868,16.373207921910833,40.57946724590821,34.74946660116485,21.825505227431613,41.792449935958906,12.38646346885859,17.365448217955315,7.685156650816713,26.073553233193596,20.55779101806168,23.674730733520153,37.76759791523356,3.7059438401641955,21.017185893058173,22.516799213344356,12.576573274635107,21.357658704995753,0.0,11.283323615822665,31.37327455682727],
        [24.76921660829578,31.690235883615536,10.685600474013183,38.75410988400745,31.461071869006993,17.235936896902054,31.510583073587508,13.18332698047812,27.199826755582073,15.787283861118686,25.340757403498284,3.382132924457031,15.486092362013423,9.072472339732863,34.01650879689425,30.69493036636709,7.38462090511852,32.40662796708056,3.6862667645779905,14.574990239990363,27.586980162547544,26.548064987407376,34.99815846148679,38.61824284714834,13.531174785501275,46.07240759833795,22.95825628387979,26.401894103123677,8.345356550174582,15.101833185133213,9.691184344812026,33.50060971655439,34.54263641518722,7.641689817289503,21.56386427515704,17.81199837053839,23.66621806966848,13.01765318817778,11.283323615822665,0.0,24.76921660829578],
        [0.0,16.599162412492,20.226855778820227,14.03636452878416,16.65066275315494,7.556991503165422,46.30797440603488,16.850106718912492,46.97052494564858,31.187041725996576,25.262034994597794,21.74089595266064,9.97636450673872,18.24800151713107,36.67610213983314,40.02635480316233,29.020701435313704,47.07002971722467,28.443549474878882,34.24268268523314,7.655936323790452,38.19034348282968,10.425934642747723,31.298739763136602,11.464383675311495,37.6804440784318,43.36581549545411,35.29620741248394,23.69708140325433,18.036102947304595,18.61146095260777,42.19404178159164,13.393877494063574,29.352132896289145,17.55306322442954,9.297672859645923,42.67655624850707,11.956391621065425,31.37327455682727,24.76921660829578,0.0]
    ],
    "end_depot": 40,
    "start_depot": 0,
    "truck_dist": [
        [0.0,22.371415421552946,28.602731740969887,16.864515361378285,22.2919402098828,9.91556471212107,63.54173573187212,23.76546618528024,66.41733721152603,36.46566668824328,29.2073160459586,26.783799648061095,13.937591173647684,25.51438782485655,40.799399005401,51.570330801556906,40.0278090022683,64.42108506201264,36.44110941533623,48.32184007359214,10.585279894329537,51.35628521318959,11.461972203033856,38.54197573444866,13.42878849145589,49.07083194164798,61.2916510596347,46.06733762147227,33.32777874147263,22.72487812351626,18.857901123638264,53.24338967075965,18.567204584570895,40.49945449168199,20.905421757080223,13.017068658406766,60.32263158251706,14.123595168293777,44.056208564662114,31.56605677113441,0.0],
        [22.371415421552946,0.0,22.739010781289963,23.97676940836491,0.47448055477802153,26.35862216281533,56.4294816848855,20.62361398151998,59.30508316453941,58.83708210979623,22.09506199897198,37.46979911191377,24.56213444025216,26.243770346046254,33.68714495841438,44.458076754570286,32.91555495528168,57.308831015026016,39.40422370554589,41.20958602660552,11.786135527223408,44.244031166202966,18.574226250020477,16.170560312895716,31.456118265413018,26.699416520095035,54.17939701264808,38.95508357448565,26.21552469448601,45.0962935450692,41.22931654519121,46.13113562377303,10.860696732510156,33.38720044469537,13.793167710093602,20.51416887025259,53.21037753553044,31.668439715095246,36.94395451767549,37.55733793876837,22.371415421552946],
        [28.602731740969887,22.739010781289963,0.0,45.46724710234817,22.659535569619816,18.68716702884882,34.939003990902236,4.8372655556896476,37.814605470556145,36.098071328506265,20.941207427822107,14.730788330623813,14.665140567322203,3.5047595647562915,32.39386546946149,23.706814255733992,11.425077261298416,35.81835332104275,16.665212924255933,19.71910833262226,26.327084240461293,22.7535534722197,40.06470394400374,38.90957109418568,15.173943249513997,49.43842730138499,32.688919318664816,19.588545385150894,4.7250470005027445,22.357282763779242,18.490305763901247,27.30856379260979,32.35117442649342,11.896722750712104,13.75353568084402,15.585663082563121,31.719899841547175,14.47913657267611,15.453476823692231,14.818327157478404,28.602731740969887],
        [16.864515361378285,23.97676940836491,45.46724710234817,0.0,24.451249963142928,26.780080073499356,80.4062510932504,40.62998154665853,83.28185257290431,46.93596658822973,46.07183140733689,43.648315009439386,30.80210653502597,42.37890318623484,57.66391436677928,68.4348461629352,56.892324363646594,81.28560042339092,53.30562477671452,65.18635543497044,19.14016286188688,68.22080057456787,5.4025431583444306,38.63004609247389,30.293303852834175,38.60053204166153,78.15616642101298,62.93185298285056,50.19229410285092,33.195178023502706,35.226228865078596,70.10790503213794,13.116072675854753,57.36396985306028,37.76993711845851,29.881584019785052,77.18714694389536,30.988110529672063,60.92072392604041,48.430572132512694,16.864515361378285],
        [22.2919402098828,0.47448055477802153,22.659535569619816,24.451249963142928,0.0,26.27914695114518,55.955001130107476,20.544138769849834,58.830602609761385,58.75760689812608,21.620581444193956,37.39032390024363,24.48265922858201,26.164295134376108,33.21266440363635,43.98359619979227,32.44107440050366,56.83435046024799,39.324748493875745,40.735105471827495,11.706660315553263,43.76955061142495,19.0487068047985,16.250035524565863,31.37664305374287,26.778891731765178,53.704916457870056,38.48060301970763,25.807974655727904,45.01681833339906,41.14984133352107,45.65665506899501,11.335177287288177,32.91271988991734,13.31868715531558,20.43469365858244,52.73589698075242,31.588964503425096,36.46947396289747,37.47786272709822,22.2919402098828],
        [9.91556471212107,26.35862216281533,18.68716702884882,26.780080073499356,26.27914695114518,0.0,53.626171019751055,13.84990147315917,56.501772499404964,32.478459946980905,24.560818809347474,16.868234935940023,4.022026461526615,15.598823112735479,36.01347685098685,41.65476608943584,30.11224429014723,54.50552034989157,26.52554470321516,38.406275361471074,14.572486635591918,41.44072050106852,21.377536915154927,42.529182475711046,5.09749610259769,53.058038682910365,51.376086347513635,36.1517729093512,23.41221402935156,18.73767138225388,14.870694382375884,43.32782495863858,22.55441132583328,30.58388977956092,17.373147062369384,5.84445329256274,50.407066870395994,5.309817552279917,34.14064385254105,21.650492059013338,9.91556471212107],
        [63.54173573187212,56.4294816848855,34.939003990902236,80.4062510932504,55.955001130107476,53.626171019751055,0.0,39.776269546591884,14.758180833045415,52.3182629223271,34.334419685913524,36.757936083811025,49.604144558224434,38.027347907015574,22.742336726471127,11.971404930315213,24.917734405847465,0.9134168457679124,32.88540451807677,19.03416925152595,61.26608823136353,12.185450518682536,75.00370793490598,41.77620500077652,50.11294724041623,42.76470070638804,17.978958751510177,17.474398110399854,30.213956990399492,51.95804317194673,45.180022228171815,11.088372198788953,67.29017841739565,24.956968645129972,42.636313974791904,50.52466707346536,13.914291453124335,49.41814056357835,21.10761286042506,31.975678960737714,63.54173573187212],
        [23.76546618528024,20.62361398151998,4.8372655556896476,40.62998154665853,20.544138769849834,13.84990147315917,39.776269546591884,0.0,42.65187102624579,38.21346812827625,18.825810628052125,16.846185130393796,9.827875011632555,5.620156364526274,30.278468669691502,27.80486461627667,16.262342816988063,40.6556188767324,18.780609724025915,24.556373888311906,21.48981868477165,27.590819027909347,35.2274383883141,36.7941742944157,10.832504283893037,47.323030501615015,37.52618487435446,22.30187143619203,9.562312556192392,24.472679563549224,20.60570256367123,29.47792348547941,27.513908870803775,16.733988306401752,11.638138881074038,10.748397526873473,36.55716539723682,11.044825733575264,20.29074237938188,16.933723957248386,23.76546618528024],
        [66.41733721152603,59.30508316453941,37.814605470556145,83.28185257290431,58.830602609761385,56.501772499404964,14.758180833045415,42.65187102624579,0.0,41.60769601661861,37.21002116556743,39.63353756346494,52.47974603787834,40.90294938666948,30.931854708686064,22.24480349495857,26.38952820925773,15.671597678813328,29.976227796189804,18.095497137933886,64.14168971101745,15.624933861853002,77.87930941455988,44.65180648043043,52.98854872007014,47.97641654060958,5.12568615189133,20.349999590053763,33.089558470053404,54.833644651600636,48.055623707825724,25.846553031834368,70.16577989704956,25.91788271984404,45.51191545444581,53.40026855311927,6.0947056290089705,52.29374204323226,22.361128646863914,34.85128044039162,66.41733721152603],
        [36.46566668824328,58.83708210979623,36.098071328506265,46.93596658822973,58.75760689812608,32.478459946980905,52.3182629223271,38.21346812827625,41.60769601661861,0.0,57.03927875632837,21.367282997882455,34.274947669544076,32.59331176374998,68.49193679796775,59.80488558424025,27.40052851647964,53.23167976809501,19.432858404250332,33.284093670801155,47.05094658257282,53.18501595113469,45.74054779619143,75.00764242269194,27.38096384438321,85.53649862989127,36.48200986472728,55.68661671365716,32.94963224239818,13.740788564727024,17.607765564605018,63.406635121116054,55.03287127281418,27.361294277197132,49.85160700935029,38.32291323954364,38.403971469202766,27.168642394700985,31.210650061902044,21.279744171027865,36.46566668824328],
        [29.2073160459586,22.09506199897198,20.941207427822107,46.07183140733689,21.620581444193956,24.560818809347474,34.334419685913524,18.825810628052125,37.21002116556743,57.03927875632837,0.0,35.67199575844592,22.7643310867843,24.4459669925784,11.592082959442397,22.36301475559831,29.638750239848736,35.21376901605404,37.60642035207804,23.75518508552722,26.93166854545001,22.148969167230987,40.66928824899246,17.968363666363572,29.658314911945162,28.49721987356289,32.0843350136761,16.86002157551367,24.089646513930195,43.298490191601346,39.431513191723354,24.03607362480105,32.955758731482135,29.677984479131243,8.301894288878376,18.716365516784734,31.115315536558462,29.870636361627387,25.82862869442633,35.759534585300514,29.2073160459586],
        [26.783799648061095,37.46979911191377,14.730788330623813,43.648315009439386,37.39032390024363,16.868234935940023,36.757936083811025,16.846185130393796,39.63353756346494,21.367282997882455,35.67199575844592,0.0,12.90766467166162,11.226028765867522,47.1246538000853,38.437602586357805,13.244009354207208,37.637285413951545,9.657309767275134,21.53804042553105,25.68366358469037,31.817732953252236,38.24577185109495,53.64035942480949,13.355011156605205,64.16921563200881,34.50785141157361,34.319333715774704,11.582349244515726,15.200107088135695,8.422086144360788,42.0393521232336,33.66558827493173,13.715654843620896,28.484324011467834,16.95563024166119,33.53883193445597,12.660204479767318,17.272408916601023,4.782257123073315,26.783799648061095],
