{
    "drone_dist": [
        [0.0,3153.4656612605645,4557.12315332338,2342.9077812577802,4437.957764163899,3055.4457983126877,4733.198372703613,5349.654845269387,2362.6256833292073,4566.575062616076,2725.935929232997,3508.08620057257,1277.5754414456107,3777.0271404774253,996.6057829798583,2283.5162332438513,1169.7699920279285,1840.0206102893756,3633.7964541759134,3148.720725017614,1023.3130586827123,1349.7606902327755,4722.451766072298,2888.4720740686516,3508.1991116962467,1961.2452301245114,4253.250250899761,4953.592449400078,3435.4802032929306,1453.0230821924854,1167.638830726339,4003.8121363876426,3211.830549970305,2456.86883578168,2884.0005337995594,4608.817135207005,3351.7074042793056,3402.173003999127,3316.141371320299,4245.146237274382,1500.629761501335,2423.3125361694774,4497.725803158,3702.1669141616685,3559.056342123868,1180.8045922859053,3352.458425894444,2017.2651835518343,2888.235922359202,3358.0279966281214,3787.445687679225,2881.1348401237215,2132.9757566176863,3753.591471957491,3548.103525839065,3780.6599960452468,1487.9225407453962,1268.854775872551,3469.4803286594215,2871.055956491217,4056.2425818595652,2521.3522921223557,1337.6869722639665,3017.423102096509,5780.93405226176,4002.7427866000767,1814.9508337403192,3976.6443822327888,2746.9262389070086,3494.414173841287,2327.663181316991,3254.547439308305,3446.0155411769165,891.4090666667017,5232.3020892311415,1857.7896265632453,3733.7175065505544,3355.0435902809672,3002.163511219642,3407.2944077203965,5432.835863294228,2992.272653150126,1831.1955257613145,2456.00400439421,3168.2478711603108,1517.4834851461424,1522.0615284287023,3640.7701655951087,1850.6805956102007,1557.5649648928668,2011.5491039703616,3176.934840867166,3612.848888823565,1659.6307149553647,3375.106032765694,3708.8022997774756,3523.1583046326236,4729.1775370794485,2462.244651138395,1676.193230774769,0.0],
        [3153.4656612605645,0.0,4317.058868382652,3675.5198694591227,4952.209820583162,1058.171553356424,5522.833706101498,3401.8856907556446,1139.7870310074713,5143.872371975488,1283.979827171575,448.0106993486935,3873.2422202349017,980.1655290014326,3403.7016126459603,4086.591347882111,3381.909289558835,1722.028259330114,2738.269885813229,721.7219655431572,4159.582394588355,2956.069387634875,2497.8340560698334,4256.098407862565,2658.809404484604,1568.0721735925313,2857.4826960469227,2715.82035234986,326.17601971289264,3793.4767417610233,1986.1424723013686,2568.2578390430426,1400.7814027647953,2203.4814176425025,4545.838197373478,5110.573072431322,4149.117934852569,3678.584259643,497.74115679179147,4253.807975174354,3988.5049126084496,1960.0689119770554,3531.8133802309067,3672.8306524715845,3392.7075591026137,4155.743567399195,949.8271569347927,2733.2874886847558,2038.7891725434672,1650.0760943672522,3936.7850487506507,3581.7177899888966,2723.730615776803,4545.980726774717,2983.84861920203,1118.1477291921803,2849.3010192117094,2944.8580234374003,1514.6537603547604,1636.200357847251,3459.003323592158,4196.3646309253745,3055.2497544838275,261.7511441667895,3596.0144376430894,2444.529200654099,1997.345764652421,2587.3797145642884,1761.6039837859093,1696.8433561973031,1464.9173086648593,1094.9143485817235,2794.6546603102784,3661.7324018151894,2822.7616227635367,1407.0554628837551,4422.093508303814,4355.156294422361,2873.0429969090833,2533.7227157394123,3199.1110121400498,1359.571039991166,4319.131586699876,2952.0021243039705,353.4230277319062,1882.2648947945556,1887.954357639295,543.3064036879334,2190.855012216245,1864.861283178515,2435.096330863084,4450.484653515182,491.38612598590686,2311.837696235382,3572.362891823569,2263.3395170804192,565.2838298367008,3656.746466185801,1147.2561621125392,1648.6936757364927,3153.4656612605645],
        [4557.12315332338,4317.058868382652,0.0,2423.9282998015638,1126.6945784581774,5247.0145467205,1725.383737717252,2539.5350491414415,4849.85230301251,1283.8370217340162,3088.811737773574,4159.401469394221,3861.982255716502,3756.868241922023,3735.6125107223697,2852.9583445536696,3540.860866512974,4970.505528186069,1585.7449350051306,4986.674491716581,4885.882012631707,3212.04631579839,2870.897441453636,2261.9113540476224,1658.4008635350167,4923.1048345979625,1777.8074947214639,2911.717569768192,4565.742000613573,3560.1884540575884,4223.598219105813,1949.7038541196896,2928.7935776188606,2429.9713152547884,2626.663714271803,1181.778530620459,1537.8925175069091,1173.0625751886353,4814.573668912041,397.4516144305322,3722.3213636369114,2629.7110255084012,1086.6825273354234,857.6853169303484,1053.4618868317127,4456.1643442858285,5247.1345780917645,2560.312017532987,2335.4290546726884,2699.6524441593415,804.9076522389952,1741.7045468359654,2452.93115011028,1443.0109052230328,1344.268597308295,3577.330829031238,3069.345553558189,3291.995813549344,2885.710311420937,2709.1672243333805,870.7288559048241,2671.219296824693,3239.3045339103737,4489.630872654169,3062.3097373398928,2105.872955750874,3098.6831441173254,1906.493087575378,2630.6924999779726,2695.2053769035647,3127.4079724062954,5352.23044822866,1531.8888887335754,4085.8081035084087,3247.976144953239,3718.515291415271,1313.194164532414,1753.1526811150848,1673.1388278762613,1783.7082648501673,3013.937009800049,5475.4573489152535,3735.705676370949,2108.9801161509467,3978.2791976776416,4796.264169000263,4809.808527180265,4717.063369949768,2932.0964567339256,3510.1167914039165,2659.420807589611,2108.5456583037194,4296.635670969674,3047.8048467841604,1184.366997261565,2145.608132057085,4850.936275800758,1190.0602311220234,4950.963192371916,3623.0211441449824,4557.12315332338],
        [2342.9077812577802,3675.5198694591227,2423.9282998015638,0.0,2102.0619586295734,4220.962049768906,2401.2136583961183,4072.205118146537,3599.719345042978,2224.690728327255,2506.2902734929885,3784.4666789546454,1442.3468003485261,3699.1766180420213,1392.689547787886,551.99134755825,1198.2281147551575,3423.062973060757,2201.541999203968,4106.245618554923,2480.0069955924655,1075.793123406287,3818.493411214874,629.8603118617888,2114.634240597113,3448.5072671095836,2895.0799965124766,3995.301055044762,3999.0775385883476,1139.5287583497523,2498.072908764126,2778.2946079962603,2762.8396721426057,1582.3668856475442,870.4755916654583,2270.653631636331,1021.8095432891748,1273.1543101884304,4088.917164849482,2054.7982405264456,1298.8432135825092,1790.9108745137535,2770.7815081200824,1651.1281195658682,1646.3876665533573,2034.7449491194318,4378.293123824148,942.2404884376627,1998.8192041467419,2716.365141502157,1619.3293204527718,699.3814456496614,962.2657902444141,1411.1445973073648,1919.8971109278564,3590.5809366929466,1035.7846499960356,1149.3359747447403,2930.2667375303645,2312.617738466592,2233.0393945153683,546.4931339572119,1043.225760690996,3711.2512679641854,4601.366089782404,2867.116106185374,1708.9272297309951,2730.064443398685,2129.0221624933315,2822.2043078405295,2218.3219860383197,4391.031234613282,1941.3460574528435,1702.1240080877405,4349.590557790935,2427.4021816439995,1400.0656632508876,1014.5299681087821,1400.379407193113,2096.742022801096,4359.118308356036,4330.547970873063,1350.5016266145938,860.172923290971,3458.919930229602,3143.4369798070256,3155.715148910676,4210.355251913232,1499.1731620356188,1995.067087241724,1240.6320393359417,895.0018832434931,3933.6094543924764,1430.1592363447683,1303.3915207033583,2641.2933984710257,4226.7644521040775,3007.9436529116197,3720.0168795301547,2209.085448118555,2342.9077812577802],
        [4437.957764163899,4952.209820583162,1126.6945784581774,2102.0619586295734,0.0,5768.825723306812,631.6844336001446,3655.0404557786687,5267.578054336406,195.06850404060583,3670.1544374587334,4879.851684915444,3481.0419240393153,4561.000148434845,3493.5285572093344,2343.909456402872,3299.9131647720633,5257.160333572749,2389.5349367686363,5557.689903857241,4527.03932163201,3119.326187216875,3901.5027749617225,1670.1169837925192,2414.228312252454,5242.937320078602,2782.0097504386954,3971.056304442555,5236.816798356317,3185.282622265061,4399.213712141113,2888.089747526874,3644.3074299738278,2818.9911205959634,1919.5048109412273,175.18930004945543,1086.4082070014224,1288.6464179956479,5437.667675418237,861.6564706480556,3294.865394329006,3057.4071433641716,2168.290290781743,1304.1232106462194,1585.2768936467262,4047.807154838156,5829.996504208951,2642.848385616032,2914.807432063413,3456.007105118397,1023.6395752588126,1613.7639075599634,2567.9392313246904,704.5708150180881,2054.9105687191136,4394.480917139944,3025.0262878110902,3199.162629257666,3668.038892235126,3319.635573625848,1791.9017273676097,2112.165963937023,3110.711737788207,5081.93062314994,4183.799191998273,3040.435973759709,3358.4485229978,2838.360490563336,3191.487092750482,3487.9028647512087,3587.726284427556,5902.378496988237,2230.8535282521643,3785.569515546184,4319.66330854776,4069.3279443607203,704.2555513551702,1123.9973704554257,2084.3470970466806,2510.6759770506965,4116.617588971385,5954.742406512817,3204.6936374191796,2220.0851472358077,4641.347919975727,5026.464284321689,5039.738268219585,5413.945328398008,3154.6010019244673,3749.5609524280226,2848.4562232920407,1416.9217888938804,5026.588881022961,3201.961270208535,1386.998401686341,3000.896518674455,5511.4709691978715,2303.602753296208,5379.977713498461,3914.8453422648477,4437.957764163899],
        [3055.4457983126877,1058.171553356424,5247.0145467205,4220.962049768906,5768.825723306812,0.0,6301.612832519825,4457.763420289885,700.793508370252,5954.499471010894,2158.2519488879,1448.4709952129817,4057.036192943423,2013.4876813103613,3598.1487283128954,4538.5796939801685,3634.3807554911,1251.2545669665794,3698.085450124984,358.16589591510507,4072.293044092755,3312.33312514617,3549.0454513372556,4839.939943664747,3605.078938598433,1108.067401334988,3889.003846276853,3762.6029251634814,1014.293192779543,4056.0005642412,1982.918279953219,3594.254366240887,2400.060385604975,2951.1546035799565,5068.618057977165,5935.195317818602,4866.299031455681,4480.205014146221,673.752919997549,5139.113373007667,4218.855542798209,2711.4479996307805,4537.384456470244,4536.26596745698,4264.953308412708,4195.911066327466,344.3700753036473,3311.6993623904705,2915.840262483876,2657.8867579666553,4780.412896102751,4279.312813283901,3336.6624155529535,5286.289102626599,3902.7461384638405,2166.2026068480786,3256.724300918063,3276.235172828925,2547.9207799555593,2538.7039234946747,4410.931757438444,4692.948711864255,3399.4076759067107,813.9314385702664,4634.1595627690085,3478.6728710400175,2523.966031677739,3608.983806617527,2621.6928206909047,2721.886324902035,2181.1009470456434,199.12170341702793,3715.4253614248078,3764.492907033491,3846.731229590501,1794.02834879206,5179.258058252887,5037.137103987755,3692.9958736585872,3474.3437637488055,4238.220545390249,314.7078220467993,4571.313111898206,3629.227276413247,1401.5266055702093,1549.5100309119189,1547.3172862759031,1072.2089447616731,2739.4223397997325,2234.876583817149,3032.6180966444026,5070.692918244522,1411.32871906157,2790.9093212769667,4383.269915912658,3276.4994704867413,839.0057419181823,4677.332356410638,593.9659870257916,2014.6305251990239,3055.4457983126877],
        [4733.198372703613,5522.833706101498,1725.383737717252,2401.2136583961183,631.6844336001446,6301.612832519825,0.0,4264.6035960026575,5770.700474252099,447.40734726302367,4238.8722246904,5471.503251890649,3664.3521343863513,5170.9479743708225,3753.7172880195003,2511.8308134744398,3568.2420086992593,5713.735992073071,3012.353432654959,6106.704043345682,4691.4305330546,3467.713304291337,4532.466237692067,1854.8561748511581,3031.4987553278993,5711.967342211798,3413.3555328941134,4599.49393730385,5814.893579831501,3384.615280837236,4825.636729288236,3518.744511960248,4242.893306011762,3353.931195051323,1983.3258788109201,543.6054904436744,1470.6922054940233,1844.4377281424127,6002.093238917726,1491.4119338156947,3457.9120570515483,3596.816392176721,2789.600688575553,1916.4199220796472,2193.794413562092,4195.463353049143,6380.8194594011065,3085.3023249395897,3494.3938707861753,4063.5235086735865,1630.5133616146618,2053.5743990444566,3025.820299515046,1037.1934209633519,2672.0325046311245,5007.310008444936,3398.991282611207,3544.2463036469085,4278.5059798740995,3899.7386118348973,2423.5760011195057,2267.1637832399024,3442.8024727486973,5640.199765537634,4787.121788894296,3670.6594889023922,3838.679371477478,3468.805097520437,3762.132566353636,4101.119192120238,4125.61959445359,6443.030072744014,2843.5299116857823,4004.134259528595,4946.404897139246,4565.284459170891,1125.2807500854367,1389.1955531407257,2650.2872045882395,3122.9841110779867,4734.095784889944,6472.680899709835,3305.4496442418977,2695.242633440255,5221.029821779034,5464.3774134321175,5477.366340762241,5997.50785218643,3627.804986407891,4213.205132126955,3320.440113100161,1568.470554894677,5619.650756560887,3649.209931402129,1952.1767478023276,3624.93171440061,6085.43200729488,2913.78437231788,5885.836906985841,4393.541856343637,4733.198372703613],
        [5349.654845269387,3401.8856907556446,2539.5350491414415,4072.205118146537,3655.0404557786687,4457.763420289885,4264.6035960026575,0.0,4404.87066998579,3821.083285806196,2763.3978245703465,3024.7807182800307,5241.692068232255,2460.0486352087037,4911.8705987671,4620.447144466238,4758.897513569141,4822.102004458799,1881.8468775134731,4109.7413608887955,6070.657192455501,4269.955103257918,921.643947768519,4264.160855213047,1984.5148720628058,4704.771751574083,1182.8739371998374,747.4572355506089,3485.914426814026,4987.755111315107,4486.475236880947,1367.5099015778349,2292.725293760756,2928.7692348497826,4673.683993637238,3721.058332967936,3652.0209618849203,3013.519400544001,3823.884397968772,2812.418681718022,5200.531742091432,2927.94699740652,1504.1693135544087,2671.272446880426,2522.0850167647095,5786.06892881555,4291.8411401323965,3563.9248776867166,2466.2944646150827,2072.021324154473,2902.4023165826693,3451.4287002225446,3452.471473416874,3779.406913070938,2155.0707676213474,2295.211435654763,4090.001955160919,4326.409594596584,2053.4213024786445,2510.1927616523935,1995.9188569430369,4540.711160154019,4349.5540379901795,3656.368870403772,546.3671922839137,1348.3310624854971,3534.955610233699,1404.13800320668,2610.5373049457294,1947.9649743376774,3097.6907095744873,4469.413908208288,2137.1746949370313,5291.410085236275,900.9272359731403,3727.157278282934,3622.2285782488207,3927.398979426876,2684.6358553333407,2039.5461447602017,515.4014626987946,4761.456724744141,5369.068324427669,3296.6384534179006,3072.4786154210383,4812.504216308523,4824.000525838061,3528.097457662751,3513.865217808736,3837.710211977899,3428.2958258751937,4243.063292151896,3097.144073348379,3716.300022878368,2922.5304694936244,1641.4044173545183,3744.4836002500965,1351.6291123935578,4457.470353362254,3798.2140016636336,5349.654845269387],
        [2362.6256833292073,1139.7870310074713,4849.85230301251,3599.719345042978,5267.578054336406,700.793508370252,5770.700474252099,4404.87066998579,0.0,5447.36102576805,1819.3664976523767,1587.5918654501334,3359.909920280831,2090.9689536885608,2903.6212136917666,3884.3831984251797,2946.6063824579605,625.1174000984162,3364.493265775277,810.4482984322282,3383.003368074523,2647.636938256929,3537.4058653143093,4225.958390897753,3257.849807619034,466.65709019218605,3670.5347669858893,3766.8571055660304,1289.9407785472695,3367.0842320008064,1283.7727794208408,3369.8528266738567,2178.0924137480242,2462.1509657577676,4431.037317555728,5438.124529286588,4313.440560337078,3984.8437282651666,1048.850814479611,4699.531816050778,3525.3799020179076,2236.856367680161,4252.897218868672,4086.811686555605,3827.980191362666,3496.0522178986316,990.7597357146569,2720.5315137616185,2525.285461342782,2433.7469390886267,4311.068140465546,3724.4448871374148,2760.2142013185016,4741.464541988628,3517.647830350066,2200.5470505017984,2606.2772030749975,2606.3523618158224,2379.7560190511963,2193.4386891454387,4051.5860010694673,4050.268972082008,2730.69226026226,895.587783319094,4658.772301313468,3276.8433450583475,1939.5829059993966,3374.716616314947,2232.9452223671024,2526.5996901978083,1723.134005334878,898.8365856505671,3337.142073694377,3064.0092701973995,3914.045584934117,1206.16823926391,4645.496687082222,4464.013320925143,3227.6268042785464,3124.664682841142,4263.222526366249,732.9773155596978,3878.9735755132133,3076.77719565144,1382.5653159769229,878.6196910318811,878.817788258114,1445.8015051375667,2154.5200623321834,1605.1053587677773,2458.446676717646,4469.066190346411,1618.28302659379,2175.9220100296016,3896.1026289928077,3035.515684739012,1263.5937490761473,4419.57228392839,120.69082870886555,1397.4065019278269,2362.6256833292073],
        [4566.575062616076,5143.872371975488,1283.8370217340162,2224.690728327255,195.06850404060583,5954.499471010894,447.40734726302367,3821.083285806196,5447.36102576805,0.0,3861.2569598650844,5073.967910455268,3576.6143151727997,4756.068471545783,3610.776336625453,2430.02525716086,3418.9009044659742,5426.8879542869445,2583.8633741905446,5746.143545902596,4619.613918375737,3259.600688554115,4086.4952066138057,1755.120767886112,2609.1602457717927,5415.443663918266,2968.071500520796,4152.256696046964,5429.498180106411,3284.495873515454,4561.288557318551,3078.9048285833937,3838.8876638521,3003.6798644312084,1970.7835409920963,118.01434775402892,1223.6374573542603,1474.9639855849123,5628.520605977904,1045.1945560590736,3384.0355841073647,3243.167019427918,2342.605489316311,1499.1464501399767,1780.1946663142917,4134.632953862931,6018.799223121039,2806.243879747342,3107.2087056770024,3651.029341553694,1218.212167325137,1772.5723783795193,2734.9649160967597,813.7390633628104,2249.8800360503697,4589.521328297659,3171.822361649317,3338.7547071168005,3863.1070088160996,3512.2334543016364,1979.824173565698,2192.74876229358,3246.6029580706063,5271.785146715508,4346.026389007096,3231.686373874099,3532.0138124414375,3029.4214960123545,3382.7120990372036,3682.9480515590153,3773.5466310137695,6089.478608048545,2425.9219713683024,3891.924837120408,4499.000540371604,4246.990820582828,844.4148557957033,1224.5348320095009,2274.1061908398633,2705.7442522455203,4288.171103289939,6137.685239705913,3275.3903162956794,2390.4675747625975,4834.151394249083,5191.758285309371,5204.974618924014,5607.288529609911,3326.302285783262,3919.7599683877033,3019.4098934242347,1487.891688807115,5220.839196037088,3367.5966226029664,1575.534045083535,3194.9014183650374,5703.660553563632,2469.6601621146297,5560.358837907162,4088.616809197764,4566.575062616076],
        [2725.935929232997,1283.979827171575,3088.811737773574,2506.2902734929885,3670.1544374587334,2158.2519488879,4238.8722246904,2763.3978245703465,1819.3664976523767,3861.2569598650844,0.0,1290.787184726324,3037.145444117632,1224.9645673666505,2598.537952386817,2977.045058823601,2514.203198979542,2108.0729016933656,1553.1906707937617,1905.8712821453253,3604.911614192729,2019.7930286183152,2024.2993995448708,3045.419952545376,1453.1179768004138,2012.129837774726,1874.9133485334237,2260.437701482406,1580.5977393988953,2879.7802259608793,1737.6686714977586,1575.8557391537124,492.63928577300936,950.1748589060636,3369.121594586374,3829.8891284409797,2877.2778723806537,2394.6057676853043,1767.6376444658636,2992.402708479333,3094.672382624846,719.275669764403,2433.532969342266,2399.9938847562034,2122.708974903517,3455.786918150997,2172.7146602967964,1586.0343379130863,764.60635977289,691.4674130710428,2658.364185747749,2321.76948076106,1545.8257349420114,3266.930149816876,1744.5629025325127,1155.3528696590004,1868.6809265586462,2038.2027380481059,751.6214829000846,381.75966978304683,2257.0253892774217,3047.447303798718,2120.8570781883286,1417.258917440598,3126.2049999977808,1503.6510386454593,1027.5396343018099,1574.2520036025744,478.74192775524705,817.3067890852348,407.6248270925333,2266.3382632141843,1557.1807245670693,2933.9204637712514,2516.1183722688434,966.2268529893763,3140.556726632896,3093.854913859816,1589.1411152132773,1320.924864322558,2754.9807256837835,2393.495711728051,3383.2832898981983,1715.1605260535623,994.2268747250964,2059.2989061364715,2071.3070365644026,1772.8965678446434,1145.3278170789176,1169.323690321121,1296.7005524586052,3216.169240408873,1441.8352759677432,1329.8663147052011,2288.570792117663,1237.8191850514204,1847.0151456662247,2602.529065695951,1906.5831683606382,1069.6690203374853,2725.935929232997],
        [3508.08620057257,448.0106993486935,4159.401469394221,3784.4666789546454,4879.851684915444,1448.4709952129817,5471.503251890649,3024.7807182800307,1587.5918654501334,5073.967910455268,1290.787184726324,0.0,4131.505802179852,566.966683060693,3666.8605090832452,4233.196834990062,3624.6737204645506,2163.0561683800615,2574.421546337831,1093.099373624259,4497.394065314527,3169.1706501559647,2108.723158312297,4334.876904447844,2511.746812366302,2010.7836493643101,2592.128278526543,2317.4741020167235,464.09936103643685,4024.39552753427,2349.312877140376,2317.4976487450085,1241.240634393338,2240.9072746849797,4651.720271931563,5030.977067073593,4152.9472387500655,3633.74240362107,799.139520315365,4136.097677959035,4228.164166225777,2008.4274548936762,3299.108274688865,3581.095029993488,3298.677513564505,4457.038385000422,1267.7335549966078,2850.217303528246,1982.7820598979242,1459.7899579781113,3856.5543682509856,3607.6797029732606,2822.2707741916,4529.708311949222,2856.6551749076802,731.1498280140777,3044.142785445799,3168.313397627362,1281.7671407390146,1580.7549741872083,3290.261292903107,4320.178225015901,3270.485807418105,702.8925511057761,3185.733715457858,2180.5469758994354,2174.724185105667,2343.885989869114,1737.4744178383535,1472.7622269529488,1577.0737619758497,1445.4238961365359,2670.1181389128506,3950.698134644504,2400.0871531676,1691.1365703089064,4396.455789669115,4377.416897964913,2832.733309371745,2396.108432682414,2789.9368867552666,1760.1135506803807,4545.696081797737,3005.9172999530106,353.72165769498406,2307.229996678206,2313.734463121892,563.0268347447773,2346.4269417601836,2119.350461742479,2553.3461655502015,4506.76932075919,151.273142793865,2495.224621026493,3522.728627604284,2040.9481584682349,739.6044810123954,3401.109953027195,1594.486412730566,1919.8261753928193,3508.08620057257],
        [1277.5754414456107,3873.2422202349017,3861.982255716502,1442.3468003485261,3481.0419240393153,4057.036192943423,3664.3521343863513,5241.692068232255,3359.909920280831,3576.6143151727997,3037.145444117632,4131.505802179852,0.0,4242.62201720782,470.36231555047476,1153.3760348422,523.5368851128637,2952.480825723124,3375.3378518177083,4066.2197204748695,1047.1088110134615,1028.5951564525158,4805.150638993191,1823.5328522883306,3263.81962349633,3041.18207685086,4066.422298624822,5014.261501004946,4190.1537332796,302.9033021689319,2076.9068850354415,3881.179372104621,3451.4961652915213,2372.6243519127497,1710.0504191030034,3640.1027005441447,2436.0772578420138,2698.0825556247933,4160.016815516324,3496.7268046564345,228.57792791373035,2466.6913673453514,4096.529627004127,3062.5504832354804,3009.444263498611,594.6376171353713,4307.694571812833,1681.4290841808804,2862.1354510177225,3508.9149700000976,3057.1701750511806,2122.640063777258,1790.1644297906307,2776.480524938482,3171.853598433854,4190.679095371743,1198.2717894004838,1000.4808766616343,3682.125030719549,3019.914710318126,3581.2648976501655,1397.3657770667228,932.0995853389927,3809.4200805593,5738.415811740185,3929.84411308613,2011.4927322537728,3840.95169075944,2848.882664562322,3639.3836189006406,2642.535522606318,4251.942675995699,3134.786958231757,390.70257661613556,5341.853545098725,2466.1884777962437,2798.3349255467488,2357.3480732080475,2600.1905338357633,3202.1759580957983,5442.66820096471,4060.711769742571,557.5586779106277,1974.2515169404603,3777.927385380978,2625.5103073682913,2633.843766159917,4407.822251517295,1904.5067653688482,2014.7563839299257,1863.9924830745786,2101.8581541840435,4262.914023138515,1709.342215632169,2712.12593160004,3657.1201903720475,4345.528904691098,4336.935165191642,3474.317191778586,2225.2497966978963,1277.5754414456107],
        [3777.0271404774253,980.1655290014326,3756.868241922023,3699.1766180420213,4561.000148434845,2013.4876813103613,5170.9479743708225,2460.0486352087037,2090.9689536885608,4756.068471545783,1224.9645673666505,566.966683060693,4242.62201720782,0.0,3792.784408055288,4188.888929480401,3722.3108687552417,2626.261614076971,2192.5921125650434,1659.340240923456,4726.226301669284,3236.1593491505337,1542.375097109839,4201.723200267699,2150.931339772005,2481.758476496811,2104.228754365683,1750.5548553997764,1025.8879694316417,4098.149632661086,2656.61013043507,1849.145176471006,961.5929976174418,2117.3594035615447,4548.493462187086,4702.809078435132,3930.6818837660508,3362.812345215485,1365.3070640146352,3775.698790767399,4311.1294003112525,1913.7399542522853,2832.216473586728,3257.3071793004,2977.6926787797893,4628.108143866806,1831.9325410033466,2800.0562971992777,1758.239281969111,1108.13270089493,3541.211063228898,3422.006457493161,2749.5233158963865,4278.483327385593,2508.3445278868935,186.4502059660477,3089.9532039648097,3249.4892712855767,892.9652704791329,1392.8628151760104,2887.4078727518568,4244.730465575562,3337.7653165310553,1241.9107055506347,2621.454251365621,1702.150880844012,2233.5317713858703,1882.3155472385852,1573.4332826919256,1075.3080699437626,1602.1994297048373,2012.067088910682,2330.1573319732593,4109.7639704936955,1842.749019611125,1919.3431791483913,4135.991199692874,4174.007754505542,2587.027611646504,2050.3489863126247,2225.134007610578,2323.7163495337345,4605.719239683705,2870.4473469407258,713.8044696187823,2726.121280072103,2734.3490908313242,1082.0140561906874,2367.693774161261,2282.0467037860226,2516.633950862078,4343.129316359238,640.8126554705707,2545.657101335969,3248.354142254864,1611.5144586409488,1288.1490314876155,2912.3654099822843,2113.8591104708375,2115.893280504195,3777.0271404774253],
        [996.6057829798583,3403.7016126459603,3735.6125107223697,1392.689547787886,3493.5285572093344,3598.1487283128954,3753.7172880195003,4911.8705987671,2903.6212136917666,3610.776336625453,2598.537952386817,3666.8605090832452,470.36231555047476,3792.784408055288,0.0,1286.9247307367893,196.64233593727954,2521.3667879783898,3073.1763754143267,3599.6834778657026,1187.29667757362,642.3567823670218,4424.713811957529,1901.4991468223704,2955.5953675762535,2601.4417940082817,3750.3456277445302,4640.150235101073,3720.139570724059,492.71912689640976,1624.5218473824884,3544.7759073039315,3028.7111326470113,2000.2827538284298,1888.0470972543903,3660.8612244430046,2414.3180819524705,2562.7403805098734,3690.214917024786,3392.979767461186,622.4640862434256,2066.447061001669,3851.0786087395754,2901.997493949189,2808.6709528807214,882.4997367633276,3843.3944517547675,1358.5224285837962,2486.20141657026,3103.192280551433,2939.7604882080386,2004.512388777299,1475.2854661663057,2797.524453702538,2906.3782623544885,3747.5026633659368,822.2209144824903,591.8139792923972,3266.3877130836026,2608.404522598095,3358.0325683266487,1525.1055166542913,564.0458771557202,3339.088390111489,5393.61966722494,3580.45803183147,1571.1043835680673,3507.7748581553637,2443.982624066358,3236.2275910997837,2198.32557274958,3791.9427995512096,2846.2373302746632,381.45946558672637,4958.426210878055,1996.6953674381325,2792.5986205596705,2389.0772636279767,2333.4033174710407,2880.93718695643,5083.110936150317,3611.8613169252553,977.6212222325739,1720.651837470674,3313.1527618813475,2197.7968897436654,2206.974561586976,3937.728521414813,1485.2990596616908,1548.1370225951077,1490.7880411353499,2189.8529799905386,3796.9491302382476,1282.8232295821601,2557.157868739497,3299.245561603974,3875.2754655733806,4090.388719063338,3019.3625552944254,1756.4232058372183,996.6057829798583],
        [2283.5162332438513,4086.591347882111,2852.9583445536696,551.99134755825,2343.909456402872,4538.5796939801685,2511.8308134744398,4620.447144466238,3884.3831984251797,2430.02525716086,2977.045058823601,4233.196834990062,1153.3760348422,4188.888929480401,1286.9247307367893,0.0,1123.4850395868673,3627.8916619603187,2752.845758453804,4458.783652295056,2190.5714612485526,1242.0813932153096,4368.030598986318,675.1051531251826,2666.5878076234026,3675.5066615756778,3445.180672120647,4546.409954995942,4412.558440687558,874.4242465495811,2691.8971789404427,3330.27328438195,3269.822542604704,2085.048882015861,603.9715244046132,2498.2346389935483,1343.8654111889475,1752.0933423198671,4472.098875239123,2466.2108042890586,954.2207737521851,2275.407863246738,3294.866071339096,2138.299730771038,2166.8596634562127,1704.9674382836458,4725.355626148555,1391.0383777772672,2524.7127589104625,3240.214620470006,2061.4153898951245,1203.0332912088122,1440.3920609029726,1641.3310697830007,2466.1799883424774,4090.0605763553904,1281.8626217066787,1293.384145887691,3449.836131189122,2816.342341069632,2752.929908129906,245.2217167643671,1168.9387106686358,4096.702253246812,5151.234958342112,3418.45818760695,2090.3794800355713,3282.0557496639917,2631.670784608654,3350.662837668545,2656.2417696596467,4718.175244682378,2492.4055684932287,1496.5969602676983,4900.024205840218,2765.987992396312,1680.9876814853765,1222.4402306997956,1952.32908263608,2648.196949042818,4910.98464293527,4616.802644295759,886.6384692938749,1399.4842312782773,3896.9958401431986,3325.173852189667,3336.374011865401,4627.767235144157,1896.853335312498,2307.511876598764,1682.9402499094074,948.8699694571039,4379.866572479159,1782.1810367222934,1800.7729182102157,3189.9134153035116,4624.209877913099,3529.4291102065213,4004.958330874804,2531.6760521465226,2283.5162332438513],
        [1169.7699920279285,3381.909289558835,3540.860866512974,1198.2281147551575,3299.9131647720633,3634.3807554911,3568.2420086992593,4758.897513569141,2946.6063824579605,3418.9009044659742,2514.203198979542,3624.6737204645506,523.5368851128637,3722.3108687552417,196.64233593727954,1123.4850395868673,0.0,2599.040549428786,2908.843123409104,3616.6016987306884,1369.0425013376566,508.21688563090777,4295.173115390346,1719.3869891048807,2793.09748648866,2669.272606611127,3591.482035783718,4507.219711121238,3702.226084247557,422.206105008179,1681.7458231881944,3393.4604408695236,2928.427573147554,1863.8306314329384,1727.3155265293453,3467.7707434017184,2219.4183306326368,2367.846907872017,3690.5576636681726,3196.980340588713,606.596432494361,1947.6826832786908,3672.48185274272,2709.4065669801334,2620.829770447155,1027.2845116771848,3866.71299986327,1196.543525891393,2352.6009981927377,2989.2067235828913,2744.1448341757923,1808.3297073202284,1310.9617716415994,2605.338883803823,2731.3483887896014,3668.274281274839,682.6685441775023,476.94631219563524,3160.173473950212,2498.538517899267,3174.538007627461,1356.2466908282095,415.77270083108255,3332.1867448042635,5246.965040295721,3434.7372015432043,1489.6170846739728,3355.1190408833927,2328.971290594826,3120.46476112229,2121.0564330005154,3825.5264210083346,2677.368394231607,557.7467863660248,4830.802836249557,1978.0093354105009,2598.2931185103457,2198.718953064382,2157.619565854273,2722.928049282281,4943.005100683811,3664.6702233416872,945.1229194322185,1539.8733174312588,3271.6838509879935,2280.690988752758,2290.6303794694604,3920.5258646759903,1381.2396908915543,1517.2412982192038,1353.4015473358709,2007.9108906364074,3758.590159129691,1185.8498789523505,2363.705591202949,3157.205552378213,3869.6557422455035,3912.2267455571955,3064.3057525795666,1734.462663921014,1169.7699920279285],
        [1840.0206102893756,1722.028259330114,4970.505528186069,3423.062973060757,5257.160333572749,1251.2545669665794,5713.735992073071,4822.102004458799,625.1174000984162,5426.8879542869445,2108.0729016933656,2163.0561683800615,2952.480825723124,2626.261614076971,2521.3667879783898,3627.8916619603187,2599.040549428786,0.0,3581.63648095489,1427.1036839945516,2841.92541817942,2391.1854596948197,3993.044782245644,4052.125925937984,3464.8614693373406,158.86835415311972,3981.3651451930737,4227.810833976725,1904.6217773436156,3006.580112469352,936.1167521021191,3683.2502625271154,2539.0272673038908,2540.6649830326337,4205.635426343064,5431.21668543117,4243.112991295419,4003.12454369105,1673.9454419695858,4774.408904541642,3139.5769975904336,2347.367731515743,4495.441009064393,4161.0302257857375,3922.759523635288,3008.816940022509,1576.9026633710655,2628.5220985874075,2716.9060304712393,2780.110605030179,4356.444157105179,3662.8101044176256,2692.782316969495,4676.551866522942,3678.269829396874,2713.328072362653,2391.1100034271703,2335.181241537628,2769.4475763424257,2449.1435086733745,4226.243350471285,3818.891575636748,2459.192485260161,1495.7363904716965,5120.136517273301,3610.5710252013682,1905.2122722639735,3679.967905770549,2442.7892138765314,2890.576280418951,1895.6547611381925,1446.957584067097,3510.134076631842,2621.0649290358842,4407.173162012532,1257.1562116581063,4598.347519833634,4358.983049099629,3304.598471267493,3333.543770074999,4729.189881129331,1153.5656860818535,3495.158791645289,3037.124650342034,1913.161251053258,328.64492641927023,321.73114129960334,2068.247840582514,2103.507545825752,1507.6127006088354,2408.8057812521924,4314.732593591246,2211.0285959909315,2064.57218787834,3927.141767570568,3345.225519374912,1888.7106386278842,4682.906444328134,686.5731047288994,1355.539033102233,1840.0206102893756],
        [3633.7964541759134,2738.269885813229,1585.7449350051306,2201.541999203968,2389.5349367686363,3698.085450124984,3012.353432654959,1881.8468775134731,3364.493265775277,2583.8633741905446,1553.1906707937617,2574.421546337831,3375.3378518177083,2192.5921125650434,3073.1763754143267,2752.845758453804,2908.843123409104,3581.63648095489,0.0,3421.2817086722625,4251.923497548441,2438.498781370383,1679.4724072827746,2465.1513174195693,126.6265663032795,3508.2579096726718,698.9875618646853,1826.5026418731381,2980.883900506994,3113.4276931963245,2981.311213869098,597.5779512782416,1343.8864573156586,1186.0587682510468,2869.7650107364843,2522.703727619128,1959.7992681817118,1315.1520502081441,3235.9841298319507,1583.680832104778,3323.957004300992,1288.1379408240741,919.51716917933,1103.7991316981509,844.4043022171912,3933.9211234337736,3676.3841531873504,1714.6655374386185,865.9410036959891,1114.7686691092845,1391.0066271480575,1625.4924626908748,1598.4466683224966,2217.716243207535,357.8769339137612,2018.9507819815522,2260.3917358636286,2502.4122462270034,1307.5850102419802,1173.139976852366,720.8879112150383,2692.617880107315,2509.4306533013173,2921.2524411739323,2402.7121374561725,719.4618743107048,1882.3285136150528,545.6905567310806,1141.838273081174,1119.3455182674725,1686.0251959812404,3791.3030769593233,261.02112865747733,3454.6356659209705,2188.581897382059,2334.766884925224,2062.304967306969,2233.980812232453,804.4397781067148,249.38795584996424,2160.0310660963514,3943.670473834372,3487.221855035889,1415.80425227717,2395.863203111326,3465.184939441597,3478.3615356714668,3131.3758050872784,1793.063608299612,2262.5729977716232,1631.2209242443932,2500.1098533420495,2712.8495857839252,1975.304455945815,1203.3173463112755,613.0925512153607,3266.5496813646737,1126.8560755306953,3455.995497141982,2306.4060109444963,3633.7964541759134],
        [3148.720725017614,721.7219655431572,4986.674491716581,4106.245618554923,5557.689903857241,358.16589591510507,6106.704043345682,4109.7413608887955,810.4482984322282,5746.143545902596,1905.8712821453253,1093.099373624259,4066.2197204748695,1659.340240923456,3599.6834778657026,4458.783652295056,3616.6016987306884,1427.1036839945516,3421.2817086722625,0.0,4171.903393031692,3255.7356220818615,3198.055791191888,4714.635999834641,3334.1201831850713,1271.304230765977,3574.8928699329094,3409.6031505160413,656.3270374179365,4038.457872897929,2021.854102847244,3283.410910251274,2100.788223526307,2753.887181473118,4966.315346011466,5721.096866082186,4691.729677896373,4271.73556167579,318.68623391617564,4898.21201136535,4213.473495131764,2510.209248053149,4239.1051441056725,4303.159542631149,4027.4413046804157,4254.301110743658,275.4965419206987,3178.216998191329,2670.192063763001,2355.4625522091246,4556.068974272679,4109.662715908424,3191.255825868273,5104.203187905368,3644.5738178730467,1815.5208566250237,3181.9466676886777,3227.717612333861,2231.4249889670155,2280.2828863227373,4139.22517441183,4598.238853862292,3347.9311612711904,501.0308685084126,4278.558750496883,3162.5882336575523,2397.458310265786,3300.775184301236,2380.0462066879,2410.499094413154,1983.4234557968437,375.0031472969343,3455.878681965642,3798.493871570275,3489.5003527455533,1692.796312817118,4990.341841893319,4876.444799800894,3474.092459039443,3205.4600769069734,3882.9399027837003,672.699737005701,4560.819981962728,3463.217824817105,1072.9709465276944,1688.2031572919213,1688.7673697615219,727.9712246053336,2609.1459067666865,2154.601777313564,2889.404653857533,4933.054145048209,1053.1711457679858,2685.239706557277,4170.810456279678,2972.6308343731707,503.6002484684265,4370.515780307103,741.339064311668,1929.0301086281652,3148.720725017614],
        [1023.3130586827123,4159.582394588355,4885.882012631707,2480.0069955924655,4527.03932163201,4072.293044092755,4691.4305330546,6070.657192455501,3383.003368074523,4619.613918375737,3604.911614192729,4497.394065314527,1047.1088110134615,4726.226301669284,1187.29667757362,2190.5714612485526,1369.0425013376566,2841.92541817942,4251.923497548441,4171.903393031692,0.0,1813.4534723038557,5532.917780984627,2864.684009385026,4132.46880284229,2970.945508106618,4920.975502039827,5755.833859460891,4448.538512898436,1347.175756576126,2180.833353092777,4703.763843726577,4071.591045058031,3143.210408174415,2715.865421602463,4685.034641614242,3482.2870089368284,3715.0649571336603,4337.773816169196,4528.5361128544655,1236.5814070381455,3173.8431975979133,5038.37453088109,4067.8391280537294,3988.650973583352,503.117568025923,4373.539798121634,2539.76577913301,3618.0658544925736,4182.269580706039,4082.958342841032,3144.3681871049994,2657.7237803196026,3822.492180564753,4093.14822505682,4712.063987345148,1991.6779465050563,1750.3970805405504,4322.225886751399,3684.5473737690163,4543.467273392296,2431.354604652321,1745.7678771483056,4033.39598538356,6538.858081515015,4729.002372894401,2610.973936696242,4669.173439777076,3535.6925943475867,4318.288303617981,3197.503578882716,4271.203204954279,4029.533424815055,811.3433019810849,6059.06724548395,2818.0313891498677,3845.4406502421048,3403.0783118218633,3520.486913576434,4052.309390127083,6214.465142483363,3995.1166262298602,1415.8770128848332,2907.3604269843486,4151.385553775859,2526.3377247186727,2529.7619474825055,4656.233891560112,2579.1987341552535,2451.713502280433,2642.8976436819626,3138.5511073459056,4608.691860703074,2372.4208676908283,3719.3840357260815,4441.843083929795,4543.755320322783,5277.676131270591,3480.447136286478,2610.57347218447,1023.3130586827123],
