{
    "drone_dist": [
        [0.0,1287.2285066722254,2070.480804288326,1818.9804930158189,2358.129084218008,2195.8370658587332,2041.4675252310103,1209.6221038821404,633.0257493538252,1634.8547134564533,964.3833901843941,1035.338192944277,2094.8384451842876,778.801185986143,2258.7836089978246,2680.630412225892,2255.2378306724213,2861.0735179978196,1278.5597980283383,1164.5773629315122,1879.2387882921266,1423.0067265969444,1879.2041571817751,2214.6251926792297,1554.257068944213,2421.3798923460317,2991.0340158830672,2997.85299988911,2276.6456980111425,1644.8726947839436,2687.661961068167,808.7845867620049,2033.2496236315328,1476.997064896436,958.791076411244,1733.2364437923898,2017.7671146672403,2799.2894232066324,1061.3555425347788,1503.5172657903966,2136.783876920544,2538.3312808205824,1047.0577843253466,855.4290310380321,2545.9782925770573,1869.736114068237,932.5185178082863,3531.376626174138,2546.725219931526,2038.0551247802384,1524.064483962002,1451.184178925085,1867.969829953004,3137.22696503199,2647.06716853766,2993.185276309242,2599.602816329775,2778.3695829406674,2570.171672446181,2438.9677752948783,0.0],
        [1287.2285066722254,0.0,3167.35162342694,899.5502480863962,2957.6788413051463,1551.528122026248,2021.0326023419918,2487.6979672780067,1248.8441231254765,2876.5648520445843,2205.4551931871447,2287.8115916533957,3008.250729554114,2015.20004024643,1664.2459352507908,1716.7388642361611,3397.0949243610576,3994.7717139972574,2562.8733235277655,2319.4614904264536,789.3389498115827,1878.006373784922,3166.4063269908315,2886.9141407813104,673.9975517524601,3553.1525639075785,2234.9037726210245,2434.5261959889253,3304.441836637328,2708.03675462844,2022.78654643446,479.4714465687577,2620.639021178081,1363.1542793064198,487.6266420311345,2956.3522646081346,1395.149824901382,2336.68036205502,1086.709863237875,2348.512124057139,1522.5660131864597,3682.0755403806743,912.0351204859435,666.3408467559217,3680.746972266475,2278.4723562066642,968.5030645121443,2939.237279519969,3663.293166850839,2148.7436559198045,1247.2038345446717,2688.702031703227,2292.0784439668487,4081.551163650355,2181.699507565903,1964.815558609466,3831.6611758516697,2139.5273411553226,1441.408885722051,3435.963131939601,1287.2285066722254],
        [2070.480804288326,3167.35162342694,0.0,3239.8808223658625,1377.0904966512564,4263.706502742732,3964.7965571386426,1190.1327895000165,1923.66781892585,1899.2274229460372,1851.7956637006434,1152.7229293378693,588.4894788659611,1895.39927220929,3153.358084662107,3878.568616764114,2613.5161166747007,831.1855630522601,1247.352028402169,907.597116279893,3886.268734036879,1650.8483445890884,1375.3435740997304,1188.0927069720208,3595.7794618725343,2746.7970649768777,3834.8817436374616,3576.1350823622283,306.2031652368782,2538.098422772803,4751.104412189752,2728.086637986984,1343.7256873972956,2358.1894893362914,2984.4014711546442,2031.290497993316,4086.48965454175,3306.6257389518205,3110.3959508360317,2866.1465020279525,4203.473888593777,536.1616768107278,2408.818329222454,2520.136829117322,524.5266661562684,1663.4963302241895,2995.670512095256,4005.982938002348,2877.2862474032745,3896.9757325136234,2533.0008945844,823.3753614457905,3550.4925265804904,1162.0605401579146,4677.096646862347,5040.460417143045,942.9545118655407,3528.69073683453,4577.0543300071495,3141.78790710365,2070.480804288326],
        [1818.9804930158189,899.5502480863962,3239.8808223658625,0.0,2639.02005969667,2361.5085786091436,2919.2662786291967,2876.597096361768,1440.360936847248,3447.356632012003,2781.873821517109,2632.5359679112707,2923.98814570513,2597.674689017733,808.1420442219152,874.5948695175913,4067.011797304449,4061.0838806024944,2974.7506575645248,2536.783043660546,1468.4016092679028,1660.3251173576748,3596.3846480276648,2628.5705031217462,1515.9208760330955,4231.236619713843,1336.4309412487019,1550.1952122085058,3296.7639868157194,3421.229675863396,2788.7056184650587,1144.9124077383258,2336.39478259128,945.2167903226216,1345.1237836803546,3550.5512299442457,2225.921757005634,1482.8024797141086,1966.183786703254,3141.3997920332486,2345.1260542676227,3775.890310411129,874.2897174408115,963.6283089607194,3763.6456254433106,1928.6657653849845,1832.3593848523049,2043.9196793148112,4352.693602008114,3048.1539255622647,763.3292535229615,2975.6936147705337,3172.1024350948333,3946.905335784614,3009.123484080181,2491.5152173818533,4049.382036389366,1247.617809594752,1920.2004547754314,4190.892316839598,1818.9804930158189],
        [2358.129084218008,2957.6788413051463,1377.0904966512564,2639.02005969667,0.0,4383.496008374089,4395.860678736333,2160.0033934754197,1854.8781547054757,3002.1275047256613,2682.1072617574246,1965.2792066883064,788.640175351174,2629.0401778506143,2237.0156433762886,3018.136630387741,3772.2587729836832,1909.1216243416322,2264.2957605439765,1600.4059103664233,3746.806730220652,1080.973723599343,2632.4240988652678,200.65363553420818,3560.281453377215,3925.4728387314644,2782.5797036169565,2428.3415373231956,1182.9378061219866,3499.181008337669,4883.587046483065,2657.5120761216926,341.20179645080754,1703.512597164503,2993.4414505067407,3144.6283202006953,4206.132849221121,2161.191481330057,3369.0751193982646,3651.504290749056,4335.7954693231,1764.1120841824531,2047.615247302556,2314.7999357104,1726.947516482883,711.1130926072237,3217.9013456727175,2777.906640237653,4063.0273182400674,4395.83406891181,1879.7680907016372,1896.068821165415,4186.143812873905,1416.0401486486264,4926.715828471955,4920.454417749786,2293.6019019145942,2468.298978058548,4380.649175464805,4224.22169947172,2358.129084218008],
        [2195.8370658587332,1551.528122026248,4263.706502742732,2361.5085786091436,4383.496008374089,0.0,991.2158012386228,3268.5341587401235,2539.073382028751,3256.5259197617033,2716.2818174504005,3169.9651809501174,4266.318646949599,2566.2363455285067,3166.968969051883,3001.6167557305353,3454.126003703719,5037.7958202467635,3294.373247007897,3356.164424794869,921.6917446260195,3314.7967523428074,3774.8059586253144,4279.8581822016195,877.654260406787,3566.858917190207,3622.4075076507206,3904.16251505777,4471.8247094592225,2757.9144689153622,501.19726158740883,1730.5112607316578,4042.3922062461124,2900.324392611217,1390.2534847564602,3270.4972690983413,179.66448131538826,3843.3322986874077,1166.2786268259927,2207.5508662181014,67.30471498600453,4714.185526211643,2407.2217366155137,2094.589768138579,4725.484681504284,3749.856104244052,1268.6256428024476,4373.40308106928,3631.219688619923,1209.2864791726197,2795.934415440065,3582.713660984039,1659.246015081905,5325.096830480933,649.5084989074464,1045.963041425229,4696.693779771326,3594.816257628324,1022.9427402283977,3226.023210277185,2195.8370658587332],
        [2041.4675252310103,2021.0326023419918,3964.7965571386426,2919.2662786291967,4395.860678736333,991.2158012386228,0.0,2834.9039169048638,2574.677015475169,2591.5668255592404,2193.7011225661095,2813.721918583108,4103.153744014416,2094.9435205365535,3675.150383974449,3691.383349264518,2622.5993687243313,4659.188570775156,2826.952019275447,3085.590756584467,1704.7399222254576,3404.2104461173262,3190.4471568747867,4255.852604197395,1458.440879746764,2712.366262580376,4250.32051918157,4451.890588982195,4217.906681998067,1979.186855178243,1184.345307523211,1955.7061980105316,4066.0773627462995,3188.6003589025654,1635.9987315764927,2570.218172183022,961.2632451077656,4338.675099997371,1068.0173203815953,1411.1226694638362,940.3914308473501,4342.238169269387,2661.629853383062,2329.14026088864,4362.301245632016,3858.371599583894,1228.5755206935025,4960.119787225213,2756.9949011762255,220.1135351217908,3135.995236405252,3190.5334407976084,719.9690946256956,5100.739994659222,875.1128279717957,2008.0449759886662,4210.864772680103,4159.945927200754,2001.933981825616,2310.1839924846186,2041.4675252310103],
        [1209.6221038821404,2487.6979672780067,1190.1327895000165,2876.597096361768,2160.0033934754197,3268.5341587401235,2834.9039169048638,0.0,1440.9742959925634,847.5088691901798,665.8806215713417,263.7463884209648,1533.6133733001507,740.0214955335933,3095.3411339209597,3678.7225747947614,1622.1888462197498,1824.3836227576833,117.00384584871806,577.0788677175628,3078.7406015308147,1745.0107947208442,722.1738858173786,1964.1397857080685,2739.1793585242694,1781.243312401081,3841.481273733074,3720.1044123224483,1481.4357229374687,1378.95498999524,3731.1250750350196,2008.5144056872987,1944.062945552791,2226.682086810544,2162.033470543933,990.1234656828921,3099.5338602641627,3475.0931699073394,2104.321181086103,1676.038645419555,3203.9796660135844,1508.9275445061337,2008.908262774765,1957.0396389563466,1530.8577146274827,2037.6414522957534,2022.9079356682091,4225.431683879958,1920.0082441147415,2746.0564521377996,2352.915199902857,369.04706034187814,2371.4135705056606,2351.9782956647246,3602.8177387286637,4155.929039377249,1428.984818689536,3574.325034722443,3764.673462508295,2066.512556934909,1209.6221038821404],
        [633.0257493538252,1248.8441231254765,1923.66781892585,1440.360936847248,1854.8781547054757,2539.073382028751,2574.677015475169,1440.9742959925634,0.0,2086.456439097366,1461.621178158686,1192.87840162101,1772.9711593632194,1301.2653178848495,1709.4212435720672,2240.690738435517,2781.9502917934983,2753.77276602518,1543.1051053895774,1118.4085118420287,1998.9378311703044,829.765191819405,2162.876632453432,1741.9455697320973,1752.851180057083,2950.640543370494,2456.310733277848,2412.180178253588,2055.790091445882,2228.4136111985886,3040.244448788055,843.8508992379885,1515.923536341574,874.4377912498651,1156.9606865827257,2205.6706614906207,2360.3357700733714,2198.634692566278,1524.0248407126146,2133.5996563173835,2488.810986383092,2445.6322175511514,568.3470291848384,596.8883002872017,2441.763797756163,1283.9711534487024,1369.0878634614164,2941.5520667612827,3082.469631410927,2601.427850662108,956.3167536712685,1541.0752180038123,2481.410681249641,2847.6278449005317,3071.8628188137054,3174.948202792963,2645.854723503616,2217.0158822001736,2679.125632952196,3027.53985458825,633.0257493538252],
        [1634.8547134564533,2876.5648520445843,1899.2274229460372,3447.356632012003,3002.1275047256613,3256.5259197617033,2591.5668255592404,847.5088691901798,2086.456439097366,0.0,673.8807687982165,1079.5385030976302,2338.2649697199668,863.8825536768798,3794.3106892522737,4297.055739413266,774.8397767158292,2322.915200978419,738.6679021121993,1423.5265015262135,3306.1000182233865,2550.0039376447708,653.7971733014538,2804.6138671038802,2939.3242187124,935.5011731106018,4542.152054786817,4469.828113611995,2205.211712214066,711.2730174733762,3658.6899711949513,2415.0982137175515,2791.5669791083674,2940.8550593211453,2454.778204026094,142.7119118809121,3109.611473366897,4237.162478056229,2174.193267541895,1212.5887683163487,3189.240098747657,2051.880113988688,2625.519030126963,2485.3602037378982,2086.800614105415,2872.9035571564664,2153.2609290468586,4988.5234259072595,1074.3799716329725,2446.5033348046736,3040.901008185729,1126.733826924538,1976.3397226898521,3020.4571613292496,3443.0430775060518,4246.51075141311,1735.1160754986838,4295.65250616976,3949.7598342950632,1247.0278319556983,1634.8547134564533],
        [964.3833901843941,2205.4551931871447,1851.7956637006434,2781.873821517109,2682.1072617574246,2716.2818174504005,2193.7011225661095,665.8806215713417,1461.621178158686,673.8807687982165,0.0,743.2345335455021,2142.776547937599,190.36997737477864,3168.068339532993,3638.393916612863,1320.3408191709193,2477.8241765345556,637.8776729849097,1099.8521144467275,2668.4249375229015,2038.2420432593992,1060.8245002902577,2496.9192757638843,2306.9277823789694,1489.0193912960463,3912.2246993173953,3870.711084362289,2137.0390150779144,832.5974580591205,3154.789990170254,1741.6384292469459,2419.494607925106,2332.710935848349,1794.4754795605165,768.9141962264116,2556.6873238310873,3649.7334023738476,1580.1106045578722,1019.7422959585291,2649.8473696793285,2167.122066436723,1977.667728879769,1818.4149829089883,2191.100384502128,2415.9363777965755,1534.1626425334591,4397.279440050409,1621.1346703060535,2092.397593896643,2416.5588710177126,1034.6544926443157,1705.8580061022142,3013.6613215793577,2991.937746447295,3663.9009584990304,2020.758533230357,3678.3832441857044,3329.217315094905,1612.0895983694893,964.3833901843941],
        [1035.338192944277,2287.8115916533957,1152.7229293378693,2632.5359679112707,1965.2792066883064,3169.9651809501174,2813.721918583108,263.7463884209648,1192.87840162101,1079.5385030976302,743.2345335455021,0.0,1399.633591811808,750.6850449730061,2833.3234023990713,3424.7931201354063,1851.981815210245,1872.684026342807,378.8710907956646,365.3510509179999,2914.534914652834,1486.1724842800793,978.362461994407,1774.2514351746008,2586.9329612933657,2014.5967511480328,3578.931465990142,3456.479142534877,1419.610554800966,1536.3864786324443,3645.190489573684,1811.5695724102884,1727.7389157099649,1964.4006652103476,1994.0018205368053,1220.4082207945412,2996.7345103613916,3211.8847198904523,2004.4236988038078,1758.6379411030653,3107.06412853551,1549.8649976136628,1761.121324918881,1729.146042714698,1564.6536539419155,1793.487215697677,1907.0409904544022,3962.4359639339837,2153.441638119222,2744.308268603863,2092.826600242019,417.91086979264014,2408.4500556610187,2303.6406845776924,3544.635410252846,4019.4854195360253,1564.3531132253618,3310.8940673338466,3605.4298619461056,2264.320292293165,1035.338192944277],
        [2094.8384451842876,3008.250729554114,588.4894788659611,2923.98814570513,788.640175351174,4266.318646949599,4103.153744014416,1533.6133733001507,1772.9711593632194,2338.2649697199668,2142.776547937599,1399.633591811808,0.0,2136.738974810539,2718.244361265865,3474.2670395302043,3089.613556549932,1217.1735872389406,1621.4408501121827,1054.274376476592,3771.2736814619702,1267.683712702741,1894.2859377702055,601.7981858113727,3520.3820343429475,3234.0174969699224,3359.7616324802384,3065.3203947939023,430.5486004141232,2911.8730349299576,4764.782685216005,2615.8547735209727,789.3887114585215,1994.4851216706663,2914.7171252045564,2477.8341080505375,4086.706670236231,2794.361470610354,3155.741098142024,3156.735192470596,4210.829343658026,1012.9994185998477,2161.3669528733876,2342.2927406203107,981.5709464499691,1159.2803963935519,3021.7182701564884,3469.751265303738,3368.8485148120844,4065.6300739593516,2176.97159472999,1211.6168732722585,3778.643505560929,1074.7717145052907,4741.690394421728,4947.915167281348,1513.3440882603745,3047.835466787067,4447.310308120722,3582.8655787928474,2094.8384451842876],
        [778.801185986143,2015.20004024643,1895.39927220929,2597.674689017733,2629.0401778506143,2566.2363455285067,2094.9435205365535,740.0214955335933,1301.2653178848495,863.8825536768798,190.36997737477864,750.6850449730061,2136.738974810539,0.0,3001.079944352128,3457.110776925678,1487.9433283535654,2564.2483999664714,740.2038874376121,1082.729302295029,2487.0437331679586,1922.6328382945098,1225.9934697176122,2449.860494764108,2127.703318727091,1655.8279196009191,3742.869417155806,3713.418444321933,2169.0798691025275,944.4065896678842,3014.8121627410933,1551.3571561209276,2351.4918760268697,2175.3598117454067,1607.002909068592,955.6498194322678,2403.099495465989,3497.2548218469296,1417.4231558863464,1027.3500329538742,2500.3556019801454,2247.80348007483,1803.2752214000132,1634.0520550605754,2268.6525751123136,2317.6625812228226,1362.1200251466091,4242.249609549858,1785.2602052535483,2009.539412831595,2251.9100552729305,1098.1322120229813,1658.0334033155716,3052.0727357196806,2869.5267219383795,3498.0844587422853,2143.557072115385,3514.3109047534567,3152.3288209749207,1739.5045993926924,778.801185986143],
        [2258.7836089978246,1664.2459352507908,3153.358084662107,808.1420442219152,2237.0156433762886,3166.968969051883,3675.150383974449,3095.3411339209597,1709.4212435720672,3794.3106892522737,3168.068339532993,2833.3234023990713,2718.244361265865,3001.079944352128,0.0,781.4997769815055,4487.624586796875,3925.3435391382036,3206.435168199533,2637.715024482525,2276.3394506612517,1505.7920677520613,3809.0131783826337,2285.2469500227244,2311.4708070682677,4655.989023446997,748.6068420098546,782.1665352364415,3134.1133184126143,3903.4346592309635,3596.828668681396,1780.2039955359128,1998.0521402764243,869.1012067227309,2053.095738781008,3914.8758384544544,3027.765313754746,676.7062068078735,2669.282844418107,3713.142790790719,3148.787627305177,3677.814812485747,1213.0968935968451,1474.2173843499743,3656.36460504306,1580.8403645762346,2521.4040045291817,1308.524814753855,4786.256611889833,3787.109335293862,753.4488917794455,3098.5589177961056,3854.72420920276,3636.336422924666,3813.20130402321,3265.192760305454,4050.2881239431495,522.1449085271806,2695.11542164946,4697.435097598589,2258.7836089978246],
        [2680.630412225892,1716.7388642361611,3878.568616764114,874.5948695175913,3018.136630387741,3001.6167557305353,3691.383349264518,3678.7225747947614,2240.690738435517,4297.055739413266,3638.393916612863,3424.7931201354063,3474.2670395302043,3457.110776925678,781.4997769815055,0.0,4934.227881340225,4669.806402394296,3782.9259015894563,3280.253154521619,2080.4678838679383,2229.988559995012,4400.816622278598,3062.391173854083,2239.0706991909456,5099.350764269956,665.4890775166182,1080.9951203661449,3882.037694826721,4294.561334952916,3360.9850652139103,2016.9555725157006,2773.1157824212883,1526.5721165447874,2190.9559881270698,4405.088232062111,2895.508826065404,1175.5386730131622,2803.054021876176,4013.169362487895,2999.988270536562,4409.9177960990255,1678.460148997063,1827.3236566202083,4391.241376161653,2353.6829978541796,2679.139576324473,1430.6030035281024,5222.2137842377015,3840.176688338931,1362.4088122632559,3734.8758045205436,4008.8033892790963,4413.785663043933,3646.039514384911,2852.938643100841,4748.628825687669,791.3777968801827,2309.3251426422153,5065.482950207419,2680.630412225892],
        [2255.2378306724213,3397.0949243610576,2613.5161166747007,4067.011797304449,3772.2587729836832,3454.126003703719,2622.5993687243313,1622.1888462197498,2781.9502917934983,774.8397767158292,1320.3408191709193,1851.981815210245,3089.613556549932,1487.9433283535654,4487.624586796875,4934.227881340225,0.0,2910.462997482604,1512.224904811105,2198.3627507013794,3694.113434144844,3308.7371065962416,1254.8893491079639,3573.8532330559287,3324.735880530496,168.85755631375827,5230.532247207823,5189.445303273968,2918.5054826783175,716.1641536763963,3783.232846119121,2969.197534117689,3566.1168722696884,3652.1121095906433,2934.387011642843,632.5322507708669,3334.3016637202927,4965.337420634961,2519.5458359550785,1246.6127096052874,3388.194847732044,2678.820680279936,3290.863103234664,3106.922638998753,2718.7835380030765,3643.7117556456424,2545.348612157339,5714.4331520779715,304.6666651793078,2434.130455488326,3736.702192270405,1884.159246219211,1917.0467539123163,3686.609989796914,3497.4380348917744,4490.676021062524,2256.2735963887067,4998.687643195622,4280.793408161767,589.9815295415245,2255.2378306724213],
        [2861.0735179978196,3994.7717139972574,831.1855630522601,4061.0838806024944,1909.1216243416322,5037.7958202467635,4659.188570775156,1824.3836227576833,2753.77276602518,2322.915200978419,2477.8241765345556,1872.684026342807,1217.1735872389406,2564.2483999664714,3925.3435391382036,4669.806402394296,2910.462997482604,0.0,1839.9794774926754,1701.268552144088,4703.798968991177,2441.7906418153325,1685.0225939074242,1762.3248687556645,4403.987424133655,3010.0676130652037,4576.607011970428,4279.078069616344,791.9546293793524,3024.432403268007,5516.6790930143,3549.818757888993,1996.715563846906,3162.323439601355,3794.65013629471,2429.7597984804324,4862.912147350552,4008.123330973062,3874.4309259504425,3444.544247030483,4975.706289390755,323.61840567996194,3238.1906312228925,3350.5138730980175,316.0276205360252,2376.4390492304374,3770.511279134123,4669.688220562899,3123.122978216109,4568.542724491444,3340.6828706610895,1472.493924544717,4175.288718734989,899.0550347584083,5414.517800369556,5848.42053315494,684.7116409906442,4264.923186888593,5396.098203913171,3487.8375040329174,2861.0735179978196],
        [1278.5597980283383,2562.8733235277655,1247.352028402169,2974.7506575645248,2264.2957605439765,3294.373247007897,2826.952019275447,117.00384584871806,1543.1051053895774,738.6679021121993,637.8776729849097,378.8710907956646,1621.4408501121827,740.2038874376121,3206.435168199533,3782.9259015894563,1512.224904811105,1839.9794774926754,0.0,690.5256166141401,3135.560669695493,1861.9381118611616,621.7414007336771,2067.3806109053194,2790.997913768567,1669.9257672635124,3953.1569481012125,3835.145390771828,1544.8233876523857,1299.297933935524,3750.395736091808,2083.4075150136036,2054.228000175711,2338.2268929915485,2222.8086460520412,881.3674940410905,3127.6517260364826,3590.755787893206,2134.230298671111,1627.4608772039412,3229.18942459396,1530.2776493156193,2110.0110635073,2047.3360772793244,1555.1692451856723,2153.4496293450134,2060.3878391521885,4341.2827661038655,1808.5506832733035,2729.7660107265565,2462.25699385657,426.1402090333479,2339.337667152627,2405.71846912622,3609.7165380708598,4198.099834595407,1405.0820590718524,3687.443990484201,3818.1569209955387,1967.6191365410184,1278.5597980283383],
        [1164.5773629315122,2319.4614904264536,907.597116279893,2536.783043660546,1600.4059103664233,3356.164424794869,3085.590756584467,577.0788677175628,1118.4085118420287,1423.5265015262135,1099.8521144467275,365.3510509179999,1054.274376476592,1082.729302295029,2637.715024482525,3280.253154521619,2198.3627507013794,1701.268552144088,690.5256166141401,0.0,3006.240836941186,1207.893539484234,1206.2198847667125,1408.9408672168265,2702.7544483419388,2358.101008983181,3373.044450041571,3212.408145751126,1135.1608145568152,1901.6067464852915,3843.6541546394988,1860.4168066276106,1369.7848310779523,1774.5795668358428,2093.9128469131433,1565.9044690859087,3179.058185526624,2958.9312383815045,2203.7169784532807,2105.6187367727766,3295.88091897153,1380.3825421291494,1665.778300168589,1703.7762690753373,1385.3595922546863,1466.71004096829,2088.0741146942773,3704.206948388727,2496.9028843194124,3033.1546033035033,1922.711586513785,460.9776895889826,2727.4803318313957,2015.5336873840192,3775.4021275859714,4147.157067288594,1527.7213212937306,3091.3930917765983,3699.315141339672,2626.2638447780223,1164.5773629315122],
        [1879.2387882921266,789.3389498115827,3886.268734036879,1468.4016092679028,3746.806730220652,921.6917446260195,1704.7399222254576,3078.7406015308147,1998.9378311703044,3306.1000182233865,2668.4249375229015,2914.534914652834,3771.2736814619702,2487.0437331679586,2276.3394506612517,2080.4678838679383,3694.113434144844,4703.798968991177,3135.560669695493,3006.240836941186,0.0,2666.6909842458717,3702.4750021773652,3673.726965230791,370.2117956963094,3833.917777380739,2701.9206966017327,2995.1820732265305,4045.703931772237,2978.619164612997,1320.9369061477948,1161.6456930937104,3409.3607197782535,2133.8083520373284,920.5749522047953,3358.726596660626,819.9561933642191,2949.0720716031724,1175.2084371997532,2508.0612062095634,919.84398624645,4385.178666002984,1701.200130260903,1443.4157264660553,4387.904715777041,3066.9206214420856,1158.898417051123,3455.78152176284,3925.2180530171604,1890.118096176668,2001.2628847228996,3329.5910217555916,2201.369916933843,4846.045021272281,1568.9163910775403,1180.2102300579554,4478.592582148521,2683.7339240402016,693.2825750896011,3607.1994458888785,1879.2387882921266],
        [1423.0067265969444,1878.006373784922,1650.8483445890884,1660.3251173576748,1080.973723599343,3314.7967523428074,3404.2104461173262,1745.0107947208442,829.765191819405,2550.0039376447708,2038.2420432593992,1486.1724842800793,1267.683712702741,1922.6328382945098,1505.7920677520613,2229.988559995012,3308.7371065962416,2441.7906418153325,1861.9381118611616,1207.893539484234,2666.6909842458717,0.0,2413.9172239409795,1013.5837564487124,2481.5671576316113,3475.389348765125,2209.3539025767923,2011.1394456889177,1658.457941943809,2863.991383874011,3813.227964961434,1584.6246592251134,742.6712844982615,727.0156549487301,1925.5248452892308,2686.629259271,3138.8992725694384,1753.7677799053615,2349.658155276105,2872.999065726396,3269.2650436013655,2180.2586749952493,971.2383005915906,1234.6152188702736,2161.267527292131,454.2096308961918,2192.7896494229863,2496.754903307685,3613.205093769399,3430.161588415324,909.2954626489785,1659.3415988852526,3290.815082702506,2290.35197629835,3875.377867960602,3842.1896287844247,2545.8560876275715,1913.472326748777,3307.2652960815267,3650.3316392144507,1423.0067265969444],
        [1879.2041571817751,3166.4063269908315,1375.3435740997304,3596.3846480276648,2632.4240988652678,3774.8059586253144,3190.4471568747867,722.1738858173786,2162.876632453432,653.7971733014538,1060.8245002902577,978.362461994407,1894.2859377702055,1225.9934697176122,3809.0131783826337,4400.816622278598,1254.8893491079639,1685.0225939074242,621.7414007336771,1206.2198847667125,3702.4750021773652,2413.9172239409795,0.0,2431.8181569822395,3347.936176636109,1377.9986046422616,4552.916916260589,4413.4850659418325,1676.4535427317758,1365.0696815905524,4205.385927416444,2687.846313825878,2481.0934116045164,2939.9267562379664,2802.653847624793,747.6591306977498,3616.706476073853,4162.59507594883,2640.1573218714175,1848.3613241790454,3708.144972586116,1432.1034291223689,2730.511990611287,2667.3286582347655,1470.4233335060062,2651.296010373742,2588.0876015382023,4909.391942278212,1505.51650380509,3060.3089479859277,3070.9161708515085,770.7973164659167,2608.7770757706276,2432.3472965455076,4021.19542626531,4723.103195728534,1081.4015213596429,4280.23053659996,4374.686271419096,1814.2833769940223,1879.2041571817751],
        [2214.6251926792297,2886.9141407813104,1188.0927069720208,2628.5705031217462,200.65363553420818,4279.8581822016195,4255.852604197395,1964.1397857080685,1741.9455697320973,2804.6138671038802,2496.9192757638843,1774.2514351746008,601.7981858113727,2449.860494764108,2285.2469500227244,3062.391173854083,3573.8532330559287,1762.3248687556645,2067.3806109053194,1408.9408672168265,3673.726965230791,1013.5837564487124,2431.8181569822395,0.0,3471.198411261052,3726.531583405675,2867.623635935993,2535.0784568681383,1011.7635103269718,3309.8754763725433,4780.847107063151,2562.682172274423,293.84506149184847,1684.4732635271691,2892.5658976115765,2947.013196020534,4101.481190117392,2265.331919506181,3241.4825120134715,3474.926367820474,4230.307719690226,1597.1713133028559,1984.2806425750737,2233.0902517939235,1561.9248066223543,713.485343638259,3093.100146701665,2908.573290995459,3863.9569681172,4248.693014185801,1865.307670847757,1696.152017708843,4024.685177337447,1351.4020454566198,4809.726386303021,4851.712162786267,2113.974430954828,2552.9533088840335,4320.0892702421015,4029.6437014826724,2214.6251926792297],
        [1554.257068944213,673.9975517524601,3595.7794618725343,1515.9208760330955,3560.281453377215,877.654260406787,1458.440879746764,2739.1793585242694,1752.851180057083,2939.3242187124,2306.9277823789694,2586.9329612933657,3520.3820343429475,2127.703318727091,2311.4708070682677,2239.0706991909456,3324.735880530496,4403.987424133655,2790.997913768567,2702.7544483419388,370.2117956963094,2481.5671576316113,3347.936176636109,3471.198411261052,0.0,3465.3223286902767,2821.008202509756,3066.1133918800087,3771.253276986202,2609.534014376193,1354.9688170881675,911.2777501332092,3219.6302862397933,2026.8933576787113,611.8302330078639,2990.15019148116,722.5138889339936,2987.8114940288706,807.2282201850443,2145.6411313539993,848.9499860373347,4082.969806800079,1545.497142846923,1247.7286147748073,4088.0256139355015,2904.297688443012,789.2624254686195,3553.822518728222,3557.744535854644,1622.479498815282,1918.8187965971385,3004.14731553702,1882.5301823195457,4592.912887903135,1510.165323424069,1444.8857007457289,4150.555502038134,2762.180308351351,1027.7558294194394,3247.2529666463347,1554.257068944213],
        [2421.3798923460317,3553.1525639075785,2746.7970649768777,4231.236619713843,3925.4728387314644,3566.858917190207,2712.366262580376,1781.243312401081,2950.640543370494,935.5011731106018,1489.0193912960463,2014.5967511480328,3234.0174969699224,1655.8279196009191,4655.989023446997,5099.350764269956,168.85755631375827,3010.0676130652037,1669.9257672635124,2358.101008983181,3833.917777380739,3475.389348765125,1377.9986046422616,3726.531583405675,3465.3223286902767,0.0,5398.622441686982,5358.299616220874,3050.572322021531,856.9693659103308,3882.2097815382745,3129.25922188367,3724.1057769835684,3820.9412901981036,3087.3081330430077,794.1887716642171,3451.900361738693,5134.149065728697,2658.7131082791216,1362.328516969692,3501.4587958927937,2789.175072016669,3458.3754601896726,3272.0443359102273,2830.142883081324,3807.3786350043215,2690.063202366029,5883.278807442227,138.87880496371008,2517.788255169886,3905.2411504508946,2033.3295415979615,1999.1269508603405,3803.274202058547,3585.2259232840584,4607.252933491931,2345.991598767913,5167.295743198847,4411.179809462549,550.0564667463202,2421.3798923460317],
        [2991.0340158830672,2234.9037726210245,3834.8817436374616,1336.4309412487019,2782.5797036169565,3622.4075076507206,4250.32051918157,3841.481273733074,2456.310733277848,4542.152054786817,3912.2246993173953,3578.931465990142,3359.7616324802384,3742.869417155806,748.6068420098546,665.4890775166182,5230.532247207823,4576.607011970428,3953.1569481012125,3373.044450041571,2701.9206966017327,2209.3539025767923,4552.916916260589,2867.623635935993,2821.008202509756,5398.622441686982,0.0,473.6379870421519,3785.7970958581004,4635.128221619593,4002.141424981498,2444.645100934362,2597.4030026827904,1614.930852890521,2676.9656388597427,4661.9740740817115,3505.3057358133565,669.079413675376,3299.1605858920916,4418.650924468273,3615.76244419558,4347.774417345271,1944.379986531112,2177.46281692392,4322.967113455247,2200.83564626183,3161.2256232216346,767.1755758756613,5527.936847506632,4383.492281953306,1501.4106164517477,3833.9331547508245,4502.462598361102,4198.5787303879115,4270.740361222946,3517.726093767806,4750.763179955515,314.7106978362813,2971.1185465155995,5425.362591272303,2991.0340158830672],
        [2997.85299988911,2434.5261959889253,3576.1350823622283,1550.1952122085058,2428.3415373231956,3904.16251505777,4451.890588982195,3720.1044123224483,2412.180178253588,4469.828113611995,3870.711084362289,3456.479142534877,3065.3203947939023,3713.418444321933,782.1665352364415,1080.9951203661449,5189.445303273968,4279.078069616344,3835.145390771828,3212.408145751126,2995.1820732265305,2011.1394456889177,4413.4850659418325,2535.0784568681383,3066.1133918800087,5358.299616220874,473.6379870421519,0.0,3495.5931930383335,4635.0791312748615,4312.776151140404,2561.4050719856873,2282.862627851665,1538.2889398862133,2834.4918478496393,4596.963137672427,3773.5091708401856,270.98007044081527,3451.3805315972454,4474.4603649310675,3890.7272461905127,4071.071046489857,1965.5817465249634,2246.2643210275496,4042.838442329597,1914.544212164583,3303.5461643171757,534.4078759123295,5491.515791074082,4567.255003929516,1473.8985211520435,3668.461447645938,4635.881141399614,3836.7819202306796,4553.311497470387,3893.969828348166,4509.463132231155,314.0005134181989,3334.9959002462674,5433.01756026192,2997.85299988911],
        [2276.6456980111425,3304.441836637328,306.2031652368782,3296.7639868157194,1182.9378061219866,4471.8247094592225,4217.906681998067,1481.4357229374687,2055.790091445882,2205.211712214066,2137.0390150779144,1419.610554800966,430.5486004141232,2169.0798691025275,3134.1133184126143,3882.037694826721,2918.5054826783175,791.9546293793524,1544.8233876523857,1135.1608145568152,4045.703931772237,1658.457941943809,1676.4535427317758,1011.7635103269718,3771.253276986202,3050.572322021531,3785.7970958581004,3495.5931930383335,0.0,2839.721925918132,4964.2896906238975,2884.059512125481,1219.1305678612905,2383.2278360958885,3159.823732463999,2337.470463242762,4293.297734225677,3224.653766157633,3330.5948059835405,3154.9871558464633,4413.221995975185,586.1658152968464,2498.74305163558,2645.0336028326556,552.700243278085,1587.0169962154594,3208.442408046563,3899.3899759647093,3180.39086334126,4158.692064143686,2563.5698624365177,1118.9397290703778,3827.023729495535,884.6871087676441,4908.100648061748,5212.086959208407,1115.1884570753934,3474.646548043091,4731.599810733797,3447.990248478193,2276.6456980111425],
        [1644.8726947839436,2708.03675462844,2538.098422772803,3421.229675863396,3499.181008337669,2757.9144689153622,1979.186855178243,1378.95498999524,2228.4136111985886,711.2730174733762,832.5974580591205,1536.3864786324443,2911.8730349299576,944.4065896678842,3903.4346592309635,4294.561334952916,716.1641536763963,3024.432403268007,1299.297933935524,1901.6067464852915,2978.619164612997,2863.991383874011,1365.0696815905524,3309.8754763725433,2609.534014376193,856.9693659103308,4635.128221619593,4635.0791312748615,2839.721925918132,0.0,3110.3795069732,2298.653497904083,3246.3905558333636,3101.3411976895322,2236.4544767402854,636.8733849274777,2631.48128692923,4426.6986939855515,1803.7229257277977,568.5996338968481,2691.3437390756876,2743.8881925034084,2691.8494682775167,2474.239743959122,2776.6131939031106,3248.0745707790793,1833.0992185904493,5166.8498089388295,957.8457866967459,1810.1780481053036,3164.0127676168768,1724.3558206372966,1311.7631448191933,3685.098308715959,2850.6800482042663,3787.559980448999,2446.337661914707,4422.322710949937,3565.8865806360723,799.1494736700671,1644.8726947839436],
        [2687.661961068167,2022.78654643446,4751.104412189752,2788.7056184650587,4883.587046483065,501.19726158740883,1184.345307523211,3731.1250750350196,3040.244448788055,3658.6899711949513,3154.789990170254,3645.190489573684,4764.782685216005,3014.8121627410933,3596.828668681396,3360.9850652139103,3783.232846119121,5516.6790930143,3750.395736091808,3843.6541546394988,1320.9369061477948,3813.227964961434,4205.385927416444,4780.847107063151,1354.9688170881675,3882.2097815382745,4002.141424981498,4312.776151140404,4964.2896906238975,3110.3795069732,0.0,2228.603339687714,4542.431167668134,3381.6503804847544,1890.1474957534838,3659.9876947742514,680.3639062773849,4269.999879514369,1642.823541005551,2545.5996787988665,554.0763913944546,5193.2700510533805,2896.9682415738475,2588.939929580014,5205.868276231779,4246.100659760356,1756.3616168279807,4762.976247076283,3933.2756181283544,1397.238443351538,3269.974639040307,4054.5234370850617,1903.2074956186225,5821.202859852536,413.32571218637815,913.0782346779066,5155.351508924688,4000.2897480610904,1161.2287133586065,3493.9752109396245,2687.661961068167],
        [808.7845867620049,479.4714465687577,2728.086637986984,1144.9124077383258,2657.5120761216926,1730.5112607316578,1955.7061980105316,2008.5144056872987,843.8508992379885,2415.0982137175515,1741.6384292469459,1811.5695724102884,2615.8547735209727,1551.3571561209276,1780.2039955359128,2016.9555725157006,2969.197534117689,3549.818757888993,2083.4075150136036,1860.4168066276106,1161.6456930937104,1584.6246592251134,2687.846313825878,2562.682172274423,911.2777501332092,3129.25922188367,2444.645100934362,2561.4050719856873,2884.059512125481,2298.653497904083,2228.603339687714,0.0,2316.3466823065305,1236.6453238495624,346.5324504104542,2500.9682664484017,1555.3804676182817,2417.0326065629015,903.8612363111368,1996.5879514735643,1686.0240432418093,3233.46494593053,712.1934840131645,380.28634482123846,3234.4292631715375,2020.2190015604033,748.9036833986795,3088.348507201317,3244.8612563840716,2038.8582260151566,1181.0422326578491,2215.8502561626738,2074.545150499885,3690.0966219514303,2305.893550916544,2332.8635251414184,3361.890735998476,2292.886495215662,1849.5913191891757,3054.6244502063287,808.7845867620049],
        [2033.2496236315328,2620.639021178081,1343.7256873972956,2336.39478259128,341.20179645080754,4042.3922062461124,4066.0773627462995,1944.062945552791,1515.923536341574,2791.5669791083674,2419.494607925106,1727.7389157099649,789.3887114585215,2351.4918760268697,1998.0521402764243,2773.1157824212883,3566.1168722696884,1996.715563846906,2054.228000175711,1369.7848310779523,3409.3607197782535,742.6712844982615,2481.0934116045164,293.84506149184847,3219.6302862397933,3724.1057769835684,2597.4030026827904,2282.862627851665,1219.1305678612905,3246.3905558333636,4542.431167668134,2316.3466823065305,0.0,1393.2875480769294,2652.2922228890907,2934.1854584198422,3865.0947123465676,2011.9990783290002,3033.5286685706656,3365.2808672611613,3994.8065416827462,1802.2634922862046,1712.406001552716,1974.880964191051,1770.9382249872976,420.74342826256304,2881.3576728628213,2680.3888172367815,3862.669936889011,4071.0513696685416,1573.3848001999065,1720.2168881527011,3875.610294779554,1641.6831925921526,4587.332364609322,4584.569445528484,2285.765849434051,2283.2822764365446,4047.6419261539786,3991.560534933495,2033.2496236315328],
        [1476.997064896436,1363.1542793064198,2358.1894893362914,945.2167903226216,1703.512597164503,2900.324392611217,3188.6003589025654,2226.682086810544,874.4377912498651,2940.8550593211453,2332.710935848349,1964.4006652103476,1994.4851216706663,2175.3598117454067,869.1012067227309,1526.5721165447874,3652.1121095906433,3162.323439601355,2338.2268929915485,1774.5795668358428,2133.8083520373284,727.0156549487301,2939.9267562379664,1684.4732635271691,2026.8933576787113,3820.9412901981036,1614.930852890521,1538.2889398862133,2383.2278360958885,3101.3411976895322,3381.6503804847544,1236.6453238495624,1393.2875480769294,0.0,1573.9964300659756,3065.153587168178,2735.1841419535986,1325.6154417330124,2125.623834778921,2974.9522230620682,2865.281096142895,2892.2713295902076,527.033068561391,859.5625998407268,2875.6649642944194,992.7584047932235,1965.9644553948679,2067.114629924182,3953.750347791371,3259.8718667362823,183.41884346557015,2234.579659913017,3231.7822848767996,3003.4543469521072,3510.9573519452897,3276.4057286504417,3222.294178467316,1355.5857368591062,2719.2105190105235,3900.2339179973114,1476.997064896436],
        [958.791076411244,487.6266420311345,2984.4014711546442,1345.1237836803546,2993.4414505067407,1390.2534847564602,1635.9987315764927,2162.033470543933,1156.9606865827257,2454.778204026094,1794.4754795605165,1994.0018205368053,2914.7171252045564,1607.002909068592,2053.095738781008,2190.9559881270698,2934.387011642843,3794.65013629471,2222.8086460520412,2093.9128469131433,920.5749522047953,1925.5248452892308,2802.653847624793,2892.5658976115765,611.8302330078639,3087.3081330430077,2676.9656388597427,2834.4918478496393,3159.823732463999,2236.4544767402854,1890.1474957534838,346.5324504104542,2652.2922228890907,1573.9964300659756,0.0,2523.9461706848415,1213.5911803879696,2708.076614935189,622.2683461373239,1861.9319994014654,1343.8141377878444,3474.2790860151044,1053.819288224153,724.7073459254995,3478.629067974665,2364.357799773764,488.5630719284416,3353.392589258942,3193.886047921065,1735.62431669657,1505.682936873534,2409.054439495421,1826.991899700213,3985.498464777864,1959.439392524731,2056.0668123706173,3558.017790929325,2552.886677479398,1612.446975328137,2952.7715884756835,958.791076411244],
