{
    "drone_dist": [
        [0.0,3515.0270496869157,4609.826953720177,2579.1998120131616,4820.450929763543,3088.25794455529,4978.5494142341195,3136.1101212905037,1109.517903467686,2370.8179808251084,1282.9198899571886,4891.4058725471605,2776.6679057801207,2739.5778804316124,3105.4238030080023,1192.1355761896782,897.9384631327086,5924.715806746889,3629.7397253972154,2349.3250032192946,2313.413443602965,3560.6917483432294,4059.986068256605,1009.528673192476,2753.391626103729,3041.104702993863,568.9431518248875,3819.387462903424,1303.8807606596545,875.0181277137832,3788.066441479556,3857.7741501579067,4414.7872404140435,4298.695740368338,4623.998107183706,5580.043007476068,4186.998144136077,3721.2098571205183,3246.6602712061726,900.2253585387599,2015.0921049955168,1038.581962041168,2239.168043020841,4282.583555111911,1993.4904559931829,4203.716844921456,4729.717413208623,2411.4844145375932,3311.9784830520707,3770.919988611203,2147.76889119501,761.4024972730346,4299.288866249947,5530.500137703645,3028.055671107099,2489.5098715350887,5461.223000745081,3425.611447618812,3462.321607812406,3929.1636326843436,2327.5031434576713,494.83363648798905,3074.241481122018,1959.3757643682573,3110.0107266585987,4362.64795676052,3720.6451923604513,4418.973430102399,3690.9960756877854,2431.9003530489554,5842.704701097653,253.9544837027999,2149.6685634545,4060.277720955408,3183.233461196589,3361.8604987615345,5132.175358826493,4358.166535105579,4557.369878798786,1905.905355275911,4169.481040429146,1743.8278673622171,1630.2253588979952,5056.295010038423,3266.0617126527104,354.499236797496,2096.0713952455894,5208.180532953026,4356.756198436209,3083.188813163005,0.0],
        [3515.0270496869157,0.0,2233.161159847603,3597.8539686741824,3705.830535471194,3481.6375476107037,3147.065971168229,4851.498849519628,3034.1553926350903,1145.1277608088456,2577.8024117659006,4619.122265835267,842.0927594830915,4583.055727128441,2774.571856071282,3692.7125817280757,2634.729327638525,4266.246498451506,2251.628178734769,3181.270030154891,1251.5751391275428,521.7381165678825,660.4395404908449,2775.6138052630768,790.3813152473532,4951.298577749542,2976.122443200618,5348.846339005268,2925.8939825350444,2673.003641246769,4817.908302182802,371.4628503481146,4070.4125172752974,1078.0387899358996,2546.5944452727185,3828.510864859517,2106.015554819696,2259.3907864273206,857.5276138574735,2755.209163571765,1969.5529321773517,3070.107089679018,1408.6954664213165,5597.3367981991905,1783.5304540066581,1632.6198469631336,2938.0267602760614,4680.274884831512,308.11074776121626,287.76312239074804,3947.8695785791306,3029.564988496903,5056.702363649758,4087.054113255068,4438.762921677575,4226.908978176334,3930.553330098185,1537.146054404574,4832.199640162899,2438.909377832347,1354.5193628975144,4000.0342020898483,4012.178320835257,2999.8623075082405,492.4020165793799,2740.716916919277,5471.174562661523,1427.602781589239,1192.8634135554814,3754.827587484481,4328.767992750316,3261.434826306145,3166.7216147914237,602.9350049057973,1129.0517424924876,4818.45141171277,3462.575563617138,3468.4308064491365,3447.807670646876,1847.4219074669697,4958.084249492403,3853.025597954806,2079.9618476789587,3196.507674221288,993.2088923983868,3431.384032223892,1494.6342534143275,4064.382284757552,1934.6238740040428,3250.314291933153,3515.0270496869157],
        [4609.826953720177,2233.161159847603,0.0,3219.640668255093,1799.2082880898975,2746.275055488841,983.451511473399,4370.863539762576,3665.6859771332515,2780.958970524563,3341.553382406506,2968.4589628448116,2233.7291134462257,4272.074853270332,2044.94838067682,4165.678068038721,3939.0634828238763,2056.095415756683,1160.5069645599178,2969.242540995957,2585.062129839395,2740.045130153263,1762.6442234813776,3616.120939099718,2378.5243553375603,4564.92237616614,4052.4251529074595,4612.932517312982,3474.5350170533297,3999.0096463037116,3912.846984282071,2024.4256995474793,2534.5532278396518,1356.2151298511335,407.38003203423244,1620.7307064162753,454.5231450784001,1070.4769485808692,1662.6489933186067,3709.6142230630776,2594.763949862181,3732.5194188097717,3239.8118132361983,4669.5194329815995,2648.1021937566575,601.5855510981688,848.3728194961786,4606.023746801478,2084.1519450114447,2318.988861174169,3874.3352609351655,3890.1315055480827,3913.9828325035614,1948.0855387256436,3906.288914843763,3986.559537380149,1777.5714940797868,1196.1710603633062,4138.07042494853,993.3639479452233,2435.3002568038773,5087.812811040622,3356.1603071218615,3086.8895580507965,2613.5414082390457,886.5716744567807,4846.650504360898,952.278420336776,1129.2961035159087,3483.1468352737293,2147.7255654397727,4381.0465146024135,3092.995421173403,1886.5317630290317,1559.0096742598632,4183.659723616826,1316.522806119669,1799.3576101612784,1631.969088674941,2733.7170510803307,3861.008673710287,4014.737576456767,2997.3271342820112,1013.5578442037864,1558.1619037824055,4693.425456427676,2696.435817899702,2057.7866984104576,308.79270694818183,2508.1245396861214,4609.826953720177],
        [2579.1998120131616,3597.8539686741824,3219.640668255093,0.0,2572.578923532888,620.6162066769097,3091.26931237163,1265.0001283286467,1531.5132552422817,2892.610262665008,1698.4668832635934,2344.1588549182975,2804.8233323518843,1069.2753061291228,1174.8133108576963,1498.0961151645322,2584.099247862905,3751.7255075649905,2064.651041335416,430.0171766288282,2581.790385416736,3973.8315120308625,3770.918267391654,1824.5205934428654,2930.311402492651,1403.0503908027158,2285.285474700159,1765.519265535553,1389.429230859862,2638.1621143492134,1374.1584642380126,3762.466803505424,1926.6863774540716,3726.7685569357286,3015.333834203867,3510.2415062978857,2777.2233278682143,2151.043766656289,2824.5500047661444,2005.7865489844203,1753.6900640598535,1589.7629056334545,3192.9886640140703,2081.693213447891,2011.5620962586408,3144.4674473271234,2892.9284695710776,1395.8575864544698,3290.7169677860215,3877.4373441094253,726.9932540738827,1916.6582235411652,1806.2610578786878,3310.5813735695206,841.2007112706066,766.9443878916326,3295.652081038548,2423.560735653017,1256.3453964043836,2245.1317076535775,2366.065894901729,2870.574506521531,536.6950668314673,776.8107565646147,3501.2254117275224,2552.4796627702653,1873.382230165484,3590.7296823261922,2907.323670300983,278.7165298476333,3611.227295135484,2493.149923785976,536.7338454394247,3847.9662846991805,2579.3139559030856,1227.0721211284922,3108.4485663247415,2112.2259051761707,2371.1933364305946,2000.186715069549,1678.6575507085074,1043.616880584088,1955.7794319030322,3165.3831975495295,2729.9182369651858,2873.5322944301424,2393.351900730367,2902.033780360056,3109.9379787683642,771.0347084601196,2579.1998120131616],
        [4820.450929763543,3705.830535471194,1799.2082880898975,2572.578923532888,0.0,1952.8455371389243,946.3859756615703,3346.939971210364,3718.827455729613,3793.861964650822,3592.6489634832305,1219.8949304320756,3343.453101134009,3406.839762116142,1715.7865795254797,3968.9164682793985,4435.105690349313,1179.7779315909443,1527.623634987247,2571.997312311975,3496.015133087293,4225.47066148573,3412.478233091515,3842.8500029565926,3515.447198176655,3586.8124778443694,4352.421511279007,3348.954341558281,3519.6023869908786,4499.328826951806,2613.534977405367,3611.3434176977657,949.6503768765081,3076.3795650936463,1392.9790337778256,997.285281742528,1660.736478779999,1487.3373363073388,2906.841189011387,3997.050399554435,3048.7703827583205,3791.3588344381105,4258.249675588734,3254.997252919,3239.9752424162316,2236.4872880023668,963.6057631227072,3876.338998023695,3464.2339685569373,3876.3189474693495,3296.996537134199,4061.7230337584256,2423.0779464048865,739.0224898126089,2927.117653915635,3240.507196957791,732.2774267436373,2206.2367932076763,2976.5703481793207,1278.951324847677,3267.2529275058814,5221.140258099781,2407.0455484797576,2898.612869704332,3946.7490787278307,988.0150792052508,3640.6716578419737,2706.7698940383752,2520.2695341886115,2843.7011517503897,1044.990830100349,4650.5734040097805,2765.4515520404907,3534.8124639740186,2671.5858651286053,3063.7646345289018,727.5505958882005,470.24857431029403,285.364188532343,3301.271056304182,2412.7337481710238,3599.5343418723182,3478.9044031871954,978.2762409184619,2766.2290397893426,5024.114293480214,3482.6778776919364,404.80181353663943,1969.774232316026,1834.2540269879005,4820.450929763543],
        [3088.25794455529,3481.6375476107037,2746.275055488841,620.6162066769097,1952.8455371389243,0.0,2511.73408468407,1624.6737171688076,1993.1813704568542,2962.492399058831,2044.6266736870298,1804.3891478544626,2759.1321479578914,1552.7413088250553,764.5095276611754,2080.5084107239054,2954.592595671944,3132.3982477956424,1630.6097847210676,741.2842049773135,2635.0236519416526,3911.805854924042,3546.987247432495,2228.443024285378,2907.2069448644907,1821.9771311139089,2724.7704245756213,1938.6860080860665,1818.8938230002318,3013.9572829740264,1338.8933378397874,3588.4267408392684,1338.2390095041299,3433.439661970104,2497.832899999793,2899.186086785327,2324.4678407032293,1705.0014108904998,2651.3439284305923,2406.865801632716,1861.601310528409,2059.871829559532,3328.9330343940796,2124.3145008276,2123.028292636152,2761.8968447371267,2328.325988150229,1963.4174743593276,3175.0963586460116,3746.146487252113,1344.243974395098,2374.8962969119234,1608.5963150703867,2690.3852856718245,1160.033309821235,1320.207982024977,2677.874722716927,2128.863630715119,1432.2634389298235,1753.4977010035368,2397.3506994406416,3421.096070254483,613.8636545456055,1147.1000178448319,3470.877133750717,2006.5718654236066,2132.1451750662327,3240.02863524361,2621.6028728504566,891.1152693577767,2990.639790995885,2970.654594984338,939.0113408669096,3638.410741151646,2385.7511629576247,1458.031559341548,2506.5728104034743,1494.9788392182022,1757.478576600303,2137.4166745168095,1498.0163918178584,1658.9043547955241,2172.8746158467047,2583.6660483900673,2535.9142601818803,3355.3842894224094,2489.7638202201256,2282.0376353280267,2679.4624155723923,251.24118279234338,3088.25794455529],
        [4978.5494142341195,3147.065971168229,983.451511473399,3091.26931237163,946.3859756615703,2511.73408468407,0.0,4065.9426477002507,3930.4372246653106,3503.3539710827813,3698.948894147915,2166.2772592301076,2985.8143569824774,4056.0628455782353,1998.6959540329512,4312.653303077617,4437.884551201682,1127.6781367992899,1358.7159217900448,2964.4134235545253,3251.781702709832,3665.1223797474568,2731.0275776202284,3969.7439605827053,3148.407507214009,4290.090076777697,4455.0984777740805,4168.30289678057,3728.764458957155,4501.262885096765,3435.6467659814653,2976.5409782806355,1845.9295782854529,2337.3324772105702,605.6642713038683,695.0194031249019,1054.1768221778902,1273.071491657325,2457.9099515295375,4097.204159045355,3026.7006952764605,4002.2881480198052,3975.5919136907896,4129.4916776932205,3154.9144561216526,1538.0846469171327,253.98654222703257,4473.118113849999,2957.130264132225,3264.5127875848025,3808.0663685841955,4222.958416660719,3315.1854865519094,965.3275960344705,3616.91205110904,3830.4445979149555,796.8158674671192,1825.8537642590138,3747.9926135638498,1053.254480939341,3056.4822843652837,5425.210936983769,3066.61000503402,3201.033208687001,3477.2458703791262,615.9051386605702,4440.673737084794,1935.6596561257384,1971.0741560057613,3369.825553823682,1182.874628093582,4775.304141592843,3132.3336396371433,2855.497215229069,2280.0550531552803,3819.044330751719,333.16893290564184,1155.09965941635,900.0013375678191,3231.6713686281973,3289.5271377281806,4040.665556258748,3461.5106518951657,78.29603565354853,2329.6375696629734,5124.291303854651,3304.773172313578,1111.476085420173,1236.8643107601329,2320.905862702592,4978.5494142341195],
        [3136.1101212905037,4851.498849519628,4370.863539762576,1265.0001283286467,3346.939971210364,1624.6737171688076,4065.9426477002507,0.0,2357.4381014244855,4074.283346920205,2689.8010910750436,2644.9987646416635,4043.6987853008222,396.56319523821963,2359.765535497807,1949.794068743069,3455.4265906484525,4486.790483917607,3247.5157131443666,1670.5995500847014,3780.450281854844,5208.5466865357375,5035.774764917729,2713.4464809408396,4159.199336730789,251.73898074852374,3052.3219609782846,683.2863890877962,2302.363888360738,3496.4174105985126,929.8107443894144,5025.448734312778,2469.7392541887957,4982.846419861491,4113.370838408195,4342.557245962625,3947.741905939753,3325.356512003581,4088.8680359973523,2877.7520940735135,2950.398126918976,2386.9963037193297,4319.061984024517,1155.8252044020185,3194.7944446415236,4364.91533934768,3908.313467993099,848.9178637255682,4545.618764336799,5133.414048569941,1064.7990414249316,2687.7904057467276,1450.028764357101,4037.371447098888,464.71380771119715,704.7144750837695,4071.270673027048,3674.857950932797,468.076560759428,3377.829483502205,3580.959786548378,3248.084617334289,1017.0894872146267,1899.0410503287053,4726.731104101843,3609.247207739952,648.4146697177127,4827.9418379452945,4162.928781639841,1100.7529333903767,4303.51394069704,3148.818513666693,1698.1489444766776,5112.933923455464,3844.3064096970456,343.4363519656161,4003.1114821695082,2950.3957922246555,3224.8578117982483,3167.611691308807,1343.4717866688272,1414.1705897788374,3064.082557994839,4132.475430586103,3994.9172376805936,3482.4719873726444,3571.831196265561,3579.6745476939323,4299.253507275129,1866.4021786454541,3136.1101212905037],
        [1109.517903467686,3034.1553926350903,3665.6859771332515,1531.5132552422817,3718.827455729613,1993.1813704568542,3930.4372246653106,2357.4381014244855,0.0,1991.7010309249908,458.35747561529286,3797.268718413911,2202.3610552384266,1979.3601824214647,2007.86702329892,662.4015823312938,1102.805940617535,4837.816333356773,2607.0620921376058,1251.9007610965753,1789.195716953989,3236.9806289304806,3456.0684031438877,361.09041058995916,2246.2969497698873,2337.4795003107342,754.4407539163896,3019.12399657839,202.24824276342017,1148.10520057749,2840.1183716654004,3321.7772166355385,3310.20037472359,3599.1284724194797,3626.7404181159154,4506.674467600318,3223.113152155759,2701.6384104044364,2533.1422264511884,520.4016686053263,1160.4130365757753,72.76808951765607,2094.7216606998545,3438.399487992818,1267.92903233793,3336.9914694099684,3686.9310477493154,1841.0154980209122,2769.414761055498,3317.37674969914,1293.0412781595912,386.00907613765133,3317.826261891078,4435.415351687451,2130.2253574491324,1655.1813736839667,4372.647811644982,2530.1644862975854,2586.678824198617,2895.1508840799193,1689.9564469244435,1506.9052386054573,2055.7179696447247,852.6388710927868,2743.1154028312626,3317.2017094795174,2995.8259488530653,3635.337877872699,2883.016024138196,1440.693618019729,4747.661232506912,977.4906076723578,1056.1223676034645,3487.2972264950613,2396.3789638583985,2506.707299872231,4062.0450143716384,3254.1407122973264,3459.8953784895143,1194.3135915466762,3188.3136603352978,987.8307074438618,955.5623272128299,4008.6799629204957,2511.4692452890786,1362.2034845665328,1545.4037459935641,4103.345935523663,3442.317829154534,1975.6701860377402,1109.517903467686],
        [2370.8179808251084,1145.1277608088456,2780.958970524563,2892.610262665008,3793.861964650822,2962.492399058831,3503.3539710827813,4074.283346920205,1991.7010309249908,0.0,1536.736830323755,4449.677790785547,551.3533415583922,3755.44470018375,2407.6471230263933,2652.7370703709894,1490.2502651389825,4616.27687171182,2271.7016514245674,2463.1099809329594,329.6820114009665,1249.3218911543538,1726.1983486544495,1691.5885242857867,438.3730546268028,4130.3293302146785,1838.39697842566,4649.717400125298,1921.9570108117368,1529.8824594196567,4230.56601549318,1496.1540852010812,3885.5512633747985,2037.218813066131,2968.7771592190056,4194.8270410741225,2479.1291420497696,2324.97952793782,1129.1242644787762,1644.3138710462904,1138.9633870626294,2015.3152802650518,472.723745126705,4971.070833993861,882.8913933849093,2226.969221002151,3257.971636131459,3759.2040595341355,970.0085849864953,1401.413162879455,3076.0910508669476,1925.5487213542258,4568.382329342414,4338.196864232863,3713.281089800487,3397.4944114562277,4208.75999788238,1677.500207152916,4147.216255571247,2551.0288852264925,573.7878490434138,2854.942733337867,3383.059502853395,2175.601520208164,762.4501133819807,2959.3012648459608,4718.08476692197,2261.277364507027,1665.4268325641115,2983.249982927155,4622.226118484383,2117.5080541064085,2387.404543822178,1709.4423533917718,1234.3899685907406,4108.4434138770675,3769.624439374818,3441.006434074634,3510.6754477422514,906.8298886048195,4453.807133315693,2902.0080196813237,1056.234510095463,3569.6161400910946,1223.1058088651853,2290.033472385633,502.64597907752386,4191.236203741472,2476.9465550460504,2776.0472269785946,2370.8179808251084],
        [1282.9198899571886,2577.8024117659006,3341.553382406506,1698.4668832635934,3592.6489634832305,2044.6266736870298,3698.948894147915,2689.8010910750436,458.35747561529286,1536.736830323755,0.0,3818.7799428402495,1749.4193510042114,2330.646858959543,1883.9007525744667,1120.613829221822,909.9960254759061,4666.747603514595,2347.3664086927547,1333.2437383870476,1331.1352088701078,2779.8325386033607,3013.2318736180246,275.2684684836774,1789.047077291693,2699.724761551975,763.3941616672444,3327.2994515434757,401.2029147678906,969.7347934248326,3062.807805359267,2870.226536296033,3299.0124349310795,3175.174759788599,3342.5257034718516,4310.747406082579,2911.6611344701246,2438.5295018518086,2106.193006878716,405.1500406596134,762.5517269208116,492.54060148199767,1668.3288834643238,3717.4090911261396,825.5840600378666,2968.799290601305,3449.1316925681926,2254.084141897849,2316.470646665227,2860.327461174985,1634.6934519611034,549.6335962268407,3503.8045037238035,4285.189197261618,2407.0682951473136,1986.5541236947308,4206.410709849508,2172.4183829352446,2863.9880787049574,2647.8919737267834,1239.5992652786715,1748.79259967352,2235.1193236445915,928.8286588715936,2285.4894156716496,3083.1668829380224,3336.8120062021526,3235.3752328824025,2487.7112025492424,1678.488049491772,4596.408295823172,1077.1329241208923,1168.1652273477973,3040.3540814512794,1989.7481540931888,2797.7087065803885,3861.638263551153,3141.1692885571106,3320.806672389978,747.1115381516738,3376.700708737158,1391.6987311165128,497.977409429623,3776.483237414315,2095.4964482499963,1437.2995430916208,1087.2502734561726,3989.1534488944985,3099.3561642937775,1970.4695462668528,1282.9198899571886],
        [4891.4058725471605,4619.122265835267,2968.4589628448116,2344.1588549182975,1219.8949304320756,1804.3891478544626,2166.2772592301076,2644.9987646416635,3797.268718413911,4449.677790785547,3818.7799428402495,0.0,4094.5343198767164,2833.4074461088803,2060.9376456398827,3841.895670095833,4724.491692102641,2044.5001096027318,2369.9760603761583,2545.5370551898304,4125.310996116578,5121.033496955313,4438.807922577998,4020.8125217468273,4263.94021139911,2896.702785647868,4523.251991929651,2436.3330820015444,3620.4466402566786,4785.869038900906,1753.922556654704,4593.128869974649,564.3963781412336,4156.80372071855,2572.10780561605,2071.3666167690967,2744.476056467965,2372.4646986699813,3770.6435394055256,4196.446613143265,3483.896868849696,3864.2040714123877,4879.6002946153985,2219.5349693523362,3724.197557368625,3324.70171058947,2164.988894020814,3357.8129417944756,4343.396758032169,4829.514692969336,2976.4045046698875,4177.918531771612,1387.048815906465,1638.7192724011559,2326.3887007149547,2791.290830193448,1745.349545788095,3082.7399923689404,2198.4930251506485,2228.4918209319308,3881.124066698082,5210.487735633525,1949.4557487929203,2948.321312785282,4768.7750053363,2096.0656236415484,2753.724119422834,3820.4053943701683,3491.416503920224,2557.041795008305,1824.7373331021895,4774.614902782411,2743.2553943195126,4555.541164127069,3506.988376799456,2312.368983104782,1925.932212295801,1197.1085428890044,1336.931832556379,3762.473187927499,1424.3839226535106,3359.346064114746,3864.1990227495494,2196.518479308047,3630.767157907384,5159.385155019745,4044.496260521,1192.3753064143298,3092.0464855560576,1848.317573122503,4891.4058725471605],
        [2776.6679057801207,842.0927594830915,2233.7291134462257,2804.8233323518843,3343.453101134009,2759.1321479578914,2985.8143569824774,4043.6987853008222,2202.3610552384266,551.3533415583922,1749.4193510042114,4094.5343198767164,0.0,3761.231315743182,2113.374689537447,2857.4336838198215,1937.5662614304213,4106.861561147438,1816.6325772670639,2380.214017996842,463.57959952908374,1169.2104052776695,1287.503022558137,1962.4607598835128,172.39701327114486,4132.194922276861,2217.976222968671,4567.875304570911,2087.197459785258,1985.790530708488,4077.539499386951,1121.1834149576155,3531.738378179056,1536.5622830528305,2436.043182780163,3680.0765807520925,1947.8478690781935,1857.6487472218853,577.7749151876417,1961.5197455775558,1129.761285382807,2241.689766382068,1006.5073871812893,4844.7921574278025,942.9397312782087,1675.7020999866736,2745.053423213411,3841.976898049061,567.1228568617282,1129.5555767939766,3115.0667647178925,2226.4966599957197,4361.866138949849,3848.7298103265553,3644.861919180091,3403.4218374519046,3712.2313637823486,1168.0483943821737,4054.023527851659,2075.91659482224,514.3090215810969,3270.0403345508403,3249.5394936312773,2170.901400655382,711.7734505681888,2464.396930576723,4672.681096386535,1725.8613121585695,1114.394532702894,2943.3134570704906,4124.730251631701,2523.5684250186723,2348.865523056763,1300.140733015452,705.7599469131158,4031.5163585637465,3263.7629009642264,3023.4584304701725,3064.8196814645294,1009.8371203254122,4255.197313273139,3011.372907225978,1254.403948944584,3049.586095567665,676.0578804988576,2743.3849877484786,688.6439139578558,3733.03320501802,1928.3976739492434,2545.0117596488017,2776.6679057801207],
        [2739.5778804316124,4583.055727128441,4272.074853270332,1069.2753061291228,3406.839762116142,1552.7413088250553,4056.0628455782353,396.56319523821963,1979.3601824214647,3755.44470018375,2330.646858959543,2833.4074461088803,3761.231315743182,0.0,2230.9894086320346,1553.5516686593062,3072.0996998914375,4571.3314929994285,3124.7846330540447,1427.6559686097733,3471.8464620250957,4917.644846664643,4807.586807415006,2338.069652281329,3867.607051249098,374.88895346650645,2662.356137672023,1079.8450692989663,1936.8674860220797,3111.5816248950714,1215.1421715626634,4777.1903645225775,2585.3783636311878,4785.400312148907,4044.7947973032583,4391.357208990775,3835.333336517749,3208.6425419676116,3849.9062305620014,2498.581938130787,2648.4495025048723,2005.3982534287718,3977.8501293179183,1548.5865907573937,2883.5110676827903,4213.625550317411,3879.4032659272298,531.1252525882759,4280.186609370537,4867.941310607616,695.957365593625,2300.5454627954023,1754.4875012153427,4121.115980997219,507.5371730977959,358.94978921072413,4138.4632067992925,3487.8477365767067,785.8480284722372,3286.7476174055523,3283.179520088118,2857.4911360786136,1001.581833589181,1593.4448212545342,4430.030646157168,3559.0469003335493,1016.9329873901995,4658.819415970728,3967.622832220478,844.4590545609401,4401.093158574509,2753.3364902540593,1416.6333944943851,4878.2389511094,3616.142937727956,665.8059678520407,4025.6275482327424,2981.9679653192716,3254.953796784887,2849.762242330966,1636.892647163896,1021.5105571438506,2727.0532949475196,4126.275379506047,3764.889271621001,3085.936731456472,3254.9574431934875,3674.8855110396316,4174.067795685641,1772.6544478810827,2739.5778804316124],
        [3105.4238030080023,2774.571856071282,2044.94838067682,1174.8133108576963,1715.7865795254797,764.5095276611754,1998.6959540329512,2359.765535497807,2007.86702329892,2407.6471230263933,1883.9007525744667,2060.9376456398827,2113.374689537447,2230.9894086320346,0.0,2321.6191450123347,2751.2920143799693,2832.8456361801504,893.9921876263754,970.1619359372486,2079.4406497366826,3231.1086817151895,2794.697603680325,2128.9234280191845,2274.1483378833987,2537.474320235773,2639.728762493947,2703.1833646748732,1807.2706984538527,2814.973670709891,2085.391235544671,2852.848163176165,1502.924001403949,2669.4728613309376,1850.4457009847467,2517.71694479048,1604.5894674313574,977.8634815446657,1926.8935935267566,2286.496607874488,1430.2973192349393,2080.5935685307927,2824.5116905463783,2873.7631786530005,1664.6104213738033,2006.4370933686416,1776.5818542511563,2565.4384523271597,2472.690329046395,3028.4148415291606,1849.2577042748721,2346.0696461982675,2282.8871937419553,2427.5604219621955,1897.5134469939999,1941.7564044691883,2367.019175222415,1367.8896676893032,2195.9824654147824,1074.7763186364953,1834.494342178873,3513.881469736443,1369.8474692743855,1215.7209452842299,2818.3693482193075,1417.3360873873864,2892.627024719355,2478.410175205457,1859.8507068184222,1441.0063109071602,2739.8155115294576,2935.1344643599614,1133.6461427876166,2889.8825399979673,1656.3109675206993,2217.5199253204405,2081.6862771059336,1258.2599364308808,1452.4724403876417,1706.1938972658531,2186.858500534244,2047.1570133394584,1831.173743390272,2076.0481145436406,1803.4864364208488,3309.9312210220937,1985.3677763084843,2107.8479346622057,1945.0456140625438,513.5760386429614,3105.4238030080023],
        [1192.1355761896782,3692.7125817280757,4165.678068038721,1498.0961151645322,3968.9164682793985,2080.5084107239054,4312.653303077617,1949.794068743069,662.4015823312938,2652.7370703709894,1120.613829221822,3841.895670095833,2857.4336838198215,1553.5516686593062,2321.6191450123347,0.0,1599.2250796380804,5128.759649917904,3051.1084250332283,1396.9453865804512,2450.6137648864706,3899.053478817953,4097.374389255635,980.2565869680285,2906.4013326390145,1871.8455662391345,1150.2847875388313,2632.636280172487,775.9209622296521,1627.056419556297,2607.3500495357343,3973.909642193877,3415.1893660266396,4217.643201979015,4078.9898725016133,4834.769586720025,3713.9101802018436,3146.997525898149,3159.6843639788917,1088.1176239113818,1781.4999236646468,638.476019040192,2734.480398903554,3091.629737283779,1917.250844725014,3892.3014455333805,4081.0198680646386,1284.5436748578866,3423.7964124259506,3976.856305314598,963.1236914925094,828.6307675538878,3127.752524608792,4704.1423869342225,1840.5833401699051,1297.9512526574272,4663.590143369805,3083.9019128464397,2270.7114349526723,3317.0603518587304,2343.5356970418507,1391.0046117723784,1941.958576867729,1111.9187039166204,3405.422440836563,3713.5675469392795,2550.831733307765,4225.460791507328,3473.012871007781,1299.7267509515648,5013.266552997966,1201.8348479134654,1204.9443637528457,4133.538856703068,3002.8859472720296,2169.7281101101025,4402.475451632574,3498.735262529875,3733.0340388120776,1847.6134910535693,2998.621884044975,553.1843692055945,1616.8741608005773,4390.608144503792,3126.650429757624,1534.0319210372652,2207.0317224828746,4329.521004174477,3967.1710375079533,2142.464191339885,1192.1355761896782],
        [897.9384631327086,2634.729327638525,3939.0634828238763,2584.099247862905,4435.105690349313,2954.592595671944,4437.884551201682,3455.4265906484525,1102.805940617535,1490.2502651389825,909.9960254759061,4724.491692102641,1937.5662614304213,3072.0996998914375,2751.2920143799693,1599.2250796380804,0.0,5462.3340324830115,3081.5747455291635,2238.2333237798844,1477.259860111352,2663.1134623784083,3203.6481954775986,764.3427319753791,1893.0878745428195,3422.142300472735,468.4521895775861,4120.945892414556,1201.366444321994,64.28539111524998,3927.82711006538,2985.540558534936,4198.71519916611,3473.646130695031,4012.6003832501015,5083.798106819948,3546.2384875436055,3165.0647638401974,2450.96595150255,586.6454272757629,1413.820202589426,1068.6801865008324,1342.5335984050087,4540.814723886158,1297.0009106151576,3475.2631285020334,4184.158283942877,2877.948750052081,2448.942436605747,2883.7453384945857,2393.076428761513,778.8765663984583,4388.813488071053,5102.898802574016,3231.357414518003,2755.6808401056046,5010.439824889185,2743.1818654957506,3688.4319615551317,3388.6695960031157,1540.5596295811386,1369.2605478193664,3119.1735403965968,1829.3425292003374,2216.821455572536,3829.9411242256456,4088.8306007273363,3632.838744999788,2935.03539451202,2528.5529979228036,5410.899293557167,652.6925655865151,2064.8507102544067,3195.124424156903,2431.118323587182,3609.4375538758645,4634.813274307361,3996.7600211232316,4156.470917400041,1214.6011426588111,4260.3907190000145,2059.778071319404,976.9790323682878,4513.346051237747,2491.592787880235,806.146836301323,1287.2495383193918,4836.888190016577,3663.547629939767,2876.708492778976,897.9384631327086],
        [5924.715806746889,4266.246498451506,2056.095415756683,3751.7255075649905,1179.7779315909443,3132.3982477956424,1127.6781367992899,4486.790483917607,4837.816333356773,4616.27687171182,4666.747603514595,2044.5001096027318,4106.861561147438,4571.3314929994285,2832.8456361801504,5128.759649917904,5462.3340324830115,0.0,2399.9852915487245,3734.4893081704213,4353.507838992956,4781.5869494025,3818.4013935947714,4928.263259929666,4271.188741648325,4731.640046786969,5430.094725684772,4417.403629282183,4636.246673997434,5526.4472919107,3693.8204159749116,4078.510151481775,2023.387086960962,3402.521257475703,1719.9527100835828,437.78766611833953,2181.800444346454,2326.8739967688452,3584.9505795471246,5071.331291646238,4050.4738072265322,4910.58281639856,5088.998578065539,4252.387432211611,4206.02926985173,2642.254662803738,1361.9893781703863,5049.764265379471,4083.1584789416393,4370.992326520051,4476.625504740488,5163.313578952582,3412.2116740236097,450.3617232882987,4082.847999491139,4416.694928519759,466.0871467310726,2941.4704828920862,4091.1773350055932,2096.666009172743,4148.143718994088,6344.710450671358,3575.9221781116203,4041.1572212438377,4604.470257970219,1665.107913400274,4723.319599452774,2991.4405832212888,3097.33620096791,4023.3773598625808,231.93561351942316,5739.828979732498,3923.848655184411,3942.0750869548233,3401.5852706322876,4187.439938836391,847.6579355122168,1641.4955128897532,1395.9846094277639,4277.543829554716,3429.9030690706763,4774.821447469217,4487.84249458615,1071.9347587793202,3455.6806928592,6103.9594975068,4389.047084122159,909.7223047518551,2338.2940412444045,3006.81267980821,5924.715806746889],
        [3629.7397253972154,2251.628178734769,1160.5069645599178,2064.651041335416,1527.623634987247,1630.6097847210676,1358.7159217900448,3247.5157131443666,2607.0620921376058,2271.7016514245674,2347.3664086927547,2369.9760603761583,1816.6325772670639,3124.7846330540447,893.9921876263754,3051.1084250332283,3081.5747455291635,2399.9852915487245,0.0,1809.9068569295741,1983.0609735388887,2759.3145717662815,2098.5109176211377,2620.226681584673,1988.8326096317835,3430.030196843106,3099.417655952889,3550.6231975398136,2407.9615429226847,3145.175946463361,2888.3044922510735,2228.908862604263,1829.104103083497,1884.1914515366493,1028.091564139726,2006.2687495733896,712.8976267902304,95.89062945041319,1412.762579906366,2742.4509975265587,1668.8203745161588,2677.511128034858,2739.7051768685724,3669.802849167533,1808.1860683426676,1140.365035063515,1106.0943996596377,3446.5157003680024,1983.6263886958598,2459.7541194633063,2713.93717077429,2879.4746509974907,2988.6238432730875,2081.4342613900503,2783.5982960466463,2830.8124602444027,1965.1747813016918,714.6322339645479,3055.1400556361104,307.1567745750494,1763.7256919828126,4085.22996863808,2244.3325483876397,1951.5747657224085,2439.4042805788813,748.4007352482588,3759.8648972600627,1633.9181858121412,1136.8775545286112,2324.8958087232822,2376.552170664661,3421.4849644776705,1939.567920899975,2209.5500396373363,1160.345390295302,3087.3808342969783,1559.6580888439566,1224.4423457154,1248.1887129351794,1881.8452859888316,2912.850626716896,2864.1231719029734,2104.6566179875317,1435.183306633202,1271.4046147741985,3766.9877519431475,1995.7519456796608,1921.0365534995994,1052.1663640541067,1383.0730072046783,3629.7397253972154],
        [2349.3250032192946,3181.270030154891,2969.242540995957,430.0171766288282,2571.997312311975,741.2842049773135,2964.4134235545253,1670.5995500847014,1251.9007610965753,2463.1099809329594,1333.2437383870476,2545.5370551898304,2380.214017996842,1427.6559686097733,970.1619359372486,1396.9453865804512,2238.2333237798844,3734.4893081704213,1809.9068569295741,0.0,2151.779717594156,3548.504202794302,3380.6190079570315,1496.8689200831107,2503.0634387939085,1783.9818848980708,1986.8686840305716,2194.4671033384043,1079.5947460422474,2295.673092282085,1787.01671126609,3357.903678526357,2067.1511716010473,3362.462431697597,2809.1461694454724,3451.44950495282,2517.4748820974455,1902.2638263666256,2425.3758948047284,1677.054664050627,1324.1479131173655,1318.6696103873146,2769.7474226353943,2509.2168428581526,1582.8415412877855,2831.0091820526795,2745.9181743281674,1657.6778607496199,2875.130475323371,3462.85186821786,908.6278748335067,1634.06077546353,2187.910455545493,3307.688688989108,1265.1826407742146,1087.0280921535898,3270.087490376141,2075.3189517088485,1686.31194488418,2031.4577549327996,1936.5106249417518,2695.4267755657793,937.0753889613645,411.250935570005,3073.616936647842,2387.492890409028,2292.9027475816765,3254.59511683664,2547.404904196261,583.5720961902821,3616.4882371719127,2229.382075165038,201.17490456433617,3452.830677378601,2188.7570004308277,1654.9353539007002,3026.874177888399,2101.8479794864843,2338.5169146401036,1573.609669716041,2063.4757349081633,1077.2133519622125,1542.898452463031,3041.240477614735,2337.830434629384,2614.104220223594,1964.5241725279648,2934.1790300251873,2828.0954121162536,751.1409065853152,2349.3250032192946],
        [2313.413443602965,1251.5751391275428,2585.062129839395,2581.790385416736,3496.015133087293,2635.0236519416526,3251.781702709832,3780.450281854844,1789.195716953989,329.6820114009665,1331.1352088701078,4125.310996116578,463.57959952908374,3471.8464620250957,2079.4406497366826,2450.6137648864706,1477.259860111352,4353.507838992956,1983.0609735388887,2151.779717594156,0.0,1466.9976528035716,1748.1263471533455,1524.11139006564,461.3045115859496,3846.285069166039,1756.155594070768,4343.639459158771,1694.4659444672473,1526.9540334843657,3910.3499698476603,1564.5821113766458,3561.50941297012,1996.7872694482946,2739.260071812567,3938.168807606901,2250.760088876185,2042.2764269137704,988.3760603617292,1509.7614282405311,831.6000986415926,1822.1025927242692,764.9929533091614,4656.087417905188,588.5015633325369,2061.660714167387,3002.6646742755474,3503.2415426770644,1010.0654147207078,1531.1486347306588,2801.6185754950184,1780.4950464502601,4241.916197844761,4060.307038466645,3408.877104075951,3113.0161121000824,3936.220056960031,1434.2044605090196,3837.9161001927096,2271.046310437193,244.9554368973964,2806.586452853104,3064.773204077677,1882.4972559287712,971.3108556199404,2690.0208166784564,4421.196558542838,2165.5209846957287,1503.1471801605933,2684.127578919434,4349.512090827099,2060.185523288318,2086.1537272584246,1754.8915497914531,1026.4918600454284,3802.739594925649,3505.84998842271,3131.8874889053263,3211.646578578151,630.4892824404924,4128.030268361167,2654.33917334083,833.754133870266,3320.53624294121,1051.2488731013552,2282.255107223644,243.99767976449655,3896.0070439573187,2288.488347039876,2446.843637976176,2313.413443602965],
        [3560.6917483432294,521.7381165678825,2740.045130153263,3973.8315120308625,4225.47066148573,3911.805854924042,3665.1223797474568,5208.5466865357375,3236.9806289304806,1249.3218911543538,2779.8325386033607,5121.033496955313,1169.2104052776695,4917.644846664643,3231.1086817151895,3899.053478817953,2663.1134623784083,4781.5869494025,2759.3145717662815,3548.504202794302,1466.9976528035716,0.0,1057.6596442162268,2940.893711239157,1050.2247292259044,5290.36073179873,3057.3864382413467,5737.078522561595,3156.195600739394,2690.603521623195,5238.930601065683,749.5212162292996,4568.3105079671595,1508.12919146352,3063.0507370143164,4343.802117158789,2626.90022819836,2771.2994426550204,1350.3916038034968,2889.1927199241604,2270.548834697097,3262.839932307409,1334.6806289896701,6010.153778419162,2048.6084340113284,2142.334085354157,3458.316299852491,4968.909247369045,777.6650705071651,457.2974929904878,4258.808660253096,3171.6736940820815,5504.505296967243,4607.7525111992245,4813.49988520006,4558.942051869533,4450.546775317337,2045.155303079594,5223.094292233172,2955.554746978921,1635.41518454382,4027.5527581120964,4416.173481045044,3324.264143106191,496.09126316406247,3262.2651762021987,5840.10285737742,1891.9768852252278,1714.597701273339,4107.793755728948,4847.479754306723,3312.1025061447203,3511.224955494319,957.2930458065405,1616.071667556516,5200.649364836989,3982.229691553839,3980.2788787491627,3965.7253883484805,2096.8216199084986,5401.62503576444,4121.336536509916,2289.4832758126936,3713.374472201014,1490.4445065227314,3426.566470176903,1704.1314572462272,4585.601275370024,2445.7523220730627,3689.149678459152,3560.6917483432294],
        [4059.986068256605,660.4395404908449,1762.6442234813776,3770.918267391654,3412.478233091515,3546.987247432495,2731.0275776202284,5035.774764917729,3456.0684031438877,1726.1983486544495,3013.2318736180246,4438.807922577998,1287.503022558137,4807.586807415006,2794.697603680325,4097.374389255635,3203.6481954775986,3818.4013935947714,2098.5109176211377,3380.6190079570315,1748.1263471533455,1057.6596442162268,0.0,3240.16439211985,1310.6709008403154,5163.84468542337,3504.281453132721,5471.1942483337125,3321.455457332659,3247.5053369154552,4879.607892967451,311.5916053868633,3916.0921742393753,452.0805254663813,2126.6438242409777,3383.3739780708197,1753.8920777665774,2078.107029071968,964.4294058752754,3247.3136997736683,2320.049027377265,3501.3498046719747,2047.8110435965755,5667.763207428677,2189.078221464077,1197.210279709719,2552.1729072655444,4970.600980753182,756.5241568392207,601.6579868689053,4218.305021077344,3508.651202520125,5051.75358312225,3693.6514286822844,4598.042749781005,4460.919036135203,3527.570348223434,1435.7485352413826,4955.6999622938365,2210.5496794762385,1777.5559587145885,4551.939448969499,4122.839669555459,3273.219296052363,1151.7585542915442,2424.699943563375,5627.634889072184,851.2772802354666,962.7858490922619,3964.1688631240636,3907.6663121794727,3806.3351767513363,3404.269494764649,124.50707245662383,1192.3111074184324,4958.57951840831,3059.990116438374,3249.985460283771,3179.5225678826814,2266.1205052673827,4965.138530523864,4182.855006317519,2527.055342387662,2769.3262091927336,1042.7889691753649,4008.6375602873027,1975.8683805349535,3737.300139759267,1494.6023594208584,3301.091923797185,4059.986068256605],
