{
    "drone_dist": [
        [0.0,17.614208295921717,24.422460890195804,36.44581835958462,43.60971983152209,44.634155402183175,58.70265814566896,28.912276342317465,42.10945943410243,12.052802762971602,35.64343002177595,27.881856282585655,49.56760048901533,33.22698949955352,38.469834460152015,22.609805355787476,30.11450175602239,47.471083696744216,25.86402705933787,44.890921704025935,0.0],
        [17.614208295921717,0.0,7.1103682562501165,20.207732016476886,39.84993007861899,30.305065291737314,43.126022482184716,11.680455040581407,30.056781223637387,9.297244979392442,18.172470439886943,10.2724546829714,32.957658035272516,21.75035130731134,36.50119780080848,9.62043042700037,18.981749046442523,32.54440793021567,17.539057350753414,27.970982467423163,17.614208295921717],
        [24.422460890195804,7.1103682562501165,0.0,16.664456789445516,42.77197899915471,27.949278352448943,39.22787511614478,7.580375888695173,29.403498358077673,16.162091380251724,11.223447244288947,4.546052727162247,28.262504196045267,22.29644990779148,40.240654601278635,12.079521362370942,20.168587705107754,29.56181404397936,20.569147841796784,23.021638111380273,24.422460890195804],
        [36.44581835958462,20.207732016476886,16.664456789445516,0.0,34.0800379500058,11.60191531472904,22.93702226591439,9.126285605389615,15.152097144228893,24.849819134527582,13.68050220896495,12.26083399887471,13.139833532251444,12.41701711125841,33.83863567796471,14.290667416636717,12.883253214209262,12.903986277702124,17.35222795238197,8.901895953562429,36.44581835958462],
        [43.60971983152209,39.84993007861899,42.77197899915471,34.0800379500058,0.0,28.530250018347424,39.68188395545137,37.68570948957914,21.31940644404538,34.65570664883896,46.6110046792015,40.742808531789734,39.98563373490515,22.020667107391684,5.959915130726008,30.878448061426266,23.05992168775904,31.476390691990414,22.411421695750576,39.7735977247132,43.60971983152209],
        [44.634155402183175,30.305065291737314,27.949278352448943,11.60191531472904,28.530250018347424,0.0,14.713531863057916,20.380330186804745,7.234961714692951,32.585582898670395,24.70953309433604,23.710925204724003,11.45931424992724,12.651720235692453,30.2833117198541,22.168545803117944,15.352804256668632,3.452976349022234,20.560587707741913,12.21804400387407,44.634155402183175],
        [58.70265814566896,43.126022482184716,39.22787511614478,22.93702226591439,39.68188395545137,14.713531863057916,0.0,31.914464352364707,20.44314897073973,46.73625351707554,32.34709768144896,34.68906054664004,11.717263434529112,27.360017890170603,42.79293154359679,36.093261696425564,30.046519068059588,11.442530882836598,35.270572743183074,16.886639824962945,58.70265814566896],
        [28.912276342317465,11.680455040581407,7.580375888695173,9.126285605389615,37.68570948957914,20.380330186804745,31.914464352364707,0.0,22.259216414444715,18.314612808077786,9.800707802419257,3.483523330240128,21.348479534145167,16.08225446070967,36.00534930556674,9.587129309638904,14.626297589162089,21.9994026988515,16.719567687682108,16.29871378436424,28.912276342317465],
        [42.10945943410243,30.056781223637387,29.403498358077673,15.152097144228893,21.31940644404538,7.234961714692951,20.44314897073973,22.259216414444715,0.0,30.20746257386974,28.82287370724897,25.742643052199217,18.671397470162386,8.898655484066788,23.120659852821994,20.80949163511528,12.016877206284462,10.38753852683315,16.520870837109285,18.771763746099676,42.10945943410243],
        [12.052802762971602,9.297244979392442,16.162091380251724,24.849819134527582,34.65570664883896,32.585582898670395,46.73625351707554,18.314612808077786,30.20746257386974,0.0,26.655052018118333,18.269482186139726,37.97970008902845,21.308807578115157,30.354470051154976,10.690643335857196,18.190634707584074,35.45280451223066,14.368779250480618,33.54883155960058,12.052802762971602],
        [35.64343002177595,18.172470439886943,11.223447244288947,13.68050220896495,46.6110046792015,24.70953309433604,32.34709768144896,9.800707802419257,28.82287370724897,26.655052018118333,0.0,8.43850098685496,20.65624932427307,24.60883612774798,45.40993866068819,19.280763509341448,23.781547448360428,25.018637845936414,26.441234357341674,15.480016376225525,35.64343002177595],
        [27.881856282585655,10.2724546829714,4.546052727162247,12.26083399887471,40.742808531789734,23.710925204724003,34.68906054664004,3.483523330240128,25.742643052199217,18.269482186139726,8.43850098685496,0.0,23.730111679836114,19.3931794216489,38.78183775255264,11.300612358178416,17.72217710374045,25.16067622310776,19.22398118225176,18.5067548004883,27.881856282585655],
        [49.56760048901533,32.957658035272516,28.262504196045267,13.139833532251444,39.98563373490515,11.45931424992724,11.717263434529112,21.348479534145167,18.671397470162386,37.97970008902845,20.65624932427307,23.730111679836114,0.0,21.93484827305187,41.532352566640796,27.36641771557699,23.793961068011377,8.854121594149248,28.939779831500914,5.311954814600574,49.56760048901533],
        [33.22698949955352,21.75035130731134,22.29644990779148,12.41701711125841,22.020667107391684,12.651720235692453,27.360017890170603,16.08225446070967,8.898655484066788,21.308807578115157,24.60883612774798,19.3931794216489,21.93484827305187,0.0,21.424405198174433,12.226895341222942,3.118329057469314,16.022218302211797,7.9844965665597565,19.759144522314955,33.22698949955352],
        [38.469834460152015,36.50119780080848,40.240654601278635,33.83863567796471,5.959915130726008,30.2833117198541,42.79293154359679,36.00534930556674,23.120659852821994,30.354470051154976,45.40993866068819,38.78183775255264,41.532352566640796,21.424405198174433,0.0,28.164205141433225,21.649747568698587,33.50819713383086,19.687127208651205,40.55778703639037,38.469834460152015],
        [22.609805355787476,9.62043042700037,12.079521362370942,14.290667416636717,30.878448061426266,22.168545803117944,36.093261696425564,9.587129309638904,20.80949163511528,10.690643335857196,19.280763509341448,11.300612358178416,27.36641771557699,12.226895341222942,28.164205141433225,0.0,9.373714607659792,24.890359606114398,8.520692561530815,23.122084899721134,22.609805355787476],
        [30.11450175602239,18.981749046442523,20.168587705107754,12.883253214209262,23.05992168775904,15.352804256668632,30.046519068059588,14.626297589162089,12.016877206284462,18.190634707584074,23.781547448360428,17.72217710374045,23.793961068011377,3.118329057469314,21.649747568698587,9.373714607659792,0.0,18.625427124467247,5.26579193345948,21.032043923268546,30.11450175602239],
        [47.471083696744216,32.54440793021567,29.56181404397936,12.903986277702124,31.476390691990414,3.452976349022234,11.442530882836598,21.9994026988515,10.38753852683315,35.45280451223066,25.018637845936414,25.16067622310776,8.854121594149248,16.022218302211797,33.50819713383086,24.890359606114398,18.625427124467247,0.0,23.867745583939353,10.94742261003234,47.471083696744216],
        [25.86402705933787,17.539057350753414,20.569147841796784,17.35222795238197,22.411421695750576,20.560587707741913,35.270572743183074,16.719567687682108,16.520870837109285,14.368779250480618,26.441234357341674,19.22398118225176,28.939779831500914,7.9844965665597565,19.687127208651205,8.520692561530815,5.26579193345948,23.867745583939353,0.0,25.894705541987594,25.86402705933787],
        [44.890921704025935,27.970982467423163,23.021638111380273,8.901895953562429,39.7735977247132,12.21804400387407,16.886639824962945,16.29871378436424,18.771763746099676,33.54883155960058,15.480016376225525,18.5067548004883,5.311954814600574,19.759144522314955,40.55778703639037,23.122084899721134,21.032043923268546,10.94742261003234,25.894705541987594,0.0,44.890921704025935],
        [0.0,17.614208295921717,24.422460890195804,36.44581835958462,43.60971983152209,44.634155402183175,58.70265814566896,28.912276342317465,42.10945943410243,12.052802762971602,35.64343002177595,27.881856282585655,49.56760048901533,33.22698949955352,38.469834460152015,22.609805355787476,30.11450175602239,47.471083696744216,25.86402705933787,44.890921704025935,0.0]
    ],
    "end_depot": 20,
    "start_depot": 0,
    "truck_dist": [
        [0.0,23.73851961901452,31.719355411539176,51.5341592585451,46.112232070156985,62.02754519744778,82.58400812267192,40.25300484209583,56.08166223824398,16.673798753751566,46.45086565523488,37.74181053518666,70.05906117025317,44.474061933918875,43.22633778553612,31.79214747966355,40.39020837244625,66.44190189348514,33.184327768386574,63.24392040182051,0.0],
        [23.73851961901452,0.0,7.9808357925246565,27.795639639530574,53.66228863166019,38.28902557843326,58.84548850365739,16.5144852230813,32.343142619229454,11.089059811796226,22.712346036220357,14.003290916172137,46.320541551238655,22.71987783615333,50.77639434703933,10.965602650273572,21.055518406894628,42.70338227447062,22.93499016592968,39.50540078280599,23.73851961901452],
        [31.719355411539176,7.9808357925246565,0.0,19.81480384700592,59.779553832036584,30.308189785908606,50.864652711132734,8.533649430556647,33.69880468901598,17.206325012172613,14.7315102436957,6.022455123647481,38.339705758714004,28.837143036529717,56.893659547415716,17.08286785064996,27.172783607271015,34.72254648194597,29.052255366306067,31.524564990281334,31.719355411539176],
        [51.5341592585451,27.795639639530574,19.81480384700592,0.0,47.02095717412499,12.613394843479998,31.04984886412682,11.281154416449272,20.940208031104383,34.86036050479353,18.667415662633516,13.792348723358439,18.52490191170808,16.07854637861812,44.13506288950412,19.742011778881547,14.414186949359419,14.907742634940046,18.349831490158525,11.709761143275413,51.5341592585451],
        [46.112232070156985,53.66228863166019,59.779553832036584,47.02095717412499,0.0,34.40756233064499,41.62943107595236,53.291023595982935,26.080749143020604,42.57322881986397,65.6883728367585,57.5293927089321,48.483304489967985,30.942410795506866,7.919140793602942,42.69668598138662,32.60677022476557,36.49551498670881,30.727298465730517,51.64361843183569,46.112232070156985],
        [62.02754519744778,38.28902557843326,30.308189785908606,12.613394843479998,34.40756233064499,0.0,20.55646292522413,21.77454035535196,8.326813187624385,45.353746443696224,31.280810506113518,24.285734662261124,14.075742159323,17.553483263528914,31.52166804602412,30.235397717784235,21.63733682500153,4.414356696037359,28.843217429061212,17.236056101190705,62.02754519744778],
        [82.58400812267192,58.84548850365739,50.864652711132734,31.04984886412682,41.62943107595236,20.55646292522413,0.0,42.33100328057609,26.502345884427935,65.91020936892035,36.13314246743704,44.84219758748526,12.524946952418738,38.10994618875304,49.5485718695553,50.79186064300836,42.193799750225665,16.142106229186773,49.399680354285344,19.340087720851407,82.58400812267192],
        [40.25300484209583,16.5144852230813,8.533649430556647,11.281154416449272,53.291023595982935,21.77454035535196,42.33100328057609,0.0,27.210274452962327,23.579206088344257,12.397349240775574,4.2383691129491705,29.806056328157354,22.348612800476065,50.40512931136206,10.59433761459631,20.684253371217363,26.18889705138932,22.563725130252415,22.990915559724684,40.25300484209583],
        [56.08166223824398,32.343142619229454,33.69880468901598,20.940208031104383,26.080749143020604,8.326813187624385,26.502345884427935,27.210274452962327,0.0,39.40786348449242,39.60762369373791,31.448643565911496,22.402555346947384,11.60760030432511,23.194854858399736,24.28951475858043,15.691453865797726,10.414765843688205,22.89733446985741,25.56286928881509,56.08166223824398],
        [16.673798753751566,11.089059811796226,17.206325012172613,34.86036050479353,42.57322881986397,45.353746443696224,65.91020936892035,23.579206088344257,39.40786348449242,0.0,29.777066901483312,21.068011781435093,53.38526241650162,27.800263180167303,39.6873345352431,15.118348725911984,23.716409618694687,49.76810313973358,16.510529014635004,46.57012164806894,16.673798753751566],
        [46.45086565523488,22.712346036220357,14.7315102436957,18.667415662633516,65.6883728367585,31.280810506113518,36.13314246743704,12.397349240775574,39.60762369373791,29.777066901483312,0.0,8.70905512004822,23.608195515018302,34.74596204125164,62.80247855213764,22.99168685537188,33.081602611992935,29.1928578500497,34.96107437102799,16.793054746585632,46.45086565523488],
        [37.74181053518666,14.003290916172137,6.022455123647481,13.792348723358439,57.5293927089321,24.285734662261124,44.84219758748526,4.2383691129491705,31.448643565911496,21.068011781435093,8.70905512004822,0.0,32.317250635066515,26.586981913425237,54.64349842431123,14.83270672754548,24.92262248416653,28.700091358298483,26.802094243201587,25.50210986663385,37.74181053518666],
        [70.05906117025317,46.320541551238655,38.339705758714004,18.52490191170808,48.483304489967985,14.075742159323,12.524946952418738,29.806056328157354,22.402555346947384,53.38526241650162,23.608195515018302,32.317250635066515,0.0,25.58499923633431,45.59741020534712,38.26691369058963,29.668852797806924,11.98778950325918,36.87473340186661,6.815140768432668,70.05906117025317],
        [44.474061933918875,22.71987783615333,28.837143036529717,16.07854637861812,30.942410795506866,17.553483263528914,38.10994618875304,22.348612800476065,11.60760030432511,27.800263180167303,34.74596204125164,26.586981913425237,25.58499923633431,0.0,28.056516510886,12.68191445425532,4.0838535614726155,21.967839959566273,11.289734165532298,20.70120763632883,44.474061933918875],
        [43.22633778553612,50.77639434703933,56.893659547415716,44.13506288950412,7.919140793602942,31.52166804602412,49.5485718695553,50.40512931136206,23.194854858399736,39.6873345352431,62.80247855213764,54.64349842431123,45.59741020534712,28.056516510886,0.0,39.810791696765754,29.7208759401447,33.609620702087945,27.84140418110965,48.75772414721483,43.22633778553612],
        [31.79214747966355,10.965602650273572,17.08286785064996,19.742011778881547,42.69668598138662,30.235397717784235,50.79186064300836,10.59433761459631,24.28951475858043,15.118348725911984,22.99168685537188,14.83270672754548,38.26691369058963,12.68191445425532,39.810791696765754,0.0,10.089915756621053,34.6497544138216,11.969387515656106,31.45177292215696,31.79214747966355],
        [40.39020837244625,21.055518406894628,27.172783607271015,14.414186949359419,32.60677022476557,21.63733682500153,42.193799750225665,20.684253371217363,15.691453865797726,23.716409618694687,33.081602611992935,24.92262248416653,29.668852797806924,4.0838535614726155,29.7208759401447,10.089915756621053,0.0,26.05169352103889,7.205880604059683,22.853712029374257,40.39020837244625],
        [66.44190189348514,42.70338227447062,34.72254648194597,14.907742634940046,36.49551498670881,4.414356696037359,16.142106229186773,26.18889705138932,10.414765843688205,49.76810313973358,29.1928578500497,28.700091358298483,11.98778950325918,21.967839959566273,33.609620702087945,34.6497544138216,26.05169352103889,0.0,33.25757412509857,15.148103445126887,66.44190189348514],
        [33.184327768386574,22.93499016592968,29.052255366306067,18.349831490158525,30.727298465730517,28.843217429061212,49.399680354285344,22.563725130252415,22.89733446985741,16.510529014635004,34.96107437102799,26.802094243201587,36.87473340186661,11.289734165532298,27.84140418110965,11.969387515656106,7.205880604059683,33.25757412509857,0.0,30.059592633433937,33.184327768386574],
        [63.24392040182051,39.50540078280599,31.524564990281334,11.709761143275413,51.64361843183569,17.236056101190705,19.340087720851407,22.990915559724684,25.56286928881509,46.57012164806894,16.793054746585632,25.50210986663385,6.815140768432668,20.70120763632883,48.75772414721483,31.45177292215696,22.853712029374257,15.148103445126887,30.059592633433937,0.0,63.24392040182051],
        [0.0,23.73851961901452,31.719355411539176,51.5341592585451,46.112232070156985,62.02754519744778,82.58400812267192,40.25300484209583,56.08166223824398,16.673798753751566,46.45086565523488,37.74181053518666,70.05906117025317,44.474061933918875,43.22633778553612,31.79214747966355,40.39020837244625,66.44190189348514,33.184327768386574,63.24392040182051,0.0]
    ],
    "vertex_count": 21
}