{
    "drone_dist": [
        [0.0,4847.188130830821,4132.185310591499,1194.7573190956866,4331.920025529264,570.6093655252058,3908.9480931506587,1854.8703933788054,4194.849105274323,3105.4011984890485,906.9177507066058,1509.7646440091337,3545.793080379781,3378.6358153705833,4311.169278693531,1831.8311033451546,2923.9432219866985,3580.87499662278,486.18283493958245,3165.657275833102,4672.582433991022,972.5861539661277,2474.970047114182,5253.995125924078,4127.573209463507,2371.8899723678855,1518.7504652841749,4411.169959867115,4550.60700552382,3458.0480335643006,2277.2602637809923,1750.3368069135395,3084.6228162400394,958.6949419129337,2676.555359057764,2535.1487491247894,1506.9207881066925,552.1121621670961,4565.982967864506,5332.079407881067,4169.098807431348,4126.610478233144,344.8294015243273,2489.063759023119,3832.5476277865682,1293.769174270458,3759.58570100422,5223.048073289226,3499.2423785694205,2391.5127811282314,0.0],
        [4847.188130830821,0.0,2480.6354862896915,4015.347788931173,1889.0731989215524,4584.997387262475,2209.557120853849,3369.6166268006637,3379.729731609151,3419.172719146564,4797.947299522038,4212.945491564345,1724.6072654701563,3228.1106900752116,1245.9555401502757,4180.084101898717,3846.640506158621,1272.1797417661392,4782.242265960123,2080.525343112557,1678.6712011981288,3877.6410825516796,3911.1994592476394,566.293994989712,2402.521817105137,3237.5031429739715,3605.875823677185,1730.6611260085779,585.2995398888207,2718.1760817875347,3761.4885443022235,3982.4538021154704,2545.1574042236916,4781.09475288727,2330.7015774095153,2312.7558025039543,3859.6000605672593,4949.065089254775,1208.0200581522824,486.0410109283265,705.3006129026704,2206.4927833818047,5062.375423503106,3646.425456100428,1465.5429900938852,3553.526753646759,2494.2805910716456,770.0869941006089,2875.407849154277,3125.7892382669643,4847.188130830821],
        [4132.185310591499,2480.6354862896915,0.0,2961.751289555135,616.3355031864018,3642.6989330190954,3863.2981124018565,2277.671964608896,5007.381619172998,1339.3072322122948,4554.188137120852,4337.692039669538,1163.7393157003096,4476.794030539323,3229.3818566835466,2642.6166391715974,4775.409459067436,2219.61074863137,3828.6695209416175,3139.1483774088606,3820.6796369476674,3292.698349074608,2076.6949202787523,3036.646294206794,4159.3094330254435,3862.9602857514005,3630.6136777056995,788.5961556034193,2779.0864030128696,692.1670742313627,4343.611850047486,4248.291869649498,1067.6709564349676,4566.400971638778,1764.434784571756,2383.2774266396345,2669.612512330573,4494.746603161664,1315.15006479069,2792.0453466143913,2375.4429287495295,3987.8235556757318,4183.8363223276165,1881.2591966009775,1193.0592134489887,3082.6438520658517,373.14474663888626,3247.270852179281,719.0114668874222,1744.9316169466115,4132.185310591499],
        [1194.7573190956866,4015.347788931173,2961.751289555135,0.0,3214.15940580135,681.3389657055405,3616.1932861943615,715.2540044039354,4233.856426850248,1915.3861433884024,1844.085252577521,2040.9655187479646,2512.5821497968086,3426.7250712432533,3749.6078494861185,781.0104032932027,3217.467156835108,2813.3743355962906,871.6547840205833,2739.044678209308,4219.856144566545,710.8961231231516,1336.2807651317382,4489.939881823267,3889.9548659893944,2391.793366315464,1582.208482051141,3310.8411242517645,3831.50693247221,2278.4463744925993,2560.366646497163,2144.3894733877846,1939.875371453755,1877.1766731634207,1701.1931783685109,1821.3656839853452,313.79385666575797,1647.023204855894,3533.7231478747367,4498.136502009165,3395.105512833712,3832.3240133489167,1223.0011877926613,1309.6434558871467,2813.8305360901354,854.6819519956794,2591.6820215528865,4515.738397977979,2310.4184661862473,1217.3257420650787,1194.7573190956866],
        [4331.920025529264,1889.0731989215524,616.3355031864018,3214.15940580135,0.0,3889.6022810358404,3467.9022324037123,2501.577431236424,4647.0032572905,1846.4104018881746,4641.205218189454,4323.051384585038,927.0333221138551,4191.913649118901,2743.250025324869,3026.5849696241626,4574.690072513357,1835.6835418284752,4084.416303209166,2836.7283111573606,3321.2461081141846,3425.764798800477,2531.7446955724567,2436.936476985758,3750.6212040959067,3704.2070054823234,3614.003039755683,172.51562540453483,2236.684185708277,1115.6761214497685,4214.162463979058,4194.672189817396,1281.2265567263455,4646.203481942741,1745.8004373566084,2258.070250405868,2948.788892453656,4635.1904426514175,701.7390115033629,2180.0882504898686,1872.0081419110013,3569.012791510391,4428.914571004524,2304.4884129710317,799.2140793164461,3172.453950633854,783.8367544474734,2658.9383737798225,1214.7493493287868,2021.8179987361118,4331.920025529264],
        [570.6093655252058,4584.997387262475,3642.6989330190954,681.3389657055405,3889.6022810358404,0.0,3912.5416341193777,1388.06810794701,4356.5327605317925,2558.6297473790755,1397.7872452422298,1835.7093134591435,3159.6538835413544,3534.229767642895,4187.390053525131,1261.4991021949825,3183.0657849043178,3344.3825314812,200.29678759806706,3093.7487161887434,4606.0213321423635,802.3335880757822,1908.7777689058698,5030.828567632127,4159.921152392127,2491.690446957799,1615.172451816412,3982.136466969984,4347.640762097368,2958.103398697303,2516.6491647351613,2022.2325383172922,2619.101659742035,1443.076636036477,2317.433457592469,2308.6850461621693,978.7478695046544,1100.283294902146,4184.025442396612,5070.763128369075,3934.360459129807,4131.94674505864,541.7167605749657,1935.6618943338462,3456.7549908383253,1112.8423038811557,3272.909457127392,5030.146665687026,2985.5179009255353,1898.6125110323271,570.6093655252058],
        [3908.9480931506587,2209.557120853849,3863.2981124018565,3616.1932861943615,3467.9022324037123,3912.5416341193777,0.0,3274.0601808338824,1202.18045233253,4132.009813468188,3468.431613898914,2712.143687442393,2708.4664632373638,1089.0616079514045,975.989130056961,4160.660721312863,1809.7276289597833,1645.605606464227,4070.145754850132,910.5699575076117,899.0319174655275,3111.6641607820047,4244.701608075681,2196.7478636437154,309.44417195712,1613.9657262658154,2393.712495472295,3378.1400545013466,1626.413268654188,3689.068221486124,1997.3885195226444,2424.069325061427,3260.8250759523366,3431.037228836681,2537.424128853252,1958.8720349151622,3637.4952688951184,3764.350492467965,3025.3713402690073,2511.124949281052,1705.2251424103215,219.43010081800952,4220.615112197849,4004.611678524706,2690.705352026053,2820.9668218680554,3664.6772770986317,1982.574166725996,3858.5173494021783,3395.4806574276213,3908.9480931506587],
        [1854.8703933788054,3369.6166268006637,2277.671964608896,715.2540044039354,2501.577431236424,1388.06810794701,3274.0601808338824,0.0,4063.4502632014965,1391.7386299141117,2343.8896572022845,2323.0595727686086,1806.724345512441,3299.9607947606437,3246.092264884706,897.8086389229163,3250.7552637540934,2225.197325592938,1583.0539898822162,2365.2490146750292,3763.7765961823743,1068.0027345452875,1067.6311902568957,3868.6203603091435,3568.9660868414007,2336.140595509056,1700.8574879208782,2596.06746053376,3241.7491960339075,1609.4574437669755,2642.368683478847,2339.2891641563056,1234.0871648110046,2365.1809908331156,1039.0630566262596,1340.289870598961,492.74194414496134,2233.602606656316,2823.8241111073735,3846.6496255950397,2786.720955119935,3480.1662452455744,1928.0542296015835,904.3843810612328,2109.9347763301826,963.9970468574649,1904.8788208270494,3920.456946970818,1665.6857047653764,548.2676154113767,1854.8703933788054],
        [4194.849105274323,3379.729731609151,5007.381619172998,4233.856426850248,4647.0032572905,4356.5327605317925,1202.18045233253,4063.4502632014965,0.0,5118.737207553465,3528.9428396726926,2750.4014542847463,3843.93326167763,822.4581587726123,2133.8286039232457,4894.569899515109,1393.7642776629993,2812.240704608534,4475.66276185802,1891.563541859793,1824.7201898168723,3605.3642611595037,5106.005196036096,3284.545525164788,977.2798838506928,1866.7525702707287,2741.3734450012103,4565.238835161846,2794.693067174981,4763.089067981075,1941.9210327969433,2471.882905886906,4303.839000808084,3480.035995444446,3525.120889712614,2875.666666308464,4333.752319014278,3898.4734758487657,4226.041186820495,3631.811703809781,2907.036454668094,1173.2438257462043,4535.01249153838,4890.812999537716,3858.368712580691,3381.423528275611,4779.53011771089,3032.8065732222235,4926.920853622238,4302.628467600838,4194.849105274323],
        [3105.4011984890485,3419.172719146564,1339.3072322122948,1915.3861433884024,1846.4104018881746,2558.6297473790755,4132.009813468188,1391.7386299141117,5118.737207553465,0.0,3712.570805785137,3709.7526701121483,1712.3825386963788,4433.842909473766,3784.0293504528977,1392.5008292487569,4520.303598275614,2661.8208839797726,2720.9068002732265,3256.4752263249156,4371.142770301258,2448.9163231842995,760.0047890827794,3982.0789386991078,4441.379775020515,3579.7717106553473,3062.5770749225485,2003.8183151202431,3529.8487028624177,740.7334854897673,3958.2528486762353,3707.4064976732984,920.3840823064157,3737.9150233523264,1600.9690742571413,2244.0623486668906,1601.5924836740242,3556.7892705972617,2446.899969566674,3825.4740473717534,3062.442379875956,4307.376020565426,3079.2497929221304,629.4668152615419,1953.630388628329,2351.7372479863825,1062.7801311436433,4129.5101805738805,634.0904258525271,900.7012401964236,3105.4011984890485],
        [906.9177507066058,4797.947299522038,4554.188137120852,1844.085252577521,4641.205218189454,1397.7872452422298,3468.431613898914,2343.8896572022845,3528.9428396726926,3712.570805785137,0.0,784.4239033516606,3768.4925584648104,2745.2852185725737,4049.83265537953,2590.342552346167,2175.5651782156688,3535.384620293339,1375.7098763036115,2878.1257533554194,4311.225265006464,1277.502535807447,3180.344625646297,5127.347220551265,3637.529369970223,1855.2901355642755,1195.463457799074,4690.047411613628,4409.497933522608,3924.129116690818,1591.1580750932208,1074.0332547519083,3486.7357642404604,55.046890216240634,2900.622280852787,2548.787229286294,2144.620732929512,405.37882604588464,4745.125127932811,5269.109246423761,4094.662697326652,3675.5941365558897,1220.988750010099,3137.1530202309436,4023.698009063146,1475.0297703719907,4184.671913416156,5046.611828548876,3998.9338798936033,2888.1871163059914,906.9177507066058],
        [1509.7646440091337,4212.945491564345,4337.692039669538,2040.9655187479646,4323.051384585038,1835.7093134591435,2712.143687442393,2323.0595727686086,2750.4014542847463,3709.7526701121483,784.4239033516606,0.0,3408.9535608122665,1961.2883059890926,3359.359908216255,2821.583042594992,1422.6425194785922,2985.088438462786,1890.909097230173,2201.4242731085947,3574.477729769229,1338.837472982745,3312.4467909496357,4491.7933292209555,2866.461227865803,1102.1213022744957,710.3281483478257,4345.207492585939,3776.702933698967,3770.9475902003774,809.0404051051584,291.99225140078636,3294.7613288358157,739.0382630523806,2591.590736359716,2098.633082967765,2288.238980139755,1149.0079803104743,4319.711529184997,4668.361218039472,3508.558319522629,2914.3619524100377,1853.9823695867433,3207.2564766475425,3628.991271495015,1359.1590161031495,3983.1735240530375,4385.305446759855,3875.0081956191816,2822.5368985608397,1509.7646440091337],
        [3545.793080379781,1724.6072654701563,1163.7393157003096,2512.5821497968086,927.0333221138551,3159.6538835413544,2708.4664632373638,1806.724345512441,3843.93326167763,1712.3825386963788,3768.4925584648104,3408.9535608122665,0.0,3323.1099100120587,2152.786159712439,2518.088492559422,3663.956723010564,1076.5301436377263,3359.3890934776064,1978.2163699445045,2749.9078761031656,2600.611338718337,2191.606507385314,2280.6363782280796,3008.3639610021924,2781.130819809012,2702.6760786098,936.2580996301215,1824.134790913716,1067.105842193598,3288.0682878783896,3272.1103211569925,820.586432363608,3769.458163598393,876.925338976066,1331.6738042714462,2292.973543527088,3796.7760813973,1024.5411347507359,2160.452594383961,1364.3640862242871,2842.3777729911453,3685.3402777690007,1928.7022963982217,304.5761018222102,2320.8935974516976,964.2928193194974,2417.905336089339,1238.2158478075855,1449.3267644514885,3545.793080379781],
        [3378.6358153705833,3228.1106900752116,4476.794030539323,3426.7250712432533,4191.913649118901,3534.229767642895,1089.0616079514045,3299.9607947606437,822.4581587726123,4433.842909473766,2745.2852185725737,1961.2883059890926,3323.1099100120587,0.0,2038.5147962175604,4106.532302475369,750.9322949151511,2383.9365867091533,3653.385917231768,1355.2606972127937,1962.654181331851,2787.08694101832,4357.235172582738,3273.604626498235,1077.924192266454,1046.2572905423156,1919.1359342407484,4135.143875525594,2659.692470579809,4151.356506701128,1155.4813005115614,1675.378296301081,3672.4365530928235,2698.6111950111595,2870.9481094106636,2201.9604782512147,3541.031845485027,3102.374844544089,3871.7114919842165,3570.719170332477,2635.3743190382006,1210.4706633189749,3717.336200574797,4154.715631430584,3392.724312285579,2572.3532142056447,4211.798578182086,3068.94887003609,4307.434046696159,3584.061957882858,3378.6358153705833],
        [4311.169278693531,1245.9555401502757,3229.3818566835466,3749.6078494861185,2743.250025324869,4187.390053525131,975.989130056961,3246.092264884706,2133.8286039232457,3784.0293504528977,4049.83265537953,3359.359908216255,2152.786159712439,2038.5147962175604,0.0,4138.678637107249,2715.5277052367123,1122.4767240732583,4368.710742717853,1172.2376103550157,597.1741355398668,3400.7297537855557,4066.73936303714,1237.4074520148222,1156.7400379820651,2282.8316648299283,2876.278690526432,2624.666446022139,660.8729460997188,3212.565176261403,2762.0282995533316,3092.210034719661,2865.780029610897,4021.659704293987,2304.501323442032,1931.61226347448,3688.0638866395366,4282.085600608529,2197.4855933546714,1536.5823822987936,872.9332206119662,960.5879877906925,4584.894243168835,3806.1605928423023,2039.291159336052,3077.846113136052,3105.938406792452,1057.682674850852,3385.0465537219957,3205.8429267486986,4311.169278693531],
        [1831.8311033451546,4180.084101898717,2642.6166391715974,781.0104032932027,3026.5849696241626,1261.4991021949825,4160.660721312863,897.8086389229163,4894.569899515109,1392.5008292487569,2590.342552346167,2821.583042594992,2518.088492559422,4106.532302475369,4138.678637107249,0.0,3960.0386573888973,3095.1102398046564,1390.2856668254537,3254.9255031564066,4661.09686680291,1486.8813346964823,667.1847384375632,4701.2065564657,4451.5959121546075,3095.5854104277078,2333.0502501295323,3154.520665773392,4102.364835041341,1956.6513057438171,3312.8220558889716,2917.336743859149,1774.5124740558404,2627.7152643430386,1880.5130019092728,2237.870519551682,569.9432864922687,2345.6394932322523,3482.2131245117243,4645.436483638752,3638.452956284028,4369.280232787858,1737.8012876437863,772.7620198373071,2819.4005491077787,1575.4634624234695,2299.567034404389,4773.566272812609,1931.5737130733385,1068.76175993695,1831.8311033451546],
        [2923.9432219866985,3846.640506158621,4775.409459067436,3217.467156835108,4574.690072513357,3183.0657849043178,1809.7276289597833,3250.7552637540934,1393.7642776629993,4520.303598275614,2175.5651782156688,1422.6425194785922,3663.956723010564,750.9322949151511,2715.5277052367123,3960.0386573888973,0.0,2854.6162321222882,3269.2026824681325,1821.8138931355384,2699.9535858263052,2522.3156952229615,4316.475764034121,3951.374293902077,1827.3238596225972,942.4597492322583,1635.4290435052171,4542.346398617732,3300.3973268569025,4357.003146849457,667.6638258808973,1175.3236037122342,3863.72708125007,2123.9966696560036,3059.4934316239023,2400.727965910973,3391.585080022947,2562.8330529065443,4348.213868856714,4224.3169190178905,3205.4107488670325,1951.1701171332948,3268.763371636246,4147.631275192761,3787.0294976872688,2384.5814426817915,4472.881287850089,3765.557285509107,4498.569585614831,3629.9103944023127,2923.9432219866985],
        [3580.87499662278,1272.1797417661392,2219.61074863137,2813.3743355962906,1835.6835418284752,3344.3825314812,1645.605606464227,2225.197325592938,2812.240704608534,2661.8208839797726,3535.384620293339,2985.088438462786,1076.5301436377263,2383.9365867091533,1122.4767240732583,3095.1102398046564,2854.6162321222882,0.0,3538.7768330667845,1041.8385338765306,1710.5640506879688,2614.9510727861516,2964.429312871609,1686.4490966026924,1939.7496714943147,2095.948152311438,2349.513788119041,1761.790177839426,1019.7911033157685,2110.3060443472687,2630.1684220268526,2775.0441226287835,1744.5905289268355,3520.6386981700803,1220.4354549296156,1046.445167675275,2697.8153332786783,3677.5715632630013,1496.9917268789527,1754.016237181711,590.6602257700586,1769.1073793998935,3806.068244875727,2700.9416318728313,1047.2218286003827,2288.7536154416252,2040.6404373987505,1703.0433230493006,2282.909632111194,2111.172263915088,3580.87499662278],
        [486.18283493958245,4782.242265960123,3828.6695209416175,871.6547840205833,4084.416303209166,200.29678759806706,4070.145754850132,1583.0539898822162,4475.66276185802,2720.9068002732265,1375.7098763036115,1890.909097230173,3359.3890934776064,3653.385917231768,4368.710742717853,1390.2856668254537,3269.2026824681325,3538.7768330667845,0.0,3264.5595958229123,4778.342041331514,971.6633348880567,2049.6363874973854,5225.072955750141,4311.654858313242,2616.8928171642942,1739.4838406653714,4178.498993494722,4539.46513808507,3141.9229819045427,2606.6428756526966,2098.235346756191,2811.4969419948575,1424.9578624211545,2517.7145187200204,2500.4983787650667,1159.8953193648185,1037.9180968787161,4383.674220179385,5268.110861813691,4129.069493356554,4289.550950304821,359.2552720834697,2094.087680626601,3656.7449002020467,1290.946000646605,3459.986144871302,5221.2834918922645,3164.6125333929676,2086.6157932941865,486.18283493958245],
        [3165.657275833102,2080.525343112557,3139.1483774088606,2739.044678209308,2836.7283111573606,3093.7487161887434,910.5699575076117,2365.2490146750292,1891.563541859793,3256.4752263249156,2878.1257533554194,2201.4242731085947,1978.2163699445045,1355.2606972127937,1172.2376103550157,3254.9255031564066,1821.8138931355384,1041.8385338765306,3264.5595958229123,0.0,1514.2140043269728,2293.4186866219648,3336.69418959896,2298.475905686516,1211.6840741779258,1163.1076988453592,1705.7354904339468,2780.8179042405636,1590.7776312326305,2871.638928370274,1681.5683214749768,1944.8063909777763,2416.3236503360167,2850.5594342779386,1655.5109227707817,1050.3563247898767,2740.400044473797,3112.238288263924,2538.681795062773,2505.3417765128747,1403.3819059812672,1114.9316960142003,3453.888943076754,3099.2999567870374,2037.5190227650796,1983.1926685205701,2894.327003603999,2183.8812114319953,3035.957197388295,2492.109703008057,3165.657275833102],
        [4672.582433991022,1678.6712011981288,3820.6796369476674,4219.856144566545,3321.2461081141846,4606.0213321423635,899.0319174655275,3763.7765961823743,1824.7201898168723,4371.142770301258,4311.225265006464,3574.477729769229,2749.9078761031656,1962.654181331851,597.1741355398668,4661.09686680291,2699.9535858263052,1710.5640506879688,4778.342041331514,1514.2140043269728,0.0,3806.883635531495,4627.04610923787,1475.4795987363436,908.1566149949502,2472.571993578319,3183.990867443654,3195.9772554929814,1134.1832134410415,3808.757610252394,2887.748724643118,3291.3350179542713,3455.0756868884946,4277.185090586016,2863.009605593345,2427.9912367230113,4185.717142887448,4582.352590310419,2745.39861760919,1840.9608647554107,1450.6620199609865,752.492411028796,4966.075296397068,4369.443698581665,2633.1402335544503,3493.884258454881,3702.6801346757707,1211.777082555222,3981.3098167067947,3763.791885228301,4672.582433991022],
        [972.5861539661277,3877.6410825516796,3292.698349074608,710.8961231231516,3425.764798800477,802.3335880757822,3111.6641607820047,1068.0027345452875,3605.3642611595037,2448.9163231842995,1277.502535807447,1338.837472982745,2600.611338718337,2787.08694101832,3400.7297537855557,1486.8813346964823,2522.3156952229615,2614.9510727861516,971.6633348880567,2293.4186866219648,3806.883635531495,0.0,1982.8678302248354,4294.576103835316,3362.5314526961247,1741.2511373979996,891.00092134381,3491.531613402022,3597.555279505697,2650.843396149466,1859.7846522331108,1433.4999889900962,2225.9603093733767,1297.5310832267276,1724.7183255305183,1568.5368047952106,950.1875271278537,1210.258676713129,3613.2359369115406,4363.042202447529,3204.7174046420837,3331.0059386363155,1195.827257385319,1899.762062148098,2879.8591787903392,328.0779793804373,2920.9561590578664,4275.266156927072,2722.1396591302546,1610.7697519561827,972.5861539661277],
        [2474.970047114182,3911.1994592476394,2076.6949202787523,1336.2807651317382,2531.7446955724567,1908.7777689058698,4244.701608075681,1067.6311902568957,5106.005196036096,760.0047890827794,3180.344625646297,3312.4467909496357,2191.606507385314,4357.235172582738,4066.73936303714,667.1847384375632,4316.475764034121,2964.429312871609,2049.6363874973854,3336.69418959896,4627.04610923787,1982.8678302248354,0.0,4458.637596770231,4548.253607002759,3403.7042224254765,2740.697697534372,2676.594358284836,3924.667854352945,1420.6107952992668,3699.927257137625,3364.974492590956,1379.415472196188,3213.0805525178102,1764.2353992237938,2286.3768571345686,1041.5877794270175,2969.117349361841,3067.4809741795602,4352.009451499965,3451.554554705033,4440.4003994913555,2401.0447123651843,266.4401921997463,2474.6214459625503,1979.8313026118606,1764.104134142496,4568.8128413757095,1357.9934884403633,863.4935827142903,2474.970047114182],
        [5253.995125924078,566.293994989712,3036.646294206794,4489.939881823267,2436.936476985758,5030.828567632127,2196.7478636437154,3868.6203603091435,3284.545525164788,3982.0789386991078,5127.347220551265,4491.7933292209555,2280.6363782280796,3273.604626498235,1237.4074520148222,4701.2065564657,3951.374293902077,1686.4490966026924,5225.072955750141,2298.475905686516,1475.4795987363436,4294.576103835316,4458.637596770231,0.0,2324.424483282462,3456.7959671123294,3932.4775776022007,2273.9361075438205,717.9337588314913,3284.102538249197,3959.9528292511927,4241.816246995118,3100.672666797489,5105.6791619743,2832.1240226078835,2728.141487287128,4353.695172360163,5311.273335377491,1743.0962586668063,386.39659621514056,1097.1366458248235,2137.606887198807,5488.609766177454,4192.958665111605,2028.9532408282682,3967.034435907694,3059.705627701803,292.85060135514595,3441.6550441003674,3657.8361903079617,5253.995125924078],
        [4127.573209463507,2402.521817105137,4159.3094330254435,3889.9548659893944,3750.6212040959067,4159.921152392127,309.44417195712,3568.9660868414007,977.2798838506928,4441.379775020515,3637.529369970223,2866.461227865803,3008.3639610021924,1077.924192266454,1156.7400379820651,4451.5959121546075,1827.3238596225972,1939.7496714943147,4311.654858313242,1211.6840741779258,908.1566149949502,3362.5314526961247,4548.253607002759,2324.424483282462,0.0,1787.4777612934522,2608.8247771860674,3655.476974870331,1817.6040733575514,3996.1208347096185,2112.519642560683,2575.029437928996,3569.790729355629,3597.2641758725154,2846.252764292452,2261.879976482992,3922.284834944172,3951.6770358099066,3284.644318850633,2662.375473447834,1952.7317885793973,196.45763547956437,4446.438364350819,4309.696705264983,2980.755607485588,3080.8941676894115,3967.0364267483633,2085.4790202353615,4165.877180471621,3701.244943631555,4127.573209463507],
        [2371.8899723678855,3237.5031429739715,3862.9602857514005,2391.793366315464,3704.2070054823234,2491.690446957799,1613.9657262658154,2336.140595509056,1866.7525702707287,3579.7717106553473,1855.2901355642755,1102.1213022744957,2781.130819809012,1046.2572905423156,2282.8316648299283,3095.5854104277078,942.4597492322583,2095.948152311438,2616.8928171642942,1163.1076988453592,2472.571993578319,1741.2511373979996,3403.7042224254765,3456.7959671123294,1787.4777612934522,0.0,877.671884188802,3687.6424137612294,2753.10545179187,3421.2947525457594,534.2243954424198,819.6639509205569,2927.189911117495,1817.2787250180409,2126.7186356534617,1479.7681207307828,2526.211042037454,2164.472731473946,3550.462766648183,3668.2064259899253,2547.6204588779256,1820.3040102880686,2703.3444268813155,3223.5650046399264,2934.6650854431623,1537.7215164606469,3549.607935568789,3326.641985641112,3560.283928282716,2692.6510835308286,2371.8899723678855],
        [1518.7504652841749,3605.875823677185,3630.6136777056995,1582.208482051141,3614.003039755683,1615.172451816412,2393.712495472295,1700.8574879208782,2741.3734450012103,3062.5770749225485,1195.463457799074,710.3281483478257,2702.6760786098,1919.1359342407484,2876.278690526432,2333.0502501295323,1635.4290435052171,2349.513788119041,1739.4838406653714,1705.7354904339468,3183.990867443654,891.00092134381,2740.697697534372,3932.4775776022007,2608.8247771860674,877.671884188802,0.0,3638.6552232520557,3214.7684160844246,3075.647297748032,980.1148593755215,645.4126947260343,2594.310743720182,1176.0575375129752,1881.331153378325,1406.298319215169,1768.6597096375845,1406.5517182813498,3629.3482570455667,4074.9811743869636,2901.5940988148236,2610.434736543326,1840.4303085767403,2603.505819416044,2929.2287040864694,765.367426917993,3278.603242353843,3856.5309625620725,3185.927438738797,2164.4873145543006,1518.7504652841749],
        [4411.169959867115,1730.6611260085779,788.5961556034193,3310.8411242517645,172.51562540453483,3982.136466969984,3378.1400545013466,2596.06746053376,4565.238835161846,2003.8183151202431,4690.047411613628,4345.207492585939,936.2580996301215,4135.143875525594,2624.666446022139,3154.520665773392,4542.346398617732,1761.790177839426,4178.498993494722,2780.8179042405636,3195.9772554929814,3491.531613402022,2676.594358284836,2273.9361075438205,3655.476974870331,3687.6424137612294,3638.6552232520557,0.0,2098.4884136211604,1267.9184172995272,4204.053318257345,4206.382036018336,1392.8815795341368,4693.096238415779,1789.4315075994489,2262.7826615598815,3053.236553838064,4698.209255686711,533.5432509510415,2011.1768398279635,1751.7477810621642,3471.0444114980737,4519.344321708886,2444.0533287002568,755.5623943918677,3228.406332763303,943.8115186114499,2500.7250316656514,1375.0907869626155,2133.125188021673,4411.169959867115],
        [4550.60700552382,585.2995398888207,2779.0864030128696,3831.50693247221,2236.684185708277,4347.640762097368,1626.413268654188,3241.7491960339075,2794.693067174981,3529.8487028624177,4409.497933522608,3776.702933698967,1824.134790913716,2659.692470579809,660.8729460997188,4102.364835041341,3300.3973268569025,1019.7911033157685,4539.46513808507,1590.7776312326305,1134.1832134410415,3597.555279505697,3924.667854352945,717.9337588314913,1817.6040733575514,2753.10545179187,3214.7684160844246,2098.4884136211604,0.0,2883.97072455098,3264.300699366246,3529.7043214188393,2616.687286246197,4387.75325512785,2221.8899550014694,2039.0407098978812,3717.0329528447082,4596.228556110623,1622.6604776426384,926.0728386203026,473.3160029525487,1621.4579843749211,4793.234461801563,3658.47336875811,1634.6201777849415,3269.4999128281875,2718.1803702553693,684.4559475020375,3052.043527646094,3090.338158775656,4550.60700552382],
        [3458.0480335643006,2718.1760817875347,692.1670742313627,2278.4463744925993,1115.6761214497685,2958.103398697303,3689.068221486124,1609.4574437669755,4763.089067981075,740.7334854897673,3924.129116690818,3770.9475902003774,1067.105842193598,4151.356506701128,3212.565176261403,1956.6513057438171,4357.003146849457,2110.3060443472687,3141.9229819045427,2871.638928370274,3808.757610252394,2650.843396149466,1420.6107952992668,3284.102538249197,3996.1208347096185,3421.2947525457594,3075.647297748032,1267.9184172995272,2883.97072455098,0.0,3866.435647262182,3710.9232069798927,494.50592032883003,3939.993554478752,1298.4312700281287,1966.2656812931132,1982.0704064937745,3840.29126029919,1707.1718670260818,3106.4544499229573,2429.753627849518,3843.215356099783,3498.3305700785945,1205.60638353838,1262.5750672388367,2467.281209311194,345.25253321716986,3449.7021653710603,172.68399995051772,1066.5648349112098,3458.0480335643006],
        [2277.2602637809923,3761.4885443022235,4343.611850047486,2560.366646497163,4214.162463979058,2516.6491647351613,1997.3885195226444,2642.368683478847,1941.9210327969433,3958.2528486762353,1591.1580750932208,809.0404051051584,3288.0682878783896,1155.4813005115614,2762.0282995533316,3312.8220558889716,667.6638258808973,2630.1684220268526,2606.6428756526966,1681.5683214749768,2887.748724643118,1859.7846522331108,3699.927257137625,3959.9528292511927,2112.519642560683,534.2243954424198,980.1148593755215,4204.053318257345,3264.300699366246,3866.435647262182,0.0,531.8809163451282,3372.4779612975,1543.8195463429684,2587.5984378753724,1967.3765858958575,2747.203004989256,1956.5549469754633,4080.5041786473744,4184.624467976678,3076.163742827589,2184.556720613989,2621.3112491076795,3545.8466693621945,3453.9071994950823,1740.737895775915,4018.2590094914713,3815.7375393733882,3996.619440531274,3059.029462711432,2277.2602637809923],
        [1750.3368069135395,3982.4538021154704,4248.291869649498,2144.3894733877846,4194.672189817396,2022.2325383172922,2424.069325061427,2339.2891641563056,2471.882905886906,3707.4064976732984,1074.0332547519083,291.99225140078636,3272.1103211569925,1675.378296301081,3092.210034719661,2917.336743859149,1175.3236037122342,2775.0441226287835,2098.235346756191,1944.8063909777763,3291.3350179542713,1433.4999889900962,3364.974492590956,4241.816246995118,2575.029437928996,819.6639509205569,645.4126947260343,4206.382036018336,3529.7043214188393,3710.9232069798927,531.8809163451282,0.0,3225.455636665779,1029.7922207922898,2487.120115695821,1944.8885297633199,2365.4405532645683,1427.8698084415812,4149.915307757892,4430.636292843554,3280.6366343009918,2624.8867104863766,2094.9814104551097,3238.6490990667776,3476.0640717063384,1385.954164328195,3902.4907021123863,4126.3372235313755,3825.0927872431002,2809.7989695969914,1750.3368069135395],
        [3084.6228162400394,2545.1574042236916,1067.6709564349676,1939.875371453755,1281.2265567263455,2619.101659742035,3260.8250759523366,1234.0871648110046,4303.839000808084,920.3840823064157,3486.7357642404604,3294.7613288358157,820.586432363608,3672.4365530928235,2865.780029610897,1774.5124740558404,3863.72708125007,1744.5905289268355,2811.4969419948575,2416.3236503360167,3455.0756868884946,2225.9603093733767,1379.415472196188,3100.672666797489,3569.790729355629,2927.189911117495,2594.310743720182,1392.8815795341368,2616.687286246197,494.50592032883003,3372.4779612975,3225.455636665779,0.0,3499.335256585215,807.7478755816795,1478.3191480657783,1668.3528887052978,3430.59722971939,1711.7342172671395,2976.5480010862207,2146.8219402521877,3425.8452401638156,3160.2849533346575,1120.925129286726,1095.7691573901075,2016.6077091875804,698.3735623101171,3231.3346072616996,637.4598634497638,741.0095449733957,3084.6228162400394],
        [958.6949419129337,4781.09475288727,4566.400971638778,1877.1766731634207,4646.203481942741,1443.076636036477,3431.037228836681,2365.1809908331156,3480.035995444446,3737.9150233523264,55.046890216240634,739.0382630523806,3769.458163598393,2698.6111950111595,4021.659704293987,2627.7152643430386,2123.9966696560036,3520.6386981700803,1424.9578624211545,2850.5594342779386,4277.185090586016,1297.5310832267276,3213.0805525178102,5105.6791619743,3597.2641758725154,1817.2787250180409,1176.0575375129752,4693.096238415779,4387.75325512785,3939.993554478752,1543.8195463429684,1029.7922207922898,3499.335256585215,0.0,2903.798435381028,2540.465932733978,2175.622803305295,460.4087145592413,4741.977827603541,5250.990211891382,4077.229205359265,3637.371729365676,1274.7519736292506,3166.1186841818303,4022.2880706797064,1484.8639034036405,4197.548936760292,5022.175369613332,4016.8458250070626,2908.087525028879,958.6949419129337],
        [2676.555359057764,2330.7015774095153,1764.434784571756,1701.1931783685109,1745.8004373566084,2317.433457592469,2537.424128853252,1039.0630566262596,3525.120889712614,1600.9690742571413,2900.622280852787,2591.590736359716,876.925338976066,2870.9481094106636,2304.501323442032,1880.5130019092728,3059.4934316239023,1220.4354549296156,2517.7145187200204,1655.5109227707817,2863.009605593345,1724.7183255305183,1764.2353992237938,2832.1240226078835,2846.252764292452,2126.7186356534617,1881.331153378325,1789.4315075994489,2221.8899550014694,1298.4312700281287,2587.5984378753724,2487.120115695821,807.7478755816795,2903.798435381028,0.0,671.3911307354366,1529.095302010015,2920.0588243658876,1890.0767134882435,2808.719905384319,1758.688484725841,2719.4157975387643,2831.7808485858877,1506.6903953119822,1156.4150852174284,1444.6145120861268,1430.8719715641719,2894.0702942270077,1445.168574036728,901.6648107244162,2676.555359057764],
        [2535.1487491247894,2312.7558025039543,2383.2774266396345,1821.3656839853452,2258.070250405868,2308.6850461621693,1958.8720349151622,1340.289870598961,2875.666666308464,2244.0623486668906,2548.787229286294,2098.633082967765,1331.6738042714462,2201.9604782512147,1931.61226347448,2237.870519551682,2400.727965910973,1046.445167675275,2500.4983787650667,1050.3563247898767,2427.9912367230113,1568.5368047952106,2286.3768571345686,2728.141487287128,2261.879976482992,1479.7681207307828,1406.298319215169,2262.7826615598815,2039.0407098978812,1966.2656812931132,1967.3765858958575,1944.8885297633199,1478.3191480657783,2540.465932733978,671.3911307354366,0.0,1759.959304398587,2654.9435912405215,2223.371593690988,2797.1650330383854,1636.2613496674553,2157.3745067891796,2760.752221136549,2049.6818362900813,1532.4416232661122,1242.3762406774408,2072.5561667251427,2721.5185163945944,2115.725315740485,1444.5161162783754,2535.1487491247894],
        [1506.9207881066925,3859.6000605672593,2669.612512330573,313.79385666575797,2948.788892453656,978.7478695046544,3637.4952688951184,492.74194414496134,4333.752319014278,1601.5924836740242,2144.620732929512,2288.238980139755,2292.973543527088,3541.031845485027,3688.0638866395366,569.9432864922687,3391.585080022947,2697.8153332786783,1159.8953193648185,2740.400044473797,4185.717142887448,950.1875271278537,1041.5877794270175,4353.695172360163,3922.284834944172,2526.211042037454,1768.6597096375845,3053.236553838064,3717.0329528447082,1982.0704064937745,2747.203004989256,2365.4405532645683,1668.3528887052978,2175.622803305295,1529.095302010015,1759.959304398587,0.0,1959.175145662123,3304.734168925336,4337.7219307908135,3267.138083241792,3849.68677873502,1516.9688226498467,998.211816871162,2597.012401863545,1007.3886793125715,2302.0623273706724,4398.2895116891095,2006.7793543011485,932.5947471011597,1506.9207881066925],
        [552.1121621670961,4949.065089254775,4494.746603161664,1647.023204855894,4635.1904426514175,1100.283294902146,3764.350492467965,2233.602606656316,3898.4734758487657,3556.7892705972617,405.37882604588464,1149.0079803104743,3796.7760813973,3102.374844544089,4282.085600608529,2345.6394932322523,2562.8330529065443,3677.5715632630013,1037.9180968787161,3112.238288263924,4582.352590310419,1210.258676713129,2969.117349361841,5311.273335377491,3951.6770358099066,2164.472731473946,1406.5517182813498,4698.209255686711,4596.228556110623,3840.29126029919,1956.5549469754633,1427.8698084415812,3430.59722971939,460.4087145592413,2920.0588243658876,2654.9435912405215,1959.175145662123,0.0,4798.369684981552,5427.710487474909,4252.634169547395,3976.286882707141,833.9203165701001,2956.6591378769413,4067.7577778630794,1476.2557111501103,4122.015450613012,5250.057182968785,3899.039992088734,2781.5695522723795,552.1121621670961],
        [4565.982967864506,1208.0200581522824,1315.15006479069,3533.7231478747367,701.7390115033629,4184.025442396612,3025.3713402690073,2823.8241111073735,4226.041186820495,2446.899969566674,4745.125127932811,4319.711529184997,1024.5411347507359,3871.7114919842165,2197.4855933546714,3482.2131245117243,4348.213868856714,1496.9917268789527,4383.674220179385,2538.681795062773,2745.39861760919,3613.2359369115406,3067.4809741795602,1743.0962586668063,3284.644318850633,3550.462766648183,3629.3482570455667,533.5432509510415,1622.6604776426384,1707.1718670260818,4080.5041786473744,4149.915307757892,1711.7342172671395,4741.977827603541,1890.0767134882435,2223.371593690988,3304.734168925336,4798.369684981552,0.0,1478.3504251552013,1336.4366730990278,3093.758561944651,4709.760079345987,2819.5074624671893,733.6668503550446,3323.270688331441,1415.4402208078004,1976.466311347361,1837.5843797204705,2423.9598871962994,4565.982967864506],
        [5332.079407881067,486.0410109283265,2792.0453466143913,4498.136502009165,2180.0882504898686,5070.763128369075,2511.124949281052,3846.6496255950397,3631.811703809781,3825.4740473717534,5269.109246423761,4668.361218039472,2160.452594383961,3570.719170332477,1536.5823822987936,4645.436483638752,4224.3169190178905,1754.016237181711,5268.110861813691,2505.3417765128747,1840.9608647554107,4363.042202447529,4352.009451499965,386.39659621514056,2662.375473447834,3668.2064259899253,4074.9811743869636,2011.1768398279635,926.0728386203026,3106.4544499229573,4184.624467976678,4430.636292843554,2976.5480010862207,5250.990211891382,2808.719905384319,2797.1650330383854,4337.7219307908135,5427.710487474909,1478.3504251552013,0.0,1175.7060357294374,2471.300877253686,5548.346501462815,4089.0876281412957,1882.8302587276933,4038.575541960108,2854.7764685301563,679.151102643558,3255.7890370856844,3585.1152165503236,5332.079407881067],
        [4169.098807431348,705.3006129026704,2375.4429287495295,3395.105512833712,1872.0081419110013,3934.360459129807,1705.2251424103215,2786.720955119935,2907.036454668094,3062.442379875956,4094.662697326652,3508.558319522629,1364.3640862242871,2635.3743190382006,872.9332206119662,3638.452956284028,3205.4107488670325,590.6602257700586,4129.069493356554,1403.3819059812672,1450.6620199609865,3204.7174046420837,3451.554554705033,1097.1366458248235,1952.7317885793973,2547.6204588779256,2901.5940988148236,1751.7477810621642,473.3160029525487,2429.753627849518,3076.163742827589,3280.6366343009918,2146.8219402521877,4077.229205359265,1758.688484725841,1636.2613496674553,3267.138083241792,4252.634169547395,1336.4366730990278,1175.7060357294374,0.0,1760.1256262064185,4396.537840342785,3185.3195484856387,1199.9081058512263,2878.0846483664504,2283.155421928232,1135.3879560049527,2599.5921008377622,2619.3516329864237,4169.098807431348],
        [4126.610478233144,2206.4927833818047,3987.8235556757318,3832.3240133489167,3569.012791510391,4131.94674505864,219.43010081800952,3480.1662452455744,1173.2438257462043,4307.376020565426,3675.5941365558897,2914.3619524100377,2842.3777729911453,1210.4706633189749,960.5879877906925,4369.280232787858,1951.1701171332948,1769.1073793998935,4289.550950304821,1114.9316960142003,752.492411028796,3331.0059386363155,4440.4003994913555,2137.606887198807,196.45763547956437,1820.3040102880686,2610.434736543326,3471.0444114980737,1621.4579843749211,3843.215356099783,2184.556720613989,2624.8867104863766,3425.8452401638156,3637.371729365676,2719.4157975387643,2157.3745067891796,3849.68677873502,3976.286882707141,3093.758561944651,2471.300877253686,1760.1256262064185,0.0,4439.120402255937,4197.59141926662,2804.739825451429,3039.734333568605,3803.8729576392216,1904.281986311585,4013.870300458142,3587.34395312334,4126.610478233144],
