{
    "drone_dist": [
        [0.0,2267.7684786842915,2256.713360008766,2506.395619272219,2253.4376998502403,3701.6738827221643,4202.798194132168,4670.742804096973,2856.3963098160248,4423.61334066938,1432.168629633607,3147.2649520378286,2698.6926343345963,2306.3060632488687,716.8779722227841,2493.6707919929872,378.5071039310519,3160.553015264033,2387.7590632413976,1591.2432634566094,3007.4323206658605,1605.8963493973738,2411.0275777878824,2191.5959232234545,2785.011264900748,2298.263152109982,4683.430642705962,1571.338949041374,1541.2636982548665,4661.708990778309,2216.017358006311,3622.445441672779,3780.5902969701174,4417.589243017228,1281.241725047326,2138.614443681304,3190.9306622608483,2943.66417660355,2498.7001649606946,2095.407571010139,2832.455102256995,1852.6341283757456,2230.0094606211205,1706.7709720405348,2324.9694369194012,3142.8927018230247,4425.068408702169,1641.07142829745,2270.560050246183,3695.129473344269,0.0],
        [2267.7684786842915,0.0,3155.5831372779307,4682.214775430721,2663.1731811833433,2404.253968243403,3158.9724508278,3174.9785411701455,2487.0418826558107,2980.46222743065,1846.4337764497755,2011.765981304473,2208.0205260969833,4259.515531238688,2801.600558320342,4119.930024210775,2646.1342480557546,2268.3220236191055,370.17266744772235,2840.4060877548104,2347.9986828462606,1300.5123384253334,2120.6306507897,2863.2314654442434,4538.937352486165,67.71766487343655,3359.822760516128,1550.2401552585475,860.2657109582489,5476.112467102543,4442.272382520803,2815.200835762225,3565.166008476305,4718.1708506263585,1066.7027524364246,4391.880745617714,2919.4104808363527,2397.2593755338658,4517.842398359849,3959.1085393888784,1258.059149652768,3173.3875218258763,99.17000250002792,2526.835623247325,3310.545710297275,1412.5647171985536,4895.189620770661,1200.2555849279368,3274.7897922398192,4109.274605752984,2267.7684786842915],
        [2256.713360008766,3155.5831372779307,0.0,2705.7035736374146,638.1244907856975,2820.113417464789,2895.3928311515915,3703.6842131832204,1513.4546796921074,3459.5747054356375,1337.9264297786772,2377.437167524665,1608.86527320424,1885.8543147113005,1810.3274110103973,1301.9183334803522,2287.3493090293696,2140.628567386458,2981.328108199195,683.2059001657213,1852.413303968472,1856.167148964747,1397.6645655161694,338.7130530139416,1760.2685621358407,3219.9232097731033,3530.600719505405,1606.9451215799284,2997.615041879495,2470.8593725833657,2752.3040767464795,2287.832247836112,1874.4393243311067,2180.6201097216267,2819.218063085636,2892.2459877026263,1543.8343762323775,1718.4542309348885,2181.947141582131,1560.165041564274,2697.2723796241967,583.2483744250014,3194.1997829003517,664.5857457311658,166.21506548852787,2976.1785196212945,2168.6229008834557,1955.7856805373654,155.70841186629323,1460.229179274793,2256.713360008766],
        [2506.395619272219,4682.214775430721,2705.7035736374146,0.0,3229.258992661827,5371.153260999463,5573.193250764664,6316.468282184867,4137.0610109728705,6064.562825483666,3155.6205139486988,4853.813226525846,4145.775625576136,866.3436643600886,1881.5847656633919,1615.2264597685885,2156.923414430283,4701.565312467212,4714.140557977503,2314.698711011435,4440.472024857695,3644.768783944046,3866.0856999772627,2953.0977207684723,1389.985179311733,4724.070153916292,6189.3416941035575,3464.873667428232,4037.4081415123733,3996.2496085715156,407.3191737506133,4954.257732339976,4555.493775176737,4450.8950494578785,3777.450639030433,648.6222006896445,4241.588796133952,4320.090197965023,638.837225671046,1153.160191968258,4875.625701868082,2163.947545154715,4663.124187599267,2774.2124416270494,2607.793056687205,5196.086069637536,4258.861924359016,3726.7134313554393,2576.939479985075,3850.6660036344174,2506.395619272219],
        [2253.4376998502403,2663.1731811833433,638.1244907856975,3229.258992661827,0.0,2198.148679387379,2345.4982119195333,3106.349073795859,911.8897611670095,2858.1021145086247,991.9228828162549,1741.3695609739543,975.219531296137,2452.9053486115013,1996.787015299686,1927.3075276214036,2386.465210232548,1517.0493912474853,2446.5325509476615,955.1802085668215,1235.357107358598,1399.498540726293,760.9891720731925,304.61522029724205,2388.8679877505524,2729.819263533861,2961.0430211246166,1166.7264285170386,2647.471474564228,2823.665095044952,3221.0199966229434,1725.3061288702993,1550.547092939365,2246.378581761466,2510.263598146073,3328.5923828270866,1051.96619093081,1106.0581526443875,2753.4382466526317,2115.4035978048028,2078.8258360150926,1069.135827408075,2714.2919245307075,576.581258134835,800.4627141839969,2348.534339493974,2335.654415411374,1491.208599633449,793.2997731917651,1549.1895785954687,2253.4376998502403],
        [3701.6738827221643,2404.253968243403,2820.113417464789,5371.153260999463,2198.148679387379,0.0,785.7600337025539,977.1256384330425,1312.959247484921,725.3122460188557,2352.482004149622,555.8857997179905,1232.2812484677738,4636.796911088566,3813.0441165028537,4121.11235842083,3996.6682754779445,681.1029704155353,2034.0845986009435,3057.103880099662,968.008091274564,2105.6769184728396,1505.0713236897084,2500.7835965587415,4580.376522161143,2455.9383688550447,1006.9526002697792,2137.433420500272,3036.563001336951,4236.670054202964,5304.432422038543,775.5236402741677,1811.8103168652326,3127.3146655448713,3095.1121343646523,5369.084058261688,1465.77620460386,1103.4224836356423,4937.748066759786,4296.2323290367995,1147.2539568187046,3249.205410925449,2502.3081522552916,2596.9411539697885,2971.2434572542966,1047.9958996989642,3428.7497882943144,2090.0615904853976,2974.9882323301217,2803.606369490001,3701.6738827221643],
        [4202.798194132168,3158.9724508278,2895.3928311515915,5573.193250764664,2345.4982119195333,785.7600337025539,0.0,937.8774378744625,1451.4369570975339,768.2327888039306,2785.2386761190974,1174.4816771502356,1524.277078990779,4777.966855627527,4197.577864682418,4173.770733408639,4458.400053672389,1048.9911666565417,2789.993607671341,3287.3276416875615,1207.9566833559763,2668.719698650825,1823.4170214351293,2621.539313325248,4615.415378227773,3213.852384971764,653.4486375432754,2639.7578309795254,3732.2095593653,3822.1198637115467,5562.350807851889,622.1632363613356,1394.9986275021931,2630.4788897636013,3761.1236510300337,5659.062409705943,1360.2498226756227,1298.2230792383684,5075.83718660823,4446.269041998476,1903.6327957654082,3409.591988273226,3255.5526603732155,2851.4290670670034,3022.7593034029733,1832.4924962517575,2966.7152070270054,2675.945294057192,3040.491969960365,2471.674857024401,4202.798194132168],
        [4670.742804096973,3174.9785411701455,3703.6842131832204,6316.468282184867,3106.349073795859,977.1256384330425,937.8774378744625,0.0,2195.962875569622,253.9384624693993,3329.48899296531,1531.9552803086142,2172.023313614645,5559.011906105835,4789.405194888426,5002.224962685569,4971.105334928802,1617.7619648391353,2815.0435013025844,4002.8739829820543,1877.0830094819385,3068.3532199306296,2459.0394293673307,3401.6431637869755,5454.483433452348,3215.9544754162234,392.420779696988,3111.7593077102238,3898.2581809643075,4756.684521902407,6264.649112851049,1441.6559341269049,2332.369595113106,3554.9808999439824,3987.632817242226,6336.021323950407,2221.634936066627,2001.4573033954778,5859.6741545538325,5220.681698629029,1978.737556914637,4172.523361498216,3273.9478331862347,3546.6401899534885,3844.612998963041,1763.8555767035868,3896.750333566729,3045.4474041424933,3855.2650712537984,3407.34420141348,4670.742804096973],
        [2856.3963098160248,2487.0418826558107,1513.4546796921074,4137.0610109728705,911.8897611670095,1312.959247484921,1451.4369570975339,2195.962875569622,0.0,1949.145384761659,1426.5729118804509,937.4905131395136,279.67411744251353,3364.5065039002493,2768.107818882635,2815.274735077172,3071.83902461415,644.007131780866,2177.5713053539303,1837.9651581932264,349.7580658890242,1505.408054784146,464.52362187087977,1205.7074825676248,3272.305908522573,2553.819621167055,2052.563187885547,1380.026400524705,2764.785589091758,3167.5762521060547,4113.56121290144,829.7322261642283,1094.20850527401,2253.6293502923086,2709.1257524410876,4207.733930596927,435.24948960630684,212.15088033637193,3664.888394502272,3027.2776489981197,1522.9757051950528,1980.6697663169064,2563.9534066979536,1400.13111774549,1660.9696986221506,1711.511804237431,2470.76956377296,1555.4266951449176,1667.1616243961353,1722.3476264014055,2856.3963098160248],
        [4423.61334066938,2980.46222743065,3459.5747054356375,6064.562825483666,2858.1021145086247,725.3122460188557,768.2327888039306,253.9384624693993,1949.145384761659,0.0,3076.878396228249,1280.9675603484334,1919.4002188644324,5310.115885149275,4536.243584396142,4759.543609725545,4721.391083508418,1364.6204340211762,2616.278262323571,3750.569127420245,1626.5530826640504,2823.2681047577203,2205.5842865905943,3154.696264272016,5213.233002186389,3024.2492988266636,414.7254116100954,2862.000931247637,3682.713022366701,4585.013308018205,6011.184063074743,1213.9591450664957,2145.7931456227957,3398.5070355431617,3763.918587872088,6082.144176065402,1992.5059860463914,1752.366773155693,5610.892565417841,4971.375683724474,1762.3959011625934,3923.011459900389,3079.6258329277543,3293.8361757040175,3602.2346228814786,1568.402834653093,3733.248003364088,2802.7362095048293,3611.8197333934563,3212.979088079979,4423.61334066938],
        [1432.168629633607,1846.4337764497755,1337.9264297786772,3155.6205139486988,991.9228828162549,2352.482004149622,2785.2386761190974,3329.48899296531,1426.5729118804509,3076.878396228249,0.0,1799.9277412125543,1269.3134975389037,2559.759307809535,1462.6047333022289,2301.034766181749,1673.2489546431975,1757.0779057383352,1725.8848596219825,1014.3725762197815,1581.4331624376566,560.8289892537958,979.0311808191335,1090.2563621548434,2739.2167488652753,1908.0610593980014,3298.8599135338386,327.0334110622061,1676.3033105045674,3767.53404329069,3022.554177488963,2194.3546263723383,2402.8235652816093,3236.390157975644,1523.1449094806553,3056.4668065869155,1781.456717097717,1512.457551780009,2845.473664428973,2231.2658697675993,1720.46391073582,1337.7499359484416,1875.4305177055976,685.3708602455949,1483.1332676366371,2040.5143969563849,3325.407650209416,660.7248359044892,1442.9390667265313,2540.879245316441,1432.168629633607],
        [3147.2649520378286,2011.765981304473,2377.437167524665,4853.813226525846,1741.3695609739543,555.8857997179905,1174.4816771502356,1531.9552803086142,937.4905131395136,1280.9675603484334,1799.9277412125543,0.0,769.9401494753793,4142.5861241068515,3261.956810244907,3666.4286698675314,3440.7924202786257,344.2996550461395,1648.534990713849,2546.4691615145275,602.1594103587892,1556.2489433046117,1003.2428215177423,2045.7734376193177,4128.748385818606,2070.39922673334,1544.5658328102636,1581.6230791128512,2557.93302740823,4058.555724961306,4772.6471354522855,822.6261727284552,1748.0687323468205,3043.777575656144,2592.7325493699414,4830.113411532959,1230.7706947814322,732.3805924779523,4442.805163271163,3801.243731970659,790.9424516670526,2761.2161027562747,2105.7551077076764,2084.819922775026,2536.16488048594,854.5068578113313,3306.903417118683,1546.1703900539899,2533.1048676900136,2605.893904256516,3147.2649520378286],
        [2698.6926343345963,2208.0205260969833,1608.86527320424,4145.775625576136,975.219531296137,1232.2812484677738,1524.277078990779,2172.023313614645,279.67411744251353,1919.4002188644324,1269.3134975389037,769.9401494753793,0.0,3404.5162759451564,2675.2789998988947,2902.483829448411,2939.1171238076395,555.925800974279,1897.9815046546637,1831.325233714418,316.51263856815825,1268.5151664627338,299.6567853151209,1279.7963910604205,3364.0814720820185,2274.7091066071926,2077.8655223392702,1171.4772435969844,2506.769683741659,3422.325130025692,4094.7650231141474,925.0946192813368,1365.7731006363313,2531.1776068989006,2462.908293318523,4173.074683819123,711.8802845550117,249.35452494100628,3705.4695543365838,3063.982681678678,1264.3614333576584,2016.9977765887418,2285.5262818837937,1374.675757839027,1766.6879158651946,1474.7175126855066,2742.381427071181,1309.4851983235712,1764.573683581565,1984.7654925435343,2698.6926343345963],
        [2306.3060632488687,4259.515531238688,1885.8543147113005,866.3436643600886,2452.9053486115013,4636.796911088566,4777.966855627527,5559.011906105835,3364.5065039002493,5310.115885149275,2559.759307809535,4142.5861241068515,3404.5162759451564,0.0,1593.159189056536,753.342795778477,2036.1167797217322,3958.247211677882,4230.263457501662,1607.1634908457206,3684.480573004705,3095.4666929190344,3140.779417351064,2161.6590896501243,641.8314708125622,4309.736593594394,5407.045498229266,2884.49307657762,3733.2064832602155,3207.6867165190665,1064.7256118408588,4165.238184613498,3707.6237290746476,3590.623952533089,3482.1957420927583,1288.9471549342518,3429.6844279378447,3557.7822671769823,300.9869858712082,341.3523891835292,4261.072253585108,1388.07794995362,4257.2409219967485,2064.5470076188076,1773.0292091126446,4574.578777080833,3409.460179759042,3187.43950191977,1747.4546479812072,2984.3679222418755,2306.3060632488687],
        [716.8779722227841,2801.600558320342,1810.3274110103973,1881.5847656633919,1996.787015299686,3813.0441165028537,4197.577864682418,4789.405194888426,2768.107818882635,4536.243584396142,1462.6047333022289,3261.956810244907,2675.2789998988947,1593.159189056536,0.0,1801.0261497393894,528.7763003906199,3198.5634552340357,2849.2194716059266,1131.2955360716555,2991.6393261442277,1850.5463493623472,2375.6222441636955,1845.3051072502224,2071.544273025371,2842.7713663725303,4743.0278143039595,1719.765197444504,2175.594584652851,4086.5232102844,1652.3110967340958,3585.9462594552083,3543.7171701445363,3986.972948943249,1918.2322757117113,1637.4608961169827,3027.1189588436855,2900.4515910324317,1798.2112918270377,1379.2913857802225,3115.8174787894886,1302.7387531834504,2781.564867053105,1420.7560047313546,1836.2519825403451,3437.423585167279,3946.5602856599257,1918.6308716887097,1782.2650315335477,3269.268242906154,716.8779722227841],
        [2493.6707919929872,4119.930024210775,1301.9183334803522,1615.2264597685885,1927.3075276214036,4121.11235842083,4173.770733408639,5002.224962685569,2815.274735077172,4759.543609725545,2301.034766181749,3666.4286698675314,2902.483829448411,753.342795778477,1801.0261497393894,0.0,2318.814735241102,3440.8613148677714,4026.2935887328817,1286.9506846132426,3153.8699064239445,2861.52512531985,2670.5447150989216,1622.8522397350498,462.7934769201596,4177.328256849133,4816.9242141582135,2624.101923660509,3731.5730433193144,2507.232006600166,1807.038801759051,3576.7533237200346,3020.446670527537,2837.4165580840236,3500.3262600539415,2017.8374152086794,2813.6553137511,3020.2641294032246,996.5115946214377,577.6160201227071,3906.0408873182505,970.0336167942302,4135.166670500229,1681.4641144421505,1157.632726667438,4204.15958222392,2658.683605557614,2960.73663716637,1148.241218724708,2240.4702411459043,2493.6707919929872],
        [378.5071039310519,2646.1342480557546,2287.3493090293696,2156.923414430283,2386.465210232548,3996.6682754779445,4458.400053672389,4971.105334928802,3071.83902461415,4721.391083508418,1673.2489546431975,3440.7924202786257,2939.1171238076395,2036.1167797217322,528.7763003906199,2318.814735241102,0.0,3427.5074532628223,2760.973683256544,1604.4441349794374,3253.188151819435,1925.6470580187859,2643.9350347303016,2278.100500071598,2562.2503937844735,2676.7687584817704,4964.062406029285,1859.405689914067,1912.5959266113257,4610.024970731747,1850.857771786102,3863.6078654211346,3934.5170240519315,4467.686198894128,1653.3739106753005,1764.1555900283738,3375.967415456573,3178.185119444317,2201.6764432192927,1863.7945794944656,3173.502321009042,1812.541705622778,2608.496054599,1816.0032612065932,2329.8486235423866,3487.9170980661747,4444.398125917072,1970.932757465928,2275.289572714335,3746.1952605634756,378.5071039310519],
        [3160.553015264033,2268.3220236191055,2140.628567386458,4701.565312467212,1517.0493912474853,681.1029704155353,1048.9911666565417,1617.7619648391353,644.007131780866,1364.6204340211762,1757.0779057383352,344.2996550461395,555.925800974279,3958.247211677882,3198.5634552340357,3440.8613148677714,3427.5074532628223,0.0,1915.6510236913364,2386.976676148039,294.252286653187,1621.3685859074712,841.7629467754653,1819.8243144076237,3900.657582123069,2330.1888576023166,1544.6830688785578,1592.9328054727685,2737.2588405479655,3719.476516841657,4647.06992396214,553.3110480507681,1407.801725174084,2699.702848769268,2742.5218783841856,4721.109521281874,891.4370726138092,431.85953061823653,4259.233539084695,3618.0644388081137,1100.0723176134904,2570.2448279581035,2358.4255468016772,1929.3788678410197,2293.250835502456,1195.7704123473202,2962.9846988034988,1632.63961702508,2295.7849197833243,2267.3400245546595,3160.553015264033],
        [2387.7590632413976,370.17266744772235,2981.328108199195,4714.140557977503,2446.5325509476615,2034.0845986009435,2789.993607671341,2815.0435013025844,2177.5713053539303,2616.278262323571,1725.8848596219825,1648.534990713849,1897.9815046546637,4230.263457501662,2849.2194716059266,4026.2935887328817,2760.973683256544,1915.6510236913364,0.0,2739.3442968332542,2013.182746334221,1165.0599246078925,1843.0208564970203,2671.889395484366,4460.329532395829,423.92199667303834,2992.428755583353,1407.0480653236364,1136.1997466844111,5231.612731478804,4501.328114288509,2458.2001565263367,3240.553179244021,4424.759481894538,1296.9297919941584,4471.221521833369,2604.681203157051,2072.0671475583877,4500.701468356247,3916.483365529259,888.04332604807,3063.307225319595,468.3786068510984,2383.4320514918795,3141.7092454982053,1051.1969698124901,4617.51812247419,1065.5648762965645,3110.3994783318285,3838.7091988385027,2387.7590632413976],
        [1591.2432634566094,2840.4060877548104,683.2059001657213,2314.698711011435,955.1802085668215,3057.103880099662,3287.3276416875615,4002.8739829820543,1837.9651581932264,3750.569127420245,1014.3725762197815,2546.4691615145275,1831.325233714418,1607.1634908457206,1131.2955360716555,1286.9506846132426,1604.4441349794374,2386.976676148039,2739.3442968332542,0.0,2129.0176532480136,1574.6232969134753,1552.2331130340083,738.9668650207211,1726.2297039745984,2899.2584507175807,3887.650731400438,1338.672726098623,2522.760918510428,3080.955864704486,2275.5987476906053,2665.2103676145193,2455.750930519156,2863.8246056848534,2313.3653849409984,2375.128135991065,2005.9123006139341,2012.0867778907532,1904.668539608115,1267.3574918131878,2665.408135374864,337.49816750718645,2860.0899368836567,461.6552992970041,734.3286714224589,2974.8825557941377,2844.410410150275,1673.7859531669717,679.7736962359681,2143.213365737128,1591.2432634566094],
        [3007.4323206658605,2347.9986828462606,1852.413303968472,4440.472024857695,1235.357107358598,968.008091274564,1207.9566833559763,1877.0830094819385,349.7580658890242,1626.5530826640504,1581.4331624376566,602.1594103587892,316.51263856815825,3684.480573004705,2991.6393261442277,3153.8699064239445,3253.188151819435,294.252286653187,2013.182746334221,2129.0176532480136,0.0,1535.3179850665467,616.0844561401601,1535.9029349007574,3612.6564188901357,2412.736578268393,1766.3780975789841,1463.7406752599709,2730.079111891503,3463.8840336096814,4399.074850576707,615.6588815188998,1233.9525189313763,2485.863707626812,2707.367744048096,4481.7538207272855,645.0179423893424,137.60792151938057,3985.372949135217,3345.2953862670424,1269.7015530254685,2296.8408608327204,2432.4491319817994,1677.0717153900046,2003.2439549957714,1417.856215729244,2730.9090566811315,1564.2826347688451,2007.1391699954788,2011.6091667201363,3007.4323206658605],
        [1605.8963493973738,1300.5123384253334,1856.167148964747,3644.768783944046,1399.498540726293,2105.6769184728396,2668.719698650825,3068.3532199306296,1505.408054784146,2823.2681047577203,560.8289892537958,1556.2489433046117,1268.5151664627338,3095.4666929190344,1850.5463493623472,2861.52512531985,1925.6470580187859,1621.3685859074712,1165.0599246078925,1574.6232969134753,1535.3179850665467,0.0,1049.1887189292488,1571.9960498364055,3297.807799536509,1364.2779932266767,3100.4938389472854,249.73144469405182,1288.1351021932323,4222.615228995492,3477.248682963464,2137.3289634934044,2581.5965010684004,3576.1357307592507,1206.401423492161,3484.5239239941734,1923.4673653665866,1513.6614137510533,3375.0621535206806,2772.9950442240133,1266.4980673383197,1898.4416323599369,1338.13242076972,1229.0057729332857,2010.211270521638,1587.4728304176979,3707.9584089942055,100.9922512603839,1974.2775680942395,2915.5155544632375,1605.8963493973738],
        [2411.0275777878824,2120.6306507897,1397.6645655161694,3866.0856999772627,760.9891720731925,1505.0713236897084,1823.4170214351293,2459.0394293673307,464.52362187087977,2205.5842865905943,979.0311808191335,1003.2428215177423,299.6567853151209,3140.779417351064,2375.6222441636955,2670.5447150989216,2643.9350347303016,841.7629467754653,1843.0208564970203,1552.2331130340083,616.0844561401601,1049.1887189292488,0.0,1060.0758478822897,3133.321288147717,2188.2829312588146,2375.2725854055257,915.5236699827735,2323.5339940198355,3399.7378572139346,3805.61356624208,1219.9817967152687,1533.2441439343286,2599.467654503259,2255.4785748772447,3879.717451736958,874.2815946367199,534.4226367798433,3441.286494098285,2799.5214630583782,1339.9318673568937,1758.0044116196582,2189.4799865710024,1091.874032538042,1561.1168390030502,1594.7305919131484,2776.7425144907693,1106.054116031732,1551.9617527570044,1995.7097537249722,2411.0275777878824],
        [2191.5959232234545,2863.2314654442434,338.7130530139416,2953.0977207684723,304.61522029724205,2500.7835965587415,2621.539313325248,3401.6431637869755,1205.7074825676248,3154.696264272016,1090.2563621548434,2045.7734376193177,1279.7963910604205,2161.6590896501243,1845.3051072502224,1622.8522397350498,2278.100500071598,1819.8243144076237,2671.889395484366,738.9668650207211,1535.9029349007574,1571.9960498364055,1060.0758478822897,0.0,2084.2869901291406,2928.663446409969,3245.890356365634,1326.4078529942144,2766.4298023562815,2677.339754675239,2964.1734544659375,2005.2550969837048,1716.7841687185373,2233.0068244647764,2606.099526716575,3084.0692802422905,1294.6625823786517,1404.7509569692634,2461.4045389372045,1826.7218065007744,2360.389661801676,789.3749374345803,2907.07430955413,491.20838023488193,504.09700420976446,2637.77617969046,2274.8587081476267,1669.3541067100637,492.0053784383268,1514.0129721866952,2191.5959232234545],
        [2785.011264900748,4538.937352486165,1760.2685621358407,1389.985179311733,2388.8679877505524,4580.376522161143,4615.415378227773,5454.483433452348,3272.305908522573,5213.233002186389,2739.2167488652753,4128.748385818606,3364.0814720820185,641.8314708125622,2071.544273025371,462.7934769201596,2562.2503937844735,3900.657582123069,4460.329532395829,1726.2297039745984,3612.6564188901357,3297.807799536509,3133.321288147717,2084.2869901291406,0.0,4594.639527505626,5261.586205792386,3064.5710215414556,4107.539617368766,2607.94857548254,1669.020047629737,4024.196793627669,3425.428456854966,3115.2754766102967,3868.2390369751483,1906.5825772351864,3255.550112737138,3478.4477323413957,754.3916228582702,698.7780304900714,4364.09295467311,1421.541009201896,4549.605456853767,2136.312736598252,1611.7996366483756,4663.887228050231,2896.0613571065664,3395.952836046008,1605.5830621532098,2575.924368598997,2785.011264900748],
        [2298.263152109982,67.71766487343655,3219.9232097731033,4724.070153916292,2729.819263533861,2455.9383688550447,3213.852384971764,3215.9544754162234,2553.819621167055,3024.2492988266636,1908.0610593980014,2070.39922673334,2274.7091066071926,4309.736593594394,2842.7713663725303,4177.328256849133,2676.7687584817704,2330.1888576023166,423.92199667303834,2899.2584507175807,2412.736578268393,1364.2779932266767,2188.2829312588146,2928.663446409969,4594.639527505626,0.0,3406.218008087011,1613.9536126558203,862.9482468350677,5543.38074861841,4480.2145921942465,2876.093361185837,3631.1052807830715,4785.6943509820085,1079.9602421039137,4426.6529271761,2985.9666409961383,2462.9646622954933,4566.427830327104,4011.0896321399528,1311.2748522092622,3232.818804070157,75.53708524031842,2589.4250877329678,3374.482388394905,1455.8465815215668,4962.903624190113,1264.2500766042238,3338.444756979222,4176.9873105982215,2298.263152109982],
        [4683.430642705962,3359.822760516128,3530.600719505405,6189.3416941035575,2961.0430211246166,1006.9526002697792,653.4486375432754,392.420779696988,2052.563187885547,414.7254116100954,3298.8599135338386,1544.5658328102636,2077.8655223392702,5407.045498229266,4743.0278143039595,4816.9242141582135,4964.062406029285,1544.6830688785578,2992.428755583353,3887.650731400438,1766.3780975789841,3100.4938389472854,2375.2725854055257,3245.890356365634,5261.586205792386,3406.218008087011,0.0,3112.4926876883537,4033.219874046046,4421.877831693839,6161.925589808051,1242.823490730245,2027.8600736063224,3207.498692755734,4099.489434559908,6247.8442661957215,2006.5900886243742,1876.608736997031,5706.191189804576,5072.5958870268405,2121.384686466163,4029.725909201854,3458.9101559503256,3440.9102597076585,3662.5312464343874,1953.6264500387945,3555.1731569174317,3090.2350759916317,3678.1097155761486,3106.8270113957624,4683.430642705962],
        [1571.338949041374,1550.2401552585475,1606.9451215799284,3464.873667428232,1166.7264285170386,2137.433420500272,2639.7578309795254,3111.7593077102238,1380.026400524705,2862.000931247637,327.0334110622061,1581.6230791128512,1171.4772435969844,2884.49307657762,1719.765197444504,2624.101923660509,1859.405689914067,1592.9328054727685,1407.0480653236364,1338.672726098623,1463.7406752599709,249.73144469405182,915.5236699827735,1326.4078529942144,3064.5710215414556,1613.9536126558203,3112.4926876883537,0.0,1490.1581037982382,3985.838203857254,3317.102213680291,2077.656085488419,2428.2987170947863,3370.865920718354,1378.6935409303044,3338.9430660237936,1779.0749289926136,1420.8166578639825,3168.708002629205,2557.21632557624,1413.6574154311706,1657.7466753704646,1587.2649290097604,980.4391502393306,1760.5846195125296,1735.4843837951898,3489.9708845346618,350.2879770850923,1724.5520241962176,2698.354312382529,1571.338949041374],
        [1541.2636982548665,860.2657109582489,2997.615041879495,4037.4081415123733,2647.471474564228,3036.563001336951,3732.2095593653,3898.2581809643075,2764.785589091758,3682.713022366701,1676.3033105045674,2557.93302740823,2506.769683741659,3733.2064832602155,2175.594584652851,3731.5730433193144,1912.5959266113257,2737.2588405479655,1136.1997466844111,2522.760918510428,2730.079111891503,1288.1351021932323,2323.5339940198355,2766.4298023562815,4107.539617368766,862.9482468350677,4033.219874046046,1490.1581037982382,0.0,5443.769275065231,3756.9893992275906,3287.2423737123004,3854.6019536334807,4859.763364792743,260.2935958625986,3676.6675800831426,3193.4732005309743,2738.1119652302286,3963.0277420225566,3466.8007199382546,1920.590071445532,2857.8766936170277,787.4595673669137,2333.168566078584,3131.0392389809244,2152.2468046984623,4978.80078514425,1219.426992932142,3085.7456632918975,4187.801666643916,1541.2636982548665],
        [4661.708990778309,5476.112467102543,2470.8593725833657,3996.2496085715156,2823.665095044952,4236.670054202964,3822.1198637115467,4756.684521902407,3167.5762521060547,4585.013308018205,3767.53404329069,4058.555724961306,3422.325130025692,3207.6867165190665,4086.5232102844,2507.232006600166,4610.024970731747,3719.476516841657,5231.612731478804,3080.955864704486,3463.8840336096814,4222.615228995492,3399.7378572139346,2677.339754675239,2607.94857548254,5543.38074861841,4421.877831693839,3985.838203857254,5443.769275065231,0.0,4267.811890597051,3467.356873237575,2447.414852512258,1235.5653574932765,5279.651548943026,4496.588747898193,2828.227028757536,3346.258921419339,3362.3392018474233,3084.7676937539504,4686.452679342086,2810.563181600302,5531.906152659413,3127.616600553978,2363.9884826808147,4876.1507737294405,874.9396206029,4314.861690167434,2416.0584376701772,1452.7108008800617,4661.708990778309],
        [2216.017358006311,4442.272382520803,2752.3040767464795,407.3191737506133,3221.0199966229434,5304.432422038543,5562.350807851889,6264.649112851049,4113.56121290144,6011.184063074743,3022.554177488963,4772.6471354522855,4094.7650231141474,1064.7256118408588,1652.3110967340958,1807.038801759051,1850.857771786102,4647.06992396214,4501.328114288509,2275.5987476906053,4399.074850576707,3477.248682963464,3805.61356624208,2964.1734544659375,1669.020047629737,4480.2145921942465,6161.925589808051,3317.102213680291,3756.9893992275906,4267.811890597051,0.0,4940.371453338922,4624.552581498534,4631.636679295054,3496.7955791325808,251.56381439421702,4258.64483429899,4285.406386677757,926.585432792645,1270.8291677837624,4730.119582717517,2182.179496956629,4416.2495706836835,2722.0086566877576,2675.616198170339,5052.199962395972,4464.9626765042685,3552.703817303044,2638.2277768384574,3998.219704862399,2216.017358006311],
        [3622.445441672779,2815.200835762225,2287.832247836112,4954.257732339976,1725.3061288702993,775.5236402741677,622.1632363613356,1441.6559341269049,829.7322261642283,1213.9591450664957,2194.3546263723383,822.6261727284552,925.0946192813368,4165.238184613498,3585.9462594552083,3576.7533237200346,3863.6078654211346,553.3110480507681,2458.2001565263367,2665.2103676145193,615.6588815188998,2137.3289634934044,1219.9817967152687,2005.2550969837048,4024.196793627669,2876.093361185837,1242.823490730245,2077.656085488419,3287.2423737123004,3467.356873237575,4940.371453338922,0.0,1036.3051671205938,2352.4259302358932,3285.1851972008967,5037.018552444286,779.9914064800382,686.9993595172318,4464.059311110551,3831.7102769725448,1613.5218734437292,2791.6122267957603,2906.547010672678,2229.8622906515498,2420.905498596433,1648.3104864992654,2653.574259081006,2158.518602732629,2435.7164385065767,2046.022745346742,3622.445441672779],
        [3780.5902969701174,3565.166008476305,1874.4393243311067,4555.493775176737,1550.547092939365,1811.8103168652326,1394.9986275021931,2332.369595113106,1094.20850527401,2145.7931456227957,2402.8235652816093,1748.0687323468205,1365.7731006363313,3707.6237290746476,3543.7171701445363,3020.446670527537,3934.5170240519315,1407.801725174084,3240.553179244021,2455.750930519156,1233.9525189313763,2581.5965010684004,1533.2441439343286,1716.7841687185373,3425.428456854966,3631.1052807830715,2027.8600736063224,2428.2987170947863,3854.6019536334807,2447.414852512258,4624.552581498534,1036.3051671205938,0.0,1317.4245058139816,3787.9497297884664,4766.611135118868,661.3311430665655,1168.8378505202588,3990.5824814173134,3402.3342075498217,2494.2155087937726,2454.1475343427187,3645.599540825372,2126.5111429918315,1951.5954368079172,2602.4608134208643,1618.8541073636054,2639.086487928198,1986.9212131509782,1078.9981692435153,3780.5902969701174],
        [4417.589243017228,4718.1708506263585,2180.6201097216267,4450.8950494578785,2246.378581761466,3127.3146655448713,2630.4788897636013,3554.9808999439824,2253.6293502923086,3398.5070355431617,3236.390157975644,3043.777575656144,2531.1776068989006,3590.623952533089,3986.972948943249,2837.4165580840236,4467.686198894128,2699.702848769268,4424.759481894538,2863.8246056848534,2485.863707626812,3576.1357307592507,2599.467654503259,2233.0068244647764,3115.2754766102967,4785.6943509820085,3207.498692755734,3370.865920718354,4859.763364792743,1235.5653574932765,4631.636679295054,2352.4259302358932,1317.4245058139816,0.0,4743.103972209646,4825.612001123957,1845.5509714650009,2391.342546036897,3821.4926883727035,3362.881359609782,3753.9989018049605,2702.661536922963,4788.595930524966,2724.0384849647367,2153.5923790938587,3893.214512756537,362.4149291671521,3654.220375884447,2206.830545668767,722.8211328307358,4417.589243017228],
        [1281.241725047326,1066.7027524364246,2819.218063085636,3777.450639030433,2510.263598146073,3095.1121343646523,3761.1236510300337,3987.632817242226,2709.1257524410876,3763.918587872088,1523.1449094806553,2592.7325493699414,2462.908293318523,3482.1957420927583,1918.2322757117113,3500.3262600539415,1653.3739106753005,2742.5218783841856,1296.9297919941584,2313.3653849409984,2707.367744048096,1206.401423492161,2255.4785748772447,2606.099526716575,3868.2390369751483,1079.9602421039137,4099.489434559908,1378.6935409303044,260.2935958625986,5279.651548943026,3496.7955791325808,3285.1851972008967,3787.9497297884664,4743.103972209646,0.0,3417.529472556767,3129.744068662203,2702.3135547755405,3708.7309932814437,3220.5698419260166,2011.8707155129914,2645.52509386396,1005.7817008281904,2155.5985859931925,2946.164069478661,2267.6305575610477,4845.914728173659,1154.259261360497,2899.10136026946,4058.310193741067,1281.241725047326],
        [2138.614443681304,4391.880745617714,2892.2459877026263,648.6222006896445,3328.5923828270866,5369.084058261688,5659.062409705943,6336.021323950407,4207.733930596927,6082.144176065402,3056.4668065869155,4830.113411532959,4173.074683819123,1288.9471549342518,1637.4608961169827,2017.8374152086794,1764.1555900283738,4721.109521281874,4471.221521833369,2375.128135991065,4481.7538207272855,3484.5239239941734,3879.717451736958,3084.0692802422905,1906.5825772351864,4426.6529271761,6247.8442661957215,3338.9430660237936,3676.6675800831426,4496.588747898193,251.56381439421702,5037.018552444286,4766.611135118868,4825.612001123957,3417.529472556767,0.0,4374.724746804926,4372.43922258449,1171.9062669287475,1464.0618012649052,4746.455808820711,2313.7997203446776,4360.555613922353,2808.81031063312,2826.622104832848,5068.561399345914,4669.646087472959,3554.9888844425914,2786.3831391474023,4179.3910861722325,2138.614443681304],
        [3190.9306622608483,2919.4104808363527,1543.8343762323775,4241.588796133952,1051.96619093081,1465.77620460386,1360.2498226756227,2221.634936066627,435.24948960630684,1992.5059860463914,1781.456717097717,1230.7706947814322,711.8802845550117,3429.6844279378447,3027.1189588436855,2813.6553137511,3375.967415456573,891.4370726138092,2604.681203157051,2005.9123006139341,645.0179423893424,1923.4673653665866,874.2815946367199,1294.6625823786517,3255.550112737138,2985.9666409961383,2006.5900886243742,1779.0749289926136,3193.4732005309743,2828.227028757536,4258.64483429899,779.9914064800382,661.3311430665655,1845.5509714650009,3129.744068662203,4374.724746804926,0.0,545.8813250567339,3725.532284067989,3102.4709163741336,1908.893567510402,2081.7452279965773,2997.344340701057,1613.171066067546,1665.163733561278,2062.351950579132,2085.8921008466295,1978.9996383959203,1685.182240664791,1375.9136918883946,3190.9306622608483],
        [2943.66417660355,2397.2593755338658,1718.4542309348885,4320.090197965023,1106.0581526443875,1103.4224836356423,1298.2230792383684,2001.4573033954778,212.15088033637193,1752.366773155693,1512.457551780009,732.3805924779523,249.35452494100628,3557.7822671769823,2900.4515910324317,3020.2641294032246,3178.185119444317,431.85953061823653,2072.0671475583877,2012.0867778907532,137.60792151938057,1513.6614137510533,534.4226367798433,1404.7509569692634,3478.4477323413957,2462.9646622954933,1876.608736997031,1420.8166578639825,2738.1119652302286,3346.258921419339,4285.406386677757,686.9993595172318,1168.8378505202588,2391.342546036897,2702.3135547755405,4372.43922258449,545.8813250567339,0.0,3858.537062955492,3219.246055682118,1364.0239706821699,2171.0717627913846,2478.8108321671757,1564.4278178371014,1868.179762824314,1530.3860465239325,2626.309952576211,1551.0740421302528,1872.8696414970996,1895.564309739706,2943.66417660355],
        [2498.7001649606946,4517.842398359849,2181.947141582131,638.837225671046,2753.4382466526317,4937.748066759786,5075.83718660823,5859.6741545538325,3664.888394502272,5610.892565417841,2845.473664428973,4442.805163271163,3705.4695543365838,300.9869858712082,1798.2112918270377,996.5115946214377,2201.6764432192927,4259.233539084695,4500.701468356247,1904.668539608115,3985.372949135217,3375.0621535206806,3441.286494098285,2461.4045389372045,754.3916228582702,4566.427830327104,5706.191189804576,3168.708002629205,3963.0277420225566,3362.3392018474233,926.585432792645,4464.059311110551,3990.5824814173134,3821.4926883727035,3708.7309932814437,1171.9062669287475,3725.532284067989,3858.537062955492,0.0,641.8104620513662,4552.571738550338,1689.0601225897535,4512.011383323,2363.2664698191,2065.2732318901926,4867.223454288775,3622.9788836058615,3465.538269474449,2041.4501525523017,3236.816167197999,2498.7001649606946],
        [2095.407571010139,3959.1085393888784,1560.165041564274,1153.160191968258,2115.4035978048028,4296.2323290367995,4446.269041998476,5220.681698629029,3027.2776489981197,4971.375683724474,2231.2658697675993,3801.243731970659,3063.982681678678,341.3523891835292,1379.2913857802225,577.6160201227071,1863.7945794944656,3618.0644388081137,3916.483365529259,1267.3574918131878,3345.2953862670424,2772.9950442240133,2799.5214630583782,1826.7218065007744,698.7780304900714,4011.0896321399528,5072.5958870268405,2557.21632557624,3466.8007199382546,3084.7676937539504,1270.8291677837624,3831.7102769725448,3402.3342075498217,3362.881359609782,3220.5698419260166,1464.0618012649052,3102.4709163741336,3219.246055682118,641.8104620513662,0.0,3925.6490620807886,1048.4585680719972,3960.8359504304217,1723.7082380255035,1456.0208954287493,4238.067337797079,3206.768696840235,2866.4996959975674,1426.8260787712752,2728.3598805929173,2095.407571010139],
        [2832.455102256995,1258.059149652768,2697.2723796241967,4875.625701868082,2078.8258360150926,1147.2539568187046,1903.6327957654082,1978.737556914637,1522.9757051950528,1762.3959011625934,1720.46391073582,790.9424516670526,1264.3614333576584,4261.072253585108,3115.8174787894886,3906.0408873182505,3173.502321009042,1100.0723176134904,888.04332604807,2665.408135374864,1269.7015530254685,1266.4980673383197,1339.9318673568937,2360.389661801676,4364.09295467311,1311.2748522092622,2121.384686466163,1413.6574154311706,1920.590071445532,4686.452679342086,4730.119582717517,1613.5218734437292,2494.2155087937726,3753.9989018049605,2011.8707155129914,4746.455808820711,1908.893567510402,1364.0239706821699,4552.571738550338,3925.6490620807886,0.0,2944.846446434602,1355.7176194994875,2229.5263359109617,2863.439092480082,322.1992273543573,3989.0231786199543,1206.9899649172748,2845.9438984783865,3245.045065133135,2832.455102256995],
        [1852.6341283757456,3173.3875218258763,583.2483744250014,2163.947545154715,1069.135827408075,3249.205410925449,3409.591988273226,4172.523361498216,1980.6697663169064,3923.011459900389,1337.7499359484416,2761.2161027562747,2016.9977765887418,1388.07794995362,1302.7387531834504,970.0336167942302,1812.541705622778,2570.2448279581035,3063.307225319595,337.49816750718645,2296.8408608327204,1898.4416323599369,1758.0044116196582,789.3749374345803,1421.541009201896,3232.818804070157,4029.725909201854,1657.7466753704646,2857.8766936170277,2810.563181600302,2182.179496956629,2791.6122267957603,2454.1475343427187,2702.661536922963,2645.52509386396,2313.7997203446776,2081.7452279965773,2171.0717627913846,1689.0601225897535,1048.4585680719972,2944.846446434602,0.0,3194.6709291967986,715.4424999417664,554.3008940566694,3247.763040994605,2646.0168190030827,1998.4739050609696,504.0887327615367,1994.7313840655493,1852.6341283757456],
