{
    "drone_dist": [
        [0.0,3604.157501536515,3840.3482929414035,809.7972040218172,3033.1566198190635,3946.947133189519,2153.3109518486845,2967.306125558211,4116.289620105017,1569.3384663862971,2336.3301079781536,3141.8555958897296,3912.4446119637587,2003.0237411831756,3487.132286398565,5018.150485897342,1788.2751194826005,1020.7230542642073,1766.0056094447136,4209.966838308434,3333.270543479519,1896.875228741209,3743.6304809932526,3935.672869108374,3856.099654081375,1254.7654329034117,1878.244712168515,5422.969813405089,4167.066395618088,4804.242117649832,1844.0284324275858,3349.3343613553975,3215.316378095291,413.8075573373627,4118.307730309117,2216.135851043251,2995.5087135040208,1767.6194594323108,3828.7299943720036,2924.8582771798956,1509.9709026111539,5419.302460998774,1359.2143924364532,3453.1795333807377,3508.89855278088,2726.294710764725,563.7513828949219,1269.3382779851745,1464.6683132762098,3439.770355403743,1559.3598771818033,2748.641589491707,4249.07428519062,2100.093905992985,2405.685085117531,4283.464898130147,4453.126407015082,4249.349343405588,2349.6669489877395,4644.313969296722,5840.4506995452,1759.8036715750989,2240.926527681405,1608.2869529176708,3776.477928821424,4223.395619387128,5045.215720780337,3621.3226304436716,1927.199647820657,2970.72018053746,1512.5911938931677,794.1627692056004,1214.9506974495282,4727.136338198376,4996.951908326329,4437.633577322059,3285.5226849459054,1179.3977723547341,3646.1839457979177,4373.300834257587,1928.1215398627107,1475.6608140253738,3419.9671072195224,3905.710290316339,1153.0180702975674,3355.4805110965244,4892.042587810738,3347.9167319306885,4239.516858115006,3913.1942749086124,5304.536623356311,2503.9672808158098,3004.5067858671873,4715.9234267924885,2910.1905758354887,2552.619166700247,3411.470727052911,1655.7007960109515,3767.2766678120015,958.7089137842779,0.0],
        [3604.157501536515,0.0,334.0447063090639,2822.2227464338016,1675.2221573995853,3668.306722671264,2207.5742761302586,3936.2401360074955,2381.0802247032925,2497.0557287975826,2129.6574878781003,1446.8312195137064,311.2331422115964,1973.2793751041993,185.1259250879224,1732.835983929886,2098.363868425943,3003.833427242667,1838.5239864546918,964.9214731216429,416.91217436280624,2070.529944999502,1223.7781831658203,2379.1721644736394,1397.1693943057821,2350.2555581918705,2060.061440468387,2129.988433483691,1892.8590804400783,1429.3271706988814,1905.2556704830854,2904.214891564644,2134.2463529194274,3456.8865614376955,1248.323741607037,1542.5627778912915,1027.4328347563708,2228.6494340446434,3030.6370569787937,1880.9145122702926,3252.62058281986,2717.216994108338,2535.20369585286,3064.2225229089913,2687.931946512175,3226.170467266394,3115.907858862894,2794.628791304325,2845.8585247684045,689.9353860879917,2428.0719124034454,1956.5619151586668,1796.642071267832,1943.004095716387,3258.459905063799,2101.7718334455794,2589.5753254309057,1936.0358766978652,3833.515578340676,1040.160547042536,2942.4816606331196,2759.4878485860727,3679.202125614479,2048.3188492809863,530.0507223690406,2949.497290142808,1864.404196479733,261.5007233796229,1679.313153652602,3193.562517777222,2403.262646298869,3649.6277720299945,2479.254727635439,1173.4774094484999,1875.9791120131492,2604.791875636323,2325.682136469362,2891.3121849443105,3676.635007067369,1817.6592328750914,1888.9021748350453,3051.287235068384,542.6773114434793,1009.2737997365319,2535.010965434122,3694.413950035784,1516.5337621779533,1904.2628124502824,2674.408148296255,849.0231942542805,2779.298647302494,3137.2725039492534,1266.9161897797562,2370.673765405491,1204.2850252372043,3273.487056478549,210.70355457355333,2738.635739144807,508.13786439404754,3193.0684920684057,3604.157501536515],
        [3840.3482929414035,334.0447063090639,0.0,3045.0621697720067,1628.527260824087,3985.8450482264775,2285.8413699676375,4270.257412980271,2654.1794704575905,2802.285745519981,2184.0819112211657,1773.7292694660243,214.51282490320807,2287.05407398468,519.029358630411,1761.80365068517,2401.5999181259467,3290.6381256098653,2078.2382209941447,1093.3565933231487,750.9567895537037,2204.9961689364595,1494.9364294712486,2666.872240305616,1658.0915531360858,2586.631277073776,2199.495377205653,2133.7406997260778,2136.681137210484,1099.7453812041515,2198.0071919784136,3229.387085063836,2458.1458611655544,3716.981075819038,1450.240844701923,1846.448014465209,1060.1079652430544,2536.9052603278656,3340.623914151299,1847.5007181816513,3564.3678870022004,2846.2546648706707,2704.1869818903597,3388.127836320644,3005.613553392218,3560.213183771868,3333.387832481658,2953.503560869402,3153.3313506038357,1004.3853875688842,2730.1124299418925,1951.3361369978668,1534.9930866261968,2261.8693431731713,3590.731566181455,1856.5881679382485,2840.978949213566,1684.272550235846,4162.716708767236,846.5586310037044,3023.3064983790723,3078.0704609715153,4007.58385544461,2319.8759153131655,283.21459655092235,3235.610601343596,1921.8415981800824,551.2248231369416,1931.3379933447734,3526.6570956295923,2700.6018005820383,3930.0888982527003,2681.9183149545256,1082.9741264984964,1951.4015844483297,2858.5625944198728,2648.140517374699,3054.590104027795,4002.527205869633,1539.7835158119199,2046.2450731306674,3361.2249346439444,865.1526203047919,1239.3233496752262,2803.6275003563223,4025.570256361567,1521.951072980501,2221.192000524911,2949.0382584982176,575.7271654823404,2936.6319595973746,3470.6040808053895,1599.70748084751,2091.037068264614,1538.3258793899893,3606.92959116775,451.7257210358291,3053.0483012856057,265.7647400415326,3365.1940053395724,3840.3482929414035],
        [809.7972040218172,2822.2227464338016,3045.0621697720067,0.0,2257.1391748284677,3765.036641185113,1430.6156979564187,3023.1130227761164,3629.9444894149265,1200.8268188821803,1606.7389846304748,2540.2227714399305,3127.3178938604983,1454.1116690236975,2715.986344000875,4311.0010514442,1243.690715973,938.581010632254,990.7921089589717,3488.301594472312,2578.3754670184035,1120.5529846663449,3090.040904682624,3467.95939080629,3221.9236715408897,489.25031424277336,1097.4735468580084,4721.018856937069,3587.514021184398,3995.4406777763497,1207.6406610442755,3060.9333403815426,2755.260801964375,838.4810326649385,3443.2517929495534,1538.9019472086716,2185.9449941117405,1289.034883604613,3512.4822846639076,2169.439242626543,1554.907616462739,4824.515611216762,636.0217455100067,3192.3344265648725,3151.116768348162,2602.40075223748,298.5394853212405,682.018627241791,1291.9870496878543,2721.58522883,1145.7514432721555,2001.473517979021,3459.1188723194023,1558.1434084934838,2334.4392355452924,3512.259086330059,3967.4326764793855,3467.8003010516245,2489.03095226239,3860.5626522300226,5219.929923214347,1545.3376111566358,2345.4337315050593,931.5977821692096,2971.433674373376,3838.612508186069,4356.619229603137,2859.0502268115292,1165.4227775636516,2805.452085007961,1068.7618720747082,1231.2999287139642,413.963525395077,3965.010497708903,4317.3765380067325,3956.7492904719606,2864.340081288824,648.0700463443023,3513.689185701192,3580.5639713619967,1125.2639099493806,1418.2607308136335,2683.876918186214,3213.64567085072,627.5610933977243,3274.233147526078,4166.927768366247,2831.5988436011344,3796.399831254024,3103.6247621723196,4738.294785776521,2379.5255970514877,2365.0824917354125,3944.3980592851713,2252.876947198402,2466.76538032491,2624.4096391379994,1429.6458076615008,2962.7713027266805,679.5124577367328,809.7972040218172],
        [3033.1566198190635,1675.2221573995853,1628.527260824087,2257.1391748284677,0.0,4784.1891683986605,936.4638172597496,4611.051743785477,3832.637449578935,2709.0325759037405,763.8804665912838,2663.333628993573,1828.1358853421827,2405.9960348648583,1736.9901048322783,3381.734206620772,2374.649285942706,2933.1126818370653,1658.1231882419975,2640.143528452343,1820.2569160215023,1138.421894145306,2759.2447962829438,3771.8439779364244,2942.9498985751097,1980.8434171117772,1159.9423486446397,3761.0959247839196,3448.6870090596694,2094.773341617628,2128.2157652474434,3970.5871982769154,3289.8827690923267,3086.8967844941058,2890.019062330449,2000.2432681655691,687.874032378801,2531.760308846768,4250.760823711162,224.56515831618876,3435.760954190724,4387.185674191845,1678.0405799838024,4137.199350833879,3861.6516707513974,3967.877282989978,2469.4066546143367,1832.2314128213948,3026.554814523958,2167.089266664158,2616.7244448137794,376.93532597618105,1228.6216978419022,2452.172972752143,3854.425102117841,1255.234845457409,4100.44096901689,1216.7420964673868,4277.758708159075,2404.7247975676482,4616.3600005597,3106.7174683866974,4114.077656343374,2038.320072752179,1379.2266051458053,4320.675258508522,3529.070263545142,1903.269867198134,1654.6119831705582,4045.004383642365,2545.5910556782574,3439.755734694079,1844.941612281914,2702.3700154676853,3546.9468353930424,4108.580955499781,3478.6845748977603,1939.5764766843574,4681.194889604815,1359.6958353438067,1162.1764009310668,3234.8868429171744,2022.2246628531875,2632.8572093047424,2377.798490462365,4584.159076846858,3147.4997012170147,3157.7749435502355,4106.81826785306,1278.4533207994218,4433.9943899623395,3799.7956886367588,2411.6244296683362,1687.2621197480887,2278.997762586916,3930.7734804566994,1504.499264851505,3027.3348749010165,1387.9723481356286,2253.7763058511227,3033.1566198190635],
        [3946.947133189519,3668.306722671264,3985.8450482264775,3765.036641185113,4784.1891683986605,0.0,4583.233005542811,1323.8916256470452,1600.8540030509068,2568.0455990564524,4663.565547075037,2233.3203507386443,3844.462123423103,2519.7529816999177,3490.8092318484896,3528.8969068131073,2659.867891498274,2950.595770318379,3386.2134444995318,3251.8699664118276,3276.4543275521264,4190.571658454926,2565.756133418935,1467.8848974222333,2456.377467505771,3485.0322352972075,4155.597656022849,3733.8006456638136,2175.2853336217154,4983.481299075639,2846.450125541566,813.6627535676927,1544.463185151733,3537.7803300216556,2824.944152651195,2820.759310007108,4170.981685733302,2548.126337520608,681.7659604274503,4882.012640427644,2452.9206215305903,2908.504736167382,4146.9878768309945,647.4633247796228,980.4345256225803,1223.4609198884516,3943.844652383542,4350.7107573094245,2515.423779103879,2981.7175022357337,2633.0160489853115,4824.673879182641,5417.355985861493,2437.6915226430488,1556.3002224733575,5683.093737699946,1702.7220621419103,5535.991654303237,1889.1325467409554,4206.783353779147,3376.918898307658,2233.181901982159,1896.2483424703737,3081.6772934732207,4192.347217339697,1069.539395369158,3379.658037042312,3435.0989284661277,3283.5587537743495,977.3051524603692,2716.254387974399,3275.6426969479508,3841.1052953638105,3945.2555213083133,3275.1737574874305,1669.0003483308487,1349.6912017343461,4362.982970986237,361.22185388715303,5460.282365348726,3981.9507441097826,2471.9185539958935,3125.6389159976748,2888.9030649741953,3146.619456657679,706.636354131597,3627.719087365512,1764.731036058606,1388.5198958082863,4508.661862181561,2649.722561151499,1443.39876552184,2452.7443285492104,6007.407405262396,2561.7195752886882,1408.102012550253,3670.353188432877,2348.008462809506,4170.536611643993,4443.566885749036,3946.947133189519],
        [2153.3109518486845,2207.5742761302586,2285.8413699676375,1430.6156979564187,936.4638172597496,4583.233005542811,0.0,4160.469529106706,3935.1308307578374,2192.7310389209515,183.88110933695197,2718.3762078251743,2447.7364231245997,2067.7504126901076,2194.086163873195,3928.8176715394757,1956.6439013917288,2248.390110193841,1201.510494550914,3118.3012423799278,2179.297415539833,404.05193055416544,3021.6064161502372,3829.4808717479837,3196.5938541590576,1296.5064910761432,439.69242472061467,4332.5370182614715,3673.9687129892704,2970.3138052574413,1743.8436222599635,3786.3239287639135,3223.062976182909,2267.5459148369264,3257.6034840750094,1792.9679380789253,1228.356277147202,2095.3449803418293,4149.38428664304,785.8605289570452,2821.1886578423023,4770.9012362028625,802.5270425451366,3945.397112882935,3754.949081424183,3593.292168955769,1595.3691492072496,908.877145871258,2451.2279503940504,2473.2917293638197,2103.3402079948437,603.193622726567,2161.1607991841342,2145.9994264299603,3410.1853614265974,2149.4830640287164,4243.165581377923,2135.819741284882,3728.890714799655,3124.8002946201336,5071.609298557496,2605.7671720851577,3570.34418128862,1545.4110359681304,2098.131900220792,4328.067836387123,4040.7770325604547,2368.912310753242,1301.8849569517306,3726.373415763945,2020.1444533069182,2658.300469302021,1047.452914174013,3356.9440232589295,4036.3860903986442,4243.887989774671,3390.9962365821275,1013.9488762443541,4414.511953458638,2294.0185836108312,601.3917616922005,2638.729298673923,2361.5016894144346,2994.546946604145,1725.702936884034,4253.950050149073,3721.937326504477,3169.0806154934135,4176.729211658303,2097.2580219250663,4765.946088237246,3395.2111042155384,2471.6117159487007,2579.6860549723833,2330.155033725404,3513.19128472414,2000.8416125464187,2506.108833108158,2099.3054188275833,1322.1945673060231,2153.3109518486845],
        [2967.306125558211,3936.2401360074955,4270.257412980271,3023.1130227761164,4611.051743785477,1323.8916256470452,4160.469529106706,0.0,2535.319904124258,1967.9165005826499,4284.277801126781,2555.800126364975,4186.308249452292,2208.0160062696827,3751.4880852731326,4335.986786238646,2243.90868947596,2095.628560852903,2997.244186570231,3837.1284838494726,3519.375898626208,3757.2475475454266,3114.975371421508,2344.8639732050847,3076.9475465542446,2898.251230333256,3721.8153607859435,4623.894877267185,2993.268697678971,5356.710156226208,2486.296632988741,1347.9291599989792,1973.9352689777577,2556.902022423314,3472.607527940161,2642.007551632916,4117.393560610064,2090.6350369233824,1687.4549963198638,4649.767920796609,1489.9090994649353,4000.3121064705897,3545.018067205549,1286.8937960086187,1677.6723957925562,710.9143314931958,3120.04914277634,3686.9094687719935,1746.6425068774397,3322.157022374838,2057.141039170682,4546.753247442469,5495.40276333022,2172.6752647995536,758.1247936045552,5702.691452910094,2759.7003412024274,5583.172542236268,646.0851362812848,4719.535803066121,4482.103260178543,1555.3006543806675,727.9108868442592,2625.739077977533,4407.801806087172,2196.5686734471396,4232.916217843936,3757.9411635110655,2963.626473827875,812.0094739040034,2140.460678359888,2205.66154615221,3227.38978679008,4550.25727340704,4137.864842242586,2728.4139476071423,1840.7092602964476,3668.4405587925644,963.4339334532193,5568.460062642675,3591.6051917413934,1605.0199837429843,3431.1575813528725,3437.6043840594352,2484.33811888755,623.1720251931392,4367.30218161094,2257.8423855148376,2435.6845836682705,4698.468858089209,3768.502677688838,822.3349643074313,2680.744946871505,6082.888858236578,2732.009529983875,686.3342131144569,3866.6700283542605,1658.4780077247012,4387.687293057149,3661.814688669454,2967.306125558211],
        [4116.289620105017,2381.0802247032925,2654.1794704575905,3629.9444894149265,3832.637449578935,1600.8540030509068,3935.1308307578374,2535.319904124258,0.0,2546.9840395551532,3955.487947721756,1216.808853468636,2474.6603397170607,2175.839144891989,2231.215167039628,1928.1272917493554,2387.832106393969,3124.883769621318,2880.5035450230284,1738.8224936881602,2065.2297777358167,3602.4713941189502,1160.02067374704,202.8389320889252,998.3919312408245,3201.9832446724477,3572.7632738438324,2144.54058833508,592.3568705764742,3531.6761685341885,2445.295005704946,1189.6185595848497,902.2859157832719,3767.238113035863,1299.5001047488465,2208.1076190203826,3152.3564726681075,2366.555189608673,935.1160564890048,3986.1456236092185,2896.010955515555,1486.6279894382005,3773.6562647237965,1256.5186943480053,862.5040308219391,1976.993067758935,3891.1422770163344,4030.2526508380743,2709.8595697329547,1717.5561420027532,2560.5478013534926,3984.5731957225876,4176.8114197501345,2071.8241908249784,2247.7116170748777,4482.046220369208,338.2803807252551,4317.100031802769,2838.0151425771305,2694.8620586000097,1966.9817821289025,2433.5134896974764,2753.79192255271,2729.468324595258,2905.433987888639,608.591110205518,1780.8727513205317,2122.0435631950404,2717.136315498562,1759.1876484651984,2615.796276940296,3679.096599283439,3528.2521004683135,2393.140711258593,1677.2392389212691,326.8906149880212,869.0332160206315,4081.2149542123466,1792.5108220582858,4191.597735980087,3371.5120166108104,2795.424861565371,1873.3053436727369,1434.8748669409708,3031.53916740708,2002.898831496765,2034.6408799822875,803.3394824272443,295.0514621647199,3221.6153563075372,1285.534269692294,2072.8343645641203,1465.848570454887,4744.047616450659,1607.3455129831516,2150.4410373126707,2452.4901935726944,2513.309633608879,2883.8239608484537,4269.182613083293,4116.289620105017],
        [1569.3384663862971,2497.0557287975826,2802.285745519981,1200.8268188821803,2709.0325759037405,2568.0455990564524,2192.7310389209515,1967.9165005826499,2546.9840395551532,0.0,2319.564040424215,1638.7624795142747,2801.02885673106,544.276555241711,2335.666078722258,3609.890690648551,401.397990154972,605.9425330053602,1054.8481311616274,2854.8013220860585,2128.492129338586,1789.8806594077864,2281.3055584215945,2366.749830402437,2366.1035858929426,947.6660261485711,1754.533706010271,3997.9755251794622,2624.9986487487317,3885.1809674479928,629.5029159798831,1863.0053459175779,1646.0830234732093,1231.3746905373143,2676.141870353451,955.8935471011072,2319.5305269119867,273.08548078832996,2322.332453791723,2719.740188828022,774.248907614223,3876.9592223385853,1610.9475377715805,1991.937950027458,1973.8267288191926,1440.2358160102658,1407.1809252196622,1792.300434683299,353.21940467357445,2114.5674203270446,92.5205028600434,2602.18228863658,3726.164309961003,611.4837129175562,1221.7960928735606,3882.8498592692586,2883.793801451079,3786.9940604276176,1569.9627522677463,3487.2410382309527,4313.036371492682,413.16625205575076,1406.762564913853,674.0316335484519,2843.7669360534924,2677.937746526915,3603.9677315204513,2421.5636051715906,1064.2890852528144,1620.4117088711569,172.58921533211637,1242.484164921035,1295.3541639287128,3471.4997398367614,3542.6508015136806,2868.392082659049,1722.3764021924214,1797.90060659418,2329.9775633170275,3820.4005634088267,1631.5659319331587,566.5870261995303,2145.379884396316,2499.7138367624266,578.5740558308148,2115.012367071857,3524.4070120536894,1785.4429952014107,2674.524097835917,3079.1038067496656,3748.6748904054652,1226.6734222768162,1555.8595816130376,4290.977497469098,1497.496293688923,1334.0588401328275,2351.539637511801,319.895710431949,2827.7255601520983,1880.3268254305058,1569.3384663862971],
        [2336.3301079781536,2129.6574878781003,2184.0819112211657,1606.7389846304748,763.8804665912838,4663.565547075037,183.88110933695197,4284.277801126781,3955.487947721756,2319.564040424215,0.0,2739.9796483595846,2355.0865544827225,2159.1122432339203,2130.673440042248,3859.6063973765054,2062.3275729221127,2405.5257837189542,1300.9830986538734,3059.4162600503537,2134.774993998472,536.9883803809441,3005.151024704264,3858.0548785167152,3183.137422871387,1446.5085294187015,570.9269470241832,4259.4441518978565,3668.9724077227606,2822.5228334377734,1839.864205995162,3860.768008973972,3272.26681101466,2444.739993637649,3221.890775835334,1853.8952814520392,1124.2720784432902,2206.142563268,4209.72390222088,603.7687453834026,2968.86116800604,4738.349384110979,982.9271271433889,4021.898288536661,3814.653049107193,3701.9266458995126,1777.5319030951052,1092.2909573584789,2590.490508027459,2442.996214935555,2228.893475627687,420.19827759392206,1983.407337489675,2232.006226711154,3530.571875416692,1966.3929412871055,4256.965046930531,1954.8949674083337,3868.306617888784,3015.157697207981,5025.046417336476,2732.5542842112472,3708.4801186387945,1660.282147738254,1982.1208760636782,4368.392337314529,3979.399969660978,2306.052228034988,1381.4673978315636,3825.3849356365963,2147.244038973414,2831.2688363866664,1216.5096960236917,3262.575217306593,3979.6372660744887,4259.140372526296,3445.2157145183346,1196.9616263736586,4506.376775225833,2117.0886677789485,696.371667217178,2782.5439544680153,2323.354580139104,2958.18665391922,1873.9666857134005,4356.815294892154,3646.1674061214358,3202.851776214471,4204.435244541167,1960.3762934343856,4743.916655176913,3508.459167670319,2489.642557681244,2396.285876354724,2348.1704347556033,3629.226574603548,1926.9075601516224,2635.985346612744,1984.8283648458773,1503.3699929899483,2336.3301079781536],
        [3141.8555958897296,1446.8312195137064,1773.7292694660243,2540.2227714399305,2663.333628993573,2233.3203507386443,2718.3762078251743,2555.800126364975,1216.808853468636,1638.7624795142747,2739.9796483595846,0.0,1657.4676758774674,1140.2089627631367,1265.1708862152407,1999.4369086243266,1353.679931535242,2243.9182983518676,1697.0369832652223,1327.5144099877257,1045.0679034743218,2390.001459072363,658.2019491602219,1121.8975943336657,727.3770189393362,2076.75751956247,2361.0367667151636,2373.3366442221345,1048.2212913902003,2826.2505399745987,1332.979605607034,1457.6679465938275,690.2846124570409,2850.7044367777585,1058.904669537822,1030.282604220211,2001.9080459290742,1392.4476084374137,1624.1940794130956,2800.835827094377,2233.0854620155897,2287.26854232662,2596.816889251502,1618.6439553820273,1257.6610161710391,1849.0976184549295,2822.8347020748506,2861.0747370696445,1911.776080287072,779.9191694866204,1616.5615859176614,2785.8654634673244,3185.4848146895206,1046.9744825162218,1953.3216338032346,3457.9182485976926,1528.3509522416368,3307.097232461572,2569.9508791490002,2165.1152076152953,2698.9091400060797,1706.7182580728806,2432.8631470713003,1610.1424193096552,1963.7024565307725,1658.235442790853,1974.4590281893622,1231.9603977606303,1524.4108006077918,1776.3747970757713,1644.428027698748,2876.4053213108773,2376.636244136501,2023.460155529391,1908.359644658506,1527.4691522093572,884.1149621751447,2921.6061740874497,2229.8060525645747,3226.984973455452,2158.7755095533053,2068.654474047466,908.9433662122705,932.5516392742188,1996.4782300686384,2257.697160316082,1949.189182568715,497.8052888259832,1466.315357459994,2278.019885617719,2199.317883093019,1805.2909471261084,253.8491447513508,3774.6380871948018,393.40867312385166,1933.8690805230763,1437.1779082579812,1740.0489087939088,1942.035902260077,3138.230467567097,3141.8555958897296],
        [3912.4446119637587,311.2331422115964,214.51282490320807,3127.3178938604983,1828.1358853421827,3844.462123423103,2447.7364231245997,4186.308249452292,2474.6603397170607,2801.02885673106,2355.0865544827225,1657.4676758774674,0.0,2272.7843830911042,466.4223784441318,1555.2196437002,2403.6869618450623,3313.421514491046,2146.4563605168223,880.2565877890016,687.9341129376329,2340.79358595055,1320.4900668333632,2497.126992509158,1476.3201325316309,2657.9979832974877,2332.712514809455,1933.4717210778667,1944.3118676243023,1171.570667116862,2214.1955776878785,3103.1208257729304,2331.4502451784733,3767.955729794925,1247.427897455327,1848.467430192842,1232.627053414755,2531.3274301985443,3190.184000144748,2044.6755974471678,3552.074981811016,2631.7637906738705,2821.9978241390795,3258.858579699972,2866.3079383972913,3475.3949027073763,3419.8337877984654,3077.5113533906097,3148.336880902416,877.8001038415774,2733.5576494069796,2141.3404476478777,1734.7870388596823,2238.196332189541,3525.1125452642063,2060.8673917160845,2649.8665691507817,1887.0117098405372,4109.847881309858,733.2799223725274,2811.0278898116444,3053.615052511194,3957.6513127375656,2359.5461660222763,497.5558499529088,3063.310672786835,1711.159159332518,428.6745940356996,1989.1055751534311,3427.1673385801396,2710.5084520192904,3960.0429432770734,2778.3377677059625,909.2217394949549,1738.78551839484,2668.4675745887557,2517.9491083609078,3176.1967413867465,3876.5308457838914,1732.2622303106368,2169.397471969488,3352.117281183942,755.8154666278353,1047.6300021449263,2846.2440643857376,3915.1592743581564,1319.3904654926127,2083.5216056166605,2769.703934894278,779.6278768462116,2723.3613787968734,3397.8002211389557,1505.7260152092517,2280.4613242776745,1461.2695080223773,3532.8970919941694,503.1981536343057,3036.5504582517015,480.2763032362219,3481.89768206917,3912.4446119637587],
        [2003.0237411831756,1973.2793751041993,2287.05407398468,1454.1116690236975,2405.9960348648583,2519.7529816999177,2067.7504126901076,2208.0160062696827,2175.839144891989,544.276555241711,2159.1122432339203,1140.2089627631367,2272.7843830911042,0.0,1806.3889235790264,3078.6367600401527,216.71990750221553,1127.3874243622765,867.2594425039255,2313.4468481128683,1593.4592548087528,1671.7695606635684,1762.0396524849634,2015.1394866353692,1861.0328422532184,1043.1499743693073,1636.6288260483866,3471.5692636371004,2166.8317176790706,3379.792756847709,326.90181508229944,1735.7462170255087,1308.1962833770262,1713.805116723028,2151.137493132895,460.26215730542515,1921.878944615121,272.4897768787364,2139.081636994687,2456.9464265776323,1279.4763732876638,3417.6133001795233,1669.5257267641964,1889.435545953217,1755.4467935138323,1565.9477379139405,1718.6679053406822,1904.0709970610833,879.2973413814939,1570.306760244012,497.0997409689612,2368.666418429109,3319.457054975881,104.06824980209062,1455.0743085576107,3507.210195221618,2513.4016096491146,3395.9602978084336,1939.9000217730897,2948.9099020298254,3837.673618371542,796.6016220316739,1777.4981295636699,584.8674563619503,2350.6372442942525,2410.9974688638,3081.410996718564,1884.3497596687478,782.2009853376991,1668.7544029650846,509.7680883151632,1777.3619442734682,1388.5899131879148,2927.3712795490933,3024.3661433375273,2502.6377299141013,1433.2033762532703,1939.9561342422558,2347.82477387393,3403.152919208966,1468.1718565609415,1079.6200808671615,1602.6497165804928,1964.617035209811,867.477037060401,2203.9199945407163,2985.9235367645824,1378.847709075226,2347.0115168460875,2604.7557463276808,3310.6997515153985,1393.81518637696,1026.4899255564144,3899.1171230188934,957.9328845359958,1525.2972976772141,1840.0458662895921,766.0030120830735,2333.331983319218,2101.333729337158,2003.0237411831756],
        [3487.132286398565,185.1259250879224,519.029358630411,2715.986344000875,1736.9901048322783,3490.8092318484896,2194.086163873195,3751.4880852731326,2231.215167039628,2335.666078722258,2130.673440042248,1265.1708862152407,466.4223784441318,1806.3889235790264,0.0,1735.3641108533502,1939.2794366404348,2854.6112247653737,1726.5533985971585,929.4531339761603,232.16490983529064,2024.8614807680262,1082.3124547926927,2220.324541547859,1260.8557950356733,2237.219734231702,2011.4448832730463,2141.430543057124,1763.6236560905315,1611.436481008886,1754.6681364521337,2722.8379333174266,1953.8619375858643,3324.72478086549,1154.7764177888641,1384.950556702546,1064.1349846817586,2065.4956697859693,2857.6545791173885,1932.9095833264446,3085.6535773224987,2652.4998052749534,2464.5208395715163,2883.4755030945494,2510.772163344858,3041.3133892792684,3012.0747187447264,2728.7315743493346,2682.349914920219,521.6165740963489,2269.137811931015,1992.6279860759255,1955.7772129299344,1772.1133229051534,3075.744919523802,2252.7427781116617,2452.355359673794,2090.4917880020157,3653.352214879144,1168.9849299565735,2904.3483679212063,2587.88890913213,3499.716777288223,1912.5623734435094,701.8649010536304,2790.5696182908887,1848.8310486419753,175.37938381601742,1560.0301451875423,3008.528467146774,2247.797140354325,3503.737519182149,2387.6040800363708,1251.7060776616102,1849.8834574447937,2466.0842535693823,2146.0116274531483,2822.234911847977,3494.7429111119577,1983.1941909065747,1830.9645765647967,2885.7886141566073,368.8094628626595,902.109539812904,2399.3889781555213,3510.0541035624947,1536.094180652711,1728.238002966721,2522.8611320590535,1019.6043178889861,2697.6603328990136,2953.5016110999113,1082.0472357817243,2535.487010372705,1019.4794888537706,3089.5847675023524,235.85266082629798,2570.1724481801093,680.0010121472881,3117.2840558790904,3487.132286398565],
        [5018.150485897342,1732.835983929886,1761.80365068517,4311.0010514442,3381.734206620772,3528.8969068131073,3928.8176715394757,4335.986786238646,1928.1272917493554,3609.890690648551,3859.6063973765054,1999.4369086243266,1555.2196437002,3078.6367600401527,1735.3641108533502,0.0,3275.0117756088353,4205.725213455211,3336.27093992647,831.9662973955451,1785.5046901551623,3751.3105894312807,1341.2634916052743,2071.700140524315,1304.1422470180803,3821.791754133906,3735.689622241678,412.6285331811902,1367.401541435238,2072.233419636896,3177.4475655861775,3015.7742883668748,2383.372952191071,4777.641787453557,940.604396320719,2802.028125759128,2758.5889706439953,3347.576745050132,2857.5860687458435,3596.084433702037,4232.477401709832,1240.2642618360508,4157.074583743025,3123.123944780451,2694.774012764404,3681.2274142832653,4608.949834559003,4426.803395875684,3903.6779498145484,1589.6517061766988,3574.2094935464643,3683.829028227381,3123.432836134897,2999.9282935625347,3865.282110039567,3465.7877529309226,1892.7149383791198,3287.6838905442787,4490.479125678966,1200.181850544038,1289.8396021354843,3706.1350741736906,4369.327520936416,3412.2053209784162,2033.4409612884492,2501.1480890085363,214.17177632414734,1561.3568574856201,3154.137915539994,3524.7244180536227,3586.8334965917543,4852.173361088017,4035.7219446939844,801.8229463097472,306.8993803566318,1924.1279267321625,2497.129342927141,4514.012024676127,3703.011380190593,3077.484864402985,3547.8754854139324,4066.814881722268,1641.5937391933633,1116.4463541237355,3870.219565620062,3874.425336304329,256.5124210465834,2105.470529975197,2164.3027548409655,2253.957812544181,1428.8794699303785,3699.868519849388,2054.2430100969336,3574.479311010461,2124.3832496936598,3812.400405959865,1932.7818302257247,3737.143437758238,2019.766038095294,4792.924752900093,5018.150485897342],
        [1788.2751194826005,2098.363868425943,2401.5999181259467,1243.690715973,2374.649285942706,2659.867891498274,1956.6439013917288,2243.90868947596,2387.832106393969,401.397990154972,2062.3275729221127,1353.679931535242,2403.6869618450623,216.71990750221553,1939.2794366404348,3275.0117756088353,0.0,940.299507328978,761.8546658768763,2498.2211518863937,1736.0683059331232,1554.525777937097,1967.5878536886114,2224.3089669273995,2071.41932425885,851.9884524353685,1518.9081228663083,3671.106790282173,2383.261409289602,3483.784965475167,248.3124832682616,1893.6975187329501,1512.535278353888,1507.226574071972,2352.980178186182,555.9069165524098,1942.19553775,158.40421887379935,2314.606435405353,2406.116052979757,1172.858149235528,3633.656369800281,1496.997956377653,2041.6267189892985,1937.3868260459687,1639.619557386742,1504.2235248615293,1720.8674868513908,754.24896296431,1744.128424066575,329.8795301258302,2303.9634654461934,3348.4499120935484,318.58487077421853,1485.7846923940713,3517.7668042821165,2725.737839832626,3415.43477653105,1915.8696753278196,3096.217197785221,4052.184894850745,744.0432866580209,1751.8954737615559,422.12015712557513,2442.8240428790123,2606.5151130739578,3283.5127935179207,2030.5417733613772,721.0493220848622,1771.1628178426583,317.11613427587656,1594.613439377931,1204.3267039210539,3094.3486841683853,3228.6349597261005,2714.429046656182,1628.8935610771707,1750.5026946946346,2466.2539293138093,3438.94453098351,1366.019695900487,966.1458868707758,1763.8248152792594,2159.044556336753,650.8427489662545,2297.3104330558835,3174.76772847824,1593.1392911872506,2553.2768674421745,2680.8551417113126,3527.415832130779,1449.2029040176672,1229.0573894368304,3919.6773949476387,1150.6751674015818,1573.7042178014533,1950.6008467620477,684.0943496369437,2426.6807785709725,1898.5272372306201,1788.2751194826005],
        [1020.7230542642073,3003.833427242667,3290.6381256098653,938.581010632254,2933.1126818370653,2950.595770318379,2248.390110193841,2095.628560852903,3124.883769621318,605.9425330053602,2405.5257837189542,2243.9182983518676,3313.421514491046,1127.3874243622765,2854.6112247653737,4205.725213455211,940.299507328978,0.0,1321.1196023173209,3437.3765598056643,2661.635763736686,1872.6913541199544,2882.9866984828195,2938.5686746797373,2971.079417752001,964.1098516071461,1840.8699459105985,4597.134168921547,3227.867113208518,4347.043555582041,1099.947941960926,2329.6059016092054,2222.8530660469773,643.520109299027,3275.678973037621,1475.501308565723,2665.2488219992806,858.4887405760516,2808.1827247767437,2898.2694577989005,616.4701250174372,4478.640121462928,1520.0655235549063,2436.5622163301537,2489.7925594424405,1742.4222632055648,1028.2762179174915,1617.3471320510475,444.5754749170898,2684.3361130415337,631.7590383122325,2753.2225204552924,4048.836151455599,1207.003136804928,1442.8374811301478,4163.730500608493,3459.0726592491287,4088.755716280925,1550.4665222902659,4020.214486939653,4917.3915084163955,739.4506847130062,1407.4709977855302,988.0898221573253,3296.864896411154,3205.505666306568,4204.959450586171,2957.26940020031,1407.835189468783,1973.719556004249,623.3917129435115,654.7019336514066,1217.2362926831213,4032.108518634463,4145.2430081026505,3441.862574126896,2279.108189295976,1586.516041572895,2666.3051271964914,4155.318985994,1779.3117777953369,498.21023713282466,2700.7120786136056,3092.0012429031685,556.3541500442586,2397.3433314075696,4112.2051948435565,2380.5193103323304,3232.780481777459,3501.793906409458,4345.076947222466,1517.1679097922763,2152.1960928824824,4586.645654100825,2084.775440599457,1584.1902002003792,2839.7886641561863,635.1772738153004,3282.921256258487,1566.5717651598345,1020.7230542642073],
        [1766.0056094447136,1838.5239864546918,2078.2382209941447,990.7921089589717,1658.1231882419975,3386.2134444995318,1201.510494550914,2997.244186570231,2880.5035450230284,1054.8481311616274,1300.9830986538734,1697.0369832652223,2146.4563605168223,867.2594425039255,1726.5533985971585,3336.27093992647,761.8546658768763,1321.1196023173209,0.0,2508.5331767904104,1588.2559538244525,804.5455074131041,2167.9288609374535,2747.6292718470822,2316.808756885897,511.746960007156,769.4618155062025,3747.975553836042,2732.1578113749406,3079.2554820400073,542.3557440119096,2596.1616330615857,2087.3321791650874,1648.0952451572446,2496.2218061100925,672.6665859241585,1345.2657610648068,908.8271219285913,2979.7473292071377,1665.0879747094457,1780.8210663735993,3934.0487092404046,899.8184745315414,2752.5850534970577,2588.7134034521314,2401.3440980764803,1288.3329862705652,1165.6189165027206,1368.6564206900885,1748.2884684959456,962.3276768969663,1551.5093783546506,2729.9930353902723,949.2663776719244,2240.1461428045272,2858.110666932944,3207.6083990515704,2775.115423940522,2624.712091302879,2878.58556158554,4303.301783839752,1460.3779211911424,2461.597284721899,381.13561915376926,2034.705592481319,3203.8937171681737,3393.0079321349035,1868.2798285500176,184.26625738460044,2526.2446345888548,888.6035182353598,1908.6988546870143,706.5792633376052,2974.404795894638,3360.1353923854795,3202.8127105605595,2240.0311132212146,1231.5042067422667,3213.0103800661577,2834.8925835634905,605.1999567358947,1578.1251800758785,1700.0679443318072,2255.1769418722606,774.4557516400993,3056.239740866956,3183.7420308080054,2082.9781137641858,3092.5647438489773,2208.1330757236174,3876.1915409782346,2210.277589268827,1482.3090234211645,3275.9391181130845,1352.8256252162466,2333.2702981634648,1645.6356622324213,1374.5666971260018,2023.5022544111596,1475.3643458970723,1766.0056094447136],
        [4209.966838308434,964.9214731216429,1093.3565933231487,3488.301594472312,2640.143528452343,3251.8699664118276,3118.3012423799278,3837.1284838494726,1738.8224936881602,2854.8013220860585,3059.4162600503537,1327.5144099877257,880.2565877890016,2313.4468481128683,929.4531339761603,831.9662973955451,2498.2211518863937,3437.3765598056643,2508.5331767904104,0.0,955.7443113378353,2925.5338374450466,723.3901410942804,1809.8735181578159,797.6149742276099,2999.1621611065343,2908.975024111477,1244.5574272126858,1159.5964571469976,1799.4871509319382,2379.4035501811845,2600.4185361573636,1869.2488778330846,3986.928155638407,439.32287704154436,1998.685055073456,1984.6505625940533,2585.6774619168864,2572.4948164038333,2845.0326947733693,3524.9273700270373,1759.9465501690431,3325.1786619148993,2736.6567035469484,2312.3859053755878,3144.1628005993175,3786.6902167214826,3595.036595959466,3168.3365675883,770.2559075788984,2810.2518379304543,2915.3249473753203,2600.7559495816554,2244.0896971402076,3275.213889303696,2932.6541110661346,1852.8319016029593,2756.9277356469115,3895.138628112865,959.6190590639601,1979.3252018861826,2998.684802971668,3759.792889704411,2601.682901453067,1376.290463931419,2346.784588936478,922.8917402932623,754.2842977960087,2327.372739262883,3033.1109388714203,2814.263232574089,4090.0030736373674,3205.6492483627417,714.5440689156923,920.4434939421599,1875.9269367043084,2025.7716207131537,3682.0603672801863,3351.5367303863136,2586.137670616056,2719.175813913191,3346.1112829158938,810.3662022706125,400.7108915112396,3069.404963111788,3457.942987171654,682.1432189824634,1587.6495384607088,2026.5617409540735,1655.7275501192769,1843.2757785241456,3121.8896657905952,1314.7257095240748,3124.599266011393,1357.5276145350806,3246.436035803837,1146.233753699408,3015.271806276579,1358.0872694406344,3961.376924608652,4209.966838308434],
        [3333.270543479519,416.91217436280624,750.9567895537037,2578.3754670184035,1820.2569160215023,3276.4543275521264,2179.297415539833,3519.375898626208,2065.2297777358167,2128.492129338586,2134.774993998472,1045.0679034743218,687.9341129376329,1593.4592548087528,232.16490983529064,1785.5046901551623,1736.0683059331232,2661.635763736686,1588.2559538244525,955.7443113378353,0.0,1970.851521331493,943.3893721772321,2039.7548883745021,1126.692809763643,2093.2682123213444,1953.7828200019796,2197.3187447791584,1633.5986292461942,1842.87925325409,1563.5428205674855,2501.5427711085176,1735.267368937866,3152.1815120856786,1091.0801731614297,1186.511249117731,1133.3211882748633,1856.6872256542877,2651.7753035253695,2001.9827337532818,2870.7592765121317,2607.344678910502,2374.2787668327037,2663.3591494907128,2297.8039917905044,2809.263396297776,2876.3602045808857,2642.9790237907137,2471.9996234591626,352.01592612797936,2065.20028216855,2041.6450156837934,2151.7029877239997,1554.1762144050542,2844.3947433088624,2437.810624105665,2305.1168642213142,2280.3215216223653,3424.0470580166375,1360.2492489451874,2892.59268387065,2368.0128101554037,3271.0562239060937,1740.477011474117,919.1220596454564,2608.1907437680675,1875.1345535965597,295.69305717764973,1413.661109852425,2778.1188819831036,2048.332363230431,3313.818614902345,2270.6866820957566,1394.3174449842672,1862.944947113789,2316.501992845996,1928.6324290482346,2731.8927049236163,3272.0990171035382,2186.8072024546364,1763.4335931986445,2672.80863078045,202.04289486824288,827.910900077392,2225.0570073685426,3281.864616826058,1609.7098767765315,1518.8603935649774,2353.027526513871,1232.9741355355497,2629.278291266015,2721.528669235134,852.884801562888,2737.033158563043,787.3859882038012,2857.5538340483445,397.96389916249126,2353.997289065054,897.5469588248493,3016.9868864716746,3333.270543479519],
