{
    "drone_dist": [
        [0.0,3903.0706978774697,2356.406735443322,3983.365728366574,4081.0017227694702,4368.929096133328,3373.724263165086,2518.736630608764,1643.9089247555828,2298.654641152378,4005.138000888557,951.893431069568,3251.8858932958246,2829.82219100341,1255.5064639720529,4220.557277701791,643.4497032480838,3042.829634663191,2288.3351560885853,2028.6938480412182,2445.3707579194174,3759.365249161477,2252.520524019247,2151.8486462109468,2999.1353777041354,3880.4494303724427,1498.841438908083,914.0285553097987,4410.229646707958,3986.7151468377333,877.947062206209,3526.550827596005,1929.018767039175,2714.446590114304,1883.5686211260522,778.224337649039,4139.622916637136,2322.116102231177,2334.400401054155,2964.5952020849463,4267.569453729582,987.4711994106938,1731.4610619813493,3449.544909772387,3417.6851417689904,4826.632128195515,571.9287326759523,4308.524964588271,393.01272317739625,2865.0194514025657,3510.899425471198,3269.7683892629243,2729.645240472201,3464.011155283781,1938.0274974955894,1742.8512377685388,1887.5244503463887,1744.353311394394,4416.723065637678,2544.8242481866387,2041.8916199725518,2012.7874571597492,3181.472278167179,3909.503446386151,4511.511930795761,1920.135606114243,4132.172098061309,1931.3472297068465,2525.478484742632,3388.6076216683255,0.0],
        [3903.0706978774697,0.0,2373.652280692798,222.97825540790643,1645.7089931088585,1170.0268191894106,985.7354906300787,1613.3907961392279,3708.1179422587074,2494.529843605824,2284.5792052207858,3476.671066847042,1362.3679850599167,1312.3045387756824,3612.017072664231,794.1218717833111,3763.353636318406,4597.18797052312,3094.231932605734,2271.820728416942,4314.374862077203,3292.057547288304,2925.755765328493,1837.0563812911967,3329.9245156181087,691.8368250245974,4521.483967976187,3186.2395783467778,1040.2866454679615,468.9621055704605,3253.7909514126486,1318.4619951988436,1976.116171630739,2049.4459901035502,2100.928184884832,4188.445757821692,1098.0734551302914,2638.7467326382557,1996.3863858253294,4915.996079011341,551.0961680138038,2944.062808154421,2665.61959778206,1417.2324319184268,872.3955161406589,1988.2345299209253,4303.23651841884,1538.0711451575494,3590.67412264187,2351.455664626204,2430.62028969445,2434.8357470390506,1387.1378787836934,3119.2792953018866,2147.614074817092,4353.536541640661,2228.100911533359,2158.8759119361916,2700.5122280799415,2567.79118697275,4189.309348221303,4352.669898625331,4137.498969026294,1401.5024737862102,1770.167797144505,2008.8245439452842,2754.365179609476,2879.0077625718286,3936.3826616530005,968.0229771784618,3903.0706978774697],
        [2356.406735443322,2373.652280692798,0.0,2327.2207706578265,3474.2453525449314,2289.931830065979,2496.651626800903,834.8506074967278,3213.3047293699356,122.10423688437346,3814.4698309523055,1520.3283116296125,1156.7696789674046,2136.653601986861,2890.4463135095552,2286.922406350961,1893.5893685251094,4603.233918325099,3196.1393816160735,452.0878202310489,4088.093039583657,4273.158235629889,553.0328119009513,941.5129255955975,3826.8421787920684,1987.1663767530902,2323.498851897656,1442.4515568753993,3294.8536470147187,2198.0381611849407,2250.7524175466774,2873.1297152883085,1399.5140307441877,2713.842786639716,941.2772316051056,2238.1934489229848,2065.413957382179,2868.3128112769364,2279.3843384641177,4725.920690502496,2475.6769798482733,1822.9252817869126,624.9487243579691,1281.03223327232,2455.6117833125068,4095.834368860066,2491.0313438512294,3546.9352534572363,2253.1956531005644,3071.795308378563,3586.3337603612777,3424.70441581277,2078.731595523039,3987.7519832781704,739.695059868631,3685.1358201902967,1993.4407227738118,1367.7042272762164,4307.032257217582,2987.0803665449084,3770.8495914732644,3848.6273769502336,4426.924329740719,3212.9952227497915,3800.9042777248633,1561.4433419709799,4174.261060752621,2759.998665990179,3911.975944415465,2498.6083610696464,2356.406735443322],
        [3983.365728366574,222.97825540790643,2327.2207706578265,0.0,1862.9820660850849,947.6545793062385,1198.5223292070145,1611.0978010345825,3867.3127710944077,2449.164345058942,2506.7007496681035,3508.226193202292,1256.2405373699553,1487.1624008904505,3754.315467549507,571.2194288900904,3809.1168339751066,4792.562332884349,3280.3492602829037,2268.05734131032,4496.123343621901,3512.954117506701,2874.738192080603,1876.131681054652,3537.3519882529986,502.3596841042049,4530.409169395356,3233.798932904353,1214.5408619176008,256.1478660337558,3367.871396339075,1540.190512057694,2068.0199627445995,2246.4307647137216,2145.6636057339383,4230.259090424843,884.4838175975736,2824.1263403906087,2166.0460804970867,5103.780131736287,347.6289605006226,3040.09038976326,2666.9556031422107,1280.3128424390397,1084.9036423466614,2174.7730379775103,4362.071881586719,1743.8633191653057,3684.350617762687,2557.3888906655548,2651.5612187520733,2651.874872703399,1555.0004640184188,3337.2557168598896,2171.8167242147592,4508.981973642101,2367.6935008175833,2245.119472740029,2919.45766491494,2762.4245812836116,4358.916170005088,4518.6224686369205,4342.28321660046,1621.8337539450831,1970.0720759511282,2116.152582695657,2976.81857915506,3048.0258471823295,4125.519376482473,1181.3328285546113,3983.365728366574],
        [4081.0017227694702,1645.7089931088585,3474.2453525449314,1862.9820660850849,0.0,2805.2596995706385,980.3289498900018,2643.191414423114,3202.914752648565,3577.342471872766,701.5214264331837,4036.3288855170476,2795.5840957230776,1400.0590687571523,3290.8988031210283,2426.9637153021527,4202.284138107738,3582.1845133946895,2348.854568821894,3183.1386716142606,3494.3904164613587,1869.357288246372,3995.7290848473613,2614.50064294596,2221.6380248682967,2325.5685554508773,5146.611514094099,3673.6051309675872,883.2699791618579,2114.597530924618,3236.6395945061095,615.7496628956274,2398.724934462662,1411.207691881289,2784.238631854702,4619.307809007191,2743.6631468873334,1990.9122451372557,1746.603340070186,3984.112046835757,2130.421502077445,3120.5458604398796,3495.097424812918,2924.9085862811185,1037.6095119134736,745.8819004023735,4606.172963163418,306.71089130283156,3697.3456868145518,1445.4839847670653,1093.200795210535,1240.8318622634076,1486.3912941834778,1800.9653335511998,2935.1622176002397,3826.838193261363,2200.0290809777985,2568.963044576369,1058.7471704324732,1801.663931720043,3522.458451717751,3713.580802654356,3009.7433661494524,269.73613349504296,434.72964365037296,2312.5743850182193,1166.1759535258486,2386.2859530155574,3051.5411434853713,980.3519440409096,4081.0017227694702],
        [4368.929096133328,1170.0268191894106,2289.931830065979,947.6545793062385,2805.2596995706385,0.0,2112.677762365699,1850.250368742705,4556.488159066557,2404.573571297668,3454.354279063471,3716.6840818205887,1153.9671745366575,2293.335318846039,4382.204921679203,378.3153663048377,4063.392926859419,5612.204101334837,4077.070137713104,2414.2578748587134,5264.082528092485,4443.502612392593,2771.564432740269,2227.1059157278023,4411.322198875435,595.4844837068437,4612.374977269786,3517.5426184297166,2087.2546732065884,710.3882728398961,3899.9684135196762,2478.355857787666,2583.4542272532217,3095.7246607471075,2488.954000411495,4455.723792011221,231.18407374812443,3624.7154462541275,2929.5767870594937,5891.342337887557,694.6751143693652,3516.551471874032,2799.670084993284,1009.3520476617261,2000.448191620002,3050.2885232205863,4652.698116556468,2666.137461174504,4130.109426761726,3432.9101805722853,3583.633579559927,3567.4926123018527,2338.5431899148243,4254.612332520295,2436.303271651387,5175.141205330109,3025.607960345937,2728.2492060603313,3863.453622192091,3596.1571293397005,5081.294013936524,5225.224321769995,5201.858099567163,2568.3632948563577,2878.393845864334,2679.9108994256544,3924.381756839536,3787.1694996347,4925.04554854998,2097.1113763359913,4368.929096133328],
        [3373.724263165086,985.7354906300787,2496.651626800903,1198.5223292070145,980.3289498900018,2112.677762365699,0.0,1663.9328629592471,2859.022530911954,2601.533389574833,1446.506774524321,3178.4323020737893,1857.4678893438813,543.9350648367478,2830.183996108621,1751.7857494722339,3389.715865141111,3631.3948472096986,2159.1895277971757,2222.518338797955,3384.1343204172586,2332.6674932785386,3023.6356939652874,1662.3733814144316,2346.089185774781,1549.6772074089786,4283.679835042115,2832.2207208255027,1037.2660917757566,1405.8363491360872,2601.3418454406283,417.14434400127914,1529.1449782420405,1092.9528333951873,1857.7363812348308,3816.91656043654,1992.1929368911835,1711.7898707135696,1158.1530166129462,3967.19546767201,1536.8239009970437,2386.5684677578306,2554.420269968133,2010.094892862421,113.6201005902164,1621.8356435430553,3854.3490823585644,1065.3776667138752,3014.120701154404,1370.5689968144206,1475.7669568702943,1456.4048592257882,644.1249976092244,2143.216348807479,1990.6587861269777,3509.9429810444344,1517.7443496276737,1713.9400566871204,1918.6326973479306,1612.0489867714525,3297.96890416161,3472.2585315281453,3156.070025010411,716.4702670182885,1314.858274762384,1481.327171870239,1889.8818966876067,2007.9983053357205,2987.2794781528246,19.44911102286866,3373.724263165086],
        [2518.736630608764,1613.3907961392279,834.8506074967278,1611.0978010345825,2643.191414423114,1850.250368742705,1663.9328629592471,0.0,2913.7680058457654,944.2539475160675,3013.1613081455353,1916.5660677997855,761.8797759572082,1338.968533205587,2665.7502322743335,1724.4758822876095,2240.973750562446,4181.659676135087,2680.9485887460814,658.9351747900921,3728.488033535605,3575.511384434629,1374.69922452666,404.58559001662167,3229.6794903087134,1388.6861247933728,2919.3519532709915,1679.3764759385485,2476.665493941443,1540.9583973447936,2109.601361189293,2047.5016532321715,880.8928076951153,2006.91682258181,644.8153608758954,2650.4315051120107,1620.9064223119337,2289.2775694970364,1621.0813237298962,4374.340015285825,1829.1963303697328,1700.5812748263768,1056.109903894342,978.9764969790904,1620.913856285496,3261.3426613535953,2819.055652014036,2712.086277942473,2290.4220051691573,2379.1126404977954,2833.0154918326048,2695.033954696782,1294.844304346708,3305.5903580438585,591.6717690797009,3478.971804690935,1466.4201390527708,964.3919988422977,3504.8364474402006,2363.194762625295,3469.2471944150343,3583.218113658744,3911.116522512842,2380.387416160648,2966.0632019562577,1028.3610124201516,3394.8256329829055,2285.909322913449,3475.7503053878067,1665.3606399557395,2518.736630608764],
        [1643.9089247555828,3708.1179422587074,3213.3047293699356,3867.3127710944077,3202.914752648565,4556.488159066557,2859.022530911954,2913.7680058457654,0.0,3215.6104461095288,2878.1761684221483,2351.8791455863943,3651.394814232979,2401.671699657262,398.4293511396752,4290.0532181250455,2196.087228873601,1462.1295426815443,897.8367683171894,2769.313015407078,892.0596450480357,2286.6981807740244,3372.108422246022,2518.344020070379,1475.5669780506116,3974.7150372390674,3140.471995157692,2076.5748667387666,3814.841130897286,3974.4891332051297,1028.4361789395184,2810.269105902892,2039.2198951514436,1832.9571726349218,2349.376618298802,2421.5228151074784,4354.123362814938,1214.3592538435375,1718.2289738701043,1515.7292296348721,4207.423332244517,1416.4634633939186,2688.2864722228214,3873.8343119017395,2948.177719105864,3910.1313755810365,2183.488802981854,3490.3177207950566,1342.947900426328,1765.8411279253987,2316.1242963887285,2081.0644387927246,2321.7659084569937,2022.540530172181,2521.293368795347,650.9610487530251,1530.8884819149032,1954.4889689737515,3183.0699194374506,1403.579825177026,560.4344788548891,672.9856912724282,1537.6198082347987,3126.458119156689,3626.64321116567,1909.0667129421017,2851.551191937824,852.7660113149777,882.2352857055711,2878.112675507511,1643.9089247555828],
        [2298.654641152378,2494.529843605824,122.10423688437346,2449.164345058942,3577.342471872766,2404.573571297668,2601.533389574833,944.2539475160675,3215.6104461095288,0.0,3905.2224921039847,1439.2475788286147,1276.0533232311286,2229.3839178783946,2883.656779807769,2406.8290659567065,1814.66773020419,4619.1942459345155,3232.121914643386,488.4556585798838,4095.7793716569845,4338.614844641239,434.3522501472419,1018.7260031772923,3874.347346502635,2108.4496987384414,2211.7089062688633,1387.0148865982842,3411.031334842819,2320.024232763217,2237.6058815022666,2973.555592938395,1456.0380590908892,2785.2351127175425,989.3109700873122,2147.7903560450227,2181.0944699763663,2916.455342395742,2344.433746571287,4730.524660207456,2597.423591017945,1813.3464933396053,574.335430785507,1395.2389859446403,2563.03178129236,4205.305041971979,2409.867315406636,3655.128693327058,2214.1973149856294,3139.1424229677627,3664.9611092572904,3498.4745653561677,2168.4212939965937,4050.6376423840807,786.4481100428412,3671.23970377218,2040.4861206921576,1409.525795376347,4397.647847197058,3042.2673733038487,3770.8194261906406,3842.8429485327015,4458.806252549865,3317.4128141245883,3908.734094404462,1616.2097611382387,4258.468080846947,2791.899297050907,3932.3143691324613,2603.961011612093,2298.654641152378],
        [4005.138000888557,2284.5792052207858,3814.4698309523055,2506.7007496681035,701.5214264331837,3454.354279063471,1446.506774524321,3013.1613081455353,2878.1761684221483,3905.2224921039847,0.0,4124.735329723973,3301.341229506637,1678.5014395196001,3044.133318282388,3077.2680072801227,4231.586563151836,3015.306150100913,1982.8286202121183,3465.8618653918893,3012.0521450957526,1192.4822008663825,4299.805310888516,2895.8195595549114,1676.1828984705855,2939.962750595529,5219.2960175305225,3751.962634467137,1583.2423216820553,2750.2807309544996,3130.233192244146,1030.1566836220177,2571.114782074492,1309.3718505232905,3012.129832080403,4627.161582341356,3372.117509261627,1730.0443132276478,1752.8123821142835,3439.3243482107564,2796.6553948787273,3108.42571699442,3725.0463339161756,3456.596992308381,1538.6302018954875,1131.129063557133,4560.038497867458,968.1348432177026,3612.395598330341,1155.9813589860012,567.3964128239393,797.1129168676547,1736.8428259333155,1175.8000464620693,3189.185765083572,3457.6886087831426,2212.655217224603,2713.346580314881,492.56631438265714,1510.0275023100237,3106.0292365282976,3300.5020745165452,2414.816537493148,892.9842396394943,940.7892319694009,2449.826794798839,472.59607657089936,2145.740065276936,2561.113920091064,1454.811820036482,4005.138000888557],
        [951.893431069568,3476.671066847042,1520.3283116296125,3508.226193202292,4036.3288855170476,3716.6840818205887,3178.4323020737893,1916.5660677997855,2351.8791455863943,1439.2475788286147,4124.735329723973,0.0,2564.470900232022,2659.109087868441,1957.4346557537724,3633.766023179328,376.48643878383274,3811.1352135419475,2754.3861875649027,1302.5080200811692,3225.796329769481,4150.41793837083,1320.187120134758,1639.6936473772787,3480.481046560246,3301.885691767808,1110.4568498827712,373.474487370787,4173.475205221835,3456.263833236401,1346.944655451404,3432.449124521955,1651.2278376883062,2823.807662724784,1379.9718789224444,739.157510569397,3485.78547856039,2629.7980091798936,2371.923869727642,3800.6010133963036,3744.4482882588873,1097.2838702164624,924.8865023248572,2735.5387163734867,3191.364753734213,4760.504294897503,970.9418838091096,4211.273016143765,1045.6589446842136,3077.1559323891297,3713.055645368947,3489.9820343577207,2564.4225787811624,3845.8277423260165,1336.9347162612985,2609.9546203180143,1914.8167566725044,1471.5941244721619,4585.528919012434,2829.499340484063,2839.90464490637,2850.1343990470914,3836.8581438108936,3820.203288517184,4442.757674570295,1723.9881288941658,4350.593387602423,2322.1369503717897,3209.586609770224,3189.19871927895,951.893431069568],
        [3251.8858932958246,1362.3679850599167,1156.7696789674046,1256.2405373699553,2795.5840957230776,1153.9671745366575,1857.4678893438813,761.8797759572082,3651.394814232979,1276.0533232311286,3301.341229506637,2564.470900232022,0.0,1743.7036655544755,3418.8820394381464,1131.3039568612778,2915.043429785926,4866.228070824659,3339.1834952057934,1263.1245021047407,4441.592627629247,4052.009256628893,1674.4021774755988,1165.49079328653,3818.9789364261947,846.0314923112779,3468.1930570514382,2378.7404270176526,2382.258270580976,1080.4883219171893,2871.3121004133454,2274.4747612093747,1612.7066317899357,2524.7215526456216,1401.9733658655623,3303.1659799613094,924.0565178558079,2917.4969755368743,2215.8812194910042,5085.394627305508,1342.4161120211202,2461.9029066708845,1645.7732052809552,222.50821321169036,1774.2922121642896,3288.8911193102153,3507.6385350518744,2780.182670341412,3042.974911528635,2897.380656647221,3242.5365621950673,3149.8274956858854,1740.1426691970873,3807.861828670663,1314.9271696738547,4230.470315669757,2159.5182550811,1717.8027097146473,3776.0936528493176,2953.401156723592,4201.7664053608105,4323.51216325041,4548.043116043126,2526.38644661773,3030.978663169541,1744.7142607963342,3732.2731357290727,2974.7689797950743,4161.039386277786,1850.8040975713286,3251.8858932958246],
        [2829.82219100341,1312.3045387756824,2136.653601986861,1487.1624008904505,1400.0590687571523,2293.335318846039,543.9350648367478,1338.968533205587,2401.671699657262,2229.3839178783946,1678.5014395196001,2659.109087868441,1743.7036655544755,0.0,2333.4035278074243,1971.8673438943445,2856.277361402503,3323.508804056618,1797.6264181504496,1803.7317513894147,3009.3217654255136,2308.389200812206,2631.663780516889,1231.1324996482915,2133.0932375371613,1698.805142336026,3768.298367859565,2305.7479141999142,1580.6832491836237,1632.8339077774044,2065.227714959985,784.9722125232803,1008.9380936978534,811.9238409129586,1385.1947542251269,3281.9438076999973,2128.5928084536104,1341.6220983994303,684.9371333556171,3620.8831774813925,1833.8072725089248,1842.6339912083838,2098.3885823427545,1935.7300287493006,594.7011429614778,2105.3251591540143,3312.237168426284,1553.0620129526399,2471.372459537299,1171.5045392936026,1513.592295574636,1406.7651923159676,100.19069378255804,2066.602381218588,1542.470321686636,3050.0705248741274,984.8595427119357,1187.959830554863,2171.011673361972,1302.8786558366212,2877.0140270553093,3041.0929571782976,2911.535543932463,1166.6839878990718,1789.0602877498345,945.23917402321,2056.682290315428,1566.9729977838106,2645.3689308505054,558.8121297446517,2829.82219100341],
        [1255.5064639720529,3612.017072664231,2890.4463135095552,3754.315467549507,3290.8988031210283,4382.204921679203,2830.183996108621,2665.7502322743335,398.4293511396752,2883.656779807769,3044.133318282388,1957.4346557537724,3418.8820394381464,2333.4035278074243,0.0,4139.197963851082,1797.7746225595613,1853.7396207453473,1123.688385754002,2455.2817278094017,1272.1026746003938,2580.962851754911,3014.099197215337,2262.928593720965,1786.908139116546,3813.614085589332,2747.8376394688557,1692.6049807618783,3827.618632219956,3838.1832963091433,656.6583193024775,2839.994636747045,1814.158478378229,1884.4882155403232,2068.0665060557108,2030.8294795373643,4171.398025402731,1320.1454231913617,1672.0642714470605,1873.4183242557833,4085.984195961784,1070.5794063076,2340.7303521761655,3639.9567184301372,2908.831400881031,4019.4886635177404,1806.145502420475,3564.064131514947,944.7051968889185,1895.9951848459784,2497.573390412332,2255.285547646579,2244.483409378169,2300.400232453325,2225.805379571471,813.8459781661735,1386.6288116679737,1701.9351709732573,3390.657749026287,1535.2809595050464,902.6221588084403,959.237410463681,1929.2228810565293,3183.409034635664,3722.848232893838,1703.7009950745849,3073.0385563334576,908.7451831535335,1277.667663754164,2848.5724906202413,1255.5064639720529],
        [4220.557277701791,794.1218717833111,2286.922406350961,571.2194288900904,2426.9637153021527,378.3153663048377,1751.7857494722339,1724.4758822876095,4290.0532181250455,2406.8290659567065,3077.2680072801227,3633.766023179328,1131.3039568612778,1971.8673438943445,4139.197963851082,0.0,3964.8725531392483,5295.2995930544785,3767.0385328287666,2339.7260839473147,4967.829641128241,4077.6475531212413,2803.728232226877,2069.0358101367365,4070.584290643163,340.1752209338974,4585.443033070692,3403.3507269830184,1720.2829961167013,347.0826358536025,3691.958147987193,2107.959785278828,2370.1024942115355,2762.5267277945395,2339.0066282248704,4370.912510028649,376.4312695219184,3311.9656865167167,2627.974969060716,5587.946677529844,335.3721092639623,3327.518830864553,2736.956656347691,1053.4729424446307,1638.6946727042384,2685.4544805441988,4543.124582567892,2290.4565262174883,3956.914990385115,3090.189741441431,3216.754343075147,3208.1894094444333,2025.416724399712,3894.9547464243446,2315.7650450961846,4919.40010944562,2763.948439058941,2528.9277500617927,3485.13845732688,3270.379216704272,4802.991640451202,4953.506135966777,4867.916116178648,2190.3791315131048,2505.6610083725286,2449.8827121293184,3547.740113437886,3498.760917095382,4615.506857039153,1735.5621657022614,4220.557277701791],
        [643.4497032480838,3763.353636318406,1893.5893685251094,3809.1168339751066,4202.284138107738,4063.392926859419,3389.715865141111,2240.973750562446,2196.087228873601,1814.66773020419,4231.586563151836,376.48643878383274,2915.043429785926,2856.277361402503,1797.7746225595613,3964.8725531392483,0.0,3634.8681784709634,2710.826427058259,1652.3491636904573,3040.6170634556834,4150.603810918073,1689.6198327826824,1932.9855136653985,3437.992763028767,3629.6596204440925,1011.1704720404558,577.2127836835757,4405.228612709071,3772.131519965821,1257.6865050302692,3611.3014744193492,1865.3576804185843,2922.2679785296164,1664.227086642917,429.3763084659988,3832.2220252812695,2648.8145185611006,2489.721171551637,3585.2980531567146,4059.556119386026,1128.1296102383658,1288.8445058988325,3092.4214619857644,3413.142217529776,4937.8091742403185,598.7079430032098,4396.5915914338975,853.1638819909298,3139.749906134324,3785.630812215425,3553.695339455884,2758.374453302426,3847.879200920005,1651.6266725112512,2371.6425791975703,2025.3256855688505,1677.6728689827564,4676.4470165406965,2860.610770680147,2643.1463935280794,2631.092822641125,3718.074837694686,4000.3450446317547,4619.454414869177,1911.0393180520869,4421.170507931852,2302.2435032735293,3073.3351555445597,3401.964889629942,643.4497032480838],
        [3042.829634663191,4597.18797052312,4603.233918325099,4792.562332884349,3582.1845133946895,5612.204101334837,3631.3948472096986,4181.659676135087,1462.1295426815443,4619.1942459345155,3015.306150100913,3811.1352135419475,4866.228070824659,3323.508804056618,1853.7396207453473,5295.2995930544785,3634.8681784709634,0.0,1539.4277865212916,4151.9812386720105,597.6303242147106,1945.8276202505106,4809.863720315484,3813.4856131227093,1360.5898748477757,5016.719633164323,4535.126876892452,3538.196297475865,4384.419329678084,4954.831524837855,2488.5652740510072,3421.4891181722646,3307.337871376106,2547.7483426881986,3692.3021566707653,3814.7806721773904,5436.2961468487965,1987.8545317070702,2689.960140456195,451.2624583448874,5139.844244588676,2858.6250821534672,4117.352571672021,5085.749584616025,3740.3126394721453,4146.4313698091855,3534.613413090761,3888.584944621755,2785.841889521479,2271.1467330795867,2496.300423443539,2346.033114136529,3273.8747554789625,1849.7742966797605,3881.0374438003532,1372.9022741747813,2716.4614725497136,3270.3600017817016,3104.659762570579,2030.1491886595584,1002.9320029102419,1072.1295875438157,625.0117296632548,3616.934984918219,3934.6293883579933,3154.166816148745,2760.0972692056835,1896.3227963464228,706.1787270282091,3650.4786315113183,3042.829634663191],
        [2288.3351560885853,3094.231932605734,3196.1393816160735,3280.3492602829037,2348.854568821894,4077.070137713104,2159.1895277971757,2680.9485887460814,897.8367683171894,3232.121914643386,1982.8286202121183,2754.3861875649027,3339.1834952057934,1797.6264181504496,1123.688385754002,3767.0385328287666,2710.826427058259,1539.4277865212916,0.0,2746.9635825404175,1225.034959620144,1473.2104556150784,3491.0247406122476,2336.0983108594182,728.0319267998237,3481.790448747255,3715.0058331935625,2409.967711247416,3031.368299831428,3430.053224622654,1455.9259467719407,2026.5219608685336,1828.9581113435286,1069.178257969185,2257.631449366046,3026.617759435983,3898.2980903704943,456.2947710403532,1150.7244945191735,1823.6316604288093,3627.8685415883683,1665.4063311181922,2796.5061067598335,3556.837814592147,2261.849656158841,3035.430249406447,2859.211888421447,2645.5678988592754,1915.5682311177166,904.197750205718,1419.024131585373,1186.183631150352,1741.7589644251243,1183.4166752225515,2457.0978060638345,1484.9637510619034,1222.342466670778,1829.3079497642152,2287.9628058008293,564.4578494308149,1178.2062400883817,1366.9133467922823,1235.9633513334227,2303.188514151984,2762.3620277520645,1668.4171003155805,1960.6596730887904,450.42543918623403,848.5463079509256,2178.6276389546883,2288.3351560885853],
        [2028.6938480412182,2271.820728416942,452.0878202310489,2268.05734131032,3183.1386716142606,2414.2578748587134,2222.518338797955,658.9351747900921,2769.313015407078,488.4556585798838,3465.8618653918893,1302.5080200811692,1263.1245021047407,1803.7317513894147,2455.2817278094017,2339.7260839473147,1652.3491636904573,4151.9812386720105,2746.9635825404175,0.0,3640.1344448959308,3856.6116465679725,835.6207968363935,572.6189103765403,3385.9207699970525,2013.0506948436787,2264.730151308549,1129.183908443687,3106.0314190035683,2185.675777151748,1825.527508706951,2570.7770109304192,970.8535841539758,2310.759043421591,501.53009482195665,2041.6394616407724,2183.31295009636,2427.9996992145543,1863.8088825519442,4279.507904365465,2473.05216488431,1395.3188796826598,400.72553341895474,1441.6390910480707,2198.494169360864,3842.550670091921,2246.631864896545,3287.0514797402857,1876.1530728249447,2659.625115967933,3199.6448846616813,3026.0225341102523,1733.875392521394,3566.839092268821,299.0970538325628,3256.9299857042784,1552.0308311121184,921.4962607083527,3956.928573018749,2554.9506624273927,3328.198897346428,3411.060083681963,3976.259138931384,2930.787255807736,3537.3692417771363,1129.7099491080533,3802.764396562267,2309.1363329879555,3460.0317064593737,2227.4035216865673,2028.6938480412182],
        [2445.3707579194174,4314.374862077203,4088.093039583657,4496.123343621901,3494.3904164613587,5264.082528092485,3384.1343204172586,3728.488033535605,892.0596450480357,4095.7793716569845,3012.0521450957526,3225.796329769481,4441.592627629247,3009.3217654255136,1272.1026746003938,4967.829641128241,3040.6170634556834,597.6303242147106,1225.034959620144,3640.1344448959308,0.0,2099.2211587261954,4262.832260552813,3345.2281660517765,1351.5855438305846,4671.291765272314,3937.5867816317023,2963.929830191013,4232.337345981337,4635.940522357937,1919.122513960236,3235.6027884852,2847.6519069849837,2292.8958914377313,3200.008249582888,3217.170130774713,5075.394691550099,1677.0449454771087,2339.9021765393513,645.9866230763936,4843.0588560405495,2306.8370879803474,3576.4958464002184,4663.469085848803,3486.866016977187,4127.475256347011,2938.624746178708,3799.0596999341487,2194.0126124966973,2085.2392011304273,2455.6200683395723,2262.5868017847893,2946.3741021088736,1921.5802981584682,3380.8836523875916,801.0980753760491,2282.8758609711836,2788.539396434282,3193.029303066444,1779.3715983621964,405.9743642063818,502.1636718242747,925.4522757573043,3484.483447926586,3882.837549887458,2702.9449039003293,2843.411499798325,1480.2886083819692,451.0576698243408,3403.568512155037,2445.3707579194174],
        [3759.365249161477,3292.057547288304,4273.158235629889,3512.954117506701,1869.357288246372,4443.502612392593,2332.6674932785386,3575.511384434629,2286.6981807740244,4338.614844641239,1192.4822008663825,4150.41793837083,4052.009256628893,2308.389200812206,2580.962851754911,4077.6475531212413,4150.603810918073,1945.8276202505106,1473.2104556150784,3856.6116465679725,2099.2211587261954,0.0,4672.702046853827,3335.6574221787405,814.9132485366006,3881.19919818947,5160.959758369613,3787.79851586686,2748.1662688736187,3734.22355553178,2910.9797856650293,1974.3836753082364,2886.3713396327908,1569.5658855534277,3357.893217828599,4486.624440621787,4324.061919037845,1522.6834609034584,1994.2831273210395,2392.647374290884,3834.8491502335237,3054.558508392472,4011.9591433223763,4241.223705343492,2443.9058441014463,2285.2462321557045,4330.886920187291,2154.584917496001,3381.826589838601,1202.4295078742268,861.4372661375859,902.9961798709987,2318.2747502243856,304.6390759811007,3558.168729903386,2726.928686403725,2343.509774283037,2965.303967903028,1168.086533581748,1337.5878788145924,2313.1842007252535,2498.984056900237,1321.3022551008175,2001.6227781303312,2129.731555663682,2730.331694684524,835.2049549166363,1849.121473651805,1671.1963747955542,2347.603955853591,3759.365249161477],
        [2252.520524019247,2925.755765328493,553.0328119009513,2874.738192080603,3995.7290848473613,2771.564432740269,3023.6356939652874,1374.69922452666,3372.108422246022,434.3522501472419,4299.805310888516,1320.187120134758,1674.4021774755988,2631.663780516889,3014.099197215337,2803.728232226877,1689.6198327826824,4809.863720315484,3491.0247406122476,835.6207968363935,4262.832260552813,4672.702046853827,0.0,1404.0375915819275,4162.008489246162,2516.837243272029,1898.0611936906419,1384.1109744568662,3845.0927360001447,2736.740979714555,2357.5718622812556,3388.025942728967,1790.1849543650035,3139.689206480584,1319.3379949067464,1957.637202197469,2554.4721430825043,3211.38067594572,2686.707465353186,4884.206608824263,3010.001116885567,1955.995815181761,697.5260012272856,1768.008248124649,2988.7722871706674,4633.006034694447,2259.337835472373,4081.283491802273,2243.3038580598263,3482.150337302202,4033.1452877918987,3855.677224589211,2565.1946409669104,4378.9153666133725,1124.6835045726234,3769.481820522112,2341.5618028890867,1710.3267254966718,4791.298436176551,3354.979212705426,3914.940547039616,3967.3127750664803,4698.979768817777,3738.140691260887,4334.278868185327,1943.129270624907,4638.2380141179665,3042.8859145173487,4140.168892671306,3026.7560660266327,2252.520524019247],
        [2151.8486462109468,1837.0563812911967,941.5129255955975,1876.131681054652,2614.50064294596,2227.1059157278023,1662.3733814144316,404.58559001662167,2518.344020070379,1018.7260031772923,2895.8195595549114,1639.6936473772787,1165.49079328653,1231.1324996482915,2262.928593720965,2069.0358101367365,1932.9855136653985,3813.4856131227093,2336.0983108594182,572.6189103765403,3345.2281660517765,3335.6574221787405,1404.0375915819275,0.0,2924.0051864094726,1729.0661674492753,2700.234787536439,1358.0900486373705,2584.9748086794184,1847.8752289070226,1705.9562229438,2000.7741986937979,508.2909798427126,1772.93458801702,271.99215453772024,2354.829203071128,2000.5908365940186,1969.729419677523,1345.237568337684,3991.1571710872595,2133.3983288593363,1300.6026911953086,894.5454856278997,1383.438293123297,1646.255778644652,3284.209012921043,2491.236644852305,2727.69257067747,1903.1209232802123,2133.3798132617526,2646.5033531899803,2483.1918526022155,1161.7438256186067,3053.328399536633,332.2150009434494,3076.516061108586,1113.7572107955862,564.2874722115698,3387.4614008674785,2068.7712645173497,3075.8183181535774,3185.7235481697703,3571.634647224043,2364.931085767341,2976.0126860103337,667.68177668253,3240.7847109556174,1923.9778711334507,3109.2618001439814,1668.4372855125098,2151.8486462109468],
        [2999.1353777041354,3329.9245156181087,3826.8421787920684,3537.3519882529986,2221.6380248682967,4411.322198875435,2346.089185774781,3229.6794903087134,1475.5669780506116,3874.347346502635,1676.1828984705855,3480.481046560246,3818.9789364261947,2133.0932375371613,1786.908139116546,4070.584290643163,3437.992763028767,1360.5898748477757,728.0319267998237,3385.9207699970525,1351.5855438305846,814.9132485366006,4162.008489246162,2924.0051864094726,0.0,3821.502109842803,4440.44402894288,3132.67189396581,3031.281544834794,3724.2148049405987,2181.6731249428603,2090.880553918082,2431.0399356885055,1321.2808302946519,2886.541825570686,3747.467156209844,4257.181502310182,958.5334499422133,1613.095171920054,1768.8553999129276,3880.2051380295247,2388.119444412714,3474.8054382361343,4027.267278165016,2458.6477231628764,2803.655161747072,3567.136671935545,2528.0994115423787,2634.028529560912,980.6876445802208,1139.2242679912454,986.9837932160821,2107.280209853435,580.885964210449,3089.214336941568,1919.6723832314024,1834.0408582222065,2465.4368848250515,1842.8216647509635,868.777262102904,1515.6006970798594,1705.8271134377972,814.9744672505702,2261.386054466938,2579.73928121133,2268.1277816690827,1493.6305196550716,1162.1246454312368,903.4071222973722,2364.3837219652296,2999.1353777041354],
        [3880.4494303724427,691.8368250245974,1987.1663767530902,502.3596841042049,2325.5685554508773,595.4844837068437,1549.6772074089786,1388.6861247933728,3974.7150372390674,2108.4496987384414,2939.962750595529,3301.885691767808,846.0314923112779,1698.805142336026,3813.614085589332,340.1752209338974,3629.6596204440925,5016.719633164323,3481.790448747255,2013.0506948436787,4671.291765272314,3881.19919818947,2516.837243272029,1729.0661674492753,3821.502109842803,0.0,4267.619520177848,3066.225663495651,1716.4758913737617,261.88527743077196,3356.490020414937,1935.2116894386993,2034.5870965898653,2503.5828662656536,1999.2677240386238,4037.8727283207268,442.9416182653961,3029.257753505835,2334.995500387353,5297.125965157633,496.9458188191449,2988.9955263920465,2412.1296763778532,817.2642825422265,1440.1602687186657,2674.5726424827835,4205.909329933198,2229.503547375388,3617.247701599415,2845.03615080203,3025.4426323065454,2995.493041350397,1743.0995579556447,3681.906637324621,1979.1324793612494,4599.271676034303,2445.143975973332,2191.182591249654,3373.0330592816035,3001.6731439129694,4494.387148947638,4641.2080921106735,4608.920037859368,2072.909288516907,2461.8762933313133,2118.5667282575605,3403.991488787664,3196.1086578625577,4329.890336134114,1535.4688841494128,3880.4494303724427],
        [1498.841438908083,4521.483967976187,2323.498851897656,4530.409169395356,5146.611514094099,4612.374977269786,4283.679835042115,2919.3519532709915,3140.471995157692,2211.7089062688633,5219.2960175305225,1110.4568498827712,3468.1930570514382,3768.298367859565,2747.8376394688557,4585.443033070692,1011.1704720404558,4535.126876892452,3715.0058331935625,2264.730151308549,3937.5867816317023,5160.959758369613,1898.0611936906419,2700.234787536439,4440.44402894288,4267.619520177848,0.0,1475.2700310138468,5267.623256671412,4449.319699881364,2259.1064620230836,4542.842261572969,2759.617070005166,3912.4316072858483,2455.926002090154,721.258647004044,4386.3751930729595,3659.6317686784523,3468.549448688995,4429.25653967003,4736.070111664282,2132.508045777697,1864.3715528522275,3604.270046226998,4292.807790921255,5870.767280923184,1021.4501415776779,5320.987337485248,1818.420718376017,4143.866337936136,4787.542157533128,4558.023941949988,3674.117392664922,4858.524160913512,2377.4509966299524,3203.9919368981696,3006.721358805389,2581.5330191043013,5672.233516506845,3870.5286009805654,3532.3207720376176,3488.046639158552,4676.888768309325,4930.468615019663,5553.094555607916,2834.425770613654,5424.288297664449,3312.0670330412427,4022.65934401619,4293.959906223238,1498.841438908083],
        [914.0285553097987,3186.2395783467778,1442.4515568753993,3233.798932904353,3673.6051309675872,3517.5426184297166,2832.2207208255027,1679.3764759385485,2076.5748667387666,1387.0148865982842,3751.962634467137,373.474487370787,2378.7404270176526,2305.7479141999142,1692.6049807618783,3403.3507269830184,577.2127836835757,3538.196297475865,2409.967711247416,1129.183908443687,2963.929830191013,3787.79851586686,1384.1109744568662,1358.0900486373705,3132.67189396581,3066.225663495651,1475.2700310138468,0.0,3839.2586358005765,3201.72693587259,1050.385804146242,3073.1958717407733,1303.2550312078401,2450.381390560712,1088.198046079747,1004.4387956771233,3286.5494054505198,2265.5693309592075,1999.1920233055323,3560.9559665628963,3488.5497626349775,744.6880770241788,817.5470977930447,2566.63897822645,2850.6344095009044,4401.687195960174,1139.774052868154,3854.9142629833286,859.5143037610444,2705.000799397256,3339.935917848071,3117.493756709704,2209.5738651040574,3483.1640945449435,1087.7293114655859,2404.8674562238075,1541.4289049581148,1118.781178159159,4212.123649684419,2462.164064524507,2591.610209472617,2622.269470601764,3524.667456438722,3461.7308148796687,4083.564082679169,1364.3014758716645,3977.438577712944,1971.1090094915055,2911.672313393378,2843.7348129067923,914.0285553097987],
        [4410.229646707958,1040.2866454679615,3294.8536470147187,1214.5408619176008,883.2699791618579,2087.2546732065884,1037.2660917757566,2476.665493941443,3814.841130897286,3411.031334842819,1583.2423216820553,4173.475205221835,2382.258270580976,1580.6832491836237,3827.618632219956,1720.2829961167013,4405.228612709071,4384.419329678084,3031.368299831428,3106.0314190035683,4232.337345981337,2748.1662688736187,3845.0927360001447,2584.9748086794184,3031.281544834794,1716.4758913737617,5267.623256671412,3839.2586358005765,0.0,1466.4436755274116,3635.1046669744737,1007.6951214279915,2539.9415634284146,1985.0777141538313,2814.2632682886706,4834.072048842537,2077.727020166841,2616.252910737505,2165.6256944579923,4765.282207698679,1392.591776845196,3422.8348731712786,3473.335039156473,2454.0321977454896,995.7485616695875,965.7004448984206,4884.736221529033,637.2545836834439,4051.3731885305033,2147.1966358455725,1940.5376118406587,2046.321959875615,1680.8001174596582,2660.3980975553873,2916.6495438515294,4460.780973620814,2551.4036757469157,2728.1465320642997,1885.6389426988358,2466.9230685636303,4205.14750781073,4389.140331108439,3837.5726018562277,771.1889447710739,805.6186787336794,2507.660929265775,2040.9031460912659,2964.650872943956,3804.4634302678523,1021.9399962510804,4410.229646707958],
        [3986.7151468377333,468.9621055704605,2198.0381611849407,256.1478660337558,2114.597530924618,710.3882728398961,1405.8363491360872,1540.9583973447936,3974.4891332051297,2320.024232763217,2750.2807309544996,3456.263833236401,1080.4883219171893,1632.8339077774044,3838.1832963091433,347.0826358536025,3772.131519965821,4954.831524837855,3430.053224622654,2185.675777151748,4635.940522357937,3734.22355553178,2736.740979714555,1847.8752289070226,3724.2148049405987,261.88527743077196,4449.319699881364,3201.72693587259,1466.4436755274116,0.0,3416.068899500288,1767.9871015560047,2099.219943003396,2418.1534320604455,2119.861294437891,4187.130811588066,629.7370565187271,2974.303270269635,2296.6837101897995,5252.560388995299,288.2466823279571,3067.3703926734715,2586.396432330077,1072.4410367962546,1292.979718177746,2428.7610061483606,4338.372429339696,1999.796013235998,3705.3613857613623,2743.6889351523328,2873.8919682790342,2862.103881114255,1690.1416778663645,3549.02589666719,2122.051335284824,4609.103583704006,2455.6252157744557,2267.2290940471516,3169.3664981747793,2927.8927839834187,4480.16223939683,4634.05723091301,4522.670982342245,1869.9261431427503,2226.1768127621463,2165.6237958241945,3218.8227114291763,3172.427104247769,4278.105093649015,1389.816433843325,3986.7151468377333],
