{
    "drone_dist": [
        [0.0,1949.9118352497912,3112.5604859086566,1569.292786848087,1913.6428106322815,2360.7498664433697,1115.428388486692,2116.9352865658648,1743.082658579549,1651.479675014953,2383.228450702336,1838.2368323742057,1346.0343407208338,1061.1163943294725,2804.8135732770565,917.610046487048,2295.093523118782,875.6209174613037,2381.4804008764518,1882.6493759656944,1801.4680336217925,2228.194068684348,1425.76554958364,1639.4178827056298,3089.82381176966,2188.730484674751,422.35742884993465,2746.904429303708,889.2921191793239,2090.2745144781366,995.7857793578244,763.2046938743849,2187.599201775615,3564.893176080953,2617.8247619765525,2185.1437087295494,1896.1652246354856,2197.5052505286426,2051.6907416631566,1695.9483273897606,1120.2229516529442,3025.485374898261,2429.9090457691996,1004.6560000409821,3233.0210546892176,2906.973417297604,500.46850629046327,2549.613615595006,3097.750568702466,2303.6600862753094,52.28588136347873,2000.0086814310882,2051.895438797537,2642.8824798420956,1082.4642577250231,1382.0095510450033,740.3793708437457,886.1458080908708,1309.5413465298336,2392.1960864239445,0.0],
        [1949.9118352497912,0.0,4725.5952535727165,1701.8385153894153,2080.7129949061427,4259.159088452964,2481.4493625178284,1268.8995698149868,3692.871204792688,3301.8638612083964,2941.3229672159828,3479.8104476080953,640.7763775125807,2891.926908615993,4281.166866453571,1040.1817006026306,2876.2065373568903,1104.720002445207,2196.800352073158,3773.2686400686894,1593.947326039754,2769.675721127365,3292.510598953222,3084.7369179656944,4914.226137270532,2882.428278187743,1732.9122989031848,3132.4700718061135,2804.805872468974,1168.7554208350136,1416.0365405605316,2676.1331279638634,3922.224014521819,5436.545462979521,4070.6697480305293,1789.6332960460861,1331.6390150142122,3557.0081260425122,3643.2721978103664,538.5120582717936,3051.051632902787,4868.698862112188,3935.8485484243483,2933.535490218942,5050.859650510977,2746.312084305148,1499.5366808605218,2656.0849310518856,4759.753826248964,2642.6477995583577,2001.0404640195227,3288.9608278515875,2746.820621187512,3682.641432472735,1473.6683975286671,3297.646582015813,2381.3808601461565,2694.221220871725,2780.960400954086,1741.658165750439,1949.9118352497912],
        [3112.5604859086566,4725.5952535727165,0.0,4653.566227564898,4939.863629919956,1410.6820914325158,2245.0548144110776,4075.836122807759,2168.51432197073,3536.003240236867,2491.691690812276,3610.072636724714,4278.7027159824,2072.773936498506,567.0395235921098,3781.2784856131743,5062.89639822913,3883.327823197093,3459.5330120854715,2826.9550421090007,3504.0534983687503,5035.416803471781,1803.734534216304,1642.4588588966221,913.3035198129469,2340.5844228646088,3528.8696221054483,5533.024721855314,2328.329874171779,4130.544604726383,3311.442630010683,2422.922304519786,965.2124009926999,3533.5235044895576,750.2580466645189,3671.2016996242924,3817.2659360202306,1250.7859996560592,1089.5120941466348,4256.620846556383,2214.0436949028945,1011.0456220784566,810.9571063615045,2284.1293488021547,3642.11973892652,5907.082379688827,3584.7753933661406,5499.402533244469,177.8919732796214,5197.423919824182,3083.237717207896,4248.5798339959365,4814.466326913021,1609.2876800054228,3265.644469509261,1975.4469505224556,2427.425564839217,2229.248760983537,3722.6226207095024,3953.3761471407925,3112.5604859086566],
        [1569.292786848087,1701.8385153894153,4653.566227564898,0.0,430.64165058648086,3716.3174476888985,2650.465160863728,2693.227904193743,2930.2977330962754,1987.4523312028725,3740.9170906399586,2127.52180312209,1226.352392681331,2580.8469684535835,4371.521745188996,1398.6250174103036,1177.7032873963233,1138.4759107835532,3387.922651587811,2712.444070719578,2707.905302774201,1072.3893002071338,2887.7995990149093,3205.4721478168153,4514.878610438127,3585.993802842211,1147.7319413015039,1484.7555838202602,2339.347344324324,2613.8840399212495,2008.7187585021627,2234.9212120822754,3704.584312541406,4209.625625613656,4186.512260953442,3049.6686463964015,2606.23048895653,3762.7135119062978,3612.9088405351335,1912.9802569802043,2505.0625600168187,4432.552051490355,3996.6130840975725,2410.2704533868136,3753.0634209909113,1377.6412101483825,1188.914160147059,1100.0121565356342,4623.302841405371,981.3040935866502,1588.9144262315585,1721.9188446816693,1048.037663803706,4164.890864441204,2124.7321919591964,2774.8692725917317,2306.7496677011186,2429.8906071931888,1438.1113637154083,3132.378086237425,1569.292786848087],
        [1913.6428106322815,2080.7129949061427,4939.863629919956,430.64165058648086,0.0,3918.7840604477337,3018.2668407067295,3117.835336116761,3098.6105098982857,1995.1844293467145,4152.572989702023,2106.068770051961,1646.7288404324413,2873.876930781564,4690.697384243337,1827.4818636522496,813.0988875604647,1565.8723297451866,3818.216295353997,2791.19731077979,3138.360794925644,705.5539422890702,3148.6914627111223,3551.498857553928,4734.973810440341,3991.63758155737,1502.2527177227444,1064.14139646183,2611.793158188789,3036.830902757117,2431.276564837013,2518.541386427873,3980.2307157690925,4179.501669789804,4512.667272706228,3480.1427300914443,3035.563888840282,4109.606899705722,3925.42578614164,2330.1742559193863,2750.1718266690677,4645.509231650837,4316.947658421926,2665.6800570815094,3700.904448291258,993.4009195742947,1582.85203477347,673.7515158629575,4897.682362906406,564.4747142024545,1925.7258987498867,1580.6538537143902,751.6839976634353,4542.163112909729,2547.6402923687747,3013.1713125923775,2653.5612528324127,2738.805453432031,1480.9327882395835,3560.347477189079,1913.6428106322815],
        [2360.7498664433697,4259.159088452964,1410.6820914325158,3716.3174476888985,3918.7840604477337,0.0,1994.6908237181933,3993.3323420258175,857.8498542484446,2238.645013909934,2963.4031818462613,2280.470818011296,3693.1350397839183,1372.9506949826339,1596.9974259789255,3224.0718285628236,3880.865205723517,3232.257553681586,3691.028887561979,1453.5703979068574,3466.5722352186676,3872.1868098280293,969.3386965941244,1639.2733606335669,831.9285036942842,2744.411736425685,2714.6445864870675,4337.609770321895,1471.9137922341847,4015.5558523896543,2962.771303537928,1599.3847739926905,784.3264249510686,2241.579576021698,1589.4096784061974,3754.0942103395187,3724.7005007679036,1721.7097366327132,1218.6195459368746,3895.9994707002616,1247.1796920383663,731.4351129267344,1424.8891983731937,1359.1133260153026,2270.26067428754,4824.1344333413535,2859.875170915149,4392.944199403104,1274.439885900405,4069.73574401277,2315.63981305009,2960.0734700889825,3644.285517602401,2383.9355146286066,2967.4025842961332,979.3730922592438,1909.9937681543488,1570.7373676998764,2537.1179750905326,4036.887066518194,2360.7498664433697],
        [1115.428388486692,2481.4493625178284,2245.0548144110776,2650.465160863728,3018.2668407067295,1994.6908237181933,0.0,2003.2149691286834,1796.589574382433,2438.789687820988,1387.6838166763146,2604.3644962794933,2049.2862386910697,769.4107188702118,1827.237463656376,1554.9547085975435,3399.7914562336755,1694.2781027391636,1774.2007180018566,2276.5567067412076,1472.216120740843,3337.162290332998,1098.509377411623,612.2091512326544,2501.579160227188,1165.4002437224126,1516.1109746149937,3857.1335728964586,961.1663447359978,2031.291986420413,1071.6968774480101,910.2702884644734,1477.9918245680844,3834.59826917302,1622.0008451324009,1773.9237759569323,1733.8840763063731,1140.2067238534291,1162.3338232570893,2026.5689723172238,1150.1085338587534,2477.0061408689494,1466.9914808050394,1076.3665542517851,3632.1739976615013,4010.7414509196883,1473.1701355336256,3662.8929485896333,2279.1590207513104,3418.945888097269,1114.3141129323217,2963.437608722905,3152.9039124177225,1527.650431289035,1038.8777346735371,1242.3146524762044,423.44294383536493,653.1285320154327,2275.8892874747185,2051.755654822545,1115.428388486692],
        [2116.9352865658648,1268.8995698149868,4075.836122807759,2693.227904193743,3117.835336116761,3993.3323420258175,2003.2149691286834,0.0,3662.43718296631,3750.7891959190333,1875.0700761234573,3938.6293400305626,1472.9653279089541,2673.4313131971116,3556.1758653580887,1406.7798950368376,3840.2047777487624,1654.5539338070205,966.9597533974875,3961.378812570074,571.9198841930531,3740.8463108234055,3059.4163736186656,2494.9572303265722,4482.403945473525,1889.465442052483,2156.1955146690075,4177.981444417826,2722.905580242714,101.39705671517801,1139.475101105777,2610.860363779578,3454.7285259892524,5631.15586664297,3347.7558353941895,559.554093790053,269.4482631033085,2828.859965646435,3075.081081767214,810.4781903792322,2970.916781256798,4467.375545097864,3265.695301907325,2862.837462585882,5333.142798425828,3922.8369872788985,1903.88071274913,3760.0434360009876,4152.1524802974045,3674.490402931756,2164.867402515232,3965.4681070520833,3658.839411280011,2749.0524479042974,1084.4765947432063,3151.530437875036,2132.4939821159255,2491.969840582447,3328.9905322262994,474.1752404059625,2116.9352865658648],
        [1743.082658579549,3692.871204792688,2168.51432197073,2930.2977330962754,3098.6105098982857,857.8498542484446,1796.589574382433,3662.43718296631,0.0,1387.9806333568415,3053.69100509964,1445.3750846187193,3084.0076730764604,1029.6623219193646,2196.872472410245,2656.927532863853,3024.671227566235,2609.1633113088583,3570.192110531891,678.6067800548925,3198.9009844061115,3018.0851118147216,749.4130348899356,1714.4022167342687,1689.2693246316483,2821.023424909391,2027.2810897809181,3480.112131704116,941.3612691570155,3663.9692068255317,2546.1434315968118,1059.7154213994324,1293.854840465588,2038.8748784431605,2117.202960728831,3538.355057991511,3404.4999102540824,2040.2259978315524,1567.3215686452666,3405.8092677013287,691.5216984875121,1585.4266974076925,1913.8756672917634,801.3326773557878,1874.1946639191,3981.196301822416,2216.33686431256,3546.740540853878,2060.7757218639604,3220.655270114101,1692.2149109127229,2109.199134701283,2789.850524567738,2719.8771822421345,2582.3422412689274,558.0868924932711,1538.9982547945299,1184.8112634324827,1685.009667670444,3803.283273122371,1743.082658579549],
        [1651.479675014953,3301.8638612083964,3536.003240236867,1987.4523312028725,1995.1844293467145,2238.645013909934,2438.789687820988,3750.7891959190333,1387.9806333568415,0.0,3826.346169646282,187.8414708710606,2664.675190132071,1820.1253856215696,3487.250669981462,2414.5657303940657,1705.7910004659677,2236.779827801854,4008.905184275624,856.6050558088643,3451.8757480614554,1721.1136463138969,1840.367938368346,2679.0512463693613,3063.671019833987,3603.6229025929038,1625.9091547241915,2136.1833093234613,1531.9913374414948,3714.8802221087885,2646.3358585128194,1542.3473269805886,2609.92825582238,2223.9435642005196,3369.413583290283,3834.701007571803,3541.513001133372,3154.3609387564343,2767.5217607612262,3215.8884070247645,1470.132611469369,2954.016960665002,3158.0143867369766,1470.5903656855257,1781.9288488946268,2733.9547337672207,1884.6915569730024,2291.7167816474357,3439.0271520361807,1956.70227994637,1608.9299396076037,721.5820925973369,1496.3702244177093,3780.0614404394396,2733.8073303271067,1622.2315828546068,2027.9817014246364,1827.480583827218,553.8339657124648,4043.41223206086,1651.479675014953],
        [2383.228450702336,2941.3229672159828,2491.691690812276,3740.9170906399586,4152.572989702023,2963.4031818462613,1387.6838166763146,1875.0700761234573,3053.69100509964,3826.346169646282,0.0,3991.897849728462,2786.881243599622,2090.9277261207753,1926.2886239319841,2391.02763789376,4659.676705057171,2626.0160157194628,1027.2751424145356,3613.9892307274195,1368.270599742016,4584.601207158138,2304.9015389616925,1357.1158737450448,3146.7872233440194,232.98427761064104,2713.8845073696857,5095.446587344543,2331.410778241154,1960.3799833858288,1754.059936340103,2293.901768077849,2220.309618331743,5065.898417272818,1746.3350651456399,1347.950446200123,1678.2828109709885,1317.311581689173,1768.1171906179518,2402.8777633881455,2485.457254367525,3175.402197924055,1754.60665027689,2431.838426236514,4927.009835875447,5115.529679624168,2576.8105438360803,4823.443592497391,2614.928219676764,4623.893012354147,2399.351521947738,4331.9553796364235,4423.065865344668,940.2993442679797,1643.787976615425,2503.715364916975,1801.815310629645,2021.8927583819618,3638.340300822175,1592.735861739029,2383.228450702336],
        [1838.2368323742057,3479.8104476080953,3610.072636724714,2127.52180312209,2106.068770051961,2280.470818011296,2604.3644962794933,3938.6293400305626,1445.3750846187193,187.8414708710606,3991.897849728462,0.0,2844.0224510602866,1964.4133441934111,3587.7744460451013,2600.6409852655074,1749.046886124343,2420.169619546019,4191.395766955868,850.43593244711,3637.9871288565587,1775.391925166232,1955.8879358877455,2821.750302367283,3096.0259293175645,3767.612522039679,1811.9935739779744,2158.830441409635,1682.76119652007,3902.6801665303165,2833.4215667916715,1701.5251747476257,2700.2995077512,2084.0646848102597,3477.935459205606,4020.53510962743,3729.127746013311,3283.900030097579,2881.9764568807996,3401.1194123568234,1601.7987393772667,2983.177587382227,3267.181592957442,1612.1002927808925,1627.3639302470733,2796.743390666053,2070.903314923407,2355.8332330808435,3505.844557644964,2021.5793297717714,1795.305792558288,707.1796683907761,1556.520091309402,3919.4512741537746,2920.352109133969,1733.1782753229813,2197.60435108577,1983.494755989564,712.3325820177942,4230.362264485616,1838.2368323742057],
        [1346.0343407208338,640.7763775125807,4278.7027159824,1226.352392681331,1646.7288404324413,3693.1350397839183,2049.2862386910697,1472.9653279089541,3084.0076730764604,2664.675190132071,2786.881243599622,2844.0224510602866,0.0,2344.8990160448243,3876.3558111257444,497.4424556390344,2391.9866361899626,475.67624846524495,2244.023185613963,3136.97880228967,1569.8121986812164,2289.3997935731704,2736.854748134184,2661.406558164974,4385.888213630464,2680.50285237629,1095.672927977623,2709.3878550141703,2224.215561290515,1390.3980522000222,1068.4174847862778,2095.733834830457,3423.100023637645,4796.761680531855,3670.219969604114,1873.9892260242225,1412.847661644649,3175.2001739795055,3189.19187502291,687.5316026001793,2463.23800186908,4331.698421534902,3515.417781827291,2346.5690174693673,4410.132142939723,2469.732665624201,871.7710387740823,2287.719117971678,4295.273843426833,2206.57871068456,1395.3351282787164,2686.9200548116846,2230.336576128356,3405.8473953890343,1163.514122740631,2719.425366804243,1870.1860285031137,2150.5280572704537,2150.421041925394,1924.3372981787936,1346.0343407208338],
        [1061.1163943294725,2891.926908615993,2072.773936498506,2580.8469684535835,2873.876930781564,1372.9506949826339,769.4107188702118,2673.4313131971116,1029.6623219193646,1820.1253856215696,2090.9277261207753,1964.4133441934111,2344.8990160448243,0.0,1830.7394014453655,1863.7356404363065,3075.48800561292,1899.602909367163,2541.0661099222866,1525.189701085987,2184.4342810184294,3033.4128341003952,403.76661430890084,858.9548751952436,2042.7399352708876,1859.1127490535991,1465.6773137716054,3547.1156516441924,301.16691563038853,2684.7320608903324,1599.107954113511,359.19724605799627,1129.8984591321785,3065.8881184655193,1667.9385599397385,2514.311167116893,2409.4224386929586,1357.2404215931451,1062.7380653391765,2523.5836239088717,394.5431376456423,1986.8022671423541,1462.8146532154751,353.2943615132221,2866.494865522521,3851.406299245029,1554.7960423428767,3456.1986839389588,2045.7214383618243,3168.8530775317304,1025.5720106499723,2438.5978471074104,2823.364974417522,1960.9363902060823,1614.155998558108,483.781600941127,546.2820333246094,198.04346845677904,1798.7766608105385,2783.482187225449,1061.1163943294725],
        [2804.8135732770565,4281.166866453571,567.0395235921098,4371.521745188996,4690.697384243337,1596.9974259789255,1827.237463656376,3556.1758653580887,2196.872472410245,3487.250669981462,1926.2886239319841,3587.7744460451013,3876.3558111257444,1830.7394014453655,0.0,3382.126823529177,4899.546772218336,3511.435318076918,2903.93781250805,2875.3801060931023,2984.7820387211104,4860.900217653734,1659.4959948893547,1215.6948296068952,1363.3635831699212,1780.8772603507127,3227.1036501074773,5371.696012490486,2117.831510426656,3615.9574310839794,2866.436020443609,2189.8735891978877,903.4161760840292,3825.6212719570117,211.59623714868965,3130.715211163788,3302.9208639464146,733.8802889154017,768.1867395108407,3792.584688332082,2062.3586902451025,1433.3605816224997,374.94146067106465,2106.77351515392,3865.5891372820884,5675.352722652344,3247.652852975423,5285.427724216828,706.2831795292225,4999.590539325186,2782.8984318685416,4175.555809920119,4647.838803228205,1046.2388077004364,2808.8785253028873,1867.9251552379037,2080.5310539895645,1952.2046620584306,3590.3833581887156,3410.012335431369,2804.8135732770565],
        [917.610046487048,1040.1817006026306,3781.2784856131743,1398.6250174103036,1827.4818636522496,3224.0718285628236,1554.9547085975435,1406.7798950368376,2656.927532863853,2414.5657303940657,2391.02763789376,2600.6409852655074,497.4424556390344,1863.7356404363065,3382.126823529177,0.0,2477.183014178988,265.0080582334041,1993.7898585992732,2779.9648873223523,1316.854673277257,2383.4006507711247,2260.747220826189,2166.6030858625422,3899.8047213436635,2261.9169171224726,788.6674380106087,2853.840521074333,1764.9716547410226,1349.7375151738865,637.1294470502371,1636.2427511691435,2929.0939184608974,4458.398281882829,3176.8348924505317,1674.0240139514153,1259.8313721491859,2686.0469988847963,2691.7706828560717,805.4516210728153,2010.869951105895,3848.648278621502,3019.768171458149,1893.3550412632035,4101.531024835401,2747.5466175283254,529.9515445088603,2498.620466325992,3798.142736199647,2354.826690484284,969.5518767123139,2564.6571630238323,2278.6103723617944,2946.343843727304,747.8567622119721,2258.472066518091,1376.0514626524234,1667.398899386481,1949.8482027483774,1795.235873088175,917.610046487048],
        [2295.093523118782,2876.2065373568903,5062.89639822913,1177.7032873963233,813.0988875604647,3880.865205723517,3399.7914562336755,3840.2047777487624,3024.671227566235,1705.7910004659677,4659.676705057171,1749.046886124343,2391.9866361899626,3075.48800561292,4899.546772218336,2477.183014178988,0.0,2213.1715250937946,4458.513694615815,2562.021565900757,3789.272110842562,107.62812196277042,3265.390495279219,3856.826000787121,4712.782368914673,4475.423029784876,1946.5964645301788,472.178303199551,2782.5728763635584,3766.186812546036,3022.4565230884896,2719.6371886958273,4100.15305946008,3702.595828571297,4742.921948705475,4151.166267415012,3728.4983195615773,4403.4303391484455,4134.601578619991,3079.206434522109,2853.847189276515,4610.0788512410645,4536.285631530542,2796.4588230302293,3200.2300331694273,1065.4846463221902,2110.8292830261785,640.5259173294597,4993.361629799849,343.9490439921653,2289.1937239856597,1072.5659484747641,252.1716505142926,4917.327401905127,3137.9691738298347,3087.6882204699696,2994.0239766190766,2983.7642438671687,1349.419060874913,4262.02013159705,2295.093523118782],
        [875.6209174613037,1104.720002445207,3883.327823197093,1138.4759107835532,1565.8723297451866,3232.257553681586,1694.2781027391636,1654.5539338070205,2609.1633113088583,2236.779827801854,2626.0160157194628,2420.169619546019,475.67624846524495,1899.602909367163,3511.435318076918,265.0080582334041,2213.1715250937946,0.0,2258.2534110563456,2668.7733646094457,1581.802763620909,2118.933576531684,2284.046323559953,2298.4201516975895,3942.0905871134737,2486.627921121036,630.7945160291408,2588.924917723373,1760.6647582360004,1591.9963129440823,876.577578739224,1632.8914536838413,2999.8367171941227,4335.475041677477,3310.157934464125,1938.4234308956825,1519.318525395052,2834.2267837173817,2797.131215518634,990.2987296961238,1995.5533511379592,3883.529018864999,3143.1209551155966,1879.5767430950514,3959.2540996708744,2496.988838040065,396.4992459812464,2238.1895559599025,3888.7710294633303,2090.209986018224,923.7895796153518,2336.863314836847,2016.8524765635198,3138.079595995136,991.2456830093282,2255.26159022588,1456.8866906930355,1709.1957915907421,1747.1519511445742,2054.499044552388,875.6209174613037],
        [2381.4804008764518,2196.800352073158,3459.5330120854715,3387.922651587811,3818.216295353997,3691.028887561979,1774.2007180018566,966.9597533974875,3570.192110531891,4008.905184275624,1027.2751424145356,4191.395766955868,2244.023185613963,2541.0661099222866,2903.93781250805,1993.7898585992732,4458.513694615815,2258.2534110563456,0.0,4013.2859055949125,680.8370856291732,4368.231513227424,2864.275660840255,2062.292848851774,4021.188340617102,1125.9002886935589,2579.5572078357795,4846.541181634396,2693.239682714827,1066.0016778819397,1449.4398381408387,2611.305375176335,3026.1646242614,5606.670057714172,2709.500283002169,410.7037692701035,867.7031326437586,2226.17274739403,2592.919349159832,1683.0274742570257,2909.288555398147,4030.953510351835,2678.495178605334,2822.4720859282133,5386.01876516462,4706.017891757504,2367.8969030654516,4485.96832269717,3566.1888075375336,4348.459883206302,2416.9557655588505,4372.6987556011945,4247.696310149653,1963.7451419505367,1338.6788797991453,3016.497565873752,2076.485826300548,2402.3564129455476,3688.6386383326667,584.5060837258618,2381.4804008764518],
        [1882.6493759656944,3773.2686400686894,2826.9550421090007,2712.444070719578,2791.19731077979,1453.5703979068574,2276.5567067412076,3961.378812570074,678.6067800548925,856.6050558088643,3613.9892307274195,850.43593244711,3136.97880228967,1525.189701085987,2875.3801060931023,2779.9648873223523,2562.021565900757,2668.7733646094457,4013.2859055949125,0.0,3559.3903099121508,2574.949009484629,1359.2364155705325,2316.5837605376405,2254.795572108468,3381.533901590408,2041.3106754900298,2991.4754562271146,1322.6992865842262,3946.6104133692857,2821.953463759488,1402.518712281616,1972.1815796924097,1682.2446393525508,2794.5013045145465,3923.353475816585,3719.689168449588,2692.7383753913964,2234.6679013242456,3574.949782612043,1131.6173122639404,2139.8541017437146,2589.9551622660692,1200.4364111874274,1379.8029768003253,3581.6070940297473,2276.2850181676354,3139.612525397681,2708.8309518619385,2805.1940970804735,1830.8801948446012,1554.2050546951382,2348.7755350675384,3364.7737931657025,2882.2434776147365,1136.6935905111714,1936.8003196673692,1624.5568346879334,1310.5963617594946,4169.149448519822,1882.6493759656944],
        [1801.4680336217925,1593.947326039754,3504.0534983687503,2707.905302774201,3138.360794925644,3466.5722352186676,1472.216120740843,571.9198841930531,3198.9009844061115,3451.8757480614554,1368.270599742016,3637.9871288565587,1569.8121986812164,2184.4342810184294,2984.7820387211104,1316.854673277257,3789.272110842562,1581.802763620909,680.8370856291732,3559.3903099121508,0.0,3697.293991373475,2555.2251217345333,1932.5080529627671,3925.1253413596946,1349.534947382172,1945.2109866571152,4170.693664198993,2272.8008165801884,633.1767468023592,817.7593668241269,2171.3301611796437,2898.9149005222707,5204.923957735266,2776.120173363655,384.6874159161779,323.86899916880185,2256.9654646175454,2510.2282604230745,1059.1599659004526,2511.752766925896,3914.085854853941,2694.093336344938,2410.52590688793,4939.049831233336,4026.451227904712,1718.8626953569035,3805.4239267709313,3581.401332560881,3671.3529354561692,1843.027964266776,3759.036098365533,3583.3099299236774,2199.9323609743606,720.1782995452281,2667.8348475634025,1660.2453582731443,2014.9558879566714,3087.8225177100885,609.9050012378389,1801.4680336217925],
        [2228.194068684348,2769.675721127365,5035.416803471781,1072.3893002071338,705.5539422890702,3872.1868098280293,3337.162290332998,3740.8463108234055,3018.0851118147216,1721.1136463138969,4584.601207158138,1775.391925166232,2289.3997935731704,3033.4128341003952,4860.900217653734,2383.4006507711247,107.62812196277042,2118.933576531684,4368.231513227424,2574.949009484629,3697.293991373475,0.0,3234.6682830025393,3804.3569551991263,4703.7327137179755,4402.840025586436,1870.7197114371922,520.4849392228139,2743.070100928791,3666.0855210773548,2935.69360134622,2676.0900761289236,4071.3473462640713,3755.737175132477,4701.349481389779,4057.345364242351,3632.0773786600394,4353.425901153855,4094.570232959495,2976.8228638515943,2823.1272783208633,4602.611896795338,4495.74218353139,2762.030532379768,3255.9754921622452,1023.3184858974882,2027.551270521676,586.7245673337204,4969.308695852626,265.4567308845485,2224.254710097264,1115.8310050393168,228.51668783058204,4858.173346279454,3051.516425585947,3061.712719790521,2934.9555526538957,2936.028883359892,1335.5737260426167,4165.0220773136325,2228.194068684348],
        [1425.76554958364,3292.510598953222,1803.734534216304,2887.7995990149093,3148.6914627111223,969.3386965941244,1098.509377411623,3059.4163736186656,749.4130348899356,1840.367938368346,2304.9015389616925,1955.8879358877455,2736.854748134184,403.76661430890084,1659.4959948893547,2260.747220826189,3265.390495279219,2284.046323559953,2864.275660840255,1359.2364155705325,2555.2251217345333,3234.6682830025393,0.0,967.4154032528772,1664.1647393010892,2072.409420981196,1810.1600196547445,3736.8108724006233,551.6645972619785,3074.634963618588,1999.923616800072,668.108517088996,838.5278768125012,2771.953552937159,1530.7920280234716,2870.5611524623287,2793.261843348115,1343.8009738998746,927.2470996018017,2927.3274939415232,411.60150789503507,1600.5813270477877,1319.2019953867064,483.2110636872259,2623.6046116659018,4106.886086461269,1925.5924733370027,3696.3260213306135,1750.5406594541193,3393.7239563423577,1384.9635664032503,2517.529282395611,3015.5706074206005,2007.800621020567,2010.9925566024303,227.23269137046833,945.6670938227521,601.4087347524056,1937.2911714301968,3145.7225986227163,1425.76554958364],
        [1639.4178827056298,3084.7369179656944,1642.4588588966221,3205.4721478168153,3551.498857553928,1639.2733606335669,612.2091512326544,2494.9572303265722,1714.4022167342687,2679.0512463693613,1357.1158737450448,2821.750302367283,2661.406558164974,858.9548751952436,1215.6948296068952,2166.6030858625422,3856.826000787121,2298.4201516975895,2062.292848851774,2316.5837605376405,1932.5080529627671,3804.3569551991263,967.4154032528772,0.0,1994.9805807449934,1128.241957174394,2058.372894117993,4323.924104002885,1152.5926563812527,2537.9590197501702,1669.4660887691273,1171.3481439016557,974.4418103300349,3710.093526370883,1012.0596098054916,2168.583719300301,2228.2900627881672,558.1552091109825,582.2826170783209,2614.8914947149883,1227.8219738404814,1989.9919045387871,855.1221975473477,1209.7584816660876,3587.141351968976,4544.211608118374,2051.2573901397595,4176.230601773389,1688.6048334847153,3912.1923155198024,1625.77483285162,3288.7359729235804,3605.624513581201,1102.9750839936091,1623.577689900241,1181.8118271300934,899.2553543747983,886.7156896865795,2632.1409875296536,2455.7271054193584,1639.4178827056298],
        [3089.82381176966,4914.226137270532,913.3035198129469,4514.878610438127,4734.973810440341,831.9285036942842,2501.579160227188,4482.403945473525,1689.2693246316483,3063.671019833987,3146.7872233440194,3096.0259293175645,4385.888213630464,2042.7399352708876,1363.3635831699212,3899.8047213436635,4712.782368914673,3942.0905871134737,4021.188340617102,2254.795572108468,3925.1253413596946,4703.7327137179755,1664.1647393010892,1994.9805807449934,0.0,2957.5898449615,3470.6292396771223,5169.346669043671,2209.9775663654455,4519.856186372026,3549.6876255561415,2330.8420598170346,1027.9102273109688,2665.2682002823058,1467.0648898324666,4160.3132014220655,4213.967376332008,1829.5982588664267,1431.0321512382181,4504.845705952923,2014.4226440656073,122.90294225868524,1400.7494292585952,2116.8010042876085,2828.7994881182985,5650.9299001181125,3589.3018120398906,5221.448333949711,735.8156962367332,4899.558288698256,3049.1117686267316,3784.035898791068,4475.9298702473,2369.8752439167883,3532.7553827545757,1742.6554009677427,2532.858720899834,2235.549014725947,3368.408131987411,4447.645319018324,3089.82381176966],
        [2188.730484674751,2882.428278187743,2340.5844228646088,3585.993802842211,3991.63758155737,2744.411736425685,1165.4002437224126,1889.465442052483,2821.023424909391,3603.6229025929038,232.98427761064104,3767.612522039679,2680.50285237629,1859.1127490535991,1780.8772603507127,2261.9169171224726,4475.423029784876,2486.627921121036,1125.9002886935589,3381.533901590408,1349.534947382172,4402.840025586436,2072.409420981196,1128.241957174394,2957.5898449615,0.0,2533.6890082918994,4916.539375619736,2102.449931603469,1967.5284765707174,1626.609064821816,2067.7298755665997,2011.1547314785314,4835.093488065236,1590.5988007388978,1394.7150914880854,1670.2707577090246,1131.284427602027,1560.3022850295858,2346.695659587012,2253.5849393734543,2981.020642529407,1578.1556175762742,2201.2186112185072,4694.178322933746,4963.185470939708,2410.2253879808804,4659.656319804705,2454.5398040951795,4450.887464339591,2202.0921724460045,4119.853722404763,4236.168307180727,862.1778973391685,1521.6922383638628,2270.763275150049,1583.5369512353325,1793.3865275372261,3427.7928494703833,1659.4045116178488,2188.730484674751],
        [422.35742884993465,1732.9122989031848,3528.8696221054483,1147.7319413015039,1502.2527177227444,2714.6445864870675,1516.1109746149937,2156.1955146690075,2027.2810897809181,1625.9091547241915,2713.8845073696857,1811.9935739779744,1095.672927977623,1465.6773137716054,3227.1036501074773,788.6674380106087,1946.5964645301788,630.7945160291408,2579.5572078357795,2041.3106754900298,1945.2109866571152,1870.7197114371922,1810.1600196547445,2058.372894117993,3470.6292396771223,2533.6890082918994,0.0,2382.9138391071365,1260.7731166120286,2110.702390608052,1132.5433437343706,1142.1681086497465,2595.509320240994,3704.8723523469844,3040.1271737213424,2327.075301375876,1971.736715170878,2616.0395025303837,2472.8631533337293,1591.1900241323967,1467.9278786928846,3400.3053173763788,2852.1858307404877,1358.6158721950394,3329.8321786144734,2495.13272213789,259.01982589062874,2150.1385905381217,3509.648695407061,1921.0166097941715,446.3210232728846,1819.8888236307941,1713.463577358162,3041.4426347783783,1241.0833531188493,1738.3657733544883,1159.2823789344445,1299.708920801588,1173.1079500546905,2496.9138204055553,422.35742884993465],
        [2746.904429303708,3132.4700718061135,5533.024721855314,1484.7555838202602,1064.14139646183,4337.609770321895,3857.1335728964586,4177.981444417826,3480.112131704116,2136.1833093234613,5095.446587344543,2158.830441409635,2709.3878550141703,3547.1156516441924,5371.696012490486,2853.840521074333,472.178303199551,2588.924917723373,4846.541181634396,2991.4754562271146,4170.693664198993,520.4849392228139,3736.8108724006233,4323.924104002885,5169.346669043671,4916.539375619736,2382.9138391071365,0.0,3254.593630448928,4098.416088625767,3426.678676081647,3190.863859817837,4570.897367342714,4023.3772563430707,5214.737026798994,4522.787529971371,4086.4116692577086,4872.112700462547,4606.622194114794,3393.9974572808073,3325.335748166682,5064.968833004008,5008.254268422716,3268.5390521159284,3514.591542779722,817.5688239681346,2528.4887457355076,536.8519632586784,5461.897085257215,503.5607052605749,2743.7556900474287,1457.8548821222482,723.9393078304222,5378.6219492691425,3543.056911304242,3557.600397385189,3455.4339130262665,3453.4856606056455,1814.8005810431293,4615.093172115433,2746.904429303708],
        [889.2921191793239,2804.805872468974,2328.329874171779,2339.347344324324,2611.793158188789,1471.9137922341847,961.1663447359978,2722.905580242714,941.3612691570155,1531.9913374414948,2331.410778241154,1682.76119652007,2224.215561290515,301.16691563038853,2117.831510426656,1764.9716547410226,2782.5728763635584,1760.6647582360004,2693.239682714827,1322.6992865842262,2272.8008165801884,2743.070100928791,551.6645972619785,1152.5926563812527,2209.9775663654455,2102.449931603469,1260.7731166120286,3254.593630448928,0.0,2723.0386842072903,1605.1160062783708,128.78912052663406,1369.1498585528232,2933.565789257231,1960.9348584191277,2623.834052695437,2466.874147522082,1658.3193202379828,1352.0305483882296,2481.9160102068404,253.33868966256188,2141.1679893918667,1753.7537469960287,140.08044603729817,2692.834512143973,3580.609461548555,1389.2695104893162,3178.615425269774,2287.7021885309528,2885.485482588124,845.1521340894836,2138.930691494315,2530.6545631985973,2255.565000663898,1641.3422861744225,495.21101636354047,619.7651667651023,310.026035134838,1497.8561171560732,2880.997577979687,889.2921191793239],
        [2090.2745144781366,1168.7554208350136,4130.544604726383,2613.8840399212495,3036.830902757117,4015.5558523896543,2031.291986420413,101.39705671517801,3663.9692068255317,3714.8802221087885,1960.3799833858288,3902.6801665303165,1390.3980522000222,2684.7320608903324,3615.9574310839794,1349.7375151738865,3766.186812546036,1591.9963129440823,1066.0016778819397,3946.6104133692857,633.1767468023592,3666.0855210773548,3074.634963618588,2537.9590197501702,4519.856186372026,1967.5284765707174,2110.702390608052,4098.416088625767,2723.0386842072903,0.0,1127.091528004083,2608.659663713844,3491.9490910283753,5620.367441602121,3406.7329366742097,657.1683968573308,313.34250807092906,2886.3537555025046,3119.413039334879,719.579234347391,2972.7341150347156,4502.259512028161,3319.776499040902,2863.112483001544,5314.8057774244935,3832.6572231487403,1856.0112809082623,3675.4220038536855,4203.490316367247,3595.127467819865,2139.117246721041,3913.1146243965045,3588.2077796859226,2824.864253318324,1081.696634619264,3159.9777119733517,2141.0615506446625,2500.3135242921876,3283.7387606295083,573.1413026974956,2090.2745144781366],
        [995.7857793578244,1416.0365405605316,3311.442630010683,2008.7187585021627,2431.276564837013,2962.771303537928,1071.6968774480101,1139.475101105777,2546.1434315968118,2646.3358585128194,1754.059936340103,2833.4215667916715,1068.4174847862778,1599.107954113511,2866.436020443609,637.1294470502371,3022.4565230884896,876.577578739224,1449.4398381408387,2821.953463759488,817.7593668241269,2935.69360134622,1999.923616800072,1669.4660887691273,3549.6876255561415,1626.609064821816,1132.5433437343706,3426.678676081647,1605.1160062783708,1127.091528004083,0.0,1487.2286210231987,2537.023129539129,4493.550491678482,2656.395319061753,1202.150820030332,904.553826116337,2146.0330818763996,2233.4457835521875,957.3681170028403,1857.1593723158012,3515.271338220314,2519.8122313649237,1744.9749160239382,4194.101560892117,3373.3764896368,919.3692425451846,3105.0168477221314,3350.156482045214,2936.218330252283,1040.5571538614945,2941.7525607263883,2805.2884077854173,2337.9625590572787,116.60921485968163,2060.168902680093,1054.2687480871887,1406.1677501193658,2270.367825316984,1397.2553588250182,995.7857793578244],
        [763.2046938743849,2676.1331279638634,2422.922304519786,2234.9212120822754,2518.541386427873,1599.3847739926905,910.2702884644734,2610.860363779578,1059.7154213994324,1542.3473269805886,2293.901768077849,1701.5251747476257,2095.733834830457,359.19724605799627,2189.8735891978877,1636.2427511691435,2719.6371886958273,1632.8914536838413,2611.305375176335,1402.518712281616,2171.3301611796437,2676.0900761289236,668.108517088996,1171.3481439016557,2330.8420598170346,2067.7298755665997,1142.1681086497465,3190.863859817837,128.78912052663406,2608.659663713844,1487.2286210231987,0.0,1469.6763784032494,3033.743256204254,2025.7212108042481,2527.5800794924553,2357.0803398692688,1696.257738001405,1421.7927220453503,2355.9709826515473,378.56775936945587,2263.9439258960397,1821.409985931384,261.9054909899643,2779.1813800869854,3493.610793112682,1263.5895243808457,3097.178777862382,2388.4825639087617,2809.7567588911343,720.0888718463666,2120.002763965918,2467.466040255483,2270.708154866714,1527.3979287769344,623.786705057111,535.509090363247,288.83540784074034,1461.4224963768058,2780.672911162277,763.2046938743849],
        [2187.599201775615,3922.224014521819,965.2124009926999,3704.584312541406,3980.2307157690925,784.3264249510686,1477.9918245680844,3454.7285259892524,1293.854840465588,2609.92825582238,2220.309618331743,2700.2995077512,3423.100023637645,1129.8984591321785,903.4161760840292,2929.0939184608974,4100.15305946008,2999.8367171941227,3026.1646242614,1972.1815796924097,2898.9149005222707,4071.3473462640713,838.5278768125012,974.4418103300349,1027.9102273109688,2011.1547314785314,2595.509320240994,4570.897367342714,1369.1498585528232,3491.9490910283753,2537.023129539129,1469.6763784032494,0.0,3015.682293920074,842.104981710263,3142.9979858185957,3186.179156329739,942.5974337470387,452.34108467680625,3494.281255681331,1248.99794701387,1016.22130031284,655.8304522854306,1319.5728286611532,3004.9073574959416,4943.587313474766,2674.5994169453534,4534.541356097853,918.9209132612729,4232.215683351255,2153.9592318468776,3312.004340743029,3851.1192340085845,1599.6094297252266,2514.0633158425367,1015.741275925181,1553.113907045509,1302.5327072265652,2763.977296119011,3430.1047349019213,2187.599201775615],
        [3564.893176080953,5436.545462979521,3533.5235044895576,4209.625625613656,4179.501669789804,2241.579576021698,3834.59826917302,5631.15586664297,2038.8748784431605,2223.9435642005196,5065.898417272818,2084.0646848102597,4796.761680531855,3065.8881184655193,3825.6212719570117,4458.398281882829,3702.595828571297,4335.475041677477,5606.670057714172,1682.2446393525508,5204.923957735266,3755.737175132477,2771.953552937159,3710.093526370883,2665.2682002823058,4835.093488065236,3704.8723523469844,4023.3772563430707,2933.565789257231,5620.367441602121,4493.550491678482,3033.743256204254,3015.682293920074,0.0,3830.454415558768,5557.200185235297,5383.928662226866,3927.0778482855426,3420.5906658678427,5256.075452267183,2702.4733678870616,2549.1538750369073,3665.1735662331057,2797.5823566315785,510.4709891684607,4766.861526349668,3947.53478346119,4340.705622213713,3365.90448287324,4018.091997138874,3513.1219277952205,2643.858354562396,3559.787065280221,4605.0108953067265,4547.827640115141,2596.309594189858,3551.5754677914615,3208.787966955264,2777.21804268077,5813.924869415184,3564.893176080953],
        [2617.8247619765525,4070.6697480305293,750.2580466645189,4186.512260953442,4512.667272706228,1589.4096784061974,1622.0008451324009,3347.7558353941895,2117.202960728831,3369.413583290283,1746.3350651456399,3477.935459205606,3670.219969604114,1667.9385599397385,211.59623714868965,3176.8348924505317,4742.921948705475,3310.157934464125,2709.500283002169,2794.5013045145465,2776.120173363655,4701.349481389779,1530.7920280234716,1012.0596098054916,1467.0648898324666,1590.5988007388978,3040.1271737213424,5214.737026798994,1960.9348584191277,3406.7329366742097,2656.395319061753,2025.7212108042481,842.104981710263,3830.454415558768,0.0,2927.772126510276,3093.580986323723,522.640461452714,611.4050645624145,3581.197669883888,1924.180127069726,1523.3525757583764,211.5949897511423,1960.0061464533585,3842.363906783654,5500.083913316913,3053.163717936151,5114.981586506859,868.8164232356454,4833.674357892738,2597.695437288493,4047.0728529235503,4490.866621595661,904.3761443368982,2598.0331117653573,1747.2695765216786,1887.9440867274482,1778.028502572254,3446.4339124120615,3208.3368921184638,2617.8247619765525],
