{
    "drone_dist": [
        [0.0,2861.1207390788936,3076.53507794228,957.7064596428071,2433.1458301376074,3127.184996246501,4692.058022848937,1709.1248370184944,2203.185799733855,1354.3310034909794,4099.896567216333,2157.3607717841396,2266.661753879669,4979.52438532012,1940.8517797889044,4687.635772163644,3091.896452197109,4183.245942056371,69.73537398698359,2869.604465834145,3277.152170614138,820.7824370878204,4551.936547221764,574.5116394521876,3091.822233235123,4197.694181984557,4031.224736808717,3710.2707174801035,3434.17327605688,2790.198093764567,3311.021426454368,4117.022739466769,2198.318953145911,877.0681556997664,3576.618335328951,1446.1944224535691,2287.164880829862,4321.6165895538925,4709.303018576069,4135.420929207698,1485.892805491444,1014.5246791692646,4917.264775886982,2124.545365353575,238.6083281497874,2269.989235154574,3170.4219484465957,4672.659831304308,4623.198761229829,724.9981388814047,5312.334577495938,2670.3159987829667,1307.580178696348,1994.6949698743447,2331.1152083395173,1638.390932295135,4365.45964764856,3318.761797990543,3316.0157662119673,4357.1928910109045,4332.468766568738,3036.070668904647,59.58847583529873,2653.6185600184112,3258.230544724638,2260.946736677661,2819.196827081515,2334.210385807573,4726.5960433454575,1800.344883565351,3118.684681036723,2503.5813294121895,3222.2279559300637,4202.767643573661,3639.4095313097255,3477.5934364300056,1535.290663420468,3100.2084273597707,2494.3002432008425,2070.6004154793145,4640.897183192868,3736.705359682383,4075.2860888685113,1933.16738918674,2313.2348526672263,1708.7404640643351,690.9540519219145,3706.977530248622,1394.5306803631875,4468.8327206817385,3316.940193567139,771.1348392836778,4132.520472955691,2009.9616705442572,2996.0058323931717,1815.3009556348445,3753.581765353818,768.8809548912391,4631.955349888906,1917.8177817673,0.0],
        [2861.1207390788936,0.0,4137.5698715932695,3286.2741424325914,4255.7661265941415,633.3932799793993,6050.475377291304,2307.002822011999,3400.982440600759,2366.2189218965104,4519.189446719284,2493.355642273522,3370.333705030306,4656.358524244474,4026.304509185566,3436.323018541499,3521.5916072318796,4241.7553466291565,2802.3750152871157,9.859494653577856,4097.338728515791,3681.4543070899504,5193.485692509976,2947.917999681842,3905.1852871855913,2498.8129755907808,4371.182646231101,2389.8623250313317,2984.251580256068,3841.1451101918265,3118.270258752296,3918.365672907408,1089.3951509305498,2548.8017915604496,5073.723891941883,3846.902754222755,2661.4122569188107,3084.852522807045,5669.420402051253,4952.508366641271,1735.7964593524216,2124.577145406776,4004.9237572286297,3958.7959561348366,2622.618423421363,4120.082915071562,2540.915225213785,3342.2152371759553,5225.016901517937,3422.6707105017263,4072.4870576888234,799.4226370954847,4146.453153214683,4124.557532751368,3679.363102122709,4375.483832218612,4298.419751568452,3500.3776980138255,4471.789274951844,4209.308260798041,4603.01278000579,4743.184743869254,2895.3902446599163,2814.195671859752,3953.2009705453625,4452.50841720292,4975.047660026944,1299.2267927840421,3828.5407508857265,4433.671149356445,4658.581519628441,3883.169327172943,3625.5969716361374,5031.815736772658,2172.0360267365827,5327.39704857436,3563.581495320973,273.62665421635074,606.7953058340236,2721.6477169686514,3747.5285627549233,4686.037706621112,3356.671510162341,2037.02796960709,1473.3900821948669,2141.1423725829877,2187.325654451456,4105.69687700155,1931.5053771386345,4314.657522840647,2587.57187455191,2093.2710500738604,5366.670524725207,1489.8115431933504,3375.1534668131926,1092.5677482199694,1723.5464593647505,2617.047301546711,3159.2363410202665,1700.6033583517155,2861.1207390788936],
        [3076.53507794228,4137.5698715932695,0.0,2199.2047197468346,1087.8481977942754,3872.3700003397107,1914.350546000788,1929.4534082890038,902.1820327093362,2077.187032530596,1180.5889814822885,1645.3835805827412,871.3847436792081,2404.0864589195394,1531.5793638461516,3133.082092918478,850.6735273699389,1533.5020789309542,3038.133858933073,4139.515067936154,333.7719241472096,3237.3590945076085,1484.6057859759344,2504.4657370804193,343.39536033243115,3386.6833975137456,1191.843088142383,2829.5298434982888,1857.6495165345148,316.57114011441195,1567.4138143762473,1750.0335034499633,3053.2541663377824,2334.957457637817,1009.5432603002763,2062.430955993906,1476.8138759976637,2938.445681136465,1673.3406367144348,1058.9083949616152,2626.1223985032443,2584.8138549730506,2912.58764661045,1185.460948215327,3085.3791056851296,1154.6156162814355,2075.133163462172,3210.055741457426,1560.6582276180538,2647.980572382813,3503.0622498213183,3398.8494076848237,3103.9607404600215,1579.3980340542355,748.1909488036806,2771.399269696256,1759.7346430826008,1121.312679077075,334.5637030095944,1829.2182393310038,1460.6800616358928,998.1418702961042,3126.7399467062282,1401.236382028152,481.302530685952,1668.1419362447116,1742.0832618412765,2846.929875657887,2783.915619082516,2512.697595985372,755.76245626987,608.4900748549611,854.9595021305397,1126.614432291402,2968.860653128173,1512.081205426535,1654.8405972448888,4399.165107916087,4242.062189081947,1440.8233949263022,2730.8578408037847,664.1136167129451,2284.110370444775,2119.1910173041665,2674.9656805080367,2083.908886453727,3261.7576792352797,950.9221254741497,2465.593503471007,1904.1075251914172,2168.6916273859183,3207.9432868770728,1235.937485194879,2661.8308467167262,950.0810195841381,3298.66272466357,3578.6678022564815,2396.48904327061,3343.0075575140195,2461.606557150481,3076.53507794228],
        [957.7064596428071,3286.2741424325914,2199.2047197468346,0.0,1475.8539830145164,3380.377350308146,3737.622651524627,1388.4381219348634,1392.352639347262,1087.9446429953696,3297.874323535395,1715.1783472039326,1475.7373796624393,4307.898507662553,988.9910220609253,4308.796704602891,2379.586598164598,3463.9515199572265,943.0328232586824,3293.0350728652356,2438.958238525305,1077.3356604191504,3683.7449764253006,429.3152066683587,2271.5853923117425,4016.0152755818863,3252.1728201610363,3466.055876949174,2948.060300277225,1939.4275239627043,2761.3991193185348,3472.6337048525284,2369.8406081129883,740.7050222333642,2623.0671236151256,577.9805338464387,1777.436275852458,3972.5165346579843,3788.3915862117233,3251.0908872584864,1595.7232378527167,1161.7267089172856,4415.203433368796,1170.8286986786945,1062.0511247318436,1313.0778432399022,2792.5548519295057,4320.6495415619265,3759.7357461840684,469.70386093932035,4884.289313294004,2866.384074559597,1159.551456774042,1051.009561083025,1454.0198789633887,1158.1144175757643,3665.729889476096,2650.6017107948383,2407.2217652823265,3679.4497099297164,3551.1829518056306,2078.5694028710545,994.9843184521582,2116.4916735677352,2452.4430938209975,1340.6305976839217,1905.6292272416758,2387.9193913627732,4234.495665019048,1154.7366966929444,2167.9690746570805,1601.5097441971777,2500.5671256534574,3313.99915871397,3455.3962577730954,2527.097773533014,583.2300757332382,3552.0463477442686,3067.9065995740075,1523.269140093381,4154.2569925904145,2845.053685503791,3588.9482199156423,1718.956815298921,2299.266088320462,1481.1474560588183,1428.3305087687838,2937.4170405144114,1417.0330812469763,3784.782102685306,2943.7236099566917,1441.6655730564871,3191.6108637604784,2046.7193987203573,2313.613003656039,2195.650871119239,3742.950936916455,670.4037768389217,4330.272393618136,1874.4061343923893,957.7064596428071],
        [2433.1458301376074,4255.7661265941415,1087.8481977942754,1475.8539830145164,0.0,4148.338713294726,2265.435825270833,1958.032511650396,967.940836273321,1911.025488756656,2259.724448459468,1926.1139705958649,1047.1452850227165,3489.3868816095155,539.5788362356006,4055.8431378252885,1746.5781271237236,2615.2893718428713,2415.4359605413124,4260.11575611723,1417.384511707477,2364.1379253309015,2440.75951961479,1879.8561838758028,1350.6418269746448,4120.0027410328985,2279.31679538964,3538.62599701166,2683.450854942475,1018.3158960049067,2408.846292857477,2794.2624337718034,3188.7784355415015,1930.6857428927149,1155.701455449273,1122.630556170849,1836.5483672822133,3805.902612128252,2400.487145823453,1986.0544696767074,2548.701074739048,2307.777541688733,3927.9194542278146,324.9742558274952,2518.484234330445,164.2556263307937,2760.0051812110096,4113.382708558182,2525.6237613552944,1838.448321520597,4496.593180549598,3630.5421569352143,2120.8437320349253,544.6356972576855,714.3589486404544,1729.237042549271,2840.902040126513,2058.8644641298265,1129.8175005498833,2902.91983618298,2542.4650641952985,603.1300405823087,2470.809517508264,1977.0865280131566,1532.738718582255,580.6767875496869,807.6981316843834,3070.1617970475313,3782.149807897076,1449.5498957953898,718.2298739142609,614.9496689204441,1810.2010771650932,2032.3770448807265,3624.2605709993036,1108.2547141477623,901.8473891035194,4529.08711304048,4203.708941493434,1650.2558127159468,3719.890580040572,1585.9135231882426,3219.6201413917956,2269.173363912142,2920.0081529453378,2121.698612603325,2823.1017857199263,2031.4335534545373,2355.5557183428023,2983.4526008546286,2887.9463635919165,2806.1420571220683,1757.6335875084485,2790.992764153532,1777.507931807321,3249.834275926648,4130.7416400192415,1939.6299296517002,4207.936257127905,2578.0016159665793,2433.1458301376074],
        [3127.184996246501,633.3932799793993,3872.3700003397107,3380.377350308146,4148.338713294726,0.0,5763.422007285546,2201.2997023675853,3230.3329350517033,2353.651964720297,4107.645154418642,2269.335103047008,3182.6149850707325,4121.115038756502,3996.2535813467916,2824.0664516519664,3174.8505162259066,3779.768572585858,3062.2725110793845,625.8855657621782,3785.6162677729776,3940.1712267619314,4795.234588122222,3099.9753529295094,3605.5899322118353,1870.5511912104205,3952.2588885467117,1806.4648265957085,2509.7449064790535,3595.9483319010574,2682.2586559533866,3428.4164862736484,1012.6769998509209,2644.9839084906243,4849.915686153311,3907.9486846762074,2412.638655122933,2482.291542643408,5314.473965865766,4595.712076044951,1785.0436085911317,2247.839086598128,3413.625173190825,3875.2150743253205,2894.852582325999,4028.1620427575303,2075.4444589422633,2725.1750554632404,4818.611611657557,3595.5817350826987,3452.0843621718527,524.7112009700536,4355.6850787530175,4098.508372846026,3512.3084973083155,4518.753426905847,3813.2795091899957,3105.6427094570863,4205.496079036692,3714.8187108554007,4161.763321038887,4581.436066681021,3170.067521785914,2489.6087194315237,3626.1561374614053,4422.441457011657,4911.279190763713,1078.191455578714,3242.936161991669,4533.711224488097,4463.836805692324,3704.80652261248,3264.824822906136,4674.1059918887195,1580.068896861469,5173.435374483142,3559.3337008599415,737.1606972524766,1215.29287584414,2528.346756510157,3164.599168157631,4366.728345139484,2811.458084682753,1879.198003944239,1232.1670975593815,2044.457998895587,2501.043424886612,3711.4271620672052,1965.0775110739435,3815.0735200425593,2095.661068649505,2393.2227959721113,5075.811089521746,1377.936511148683,3031.4618749123506,1318.0875537191491,1090.7053199256966,2734.051289039173,2534.9885590281483,1584.572014201548,3127.184996246501],
        [4692.058022848937,6050.475377291304,1914.350546000788,3737.622651524627,2265.435825270833,5763.422007285546,0.0,3826.4626518844725,2739.6875444446064,3929.7880413442213,1991.895787180136,3559.5950712713948,2739.3709480883704,3094.422375379301,2789.3775671360313,4473.771583251615,2608.869258741588,2534.916970449532,4670.490447007669,6052.273141890281,1980.2749476415752,4597.063420578539,1457.689822721851,4129.05970539645,2157.960610980424,5009.371923067616,2146.8708294566127,4512.102760681941,3505.5592516834095,2218.915903201395,3239.093654402003,2943.1579613425615,4967.426014836231,4096.232467043245,1115.7101869242429,3361.4202823081464,3389.0691823983425,4405.70792155325,821.2436761809289,1322.0908220683302,4515.459192869931,4411.43247239325,4010.8412270834665,2567.5837112473723,4761.143276247809,2426.088773436869,3834.888635685598,4585.231255307482,1515.2615185760067,4099.691209563171,4614.035281999752,5303.094121864289,4270.386810594272,2764.085453841236,2497.7263527141386,3800.2788525824576,2692.808519789268,2756.981758409425,1581.5818182077808,2820.8023767038003,2155.196233266773,1669.7250711754564,4731.810515708382,3274.033283851743,2148.211769851583,2604.458513992072,2207.2836588215296,4756.599331259199,3960.517610311256,3488.235603235612,1576.74312085096,2290.2486521447136,2540.782040171724,1263.119430254317,4691.998402031933,1411.5812903562357,3156.823140300309,6310.628202998783,6150.361092756336,3350.7640564571548,3944.0842756865864,1414.7019961013423,3696.591684634503,4032.481496168003,4583.683696047956,3985.546501873018,5022.904227018055,2222.4299470229394,4344.42023155667,2816.897812618545,3892.2152494651928,4988.551725616216,687.6157794853784,4576.063143329975,2745.894962196249,5200.676235011378,5353.788898205142,4130.751677279695,4780.593770048777,4374.942085308007,4692.058022848937],
        [1709.1248370184944,2307.002822011999,1929.4534082890038,1388.4381219348634,1958.032511650396,2201.2997023675853,3826.4626518844725,0.0,1106.2649718551768,356.9593458594201,2651.6904465049015,466.1150736016046,1090.6378463204896,3335.423877253003,1803.3628975672773,2997.9621647558074,1571.2787434833776,2604.6805290057364,1644.4452130284112,2310.815770578384,1982.9457593895781,2310.412376381886,3232.1352613359436,1315.8576059298732,1778.3503718635282,2629.8396165303316,2545.3215714025587,2088.5956760480367,1727.0457117354613,1615.085481875872,1623.9716559221476,2468.164126363375,1231.1053788405218,845.1055559736535,2794.6161008798745,1808.7542541115229,630.731086680544,2641.7918310673904,3574.335497411974,2891.7386016178657,698.5268668591202,805.4843353003984,3208.3935838678553,1675.4633251794937,1585.738417465101,1830.9739719302238,1471.3773196153077,2993.4255022228617,3286.5025238153457,1768.9465610711127,3610.7439544868066,1678.9796552325176,2532.361645459958,1906.63361422695,1378.8729835529912,2531.0329955645893,2759.3646839981043,1722.6455958459787,2252.5495627957052,2730.1347016940354,2835.4748537718674,2436.9375596951763,1768.6896356744987,984.6609772563678,1888.5149053757236,2226.835113610164,2710.172227738776,1127.441425082075,3017.517888492265,2466.9504962932488,2363.688203662887,1586.2511381399443,1702.7553044318342,2969.2388153253296,2068.007292781157,3020.398169761943,1392.0887540739222,2579.1638033821278,2328.2636377558038,509.4391367893901,2931.7746619436816,2553.11250795103,2366.454655587723,347.56806781882733,994.1895241957753,166.03073664983856,1548.0697354715442,2224.916238095271,555.6342833153411,2844.8389392078084,1620.6414982962544,1459.1351981423427,3160.2235178000406,833.1376977375373,1443.118914472192,1374.3973122267967,2377.7910778989344,962.375370105889,2977.8012688616113,620.5848289862303,1709.1248370184944],
        [2203.185799733855,3400.982440600759,902.1820327093362,1392.352639347262,967.940836273321,3230.3329350517033,2739.6875444446064,1106.2649718551768,0.0,1192.7632637774548,1911.5079977657388,972.1539912057888,100.58958949771237,2937.4003657103276,1076.9091632007326,3196.0743932740074,1016.9852441228912,2079.8549430880616,2160.04002528094,3404.249768145722,1073.9946290703558,2466.7412004553753,2352.66181254166,1639.856110254821,890.9068374394144,3170.9043487339686,1860.4104520661588,2588.5554733398003,1798.8549999975203,595.6838145920208,1548.9363694986869,2129.176673802867,2314.10184787637,1433.8759607238903,1689.1128638824953,1432.3325830944814,869.6922440592558,2913.7757210736877,2574.4592339873457,1949.1831952020657,1780.3293873285265,1689.8680097025215,3168.292063324952,787.3962448559728,2194.9797148912203,892.9769203569443,1815.1207659909962,3238.6072709749515,2422.1177844782287,1860.3526478352119,3696.694228281852,2722.9031917263164,2440.479151803315,1168.8040851762632,282.01349469564735,2216.3315238432965,2287.6683976425097,1313.8806058458943,1193.8347483810448,2311.7480141330543,2160.0766354936973,1351.9539114594631,2256.016147651736,1028.938822929714,1064.8992336588221,1417.875373812113,1774.1669428155078,2158.440586270497,3002.7807077438215,2024.1353287217241,1258.8689523928592,482.1997860326922,1127.6156629360694,2020.3936440367795,2663.3830505955484,1943.3188888137424,944.4160722182726,3671.032872805899,3432.0658866975223,703.0178478716426,2930.7966101696707,1564.6257308070703,2391.0989003115496,1368.4938992437735,1998.476377549634,1270.927950331933,2359.581747110431,1545.1002735753393,1605.5154995443907,2412.778741898158,1950.330192606759,2306.282233138375,2090.200825652167,1912.272139471808,982.2075310244055,2474.6878166746133,3163.030952164399,1499.0933216629974,3308.3248770469095,1700.4856168587214,2203.185799733855],
        [1354.3310034909794,2366.2189218965104,2077.187032530596,1087.9446429953696,1911.025488756656,2353.651964720297,3929.7880413442213,356.9593458594201,1192.7632637774548,0.0,2909.0931019232744,806.0509560668061,1207.1176427255157,3661.841926863719,1662.3304114987075,3353.599167256411,1842.2322956278497,2905.821002101314,1290.4213752757594,2371.352971056974,2180.3157039424004,1960.5692698373161,3454.5187624519485,966.9667073262659,1977.4777921339282,2958.587892221272,2814.324118817154,2428.6321705250025,2079.9224893991186,1761.171154991959,1965.2265439403598,2794.7211819079716,1345.7283060440682,488.3788925734438,2859.1976667404215,1565.8757353233502,949.9116831091699,2995.6843574628815,3746.800651463187,3087.97124768106,638.6604391675635,519.4629437348134,3563.065870423527,1602.4068731533016,1240.0514179192937,1766.6474463611917,1827.790503432443,3347.4160135317925,3514.367121368184,1434.5833519613311,3967.662029949495,1830.0982591414347,2207.2069481386748,1761.9684224284579,1435.3742781662852,2244.8777512173842,3070.860220999664,2025.0973991312603,2383.3074886299005,3049.1236175632735,3110.165392639641,2443.4250105571523,1413.9192437467484,1314.432886914981,2109.6329694449078,2089.473103959855,2609.062982631476,1316.8759204703304,3372.640859624604,2211.1162222024636,2409.2133534572386,1645.2063521756475,1975.1387637885648,3163.3846842925254,2394.9748562554264,3008.2339415693823,1209.3579119226024,2639.6364494522973,2294.4162688762867,767.7887123453237,3287.139919143091,2726.4298115999422,2721.09357688423,642.2036664404648,1215.8870875481348,400.7146976182235,1249.6490822256912,2489.7723487175235,444.5541532209719,3163.01305898522,1976.7201097754019,1173.1319977760927,3282.886140188356,983.5618512860694,1725.071680042427,1338.8313237937289,2655.102612899054,605.9869456294554,3327.030603690035,795.3140096129567,1354.3310034909794],
        [4099.896567216333,4519.189446719284,1180.5889814822885,3297.874323535395,2259.724448459468,4107.645154418642,1991.895787180136,2651.6904465049015,1911.5079977657388,2909.0931019232744,0.0,2229.731748970544,1838.153225487861,1298.0003515106944,2710.8492508026397,2482.2758843557526,1082.2612249704591,548.6982296915288,4052.2415145009854,4518.592599456377,875.7796863357669,4363.614930021196,693.5290695679595,3545.9530532459007,1026.6757212250548,3062.106853882762,165.37426154381907,2611.530978214268,1641.209048259724,1370.9260308751602,1428.1442616999004,951.421441053461,3511.956315250465,3277.565000736886,1719.5865749016186,3228.2147661259155,2043.1546325614854,2422.615398075225,1300.4316761775372,675.4719862943534,3320.1175552454592,3426.1979011324947,2054.1554052076845,2363.191833609641,4066.9036999712353,2334.702256951812,2044.6192746933216,2593.345226241641,711.0753321337701,3761.710989096121,2664.989290505507,3724.0858160699186,4269.9843605925935,2759.9824568449612,1863.4464922790323,3950.8512745367825,736.0704510625051,1020.8076709509104,1178.1334668538414,853.014125711899,284.0531362958602,2026.0519216514888,4154.658802663769,1761.3413543687607,846.6314069155595,2836.111703691096,2827.662756146169,3244.26507360338,1983.6952417863604,3693.2061289154362,1756.0663800982086,1770.7540742803183,953.3126796088494,729.0525607207823,2815.105661257761,2370.491084221988,2792.5366214291826,4752.371310044823,4767.064049350421,2151.2313003589975,1960.658105872006,817.0138766575749,1714.982904245843,2704.43451796876,3074.240005127515,2769.1304262221697,4156.790170085274,430.7066904731409,3204.3051268256468,877.1497489962826,2058.8343895959206,4082.2113640917382,1418.6681123668964,3175.6391323591065,1218.2244659048129,3900.1194353420283,3503.2445842417424,3362.079916850763,2790.9235050124644,3016.5428315317586,4099.896567216333],
        [2157.3607717841396,2493.355642273522,1645.3835805827412,1715.1783472039326,1926.1139705958649,2269.335103047008,3559.5950712713948,466.1150736016046,972.1539912057888,806.0509560668061,2229.731748970544,0.0,916.0791814937097,2869.5014597936074,1901.8400475126539,2599.1119148013227,1148.8679304284847,2148.9105613046922,2094.540240011553,2495.4944429675647,1635.3713661463116,2709.0098073595673,2839.643872554879,1722.1473202223729,1434.936404670491,2343.4170386710452,2113.7251541846626,1774.4521601660047,1279.8397583137146,1348.0501669224545,1160.0898316726627,2002.3590812538525,1407.8707465730395,1282.46937493666,2590.133745851175,2040.6647108680222,187.84152286833762,2257.857223480005,3231.348589816191,2529.5268191548535,1090.966914197495,1270.5939630004054,2765.231546689667,1693.9399378565784,2045.4307644168211,1828.4600332731304,1077.5179953493518,2606.810280353664,2888.2657058987534,2138.5545836546767,3192.343555982085,1772.904319985766,2874.714288601993,2004.6089889442844,1251.9025912484926,2807.3763037918543,2297.9637575983293,1269.4042859569029,1979.1353701160626,2265.9447935953017,2397.650899292911,2316.0218488460214,2216.907562401829,519.4844677926634,1515.1551307564923,2301.872703137501,2722.198040404043,1211.8055629270693,2576.5325300046707,2698.5517765842146,2194.832883139104,1437.9992059989702,1276.4374492976146,2608.4366902708357,1797.8538463679101,2908.589916324623,1569.8115974396114,2756.8166000080237,2613.925753343788,276.93888526317335,2492.1109359051356,2221.4945531863114,1924.2257452981776,488.4788910148332,1044.1113255569408,547.6632135085567,2012.286284027096,1799.5034842352213,988.3874261668672,2380.8324448579106,1228.7508441554057,1921.1167979370075,2878.4225842279957,1018.6925923440052,1011.6782638570917,1694.9401823363428,2223.0532219766724,1396.0309140441552,2616.1575798426074,825.4448786398095,2157.3607717841396],
        [2266.661753879669,3370.333705030306,871.3847436792081,1475.7373796624393,1047.1452850227165,3182.6149850707325,2739.3709480883704,1090.6378463204896,100.58958949771237,1207.1176427255157,1838.153225487861,916.0791814937097,0.0,2844.9485700385594,1176.1396611061616,3096.69571885568,921.202399277834,1990.823728171007,2221.592418729217,3373.3367516808225,1015.7334423058253,2551.979331075434,2298.871250545992,1708.196094903411,825.6343851609745,3081.557189151464,1781.498241202283,2499.297094939349,1699.9693653274423,557.118092999446,1448.7887185885775,2032.4695485356206,2281.557712510095,1478.440691942234,1707.3726449868311,1531.0047318797094,800.1243800664754,2816.0975358424744,2544.070444704131,1904.4400928523414,1776.0891927865464,1713.4505438088077,3067.9054763088975,881.4371872748902,2249.761056611743,980.7002676218656,1723.9825190745064,3139.946326421851,2366.3614243476313,1944.815555647266,3596.1432442326527,2679.4897367934072,2535.4160349957538,1267.2583677297357,341.169849651849,2315.897887488617,2196.7091594705666,1215.6155762695726,1177.323514464386,2218.458504786524,2082.022237020942,1400.0171504476186,2320.4074301099395,937.7054145057548,992.9168381776625,1511.7153276222425,1854.7506030983388,2115.3425459618165,2902.2360299771185,2124.6834009238087,1289.4582444569558,522.2778728514646,1034.2265684291488,1977.1949223003714,2578.4098818969173,1992.5613247005551,1041.2991895060238,3639.0862462677906,3418.868351717026,655.5237790181363,2830.2146513631624,1527.8539257590585,2290.669329883173,1333.811502655113,1952.5072375411114,1252.926679450866,2397.7031608249417,1463.3971887317607,1606.8735035561363,2320.404599844354,1857.6484172484415,2340.309416848905,2080.9688940249303,1880.522535514084,882.914106484348,2464.300440270443,3088.156233738509,1549.4172118196273,3211.4053575945736,1670.4433354308317,2266.661753879669],
        [4979.52438532012,4656.358524244474,2404.0864589195394,4307.898507662553,3489.3868816095155,4121.115038756502,3094.422375379301,3335.423877253003,2937.4003657103276,3661.841926863719,1298.0003515106944,2869.5014597936074,2844.9485700385594,0.0,3887.6154885860233,1687.1646848878963,1928.6888495267067,877.0922256822016,4922.149021355106,4653.042884064449,2072.24001375841,5384.256224093866,1637.1081157737021,4472.232313368133,2156.0909562631678,2577.7742846879228,1228.785376802488,2346.1194445040837,1734.6852668445235,2511.1762659965448,1730.2652419596095,867.4411988282477,3825.851684391237,4108.229666142688,3012.5889299705564,4351.271526256168,2712.334746011651,1827.4725813113137,2289.1756122610395,1893.2159336526736,3894.2614201800106,4139.895906125472,1045.0756660359173,3539.330572630117,4896.2075410816215,3540.4465167965236,2161.9121188356726,1822.3627262702182,1580.3340732907263,4777.121733798683,1585.3451444149914,3873.8931464514644,5375.891035058944,3950.90661228351,2976.782027937212,5113.5962266019515,655.4954560704703,1666.2531039777693,2462.8450326536376,628.5428385628878,1030.7007723498382,3315.458836521411,5037.980095712638,2351.0260273886374,1966.616352339516,4070.0289176693327,4111.210489649131,3529.055533176567,1091.1511960326318,4880.3066087691395,3045.644203510477,2937.3423949816406,1810.8716797942336,1918.0343238658693,2579.7346445046014,3666.254238409698,3877.3422515306734,4841.592248033184,5043.455388242215,2910.974047479556,1125.8609777455292,2113.348070610367,1310.6768539935958,3254.730148228568,3385.657427902018,3402.117044958323,4880.41607428312,1459.1864465463727,3835.0934987687074,524.622836733508,2084.4833495214616,4786.457381106004,2637.942447966332,3587.3705787950316,1999.0934022700164,4323.60112782732,3242.8738754434094,4211.60048521803,2068.7770970255096,3490.6200971407393,4979.52438532012],
        [1940.8517797889044,4026.304509185566,1531.5793638461516,988.9910220609253,539.5788362356006,3996.2535813467916,2789.3775671360313,1803.3628975672773,1076.9091632007326,1662.3304114987075,2710.8492508026397,1901.8400475126539,1176.1396611061616,3887.6154885860233,0.0,4272.835310541726,2037.126951509404,3010.947045324555,1930.3492423372509,4031.665828331419,1841.3070419251694,1824.897313289868,2952.308657043489,1412.4145153183536,1732.512696071561,4212.253530003506,2709.7447215966495,3631.760372221703,2875.747310066179,1376.4769994364312,2623.742747572749,3135.9071753226644,3000.107208779907,1560.3134330184125,1688.1480192024956,583.0530614157594,1862.818142139526,3989.025638768481,2938.627584485543,2499.669127809421,2291.278657065422,1971.1108608624734,4223.13160002367,349.39045451677663,2050.1772874572885,401.69269294286204,2870.4269676282233,4315.337656000107,3035.557953371539,1310.8023674598949,4764.876603695993,3471.726824542087,1594.604598636958,103.78746160530437,930.2849916996372,1240.0085517034695,3232.5515378244463,2348.3899375867213,1635.1754779020298,3279.647852585004,2988.60278731219,1119.6689199377543,1973.796616635473,2090.509217503271,1923.0686957112555,427.399044615282,963.9989885948623,2929.1545186078965,4063.6318509239404,992.691134304879,1257.67358439253,951.4902415763592,2125.932346177626,2550.404891197221,3684.4721995308223,1538.2032900143738,476.9636762977095,4299.316525498099,3905.2919402158386,1631.4003928426541,3994.367008033897,2093.693454111963,3462.942058293029,2143.6341151079155,2797.1129345863096,1954.0706149587122,2394.3024733825005,2433.747324254663,2095.24698493049,3369.630181154717,3010.928802289304,2392.4208693694595,2296.953006169936,2618.5357438265737,2032.1555476677659,2972.7498562774645,4120.410539628909,1543.35985979501,4381.583980724641,2412.2976992419326,1940.8517797889044],
        [4687.635772163644,3436.323018541499,3133.082092918478,4308.796704602891,4055.8431378252885,2824.0664516519664,4473.771583251615,2997.9621647558074,3196.0743932740074,3353.599167256411,2482.2758843557526,2599.1119148013227,3096.69571885568,1687.1646848878963,4272.835310541726,0.0,2321.493345539692,1940.0366655807143,4620.18702710721,3430.473110021613,2838.2061410932833,5302.738312505251,3080.158015117846,4310.029540545017,2794.0898991387317,1005.5727723523062,2330.684944263477,1093.2343457111801,1398.6372769820484,3061.3806659878414,1652.9372868729363,1532.7164188486317,2905.1236155857514,3841.733234813839,4040.1292081020247,4566.26835604925,2533.708095916224,381.583801996975,3743.6096070376348,3156.109789256638,3296.1451043708,3696.445800709995,684.6566141362568,3966.510128856012,4532.943630704133,4037.5332433828085,1527.8337830794992,136.2005126431982,3052.679233686673,4737.660763748284,660.7466872946403,2752.253277682914,5466.944141146927,4363.223836625462,3372.8973454567076,5354.094621529242,1803.6364066439717,2020.1024859182794,3351.1572122669418,1671.5857138946747,2338.1641022998465,4129.685080347764,4746.570430446046,2217.8528142909167,2660.5018374129104,4588.435205566024,4825.416183095202,2625.4556414975104,596.0195699725424,5199.632304062756,3887.2043116370783,3440.928983159963,2284.543737319979,3211.3214300582745,1280.0675239508248,4629.215970614942,4070.7300694264377,3559.0513151387163,3941.053943785839,2789.973692114497,569.8481009742326,3189.720809084667,849.0019871410025,2755.5619418551128,2545.1520647944544,2979.627415733517,4360.934758389646,2327.905765032193,3324.0540771453484,1702.9818257722825,1377.6405771405678,4248.95712768919,3882.9993381426575,2832.2282581810964,2278.4386277687036,3466.960812383827,1781.0893648387018,3959.55995271174,387.10303823635127,2836.1308649609664,4687.635772163644],
        [3091.896452197109,3521.5916072318796,850.6735273699389,2379.586598164598,1746.5781271237236,3174.8505162259066,2608.869258741588,1571.2787434833776,1016.9852441228912,1842.2322956278497,1082.2612249704591,1148.8679304284847,921.202399277834,1928.6888495267067,2037.126951509404,2321.493345539692,0.0,1093.7968201742785,3038.959979760006,3522.0348734825398,639.6070996928258,3456.448839969896,1699.8111961528086,2562.1818006460494,510.7003401179468,2536.8857112326104,974.6901742244789,1984.2208880787346,1007.358689765888,740.0100868387715,717.1441419332554,1112.69497416619,2475.821293413301,2240.3581565109953,1844.6073254149665,2446.7665128785857,961.6873184357429,2101.594215952842,2148.8324326915363,1431.0319142205758,2238.2952032036196,2354.9875312420663,2191.1966958447847,1702.8789796157141,3035.026617337673,1747.3370039591443,1246.32480111533,2388.4125876694698,1744.252093307719,2849.0400045988717,2750.972452157173,2742.626207973702,3456.61414044091,2115.4637906081834,1107.0241228035402,3225.587397961711,1287.6642884191797,313.77179553712926,1136.713255088779,1300.584734904732,1268.2525274771945,1824.7126666846648,3148.917799771735,709.8594953659475,461.59710045621176,2300.9792259115898,2504.2348972018676,2225.8861453289546,2038.9792543931983,3017.3145603853814,1599.431507488979,1134.6251677872428,132.92470362201163,1510.297095581594,2133.1244489548676,2360.850324772554,1961.3830860787273,3768.6149241034304,3721.311137149464,1076.7805117883152,1974.7090531670813,1197.486987974919,1477.58425515817,1628.4297148911246,2052.2571816249197,1686.8717067890414,3091.829779233237,653.7714363286948,2122.5605642959154,1405.2092379478356,1327.8996595698845,3012.8156929505944,1924.9404555942663,2119.3596689799533,146.60124866173908,2831.251111209578,2765.3293644298406,2333.9991162469287,2506.871884722099,1949.072066393368,3091.896452197109],
        [4183.245942056371,4241.7553466291565,1533.5020789309542,3463.9515199572265,2615.2893718428713,3779.768572585858,2534.916970449532,2604.6805290057364,2079.8549430880616,2905.821002101314,548.6982296915288,2148.9105613046922,1990.823728171007,877.0922256822016,3010.947045324555,1940.0366655807143,1093.7968201742785,0.0,4129.30566644274,4240.1000148567855,1200.1466188396257,4541.204372933063,1160.6502159452532,3655.9780697851215,1279.0365085894687,2574.8422427360224,414.8944083685154,2168.210107528752,1270.1171187367163,1634.4751877868687,1130.3602972514245,424.21880154412605,3295.1881870061648,3325.0245750568392,2229.967144498621,3481.2199712944393,1974.196535611564,1903.203326388302,1812.2166368042342,1223.6770534410666,3224.131709253241,3406.518776445141,1509.3077135881247,2662.468522071994,4119.357979229531,2663.782847475933,1707.0820678970074,2054.2728165494555,1147.9390244883339,3933.613717775136,2120.60615746462,3442.4265843990993,4510.974360536962,3073.8372480785933,2103.9654782915177,4239.027883009733,226.285239515464,882.2971588365799,1622.0491507816762,315.52931668256633,420.3921499707781,2472.7413728885936,4240.5934438221775,1636.6286885027757,1089.5431467592875,3195.6618696698533,3258.0015952110894,3010.5628609527575,1435.0486514589497,4003.61558987092,2205.028829560547,2060.357785987244,966.7417557327828,1274.6564381615137,2385.2685257396033,2869.6549902520183,3012.994431444827,4458.7457242649,4548.086283720325,2139.37625638497,1412.3399667285262,1330.3318578228323,1204.6080492349972,2586.0035365056774,2849.0001893412364,2695.9252033791736,4148.952252793064,583.8653225036766,3136.5312844927103,371.98576713025153,1687.3705629419062,4063.126720083816,1966.5598626955061,2997.7338364902917,1188.6078919600072,3737.691499133104,3079.028226600343,3421.8818284956124,2259.2887951555517,2865.6671934396823,4183.245942056371],
        [69.73537398698359,2802.3750152871157,3038.133858933073,943.0328232586824,2415.4359605413124,3062.2725110793845,4670.490447007669,1644.4452130284112,2160.04002528094,1290.4213752757594,4052.2415145009854,2094.540240011553,2221.592418729217,4922.149021355106,1930.3492423372509,4620.18702710721,3038.959979760006,4129.30566644274,0.0,2810.7915293871633,3233.9397465380493,881.8210921458607,4510.8203365461295,543.9190818709793,3047.151090590989,4128.072396856289,3981.7128641091704,3641.204878587974,3370.3236695870073,2749.1929261257915,3249.5793281040974,4058.877097297172,2130.256353132032,816.4228886922555,3554.7990181650557,1448.9556358637965,2226.3261508484316,4253.762329572554,4676.492644666889,4096.764351258903,1416.224955497211,944.9447622172959,4852.8206401836,2103.9545235973264,184.83142187896152,2251.8010086828835,3103.902249046229,4604.723813413776,4581.446741111404,745.1182403490486,5245.713437684562,2603.3809286929713,1357.791489001566,1987.2843369423663,2294.31663343861,1674.0692993826149,4310.140506066285,3262.8318523032185,3281.9544696338926,4300.6063750715875,4282.852485963063,3018.565582536142,126.70936333007667,2592.8499718793933,3211.959987331567,2259.6746344419503,2820.1332891065763,2264.825332433986,4661.941982141898,1826.2700229262584,3095.568606362669,2469.745756306498,3169.6583682265364,4164.694952132403,3569.8836257922626,3468.331012617327,1515.1694765580257,3043.1961065056557,2443.4306623634934,2012.1083704382816,4576.124176937037,3699.4601364801024,4010.8625809794416,1865.3214866335488,2243.5207758951587,1641.7986725483986,642.0645052019999,3657.0858385978936,1325.0165670578167,4412.510621194855,3250.1765264889254,716.4746690135202,4105.073369957103,1940.3056812848997,2941.446844428154,1751.9639832745056,3684.265243334764,710.5505146050707,4563.272599254527,1848.1772143665662,69.73537398698359],
        [2869.604465834145,9.859494653577856,4139.515067936154,3293.0350728652356,4260.11575611723,625.8855657621782,6052.273141890281,2310.815770578384,3404.249768145722,2371.352971056974,4518.592599456377,2495.4944429675647,3373.3367516808225,4653.042884064449,4031.665828331419,3430.473110021613,3522.0348734825398,4240.1000148567855,2810.7915293871633,0.0,4098.500693918957,3689.978733376393,5193.217237871727,2955.2634294393624,3906.5198187842507,2492.027040868711,4370.422881798259,2384.9282546740947,2982.1152000188854,3843.3597548188272,3116.9526381233864,3916.060648323877,1092.1644826317488,2555.3919404775033,5076.456744028144,3853.3738311677134,2663.2353792454014,3079.372205074134,5670.003150128447,4952.990463962234,1741.3531243091943,2131.319796404927,3999.918785025473,3963.4283118738235,2631.1155411747422,4124.627279463872,2538.837072243042,3336.1372922818077,5224.593341363662,3430.3293658596017,4066.2634575354723,797.9499273417332,4154.565035335925,4129.986322559106,3682.7478026923477,4382.9497853491885,4296.26783862749,3499.9419320001844,4473.767706987345,4206.935971866288,4601.831371167833,4746.821066379272,2903.957663442285,2814.827165509803,3954.0742062287545,4457.931156066638,4980.087828080618,1300.2686353274985,3823.715439034409,4440.6703656160325,4661.713006383339,3886.426049656994,3625.8115784993706,5032.289601985265,2166.7899689181436,5331.212501771122,3569.193869605846,268.9983214909141,616.2251942880065,2724.3598252245847,3742.78380999793,4687.153397677353,3352.964531321176,2039.9077728740522,1474.4089474552673,2144.9874105187864,2196.101331063548,4105.376754471541,1937.003501127569,4312.179836453136,2584.9557330441808,2101.898386171957,5368.346169706533,1492.8261102683946,3375.617079792918,1099.684268294731,1716.2343104043434,2623.906623848266,3152.7556985241163,1703.8097596401813,2869.604465834145],
        [3277.152170614138,4097.338728515791,333.7719241472096,2438.958238525305,1417.384511707477,3785.6162677729776,1980.2749476415752,1982.9457593895781,1073.9946290703558,2180.3157039424004,875.7796863357669,1635.3713661463116,1015.7334423058253,2072.24001375841,1841.3070419251694,2838.2061410932833,639.6070996928258,1200.1466188396257,3233.9397465380493,4098.500693918957,0.0,3496.664163999602,1284.0747899467353,2712.341689619803,204.62880194335057,3153.6087061245858,869.0265352127476,2612.346802897284,1616.8525838976336,500.29072786729745,1330.0752878362705,1422.8325119182725,3027.6544605434533,2491.831964006822,1226.5349954386152,2352.468023433538,1452.9802644710821,2663.5867345085344,1597.2952252248551,909.8989141567071,2679.6721422022815,2698.092628254159,2590.234147951972,1492.3787541083504,3265.3951550562174,1475.4918840303744,1885.222017165942,2921.0810068010533,1350.6849692604983,2898.3267014188455,3185.355980655086,3334.4855033245703,3394.2046746002607,1895.286813382132,992.0186074589961,3080.366198368748,1426.3125640270507,857.0253634504126,519.1226293860258,1495.5408953542285,1148.8914038757737,1312.1933725104582,3329.847104678216,1296.4591407785206,186.71156239411084,1998.0602138366528,2072.1137194524613,2798.321357174514,2466.8323678649285,2829.197529138246,1056.6367147517296,895.8225396328885,600.6964446730575,986.7833244862251,2768.542042685991,1791.1043236906783,1920.1225878231965,4351.887935998907,4249.118734753189,1475.5944982732417,2416.777714669176,589.040278211078,1991.3576994495777,2122.7697512827704,2624.2708412710417,2125.469114724368,3403.1666424267414,617.1880124562467,2534.7705652969,1570.4667229297668,1962.1881051554647,3340.0656206010653,1293.3775768429437,2649.6029233130484,769.36800629791,3325.045452002214,3404.8938646341935,2564.948730129408,3065.8434874214554,2460.7012865471816,3277.152170614138],
