{
    "drone_dist": [
        [0.0,864.2687618907596,2303.224751987365,2956.787887768954,3621.2081287260303,1556.4215787447924,3557.282109570254,405.557229090998,2085.1864099571285,3569.3678854277746,3436.8488546907865,3375.0401930585954,1709.218892557218,2896.540823323578,5014.082548387233,1161.3362529831197,2051.363796886636,908.2086312278402,2262.330988415243,3941.1790250372806,3960.1588920837235,4548.638190247652,2980.4381761308837,4216.22799542262,4240.248991800587,4834.845753844102,3695.6287830899946,3010.7679012292497,1751.5953432684694,541.9389222173903,3113.0663163916092,4339.19091559827,2890.2333055199015,711.469768163238,3467.5659291970323,2440.7438815746123,4203.252504691515,1316.8298925222393,1952.165853665254,1554.071926086811,3010.8099027512717,1520.6644354678447,3409.386140789883,3020.5571670162403,697.0196636044851,1319.3176708879735,3835.252251243773,1582.7717690978952,2718.3113610233345,2654.837280494357,0.0],
        [864.2687618907596,0.0,1440.5883042598957,2094.0593423035057,2907.654386296601,870.1865277928783,2753.287926491346,500.5409449575701,1502.3437691504175,2767.489353069799,2633.7166945767412,2783.560849364785,1424.5539881609907,2404.3023065834454,4151.530299532918,367.19905410268626,1212.015431759645,1531.8190945357235,1646.409182529918,3077.591270707486,3248.1285998756316,3775.05507175609,2855.0562968378504,3352.0494333094553,3487.362576683155,4032.2150441671647,3011.0549296687277,2167.9749780934726,2014.7788879360253,812.7370413893954,2252.1230253429308,3513.6977907156866,2186.0443125852444,1311.8879570395707,2634.593312755327,2428.3909515576624,3360.687981924739,457.36540402326636,1779.3584132263259,1953.652607828812,2380.905709942246,700.1352387739729,2795.8223585543587,2636.0215491370805,753.0215204091403,1522.7453743401288,3189.127439974739,992.3828395301448,1878.2978072465285,1807.1451921968196,864.2687618907596],
        [2303.224751987365,1440.5883042598957,0.0,653.5771557082106,1902.8165415392032,1208.628363859055,1649.9758760463449,1918.3036702913726,1544.839636732348,1671.3430193763827,1548.9972777997941,2124.6073237429264,1882.8898487720533,2068.8635171562128,2734.640942000419,1220.6103239283218,387.02726929167073,2831.0639853159923,1525.0329377017526,1657.2314989738006,2209.955161974166,2698.1976497138485,3300.1427900835442,1922.5697940484065,2496.369834621053,2848.6133703252513,2073.439308767273,943.4999563744054,2938.1098563885052,2115.6347630354144,874.3780400178575,2269.0786029207707,1574.6477993717958,2628.5457603988443,1276.9705475233484,3106.4135229344038,2051.159954635353,986.6704194348083,2410.2026023314615,3020.806922178061,1712.8044861596707,840.6619328203412,2078.9601344269427,2467.871633943494,2036.80530960719,2510.3181802986865,2329.5591081287316,1404.6831539837292,556.0748998425871,626.3229397759142,2303.224751987365],
        [2956.787887768954,2094.0593423035057,653.5771557082106,0.0,1686.2365105691697,1768.5288373255544,1359.9024048983829,2570.7475459314346,1943.098340401397,1384.2813867427474,1293.5417825781735,2115.344293442249,2375.167361483161,2242.000323128774,2098.548515266428,1861.5461777265575,963.3199757793649,3461.178984300168,1865.3756796965824,1026.547452310443,1932.3604383059007,2329.68194565907,3663.500058696627,1279.0000415948825,2202.459504855061,2394.698537115164,1886.2228256952574,714.094961057319,3482.3711607392174,2755.06971135918,409.50602173997584,1792.3645545058203,1661.452185249739,3263.7599878391293,779.5471704199749,3557.174819024598,1526.5498237940756,1640.1218401871956,2885.503176602554,3598.1947362977126,1763.4713005164917,1476.8628083400617,2040.3064625726142,2671.824142991432,2669.4897936858038,3084.753058165533,2168.958220054997,1940.0577247846306,478.3084656269894,664.4126905484649,2956.787887768954],
        [3621.2081287260303,2907.654386296601,1902.8165415392032,1686.2365105691697,0.0,3053.496225787923,2982.142001307686,3223.725387300864,3447.621636403304,3006.586580468957,2938.243600017604,709.4735139281645,2216.1422342061574,1229.0297808478224,2827.378873998646,2876.625722130062,1826.8663199209566,3722.4624863215963,3420.4378217625067,2124.954531108938,340.75344452460536,3813.2514266196595,5202.9508424936885,2172.421092220944,3771.268007040455,3742.874692875663,207.85898423754006,2397.3378934214857,3269.5997107383723,3197.3157076460902,2057.8480530841134,3162.717091085832,3335.2353261176627,3593.0391497040455,1049.3763935079548,4989.728533309907,2841.159515786054,2515.732174693756,4287.366476182215,3520.4698995925482,730.3551929568068,2226.210658930565,597.4383960102086,1588.5058731340962,3648.455411104018,3072.2659744283346,494.1226652392639,3263.221535149478,1374.4119982711145,2308.660561630119,3621.2081287260303],
        [1556.4215787447924,870.1865277928783,1208.628363859055,1768.5288373255544,3053.496225787923,0.0,2024.2539394593068,1306.2218740182327,645.1406991322109,2034.1954662629796,1904.2471118625344,3128.8614212894277,2158.1486060482366,2890.66768240346,3632.6238522297067,512.0522053081577,1232.3799057995768,2363.6790853493594,777.267797504268,2602.2482759070886,3377.498102785947,2994.193497365732,2232.155623284617,2890.9508761117554,2683.8325961860487,3293.145400014661,3202.9253194939324,1566.5422007249529,2879.5039056528376,1668.8738579408089,1768.9992231167528,2825.706751833062,1341.3198941380203,2142.683143677191,2478.575737059627,1942.7381748617402,2727.614785055715,775.050305760191,1238.8540882879095,2823.512363662674,2703.5065014412153,1014.5622523031969,3110.530341779482,3205.996596231166,1016.1350367020559,2388.3193326883707,3433.375443298846,213.70989753221457,1761.5274902220676,1252.6617439081813,1556.4215787447924],
        [3557.282109570254,2753.287926491346,1649.9758760463449,1359.9024048983829,2982.142001307686,2024.2539394593068,0.0,3248.680503058942,1731.1267531380302,24.572199150988823,120.45106961423117,3469.9803392774684,3528.635433200004,3591.2864273156597,1850.1633343095107,2406.7973604084964,2034.7564754172704,4278.913816044206,1554.1475631929009,1159.1575407343792,3175.0606848352545,1054.8198931644306,3037.7734968558257,1383.2712957555416,855.0414307104876,1279.5208011229524,3188.86172556816,711.3553726464655,4547.3510832684115,3550.0666351131567,951.7890739257715,815.1001247567602,918.7106626390483,4061.101948528514,1952.1989961685144,3157.8887341370655,813.1868229310033,2392.4715069649155,2638.8817341575464,4590.963651209633,3123.3252249188217,2386.0938155244394,3390.6717177944024,4016.718077485551,3035.417465988465,4093.258631576683,3475.4902008285276,2072.1788240189635,1818.5200371260867,1037.6313366066242,3557.282109570254],
        [405.557229090998,500.5409449575701,1918.3036702913726,2570.7475459314346,3223.725387300864,1306.2218740182327,3248.680503058942,0.0,1898.606136177913,3262.3875551423685,3128.785503075427,3002.0259253114577,1405.7632000948975,2547.212624263858,4642.772021906362,844.3975883439405,1651.940056942416,1057.5273591717141,2061.257197328846,3566.9088044536616,3563.3903965582185,4263.192963018876,3027.4722895252057,3838.2175864955743,3968.61257063674,4528.124624302164,3303.2647121405953,2668.4970155373508,1693.637431442996,395.02104009261416,2746.728079058857,4013.4074938868835,2645.4285780046757,836.4777787804632,3064.564304798251,2532.3166600747477,3861.123830655409,933.5007584024517,1959.7769022639454,1568.9360219158407,2627.4940909843885,1119.5594144018946,3031.232547239868,2705.266656143537,716.1855107404112,1214.3017082019353,3450.9725018027057,1380.652225060729,2317.639034230207,2307.4424362745003,405.557229090998],
        [2085.1864099571285,1502.3437691504175,1544.839636732348,1943.098340401397,3447.621636403304,645.1406991322109,1731.1267531380302,1898.606136177913,0.0,1733.819560863931,1620.443385941159,3621.518231142248,2794.987824513477,3447.940512899712,3508.970561932803,1154.258881636177,1702.4047513361988,2945.3914613663496,190.24387613611304,2567.5207001011545,3751.8137341242114,2577.1346664929056,1755.5392877579577,2853.3530841986285,2238.103550341586,2928.772789242368,3617.13788578496,1499.463612039978,3516.9253135002423,2278.8277651382523,1802.487964877226,2543.9160129709126,873.9853334557531,2726.6537312953515,2714.40074861746,1616.4258499425964,2517.6384251267586,1405.7410287456253,971.018896682453,3446.9940321237186,3197.8964862686994,1614.2654011674724,3589.360048406092,3788.9811966429997,1440.6793897437262,3024.9873127476617,3868.843870729853,518.3890822853125,2085.319208438208,1301.9849524164233,2085.1864099571285],
        [3569.3678854277746,2767.489353069799,1671.3430193763827,1384.2813867427474,3006.586580468957,2034.1954662629796,24.572199150988823,3262.3875551423685,1733.819560863931,0.0,133.86768159435303,3494.511610299258,3549.315543884604,3615.2419777437904,1857.575147462028,2420.0497732937347,2055.835158333999,4293.881075281835,1555.8193388511781,1178.0822331138477,3199.176873982864,1035.5696504801713,3027.96674438788,1399.7314501809356,831.9571606648494,1266.3107993592196,3213.323198600999,733.7457041020133,4566.198081862413,3565.2592553602267,976.2487761800471,810.7193879975733,915.2769283957001,4075.892057624623,1976.3538613499275,3152.5305552068658,818.619060157218,2408.784061605702,2637.5537176006774,4608.611474736583,3147.682237207529,2404.539363475083,3415.2291310045907,4040.544870548799,3044.400249266477,4111.399269557856,3499.9551579600793,2079.7888925732123,1842.5441927397044,1057.7160226161689,3569.3678854277746],
        [3436.8488546907865,2633.7166945767412,1548.9972777997941,1293.5417825781735,2938.243600017604,1904.2471118625344,120.45106961423117,3128.785503075427,1620.443385941159,133.86768159435303,0.0,3408.3363454420564,3423.6600137586206,3513.070449167156,1936.474182646959,2286.666109037471,1932.0238817734755,4160.013420008284,1445.7562107286708,1189.437113155486,3141.5026804412864,1166.1410493091978,2965.2308502847654,1428.9548092152725,948.085847234951,1399.6072637116029,3144.030232504824,619.3377412809693,4435.63190221588,3431.402743997246,890.2839443949024,930.8457200123886,825.8623907948469,3942.0291477773744,1919.0514334091856,3068.19151494408,908.4581564565307,2275.295889320115,2537.1739319224716,4476.219960923037,3054.1865495372895,2273.38035191191,3331.494355668303,3936.3241647476434,2915.92655670922,3979.666348352119,3430.3215724516235,1953.909971124194,1742.6585008589402,930.9852192690555,3436.8488546907865],
        [3375.0401930585954,2783.560849364785,2124.6073237429264,2115.344293442249,709.4735139281645,3128.8614212894277,3469.9803392774684,3002.0259253114577,3621.518231142248,3494.511610299258,3408.3363454420564,0.0,1781.4888662898015,602.3651745418575,3519.2210170984085,2843.2256245279327,1920.4097836198785,3313.5962718398337,3631.110414504434,2744.6864950349645,883.6661443768418,4378.64997774106,5350.0250656270755,2827.787554761033,4296.8909075441225,4351.491682752255,581.7525896368687,2819.712629903404,2722.967322734507,2892.316615098708,2519.1895289323247,3757.0897159980436,3673.2708213116134,3216.6164117369235,1644.326198289214,5062.383580135133,3443.4218234244545,2467.162087354604,4361.074823485103,3004.752922241544,425.6192387858341,2173.881248891217,112.13215106235985,894.0360923603392,3536.0129574729667,2604.970435076572,526.4067240507283,3342.4888717732974,1696.69766796659,2650.8597757642347,3375.0401930585954],
        [1709.218892557218,1424.5539881609907,1882.8898487720533,2375.167361483161,2216.1422342061574,2158.1486060482366,3528.635433200004,1405.7632000948975,2794.987824513477,3549.315543884604,3423.6600137586206,1781.4888662898015,0.0,1231.2253699308433,4403.020204628626,1681.1588040247398,1495.9768748485205,1532.80669483722,2895.102796643603,3373.105749355094,2526.944136423938,4580.097203470631,4278.12730470366,3585.7093852642074,4365.89130557534,4724.798061007145,2224.6737667080592,2826.079533379519,1136.6456634384103,1178.697641721456,2717.5748959821663,4135.900706060501,3264.604942660658,1438.617176870872,2501.70286312019,3847.9596912220422,3893.180234997214,1389.5924247335536,3203.6499836434864,1329.684917752219,1502.9116501984217,1225.289053710206,1842.4200593457333,1311.4068452566046,2080.6551971203653,857.1893272295246,2290.769050888541,2336.32259239593,1935.0776355962262,2492.7192664795684,1709.218892557218],
        [2896.540823323578,2404.3023065834454,2068.8635171562128,2242.000323128774,1229.0297808478224,2890.66768240346,3591.2864273156597,2547.212624263858,3447.940512899712,3615.2419777437904,3513.070449167156,602.3651745418575,1231.2253699308433,0.0,3914.9886574833663,2530.364869019758,1775.8695751380744,2749.4374587544994,3488.4393090578915,3036.70438852135,1464.7842584735313,4568.450141224381,5120.966472417197,3166.7592121145635,4441.3948114045015,4597.107812847697,1152.8147125453977,2898.6959837635422,2121.713266422304,2387.554358892939,2650.121883502234,3993.183971451858,3642.5155916644762,2668.122927228666,1963.21611055377,4778.3235066508205,3695.7078928582587,2160.893517896683,4088.882105907518,2407.6225640685198,560.7955842263352,1883.9661536394617,693.228208629863,433.8718684126464,3142.839207961888,2023.7104979573787,1128.3779757892203,3099.8796970480817,1773.0428896696055,2663.9131726057462,2896.540823323578],
        [5014.082548387233,4151.530299532918,2734.640942000419,2098.548515266428,2827.378873998646,3632.6238522297067,1850.1633343095107,4642.772021906362,3508.970561932803,1857.575147462028,1936.474182646959,3519.2210170984085,4403.020204628626,3914.9886574833663,0.0,3871.646869258352,3061.6049072749097,5559.387191665222,3349.6431399323965,1077.4613167463224,2817.0446474110295,1774.4610755695003,4880.445909198345,823.6316268448855,2003.166595133917,1424.1642871985086,3007.782649659574,2067.4781403822412,5534.217489572673,4849.51526558594,1902.2378767918774,1196.7459145863975,2762.2788817834094,5360.549303668482,1965.0190298163539,5004.642589553385,1043.078087192358,3709.9321772448966,4457.407771698439,5675.7639048048695,3354.958895274018,3571.746875728013,3410.3528931427436,4333.44579827501,4629.99798752272,5163.348604050981,3250.649353398192,3742.3018806864275,2478.9031878120954,2389.5626269732325,5014.082548387233],
        [1161.3362529831197,367.19905410268626,1220.6103239283218,1861.5461777265575,2876.625722130062,512.0522053081577,2406.7973604084964,844.3975883439405,1154.258881636177,2420.0497732937347,2286.666109037471,2843.2256245279327,1681.1588040247398,2530.364869019758,3871.646869258352,0.0,1080.6509400627997,1892.9609444956498,1288.9312089341065,2806.54587537571,3213.015845836704,3418.8614676265424,2621.188121580162,3087.6207760916595,3126.284553483378,3686.2733117038338,3001.604222920352,1850.1142387940627,2367.6933868465435,1178.9376002919437,1970.09291783694,3180.145528926062,1818.9247090490162,1672.2299843567084,2474.1555593441117,2248.2816989830385,3042.1078348751576,376.13507544437084,1564.658839162399,2317.955814337366,2425.2713683366037,669.9193886865609,2841.0288455743894,2807.5560886154854,819.5739052819886,1876.7722255132708,3204.989501025796,661.2702397760496,1718.6313185376102,1496.5588393995404,1161.3362529831197],
        [2051.363796886636,1212.015431759645,387.02726929167073,963.3199757793649,1826.8663199209566,1232.3799057995768,2034.7564754172704,1651.940056942416,1702.4047513361988,2055.835158333999,1932.0238817734755,1920.4097836198785,1495.9768748485205,1775.8695751380744,3061.6049072749097,1080.6509400627997,0.0,2499.599561471961,1722.9203911968866,1989.3514266247048,2156.2981234870044,3084.533530407108,3432.585958969146,2240.6376174940033,2878.006283299006,3234.3482001787665,1971.3571138528152,1330.1405778292158,2556.642363784978,1800.8853056489115,1245.6179776416657,2652.1332432331064,1888.090274306549,2304.8884139991906,1422.5956453705421,3174.77829476947,2426.6108504101676,761.3382282373497,2470.923759051228,2649.553211372027,1495.975907627968,533.1623779443239,1892.432082463792,2152.936503619961,1891.09002135681,2137.2210366259765,2201.501850680106,1444.6602723192666,667.6237486003917,1003.5227995078061,2051.363796886636],
        [908.2086312278402,1531.8190945357235,2831.0639853159923,3461.178984300168,3722.4624863215963,2363.6790853493594,4278.913816044206,1057.5273591717141,2945.3914613663496,4293.881075281835,4160.013420008284,3313.5962718398337,1532.80669483722,2749.4374587544994,5559.387191665222,1892.9609444956498,2499.599561471961,0.0,3113.0580384450463,4484.029711825057,4043.803772488174,5306.353452804199,3871.068345578278,4739.834138090449,5018.721352837688,5555.518196536667,3747.4946466000156,3665.2044759363826,1003.9889809438151,730.1472225160026,3696.641901034197,5022.7776354110365,3702.7199170004337,221.16053080389446,3820.925220050477,3314.4261538866117,4848.316176402783,1899.4869194158252,2857.813714595669,720.6355705582829,3026.5159870367916,1990.4603504722054,3375.178292503149,2740.2861842061584,1604.2790038787166,757.859300639328,3823.294752377644,2430.0517365222777,3124.8453660701834,3300.8603594919646,908.2086312278402],
        [2262.330988415243,1646.409182529918,1525.0329377017526,1865.3756796965824,3420.4378217625067,777.267797504268,1554.1475631929009,2061.257197328846,190.24387613611304,1555.8193388511781,1445.7562107286708,3631.110414504434,2895.102796643603,3488.4393090578915,3349.6431399323965,1288.9312089341065,1722.9203911968866,3113.0580384450463,0.0,2430.1404624721786,3716.168846127418,2387.207484960146,1801.137889103798,2713.3405576020127,2047.8608230944442,2740.954102297551,3596.1583247956073,1370.1012578077693,3656.6191077100448,2435.9363173889783,1690.6376929656071,2364.457698205709,684.6248288568282,2893.4106217454914,2643.119480588449,1721.8303905297444,2348.141823102057,1507.7609506100505,1111.1180190907226,3598.0796398293287,3210.440106661564,1692.5796273667822,3593.3394841157287,3842.6276227802687,1626.2478025579146,3165.5528197812123,3854.502108493061,683.4254539247725,2048.703337961564,1208.9871357420454,2262.330988415243],
        [3941.1790250372806,3077.591270707486,1657.2314989738006,1026.547452310443,2124.954531108938,2602.2482759070886,1159.1575407343792,3566.9088044536616,2567.5207001011545,1178.0822331138477,1189.437113155486,2744.6864950349645,3373.105749355094,3036.70438852135,1077.4613167463224,2806.54587537571,1989.3514266247048,4484.029711825057,2430.1404624721786,0.0,2231.978190832991,1721.522401834178,4109.505338667415,289.55031956659326,1752.8927328675325,1617.9305498271083,2328.9262836982557,1070.5932038911908,4494.099817478535,3772.4271580747095,839.6035419511682,1046.375176901953,1946.905147756717,4284.081286487652,1100.3864812886584,4141.204307423389,721.412233071069,2633.641625847608,3536.8540249530784,4620.411310490898,2493.8999634255697,2495.092905008478,2645.711902154871,3468.665217409216,3581.0696796525226,4107.057084951784,2606.507176681746,2731.361510673864,1438.0408207596975,1349.5921423991997,3941.1790250372806],
        [3960.1588920837235,3248.1285998756316,2209.955161974166,1932.3604383059007,340.75344452460536,3377.498102785947,3175.0606848352545,3563.3903965582185,3751.8137341242114,3199.176873982864,3141.5026804412864,883.6661443768418,2526.944136423938,1464.7842584735313,2817.0446474110295,3213.015845836704,2156.2981234870044,4043.803772488174,3716.168846127418,2231.978190832991,0.0,3946.9808482368203,5507.017317953808,2236.024865919527,3933.6063390793806,3840.1976654934983,313.159038592209,2631.4792562007083,3553.967762751979,3531.495124636264,2279.5675656625144,3278.3299370759632,3593.0275700460174,3919.398016711393,1223.022962987673,5308.572988305666,2953.365415207743,2853.9526649169857,4607.572827984931,3815.873430490112,1025.3971565046338,2565.3059969066803,778.5921440597102,1775.6392407666674,3988.102579577082,3379.6974356016135,447.5521527439937,3585.778168569185,1667.9853437392192,2575.997926142758,3960.1588920837235],
        [4548.638190247652,3775.05507175609,2698.1976497138485,2329.68194565907,3813.2514266196595,2994.193497365732,1054.8198931644306,4263.192963018876,2577.1346664929056,1035.5696504801713,1166.1410493091978,4378.64997774106,4580.097203470631,4568.450141224381,1774.4610755695003,3418.8614676265424,3084.533530407108,5306.353452804199,2387.207484960146,1721.522401834178,3946.9808482368203,0.0,3452.659691722902,1792.468334990518,361.4746425344549,444.5662389866622,4020.4056100822045,1754.782926818953,5601.646981329358,4580.819980156665,1926.8848787369834,690.4433987274658,1703.7344595251482,5086.840849779828,2764.8892067182805,3731.0936453845316,1009.8178139325862,3434.7394517985167,3352.7800676580337,5640.77834773138,4068.354668170401,3439.519825363167,4288.968091818838,4999.883587479287,3978.556990054891,5145.465243612669,4303.54037965424,3003.17902971855,2805.9826802052785,2091.9758388784276,4548.638190247652],
        [2980.4381761308837,2855.0562968378504,3300.1427900835442,3663.500058696627,5202.9508424936885,2232.155623284617,3037.7734968558257,3027.4722895252057,1755.5392877579577,3027.96674438788,2965.2308502847654,5350.0250656270755,4278.12730470366,5120.966472417197,4880.445909198345,2621.188121580162,3432.585958969146,3871.068345578278,1801.137889103798,4109.505338667415,5507.017317953808,3452.659691722902,0.0,4374.559193873534,3098.1978246300573,3889.853204761385,5371.012898847172,3107.8707651173777,4707.656972134286,3410.1006570639797,3455.1607610089163,3735.8015927435613,2163.137782717519,3689.0833302699134,4442.502753817742,601.6246020151606,3837.368079387602,2972.2525589296697,1077.8365356941792,4533.479550787251,4924.510941031161,3238.3735992401525,5324.922784099452,5422.911642232462,2322.2165350342707,4239.019016853054,5619.520654602952,2021.4112020806892,3839.7188972036847,3002.0264736564372,2980.4381761308837],
        [4216.22799542262,3352.0494333094553,1922.5697940484065,1279.0000415948825,2172.421092220944,2890.9508761117554,1383.2712957555416,3838.2175864955743,2853.3530841986285,1399.7314501809356,1428.9548092152725,2827.787554761033,3585.7093852642074,3166.7592121145635,823.6316268448855,3087.6207760916595,2240.6376174940033,4739.834138090449,2713.3405576020127,289.55031956659326,2236.024865919527,1792.468334990518,4374.559193873534,0.0,1878.2244027427282,1616.9411305235633,2369.651909198504,1358.5948903524775,4714.4392079726595,4033.5940796572663,1125.58939283781,1102.0326715279543,2211.7370622730523,4542.757195267915,1204.1738473015396,4420.014534625321,788.3730774519726,2904.757445947634,3821.6770088960398,4852.715126936074,2613.223091087829,2755.259584756891,2723.972489700763,3594.1969279972773,3866.7524209344465,4340.12252186294,2637.092237460504,3020.8749155470364,1656.7845770870972,1638.4047378127725,4216.22799542262],
        [4240.248991800587,3487.362576683155,2496.369834621053,2202.459504855061,3771.268007040455,2683.8325961860487,855.0414307104876,3968.61257063674,2238.103550341586,831.9571606648494,948.085847234951,4296.8909075441225,4365.89130557534,4441.3948114045015,2003.166595133917,3126.284553483378,2878.006283299006,5018.721352837688,2047.8608230944442,1752.8927328675325,3933.6063390793806,361.4746425344549,3098.1978246300573,1878.2244027427282,0.0,791.6562424260576,3979.11689427597,1564.9333066007807,5357.695120449043,4297.767059692307,1793.0112732371263,824.7005004858654,1368.9239134006177,4798.249106087394,2724.2747337347278,3369.9084375863968,1096.7993011882002,3168.271948534773,2994.7217364903945,5381.013696317752,3963.328390696624,3195.8465255341393,4213.03691023904,4868.434950449128,3653.6603240356503,4892.840715079737,4265.0794093677905,2679.7449319290245,2668.5114571847403,1874.8578905966958,4240.248991800587],
        [4834.845753844102,4032.2150441671647,2848.6133703252513,2394.698537115164,3742.874692875663,3293.145400014661,1279.5208011229524,4528.124624302164,2928.772789242368,1266.3107993592196,1399.6072637116029,4351.491682752255,4724.798061007145,4597.107812847697,1424.1642871985086,3686.2733117038338,3234.3482001787665,5555.518196536667,2740.954102297551,1617.9305498271083,3840.1976654934983,444.5662389866622,3889.853204761385,1616.9411305235633,791.6562424260576,0.0,3946.7732818572604,1918.9061279767195,5783.070269761551,4825.935386342063,2015.107616632414,604.7602871965288,2057.7752630342065,5338.389184606315,2710.632390402857,4152.532998795686,908.1748740345885,3663.059498068263,3746.9750235285883,5845.509710770138,4073.5920145041514,3635.320978119126,4255.378575050582,5030.940051830007,4296.007704795994,5341.716717017397,4223.544469544481,3323.6656433975495,2871.538405238859,2277.1264451841607,4834.845753844102],
        [3695.6287830899946,3011.0549296687277,2073.439308767273,1886.2228256952574,207.85898423754006,3202.9253194939324,3188.86172556816,3303.2647121405953,3617.13788578496,3213.323198600999,3144.030232504824,581.7525896368687,2224.6737667080592,1152.8147125453977,3007.782649659574,3001.604222920352,1971.3571138528152,3747.4946466000156,3596.1583247956073,2328.9262836982557,313.159038592209,4020.4056100822045,5371.012898847172,2369.651909198504,3979.11689427597,3946.7732818572604,0.0,2598.7627833617535,3242.0503531266313,3253.040303996497,2261.939048700136,3368.3497477252686,3529.2484806058,3628.313747433981,1257.0425431586502,5143.594971568414,3046.300590453071,2634.906490410753,4440.162845655276,3506.1710619971705,721.8885827275603,2342.0915249489476,472.89008672964314,1475.7203221805303,3758.062056062924,3074.693222763574,286.67447133830126,3414.2690924556714,1557.1878259803082,2500.6412113313336,3695.6287830899946],
        [3010.7679012292497,2167.9749780934726,943.4999563744054,714.094961057319,2397.3378934214857,1566.5422007249529,711.3553726464655,2668.4970155373508,1499.463612039978,733.7457041020133,619.3377412809693,2819.712629903404,2826.079533379519,2898.6959837635422,2067.4781403822412,1850.1142387940627,1330.1405778292158,3665.2044759363826,1370.1012578077693,1070.5932038911908,2631.4792562007083,1754.782926818953,3107.8707651173777,1358.5948903524775,1564.9333066007807,1918.9061279767195,2598.7627833617535,0.0,3865.696821695388,2935.6646393532,364.62472369501285,1360.0088799629868,995.5419941543025,3451.9793900955406,1432.6185746973117,3090.3689519773393,1193.1766832774692,1765.739282462432,2470.1874975728742,3927.441795017256,2452.4184788630932,1717.5223275667036,2748.3836026226295,3319.9175297595607,2572.0540254372963,3422.8736631429783,2882.2677320548673,1676.3391426547712,1134.6401245530185,364.37574944093586,3010.7679012292497],
        [1751.5953432684694,2014.7788879360253,2938.1098563885052,3482.3711607392174,3269.5997107383723,2879.5039056528376,4547.3510832684115,1693.637431442996,3516.9253135002423,4566.198081862413,4435.63190221588,2722.967322734507,1136.6456634384103,2121.713266422304,5534.217489572673,2367.6933868465435,2556.642363784978,1003.9889809438151,3656.6191077100448,4494.099817478535,3553.967762751979,5601.646981329358,4707.656972134286,4714.4392079726595,5357.695120449043,5783.070269761551,3242.0503531266313,3865.696821695388,0.0,1301.6944787452728,3800.911900572615,5207.18239021254,4146.258275588964,1095.5860640945316,3637.7290114158363,4185.976805565036,4982.103253985334,2211.058843226484,3649.1517522108143,336.6395241929997,2539.420055345738,2163.052915521637,2807.3498880032917,1982.2055129624025,2385.644032772701,492.11159313242507,3249.3739522200353,3006.161703224548,3058.858112258555,3513.76545049999,1751.5953432684694],
        [541.9389222173903,812.7370413893954,2115.6347630354144,2755.06971135918,3197.3157076460902,1668.8738579408089,3550.0666351131567,395.02104009261416,2278.8277651382523,3565.2592553602267,3431.402743997246,2892.316615098708,1178.697641721456,2387.554358892939,4849.51526558594,1178.9376002919437,1800.8853056489115,730.1472225160026,2435.9363173889783,3772.4271580747095,3531.495124636264,4580.819980156665,3410.1006570639797,4033.5940796572663,4297.767059692307,4825.935386342063,3253.040303996497,2935.6646393532,1301.6944787452728,0.0,2974.790354630686,4292.761862303758,2997.3345280126973,516.8560395638599,3168.0379854718717,2901.5154345134424,4120.469858142797,1169.9925216871916,2347.8156583666796,1175.7173401846337,2549.4221290754704,1278.3345079571502,2935.179753276001,2488.817885292005,1088.8696319922312,829.4396567336893,3371.165355698888,1760.5306940714347,2446.2924236113204,2571.385771512754,541.9389222173903],
        [3113.0663163916092,2252.1230253429308,874.3780400178575,409.50602173997584,2057.8480530841134,1768.9992231167528,951.7890739257715,2746.728079058857,1802.487964877226,976.2487761800471,890.2839443949024,2519.1895289323247,2717.5748959821663,2650.121883502234,1902.2378767918774,1970.09291783694,1245.6179776416657,3696.641901034197,1690.6376929656071,839.6035419511682,2279.5675656625144,1926.8848787369834,3455.1607610089163,1125.58939283781,1793.0112732371263,2015.107616632414,2261.939048700136,364.62472369501285,3800.911900572615,2974.790354630686,0.0,1419.6920710778895,1359.6664130335644,3490.4697009188426,1071.5867655478205,3411.390953435442,1181.2353227417711,1817.3684063021478,2770.84876184864,3893.23248857376,2172.4232758423473,1710.0572881363653,2441.4347026819573,3079.040538379732,2741.5449219170987,3381.7158795826017,2547.3623304703433,1908.2064939060867,880.0629998681483,521.7189562560322,3113.0663163916092],
        [4339.19091559827,3513.6977907156866,2269.0786029207707,1792.3645545058203,3162.717091085832,2825.706751833062,815.1001247567602,4013.4074938868835,2543.9160129709126,810.7193879975733,930.8457200123886,3757.0897159980436,4135.900706060501,3993.183971451858,1196.7459145863975,3180.145528926062,2652.1332432331064,5022.7776354110365,2364.457698205709,1046.375176901953,3278.3299370759632,690.4433987274658,3735.8015927435613,1102.0326715279543,824.7005004858654,604.7602871965288,3368.3497477252686,1360.0088799629868,5207.18239021254,4292.761862303758,1419.6920710778895,0.0,1707.792748783854,4808.3315540905905,2121.8191330405766,3916.8877578152965,325.32614348494195,3123.664412863353,3434.1295200600553,5281.663405683519,3472.0653440819883,3074.200775162366,3662.691527587561,4426.964881259186,3840.534878708539,4774.279649144189,3648.3886395244413,2883.4018035903705,2268.307453790556,1723.9083009200485,4339.19091559827],
        [2890.2333055199015,2186.0443125852444,1574.6477993717958,1661.452185249739,3335.2353261176627,1341.3198941380203,918.7106626390483,2645.4285780046757,873.9853334557531,915.2769283957001,825.8623907948469,3673.2708213116134,3264.604942660658,3642.5155916644762,2762.2788817834094,1818.9247090490162,1888.090274306549,3702.7199170004337,684.6248288568282,1946.905147756717,3593.0275700460174,1703.7344595251482,2163.137782717519,2211.7370622730523,1368.9239134006177,2057.7752630342065,3529.2484806058,995.5419941543025,4146.258275588964,2997.3345280126973,1359.6664130335644,1707.792748783854,0.0,3481.5718955438556,2418.3735105288633,2242.3641899948248,1731.2510240640133,1937.0435765662435,1726.4788635759633,4127.1623576709935,3273.6532374468784,2040.9410872479848,3616.360673113006,4035.2944064813278,2286.6126617792884,3663.5211648884547,3806.03695877884,1315.6157069105445,1988.0031120109652,1030.4641835067823,2890.2333055199015],
        [711.469768163238,1311.8879570395707,2628.5457603988443,3263.7599878391293,3593.0391497040455,2142.683143677191,4061.101948528514,836.4777787804632,2726.6537312953515,4075.892057624623,3942.0291477773744,3216.6164117369235,1438.617176870872,2668.122927228666,5360.549303668482,1672.2299843567084,2304.8884139991906,221.16053080389446,2893.4106217454914,4284.081286487652,3919.398016711393,5086.840849779828,3689.0833302699134,4542.757195267915,4798.249106087394,5338.389184606315,3628.313747433981,3451.9793900955406,1095.5860640945316,516.8560395638599,3490.4697009188426,4808.3315540905905,3481.5718955438556,0.0,3646.405070284646,3141.452744747541,4637.307030183874,1686.5424722200069,2663.3190140159045,856.0978175726017,2910.541606534554,1788.9971679213857,3272.4764958397404,2692.7987602579683,1401.790570868276,753.8548847454323,3718.1398786240725,2210.684719191195,2939.3719342950667,3087.7750548015406,711.469768163238],
        [3467.5659291970323,2634.593312755327,1276.9705475233484,779.5471704199749,1049.3763935079548,2478.575737059627,1952.1989961685144,3064.564304798251,2714.40074861746,1976.3538613499275,1919.0514334091856,1644.326198289214,2501.70286312019,1963.21611055377,1965.0190298163539,2474.1555593441117,1422.5956453705421,3820.925220050477,2643.119480588449,1100.3864812886584,1223.022962987673,2764.8892067182805,4442.502753817742,1204.1738473015396,2724.2747337347278,2710.632390402857,1257.0425431586502,1432.6185746973117,3637.7290114158363,3168.0379854718717,1071.5867655478205,2121.8191330405766,2418.3735105288633,3646.405070284646,0.0,4323.262736753507,1803.8153306694264,2181.991401248834,3642.5656394213174,3816.5454817496457,1409.086594912813,1947.5293721874018,1545.9092086615744,2390.03365196388,3293.569428525632,3314.586836004399,1541.9827264320222,2666.1040147251047,758.1865098845552,1443.612832812089,3467.5659291970323],
        [2440.7438815746123,2428.3909515576624,3106.4135229344038,3557.174819024598,4989.728533309907,1942.7381748617402,3157.8887341370655,2532.3166600747477,1616.4258499425964,3152.5305552068658,3068.19151494408,5062.383580135133,3847.9596912220422,4778.3235066508205,5004.642589553385,2248.2816989830385,3174.77829476947,3314.4261538866117,1721.8303905297444,4141.204307423389,5308.572988305666,3731.0936453845316,601.6246020151606,4420.014534625321,3369.9084375863968,4152.532998795686,5143.594971568414,3090.3689519773393,4185.976805565036,2901.5154345134424,3411.390953435442,3916.8877578152965,2242.3641899948248,3141.452744747541,4323.262736753507,0.0,3970.998676391241,2618.1558268471736,703.8888569511452,3993.44733162699,4638.259805304983,2901.8887015984633,5048.57869197476,5049.342739761213,1816.5651130909498,3729.687939653974,5376.082627258373,1730.1180434351493,3660.757992534983,2917.9243976362886,2440.7438815746123],
        [4203.252504691515,3360.687981924739,2051.159954635353,1526.5498237940756,2841.159515786054,2727.614785055715,813.1868229310033,3861.123830655409,2517.6384251267586,818.619060157218,908.4581564565307,3443.4218234244545,3893.180234997214,3695.7078928582587,1043.078087192358,3042.1078348751576,2426.6108504101676,4848.316176402783,2348.141823102057,721.412233071069,2953.365415207743,1009.8178139325862,3837.368079387602,788.3730774519726,1096.7993011882002,908.1748740345885,3046.300590453071,1193.1766832774692,4982.103253985334,4120.469858142797,1181.2353227417711,325.32614348494195,1731.2510240640133,4637.307030183874,1803.8153306694264,3970.998676391241,0.0,2951.3273851456916,3445.1294176463166,5071.966623983017,3167.7392268254102,2876.205265068579,3347.622939395324,4129.5483287768175,3742.723981339014,4561.266805432881,3325.5266154055075,2807.8686960205177,1995.6227553670726,1553.88839901431,4203.252504691515],
        [1316.8298925222393,457.36540402326636,986.6704194348083,1640.1218401871956,2515.732174693756,775.050305760191,2392.4715069649155,933.5007584024517,1405.7410287456253,2408.784061605702,2275.295889320115,2467.162087354604,1389.5924247335536,2160.893517896683,3709.9321772448966,376.13507544437084,761.3382282373497,1899.4869194158252,1507.7609506100505,2633.641625847608,2853.9526649169857,3434.7394517985167,2972.2525589296697,2904.757445947634,3168.271948534773,3663.059498068263,2634.906490410753,1765.739282462432,2211.058843226484,1169.9925216871916,1817.3684063021478,3123.664412863353,1937.0435765662435,1686.5424722200069,2181.991401248834,2618.1558268471736,2951.3273851456916,0.0,1928.3707484716963,2213.3295407562186,2049.666007480064,295.05023842631306,2465.613059424819,2450.6596078658936,1141.1555386582677,1732.9982870284587,2833.3186708335347,967.375504932538,1424.4058866605676,1401.4228570073815,1316.8298925222393],
        [1952.165853665254,1779.3584132263259,2410.2026023314615,2885.503176602554,4287.366476182215,1238.8540882879095,2638.8817341575464,1959.7769022639454,971.018896682453,2637.5537176006774,2537.1739319224716,4361.074823485103,3203.6499836434864,4088.882105907518,4457.407771698439,1564.658839162399,2470.923759051228,2857.813714595669,1111.1180190907226,3536.8540249530784,4607.572827984931,3352.7800676580337,1077.8365356941792,3821.6770088960398,2994.7217364903945,3746.9750235285883,4440.162845655276,2470.1874975728742,3649.1517522108143,2347.8156583666796,2770.84876184864,3434.1295200600553,1726.4788635759633,2663.3190140159045,3642.5656394213174,703.8888569511452,3445.1294176463166,1928.3707484716963,0.0,3492.3906933634507,3936.527613772513,2207.3774328550517,4346.039819454308,4372.135443633553,1268.9686570938316,3173.94076814882,4672.194773521835,1026.2753118367366,2965.761739542555,2263.1862726628187,1952.165853665254],
        [1554.071926086811,1953.652607828812,3020.806922178061,3598.1947362977126,3520.4698995925482,2823.512363662674,4590.963651209633,1568.9360219158407,3446.9940321237186,4608.611474736583,4476.219960923037,3004.752922241544,1329.684917752219,2407.6225640685198,5675.7639048048695,2317.955814337366,2649.553211372027,720.6355705582829,3598.0796398293287,4620.411310490898,3815.873430490112,5640.77834773138,4533.479550787251,4852.715126936074,5381.013696317752,5845.509710770138,3506.1710619971705,3927.441795017256,336.6395241929997,1175.7173401846337,3893.23248857376,5281.663405683519,4127.1623576709935,856.0978175726017,3816.5454817496457,3993.44733162699,5071.966623983017,2213.3295407562186,3492.3906933634507,0.0,2793.478858454891,2210.192433814508,3084.178691649318,2296.4635502450883,2223.493850014164,513.4490989542498,3530.211952081502,2929.8551066611412,3197.3400951753665,3568.4932553503754,1554.071926086811],
        [3010.8099027512717,2380.905709942246,1712.8044861596707,1763.4713005164917,730.3551929568068,2703.5065014412153,3123.3252249188217,2627.4940909843885,3197.8964862686994,3147.682237207529,3054.1865495372895,425.6192387858341,1502.9116501984217,560.7955842263352,3354.958895274018,2425.2713683366037,1495.975907627968,3026.5159870367916,3210.440106661564,2493.8999634255697,1025.3971565046338,4068.354668170401,4924.510941031161,2613.223091087829,3963.328390696624,4073.5920145041514,721.8885827275603,2452.4184788630932,2539.420055345738,2549.4221290754704,2172.4232758423473,3472.0653440819883,3273.6532374468784,2910.541606534554,1409.086594912813,4638.259805304983,3167.7392268254102,2049.666007480064,3936.527613772513,2793.478858454891,0.0,1755.3665209428675,416.40240433621454,981.3789962259343,3133.9000806115364,2354.3735547185183,824.4691158493476,2917.1614596037302,1318.6724355968252,2259.6618478171017,3010.8099027512717],
        [1520.6644354678447,700.1352387739729,840.6619328203412,1476.8628083400617,2226.210658930565,1014.5622523031969,2386.0938155244394,1119.5594144018946,1614.2654011674724,2404.539363475083,2273.38035191191,2173.881248891217,1225.289053710206,1883.9661536394617,3571.746875728013,669.9193886865609,533.1623779443239,1990.4603504722054,1692.5796273667822,2495.092905008478,2565.3059969066803,3439.519825363167,3238.3735992401525,2755.259584756891,3195.8465255341393,3635.320978119126,2342.0915249489476,1717.5223275667036,2163.052915521637,1278.3345079571502,1710.0572881363653,3074.200775162366,2040.9410872479848,1788.9971679213857,1947.5293721874018,2901.8887015984633,2876.205265068579,295.05023842631306,2207.3774328550517,2210.192433814508,1755.3665209428675,0.0,2171.1140018747506,2191.4389789468864,1423.5870085893391,1708.012192625332,2538.5363748084606,1219.6448986737744,1198.1032178237258,1358.4176459310586,1520.6644354678447],
