{
    "drone_dist": [
        [0.0,1512.3879650899091,3314.1815752473176,4390.726795323146,1412.2009581233758,1001.2629680008063,4189.263799848043,2326.9266656570944,3013.64325717568,1182.9085069549988,3652.723482930618,1554.689547394428,847.7329887325226,3503.002553082152,854.8809345074515,2568.4494163485733,1527.9706288888322,1168.6939709791761,1831.4286761228889,2076.5630907089485,4239.877177155404,2387.1925914967933,2900.393508855792,3365.910069227734,668.6168243777927,1719.7998184847506,3173.563563943366,3836.1997734867014,2387.64337132162,2969.89508483502,2230.7555749191433,3522.088286712856,2167.6147822931744,2414.8333903485795,1569.5718221096363,2034.2370482028587,5479.424391992599,3609.3801789237764,1947.8401431196774,2873.491551701687,2835.221252706596,3929.459528249869,5065.9086244068885,2447.691632631226,2209.4280164084116,3275.9512002429797,3383.889322873117,2380.08920646071,2013.69202873228,2059.6280217659482,1403.3173800749228,4032.4740793053634,2886.109225989524,4063.9989055143005,4434.676682046885,2763.099103812896,3307.4031118882303,3501.7812387796116,2633.391601362823,2665.1819693310854,2085.4922843495256,1731.3927859071794,1527.0108189803232,2457.740887804491,2194.5473532425876,3984.101110487954,2369.617160363452,244.1736428030864,2656.862686049804,2708.23593680131,2101.370668646757,3230.0354969235154,2787.341506020517,646.8013753447478,4026.7814501234975,4814.34665647822,3997.22664055951,3428.6480265946825,3107.3613748237753,1174.5366150088819,1855.751529121186,3249.952213280288,2567.4494069045627,2834.9027656174258,2601.3057082025634,1703.1990360509642,842.3392644311828,2126.857551848055,4173.161541541149,1443.3899340466908,3639.117805924627,3585.9023405414705,2774.9464519736916,5400.838964755257,4366.226189205653,3077.557977197408,4603.771832457337,2283.1143642692205,2065.9123428126513,3295.7970700037604,0.0],
        [1512.3879650899091,0.0,2634.4119103720386,3368.581723009244,114.20804482078955,1834.2244934321163,3410.9945979280283,2896.2975779453395,1700.0769430233418,1027.6306709047758,2903.8229853134435,2444.2764908773256,769.0878739483052,3676.894975818704,660.1506656976406,1088.0422718614468,82.7667268595189,358.28629402579475,319.685065473339,1566.718953038115,2757.643498047246,3518.1147924012976,2389.6500977207625,3370.7021703520068,1179.3117850979268,2937.0343130041774,3423.716376342105,2439.981023558414,1064.317585136727,3418.493550150406,2011.6337779142739,3338.4559051191136,848.3120909243169,2074.3813819677675,2596.0343786092826,1763.699969538237,5099.90101120855,3868.9637669258414,2896.705576379927,3743.045658346054,2872.9762842585124,2460.0453482423036,4462.187678622921,3491.1704018167734,2130.014807991707,3644.7438028963984,3645.8262700230725,1798.8552933733547,1719.405664265218,2875.81801468621,2487.4590845207463,3255.0495426130296,3242.9818809957346,2583.679158467676,4322.946021823092,3630.0198546041415,1817.5426860000648,3209.2470375590988,1199.9332662801078,2944.0969656061993,2586.853845382302,2252.568898687716,762.0572699863309,3178.529399370346,1031.249063102077,3236.3369376921987,2390.967299911596,1694.3065306521714,2803.522333170055,1958.599146078582,597.0134930377827,1939.2943734034866,1298.49384038144,910.8456101246775,3612.2767137787146,4236.625183738194,3663.5371807007527,2986.4064028368043,2255.4155410908506,1032.7717578638014,2992.7137864149586,3189.773646521861,2382.6517559178615,3041.948470192439,3235.653470892423,1304.3608623492792,1544.8956136855675,638.9136587999931,3921.224330586339,966.3333253743773,2248.6459609768517,3117.0118329924358,2977.970600944318,4988.279371096632,3538.3752766512275,2164.456696759612,3130.465655728623,3156.6706589179835,1286.5552890489982,2519.627603086436,1512.3879650899091],
        [3314.1815752473176,2634.4119103720386,0.0,1306.5153853533448,2607.3821107437516,2635.3935498975256,878.4101086184711,2333.888394832793,1626.4978568850775,2149.8159486625646,350.36306476935187,2732.3277041505735,2625.6473563520494,1975.1313905016336,2892.888401771359,2274.638614955645,2711.303254662987,2815.754125975562,2560.712238939762,1241.4440859958552,2820.018792853118,3608.3799601189144,480.21940307197644,1524.3815108553883,2646.3418250935015,3450.201202242458,1974.8358953645352,2095.601633589408,1826.72240727185,2318.0477858810173,1196.0102833674068,1188.194467569702,1931.8752665314637,975.7511043313164,2979.022289337512,4397.973784045196,2498.2055766219123,2234.3509205229198,2960.5372127950386,3239.6162402661344,1419.764214760052,2547.5017231381994,1832.2655717340479,3421.0492545428533,1336.3330483673717,2291.82795406339,2107.8852485827815,938.0843852708207,4353.781175848935,2733.4924259885574,3033.5760963199077,724.8917089736549,2084.121336774011,2703.381547211584,2006.3339164174945,3169.2568284032905,2454.91137589123,938.0372625921229,3167.6900027901825,1856.022270369628,2166.113143604152,2190.597634609604,1979.349916548806,2686.1845621453117,1662.0183305904063,670.5718198295544,1405.712237560809,3557.1093703837846,1602.1382413943988,676.8330749226278,2454.6341107076255,1548.3549994452712,2335.533244818823,2804.054261217673,1070.9595287453742,1602.519453742163,1198.3655694840418,572.9480307543308,476.7973104779657,3588.5832755428705,3329.4668527715285,1331.1890960877067,1059.8131925460436,1756.0290637697278,2560.984281358775,1617.2536761347494,2577.964053993896,2362.418506257523,1504.534967363168,3589.610353060525,1995.0138159997741,611.8793106614893,1732.4213330002558,2376.044695406784,1068.3537195952235,619.7983479163397,2973.3915238372747,2940.494676849496,3880.613473013528,222.98636481762654,3314.1815752473176],
        [4390.726795323146,3368.581723009244,1306.5153853533448,0.0,3382.430921179663,3851.3472586477774,771.5210923472991,3638.239587313072,1792.9770545960084,3210.002000988331,999.2858584790473,4016.974322114603,3605.934409961122,3110.405388324569,3806.5594274836094,2600.9460406656694,3429.6253209731817,3642.7481591033966,3183.4343428692787,2362.273445713309,2273.8711942031205,4914.8704519049525,1778.8445385781195,2675.71654752523,3731.1081648537147,4738.939650714506,3188.27351960374,1657.019866599888,2335.1540672453643,3573.0518887962194,2463.698631161774,2265.23077853322,2530.2298833470277,2244.208201997171,4264.881400837819,5062.159876392718,2607.328598889954,3361.159843710914,4263.782729315228,4527.336091018238,2693.8365450193205,2125.303862896141,1671.2256411434425,4726.92407685914,2624.7653357555655,3497.6010625681383,3281.765367943732,2078.8705961776823,5015.924806414893,4039.387209426398,4307.052527166466,790.548227734464,3346.175737824778,2232.7406355385137,2742.8563638456258,4461.931739788064,2385.6147650247476,2013.721301925069,3461.158162925526,3142.8805078218775,3471.8182220305093,3478.6544702029323,2903.8661907117516,3987.1222298158405,2344.460591893559,877.6683902246748,2711.5840577861522,4633.971245641455,2893.2959578628943,1713.1967268458088,2978.6846233528163,1572.5554679123447,2545.4844318500996,3804.855556052675,1764.900707541136,1592.9584298320055,1973.1636503602906,1693.333932656054,1302.6070368226951,4397.626610706802,4626.761398221009,2514.730626621286,2365.895562928607,3024.339262935877,3854.012213359996,2712.532824081983,3746.6930250363534,2887.4540095030416,2244.789043429519,4321.7716241504995,1687.6129278989508,1611.0842617567369,3008.689303046421,2455.6963822317634,636.888365490061,1314.2890398315076,2259.6860036235926,4246.554685150981,4448.8612894613225,1196.8256529151936,4390.726795323146],
        [1412.2009581233758,114.20804482078955,2607.3821107437516,3382.430921179663,0.0,1720.5649248893767,3398.872602303762,2793.609481583439,1745.6545447803603,924.1532850445561,2885.6725405945076,2331.935696145661,655.5772793318959,3595.3748407033518,565.9103871743414,1170.4382161357514,176.79904482480927,283.8935967304184,421.20187417499096,1507.8460547230209,2843.6960089601434,3404.3485204323633,2344.878855504507,3297.2349446637395,1065.2300729073338,2822.8527625937927,3337.0602656240517,2505.14758713433,1104.0031401934898,3322.710709211855,1939.3652823702898,3276.8496439984374,882.1964826733256,2011.759474201417,2482.409950126385,1794.7036452022046,5059.716540109481,3783.7593025931137,2784.5188540817685,3634.051120018062,2794.3016529777424,2542.0728861485454,4438.365237785311,3378.3856466804004,2050.580863369786,3553.3769132166026,3559.596125885289,1751.5391321922584,1751.344533798484,2766.1062977606816,2373.3673864477437,3241.9876028928234,3150.3772562603526,2668.9949649707237,4261.180908633968,3520.8888928353813,1905.1771676522278,3154.492413219445,1314.140164360226,2853.391073247055,2484.789805332715,2147.532773263307,692.3713626891404,3072.2031824573123,1038.3141278712685,3220.2530541061096,2308.8652437875203,1600.2716771314672,2718.3753469970984,1930.5604682422997,689.8087652476055,1982.62389613493,1384.825935821837,801.686277987457,3569.166481770926,4209.748701128749,3614.489851554008,2941.537400690638,2242.184513088224,1016.0514889264041,2878.6541698850333,3119.180386718406,2313.102841122364,2955.3477159539602,3132.1984266710047,1228.33050190321,1431.0395220950481,722.2085914192477,3867.4434007891,982.3585199527755,2312.0491734296434,3075.2542305744128,2891.16429177054,4950.342188640972,3531.850514105953,2157.1212421803602,3214.2527347342284,3046.428554958663,1351.245266954794,2501.0455131575945,1412.2009581233758],
        [1001.2629680008063,1834.2244934321163,2635.3935498975256,3851.3472586477774,1720.5649248893767,0.0,3506.2213273850684,1330.3487526524414,2829.8211581523155,916.2137804126291,2985.6669363134324,634.1913265225269,1090.4521047452477,2512.2764558101826,1365.3663303387816,2653.9176045782447,1891.0112674410673,1613.62454226826,2098.1464365276483,1502.8822927122596,4222.149432572155,1684.0255233794194,2172.575782327449,2407.8418732798445,686.3155595124102,1135.2000097918194,2178.347160966023,3681.7925833165764,2304.632070900159,1969.8297420582078,1451.0741212299913,2610.8992763363267,2127.491390388717,1665.491930833662,761.8585228583904,2936.932936076822,4580.824740200301,2610.3129799645308,1082.4183514628949,1981.846246396021,1888.6500619778917,3893.9259856739804,4261.852881922927,1664.0007969023648,1364.306065685239,2274.6915097794613,2385.929682120998,1773.2036184810852,2909.234483675656,1121.2882117729014,662.2024401454983,3357.4059209055818,1885.8432024668332,4048.3290206712227,3480.1388732388186,1868.0087806015556,3355.635409269075,2629.2929422734915,3031.2036436629005,1674.3682026839583,1084.4714842174014,735.1126618057779,1384.3311736032492,1495.4055832175557,2023.4718598680481,3295.1495883519688,1461.2943312028299,1182.4856582221526,1690.7461786571967,2143.1718702056432,2300.322202628464,3000.481313311477,2870.620902024277,1041.1833453181716,3177.784102980577,4005.9976737167185,3118.865297889674,2621.865725015598,2552.3985503490294,2006.6507138859622,1163.2636257300342,2312.496539190502,1721.603820220598,1850.8912632930976,1619.7517479575579,1204.2464708799691,291.16135862057024,2283.7083231670226,3261.9073676218595,2218.9755884666833,3489.407323732077,2781.265886845507,1793.1792121867204,4514.484359116126,3702.8487489424338,2565.969515324002,4550.314563163926,1380.3478475800143,2813.7014484024426,2674.2400175411185,1001.2629680008063],
        [4189.263799848043,3410.9945979280283,878.4101086184711,771.5210923472991,3398.872602303762,3506.2213273850684,0.0,3066.903973198338,2088.840027180225,3018.5658079406476,536.9615039833643,3561.525883425594,3480.871679704341,2386.34792162912,3732.811623012935,2857.518732515356,3482.98792531557,3628.163624834471,3290.830135635424,2113.269497038547,2914.367684522259,4361.130767715837,1334.3451921756046,1968.2235502310398,3520.8497858916767,4268.861752807578,2501.277420830934,2231.013266397837,2482.315466423375,2912.0359838806185,2057.93082140982,1544.3411143475341,2634.2739129931133,1840.9990084275096,3804.8217412955923,5166.203655172183,1977.054131541296,2630.164064839219,3747.113911849835,3897.794369891338,2074.4067491991027,2713.5262783434378,1120.740533556609,4156.542271627109,2177.7235918554125,2800.5194284947,2571.130264607295,1809.4658239510607,5120.938876826386,3504.8520128350997,3872.9823640042596,158.8433714123041,2696.228006482025,2843.640219228583,1972.6414032940474,3842.913917060873,2829.928931685828,1306.5686271701209,3757.2811603840996,2530.7726126680996,2946.1793052329404,3020.1020214363657,2812.055591959204,3395.8012065358216,2392.128890957039,211.28914420629388,2198.537673270407,4432.619773395508,2295.3419071018216,1505.446548773583,3138.7391047276556,1921.4318655807797,2860.1934797021113,3665.043580020971,995.8383062214473,957.55813107719,1205.492989421708,1039.5239937647482,1156.6928401048797,4402.101899272243,4132.3873532137695,1828.5991209660037,1860.7347915127839,2388.3023529599427,3242.296882568625,2488.290565713476,3455.790401348992,3044.5737760233915,1473.3021541460505,4376.709708086755,2205.8587006765315,920.7846106403427,2383.2112583733137,1832.0601787200267,214.60751422289133,1249.6378026184793,2956.661758079845,3682.528845322442,4606.481656440829,910.1950137311037,4189.263799848043],
        [2326.9266656570944,2896.2975779453395,2333.888394832793,3638.239587313072,2793.609481583439,1330.3487526524414,3066.903973198338,0.0,3262.675834866031,1869.4563952235635,2646.02582309876,841.3291871499825,2274.548865124566,1301.9186737555824,2595.8546667184874,3404.447791058066,2969.8973443182736,2778.717370118311,3081.678186195345,1766.9831195301833,4706.116128337057,1294.9850269182468,1877.7398781334932,1371.0906971451875,1936.1515901943565,1345.851915355604,956.6864969273787,4045.7265714343193,2943.6957120313987,648.8884037017335,1338.439292016428,1723.3056227812867,2845.9270318166787,1510.4474594031192,989.1214145541418,4241.231585158168,3593.3681785081844,1336.0958242853822,749.8678189167127,972.7973309659099,1010.5616352598383,4382.353588184272,3508.5715016382846,1091.6695337850895,1133.5268783670595,969.0310909317667,1128.764840690969,1859.6908925246894,4210.776990876487,485.7041142078476,1142.7006097526846,2950.9407254505572,626.6103278506346,4547.560755246173,2376.8231553653836,879.4783891109392,3986.590536854103,1859.8947632346906,4014.7471239754254,576.0095752759775,310.9132371976282,656.7115601540329,2218.0530521380374,366.7965297017643,2630.695294736,2868.676178707845,951.4308081303986,2488.5737368740843,776.7231605180664,2176.5968611938883,3201.6148959614266,3350.5681295914856,3591.0174066681466,2294.4595196171736,2402.4077961520325,3259.15197746301,2270.722006374259,2032.9742635538475,2500.9035116513387,3300.1986647719173,1157.3816791862614,1376.0662805304519,1285.8317736247702,764.4487443642886,342.21607589380324,1741.1620408640244,1558.1396206205889,3152.597188139239,2306.8339799619903,3483.75744662653,3878.980125079194,2170.4814850645175,738.3262277813211,3559.4850138581173,3281.358648755161,2584.9240994865263,4969.463287526059,615.6604614020331,4044.2638973991334,2477.238239601666,2326.9266656570944],
        [3013.64325717568,1700.0769430233418,1626.4978568850775,1792.9770545960084,1745.6545447803603,2829.8211581523155,2088.840027180225,3262.675834866031,0.0,1957.3766055353885,1718.038081700271,3246.694855944697,2166.5324276232986,3422.5545768067327,2263.767597566603,807.9703468913277,1744.4901337269678,2027.657665386154,1455.9398607141395,1503.0986173663327,1446.6218702464548,4327.413807103505,1722.7812570618803,2994.8085125835673,2435.76821693679,3926.161276108842,3311.523063479464,852.4482606390679,643.6875406027692,3523.73376058088,1938.248414404708,2750.2404196663465,868.7293081209212,1812.3971743452323,3475.290306064077,3296.7182110375416,4026.2856139893624,3672.2933073861745,3632.04079614728,4234.7028218728865,2681.925351378506,1120.3998630957024,3209.5740975478784,4209.599076265365,2142.799247838623,3613.710834502686,3496.5231929050447,1423.4685699623644,3250.3894130575536,3489.292068806627,3444.54154713898,1958.840095202261,3292.505041035859,1285.234939221163,3630.125542216336,4137.4784831865945,835.1637339434702,2523.6835627865767,1683.7143199777317,2995.3280586897845,2986.5117317421877,2803.705779476409,1512.8693689817626,3623.8116482949645,829.8820091643918,1979.526374117071,2377.4815117528647,3239.3459106334376,2758.315945133409,1204.322268912346,1216.4762974889275,241.4073216737117,773.6513211093558,2370.0429383570317,2687.2788090398726,3033.885267977867,2824.5726909469918,2178.0527725199017,1151.8113257341504,2722.674921628764,3891.402712224884,2786.846619466261,2136.150409861674,2985.0833122855356,3579.1239517859813,1657.0276007791379,2617.4498381148755,1131.1608339453453,3131.0257823304655,2600.906342476808,659.6718350769448,2237.6691744736713,2936.38640947558,3889.3254234364476,2143.3186492857085,1007.6880164389273,1738.2053852518861,3760.8090504954007,2665.4296755290925,1416.5119547827373,3013.64325717568],
        [1182.9085069549988,1027.6306709047758,2149.8159486625646,3210.002000988331,924.1532850445561,916.2137804126291,3018.5658079406476,1869.4563952235635,1957.3766055353885,0.0,2481.641630308594,1464.9682357309218,521.3128647468027,2735.389054851947,846.3452761689529,1738.4392521455093,1100.4897647810988,938.5207611473527,1237.8822449128938,908.7504865369939,3317.80669502291,2565.9244149658557,1765.419755456125,2483.5768873226466,521.8181714499902,2050.678154322391,2454.861967606468,2807.886751273445,1397.6580903506733,2408.18460922,1175.1774703068347,2537.4503434642156,1213.0969961120395,1316.9462589630418,1649.4368718687554,2525.8014170983647,4435.330206013034,2905.6054914039737,1909.8910422308702,2724.608489672154,1958.1379855845921,2991.2504111155395,3939.998414853394,2511.0488443733807,1229.0397922133498,2651.7592140839683,2678.0646489301416,1211.7315635065556,2488.2903996478153,1863.0777785901614,1573.1210483204693,2860.739894089689,2245.7329435730862,3142.951126525962,3505.695871829463,2612.3713275965424,2440.7187791373385,2464.5162845083464,2181.6241065528316,1957.0294393005483,1560.7634471312867,1225.2932668844655,469.3577064891075,2152.4865768185637,1132.3456780189047,2816.2975936637013,1462.3346574119014,1426.938269128868,1848.2937034855506,1527.1541782707723,1407.5101294685844,2148.1609624466855,1954.5701716452804,666.7437788250152,2950.259207665185,3693.558107938396,2952.7038676882426,2329.785897454241,1924.5210295899649,1602.2086662118631,2064.4489683732822,2325.5372235549976,1548.7752030148283,2075.9724549753437,2208.242114958354,533.3056134803722,668.1466214742404,1381.5187819503915,3168.5373632308697,1712.8300747755482,2612.4312937996,2481.40158778307,2011.3641156190813,4342.731818523102,3190.4010209633875,1895.9778011703143,3654.119448537176,2146.829405613651,2214.8458392192024,2118.0922974972095,1182.9085069549988],
        [3652.723482930618,2903.8229853134435,350.36306476935187,999.2858584790473,2885.6725405945076,2985.6669363134324,536.9615039833643,2646.02582309876,1718.038081700271,2481.641630308594,0.0,3075.860164598137,2946.203143680259,2157.9198954314206,3202.520957623675,2436.513350939332,2978.002581190761,3107.2913580876166,2803.138545884409,1576.4614899421208,2763.939023370696,3930.1751925428543,825.6648256172894,1712.0323752474208,2984.2269348034592,3791.5275291467883,2204.648229609832,2045.671817465679,2023.3473753514127,2577.9660240874296,1545.5171164652038,1326.1642548677503,2155.5641623529486,1325.6040267205055,3321.876132056107,4665.216786531508,2315.469073168369,2414.544349683336,3292.1025068686895,3528.0611594448424,1694.6955217281616,2517.9914769220222,1566.2522900249105,3736.8749430829685,1681.2360277386904,2517.9695142994638,2313.760068994062,1272.7144545006936,4620.379654016756,3059.830359616934,3379.756786147752,379.7617578084219,2349.2531229033934,2664.9795212805498,2007.5312739644867,3463.045436008868,2517.0949782851885,1067.4455978285605,3338.452334319967,2143.7482312751818,2493.9553064159954,2533.6626290498366,2283.0864786655,2991.2611823938682,1899.8829933762067,338.26286494408583,1734.9931363166145,3896.1873013928566,1894.8737866477131,973.3029054936594,2671.1878887764938,1593.4920182126132,2468.442858039973,3129.2043065250346,1009.9414206899842,1356.2660775243166,1183.0918989604697,716.7204168789586,655.5638133319701,3881.6040449869724,3666.351719889867,1537.0035403314575,1389.8398517163819,2026.0201192437378,2855.353163767119,1951.3634629821768,2925.5752334948347,2577.438103854638,1490.350841743123,3866.776724354701,1975.6514048370736,672.4091285443999,2009.5767059393681,2182.7587157792314,719.3666295016905,771.8615431555418,2874.43994561898,3257.53997346338,4123.9265367247035,384.63379317448283,3652.723482930618],
        [1554.689547394428,2444.2764908773256,2732.3277041505735,4016.974322114603,2331.935696145661,634.1913265225269,3561.525883425594,841.3291871499825,3246.694855944697,1464.9682357309218,3075.860164598137,0.0,1717.9951009442927,2130.646477606003,1999.4120133706665,3183.169461202974,2505.5212895083127,2242.253976997847,2691.149256620642,1791.313998038399,4677.212414242403,1105.9647639085388,2252.140144716252,2132.1016485568316,1319.4750146832307,723.2953231945191,1784.7350609600744,4086.1961751720482,2787.9106219399555,1484.533545954359,1554.3005146717069,2421.5972545577742,2635.4743775316183,1772.8913955383143,248.0810865682257,3550.544028560235,4361.0602255954245,2177.2360149791493,452.9136747666467,1350.0376012986026,1671.5361463302766,4347.414743363162,4171.493103913776,1048.7543511880199,1396.1676793985553,1808.6569595724839,1967.345633556355,2001.9214926230327,3524.6871083367096,505.23896259522206,329.86965829004635,3425.2697568222034,1461.0014665974754,4507.274415245654,3180.0960328592228,1236.515284065586,3853.6382168507853,2501.419511438264,3632.2966830364717,1331.913505701226,712.4990186604264,542.2933767444038,1910.8059089526078,905.263521473743,2486.858569570822,3352.281055517272,1372.0996569761603,1687.2153471127615,1439.367150852667,2370.2547189958314,2872.3929840385217,3388.4055331914983,3392.901658538184,1675.3697981942175,3060.5172388799974,3916.2242130895293,2962.251262400593,2582.8695745367236,2759.1241010992844,2629.564155468215,646.732131553852,2087.8791484706308,1701.5321776070768,1526.4893122109297,1063.0499275976736,1591.343469502518,920.6314391012447,2845.6162326162244,3049.0495601650264,2849.47836049865,3901.0031483957587,2736.813785464469,1481.4421725671766,4313.790513427729,3770.067728345152,2804.1241102089366,4984.584665847227,748.5104387090746,3447.28104437249,2820.1672753928724,1554.689547394428],
        [847.7329887325226,769.0878739483052,2625.6473563520494,3605.934409961122,655.5772793318959,1090.4521047452477,3480.871679704341,2274.548865124566,2166.5324276232986,521.3128647468027,2946.203143680259,1717.9951009442927,0.0,3232.837091616252,334.4374181160775,1748.4150373233051,814.9296359352039,524.290516230366,1066.0420328345833,1397.2891588394302,3409.723037173932,2766.424637494354,2266.208778352823,2997.3298830483877,413.842518456255,2171.354388567989,2940.4443498576325,2989.0713899156167,1540.2698962352342,2855.225608851448,1696.3463622706422,3058.69494578986,1321.2735890969998,1833.2037617450176,1848.8054511103944,2021.2926674449764,4952.092558394931,3391.772996826845,2169.949323290565,3049.6985302528556,2468.4005649266956,3094.71640439756,4435.851951311736,2754.4108669065904,1746.9141269068098,3117.826980223952,3162.9101099713193,1693.4176625327593,1985.480375904385,2179.590884446962,1730.198654362822,3322.135504447592,2710.713155059509,3233.44083333825,4025.645222529313,2935.7257286112426,2485.965311779876,2984.397581563687,1966.3518234430016,2434.1262523352075,1976.4979069010287,1617.838048406016,704.1891571369765,2516.667012311332,1351.71629332235,3283.759082256166,1972.7643464883847,1073.7705547417688,2345.7227199666863,1976.1023951532188,1311.1164536490814,2384.863438564019,1969.6691430830267,205.12653132248707,3464.051414574388,4192.314170257011,3471.1935022915613,2840.4139318879656,2354.203349618986,1087.5182320889987,2235.5375257751048,2843.1890861397433,2070.0431823224267,2566.039605282985,2602.236323364703,1031.2216671298165,799.5410812104117,1320.8089405864966,3689.4844542142246,1223.194934621569,2791.909986641763,2989.8451887764495,2501.634437126521,4857.534784633082,3642.548267380218,2305.299462687128,3768.679234423631,2452.453486502094,1769.8309170944333,2572.0973228616717,847.7329887325226],
        [3503.002553082152,3676.894975818704,1975.1313905016336,3110.405388324569,3595.3748407033518,2512.2764558101826,2386.34792162912,1301.9186737555824,3422.5545768067327,2735.389054851947,2157.9198954314206,2130.646477606003,3232.837091616252,0.0,3567.1754889552294,3839.969181533426,3758.6155002177843,3668.2897098773055,3769.838211530616,2182.523827377797,4758.210969617228,2398.768132368141,1707.7947670810636,450.80219025721476,2988.0877246193227,2623.7200808067,346.06819026696974,4039.387773032511,3343.3506752094613,747.5178623779306,1686.6564103891278,845.522873202849,3331.5615421118737,1696.7843316023577,2291.0369546678326,5254.102309973842,2351.57864783915,259.22243160624487,2023.7513060311176,1715.324823589942,810.3654508477724,4465.195595042788,2457.646972026383,2158.179814036445,1547.6321924540514,480.0577217728673,222.5543519833485,2080.1623336276543,5218.0379689878,1766.429715809913,2442.405644860707,2325.647855715636,675.7024716014703,4627.160999318635,1098.399928488382,1703.2161683679556,4245.155205937556,1097.7685426625276,4621.005871047795,838.2149690398588,1446.6569535965366,1777.3374140332123,2918.616644767798,1440.2727990656008,3060.728290138026,2237.089302463545,1286.5152260742454,3694.5828770248577,887.5406811640036,2219.0789902486727,3800.5057888338324,3418.8347397212074,3976.688267513025,3314.1910830802244,1464.0768909550616,2234.309132377609,1270.1922290927696,1442.097758880527,2355.8335268295396,4317.440532661869,2420.2091014955754,649.073585006613,1351.7776517513291,673.4862089572586,1232.1015407771067,2374.508214161797,2672.058118449278,3727.6207925951517,1170.4884140249299,4447.4855533835635,3915.7343310565393,1501.2392196541975,736.4479991985806,2339.7414129629515,2587.297579708389,2487.5167346467656,4938.273930233997,1781.3257741199425,4936.101545057457,2188.1035540586818,3503.002553082152],
        [854.8809345074515,660.1506656976406,2892.888401771359,3806.5594274836094,565.9103871743414,1365.3663303387816,3732.811623012935,2595.8546667184874,2263.767597566603,846.3452761689529,3202.520957623675,1999.4120133706665,334.4374181160775,3567.1754889552294,0.0,1735.2658900834476,673.0920768730135,314.7464966196509,979.8349786758788,1685.717121177697,3409.039229944629,3012.7036862931377,2557.0324711218072,3328.4263388819318,681.0001048135817,2390.2109146737166,3274.703192644796,3051.7766281636646,1621.2644007625036,3184.4295916507663,2016.2186740225293,3380.5683144991913,1395.9693402366456,2142.6634988395313,2107.9194211805566,1686.9269625150152,5258.027757563991,3726.009980216459,2446.951987426189,3343.373760684409,2800.690669655367,3105.7322552461733,4715.777623418382,3018.848044351835,2075.299551840406,3450.041638894296,3497.09921592241,1973.041834743388,1651.046580739104,2476.1019203418305,1975.0778548283363,3574.020647702872,3043.0284300515696,3234.1269332871207,4351.465277950411,3229.356097443752,2470.986215493878,3298.2522349174596,1795.204312879334,2767.9403821259116,2301.3649804710753,1939.8273390867098,921.2625786782602,2825.8016225351944,1489.3518415731778,3540.78339077931,2304.8479321630193,1034.8008809342116,2679.9751804757784,2229.226776768732,1254.6533818491882,2494.118363683715,1950.5412127208524,326.27077677465314,3766.514716834476,4475.680927014844,3781.451746780662,3139.788168264709,2589.3774311070065,756.0053508474405,2475.879974068898,3171.8336858872954,2392.1921225737683,2900.469113103041,2919.516717184169,1332.1593792043082,1080.9662008263326,1287.831930160691,4006.442136748083,891.7020979696559,2856.7040253645227,3286.271581289975,2836.067725463618,5160.22055092129,3885.5720129676906,2527.165843512897,3778.6296498489237,2742.975150840636,1455.6858099282151,2822.71832185267,854.8809345074515],
        [2568.4494163485733,1088.0422718614468,2274.638614955645,2600.9460406656694,1170.4382161357514,2653.9176045782447,2857.518732515356,3404.447791058066,807.9703468913277,1738.4392521455093,2436.513350939332,3183.169461202974,1748.4150373233051,3839.969181533426,1735.2658900834476,0.0,1103.9090110403765,1445.714102177372,782.1285095931637,1693.990596639105,1673.946716732078,4289.129079141666,2233.0170584963225,3448.941178987509,2107.609763884885,3788.9347978630867,3666.033258824335,1384.0189326537406,496.6699290558683,3791.137474344843,2196.098572454669,3281.697861322089,559.679529481566,2145.5102838506764,3381.885190941218,2514.4366198255434,4749.855289122162,4072.507515881931,3613.6218616403294,4346.707108704538,3045.3908103295257,1372.2231158034856,3973.7273340287966,4213.535487460685,2380.1711102120353,3942.681490971119,3872.302597705668,1760.2147929595455,2468.264381664672,3524.598731701596,3311.3932298115938,2718.2393027771936,3576.7198677814945,1498.8795933156043,4223.374843877926,4240.009669248647,739.1163993113972,3085.500693541545,902.4222497723181,3267.382100721971,3101.4529846921214,2839.2644465581066,1275.2609932986493,3741.708440186991,791.3028792318756,2727.97104665539,2645.008303831689,2766.8380181728835,3061.9556297546583,1699.0559405591814,501.15743149332985,1035.0454785883044,221.64298045207383,1931.9471220842725,3343.612663070825,3783.49039038907,3453.612344170549,2774.332415419674,1806.7518107586193,2035.8180004286276,3799.389889421344,3244.519150779071,2491.1526806728084,3303.958679191829,3742.1359594754194,1665.7228933110334,2392.1698330415356,449.24352681189475,3749.611328414511,1871.1503939740376,1202.964774154161,2863.7514193326588,3246.5772924859143,4618.8716367473335,2929.962256025423,1672.9327191648333,2043.8331504878988,3808.65386212121,1868.086464803672,2090.472197712414,2568.4494163485733],
        [1527.9706288888322,82.7667268595189,2711.303254662987,3429.6253209731817,176.79904482480927,1891.0112674410673,3482.98792531557,2969.8973443182736,1744.4901337269678,1100.4897647810988,2978.002581190761,2505.5212895083127,814.9296359352039,3758.6155002177843,673.0920768730135,1103.9090110403765,0.0,360.5512333250408,322.722836561541,1649.2832727665545,2765.98986082001,3573.9285824258486,2470.488376010648,3453.288049176905,1227.9588233516704,2986.134032913717,3504.401114210306,2468.6442700909724,1114.503034764186,3496.101522534534,2094.245608614384,3421.074052126094,903.1575172380401,2157.0801079926837,2652.7729087667876,1687.8082889748055,5179.610221850453,3949.9985251786093,2958.2860144997276,3810.3701716323217,2955.068753688323,2473.0084144836146,4537.812620717148,3551.030581336996,2211.9601694261205,3724.086137733887,3726.6216789340638,1880.2180153247425,1643.2609563416893,2942.1363095164797,2540.8813783877617,3327.4173447018447,3321.8726413880768,2592.996805082023,4405.555027940353,3697.1573565535464,1825.2957638373491,3291.3412054639093,1151.7593370364245,3023.6211706674926,2660.8892000243823,2324.256496048066,844.6293918769692,3249.001457790615,1098.2064367720573,3309.742139382789,2472.5250431094278,1701.343101594571,2884.5199634066535,2036.0286026533745,605.2781196481516,1984.7630414386842,1309.1190218392273,943.596410319842,3692.6627808071166,4313.160936347988,3744.894526968579,3067.1696760515388,2328.2499607253494,979.9097842905045,3046.3730422424846,3272.4892486897115,2465.38479633942,3122.627466093439,3308.6797278563267,1386.5978128182621,1600.7081754543617,657.8245785027133,4003.1788038515056,897.4007003359593,2278.9921190329233,3197.2013800921395,3058.595904160648,5067.517021659087,3608.262727775457,2235.2569423233404,3141.0037044159017,3222.137196221667,1204.0634848736127,2594.0850156223123,1527.9706288888322],
        [1168.6939709791761,358.28629402579475,2815.754125975562,3642.7481591033966,283.8935967304184,1613.62454226826,3628.163624834471,2778.717370118311,2027.657665386154,938.5207611473527,3107.2913580876166,2242.253976997847,524.290516230366,3668.2897098773055,314.7464966196509,1445.714102177372,360.5512333250408,0.0,675.2097987002447,1661.857598051549,3115.929111532071,3284.0360264326523,2521.534451247295,3397.2493703608657,930.8632059666894,2676.032541068664,3392.579568051218,2788.568692967365,1384.9608596980033,3340.486188493261,2052.3466367531873,3410.0420894492777,1161.7362047644754,2150.2075655390354,2369.5991714491975,1626.3917608086263,5237.841479311905,3842.9535166524256,2694.0765346654043,3572.3977604721586,2880.4832103947533,2817.9005559374586,4647.7424203761475,3277.061676741794,2140.235624409471,3589.451967874743,3615.805011718602,1927.8224175274636,1585.6506581656254,2702.0287203279604,2246.126764543602,3470.2492610713266,3183.0110915682653,2941.953410964132,4390.976424466442,3458.4810892775004,2175.7857277256057,3305.0832650836805,1484.7493464312686,2895.531496453374,2475.5763150326984,2123.3515202880326,847.2371206659772,3032.910186724662,1299.9936431079518,3444.125383635155,2387.0742812027324,1341.0433037676444,2782.7454071013003,2140.8702925426187,954.9369334497172,2263.754879682859,1656.7687190349156,609.3703952529443,3744.1794737466844,4414.254478710036,3776.616405555117,3114.991532473672,2473.2156229279326,774.3185104114556,2750.4133976259736,3228.4846484623677,2430.2915035649826,3012.93738048667,3110.9753495071345,1342.7688436905803,1323.1304398800942,996.4706958747419,4018.0256216955127,801.7438126078193,2595.6975423807453,3254.6029106646783,2948.342597971849,5133.143697709354,3768.6295378523646,2396.3516704732506,3488.639908221623,2976.0228132791,1276.8398511826952,2723.2911969692223,1168.6939709791761],
        [1831.4286761228889,319.685065473339,2560.712238939762,3183.4343428692787,421.20187417499096,2098.1464365276483,3290.830135635424,3081.678186195345,1455.9398607141395,1237.8822449128938,2803.138545884409,2691.149256620642,1066.0420328345833,3769.838211530616,979.8349786758788,782.1285095931637,322.722836561541,675.2097987002447,0.0,1605.5449290076206,2443.7164083441207,3779.583953211586,2370.379259376307,3436.0437796444367,1466.9580365117336,3216.7659060731867,3537.3646878158456,2153.5981541560623,848.8285899889174,3569.6737339563642,2085.0918416034638,3363.9060365584605,660.8010555569471,2115.030409615133,2856.899653786498,1885.4723182186679,5051.791394072607,3975.1290966799097,3140.8112095452702,3961.1138196419406,2959.916218006714,2150.2983700805567,4369.225442393377,3739.8794482723492,2226.6856865887835,3776.3252759989223,3756.8447318629987,1796.6431467055158,1839.5504230096547,3100.9588857977365,2757.8265535938663,3138.264934638879,3381.3909750707853,2270.5238804370383,4344.421528923698,3849.2320847627093,1503.0454543717287,3213.502816752258,943.7959116799655,3076.2951839246157,2770.7687673752635,2453.3963070402797,873.4536154250845,3381.9571035507365,903.3611660893624,3127.7627943276616,2494.3741101615806,2013.854764601735,2914.8804385883454,1896.662949231766,282.5580334784503,1697.3303575698353,986.4023545658921,1221.7516018479903,3578.3532771123573,4152.927735603641,3647.3907336745215,2961.7263554576557,2147.817284727073,1273.1358444473572,3261.197251395899,3246.200267253479,2442.1735940440303,3157.363592047537,3423.515662570485,1406.0399215536456,1813.3791851929889,340.1447973098462,3918.604760386017,1147.016767837088,1965.876860507155,3082.0366266536075,3094.5609378453046,4933.852578464634,3402.9121651624428,2042.2463827710292,2818.391187672071,3384.650249293028,1321.3776880920825,2423.5638481832502,1831.4286761228889],
        [2076.5630907089485,1566.718953038115,1241.4440859958552,2362.273445713309,1507.8460547230209,1502.8822927122596,2113.269497038547,1766.9831195301833,1503.0986173663327,908.7504865369939,1576.4614899421208,1791.313998038399,1397.2891588394302,2182.523827377797,1685.717121177697,1693.990596639105,1649.2832727665545,1661.857598051549,1605.5449290076206,0.0,2949.7039674802986,2841.7993126277356,871.3770131381427,1831.8793608063354,1407.9637664127158,2500.964978131021,1981.1933824115206,2315.970508208506,1207.352196210515,2099.559699584212,504.60923742008765,1771.919017173869,1158.7488371029515,510.6181601755178,2032.1913370490236,3285.5558092899873,3579.3448603520847,2401.8109717230564,2146.36218003763,2736.1616815894286,1374.0933824406097,2623.182473283125,3038.681892328973,2712.8418999385813,686.7651209649262,2250.5623279559836,2193.004754711156,303.85339263530386,3243.870326000874,1990.0981862771177,2032.4934793003981,1956.143762635021,1882.9616151525477,2787.6183691161473,2756.336551561267,2637.136336618688,2224.1375219888773,1647.566571635611,2438.8644055121863,1573.8961259749776,1484.5347369148155,1311.5713077946655,819.8722334154396,2124.498593251723,902.6877510705518,1909.359103271659,951.1142141989036,2320.2378482489594,1369.8400875274767,649.408131483653,1618.2336609322592,1614.8675239298198,1859.1726380798364,1567.8123698417774,2085.6888912067507,2795.0879542607295,2114.852649357919,1457.0505193386318,1059.7258836654466,2415.202369565982,2436.9053264999447,1640.6918337420261,838.8325804053369,1612.9667331309174,2091.9462954837527,375.812052069403,1384.4743922433424,1545.1895802567751,2360.869983754167,2461.5359406510042,2138.4685779532247,1601.3080011373802,1554.455169763766,3478.0002237378812,2289.937195896374,1063.7296740141494,3230.6579459204613,2258.8624258864343,2853.256468567486,1221.7788176037798,2076.5630907089485],
        [4239.877177155404,2757.643498047246,2820.018792853118,2273.8711942031205,2843.6960089601434,4222.149432572155,2914.367684522259,4706.116128337057,1446.6218702464548,3317.80669502291,2763.939023370696,4677.212414242403,3409.723037173932,4758.210969617228,3409.039229944629,1673.946716732078,2765.98986082001,3115.929111532071,2443.7164083441207,2949.7039674802986,0.0,5766.644567217926,3056.766824320583,4313.917783812437,3745.280977550174,5340.093889309987,4689.001717886813,724.4796101099461,1920.1494406186468,4937.050302345187,3374.7290542352484,4007.161629849753,2113.9536608029357,3233.2108292825587,4899.808021750701,3907.4552312879937,4866.270340448558,5014.905814517045,5072.386623216837,5678.73784995083,4067.798682482132,329.8028995517577,3941.792335432065,5653.803422599083,3580.2176131233273,4999.620016300146,4858.382236011289,2854.658305012949,3864.45925041096,4934.749587660696,4857.212501161004,2842.408327088219,4702.318661129122,176.34562989664892,4771.436178593584,5582.47716398525,940.694765307059,3757.998305103611,2034.2062685468454,4413.179276394705,4432.572726138673,4247.589073422309,2850.788311888612,5068.509003500963,2200.6186164348965,2900.6070954770057,3805.2244726921103,4440.632144363027,4168.630700358412,2587.990972211664,2161.776075425699,1366.5295370291794,1459.3005216333831,3599.207814754047,3769.849121758668,3841.5235702344426,3947.0163971994857,3391.9394138743933,2402.9281018439538,3639.6403239109986,5318.230556231264,4109.910479912129,3540.065356674811,4385.486567498673,5018.599204204295,3086.4773159024303,3985.9050915504104,2121.5077983962515,4254.065650615683,3428.912479087126,846.0720461238047,3405.0525038749056,4341.202936186796,4716.268547356011,2862.7147646721214,2270.903119831476,382.09252642735083,5207.138876480613,3228.781979220168,2597.5398178497726,4239.877177155404],
