{
    "drone_dist": [
        [0.0,1256.3292234441408,759.7600043377171,3334.7354034252726,3588.0588946464713,1891.6749073575338,3137.9021953897454,2233.228625013369,4043.9460956519533,384.99565255762445,2725.221960834023,1231.193044394853,1735.5567177937867,1171.6181824219789,1585.6548064800447,3327.4438984836,2196.2562684512204,1829.2489653430994,2886.4374829891935,259.9842243449466,3450.630636763055,4304.021462732011,842.0752919022501,2424.7586224539205,3357.218344213146,3052.9545132671014,2077.6778394198286,2151.8142229692735,1571.5609325259572,3600.3879775324745,1464.8711404161247,1993.516698486367,1625.2120596529392,3539.8787109679115,2370.7071438140447,2524.8769592353187,1242.5333013102766,2980.3489493390607,3740.744061425365,2221.0178685149053,3922.4189506399593,2783.4031101544624,2280.1173437467523,5116.01203938657,1926.1777634339412,1414.8231534384802,1064.898315261314,4002.3597827266067,686.6312090021961,3411.083497534684,0.0],
        [1256.3292234441408,0.0,1421.9779125905313,3246.97687724472,2808.006610102321,3121.2619024952987,3680.7222100303793,3404.869324702363,4105.154291699933,1031.02626028641,3980.536358728463,1212.7178147079576,1510.174707684218,1081.3241789377328,2598.209598943096,4276.455723062194,3342.3332006339842,1952.6952803431948,2849.963895355457,1509.1356231508485,2681.2280784121613,4472.89399051129,1673.787461762387,1680.007468962802,4601.307444746393,3336.7648186827696,3314.7144164463584,3132.6263469979344,2225.9744873514205,3658.388226279343,2700.2698200777077,1770.4637228197582,1690.6053132282132,2878.681575558341,3325.976544754877,1635.1843173901634,1996.8028895905873,4151.763031295167,4046.4305588130073,3425.779532235267,4572.190317891244,2971.0238902816477,1803.695863132198,5583.362815233587,1483.327787825286,1724.972649380142,1256.7692297184901,3227.8891840602587,1540.8712428900726,3944.9516231805214,1256.3292234441408],
        [759.7600043377171,1421.9779125905313,0.0,2592.6589108856683,3073.687338396266,1896.0124473692606,2435.720910126393,2067.30333290894,3284.806341041436,1059.2502769174273,2844.7960398742207,1900.7780207165845,1122.6156176742907,678.8415064950617,1188.926799406068,2857.133176560448,1981.8750086914517,1088.982383178982,2143.0924054516445,878.8154336595002,2936.2805028676494,3545.984647976018,264.42279591553125,1968.5880185092728,3372.0820745998085,2298.3110887788866,2101.337520924246,1711.4395008546264,875.7316816419288,2842.2610657347536,1525.4292584138873,1342.6226545843954,915.645438724817,2967.358912308631,1904.1576375546547,2146.319622539191,589.936615999448,2797.047592142766,2992.4605544808883,2132.626194104906,3268.0073164566224,2023.6440441914308,1703.5286564217054,4406.8818772970735,1381.5474954443105,663.3503703361841,448.28646110395107,3470.3437775007537,1443.831346911273,2709.1602961169247,759.7600043377171],
        [3334.7354034252726,3246.97687724472,2592.6589108856683,0.0,1914.948507222097,3823.7679272712126,1714.687767409285,3626.099387300936,906.2444709394894,3552.5977867729225,4729.216145688716,4275.7311378053155,1751.4410310012024,2294.6467899690506,2799.5302344576753,3194.8381605414943,3475.700826962642,1506.003999573456,449.64024326812387,3470.996293283088,1854.1559116433734,1356.9907946567942,2629.8703564091497,1921.6049684273285,4954.712107971304,966.8400772274194,3995.6196663715587,2806.4675181653975,2086.0693269917306,528.4863847691504,3657.3873542521656,1480.2550699765475,1719.5553028463955,1558.0864166503795,2783.874500692719,2206.0493893882212,2358.082801678743,4056.4499751175454,1280.8551357188385,3819.8394192818164,2455.0285970613463,796.2792810757878,1525.1797603293576,2801.5485142537464,1778.5134580541653,1929.6882398804098,2294.1401708123853,2042.1825468072482,4019.930100469166,1793.7631820414588,3334.7354034252726],
        [3588.0588946464713,2808.006610102321,3073.687338396266,1914.948507222097,0.0,4852.279435048298,3504.3817447319525,4841.983762052329,2685.793289151522,3608.1883716636876,5820.652045398853,4020.5065813275933,1960.4973278686134,2440.2411967020785,3887.3604880343782,4857.586760127552,4710.475661221288,2276.3743441239703,1932.4064892298868,3818.7029385860083,137.92851399892575,3168.6408570183044,3261.467676761319,1172.0570715524084,6226.618548229415,2771.66224999543,5053.22323191087,4137.573258653766,3116.250827854603,2423.730572661142,4546.135785022436,1798.5363380785352,2269.4003289315037,368.12394832743416,4202.575268893875,1175.7019481143407,3216.873933162639,5442.250783700279,3195.79143915082,4983.961260451352,4334.165465331364,2436.2120233166593,1379.6089329247889,4682.279034860334,1693.5493969213016,2600.7563376667026,2628.3758616914088,422.04884223932197,4163.654888440177,3642.6555717452975,3588.0588946464713],
        [1891.6749073575338,3121.2619024952987,1896.0124473692606,3823.7679272712126,4852.279435048298,0.0,2707.6309729446584,524.3184129807937,4182.736742021493,2229.2531626271807,968.7074943355204,2914.8569276759576,2912.010402587191,2571.084747279059,1027.2423638612547,2003.3916645497118,611.2821992105386,2602.182471007749,3423.523498834913,1671.7843605818011,4718.950912579094,4237.482536750922,1651.4176036395695,3824.1426743402326,1488.1910630301354,3085.164083842583,205.65278599845297,1172.6970451967738,1790.9851604620133,3829.6218101633326,427.78943915874896,3053.8510314030405,2582.9203787826505,4679.892417295356,1337.6768122071092,4028.417987318315,1636.0879004466315,1163.6668511972146,3562.9257652340934,380.20518666860795,3107.758439965743,3047.1429896261443,3479.34027356777,4457.541835811166,3208.9759900192935,2251.6105968263564,2323.199815882019,5218.446595474931,2061.612379370791,2921.436560707836,1891.6749073575338],
        [3137.9021953897454,3680.7222100303793,2435.720910126393,1714.687767409285,3504.3817447319525,2707.6309729446584,0.0,2336.1435960423996,1619.4266083848522,3483.40013560152,3445.8276080958185,4334.554701513304,2348.3317582434465,2603.927241700684,1853.0911448567338,1508.6367673124762,2187.39594218233,1792.2534830667576,1572.4520085482793,3145.012042566735,3413.106635639812,1556.6271623020446,2296.251970319375,3054.920093295831,3494.730868904721,751.9018457457805,2823.4773699455777,1535.9299415863898,1568.9734755839088,1416.155035733923,2722.462316677076,2212.3451410257494,2035.3389211741849,3180.9441007426717,1400.8473055435963,3363.061789020207,1895.4364684255459,2550.3282465061034,879.4765102646701,2558.9218298906494,923.1116704687016,1071.9105180624535,2559.2029812386772,1978.1504892369903,2582.5760729820095,1956.5385578562864,2431.341330252538,3708.078972377039,3765.0585596085198,273.6660271402891,3137.9021953897454],
        [2233.228625013369,3404.869324702363,2067.30333290894,3626.099387300936,4841.983762052329,524.3184129807937,2336.1435960423996,0.0,3883.6922746267096,2597.7091688561472,1122.011140435095,3341.837889538873,2959.3709393466847,2710.627255381947,961.8090671027411,1485.1934782193198,152.69924960455964,2565.626785607295,3258.257211388972,2044.746018105331,4713.324208731826,3889.3428842396233,1804.7573797743028,3889.4077641137415,1384.8357552004895,2807.082699545896,534.7968867927481,833.6959737018292,1725.845659455223,3565.0331844932207,857.8280694997785,3057.5704873451514,2599.4932526759703,4634.853890392206,935.2965162095039,4122.281343147832,1668.8765278696774,748.9976597522473,3210.7871268544177,225.47419385116774,2638.8843933884814,2832.1657857590317,3497.4482923454243,3990.9743580081786,3267.066527290669,2277.274718097285,2451.882403148506,5184.292079369915,2505.9704039586677,2524.7028851457917,2233.228625013369],
        [4043.9460956519533,4105.154291699933,3284.806341041436,906.2444709394894,2685.793289151522,4182.736742021493,1619.4266083848522,3883.6922746267096,0.0,4304.380963354089,5005.495198786746,5073.697685881819,2595.573752695079,3101.0290802450463,3205.8452277742012,3097.2773426998842,3731.297650057028,2246.1362727923797,1255.6927624225427,4143.873699272026,2651.190732046804,482.85188869782917,3266.3891654971662,2827.171709521608,5105.913600715271,1101.7085170972227,4327.880347039609,3052.6310111066737,2613.9058376823336,451.31684488313437,4100.813309687673,2336.697088862912,2491.3671708142742,2317.7035776553435,2963.7067129408147,3108.6679096481002,2931.1710830067836,4165.449122342283,804.4936597127007,4098.291805075056,2043.0743816915478,1266.0241407364244,2426.8175434670356,2009.581087366688,2660.9068704283573,2633.6363158644126,3056.3936165767745,2715.4802042795013,4728.568749519575,1552.4532757705779,4043.9460956519533],
        [384.99565255762445,1031.02626028641,1059.2502769174273,3552.5977867729225,3608.1883716636876,2229.2531626271807,3483.40013560152,2597.7091688561472,4304.380963354089,0.0,3014.452358788823,857.6709276031689,1870.721275290111,1291.8611314863138,1970.549312089674,3712.3960861707556,2567.7503242411526,2062.8127547218496,3109.870001839737,557.9619990972756,3472.851814725533,4589.548540562891,1192.9121834395285,2436.167563135837,3670.859795667509,3350.801803203204,2406.627271950097,2536.698218992847,1914.5811623112952,3855.9527479239473,1801.7088271499783,2142.9507895854426,1833.5208312276166,3599.2242476324113,2755.2857113043924,2489.5429416056127,1594.6306510781842,3341.544128980246,4049.469144459754,2572.3012680668344,4286.763627004272,3057.160404501133,2369.311005774702,5459.312364146361,2010.0098746355786,1674.5180428858077,1258.811063667512,4028.5000863971686,556.8195619637689,3757.0516805117813,384.99565255762445],
        [2725.221960834023,3980.536358728463,2844.7960398742207,4729.216145688716,5820.652045398853,968.7074943355204,3445.8276080958185,1122.011140435095,5005.495198786746,3014.452358788823,0.0,3568.9843731050664,3879.9507283796665,3523.2282057771513,1967.1018610659285,2373.436397768982,1274.602603154987,3565.298633661592,4346.369893661012,2478.6522423273823,5687.474057001276,5002.057923732648,2608.795781802723,4788.83714642132,721.4925623056649,3928.133160551715,767.742175338127,1955.1420083793414,2743.5493410238405,4685.294280773116,1322.203948245865,4022.1354889335466,3551.4088775138252,5644.820365185664,2049.059307484436,4986.990925674634,2603.9627841635597,1136.5533739366974,4323.844203358603,912.7795041434497,3649.8543361518077,3939.517052714375,4448.041156791991,4988.068979708006,4175.59041669148,3220.148984680008,3280.252963579945,6185.12351982748,2715.478730920453,3620.0823715412107,2725.221960834023],
        [1231.193044394853,1212.7178147079576,1900.7780207165845,4275.7311378053155,4020.5065813275933,2914.8569276759576,4334.554701513304,3341.837889538873,5073.697685881819,857.6709276031689,3568.9843731050664,0.0,2534.869323627512,1981.668616364212,2805.8907568235445,4542.84835963844,3332.8810611802364,2830.3220931106894,3845.9634140554185,1329.9961445491183,3893.192472153685,5386.280470758439,2049.7473383785295,2882.6290507937515,4267.79236277649,4165.740493765909,3067.7302860148893,3370.710518434611,2767.3152112318458,4622.547793316724,2500.5710300848577,2811.730070163613,2582.3443404863615,4081.827803827498,3592.390992479201,2847.8163211882097,2450.925138661726,4067.2448634318253,4871.720688848218,3282.0540423638918,5144.292547359967,3850.4485299850535,2944.5820903953145,6307.598246433253,2597.3609988864837,2475.6747608289925,2022.2059844637356,4440.575185488859,860.6053721041413,4608.185802346149,1231.193044394853],
        [1735.5567177937867,1510.174707684218,1122.6156176742907,1751.4410310012024,1960.4973278686134,2912.010402587191,2348.3317582434465,2959.3709393466847,2595.573752695079,1870.721275290111,3879.9507283796665,2534.869323627512,0.0,578.9387401894223,1998.4405194313235,3312.8977981393655,2841.2362235476435,564.9824311036879,1341.5041645978595,1933.2840910361913,1824.1075040496576,2965.6515619810903,1300.970630842599,931.060401301848,4331.533849879351,1876.3037941797552,3115.6709345261065,2357.5930274325065,1281.4827034146347,2148.2568926638974,2589.526597878253,277.1461015697867,382.1934287957987,1844.9042085239898,2479.2951208584573,1184.0693722609028,1293.8092047836753,3621.883560144246,2572.741369777098,3077.3550012346113,3270.582068119459,1490.1681479376637,582.697433254918,4143.7675641978685,309.9743581609891,683.150600143504,690.525452208464,2350.639558176093,2388.8342637106,2589.9775153557503,1735.5567177937867],
        [1171.6181824219789,1081.3241789377328,678.8415064950617,2294.6467899690506,2440.2411967020785,2571.084747279059,2603.927241700684,2710.627255381947,3101.0290802450463,1291.8611314863138,3523.2282057771513,1981.668616364212,578.9387401894223,0.0,1784.3771498170233,3323.1872414264008,2612.911507451776,883.5441262635571,1864.7432379263112,1385.9098349262388,2302.3139232985814,3437.303239397916,921.0433195851923,1304.058843718181,4039.887954145793,2265.8204208472885,2776.667681061552,2246.3421485141207,1225.2524318566384,2649.8354604536194,2204.2687758245347,851.7283913595406,622.4633573331079,2371.7943800565236,2409.9512019139,1468.4159023254329,1085.2831773570629,3422.5187364495187,2977.6573601147456,2792.61514670209,3503.8026367459456,1913.0812579734438,1108.6851255785637,4503.250229077172,757.1844866044663,657.6903712956614,260.23359758385857,2848.0175495265917,1812.5137169390985,2866.1547059443715,1171.6181824219789],
        [1585.6548064800447,2598.209598943096,1188.926799406068,2799.5302344576753,3887.3604880343782,1027.2423638612547,1853.0911448567338,961.8090671027411,3205.8452277742012,1970.549312089674,1967.1018610659285,2805.8907568235445,1998.4405194313235,1784.3771498170233,0.0,1741.9310811780285,843.7085844651267,1613.4383123494322,2396.337980857226,1485.6559623207263,3757.4424599032372,3309.446377126501,927.7889553621155,2929.069354771062,2341.9347793070287,2104.2650652661896,1209.099647840275,566.1604859113655,779.1744047907753,2831.2389795016034,896.5423440324425,2097.589392902087,1637.7812565462507,3691.280079347311,786.503797599526,3166.6011421282824,713.7232226204247,1641.3367332393113,2650.8820321842686,1097.255249904329,2467.368052861589,2030.4592499425044,2536.424005443324,3762.5102827663154,2306.7743706274723,1315.8157486141295,1524.183152678444,4237.317524387219,2075.0236127988887,2102.8989882366295,1585.6548064800447],
        [3327.4438984836,4276.455723062194,2857.133176560448,3194.8381605414943,4857.586760127552,2003.3916645497118,1508.6367673124762,1485.1934782193198,3097.2773426998842,3712.3960861707556,2373.436397768982,4542.84835963844,3312.8977981393655,3323.1872414264008,1741.9310811780285,0.0,1395.7167494347389,2771.392621585424,2974.7303210316263,3215.3154450077523,4750.33162483338,2935.6788765523825,2616.9948537799673,4182.963295291925,2188.5382047573185,2230.8503875173406,2011.1255670831824,1175.9513345917135,2098.9459315088984,2924.7188435294343,2252.3398667912693,3284.0113402137686,2935.166758740879,4566.209177314315,961.5788626669519,4471.687767241156,2281.206567581267,1271.9194387152686,2305.8189902238228,1684.6081823455077,1323.281054019445,2463.0226778258416,3705.3946054575426,2626.757771598315,3606.859298246826,2702.195235937619,3080.3082965325475,5112.225898706794,3778.6132713972825,1546.4217371016275,3327.4438984836],
        [2196.2562684512204,3342.3332006339842,1981.8750086914517,3475.700826962642,4710.475661221288,611.2821992105386,2187.39594218233,152.69924960455964,3731.297650057028,2567.7503242411526,1274.602603154987,3332.8810611802364,2841.2362235476435,2612.911507451776,843.7085844651267,1395.7167494347389,0.0,2434.4971722494406,3110.353189330189,2020.862862873149,4582.660157447883,3739.390851047325,1717.8156297036721,3772.1507387597862,1520.2207414454997,2654.3898592451096,659.7728108372924,681.0035749758504,1594.7993516316074,3412.379861171837,884.4832694619823,2931.346893234014,2477.1132460750073,4498.5944371476135,786.9814710541378,4010.156630956789,1556.4069518773701,815.3712874486217,3060.8776204409696,371.53419029820054,2511.986191676014,2681.304185196922,3372.539213002408,3863.92210107803,3149.9727129341836,2158.191832846753,2353.158276840058,5049.036391318144,2508.985551998868,2379.35629555582,2196.2562684512204],
        [1829.2489653430994,1952.6952803431948,1088.982383178982,1506.003999573456,2276.3743441239703,2602.182471007749,1792.2534830667576,2565.626785607295,2246.1362727923797,2062.8127547218496,3565.298633661592,2830.3220931106894,564.9824311036879,883.5441262635571,1613.4383123494322,2771.392621585424,2434.4971722494406,0.0,1057.2459210916886,1967.7648276363745,2148.167915271809,2560.9741094849724,1156.094651993723,1416.84332745207,3950.3356660942736,1384.4972739542739,2798.384366566328,1884.753431922657,839.8975697695037,1795.9390902251919,2338.1124063623197,520.7535099426755,262.343621456883,2080.1433928821125,1980.1942931410101,1700.6625742209303,977.945696069136,3179.791795880201,2095.43590935863,2710.6904853117694,2712.338035517763,1030.6310281394665,960.4027088099592,3635.7331868601523,839.1225475632561,430.89348982222674,810.2643703239854,2624.2107737282045,2515.1235809030977,2040.3860912574212,1829.2489653430994],
        [2886.4374829891935,2849.963895355457,2143.0924054516445,449.64024326812387,1932.4064892298868,3423.523498834913,1572.4520085482793,3258.257211388972,1255.6927624225427,3109.870001839737,4346.369893661012,3845.9634140554185,1341.5041645978595,1864.7432379263112,2396.337980857226,2974.7303210316263,3110.353189330189,1057.2459210916886,0.0,3021.3680070377327,1844.0359558521523,1650.020105220158,2182.1340826876663,1668.0221961945258,4610.224966050871,844.163071985057,3601.519250798638,2455.6319145148277,1660.5009442276264,813.0700134787561,3236.989844771933,1081.0223094142139,1276.4829248271692,1610.327964501652,2458.4917588698527,1970.7915199610616,1919.804765056664,3735.4508314377495,1388.0176998284205,3443.26989800585,2415.5062203587145,513.386211597063,1215.240101044894,2975.360765442592,1412.5767535751177,1480.060125310889,1851.0811867605325,2145.3007161760165,3572.0753447524,1715.6410361437613,2886.4374829891935],
        [259.9842243449466,1509.1356231508485,878.8154336595002,3470.996293283088,3818.7029385860083,1671.7843605818011,3145.012042566735,2044.746018105331,4143.873699272026,557.9619990972756,2478.6522423273823,1329.9961445491183,1933.2840910361913,1385.9098349262388,1485.6559623207263,3215.3154450077523,2020.862862873149,1967.7648276363745,3021.3680070377327,0.0,3680.961421800723,4379.914600520834,884.5518984147851,2661.5064740189696,3121.8909621875873,3121.9868055052257,1851.0656682763567,2046.9433039693452,1599.7950611860222,3706.302782970721,1244.0909998668885,2181.181974419271,1784.6595624071258,3757.517806284607,2270.4225593373776,2772.1761610909557,1263.791351782743,2786.2294634155082,3794.1837730241464,2014.7054079756208,3891.333685864895,2878.162879359774,2492.0987392275642,5119.7869984141225,2143.0756267816464,1541.3083532621754,1247.6037964230593,4230.27229519068,620.0653519268475,3416.04164073991,259.9842243449466],
        [3450.630636763055,2681.2280784121613,2936.2805028676494,1854.1559116433734,137.92851399892575,4718.950912579094,3413.106635639812,4713.324208731826,2651.190732046804,3472.851814725533,5687.474057001276,3893.192472153685,1824.1075040496576,2302.3139232985814,3757.4424599032372,4750.33162483338,4582.660157447883,2148.167915271809,1844.0359558521523,3680.961421800723,0.0,3133.6208596892275,3125.026040966194,1036.7635560270426,6097.6870990122,2686.6489311824466,4920.210963970213,4014.6514481711183,2988.000137863305,2370.493863818814,4410.812011667345,1665.775951350615,2136.06580274196,357.57410768687197,4083.1015888344664,1053.1116099180747,3084.058121278838,5318.442265811897,3133.0826822908775,4853.583298979264,4253.891546400129,2342.4298220683904,1243.9415723524435,4637.695321758869,1555.8706004263497,2467.342169101555,2490.7728513228262,555.7279058043935,4028.0416965905574,3558.4364101121323,3450.630636763055],
        [4304.021462732011,4472.89399051129,3545.984647976018,1356.9907946567942,3168.6408570183044,4237.482536750922,1556.6271623020446,3889.3428842396233,482.85188869782917,4589.548540562891,5002.057923732648,5386.280470758439,2965.6515619810903,3437.303239397916,3309.446377126501,2935.6788765523825,3739.390851047325,2560.9741094849724,1650.020105220158,4379.914600520834,3133.6208596892275,0.0,3495.4609636224573,3273.8408868559936,5033.8124170350475,1259.2523760774236,4365.365932646978,3075.650321886869,2802.858322811525,846.0034572862312,4203.850412624209,2719.750468934439,2817.011177753962,2800.546743695784,2954.746151393288,3561.9896724788905,3133.393461769234,4085.778345820848,678.5594545187744,4110.72123591257,1756.1646006395747,1535.9113926327846,2853.3391730595145,1534.3862624798016,3061.825339848321,2916.662730288677,3364.509156863671,3193.049193302504,4981.044955694107,1412.1261391546366,4304.021462732011],
        [842.0752919022501,1673.787461762387,264.42279591553125,2629.8703564091497,3261.467676761319,1651.4176036395695,2296.251970319375,1804.7573797743028,3266.3891654971662,1192.9121834395285,2608.795781802723,2049.7473383785295,1300.970630842599,921.0433195851923,927.7889553621155,2616.9948537799673,1717.8156297036721,1156.094651993723,2182.1340826876663,884.5518984147851,3125.026040966194,3495.4609636224573,0.0,2184.6679745685637,3119.3996271923565,2237.4381707131747,1857.0697423065742,1460.2128606886406,729.6566458523067,2833.1659834948264,1297.8156237396156,1491.5716558698884,1033.9220919917823,3133.083570246227,1658.9929267072148,2378.3913095190187,402.0811097067044,2532.8722191482516,2912.5158116930356,1875.0873671729219,3095.0411620835057,2000.5087432835653,1882.8116447621974,4274.2273916629965,1580.9302041895094,729.093003818797,671.9643112608188,3649.3078057174616,1493.1278473990478,2569.5861683251665,842.0752919022501],
        [2424.7586224539205,1680.007468962802,1968.5880185092728,1921.6049684273285,1172.0570715524084,3824.1426743402326,3054.920093295831,3889.4077641137415,2827.171709521608,2436.167563135837,4788.83714642132,2882.6290507937515,931.060401301848,1304.058843718181,2929.069354771062,4182.963295291925,3772.1507387597862,1416.84332745207,1668.0221961945258,2661.5064740189696,1036.7635560270426,3273.8408868559936,2184.6679745685637,0.0,5258.292877834,2437.5569204452913,4029.037704912434,3279.5635525302678,2206.1457225195068,2430.0178711532567,3482.4724297956873,899.1810702560143,1303.603119180351,1199.4440361093164,3390.3021738691655,309.5774850299002,2221.741893788131,4551.903650882299,3052.9863329020727,4003.4881865318125,3967.0826623131525,2038.880443641076,495.90004304370643,4643.077016602141,622.3477574360688,1614.2060177133876,1521.096650063605,1592.480245733026,2991.6080677483446,3261.8690228784444,2424.7586224539205],
        [3357.218344213146,4601.307444746393,3372.0820745998085,4954.712107971304,6226.618548229415,1488.1910630301354,3494.730868904721,1384.8357552004895,5105.913600715271,3670.859795667509,721.4925623056649,4267.79236277649,4331.533849879351,4039.887954145793,2341.9347793070287,2188.5382047573185,1520.2207414454997,3950.3356660942736,4610.224966050871,3121.8909621875873,6097.6870990122,5033.8124170350475,3119.3996271923565,5258.292877834,0.0,4078.261397883754,1288.8077389669463,2154.6073301349734,3110.641831063406,4835.022695149891,1901.7599203204768,4439.522771814006,3978.086358164339,6018.613454593313,2174.9333645921556,5480.27454134911,3037.7267799571305,948.317929908194,4367.004750109959,1254.8773842156197,3511.552889551147,4158.714002089055,4877.860376366518,4798.5160797622775,4636.846466776133,3652.510195372354,3786.303675009327,6568.637339175496,3409.535474205952,3622.6839621445615,3357.218344213146],
        [3052.9545132671014,3336.7648186827696,2298.3110887788866,966.8400772274194,2771.66224999543,3085.164083842583,751.9018457457805,2807.082699545896,1101.7085170972227,3350.801803203204,3928.133160551715,4165.740493765909,1876.3037941797552,2265.8204208472885,2104.2650652661896,2230.8503875173406,2654.3898592451096,1384.4972739542739,844.163071985057,3121.9868055052257,2686.6489311824466,1259.2523760774236,2237.4381707131747,2437.5569204452913,4078.261397883754,0.0,3234.8755122241337,1973.3867977658772,1545.2562543442084,759.4514240178406,2999.654361015918,1679.1545369126313,1646.8330735281927,2439.814147126303,1908.0079705225069,2746.6984765710718,1874.4630541753636,3155.288715042041,712.2655511690438,3016.72719422747,1571.958293780811,401.2841273742521,1951.9468100989236,2267.7426716532277,2051.6860890791927,1690.6608478735736,2156.6378172847153,2960.7257872966206,3726.0697003899727,871.8215406604971,3052.9545132671014],
        [2077.6778394198286,3314.7144164463584,2101.337520924246,3995.6196663715587,5053.22323191087,205.65278599845297,2823.4773699455777,534.7968867927481,4327.880347039609,2406.627271950097,767.742175338127,3067.7302860148893,3115.6709345261065,2776.667681061552,1209.099647840275,2011.1255670831824,659.7728108372924,2798.384366566328,3601.519250798638,1851.0656682763567,4920.210963970213,4365.365932646978,1857.0697423065742,4029.037704912434,1288.8077389669463,3234.8755122241337,0.0,1289.9471682812587,1980.7787847564132,3984.6594192251086,614.5901095492012,3254.6869233549937,2784.1837686567956,4877.472919383638,1432.7330655628996,4233.9892236401,1836.3924543773376,1052.0234343550069,3688.357933088661,327.0803011376556,3170.673081531742,3213.55109525056,3681.6461391187463,4522.784923074086,3413.350679539545,2453.0243073814727,2528.849922762658,5417.415646894295,2209.568340347141,3026.565252023729,2077.6778394198286],
        [2151.8142229692735,3132.6263469979344,1711.4395008546264,2806.4675181653975,4137.573258653766,1172.6970451967738,1535.9299415863898,833.6959737018292,3052.6310111066737,2536.698218992847,1955.1420083793414,3370.710518434611,2357.5930274325065,2246.3421485141207,566.1604859113655,1175.9513345917135,681.0035749758504,1884.753431922657,2455.6319145148277,2046.9433039693452,4014.6514481711183,3075.650321886869,1460.2128606886406,3279.5635525302678,2154.6073301349734,1973.3867977658772,1289.9471682812587,0.0,1076.2812398683889,2731.4668165277353,1242.9680921116321,2401.1143246851593,1977.773009772629,3902.0146073064097,225.5254118412643,3541.6525486972773,1164.8699830675857,1305.998482467027,2398.4306301257243,1045.682269718973,1995.8347335591068,2010.411201015078,2843.72060048627,3328.3943445652835,2666.424538051997,1688.2735184609999,1990.8469731061766,4455.796343230551,2625.7225111525013,1749.6037663909412,2151.8142229692735],
        [1571.5609325259572,2225.9744873514205,875.7316816419288,2086.0693269917306,3116.250827854603,1790.9851604620133,1568.9734755839088,1725.845659455223,2613.9058376823336,1914.5811623112952,2743.5493410238405,2767.3152112318458,1281.4827034146347,1225.2524318566384,779.1744047907753,2098.9459315088984,1594.7993516316074,839.8975697695037,1660.5009442276264,1599.7950611860222,2988.000137863305,2802.858322811525,729.6566458523067,2206.1457225195068,3110.641831063406,1545.2562543442084,1980.7787847564132,1076.2812398683889,0.0,2200.346273109055,1576.9588339120023,1340.7554492885492,902.7635191541094,2913.1755781772044,1208.4030511816943,2465.4729627509264,336.0803423434324,2350.49967266454,2197.932053354349,1874.5964384081049,2392.704585102753,1366.4896015555005,1783.6607792350912,3546.066543746537,1590.6519894051285,616.5353559236207,988.9372156442313,3460.5267274804337,2216.094437417178,1842.5876892691504,1571.5609325259572],
        [3600.3879775324745,3658.388226279343,2842.2610657347536,528.4863847691504,2423.730572661142,3829.6218101633326,1416.155035733923,3565.0331844932207,451.31684488313437,3855.9527479239473,4685.294280773116,4622.547793316724,2148.2568926638974,2649.8354604536194,2831.2389795016034,2924.7188435294343,3412.379861171837,1795.9390902251919,813.0700134787561,3706.302782970721,2370.493863818814,846.0034572862312,2833.1659834948264,2430.0178711532567,4835.022695149891,759.4514240178406,3984.6594192251086,2731.4668165277353,2200.346273109055,0.0,3720.0645253377,1892.6294639530095,2040.2036235931273,2060.9251861261682,2667.0124825167454,2720.9840029842358,2509.4783849059572,3907.6380157057242,795.3295333735584,3773.1829430517023,2029.2889095338312,836.6112950634041,2007.6871941921147,2274.379082372173,2224.668076252995,2187.678886038067,2606.0841064218994,2516.0638619091737,4285.949870366853,1425.2696265064687,3600.3879775324745],
        [1464.8711404161247,2700.2698200777077,1525.4292584138873,3657.3873542521656,4546.135785022436,427.78943915874896,2722.462316677076,857.8280694997785,4100.813309687673,1801.7088271499783,1322.203948245865,2500.5710300848577,2589.526597878253,2204.2687758245347,896.5423440324425,2252.3398667912693,884.4832694619823,2338.1124063623197,3236.989844771933,1244.0909998668885,4410.812011667345,4203.850412624209,1297.8156237396156,3482.4724297956873,1901.7599203204768,2999.654361015918,614.5901095492012,1242.9680921116321,1576.9588339120023,3720.0645253377,0.0,2755.3672313498096,2284.6676959059864,4395.941061127837,1448.3127289364866,3671.015315707439,1360.3143146760217,1566.853723609105,3541.4953650698444,781.787845773129,3237.637363458666,2907.341474111786,3166.9080848817466,4570.844532055244,2876.6842312788986,1955.5870345549395,1965.6252083566008,4924.6979467694,1654.5285874028912,2959.5665155588995,1464.8711404161247],
        [1993.516698486367,1770.4637228197582,1342.6226545843954,1480.2550699765475,1798.5363380785352,3053.8510314030405,2212.3451410257494,3057.5704873451514,2336.697088862912,2142.9507895854426,4022.1354889335466,2811.730070163613,277.1461015697867,851.7283913595406,2097.589392902087,3284.0113402137686,2931.346893234014,520.7535099426755,1081.0223094142139,2181.181974419271,1665.775951350615,2719.750468934439,1491.5716558698884,899.1810702560143,4439.522771814006,1679.1545369126313,3254.6869233549937,2401.1143246851593,1340.7554492885492,1892.6294639530095,2755.3672313498096,0.0,471.6062130478988,1643.4685790378378,2500.6015817400826,1190.2340309015806,1418.359377235644,3690.1533809655625,2359.557627940272,3191.154554771341,3134.471491990092,1282.6637773661546,443.23832520063195,3943.2895457073796,374.48173030958844,802.8141899595624,933.6661894983438,2169.5183380690814,2654.969432899847,2440.0785399392967,1993.516698486367],
        [1625.2120596529392,1690.6053132282132,915.645438724817,1719.5553028463955,2269.4003289315037,2582.9203787826505,2035.3389211741849,2599.4932526759703,2491.3671708142742,1833.5208312276166,3551.4088775138252,2582.3443404863615,382.1934287957987,622.4633573331079,1637.7812565462507,2935.166758740879,2477.1132460750073,262.343621456883,1276.4829248271692,1784.6595624071258,2136.06580274196,2817.011177753962,1033.9220919917823,1303.603119180351,3978.086358164339,1646.8330735281927,2784.1837686567956,1977.773009772629,902.7635191541094,2040.2036235931273,2284.6676959059864,471.6062130478988,0.0,2111.9103388013123,2097.226804663329,1564.901537546137,948.5040865486966,3249.4395653073816,2357.745473918681,2726.8613149722783,2951.1810463371976,1290.6194726570668,900.6577387551513,3896.004239028934,688.9677096550208,331.368568857767,574.7297099262894,2640.831716503009,2306.363561489108,2288.4458242400488,1625.2120596529392],
        [3539.8787109679115,2878.681575558341,2967.358912308631,1558.0864166503795,368.12394832743416,4679.892417295356,3180.9441007426717,4634.853890392206,2317.7035776553435,3599.2242476324113,5644.820365185664,4081.827803827498,1844.9042085239898,2371.7943800565236,3691.280079347311,4566.209177314315,4498.5944371476135,2080.1433928821125,1610.327964501652,3757.517806284607,357.57410768687197,2800.546743695784,3133.083570246227,1199.4440361093164,6018.613454593313,2439.814147126303,4877.472919383638,3902.0146073064097,2913.1755781772044,2060.9251861261682,4395.941061127837,1643.4685790378378,2111.9103388013123,0.0,3952.1208411841353,1294.2095734678844,3046.322286264192,5207.8396621427,2838.1757636120997,4787.747645791001,3992.932132387181,2121.075638616606,1268.1097226484603,4315.347036648838,1614.6887278011598,2440.36124458216,2532.1515291964924,554.317008183853,4148.496472477228,3307.6615305668493,3539.8787109679115],
        [2370.7071438140447,3325.976544754877,1904.1576375546547,2783.874500692719,4202.575268893875,1337.6768122071092,1400.8473055435963,935.2965162095039,2963.7067129408147,2755.2857113043924,2049.059307484436,3592.390992479201,2479.2951208584573,2409.9512019139,786.503797599526,961.5788626669519,786.9814710541378,1980.1942931410101,2458.4917588698527,2270.4225593373776,4083.1015888344664,2954.746151393288,1658.9929267072148,3390.3021738691655,2174.9333645921556,1908.0079705225069,1432.7330655628996,225.5254118412643,1208.4030511816943,2667.0124825167454,1448.3127289364866,2500.6015817400826,2097.226804663329,3952.1208411841353,0.0,3661.1970696659932,1340.4834468805282,1277.0833226281834,2276.212615800518,1158.3717462443794,1790.9765356332357,1989.6192952515694,2940.1142755968863,3131.9065576032267,2785.2987095987723,1824.924868154435,2158.518933329391,4506.418010266091,2851.0280317305433,1594.4184308186645,2370.7071438140447],
        [2524.8769592353187,1635.1843173901634,2146.319622539191,2206.0493893882212,1175.7019481143407,4028.417987318315,3363.061789020207,4122.281343147832,3108.6679096481002,2489.5429416056127,4986.990925674634,2847.8163211882097,1184.0693722609028,1468.4159023254329,3166.6011421282824,4471.687767241156,4010.156630956789,1700.6625742209303,1970.7915199610616,2772.1761610909557,1053.1116099180747,3561.9896724788905,2378.3913095190187,309.5774850299002,5480.27454134911,2746.6984765710718,4233.9892236401,3541.6525486972773,2465.4729627509264,2720.9840029842358,3671.015315707439,1190.2340309015806,1564.901537546137,1294.2095734678844,3661.1970696659932,0.0,2454.0933278703405,4799.837426179501,3357.6140155961552,4226.1693971617615,4276.136752667627,2348.285174948366,803.965977562851,4946.071326988268,876.0409081719134,1860.5810791034125,1706.7389492361121,1593.674545852919,3045.8835730048722,3571.1682052958563,2524.8769592353187],
        [1242.5333013102766,1996.8028895905873,589.936615999448,2358.082801678743,3216.873933162639,1636.0879004466315,1895.4364684255459,1668.8765278696774,2931.1710830067836,1594.6306510781842,2603.9627841635597,2450.925138661726,1293.8092047836753,1085.2831773570629,713.7232226204247,2281.206567581267,1556.4069518773701,977.945696069136,1919.804765056664,1263.791351782743,3084.058121278838,3133.393461769234,402.0811097067044,2221.741893788131,3037.7267799571305,1874.4630541753636,1836.3924543773376,1164.8699830675857,336.0803423434324,2509.4783849059572,1360.3143146760217,1418.359377235644,948.5040865486966,3046.322286264192,1340.4834468805282,2454.0933278703405,0.0,2353.8039243733533,2533.328377058958,1783.6561963447657,2695.3459524554814,1672.9053296328343,1848.1726971416101,3873.582965975196,1599.6821922388633,618.2044948002584,827.4863824467138,3582.753149618539,1880.6178881703854,2168.5597650967597,1242.5333013102766],
        [2980.3489493390607,4151.763031295167,2797.047592142766,4056.4499751175454,5442.250783700279,1163.6668511972146,2550.3282465061034,748.9976597522473,4165.449122342283,3341.544128980246,1136.5533739366974,4067.2448634318253,3621.883560144246,3422.5187364495187,1641.3367332393113,1271.9194387152686,815.3712874486217,3179.791795880201,3735.4508314377495,2786.2294634155082,5318.442265811897,4085.778345820848,2532.8722191482516,4551.903650882299,948.317929908194,3155.288715042041,1052.0234343550069,1305.998482467027,2350.49967266454,3907.6380157057242,1566.853723609105,3690.1533809655625,3249.4395653073816,5207.8396621427,1277.0833226281834,4799.837426179501,2353.8039243733533,0.0,3420.1323365048115,787.1175816363503,2585.6935835594027,3264.3739356949623,4133.361467438702,3898.472593296687,3931.7964994648964,2940.1500548987256,3162.3752835458085,5761.709655019147,3220.0194700522393,2674.4254120605124,2980.3489493390607],
        [3740.744061425365,4046.4305588130073,2992.4605544808883,1280.8551357188385,3195.79143915082,3562.9257652340934,879.4765102646701,3210.7871268544177,804.4936597127007,4049.469144459754,4323.844203358603,4871.720688848218,2572.741369777098,2977.6573601147456,2650.8820321842686,2305.8189902238228,3060.8776204409696,2095.43590935863,1388.0176998284205,3794.1837730241464,3133.0826822908775,678.5594545187744,2912.5158116930356,3052.9863329020727,4367.004750109959,712.2655511690438,3688.357933088661,2398.4306301257243,2197.932053354349,795.3295333735584,3541.4953650698444,2359.557627940272,2357.745473918681,2838.1757636120997,2276.212615800518,3357.6140155961552,2533.328377058958,3420.1323365048115,0.0,3432.2380340022146,1256.2712941786867,1082.5856440263208,2585.845006450698,1592.9744598108823,2726.32498763269,2399.11371883886,2867.696834655141,3307.590550536298,4405.581602269153,760.5124796381814,3740.744061425365],
        [2221.0178685149053,3425.779532235267,2132.626194104906,3819.8394192818164,4983.961260451352,380.20518666860795,2558.9218298906494,225.47419385116774,4098.291805075056,2572.3012680668344,912.7795041434497,3282.0540423638918,3077.3550012346113,2792.61514670209,1097.255249904329,1684.6081823455077,371.53419029820054,2710.6904853117694,3443.26989800585,2014.7054079756208,4853.583298979264,4110.72123591257,1875.0873671729219,4003.4881865318125,1254.8773842156197,3016.72719422747,327.0803011376556,1045.682269718973,1874.5964384081049,3773.1829430517023,781.787845773129,3191.154554771341,2726.8613149722783,4787.747645791001,1158.3717462443794,4226.1693971617615,1783.6561963447657,787.1175816363503,3432.2380340022146,0.0,2860.5790001138184,3028.46476359407,3627.3834906322927,4212.411498001287,3382.1940785547827,2399.740559794963,2536.917900501603,5334.415070440359,2433.1333624249114,2749.5087721410137,2221.0178685149053],
        [3922.4189506399593,4572.190317891244,3268.0073164566224,2455.0285970613463,4334.165465331364,3107.758439965743,923.1116704687016,2638.8843933884814,2043.0743816915478,4286.763627004272,3649.8543361518077,5144.292547359967,3270.582068119459,3503.8026367459456,2467.368052861589,1323.281054019445,2511.986191676014,2712.338035517763,2415.5062203587145,3891.333685864895,4253.891546400129,1756.1646006395747,3095.0411620835057,3967.0826623131525,3511.552889551147,1571.958293780811,3170.673081531742,1995.8347335591068,2392.704585102753,2029.2889095338312,3237.637363458666,3134.471491990092,2951.1810463371976,3992.932132387181,1790.9765356332357,4276.136752667627,2695.3459524554814,2585.6935835594027,1256.2712941786867,2860.5790001138184,0.0,1947.516216465745,3472.400806519319,1352.1455421076644,3505.3510457261145,2849.049001688855,3316.1838021385634,4495.563666201983,4505.633191348777,707.5617183024951,3922.4189506399593],
        [2783.4031101544624,2971.0238902816477,2023.6440441914308,796.2792810757878,2436.2120233166593,3047.1429896261443,1071.9105180624535,2832.1657857590317,1266.0241407364244,3057.160404501133,3939.517052714375,3850.4485299850535,1490.1681479376637,1913.0812579734438,2030.4592499425044,2463.0226778258416,2681.304185196922,1030.6310281394665,513.386211597063,2878.162879359774,2342.4298220683904,1535.9113926327846,2000.5087432835653,2038.880443641076,4158.714002089055,401.2841273742521,3213.55109525056,2010.411201015078,1366.4896015555005,836.6112950634041,2907.341474111786,1282.6637773661546,1290.6194726570668,2121.075638616606,1989.6192952515694,2348.285174948366,1672.9053296328343,3264.3739356949623,1082.5856440263208,3028.46476359407,1947.516216465745,0.0,1551.517724559357,2660.6800413263245,1653.6652977720105,1382.744743882722,1829.0786035735364,2658.3824697058194,3466.2138973234687,1240.3562376771272,2783.4031101544624],
