{
    "drone_dist": [
        [0.0,14.504343798426753,3.8633060783819584,24.419992622656903,33.21727956117215,30.714932025725783,19.96952568187349,10.137969922072408,16.724458143451837,24.89672716131507,28.184731824616648,34.380743820990155,31.71261794716043,14.433266890719633,30.318773768123766,32.05707647445361,12.837756508668749,32.933080768761634,17.15700127455882,32.700248398760245,0.0],
        [14.504343798426753,0.0,12.492930182040705,34.34280116009355,45.73391877827732,43.21470361922656,26.450857914572275,19.624299188369235,2.5769222342281433,33.93331783349258,34.505520272098565,37.93006490839923,40.11455665669767,13.732158912203634,37.32668172388691,44.146983417111954,14.832684853895328,46.86940637308998,28.248932882374003,36.60056544960214,14.504343798426753],
        [3.8633060783819584,12.492930182040705,0.0,28.262472484809418,33.57318113402992,34.45986650361907,17.571194251965565,13.757573997210907,14.953884006285667,23.497664326829042,31.727876435982214,37.5932641215061,35.4895417269961,16.08247949684808,33.960054301647105,35.84853431677707,15.003722459852371,34.377608804385524,16.532099983825322,35.949768128646525,3.8633060783819584],
        [24.419992622656903,34.34280116009355,28.262472484809418,0.0,42.72030485703676,11.994087326337379,41.64346215431994,15.070058368509901,35.29867631626,43.10139281641844,9.279410306550991,17.63430436626884,7.935907280160031,22.53240433669933,8.981859116902923,11.659295223066355,20.344582958323826,36.519676185563974,34.73700156433149,16.035165169779397,24.419992622656903],
        [33.21727956117215,45.73391877827732,33.57318113402992,42.72030485703676,0.0,38.0570251963959,23.694495995710987,38.19157796103999,48.28930823088553,15.967935315201066,51.2875962180483,59.55330094091943,50.066379247464944,47.01007300076991,51.66598447580089,40.33773913491393,44.86298305227684,9.722889532455808,17.66422933002028,57.806945555363,33.21727956117215],
        [30.714932025725783,43.21470361922656,34.45986650361907,11.994087326337379,38.0570251963959,0.0,43.749333644734136,23.720339217299166,44.62702536325296,42.87514996632553,20.327286862619225,28.000650826384664,15.097663254241871,33.14657272743797,18.754795055485733,2.2809795695509942,30.696898631421575,29.968651405087652,35.356048500679094,26.66464847264278,30.714932025725783],
        [19.96952568187349,26.450857914572275,17.571194251965565,41.64346215431994,23.694495995710987,43.749333644734136,0.0,29.561092098977724,28.945344375315422,8.360785733243727,47.285558594798864,54.0895693701904,49.507335836368085,33.64899256122947,49.01351130820823,45.702924102511524,32.51672683586256,29.33436574605239,9.12286515110974,52.36993270575201,19.96952568187349],
        [10.137969922072408,19.624299188369235,13.757573997210907,15.070058368509901,38.19157796103999,23.720339217299166,29.561092098977724,0.0,20.91821711699905,33.25745852273666,18.049282624513314,24.52988370449719,21.85335809201102,10.64914655518458,20.20577722033118,24.54750834518964,8.043245540541687,35.31143476987352,24.889987864985468,22.808915667887153,10.137969922072408],
        [16.724458143451837,2.5769222342281433,14.953884006285667,35.29867631626,48.28930823088553,44.62702536325296,28.945344375315422,20.91821711699905,0.0,36.48647226652877,34.79379773401622,37.663060609214796,40.701287721898844,13.775603370830725,37.69221730968485,45.45549174791795,15.279347315657205,49.30474604990245,30.821154545786612,36.41767489979716,16.724458143451837],
        [24.89672716131507,33.93331783349258,23.497664326829042,43.10139281641844,15.967935315201066,42.87514996632553,8.360785733243727,33.25745852273666,36.48647226652877,0.0,49.96331904736081,57.429564205225105,51.029729098999745,39.263177651689375,51.26079959888472,45.014445129609875,37.730371164787194,23.044082739081997,8.490979279046083,55.66691907199132,24.89672716131507],
        [28.184731824616648,34.505520272098565,31.727876435982214,9.279410306550991,51.2875962180483,20.327286862619225,47.285558594798864,18.049282624513314,34.79379773401622,49.96331904736081,0.0,8.409907119030006,7.2481260316803535,21.034996592242255,3.062025616887771,19.32842210998866,19.675431415921025,45.57892313214536,41.47445140225933,6.765430293205962,28.184731824616648],
        [34.380743820990155,37.93006490839923,37.5932641215061,17.63430436626884,59.55330094091943,28.000650826384664,54.0895693701904,24.52988370449719,37.663060609214796,57.429564205225105,8.409907119030006,0.0,13.233516722936063,24.237430170207457,9.248540852413283,26.6844524713847,23.713206941298317,53.983960745362765,48.95202808537507,1.7722858299504793,34.380743820990155],
        [31.71261794716043,40.11455665669767,35.4895417269961,7.935907280160031,50.066379247464944,15.097663254241871,49.507335836368085,21.85335809201102,40.701287721898844,51.029729098999745,7.2481260316803535,13.233516722936063,0.0,27.15866722963633,4.469074498288284,13.569371079337833,25.422027346047297,43.257622162946234,42.672599742122536,12.15060151603324,31.71261794716043],
        [14.433266890719633,13.732158912203634,16.08247949684808,22.53240433669933,47.01007300076991,33.14657272743797,33.64899256122947,10.64914655518458,13.775603370830725,39.263177651689375,21.034996592242255,24.237430170207457,27.15866722963633,0.0,23.96336010300388,33.562682457627204,2.612525084921395,45.25839978921527,31.581164636494567,22.877760561966486,14.433266890719633],
        [30.318773768123766,37.32668172388691,33.960054301647105,8.981859116902923,51.66598447580089,18.754795055485733,49.01351130820823,20.20577722033118,37.69221730968485,51.26079959888472,3.062025616887771,9.248540852413283,4.469074498288284,23.96336010300388,0.0,17.49045495871311,22.498459393340802,45.471615397356224,42.79851904883663,7.943987159753362,30.318773768123766],
        [32.05707647445361,44.146983417111954,35.84853431677707,11.659295223066355,40.33773913491393,2.2809795695509942,45.702924102511524,24.54750834518964,45.45549174791795,45.014445129609875,19.32842210998866,26.6844524713847,13.569371079337833,33.562682457627204,17.49045495871311,0.0,31.18210408202604,32.2169993934065,37.40902760277169,25.43435161820118,32.05707647445361],
        [12.837756508668749,14.832684853895328,15.003722459852371,20.344582958323826,44.86298305227684,30.696898631421575,32.51672683586256,8.043245540541687,15.279347315657205,37.730371164787194,19.675431415921025,23.713206941298317,25.422027346047297,2.612525084921395,22.498459393340802,31.18210408202604,0.0,42.84568973201316,29.84755669613981,22.23737644752613,12.837756508668749],
        [32.933080768761634,46.86940637308998,34.377608804385524,36.519676185563974,9.722889532455808,29.968651405087652,29.33436574605239,35.31143476987352,49.30474604990245,23.044082739081997,45.57892313214536,53.983960745362765,43.257622162946234,45.25839978921527,45.471615397356224,32.2169993934065,42.84568973201316,0.0,21.188879380664044,52.29860881135834,32.933080768761634],
        [17.15700127455882,28.248932882374003,16.532099983825322,34.73700156433149,17.66422933002028,35.356048500679094,9.12286515110974,24.889987864985468,30.821154545786612,8.490979279046083,41.47445140225933,48.95202808537507,42.672599742122536,31.581164636494567,42.79851904883663,37.40902760277169,29.84755669613981,21.188879380664044,0.0,47.187812115662624,17.15700127455882],
        [32.700248398760245,36.60056544960214,35.949768128646525,16.035165169779397,57.806945555363,26.66464847264278,52.36993270575201,22.808915667887153,36.41767489979716,55.66691907199132,6.765430293205962,1.7722858299504793,12.15060151603324,22.877760561966486,7.943987159753362,25.43435161820118,22.23737644752613,52.29860881135834,47.187812115662624,0.0,32.700248398760245],
        [0.0,14.504343798426753,3.8633060783819584,24.419992622656903,33.21727956117215,30.714932025725783,19.96952568187349,10.137969922072408,16.724458143451837,24.89672716131507,28.184731824616648,34.380743820990155,31.71261794716043,14.433266890719633,30.318773768123766,32.05707647445361,12.837756508668749,32.933080768761634,17.15700127455882,32.700248398760245,0.0]
    ],
    "end_depot": 20,
    "start_depot": 0,
    "truck_dist": [
        [0.0,19.041152906128712,4.730675453463888,27.788710434100558,39.84090875519989,41.969321325826115,27.534498982711327,11.59989668858924,21.140060037993173,35.096885997138074,32.66192900177403,44.24706909471301,32.86888854856538,20.00123914513859,33.19102233503921,43.04096262391174,18.13374721782425,35.09180549839115,23.514861143461502,41.756518729150265,0.0],
        [19.041152906128712,0.0,14.310477452664824,46.82986334022927,47.46891465788161,61.01047423195483,35.16250488539306,27.467259070647767,2.9792021170654452,42.72489189981981,41.88752263819314,39.197243000608815,51.91004145469408,14.9682155218245,46.18543631829982,62.08211553004044,18.1561691821061,54.13295840451987,31.142867046143234,38.91590156625942,19.041152906128712],
        [4.730675453463888,14.310477452664824,0.0,32.51938588756445,37.107599869523,46.699996779290004,24.801190097034443,14.333205574266124,16.409384584529285,32.3635771114612,35.39523788745091,46.980377980389896,37.59956400202927,22.734548030815475,35.9243312207161,47.77163807737563,20.867056103501135,39.82248095185504,20.781552257784618,44.48982761482715,4.730675453463888],
        [27.788710434100558,46.82986334022927,32.51938588756445,0.0,60.34602157593184,14.18061089172556,48.03961180344328,19.362604269581503,48.92877047209373,55.601998817870026,12.156816181042077,23.74195627398106,10.007449177682926,31.86164781840477,12.685909514307259,15.252252189811177,28.67369415812317,51.12766667743435,44.019973964193454,21.251405908418313,27.788710434100558],
        [39.84090875519989,47.46891465788161,37.107599869523,60.34602157593184,0.0,51.038683808283764,31.16745994612211,51.44080544378913,50.44811677494707,22.078137705247748,72.50283775697392,84.0879778499129,70.35347075361477,59.84214790033848,73.0319310902391,54.08126832176165,57.974655973024134,10.202504334036071,18.907939206226278,81.59742748435015,39.84090875519989],
        [41.969321325826115,61.01047423195483,46.699996779290004,14.18061089172556,51.038683808283764,0.0,48.247480107593155,33.54321516130706,63.109381363819296,46.294661050221954,21.464153948690154,33.04929404162914,19.314786945331,46.042258710130326,21.993247281955334,3.042584513477884,42.85430504984873,41.82032890978628,35.987959367697314,30.558743676066385,41.969321325826115],
        [27.534498982711327,35.16250488539306,24.801190097034443,48.03961180344328,31.16745994612211,48.247480107593155,0.0,39.13439567130057,38.1417070024585,9.089322240874363,60.19642798448536,71.78156807742434,58.04706098112621,47.53573812784992,60.72552131775054,49.31912140567877,45.66824620053558,41.369964280158186,12.259520739895834,69.2910177118616,27.534498982711327],
        [11.59989668858924,27.467259070647767,14.333205574266124,19.362604269581503,51.44080544378913,33.54321516130706,39.13439567130057,0.0,29.56616620251223,46.696782685727314,21.062032313184787,32.64717240612377,24.44278238404632,12.499043548823266,21.59112564644997,34.61485645939268,9.311089888541666,42.222450545291636,35.11475783205074,30.156622040561025,11.59989668858924],
        [21.140060037993173,2.9792021170654452,16.409384584529285,48.92877047209373,50.44811677494707,63.109381363819296,38.1417070024585,29.56616620251223,0.0,45.70409401688526,43.9864297700576,41.29615013247327,54.008948586558546,17.067122653688962,48.284343450164286,64.1810226619049,20.255076313970562,56.231865536384326,34.12206916320868,41.01480869812388,21.140060037993173],
        [35.096885997138074,42.72489189981981,32.3635771114612,55.601998817870026,22.078137705247748,46.294661050221954,9.089322240874363,46.696782685727314,45.70409401688526,0.0,67.7588149989121,79.34395509185109,65.60944799555296,55.09812514227667,68.2879083321773,49.33724556369984,53.230633214962324,32.28064203928382,11.582024853676575,76.85340472628835,35.096885997138074],
        [32.66192900177403,41.88752263819314,35.39523788745091,12.156816181042077,72.50283775697392,21.464153948690154,60.19642798448536,21.062032313184787,43.9864297700576,67.7588149989121,0.0,11.585140092938985,10.022518816500954,26.919307116368635,4.297913680106687,20.194592891847314,23.731353456087035,63.28448285847643,56.176790145235536,9.094589727376235,32.66192900177403],
        [44.24706909471301,39.197243000608815,46.980377980389896,23.74195627398106,84.0879778499129,33.04929404162914,71.78156807742434,32.64717240612377,41.29615013247327,79.34395509185109,11.585140092938985,0.0,13.734507096298135,24.24582994957442,11.056046759673801,30.00670952815125,26.11332187688876,74.86962295141541,67.76193023817451,2.4905503655627497,44.24706909471301],
        [32.86888854856538,51.91004145469408,37.59956400202927,10.007449177682926,70.35347075361477,19.314786945331,58.04706098112621,24.44278238404632,54.008948586558546,65.60944799555296,10.022518816500954,13.734507096298135,0.0,36.94182593286959,5.724605136394267,16.272202431853117,33.753872272587984,61.13511585511728,54.027423141876376,12.994139888434669,32.86888854856538],
        [20.00123914513859,14.9682155218245,22.734548030815475,31.86164781840477,59.84214790033848,46.042258710130326,47.53573812784992,12.499043548823266,17.067122653688962,55.09812514227667,26.919307116368635,24.24582994957442,36.94182593286959,0.0,31.21722079647532,47.11390000821595,3.1879536602816003,50.62379300184099,43.51610028860009,23.947686044434917,20.00123914513859],
        [33.19102233503921,46.18543631829982,35.9243312207161,12.685909514307259,73.0319310902391,21.993247281955334,60.72552131775054,21.59112564644997,48.284343450164286,68.2879083321773,4.297913680106687,11.056046759673801,5.724605136394267,31.21722079647532,0.0,18.95066276847745,28.02926713619372,63.81357619174161,56.70588347850071,8.565496394111053,33.19102233503921],
        [43.04096262391174,62.08211553004044,47.77163807737563,15.252252189811177,54.08126832176165,3.042584513477884,49.31912140567877,34.61485645939268,64.1810226619049,49.33724556369984,20.194592891847314,30.00670952815125,16.272202431853117,47.11390000821595,18.95066276847745,0.0,43.92594634793434,44.86291342326416,37.75522071002326,27.5161591625885,43.04096262391174],
        [18.13374721782425,18.1561691821061,20.867056103501135,28.67369415812317,57.974655973024134,42.85430504984873,45.66824620053558,9.311089888541666,20.255076313970562,53.230633214962324,23.731353456087035,26.11332187688876,33.753872272587984,3.1879536602816003,28.02926713619372,43.92594634793434,0.0,48.756301074526654,41.64860836128575,23.622771511326015,18.13374721782425],
        [35.09180549839115,54.13295840451987,39.82248095185504,51.12766667743435,10.202504334036071,41.82032890978628,41.369964280158186,42.222450545291636,56.231865536384326,32.28064203928382,63.28448285847643,74.86962295141541,61.13511585511728,50.62379300184099,63.81357619174161,44.86291342326416,48.756301074526654,0.0,29.11044354026235,72.37907258585267,35.09180549839115],
        [23.514861143461502,31.142867046143234,20.781552257784618,44.019973964193454,18.907939206226278,35.987959367697314,12.259520739895834,35.11475783205074,34.12206916320868,11.582024853676575,56.176790145235536,67.76193023817451,54.027423141876376,43.51610028860009,56.70588347850071,37.75522071002326,41.64860836128575,29.11044354026235,0.0,65.27137987261176,23.514861143461502],
        [41.756518729150265,38.91590156625942,44.48982761482715,21.251405908418313,81.59742748435015,30.558743676066385,69.2910177118616,30.156622040561025,41.01480869812388,76.85340472628835,9.094589727376235,2.4905503655627497,12.994139888434669,23.947686044434917,8.565496394111053,27.5161591625885,23.622771511326015,72.37907258585267,65.27137987261176,0.0,41.756518729150265],
        [0.0,19.041152906128712,4.730675453463888,27.788710434100558,39.84090875519989,41.969321325826115,27.534498982711327,11.59989668858924,21.140060037993173,35.096885997138074,32.66192900177403,44.24706909471301,32.86888854856538,20.00123914513859,33.19102233503921,43.04096262391174,18.13374721782425,35.09180549839115,23.514861143461502,41.756518729150265,0.0]
    ],
    "vertex_count": 21
}