{
    "drone_dist": [
        [0.0,1398.510484696026,4465.231869440764,2450.115792135119,3510.246042341738,1258.924060702254,948.270001052455,2282.859543346192,1923.9214996525309,4179.813422551425,3383.1723068253136,1988.3239321596209,3731.3193620222496,1525.0309137144934,1389.3700163686597,2219.1450761466226,2187.1714003855304,2253.6793615916963,3621.3082186439656,2601.748891259009,3280.478836935532,3658.8238841353837,1888.5415637808476,2407.02122984359,1029.0833068005388,1762.733695291325,3671.755237392726,3725.2707907407917,1762.1287240153054,1773.0228351278877,1754.890263936751,658.4884689943017,3316.826978217789,3033.5899962078056,3435.441382890578,2229.4563619395294,3688.106677645651,2872.6652333748875,4136.476795802233,2783.0311058576654,665.2803998248304,4806.123511644925,2822.9461584861283,2957.225037524811,2032.754736339394,1815.0834654011587,1204.897206080853,2636.239454400294,889.5794258551023,3346.5653382130195,0.0],
        [1398.510484696026,0.0,3600.683392710249,3562.6885732292667,3432.172017411705,1054.8638239020152,1225.1050724282143,3203.446897839509,638.7371247496751,3422.8969148115757,2991.457402569551,993.8744651758002,4519.669699926191,207.04154869932688,175.94324319971741,892.0252452954009,847.6252231563443,2914.020397208627,3933.378876946472,1244.848599742651,2538.960516720974,2536.6156911698477,589.4855263870862,2548.060278271468,2400.6468701536583,2011.2967278931135,4003.449834390579,3380.543788872146,3123.31274550046,3149.07199645515,2501.085050244883,744.7646840428004,4079.764639101261,3072.084812801681,3343.7654780866064,2784.8924768581505,4103.1845219485585,2994.870380916699,3334.1651966903896,2197.9655697848025,1331.518845885444,4067.5826005343,1815.5272502084263,3165.6827653030587,2830.8729947097,2402.824393765763,1336.4589446316597,3593.903450744271,958.1733601461038,3719.1987953443486,1398.510484696026],
        [4465.231869440764,3600.683392710249,0.0,5068.075212854185,2315.4777749032187,4655.535431056957,3557.4154624480157,4443.678084132425,3781.63848987748,436.1891683337769,1606.231342354958,2622.1316079164735,4824.502127698389,3695.297322823876,3460.7701952117995,3702.6919438675613,2926.042196491219,3827.697882526913,3372.7772768149257,2760.3704276005665,1196.6954324676067,1321.1849330280968,3749.3191198191385,2845.622740330008,5401.928572045767,3154.8119836181972,3446.4891820825355,1637.1793914268221,6092.015683602608,6058.730021000245,3897.3119015161546,3977.997637411232,4511.378111621105,2581.6208929854183,2278.678601868114,3606.2167147758637,3688.768792493808,2764.098931672854,369.12300330732916,1735.0324438884265,3878.2451450735475,617.1612607759187,1788.544862974673,2954.647976020814,4065.038078388469,3626.8602958538613,3330.6670793410563,4714.878028853117,3576.1287768112143,3441.2537221176585,4465.231869440764],
        [2450.115792135119,3562.6885732292667,5068.075212854185,0.0,3052.762845350535,3709.03862751777,2377.4031054419847,627.7748848788173,4190.157682195587,4655.366263044932,3501.495881535318,3554.0734882836227,1588.0071492564102,3750.1770364813788,3461.1659726731527,4454.6972630247665,4086.8697690838158,1245.0499808396687,2410.322903962559,4463.020996172085,3983.54525228896,4877.51089745878,4144.220816002902,2222.4528281760436,2195.458351443981,2056.863625009918,2404.6664653340217,3640.1001918999555,2308.7969081967494,2193.0256896884484,1258.3493398127364,2907.4481386533594,1325.8584022321427,2600.5470318763073,3032.787694221756,1463.0715539185985,2256.374742873999,2386.963300266444,4699.4830847666735,3456.7741776637204,2232.1594156339997,5120.233688329408,4069.338339301376,2264.459447033263,1013.7494072668807,1505.7829366538253,2382.128158268919,510.85592286310447,2621.274545412375,2134.598780713395,2450.115792135119],
        [3510.246042341738,3432.172017411705,2315.4777749032187,3052.762845350535,0.0,4306.608939954474,2611.591180039433,2439.7278686098616,3942.8342366067677,1880.6956460378444,810.1134868471413,2616.4145331668146,2519.620691547067,3619.528425486142,3256.3289682135674,4041.872987380541,3260.942241751112,1855.7538574523633,1060.5444514111143,3400.553562259187,1679.2368329321207,2791.6753834206665,3893.0602063563183,1121.5265577571024,4148.816895799316,1751.8126129095747,1136.7391866226633,682.2506630830424,4698.010956530562,4626.153272700708,2153.9599261845947,3345.6299736910773,2239.0468949698666,507.07492255523726,89.80031678636088,1679.1242640913256,1375.7647093379446,715.7119814014319,1987.6351059600704,1488.831774758548,2847.967894664346,2173.8432174764016,2375.7831335244346,789.254351243622,2167.549496570578,1921.6079015952043,2359.37513505138,2610.1593901370106,2801.881296307582,1136.5505774782168,3510.246042341738],
        [1258.924060702254,1054.8638239020152,4655.535431056957,3709.03862751777,4306.608939954474,0.0,1769.3084490223016,3515.480421996059,1120.7079380163757,4472.064564441769,3963.6560789999826,2042.5827858287612,4945.214909649595,983.8940838237769,1200.4233798024925,1390.4731307489772,1826.7096338542792,3400.9734332052267,4641.840842390766,2165.9477944953614,3580.636793706859,3567.4039229375435,1117.3916680780314,3303.127002615509,1947.287288390752,2684.3351072481832,4702.9316893367095,4345.614590372064,2573.744751660075,2636.3735948536337,2919.1650938726816,992.2481588919998,4519.422738567606,3890.5640679116027,4221.6867645043885,3331.6067218009052,4759.633360484106,3774.132137399212,4386.522836090757,3204.1320288624534,1667.8863746044462,5117.299567178351,2869.917717875473,3909.3264328461314,3224.927081198678,2914.8753435376348,1989.068662629308,3880.4791560233944,1529.9331638782687,4392.1991532350985,1258.924060702254],
        [948.270001052455,1225.1050724282143,3557.4154624480157,2377.4031054419847,2611.591180039433,1769.3084490223016,0.0,1981.364913317809,1863.8395095971136,3252.2589906746816,2436.289630593332,1280.184997555322,3304.5895284252247,1426.9554128823568,1099.961618022654,2105.2579516839305,1722.6626570284263,1704.955182117179,2872.533795128865,2115.873357230259,2363.1835149142444,2874.989187111377,1814.408027952287,1549.7226495111522,1846.2061525256279,917.3245393902534,2933.854385164525,2783.2605961763384,2550.5457298691617,2529.2976957924384,1276.4151048030146,777.0727197529214,2865.970235228878,2159.168058516948,2532.241231048497,1597.9509113687068,2995.9760028440483,2023.3740845531438,3218.1664578155637,1848.8023194443463,321.7356554863707,3871.026129474293,2017.9886117753101,2145.469836796981,1605.96689111256,1196.127969200134,259.16996734758226,2372.738984314167,271.832128795899,2624.8957935051353,948.270001052455],
        [2282.859543346192,3203.446897839509,4443.678084132425,627.7748848788173,2439.7278686098616,3515.480421996059,1981.364913317809,0.0,3841.473567354706,4029.2723838447428,2873.7849483572036,3059.51213198023,1457.3286210746576,3401.921966270345,3081.221782214986,4086.622381601054,3635.0647282145737,617.5777685401429,1885.951276650849,3990.6142816756637,3372.0704073434126,4295.893746596288,3792.7775278093063,1598.7627472675406,2306.024840825577,1495.2807096479912,1893.9841870993266,3015.363688378611,2597.6444274318637,2495.181398669862,733.138179381486,2620.4824433251138,1068.0124389989912,1977.9774464735679,2415.735516672006,837.4618711376909,1785.2286841713217,1763.1403116924068,4075.4143778523844,2852.942476606307,1909.620412112019,4492.658674595512,3507.0787263424154,1650.5044508381675,426.30018263187395,939.1089018100407,1930.749193256156,391.90457284578713,2245.3151863067887,1595.4425860676017,2282.859543346192],
        [1923.9214996525309,638.7371247496751,3781.63848987748,4190.157682195587,3942.8342366067677,1120.7079380163757,1863.8395095971136,3841.473567354706,0.0,3672.2924101478693,3420.466987897543,1354.4637267394219,5154.840205005851,440.8268181315385,778.6187722737253,299.0485758278963,856.0035987364603,3548.52625777408,4518.696479773034,1099.5120888849044,2841.7144607059918,2580.433624533268,51.90731746253755,3132.226203675724,2861.7346719514194,2627.443458820032,4591.200670274616,3811.294427735121,3556.8417056970575,3599.020270383351,3139.6920475250345,1312.0986254255038,4714.697486047028,3620.823100180106,3853.257409299457,3414.089127630519,4702.965238636823,3562.9705339834018,3562.132292093336,2598.0358850011335,1958.3843479193974,4304.831295804201,2018.3647157025464,3745.7382769898836,3469.5334578208867,3037.5907574576972,1967.6688909677987,4231.612561708271,1596.5420156175878,4316.952973170826,1923.9214996525309],
        [4179.813422551425,3422.8969148115757,436.1891683337769,4655.366263044932,1880.6956460378444,4472.064564441769,3252.2589906746816,4029.2723838447428,3672.2924101478693,0.0,1175.1579061938648,2429.942378589479,4388.315589874813,3537.6858409132874,3271.6488300053384,3627.0857117037813,2820.4335635625575,3412.1309223656763,2939.193661781392,2714.869046126325,907.2531994613713,1407.812236233122,3635.5717018617047,2434.6571473387667,5086.185732882242,2780.9675102350243,3013.4685784794224,1204.582254426451,5762.294406554413,5723.340952515078,3503.3946351642867,3731.8060312616176,4076.148540210952,2148.2862160716786,1842.8531951496009,3192.3244737485966,3255.0801549488774,2333.6020522116305,161.07493306122856,1404.9060177725225,3569.7696097017174,645.3779826519254,1653.9809806442815,2521.268164464626,3657.9825644721236,3232.913512097586,3014.800221238419,4292.427369337788,3296.52968699274,3005.137360437086,4179.813422551425],
        [3383.1723068253136,2991.457402569551,1606.231342354958,3501.495881535318,810.1134868471413,3963.6560789999826,2436.289630593332,2873.7849483572036,3420.466987897543,1175.1579061938648,0.0,2066.0154737320595,3239.8692267260867,3156.9915431967197,2818.5215946790886,3472.846162657276,2658.0841764522975,2256.5230492619867,1847.5622370125823,2730.746622555778,878.1763502129266,1984.9973954037846,3373.9091888810203,1300.218049034587,4178.480871415909,1759.825350681651,1927.0887770480617,391.1073049889577,4806.398043317721,4752.674260614817,2401.173087526766,3073.660511903557,2910.8878176520234,976.8898070116294,744.8847264787945,2041.5470770910945,2157.1383511182307,1158.4569879042615,1250.3311791347458,827.6489129266065,2726.822945161874,1626.1256335090889,1646.7343966274025,1349.6139707760435,2520.2116603537684,2134.6966572446713,2178.4102428786896,3123.046587301688,2560.155627033177,1867.673017800619,3383.1723068253136],
        [1988.3239321596209,993.8744651758002,2622.1316079164735,3554.0734882836227,2616.4145331668146,2042.5827858287612,1280.184997555322,3059.51213198023,1354.4637267394219,2429.942378589479,2066.0154737320595,0.0,4168.928125241686,1123.6880773383616,842.3905237259489,1426.2594318943113,667.1951855839724,2608.519549645758,3297.2009184802237,944.2126374078144,1545.979685291226,1672.4802621594063,1307.9499131332907,1945.8635287152485,3006.109673519068,1608.0946255497233,3374.7286254966243,2456.888191393047,3736.207981316313,3733.348636230506,2328.078887489103,1404.3093432315018,3735.954995910399,2343.015931834336,2526.6255849537433,2423.865397093083,3519.386296268027,2321.7640454200423,2344.379426795732,1245.247888351114,1564.8279638185004,3074.9958615870264,861.3873452003443,2526.9699595918823,2639.4302127893557,2136.039174551776,1186.9953272892376,3442.7007084205484,1151.7882583324404,3134.2236912636686,1988.3239321596209],
        [3731.3193620222496,4519.669699926191,4824.502127698389,1588.0071492564102,2519.620691547067,4945.214909649595,3304.5895284252247,1457.3286210746576,5154.840205005851,4388.315589874813,3239.8692267260867,4168.928125241686,0.0,4724.959069592806,4377.48491323967,5372.805176764686,4807.246895005422,1606.4764367902674,1505.335317819249,5110.99844153588,3986.550464952202,5057.06682849844,5104.076002825036,2301.2446262684844,3720.2682028561403,2574.7017665639755,1448.3850187447117,3201.396361165977,3895.7286606529165,3780.669855541303,2041.2839890904831,4012.9296686214125,440.3254713951294,2274.8210491968284,2548.233012551757,1757.180601481594,1207.5710742766005,2133.533203858505,4482.3959806068115,3570.5996869239048,3299.1456137002087,4682.67650131011,4393.013516704029,1913.8949472557886,1723.1758629575418,2117.24959187251,3188.3705238998623,1162.1051587932018,3576.3806335966246,1384.3844965876292,3731.3193620222496],
        [1525.0309137144934,207.04154869932688,3695.297322823876,3750.1770364813788,3619.528425486142,983.8940838237769,1426.9554128823568,3401.921966270345,440.8268181315385,3537.6858409132874,3156.9915431967197,1123.6880773383616,4724.959069592806,0.0,371.8475196448902,712.1240969788593,846.8809225589639,3119.696187766761,4136.6066554168765,1211.575981926633,2666.517137945463,2583.5955566765347,394.0670757833325,2750.549759515859,2501.6424097789195,2218.0032446067,4207.081330491749,3547.302358578221,3214.6306128902884,3247.3570443015983,2703.3684711689302,889.2873225679512,4285.1774706401475,3267.856353399999,3530.7496886894605,2991.65024741039,4308.541052490267,3194.6105045541462,3442.2393268176193,2352.81638462224,1518.1112594933056,4180.335028667138,1906.8325410172365,3367.761153266044,3032.8772706760797,2608.4815811620133,1543.1849237543065,3791.7424733392545,1158.087797468105,3924.2313233433856,1525.0309137144934],
        [1389.3700163686597,175.94324319971741,3460.7701952117995,3461.1659726731527,3256.3289682135674,1200.4233798024925,1099.961618022654,3081.221782214986,778.6187722737253,3271.6488300053384,2818.5215946790886,842.3905237259489,4377.48491323967,371.8475196448902,0.0,1005.5999335699813,802.8752073541671,2771.016196800931,3765.0105970836744,1214.9287340037142,2382.0585300584735,2430.6297073909977,727.392560338447,2378.7916770563943,2409.3363251001406,1852.4572301564401,3835.651080404215,3207.187155396745,3138.4126459007575,3157.3573208625153,2370.262330597803,731.8163013745952,3937.2407020921983,2898.042657065221,3167.8961846760285,2635.481269533578,3938.642117995418,2823.023890334207,3186.7363300455586,2029.0141996145155,1239.9427521400978,3916.876222958266,1682.3019759169251,2995.9340097425097,2700.3703418515006,2260.403257347054,1189.4541019670785,3472.6776880417356,841.5382860364474,3553.92899095777,1389.3700163686597],
        [2219.1450761466226,892.0252452954009,3702.6919438675613,4454.6972630247665,4041.872987380541,1390.4731307489772,2105.2579516839305,4086.622381601054,299.0485758278963,3627.0857117037813,3472.846162657276,1426.2594318943113,5372.805176764686,712.1240969788593,1005.5999335699813,0.0,825.5223191919292,3767.1705638096837,4672.830400582065,955.2843487843027,2833.815747766116,2456.1884730963366,330.6663229785904,3291.802722433137,3160.7728689767364,2821.455494679333,4747.363078482875,3861.192747408367,3854.9675947408496,3897.734499859703,3375.200310399143,1598.3116245107215,4932.510618118809,3748.929723040591,3952.0727111764804,3622.440537626728,4870.626927083073,3706.4639892946348,3507.6574936353436,2645.280789684989,2223.3940278603773,4248.316716842683,1981.6492737487213,3898.2521545586615,3705.277683522044,3258.1606171349094,2186.3255041429943,4477.95731595148,1843.7483319010496,4483.66514400294,2219.1450761466226],
        [2187.1714003855304,847.6252231563443,2926.042196491219,4086.8697690838158,3260.942241751112,1826.7096338542792,1722.6626570284263,3635.0647282145737,856.0035987364603,2820.4335635625575,2658.0841764522975,667.1951855839724,4807.246895005422,846.8809225589639,802.8752073541671,825.5223191919292,0.0,3226.165365721653,3964.335324859141,415.30795719169686,2009.8120085000767,1750.6543316640566,823.3310266280257,2610.13281615461,3210.8788626882106,2233.762512917817,4041.911694600152,3044.323545781475,3940.812637040671,3958.3112511344616,2902.7266781811836,1532.5220651914026,4370.99397020568,3006.4828834215796,3171.399290969168,3053.0062921469885,4185.846812774928,2988.768317479184,2707.755073798035,1831.0249744736075,1943.8803612644651,3450.3858852375206,1167.2675866915336,3194.1162866107234,3224.9495169635343,2736.150035671411,1709.4537336818016,4024.291617878273,1514.2453396114815,3800.340810254955,2187.1714003855304],
        [2253.6793615916963,2914.020397208627,3827.697882526913,1245.0499808396687,1855.7538574523633,3400.9734332052267,1704.955182117179,617.5777685401429,3548.52625777408,3412.1309223656763,2256.5230492619867,2608.519549645758,1606.4764367902674,3119.696187766761,2771.016196800931,3767.1705638096837,3226.165365721653,0.0,1474.8082790255824,3552.1415809800246,2770.1983429603747,3726.3942103804306,3497.70959318888,985.3005065583817,2540.89995262571,1000.7669683114975,1505.2399073344704,2406.7555592375284,2965.079808088011,2876.801980159305,500.0704406873309,2437.9552351470243,1166.2262319292076,1376.7946838469193,1824.1223841605893,224.91303228489025,1468.3887613228478,1159.9566322720577,3459.7575615580286,2262.0287740569534,1734.0261967765503,3876.8862922511153,2964.836392650555,1073.5793423511843,326.51089218056734,511.2146114960714,1581.9368953932553,913.3009956238742,1976.556928171172,1178.5385546427328,2253.6793615916963],
        [3621.3082186439656,3933.378876946472,3372.7772768149257,2410.322903962559,1060.5444514111143,4641.840842390766,2872.533795128865,1885.951276650849,4518.696479773034,2939.193661781392,1847.5622370125823,3297.2009184802237,1505.335317819249,4136.6066554168765,3765.0105970836744,4672.830400582065,3964.335324859141,1474.8082790255824,0.0,4180.977919201963,2681.2304136951566,3792.537458378483,4466.934549705208,1386.9423122847422,4013.025771158414,1960.5157600350199,82.2172783762104,1735.6996763827399,4429.900584383794,4337.155229781816,1940.8055308996695,3649.6043907790327,1307.7827692135743,997.8277257185663,1108.9818063927441,1417.074805473732,316.0327956000922,976.0344743971121,3048.0977280807515,2376.4066439449443,3014.3462626627506,3187.595976593387,3265.554025642738,774.582990718505,1790.7950345414206,1813.5592816435444,2662.3420953298837,1908.4731807789635,3119.071462311758,297.42392645212783,3621.3082186439656],
        [2601.748891259009,1244.848599742651,2760.3704276005665,4463.020996172085,3400.553562259187,2165.9477944953614,2115.873357230259,3990.6142816756637,1099.5120888849044,2714.869046126325,2730.746622555778,944.2126374078144,5110.99844153588,1211.575981926633,1214.9287340037142,955.2843487843027,415.30795719169686,3552.1415809800246,4180.977919201963,0.0,1987.408593780631,1500.9118396210692,1082.5107808869975,2864.5320507607466,3624.186044255842,2552.0655862471826,4260.608237367332,3104.3258456567064,4353.255698431816,4372.013129782394,3257.5719564119686,1946.0810619697056,4679.056288360389,3199.6906786502154,3312.4512974965733,3368.045444061856,4420.482337914555,3207.2480855781428,2586.4718070762938,1922.8788532980589,2349.624605782555,3321.2668240995504,1117.210376328639,3422.1203902127554,3574.1583107592614,3075.2205004271445,2080.8936643121115,4376.784390881791,1918.8706288443639,4039.1551484639126,2601.748891259009],
        [3280.478836935532,2538.960516720974,1196.6954324676067,3983.54525228896,1679.2368329321207,3580.636793706859,2363.1835149142444,3372.0704073434126,2841.7144607059918,907.2531994613713,878.1763502129266,1545.979685291226,3986.550464952202,2666.517137945463,2382.0585300584735,2833.815747766116,2009.8120085000767,2770.1983429603747,2681.2304136951566,1987.408593780631,0.0,1114.3637311429427,2801.1119190488052,1792.902115902654,4206.134977547626,1994.0943259115536,2762.6888621219678,1186.445051587412,4895.379068828933,4862.642220345523,2766.8952053979433,2824.5691862835956,3618.9865382978182,1725.7210194923405,1606.5085387056313,2545.2860813220145,2980.738459293315,1853.0270590570763,856.1968670892484,548.5538133784243,2683.363535958485,1548.6892592918682,870.3950195745865,2074.063807309822,2970.0055942117533,2499.5695476749506,2134.205460099956,3680.4423918292464,2394.1794100416137,2657.115107777799,3280.478836935532],
        [3658.8238841353837,2536.6156911698477,1321.1849330280968,4877.51089745878,2791.6753834206665,3567.4039229375435,2874.989187111377,4295.893746596288,2580.433624533268,1407.812236233122,1984.9973954037846,1672.4802621594063,5057.06682849844,2583.5955566765347,2430.6297073909977,2456.1884730963366,1750.6543316640566,3726.3942103804306,3792.537458378483,1500.9118396210692,1114.3637311429427,0.0,2555.9008119470063,2793.072857803964,4669.756912073844,2822.1187647297265,3874.249017162922,2252.2876660825946,5396.02714375181,5386.866836661656,3622.53256022086,3071.6319919706693,4671.592875139945,2823.434347940165,2720.2426240426817,3505.3831898415974,4088.8882993930697,2931.7732277196897,1252.4004125114748,1490.5283154505184,3185.656974731599,1925.0909070867779,857.6756717211144,3157.4996853989956,3875.1338822173702,3372.0229287220873,2709.5516948421196,4637.108741053141,2800.119854960942,3755.9127034331523,3658.8238841353837],
        [1888.5415637808476,589.4855263870862,3749.3191198191385,4144.220816002902,3893.0602063563183,1117.3916680780314,1814.408027952287,3792.7775278093063,51.90731746253755,3635.5717018617047,3373.9091888810203,1307.9499131332907,5104.076002825036,394.0670757833325,727.392560338447,330.6663229785904,823.3310266280257,3497.70959318888,4466.934549705208,1082.5107808869975,2801.1119190488052,2555.9008119470063,0.0,3080.429711436037,2833.6627771951175,2575.6874311102874,4539.407382689098,3764.8235753883882,3531.975314500377,3572.673786826943,3089.990227674423,1271.4100302994243,4663.906488175144,3569.7864133905014,3803.5081772272656,3362.789868170886,4651.067126358443,3511.466336520511,3526.635016865544,2552.248150073037,1912.1770541599308,4269.2885253445,1981.9786860657966,3694.0282995112507,3419.8891895074553,2986.832460067674,1916.6394655739477,4183.081205818256,1547.605283525049,4265.062002074041,1888.5415637808476],
        [2407.02122984359,2548.060278271468,2845.622740330008,2222.4528281760436,1121.5265577571024,3303.127002615509,1549.7226495111522,1598.7627472675406,3132.226203675724,2434.6571473387667,1300.218049034587,1945.8635287152485,2301.2446262684844,2750.549759515859,2378.7916770563943,3291.802722433137,2610.13281615461,985.3005065583817,1386.9423122847422,2864.5320507607466,1792.902115902654,2793.072857803964,3080.429711436037,0.0,3030.281094956229,645.6181469615087,1458.9804998132818,1513.159124872157,3598.2740760717033,3532.329716031958,1107.3711425988731,2316.400206917834,1893.5777863646397,628.1370602729467,1056.2200073554181,761.8410813837613,1580.6649543685087,473.6651629976012,2477.072549610739,1306.1840091909185,1752.729575149689,2926.056636955087,2092.564188599708,618.0417708471612,1224.480894785757,847.2703759963509,1314.9031419873993,1889.427001961133,1773.4468250248735,1193.761900305444,2407.02122984359],
        [1029.0833068005388,2400.6468701536583,5401.928572045767,2195.458351443981,4148.816895799316,1947.287288390752,1846.2061525256279,2306.024840825577,2861.7346719514194,5086.185732882242,4178.480871415909,3006.109673519068,3720.2682028561403,2501.6424097789195,2409.3363251001406,3160.7728689767364,3210.8788626882106,2540.89995262571,4013.025771158414,3624.186044255842,4206.134977547626,4669.756912073844,2833.6627771951175,3030.281094956229,0.0,2436.493732035278,4045.854760173588,4482.989011175518,733.1232878070887,748.6310412340193,2078.8175252064516,1678.3578797984692,3366.2708983860784,3645.2781710818253,4086.1750791728305,2607.4284492653887,4000.26466241885,3452.251796600834,5058.992521243463,3681.5952266548315,1524.5981316662976,5693.212937965063,3824.083767674103,3476.302399358082,2237.8791588788704,2256.2127852275667,2072.7367758076502,2558.2111148862336,1872.0076156850337,3718.1774471480235,1029.0833068005388],
        [1762.733695291325,2011.2967278931135,3154.8119836181972,2056.863625009918,1751.8126129095747,2684.3351072481832,917.3245393902534,1495.2807096479912,2627.443458820032,2780.9675102350243,1759.825350681651,1608.0946255497233,2574.7017665639755,2218.0032446067,1852.4572301564401,2821.455494679333,2233.762512917817,1000.7669683114975,1960.5157600350199,2552.0655862471826,1994.0943259115536,2822.1187647297265,2575.6874311102874,645.6181469615087,2436.493732035278,0.0,2024.2472970542476,2047.7438923570305,3047.379903948613,2992.84966122392,800.4193303520121,1692.6378144062435,2137.5141352099517,1270.8850548718472,1680.017482618221,819.2670244448768,2101.828659309809,1116.349164316459,2789.629560094342,1447.7977609309066,1107.118409487331,3340.295085874199,2015.1228607299224,1228.4292018116748,1069.0559728602607,556.7981558237907,702.4850466730556,1862.6395909511277,1158.583808984569,1723.0892989250574,1762.733695291325],
        [3671.755237392726,4003.449834390579,3446.4891820825355,2404.6664653340217,1136.7391866226633,4702.9316893367095,2933.854385164525,1893.9841870993266,4591.200670274616,3013.4685784794224,1927.0887770480617,3374.7286254966243,1448.3850187447117,4207.081330491749,3835.651080404215,4747.363078482875,4041.911694600152,1505.2399073344704,82.2172783762104,4260.608237367332,2762.6888621219678,3874.249017162922,4539.407382689098,1458.9804998132818,4045.854760173588,2024.2472970542476,0.0,1809.3210069086674,4451.605569223116,4357.386305675026,1978.72691739103,3710.846187985973,1270.1424607872927,1079.7045429655695,1187.069220850181,1458.5510042437988,246.10942010969774,1054.5342434717122,3123.689628783884,2458.5508408936603,3070.0334665465384,3253.717720691912,3347.5121324286574,849.8087840310218,1817.0062563329595,1860.4256572580732,2726.577116278479,1899.53159091286,3182.383397064623,329.36915196412787,3671.755237392726],
        [3725.2707907407917,3380.543788872146,1637.1793914268221,3640.1001918999555,682.2506630830424,4345.614590372064,2783.2605961763384,3015.363688378611,3811.294427735121,1204.582254426451,391.1073049889577,2456.888191393047,3201.396361165977,3547.302358578221,3207.187155396745,3861.192747408367,3044.323545781475,2406.7555592375284,1735.6996763827399,3104.3258456567064,1186.445051587412,2252.2876660825946,3764.8235753883882,1513.159124872157,4482.989011175518,2047.7438923570305,1809.3210069086674,0.0,5088.815113147799,5028.956103073912,2618.0603162490997,3443.3250135021603,2912.354731942721,1041.9048889651094,656.9412412145641,2205.185598680666,2051.7207658508164,1253.3002681574064,1320.20017757904,1216.2363016073218,3063.542339204929,1507.231764982193,2006.3266440641494,1399.3913820416908,2695.410957239589,2360.396832470427,2524.1803748900493,3226.105746075215,2921.828832257138,1817.5142049911124,3725.2707907407917],
        [1762.1287240153054,3123.31274550046,6092.015683602608,2308.7969081967494,4698.010956530562,2573.744751660075,2550.5457298691617,2597.6444274318637,3556.8417056970575,5762.294406554413,4806.398043317721,3736.207981316313,3895.7286606529165,3214.6306128902884,3138.4126459007575,3854.9675947408496,3940.812637040671,2965.079808088011,4429.900584383794,4353.255698431816,4895.379068828933,5396.02714375181,3531.975314500377,3598.2740760717033,733.1232878070887,3047.379903948613,4451.605569223116,5088.815113147799,0.0,123.99798631205998,2558.672206574608,2408.7952349327315,3598.769530956674,4190.93616233029,4642.799529532587,3074.753429547143,4370.910247503109,3986.603075478141,5743.170103818447,4361.987472062941,2229.6652002927945,6357.084421848907,4547.146728633878,3978.915375600892,2642.0883282324826,2776.9147780511876,2763.591097113052,2760.164976109229,2596.016384370413,4132.51960556422,1762.1287240153054],
        [1773.0228351278877,3149.07199645515,6058.730021000245,2193.0256896884484,4626.153272700708,2636.3735948536337,2529.2976957924384,2495.181398669862,3599.020270383351,5723.340952515078,4752.674260614817,3733.348636230506,3780.669855541303,3247.3570443015983,3157.3573208625153,3897.734499859703,3958.3112511344616,2876.801980159305,4337.155229781816,4372.013129782394,4862.642220345523,5386.866836661656,3572.673786826943,3532.329716031958,748.6310412340193,2992.84966122392,4357.386305675026,5028.956103073912,123.99798631205998,0.0,2480.4867985333494,2425.940999668303,3488.2611453141176,4119.203975724329,4572.50764976323,2992.3569935189726,4272.5428409274455,3913.1055652637647,5707.518886924392,4326.114480871444,2210.0498393401804,6313.166476834351,4535.192248994007,3899.7833278755456,2552.4698250015185,2704.570812935311,2735.334133761244,2649.1382204831816,2587.571102324623,4039.929000076167,1773.0228351278877],
        [1754.890263936751,2501.085050244883,3897.3119015161546,1258.3493398127364,2153.9599261845947,2919.1650938726816,1276.4151048030146,733.138179381486,3139.6920475250345,3503.3946351642867,2401.173087526766,2328.078887489103,2041.2839890904831,2703.3684711689302,2370.262330597803,3375.200310399143,2902.7266781811836,500.0704406873309,1940.8055308996695,3257.5719564119686,2766.8952053979433,3622.53256022086,3089.990227674423,1107.3711425988731,2078.8175252064516,800.4193303520121,1978.72691739103,2618.0603162490997,2558.672206574608,2480.4867985333494,0.0,1972.281918070809,1607.4408626913503,1649.2899959213785,2105.7931195083725,528.6113431170862,1959.973051340845,1438.3709446099783,3528.743878319781,2227.7334533761846,1259.8398589104004,4022.8721305790655,2810.99076300285,1420.274968277433,330.10831489930564,270.5607228625653,1202.5717546902324,1121.5753789467994,1546.3376834593123,1649.4318658476463,1754.890263936751],
        [658.4884689943017,744.7646840428004,3977.997637411232,2907.4481386533594,3345.6299736910773,992.2481588919998,777.0727197529214,2620.4824433251138,1312.0986254255038,3731.8060312616176,3073.660511903557,1404.3093432315018,4012.9296686214125,889.2873225679512,731.8163013745952,1598.3116245107215,1532.5220651914026,2437.9552351470243,3649.6043907790327,1946.0810619697056,2824.5691862835956,3071.6319919706693,1271.4100302994243,2316.400206917834,1678.3578797984692,1692.6378144062435,3710.846187985973,3443.3250135021603,2408.7952349327315,2425.940999668303,1972.281918070809,0.0,3579.707141739727,2913.3083515955063,3262.8510646172094,2353.475439762422,3770.1723710412302,2788.9427052424144,3670.0818836094036,2375.8759714984867,714.6549201569469,4371.843476787351,2262.0714641514182,2919.0745024406892,2291.0698808024345,1940.573366058003,1001.6484240806457,3001.665141841383,545.5630224730982,3400.982127179474,658.4884689943017],
        [3316.826978217789,4079.764639101261,4511.378111621105,1325.8584022321427,2239.0468949698666,4519.422738567606,2865.970235228878,1068.0124389989912,4714.697486047028,4076.148540210952,2910.8878176520234,3735.954995910399,440.3254713951294,4285.1774706401475,3937.2407020921983,4932.510618118809,4370.99397020568,1166.2262319292076,1307.7827692135743,4679.056288360389,3618.9865382978182,4671.592875139945,4663.906488175144,1893.5777863646397,3366.2708983860784,2137.5141352099517,1270.1424607872927,2912.354731942721,3598.769530956674,3488.2611453141176,1607.4408626913503,3579.707141739727,0.0,1934.9009850416608,2255.486929431404,1318.908362107451,1058.9895094757394,1773.1155424982396,4160.64486791236,3181.428253432644,2866.9690301559726,4412.863065498607,3985.279995619154,1564.1928380657253,1294.5043073908046,1677.130822545487,2748.0738152348954,839.3916406568698,3137.798621842091,1115.705890586488,3316.826978217789],
        [3033.5899962078056,3072.084812801681,2581.6208929854183,2600.5470318763073,507.07492255523726,3890.5640679116027,2159.168058516948,1977.9774464735679,3620.823100180106,2148.2862160716786,976.8898070116294,2343.015931834336,2274.8210491968284,3267.856353399999,2898.042657065221,3748.929723040591,3006.4828834215796,1376.7946838469193,997.8277257185663,3199.6906786502154,1725.7210194923405,2823.434347940165,3569.7864133905014,628.1370602729467,3645.2781710818253,1270.8850548718472,1079.7045429655695,1041.9048889651094,4190.93616233029,4119.203975724329,1649.2899959213785,2913.3083515955063,1934.9009850416608,0.0,456.84027158106585,1187.521680374846,1274.5643698096874,217.21511263867083,2227.2206034754577,1380.8858124532335,2376.466646667236,2540.356516699806,2267.8730781630925,373.0295063766075,1679.031750240768,1414.6333364355453,1914.6108001267964,2184.9204002413894,2367.7807039590207,932.6547807563105,3033.5899962078056],
        [3435.441382890578,3343.7654780866064,2278.678601868114,3032.787694221756,89.80031678636088,4221.6867645043885,2532.241231048497,2415.735516672006,3853.257409299457,1842.8531951496009,744.8847264787945,2526.6255849537433,2548.233012551757,3530.7496886894605,3167.8961846760285,3952.0727111764804,3171.399290969168,1824.1223841605893,1108.9818063927441,3312.4512974965733,1606.5085387056313,2720.2426240426817,3803.5081772272656,1056.2200073554181,4086.1750791728305,1680.017482618221,1187.069220850181,656.9412412145641,4642.799529532587,4572.50764976323,2105.7931195083725,3262.8510646172094,2255.486929431404,456.84027158106585,0.0,1641.0988493524924,1422.1966678328226,671.6285387861393,1944.6514635877916,1402.858678827989,2772.254654129584,2160.33642460193,2291.599547183134,769.2090647085663,2131.59164675377,1868.4844313105039,2279.057126993635,2598.411059958466,2719.66188911146,1163.8769956333674,3435.441382890578],
        [2229.4563619395294,2784.8924768581505,3606.2167147758637,1463.0715539185985,1679.1242640913256,3331.6067218009052,1597.9509113687068,837.4618711376909,3414.089127630519,3192.3244737485966,2041.5470770910945,2423.865397093083,1757.180601481594,2991.65024741039,2635.481269533578,3622.440537626728,3053.0062921469885,224.91303228489025,1417.074805473732,3368.045444061856,2545.2860813220145,3505.3831898415974,3362.789868170886,761.8410813837613,2607.4284492653887,819.2670244448768,1458.5510042437988,2205.185598680666,3074.753429547143,2992.3569935189726,528.6113431170862,2353.475439762422,1318.908362107451,1187.521680374846,1641.0988493524924,0.0,1458.8869951753838,970.5296196136754,3237.977607653811,2038.0184133856872,1666.3381947598843,3664.8026585196326,2750.7447450901923,913.783920354383,491.89500603095763,418.78671204003274,1448.466513464807,1137.3676040346363,1866.6534442942716,1129.4575708673958,2229.4563619395294],
        [3688.106677645651,4103.1845219485585,3688.768792493808,2256.374742873999,1375.7647093379446,4759.633360484106,2995.9760028440483,1785.2286841713217,4702.965238636823,3255.0801549488774,2157.1383511182307,3519.386296268027,1207.5710742766005,4308.541052490267,3938.642117995418,4870.626927083073,4185.846812774928,1468.3887613228478,316.0327956000922,4420.482337914555,2980.738459293315,4088.8882993930697,4651.067126358443,1580.6649543685087,4000.26466241885,2101.828659309809,246.10942010969774,2051.7207658508164,4370.910247503109,4272.5428409274455,1959.973051340845,3770.1723710412302,1058.9895094757394,1274.5643698096874,1422.1966678328226,1458.8869951753838,0.0,1218.3631968351704,3363.3952094172664,2654.7433731072865,3108.538975206543,3499.8206837393554,3537.057160610092,998.7236271823853,1762.3855039579407,1873.8097860897885,2802.2340266905358,1746.3004491466934,3252.2203488402347,387.02728918962475,3688.106677645651],
        [2872.6652333748875,2994.870380916699,2764.098931672854,2386.963300266444,715.7119814014319,3774.132137399212,2023.3740845531438,1763.1403116924068,3562.9705339834018,2333.6020522116305,1158.4569879042615,2321.7640454200423,2133.533203858505,3194.6105045541462,2823.023890334207,3706.4639892946348,2988.768317479184,1159.9566322720577,976.0344743971121,3207.2480855781428,1853.0270590570763,2931.7732277196897,3511.466336520511,473.6651629976012,3452.251796600834,1116.349164316459,1054.5342434717122,1253.3002681574064,3986.603075478141,3913.1055652637647,1438.3709446099783,2788.9427052424144,1773.1155424982396,217.21511263867083,671.6285387861393,970.5296196136754,1218.3631968351704,0.0,2405.087624149591,1459.6779199914606,2222.5909329459882,2745.0826394224127,2327.0639213379304,227.70711503786842,1461.908858185176,1209.8439602463588,1787.2943400359584,1978.4508968490068,2245.173179192617,847.7469129871197,2872.6652333748875],
        [4136.476795802233,3334.1651966903896,369.12300330732916,4699.4830847666735,1987.6351059600704,4386.522836090757,3218.1664578155637,4075.4143778523844,3562.132292093336,161.07493306122856,1250.3311791347458,2344.379426795732,4482.3959806068115,3442.2393268176193,3186.7363300455586,3507.6574936353436,2707.755073798035,3459.7575615580286,3048.0977280807515,2586.4718070762938,856.1968670892484,1252.4004125114748,3526.635016865544,2477.072549610739,5058.992521243463,2789.629560094342,3123.689628783884,1320.20017757904,5743.170103818447,5707.518886924392,3528.743878319781,3670.0818836094036,4160.64486791236,2227.2206034754577,1944.6514635877916,3237.977607653811,3363.3952094172664,2405.087624149591,0.0,1381.4228010766226,3537.7495059966054,742.699788041165,1545.5424056872182,2599.8987238661143,3695.990411200641,3258.2536919335575,2986.2772738597846,4348.987841011076,3249.541978723489,3102.112640396647,4136.476795802233],
        [2783.0311058576654,2197.9655697848025,1735.0324438884265,3456.7741776637204,1488.831774758548,3204.1320288624534,1848.8023194443463,2852.942476606307,2598.0358850011335,1404.9060177725225,827.6489129266065,1245.247888351114,3570.5996869239048,2352.81638462224,2029.0141996145155,2645.280789684989,1831.0249744736075,2262.0287740569534,2376.4066439449443,1922.8788532980589,548.5538133784243,1490.5283154505184,2552.248150073037,1306.1840091909185,3681.5952266548315,1447.7977609309066,2458.5508408936603,1216.2363016073218,4361.987472062941,4326.114480871444,2227.7334533761846,2375.8759714984867,3181.428253432644,1380.8858124532335,1402.858678827989,2038.0184133856872,2654.7433731072865,1459.6779199914606,1381.4228010766226,0.0,2165.2812539283614,2023.3902396819483,895.2704802359386,1687.3283867793336,2443.4269442844047,1962.578884881002,1609.8957361246078,3175.284363817342,1908.0562382066007,2300.9604929811194,2783.0311058576654],
        [665.2803998248304,1331.518845885444,3878.2451450735475,2232.1594156339997,2847.967894664346,1667.8863746044462,321.7356554863707,1909.620412112019,1958.3843479193974,3569.7696097017174,2726.822945161874,1564.8279638185004,3299.1456137002087,1518.1112594933056,1239.9427521400978,2223.3940278603773,1943.8803612644651,1734.0261967765503,3014.3462626627506,2349.624605782555,2683.363535958485,3185.656974731599,1912.1770541599308,1752.729575149689,1524.5981316662976,1107.118409487331,3070.0334665465384,3063.542339204929,2229.6652002927945,2210.0498393401804,1259.8398589104004,714.6549201569469,2866.9690301559726,2376.466646667236,2772.254654129584,1666.3381947598843,3108.538975206543,2222.5909329459882,3537.7495059966054,2165.2812539283614,0.0,4185.482571619825,2330.15502773475,2320.7412604135216,1576.6791369051366,1248.337861577024,558.0710865056532,2293.790249253619,430.95520743477294,2750.935193155693,665.2803998248304],
        [4806.123511644925,4067.5826005343,617.1612607759187,5120.233688329408,2173.8432174764016,5117.299567178351,3871.026129474293,4492.658674595512,4304.831295804201,645.3779826519254,1626.1256335090889,3074.9958615870264,4682.67650131011,4180.335028667138,3916.876222958266,4248.316716842683,3450.3858852375206,3876.8862922511153,3187.595976593387,3321.2668240995504,1548.6892592918682,1925.0909070867779,4269.2885253445,2926.056636955087,5693.212937965063,3340.295085874199,3253.717720691912,1507.231764982193,6357.084421848907,6313.166476834351,4022.8721305790655,4371.843476787351,4412.863065498607,2540.356516699806,2160.33642460193,3664.8026585196326,3499.8206837393554,2745.0826394224127,742.699788041165,2023.3902396819483,4185.482571619825,0.0,2287.8863638084017,2904.2656422616556,4145.902059469245,3754.5868013064696,3628.118260992818,4723.5178935374815,3927.27085601359,3306.636702665865,4806.123511644925],
