{
    "drone_dist": [
        [0.0,934.8605816008809,3127.377349591242,2672.6546299912684,3949.722120342356,3171.9029691271885,3695.4547029917076,4534.200665182324,3739.5324769901363,3613.54349370048,2540.938459609826,2804.043229353319,1681.810080487353,4238.4889562639555,3678.583077948554,2739.0395833597067,3017.7600596084903,3390.9691369535462,4459.239105758624,2890.900761469281,2652.681139240121,1694.8158173652125,777.2990373983047,2170.622467146443,519.9788614430174,4024.029458627083,2579.234046644308,2795.489874064037,2292.7084583345436,2998.6744781789116,3168.1241853616098,2423.8279346313134,5306.180481982082,3775.4948080451804,240.02880247629545,2459.9262273791055,3355.281089443353,3731.483329102948,820.7629112255429,3673.2669844512798,3687.8728576230783,5104.62779861712,3479.0063389212173,594.0517709469672,4940.559533433859,2943.7654860571506,4628.2886714153865,1718.8221439905417,4311.3581430639515,3482.949618524492,1430.4057872008666,2973.6160038102153,270.98952790692863,4167.448015223781,891.1502085837251,1505.0441499537847,1641.4197801169805,4376.2633866955575,820.7860016578594,2423.7276664596943,5160.606040978371,1740.2153687056098,364.6404195499589,2038.798615663168,4633.630746290663,1594.6672989945357,3355.8674649195204,1099.2536515190604,1821.1693034111727,3858.5330445764075,1354.4572559884123,834.355133632196,3734.6396913188087,2693.2789885284496,3039.7322686075977,1400.9222567241807,1981.0651093174636,871.2586891743131,4631.628559970671,2752.8671669224814,2606.93245400025,4109.890285088672,1811.1291065245505,1562.8435694423981,3983.8422233604533,1122.7676801955288,2153.658811378818,2679.787566268161,3242.712838102001,4485.818679955711,0.0],
        [934.8605816008809,0.0,2209.683748447916,1770.9437743830426,3080.945208409788,3155.462264168022,2866.9162903045117,3614.895448268888,3163.9536410809174,2912.01337295132,2361.65367292346,1965.240307917575,747.2140120824488,3321.768182337605,3219.9204639788572,1813.7263342334772,2159.456667678243,2462.684969214311,3525.6055103649405,2223.9212392940876,1880.3008293570508,1030.0240636265935,901.0193769574204,1247.8925259586188,488.370489421719,3123.0260831734527,2131.2032708762895,2860.3975424848577,2462.335338220103,2190.428434267387,2261.376529468318,1517.5391159949893,4480.272008003539,3037.9747675979147,942.8185690139749,1744.534544903264,2612.4851922887174,2845.611220100238,719.1755116147876,2867.4992088669896,2820.029814190245,4294.96467001168,2971.525108453303,752.2361304591885,4231.560657643023,2125.7609559132384,3708.2542015376366,1551.9296785930133,3431.308747031593,2549.1152081146943,546.9247195833916,2832.147690897246,725.9838860548333,3236.6309079252883,911.1623359251804,1339.3004309190942,2006.7063090664428,3443.4267917534767,1384.3716565630423,1575.3362290038951,4423.587485774264,1221.5811697161048,594.4973273484599,1438.1014943722807,3765.595332329003,1307.8956411612496,2499.6232494006563,1522.9973986445916,1698.7473282647964,3074.315317927651,1660.6383406269636,1167.3135639314755,2808.863483122463,1847.945903072036,2107.93291365695,1354.4625402730205,1139.5467396171946,957.6508732228152,3755.4248719392854,1825.632276974119,1672.7255072776554,3263.28685213488,878.6478362707217,1620.499401936047,3322.5058741853472,1343.3221999214459,2354.9050985669264,1850.6082379192694,2357.353806170278,3593.641530342479,934.8605816008809],
        [3127.377349591242,2209.683748447916,0.0,481.93790589713427,1017.848942135576,4443.863255154668,1043.7305959818373,1406.8422908969355,3234.0760372620102,2641.080974530233,3579.9188851663516,715.9382131441381,1483.3063369851036,1646.5557932296229,3600.482932358516,409.81581418925833,562.9965406360054,327.8822795465709,1399.765208063418,2398.536128143473,1057.2834901038232,1698.1299056447222,2737.1585682849454,962.141594717323,2692.4024799239833,936.3495916848569,2934.129609418356,4325.558616062638,4136.704628317495,1822.9448040617979,1152.1348354931004,709.7724483671268,3263.1353191292046,2575.7491469755887,3152.253759924103,1300.4952976173452,2304.0668994987604,732.7594934785241,2538.1171649844664,2151.6693197497884,1745.1803259905132,3188.2400418420707,3297.7498322344823,2733.5315539601097,3579.245020084054,1753.8603626327845,1930.209556210349,2549.6837084379126,2069.3157747736254,751.7687893158843,1859.4932723041143,3982.913278561358,2883.4456851356135,1078.4320712381298,2929.1544839376415,2505.610399336266,3951.7123043200268,1488.4205879114536,3531.3851183168417,1544.18061913561,3625.2729516099866,2454.0972385503874,2766.114989181553,2332.5531684635134,1654.4626718045918,2828.395817533025,661.8380411523204,3586.999651782013,3236.4277590181705,1398.5660651272883,3624.2096974925034,2993.7603019647695,1135.9158048274635,721.936175523113,301.41658586749185,2671.529379445708,1672.6654217197197,2993.306114366702,1619.9500456955377,410.1432606673607,640.754414676454,2174.5277766007644,1408.1299486037385,3386.0466951210733,3062.205632033986,3326.0552732267156,4085.0421196524917,1642.4886075062973,386.6119613153215,2101.525939006016,3127.377349591242],
        [2672.6546299912684,1770.9437743830426,481.93790589713427,0.0,1331.1284438450527,4249.729049481057,1204.9527303116645,1870.7649511697027,3268.2293975535354,2724.812422061546,3378.2392540251944,459.17881353999854,1077.7533276925474,2039.0981683275238,3579.6355324660403,278.40401303689447,494.455269409477,797.4673211690939,1880.959329032889,2356.694981906805,728.237176951607,1218.7188269694739,2257.1309821448413,550.9430986626891,2258.4458662558704,1353.0996075985117,2790.176631977058,4090.558020208701,3852.2558785483725,1858.476922961366,1318.6257696358925,254.59220496957232,3592.369385456044,2702.400496661749,2712.103896036577,917.719122838579,2373.6771583734803,1079.289788152758,2059.6422940016782,2315.3441584490365,1976.1527488181657,3491.3160906795897,3276.9354673596577,2258.9512860150276,3789.80180097514,1780.9461134646554,2355.675661528981,2089.2119086703033,2397.9750549184773,1124.522968138719,1482.3291993232824,3807.7210344433856,2422.661641713184,1560.3696999315762,2545.7250621773096,2033.6680101646582,3602.625430270401,1943.8095388381507,3124.1285472414547,1428.1732040573713,3869.664554932911,2186.83284815515,2309.1333415046024,2120.961917751851,2009.4977508808436,2533.921625225731,796.4684713121344,3204.017891476666,2957.156029915389,1505.2106363773073,3266.146473474853,2512.308782128027,1500.3602980920248,386.1776675363673,560.6233674495464,2196.295467087106,1427.5603322818336,2607.734071406593,1992.1203968350235,314.6495224368771,495.23626540847624,2437.6319284138467,1040.3434677412238,3065.7521856673056,3165.029287012072,2958.6116753439997,3787.3134042383663,1602.5667174425394,597.4089256611976,2464.046968039236,2672.6546299912684],
        [3949.722120342356,3080.945208409788,1017.848942135576,1331.1284438450527,0.0,5459.429089821293,419.636786404139,922.7495565962611,4142.010583390218,3517.560733972655,4596.956958398532,1155.5340257055473,2408.5438745692904,2069.3402061561023,4545.928533737437,1402.3998780473232,932.4947619568226,1011.0604585519152,1301.1809433149997,3372.424268056582,1394.766539955234,2330.352500650834,3430.051947287095,1881.8908883213583,3569.07481540955,385.0801563824776,3942.7567766585817,5343.248856807392,5146.538883146096,2765.597988225601,2038.5559122577074,1583.4288908095182,3721.7210883613147,3409.901728236163,4012.7730698898636,1658.4558492045585,3203.9359046989625,289.0989800462444,3254.668487162751,2962.003093918935,2496.1107574882376,3712.490429311143,4246.596420147348,3476.2516234149034,4265.48002066032,2704.452189749223,2187.207918387624,2985.82654610955,2610.654152731835,1448.7024646975776,2812.5175557720927,4995.860212301062,3688.5398470510067,1034.2375003474383,3876.812977009881,3014.906064286326,4929.819123937062,1667.424364117545,4449.441942691511,2555.941840954473,4251.536426660885,3465.5925209294596,3585.449681618563,3350.3620016082527,685.032633305553,3833.0844717060168,598.830463092264,4534.9751699715825,4246.573254511279,684.6897858590715,4595.238463664864,3652.3455466680734,1737.2125088865155,1259.809349106069,1289.4820796167128,3198.3829998427436,2685.6666061778446,3938.706547442029,684.0780417325344,1412.296173848339,1653.5547826365544,2838.6140752363167,2366.865947937895,4380.954094614676,3907.5670873826116,4289.037409415861,5090.554934624286,2630.504774738166,733.8233096974803,2554.006533383137,3949.722120342356],
        [3171.9029691271885,3155.462264168022,4443.863255154668,4249.729049481057,5459.429089821293,0.0,5440.421174119723,5526.313758727941,2114.4774341654406,2591.0839156810666,871.665985322505,4653.633934013641,3361.117197810763,4365.52843178023,1643.5554723504818,4087.095525089483,4744.0832008705975,4491.197346169802,5153.279572839209,2235.401008311426,4739.983231374734,4130.437184519341,3822.9027757613308,3764.369622070417,2939.8912260740294,5298.4406526544935,1538.499610771132,428.1627446059182,967.564230722065,2862.322855444434,3575.1750961747734,4048.1027735510825,4350.447593331798,2835.4649159927994,2932.518032607799,4711.2494340546855,2674.558421342206,5171.326081958153,3736.809911143191,3137.9657038529344,3538.510788034005,4091.8734393757095,1753.4687793597338,3609.8638306372077,3425.9373160471946,2893.2800903435577,4701.528060819907,4676.428302300308,4029.253452837051,4204.51185181027,2976.303531171552,484.8462645960085,3293.3115451165686,5021.7867118342665,2359.394727476574,4454.696650429623,1690.2348478769695,4800.511267865808,2440.4776824943874,2904.9318398303894,3727.396201489801,2103.7348111365272,3237.0572304391435,2128.921277200964,6054.648528354237,1861.9756545127723,5028.645887049622,2137.760677298501,1456.8663670110436,5754.727041367817,1857.3836945540593,3976.827952116338,4160.812364340604,4540.357573785377,4172.3767818375545,4422.866996535624,2823.1532423804783,2350.060556181575,6000.260311231385,4069.6734289295123,3823.5555901018224,3642.2290250351602,3299.428342281728,1617.2149494920784,2591.6117663256236,2049.1879261392382,1114.9002545597916,2871.638484525967,4781.158419878027,4261.651371511237,3171.9029691271885],
        [3695.4547029917076,2866.9162903045117,1043.7305959818373,1204.9527303116645,419.636786404139,5440.421174119723,0.0,1341.0759981248448,4271.488025006803,3667.512764481024,4570.403501894566,901.6778919720065,2247.746625526643,2377.7877107219338,4644.058499921598,1355.3704606751664,726.340120665389,1162.1441138250616,1690.457895762263,3441.0533794659113,1066.3335813501287,2031.216046210878,3126.7385077604654,1740.3747706879012,3350.258932123072,774.8256323035322,3953.2922655693337,5292.6039775582,5056.3181773959195,2864.9512087566204,2172.5866248944794,1437.163202224745,4042.0483174930964,3584.701702461357,3778.7275643636845,1312.3852426308174,3337.1928851806742,508.8805378251651,2963.068618629969,3146.7586320873033,2703.8668860824782,4014.043494228243,4341.408486255392,3191.610229555955,4513.961537038831,2796.80509840764,2537.530989474835,2616.3373452796054,2895.966021789856,1647.1467956106958,2663.8803309810855,4989.764489032609,3428.834967585442,1399.2844620156031,3707.0947714457457,2662.1277205248393,4784.286484869052,2020.5850990977797,4249.557895939063,2565.533548186628,4522.731222121378,3391.1949974941263,3334.2374402947307,3313.067152122335,992.4395346079971,3737.9949125143908,411.9778995043521,4359.6078303423365,4162.0063800826665,365.4547507531772,4443.274981747777,3333.992583734232,1982.5657560258576,1019.4183215906459,1343.989855346443,2847.2930185272785,2625.7281640116807,3766.2771592805325,1023.6805854113086,1375.2440781407201,1620.6120517053769,3085.4682269534296,2235.0434291922934,4263.174782984682,4077.9404147626074,4130.508824773902,4989.404184794282,2682.982979789556,668.8378205020182,2864.0561247947862,3695.4547029917076],
        [4534.200665182324,3614.895448268888,1406.8422908969355,1870.7649511697027,922.7495565962611,5526.313758727941,1341.0759981248448,0.0,3912.3645194990113,3265.4794434032224,4700.963095583696,1890.629133861872,2881.092586508455,1500.9527424782302,4375.431853665548,1802.6813089583065,1652.9561565147908,1168.648540147966,532.5933809040224,3316.22623452872,2195.234894930594,3042.362872447701,4118.046480106463,2367.0689502382634,4095.337598836593,600.3843079484665,3988.4630677620617,5480.848105907324,5372.549753888465,2679.886873643254,1951.5114561195498,2113.0578334010743,3033.8911745936102,3103.3094278601166,4556.726819465241,2468.1569017793536,3008.4016983815714,941.1819949937342,3925.139118743767,2656.9318963326655,2169.60773211896,3073.7811315833937,4093.1961264773795,4128.714052222078,3746.3751922421184,2639.870704890054,1473.1440997610994,3801.3762053775436,2063.917273731667,1324.2001092158805,3237.3566082632933,5045.056841080713,4289.306568426074,508.1253203045674,4298.3468722306125,3800.153598007572,5275.896521818431,996.1937751388639,4916.253628808525,2685.8963086352633,3676.4653685932944,3711.1058283939533,4172.708681843273,3524.775516038175,821.3028399290187,4105.929983655528,1391.6306547851507,4950.588934023405,4483.787756070588,1579.3777441503946,4961.90662740961,4364.168323471686,1411.9907047567392,1965.222658271609,1535.9260170726059,3977.7666693465094,2947.2553534334947,4363.763414867135,721.6681610346176,1793.4582080795053,1980.6429409889706,2381.98887497883,2790.1140680410817,4682.989755457916,3589.962272621522,4676.599140043066,5340.788282933152,2661.678195610325,1363.383641705101,1939.853257017045,4534.200665182324],
        [3739.5324769901363,3163.9536410809174,3234.0760372620102,3268.2293975535354,4142.010583390218,2114.4774341654406,4271.488025006803,3912.3645194990113,0.0,647.0621155593549,1688.2962626891385,3727.374946507119,2869.987702123854,2518.1765190496985,517.1813534489955,3015.1970482847255,3712.49575414183,3135.8259614203516,3444.6004718987588,980.3178293601878,3952.419492887245,3776.054005964519,4057.538914493098,2991.1493707782647,3274.8367106695996,3871.3146876729284,1200.1331298245639,2323.1738829044257,2588.0612614199363,1417.3217539052043,2106.1803870624285,3171.859127024182,2236.206154386078,837.9938124968246,3554.6497409506273,4047.408593219161,938.1987567314877,3864.053836585755,3883.0911801675597,1261.4492815184967,1744.934377662605,1977.714594099982,374.66746928702617,3882.9074984392396,1381.2919146465879,1491.6961839854914,2784.001017504475,4616.473339506073,2064.7693266583087,2705.071810009246,2688.2167256654875,1691.469671183906,3702.3357000376914,3413.8045835433545,2881.4822499775464,4432.01947172398,3033.6042259206,3017.7006368988714,3374.3828638504124,1903.7910151655014,1669.9850521756168,2006.8400685529994,3586.7632004538373,1734.8593036072493,4600.367497942727,2178.688624610647,3894.937679134472,3156.757397991597,2148.397438591648,4631.208918892143,2942.149455624086,4308.348347589049,2506.1487715624958,3644.472309794512,2932.7813750697783,4488.242985432179,2169.666611426507,2922.2601652541534,4523.634770885745,2984.0922139679365,2772.997798878223,1667.5338251056755,2720.32063359182,2515.3447323475266,478.30797976900715,2890.183056458729,2665.9927807782337,1675.2413631540755,3619.8430476444532,2287.375835997487,3739.5324769901363],
        [3613.54349370048,2912.01337295132,2641.080974530233,2724.812422061546,3517.560733972655,2591.0839156810666,3667.512764481024,3265.4794434032224,647.0621155593549,0.0,1991.3387142344716,3181.8294948475095,2488.6543886168006,1881.6578874655142,1132.8097177871666,2459.7074373513838,3144.2527196046617,2518.421026960749,2798.456351338072,726.6131113099898,3432.4499237769814,3375.6432745411394,3812.1379110518715,2516.296440206561,3113.943585681459,3236.1553879486596,1324.1311985531906,2722.9885476235577,2884.153511275125,876.2483304447538,1494.9301611123278,2659.0334213346573,1880.3352482690063,246.7558720779789,3458.6479409619083,3554.396893180683,353.54057495710776,3243.7490038528717,3621.3039557744414,616.7016819792675,1098.001025848544,1634.6792323255286,885.7201687179332,3658.798427753823,1328.3283349217286,956.4630231743389,2166.5126075189696,4262.137584293333,1460.1980442591455,2073.0666171708062,2390.2322603145203,2126.8253577753703,3530.7110664488505,2767.670450492446,2819.6368596138773,4095.02926092936,3202.25318250412,2375.277334092856,3388.3293997420164,1462.2603261146446,1551.493733290867,1891.6566246849545,3405.289757571932,1580.3009280988979,3959.379026917474,2167.10033067493,3302.6964461953585,3216.3394272251808,2263.5877752379643,4030.3277354458874,3043.848394996097,4078.804933792564,1860.7681344202622,3108.4546186041093,2341.938604941531,4173.772701893582,1815.9790634658607,2871.06193084843,3881.3502742615774,2426.5361244351084,2234.053794410331,1064.2280318964401,2324.889497202994,2619.9781202266045,447.5974478120106,2925.009939754591,2933.765940070926,1194.3987431011974,3027.6342101456485,1689.6311187035624,3613.54349370048],
        [2540.938459609826,2361.65367292346,3579.9188851663516,3378.2392540251944,4596.956958398532,871.665985322505,4570.403501894566,4700.963095583696,1688.2962626891385,1991.3387142344716,0.0,3782.4896750886583,2501.5371565698974,3622.278231600954,1368.7294185244264,3218.3109626789164,3872.548812724799,3639.375221883817,4352.893478324176,1481.3749835483006,3873.8784562160236,3299.310941910708,3107.2730514626433,2893.970159499851,2219.5440981262327,4447.185726385727,739.2265156814483,788.1048132258579,904.1486515418682,2075.6444886433587,2757.7822663225484,3176.649146305233,3853.671332498014,2236.123133816305,2311.4056581127174,3853.1493989617948,1985.015494477837,4309.589512113013,2994.915171562768,2456.6818998898984,2803.7923830898417,3600.3715231063484,1319.7019742282703,2898.4988263839064,3069.580623841046,2095.28311753022,3979.78979595056,3907.692004404451,3348.1851287562613,3376.7688258817557,2128.065809984853,471.364417269961,2612.0678941448523,4200.898237322964,1664.9309378197038,3689.978608238071,1394.5340502445524,4026.2147514483577,1933.0681416318118,2048.1190523328933,3357.0116460271556,1243.2396329596218,2534.7248823491436,1257.7705916423502,5201.7171357191855,1054.2401966923403,4158.510875398048,1656.8603856190498,720.5284900444003,4883.333753445001,1394.2589258382736,3293.984008049581,3365.300391793714,3669.5532577910026,3313.0416675755714,3678.0182995878195,1951.4915930513182,1673.6188497557132,5150.217552099546,3201.5517850710116,2955.545163295581,2980.786551340651,2433.120229035433,1016.6986676803369,2123.576574718331,1465.8644105349465,977.773296748396,2039.3080368579351,3912.772227041337,3579.400670979614,2540.938459609826],
        [2804.043229353319,1965.240307917575,715.9382131441381,459.17881353999854,1155.5340257055473,4653.633934013641,901.6778919720065,1890.629133861872,3727.374946507119,3181.8294948475095,3782.4896750886583,0.0,1366.7725659313408,2362.4492025222585,4035.183304129093,723.822914488756,238.15522447498114,1031.6430813294205,2025.1813807697683,2811.952477350055,344.0920127076507,1178.2800828406962,2276.4583519655544,891.804928532711,2448.84917763735,1307.4300172142666,3221.1883194418606,4473.161375350019,4202.963767432197,2317.25753622913,1754.177558059268,607.6347311909856,3968.9961949898384,3154.0929302227187,2880.0461591141375,603.5053688692755,2831.3418482080842,976.6316559833612,2099.259688966639,2758.610675220666,2397.488118587842,3884.145393282132,3732.8502141157746,2320.8669916831836,4223.708298238018,2239.905489067746,2640.9408523859292,1916.6362178892684,2772.8063812575515,1461.4870327736303,1785.490303904522,4221.990122553849,2539.9699687315997,1693.8776523376487,2812.597165534816,1909.53969663192,3897.0835636757583,2182.2240358019612,3348.1451679576576,1877.4130863772357,4291.519525511771,2565.97287633309,2441.0264275634318,2531.21675278623,1834.2050567736026,2889.1944560307074,556.7522416232964,3462.2506386911214,3318.7124744352086,1136.2926213820444,3553.972001904827,2504.5193912349146,1846.4566067333164,120.25239184112847,930.8790613293089,2087.6463704168177,1834.5792652290615,2870.7386570633153,1839.4915935941979,758.1942929130594,954.3812405099711,2848.1313558726247,1377.2256925167342,3393.448631009616,3620.6921375967636,3239.1987384458266,4128.063006402948,2060.266884588667,532.5582621304568,2814.463894989204,2804.043229353319],
        [1681.810080487353,747.2140120824488,1483.3063369851036,1077.7533276925474,2408.5438745692904,3361.117197810763,2247.746625526643,2881.092586508455,2869.987702123854,2488.6543886168006,2501.5371565698974,1366.7725659313408,0.0,2606.491192617507,3042.3248150039294,1078.9290567756216,1521.9841541094827,1721.2208582314847,2778.619689120285,1889.7661296112574,1388.7711312349504,906.8963448119512,1482.3226986651553,529.1226024003408,1216.3643879942128,2411.563489228031,2054.4476026259294,3143.2324837237547,2843.597078275592,1665.141834956248,1572.4079983912045,825.278257930227,3872.3034434691012,2565.62411549466,1679.9063688851752,1351.6270072349616,2153.164878189864,2155.103177525337,1271.316078506929,2314.4578124784225,2182.090773787727,3707.9345804816317,2759.44181008373,1402.4736741542777,3758.5487170340357,1589.7133761120117,2986.681872959415,1773.8829843131625,2767.0720059640757,1806.21916406924,418.7404938283314,2961.8331545400283,1462.1027553960362,2491.7895426613977,1468.5124080538167,1613.409910844249,2536.5911558424564,2701.9638465137855,2051.366477654779,1035.1882496620333,3916.4685296644757,1258.590980771586,1334.3200809843192,1313.2784190162483,3087.0388177447326,1540.0905848632788,1854.1469058608595,2126.4378035976147,1971.7176020082154,2503.0645895326224,2196.3054006793773,1762.7548321493437,2081.1902078891217,1246.7451507279072,1362.909126616404,1708.7169273737659,701.3983302615991,1530.18387673804,3067.928972760198,1087.6916366913101,925.5931717144767,2646.1546959657308,172.6113950917383,2027.3211813672553,2927.86891109828,1885.3450603541303,2764.344013223903,1317.262378227607,1675.086560933389,2911.498959666796,1681.810080487353],
        [4238.4889562639555,3321.768182337605,1646.5557932296229,2039.0981683275238,2069.3402061561023,4365.52843178023,2377.7877107219338,1500.9527424782302,2518.1765190496985,1881.6578874655142,3622.278231600954,2362.4492025222585,2606.491192617507,0.0,3014.466610688341,1794.9329252291832,2193.7148556790635,1342.311814840235,979.4346180654771,2143.873776493491,2702.550366309341,3189.03169344316,4075.5091367683317,2253.422585034487,3729.9892695567123,1700.5902534689342,2883.0667746142517,4407.311872332874,4421.415226669736,1562.5463656700438,1076.9857202517119,2163.083870423366,1664.9135384727538,1682.1989364872843,4180.963465504118,2936.6749368912483,1701.694420559188,1870.9217007492964,3864.215939488876,1268.5284058088705,827.0954663113043,1643.186495764449,2758.224612201999,4008.5406181787384,2249.86722758419,1561.4981837581188,395.3867319532957,4104.551368334526,564.6415630584343,914.7057751232309,2808.817960752409,3882.3285291647144,4047.699548690622,1076.7556058766315,3726.234039848344,4020.7953474798624,4507.767449488764,518.0090548759035,4371.90605992991,1893.936494794058,2199.819066283184,2917.6429813319783,3915.696414428415,2647.0077562230927,2293.0376221709716,3311.430993748983,2154.973213716433,4315.826019863739,3602.931370386088,2724.8212903718145,4245.865032621782,4353.237611986707,546.9587383156872,2360.310456168601,1478.6407888623532,4166.190058828248,2303.9058188649046,3791.5805704525574,2199.6879192565384,1762.1449487094583,1766.8338546527505,894.9398793166195,2451.7987542721726,3884.7190653692696,2142.951239907346,4015.0872391428065,4425.459420046903,1721.9596715993125,1934.7600482119035,486.480009910403,4238.4889562639555],
        [3678.583077948554,3219.9204639788572,3600.482932358516,3579.6355324660403,4545.928533737437,1643.5554723504818,4644.058499921598,4375.431853665548,517.1813534489955,1132.8097177871666,1368.7294185244264,4035.183304129093,3042.3248150039294,3014.466610688341,0.0,3342.8305918678,4045.241447013285,3534.9466203389043,3922.363087138005,1223.2372580765991,4231.14510424777,3944.5129485757393,4087.9069617286473,3241.859080141556,3253.463260578133,4296.0805947087565,1106.1645250113652,1898.7178310172183,2231.5439429947146,1782.6202607600867,2509.9817954887994,3454.442649888016,2721.1369856015917,1344.703596609432,3473.894294175361,4298.096575539546,1368.5111463071848,4262.636306485701,3930.3472303657722,1748.0121603532466,2221.5207708740436,2462.743199314365,303.46274672549714,3898.8597665054226,1785.7993514586362,1848.1034489210374,3292.2849182620535,4731.788633641325,2576.3217460178084,3130.408974136986,2797.649693104348,1261.4565165965523,3679.053693555977,3871.839579227061,2793.3667295969417,4534.508835575041,2760.388909430343,3506.06380597936,3211.3307363427275,2164.705424794847,2086.141928619137,2007.402229664065,3574.0972292692545,1789.796923491937,5036.771854031335,2084.3807479744055,4254.569697363931,2963.985069024802,1953.3984695345423,4997.643523608372,2723.040764303954,4321.32017019938,2963.731383488933,3943.2732070524344,3300.1163764938137,4570.415978034702,2347.152603115291,2824.2028203969435,4963.980325686931,3314.353402397557,3088.312622670459,2178.539545655841,2909.1746179548736,2309.790766643735,984.7093042428091,2725.136029611206,2328.3394463812556,1979.700733078408,3981.637903027692,2800.7663411545877,3678.583077948554],
        [2739.0395833597067,1813.7263342334772,409.81581418925833,278.40401303689447,1402.3998780473232,4087.095525089483,1355.3704606751664,1802.6813089583065,3015.1970482847255,2459.7074373513838,3218.3109626789164,723.822914488756,1078.9290567756216,1794.9329252291832,3342.8305918678,0.0,702.4300980037322,653.5626531606562,1737.8239304223566,2123.0845609149137,1006.5722017031582,1410.084162046138,2393.4654517359704,568.5879036831703,2292.718772661457,1346.044768301021,2599.365735278911,3950.865919516046,3744.175229698795,1600.1084823119652,1040.339615050179,374.9200502251371,3322.994910678603,2430.4080611601785,2754.549278953962,1191.204644222792,2110.303435975611,1125.4630048349795,2188.8477896560466,2038.8685656337298,1698.2131502109173,3217.697329926464,3039.4765130886212,2372.4245850196335,3511.7247265029396,1524.0771923597429,2127.5122969169574,2312.0081983053356,2130.9406663621894,886.5453908861563,1449.8846845624344,3634.558164377522,2501.280902114385,1433.0865543580808,2519.3959426661695,2238.882091209106,3544.3188045034867,1744.9657691490163,3123.3689171724423,1216.0295428759002,3591.391491751738,2063.90789870991,2380.6556046180704,1962.8129197611065,2056.217463512995,2431.102392135105,945.1795323640177,3177.1881291962336,2844.3058814707397,1684.5496179294464,3215.6220647416353,2658.835683326087,1250.408195602492,662.1947018513542,332.0612199615512,2393.09083323093,1285.8104703262563,2583.597524371134,2025.4001373284432,36.38534337091914,265.60630106584927,2160.98958972871,998.5975238547823,2983.313066004826,2897.402773702338,2916.627856818874,3688.5750600428,1363.278865019158,694.6264180687855,2205.8497183517447,2739.0395833597067],
        [3017.7600596084903,2159.456667678243,562.9965406360054,494.455269409477,932.4947619568226,4744.0832008705975,726.340120665389,1652.9561565147908,3712.49575414183,3144.2527196046617,3872.548812724799,238.15522447498114,1521.9841541094827,2193.7148556790635,4045.241447013285,702.4300980037322,0.0,851.6716559106801,1800.982512488296,2825.3289819173874,558.4307242104135,1412.0272957425739,2507.9573181863216,1015.1925679451339,2646.243378923138,1069.4168169220484,3281.6083252340436,4582.009954943345,4334.151003953014,2295.4511919046536,1679.6537391013153,712.9191505579776,3823.5804064715153,3098.3951872357234,3084.9464094324503,828.2570638229497,2798.513840747676,740.2403341706934,2327.727900248576,2686.9536126342045,2298.431909840379,3751.070475772594,3741.8740088580453,2546.6415808874967,4132.154513476244,2220.8382511071018,2453.242557266722,2151.7080775522154,2631.1646534798565,1313.0148751540232,1937.6346217318485,4302.002657369348,2756.115431330753,1469.9005759439156,2984.373608325414,2147.3880082005326,4058.5559480617876,1980.7881362516546,3537.025712452443,1910.2406496682274,4184.713618133284,2676.33716613499,2653.6787936110113,2615.3841579926116,1615.8706939134386,3016.2783655823714,340.2684659104249,3638.7474121650503,3442.1817243191153,1011.3718499294603,3718.0770151029933,2739.140806553822,1695.648635272162,329.01361379399316,826.2722468958168,2325.7208787353484,1921.5260256390022,3044.2174939024258,1615.9368356446478,731.1544924341696,961.0160470867831,2734.864124069241,1509.744608512189,3537.467746906871,3575.9398371151374,3406.040468984134,4265.313279961219,2065.706536945229,301.2387496562761,2657.136452792201,3017.7600596084903],
        [3390.9691369535462,2462.684969214311,327.8822795465709,797.4673211690939,1011.0604585519152,4491.197346169802,1162.1441138250616,1168.648540147966,3135.8259614203516,2518.421026960749,3639.375221883817,1031.6430813294205,1721.2208582314847,1342.311814840235,3534.9466203389043,653.5626531606562,851.6716559106801,0.0,1089.8484725402332,2365.6620932691862,1375.4029211688517,2016.0593690801002,3037.3737014962644,1221.6589255082094,2937.571562361243,807.8180297605961,2960.9897322707325,4403.182041099791,4252.119130558239,1754.7046518611412,1029.8592169630856,1003.9235772179761,2982.1648022872428,2425.649674401413,3400.850100483619,1624.4203465804096,2197.7441028701055,728.7145988930389,2835.0864275359727,1985.277666104553,1543.624114349326,2921.850882455643,3235.5360501213986,3023.1672402167624,3364.6274659737855,1694.303332742376,1609.2977717294323,2876.49089878994,1797.2147128041397,493.30247932493126,2069.174097428925,4020.05761086532,3154.625570895462,779.7900126149963,3129.8717851360834,2829.1698092696447,4118.073259858883,1160.6870637886752,3748.133314194906,1591.9550901322532,3390.1249055862,2574.8185826397907,3033.515739312265,2417.070519835703,1563.4514660945465,2962.879003584198,848.2999876268142,3782.870405044924,3355.1887343592034,1527.5983150766824,3799.649207346514,3298.520344417621,859.8402534615918,1046.8488258568855,367.5028804785794,2993.285252330356,1798.9696279706882,3195.2319642391058,1510.9123764161463,638.1632422275211,812.0288193045172,1941.8736342035143,1623.314626773906,3533.923595642416,2920.725333640272,3510.9600701528448,4210.799308947279,1634.0637428964217,600.8811858722286,1809.5651525658157,3390.9691369535462],
        [4459.239105758624,3525.6055103649405,1399.765208063418,1880.959329032889,1301.1809433149997,5153.279572839209,1690.457895762263,532.5933809040224,3444.6004718987588,2798.456351338072,4352.893478324176,2025.1813807697683,2778.619689120285,979.4346180654771,3922.363087138005,1737.8239304223566,1800.982512488296,1089.8484725402332,0.0,2921.9033927752957,2359.3360331895647,3097.704116723037,4127.155826233229,2300.9105997841757,3989.4329795669055,919.3003449584544,3624.8483882701144,5139.499890790583,5074.5765109306785,2290.9702560169344,1600.856383866185,2093.7719883844584,2507.715214392999,2621.542961709858,4453.778722740904,2627.427567859179,2565.6593788153227,1207.8339260614323,3924.4823515408184,2183.2733424464323,1701.4968906977008,2542.2506110152854,3648.8401118764214,4110.247424793137,3217.1889489146683,2261.8606695511717,944.8397217425302,3930.3183808241743,1538.306293095349,1032.9466489516994,3091.597519061093,4668.976500660858,4230.111448267725,331.31660229578125,4123.012531083595,3899.008693513664,5042.1924694619,466.333111593097,4758.106310558265,2399.9857637544083,3144.074812667876,3450.2312767370154,4106.292572322135,3232.051994739797,1349.3502268311586,3850.7407695045067,1618.8286339213967,4760.977027179281,4203.203692899821,1985.5994646031625,4743.8193029840795,4388.2113678769465,992.6156636223452,2072.8296659481384,1421.778707957205,4067.8317260651183,2719.411709709163,4189.296376558286,1251.1413840977552,1718.5911649564314,1853.0705149849325,1870.1963258539486,2661.8901774717415,4433.304709740133,3099.546013263751,4474.71122505265,5055.367204522586,2327.578339305881,1500.1055005136263,1407.8891133234358,4459.239105758624],
        [2890.900761469281,2223.9212392940876,2398.536128143473,2356.694981906805,3372.424268056582,2235.401008311426,3441.0533794659113,3316.22623452872,980.3178293601878,726.6131113099898,1481.3749835483006,2811.952477350055,1889.7661296112574,2143.873776493491,1223.2372580765991,2123.0845609149137,2825.3289819173874,2365.6620932691862,2921.9033927752957,0.0,3011.6243855389275,2795.736289313815,3124.407882490615,2030.457099772348,2396.1275569449867,3154.140638497764,744.3282623274919,2263.9893696297345,2317.5499630614986,636.3394085616969,1373.9893880086665,2233.1372194228084,2551.9527854724297,917.6342844142729,2732.8318190319183,3088.7779340420916,546.9568151771202,3085.103481827152,2940.7211348158085,1001.4715898697751,1322.6199029545435,2318.4941813695295,921.254965790064,2961.7195897547012,2049.9731375005927,680.8269905720267,2498.4359082761443,3641.967572897895,1878.2962434489655,2010.789914792457,1724.5243155871701,1750.5547478052213,2816.6099672862033,2808.470623473493,2093.569470017396,3461.4595768781232,2541.120593706506,2565.656163415652,2669.816609149091,945.2403800893202,2278.104411767889,1165.048406806758,2693.372196605924,854.3152810644592,3907.691240059075,1452.2280796221403,3044.9733958085635,2509.933452729902,1596.1125248510905,3789.620641050789,2353.8965468683746,3385.0483131731044,1929.5594749919014,2720.284198410446,2101.3698413842562,3524.791233345854,1189.9976968066064,2145.5756542986696,3843.035417071806,2095.4615519693457,1866.428332448431,1528.5559278981887,1740.2913399350987,1938.077515717,1102.554692855284,2213.9846447730524,2342.8609242889866,760.8381061624295,2774.418000454491,2107.3393385256218,2890.900761469281],
        [2652.681139240121,1880.3008293570508,1057.2834901038232,728.237176951607,1394.766539955234,4739.983231374734,1066.3335813501287,2195.234894930594,3952.419492887245,3432.4499237769814,3873.8784562160236,344.0920127076507,1388.7711312349504,2702.550366309341,4231.14510424777,1006.5722017031582,558.4307242104135,1375.4029211688517,2359.3360331895647,3011.6243855389275,0.0,969.0345478936671,2060.7930327203544,1002.7530580927789,2347.686097639426,1600.7883780975997,3358.8491450184424,4531.610557184513,4225.291100628931,2558.911106263619,2046.8629212608957,780.675896144516,4298.357421910445,3421.6053907971113,2754.017143461596,272.9854000093837,3079.4555797591884,1261.1780831260348,1900.3494842747152,3041.6131239394904,2702.699291118732,4206.99874449241,3931.4236541358446,2131.2239292919226,4517.91087154342,2479.694477230596,2984.6414185570898,1607.4641326115932,3101.8172166652307,1797.0253992999287,1798.4214051330546,4325.8029700848365,2383.2577970169064,2028.187104568095,2767.3805917605187,1622.0491590819397,3864.537955853849,2525.9271309829865,3259.5311805528177,2066.868303553252,4596.95035667747,2637.062301206537,2296.5718446537335,2642.7606128007337,2048.9474759518994,2928.5573523866324,813.8860603305777,3401.080948969461,3360.1600507871253,1206.861364089104,3518.298176653086,2268.7150859416865,2181.5109542010496,350.6586742981097,1253.6320455598811,1804.6634261839606,1954.720907010696,2821.2321990401415,2067.872930798937,1042.7367839546048,1201.1417636509636,3160.9783151137844,1440.8155775847226,3397.9138976856198,3876.1765648416444,3200.3049071564906,4140.054473768677,2277.220131755687,859.6048792266225,3150.2669640142713,2652.681139240121],
        [1694.8158173652125,1030.0240636265935,1698.1299056447222,1218.7188269694739,2330.352500650834,4130.437184519341,2031.216046210878,3042.362872447701,3776.054005964519,3375.6432745411394,3299.310941910708,1178.2800828406962,906.8963448119512,3189.03169344316,3944.5129485757393,1410.084162046138,1412.0272957425739,2016.0593690801002,3097.704116723037,2795.736289313815,969.0345478936671,0.0,1099.9205268673825,959.1928151134093,1446.0009632761455,2475.683218575441,2930.1189113014157,3862.022472643405,3485.7701568570837,2527.0629378331323,2274.69931883144,1035.1798556201313,4623.200387584465,3434.441352199527,1815.0564486515905,765.2250772753109,3032.709546201811,2151.9556986606003,931.9340058258903,3143.0803013447266,2933.8664481517517,4483.465237539435,3664.2509631509915,1162.191327203618,4615.071174516103,2448.4155717158474,3534.022275751837,933.0778271227033,3461.516707968808,2292.956495128185,1185.0863286563479,3769.1398270807395,1423.9990527084897,2774.00727875064,1940.4519318606747,831.7757825106223,3031.8063519212265,3151.815982136512,2355.089604514482,1913.4203814299685,4752.789880027538,2074.106007328367,1346.979197235281,2187.7903217043236,3001.7646869971272,2268.7122684240953,1732.3801302241445,2531.809163921892,2685.389006792669,2168.0820404910373,2686.897789362382,1327.2886409601542,2642.1046534504862,1085.4429641593092,1741.315714965987,983.051994978864,1608.2945163946495,1984.8961114099034,3012.79378669947,1439.319352623264,1429.2913678099635,3409.0884064225756,1057.4867476011796,2643.2640990350114,3819.076856826107,2370.9092947730396,3381.903280892069,2186.72623484411,1682.9872198874857,3568.5775972657107,1694.8158173652125],
        [777.2990373983047,901.0193769574204,2737.1585682849454,2257.1309821448413,3430.051947287095,3822.9027757613308,3126.7385077604654,4118.046480106463,4057.538914493098,3812.1379110518715,3107.2730514626433,2276.4583519655544,1482.3226986651553,4075.5091367683317,4087.9069617286473,2393.4654517359704,2507.9573181863216,3037.3737014962644,4127.155826233229,3124.407882490615,2060.7930327203544,1099.9205268673825,0.0,1848.0899186745437,888.9077941153727,3564.2269936676857,2986.3127109171014,3474.1518163007677,3000.364581090953,3071.829456760988,3054.5918495887963,2033.564994927928,5338.374742297378,3933.7954918313544,987.7537825854764,1831.057146530049,3508.7547722491404,3246.10477140595,211.5044124318826,3744.6425068104077,3656.8526726756795,5163.037530389791,3850.89485328411,213.40535503614768,5129.26851571231,3003.708439153533,4447.8502679120265,941.7705407251323,4248.835500207646,3232.2558607730557,1429.9218262583165,3565.525464687457,555.2970163442976,3813.1421665176063,1463.941050965612,728.1416241951715,2390.7273448292503,4122.464728510623,1587.2075933468675,2445.47621973679,5316.365502119087,2080.637752360933,586.9053639550527,2324.6826993974896,4101.39024251714,2074.4615970546834,2831.755027484212,1847.033451032489,2397.3801971940447,3240.9258503947967,2080.490633916086,280.639964086174,3539.9795614945306,2179.554041087771,2720.2498391249896,629.7133552291183,2022.4776293028592,1473.6278571416788,4112.697412692967,2415.8442247530693,2331.3449786701385,4114.068405085123,1649.0339298069125,2209.419523169244,4223.510859777674,1808.557837143388,2868.8863435272483,2726.6425495450917,2769.7436223240074,4393.374156546269,777.2990373983047],
