{
    "drone_dist": [
        [0.0,8.220264273333928,41.023781624090645,19.087494564446374,17.192126583069985,24.547824655976186,47.81842463401067,50.16825279829983,40.962959696309326,41.97133823409789,40.675599008608444,39.13384458384652,54.48506257758027,16.72846065741301,51.13066957081273,49.99001985232975,10.251644300166774,37.74044260537858,6.998918783953651,38.9751648224924,32.42631597196941,37.43348099042762,31.4378172806856,36.63037738449145,6.288934006595024,26.635249886950042,18.82750502218479,53.724242211900155,32.689037382945614,21.78038343549723,0.0],
        [8.220264273333928,0.0,39.77014186828224,11.118911849194717,21.157576014448463,19.450177393045582,41.56712983187945,43.2079093808162,40.62571454808249,42.94481091163697,34.55219293017857,34.43071473824634,52.71406386228499,11.975934106640649,49.35661468091483,47.17600892816195,8.78672929652943,35.304957392769815,8.996452097162983,34.522610740181264,25.38875882814626,31.1107468989629,24.687990987868577,36.49838866522635,12.409512367086236,20.33842188889233,11.050118731865606,51.81109306893496,31.127620385962842,18.76935970556831,8.220264273333928],
        [41.023781624090645,39.77014186828224,0.0,37.129881187270165,27.94479029826277,23.960909755619273,29.85579462947405,36.577153831822635,4.56424186698168,11.411633695648426,26.38245885615719,17.786892397949146,13.583330483514224,28.577291967321557,10.303445814506123,11.95350965798432,31.58563678632922,6.87597469959181,34.04091027791331,16.439876260680993,31.09701881523065,27.03881355749632,29.23912031956814,6.523278602335892,36.54849266469861,27.524449148093517,45.07854697545894,12.979059977267957,8.65138211089318,21.280870643074675,41.023781624090645],
        [19.087494564446374,11.118911849194717,37.129881187270165,0.0,27.121190155765134,13.422779167330313,31.873694241611254,32.6790567186404,39.19126937557582,43.13762870209536,25.216905340830213,27.17492542758879,48.7163450791748,9.938647259710574,45.48529778090171,41.962583750129276,13.833718140844747,31.326382441107395,16.86898516610192,27.634701011236636,15.100031509961179,21.626066575516884,14.875777899959438,35.64654115520331,21.697771360199216,11.78265641989307,8.23488566922608,47.652534933296586,28.805213094623717,16.559436283523457,19.087494564446374],
        [17.192126583069985,21.157576014448463,27.94479029826277,27.121190155765134,0.0,22.898782796385017,45.006366955768314,49.48938382172577,26.50263155199531,25.901850528451657,38.234677115540094,33.195908068844126,41.386136234103354,18.297883108799653,38.20074181846642,38.92783574881345,13.53285785567126,27.131152252090356,12.18448851096578,32.46953683304083,34.0368677583153,36.00863613873506,32.29783740797487,22.218413659148432,11.040135197629674,27.284697184442233,31.467121836775547,40.88545931295452,21.197985624959834,16.804232844963423,17.192126583069985],
        [24.547824655976186,19.450177393045582,23.960909755619273,13.422779167330313,22.898782796385017,0.0,23.592674061608033,27.03603272422862,26.459943737215553,31.20788013571057,16.447909484216115,14.980628617589486,35.29467100866398,7.838821932167937,32.063311784177564,28.68590429667838,14.664553725905721,17.930392927582133,18.68121984353044,15.102838762979687,11.31564578144547,13.590445494697294,9.466041591819012,23.361877448686126,23.52223622912442,4.8247835399056775,21.610457433336787,34.235554845294246,16.019682074035995,6.398837014897285,24.547824655976186],
        [47.81842463401067,41.56712983187945,29.85579462947405,31.873694241611254,45.006366955768314,23.592674061608033,0.0,6.929455460932998,34.351148877116486,41.14422268883917,7.159923412932154,12.988037351004529,32.339894911795554,31.18538318844473,30.586021604771197,24.006380975915455,38.22233055323397,23.872653774837534,42.2592217700376,14.196775863514068,16.867726485768475,10.458002021569083,17.035636731636373,34.21676448961431,47.11048504793104,21.280137804850487,38.98399530874005,31.09426895387791,28.010755006310944,28.533772525175944,47.81842463401067],
        [50.16825279829983,43.2079093808162,36.577153831822635,32.6790567186404,49.48938382172577,27.03603272422862,6.929455460932998,0.0,41.02710465957224,47.77127040454259,11.514764444571531,19.214690239535265,39.19579142982586,34.03613971384298,37.50192325824015,30.897529138650384,41.19517209313167,30.376277873174132,45.248092599562895,20.510348129340557,17.82356243655113,13.508445749576268,18.736963887879597,40.63174767184529,50.27785661713404,23.697751191892415,38.84630062347886,37.95591387397279,34.06342728008841,32.711909125274964,50.16825279829983],
        [40.962959696309326,40.62571454808249,4.56424186698168,39.19126937557582,26.50263155199531,26.459943737215553,34.351148877116486,41.02710465957224,0.0,6.848124453288855,30.622076956131252,22.06916513713126,15.259418682344604,30.071271941253787,12.396866185249374,15.749574580151954,32.103896346045204,10.880228601654553,34.089922768934635,20.72482358621134,34.58784187044252,31.03610802140901,32.66724691944776,4.36211239275476,35.997979151441015,30.43218698924056,46.88908643464205,15.003010406297376,10.451565187415804,22.815738480802832,40.962959696309326],
        [41.97133823409789,42.94481091163697,11.411633695648426,43.13762870209536,25.901850528451657,31.20788013571057,41.14422268883917,47.77127040454259,6.848124453288855,0.0,37.17125721924401,28.694461331884693,19.475960671812985,33.50530236759409,17.319896650394213,21.943873721577134,34.18058666927658,17.44930020741222,35.44069040486277,27.359570573445954,40.312376262548526,37.336596262666816,38.341630998757324,7.953881359842611,36.407100975067586,35.554155166771224,50.39692413995977,19.602723058906413,15.545501714592248,26.58510137372581,41.97133823409789],
        [40.675599008608444,34.55219293017857,26.38245885615719,25.216905340830213,38.234677115540094,16.447909484216115,7.159923412932154,11.514764444571531,30.622076956131252,37.17125721924401,0.0,8.601641926674596,31.835043081804532,24.02688857239499,29.47308054360052,23.485578698834093,31.064286466284475,19.753603286387584,35.10340854613893,9.946600162073917,10.670944955971853,3.6046884410693676,10.371557932161979,29.700350546859106,39.97007684083246,14.217966203859294,32.69018593608139,30.579537706042455,22.79580671016443,21.58517211089558,40.675599008608444],
        [39.13384458384652,34.43071473824634,17.786892397949146,27.17492542758879,33.195908068844126,14.980628617589486,12.988037351004529,19.214690239535265,22.06916513713126,28.694461331884693,8.601641926674596,0.0,24.153786759084902,22.67947886840151,21.492170818429653,16.121568478515872,28.94608683035795,11.245176238107966,32.747836071788996,1.3472134309571058,15.63647402870596,9.801760152039565,14.274576436373161,21.42021892230612,37.12616434554634,15.418707235721094,35.311711464065276,22.925573600437495,15.023116059633855,17.826908700086406,39.13384458384652],
        [54.48506257758027,52.71406386228499,13.583330483514224,48.7163450791748,41.386136234103354,35.29467100866398,32.339894911795554,39.19579142982586,15.259418682344604,19.475960671812985,31.835043081804532,24.153786759084902,0.0,41.095496395763014,3.3660636342376407,8.412430330467654,44.833734366781925,17.540500567124052,47.488315548184794,23.05742739712002,39.66121916078227,33.85585708380509,38.117118511810176,19.277830148435466,50.12367739920558,37.87393849047122,56.896137680045506,1.259454710840017,21.821361377476904,33.963648640592005,54.48506257758027],
        [16.72846065741301,11.975934106640649,28.577291967321557,9.938647259710574,18.297883108799653,7.838821932167937,31.18538318844473,34.03613971384298,30.071271941253787,33.50530236759409,24.02688857239499,22.67947886840151,41.095496395763014,0.0,37.76113924946022,35.26294829364067,7.15939786272943,23.576753651127007,11.212437917338123,22.673837533878896,16.832967721540722,20.905153590056333,15.453466405034426,26.2652843992183,16.258973427305097,10.356182905765767,16.909644791422924,40.140921296217364,19.97212947825109,7.306211583472879,16.72846065741301],
        [51.13066957081273,49.35661468091483,10.303445814506123,45.48529778090171,38.20074181846642,32.063311784177564,30.586021604771197,37.50192325824015,12.396866185249374,17.319896650394213,29.47308054360052,21.492170818429653,3.3660636342376407,37.76113924946022,0.0,6.718322200912272,41.46788039564419,14.233904915911792,44.133057312620075,20.329320765489786,36.83382640578191,31.27308337071895,35.2305604396296,16.2211426913653,46.808035325111874,34.77282445478641,53.64679177187064,2.6848735045725265,18.45903902597445,30.61242387846553,51.13066957081273],
        [49.99001985232975,47.17600892816195,11.95350965798432,41.962583750129276,38.92783574881345,28.68590429667838,24.006380975915455,30.897529138650384,15.749574580151954,21.943873721577134,23.485578698834093,16.121568478515872,8.412430330467654,35.26294829364067,6.718322200912272,0.0,39.93327016281279,12.283804048752044,43.04306419714951,15.144850895476099,31.752267110249154,25.656899346466773,30.32529939561264,18.472903067419608,46.33459593622022,30.64927307180248,50.1967819198479,7.153532954521849,17.8773405905042,28.535350593398338,49.99001985232975],
        [10.251644300166774,8.78672929652943,31.58563678632922,13.833718140844747,13.53285785567126,14.664553725905721,38.22233055323397,41.19517209313167,32.103896346045204,34.18058666927658,31.064286466284475,28.94608683035795,44.833734366781925,7.15939786272943,41.46788039564419,39.93327016281279,0.0,27.755305061163472,4.057761177975429,28.750013939411154,23.907476405010787,28.01947026127714,22.591455274669926,27.901322511580805,9.1124546602016,17.512557664452192,18.063341923588485,44.00594361840409,23.03499336543788,11.547388060376209,10.251644300166774],
        [37.74044260537858,35.304957392769815,6.87597469959181,31.326382441107395,27.131152252090356,17.930392927582133,23.872653774837534,30.376277873174132,10.880228601654553,17.44930020741222,19.753603286387584,11.245176238107966,17.540500567124052,23.576753651127007,14.233904915911792,12.283804048752044,27.755305061163472,0.0,30.777840762559617,9.911558181628264,24.268708048465836,20.20791592002856,22.437901558357154,10.368610358081176,34.06519618088445,21.054907726773568,39.45124825720979,16.5659193671087,5.964938386769859,16.539313046625054,37.74044260537858],
        [6.998918783953651,8.996452097162983,34.04091027791331,16.86898516610192,12.18448851096578,18.68121984353044,42.2592217700376,45.248092599562895,34.089922768934635,35.44069040486277,35.10340854613893,32.747836071788996,47.488315548184794,11.212437917338123,44.133057312620075,43.04306419714951,4.057761177975429,30.777840762559617,0.0,32.486820437989046,27.90305154076438,32.074866021691065,26.62264912553279,29.780568861292267,5.126312646772177,21.559048458953914,19.654555971654432,46.725412540201724,25.690130755961096,15.082576477978975,6.998918783953651],
        [38.9751648224924,34.522610740181264,16.439876260680993,27.634701011236636,32.46953683304083,15.102838762979687,14.196775863514068,20.510348129340557,20.72482358621134,27.359570573445954,9.946600162073917,1.3472134309571058,23.05742739712002,22.673837533878896,20.329320765489786,15.144850895476099,28.750013939411154,9.911558181628264,32.486820437989046,0.0,16.631272504317394,11.038338141273979,15.180805624624437,20.1220086618056,36.76140050368048,15.947634615559627,35.81593939725398,21.839523623863037,13.849268417855708,17.46786926593361,38.9751648224924],
        [32.42631597196941,25.38875882814626,31.09701881523065,15.100031509961179,34.0368677583153,11.31564578144547,16.867726485768475,17.82356243655113,34.58784187044252,40.312376262548526,10.670944955971853,15.63647402870596,39.66121916078227,16.832967721540722,36.83382640578191,31.752267110249154,23.907476405010787,24.268708048465836,27.90305154076438,16.631272504317394,0.0,7.14115123010513,2.0066408432675487,32.36956402035583,33.01201630596843,6.757640620322511,22.146782393922326,38.4531576340947,24.784026719351402,17.70995621554933,32.42631597196941],
        [37.43348099042762,31.1107468989629,27.03881355749632,21.626066575516884,36.00863613873506,13.590445494697294,10.458002021569083,13.508445749576268,31.03610802140901,37.336596262666816,3.6046884410693676,9.801760152039565,33.85585708380509,20.905153590056333,31.27308337071895,25.656899346466773,28.01947026127714,20.20791592002856,32.074866021691065,11.038338141273979,7.14115123010513,0.0,6.76825218277687,29.61406731483848,37.02424410870724,10.833586922393192,29.08863406833588,32.61494234758264,22.3384288070258,19.21455888611236,37.43348099042762],
        [31.4378172806856,24.687990987868577,29.23912031956814,14.875777899959438,32.29783740797487,9.466041591819012,17.035636731636373,18.736963887879597,32.66724691944776,38.341630998757324,10.371557932161979,14.274576436373161,38.117118511810176,15.453466405034426,35.2305604396296,30.32529939561264,22.591455274669926,22.437901558357154,26.62264912553279,15.180805624624437,2.0066408432675487,6.76825218277687,0.0,30.394866365466616,31.70305695520976,5.145861078968805,22.34754131955677,36.92173412319074,22.80581149780963,15.836348648839001,31.4378172806856],
        [36.63037738449145,36.49838866522635,6.523278602335892,35.64654115520331,22.218413659148432,23.361877448686126,34.21676448961431,40.63174767184529,4.36211239275476,7.953881359842611,29.700350546859106,21.42021892230612,19.277830148435466,26.2652843992183,16.2211426913653,18.472903067419608,27.901322511580805,10.368610358081176,29.780568861292267,20.1220086618056,32.36956402035583,29.61406731483848,30.394866365466616,0.0,31.63609092777726,27.632662205913693,43.1596877166395,18.88959347187028,7.592508999414272,19.119107204892536,36.63037738449145],
        [6.288934006595024,12.409512367086236,36.54849266469861,21.697771360199216,11.040135197629674,23.52223622912442,47.11048504793104,50.27785661713404,35.997979151441015,36.407100975067586,39.97007684083246,37.12616434554634,50.12367739920558,16.258973427305097,46.808035325111874,46.33459593622022,9.1124546602016,34.06519618088445,5.126312646772177,36.76140050368048,33.01201630596843,37.02424410870724,31.70305695520976,31.63609092777726,0.0,26.614996942170638,23.45619479312533,49.45418434415758,28.59773565637229,19.302956263366298,6.288934006595024],
        [26.635249886950042,20.33842188889233,27.524449148093517,11.78265641989307,27.284697184442233,4.8247835399056775,21.280137804850487,23.697751191892415,30.43218698924056,35.554155166771224,14.217966203859294,15.418707235721094,37.87393849047122,10.356182905765767,34.77282445478641,30.64927307180248,17.512557664452192,21.054907726773568,21.559048458953914,15.947634615559627,6.757640620322511,10.833586922393192,5.145861078968805,27.632662205913693,26.614996942170638,0.0,19.893081230588496,36.74422244406575,20.120148517406772,11.164136971807164,26.635249886950042],
        [18.82750502218479,11.050118731865606,45.07854697545894,8.23488566922608,31.467121836775547,21.610457433336787,38.98399530874005,38.84630062347886,46.88908643464205,50.39692413995977,32.69018593608139,35.311711464065276,56.896137680045506,16.909644791422924,53.64679177187064,50.1967819198479,18.063341923588485,39.45124825720979,19.654555971654432,35.81593939725398,22.146782393922326,29.08863406833588,22.34754131955677,43.1596877166395,23.45619479312533,19.893081230588496,0.0,55.844093247756824,36.61802410727637,24.077748863082515,18.82750502218479],
        [53.724242211900155,51.81109306893496,12.979059977267957,47.652534933296586,40.88545931295452,34.235554845294246,31.09426895387791,37.95591387397279,15.003010406297376,19.602723058906413,30.579537706042455,22.925573600437495,1.259454710840017,40.140921296217364,2.6848735045725265,7.153532954521849,44.00594361840409,16.5659193671087,46.725412540201724,21.839523623863037,38.4531576340947,32.61494234758264,36.92173412319074,18.88959347187028,49.45418434415758,36.74422244406575,55.844093247756824,0.0,21.036892443908908,33.047191823820384,53.724242211900155],
        [32.689037382945614,31.127620385962842,8.65138211089318,28.805213094623717,21.197985624959834,16.019682074035995,28.010755006310944,34.06342728008841,10.451565187415804,15.545501714592248,22.79580671016443,15.023116059633855,21.821361377476904,19.97212947825109,18.45903902597445,17.8773405905042,23.03499336543788,5.964938386769859,25.690130755961096,13.849268417855708,24.784026719351402,22.3384288070258,22.80581149780963,7.592508999414272,28.59773565637229,20.120148517406772,36.61802410727637,21.036892443908908,0.0,12.666223808892731,32.689037382945614],
        [21.78038343549723,18.76935970556831,21.280870643074675,16.559436283523457,16.804232844963423,6.398837014897285,28.533772525175944,32.711909125274964,22.815738480802832,26.58510137372581,21.58517211089558,17.826908700086406,33.963648640592005,7.306211583472879,30.61242387846553,28.535350593398338,11.547388060376209,16.539313046625054,15.082576477978975,17.46786926593361,17.70995621554933,19.21455888611236,15.836348648839001,19.119107204892536,19.302956263366298,11.164136971807164,24.077748863082515,33.047191823820384,12.666223808892731,0.0,21.78038343549723],
        [0.0,8.220264273333928,41.023781624090645,19.087494564446374,17.192126583069985,24.547824655976186,47.81842463401067,50.16825279829983,40.962959696309326,41.97133823409789,40.675599008608444,39.13384458384652,54.48506257758027,16.72846065741301,51.13066957081273,49.99001985232975,10.251644300166774,37.74044260537858,6.998918783953651,38.9751648224924,32.42631597196941,37.43348099042762,31.4378172806856,36.63037738449145,6.288934006595024,26.635249886950042,18.82750502218479,53.724242211900155,32.689037382945614,21.78038343549723,0.0]
    ],
    "end_depot": 30,
    "start_depot": 0,
    "truck_dist": [
        [0.0,11.624856839147512,56.05385991391864,26.556293334521563,23.25725621706966,25.29162753293267,54.195024906325884,61.99014400893784,57.28459123999017,59.350547792339995,45.71101234062819,42.11747033378862,73.62854761084571,17.67032232063733,68.98148907190898,64.09380894221755,11.88396261530919,48.85259000504618,9.387587637609105,43.14680065660998,40.97372085096894,43.330645322254526,38.57365899841507,51.32221280601921,7.9586086397712705,31.41876209086053,25.74905624473007,72.17238509311231,43.82124400188041,25.998419479450096,0.0],
        [11.624856839147512,0.0,56.144374643248554,14.93143649537405,23.34777094639957,23.871283586044928,42.57016806717837,50.36528716979033,57.375105969320074,59.441062521669906,35.012027586208745,42.20798506311853,73.71906234017563,15.82081990812463,69.07200380123889,64.18432367154746,11.974477344639102,48.94310473437609,9.478102366939016,43.237315385939894,29.348864011821426,31.70578848310701,26.94880215926756,51.41272753534912,15.594986610020598,20.86873558094398,14.124199405582559,72.26289982244222,43.91175873121032,26.088934208780007,11.624856839147512],
        [56.05385991391864,56.144374643248554,0.0,51.21359320366545,32.79660369684898,32.27309105720363,39.232869104672844,47.0279882072848,6.336395508776504,15.798183953846936,30.748856538975147,20.940967690708213,17.57468769692708,40.32355473512392,12.927629157990339,14.870507923719495,44.16989729860945,7.20126990887246,46.666272276309535,19.337706282321278,35.460508203843126,28.36848952060148,33.94626976434468,7.919459772843952,48.09525127414737,35.27563906230458,62.83146961251552,16.118525179193668,12.232615912038234,30.055440434468547,56.05385991391864],
        [26.556293334521563,14.93143649537405,51.21359320366545,0.0,33.644203192171986,18.94050214646182,35.60850019752576,35.43385067441628,52.444324529736974,54.5102810820868,30.08124614662564,37.277203623535414,68.78828090059253,10.890038468541523,64.14122236165579,59.253542231964346,18.251845473753374,44.012323294792985,23.41894945235512,38.30653394635679,15.75308499982232,25.57331864363748,17.267323439320773,46.48194609576602,30.52642310539465,15.937954141360873,11.617876408850073,67.33211838285911,38.98097729162721,21.1581527691969,26.556293334521563],
        [23.25725621706966,23.34777094639957,32.79660369684898,33.644203192171986,0.0,32.379537390583096,61.28293476397631,69.07805386658826,34.02733502292051,36.09329157527034,52.79892219827862,42.99103335001168,50.37129139377606,24.758232178287752,45.72423285483932,40.83655272514789,15.392357718418612,28.58457159613001,13.869668579460555,41.38777194162474,48.06163070861936,50.41855517990494,45.6615688560655,28.064956588949556,15.29864757729839,38.506671948510956,32.836966102380494,48.91512887604265,21.813564484012275,23.606154006624433,23.25725621706966],
        [25.29162753293267,23.871283586044928,32.27309105720363,18.94050214646182,32.379537390583096,0.0,28.90339737339322,36.69851647600517,33.50382238327515,35.56977893562498,20.419384807695522,18.336701477073593,49.8477787541307,8.050463677920298,45.20072021519397,40.31304008550253,16.98717967216448,25.071821148331168,22.154283650766224,19.366031799894966,15.68209331803627,18.039017789321854,13.282031465482405,27.541443949304195,29.261757303805755,6.12713455792786,30.558378555311894,48.3916162363973,20.04047514516539,8.77338338395866,25.29162753293267],
        [54.195024906325884,42.57016806717837,39.232869104672844,35.60850019752576,61.28293476397631,28.90339737339322,0.0,7.795119102611953,45.56926461344935,55.031053058519774,8.484012565697695,18.291901413964624,33.17978070306677,36.52470258568856,32.509893895853054,24.362361180953346,45.89057704555769,32.698363167846296,51.057681024159436,19.895162822351566,19.855415197703433,10.864379584071363,18.34117675820498,47.152328877516794,58.16515467719897,22.77626281546536,47.22637660637582,31.72361818533336,39.46937027996404,37.67678075735188,54.195024906325884],
        [61.99014400893784,50.36528716979033,47.0279882072848,35.43385067441628,69.07805386658826,36.69851647600517,7.795119102611953,0.0,53.3643837160613,62.82617216113173,16.27913166830965,26.08702051657658,39.27272635456741,44.31982168830051,40.30501299846501,32.1574802835653,53.685696148169654,40.49348227045825,58.8528001267714,27.69028192496352,21.0164231579689,18.659498686683317,23.416485010522766,54.94744798012874,65.96027377981093,30.57138191807731,41.28745211231105,38.24703485159855,47.26448938257599,45.47189985996383,61.99014400893784],
        [57.28459123999017,57.375105969320074,6.336395508776504,52.444324529736974,34.02733502292051,33.50382238327515,45.56926461344935,53.3643837160613,0.0,9.461788445070432,37.08525204775165,27.27736319948472,16.343956370855555,41.55428606119545,13.059370717596295,21.206903432496,45.40062862468098,12.870901445603051,47.89700360238106,25.67410179109778,36.691239529914654,34.704885029377984,35.1770010904162,5.962378433970952,49.32598260021889,36.5063703883761,64.06220093858704,15.117348864462752,13.463347238109758,31.28617176054007,57.28459123999017],
        [59.350547792339995,59.441062521669906,15.798183953846936,54.5102810820868,36.09329157527034,35.56977893562498,55.031053058519774,62.82617216113173,9.461788445070432,0.0,46.54704049282208,36.73915164455515,23.55344580656433,43.62024261354528,22.521159162666727,30.66869187756643,47.46658517703081,22.332689890673485,49.962960154730894,35.13589023616821,41.80974900316283,44.166673474448416,39.40968715060896,8.028334986320782,51.391939152568725,38.57232694072593,66.12815749093687,24.579137309533184,15.561682778555745,33.3521283128899,59.350547792339995],
        [45.71101234062819,35.012027586208745,30.748856538975147,30.08124614662564,52.79892219827862,20.419384807695522,8.484012565697695,16.27913166830965,37.08525204775165,46.54704049282208,0.0,9.80788884826693,38.70703475396688,28.040690019990862,34.05997621503015,29.172296085338708,37.40656447986,24.2143506021486,42.57366845846174,11.411150256653873,14.328161146803321,4.50792750298816,12.813922707304869,38.6683163118191,49.68114211150128,14.292250249767662,41.69912255547571,37.25087223623348,30.98535771426634,29.19276819165418,45.71101234062819],
        [42.11747033378862,42.20798506311853,20.940967690708213,37.277203623535414,42.99103335001168,18.336701477073593,18.291901413964624,26.08702051657658,27.27736319948472,36.73915164455515,9.80788884826693,0.0,31.51107727705711,26.38716515499389,26.86401873812037,21.976338608428936,30.23350771847942,14.40646175388167,32.76577961019482,1.6032614083869419,21.524118623713093,11.703884979897932,20.00988018421464,28.86042746355217,39.873253263234346,21.33924948217454,48.895080032385486,30.054914759323697,21.17746886599941,19.38487934338725,42.11747033378862],
        [73.62854761084571,73.71906234017563,17.57468769692708,68.78828090059253,50.37129139377606,49.8477787541307,33.17978070306677,39.27272635456741,16.343956370855555,23.55344580656433,38.70703475396688,31.51107727705711,0.0,57.898242432051006,4.647058538936738,9.534738668628174,61.74458499553653,24.775957605799537,64.24095997323661,30.48174695423574,53.035195900770205,43.21496225695505,51.520957461271756,22.306334804826506,65.66993897107444,52.85032675923165,80.40615730944259,1.4561625177334119,29.807303608965313,47.63012813139562,73.62854761084571],
        [17.67032232063733,15.82081990812463,40.32355473512392,10.890038468541523,24.758232178287752,8.050463677920298,36.52470258568856,44.31982168830051,41.55428606119545,43.62024261354528,28.040690019990862,26.38716515499389,57.898242432051006,0.0,53.25118389311426,48.36350376342283,9.36587445986914,33.12228482625146,14.532978438470884,27.416495477815264,23.30339853033161,25.660323001617193,20.903336677777745,35.5919076272245,21.640452091510415,13.7484397702232,22.507914877391595,56.44207991431759,28.09093882308569,10.268114300655377,17.67032232063733],
        [68.98148907190898,69.07200380123889,12.927629157990339,64.14122236165579,45.72423285483932,45.20072021519397,32.509893895853054,40.30501299846501,13.059370717596295,22.521159162666727,34.05997621503015,26.86401873812037,4.647058538936738,53.25118389311426,0.0,8.147532714899704,57.09752645659979,20.1288990668628,59.59390143429987,25.834688415299002,48.38813736183347,38.56790371801831,46.873898922335016,17.65927626588977,61.02288043213771,48.203268220294916,75.75909877050586,3.1908960212033266,25.160245070028573,42.98306959245889,68.98148907190898],
        [64.09380894221755,64.18432367154746,14.870507923719495,59.253542231964346,40.83655272514789,40.31304008550253,24.362361180953346,32.1574802835653,21.206903432496,30.66869187756643,29.172296085338708,21.976338608428936,9.534738668628174,48.36350376342283,8.147532714899704,0.0,52.20984632690836,15.241218937171364,54.70622130460845,20.947008285607563,43.500457232142026,33.68022358832687,41.98621879264358,22.789967696563444,56.13520030244628,43.31558809060348,70.87141864081443,8.078576150894762,20.272564940337137,38.09538946276745,64.09380894221755],
        [11.88396261530919,11.974477344639102,44.16989729860945,18.251845473753374,15.392357718418612,16.98717967216448,45.89057704555769,53.685696148169654,45.40062862468098,47.46658517703081,37.40656447986,30.23350771847942,61.74458499553653,9.36587445986914,57.09752645659979,52.20984632690836,0.0,36.968627389736994,5.1671039786017445,31.262838041300792,32.66927299020075,35.02619746148633,30.269211137646884,39.43825019071002,12.274577631641275,23.11431423009234,18.661572313906067,60.28842247780312,31.937281386571218,14.114456864140905,11.88396261530919],
        [48.85259000504618,48.94310473437609,7.20126990887246,44.012323294792985,28.58457159613001,25.071821148331168,32.698363167846296,40.49348227045825,12.870901445603051,22.332689890673485,24.2143506021486,14.40646175388167,24.775957605799537,33.12228482625146,20.1288990668628,15.241218937171364,36.968627389736994,0.0,39.46500236743708,12.803200345494728,28.259238294970665,21.83398358377493,26.744999855472216,14.453965709670499,40.89398136527491,28.074369153432116,55.63019970364306,23.319795088066126,6.771007112117738,22.85417052559609,48.85259000504618],
        [9.387587637609105,9.478102366939016,46.666272276309535,23.41894945235512,13.869668579460555,22.154283650766224,51.057681024159436,58.8528001267714,47.89700360238106,49.962960154730894,42.57366845846174,32.76577961019482,64.24095997323661,14.532978438470884,59.59390143429987,54.70622130460845,5.1671039786017445,39.46500236743708,0.0,33.75921301900088,37.8363769688025,40.19330144008808,35.43631511624863,41.93462516841011,7.107473653039531,28.281418208694085,22.611712362563626,62.7847974555032,34.4336563642713,16.61083184184099,9.387587637609105],
        [43.14680065660998,43.237315385939894,19.337706282321278,38.30653394635679,41.38777194162474,19.366031799894966,19.895162822351566,27.69028192496352,25.67410179109778,35.13589023616821,11.411150256653873,1.6032614083869419,30.48174695423574,27.416495477815264,25.834688415299002,20.947008285607563,31.262838041300792,12.803200345494728,33.75921301900088,0.0,22.553448946534466,12.733215302719305,21.039210507036014,27.257166055165225,38.269991854847405,22.368579804995914,49.92441035520686,29.025584436502328,19.574207457612466,17.78161793500031,43.14680065660998],
        [40.97372085096894,29.348864011821426,35.460508203843126,15.75308499982232,48.06163070861936,15.68209331803627,19.855415197703433,21.0164231579689,36.691239529914654,41.80974900316283,14.328161146803321,21.524118623713093,53.035195900770205,23.30339853033161,48.38813736183347,43.500457232142026,32.66927299020075,28.259238294970665,37.8363769688025,22.553448946534466,0.0,9.820233643815161,2.400061852553865,33.93102482215984,44.943850621842024,9.55495876010841,27.370961408672393,51.579033383036794,26.248066224607086,24.45547670199493,40.97372085096894],
        [43.330645322254526,31.70578848310701,28.36848952060148,25.57331864363748,50.41855517990494,18.039017789321854,10.864379584071363,18.659498686683317,34.704885029377984,44.166673474448416,4.50792750298816,11.703884979897932,43.21496225695505,25.660323001617193,38.56790371801831,33.68022358832687,35.02619746148633,21.83398358377493,40.19330144008808,12.733215302719305,9.820233643815161,0.0,8.305995204316709,36.28794929344543,47.300775093127605,11.911883231393993,37.19119505248756,41.75879973922163,28.60499069589267,26.812401173280513,43.330645322254526],
        [38.57365899841507,26.94880215926756,33.94626976434468,17.267323439320773,45.6615688560655,13.282031465482405,18.34117675820498,23.416485010522766,35.1770010904162,39.40968715060896,12.813922707304869,20.00988018421464,51.520957461271756,20.903336677777745,46.873898922335016,41.98621879264358,30.269211137646884,26.744999855472216,35.43631511624863,21.039210507036014,2.400061852553865,8.305995204316709,0.0,31.53096296960598,42.543788769288156,7.154896907554544,28.885199848170846,50.064794943538345,23.84800437205322,22.055414849441064,38.57365899841507],
        [51.32221280601921,51.41272753534912,7.919459772843952,46.48194609576602,28.064956588949556,27.541443949304195,47.152328877516794,54.94744798012874,5.962378433970952,8.028334986320782,38.6683163118191,28.86042746355217,22.306334804826506,35.5919076272245,17.65927626588977,22.789967696563444,39.43825019071002,14.453965709670499,41.93462516841011,27.257166055165225,33.93102482215984,36.28794929344543,31.53096296960598,0.0,43.36360416624794,30.543991954405143,58.099822504616085,20.850172287093095,7.68295859755276,25.323793326569117,51.32221280601921],
        [7.9586086397712705,15.594986610020598,48.09525127414737,30.52642310539465,15.29864757729839,29.261757303805755,58.16515467719897,65.96027377981093,49.32598260021889,51.391939152568725,49.68114211150128,39.873253263234346,65.66993897107444,21.640452091510415,61.02288043213771,56.13520030244628,12.274577631641275,40.89398136527491,7.107473653039531,38.269991854847405,44.943850621842024,47.300775093127605,42.543788769288156,43.36360416624794,0.0,35.38889186173361,29.719186015603157,64.21377645334104,35.86263536210914,20.488373919847096,7.9586086397712705],
        [31.41876209086053,20.86873558094398,35.27563906230458,15.937954141360873,38.506671948510956,6.12713455792786,22.77626281546536,30.57138191807731,36.5063703883761,38.57232694072593,14.292250249767662,21.33924948217454,52.85032675923165,13.7484397702232,48.203268220294916,43.31558809060348,23.11431423009234,28.074369153432116,28.281418208694085,22.368579804995914,9.55495876010841,11.911883231393993,7.154896907554544,30.543991954405143,35.38889186173361,0.0,27.555830550210946,51.394164241498245,23.04302315026634,14.90051794188652,31.41876209086053],
        [25.74905624473007,14.124199405582559,62.83146961251552,11.617876408850073,32.836966102380494,30.558378555311894,47.22637660637582,41.28745211231105,64.06220093858704,66.12815749093687,41.69912255547571,48.895080032385486,80.40615730944259,22.507914877391595,75.75909877050586,70.87141864081443,18.661572313906067,55.63019970364306,22.611712362563626,49.92441035520686,27.370961408672393,37.19119505248756,28.885199848170846,58.099822504616085,29.719186015603157,27.555830550210946,0.0,78.94999479170919,50.598853700477285,32.77602917804697,25.74905624473007],
        [72.17238509311231,72.26289982244222,16.118525179193668,67.33211838285911,48.91512887604265,48.3916162363973,31.72361818533336,38.24703485159855,15.117348864462752,24.579137309533184,37.25087223623348,30.054914759323697,1.4561625177334119,56.44207991431759,3.1908960212033266,8.078576150894762,60.28842247780312,23.319795088066126,62.7847974555032,29.025584436502328,51.579033383036794,41.75879973922163,50.064794943538345,20.850172287093095,64.21377645334104,51.394164241498245,78.94999479170919,0.0,28.351141091231902,46.17396561366222,72.17238509311231],
        [43.82124400188041,43.91175873121032,12.232615912038234,38.98097729162721,21.813564484012275,20.04047514516539,39.46937027996404,47.26448938257599,13.463347238109758,15.561682778555745,30.98535771426634,21.17746886599941,29.807303608965313,28.09093882308569,25.160245070028573,20.272564940337137,31.937281386571218,6.771007112117738,34.4336563642713,19.574207457612466,26.248066224607086,28.60499069589267,23.84800437205322,7.68295859755276,35.86263536210914,23.04302315026634,50.598853700477285,28.351141091231902,0.0,17.822824522430313,43.82124400188041],
        [25.998419479450096,26.088934208780007,30.055440434468547,21.1581527691969,23.606154006624433,8.77338338395866,37.67678075735188,45.47189985996383,31.28617176054007,33.3521283128899,29.19276819165418,19.38487934338725,47.63012813139562,10.268114300655377,42.98306959245889,38.09538946276745,14.114456864140905,22.85417052559609,16.61083184184099,17.78161793500031,24.45547670199493,26.812401173280513,22.055414849441064,25.323793326569117,20.488373919847096,14.90051794188652,32.77602917804697,46.17396561366222,17.822824522430313,0.0,25.998419479450096],
        [0.0,11.624856839147512,56.05385991391864,26.556293334521563,23.25725621706966,25.29162753293267,54.195024906325884,61.99014400893784,57.28459123999017,59.350547792339995,45.71101234062819,42.11747033378862,73.62854761084571,17.67032232063733,68.98148907190898,64.09380894221755,11.88396261530919,48.85259000504618,9.387587637609105,43.14680065660998,40.97372085096894,43.330645322254526,38.57365899841507,51.32221280601921,7.9586086397712705,31.41876209086053,25.74905624473007,72.17238509311231,43.82124400188041,25.998419479450096,0.0]
    ],
    "vertex_count": 31
}