{
    "drone_dist": [
        [0.0,3362.5436485607665,3895.2193601498752,698.7443941861314,4209.116013477769,1520.4052437812338,1981.5902320157916,4752.029498934919,273.4694069812801,2664.0073533268774,3325.2590912100586,2166.132337308822,985.0228627397692,3725.2622062800106,2326.9779055460067,2948.2809770971194,1228.5581344651291,2352.374955466474,2981.3584844710153,4400.683518793381,4129.4374263542695,1038.3852397096052,3344.6456783542885,3175.8397153273313,4304.133128611047,5148.148125340588,2486.6518155539097,1672.1833306442816,2331.184489754861,2357.6682627921264,3569.2217464718415,2534.6996900917998,1290.021978478653,2086.8840298632485,4056.5458735199,3707.6631106352233,908.5427981788454,2668.9459918961984,1335.2903925639225,2337.105440525633,733.8545427678695,2197.5892575866733,4320.223943140406,3509.4060910110866,4021.443009426176,4377.665663197319,3390.4625270371093,2996.130681929619,1081.4775032554235,2998.6560738249614,1977.2292718123126,3829.7249058760463,1663.284695658528,1514.3508871359074,3052.7167263223746,2884.635876958347,2380.978372344227,2006.3847384540984,4354.212534717544,2513.233936340003,2971.293664718251,2615.279732819462,3338.0396746947936,2955.3310850154967,2300.1636581303765,3607.8586801137103,2380.1024237414063,2026.5645655208132,2336.3798176616765,2888.9453628104025,2477.7804873672294,2047.757825895785,1901.5434438170873,677.9948136486305,1012.5055007606973,110.414365133426,1238.9157646151996,441.155980647655,2434.775386957826,3605.501287308836,2587.3676750634113,603.0517236841174,1874.3768449856332,5642.092059169913,3312.382362516291,316.20795626126966,416.7620173889544,3329.6401322372217,3116.6938321339526,4114.849577402299,0.0],
        [3362.5436485607665,0.0,736.1866164546208,2754.581428571207,2820.8139433485553,2158.6330517858664,2214.6431941012706,1734.9396767957394,3152.231668451433,3184.449649937296,93.82964778432071,3465.3268131534423,2438.1816753558082,1621.3450070078254,2584.0680244123887,421.1252480676937,3567.960856399993,2835.0012172260417,455.4323553908695,1325.5057131467906,2501.600633984419,2431.797301923131,1038.3824280618742,3217.1871841779603,1464.2500813333688,2725.0154389083223,875.9008770313138,2461.3188693164616,3200.293240988533,2517.317569253897,231.31613923981425,912.7358243868,2119.3228612119697,2659.8524458562088,782.5465239027983,3002.9467399157697,3880.1305152425434,1629.0875383032358,2118.010599026313,2059.891959166028,3479.863125603408,1167.1245164234358,1183.2923993074571,3501.9919718434976,2383.547818096341,1017.8361613021559,1127.8134592554263,995.1375042436011,2484.688097541656,972.6648210529952,2614.7028886305147,2862.996851697817,1886.1655589612853,1960.6124218693985,3076.1774614317355,960.7143372714753,2444.534841585546,3655.286834506424,1320.8967955077253,1214.4556414106285,536.7647906242427,3498.3054579283535,1907.7336197326845,2829.2761974531713,3033.1069270063513,813.6783720557203,2442.505417391674,2307.65130992851,1321.4791203526047,2851.7171640304914,922.6992447834737,2872.8926884073253,1464.1839689753663,3235.3138824838256,2623.037011861006,3325.7943252372806,3960.684360185483,2933.2410272064717,1706.6833847590483,588.9277707347262,1188.9152713121437,2770.237214948089,2659.4736974064904,2899.765125791615,2999.650391418633,3048.2323770440216,3305.0978030995075,2268.290164149789,568.3314271360146,2641.227468772649,3362.5436485607665],
        [3895.2193601498752,736.1866164546208,0.0,3342.890656981283,2378.791548599471,2531.636404372861,2426.130911089468,1000.4206189015998,3661.3653376576003,3195.7638402586495,825.9211425405324,3607.597537694043,2926.4812768781144,2224.49263863299,2668.313280443208,1025.8290925310564,4233.705992330037,2911.448574624816,1179.4996847701477,591.3157267687255,2036.3972526115517,3042.079011191753,824.6882439976231,3102.7228623407345,755.5136417494055,2032.8566527154094,1476.0686509403195,2732.514402900663,3292.0701365462137,3252.516692440221,713.8076008502604,1605.778281123375,2610.2653027903802,3388.179604740543,233.83216850382965,2725.5282939895847,4496.854028329429,1676.9074732277447,2582.630423058051,2794.360782118558,4100.478749261537,1730.2509202226834,1386.5255259728867,3332.2115760695888,1935.3935646866112,694.8303416352703,1786.393689901896,1038.0363865096,2919.6474821245547,1699.2456127192083,2792.092417592495,2534.928263076071,2548.855738662865,2408.7037457496635,2982.0201057033587,1097.6175416453439,2517.3169621149814,3843.3834857162947,1579.4661550934375,1943.4418052946558,927.5871660850509,3542.2906432378086,2593.9541971790204,2745.072055516901,3126.356613035229,422.5934358195052,2515.615254168037,3032.348208685437,1629.6248681295344,2786.8533281129257,1425.847841064668,3025.601779035866,2013.0281103226653,3665.1310787891634,3046.806231914589,3843.9621042610092,4608.8935848547135,3455.506323884053,2441.5681198840907,294.23328560745273,1410.1566927256242,3292.507386762571,2861.232516630238,2165.6986446064343,2830.1889149592257,3579.2370110402503,3892.758010313981,2039.3283001054426,1297.383578703091,2200.6695357149656,3895.2193601498752],
        [698.7443941861314,2754.581428571207,3342.890656981283,0.0,4004.4374619970913,1260.6754888116525,1809.0587825870766,4252.922361332153,632.0698006884312,2742.1195338482103,2707.970188537904,2394.732919688246,678.5816754893863,3026.573259897087,2268.2838595050666,2353.0622660282243,1103.157228064992,2366.583914587488,2347.7748104116445,3880.4623217332864,3871.053756488978,345.8097675954019,2885.7212033063556,3195.6077256740336,3826.682176841625,4782.763758027878,1886.331648255502,1585.878073707588,2456.4202573461826,1729.3664226942685,2949.095038791233,1887.2522892487566,862.9154973061742,1489.3728352715978,3484.1761122409393,3608.166152799136,1166.599863702878,2338.528915937587,953.1954878227536,1655.6379283153667,787.2711893437677,1613.9236274120337,3653.5794617453885,3550.4571653289827,3753.2115399928666,3772.086122764789,2698.7031445952603,2532.4642038386382,906.1935417417923,2314.039169341705,1947.8982686322174,3684.107784092968,972.2946312460577,1112.1432623264523,3053.723052997706,2409.461102994349,2277.6640408017474,2320.0432236090182,3677.91046155707,1827.1029499197439,2416.3862899144565,2786.041657065405,2645.199598295226,2906.349740108171,2379.0931463265547,3098.3579264890027,2276.2380715690842,1367.5153080579526,1892.0501697300426,2852.874642709261,1918.3235097440413,2101.729461746407,1331.0868694440326,1053.9242069803895,936.3674490669467,718.9472772619047,1351.933755233475,450.38265707622,1736.9956967341484,3061.859181062939,2140.798225160659,415.2723454603655,1865.6207368344426,5222.443658440807,3262.6062832391312,463.93584661304635,551.4571966068086,3112.4691476559583,2458.6878205692265,3886.340103786825,698.7443941861314],
        [4209.116013477769,2820.8139433485553,2378.791548599471,4004.4374619970913,0.0,2749.8696514130597,2231.735845106137,2155.648773937475,3936.25294178601,1955.7589834541063,2903.368794501803,2641.4923190615577,3340.84806146618,4438.26779455184,1934.1511119547404,2746.7670803881556,5104.289984111309,2014.802180650351,3050.1363783200136,2207.764329481178,346.94975718882523,3867.8947308524207,1789.1893328214605,1493.4357923582731,1841.8789739093068,1427.5179452139444,2887.9854886086086,2539.4019756582857,2273.3274948858902,4835.224100377142,2950.6900040060514,3204.9329428950964,3154.0023099350587,4832.566038174479,2578.627648757786,748.5491306850158,5074.578501835941,1727.9702115490013,3055.172216036062,4410.005240721293,4756.233537803444,2908.5228825751724,3765.0835568818547,1467.5922394519232,444.4588343363121,2997.181268905392,3928.2711538745534,1965.1522051941847,3159.130833525202,3663.4837728486077,2277.6224821618025,490.80833966937973,3724.9766753833383,2911.7539905062204,1493.5864338540741,2076.3489167839416,1846.488001850868,2957.2601196634096,3956.331801214441,3627.9720733483578,2473.2180887425297,2280.6903095307925,4645.517695668834,1419.287716688039,2181.1058222891725,2049.44885918735,1846.9760170161665,4481.844775396585,2307.4788778756097,1500.0776169377452,2670.9570656932965,2316.8935587504584,3003.336614728765,3648.5408133407327,3201.8778279937146,4111.732953235129,5333.8272919969195,3831.27962586703,4115.613486748442,2298.173224235098,2136.40703206724,3712.040514345377,2387.237007854418,2102.31851520625,1167.6553252230203,3957.427721237844,4434.907710253489,892.0721166067224,3303.64350773993,180.21745489840188,4209.116013477769],
        [1520.4052437812338,2158.6330517858664,2531.636404372861,1260.6754888116525,2749.8696514130597,0.0,557.8147567759326,3296.29470497395,1251.4058539786333,1634.1658146123045,2153.626976231531,1539.2924989750693,590.9943505900276,3103.2096043163524,1063.8866386940251,1745.68477090815,2363.822535511362,1221.8890593360852,1904.0438072476963,2974.603338833932,2635.0183198895534,1182.4403411597957,1874.8242922378986,2009.6079478383867,2833.5250589424336,3627.7526779323157,1369.3234064555295,456.26653191534314,1435.9182904050717,2506.611961487605,2388.0594379806016,1590.573591376688,465.55897938736035,2384.1740722491636,2725.795360301521,2354.5939183553837,2337.636489199836,1148.6001398604108,354.3622502187602,2209.2399902339544,2007.2185020876302,1097.1938393813311,3287.408661597167,2370.391728786706,2521.742647841354,3112.938336427581,2629.3640556609143,1542.3067102997632,439.64275969702413,2207.4072861335603,806.9742635114092,2423.656742316847,1320.3738955749977,321.0608450236775,1858.2745314297442,1449.5885911665514,1042.5259939973967,1626.9786927318994,3378.993778627651,1821.6284033256156,1664.9346279991985,1788.9016126958666,2944.972657192813,1682.3620686790334,1307.9762630914272,2187.226024301006,1040.848567411988,2102.160543610777,902.3660651505938,1638.2964228567805,1244.0481901856167,1040.1110624035487,871.0132508731841,1141.964379445001,536.5439638731876,1438.702366100208,2584.6706841241344,1104.2462928983373,2072.5881736112924,2237.7533316024674,1135.4522412818098,970.2658794648917,767.1770115601053,4129.825717208288,2030.8454028670249,1235.1051281087068,1692.1745462848012,1858.1747178794044,2132.2744210523147,2638.187371559975,1520.4052437812338],
        [1981.5902320157916,2214.6431941012706,2426.130911089468,1809.0587825870766,2231.735845106137,557.8147567759326,0.0,3055.8040489344107,1708.1664382660267,1153.2724995456601,2233.297459385993,1256.627018705751,1131.475029038966,3400.3235947078847,533.9727160337435,1840.619772093031,2910.9089606826524,738.1173080279847,2067.1124858461376,2781.6917398580763,2149.9926219588324,1739.6661046963475,1664.3594754080875,1470.1340015022556,2581.3029570414433,3220.505873010694,1574.9431132899945,349.782162255663,1039.193245728358,3015.1447765414678,2444.454074440921,1861.9880605268997,1017.228340027762,2914.3435146141646,2643.4986264244417,1799.6994030174287,2843.466563346534,810.2614894669506,906.727426782217,2683.8585270363083,2533.980820584659,1365.299822461803,3392.019619069737,1830.5113323444205,2044.830712250456,3071.4851178453364,2895.416046082323,1388.335567729693,930.5725627197634,2488.145407355757,405.15846748941135,1879.9109744275881,1819.409206392218,822.0713378130049,1315.72061685088,1337.383988270282,488.38642345846847,1442.6733715331025,3511.280405428668,2173.865721723525,1681.192297173942,1378.0356412666665,3322.722496215317,1128.5792903967056,882.9972708389263,2033.7166536662241,486.5907161897561,2614.960055655851,898.0643528082519,1088.6344514077937,1387.105439676892,670.3498957864513,1234.5554399972052,1471.5595654916547,970.8665394116862,1887.266032262165,3110.838611570011,1600.1125529833864,2503.7126127544093,2143.7592792455084,1042.9277553070356,1485.7808028406373,445.68657419973664,3769.168802341813,1474.0654962514382,1725.750315472563,2206.58064607693,1348.1891026800292,2327.7363368487263,2133.471575224993,1981.5902320157916],
        [4752.029498934919,1734.9396767957394,1000.4206189015998,4252.922361332153,2155.648773937475,3296.29470497395,3055.8040489344107,0.0,4502.1310032215015,3550.571140884556,1822.8731334313225,4089.3562605988186,3767.8775705931043,3103.354647703575,3148.1842271075325,2008.501325913587,5194.504583234116,3362.716248672543,2179.7724778460492,409.44453375302834,1825.1956378486109,3972.3136904585476,1421.53949195483,3306.2914300576817,475.34144211428406,1245.4748363119961,2436.9104809152577,3395.7604195531126,3734.408196592325,4252.226059467597,1679.7473314605538,2597.6036722353606,3464.0098932245655,4387.958165524095,996.408775463757,2734.616397206719,5417.8318792644695,2246.2038361131495,3417.5661718115352,3794.449065025977,5027.509148434262,2663.9516763395054,2038.1731220069796,3442.863507739761,1777.479494159176,1159.8714344802547,2722.4687940867357,1760.0194896795058,3717.97678275005,2685.7069341263345,3359.924715003102,2487.456547877029,3518.2570442457677,3238.7032958675745,3222.3006519551213,1867.614863821911,2998.8023218955186,4365.1480090095765,2238.644012529393,2943.7059611952195,1861.335858969859,3914.175528735818,3535.8107335202703,3020.08388626062,3580.991926151159,1154.6200385348238,2997.6208319886814,4031.160448463344,2418.884326725013,3082.102385571712,2347.5998959770086,3551.7939610735084,2927.568652991951,4435.7443117306975,3831.0656935393527,4689.149628999676,5554.634200381467,4311.3424791378475,3441.449931644309,1228.1461029555767,2170.7099969989986,4151.725897110382,3448.917312967071,1193.8300781533314,2984.264995288017,4439.950158762622,4795.37873131566,2217.1410577640413,2288.601660016592,2007.4228148517404,4752.029498934919],
        [273.4694069812801,3152.231668451433,3661.3653376576003,632.0698006884312,3936.25294178601,1251.4058539786333,1708.1664382660267,4502.1310032215015,0.0,2417.423950729555,3119.724050224591,1951.1627093362454,736.5876042728524,3613.8262496548177,2060.1060831626446,2734.34030890175,1412.2119620783467,2093.9479365915295,2786.6606416828404,4156.440187831022,3856.008428477422,933.5848092226047,3089.8130868114326,2921.5319695762432,4050.5027580324263,4878.69912302956,2278.341767243424,1400.5688495575753,2091.915320755722,2357.3597036113333,3364.118929058604,2352.1103758628,1051.113391860603,2107.064729266104,3829.013475403192,3440.3826141344052,1164.892136565778,2399.8580457497414,1085.6467098325725,2283.4611651720975,937.1042597799953,1985.1251302487296,4144.753994612425,3259.4547952476864,3748.1388305245205,4162.846168418758,3251.4654133717536,2743.4384429973206,811.8151642723817,2848.7656941587293,1711.529959461261,3559.2175446396272,1536.640081309678,1263.9835119511274,2795.299865430552,2634.7467253860054,2110.813853842721,1817.3628791915726,4188.7144885434855,2368.6307216860373,2741.991472276633,2388.1920371730944,3260.6598122142386,2691.4584100116213,2051.6641069255734,3362.934492697982,2109.9002478089374,1999.5454758666772,2083.638100118394,2626.319021739039,2253.409586914509,1793.2832769557283,1688.0709131792942,481.19867530668654,739.1490047379076,188.30711032529277,1478.3477078055917,228.41195223910032,2342.456659426831,3369.878739965626,2333.4398613720136,385.11646059756885,1610.202534645429,5377.733963050229,3049.30257854665,168.79836552210318,592.5465043399031,3056.260137793526,2938.1054559449253,3841.490896284998,273.4694069812801],
        [2664.0073533268774,3184.449649937296,3195.7638402586495,2742.1195338482103,1955.7589834541063,1634.1658146123045,1153.2724995456601,3550.571140884556,2417.423950729555,0.0,3223.4230960649434,694.4721117626901,2094.2297182620337,4516.363778372339,636.991660842978,2865.538488548076,3792.4481326109667,417.02750065180663,3128.9787206977335,3386.084831485125,2062.2084769215758,2766.8506881560866,2371.1577027209205,544.6268040136753,3094.035709691454,3291.048386063853,2680.673289030822,1195.765289679036,357.06475894019513,4140.335308995067,3402.254741063697,2986.861917764172,2091.2068264551135,4014.710649790841,3428.8057528919126,1249.7724442711844,3572.421163570918,1561.4261953029518,1981.9466579953519,3828.3506685310804,3346.092847390066,2501.2189380209875,4362.365191513506,848.2562743872033,2012.6065232687945,3886.4931719363944,4000.274516682046,2222.453036702223,1847.1818563475413,3606.0571708188068,828.7035944772426,1472.1827433694993,2949.8862808117055,1941.9885075083369,474.61023140345634,2228.6528809128577,752.9997690113241,1009.3752349716657,4505.325004139395,3319.7801471335397,2653.8819466616355,364.0103498828104,4469.866470666187,561.1552386757734,366.9614975400471,2773.4994772979303,755.1566623363613,3736.198877770478,1955.2203605417435,485.8290382129001,2472.060021336694,640.5034595853148,2387.5607715271235,2002.386189191066,1806.1226312166434,2554.4848401999398,3895.688887339292,2405.077122728906,3656.6258516938874,2953.53670325844,2008.9622162430455,2348.230755387139,888.4754621236067,3936.83297057132,802.5424831549057,2503.6895380305737,2999.6971611497447,1357.518138300584,3401.8693366534694,1951.7562547331265,2664.0073533268774],
        [3325.2590912100586,93.82964778432071,825.9211425405324,2707.970188537904,2903.368794501803,2153.626976231531,2233.297459385993,1822.8731334313225,3119.724050224591,3223.4230960649434,0.0,3487.3234673274455,2411.8880559883146,1535.9928787763636,2616.921639079924,407.94604709933674,3503.0856835712525,2867.5883865861933,382.2222328601713,1413.5895243095692,2586.3342580499125,2381.4572682499133,1117.3779779330384,3269.938275559688,1557.4460791469949,2818.8328531345514,841.5309645752471,2469.950356546462,3229.5488363502095,2430.1982973035247,244.3988144542959,848.3056784348009,2094.2037450162115,2576.9823089482575,860.7529950262921,3072.0638196149685,3825.7123365255147,1674.108715847553,2097.695611823428,1973.5883475469686,3425.141939208974,1136.369163828389,1158.7323911675571,3559.638896002529,2467.4701192050125,1066.3859138037624,1037.9098781107143,1053.1632777477864,2467.5275068405567,879.3578653647345,2635.5010419875102,2936.8124513963285,1825.161501789867,1944.3313540194704,3127.244629657198,1009.0330129755658,2479.5666730966636,3670.715518932216,1285.3401591845186,1132.6200154917897,569.5545480277736,3532.4275279660355,1814.6192508541149,2880.202604650706,3062.800780291437,905.3129723189561,2477.5095697288953,2226.6006206011684,1336.3919285691975,2900.4819147584694,910.9990286754011,2895.697799679165,1432.7561596282299,3216.212055417128,2607.123017850827,3291.2353914708574,3899.460638466588,2898.9431626009414,1620.134281313583,682.5316810650692,1219.5687500626595,2736.438299160728,2676.766414766529,2990.7896025786126,3058.68229260237,3012.0012346337644,3257.411947647462,2335.8699269459885,475.1038662080258,2724.046502790151,3325.2590912100586],
        [2166.132337308822,3465.3268131534423,3607.597537694043,2394.732919688246,2641.4923190615577,1539.2924989750693,1256.627018705751,4089.3562605988186,1951.1627093362454,694.4721117626901,3487.3234673274455,0.0,1827.4783866437115,4620.056768968449,948.4899180911891,3096.9963702698337,3362.2835254203687,727.1377859068698,3321.243107611601,3879.4238148565682,2725.110689396763,2500.888488284488,2799.5675079292328,1225.9755661996664,3619.88103631282,3943.51917461004,2817.6080357889086,1095.6460606631742,375.01169296740403,3967.110314260964,3693.731739022595,3085.8558938370975,1929.6218039064113,3795.9981952702924,3834.5934434275177,1944.0998324252967,3059.010906876329,1930.7976906743313,1833.9639974664346,3718.3526875058524,2886.271005107378,2583.588978842863,4645.8099818717865,1478.6480028519404,2664.480421880695,4278.895843351703,4127.847462972461,2581.5526135406676,1581.4020548889462,3712.4577873641415,852.2424243396136,2162.3378046321495,2822.3675719443236,1858.366075041228,1169.0497678508273,2554.4634578205746,1100.490046433469,315.9661775727933,4767.451468117107,3354.2374189768334,2929.4449351830553,475.1285871515207,4484.0627304440495,1226.1109792841344,510.59340450640235,3194.687192836904,1101.9470039306336,3563.1681388269117,2154.2480471111376,1145.7584394266805,2639.6285251570403,592.7573934863569,2398.073155377818,1488.2022801483968,1492.5110087687558,2056.0659139359395,3403.058735871358,1995.0531841156035,3606.9569359101906,3340.0846353700636,2281.127450153833,1980.4312929514945,823.2400381223155,4574.974611248173,1496.7381955137791,2069.2332294892367,2543.5106986844767,1971.7904161013626,3578.0779719405505,2626.625662273966,2166.132337308822],
        [985.0228627397692,2438.1816753558082,2926.4812768781144,678.5816754893863,3340.84806146618,590.9943505900276,1131.475029038966,3767.8775705931043,736.5876042728524,2094.2297182620337,2411.8880559883146,1827.4783866437115,0.0,3077.3166509174325,1593.7671391665533,2017.698086575783,1779.4389087244283,1705.2923083984783,2097.0060602522617,3420.0713317430777,3222.8995992267764,679.8508880101637,2359.736393484362,2528.1019039474722,3319.1134879475876,4187.784712650561,1572.5473180616175,915.272746223098,1832.307543225602,2144.9100527082123,2655.7676667924356,1689.8981120824658,319.6914196386537,1968.7207673242021,3097.3823016385822,2929.8418179203973,1753.8223651374105,1714.479692251858,350.375892440762,1934.3495607175082,1416.608223138304,1276.4719155636835,3476.786452979112,2885.4262353173103,3108.255181991966,3441.3441457367567,2661.2939595844837,2011.1303724673655,250.45979198371018,2242.9724284614763,1282.5861085632125,3009.292388239918,1058.432775770418,529.3985760937888,2383.521948254125,1900.2717123670996,1599.3821968920352,1815.347581774059,3537.4639947308965,1787.214936187476,2010.3968631650694,2174.927367037297,2810.6562521875335,2230.0777728460957,1738.0249118119937,2626.6297025484737,1597.939012904757,1743.7370329320795,1351.3569614095245,2178.1622343762488,1527.3725005345975,1458.3928702245626,982.7695313358491,830.7536678826876,343.3380304530921,922.12621015118,1993.9085360952322,546.5039152738208,1889.6344824480223,2634.4401481897835,1602.405551864191,394.2385234437666,1207.7666157427136,4665.132302197583,2585.4669560381153,677.4742217900514,1106.522440377922,2449.166508287535,2274.387082450578,3228.7053498213895,985.0228627397692],
        [3725.2622062800106,1621.3450070078254,2224.49263863299,3026.573259897087,4438.26779455184,3103.2096043163524,3400.3235947078847,3103.354647703575,3613.8262496548177,4516.363778372339,1535.9928787763636,4620.056768968449,3077.3166509174325,0.0,3880.7564836649126,1740.3571885062274,3364.2057121803,4119.282611363564,1438.423673762138,2727.91801023895,4122.3161798849305,2689.91585941533,2649.7345638686243,4665.229240305303,2975.690187393747,4251.686635559209,1835.6975648745304,3526.803003614159,4439.417545310972,1793.986263444702,1529.3096248381962,1538.623782924847,2822.8830074407806,2077.2880611594305,2130.4939244989814,4564.661248174393,3877.0853161851555,3064.755953566955,2884.2705639322735,1506.0675950260552,3507.6249721413124,2038.9571457674895,1224.8806156767553,4983.876703263404,4003.367097083495,1989.2282316237984,527.5935544998778,2532.2551701412017,3242.0323003369394,912.3162429744264,3795.680226849072,4449.620464368168,2077.653906246644,2801.562467174709,4513.310546937768,2454.0331570533135,3766.332687927061,4730.0360273090555,1090.8461752269554,1296.4624052427316,2006.9961471991965,4776.165395092891,592.0196678132548,4269.957743121403,4282.516191624391,2425.5216297053944,3764.1501661852117,1871.791127577778,2565.395072366696,4275.029260056345,2047.6476043841217,4060.721419075098,2232.196774589607,3892.1498023928034,3381.1793359547055,3737.402568152905,3804.57437087889,3389.659476054628,1301.3553644972624,2185.1870361262863,2561.4182504931828,3254.048257524652,3802.3735151863766,4293.668963832397,4497.338009443575,3460.459217635228,3488.766585524601,3826.938092446453,1162.8507919030026,4259.242253547689,3725.2622062800106],
        [2326.9779055460067,2584.0680244123887,2668.313280443208,2268.2838595050666,1934.1511119547404,1063.8866386940251,533.9727160337435,3148.1842271075325,2060.1060831626446,636.991660842978,2616.921639079924,948.4899180911891,1593.7671391665533,3880.7564836649126,0.0,2247.22780351494,3357.1462210380264,250.9683178881673,2502.461154784847,2931.2027508165515,1930.5049841545617,2238.6314918314815,1854.3792376008048,945.7283473245806,2676.545522166129,3100.79977947668,2045.167253455598,683.9948900846524,625.6309222047468,3548.022168681544,2807.0275780527368,2349.9683283384425,1529.445305620565,3441.9314626003556,2897.5268681348716,1380.6940218228049,3222.727323292531,994.0420688435847,1418.247829490603,3217.425827312359,2947.2003718961946,1864.6474236052863,3766.7910819539384,1306.5064148280544,1846.516878059249,3347.0014127110935,3366.1403819318375,1654.8742321860498,1363.398624726371,2969.8880778403536,351.24645629602,1515.1825155164056,2352.534597745731,1350.6196428328706,795.1656662428247,1642.4912502171073,152.12614650153114,1217.0419377069315,3902.098564232877,2684.601122136065,2048.71317227638,916.0134060744326,3834.710978153792,640.0177451755504,458.67313843856294,2252.0561504288294,153.6506786578952,3147.0153861524036,1324.0100476812415,584.6045948469314,1839.0256713863077,418.2241240606997,1759.504454888234,1725.717238986721,1361.423591862586,2223.2686647365886,3516.9961868763935,1995.988769250866,3032.0517285022247,2407.4403907012424,1397.3833958553664,1906.9550098856969,458.469196875297,3703.136908244753,998.535003468525,2111.376301654164,2607.4834551882363,1123.5431960512547,2773.1813016006536,1871.8418481859326,2326.9779055460067],
        [2948.2809770971194,421.1252480676937,1025.8290925310564,2353.0622660282243,2746.7670803881556,1745.68477090815,1840.619772093031,2008.501325913587,2734.34030890175,2865.538488548076,407.94604709933674,3096.9963702698337,2017.698086575783,1740.3571885062274,2247.22780351494,0.0,3209.4814383125904,2496.5048848021347,306.3887242595875,1606.0640571234812,2453.0712298686444,2038.021425289536,981.1257556072298,2951.9018699925064,1664.3192662150466,2865.7450274974253,466.7336189507566,2066.69722332157,2851.156938523643,2296.1403505589406,645.2015633652928,593.3869087601828,1698.6195383478425,2398.8757608804553,1137.3322029189649,2824.968676560513,3491.891804474656,1344.1364625317542,1696.925874554246,1837.200631002534,3092.9586771554386,750.7111674009506,1556.9917642962948,3258.1741608845787,2328.173434937102,1429.483855218271,1214.0128717460666,797.0248152366327,2064.191680329476,916.7429458217865,2244.7994370939805,2717.366283262913,1523.765666541613,1540.2779346116768,2804.168663264248,713.6761736247665,2115.1997155708755,3272.4150052425553,1670.7190175282271,979.4450841712714,273.9862799789156,3162.898444574141,1898.8300859747276,2557.903755412213,2685.562429729569,924.9581428221019,2113.0894732252164,2037.045135899676,942.7592629371375,2571.059141800668,503.84535568484364,2507.364146274305,1047.2712187580582,2814.4538473335942,2202.9466344119187,2909.2503257541157,3589.7784333659342,2516.7057620459827,1494.6088138878545,782.1962819653311,858.0032872276579,2353.429127208073,2281.4968554188918,3124.072988713669,2765.1472562576705,2633.2131579351767,2904.4749797949125,2087.8354463260293,577.5363012393562,2571.6263545832994,2948.2809770971194],
        [1228.5581344651291,3567.960856399993,4233.705992330037,1103.157228064992,5104.289984111309,2363.822535511362,2910.9089606826524,5194.504583234116,1412.2119620783467,3792.4481326109667,3503.0856835712525,3362.2835254203687,1779.4389087244283,3364.2057121803,3357.1462210380264,3209.4814383125904,0.0,3436.8454344749484,3121.8481786839216,4803.016659839525,4961.993693619655,1266.5858350241324,3889.5100879349925,4269.967078874337,4797.1929000748005,5827.622076034461,2760.6155783992995,2673.1733989924355,3483.0242411309487,1642.1724982702142,3727.5768807064073,2655.521051754281,1952.3346685296854,1332.7471041816757,4340.117807113427,4708.631794245953,621.0274234839467,3420.5722023265002,2049.247954281915,1858.8318447940596,498.4131480369281,2534.5708197252975,4258.8606466256015,4619.576561249237,4842.260589105977,4557.409419246389,3190.6714527008503,3540.6139409225098,1995.2742167766703,2890.715336486347,3026.3931133905726,4787.227330541764,1686.0488555256563,2198.448287567002,4132.906523980865,3411.6157345506294,3374.586658519319,3225.5593216724437,4235.177702331866,2437.461333718223,3333.1690056829234,3791.9578214736052,2846.7581089653695,3997.0054116101237,3425.6922707819263,4049.5079086718156,3373.2318774363625,1493.4024765803201,2932.1454787769376,3940.4653498726225,2852.642027900531,3154.9366720841476,2292.3923526913727,1887.0303640128163,2001.1098624617634,1332.2745038010194,440.5313675020348,1387.8250951000925,2117.454366934449,3972.282790345146,3171.9076907912718,1452.7845309927206,2937.0304088007115,6228.410981841733,4354.863579785256,1297.0055533628488,823.0198266095248,4212.782458839903,3152.2082329265086,4983.112809893511,1228.5581344651291],
        [2352.374955466474,2835.0012172260417,2911.448574624816,2366.583914587488,2014.802180650351,1221.8890593360852,738.1173080279847,3362.716248672543,2093.9479365915295,417.02750065180663,2867.5883865861933,727.1377859068698,1705.2923083984783,4119.282611363564,250.9683178881673,2496.5048848021347,3436.8454344749484,0.0,2749.1494632643,3158.913000523428,2051.3183596921986,2370.2758542023885,2093.9845237609975,833.3198434386464,2894.0160345469767,3249.872797405861,2284.8281814128254,794.1538433640562,381.0737025421551,3726.231957863433,3057.9925953640177,2584.924292074895,1682.430601599157,3605.3470062558144,3141.5751986173223,1392.5810385810555,3258.1902223667803,1240.8409796403507,1572.3604769646463,3411.5001372475385,3006.5978218476075,2094.505725096116,4017.7554961478795,1184.3213507101304,1978.5959402346955,3592.735627629525,3607.0783306763146,1903.2298391341335,1462.862153101146,3207.4853842185744,424.0108381292633,1564.4236875995907,2534.413109462306,1526.6274720849474,701.5296011376539,1892.845455865898,396.2683558588168,1016.346995380254,4152.829077302373,2909.3916301622758,2299.5490389485503,666.4427576332544,4059.0546256146595,623.6140115120721,219.02024166308092,2493.471012986371,398.1149452978583,3322.6084970791812,1569.2561988295158,549.0325259544466,2082.1033842418183,314.6912997422391,1972.6346088105372,1716.7245233255014,1437.0451183628854,2245.1503681876575,3567.6448055312358,2056.5862675097765,3240.3132776898387,2653.4958327319755,1648.0201252665572,1984.8504786146925,501.17348024066325,3868.4797639314356,969.5532183466761,2163.704245786384,2662.202075722654,1267.0329122528017,3018.694366224855,1973.207794907111,2352.374955466474],
        [2981.3584844710153,455.4323553908695,1179.4996847701477,2347.7748104116445,3050.1363783200136,1904.0438072476963,2067.1124858461376,2179.7724778460492,2786.6606416828404,3128.9787206977335,382.2222328601713,3321.243107611601,2097.0060602522617,1438.423673762138,2502.461154784847,306.3887242595875,3121.8481786839216,2749.1494632643,0.0,1770.8148479530164,2752.9298246304356,2015.8841690655404,1275.2646822967665,3238.6956271215795,1878.6140017698685,3113.3333976579183,537.6610901266566,2263.1726574432014,3094.0652416308444,2077.102347508392,608.9882846874473,469.83890227403504,1784.8785881458564,2208.9539668821203,1237.9664198745759,3129.3710026396748,3453.0599615977203,1632.3142851472517,1801.6953165212174,1617.7687757042065,3052.3576830761726,828.4527922673733,1389.742926259899,3550.6810014038624,2628.7642587416594,1440.5443341900584,911.0814357127188,1103.3773676953915,2177.242948519552,615.9777665003886,2472.1281095814866,3023.618799929636,1447.2132074400877,1662.0257646137197,3089.06962568151,1017.5191682317621,2376.1767003190516,3478.8910434287386,1474.951706820587,763.9459777197608,579.7293087370751,3414.8531088636455,1597.101584345633,2843.776251997997,2930.5098579031846,1168.6354836685127,2374.0304063984177,1854.5522672330792,1180.6166550585388,2853.5451838988465,682.1161688868133,2737.402835372523,1115.0736519549557,2916.280472050535,2319.4012404424693,2953.170982610296,3520.2738279750342,2562.539009432764,1266.4931472253916,985.0443610992933,1134.8120076363778,2401.715947884491,2499.5141157673966,3329.95425058706,3060.870287344858,2671.05370122786,2894.571613246993,2392.789640197543,278.07397637457444,2874.335063028682,2981.3584844710153],
        [4400.683518793381,1325.5057131467906,591.3157267687255,3880.4623217332864,2207.764329481178,2974.603338833932,2781.6917398580763,409.44453375302834,4156.440187831022,3386.084831485125,1413.5895243095692,3879.4238148565682,3420.0713317430777,2727.91801023895,2931.2027508165515,1606.0640571234812,4803.016659839525,3158.913000523428,1770.8148479530164,0.0,1862.774167402015,3591.8023280523016,1118.5993092124795,3199.3020661419964,366.15678006008926,1545.9816643021495,2042.6102259379995,3112.032013711065,3537.3107580263645,3842.782155466356,1275.4368601096928,2192.5304960496997,3110.6638467570033,3979.4035303040223,601.1213309200466,2699.047602325018,5042.339801384464,1982.4273436249084,3070.896327026995,3385.0239202948865,4649.3296282593865,2279.515957003515,1722.672073038175,3374.941786661248,1789.6269265935066,856.1404991943587,2328.8706362758917,1432.723877781438,3385.9408074445205,2278.742066164103,3111.6501588983256,2471.076060687417,3122.398422009357,2893.0506063668813,3099.645976350806,1528.0891084236725,2779.4835792820995,4141.235272828177,1924.7518388975168,2534.757530296728,1472.9197400847238,3746.0100777316816,3142.027165413335,2881.0643273294318,3377.874788727035,793.555710359721,2778.0903664716707,3623.191091319757,2081.5890058193268,2935.910311085463,1965.8981750932237,3320.926679330226,2550.624728280383,4116.561448484033,3504.696603033437,4342.143756238855,5169.3753427043375,3959.5285753654457,3032.008523853259,830.8065013383724,1839.7717111654508,3798.2858437875375,3193.8841141915095,1590.2320808852062,2893.118588307918,4086.547012695652,4426.467271004055,2101.5524784170734,1880.401592183776,2042.5570132691155,4400.683518793381],
        [4129.4374263542695,2501.600633984419,2036.3972526115517,3871.053756488978,346.94975718882523,2635.0183198895534,2149.9926219588324,1825.1956378486109,3856.008428477422,2062.2084769215758,2586.3342580499125,2725.110689396763,3222.8995992267764,4122.3161798849305,1930.5049841545617,2453.0712298686444,4961.993693619655,2051.3183596921986,2752.9298246304356,1862.774167402015,0.0,3709.0997403559227,1480.9745007611737,1658.7649292847575,1497.2651139605573,1232.1571834126537,2628.4670940345777,2478.469392946503,2350.681907303071,4597.486400497004,2622.5809941758625,2937.1682257741318,3010.822677353141,4611.917319961131,2233.718365591551,963.396701811036,4972.37166646874,1546.4138258134872,2917.8609428056966,4163.247241136074,4638.283019109021,2674.873627543036,3422.9204600199905,1697.9512258447558,128.19138154518876,2650.4232413874015,3617.6840732373025,1688.8255660750262,3059.9068691598454,3368.513770486465,2257.130300103488,697.6755391740902,3518.1335922233907,2763.656856733677,1627.617226154129,1807.4407185340947,1821.530966306146,3037.3177270855936,3615.212945721882,3361.1672263595083,2181.48198029251,2408.0916658626984,4350.021218559539,1504.0082426481092,2238.4746321779276,1717.5626669103156,1821.6096321924388,4255.997050563331,2097.5717289523222,1582.9059826843788,2418.6866904874787,2335.613836596717,2795.732000026296,3604.47157608642,3116.974208418271,4036.6490862230844,5214.524338748417,3733.7298301483174,3858.059965648817,1966.0906002657252,1904.4602888389097,3604.9940348912405,2366.363178164202,1891.935800012401,1321.1377643889602,3862.712353853446,4327.180231668432,814.1940680547004,2999.4782994212883,182.38947007719906,4129.4374263542695],
        [1038.3852397096052,2431.797301923131,3042.079011191753,345.8097675954019,3867.8947308524207,1182.4403411597957,1739.6661046963475,3972.3136904585476,933.5848092226047,2766.8506881560866,2381.4572682499133,2500.888488284488,679.8508880101637,2689.91585941533,2238.6314918314815,2038.021425289536,1266.5858350241324,2370.2758542023885,2015.8841690655404,3591.8023280523016,3709.0997403559227,0.0,2633.4271035983043,3182.1251987409996,3558.0350900529,4562.0935310608975,1572.7001976546183,1576.1332647715005,2511.6790222024492,1499.3370326141471,2620.7038806092537,1551.5205236286329,727.1663129100777,1299.093059340623,3173.9389323818996,3528.7409088849417,1455.1839298413006,2163.4122551374894,835.2264162747243,1361.60238810754,1058.51125324915,1313.2610616234178,3309.701242596568,3541.839783395484,3587.5327598757935,3447.4617605571066,2353.9317309024905,2282.1606852477266,930.2956063485224,1968.2298188007044,1946.2664036425106,3580.6067669622607,626.8272005628276,958.5123736635884,3033.5533087726944,2154.9101595921766,2224.823735831776,2467.571193970432,3332.5025213292756,1481.305259233642,2120.44723879156,2854.7777260651583,2327.209776760144,2864.170087613842,2414.2582936954736,2819.047795688063,2223.1628705648673,1111.1752879797605,1665.7102942225288,2818.344783834228,1626.0278114425653,2134.693446487175,1045.8663641436717,1293.5947790689643,1008.384557520621,1047.576865539452,1587.009602922131,719.5430778935096,1409.5097339279669,2766.5237593283114,1906.7600299086362,615.3084137546201,1878.4408439536014,4974.4963415350785,3213.2801765253175,773.7484910074808,879.669537780458,2980.9587595011785,2117.8235000100926,3739.1146843455263,1038.3852397096052],
        [3344.6456783542885,1038.3824280618742,824.6882439976231,2885.7212033063556,1789.1893328214605,1874.8242922378986,1664.3594754080875,1421.53949195483,3089.8130868114326,2371.1577027209205,1117.3779779330384,2799.5675079292328,2359.736393484362,2649.7345638686243,1854.3792376008048,981.1257556072298,3889.5100879349925,2093.9845237609975,1275.2646822967665,1118.5993092124795,1480.9745007611737,2633.4271035983043,0.0,2292.0652558606353,961.1741748614959,1966.3497878262615,1241.0914787631493,1993.4372185884354,2475.0486901878608,3222.0314240710827,1193.2193819503568,1513.2158316682044,2064.627884647069,3284.3580140170434,1058.03464143632,1984.5611681811067,4051.265919751488,874.9629593471877,2009.815575660921,2770.4258931905606,3670.788353924058,1381.067722270532,2097.418021059241,2540.0681601958972,1358.666413895757,1517.3294517596928,2139.296754060632,353.2964313113435,2298.560294615339,1891.2059462129607,2004.9042903924994,1830.0114054116932,2270.4572797772653,1830.8388780722498,2166.2392884002415,478.51955473887716,1702.5389563872507,3047.061096363913,2270.306619910771,1931.0132929712404,717.0876639842808,2718.7041130647485,2871.2020083543293,1926.3561391248206,2310.56184531387,402.3571866174531,1700.9253791109363,2920.201096775899,1008.8875462028869,1965.5237280675613,1072.9696666066316,2225.929362281742,1597.6491015286238,3014.36497231198,2409.964687476624,3277.6061843566836,4218.835733642319,2905.7381519859405,2442.575073093126,602.6678932577248,757.3701490689332,2748.7263492141415,2082.8211484241815,2341.0778037675245,2034.8721060596808,3035.849722525596,3415.9648036173603,1262.8399744393837,1518.5045503612585,1610.757880850392,3344.6456783542885],
