{
    "drone_dist": [
        [0.0,14.995261755178342,41.49321998651811,30.64005469936159,32.71172096014776,39.700248144689745,34.76986468384711,29.115668593116162,26.67502806335122,21.671161523472197,15.572808886520752,6.140397813039311,37.822643285575715,19.448914838347836,19.552435796079816,41.86932519723046,25.80060610229772,28.070006791431485,30.972506532506976,32.7820521512593,0.0],
        [14.995261755178342,0.0,27.58512575338659,30.452976351458116,37.89829869234314,35.97532101773308,27.992598586961165,21.87587930724025,15.792667675730964,6.731746677821263,18.848418953453724,20.917553741226268,34.11746613490798,24.611259116254377,5.281779131675344,29.257122380553632,12.987813727018107,17.75832221721797,26.64458656739428,26.154225505684476,14.995261755178342],
        [41.49321998651811,27.58512575338659,0.0,35.9329813774578,48.46092924325183,32.5002590836527,23.048535958052327,21.573649465349938,16.659240691419004,22.49614763482631,35.882756106244095,47.633433118363094,31.581902353816368,40.206201672278596,22.365996908751217,6.554047712652869,15.81412795763478,16.573560147102192,27.55811138048559,23.00756469918317,41.49321998651811],
        [30.64005469936159,30.452976351458116,35.9329813774578,0.0,12.891465907273309,11.009458128830488,14.013787373611482,14.514615482130761,21.90920180646945,33.59983789800065,15.072179078093349,34.3770987537764,9.614016602286108,12.910951452059553,28.926683334496236,31.445261361459362,25.979338370325753,20.72038754150722,8.474013071605686,13.275330604003921,30.64005469936159],
        [32.71172096014776,37.89829869234314,48.46092924325183,12.891465907273309,0.0,21.9009100463492,26.89940777019062,26.88747986708382,33.35741824780636,42.55691332878286,19.211778785014786,34.302357980878455,21.169065964010304,13.725093930537348,37.91639330141395,44.25349384410772,36.89232074637568,32.54924556671821,21.31304255366909,26.137960278307226,32.71172096014776],
        [39.700248144689745,35.97532101773308,32.5002590836527,11.009458128830488,21.9009100463492,0.0,9.965790081462531,14.872458982714116,23.054666526090887,37.26884776954868,24.619191687128914,44.14165890061542,1.905778713231094,23.662273290870587,32.97414465848786,26.718492876900704,27.581530558026547,21.181216937363892,9.356039222243174,10.977501132438984,39.700248144689745],
        [34.76986468384711,27.992598586961165,23.048535958052327,14.013787373611482,26.89940777019062,9.965790081462531,0.0,6.13549894389074,13.570419027936051,28.2225148612573,21.621804128562612,40.0460053316397,8.702907660108396,23.10034147370295,24.258538081513755,17.820755432564177,18.04889383145197,11.569528947110966,5.894141031628991,1.9906945833513663,34.76986468384711],
        [29.115668593116162,21.87587930724025,21.573649465349938,14.514615482130761,26.88747986708382,14.872458982714116,6.13549894389074,0.0,8.275154355204542,22.45549653855578,17.231784757634024,34.61555316207143,13.200203072530364,19.98338801625751,18.307072605017765,17.783731189871677,12.779381173166,6.59285252636372,6.630467415101355,4.283570007540788,29.115668593116162],
        [26.67502806335122,15.792667675730964,16.659240691419004,21.90920180646945,33.35741824780636,23.054666526090887,13.570419027936051,8.275154355204542,0.0,14.761617962795132,19.224113754642588,32.69379117680319,21.437629541621522,23.709600910052174,11.218855133036048,15.384475348449747,4.526898074566848,2.082102027263373,14.778898748445334,12.132595612982495,26.67502806335122],
        [21.671161523472197,6.731746677821263,22.49614763482631,33.59983789800065,42.55691332878286,37.26884776954868,28.2225148612573,22.45549653855578,14.761617962795132,0.0,24.119778858877865,27.49464799229099,35.52081014620787,29.868016942826753,4.698832469982406,25.342860834209358,10.612617006512945,16.837574869670867,28.280279183358907,26.62721640496499,21.671161523472197],
        [15.572808886520752,18.848418953453724,35.882756106244095,15.072179078093349,19.211778785014786,24.619191687128914,21.621804128562612,17.231784757634024,19.224113754642588,24.119778858877865,0.0,19.537105777035137,22.80084528771327,5.778180448502364,19.710547378281742,33.872256507522856,21.149073793144765,19.526074000127828,16.684484246904642,19.769477126714644,15.572808886520752],
        [6.140397813039311,20.917553741226268,47.633433118363094,34.3770987537764,34.302357980878455,44.14165890061542,40.0460053316397,34.61555316207143,32.69379117680319,27.49464799229099,19.537105777035137,0.0,42.30762445598073,22.12224046221303,25.632446278624325,47.95048277997635,31.934427064690812,34.017103513978334,35.82526188285013,38.074779393362135,6.140397813039311],
        [37.822643285575715,34.11746613490798,31.581902353816368,9.614016602286108,21.169065964010304,1.905778713231094,8.702907660108396,13.200203072530364,21.437629541621522,35.52081014620787,22.80084528771327,42.30762445598073,0.0,22.03790251252179,31.187342912232705,25.992745547953007,25.959928353491268,19.61100283035424,7.479067561647357,9.476282754804739,37.822643285575715],
        [19.448914838347836,24.611259116254377,40.206201672278596,12.910951452059553,13.725093930537348,23.662273290870587,23.10034147370295,19.98338801625751,23.709600910052174,29.868016942826753,5.778180448502364,22.12224046221303,22.03790251252179,0.0,25.40997541883097,37.501215444176815,26.2039831721952,23.63726425914564,17.446343430362866,21.496971508464256,19.448914838347836],
        [19.552435796079816,5.281779131675344,22.365996908751217,28.926683334496236,37.91639330141395,32.97414465848786,24.258538081513755,18.307072605017765,11.218855133036048,4.698832469982406,19.710547378281742,25.632446278624325,31.187342912232705,25.40997541883097,0.0,23.99851056076748,7.8549944219639105,13.278966327348511,23.85095432860929,22.556232170962897,19.552435796079816],
        [41.86932519723046,29.257122380553632,6.554047712652869,31.445261361459362,44.25349384410772,26.718492876900704,17.820755432564177,17.783731189871677,15.384475348449747,25.342860834209358,33.872256507522856,47.95048277997635,25.992745547953007,37.501215444176815,23.99851056076748,0.0,16.38384153412415,14.486267740787966,22.971645833072934,18.189283201176064,41.86932519723046],
        [25.80060610229772,12.987813727018107,15.81412795763478,25.979338370325753,36.89232074637568,27.581530558026547,18.04889383145197,12.779381173166,4.526898074566848,10.612617006512945,21.149073793144765,31.934427064690812,25.959928353491268,26.2039831721952,7.8549944219639105,16.38384153412415,0.0,6.479593017184789,19.20519109785718,16.65322994899386,25.80060610229772],
        [28.070006791431485,17.75832221721797,16.573560147102192,20.72038754150722,32.54924556671821,21.181216937363892,11.569528947110966,6.59285252636372,2.082102027263373,16.837574869670867,19.526074000127828,34.017103513978334,19.61100283035424,23.63726425914564,13.278966327348511,14.486267740787966,6.479593017184789,0.0,13.207991300553442,10.215172133101659,28.070006791431485],
        [30.972506532506976,26.64458656739428,27.55811138048559,8.474013071605686,21.31304255366909,9.356039222243174,5.894141031628991,6.630467415101355,14.778898748445334,28.280279183358907,16.684484246904642,35.82526188285013,7.479067561647357,17.446343430362866,23.85095432860929,22.971645833072934,19.20519109785718,13.207991300553442,0.0,4.8297445404278605,30.972506532506976],
        [32.7820521512593,26.154225505684476,23.00756469918317,13.275330604003921,26.137960278307226,10.977501132438984,1.9906945833513663,4.283570007540788,12.132595612982495,26.62721640496499,19.769477126714644,38.074779393362135,9.476282754804739,21.496971508464256,22.556232170962897,18.189283201176064,16.65322994899386,10.215172133101659,4.8297445404278605,0.0,32.7820521512593],
        [0.0,14.995261755178342,41.49321998651811,30.64005469936159,32.71172096014776,39.700248144689745,34.76986468384711,29.115668593116162,26.67502806335122,21.671161523472197,15.572808886520752,6.140397813039311,37.822643285575715,19.448914838347836,19.552435796079816,41.86932519723046,25.80060610229772,28.070006791431485,30.972506532506976,32.7820521512593,0.0]
    ],
    "end_depot": 20,
    "start_depot": 0,
    "truck_dist": [
        [0.0,16.5844186820236,54.83080764049878,34.81087549992525,39.955360532844864,50.350745240342675,47.936262659507804,40.71476927584412,37.38142090219495,23.023612711255414,17.458373546699413,8.13959395312267,48.167113981352216,21.586134190160656,24.040700244724977,57.947112348229425,34.80993728711532,39.57501042239733,40.96079022465045,45.22825051115484,0.0],
        [16.5844186820236,0.0,38.24638895847518,39.02004368513829,53.1717445765981,38.056308746577756,31.3518439774842,24.130350593820523,20.797002220171347,7.012104314870152,26.641358767606743,24.724012635146273,36.47651776914775,34.80251823391389,7.456281562701376,41.36269366620583,18.225518605091715,22.990591740373723,28.734308711200054,28.643831829131244,16.5844186820236],
        [54.83080764049878,38.24638895847518,0.0,46.70717951698956,60.85888040844937,45.74344457842902,31.858048733787108,27.04777557203522,17.449386738303833,31.807194929243366,37.37243409379937,62.970401593621446,44.16365360099902,42.489654065765166,30.790107395773802,8.729245546325089,20.020870353383465,17.79400020061245,36.42144454305132,31.08837344332902,54.83080764049878],
        [34.81087549992525,39.02004368513829,46.70717951698956,0.0,14.151700891459807,15.539869740417425,14.849130783202456,19.65940394495434,30.877476320581618,46.03214800000844,17.35250195322584,42.95046945304792,13.356238481426958,17.765072863997823,39.46529288426371,37.97793397066447,36.74033265281517,28.91317931637711,10.285734973938238,15.618806073660545,34.81087549992525],
        [39.955360532844864,53.1717445765981,60.85888040844937,14.151700891459807,0.0,27.033744124428928,29.000831674662265,33.81110483641415,45.02917721204143,60.18384889146825,26.53038580899136,36.929475392419874,24.85011286543846,18.36922634268421,53.61699377572352,52.129634862124284,50.89203354427498,43.06488020783692,24.437435865398047,29.770506965120354,39.955360532844864],
        [50.350745240342675,38.056308746577756,45.74344457842902,15.539869740417425,27.033744124428928,0.0,13.885395844641913,18.6956690063938,29.913741382021076,45.0684130614479,32.89237169364327,58.490339193465346,2.1836312589904665,33.304942604415245,38.50155794570317,37.01419903210393,35.77659771425463,27.94944437781657,9.389955015692227,14.655071135100002,50.350745240342675],
        [47.936262659507804,31.3518439774842,31.858048733787108,14.849130783202456,29.000831674662265,13.885395844641913,0.0,7.221493383663677,16.028345537379163,31.183017216805986,30.477889112808388,56.075856612630474,12.305604867211912,30.89046002358037,24.616162101061256,23.12880318746202,21.891201869612715,14.064048533174656,6.975472434857348,2.7080121483529567,47.936262659507804],
        [40.71476927584412,24.130350593820523,27.04777557203522,19.65940394495434,33.81110483641415,18.6956690063938,7.221493383663677,0.0,11.218072375627276,26.3727440550541,23.25639572914471,48.85436322896679,17.1158780289638,23.668966639916693,19.80588893930937,18.318530025710132,17.080928707860828,9.253775371422769,9.373668971016105,4.513481235310721,40.71476927584412],
        [37.38142090219495,20.797002220171347,17.449386738303833,30.877476320581618,45.02917721204143,29.913741382021076,16.028345537379163,11.218072375627276,0.0,15.154671679426825,19.923047355495534,45.52101485531762,28.333950404591075,26.659950869357218,13.340720657469971,20.56569144603448,5.862856332233552,2.1935895202023765,20.59174134664338,15.258670246921074,37.38142090219495],
        [23.023612711255414,7.012104314870152,31.807194929243366,46.03214800000844,60.18384889146825,45.0684130614479,31.183017216805986,26.3727440550541,15.154671679426825,0.0,33.6534630824769,31.163206664378084,43.4886220840179,41.814622548784044,6.56685511574473,34.923499636974014,11.786324575859902,17.11896868363133,35.7464130260702,30.413341926347897,23.023612711255414],
        [17.458373546699413,26.641358767606743,37.37243409379937,17.35250195322584,26.53038580899136,32.89237169364327,30.477889112808388,23.25639572914471,19.923047355495534,33.6534630824769,0.0,25.597967499822087,30.7087404346528,8.161159466307145,27.086607966732167,40.48873880153002,24.361647735283622,22.11663687569791,23.50241667795104,27.76987696445543,17.458373546699413],
        [8.13959395312267,24.724012635146273,62.970401593621446,42.95046945304792,36.929475392419874,58.490339193465346,56.075856612630474,48.85436322896679,45.52101485531762,31.163206664378084,25.597967499822087,0.0,56.306707934474886,25.185396589050107,32.180294197847644,66.08670630135211,42.94953124023799,47.71460437552,49.10038417777312,53.36784446427751,8.13959395312267],
        [48.167113981352216,36.47651776914775,44.16365360099902,13.356238481426958,24.85011286543846,2.1836312589904665,12.305604867211912,17.1158780289638,28.333950404591075,43.4886220840179,30.7087404346528,56.306707934474886,0.0,31.12131134542478,36.92176696827317,35.43440805467393,34.19680673682463,26.369653400386568,7.742209057947694,13.07528015767,48.167113981352216],
        [21.586134190160656,34.80251823391389,42.489654065765166,17.765072863997823,18.36922634268421,33.304942604415245,30.89046002358037,23.668966639916693,26.659950869357218,41.814622548784044,8.161159466307145,25.185396589050107,31.12131134542478,0.0,35.247767433039314,40.901309712301995,32.522807201590766,24.69565386515271,23.914987588723022,28.182447875227414,21.586134190160656],
        [24.040700244724977,7.456281562701376,30.790107395773802,39.46529288426371,53.61699377572352,38.50155794570317,24.616162101061256,19.80588893930937,13.340720657469971,6.56685511574473,27.086607966732167,32.180294197847644,36.92176696827317,35.247767433039314,0.0,33.90641210350445,10.769237042390339,15.534310177672348,29.179557910325475,23.846486810603167,24.040700244724977],
        [57.947112348229425,41.36269366620583,8.729245546325089,37.97793397066447,52.129634862124284,37.01419903210393,23.12880318746202,18.318530025710132,20.56569144603448,34.923499636974014,40.48873880153002,66.08670630135211,35.43440805467393,40.901309712301995,33.90641210350445,0.0,23.137175061114114,18.372101925832105,27.692198996726237,22.35912789700393,57.947112348229425],
        [34.80993728711532,18.225518605091715,20.020870353383465,36.74033265281517,50.89203354427498,35.77659771425463,21.891201869612715,17.080928707860828,5.862856332233552,11.786324575859902,24.361647735283622,42.94953124023799,34.19680673682463,32.522807201590766,10.769237042390339,23.137175061114114,0.0,7.827153336438059,26.454597678876933,21.121526579154626,34.80993728711532],
        [39.57501042239733,22.990591740373723,17.79400020061245,28.91317931637711,43.06488020783692,27.94944437781657,14.064048533174656,9.253775371422769,2.1935895202023765,17.11896868363133,22.11663687569791,47.71460437552,26.369653400386568,24.69565386515271,15.534310177672348,18.372101925832105,7.827153336438059,0.0,18.627444342438874,13.294373242716567,39.57501042239733],
        [40.96079022465045,28.734308711200054,36.42144454305132,10.285734973938238,24.437435865398047,9.389955015692227,6.975472434857348,9.373668971016105,20.59174134664338,35.7464130260702,23.50241667795104,49.10038417777312,7.742209057947694,23.914987588723022,29.179557910325475,27.692198996726237,26.454597678876933,18.627444342438874,0.0,5.333071099722307,40.96079022465045],
        [45.22825051115484,28.643831829131244,31.08837344332902,15.618806073660545,29.770506965120354,14.655071135100002,2.7080121483529567,4.513481235310721,15.258670246921074,30.413341926347897,27.76987696445543,53.36784446427751,13.07528015767,28.182447875227414,23.846486810603167,22.35912789700393,21.121526579154626,13.294373242716567,5.333071099722307,0.0,45.22825051115484],
        [0.0,16.5844186820236,54.83080764049878,34.81087549992525,39.955360532844864,50.350745240342675,47.936262659507804,40.71476927584412,37.38142090219495,23.023612711255414,17.458373546699413,8.13959395312267,48.167113981352216,21.586134190160656,24.040700244724977,57.947112348229425,34.80993728711532,39.57501042239733,40.96079022465045,45.22825051115484,0.0]
    ],
    "vertex_count": 21
}