{
    "drone_dist": [
        [0.0,20.329820938052237,43.39497734357717,13.266039223680204,33.33994231536068,26.620813870447154,12.757025750552577,30.29228677090905,24.073255189666465,25.012698242328483,8.968771360066205,44.13775694020276,33.77478898732645,33.78260934623853,30.550661785582854,42.458652601597684,17.490931083816246,17.75035019640845,29.641415975735768,46.519861720714545,0.0],
        [20.329820938052237,0.0,24.24177404446764,8.631494458193835,21.93956389081528,22.364971784533118,10.97975691897542,10.068980839196213,13.665422992054886,12.875828465287794,16.100050067223044,35.26891529412274,16.433588176183978,25.549068712095956,36.96321430623372,23.923544949505118,23.99847903456121,19.348164368842305,27.377881924136794,36.27852194121138,20.329820938052237],
        [43.39497734357717,24.24177404446764,0.0,32.87261031597205,36.02479757363146,42.163026546905016,31.181444002114194,14.848697778279156,33.04028898548963,20.64954855842321,36.47198818275218,47.62335467515036,25.07431155287505,41.36754141465451,59.3103217477872,23.847712828675334,47.57456730358535,42.4369503729892,47.04301245987769,46.794219455132,43.39497734357717],
        [13.266039223680204,8.631494458193835,32.87261031597205,0.0,21.658212647801612,18.02232008044232,10.169169486883364,18.49336954474658,12.054838719559827,18.959116632375583,12.836529325682339,33.978774188247165,20.54723673018375,23.532030925924985,29.657426206552866,29.19315239876669,16.02964809972351,12.167375434253842,22.519510136730226,35.776519457383486,13.266039223680204],
        [33.33994231536068,21.93956389081528,36.02479757363146,21.658212647801612,0.0,10.38472712717134,30.9683559808206,23.512827704248693,9.604160948528481,34.36234766053081,34.470749423731746,13.37878560091183,11.021892880618344,5.458263477272244,27.740581367789023,16.935346088295926,22.525329874796324,17.926129224602818,13.373150088608526,14.418157247968217,33.33994231536068],
        [26.620813870447154,22.364971784533118,42.163026546905016,18.02232008044232,10.38472712717134,0.0,28.19146727238658,27.912236661695577,9.311856199096798,35.16284219157974,30.199306225378688,17.638369631240177,19.012649790694425,7.814328765592632,18.042545582015197,26.63304330101528,12.65608626284377,9.128768530793707,5.071274160040047,20.327199385657448,26.620813870447154],
        [12.757025750552577,10.97975691897542,31.181444002114194,10.169169486883364,30.9683559808206,28.19146727238658,0.0,19.52150415922383,21.558534077051636,12.27599609671371,5.487933323029024,43.779137202240754,27.24321060263243,33.43813190942707,38.46762376492101,34.90235255248236,24.470826084749294,21.714957414444655,32.643345750606436,45.33197367225276,12.757025750552577],
        [30.29228677090905,10.068980839196213,14.848697778279156,18.49336954474658,23.512827704248693,27.912236661695577,19.52150415922383,0.0,18.622843822357453,14.098481876223152,24.99456335512681,36.42196809884624,13.827526209726239,28.430789163964562,44.59884070421587,17.935564125554855,32.73315450364069,27.59050073240254,32.92174622749556,36.45829957781679,30.29228677090905],
        [24.073255189666465,13.665422992054886,33.04028898548963,12.054838719559827,9.604160948528481,9.311856199096798,21.558534077051636,18.622843822357453,0.0,26.532261060873658,24.87633082652618,22.240198337903077,11.872429909198958,12.058029064972025,26.41420687598835,20.611941615012555,16.66700003892494,11.264704398403234,14.36215455739458,23.807914853289045,24.073255189666465],
        [25.012698242328483,12.875828465287794,20.64954855842321,18.959116632375583,34.36234766053081,35.16284219157974,12.27599609671371,14.098481876223152,26.532261060873658,0.0,16.798200273123552,47.74014977785009,26.784053861835943,38.313345210931026,48.61311432920237,32.01636099848489,34.92312232037194,31.040320673804104,40.12850301360618,48.44230149925989,25.012698242328483],
        [8.968771360066205,16.100050067223044,36.47198818275218,12.836529325682339,34.470749423731746,30.199306225378688,5.487933323029024,24.99456335512681,24.87633082652618,16.798200273123552,0.0,46.75332984816293,31.959922986947024,36.27466802103716,37.9333267830846,39.93878722383217,24.104662011909653,22.52851835048798,34.187127003251874,48.60935423391378,8.968771360066205],
        [44.13775694020276,35.26891529412274,47.62335467515036,33.978774188247165,13.37878560091183,17.638369631240177,43.779137202240754,36.42196809884624,22.240198337903077,47.74014977785009,46.75332984816293,0.0,22.923507737560385,10.493621008923265,28.25128247632914,25.141335931010666,29.614115777437448,26.76170322418279,16.28374837229071,3.537212199362567,44.13775694020276],
        [33.77478898732645,16.433588176183978,25.07431155287505,20.54723673018375,11.021892880618344,19.012649790694425,27.24321060263243,13.827526209726239,11.872429909198958,26.784053861835943,31.959922986947024,22.923507737560385,0.0,16.45112885252755,37.04939560263265,8.903604771282193,28.52317583331795,23.13598568568803,23.294598655978156,22.69425925394606,33.77478898732645],
        [33.78260934623853,25.549068712095956,41.36754141465451,23.532030925924985,5.458263477272244,7.814328765592632,33.43813190942707,28.430789163964562,12.058029064972025,38.313345210931026,36.27466802103716,10.493621008923265,16.45112885252755,0.0,23.22149640273959,22.11850270193028,20.438400712149534,16.786490489374607,8.895405024131739,12.748840619459877,33.78260934623853],
        [30.550661785582854,36.96321430623372,59.3103217477872,29.657426206552866,27.740581367789023,18.042545582015197,38.46762376492101,44.59884070421587,26.41420687598835,48.61311432920237,37.9333267830846,28.25128247632914,37.04939560263265,23.22149640273959,0.0,44.521011401678,14.000503889781415,17.658519271304428,14.410693435858052,31.771423240649664,30.550661785582854],
        [42.458652601597684,23.923544949505118,23.847712828675334,29.19315239876669,16.935346088295926,26.63304330101528,34.90235255248236,17.935564125554855,20.611941615012555,32.01636099848489,39.93878722383217,25.141335931010666,8.903604771282193,22.11850270193028,44.521011401678,0.0,37.13419718758926,31.81629350754738,30.260146491747335,23.63934762383644,42.458652601597684],
        [17.490931083816246,23.99847903456121,47.57456730358535,16.02964809972351,22.525329874796324,12.65608626284377,24.470826084749294,32.73315450364069,16.66700003892494,34.92312232037194,24.104662011909653,29.614115777437448,28.52317583331795,20.438400712149534,14.000503889781415,37.13419718758926,0.0,5.443077638521944,13.547296621607272,32.61138690284321,17.490931083816246],
        [17.75035019640845,19.348164368842305,42.4369503729892,12.167375434253842,17.926129224602818,9.128768530793707,21.714957414444655,27.59050073240254,11.264704398403234,31.040320673804104,22.52851835048798,26.76170322418279,23.13598568568803,16.786490489374607,17.658519271304428,31.81629350754738,5.443077638521944,0.0,11.937594924447895,29.43634277993556,17.75035019640845],
        [29.641415975735768,27.377881924136794,47.04301245987769,22.519510136730226,13.373150088608526,5.071274160040047,32.643345750606436,32.92174622749556,14.36215455739458,40.12850301360618,34.187127003251874,16.28374837229071,23.294598655978156,8.895405024131739,14.410693435858052,30.260146491747335,13.547296621607272,11.937594924447895,0.0,19.488774876218088,29.641415975735768],
        [46.519861720714545,36.27852194121138,46.794219455132,35.776519457383486,14.418157247968217,20.327199385657448,45.33197367225276,36.45829957781679,23.807914853289045,48.44230149925989,48.60935423391378,3.537212199362567,22.69425925394606,12.748840619459877,31.771423240649664,23.63934762383644,32.61138690284321,29.43634277993556,19.488774876218088,0.0,46.519861720714545],
        [0.0,20.329820938052237,43.39497734357717,13.266039223680204,33.33994231536068,26.620813870447154,12.757025750552577,30.29228677090905,24.073255189666465,25.012698242328483,8.968771360066205,44.13775694020276,33.77478898732645,33.78260934623853,30.550661785582854,42.458652601597684,17.490931083816246,17.75035019640845,29.641415975735768,46.519861720714545,0.0]
    ],
    "end_depot": 20,
    "start_depot": 0,
    "truck_dist": [
        [0.0,20.378131518514007,52.913963760459445,16.601191120426748,46.93504015318586,37.09785074718285,17.31753731215789,32.08969214247777,33.46637589753236,34.3199232510149,12.633335346589348,62.03740666416205,43.51215829555264,47.66926729748156,30.95813278702105,53.34057181699813,20.68901308359484,24.19116557064405,39.84067156232039,65.6963187058534,0.0],
        [20.378131518514007,0.0,32.53583224194544,11.63879248449619,26.653644871778805,26.78788441466598,15.223103727676449,11.711560623963768,14.129538465780286,13.941791732500896,21.411243695533397,41.75601138275499,23.23076301414558,27.387872016074507,51.33626430553505,33.05917653559108,33.93652662945764,27.08166584929512,33.41454097650981,45.41492342444635,20.378131518514007],
        [52.913963760459445,32.53583224194544,0.0,44.17462472644163,48.4189094780301,59.323716656611424,35.59642644830156,20.824271617981672,46.66537070772573,22.518200835468438,40.2806284138701,59.8163799903182,33.212064797678565,56.10306140750336,83.8720965474805,25.341191688685797,66.47235887140307,59.61749809124056,65.95037321845525,56.40520673793058,52.913963760459445],
        [16.601191120426748,11.63879248449619,44.17462472644163,0.0,30.33384903275911,20.496659626756095,11.542899566696143,23.350353108459956,16.865184777105608,25.580584216997085,17.73103953455309,45.4362155437353,26.910967175125887,31.068076177054813,39.69747182103887,36.73938069657138,22.29773414496145,15.442873364798931,23.23948044189364,49.09512758542665,16.601191120426748],
        [46.93504015318586,26.653644871778805,48.4189094780301,30.33384903275911,0.0,10.904807178581317,41.876748599455254,27.59463786004843,13.468664255653506,38.36690063704751,48.0648885673122,15.102366510976182,15.206844680351542,7.684151929473256,35.453187069450394,23.077717789344305,26.246027069591022,22.743874582541814,17.531463740425153,18.76127855266754,46.93504015318586],
        [37.09785074718285,26.78788441466598,59.323716656611424,20.496659626756095,10.904807178581317,0.0,32.039559193452234,38.49944503862975,12.658345948885696,40.72967614716688,38.22769916130919,24.939555916979202,26.11165185893286,10.571416550298716,24.548379890869075,33.98252496792563,16.408837663588002,12.906685176538794,6.626656561843836,28.59846795867056,37.09785074718285],
        [17.31753731215789,15.223103727676449,35.59642644830156,11.542899566696143,41.876748599455254,32.039559193452234,0.0,23.32298632135781,28.40808434380175,17.002385938857014,6.188139967856948,56.97911511043144,38.453866741822026,42.610975743750956,48.27567009917894,48.28228026326752,30.87593242310152,24.021071642939003,34.78238000858978,60.638027152122795,17.31753731215789],
        [32.08969214247777,11.711560623963768,20.824271617981672,23.350353108459956,27.59463786004843,38.49944503862975,23.32298632135781,0.0,25.841099089744056,19.81313835895007,29.511126289214758,38.992108372336524,15.130880420464218,35.27878978952169,63.04782492949882,24.959293941909714,45.64808725342141,38.79322647325888,45.12610160047358,37.315040830764985,32.08969214247777],
        [33.46637589753236,14.129538465780286,46.66537070772573,16.865184777105608,13.468664255653506,12.658345948885696,28.40808434380175,25.841099089744056,0.0,28.07133019828118,34.5962243116587,28.57103076662969,13.453305910047163,14.202891399949204,37.20672583975477,21.324179019039928,19.806988163677353,12.952127383514835,19.285002510729534,32.22994280832105,33.46637589753236],
        [34.3199232510149,13.941791732500896,22.518200835468438,25.580584216997085,38.36690063704751,40.72967614716688,17.002385938857014,19.81313835895007,28.07133019828118,0.0,21.686587904425554,53.4692671480237,34.944018779414286,39.10112778134321,65.27805603803596,44.772432300859776,47.878318361958534,41.023457581796016,47.356332709010715,57.128179189715055,34.3199232510149],
        [12.633335346589348,21.411243695533397,40.2806284138701,17.73103953455309,48.0648885673122,38.22769916130919,6.188139967856948,29.511126289214758,34.5962243116587,21.686587904425554,0.0,63.16725507828839,44.64200670967898,48.799115711607904,43.5914681336104,54.47042023112447,26.19173045753298,25.321013984770392,40.97051997644673,66.82616711997974,12.633335346589348],
        [62.03740666416205,41.75601138275499,59.8163799903182,45.4362155437353,15.102366510976182,24.939555916979202,56.97911511043144,38.992108372336524,28.57103076662969,53.4692671480237,63.16725507828839,0.0,26.604315192639632,14.368139366680484,31.89972451348368,34.4751883016324,41.348393580567205,37.846241093517996,22.196735101841654,3.6589120416913583,62.03740666416205],
        [43.51215829555264,23.23076301414558,33.212064797678565,26.910967175125887,15.206844680351542,26.11165185893286,38.453866741822026,15.130880420464218,13.453305910047163,34.944018779414286,44.64200670967898,26.604315192639632,0.0,22.890996609824796,50.66003174980194,9.828413521445494,33.260294073724516,26.405433293561998,32.7383084207767,23.193141940252012,43.51215829555264],
        [47.66926729748156,27.387872016074507,56.10306140750336,31.068076177054813,7.684151929473256,10.571416550298716,42.610975743750956,35.27878978952169,14.202891399949204,39.10112778134321,48.799115711607904,14.368139366680484,22.890996609824796,0.0,27.769035139977134,30.761869718817564,26.980254213886717,23.478101726837508,9.847311810951897,18.027051408371843,47.66926729748156],
        [30.95813278702105,51.33626430553505,83.8720965474805,39.69747182103887,35.453187069450394,24.548379890869075,48.27567009917894,63.04782492949882,37.20672583975477,65.27805603803596,43.5914681336104,31.89972451348368,50.66003174980194,27.769035139977134,0.0,58.5309048587947,17.399737676077418,24.254598456239936,17.92172332902524,35.558636555175035,30.95813278702105],
        [53.34057181699813,33.05917653559108,25.341191688685797,36.73938069657138,23.077717789344305,33.98252496792563,48.28228026326752,24.959293941909714,21.324179019039928,44.772432300859776,54.47042023112447,34.4751883016324,9.828413521445494,30.761869718817564,58.5309048587947,0.0,41.13116718271728,34.276306402554766,40.60918152976946,31.06401504924478,53.34057181699813],
        [20.68901308359484,33.93652662945764,66.47235887140307,22.29773414496145,26.246027069591022,16.408837663588002,30.87593242310152,45.64808725342141,19.806988163677353,47.878318361958534,26.19173045753298,41.348393580567205,33.260294073724516,26.980254213886717,17.399737676077418,41.13116718271728,0.0,6.854860780162518,19.15165847872555,45.007305622258556,20.68901308359484],
        [24.19116557064405,27.08166584929512,59.61749809124056,15.442873364798931,22.743874582541814,12.906685176538794,24.021071642939003,38.79322647325888,12.952127383514835,41.023457581796016,25.321013984770392,37.846241093517996,26.405433293561998,23.478101726837508,24.254598456239936,34.276306402554766,6.854860780162518,0.0,15.64950599167634,41.505153135209355,24.19116557064405],
        [39.84067156232039,33.41454097650981,65.95037321845525,23.23948044189364,17.531463740425153,6.626656561843836,34.78238000858978,45.12610160047358,19.285002510729534,47.356332709010715,40.97051997644673,22.196735101841654,32.7383084207767,9.847311810951897,17.92172332902524,40.60918152976946,19.15165847872555,15.64950599167634,0.0,25.855647143533012,39.84067156232039],
        [65.6963187058534,45.41492342444635,56.40520673793058,49.09512758542665,18.76127855266754,28.59846795867056,60.638027152122795,37.315040830764985,32.22994280832105,57.128179189715055,66.82616711997974,3.6589120416913583,23.193141940252012,18.027051408371843,35.558636555175035,31.06401504924478,45.007305622258556,41.505153135209355,25.855647143533012,0.0,65.6963187058534],
        [0.0,20.378131518514007,52.913963760459445,16.601191120426748,46.93504015318586,37.09785074718285,17.31753731215789,32.08969214247777,33.46637589753236,34.3199232510149,12.633335346589348,62.03740666416205,43.51215829555264,47.66926729748156,30.95813278702105,53.34057181699813,20.68901308359484,24.19116557064405,39.84067156232039,65.6963187058534,0.0]
    ],
    "vertex_count": 21
}