{
    "drone_dist": [
        [0.0,2022.899560637297,4078.0825615443337,3623.7674572896713,2588.2088187474174,1079.107125707421,2225.2431345087657,3157.649600765758,4447.828461017383,3767.1568780410166,3926.2282942186216,2528.0427877022894,3909.207273152209,83.8465656488604,3505.6010322604175,2357.4300616039664,3767.2167621559324,4108.815075529688,3338.333078305367,1185.6801636257644,207.7674028472881,742.8843657009163,2704.226463166321,2587.449349235996,1379.0067675268729,1941.056815471913,2464.6417927470366,927.1240689361643,3884.4511818763026,1745.3528033477708,4184.28992691827,786.1143310560459,2080.3801731141534,3203.9967308179625,1722.416234349941,3931.0836883952506,2848.640393612708,2382.0887667693532,3853.7293989212953,2932.5841639240057,3834.6775587677,1067.106974017631,2377.2505682159695,1111.933499818028,2055.5803585826006,1749.9269258778802,2724.1507360497358,2985.9279897958536,4198.3428646715,2152.0719036645787,1784.3246005575063,3076.655867563124,757.6689597041851,4299.120581594954,3400.95296922247,3356.2106128511646,924.4189257491125,4124.943792741701,2747.913590762736,2860.4833332214134,1161.8189669300848,1745.8287543743402,3113.5179549624063,695.8188040270971,905.6374975348529,1490.4796629775399,309.8256966251601,1688.780011925116,3121.615426736979,4256.174528672824,1275.4799786372441,2236.9298987894767,3337.8508363645033,2540.9754296141464,4453.849766498312,938.5316874454247,1835.2706534796844,2214.861727159494,1705.2912411151785,1770.077250594567,2738.617191864465,4408.807431235037,1752.4122884427836,1931.93139497865,3162.326811108417,2036.2759303672215,2635.3086135581166,4378.611692233028,2394.642777683006,1062.3993643628176,0.0],
        [2022.899560637297,0.0,2761.665239993877,2144.012755688681,3761.2935570038617,3083.2835742807415,4247.876718069836,1731.038765866787,3268.0796573931502,4452.588250527952,3584.3898645788486,4259.149074052722,5005.573847449294,1994.3414240043028,3330.7721449391047,1562.6439721097465,4321.259229068454,4601.9906836978935,4555.187891039112,2201.8813511528488,1892.341658185785,2431.079812712281,3703.440768679687,2198.5789724646484,3096.465247859308,970.7711032304898,1383.0374528688412,1950.8735416286934,3882.3611643926265,1104.5422575146274,5106.746898835073,2804.878154056681,1535.083208823166,3578.0658602414605,3544.5360660820693,4094.2843217446693,3302.245621267185,2493.8484809535544,3308.2793969042013,4587.5905508764545,4591.627880417712,1884.2026292591179,1153.8569283848558,3130.3574880679425,3029.361262218276,3768.867231725364,4461.2798789882345,4298.503835786665,5009.463224552663,674.8739305466225,921.9934529543497,4382.200780778216,1967.7206841583272,5179.804748441043,3266.015737413265,1826.7080832662587,1831.4787962497599,2894.4982468329445,3509.54868335224,3980.885323791378,1058.348713019603,1935.9736162145991,1934.5179612911838,2349.95390662807,2899.605180842133,893.6748837442972,1728.4273747570774,533.9519544645741,4238.441971481999,3089.426293507284,1684.360109734886,1232.2055363080337,3800.737429177493,4478.623449919742,3179.6629213045203,2921.3388193677497,2594.767462709195,4105.211214362527,1392.9453768798946,2842.6735955930917,934.6632161722574,3256.721713319319,744.696608624071,2208.266018185428,2115.6841728544737,1302.6299950862037,4231.797161555986,5141.8758158193805,784.3399103055381,1304.4048273797703,2022.899560637297],
        [4078.0825615443337,2761.665239993877,0.0,649.4813835933196,4066.657826705112,4834.368454684702,6019.320288500023,1032.85730844071,544.3669466383299,3833.621283396519,1925.135166982609,5192.300623935303,4785.963649483753,4102.585262169275,2078.9089787472435,4279.478482642606,3572.4628612204488,3668.3822582153184,4634.465083471342,3342.0135980216974,4069.612478929002,3983.241675758129,3811.523392044088,1800.2761037148252,4364.805771457521,2184.2376798080527,1623.928984811023,4476.2167193359965,2558.3392075115066,3863.8937087369986,4613.742291548968,4771.916757355555,2024.3874264235226,2937.2872949594744,4813.194180258017,2903.5530941612965,2936.056402956122,2375.100515445281,1507.361055172663,5316.691903387853,4022.14243099608,3194.352270398106,1761.8187237901861,5063.180080175544,3476.836445924655,5636.539959973621,5358.466788274029,4592.395865360018,4387.200680582219,2164.594823540025,3683.218216480301,4639.793165321851,3507.6284797441317,4609.074461210295,2118.254477234939,956.7526172320516,4368.8539756775635,207.93912523036985,3413.594704220804,4127.086018503072,3651.212768919628,2579.5219057810664,964.795532382671,4677.593244674173,4938.766922428144,2652.7171937661196,3789.9804630768763,3271.569425876413,4283.053891779452,417.79778276952663,4346.841950684711,3946.734998436873,3159.210395454009,5789.167999648123,418.03196003206847,4982.525408071308,3126.3196956210368,5368.226347872929,4146.488661703684,3523.4087044980065,1880.955023000004,559.8947933782232,2445.032196745407,2601.797339993034,946.3069021729337,4055.845100587047,4957.194096770485,4417.25190394189,1985.934703103115,3016.9709740517774,4078.0825615443337],
        [3623.7674572896713,2144.012755688681,649.4813835933196,0.0,3997.4653034000444,4465.873667228706,5670.412612792555,467.31230584789523,1191.1681438285602,3987.3936489239277,2268.1645576008054,5016.38682287749,4872.736583362332,3638.556510935841,2298.554402390592,3640.7031430613233,3748.9228153848358,3898.3788708211473,4643.091273120552,3034.580285913621,3590.9367939176427,3627.0784583536556,3778.1662410653566,1674.3083640309985,4085.8871909946947,1686.03485516063,1174.159049185163,3933.801741954486,2841.4019528135445,3248.5420508604293,4763.221986923181,4355.4553172925425,1670.5311987990046,3046.8293753181038,4549.953891550741,3168.256876106751,2968.7573164617966,2275.1168338933594,1859.9457962032354,5191.429826727297,4170.746883448094,2838.5611108669364,1249.0172745716636,4660.694609971364,3339.645483078246,5259.492748956248,5195.29156351246,4547.567632198448,4562.209534268375,1588.2130161752386,3065.2985370988326,4605.385289249295,3128.1331246023847,4777.8941158977,2307.520855618542,317.68763569441006,3822.3055024030023,826.5546235244063,3408.899533057032,4099.558102180307,3081.572816622218,2303.5778609450927,639.6165023327904,4181.983306998348,4510.534480635717,2150.434181653968,3323.7716021929273,2665.0448547226856,4287.135101292731,1042.911481935776,3769.463827794831,3308.8922876481524,3284.133434586645,5541.143773383567,1058.8014461462333,4550.408180599829,2941.2371221742346,5121.609835411082,3535.9057561257055,3333.5334053892066,1240.9057793358859,1199.5563860635746,1915.493118693192,2392.9224277577664,783.2686099749509,3426.918783470485,4822.484784356769,4619.17931950993,1386.111338400933,2565.988158843194,3623.7674572896713],
        [2588.2088187474174,3761.2935570038617,4066.657826705112,3997.4653034000444,0.0,2215.7920844332534,2864.2278864697164,3670.4466350364446,4130.879914671572,1371.5694588913689,2714.268432482948,1315.9451943770364,1327.4723849159066,2671.9877211960347,2281.7687458203272,4773.089498874164,1505.104904081642,1830.9407612680407,799.5481125360784,1615.832339851868,2781.215033686682,1851.4476308461258,321.76269787584494,2323.6731241683365,1398.1880862629407,2966.10905019144,3062.230971843766,3515.2469841627253,2255.731229931758,4103.691034860819,1607.6676894346217,2546.9404690452175,2537.500609062591,1416.1570095292695,1493.1691794365988,2077.322385442083,1212.11792385279,1722.705668421038,2934.3456582264494,1289.2113037891488,1367.0012439393588,1925.3939461200168,3185.747035397981,2590.2893796382664,739.3192883994246,2767.1400306880582,1420.3017810258632,563.1530431012942,1662.9120070578642,3378.379874524736,4062.6248670885357,636.0006961465788,2002.6008741329651,1731.1266168757797,2184.6290219015095,3903.289533881593,3508.241135683692,3981.724688783707,724.1895201780853,274.36586680964587,3472.9096133203893,1905.0558153238462,3361.230363332289,3163.611855949357,2723.4422810086335,2868.158463137571,2617.3995423196757,3759.7525028515465,533.7432619633668,3982.9784134605557,3833.463593469877,4561.499482447021,1350.7464387194457,2126.46973808242,4264.5975231521825,2777.731019010666,1187.3563539210843,1776.7280949931962,4167.273235558788,929.5611112804877,3897.8403764692066,4066.496044833375,3060.6650425205394,1693.212351419598,3227.25738464809,4426.856915196993,972.2733660952749,1856.6265810174714,3545.676887786628,2506.0254222250974,2588.2088187474174],
        [1079.107125707421,3083.2835742807415,4834.368454684702,4465.873667228706,2215.7920844332534,0.0,1211.119630006758,4012.842776789651,5128.971499974397,3564.346336077898,4275.263098148544,1658.769974711309,3419.706269391595,1128.4385057182233,3820.0961096170286,3350.7104882204403,3646.182530998468,3989.0138881123594,2818.0007971320138,1525.6469918357927,1254.0439147277218,852.1451582102061,2443.821519447472,3146.4155690658104,823.9030252172449,2840.884346035643,3292.7506096249735,1747.8423415224813,4066.382932706952,2784.638673133224,3788.7397766136073,435.5727730028408,2815.814359072034,3266.03311928569,866.6159049414637,4018.9005623373355,2925.3614275909326,2754.4822773258406,4305.335457073427,2097.1702705425387,3578.988650448676,1640.2932485866268,3258.074479524638,374.8381359061651,1983.4198383508897,803.0960846977331,1832.0290676322902,2434.2172450771595,3873.681203400122,3123.5193694518834,2843.717169320145,2518.8282008182273,1337.772694847893,3921.5474888504,3709.203061735042,4230.743667809347,1805.2586139816149,4844.8512283262735,2647.867822460827,2479.501968388498,2232.531604107133,2284.2292899152403,3891.817859497595,1216.9609519460928,551.0014856084498,2439.7243310955655,1356.4686621066496,2767.8788321091333,2703.4492533957464,4942.758776857202,2193.2473308180797,3272.2011156691974,3327.0712687507043,1485.3057260247663,5173.560273142972,597.2914692806395,2002.1505511786336,1210.2410832486821,2696.7547546610112,1727.888056404765,3726.667603598887,5080.61384746599,2711.7818490301406,2354.6166464182743,3889.538257606632,3052.729531180683,1883.1217985361238,4069.5291557960563,3363.880168431618,1954.3713720486369,1079.107125707421],
        [2225.2431345087657,4247.876718069836,6019.320288500023,5670.412612792555,2864.2278864697164,1211.119630006758,0.0,5220.155075048746,6288.687797517931,4221.505827641841,5295.868472618766,1757.492164567911,3787.9901454566098,2254.957726445675,4835.288905838095,4275.741089545691,4369.332765990556,4692.500010279865,3215.1139754328365,2681.2613501532414,2364.0915765487716,2044.0926616543484,3160.2401298475925,4290.212121712852,1733.6899131567409,4051.9715713195433,4499.018191640404,2642.594812503989,4993.263416192331,3796.282768381333,4235.22717262381,1445.00853310341,4011.4864995847793,4152.680129374475,1403.4660518413907,4883.745103634365,3844.555115748699,3840.3019298399586,5378.5944764701635,2138.2902091182273,4185.7398455642415,2834.906461216418,4468.680250253223,1122.1311576620724,2904.435977078881,494.6819139175243,1822.6490060328142,2849.233368570979,4390.2987013071,4329.342375699255,3888.6106294155984,2912.387971660293,2544.056523167301,4378.291871787898,4724.8137496741965,5439.660176622328,2733.8714197440763,6019.28204138437,3469.1834752573654,3078.3095723559436,3317.9705095284867,3447.1317913089924,5087.110417976674,2080.904970026241,1378.6701020901028,3646.7056876280008,2525.2708395265745,3884.483980221334,3232.7721724971607,6105.735735724019,3105.226859503109,4262.292133362476,4158.31069908106,1023.0191782767365,6345.908738514302,1372.4390148486573,3049.9395562150335,1151.0999040640472,3648.109206515705,2705.416038410168,4930.378274161162,6237.377028279951,3918.372458931686,3479.163833110469,5073.021022398745,4021.0628552085677,2130.9499097983035,4589.366301253563,4570.567896611042,3164.1133584151503,2225.2431345087657],
        [3157.649600765758,1731.038765866787,1032.85730844071,467.31230584789523,3670.4466350364446,4012.842776789651,5220.155075048746,0.0,1539.3519814093688,3797.5744625903117,2265.846552719953,4628.9573605598935,4628.593199025945,3171.763530361356,2201.5382941494513,3264.0017686918427,3578.557789952008,3763.650788290527,4353.6022433129165,2606.0292373974926,3123.650642155512,3179.428630265789,3473.8307422785642,1378.5556941793961,3661.2246023862162,1218.8624539893449,721.9457782568311,3473.701110740349,2770.2154356459023,2831.6769535211065,4560.943342045494,3893.1966129036114,1243.8604770121678,2845.5052915527726,4128.993553871668,3073.989687858601,2719.20898047095,1964.7190140825444,1889.1495102087001,4826.55779899955,3974.8222243774662,2394.8967628398777,781.7947245185956,4200.385997163677,2984.4678120967314,4803.360207628452,4812.714598329033,4228.604916468789,4379.4590866171975,1137.5350376018628,2651.6928794020455,4291.694232109544,2676.1548787234137,4588.565678744127,2188.05464287075,236.11459531803547,3363.2487311899195,1164.8653000271868,3127.0147986042784,3794.666261378533,2630.258813099255,1897.4298641589157,393.40713660313145,3715.0920341618557,4046.5012641226267,1683.1806286302035,2856.996060936794,2238.712478873476,3998.485385037448,1364.92305046956,3322.540582020113,2930.453703434276,3087.5162824451377,5122.43286634856,1450.2458058061613,4085.877810197255,2567.5355111370445,4704.721496953022,3113.6714315723143,2952.2061686026577,888.1368893251375,1531.5063449517527,1450.24269187221,2017.7330716309941,621.875893794277,3029.400110937505,4455.138380816563,4454.565730591849,953.0842950184824,2101.4833135015183,3157.649600765758],
        [4447.828461017383,3268.0796573931502,544.3669466383299,1191.1681438285602,4130.879914671572,5128.971499974397,6288.687797517931,1539.3519814093688,0.0,3713.6810151745735,1703.2937972956734,5327.480475377987,4707.286418591455,4479.651069944214,1967.8516715924595,4801.9240768939135,3438.544539534609,3484.7311473198133,4624.139261624546,3610.5290459476537,4458.4015246339395,4277.982884010278,3851.384675261545,2001.6682825408543,4593.4998704885875,2615.4031041347152,2045.9055347475032,4912.766324295634,2360.070879583672,4364.178410981502,4483.781261443655,5105.376997191848,2368.1309470306564,2881.2629992295956,5023.654100447822,2709.2020505946844,2945.958193310681,2518.273179059991,1315.3215020489333,5408.844962548471,3902.879170255725,3502.4175121958074,2213.892822892326,5383.032566459206,3609.355029982954,5931.50822834266,5481.386435161959,4627.405555690228,4238.584756401657,2646.5706931273367,4186.320210063334,4665.406613595972,3827.5785857608507,4462.471339483001,2032.761524575122,1491.3926068519029,4809.346990930656,374.8184780302664,3439.469803426235,4155.62789770005,4114.419359166082,2846.0220719991494,1384.9587810377732,5075.087787818154,5280.287873298199,3076.860649359075,4171.937290718418,3766.484456644192,4282.302911369792,192.12690220184433,4812.837371949231,4468.537594154137,3082.098120599849,5977.6044574170055,226.43525073693579,5326.833615034767,3306.206940467966,5559.306089035542,4641.71630257418,3696.7215985012376,2409.655068190779,68.64128288743797,2891.4381016867355,2817.8194774737226,1289.6064671019517,4568.313807778178,5061.3772985062,4244.718826425782,2485.541285052912,3398.3293218197964,4447.828461017383],
        [3767.1568780410166,4452.588250527952,3833.621283396519,3987.3936489239277,1371.5694588913689,3564.346336077898,4221.505827641841,3797.5744625903117,3713.6810151745735,0.0,2035.4324623658965,2564.6062943801576,1028.0679197055258,3848.122712842782,1759.0524618194202,5716.58968710257,285.4939258691691,489.36557573589835,1205.7576074161768,2629.4761913869233,3938.248342060163,3074.835488572394,1120.8076863895642,2460.682742071464,2740.487624262194,3517.7816337973036,3384.524830619715,4678.0499247736225,1396.5862480936833,5048.645071895747,780.6421151042341,3863.327233114472,2974.382023123601,952.6112287084734,2864.4059782063414,1075.8554498944193,1155.7721010231448,1982.9859533587153,2398.820530772213,2368.1826781283103,189.37075820689557,2877.3394394636443,3576.178145855924,3938.8717052831357,1711.5873711257407,4138.705025367571,2605.84951970641,1456.1790667671532,583.1862142101473,3914.6379326509305,4967.985613687682,1428.4924738244144,3070.8146316116363,791.7526437458057,1715.4449420553055,4001.959116146956,4649.273471387602,3689.0844411876415,1027.6200507840706,1143.2019117284408,4447.4607938359795,2529.844636729287,3419.4258949463515,4405.647018578176,4048.299178754799,3596.3354581552794,3721.0893891986366,4596.991603272584,1022.1295918508455,3615.5652112722587,4928.690640542195,5458.071969057848,710.1836408491042,3408.820854218376,3899.453726358956,4103.910001679935,2001.5974940967606,3102.8582386262465,5171.295730777245,1997.6448980662792,4302.466509598103,3645.0486876332398,3708.0699247049156,2251.1505398827644,3220.033948546208,5371.043078978766,2176.5821826423326,690.1633736456263,4012.293305601239,3378.0817236927282,3767.1568780410166],
        [3926.2282942186216,3584.3898645788486,1925.135166982609,2268.1645576008054,2714.268432482948,4275.263098148544,5295.868472618766,2265.846552719953,1703.2937972956734,2035.4324623658965,0.0,4011.0842590183865,3051.543808647624,3985.115257417726,460.59598164214987,5110.2113846293405,1753.8554639553074,1781.504544294452,3052.813911682408,2813.8180782882732,4015.0762297044153,3492.023860984836,2400.9210694734497,1446.7906826572905,3566.8783809511287,2646.404306502597,2216.8947338026683,4651.463562372752,657.1117958782198,4520.260875619083,2792.9275060068276,4390.698200557596,2126.8051265951826,1318.6960415612507,3915.647174568249,1005.967718138704,1514.0898389456108,1553.4993250522982,418.7783276324356,3995.866521230114,2222.8654078769005,2859.9077016485494,2450.6280982479534,4601.424055790939,2400.874158557875,5035.738849769015,4131.519441748599,3130.668099039382,2540.8602031852433,2917.187814714623,4378.0330983181475,3150.757578313548,3182.1453679998517,2764.7143760738827,571.1107403863292,2401.499670235075,4575.716190360267,1747.8934276925122,1990.1157083579,2666.204807161184,4062.667993755578,2187.7202090670917,1881.557386548899,4619.659473773373,4584.292218713705,2975.1980463138984,3728.237061378874,3942.648721379246,2736.1637391606255,1632.2561723390104,4715.922635008974,4792.9481614377755,1469.8087004986942,4767.306349074203,1905.1812193870533,4638.454458254567,2273.922853046236,4371.940215445835,4740.315549391916,2591.517502115446,3041.084705461017,1635.0898370779212,2929.82178903211,1998.293623753868,1649.4057218276878,4802.35887792839,3685.8732495636636,2541.769607198242,2892.0081106673415,3054.8453339201906,3926.2282942186216],
        [2528.0427877022894,4259.149074052722,5192.300623935303,5016.38682287749,1315.9451943770364,1658.769974711309,1757.492164567911,4628.9573605598935,5327.480475377987,2564.6062943801576,4011.0842590183865,0.0,2031.8024774849578,2602.7427310354033,3566.997273211012,4885.402934639896,2755.9515990689497,3051.4031651649716,1470.3873089996723,2113.5122489261666,2734.2894023658323,1870.7955430811194,1637.7007527418846,3394.3772951216706,1180.8779392228403,3681.114833532696,3943.6290776335013,3358.8257992410813,3571.5507522254966,4262.120349068628,2486.6214115027065,2091.1367693393277,3399.387894352644,2729.3738075940832,816.8620713837785,3387.3234606247856,2497.304594713764,2821.3374906452354,4199.716238173793,441.42784371641113,2498.678178393328,2409.8437609810208,4006.195721258473,1964.7274901148285,1720.14889076676,1842.6563654855515,202.46953440808056,1124.9263652408717,2658.2182780476755,4061.648458552033,4279.30781664651,1176.2435025795141,2292.4281160143078,2630.4315718211315,3464.7551301407084,4864.821067633729,3396.927199903944,5135.550348262176,2029.1975410808982,1452.8000575534336,3649.0683162176756,2734.8768546092506,4379.865092419009,2861.2614075445663,2202.5357516060653,3428.0910076748364,2704.067703545363,4091.532615357825,1544.2142094185822,5165.758414177871,3776.3335773722424,4752.280915380045,2664.575366290237,845.2820380529076,5438.3013947174495,2243.0720421616747,2077.9125850177134,612.0659889413596,4233.07072403179,1683.153786022336,4646.947213274596,5266.309621055622,3676.5890732384,2623.7500380741403,4289.129992210962,4561.443061613036,390.8061600666413,2855.4756021082944,4272.683495696871,2961.0742200506797,2528.0427877022894],
        [3909.207273152209,5005.573847449294,4785.963649483753,4872.736583362332,1327.4723849159066,3419.706269391595,3787.9901454566098,4628.593199025945,4707.286418591455,1028.0679197055258,3051.543808647624,2031.8024774849578,0.0,3993.0538338775345,2739.895832307745,6091.649291951534,1313.4374737407463,1430.0663719484685,602.137888870228,2926.9734769409447,4104.816512884749,3168.4038926951025,1305.5174631896962,3252.7823813104123,2644.3659831513173,4140.922624874412,4122.602220067388,4835.112687786935,2421.9310812302137,5420.635790067317,488.06096269999307,3794.7109429119205,3645.8027250098708,1848.8010028599058,2592.5047891793793,2103.845461864187,1910.1245278696495,2694.077454381575,3398.4592815234646,1699.3849325829367,851.6442669567821,3227.2871758272486,4285.329469427702,3784.058839744207,1998.1045057121914,3823.776923237612,1997.2227384008452,987.2535994142032,736.274366755031,4553.171882613965,5372.124895359553,906.2986061919034,3326.8363440582784,628.3522316987496,2681.29601264182,4847.352690162769,4831.670047892796,4655.084339250908,1533.5939546308625,1063.9241671882821,4792.22766833763,3084.0428723535024,4270.544611278068,4459.946298033623,3956.8930299739623,4115.062989637305,3944.8681639020556,5051.310629229644,796.7587849015301,4598.071758001836,5160.371350683502,5871.145684254684,1630.007928870242,2844.7637533648553,4884.188950612054,4008.2767085212586,2414.247653618608,2637.6466932968256,5491.92458017642,2235.688464550613,5016.126337585937,4638.863179449486,4278.945619487505,2829.4283769305844,4091.290851278458,5744.646977997594,1659.4237020988255,904.9679843837347,4689.991136209809,3795.196526355705,3909.207273152209],
        [83.8465656488604,1994.3414240043028,4102.585262169275,3638.556510935841,2671.9877211960347,1128.4385057182233,2254.957726445675,3171.763530361356,4479.651069944214,3848.122712842782,3985.115257417726,2602.7427310354033,3993.0538338775345,0.0,3567.457395594351,2283.775329258674,3846.32205462069,4187.5392650262465,3422.0632129713586,1259.7915331783054,132.30485375244652,826.5581503866007,2787.1063576615406,2635.6175342880993,1458.5070704379048,1953.3679766480095,2484.98595612611,843.4255641884289,3952.432410224515,1678.1627552605225,4267.73091766173,810.6388973414315,2114.3875904149018,3278.315910133789,1794.6989733035841,4003.1061278157918,2923.255911968836,2444.4378418720676,3906.024430232186,3009.5351776843654,3916.5600191206945,1128.979081462442,2390.312138762476,1136.016414797361,2136.642891850774,1774.5497240865402,2798.0955705998067,3069.3446412339636,4281.0457540561665,2149.6563548357735,1722.7820279904076,3160.0643536966822,826.9319153870123,4382.376451534332,3463.4232757467666,3367.012732583208,840.8158565427427,4153.354809357365,2827.9664670626785,2944.2144377284844,1105.012771430211,1801.1577108896547,3137.7898792779733,634.579802266294,914.7148635464272,1496.9519945823777,314.7882964340308,1643.398861643768,3205.4143721259493,4287.78795287637,1193.9020441881587,2169.498467422549,3414.397157666196,2599.2614943141066,4481.7000250262245,943.337909775642,1910.5755116738608,2279.5460717027972,1630.437215989664,1851.485435180856,2730.599510463965,4441.618961850088,1754.711749369857,1993.8865688922106,3192.2969273734393,1965.2987156139036,2714.6821955273367,4461.024700653906,2391.7499704917936,1085.7399744806792,83.8465656488604],
        [3505.6010322604175,3330.7721449391047,2078.9089787472435,2298.554402390592,2281.7687458203272,3820.0961096170286,4835.288905838095,2201.5382941494513,1967.8516715924595,1759.0524618194202,460.59598164214987,3566.997273211012,2739.895832307745,3567.457395594351,0.0,4820.217019307246,1493.9472722927267,1604.4278949206919,2677.4365778528927,2373.3185270614017,3604.220615950485,3045.623973632377,1974.4368244199839,1136.5763694810867,3106.6526247546526,2368.5320144350794,2008.5790353343343,4260.513643545123,575.6776340435314,4207.812713478564,2537.417048276821,3945.091196288983,1820.2141798643277,925.285603597067,3455.647378251201,874.485989110907,1071.8223601107636,1123.6086626476592,672.415796127249,3569.055667978766,1948.2473465758944,2438.737811898874,2237.9129099229876,4149.728351602612,1941.222117737599,4577.174577522641,3692.927732829925,2723.487534914893,2308.2936378570566,2681.539133693132,4075.7527510091018,2750.198632140084,2754.8651409320014,2530.2274937431534,111.05319667054499,2372.6838612958218,4190.085467491944,1930.2722142782588,1559.18440148314,2253.7221214741776,3717.4102170170513,1784.160676392162,1808.1476184295911,4200.971286780247,4139.369947289437,2650.6891090784156,3321.2203316716,3646.8165219920834,2346.7373994518866,1859.8331977967646,4351.743101270589,4511.603891803628,1114.975586497775,4313.753283719359,2145.2614313594268,4193.94619705288,1817.9684642007287,3916.007832028131,4412.528429927207,2131.1498956922132,2889.9227641754,1899.53552521129,2638.454965983277,1573.717602097884,1583.3070523666686,4501.334709817842,3250.149263061814,2342.4575902400147,2691.5849217556,2678.8547048625105,3505.6010322604175],
        [2357.4300616039664,1562.6439721097465,4279.478482642606,3640.7031430613233,4773.089498874164,3350.7104882204403,4275.741089545691,3264.0017686918427,4801.9240768939135,5716.58968710257,5110.2113846293405,4885.402934639896,6091.649291951534,2283.775329258674,4820.217019307246,0.0,5632.117402874097,5941.845342829048,5564.841571246431,3165.208104090825,2151.785290284655,3050.380503084956,4802.800092306143,3685.2617309536263,3725.7592383189017,2463.8232826219737,2938.2198228034936,1637.6932022056324,5348.412776712783,672.2157267303174,6282.494720471506,2943.3358166003477,3000.0740238143185,4926.992283461362,4078.3948723483054,5523.7339127782,4611.420853093997,3866.1218851327403,4855.789235815906,5286.280551080205,5829.838272352008,2872.4877624280616,2712.754676705317,3216.882450233705,4105.244243068298,3785.869356933677,5081.535336678293,5245.074223324796,6233.9443021191355,2233.8745316460604,755.8849770840313,5334.986571725442,2773.385130104404,6376.456484306996,4744.869008133381,3325.3388323958698,1557.849683936361,4427.105831958421,4708.636421687464,5028.673920211577,1300.1830226316072,3216.596880514056,3494.05427139253,2202.5371158868156,2935.5489748091036,2187.0898668516543,2207.012655049253,1173.6297380474118,5295.917591160494,4628.9196169293045,1174.4265023994044,333.61455015305705,5127.7634592477925,4834.229604277258,4695.81422926102,2927.323960602524,3731.5714865752275,4546.656128060313,655.5774811354454,3856.2350001346276,2399.9607881401857,4795.475836928661,2183.6491001906506,3495.474502331367,3678.251997117914,347.6004735316003,4977.522071028338,6389.58672309509,2339.040062267916,2338.8140908266364,2357.4300616039664],
        [3767.2167621559324,4321.259229068454,3572.4628612204488,3748.9228153848358,1505.104904081642,3646.182530998468,4369.332765990556,3578.557789952008,3438.544539534609,285.4939258691691,1753.8554639553074,2755.9515990689497,1313.4374737407463,3846.32205462069,1493.9472722927267,5632.117402874097,0.0,345.57004478150105,1456.0619828799283,2603.924950587949,3929.1027873240014,3099.8266290510046,1219.0502410852334,2267.073390876085,2824.652044726392,3371.5839347403585,3200.4257173128103,4664.256536202974,1111.7937766015489,4968.930669581958,1045.9754095713954,3920.9532989393406,2817.97159081471,757.2014048833033,2990.360092303626,790.8584089563913,1024.73080293824,1831.0205056373638,2123.223039757644,2590.3090790601877,469.632286248346,2829.6865581736643,3400.4183781765805,4018.6227728415092,1725.3347292842138,4257.712950635946,2812.191310327092,1671.6843293133425,816.5069465011783,3759.7635135903056,4879.120049346697,1654.276371154034,3048.262996849279,1036.9849421957483,1457.7489772254596,3777.107082061224,4628.422895596628,3423.45815458998,1025.5401359231491,1308.3498290542404,4380.4383473914,2422.229060868206,3195.318408327058,4423.484872799789,4109.90907233513,3483.5936870635423,3697.920820879112,4495.400824123029,1232.6512025906663,3344.3294541976697,4891.315588303118,5363.594521630731,522.3362497067576,3595.1077324277144,3627.131323182979,4166.046191009062,1959.091520799707,3270.445042504249,5106.0944361864285,2011.8897745571335,4120.293363904335,3369.9042482106925,3577.2063067939953,2141.944679827328,2989.7992431721086,5288.869707752535,2373.2974145067437,876.034848064378,3843.778668242343,3300.613916057695,3767.2167621559324],
        [4108.815075529688,4601.9906836978935,3668.3822582153184,3898.3788708211473,1830.9407612680407,3989.0138881123594,4692.500010279865,3763.650788290527,3484.7311473198133,489.36557573589835,1781.504544294452,3051.4031651649716,1430.0663719484685,4187.5392650262465,1604.4278949206919,5941.845342829048,345.57004478150105,0.0,1687.5325698298607,2941.3256490027356,4268.808257113837,3444.779390821506,1555.0406381399823,2497.4454345304744,3166.704012542062,3643.053993564429,3434.9423215026222,5002.452422968748,1124.721983581282,5281.932402966863,1059.0977587663383,4266.23808840801,3083.1239500219704,1024.4814639167123,3321.7354166146015,775.538748596864,1331.1980001520944,2108.4245178377314,2179.734940156971,2857.066637317379,603.7948084927433,3160.086578180327,3643.2443397716693,4361.875471424968,2070.2857791446772,4592.194197294347,3094.9606407761266,1945.5161621851573,784.215027644847,4022.0472815949765,5187.263787938618,1917.4472979375391,3385.7124231437265,1003.3202625579945,1591.016704232446,3951.583463439706,4964.84251447898,3506.3844300577075,1370.5747972546574,1618.4407585147635,4700.396793560266,2726.127621999147,3374.2707350456326,4767.392386501624,4454.998691198573,3779.945283306065,4034.4622404491697,4796.587059518871,1510.76115938463,3407.6770092967736,5222.539425672506,5667.870680314505,814.1092174042983,3894.781361141457,3684.4719528945925,4511.110212477591,2293.6478387002353,3582.461622714189,5426.06304563078,2356.615345259712,4353.072136103559,3416.4703318830943,3860.3530989911196,2446.6066414937854,3159.525699326606,5600.2045430945145,2664.2523604422777,760.813400391582,4092.434773405403,3617.588307513731,4108.815075529688],
        [3338.333078305367,4555.187891039112,4634.465083471342,4643.091273120552,799.5481125360784,2818.0007971320138,3215.1139754328365,4353.6022433129165,4624.139261624546,1205.7576074161768,3052.813911682408,1470.3873089996723,602.137888870228,3422.0632129713586,2677.4365778528927,5564.841571246431,1456.0619828799283,1687.5325698298607,0.0,2414.061746084848,3537.375339594147,2595.5473671873497,888.8715933793507,2979.5029339683224,2048.508494192208,3737.812744470033,3788.1156548887648,4261.06536500449,2479.5433279125104,4896.956962004077,1020.2394564758359,3195.8614101968833,3280.689420121321,1752.151937156324,1991.44317243213,2209.3752102641856,1698.4497868257833,2389.238905170444,3349.8450767525937,1193.4821124296816,1091.6059365183298,2724.7410341111813,3929.109488570778,3181.956246896653,1526.1126899791957,3230.508997785217,1465.1252910895448,385.31413961210563,1190.5473410312072,4151.387435351153,4859.324345860752,307.3135975995878,2791.6325593550678,1163.178296098608,2599.3444491755404,4581.239451643823,4262.616741254777,4524.9298893215655,1234.3417145804733,580.3236424204966,4264.9890157176305,2672.776731639031,4018.8022133676086,3871.154680076138,3356.3834142720666,3661.54360817095,3392.1599204778317,4559.259986559101,355.9954640966006,4495.460270106351,4600.164436104086,5357.934063475709,1583.1897432461892,2304.55478526083,4781.977964137296,3407.4944036891275,1967.341871526397,2064.4836928109867,4952.4569348055775,1729.1080392233507,4651.52447655088,4556.98598947174,3846.863584715628,2440.7129520081635,3861.2251026174727,5219.363782608643,1085.6708095584993,1386.4308503468349,4308.179408008148,3305.501394907303,3338.333078305367],
        [1185.6801636257644,2201.8813511528488,3342.0135980216974,3034.580285913621,1615.832339851868,1525.6469918357927,2681.2613501532414,2606.0292373974926,3610.5290459476537,2629.4761913869233,2813.8180782882732,2113.5122489261666,2926.9734769409447,1259.7915331783054,2373.3185270614017,3165.208104090825,2603.924950587949,2941.3256490027356,2414.061746084848,0.0,1331.1512728828914,689.3793339128525,1640.6632067192563,1621.011739125946,1055.8353812986477,1570.1870451144646,1891.001311190091,2061.2178713555195,2712.835275952509,2493.8074050989567,3128.712378224837,1580.2549341639428,1364.7510722566512,2018.5452739017426,1525.8458206607743,2746.76106427032,1663.4803669816652,1262.831812154982,2801.7903781120535,2403.3901738319128,2716.7640677774134,318.9472926519244,1918.7560511477357,1813.381777054209,946.4291224662221,2324.850858989425,2311.352268109163,2121.4260553336567,3103.6682890381467,1948.3430873459026,2447.450047807013,2208.5023517567697,444.40143829721336,3229.907429306101,2264.9189062661394,2836.7426040341347,2024.6541504343268,3338.1052257531605,1601.8630764888185,1865.3175814776105,1867.0699271391127,765.8999929622662,2426.420047329625,1872.1276121069736,1772.443098589581,1331.6453715225653,1094.256303124168,2148.865654704131,2132.2560460021155,3426.2135986212743,2299.9554176873853,2946.478655553752,2157.680944743453,2519.728225261853,3664.6546048692444,1826.0396791808973,651.9680217448478,2104.924899181218,2576.0284869093794,691.2928438306747,2534.7901165270027,3560.6079031854856,1568.7226128513112,836.8518204800012,2396.252922061301,2817.990086633116,2040.025497839247,3272.461824316742,2159.9333669493094,906.715587020733,1185.6801636257644],
        [207.7674028472881,1892.341658185785,4069.612478929002,3590.9367939176427,2781.215033686682,1254.0439147277218,2364.0915765487716,3123.650642155512,4458.4015246339395,3938.248342060163,4015.0762297044153,2734.2894023658323,4104.816512884749,132.30485375244652,3604.220615950485,2151.785290284655,3929.1027873240014,4268.808257113837,3537.375339594147,1331.1512728828914,0.0,944.0679121259276,2887.5907592124277,2645.6874910054594,1586.7377816202222,1905.0920355885628,2447.5649759053076,741.1841685767183,4003.1322519794135,1546.3426091833755,4372.102288498724,919.4407450233803,2100.2737445418175,3346.198444964384,1926.8215422079907,4064.131018828102,2992.302249572319,2483.7720399075433,3922.4936004223537,3139.990162807632,4010.9277263568047,1172.6450038282594,2341.9499613008034,1242.435378652606,2228.33209620058,1879.5660761463735,2929.88823762578,3187.637815061173,4379.866023794089,2079.731450859756,1593.0306532344266,3278.399025780029,889.9584234339027,4485.083168146865,3501.6484330244434,3313.758095741405,727.0354936065721,4126.675783090079,2914.8980699813796,3052.445554322853,978.5489842040174,1827.4803931125093,3105.4580827753052,621.8434030118752,1007.6030689186565,1442.0323268085394,292.64373601350457,1525.1241160907427,3314.9343536275974,4266.3234320879155,1069.727173252865,2037.5787167995095,3488.830753795645,2728.6220510623907,4453.86248552844,1031.2635378445905,1983.0887689216572,2411.175091491955,1498.7818901372898,1945.0581343918302,2652.149627743036,4422.064082838861,1692.567200359521,2033.4118398668413,3169.1825081848992,1832.993967022088,2843.038301299422,4558.074846075295,2320.64832144589,1060.194815472386,207.7674028472881],
        [742.8843657009163,2431.079812712281,3983.241675758129,3627.0784583536556,1851.4476308461258,852.1451582102061,2044.0926616543484,3179.428630265789,4277.982884010278,3074.835488572394,3492.023860984836,1870.7955430811194,3168.4038926951025,826.5581503866007,3045.623973632377,3050.380503084956,3099.8266290510046,3444.779390821506,2595.5473671873497,689.3793339128525,944.0679121259276,0.0,1986.332355975494,2302.1498659861813,690.123329889175,2037.534563237388,2457.5902352721278,1666.81726440597,3350.247124060497,2407.6103084672322,3453.965260361997,899.5389756666103,1968.1804176597018,2602.2821374419254,1115.2822551686252,3349.6735965648304,2248.1336487157046,1946.9120340927454,3490.4262113267528,2247.9876780843797,3129.239414154837,791.2611934979923,2439.595120681629,1124.1320051846399,1374.5046414319527,1655.2297911608923,2072.3204965070368,2243.6487170383584,3480.1210679991764,2356.575500920898,2413.6067985926516,2334.4030191480506,512.5685390594865,3571.967404955496,2935.991242560021,3401.6736781042173,1667.2982233672901,3992.7071772837644,2074.2878819018747,2124.9213084396533,1784.9124529906032,1435.6519960395474,3044.2702800027882,1331.4577004547255,1094.1856660303692,1677.5964555455741,844.7961440874433,2223.4123368461283,2383.781508871072,4091.3642677030653,2012.5305770606046,2894.1481207149673,2706.4576485216276,2058.250340260844,4321.425366642427,1149.1482488156678,1253.6050144783103,1675.1148193170975,2409.315031539987,1088.396540986716,2962.3251206673394,4230.138580098939,1946.7674174391375,1526.2081311754537,3037.958400124749,2716.283327948029,1928.3223367377366,3664.47036714828,2590.6003083138394,1184.550594759506,742.8843657009163],
        [2704.226463166321,3703.440768679687,3811.523392044088,3778.1662410653566,321.76269787584494,2443.821519447472,3160.2401298475925,3473.8307422785642,3851.384675261545,1120.8076863895642,2400.9210694734497,1637.7007527418846,1305.5174631896962,2787.1063576615406,1974.4368244199839,4802.800092306143,1219.0502410852334,1555.0406381399823,888.8715933793507,1640.6632067192563,2887.5907592124277,1986.332355975494,0.0,2106.4656597049716,1619.9186910948638,2859.32596249782,2899.416852826852,3628.06074885696,1934.084138276219,4130.710610169843,1491.557361650729,2746.0367928876035,2392.739507873642,1096.3450387130913,1772.6749364457783,1758.0322255711246,912.321317051121,1509.8877870286294,2633.3885963482885,1595.5217818541012,1149.594221738039,1931.2582843885466,3040.792577916411,2818.229086062529,697.8720366130123,3038.6710377187555,1739.6961404114109,780.9796397647501,1494.7258270433013,3272.982099101836,4075.4553915791066,830.264821148297,2059.739196166318,1599.2018804702834,1879.9882213150909,3703.430183834383,3610.9256692708127,3717.435516726098,416.6370397083451,321.5218398007693,3506.832560775531,1795.2770531826418,3147.7548384276542,3315.789241132177,2929.486984527995,2811.5130599576964,2697.639514272332,3747.490152440409,544.0324268944772,3708.7443849271085,3917.4721051202105,4574.0108827760605,1030.0853793811596,2445.646606253395,3992.4474843128824,2984.9067846300286,1109.5148042099452,2089.5375791928527,4216.370380278972,956.0547098259277,3764.5238167996026,3786.0985647835,2982.2762735067636,1555.2059005105089,3000.1814187016917,4455.26393811211,1290.4593307180787,1678.1413741173817,3424.08624220178,2492.13452894464,2704.226463166321],
