{
    "drone_dist": [
        [0.0,9.877216442465302,55.88983773251875,49.12035799410255,17.863230534991587,40.282866776734615,46.33430259171897,55.17299723191531,36.44527571001364,51.980761259422295,27.207708798028207,33.265572806243675,43.432556818426775,17.094932795788885,58.19676291169374,26.73706699449806,58.13397837994028,43.413626174840765,34.502452235834504,49.971177731149275,18.08833793866653,35.49660933311351,31.68147592635151,40.00090528475138,46.54225533253799,47.02024245359477,19.271551146066084,47.862555587156606,48.58271596149097,37.027660575282766,0.0],
        [9.877216442465302,0.0,49.60028388655402,40.986717829588216,21.558834899129454,34.10493738993862,45.72737603555791,47.790496592174826,26.56995786107598,43.82676133067242,20.689440504520302,27.553944708444636,33.646896969626525,11.141875907803357,51.00047280293083,17.118685816182968,51.892470986533375,39.45404990685072,24.744354200977547,45.780437992123424,9.482092782029264,25.631487248288995,24.074979381385592,36.09711995296601,46.825417336957,39.35537469803802,9.394767406152395,42.288284523431216,42.10035875799644,27.365182596788518,9.877216442465302],
        [55.88983773251875,49.60028388655402,0.0,15.48711115633101,46.87674977096685,15.62322711556347,31.192715061746117,8.092722239439885,41.153411044395035,14.848512618390858,28.98079237058806,22.63578383855012,35.59622479366666,39.051941984475675,6.991456969835517,46.97041800214715,2.2989412038172596,17.206411632937623,36.226413024185206,13.532044417974497,40.41556456373288,42.09400301085513,25.98595063375981,19.4446530226024,35.421927878522766,13.43014395298465,44.72152718286097,8.869284241807003,7.52993886772229,33.95677401226229,55.88983773251875],
        [49.12035799410255,40.986717829588216,15.48711115633101,0.0,45.13891820663786,14.237913371918678,39.81835602558047,8.745933517139845,26.612939915054252,2.8604062827584777,22.679828831349816,19.53761541594832,20.244000251324707,32.21906700474163,12.136993806365206,34.11762347246569,17.21755566142446,23.888957518809505,22.30568254910384,24.40541009622037,31.527036583359806,27.69102288214286,17.51622672790899,23.922272631314673,43.79904154559337,3.9488320745585654,34.02235848001794,16.43453007636412,11.308202992638186,19.626230444642093,49.12035799410255],
        [17.863230534991587,21.558834899129454,46.87674977096685,45.13891820663786,0.0,32.57627764344538,29.78460141255226,48.68075329582715,42.97102904293079,47.813554680389245,23.17951963359805,25.865356901626594,47.2423065681342,17.416010442530396,51.04567752806663,36.5246212476419,48.87892808488339,31.224260298950103,38.93735993888054,37.59080608302209,22.48003761579685,42.48210019389622,28.844790313157336,28.106255113177163,29.33434341738927,41.94791474988967,27.92728164132577,38.06399144976926,40.55670812367349,40.42471877850935,17.863230534991587],
        [40.282866776734615,34.10493738993862,15.62322711556347,14.237913371918678,32.57627764344538,0.0,26.527848693835193,16.105329064739166,30.50682189993931,16.389896399842275,13.420889343999109,7.112959620376223,27.895761922017332,23.436527820210046,18.565934039604493,33.67657403383133,17.88813308508811,11.132133675585285,24.972918116060786,14.658333638230879,25.110243577400087,31.115132140166562,11.402820757586108,10.118134374666198,30.272282036790966,10.391106856184251,29.99787917268379,8.506431123462445,8.346304182491341,23.64488357233512,40.282866776734615],
        [46.33430259171897,45.72737603555791,31.192715061746117,39.81835602558047,29.78460141255226,26.527848693835193,0.0,37.50093218349187,54.449947751787796,41.24557937342172,30.92607094724524,25.82855897375575,53.75001994844569,35.58084422651931,37.90096446398751,53.82576729011413,32.09616851382772,15.93040491783317,48.91597638634959,17.67043314161145,40.42005880980177,54.7017076153132,33.784017067229406,16.449549588767937,4.229258696631625,35.89236657539514,46.982906650649994,24.22314931590173,29.34955683436669,48.467992701890296,46.33430259171897],
        [55.17299723191531,47.790496592174826,8.092722239439885,8.745933517139845,48.68075329582715,16.105329064739166,37.50093218349187,0.0,35.349382705185164,7.232646904438597,28.005698660381963,22.978653871863937,28.853214328581682,38.07806691190955,3.4550917167839645,42.505410502389374,9.204764209889783,22.170453232332473,30.925358169451584,20.307849358747728,38.332575796000675,36.41492905896728,23.726320096471593,23.448676414885437,41.69116646511322,8.568144546625433,41.63494578066945,13.368294872098383,8.721562553934707,28.320039909099354,55.17299723191531],
        [36.44527571001364,26.56995786107598,41.153411044395035,26.612939915054252,42.97102904293079,30.50682189993931,54.449947751787796,35.349382705185164,0.0,28.65301678539929,24.046738232910172,28.691665787320865,8.848780604352012,25.559521748024203,38.749467862970675,11.00183869535398,43.19884385986099,41.091603708533285,5.598370442109014,45.14039237165803,20.68409969759127,1.3147466944013178,20.705635241806508,38.919198060587846,57.34694800262453,27.743716642393064,17.184799525265127,38.08297659168358,34.66091692235698,7.2081755176869775,36.44527571001364],
        [51.980761259422295,43.82676133067242,14.848512618390858,2.8604062827584777,47.813554680389245,16.389896399842275,41.24557937342172,7.232646904438597,28.65301678539929,0.0,25.492541038466857,22.09328539862846,21.741064779600116,35.07375281963522,10.35713316902366,36.59241208121774,16.292864112931262,25.35087199543768,24.617060296013154,25.166988621542167,34.372899265191165,29.781288928557153,20.369357838456654,25.708843339718438,45.302173536467535,6.034302308556347,36.77049562822404,17.348521166722694,12.102372665413002,21.830681154059643,51.980761259422295],
        [27.207708798028207,20.689440504520302,28.98079237058806,22.679828831349816,23.17951963359805,13.420889343999109,30.92607094724524,28.005698660381963,24.046738232910172,25.492541038466857,0.0,7.100819443470641,25.590922670850453,10.146575368518874,30.991271643318793,23.140512530245793,31.26356777468583,20.097882248068917,18.772511726458326,25.910469571506432,11.911007334786882,24.114382674932088,5.665745296000287,17.066193816370298,33.51269564806683,20.075431225660193,17.542385540798676,21.64321550574255,21.53276457603597,19.16836514086177,27.207708798028207],
        [33.265572806243675,27.553944708444636,22.63578383855012,19.53761541594832,25.865356901626594,7.112959620376223,25.82855897375575,22.978653871863937,28.691665787320865,22.09328539862846,7.100819443470641,0.0,28.218822773134033,16.62245209006702,25.603121078752327,29.580381639453304,24.870888977120142,13.243677241234368,23.125076165095535,18.839786752487772,19.00072741552353,29.018406708732577,7.986043668395561,10.488864798408505,28.959897272681705,16.13713575741601,24.57070769034513,14.768175456857275,15.457158815884243,22.656407965980634,33.265572806243675],
        [43.432556818426775,33.646896969626525,35.59622479366666,20.244000251324707,47.2423065681342,27.895761922017332,53.75001994844569,28.853214328581682,8.848780604352012,21.741064779600116,25.590922670850453,28.218822773134033,0.0,30.15382329136414,32.092506189158726,19.602212401181397,37.42975578142838,39.00469772139446,8.94144019407921,41.92816280711176,26.19520940351444,10.163291265935536,20.757769273122868,37.46660574993033,57.09827709269474,22.361032756328658,24.38209663872031,34.25388246135674,30.021194860927626,6.832254849356926,43.432556818426775],
        [17.094932795788885,11.141875907803357,39.051941984475675,32.21906700474163,17.416010442530396,23.436527820210046,35.58084422651931,38.07806691190955,25.559521748024203,35.07375281963522,10.146575368518874,16.62245209006702,30.15382329136414,0.0,41.11204507169723,20.063233831682723,41.323151115853065,28.31738482524428,21.615495190632565,34.640508014042396,5.498313568084451,25.09743392665123,14.705135663598638,24.969897009511914,37.17652722613737,29.961868551712154,11.944032780026257,31.389519473415003,31.646645673461403,23.325150974388674,17.094932795788885],
        [58.19676291169374,51.00047280293083,6.991456969835517,12.136993806365206,51.04567752806663,18.565934039604493,37.90096446398751,3.4550917167839645,38.749467862970675,10.35713316902366,30.991271643318793,25.603121078752327,32.092506189158726,41.11204507169723,0.0,45.95917361604386,7.239600479896758,23.173425099462154,34.369657312309315,20.33400141730121,41.565327438921074,39.8267758458606,26.926015384070897,24.876150057088097,42.125014336679776,11.956999392421746,45.003877388709135,14.342883337158451,10.531910453956485,31.746379797732885,58.19676291169374],
        [26.73706699449806,17.118685816182968,46.97041800214715,34.11762347246569,36.5246212476419,33.67657403383133,53.82576729011413,42.505410502389374,11.00183869535398,36.59241208121774,23.140512530245793,29.580381639453304,19.602212401181397,20.063233831682723,45.95917361604386,0.0,49.18762648979274,42.810688891407416,12.272999264398033,47.99185890572947,14.564986986482381,9.771672112694928,22.361921283872995,40.01581432559508,56.05952386762479,34.15759414582867,8.610413077624129,42.04500072402425,39.76404949308993,15.30184762531792,26.73706699449806],
        [58.13397837994028,51.892470986533375,2.2989412038172596,17.21755566142446,48.87892808488339,17.88813308508811,32.09616851382772,9.204764209889783,43.19884385986099,16.292864112931262,31.26356777468583,24.870888977120142,37.42975578142838,41.323151115853065,7.239600479896758,49.18762648979274,0.0,18.771452807589643,38.33897278132376,14.465362178219804,42.7137818756948,44.16130120410474,28.282012941071486,21.21508107492043,36.3158013533736,15.455467990824701,47.01117084223797,10.814937000889053,9.828867092905652,36.01582393623081,58.13397837994028],
        [43.413626174840765,39.45404990685072,17.206411632937623,23.888957518809505,31.224260298950103,11.132133675585285,15.93040491783317,22.170453232332473,41.091603708533285,25.35087199543768,20.097882248068917,13.243677241234368,39.00469772139446,28.31738482524428,23.173425099462154,42.810688891407416,18.771452807589643,0.0,35.498393766240255,6.57527829776385,31.70790743807488,41.57854936556673,20.762119792445073,3.415871200088985,19.952107613672403,19.967646730808884,37.63124001166773,8.856408649374654,13.653053470334664,34.47032853481366,43.413626174840765],
        [34.502452235834504,24.744354200977547,36.226413024185206,22.30568254910384,38.93735993888054,24.972918116060786,48.91597638634959,30.925358169451584,5.598370442109014,24.617060296013154,18.772511726458326,23.125076165095535,8.94144019407921,21.615495190632565,34.369657312309315,12.272999264398033,38.33897278132376,35.498393766240255,0.0,39.6238487496881,17.34767542024686,6.145437821440079,15.141874168280362,33.32304098207401,51.8708567421188,22.934784717506766,15.567383849960692,32.68940262832387,29.488389109029306,3.0466036944812522,34.502452235834504],
        [49.971177731149275,45.780437992123424,13.532044417974497,24.40541009622037,37.59080608302209,14.658333638230879,17.67043314161145,20.307849358747728,45.14039237165803,25.166988621542167,25.910469571506432,18.839786752487772,41.92816280711176,34.640508014042396,20.33400141730121,47.99185890572947,14.465362178219804,6.57527829776385,39.6238487496881,0.0,37.73072140666412,45.768074012060104,25.645040173535293,9.974960560860046,21.898461410564995,20.790393087022174,43.40965331139452,7.994071470843769,13.12543805441534,38.197457157667586,49.971177731149275],
        [18.08833793866653,9.482092782029264,40.41556456373288,31.527036583359806,22.48003761579685,25.110243577400087,40.42005880980177,38.332575796000675,20.68409969759127,34.372899265191165,11.911007334786882,19.00072741552353,26.19520940351444,5.498313568084451,41.565327438921074,14.564986986482381,42.7137818756948,31.70790743807488,17.34767542024686,37.73072140666412,0.0,20.094154028882063,14.649328722985045,28.50109770489894,42.25166266186771,29.878632013076597,6.610510999431689,33.481905381906174,32.88968974699267,19.487119930278457,18.08833793866653],
        [35.49660933311351,25.631487248288995,42.09400301085513,27.69102288214286,42.48210019389622,31.115132140166562,54.7017076153132,36.41492905896728,1.3147466944013178,29.781288928557153,24.114382674932088,29.018406708732577,10.163291265935536,25.09743392665123,39.8267758458606,9.771672112694928,44.16130120410474,41.57854936556673,6.145437821440079,45.768074012060104,20.094154028882063,0.0,21.0438530497257,39.32613341225744,57.52656075246813,28.708574397182073,16.274733966202923,38.814261482812896,35.50741322442821,8.14817069052361,35.49660933311351],
        [31.68147592635151,24.074979381385592,25.98595063375981,17.51622672790899,28.844790313157336,11.402820757586108,33.784017067229406,23.726320096471593,20.705635241806508,20.369357838456654,5.665745296000287,7.986043668395561,20.757769273122868,14.705135663598638,26.926015384070897,22.361921283872995,28.282012941071486,20.762119792445073,15.141874168280362,25.645040173535293,14.649328722985045,21.0438530497257,0.0,18.31869293107199,36.81571907345367,15.376551394374772,18.785201903980898,19.8846529027935,18.468411815870933,14.814105040035939,31.68147592635151],
        [40.00090528475138,36.09711995296601,19.4446530226024,23.922272631314673,28.106255113177163,10.118134374666198,16.449549588767937,23.448676414885437,38.919198060587846,25.708843339718438,17.066193816370298,10.488864798408505,37.46660574993033,24.969897009511914,24.876150057088097,40.01581432559508,21.21508107492043,3.415871200088985,33.32304098207401,9.974960560860046,28.50109770489894,39.32613341225744,18.31869293107199,0.0,20.15414920840206,19.976345233916398,34.53672524291995,10.658610803322908,14.733495971316424,32.528336150231645,40.00090528475138],
        [46.54225533253799,46.825417336957,35.421927878522766,43.79904154559337,29.33434341738927,30.272282036790966,4.229258696631625,41.69116646511322,57.34694800262453,45.302173536467535,33.51269564806683,28.959897272681705,57.09827709269474,37.17652722613737,42.125014336679776,56.05952386762479,36.3158013533736,19.952107613672403,51.8708567421188,21.898461410564995,42.25166266186771,57.52656075246813,36.81571907345367,20.15414920840206,0.0,39.86022085227897,48.85819460559648,28.384138639667423,33.47539398566227,51.59980570651227,46.54225533253799],
        [47.02024245359477,39.35537469803802,13.43014395298465,3.9488320745585654,41.94791474988967,10.391106856184251,35.89236657539514,8.568144546625433,27.743716642393064,6.034302308556347,20.075431225660193,16.13713575741601,22.361032756328658,29.961868551712154,11.956999392421746,34.15759414582867,15.455467990824701,19.967646730808884,22.934784717506766,20.790393087022174,29.878632013076597,28.708574397182073,15.376551394374772,19.976345233916398,39.86022085227897,0.0,33.066803627094785,12.796743652363368,7.897315629801619,20.561691327573314,47.02024245359477],
        [19.271551146066084,9.394767406152395,44.72152718286097,34.02235848001794,27.92728164132577,29.99787917268379,46.982906650649994,41.63494578066945,17.184799525265127,36.77049562822404,17.542385540798676,24.57070769034513,24.38209663872031,11.944032780026257,45.003877388709135,8.610413077624129,47.01117084223797,37.63124001166773,15.567383849960692,43.40965331139452,6.610510999431689,16.274733966202923,18.785201903980898,34.53672524291995,48.85819460559648,33.066803627094785,0.0,38.497961743473255,37.22693333829736,18.34361716557104,19.271551146066084],
        [47.862555587156606,42.288284523431216,8.869284241807003,16.43453007636412,38.06399144976926,8.506431123462445,24.22314931590173,13.368294872098383,38.08297659168358,17.348521166722694,21.64321550574255,14.768175456857275,34.25388246135674,31.389519473415003,14.342883337158451,42.04500072402425,10.814937000889053,8.856408649374654,32.68940262832387,7.994071470843769,33.481905381906174,38.814261482812896,19.8846529027935,10.658610803322908,28.384138639667423,12.796743652363368,38.497961743473255,0.0,5.24725466418282,30.986993652991536,47.862555587156606],
        [48.58271596149097,42.10035875799644,7.52993886772229,11.308202992638186,40.55670812367349,8.346304182491341,29.34955683436669,8.721562553934707,34.66091692235698,12.102372665413002,21.53276457603597,15.457158815884243,30.021194860927626,31.646645673461403,10.531910453956485,39.76404949308993,9.828867092905652,13.653053470334664,29.488389109029306,13.12543805441534,32.88968974699267,35.50741322442821,18.468411815870933,14.733495971316424,33.47539398566227,7.897315629801619,37.22693333829736,5.24725466418282,0.0,27.463946478618027,48.58271596149097],
        [37.027660575282766,27.365182596788518,33.95677401226229,19.626230444642093,40.42471877850935,23.64488357233512,48.467992701890296,28.320039909099354,7.2081755176869775,21.830681154059643,19.16836514086177,22.656407965980634,6.832254849356926,23.325150974388674,31.746379797732885,15.30184762531792,36.01582393623081,34.47032853481366,3.0466036944812522,38.197457157667586,19.487119930278457,8.14817069052361,14.814105040035939,32.528336150231645,51.59980570651227,20.561691327573314,18.34361716557104,30.986993652991536,27.463946478618027,0.0,37.027660575282766],
        [0.0,9.877216442465302,55.88983773251875,49.12035799410255,17.863230534991587,40.282866776734615,46.33430259171897,55.17299723191531,36.44527571001364,51.980761259422295,27.207708798028207,33.265572806243675,43.432556818426775,17.094932795788885,58.19676291169374,26.73706699449806,58.13397837994028,43.413626174840765,34.502452235834504,49.971177731149275,18.08833793866653,35.49660933311351,31.68147592635151,40.00090528475138,46.54225533253799,47.02024245359477,19.271551146066084,47.862555587156606,48.58271596149097,37.027660575282766,0.0]
    ],
    "end_depot": 30,
    "start_depot": 0,
    "truck_dist": [
        [0.0,11.589507107562113,77.16913725908654,69.38459247581683,22.687479038510304,55.79878077381033,47.46568918332753,77.82013992341331,42.27569920371811,73.42532711229897,38.23837813277794,45.754161352161454,54.69540521694926,24.11118955230234,81.87295674065345,27.013889733201843,80.10897023307678,55.03717855545734,43.70477785571379,63.671492415670386,24.874197625552497,40.43539485419609,44.80329574579942,50.79866334143725,51.60484369459777,66.48203239378935,22.711366943915603,64.84285306461017,67.55755424604222,47.96019371779871,0.0],
        [11.589507107562113,0.0,65.57963015152443,57.79508536825472,30.48505137266541,44.20927366624821,55.26326151748263,66.23063281585118,30.686192096156,61.83582000473686,26.648871025215822,34.16465424459934,43.10589810938714,12.521682444740225,70.28344963309134,18.659775689011674,68.51946312551466,43.447671447895225,32.11527074815168,52.08198530810827,13.284690517990384,28.845887746633977,33.213788638237304,39.209156233875134,59.402416028752874,54.89252528622724,11.12185983635349,53.253345957048055,55.9680471384801,36.37068661023659,11.589507107562113],
        [77.16913725908654,65.57963015152443,0.0,20.47198296341547,66.05750798297824,21.370356485276215,31.99454767961504,11.426307453437847,46.57954982451029,20.66253952305562,38.9307591263086,31.414975906925086,45.04568577811541,53.057947706784205,8.696839851748152,50.1552475258847,2.9398329739902316,22.131958703629202,38.7923014388114,13.566356767425473,52.29493963353404,46.84487536419448,32.36584151328712,26.370473917649296,36.31203053168286,15.701061199610734,54.45777031517093,12.326284194476369,9.611583013044328,38.117746783375885,77.16913725908654],
        [69.38459247581683,57.79508536825472,20.47198296341547,0.0,58.27296319970853,14.861429095821993,50.841702498231825,9.045675509977624,27.10889327209872,4.04073463648214,31.146214343038896,23.630431123655377,24.573702814699946,45.273402923514496,12.488364264836626,42.37070274261499,21.86037894520786,30.586210887732484,25.679814620103038,34.038339730840946,44.51039485026433,28.94919762162074,24.58129673001741,28.268595541797158,54.98085700950207,4.7709217638047345,46.673225531901224,22.79386234894222,15.887505819113473,21.424398758018125,69.38459247581683],
        [22.687479038510304,30.48505137266541,66.05750798297824,58.27296319970853,0.0,44.68715149770202,34.0629603033632,66.70851064730499,52.17105921450942,62.31369783619067,27.126748856669632,34.64253207605315,50.63719516811455,20.919996942979072,70.76132746454516,49.144827061677084,68.99734095696846,43.925549279349035,44.38381082881053,52.55986313956208,28.658260499237556,52.43638475419361,33.691666469691114,39.687034065328945,29.74547745129538,55.37040311768105,37.7533072165329,53.731223788501865,56.44592496993391,43.70925617337502,22.687479038510304],
        [55.79878077381033,44.20927366624821,21.370356485276215,14.861429095821993,44.68715149770202,0.0,35.980273402409836,22.021359149602976,40.968995956916814,17.626546338488644,17.56040264103239,10.044619421648871,39.43513191052194,31.687591221507986,26.074175966843132,37.94276380408447,24.310189459266446,15.724781791910491,33.18174757121792,19.17691063501895,30.924583148257828,41.234321496601,11.79609899322913,13.407166445975164,40.11942791368007,10.683251619979034,33.08741382989472,9.044072290799845,11.758773472231885,32.507192915782404,55.79878077381033],
        [47.46568918332753,55.26326151748263,31.99454767961504,50.841702498231825,34.0629603033632,35.980273402409836,0.0,41.796026988254205,76.94926935932665,51.03225905787197,43.18255086530726,36.5225001044816,75.41540531293177,45.69820708779629,39.0665593865645,73.92303720649431,34.934380653605274,20.25549161049934,69.16202097362776,18.49690283619889,53.43647064405478,77.21459489901083,47.77637239563896,22.573106956434668,4.317482852067817,46.07078073442709,62.531517361350126,28.047840149289602,34.954196679118354,68.48746631819225,47.46568918332753],
        [77.82013992341331,66.23063281585118,11.426307453437847,9.045675509977624,66.70851064730499,22.021359149602976,41.796026988254205,0.0,35.54444071969519,9.236232069617772,39.58176179063537,32.06597857125185,33.61937832467757,53.70895037111096,4.052816817240156,50.80625019021146,12.814703435230236,22.782961367955963,34.11536206769951,24.99266422086332,52.9459422978608,37.38474506921721,33.016844177613876,27.021476581976053,45.93518149952445,11.338107529623942,55.108772979497694,13.748186838964598,10.26258567737109,29.85994620561459,77.82013992341331],
        [42.27569920371811,30.686192096156,46.57954982451029,27.10889327209872,52.17105921450942,40.968995956916814,76.94926935932665,35.54444071969519,0.0,31.149627908580857,33.76671849401937,40.42676925484504,12.419706013231146,31.251062271530348,39.59725753693534,15.261809470516269,47.96794580630268,56.6937777488273,7.7872483856988906,60.145906591935756,23.512798715271863,1.8403043495220235,29.17289696368768,54.37616240289198,81.08842387059688,30.87848862489955,19.56433225980251,48.90142921003704,41.995072680208295,8.461803041134406,42.27569920371811],
        [73.42532711229897,61.83582000473686,20.66253952305562,4.04073463648214,62.31369783619067,17.626546338488644,51.03225905787197,9.236232069617772,31.149627908580857,0.0,35.186948979521034,27.671165760137516,24.3831462550598,49.31413755999664,11.965699671307467,46.41143737909712,22.050935504848006,30.77676744737263,29.72054925658518,34.22889629048109,48.551129486746476,32.98993225810288,28.62203136649955,28.459152101437308,55.17141356914222,6.9432947185096126,50.713960168383366,22.98441890858237,16.07806237875362,25.465133394500263,73.42532711229897],
        [38.23837813277794,26.648871025215822,38.9307591263086,31.146214343038896,27.126748856669632,17.56040264103239,43.18255086530726,39.58176179063537,33.76671849401937,35.186948979521034,0.0,7.515783219383518,32.232854447624504,14.127188580475597,43.634578607875525,30.74048634118704,41.870592100298836,22.927059254807926,25.979470108320484,26.379188097916384,13.364180507225438,34.03204403370357,6.5649176130214855,20.6094439088726,47.32170537657751,28.24365426101142,19.348966496042856,26.604474931832232,29.319176113264273,25.30491545288497,38.23837813277794],
        [45.754161352161454,34.16465424459934,31.414975906925086,23.630431123655377,34.64253207605315,10.044619421648871,36.5225001044816,32.06597857125185,40.42676925484504,27.671165760137516,7.515783219383518,0.0,38.89290520845017,21.642971799859115,36.118795388492,37.400537102012706,34.354808880915314,16.26700849398226,32.63952086914615,19.719137337090718,20.879963726608956,40.69209479452923,11.25387229115736,13.949393148046934,40.66165461575184,20.727871041627907,26.00901725686852,19.088691712448714,21.803392893880755,31.964966213710635,45.754161352161454],
        [54.69540521694926,43.10589810938714,45.04568577811541,24.573702814699946,50.63719516811455,39.43513191052194,75.41540531293177,33.61937832467757,12.419706013231146,24.3831462550598,32.232854447624504,38.89290520845017,0.0,30.58421566464692,36.34884592636727,27.681515483747415,46.434081759907805,55.15991370243243,10.990627361235468,58.61204254554089,29.82120759139676,14.26001036275317,27.63903291729281,52.8422983564971,79.55455982420202,29.34462457850468,31.984038273033654,47.36756516364217,40.46120863381342,6.9279389947395345,54.69540521694926],
        [24.11118955230234,12.521682444740225,53.057947706784205,45.273402923514496,20.919996942979072,31.687591221507986,45.69820708779629,53.70895037111096,31.251062271530348,49.31413755999664,14.127188580475597,21.642971799859115,30.58421566464692,0.0,57.76176718835112,28.224830118698012,55.99778068077443,30.925989003155,23.463813885831456,39.56030286336805,7.7382635562584845,31.51638781121454,20.692106193497082,26.687473789134906,49.83736159906654,42.37084284148702,16.833310273553828,40.73166351230783,43.44636469373987,23.849004165496368,24.11118955230234],
        [81.87295674065345,70.28344963309134,8.696839851748152,12.488364264836626,70.76132746454516,26.074175966843132,39.0665593865645,4.052816817240156,39.59725753693534,11.965699671307467,43.634578607875525,36.118795388492,36.34884592636727,57.76176718835112,0.0,54.859067007451614,10.08523583354054,26.83577818519612,38.16817888493967,22.263196619173623,56.99875911510095,41.437561886457374,37.06966099485403,31.074293399216213,43.205713897834755,15.390924346864098,59.16158979673785,17.03010367604329,14.315402494611247,33.91276302285475,81.87295674065345],
        [27.013889733201843,18.659775689011674,50.1552475258847,42.37070274261499,49.144827061677084,37.94276380408447,73.92303720649431,50.80625019021146,15.261809470516269,46.41143737909712,30.74048634118704,37.400537102012706,27.681515483747415,28.224830118698012,54.859067007451614,0.0,53.095080499874925,53.667545595994966,16.69088812251195,57.11967443910342,20.486566562439528,13.421505120994247,26.146664810855345,51.34993025005964,78.06219171776455,39.46814266058752,11.391519845144185,45.8751970572047,40.543664512840365,20.946303984596863,27.013889733201843],
        [80.10897023307678,68.51946312551466,2.9398329739902316,21.86037894520786,68.99734095696846,24.310189459266446,34.934380653605274,12.814703435230236,47.96794580630268,22.050935504848006,41.870592100298836,34.354808880915314,46.434081759907805,55.99778068077443,10.08523583354054,53.095080499874925,0.0,25.071791677619434,40.180697420603785,16.437477817406382,55.23477260752428,48.233271345986864,35.30567448727735,29.310306891639527,39.251863505673086,17.089457181403123,57.39760328916117,15.2661171684666,12.55141598703456,39.50614276516827,80.10897023307678],
        [55.03717855545734,43.447671447895225,22.131958703629202,30.586210887732484,43.925549279349035,15.724781791910491,20.25549161049934,22.782961367955963,56.6937777488273,30.77676744737263,22.927059254807926,16.26700849398226,55.15991370243243,30.925989003155,26.83577818519612,53.667545595994966,25.071791677619434,0.0,48.90652936312841,8.634313860213052,33.18097903355544,56.95910328851149,27.52088078513962,4.238515214020094,24.394646121769583,25.815289123927748,42.27602575085078,9.805674509152832,14.698705068619011,48.2319747076929,55.03717855545734],
        [43.70477785571379,32.11527074815168,38.7923014388114,25.679814620103038,44.38381082881053,33.18174757121792,69.16202097362776,34.11536206769951,7.7872483856988906,29.72054925658518,25.979470108320484,32.63952086914615,10.990627361235468,23.463813885831456,38.16817888493967,16.69088812251195,40.180697420603785,48.90652936312841,0.0,52.35865820623687,18.830580230161296,8.05257392538308,21.38564857798879,46.58891401719308,73.301175484898,23.09124023920066,20.993410911798186,41.11418082433815,34.2078242945094,4.255415862084916,43.70477785571379],
        [63.671492415670386,52.08198530810827,13.566356767425473,34.038339730840946,52.55986313956208,19.17691063501895,18.49690283619889,24.99266422086332,60.145906591935756,34.22889629048109,26.379188097916384,19.719137337090718,58.61204254554089,39.56030286336805,22.263196619173623,57.11967443910342,16.437477817406382,8.634313860213052,52.35865820623687,0.0,38.79729479011789,60.411232131619954,30.97300962824808,12.872829074233145,22.814385688266707,29.26741796703621,45.72815459395924,11.24447738189872,18.150833911727467,51.68410355080135,63.671492415670386],
        [24.874197625552497,13.284690517990384,52.29493963353404,44.51039485026433,28.658260499237556,30.924583148257828,53.43647064405478,52.9459422978608,23.512798715271863,48.551129486746476,13.364180507225438,20.879963726608956,29.82120759139676,7.7382635562584845,56.99875911510095,20.486566562439528,55.23477260752428,33.18097903355544,18.830580230161296,38.79729479011789,0.0,23.778124254956055,19.929098120246923,30.86336368762011,57.57562515532502,41.607834768236856,9.095046717295343,39.96865543905767,42.68335662048972,23.08599609224621,24.874197625552497],
        [40.43539485419609,28.845887746633977,46.84487536419448,28.94919762162074,52.43638475419361,41.234321496601,77.21459489901083,37.38474506921721,1.8403043495220235,32.98993225810288,34.03204403370357,40.69209479452923,14.26001036275317,31.51638781121454,41.437561886457374,13.421505120994247,48.233271345986864,56.95910328851149,8.05257392538308,60.411232131619954,23.778124254956055,0.0,29.438222503371872,54.64148794257616,81.35374941028107,31.14381416458374,17.724027910280487,49.166754749721235,42.26039821989248,8.727128580818595,40.43539485419609],
        [44.80329574579942,33.213788638237304,32.36584151328712,24.58129673001741,33.691666469691114,11.79609899322913,47.77637239563896,33.016844177613876,29.17289696368768,28.62203136649955,6.5649176130214855,11.25387229115736,27.63903291729281,20.692106193497082,37.06966099485403,26.146664810855345,35.30567448727735,27.52088078513962,21.38564857798879,30.97300962824808,19.929098120246923,29.438222503371872,0.0,25.203265439204294,51.91552690690921,21.678736647989936,22.091928801883817,20.03955731881075,22.75425850024279,20.711093922553275,44.80329574579942],
        [50.79866334143725,39.209156233875134,26.370473917649296,28.268595541797158,39.687034065328945,13.407166445975164,22.573106956434668,27.021476581976053,54.37616240289198,28.459152101437308,20.6094439088726,13.949393148046934,52.8422983564971,26.687473789134906,31.074293399216213,51.34993025005964,29.310306891639527,4.238515214020094,46.58891401719308,12.872829074233145,30.86336368762011,54.64148794257616,25.203265439204294,0.0,26.71226146770491,23.497673777992425,39.958410404915455,14.044189723172925,16.758890904604968,45.91435936175757,50.79866334143725],
        [51.60484369459777,59.402416028752874,36.31203053168286,54.98085700950207,29.74547745129538,40.11942791368007,4.317482852067817,45.93518149952445,81.08842387059688,55.17141356914222,47.32170537657751,40.66165461575184,79.55455982420202,49.83736159906654,43.205713897834755,78.06219171776455,39.251863505673086,24.394646121769583,73.301175484898,22.814385688266707,57.57562515532502,81.35374941028107,51.91552690690921,26.71226146770491,0.0,50.20993524569733,66.67067187262036,32.18699466055985,39.093351190388596,72.62662082946248,51.60484369459777],
        [66.48203239378935,54.89252528622724,15.701061199610734,4.7709217638047345,55.37040311768105,10.683251619979034,46.07078073442709,11.338107529623942,30.87848862489955,6.9432947185096126,28.24365426101142,20.727871041627907,29.34462457850468,42.37084284148702,15.390924346864098,39.46814266058752,17.089457181403123,25.815289123927748,23.09124023920066,29.26741796703621,41.607834768236856,31.14381416458374,21.678736647989936,23.497673777992425,50.20993524569733,0.0,43.77066544987375,18.022940585137487,11.116584055308738,22.416685583765144,66.48203239378935],
        [22.711366943915603,11.12185983635349,54.45777031517093,46.673225531901224,37.7533072165329,33.08741382989472,62.531517361350126,55.108772979497694,19.56433225980251,50.713960168383366,19.348966496042856,26.00901725686852,31.984038273033654,16.833310273553828,59.16158979673785,11.391519845144185,57.39760328916117,42.27602575085078,20.993410911798186,45.72815459395924,9.095046717295343,17.724027910280487,22.091928801883817,39.958410404915455,66.67067187262036,43.77066544987375,0.0,42.13148612069457,44.84618730212661,25.248826773883103,22.711366943915603],
        [64.84285306461017,53.253345957048055,12.326284194476369,22.79386234894222,53.731223788501865,9.044072290799845,28.047840149289602,13.748186838964598,48.90142921003704,22.98441890858237,26.604474931832232,19.088691712448714,47.36756516364217,40.73166351230783,17.03010367604329,45.8751970572047,15.2661171684666,9.805674509152832,41.11418082433815,11.24447738189872,39.96865543905767,49.166754749721235,20.03955731881075,14.044189723172925,32.18699466055985,18.022940585137487,42.13148612069457,0.0,6.906356529828749,40.439626168902635,64.84285306461017],
        [67.55755424604222,55.9680471384801,9.611583013044328,15.887505819113473,56.44592496993391,11.758773472231885,34.954196679118354,10.26258567737109,41.995072680208295,16.07806237875362,29.319176113264273,21.803392893880755,40.46120863381342,43.44636469373987,14.315402494611247,40.543664512840365,12.55141598703456,14.698705068619011,34.2078242945094,18.150833911727467,42.68335662048972,42.26039821989248,22.75425850024279,16.758890904604968,39.093351190388596,11.116584055308738,44.84618730212661,6.906356529828749,0.0,33.533269639073886,67.55755424604222],
        [47.96019371779871,36.37068661023659,38.117746783375885,21.424398758018125,43.70925617337502,32.507192915782404,68.48746631819225,29.85994620561459,8.461803041134406,25.465133394500263,25.30491545288497,31.964966213710635,6.9279389947395345,23.849004165496368,33.91276302285475,20.946303984596863,39.50614276516827,48.2319747076929,4.255415862084916,51.68410355080135,23.08599609224621,8.727128580818595,20.711093922553275,45.91435936175757,72.62662082946248,22.416685583765144,25.248826773883103,40.439626168902635,33.533269639073886,0.0,47.96019371779871],
        [0.0,11.589507107562113,77.16913725908654,69.38459247581683,22.687479038510304,55.79878077381033,47.46568918332753,77.82013992341331,42.27569920371811,73.42532711229897,38.23837813277794,45.754161352161454,54.69540521694926,24.11118955230234,81.87295674065345,27.013889733201843,80.10897023307678,55.03717855545734,43.70477785571379,63.671492415670386,24.874197625552497,40.43539485419609,44.80329574579942,50.79866334143725,51.60484369459777,66.48203239378935,22.711366943915603,64.84285306461017,67.55755424604222,47.96019371779871,0.0]
    ],
    "vertex_count": 31
}