{
    "drone_dist": [
        [0.0,26.61460015330989,33.54025886033015,39.14663239795089,38.65087096309156,12.967468297619687,18.45159250366177,15.148702798554396,41.34581179764403,21.93666877518852,39.95281595427115,35.266188869011664,8.705134363838768,10.008754911565612,5.799762657863035,26.57422053334241,34.16914825192008,26.015344510217087,6.445490401667651,42.89147884956731,0.0],
        [26.61460015330989,0.0,19.702811053337204,12.787082708114538,15.673243930725022,32.640533154859014,8.21719237971254,24.52943544628069,38.47755800599603,30.54843748660919,13.509009501328402,22.253731575644093,23.909254432220106,36.179141430545876,32.406554220364086,0.1928639039279167,13.199622688760758,18.04264602321977,32.773442011304496,28.862965151748167,26.61460015330989],
        [33.54025886033015,19.702811053337204,0.0,25.685967566638954,12.343084099611684,44.464654535829226,20.82215631853405,39.42046401708174,57.8956907459331,46.77294216962879,25.687326907083282,41.93711072719218,35.89899433241069,43.25331501963584,38.208649079160544,19.892331454185253,32.12443602892956,37.15736732575253,37.605430549934134,48.2763205406975,33.54025886033015],
        [39.14663239795089,12.787082708114538,25.685967566638954,0.0,15.198359516258192,43.59816294578221,20.94978360078353,34.41315504606064,40.461954503998705,38.80691736644869,0.9576324531923955,22.428475770290312,35.34193414225955,48.4278082761584,44.9452300758761,12.78299227652575,11.425689544957237,23.503089093795214,45.41356023362704,26.136276542600708,39.14663239795089],
        [38.65087096309156,15.673243930725022,12.343084099611684,15.198359516258192,0.0,47.127580320641904,21.456090347405922,39.852327613152355,52.94183640585468,46.17903737755155,14.898879178605497,35.455347298457696,38.22442355203914,48.65449522957861,44.105158261589644,15.84373067405285,24.48685960292929,33.279616662657006,43.963986568128874,40.51756310502063,38.65087096309156],
        [12.967468297619687,32.640533154859014,44.464654535829226,43.59816294578221,47.127580320641904,0.0,25.67161440983951,9.948709570070342,32.702724091590575,12.235281907163243,44.51908766094189,32.424218836335804,8.904579042955367,10.767486735222418,12.998999783966413,32.530978959099166,35.51948950063576,23.842097684015695,14.800466642473928,39.11829776851729,12.967468297619687],
        [18.45159250366177,8.21719237971254,20.82215631853405,20.94978360078353,21.456090347405922,25.67161440983951,0.0,18.939910752788922,38.201935674315884,26.032385920858268,21.700783404487606,24.697612318388934,16.769292515394383,28.153922332425005,24.229393385025716,8.196554714764753,18.661643242493522,17.59510090034343,24.561591680623007,32.197415713525984,18.45159250366177],
        [15.148702798554396,24.52943544628069,39.42046401708174,34.41315504606064,39.852327613152355,9.948709570070342,18.939910752788922,0.0,26.198296078799373,7.777477557791533,35.35538879160344,22.694262345298323,6.465515769556998,18.810041302410617,18.584686275548847,24.390042269387795,25.70998211138846,13.91434511053633,20.149734297129598,29.70714906432964,15.148702798554396],
        [41.34581179764403,38.47755800599603,57.8956907459331,40.461954503998705,52.94183640585468,32.702724091590575,38.201935674315884,26.198296078799373,0.0,20.491069945059664,41.29802141831261,18.036664350194226,32.64797696914975,43.40285633095438,44.40571517692536,38.28474006320536,29.12885156709273,20.786913764999586,46.07881161994458,17.20920892892233,41.34581179764403],
        [21.93666877518852,30.54843748660919,46.77294216962879,38.80691736644869,46.17903737755155,12.235281907163243,26.032385920858268,7.777477557791533,20.491069945059664,0.0,39.764531823829586,22.568372174189392,13.690242429544485,22.911913374311045,24.183365002068076,30.387310436576062,28.71251121362461,15.791275991450377,25.916520648553693,28.260591107665427,21.93666877518852],
        [39.95281595427115,13.509009501328402,25.687326907083282,0.9576324531923955,14.898879178605497,44.51908766094189,21.700783404487606,35.35538879160344,41.29802141831261,39.764531823829586,0.0,23.26146275513353,36.23783630000312,49.27455746971044,45.752399591284224,13.514073798630545,12.310891057265152,24.45379198833332,46.200444736874886,26.805946125138448,39.95281595427115],
        [35.266188869011664,22.253731575644093,41.93711072719218,22.428475770290312,35.455347298457696,32.424218836335804,24.697612318388934,22.694262345298323,18.036664350194226,22.568372174189392,23.26146275513353,0.0,27.51150743805207,41.300396572737554,40.11298394389074,22.066836507772713,11.166925406770073,9.265296114256744,41.38149607454972,7.771531713106983,35.266188869011664],
        [8.705134363838768,23.909254432220106,35.89899433241069,35.34193414225955,38.22442355203914,8.904579042955367,16.769292515394383,6.465515769556998,32.64797696914975,13.690242429544485,36.23783630000312,27.51150743805207,0.0,14.06669065288883,12.679769434587365,23.810013087235536,28.309596348873427,18.28983848183224,14.091352964975096,34.93113787594917,8.705134363838768],
        [10.008754911565612,36.179141430545876,43.25331501963584,48.4278082761584,48.65449522957861,10.767486735222418,28.153922332425005,18.810041302410617,43.40285633095438,22.911913374311045,49.27455746971044,41.300396572737554,14.06669065288883,0.0,5.217457847339113,36.120859272561546,42.26012167381336,32.190444962127366,6.455547072486542,48.48886600051993,10.008754911565612],
        [5.799762657863035,32.406554220364086,38.208649079160544,44.9452300758761,44.105158261589644,12.998999783966413,24.229393385025716,18.584686275548847,44.40571517692536,24.183365002068076,45.752399591284224,40.11298394389074,12.679769434587365,5.217457847339113,0.0,32.367990015372,39.74148745751604,30.85581916026941,1.8014914185288535,47.59430266788787,5.799762657863035],
        [26.57422053334241,0.1928639039279167,19.892331454185253,12.78299227652575,15.84373067405285,32.530978959099166,8.196554714764753,24.390042269387795,38.28474006320536,30.387310436576062,13.514073798630545,22.066836507772713,23.810013087235536,36.120859272561546,32.367990015372,0.0,13.044518679881895,17.852477058685302,32.74515649535431,28.68617757192889,26.57422053334241],
        [34.16914825192008,13.199622688760758,32.12443602892956,11.425689544957237,24.48685960292929,35.51948950063576,18.661643242493522,25.70998211138846,29.12885156709273,28.71251121362461,12.310891057265152,11.166925406770073,28.309596348873427,42.26012167381336,39.74148745751604,13.044518679881895,0.0,12.939340340248753,40.61256241579212,16.250490108732897,34.16914825192008],
        [26.015344510217087,18.04264602321977,37.15736732575253,23.503089093795214,33.279616662657006,23.842097684015695,17.59510090034343,13.91434511053633,20.786913764999586,15.791275991450377,24.45379198833332,9.265296114256744,18.28983848183224,32.190444962127366,30.85581916026941,17.852477058685302,12.939340340248753,0.0,32.116370587842844,16.89141738969458,26.015344510217087],
        [6.445490401667651,32.773442011304496,37.605430549934134,45.41356023362704,43.963986568128874,14.800466642473928,24.561591680623007,20.149734297129598,46.07881161994458,25.916520648553693,46.200444736874886,41.38149607454972,14.091352964975096,6.455547072486542,1.8014914185288535,32.74515649535431,40.61256241579212,32.116370587842844,0.0,48.91916127027136,6.445490401667651],
        [42.89147884956731,28.862965151748167,48.2763205406975,26.136276542600708,40.51756310502063,39.11829776851729,32.197415713525984,29.70714906432964,17.20920892892233,28.260591107665427,26.805946125138448,7.771531713106983,34.93113787594917,48.48886600051993,47.59430266788787,28.68617757192889,16.250490108732897,16.89141738969458,48.91916127027136,0.0,42.89147884956731],
        [0.0,26.61460015330989,33.54025886033015,39.14663239795089,38.65087096309156,12.967468297619687,18.45159250366177,15.148702798554396,41.34581179764403,21.93666877518852,39.95281595427115,35.266188869011664,8.705134363838768,10.008754911565612,5.799762657863035,26.57422053334241,34.16914825192008,26.015344510217087,6.445490401667651,42.89147884956731,0.0]
    ],
    "end_depot": 20,
    "start_depot": 0,
    "truck_dist": [
        [0.0,36.13814621791996,37.47609517090336,54.20727588805407,45.18681565120494,18.338428610670864,24.721468731093555,16.200629031157366,43.83340999232791,27.15571870237029,55.16888693947072,45.9547713292186,8.926338664663987,11.407627402691887,7.993434022380555,36.156910014736255,48.17718991043138,33.65106866984992,9.1039581371128,54.94035265166262,0.0],
        [36.13814621791996,0.0,26.954295392663752,18.06912967013411,20.23419709578691,36.026324078468335,11.416677486826405,26.722428809396977,54.35520977056751,37.677518480609905,19.03074072155076,29.90135464332442,27.659985649217695,47.54577362061184,44.131580240300515,0.27210455859038873,14.266096355383858,25.394656845649685,45.242104355032765,36.2300779453341,36.13814621791996],
        [37.47609517090336,26.954295392663752,0.0,26.22936689122183,16.110360922725675,55.81452378157422,29.12316061950538,53.676724202060726,81.30950516323126,64.63181387327364,26.09243221099145,56.85565003598818,46.40243383556735,45.855617042760414,39.31443852972782,27.22639995125414,41.22039174804761,52.34895223831344,38.18041286559207,63.184373337997854,37.47609517090336],
        [54.20727588805407,18.06912967013411,26.22936689122183,0.0,19.509268594344988,54.09545374860245,29.485807156960515,40.18921568156756,55.080138272009435,39.20721536609622,0.96161105141665,30.626283144766344,45.729115319351806,65.61490329074596,62.200709910434625,18.05036587331782,14.991024856825781,26.119585347091608,63.31123402516687,36.955006446776025,54.20727588805407],
        [45.18681565120494,20.23419709578691,16.110360922725675,19.509268594344988,0.0,49.09442548469738,22.403062322628543,46.956625905183884,74.58940686635442,57.91171557639681,18.555631338042605,50.135551739111335,39.68233553869051,56.594443053896825,53.18024967358549,20.506301654377303,34.50029345117077,45.628853941436596,54.290773788317736,56.46427504112101,45.18681565120494],
        [18.338428610670864,36.026324078468335,55.81452378157422,54.09545374860245,49.09442548469738,0.0,26.691363162068846,13.906238067034892,38.58681446259017,14.888238382506223,55.05706480001909,45.842949189766976,9.412089946006876,11.519449542143509,16.500085251846404,36.04508787528462,48.06536777097976,33.5392465303983,18.79300453796713,54.828530512210996,18.338428610670864],
        [24.721468731093555,11.416677486826405,29.12316061950538,29.485807156960515,22.403062322628543,26.691363162068846,0.0,24.55356358255535,52.186344543725895,35.50865325376827,30.447418208377165,27.732489416482792,17.27927321606197,36.12909613378544,32.71490275347411,11.435441283642696,23.455721179337825,23.225791618808056,33.82542686820636,34.06121271849247,24.721468731093555],
        [16.200629031157366,26.722428809396977,53.676724202060726,40.18921568156756,46.956625905183884,13.906238067034892,24.55356358255535,0.0,27.63278096117054,10.955089671212924,41.1508267329842,31.936711122732085,7.2742903664933785,25.4256876091784,22.01149422886707,26.450324250806588,34.15912970394487,19.633008463363407,23.122018343599315,40.922292445176105,16.200629031157366],
        [43.83340999232791,54.35520977056751,81.30950516323126,55.080138272009435,74.58940686635442,38.58681446259017,52.186344543725895,27.63278096117054,0.0,23.698576080083946,56.03377552831182,24.453855127243095,34.90707132766392,50.106264004733674,46.69207062442235,54.08310521197713,40.08911341518366,28.96055292491783,47.80259473915459,18.125131825233417,43.83340999232791],
        [27.15571870237029,37.677518480609905,64.63181387327364,39.20721536609622,57.91171557639681,14.888238382506223,35.50865325376827,10.955089671212924,23.698576080083946,0.0,40.168826417512875,30.954710807260753,18.229380037706303,26.407687924649732,25.31737534354583,37.40541392201951,33.17712938847353,18.651008147892075,27.610294629666555,39.94029212970477,27.15571870237029],
        [55.16888693947072,19.03074072155076,26.09243221099145,0.96161105141665,18.555631338042605,55.05706480001909,30.447418208377165,41.1508267329842,56.03377552831182,40.168826417512875,0.0,31.579920401068726,46.69072637076846,66.5765143421626,63.16232096185128,19.01197692473447,15.944662113128164,27.07322260339399,64.27284507658352,37.908643703078404,55.16888693947072],
        [45.9547713292186,29.90135464332442,56.85565003598818,30.626283144766344,50.135551739111335,45.842949189766976,27.732489416482792,31.936711122732085,24.453855127243095,30.954710807260753,31.579920401068726,0.0,37.47661076051634,57.36239873191048,53.94820535159916,29.629250084734032,15.635258287940562,12.303702659368678,55.0587294663314,8.98558132244402,45.9547713292186],
        [8.926338664663987,27.659985649217695,46.40243383556735,45.729115319351806,39.68233553869051,9.412089946006876,17.27927321606197,7.2742903664933785,34.90707132766392,18.229380037706303,46.69072637076846,37.47661076051634,0.0,19.88578797139415,16.47159459108282,27.678749446033986,39.699029341729116,25.172908101147655,17.582118705815066,46.46219208296036,8.926338664663987],
        [11.407627402691887,47.54577362061184,45.855617042760414,65.61490329074596,56.594443053896825,11.519449542143509,36.12909613378544,25.4256876091784,50.106264004733674,26.407687924649732,66.5765143421626,57.36239873191048,19.88578797139415,0.0,6.541178513032592,47.564537417428134,59.58481731312327,45.05869607254181,8.834097799153316,66.34798005435451,11.407627402691887],
        [7.993434022380555,44.131580240300515,39.31443852972782,62.200709910434625,53.18024967358549,16.500085251846404,32.71490275347411,22.01149422886707,46.69207062442235,25.31737534354583,63.16232096185128,53.94820535159916,16.47159459108282,6.541178513032592,0.0,44.15034403711681,56.170623932811935,41.644502692230475,2.292919286120723,62.933786674043176,7.993434022380555],
        [36.156910014736255,0.27210455859038873,27.22639995125414,18.05036587331782,20.506301654377303,36.04508787528462,11.435441283642696,26.450324250806588,54.08310521197713,37.40541392201951,19.01197692473447,29.629250084734032,27.678749446033986,47.564537417428134,44.15034403711681,0.0,13.99399179679347,25.122552287059296,45.26086815184905,35.95797338674371,36.156910014736255],
        [48.17718991043138,14.266096355383858,41.22039174804761,14.991024856825781,34.50029345117077,48.06536777097976,23.455721179337825,34.15912970394487,40.08911341518366,33.17712938847353,15.944662113128164,15.635258287940562,39.699029341729116,59.58481731312327,56.170623932811935,13.99399179679347,0.0,14.52612124058146,57.28114804754418,21.96398158995024,48.17718991043138],
        [33.65106866984992,25.394656845649685,52.34895223831344,26.119585347091608,45.628853941436596,33.5392465303983,23.225791618808056,19.633008463363407,28.96055292491783,18.651008147892075,27.07322260339399,12.303702659368678,25.172908101147655,45.05869607254181,41.644502692230475,25.122552287059296,14.52612124058146,0.0,42.75502680696272,21.289283981812698,33.65106866984992],
        [9.1039581371128,45.242104355032765,38.18041286559207,63.31123402516687,54.290773788317736,18.79300453796713,33.82542686820636,23.122018343599315,47.80259473915459,27.610294629666555,64.27284507658352,55.0587294663314,17.582118705815066,8.834097799153316,2.292919286120723,45.26086815184905,57.28114804754418,42.75502680696272,0.0,64.04431078877542,9.1039581371128],
        [54.94035265166262,36.2300779453341,63.184373337997854,36.955006446776025,56.46427504112101,54.828530512210996,34.06121271849247,40.922292445176105,18.125131825233417,39.94029212970477,37.908643703078404,8.98558132244402,46.46219208296036,66.34798005435451,62.933786674043176,35.95797338674371,21.96398158995024,21.289283981812698,64.04431078877542,0.0,54.94035265166262],
        [0.0,36.13814621791996,37.47609517090336,54.20727588805407,45.18681565120494,18.338428610670864,24.721468731093555,16.200629031157366,43.83340999232791,27.15571870237029,55.16888693947072,45.9547713292186,8.926338664663987,11.407627402691887,7.993434022380555,36.156910014736255,48.17718991043138,33.65106866984992,9.1039581371128,54.94035265166262,0.0]
    ],
    "vertex_count": 21
}