{
    "drone_dist": [
        [0.0,25.079575649963985,10.952317308484588,11.473186905568973,29.283300391674175,20.95397130028623,19.781203121403966,11.278052267022451,16.208544927822857,25.597605577578115,20.94867535009259,27.1356081899282,19.10791435863315,25.25605885060474,18.892539303336953,23.013455839599413,22.416428909238864,27.066111016788014,17.61136357349185,27.202361453956286,15.221114768238948,11.963806991419261,34.4817011556537,5.340325188202108,33.53501835768041,20.057567111153347,19.876821336175507,34.66669897186711,31.593202190193384,14.095778322796205,0.0],
        [25.079575649963985,0.0,22.067712708010404,34.467849850079524,46.84517580607117,38.076386097208776,44.42400255906949,34.638221936171945,27.83432996848267,48.57433980363106,33.96635447530567,50.81144646437508,39.714677149328494,46.610578672698914,33.01190715738188,43.18065001822435,33.09532059611274,47.42115898133737,10.582814442891895,51.23335251527031,37.40863381367637,16.6516189102044,44.590277185417726,28.070191547642786,45.95360316079254,35.544864108884845,40.553810343358386,56.77465870211693,54.498093911725206,12.139115248744615,25.079575649963985],
        [10.952317308484588,22.067712708010404,0.0,13.880459390961372,40.235479736490205,16.205683274123363,28.5564567833651,21.777631621545662,7.034423386056411,27.01370191437235,13.216938747205381,36.660254169239494,29.974428995951858,24.625503113712853,29.327058986656784,21.118815377539654,32.34652525832725,25.353900660753947,11.782736767410015,36.416519222356655,16.005013698634322,17.039766199189394,44.77824655111946,16.292404429596363,44.15889422364293,30.763080879259906,18.566500014727506,44.848954625648545,41.480943564936744,10.152789654469855,10.952317308484588],
        [11.473186905568973,34.467849850079524,13.880459390961372,0.0,33.80584204324833,11.875104681661456,16.83564379483198,14.684220730532891,13.69767376572217,14.373112150006582,14.849017251561381,25.331650352876157,23.05667599892477,13.800158470428874,27.23623366445504,11.90039368477418,31.475115884049046,15.747269834431076,25.056593290937712,24.662998960779095,3.8146836102392063,23.385671713653903,42.308436240478926,13.69337829144145,40.4723191754715,27.47619209606384,8.765679108570843,34.340072436768516,30.51563212016304,22.41648918425937,11.473186905568973],
        [29.283300391674175,46.84517580607117,40.235479736490205,33.80584204324833,0.0,45.645762917945824,20.750117279155972,19.389215966482237,44.82330764962287,40.317207477563706,48.16012153804645,16.87058293455327,10.784268321934144,43.495047835141456,13.869529656741884,43.86511549106864,15.188187836057013,46.28227639304606,44.16374304857441,18.576121578366994,36.59831966076423,30.526051761090944,13.77817852170252,23.943078828387158,9.958717900881014,11.30050632096283,41.251563908901005,14.501073483662395,15.465454240677232,40.447845530112396,29.283300391674175],
        [20.95397130028623,38.076386097208776,16.205683274123363,11.875104681661456,45.645762917945824,0.0,27.486451560155068,26.54949964422587,10.534930540977328,14.891892661522526,6.052531233074753,35.798357424922216,34.91843704661353,10.610470982334645,38.70017036350597,6.595973521833144,42.74761239256016,10.122929749921056,27.54710646294838,34.829008643044126,9.2811887177033,31.569508026300642,54.00175686660832,24.700879873973843,52.29104242450404,39.15295584191378,6.195651244705687,45.04236165625205,41.04338292291813,26.350624596904503,20.95397130028623],
        [19.781203121403966,44.42400255906949,28.5564567833651,16.83564379483198,20.750117279155972,27.486451560155068,0.0,10.27045662092861,30.311585274324973,19.632180296657797,31.533610244831685,8.49611565198374,12.165055545186883,23.16954346201871,21.523870807352356,24.20639738370109,25.983556628750787,26.01154204750772,37.36466381836815,7.9276911914162875,18.253942579543455,28.897371609352327,32.77755801073391,16.424201431635556,29.743119100933523,20.083742768744287,22.06900304815905,17.602799379350344,13.697967944248166,33.87685566974082,19.781203121403966],
        [11.278052267022451,34.638221936171945,21.777631621545662,14.684220730532891,19.389215966482237,26.54949964422587,10.27045662092861,0.0,25.60563749633148,24.475302050085574,28.774466401577943,16.253587489386536,8.626791459635424,26.321470252883817,13.589208993605776,25.742754263724112,18.134896389572795,28.8725823954507,28.55838325073982,16.596818813695972,17.884038803006423,18.711223446519323,27.85429078026761,6.665815509703662,25.824379194547106,13.209286204086629,22.829575131924738,23.394885444053394,20.42033896686303,24.89013916225572,11.278052267022451],
        [16.208544927822857,27.83432996848267,7.034423386056411,13.69767376572217,44.82330764962287,10.534930540977328,30.311585274324973,25.60563749633148,0.0,23.85654376688707,6.305913453292321,38.76389716144541,34.183370823471755,20.45216906465151,35.09588692507093,16.548725791229334,38.478494674761954,20.507419612552244,17.25232674386988,38.216928960687994,14.088796329528492,24.020038555469533,50.67872457328719,21.283745134553747,49.71663403771372,36.23101886128862,14.710922833510976,47.53876784251199,43.860706697537594,16.584145782306628,16.208544927822857],
        [25.597605577578115,48.57433980363106,27.01370191437235,14.373112150006582,40.317207477563706,14.891892661522526,19.632180296657797,24.475302050085574,23.85654376688707,0.0,20.892908866721076,26.31295480934101,30.759902921930504,4.989002455731916,38.06299911260399,8.485041245706228,42.60899270258286,7.501308826867565,38.72231548129933,24.884042648813285,11.165714349393197,37.55923910960177,51.5628058866428,26.509968207764558,48.89245013727805,37.48554519238909,9.19985996887135,35.32052727795547,31.221629024545706,36.44229119650161,25.597605577578115],
        [20.94867535009259,33.96635447530567,13.216938747205381,14.849017251561381,48.16012153804645,6.052531233074753,31.533610244831685,28.774466401577943,6.305913453292321,20.892908866721076,0.0,40.00526735791418,37.38115195095674,16.658316133286018,39.65891033567363,12.647502372219147,43.351763633721525,15.980463278958954,23.394685179565723,39.2053148617343,13.542047594796898,29.972914158301,55.218358576521034,25.558491590164582,53.91856033299104,40.4999989425532,11.913545426821189,49.116401848901994,45.229114102774474,22.884826600697195,20.94867535009259],
        [27.1356081899282,50.81144646437508,36.660254169239494,25.331650352876157,16.87058293455327,35.798357424922216,8.49611565198374,16.253587489386536,38.76389716144541,26.31295480934101,40.00526735791418,0.0,12.975758182817643,30.467850494350355,23.1443744708738,32.03976980258865,26.988666920563286,33.31245861242051,44.68645168262145,1.7288740225689383,26.638671084523967,34.543137137183486,30.418130226809833,22.916726383791012,26.77543158623988,20.953308574157088,30.167886147814237,9.277479720411286,5.245752503233372,41.065156361941646,27.1356081899282],
        [19.10791435863315,39.714677149328494,29.974428995951858,23.05667599892477,10.784268321934144,34.91843704661353,12.165055545186883,8.626791459635424,34.183370823471755,30.759902921930504,37.38115195095674,12.975758182817643,0.0,33.4467413512176,10.216167891223147,33.461535214291416,14.31400522278938,36.162536167998645,35.301807181794224,14.157031106911747,25.96432051602379,23.073349942502286,20.843971255004053,13.845719878091886,18.164724773678255,8.241026855920408,30.730502331174733,17.08005760492204,15.232341245766229,31.552810001239116,19.10791435863315],
        [25.25605885060474,46.610578672698914,24.625503113712853,13.800158470428874,43.495047835141456,10.610470982334645,23.16954346201871,26.321470252883817,20.45216906465151,4.989002455731916,16.658316133286018,30.467850494350355,33.4467413512176,0.0,39.78986428547379,4.019561727451987,44.24592316673776,2.851980199887061,36.40319698893734,29.140132452076816,10.038283827054718,37.098516850974185,54.00119404763331,27.151798138822954,51.59295746360235,39.526059486582064,6.06091601398204,39.62594320780806,35.51776209489169,34.50812705252327,25.25605885060474],
        [18.892539303336953,33.01190715738188,29.327058986656784,27.23623366445504,13.869529656741884,38.70017036350597,21.523870807352356,13.589208993605776,35.09588692507093,38.06299911260399,39.65891033567363,23.1443744708738,10.216167891223147,39.78986428547379,0.0,38.8856812450132,4.576580734480521,42.2573122050429,31.106062043951173,24.369388129244243,30.808973048529257,16.933149298452328,15.59178189203423,14.12416198616272,14.877665005245323,2.6615737213287685,35.84797730714541,25.768954091711645,24.783772730490735,27.494411724293773,18.892539303336953],
        [23.013455839599413,43.18065001822435,21.118815377539654,11.90039368477418,43.86511549106864,6.595973521833144,24.20639738370109,25.742754263724112,16.548725791229334,8.485041245706228,12.647502372219147,32.03976980258865,33.461535214291416,4.019561727451987,38.8856812450132,0.0,43.2239512641811,4.2720355214605,32.84551567342683,30.85406068224542,8.136975462214496,34.596478271368376,53.59664793609694,25.589086071473744,51.443435590164064,38.888921394522505,3.1504049440223967,41.30211203530405,37.214194605867476,31.150165000319053,23.013455839599413],
        [22.416428909238864,33.09532059611274,32.34652525832725,31.475115884049046,15.188187836057013,42.74761239256016,25.983556628750787,18.134896389572795,38.478494674761954,42.60899270258286,43.351763633721525,26.988666920563286,14.31400522278938,44.24592316673776,4.576580734480521,43.2239512641811,0.0,46.67548205121969,32.64817382372792,28.322253551974153,35.11350249334519,18.114197688072657,12.600795071076718,18.048649053975634,13.00615413599296,6.079550923738459,40.156684274758426,28.532357160888214,28.065587347116665,29.216495271257546,22.416428909238864],
        [27.066111016788014,47.42115898133737,25.353900660753947,15.747269834431076,46.28227639304606,10.122929749921056,26.01154204750772,28.8725823954507,20.507419612552244,7.501308826867565,15.980463278958954,33.31245861242051,36.162536167998645,2.851980199887061,42.2573122050429,4.2720355214605,46.67548205121969,0.0,37.05097311466718,31.975724939177404,11.932586565906417,38.755839021447976,56.63411413451149,29.329601344310287,54.2874873938002,42.081033848608485,7.250083509489108,42.459448252600964,38.35126324451187,35.40919125733784,27.066111016788014],
        [17.61136357349185,10.582814442891895,11.782736767410015,25.056593290937712,44.16374304857441,27.54710646294838,37.36466381836815,28.55838325073982,17.25232674386988,38.72231548129933,23.394685179565723,44.68645168262145,35.301807181794224,36.40319698893734,31.106062043951173,32.84551567342683,32.64817382372792,37.05097311466718,0.0,44.80389951839638,27.617329062470617,14.54675940273399,45.11578136566052,21.957180904432192,45.55661997289873,33.26302285336929,30.34631880668799,51.810276325742,48.97647576745977,3.7504057184737944,17.61136357349185],
        [27.202361453956286,51.23335251527031,36.416519222356655,24.662998960779095,18.576121578366994,34.829008643044126,7.9276911914162875,16.596818813695972,38.216928960687994,24.884042648813285,39.2053148617343,1.7288740225689383,14.157031106911747,29.140132452076816,24.369388129244243,30.85406068224542,28.322253551974153,31.975724939177404,44.80389951839638,0.0,25.751615664291933,35.11706191357238,32.08161347148707,23.21811805931325,28.4646552146835,22.259773684957274,29.09239325814088,10.487497555278713,6.3805537233509115,41.22470023227971,27.202361453956286],
        [15.221114768238948,37.40863381367637,16.005013698634322,3.8146836102392063,36.59831966076423,9.2811887177033,18.253942579543455,17.884038803006423,14.088796329528492,11.165714349393197,13.542047594796898,26.638671084523967,25.96432051602379,10.038283827054718,30.808973048529257,8.136975462214496,35.11350249334519,11.932586565906417,27.617329062470617,25.751615664291933,0.0,27.068907079740498,45.69357914457818,17.463045289594906,43.69988408644699,30.911919692184615,5.04320481985296,35.845038837026785,31.882365043260496,25.277195854047733,15.221114768238948],
        [11.963806991419261,16.6516189102044,17.039766199189394,23.385671713653903,30.526051761090944,31.569508026300642,28.897371609352327,18.711223446519323,24.020038555469533,37.55923910960177,29.972914158301,34.543137137183486,23.073349942502286,37.098516850974185,16.933149298452328,34.596478271368376,18.114197688072657,38.755839021447976,14.54675940273399,35.11706191357238,27.068907079740498,0.0,30.57190607298804,12.642015237357887,31.06592861160512,19.302425285671134,31.510411110959392,40.14607820420585,37.98011197273518,11.232225867394211,11.963806991419261],
        [34.4817011556537,44.590277185417726,44.77824655111946,42.308436240478926,13.77817852170252,54.00175686660832,32.77755801073391,27.85429078026761,50.67872457328719,51.5628058866428,55.218358576521034,30.418130226809833,20.843971255004053,54.00119404763331,15.59178189203423,53.59664793609694,12.600795071076718,56.63411413451149,45.11578136566052,32.08161347148707,45.69357914457818,30.57190607298804,0.0,29.660300069612028,4.052071105175862,14.849053548815425,50.67291952147352,27.88404935469606,29.227080834179056,41.75152509225809,34.4817011556537],
        [5.340325188202108,28.070191547642786,16.292404429596363,13.69337829144145,23.943078828387158,24.700879873973843,16.424201431635556,6.665815509703662,21.283745134553747,26.509968207764558,25.558491590164582,22.916726383791012,13.845719878091886,27.151798138822954,14.12416198616272,25.589086071473744,18.048649053975634,29.329601344310287,21.957180904432192,23.21811805931325,17.463045289594906,12.642015237357887,29.660300069612028,0.0,28.465940810660936,14.989630146815308,22.4589023089909,29.870441944832674,27.03588298352434,18.263445147267337,5.340325188202108],
        [33.53501835768041,45.95360316079254,44.15889422364293,40.4723191754715,9.958717900881014,52.29104242450404,29.743119100933523,25.824379194547106,49.71663403771372,48.89245013727805,53.91856033299104,26.77543158623988,18.164724773678255,51.59295746360235,14.877665005245323,51.443435590164064,13.00615413599296,54.2874873938002,45.55661997289873,28.4646552146835,43.69988408644699,31.06592861160512,4.052071105175862,28.465940810660936,0.0,13.48578767190385,48.60588683111026,23.86360901966233,25.322830850891737,42.05349702136276,33.53501835768041],
        [20.057567111153347,35.544864108884845,30.763080879259906,27.47619209606384,11.30050632096283,39.15295584191378,20.083742768744287,13.209286204086629,36.23101886128862,37.48554519238909,40.4999989425532,20.953308574157088,8.241026855920408,39.526059486582064,2.6615737213287685,38.888921394522505,6.079550923738459,42.081033848608485,33.26302285336929,22.259773684957274,30.911919692184615,19.302425285671134,14.849053548815425,14.989630146815308,13.48578767190385,0.0,35.91838536772573,23.168757652976076,22.314440052876407,29.603269890419007,20.057567111153347],
        [19.876821336175507,40.553810343358386,18.566500014727506,8.765679108570843,41.251563908901005,6.195651244705687,22.06900304815905,22.829575131924738,14.710922833510976,9.19985996887135,11.913545426821189,30.167886147814237,30.730502331174733,6.06091601398204,35.84797730714541,3.1504049440223967,40.156684274758426,7.250083509489108,30.34631880668799,29.09239325814088,5.04320481985296,31.510411110959392,50.67291952147352,22.4589023089909,48.60588683111026,35.91838536772573,0.0,39.444382113292356,35.392834262597624,28.459578375363726,19.876821336175507],
        [34.66669897186711,56.77465870211693,44.848954625648545,34.340072436768516,14.501073483662395,45.04236165625205,17.602799379350344,23.394885444053394,47.53876784251199,35.32052727795547,49.116401848901994,9.277479720411286,17.08005760492204,39.62594320780806,25.768954091711645,41.30211203530405,28.532357160888214,42.459448252600964,51.810276325742,10.487497555278713,35.845038837026785,40.14607820420585,27.88404935469606,29.870441944832674,23.86360901966233,23.168757652976076,39.444382113292356,0.0,4.108218722011084,48.09314695680871,34.66669897186711],
        [31.593202190193384,54.498093911725206,41.480943564936744,30.51563212016304,15.465454240677232,41.04338292291813,13.697967944248166,20.42033896686303,43.860706697537594,31.221629024545706,45.229114102774474,5.245752503233372,15.232341245766229,35.51776209489169,24.783772730490735,37.214194605867476,28.065587347116665,38.35126324451187,48.97647576745977,6.3805537233509115,31.882365043260496,37.98011197273518,29.227080834179056,27.03588298352434,25.322830850891737,22.314440052876407,35.392834262597624,4.108218722011084,0.0,45.29717151394285,31.593202190193384],
        [14.095778322796205,12.139115248744615,10.152789654469855,22.41648918425937,40.447845530112396,26.350624596904503,33.87685566974082,24.89013916225572,16.584145782306628,36.44229119650161,22.884826600697195,41.065156361941646,31.552810001239116,34.50812705252327,27.494411724293773,31.150165000319053,29.216495271257546,35.40919125733784,3.7504057184737944,41.22470023227971,25.277195854047733,11.232225867394211,41.75152509225809,18.263445147267337,42.05349702136276,29.603269890419007,28.459578375363726,48.09314695680871,45.29717151394285,0.0,14.095778322796205],
        [0.0,25.079575649963985,10.952317308484588,11.473186905568973,29.283300391674175,20.95397130028623,19.781203121403966,11.278052267022451,16.208544927822857,25.597605577578115,20.94867535009259,27.1356081899282,19.10791435863315,25.25605885060474,18.892539303336953,23.013455839599413,22.416428909238864,27.066111016788014,17.61136357349185,27.202361453956286,15.221114768238948,11.963806991419261,34.4817011556537,5.340325188202108,33.53501835768041,20.057567111153347,19.876821336175507,34.66669897186711,31.593202190193384,14.095778322796205,0.0]
    ],
    "end_depot": 30,
    "start_depot": 0,
    "truck_dist": [
        [0.0,34.98593985971195,12.216241993356698,12.69717833002594,32.51231073817611,29.002696943633424,27.786004995041367,13.963807521852207,21.833975082684955,26.653708307114037,29.52338319763855,36.660081583069896,19.74166646947105,28.829327490966314,25.715086787579953,28.670072772303808,31.422257639395003,32.68884828648903,24.440655319345844,37.39880279240439,17.54091843230258,12.189750655484897,47.07914365782315,5.902747246465065,44.0495560725566,26.149858906224143,24.577100034962054,43.55343173357191,41.24567135797031,19.812356531194794,0.0],
        [34.98593985971195,0.0,25.46386338390004,45.08790491586605,60.63692452155931,41.06717299964289,62.771944854753315,48.94974738156415,28.006585344916427,61.639648166825985,35.35041002932137,71.64602144278184,54.727606329183004,56.071643399054295,42.23786333996834,50.38935592866199,39.18526062971777,54.90045539107976,10.620211722375323,72.38474265211633,47.463153095331165,22.79618920422705,47.69537185416671,39.69717336866063,52.55954285712303,45.97670307349336,48.62933411231462,78.53937159328387,76.23161121768226,15.173583328517154,34.98593985971195],
        [12.216241993356698,25.46386338390004,0.0,19.624041531966004,44.72855273153281,16.786454950276728,37.30808147085328,23.485883997664118,9.617733089328258,36.175784782925945,17.30714120428185,46.18215805888181,30.66865070555144,30.60778001515425,37.93132878093665,24.92549254476195,43.6384996327517,29.43659200717972,14.918578843533936,46.9208792682163,21.999289711431118,23.949755295559513,59.29538565117985,18.118989239821765,56.2657980659133,38.36610089958084,23.16547072841459,53.07550820938383,50.767747833782224,10.290280055382887,12.216241993356698],
        [12.69717833002594,45.08790491586605,19.624041531966004,0.0,45.209489068202046,16.305518613607482,17.68403993888727,20.404383100112447,17.081319570949617,16.551743250959944,16.82620486761261,26.5581165269158,31.149587042220677,16.132149160940372,38.41226511760589,15.972894442277868,44.11943596942094,19.99166995646309,34.542620375499936,27.29683773625029,4.843740102276639,24.43069163222875,59.77632198784909,18.599925576491003,56.74673440258254,38.84703723625008,11.879921704936114,35.20625693047506,31.143706301816216,29.91432158734889,12.69717833002594],
        [32.51231073817611,60.63692452155931,44.72855273153281,45.209489068202046,0.0,61.515007681809536,29.267326874422654,24.8051059680896,54.34628582086107,57.008323803362785,62.035693935814656,21.166788185324865,14.05990202598137,61.34163822914242,18.39906118159096,61.182383510479916,21.45166389184154,65.20115902466515,50.091639981193204,23.497518059571725,50.05322917047869,37.84073531733225,14.566832919647041,26.609563491711043,11.537245334380493,14.660221448065947,57.08941077313816,17.90244707172456,15.594686696122956,45.463341193042154,32.51231073817611],
        [29.002696943633424,41.06717299964289,16.786454950276728,16.305518613607482,61.515007681809536,0.0,32.24768080738688,36.70990171371994,13.060587654726461,20.572475167183093,8.543720177977558,40.34821949648467,47.45510565582816,15.004470399411401,54.71778373121338,9.3221829290191,60.42495458302843,13.83328239143687,30.521888459276788,38.017489622237804,11.461778511330845,40.73621024583624,76.08184060145658,34.90544419009849,73.05225301619004,55.15255584985757,7.562161112671738,51.511775544082546,46.17987492755115,26.799866552603348,29.002696943633424],
        [27.786004995041367,62.771944854753315,37.30808147085328,17.68403993888727,29.267326874422654,32.24768080738688,0.0,13.82219747318916,34.765359509836884,27.740996928940135,32.768367061392006,8.87407658802853,15.207424848441285,32.07431135471977,22.4701029238265,31.915056636057262,28.17727377564155,35.93383215024249,52.22666031438722,9.61279779736302,20.78590229605603,39.97575565052627,43.83415979406969,23.07477148609269,40.80457220880315,22.90487504247069,27.82208389871551,19.264094736695665,13.932194120164265,47.59836152623616,27.786004995041367],
        [13.963807521852207,48.94974738156415,23.485883997664118,20.404383100112447,24.8051059680896,36.70990171371994,13.82219747318916,0.0,29.541179852771464,32.20321783527319,37.23058796772506,22.69627406121769,10.74520394210823,36.53653226105282,18.007882017493444,36.37727754239032,23.715052869308494,40.39605305657554,38.404462841198054,23.43499527055218,25.24812320238909,26.153558177337104,39.37193888773664,9.25257401290353,36.34235130247009,18.442654136137634,32.28430480504856,29.58962421171971,27.281863836118106,33.776164053047005,13.963807521852207],
        [21.833975082684955,28.006585344916427,9.617733089328258,17.081319570949617,54.34628582086107,13.060587654726461,34.765359509836884,29.541179852771464,0.0,33.63306282190956,7.6894081149535936,43.63943609786542,40.2863837948797,28.065058054137864,47.54906187026491,22.38277058374556,53.25623272207996,26.89387004616333,17.461300804550323,44.37815730719991,19.456567750414735,33.56748838488777,68.91311874050811,27.73672232915002,65.88353115524156,47.9838339889091,20.6227487673982,50.532786248367444,48.22502587276584,19.631144691654878,21.833975082684955],
        [26.653708307114037,61.639648166825985,36.175784782925945,16.551743250959944,57.008323803362785,20.572475167183093,27.740996928940135,32.20321783527319,33.63306282190956,0.0,29.116195345160655,35.84153561803792,42.94842177738142,5.568004767771694,50.21109985276664,11.250292238163995,55.91827070458169,8.192835221302353,51.09436362645988,33.51080574379106,14.176495071494825,38.84345896259893,71.57515672300983,30.398760311651746,68.54556913774329,50.64587197141083,13.010314054511358,47.0050916656358,41.6731910491044,46.46606483830883,26.653708307114037],
        [29.52338319763855,35.35041002932137,17.30714120428185,16.82620486761261,62.035693935814656,8.543720177977558,32.768367061392006,37.23058796772506,7.6894081149535936,29.116195345160655,0.0,40.86890575048979,47.97579190983328,23.54819057738896,55.2384699852185,17.86590310699666,60.94564083703355,22.37700256941443,24.73019830694604,39.861289830451,14.93970027366583,41.25689649984136,76.60252685546169,35.42613044410361,73.57293927019515,55.67324210386269,16.1058812906493,52.03246179808767,46.70056118155627,27.32055280660847,29.52338319763855],
        [36.660081583069896,71.64602144278184,46.18215805888181,26.5581165269158,21.166788185324865,40.34821949648467,8.87407658802853,22.69627406121769,43.63943609786542,35.84153561803792,40.86890575048979,0.0,16.918415113598847,40.17485004381756,29.4081581028135,40.01559532515505,32.460760813064084,44.034370839340276,61.10073690241575,2.3307298742468614,28.88644098515382,48.8498322385548,35.7336211049719,31.94884807412122,32.70403351970536,25.669318369288487,35.922622587813294,11.163556047597876,5.831655431066476,56.47243811426469,36.660081583069896],
        [19.74166646947105,54.727606329183004,30.66865070555144,31.149587042220677,14.05990202598137,47.45510565582816,15.207424848441285,10.74520394210823,40.2863837948797,42.94842177738142,47.97579190983328,16.918415113598847,0.0,47.281736203161046,12.489742989214651,47.12248148449855,15.542345699465233,51.14125699868377,44.18232178881689,17.65713632293334,35.993327144497314,31.931417124955946,28.62673494562841,15.030432960522372,25.597147360361863,8.75090325568964,43.0295087471568,23.811765264100867,21.504004888499264,39.55402300066585,19.74166646947105],
        [28.829327490966314,56.071643399054295,30.60778001515425,16.132149160940372,61.34163822914242,15.004470399411401,32.07431135471977,36.53653226105282,28.065058054137864,5.568004767771694,23.54819057738896,40.17485004381756,47.281736203161046,0.0,54.54441427854626,5.682287470392301,60.25158513036131,3.8595207955227195,45.526358858688184,37.844120169570694,11.288409058663733,40.56284079316912,75.90847114878946,34.732074737431375,72.87888356352292,54.97918639719045,7.442309286739663,51.33840609141543,46.00650547488403,40.89806007053714,28.829327490966314],
        [25.715086787579953,42.23786333996834,37.93132878093665,38.41226511760589,18.39906118159096,54.71778373121338,22.4701029238265,18.007882017493444,47.54906187026491,50.21109985276664,55.2384699852185,29.4081581028135,12.489742989214651,54.54441427854626,0.0,54.38515955988376,5.70717085181505,58.40393507406898,31.692578799602245,30.146879312147988,43.25600521988253,19.441674135741295,21.364056870243196,19.812339541114888,18.33446928497665,3.738839733525012,50.29218682254201,36.30150825331552,33.993747877713915,27.917917178610033,25.715086787579953],
        [28.670072772303808,50.38935592866199,24.92549254476195,15.972894442277868,61.182383510479916,9.3221829290191,31.915056636057262,36.37727754239032,22.38277058374556,11.250292238163995,17.86590310699666,40.01559532515505,47.12248148449855,5.682287470392301,54.38515955988376,0.0,60.09233041169881,4.511099462417769,39.84407138829589,37.68486545090819,11.129154340001229,40.40358607450662,75.74921643012695,34.57282001876887,72.71962884486041,54.81993167852795,4.092972737341754,51.179151372752926,45.84725075622153,35.21577260014484,28.670072772303808],
        [31.422257639395003,39.18526062971777,43.6384996327517,44.11943596942094,21.45166389184154,60.42495458302843,28.17727377564155,23.715052869308494,53.25623272207996,55.91827070458169,60.94564083703355,32.460760813064084,15.542345699465233,60.25158513036131,5.70717085181505,60.09233041169881,0.0,64.11110592588403,36.215442530087515,33.19948202239857,48.96317607169758,19.68874433719219,15.656886018428146,25.519510392929938,13.37428222740526,6.791442443775594,55.99935767435706,39.3541109635661,37.0463505879645,33.62508803042508,31.422257639395003],
        [32.68884828648903,54.90045539107976,29.43659200717972,19.99166995646309,65.20115902466515,13.83328239143687,35.93383215024249,40.39605305657554,26.89387004616333,8.192835221302353,22.37700256941443,44.034370839340276,51.14125699868377,3.8595207955227195,58.40393507406898,4.511099462417769,64.11110592588403,0.0,44.355170850713655,41.70364096509341,15.147929854186453,44.42236158869184,79.76799194431219,38.5915955329541,76.73840435904563,58.83870719271317,8.111748251526977,55.197926886938156,49.866026270406756,39.726872062562606,32.68884828648903],
        [24.440655319345844,10.620211722375323,14.918578843533936,34.542620375499936,50.091639981193204,30.521888459276788,52.22666031438722,38.404462841198054,17.461300804550323,51.09436362645988,24.73019830694604,61.10073690241575,44.18232178881689,45.526358858688184,31.692578799602245,39.84407138829589,36.215442530087515,44.355170850713655,0.0,61.83945811175023,36.917868554965054,16.526698192895324,51.87232854851566,29.151888828294524,48.84274096324911,35.43141853312726,38.084049571948526,67.99408705291776,65.68632667731616,4.628298788151049,24.440655319345844],
        [37.39880279240439,72.38474265211633,46.9208792682163,27.29683773625029,23.497518059571725,38.017489622237804,9.61279779736302,23.43499527055218,44.37815730719991,33.51080574379106,39.861289830451,2.3307298742468614,17.65713632293334,37.844120169570694,30.146879312147988,37.68486545090819,33.19948202239857,41.70364096509341,61.83945811175023,0.0,26.55571111090696,49.58855344788928,38.064350979218766,32.68756928345571,35.03476339395222,26.408039578622976,33.59189271356644,13.494285921844737,8.162385305313338,57.21115932359918,37.39880279240439],
        [17.54091843230258,47.463153095331165,21.999289711431118,4.843740102276639,50.05322917047869,11.461778511330845,20.78590229605603,25.24812320238909,19.456567750414735,14.176495071494825,14.93970027366583,28.88644098515382,35.993327144497314,11.288409058663733,43.25600521988253,11.129154340001229,48.96317607169758,15.147929854186453,36.917868554965054,26.55571111090696,0.0,29.27443173450539,64.62006209012573,23.443665678767644,61.59047450485918,43.69077733852672,7.036181602659475,40.0499970327517,34.7180964162203,32.28956976681401,17.54091843230258],
        [12.189750655484897,22.79618920422705,23.949755295559513,24.43069163222875,37.84073531733225,40.73621024583624,39.97575565052627,26.153558177337104,33.56748838488777,38.84345896259893,41.25689649984136,48.8498322385548,31.931417124955946,40.56284079316912,19.441674135741295,40.40358607450662,19.68874433719219,44.42236158869184,16.526698192895324,49.58855344788928,29.27443173450539,0.0,35.34563035562034,16.900984164433574,32.31604277035379,23.180513869266306,36.31061333716487,55.74318238905681,53.43542201345521,13.93634369323289,12.189750655484897],
        [47.07914365782315,47.69537185416671,59.29538565117985,59.77632198784909,14.566832919647041,76.08184060145658,43.83415979406969,39.37193888773664,68.91311874050811,71.57515672300983,76.60252685546169,35.7336211049719,28.62673494562841,75.90847114878946,21.364056870243196,75.74921643012695,15.656886018428146,79.76799194431219,51.87232854851566,38.064350979218766,64.62006209012573,35.34563035562034,0.0,41.176396411358084,4.8641710029563185,20.929284751599006,71.65624369278521,30.84399973911716,29.90196567390543,49.28197404885323,47.07914365782315],
        [5.902747246465065,39.69717336866063,18.118989239821765,18.599925576491003,26.609563491711043,34.90544419009849,23.07477148609269,9.25257401290353,27.73672232915002,30.398760311651746,35.42613044410361,31.94884807412122,15.030432960522372,34.732074737431375,19.812339541114888,34.57282001876887,25.519510392929938,38.5915955329541,29.151888828294524,32.68756928345571,23.443665678767644,16.900984164433574,41.176396411358084,0.0,38.14680882609154,20.247111659759078,30.47984728142712,38.84219822462324,36.534437849021636,24.523590040143475,5.902747246465065],
        [44.0495560725566,52.55954285712303,56.2657980659133,56.74673440258254,11.537245334380493,73.05225301619004,40.80457220880315,36.34235130247009,65.88353115524156,68.54556913774329,73.57293927019515,32.70403351970536,25.597147360361863,72.87888356352292,18.33446928497665,72.71962884486041,13.37428222740526,76.73840435904563,48.84274096324911,35.03476339395222,61.59047450485918,32.31604277035379,4.8641710029563185,38.14680882609154,0.0,17.89969716633246,68.62665610751866,25.97982873616084,26.872378088638882,46.25238646358668,44.0495560725566],
        [26.149858906224143,45.97670307349336,38.36610089958084,38.84703723625008,14.660221448065947,55.15255584985757,22.90487504247069,18.442654136137634,47.9838339889091,50.64587197141083,55.67324210386269,25.669318369288487,8.75090325568964,54.97918639719045,3.738839733525012,54.81993167852795,6.791442443775594,58.83870719271317,35.43141853312726,26.408039578622976,43.69077733852672,23.180513869266306,20.929284751599006,20.247111659759078,17.89969716633246,0.0,50.7269589411862,32.562668519790506,30.254908144188903,30.803119744976208,26.149858906224143],
        [24.577100034962054,48.62933411231462,23.16547072841459,11.879921704936114,57.08941077313816,7.562161112671738,27.82208389871551,32.28430480504856,20.6227487673982,13.010314054511358,16.1058812906493,35.922622587813294,43.0295087471568,7.442309286739663,50.29218682254201,4.092972737341754,55.99935767435706,8.111748251526977,38.084049571948526,33.59189271356644,7.036181602659475,36.31061333716487,71.65624369278521,30.47984728142712,68.62665610751866,50.7269589411862,0.0,47.08617863541117,41.75427801887977,33.45575078379748,24.577100034962054],
        [43.55343173357191,78.53937159328387,53.07550820938383,35.20625693047506,17.90244707172456,51.511775544082546,19.264094736695665,29.58962421171971,50.532786248367444,47.0050916656358,52.03246179808767,11.163556047597876,23.811765264100867,51.33840609141543,36.30150825331552,51.179151372752926,39.3541109635661,55.197926886938156,67.99408705291776,13.494285921844737,40.0499970327517,55.74318238905681,30.84399973911716,38.84219822462324,25.97982873616084,32.562668519790506,47.08617863541117,0.0,5.331900616531399,63.365788264766714,43.55343173357191],
        [41.24567135797031,76.23161121768226,50.767747833782224,31.143706301816216,15.594686696122956,46.17987492755115,13.932194120164265,27.281863836118106,48.22502587276584,41.6731910491044,46.70056118155627,5.831655431066476,21.504004888499264,46.00650547488403,33.993747877713915,45.84725075622153,37.0463505879645,49.866026270406756,65.68632667731616,8.162385305313338,34.7180964162203,53.43542201345521,29.90196567390543,36.534437849021636,26.872378088638882,30.254908144188903,41.75427801887977,5.331900616531399,0.0,61.05802788916511,41.24567135797031],
        [19.812356531194794,15.173583328517154,10.290280055382887,29.91432158734889,45.463341193042154,26.799866552603348,47.59836152623616,33.776164053047005,19.631144691654878,46.46606483830883,27.32055280660847,56.47243811426469,39.55402300066585,40.89806007053714,27.917917178610033,35.21577260014484,33.62508803042508,39.726872062562606,4.628298788151049,57.21115932359918,32.28956976681401,13.93634369323289,49.28197404885323,24.523590040143475,46.25238646358668,30.803119744976208,33.45575078379748,63.365788264766714,61.05802788916511,0.0,19.812356531194794],
        [0.0,34.98593985971195,12.216241993356698,12.69717833002594,32.51231073817611,29.002696943633424,27.786004995041367,13.963807521852207,21.833975082684955,26.653708307114037,29.52338319763855,36.660081583069896,19.74166646947105,28.829327490966314,25.715086787579953,28.670072772303808,31.422257639395003,32.68884828648903,24.440655319345844,37.39880279240439,17.54091843230258,12.189750655484897,47.07914365782315,5.902747246465065,44.0495560725566,26.149858906224143,24.577100034962054,43.55343173357191,41.24567135797031,19.812356531194794,0.0]
    ],
    "vertex_count": 31
}