{
    "drone_dist": [
        [0.0,724.266362995643,3146.1042558415993,2855.119302137377,3611.4445043589226,4082.339098536261,4131.779990469193,464.15202952888137,3220.5816264655823,4303.897331424651,1631.6034707915292,3084.782927573516,664.2682640985807,3024.0967032820326,2440.077894622306,1602.7559510198207,819.0924176175099,1426.8962095070265,1755.0426286839295,4246.297437051373,2876.146019465907,2718.7317890395934,3717.0111851701286,871.5327931391016,3489.1147516119154,1589.426368103783,1637.4017355617757,931.9736419157032,2399.625540773085,3862.084544668884,1431.7435172377236,2819.704254693614,4019.9387866779593,4269.891147738175,4540.292059584139,3518.27751007244,709.436548209185,3512.129512650948,3092.3348554283143,3296.7948448005445,3264.494345797429,384.65676333146234,3445.214019693617,3481.1853967883494,794.0636726532185,556.5401125069725,1015.0012951664045,2047.2636188151548,1278.1538265232832,1197.995247998453,2024.0250625530011,3269.372446939678,1749.1579010886758,3374.3020554083305,2387.4776100190056,2965.219914101125,3711.159447959602,3111.9201625936266,3574.974710591495,3549.1265630353537,3900.586646306752,2501.730800733456,670.0199411896629,2374.052089145445,4031.9650049888874,712.7301176608025,3272.7063799319935,533.7456754708649,2971.331331647011,1790.9038006326812,2971.6621653743946,570.2517437481931,4010.0823187373026,3137.274374460065,4827.279776843361,1858.3290859340448,3060.749128406944,2967.2692802888096,3119.678489440703,1778.9540132016355,0.0],
        [724.266362995643,0.0,3729.4036480318005,3435.208930908129,3631.863089027433,4489.863837275878,4793.997486869224,1109.0084521672459,3935.4765966059126,4942.982159205252,1906.8664202327138,3745.5436097183738,1245.9299879351431,3609.842072312616,2447.1883216388997,1651.9741299951258,166.06617519241982,1699.387429629203,2433.444313800897,4830.042017061881,2944.903348483782,3331.2204219728437,3869.5964311903303,285.6610185965293,4189.85856262252,1654.5491678875765,1116.623199494575,464.3620760412019,3112.070436408618,4278.483114955759,1416.7930183624653,2667.3957531597384,4699.923151585746,4715.857916789969,5062.671595056806,3573.372217884553,852.0486836605162,3968.9934745377,3591.9427955076612,3807.601811680017,3813.8418762145325,823.7448271016173,4168.968520573851,4051.4980451005254,537.2677547421686,600.2563093481717,1543.161036446402,1922.7557638631113,985.1667256489816,1785.0774636422552,2737.1873893349743,3947.5661837869466,2451.473620133307,3393.6115747321574,2980.0545947194655,3654.7082935048684,3722.4271922430403,3834.5003598668104,4254.853790670485,4207.303838778139,4423.563094633939,2800.4636432189736,920.9847762111107,2155.6805063926986,4502.289800207209,1421.5906427518844,3250.2396347535255,320.14274271365355,3679.654878934526,2447.469262960962,3062.0012253674313,161.60512322307022,4632.625911564284,3847.210647820276,5424.860623789803,2569.427920059512,3779.954103965476,3585.781579704225,3622.508178927836,2148.5018141899095,724.266362995643],
        [3146.1042558415993,3729.4036480318005,0.0,294.23712722338144,3097.2471961878123,1545.8596538762752,1331.0687583391193,3126.343069287634,1643.5898077124123,1318.718590027733,2138.81970389271,3434.638241630551,2501.2214279178565,122.5492072774174,2772.235993585154,2694.8211828245344,3723.4594305272126,2266.3218648564603,1533.6358027611586,1102.0590213691205,2632.7773492178108,473.06470867576235,2578.8123501315395,3684.820988406064,3138.7265845397246,2661.4442260994438,3917.329883788001,3582.120200675948,1535.9935253092535,1359.9247360785846,2872.4028486475554,3404.8163541624126,1427.0058864535695,1502.1199755291789,1464.9415187210138,2909.711177262825,2942.0809006265267,954.4900469341817,598.4538790042641,546.3389715060338,280.768889682823,2909.8066061434365,2149.9647775441817,345.957755282283,3940.066552534651,3155.6400637928245,2186.243239656633,3111.623816112396,3391.7513345417706,3269.7508712758295,1670.8910102419068,3342.733789667889,1687.9772891824946,2993.5154111477536,758.7428766287755,3057.7675235741854,3185.0815563337615,2366.850529922498,3489.9022901627986,862.1462599763422,874.6034908757478,1714.6785348477576,2840.8263656281947,3453.126093747547,1206.8019079711723,2820.740809983002,3115.745086464508,3661.6442547570223,1421.5113741518471,1424.5818130866678,2572.2855424054615,3575.4638096170584,961.6774508943504,1490.3647391146083,1696.4406014867432,2512.5321750050334,2507.7292884406293,333.46403297347047,576.3410042090607,1804.3135300945123,3146.1042558415993],
        [2855.119302137377,3435.208930908129,294.23712722338144,0.0,2973.1376122354786,1663.3848142381462,1563.0132250260078,2845.6099049307995,1647.7735510587934,1588.8177733333187,1866.1217690010726,3315.350476101368,2208.185584121718,177.31579179654696,2554.096471816016,2425.609312065693,3429.349724720659,1985.411165354153,1276.4468871848073,1395.6588545896548,2457.321545529977,270.6343334625441,2504.5181593733046,3391.1561227894867,3078.587547094912,2391.6164839350504,3634.8281544920255,3289.6235401235263,1392.3430376236847,1457.5034999774898,2595.8083588680465,3194.7474106966292,1618.2732808317269,1676.3145497391133,1726.6407408586058,2787.5087354168504,2648.944345595695,1030.6240797186292,575.8602719316353,634.6524972589125,454.79516402120504,2615.8493790126254,2153.7706860523776,627.1060573933152,3649.179538081056,2861.6030175816572,1892.0485905313642,2860.7825739416426,3107.0946869749614,3017.2252584472308,1470.6649713330416,3246.6503028229204,1447.896825929974,2850.8595668349135,470.3771524413442,2946.4963033618897,3065.836677341858,2308.936183989154,3415.8470895123396,1038.1355868911178,1109.9876196122264,1518.0834633913482,2547.143416576749,3212.565576378124,1385.7282361225718,2546.9033648237923,2956.3629072645626,3369.0369575014074,1389.9887750704452,1155.8843003327565,2409.0732826228555,3281.3686833674215,1240.0716475963782,1489.0071630856894,1990.6007428586863,2311.183460868754,2435.5595739317914,330.0750929779355,570.2711266608142,1531.669254422226,2855.119302137377],
        [3611.4445043589226,3631.863089027433,3097.2471961878123,2973.1376122354786,0.0,2310.675958194128,4366.976005981959,3965.3482121636484,4577.237968577436,4227.944606189533,2079.956466790122,5831.665371584443,3146.5409382333446,3069.8216633818543,1188.1068696072873,2019.1951796686096,3500.5391525550763,2246.383487349601,3427.9087795004575,3673.751059460326,747.7804793306159,3166.849313587576,702.7335530221853,3385.1245317734265,5824.172382430784,2027.9017329473438,2892.893902522366,3194.450903240427,4059.6555370087744,2256.0713500345396,2228.785957152287,1162.3260263369966,4512.865197068821,2665.3966188745003,3373.103469275164,187.9501741176322,2924.3900377778787,2367.416405371152,2507.3301331949106,2641.6808084110685,2894.573745526459,3228.265595247771,5067.143283264141,3141.31079908038,4138.164012655431,3152.605967506919,2884.8259055975536,1736.9610507145799,2680.6812139285553,4585.025210383771,3900.405616733537,5863.270686843056,3651.2169362907307,239.03823703778085,2946.4026054391143,5526.484528698279,106.25617628290182,5102.686486183573,6101.300610530255,3959.0600146204756,2994.4929237950378,1563.9769133450363,2942.777866346404,1666.7992067254252,2694.247947950486,3922.884449414581,415.4503586872101,3824.958361515484,4290.119859418448,3272.6830980703526,687.4878476559267,3572.023899927368,3874.6361160450483,4418.587508939676,4188.476051197541,4519.363012615134,5184.631112712493,3302.711918797045,2534.9187100812037,2140.5047955634805,3611.4445043589226],
        [4082.339098536261,4489.863837275878,1545.8596538762752,1663.3848142381462,2310.675958194128,0.0,2403.1631708354944,4211.801251455219,3164.6293340216785,2153.3232226186224,2597.122418411524,4971.242225098279,3424.7114357972905,1614.205102821819,2634.783446106826,3014.697566243311,4429.62998507933,2797.6612316400087,2844.038780170419,1509.8980835792352,2233.7685723668906,1933.2707426991783,1620.4991010793776,4353.69304599688,4681.813724974713,2993.262389548861,4286.039429744284,4200.897474116256,3053.676362906188,225.11760148294368,3255.1416479001628,3113.190342312741,2639.656402550802,354.82011517218575,1073.008440016271,2141.984069414092,3637.943300108603,643.8280826350051,1130.144757889521,1029.6750209746851,1265.9712036842097,3752.389820364775,3663.1905403738124,1339.704121755514,4841.034858654059,3890.7259609253597,3070.7446796659297,3188.0933993924236,3838.8249695230725,4540.081282515474,3120.8660501233285,4887.302123906713,3048.2392147180162,2327.468297901287,2013.2036857835294,4597.6797067245825,2359.842023143107,3910.6949713430063,5035.289928060486,2218.3226950724147,889.2880358386905,1741.536390151635,3574.5497724935817,3396.037471934939,466.352788860473,3978.7893550078184,2529.614800676324,4525.12212548438,2962.549057801347,2694.144410140445,2110.7265530000145,4360.614041762245,1861.6659169277013,3017.608052089135,1927.650175249947,3952.311173804163,4053.3975103122643,1876.459236192451,1120.6165295455523,2342.354913926991,4082.339098536261],
        [4131.779990469193,4793.997486869224,1331.0687583391193,1563.0132250260078,4366.976005981959,2403.1631708354944,0.0,3989.6317495546846,1347.4435695056673,367.35024308356446,3413.973399273144,3334.594077852957,3550.2686393516024,1404.752749720617,4102.93281683754,3975.966193420332,4818.533229713202,3514.4315781903597,2377.843544576005,973.0660532898212,3952.7955382318114,1535.3139959513355,3786.6903047028404,4800.955683594184,2791.694829205962,3941.233288395096,5146.147367320208,4726.869865102236,1895.1573854544429,2307.9402952403107,4131.782927398239,4735.749295014741,305.71884664599054,2170.2609643964024,1635.9842766537631,4179.218552257581,4084.3075893643427,2035.798514324045,1875.0546480712974,1725.3289873680483,1480.5950702808505,3975.2787688401486,1681.7586251228638,1225.676283426067,4902.251325029153,4265.317077130072,3291.5066071766214,4423.450156401013,4611.978248341329,3906.5810127909035,2224.856974219439,3140.8255424658737,2420.092986126375,4285.133768237608,1904.3413729867912,2958.4831129041863,4447.689892297456,2127.898070255614,3171.102588430459,587.7500017360517,1514.8255931582523,3044.9834212265087,3971.141206728299,4774.858447548689,1940.429510423496,3639.6715982667356,4422.175497230005,4665.247297418683,1386.247718810073,2347.23248750821,3884.706383603987,4633.4649975751145,541.7253039004537,1293.395160725593,1097.796880693577,2923.49443022306,2306.5589732791063,1286.9061710517246,1844.2231429358237,3081.8290008087993,4131.779990469193],
        [464.15202952888137,1109.0084521672459,3126.343069287634,2845.6099049307995,3965.3482121636484,4211.801251455219,3989.6317495546846,0.0,2967.578916781463,4195.620656855911,1919.923298649226,2642.8536597687526,847.1132255612059,3003.9923113424184,2816.8295327616693,1990.1721583003805,1234.312382163746,1730.4244275913468,1634.9200164985355,4209.491206629956,3220.790730774827,2672.1922566353824,4010.338971250826,1305.83984828013,3083.3863250499494,1972.0909042522892,2097.192798672759,1386.9634214580321,2167.3650622268015,3987.753827077216,1845.4651095341485,3239.096671215706,3847.414109399706,4366.291573740456,4565.157804896208,3859.0543760796786,1136.1550637740686,3610.5554797218374,3161.1418179953102,3350.7283055262324,3280.279404988951,777.8972386708193,3138.0129153981707,3470.179667948746,958.3991331871891,1016.23159222865,1180.415768901471,2470.804533954051,1739.8590869865284,734.2122074139547,1797.8962788009314,2839.457560845617,1569.6175683229692,3731.436584157102,2376.398981394722,2545.8050606788943,4067.618520604973,2766.011444950795,3146.5463073412257,3420.1366890930935,3932.6622309086306,2738.6998660629342,1070.1801197616173,2813.1298921952653,4110.774597102213,361.87350987281434,3646.806625610069,832.502144573246,2743.6955707730253,1711.3424461246866,3305.4410526748043,976.1260348237076,3927.8259393708377,2902.506462369927,4768.540913962648,1476.4597885710934,2697.4036953489926,2906.82511818189,3184.8613994109355,2000.66544339917,464.15202952888137],
        [3220.5816264655823,3935.4765966059126,1643.5898077124123,1647.7735510587934,4577.237968577436,3164.6293340216785,1347.4435695056673,2967.578916781463,0.0,1689.2957835681038,3039.5372522009525,2004.9836092289406,2765.040906210652,1610.5267287269219,3963.7200413514147,3567.7166135776715,3998.656806080393,3060.61986923059,1577.4085583143687,2110.750781988448,3988.3099624574747,1418.8322618555155,4147.794670862884,4011.417530468373,1547.8810569527175,3531.5715319796427,4535.583152547094,3984.1525514673403,824.6769039379084,2993.7267497741386,3651.2917107212147,4608.777612601458,1082.2908941331546,3055.217180024434,2746.457124512643,4395.5963502266495,3379.7054407878645,2597.6005057266625,2206.7388043257856,2189.845166357141,1920.560849552529,3170.9027253627623,507.74568752078824,1829.7667458146773,3923.094334279317,3498.8996474718556,2612.8299340365006,4102.128941959084,4010.507628713756,2721.3990502378574,1198.4000662294288,1837.2091974674481,1496.497026398527,4431.969862897247,1644.0405770178354,1623.3284633607461,4674.580678896438,809.0938239431943,1919.8012403269083,1040.7129984006185,2357.2036796928232,3043.6086692249232,3257.4298269117,4494.367642332744,2769.058578909939,2605.7276339704586,4507.9245284669205,3741.328925227559,303.7255488487734,1640.3282116500643,3964.9556291530116,3775.214520083111,1640.0922506466657,159.4394195035825,2420.9811636123095,1677.9025295181953,981.5318608662336,1341.8556199121265,2193.2000974275966,2754.253732077532,3220.5816264655823],
        [4303.897331424651,4942.982159205252,1318.718590027733,1588.8177733333187,4227.944606189533,2153.3232226186224,367.35024308356446,4195.620656855911,1689.2957835681038,0.0,3454.1021134571874,3687.533878919824,3697.3172802194495,1415.8194035526285,4063.2461209280714,4012.0873043582073,4956.075140431698,3573.2955832287603,2564.789413482068,661.204565274173,3868.360126498709,1623.3737115919419,3616.596785566037,4929.982984771409,3156.143388901847,3978.4396426943918,5220.541701208375,4843.439901072461,2164.829883169104,2084.4386924955534,4184.622960778776,4682.332845257604,672.938573909637,1890.423112195136,1302.7867829085862,4041.4912299761395,4199.3933711847985,1864.7943078712121,1789.9418565619817,1609.937741653616,1400.896350211008,4119.731152906408,2044.8937342213746,1122.9475071052311,5085.926669012805,4394.716941198632,3416.1702700536057,4427.758610517319,4690.464424667422,4163.810107734762,2470.5942836814693,3499.678816827875,2634.449913437587,4164.467634434195,1989.5516131832771,3308.9979772325446,4303.015094800971,2481.6067460106765,3535.647145960405,786.7416107527504,1282.104896262682,2994.5622720137694,4090.6714770335757,4762.691186203248,1686.9830129225786,3853.7819313301115,4315.844806138448,4834.704034554786,1694.6619224407623,2513.2733393708463,3789.412106612402,4784.145165323438,366.6432865368253,1620.1923489421793,735.7088661219744,3210.373290534349,2659.3874213916283,1366.561987116004,1756.215061915915,3119.48453902297,4303.897331424651],
        [1631.6034707915292,1906.8664202327138,2138.81970389271,1866.1217690010726,2079.956466790122,2597.122418411524,3413.973399273144,1919.923298649226,3039.5372522009525,3454.1021134571874,0.0,3863.182683795938,1079.3938468206945,2038.287840704415,1041.24656457628,562.1411678552071,1835.9538631526207,210.5556638434789,1560.6205365870078,3173.239699149583,1333.2361422391134,1885.7134882810985,2093.2418426461973,1756.9635708016303,3981.337579015374,527.2707613876171,1795.6783875688388,1604.6311460718885,2321.19662957499,2392.372589106308,736.8934760930223,1636.4435260975965,3422.589883323281,2845.6310243713388,3275.2907923617477,1957.108947726723,1059.3562328992136,2121.9785934745064,1820.0479214988895,2043.377014060443,2127.843221058244,1255.097362296922,3455.30380906035,2400.4270495519017,2310.1915224141503,1316.3204416596243,805.6335867942196,1063.2081128600082,1289.7249057492375,2507.2577187484535,2052.8037598634205,3938.9922858193813,1750.1873500356198,1855.2159055469065,1525.121813911395,3598.7455546385218,2185.0456303900437,3342.9453955068807,4206.1181786561765,2851.9342857024067,2654.5995001221895,895.7511143893164,1017.9225870451786,1455.1786423117655,2658.1369596820236,1845.6618373192784,1811.4086293186551,1985.481915804499,2736.3504742804157,1441.5763526613719,1401.4400572436477,1789.16909780387,3100.392595887925,2898.7059678379155,3782.7732143696476,2513.8671643060275,3381.310273656642,2127.7024439805664,1854.4464007676788,334.63452305501613,1631.6034707915292],
        [3084.782927573516,3745.5436097183738,3434.638241630551,3315.350476101368,5831.665371584443,4971.242225098279,3334.594077852957,2642.8536597687526,2004.9836092289406,3687.533878919824,3863.182683795938,0.0,3031.7905205947663,3357.8777386409447,4904.365288256801,4227.559292713244,3876.6786746566795,3771.7099793794587,2407.5706335350833,4104.278317569125,5124.077299231489,3044.9084993887595,5584.902645158155,3947.8075751940314,734.1308572085243,4196.738314026339,4712.950874295053,4016.082211325852,1925.2002087138055,4771.159947460815,4189.523884839981,5480.201777577128,3047.579712041277,4931.557409919352,4719.747835919941,5673.138188024222,3612.8763232173187,4345.718433805576,3881.5069123248127,3943.2598277063516,3710.0486515019047,3272.7102424848104,1680.6153739092185,3704.416184977666,3462.3791592866305,3588.8299758863955,3120.606062867232,4788.309469301743,4288.583887492908,1982.5676167627662,1959.3308613122285,293.7892384049975,2181.5972604330364,5634.994963692586,3061.0402795707837,384.9164372602533,5937.2530740523225,1206.6960574899147,561.2360553996774,3029.7162818880142,4260.45529531759,4289.59619866991,3505.5567472218004,5180.30384828811,4636.690052796928,2386.089348014242,5638.100431328217,3447.835539603228,2084.8298430210284,2566.9514419538687,5151.037922520032,3618.4432779936387,3640.7984529958167,2100.713347419559,4422.157886087819,1356.501247510188,1028.2499979824715,3101.204379369864,3881.01379493748,3711.243743949565,3084.782927573516],
        [664.2682640985807,1245.9299879351431,2501.2214279178565,2208.185584121718,3146.5409382333446,3424.7114357972905,3550.2686393516024,847.1132255612059,2765.040906210652,3697.3172802194495,1079.3938468206945,3031.7905205947663,0.0,2380.099686477537,2030.7666350359546,1243.6667965677036,1270.0399638008216,900.2612404823585,1210.5143762374655,3603.2356173609196,2399.0019933663802,2089.5684383727616,3164.801498890406,1262.4175567888815,3304.201417079165,1218.318357506678,1801.3983467351127,1219.8604257777733,1944.1377396012508,3203.37303318363,1165.2482623222252,2520.385443168566,3464.6826940466444,3606.9172886365586,3879.6300004959785,3031.5415920622013,631.7573910693179,2848.908092280343,2428.3107747515214,2633.658129909922,2607.909619184668,425.1467896764666,3061.550461132853,2831.5596780799856,1451.281606816062,736.1095068145605,354.0042622741638,1782.485125303137,1306.239972459839,1443.263802847695,1581.3358300373964,3164.5005171889156,1269.7915082427778,2916.361760098144,1745.301618322016,2834.8053854503596,3250.388020291381,2803.662822439037,3457.456697093994,2963.033148245683,3239.4889788171363,1894.192457059298,510.35776930531904,2163.004636609764,3367.7886138197628,783.3067713791461,2848.6847843102623,1161.44181890432,2490.5984788870555,1207.379415069223,2476.063152334857,1086.8279882649408,3389.6238136593624,2660.972544173686,4191.581556225942,1692.4150550922802,2788.3531986717426,2342.818537271113,2455.82564798029,1157.4068295188433,664.2682640985807],
        [3024.0967032820326,3609.842072312616,122.5492072774174,177.31579179654696,3069.8216633818543,1614.205102821819,1404.752749720617,3003.9923113424184,1610.5267287269219,1415.8194035526285,2038.287840704415,3357.8777386409447,2380.099686477537,0.0,2701.087642317961,2596.5571153888122,3605.237588371291,2160.580323838174,1414.426892677372,1223.2017389781822,2581.762488882964,358.68729229414686,2572.2926611185653,3567.698069965432,3083.40206986586,2562.8035233308037,3810.637276349932,3466.750988083078,1447.9495856030387,1419.793521440461,2769.6127479145894,3337.9875905682325,1478.7993406742469,1591.5650101907943,1582.9274476343799,2882.9342383873172,2825.856545848819,1003.0423315218802,599.6148306289062,593.0232733957787,355.07386123349835,2789.621124065262,2118.24674821544,467.1613378914194,3818.013475344255,3037.674128944499,2066.767737106615,3023.8623757269743,3283.456171278408,3152.208566688462,1565.842871992909,3274.2254408848994,1572.5493203473193,2957.7527283725512,636.6261338259612,2983.5375101123764,3159.8795649460535,2311.329379793517,3429.6473328936004,903.3245719509005,983.6616117828474,1652.45617859173,2723.6947691765804,3370.9465278873568,1297.0497455260554,2699.129166057827,3072.5438908425713,3540.2134956048094,1373.2299087740414,1303.3721171935567,2526.8020239126527,3455.549073045328,1064.4444679218873,1454.3973184360543,1815.1824288711218,2408.2198014333976,2447.083280683755,270.80603921126044,583.7506003280798,1703.6665430470607,3024.0967032820326],
        [2440.077894622306,2447.1883216388997,2772.235993585154,2554.096471816016,1188.1068696072873,2634.783446106826,4102.93281683754,2816.8295327616693,3963.7200413514147,4063.2461209280714,1041.24656457628,4904.365288256801,2030.7666350359546,2701.087642317961,0.0,838.1268683510208,2319.8441470705807,1154.8028981116518,2573.8401713617104,3643.0643727266356,523.1928272685777,2661.56357692954,1491.888933160581,2206.780730194866,5006.512550558943,850.6660180605359,1805.0535194756874,2017.3666157007738,3305.26154204062,2485.046827307588,1040.737160896245,647.9115013482568,4172.204237430247,2959.3893549871564,3554.8680509994088,1127.6314218115358,1743.2326957065684,2382.819004550721,2281.485793120664,2482.868530646133,2663.23279153427,2060.5324136970594,4411.681129857411,2943.6582096987686,2950.2706375878774,1966.3838490624066,1820.2024250452776,614.2665306925109,1514.6860202094335,3472.3370121860225,3067.149049136176,4977.245959251311,2775.42201157996,949.1072218954276,2346.165896211453,4636.900022831515,1282.573702137852,4344.544206296936,5241.080012580987,3591.7283534686503,3015.4074505359245,1069.759761360642,1770.1004047165773,762.0993329609237,2865.850616841103,2814.0286642653145,832.6721339963544,2636.8840177505235,3661.09375233626,2440.380802543171,657.4555346258024,2384.2983876211097,3696.7407110721037,3813.625244870291,4231.911463472784,3554.7306232526057,4394.788100253324,2866.5801845550695,2316.43155259625,1236.4973558786076,2440.077894622306],
        [1602.7559510198207,1651.9741299951258,2694.8211828245344,2425.609312065693,2019.1951796686096,3014.697566243311,3975.966193420332,1990.1721583003805,3567.7166135776715,4012.0873043582073,562.1411678552071,4227.559292713244,1243.6667965677036,2596.5571153888122,838.1268683510208,0.0,1541.7332111781197,508.22806852379534,2041.2860853453085,3712.2198926016304,1302.5563216441176,2447.6167124934536,2217.929134404535,1439.04448640728,4414.560552882924,36.205910538795855,1283.2225927686175,1259.1252002993867,2820.0015841698714,2824.5896059411502,248.8374627985591,1276.7686706231148,3983.722702893252,3292.3523239282936,3774.147522835223,1940.706138557816,905.7849566695357,2600.6264741015657,2343.9206382102225,2566.1433053418205,2670.3416677868895,1225.239843458103,3964.732085090127,2946.4892517492,2133.493206641979,1135.2377582385323,1108.468430137943,565.3135867473175,828.2020556517464,2666.9365983822727,2522.55396721006,4331.7936887789465,2206.936582992064,1780.551175506256,2085.89971599523,3994.1509859619578,2116.426197317347,3815.7197892814343,4611.909303078945,3413.8597148030058,3167.373220074962,1273.3595754412272,933.1922855091975,964.7569150942192,3130.740844418954,2017.934224167324,1670.3302817123356,1814.4581357570896,3266.1817534570396,1941.6334135412628,1413.9250146682714,1571.8030055077015,3656.3991025661403,3431.431258416035,4320.990644507742,2871.5851769713095,3838.5214144028787,2689.8222812370204,2379.056685925626,894.6990680950981,1602.7559510198207],
        [819.0924176175099,166.06617519241982,3723.4594305272126,3429.349724720659,3500.5391525550763,4429.62998507933,4818.533229713202,1234.312382163746,3998.656806080393,4956.075140431698,1835.9538631526207,3876.6786746566795,1270.0399638008216,3605.237588371291,2319.8441470705807,1541.7332111781197,0.0,1632.3002893399919,2474.200527061508,4821.067432988858,2823.8984994780512,3337.7478494979614,3758.4145843613933,123.23438202950005,4304.665110203011,1547.1329584945952,951.1948145615875,311.4846308679963,3174.038810906968,4221.145900354517,1300.648618780744,2517.8255727645765,4734.495860155924,4664.848588853583,5032.660576971385,3447.3722235349305,801.4362177313533,3923.32064549694,3559.8238234385067,3777.841912825372,3796.0397525440203,845.2796672790814,4248.52945245767,4039.868647196405,698.395431926826,568.3081809638343,1542.344995823928,1781.2044628318463,836.2115294516433,1927.8130610527028,2800.897751448164,4072.87254310942,2506.9273738828274,3262.9664741443635,2980.968944453844,3775.1185721228135,3589.5194825170374,3927.6764516352714,4379.667933060372,4230.945149305113,4395.366202041546,2723.5796862883017,887.965234341966,2001.5636158835616,4458.491200612892,1529.2636610716881,3114.2761067679457,480.8504421263262,3736.4346161808608,2477.4027287940835,2943.849186736139,258.23916133602273,4639.15003043669,3905.2251515751673,5419.893040558539,2676.7734813286756,3879.1664158348744,3593.646326408383,3591.1879270143672,2094.7355642098046,819.0924176175099],
        [1426.8962095070265,1699.387429629203,2266.3218648564603,1985.411165354153,2246.383487349601,2797.6612316400087,3514.4315781903597,1730.4244275913468,3060.61986923059,3573.2955832287603,210.5556638434789,3771.7099793794587,900.2612404823585,2160.580323838174,1154.8028981116518,508.22806852379534,1632.3002893399919,0.0,1535.541184358941,3321.4961829193717,1498.7659443740642,1979.5476526398122,2292.0781975123045,1556.6686056142953,3926.5022471508546,472.3000167395473,1651.2496168759321,1409.8114666956358,2312.4851886196757,2590.536849161968,618.316295275769,1708.6402764151667,3506.3414913249244,3039.4986300811875,3450.2217963116805,2132.0783348080286,850.1040818946126,2308.298291281673,1985.5373189982852,2208.4728070542164,2275.638585445459,1047.9965583398716,3456.649987629135,2542.9634862434445,2099.642959009698,1106.8613876343,665.6418464106471,1061.8942656444333,1130.2201853571303,2340.102176513901,2020.0198908485868,3861.6081443784433,1707.1818109412006,2016.8580682760676,1612.1678784129647,3522.2783084359467,2350.3724345055884,3313.835750577201,4135.873192959393,2943.2069448556954,2823.7158876994017,1105.7962010775484,807.3847187076589,1462.1260597509674,2844.8955170099584,1678.0804634675344,1956.3057214124758,1774.926642836227,2759.5331127268355,1433.545454789311,1577.0268498817059,1579.8416948149384,3225.024787245941,2925.3793330526405,3930.6738073166093,2416.383369130443,3341.2449087585137,2228.3570555354027,2019.2258570011247,484.03924678694324,1426.8962095070265],
        [1755.0426286839295,2433.444313800897,1533.6358027611586,1276.4468871848073,3427.9087795004575,2844.038780170419,2377.843544576005,1634.9200164985355,1577.4085583143687,2564.789413482068,1560.6205365870078,2407.5706335350833,1210.5143762374655,1414.426892677372,2573.8401713617104,2041.2860853453085,2474.200527061508,1535.541184358941,0.0,2588.476683756653,2733.7836003252273,1063.5196345377055,3188.341904255737,2472.2768952972106,2434.124216345897,2005.85342941199,2958.585935634442,2427.064918876332,783.9795866470148,2622.223468848973,2095.936715729327,3192.7883335639585,2267.759882023043,2919.3867104237665,2997.216295868829,3266.936966018495,1808.4321909558007,2202.728860165153,1717.8232321706748,1863.8428676774583,1730.1732339243338,1630.681922586569,1931.8676172701214,1879.2116574799863,2525.6092192507986,1945.8421428009526,1035.5121594344946,2596.8952294239543,2433.147433027251,1740.787089065515,493.55276340422597,2436.9557418206873,229.49250074544793,3236.799550208126,839.9123671778511,2099.1241821291273,3533.10482357154,1782.7347187528403,2684.0444308750234,1797.93032603102,2386.433816851042,1882.2484991561867,1686.9707297328903,2996.592681687445,2638.1490486960706,1304.9663740986098,3254.590297879155,2288.7771331199656,1291.0782348674488,164.18221510066877,2751.8135518668973,2271.91449103316,2292.9635997429664,1461.9372426281664,3136.479542554867,1156.5289321977614,1822.506596740589,1282.347399916072,1731.7902342933933,1341.6163713865396,1755.0426286839295],
        [4246.297437051373,4830.042017061881,1102.0590213691205,1395.6588545896548,3673.751059460326,1509.8980835792352,973.0660532898212,4209.491206629956,2110.750781988448,661.204565274173,3173.239699149583,4104.278317569125,3603.2356173609196,1223.2017389781822,3643.0643727266356,3712.2198926016304,4821.067432988858,3321.4961829193717,2588.476683756653,0.0,3387.108839610446,1537.6812058238588,3032.8606708606735,4779.276920077815,3644.45615861654,3681.014642707734,4967.927108585262,4670.79061111716,2382.405886137787,1464.503068518361,3909.7432002008045,4234.669888388588,1259.5791240845324,1232.1309123685664,667.5982217550353,3490.3583611363374,4034.370297191209,1315.1966773752918,1379.380522462971,1165.2556099891724,1046.069885983626,4011.4373997329676,2539.5517652997005,783.2126284692351,5039.941485068967,4252.830083504408,3287.057840949882,4069.588807563564,4451.711937446788,4292.112040988294,2620.3586739588122,3947.6872120733474,2710.446151733021,3632.7326381303137,1859.2590883082935,3719.7112607219547,3741.8130004281124,2919.6937229033265,4021.4763908508717,1074.6089190589976,679.6348782302096,2580.0230721721764,3935.9494677728353,4374.766269683149,1046.3329253390057,3891.6177348016427,3800.625431133392,4763.39681673401,2028.8984268774118,2498.4854362236497,3294.5134660184217,4676.695218136386,480.4672818380305,2004.0135283255602,609.5499966633782,3430.008085761612,3090.2152725739306,1306.1483295155233,1343.7589373942053,2844.086896955237,4246.297437051373],
        [2876.146019465907,2944.903348483782,2632.7773492178108,2457.321545529977,747.7804793306159,2233.7685723668906,3952.7955382318114,3220.790730774827,3988.3099624574747,3868.360126498709,1333.2361422391134,5124.077299231489,2399.0019933663802,2581.762488882964,523.1928272685777,1302.5563216441176,2823.8984994780512,1498.7659443740642,2733.7836003252273,3387.108839610446,0.0,2612.4156808476746,969.4451742718594,2713.642295604057,5155.313434576318,1306.753261207785,2326.479563991558,2525.941431871104,3406.9232520863084,2110.6543236526018,1528.579175643262,880.2059653372252,4058.491118924163,2574.561658780005,3217.2168868098083,642.2323682862384,2200.145533271539,2083.2692517122223,2082.7368558680078,2259.423107296217,2477.100043400323,2491.8564638331563,4462.454098175612,2747.955337485095,3435.536680664379,2436.6708292289313,2138.6812293139365,1134.94227142272,2031.6184161831175,3837.278596043562,3217.0238467207687,5169.515667079604,2951.7494930208113,522.7092450202416,2344.3245913505684,4830.635663939833,852.2769728235112,4454.589123509708,5417.293640703294,3485.0869725408425,2729.0411162335035,948.9463208556805,2210.4503734592713,1213.401582431107,2520.300744153603,3175.1297481965935,525.002734626753,3117.010706111296,3692.028867125917,2584.373853141742,139.1427141954769,2872.3275362377667,3503.5963343807553,3832.3694763398553,3953.1587090071243,3797.397178156833,4524.280706805489,2784.4429062256877,2115.3244121621747,1415.1705610287395,2876.146019465907],
        [2718.7317890395934,3331.2204219728437,473.06470867576235,270.6343334625441,3166.849313587576,1933.2707426991783,1535.3139959513355,2672.1922566353824,1418.8322618555155,1623.3737115919419,1885.7134882810985,3044.9084993887595,2089.5684383727616,358.68729229414686,2661.56357692954,2447.6167124934536,3337.7478494979614,1979.5476526398122,1063.5196345377055,1537.6812058238588,2612.4156808476746,0.0,2730.440511610389,3308.576599850733,2817.4630937765273,2412.4474500163037,3612.743469598074,3220.101952032809,1121.7160747081418,1728.0840059025695,2597.3477519194776,3308.10883979448,1538.956178995634,1936.995938199709,1937.8154266054246,2983.449133318206,2576.0808914186546,1301.2463515412749,841.4092978413523,903.850398470091,702.9128879100801,2507.6184292200664,1919.8822795429987,816.923798375825,3510.456874242329,2774.030619740244,1795.7361814437982,2916.948233864737,3079.4550281714883,2797.0449307494127,1211.4727594970022,2978.253902751731,1214.9652768738088,3031.4756275477284,369.7882096883082,2676.6198960814068,3262.5043842381388,2049.983987287112,3151.0894144755284,966.2432038357803,1342.2962692853314,1663.9255761794168,2467.864222497956,3283.8600821442124,1644.2749197947433,2358.5825421468917,3122.7046870390404,3242.3128071918386,1146.9794539677462,962.3963387392439,2575.643059854244,3174.088087425031,1301.6937070504134,1259.3973203815726,2108.931012831512,2053.7338462584203,2172.498739343592,256.82178907922633,838.1351572068648,1557.2026396196684,2718.7317890395934],
        [3717.0111851701286,3869.5964311903303,2578.8123501315395,2504.5181593733046,702.7335530221853,1620.4991010793776,3786.6903047028404,4010.338971250826,4147.794670862884,3616.596785566037,2093.2418426461973,5584.902645158155,3164.801498890406,2572.2926611185653,1491.888933160581,2217.929134404535,3758.4145843613933,2292.0781975123045,3188.341904255737,3032.8606708606735,969.4451742718594,2730.440511610389,0.0,3652.7726441419204,5494.811784900453,2215.1232960821094,3295.9124859525223,3468.449026711449,3727.2502379486064,1585.7116487908966,2457.9244017099904,1720.3851956350416,3958.6737188426328,1974.0395121547333,2690.1728007803295,557.3389814402865,3081.445470967472,1754.5870285910134,1980.459088497747,2077.889727825934,2346.3926931565934,3334.8081772334167,4650.299194212906,2568.9858667707044,4338.785437331921,3329.9356854133994,2854.9387404348895,2104.3789412739843,2987.960976157764,4557.031489616869,3626.365669138441,5583.058463588487,3417.662217035375,781.0968731388155,2574.0949455281907,5254.261967521686,741.3699190470803,4746.277363042509,5798.330364103051,3428.1184297382715,2354.6143814213096,1331.7171524911037,3071.754085399976,2151.4166397379945,2024.313434799927,3904.887680861438,1007.1878933336515,4015.3297135659204,3876.4123537525934,3025.4835751030027,834.6491107329982,3783.9059072747596,3274.227931466521,3988.4297152790828,3522.8330843621025,4329.755881344219,4847.2103387339685,2825.4927936776094,2002.8392518776852,2041.423446824085,3717.0111851701286],
        [871.5327931391016,285.6610185965293,3684.820988406064,3391.1561227894867,3385.1245317734265,4353.69304599688,4800.955683594184,1305.83984828013,4011.417530468373,4929.982984771409,1756.9635708016303,3947.8075751940314,1262.4175567888815,3567.698069965432,2206.780730194866,1439.04448640728,123.23438202950005,1556.6686056142953,2472.2768952972106,4779.276920077815,2713.642295604057,3308.576599850733,3652.7726441419204,0.0,4360.359903413882,1446.1013819569007,839.9570554683489,191.30280018852363,3186.9473307410703,4147.201295377554,1195.2581969300313,2395.903701497737,4724.492598796277,4594.700616712863,4976.21921926463,3334.4022045656984,746.3431099672963,3857.217905991471,3503.188667818452,3722.5685570881838,3748.9847549307124,842.8255131761695,4274.203644476071,3996.870566137809,821.0268299739844,535.8515478609709,1513.8729018713593,1662.1808673294229,715.2804884133706,2012.5827180101194,2815.8875528605213,4138.341439920264,2516.1867720728505,3147.919994875843,2948.36081065953,3836.284809539591,3473.3949172591583,3964.9255817586813,4444.484443544225,4213.209473502548,4340.59236407667,2638.7602740774755,844.0129017116664,1878.7051349587887,4393.202075397681,1584.2115314815526,2996.9808574635163,590.5785431098432,3744.465578705749,2467.306765069922,2834.975314496665,343.01895660757236,4608.5334103544155,3914.0232039136886,5380.547779279748,2727.752262652044,3921.57275557507,3565.0763791002328,3535.059495301997,2026.284263456827,871.5327931391016],
        [3489.1147516119154,4189.85856262252,3138.7265845397246,3078.587547094912,5824.172382430784,4681.813724974713,2791.694829205962,3083.3863250499494,1547.8810569527175,3156.143388901847,3981.337579015374,734.1308572085243,3304.201417079165,3083.40206986586,5006.512550558943,4414.560552882924,4304.665110203011,3926.5022471508546,2434.124216345897,3644.45615861654,5155.313434576318,2817.4630937765273,5494.811784900453,4360.359903413882,0.0,4381.034713180024,5070.167832152015,4401.600128649063,1770.0579184898943,4498.553179546268,4417.071112087173,5617.7804270306,2491.114702911483,4593.7924589039085,4290.008032293079,5654.06563547498,3922.384503338282,4086.3760119447365,3654.3616132709362,3676.0712289841213,3419.4951824649443,3610.713904985358,1112.3145542650634,3361.564649153813,3975.67606748564,3943.063242099487,3316.6476824758042,4979.661179538511,4604.374100160982,2508.585843400309,1942.6758475383208,446.2486023499636,2232.0577123699572,5646.475005704419,2921.203035955147,565.2547541078663,5927.4544411041215,772.1481061403334,379.52351374234036,2584.7319477633287,3899.7703770448234,4260.520880576377,3806.1429265055926,5379.273884402007,4304.276032483044,2776.454985774977,5679.073999293086,3913.278112580292,1719.3929800394933,2575.139014472265,5162.592409864889,4049.148479525184,3166.904171171706,1679.2847529627174,3889.483176261505,1636.9217118465322,648.3830227791699,2814.060405647454,3647.309722554903,3775.7187681798823,3489.1147516119154],
        [1589.426368103783,1654.5491678875765,2661.4442260994438,2391.6164839350504,2027.9017329473438,2993.262389548861,3941.233288395096,1972.0909042522892,3531.5715319796427,3978.4396426943918,527.2707613876171,4196.738314026339,1218.318357506678,2562.8035233308037,850.6660180605359,36.205910538795855,1547.1329584945952,472.3000167395473,2005.85342941199,3681.014642707734,1306.753261207785,2412.4474500163037,2215.1232960821094,1446.1013819569007,4381.034713180024,0.0,1309.4621742377067,1267.9444009779859,2784.30836901267,2801.972094088845,264.0178553014198,1302.9510816369536,3948.305223479162,3268.907059370491,3746.6974788787834,1946.369649518015,896.5389892255245,2574.4049882910913,2313.8930002658717,2536.2936348450417,2638.618639910691,1210.2549520403027,3928.893226208396,2914.4157616714597,2131.3835685062077,1129.918414992302,1076.9284683499068,598.6272001264116,846.9716614613008,2645.05282371398,2487.5212242720872,4299.812499794085,2172.1643680230172,1789.5519179994828,2050.458450945389,3961.99868324629,2125.8438868295257,3780.806852416767,4579.454605211821,3378.6879934001363,3138.580266578772,1251.7260186926067,919.4353451113112,998.5330934139783,3105.240056953255,1994.4926529424947,1683.3274045404548,1811.2292917710274,3230.0162955466403,1905.786693938665,1415.8680915175094,1571.2478866151096,3623.0748012494914,3395.2465334188896,4289.921557479327,2840.578751250982,3804.094469179229,2654.9593405569294,2348.9772652329207,860.3610750210022,1589.426368103783],
