{
    "drone_dist": [
        [0.0,1119.4590869973838,2391.5035892246947,2880.657559911022,3257.6833492467667,3942.13368340349,2810.65482702064,2164.0714651631843,3699.875564686817,736.2088018248185,1364.4496497515865,505.297748926742,2386.0928326120784,3899.6633771112524,1786.2616847286508,453.4373549992583,1749.1562801285436,995.3811619040856,1604.2204824547853,2003.7857881570092,3682.774784360563,406.09483665331345,2070.982328616541,3041.118602648201,1105.6166569245452,1335.6657569870003,2411.4440905362426,1550.3461049931946,1688.2318601299817,1930.1528825947335,3099.268729601478,3281.0865128142395,2811.5832427377713,3643.5839998105325,1880.8109556359886,2638.94672782701,1241.1013299907747,2045.2270886479914,987.3109129296424,2276.7327815414565,2486.4041184472267,2545.75962621279,1304.7967336304048,1681.21046636399,938.5777249012289,3984.291760960447,3155.5978331489055,2193.730833454329,1675.1234748311174,857.1712248423099,3189.9900805731218,449.13053139585486,2597.7546051131576,1579.1275358990108,2512.8201737697877,1258.117665199543,2856.6206483105293,2772.2602035232585,923.2332397290265,2664.9111639294265,960.1681288951451,2012.3861980321549,1653.8093175698814,1954.6524735354367,1985.0988630605304,4025.0371222458875,1981.3023654490128,749.6424995357303,3694.167218700266,1873.1111374641991,2922.880895811491,2818.100521892734,3492.074598772204,3133.031235914874,503.8554065713058,3649.554597725588,2871.648754052203,903.4650583142479,3539.8185232444225,679.0550993480422,0.0],
        [1119.4590869973838,0.0,1717.9363004282393,3940.67111073206,3249.560447546899,4717.90448812192,3628.9382734903356,3255.2255166573177,3637.510991590444,780.6839924554217,2366.0901754382976,997.2072746819614,3504.3228790561284,3716.4675676771276,2409.613513807596,1010.0346404421725,2776.242501144067,1305.1143691605937,624.6714581608718,3051.3122374701425,4109.049434908318,1462.8368295493626,1181.9780200336318,3957.2086311711314,969.937719657254,2441.3622936338716,1474.3602603671625,2572.7124148735124,2066.082128628692,1010.9472750135383,2727.806469917909,3043.398257206513,3736.8522823846856,4532.923937146851,1515.223554160873,3748.3036177909567,129.7767301390583,2029.3793254077189,1947.717391157053,2368.173695986564,1570.7332791053223,3515.0265976021847,2099.3118393544237,2030.119611339698,1750.0245585534437,4840.655677796088,3702.900729291644,1288.9306906534705,2757.337183680721,1408.4758514178225,4011.309968839803,1174.912451503841,3665.0159325944014,657.8143921077341,1713.5098822366415,744.7789068422758,2552.681987836357,3136.364069627275,1506.8214673016314,3774.1870153171135,1984.9047822293153,1565.0648606341895,2765.1506096189546,841.4996306664613,984.5011107863801,3742.3741171644565,2730.054544830216,372.74420347736026,4350.378802608598,2720.809376455935,3277.9872302889225,2826.9598935777817,3770.0219254836534,4049.07093065302,1271.5217674659452,4294.628524268556,3133.4348615224226,1412.475670816362,3353.0819588543186,1177.7971880347332,1119.4590869973838],
        [2391.5035892246947,1717.9363004282393,0.0,4493.4613220834535,2028.369972487442,4500.1492044427005,3637.160598607623,4444.09734476519,2287.051269835081,2444.1863865119553,3009.3252646013925,2563.4673613190257,4516.382874808606,2223.051206475,2406.59780202941,1982.3445533653494,4120.619615023059,2982.007522794307,2062.2079121433117,3670.723881462278,3367.6884493887496,2796.8066068231915,653.348407558723,4119.85139076857,1318.9816476014612,3361.9215953444123,2626.0721158609917,3927.81550435305,1872.988369370251,803.4591005153452,1150.1916846264564,1567.567494112733,3949.6555841637005,4569.795382804516,684.7607736378432,4550.814939717019,1629.2410182399667,1265.7292846840537,3377.447910686352,1574.445409001702,2733.7069970377697,3861.1507402040966,3650.5662707354277,1817.536495381754,2330.3745113073414,4775.5064528230605,3219.915087932511,2555.787839972741,3992.8834108499886,3025.6437133265736,3967.48011417171,2094.506110594756,4910.933119107557,1076.4084724066902,312.26925311948287,1145.1451663113864,1090.0654985319347,2486.4669771104177,1982.3872297391874,4859.795026941322,2782.2339546015796,522.0053064991447,3890.2825069644978,1721.7838253586856,2197.671015421701,2154.7527639298705,2814.5472429820543,1926.7679914604846,3953.8991732520967,2978.238891727276,2578.9961151364423,1730.270161963883,2857.619939167211,4200.0661196410365,2136.6895301179184,3885.8074270196867,2327.907622154534,3044.2807091489667,1893.2380313707222,2783.8792081603433,2391.5035892246947],
        [2880.657559911022,3940.67111073206,4493.4613220834535,0.0,3884.7463157070497,2026.7263282790027,1392.164370078349,1774.5811554068252,4270.250729794426,3574.1422323907555,1586.8022898150484,3279.241890374603,1250.7432764358848,4667.14697718634,2146.2425524942164,2943.6596177514757,2268.9640988136493,3559.157577380637,4480.714487739626,890.1477623775712,3035.6585752444435,2697.4002784313407,4523.810938420854,974.7999474940962,3362.168593414561,1581.4260888357353,5290.409527155761,2320.7924487146606,2665.4859759303695,4447.556174345716,4496.552935987426,4365.489821815452,901.5396472419922,1377.9494906434545,3808.8238902755925,663.4932925371004,4044.4626307554495,3374.3341765372106,2654.624208491636,3255.3274835727084,5362.459004724767,730.5089919237469,2998.17673134048,2718.0826523209025,2267.838010379017,1743.2535141858973,2430.4544465097388,5071.022118399706,1959.4943277553357,3301.1064810758708,1458.8036428563998,2776.4194966721607,2026.3631279409728,4183.975143965847,4750.915845859961,3704.7626215565588,4225.912468256814,2811.8963103688307,2601.159676241735,1508.9603571381297,1955.772779605574,3972.8719410694157,1692.821818736338,4777.507850925253,4862.952551675766,4967.761406190165,1766.0842842427467,3597.2647004914434,2315.6247268102065,1536.2310386889653,2884.729805711173,3622.7247295488305,3338.952657894694,1000.4316181593647,2684.2990040978534,2330.4414092133475,3094.9608015470108,3353.3759448015317,4430.861064113861,3312.7290224339404,2880.657559911022],
        [3257.6833492467667,3249.560447546899,2028.369972487442,3884.7463157070497,0.0,3026.237861363952,2595.203652940097,4639.119346681371,452.7385070826622,3716.8189108042225,2945.3550255916903,3672.2191283703537,4466.938340102051,787.7165917514736,1935.938569617267,2822.811949128419,4585.959659687465,4184.663303036051,3792.8416649551737,3340.9281992603624,1549.518664678256,3568.818461675097,2606.2125745215167,3134.197710938932,2339.8137054211184,3480.279499166888,4516.803317725398,4443.020100960352,1654.5395140820747,2702.0378749984907,1071.1653275479682,668.170759357015,3062.9744975211265,3355.320076997368,1771.2576458868816,4232.529033547761,3225.0213616180263,1246.3327156213866,4107.412930124486,982.0154296910407,4625.5719879295675,3154.337018773104,4508.8592782779915,1638.5102499301915,2565.1520041031167,3420.9233004366947,1718.9874209030459,4399.295062801054,4333.736910998125,4103.608061616305,2779.401222945496,2811.4693941584537,5113.803369356483,2802.3716869188374,2317.0089735394654,2505.2273646723133,968.7685983114545,1087.4891716426678,2377.3338322729487,4849.559493955141,2989.862231308496,1786.7477482829795,4111.034610856409,3609.5259350205615,4037.919120117898,1086.13176764626,2195.3192640953903,3247.383711273613,2381.511679341068,2484.0687517503675,1054.632119165839,441.04219995341754,963.8224752785926,3183.3839816382565,2776.527549753646,2312.492474820237,800.144622597991,4144.557715367379,570.8175387913244,3892.8162587290267,3257.6833492467667],
        [3942.13368340349,4717.90448812192,4500.1492044427005,2026.7263282790027,3026.237861363952,0.0,1134.4091458703733,3705.4282474314773,3247.674968257468,4672.680495995827,2658.543719499437,4438.848629134237,3231.5249587310386,3676.546473908533,2315.8599359895875,3764.3982639200035,4073.9220287944536,4867.076940682402,5338.091230383826,2315.178638058054,1588.1233812462442,3957.317781983917,4808.491494550267,1118.7463712221545,3839.129519659345,3034.0183765541956,6191.059964623048,4060.685917565138,2754.63084387636,4804.993059405974,3987.366534442983,3672.4681179393933,1313.0716467371906,682.2917704931496,3890.591394477312,2679.1190056028954,4779.162875073776,3235.765577481974,4173.310283998642,2936.378995988709,6284.8969718718945,1649.059269873133,4592.240687030184,2805.004194150083,3030.5148184016407,465.83207649838187,1331.9165821880722,5997.287105952993,3743.754117293564,4646.606679868282,767.7138432727052,3623.75400772579,4025.3852397526434,4674.916940928126,4808.386858701342,4186.745843975348,3775.0821820580422,2069.984782682964,3214.889629585599,3527.3073305885,3036.408519397397,4021.212268978529,3448.2792076752166,5451.699949930882,5701.794346399874,4029.745991107716,1993.8288662748955,4471.3996232479285,656.1600336300336,2069.3497940451302,2027.3942469819817,2996.4429388774856,2133.1825546583973,1058.4211105582053,3528.520525212102,721.5601833943116,2309.725095390692,4701.959076335105,3584.8099667487572,4562.935298989592,3942.13368340349],
        [2810.65482702064,3628.9382734903356,3637.160598607623,1392.164370078349,2595.203652940097,1134.4091458703733,0.0,2771.1622888982624,2943.451793900619,3543.2915596532584,1530.8293256350373,3305.5693767865027,2373.3454631936534,3357.0904130908466,1280.4918691840933,2653.027561092735,3048.515244623656,3733.0694013290995,4242.499734311387,1294.5525156460544,1649.3825038469015,2824.3177338365394,3848.9510214383095,540.2860064902803,2797.782003676353,1944.1446723289323,5095.351601933716,3009.0865461313947,1784.922221887608,3821.8533693055824,3362.9154632962336,3149.6946818671486,495.40302501763125,941.9630039726528,2979.5291613427994,1921.944980376372,3699.11341658899,2391.2047439786097,3063.01373356194,2165.426509146854,5186.252067695969,725.8721057304002,3489.5383737097472,1839.6371517512684,1910.2696254734026,1213.866747398904,1038.5484514198547,4896.07749551983,2720.5253174462846,3514.342184757842,383.5347578409152,2506.5018075312482,3157.470354295567,3650.143051861517,3932.096870111745,3153.51869929511,3111.53050112291,1508.3410644206917,2122.5421943032798,2722.2355770331437,1902.895937639635,3127.6567876834074,2426.014026514901,4393.604989818495,4612.877447717273,3678.9041153566122,905.173349553863,3363.447122344573,1063.2639776010171,937.8795028982338,1551.5623894323246,2407.839705537017,1956.6328873246578,598.1352392312687,2409.9204846549774,1052.1304489063841,1795.3332727071418,3569.6414629909423,3160.7248794108127,3428.5395231022835,2810.65482702064],
        [2164.0714651631843,3255.2255166573177,4444.09734476519,1774.5811554068252,4639.119346681371,3705.4282474314773,2771.1622888982624,0.0,5083.535089669596,2612.2602185231685,1693.7646934218767,2315.399734558529,547.0930743599862,5405.322981727214,2707.5475510538245,2487.740930048796,630.5512401318448,2352.678384029172,3618.4896915156287,1487.5278657173976,4315.604804275198,1792.6265776825448,4216.485227522084,2587.2127670955874,3128.419819752668,1168.948087868898,4288.666168010674,788.5186712795439,3037.13398188679,4084.717447155868,4882.522275301603,4917.035938858336,2409.1840027942526,3111.7385546692976,3828.1028707136857,1141.1154702960407,3382.6935968082953,3692.829972476703,1386.0768034669,3750.8293686087327,4332.86872088732,2082.590933184919,1531.4764144939284,3069.837710904197,2198.965498460266,3489.4645896952447,3672.6949459579223,4066.221106135018,500.5682074758298,2100.006395786755,3009.30995990554,2356.713069279809,482.02323788934933,3740.386391015107,4615.065215175277,3373.742353057511,4609.532905398923,3734.8019063614497,2513.807803869171,573.5930193030304,1724.418034624999,3985.415503474545,559.4269955610832,4057.113953192611,3968.3581822381366,5630.47908908629,2528.8987640168375,2883.844180186583,3829.9498568902422,2237.2180254113755,3858.6116300151666,4259.065570290379,4424.082866293272,2648.1012704311606,2308.082415998911,3822.6058617576227,3966.727676109505,2137.2810803070392,5090.141971226903,2228.626248362487,2164.0714651631843],
        [3699.875564686817,3637.510991590444,2287.051269835081,4270.250729794426,452.7385070826622,3247.674968257468,2943.451793900619,5083.535089669596,0.0,4138.163164302464,3390.1489678483217,4105.17032246917,4899.3732352406305,429.6166203974972,2377.0193424974063,3261.0634825094185,5037.832841831497,4615.444235289609,4158.674290724361,3764.2349601645574,1688.789569683263,4016.7904016002108,2903.2896189825706,3476.293525659778,2753.786349583669,3927.706523320759,4851.050438628015,4895.538731747089,2107.2771120849707,3015.6788377485545,1197.0367684383589,743.7028077232405,3424.465603828984,3642.081256857772,2133.8225786146054,4645.735761390918,3604.0857554849485,1670.6519428292786,4558.382868592284,1429.0619311666474,4959.980373841498,3540.5717787374647,4957.904306576091,2091.0372248952594,3017.8667479039304,3668.3980594919317,1996.289054158443,4746.073252885852,4783.876287665631,4541.707035621227,3089.9766950760268,3255.3159802511404,5556.658130940053,3152.4682404488026,2552.0341086684716,2893.3909282451073,1197.0994704614873,1458.4371105347682,2826.825423995879,5282.051774952874,3441.7489851448017,2124.9448917784816,4558.634852060145,3938.654472272319,4383.050913483801,782.4795171055987,2617.4677575711403,3658.2871538567065,2592.157997430427,2909.5989702805205,1393.270620141544,883.3161655295875,1115.3640069905318,3518.223243334134,3222.9023175074044,2526.1178959731164,1177.8334860531968,4581.642592707853,456.73683205787654,4327.620865715615,3699.875564686817],
        [736.2088018248185,780.6839924554217,2444.1863865119553,3574.1422323907555,3716.8189108042225,4672.680495995827,3543.2915596532584,2612.2602185231685,4138.163164302464,0.0,2095.542243458056,306.17731891600425,2936.0102778483483,4277.511115447668,2468.7949124508486,978.9580308058688,2077.4065004494887,537.9143889495366,1006.2967446596676,2712.66398315831,4327.772460466264,892.080219884415,1954.2931430249316,3776.3764316560664,1387.6351724443598,1999.3091010296812,1732.1967644991194,1876.2263523477081,2279.3507396010614,1785.9215377584262,3359.9651804528976,3621.353062420412,3546.5304230216075,4379.571445210154,2109.2649332300043,3270.532607330433,904.118384834979,2470.812540857982,1242.8121135493307,2762.4756084779856,1796.2682767495994,3276.164161007202,1331.5273623801347,2260.011193692417,1650.2629431357323,4720.399404374894,3834.2387093784614,1509.2267654911636,2112.688400785271,630.9359869325706,3923.6801812747417,1080.0887844066847,2984.7179335830815,1424.92003549266,2474.760036583691,1341.7848035245652,3152.2054690941727,3384.961187420747,1553.6009090311043,3161.26543273613,1691.0380378691088,2198.7851483462905,2178.239630540928,1469.1580067510627,1361.3582076049786,4349.114792921787,2698.7775172262086,521.5044751803143,4403.862432147009,2605.412840107185,3534.4059323894144,3277.7972075656867,4080.8307841397027,3868.192133067509,1166.4801049752073,4356.5986827142315,3445.6823405079112,632.1696030892005,3911.5244952617163,412.43357428604844,736.2088018248185],
        [1364.4496497515865,2366.0901754382976,3009.3252646013925,1586.8022898150484,2945.3550255916903,2658.543719499437,1530.8293256350373,1693.7646934218767,3390.1489678483217,2095.542243458056,0.0,1828.040609990706,1576.5516904874223,3713.2500432000534,1016.7327049367855,1360.9177391997546,1715.615681647453,2218.7279600688394,2929.4505747345747,700.1779529577549,2776.666439830514,1305.3242248740962,2963.6162824384205,1686.5829904061025,1796.2160242123223,548.9279236807167,3760.8579602489326,1616.9952236769136,1366.6477581635622,2876.508668465909,3250.749109352139,3244.2871558206257,1455.7042785428007,2294.6213609547126,2337.3558004079655,1541.6795536900677,2465.299585737949,2058.579212788657,1546.8633233561573,2072.7254758839085,3840.4718276778617,1181.329977188103,1981.2937127596417,1405.4687154599833,696.1503269307947,2647.6618023203155,2156.8013485864317,3546.999132529267,1424.1370335434506,1990.655709204409,1891.6147663490913,1193.9350214788192,2169.4400349945863,2600.9757967835417,3240.041318556793,2128.9340523847754,2974.1822812375503,2073.1794535363306,1043.1524095849659,1950.8436539124862,404.5899310195808,2502.7858460087655,1175.058060126058,3197.501847633285,3311.8430313000804,3945.9449728213795,911.277243866238,2035.9751605057575,2528.1318069177596,664.1811697204568,2206.598924812293,2568.9370774605745,2788.4205074319475,1777.7049536276477,1099.9952029637832,2497.5184186499337,2287.8657147279264,2046.0689843260552,3403.047081063536,1923.742512829999,1364.4496497515865],
        [505.297748926742,997.2072746819614,2563.4673613190257,3279.241890374603,3672.2191283703537,4438.848629134237,3305.5693767865027,2315.399734558529,4105.17032246917,306.17731891600425,1828.040609990706,0.0,2630.746458858218,4273.715914719955,2288.527254901115,859.7062385369724,1796.1441014473264,515.6689217985245,1305.378645474782,2425.3126127436612,4177.526174700546,588.2014254621386,2128.2808752501064,3514.0920054667013,1394.2045370597307,1700.7966259956995,2037.196220897691,1593.382376143671,2158.1730252040466,1966.7147364309699,3404.103553432284,3632.2684263417173,3283.4116530211686,4120.644376080001,2155.2513696208584,2965.6537075368155,1126.4910109377895,2435.4200520756217,961.1426442847442,2700.22907390984,2099.693946397083,3004.25542775613,1111.8214786830717,2145.6308101097434,1443.8429310237855,4467.733372930072,3658.264117674718,1813.9237327217554,1815.0517689845308,466.4492760132753,3682.829426423053,919.2248126700524,2698.2476669543917,1601.3674168559164,2627.536308726302,1426.3893074985626,3180.243153701247,3254.9000663505053,1403.5633540673423,2860.2450604930536,1425.7727497020878,2263.123024470743,1873.331237884396,1748.7925530976931,1665.6118733495914,4369.951355908546,2485.7062625796784,662.6754158452836,4199.166835341721,2369.6892271349607,3405.3811925521263,3231.192538233214,3966.792975133915,3605.4311364873515,991.5306402343997,4154.746150679252,3339.019217910591,493.5084890797877,3909.358726665852,228.82587731731155,505.297748926742],
        [2386.0928326120784,3504.3228790561284,4516.382874808606,1250.7432764358848,4466.938340102051,3231.5249587310386,2373.3454631936534,547.0930743599862,4899.3732352406305,2936.0102778483483,1576.5516904874223,2630.746458858218,0.0,5248.186402998631,2537.7345807818037,2635.0021273456264,1136.8895314181573,2751.9325722391713,3931.1010352263406,1158.5563062952338,3977.5303187545237,2062.876342752797,4365.170642780877,2122.1388507220936,3227.526956207527,1154.7578281202484,4652.787756029433,1254.8433917468126,2940.843582891212,4248.424400546579,4827.283649813344,4811.311225157288,1965.5363664903168,2613.0273538679166,3866.556753748144,599.8327045506667,3627.055493371028,3634.7318516850883,1774.1713305016187,3639.8527377625796,4705.765894310421,1656.4063822823884,2000.1193378885075,2981.0308707050203,2196.9669812531715,2986.0027585466305,3336.1181882847345,4428.921133679248,899.8910069654587,2490.932352115007,2569.9568402021846,2484.956952974058,795.5487988896889,3922.8356666557165,4716.973514935987,3511.554849511693,4550.733473623196,3494.378985847104,2538.51777267136,382.6917845289495,1734.5012972446225,4029.5537074716713,758.3102781364811,4332.174637130365,4296.160129281383,5499.167344056857,2289.0466445936413,3132.4283404762186,3412.868240112285,1993.9624480185412,3605.707252815165,4116.428528031939,4147.405248536097,2174.399279925543,2418.615406692602,3412.4671256848046,3746.769064260122,2534.425222708711,4953.592652453911,2582.822593565412,2386.0928326120784],
        [3899.6633771112524,3716.4675676771276,2223.051206475,4667.14697718634,787.7165917514736,3676.546473908533,3357.0904130908466,5405.322981727214,429.6166203974972,4277.511115447668,3713.2500432000534,4273.715914719955,5248.186402998631,0.0,2712.2578289717585,3451.1412748901157,5323.079511400529,4775.291069561567,4197.2192019593085,4127.151165823986,2112.0842661346155,4239.132882842403,2866.8514084662866,3892.568822437782,2891.579375936769,4240.834480542981,4838.901311339769,5171.809040393844,2386.960530525596,2997.277180459213,1075.0496464102478,676.3007476045486,3833.430831067997,4069.801294910625,2201.7817083428226,5020.197826255392,3668.764716429361,1855.006534161619,4797.543423918784,1679.315558201124,4947.324230455373,3936.6566726391807,5182.575460691378,2363.0905910367405,3288.1319345169477,4098.010374108734,2423.5001132993375,4752.040932556434,5082.77424012875,4723.146299613281,3513.8238884756197,3464.3443873085735,5882.569728680421,3179.798165414096,2454.6239612831446,2982.469545602139,1174.4930534161722,1858.9496673103952,3065.0609381904724,5630.580969693359,3730.8252626095896,2160.4991614211626,4870.0186294326,3927.3489700636374,4389.43869755363,357.4670232938412,2982.3398094633835,3779.098799976683,3020.801314393972,3270.0584449275007,1805.6181331061296,1148.177911173682,1543.5898444835645,3936.7404031461538,3442.432659009509,2954.9963310350154,1573.2976404969506,4759.720644254432,366.0754868769219,4500.145139603533,3899.6633771112524],
        [1786.2616847286508,2409.613513807596,2406.59780202941,2146.2425524942164,1935.938569617267,2315.8599359895875,1280.4918691840933,2707.5475510538245,2377.0193424974063,2468.7949124508486,1016.7327049367855,2288.527254901115,2537.7345807818037,2712.2578289717585,0.0,1503.7287017770855,2708.177221175415,2778.2824584607424,3032.9965789359903,1445.334455803798,1911.7816462317658,1947.5055023515592,2572.034930124463,1722.6384280453142,1527.646233147426,1561.6953993380632,3883.9352582682363,2588.251293163687,534.6537322322225,2541.618668772894,2365.189627947588,2288.8909626376053,1544.0872602685442,2221.1830079160504,1730.5403313618963,2359.8620776945227,2465.844878993317,1229.1889195378026,2378.1530314917427,1130.9187399294967,3980.0684541005608,1467.8803637831104,2812.0737822892543,589.8361154601441,859.5640397960941,2484.0260444738815,1369.748859301719,3695.7281696306422,2431.6866895103667,2608.990631301112,1647.7507274230868,1388.7087123819788,3179.6746196473155,2374.4803083567463,2688.9404269208235,1880.1249827884064,2090.8777287891753,1083.6641042396384,928.6020712368235,2919.6589921554605,1145.3087628029598,1886.9048519044788,2191.045795898457,3136.9513661043807,3391.0120875888733,2962.400457379505,407.9717375091168,2189.0407939296188,1951.985844485154,613.6578334149726,1226.5528992339505,1579.3906601684014,1815.5624450026442,1806.4469095165848,1304.074353931768,1900.1495759700517,1276.782564349672,2660.8191779538206,2416.483580795036,2461.113246998438,1786.2616847286508],
        [453.4373549992583,1010.0346404421725,1982.3445533653494,2943.6596177514757,2822.811949128419,3764.3982639200035,2653.027561092735,2487.740930048796,3261.0634825094185,978.9580308058688,1360.9177391997546,859.7062385369724,2635.0021273456264,3451.1412748901157,1503.7287017770855,0.0,2138.3362417984436,1375.3327910450969,1599.7720550364563,2053.5812150773772,3348.832537512824,835.9435107271214,1734.9675918886774,2955.16703615883,670.7794692564026,1506.835891275751,2448.789086568389,1946.4274979368092,1305.8535680640446,1613.6532981326002,2647.067153745195,2828.6640552093995,2732.489297765143,3538.777691701464,1437.786458205439,2801.01271262248,1105.0217035803655,1598.7466755362434,1422.8205555019545,1845.761633176849,2536.877633910064,2505.302625473152,1757.3331673324064,1290.139806242241,748.5864642637204,3857.194789471838,2861.3269626133865,2245.3065356920088,2020.0071494008696,1280.8875958765489,3036.561638038455,167.24194326227956,2943.6054410245424,1292.0510835321268,2131.3303480866302,886.3778992070975,2403.3303711616836,2409.304399096103,578.0690306448927,2947.3727897599456,993.9395884569972,1575.5077379184456,1947.0374398393965,1836.6587051133838,1977.6962157085436,3572.3460902248594,1771.4330740887876,710.9300175133351,3452.2040816169783,1728.1057939550435,2559.22215472871,2382.0598432909296,3113.1646060981684,3047.288394166229,261.8082474395057,3402.029858213541,2482.3470928261563,1321.8376100760129,3090.148412332311,1073.241063304489,453.4373549992583],
        [1749.1562801285436,2776.242501144067,4120.619615023059,2268.9640988136493,4585.959659687465,4073.9220287944536,3048.515244623656,630.5512401318448,5037.832841831497,2077.4065004494887,1715.615681647453,1796.1441014473264,1136.8895314181573,5323.079511400529,2708.177221175415,2138.3362417984436,0.0,1760.2288028758987,3077.988943575901,1765.1951838085997,4476.4802320914405,1347.6352305102887,3818.584588756885,2963.8270983379093,2806.0113291720663,1173.0939235650922,3705.236850109473,203.53011751317752,2937.2352974978426,3673.9483273436635,4690.263246073347,4781.534937592856,2760.858166526939,3531.7560942574805,3552.2877482845383,1690.7682519112598,2905.8242298578007,3527.548672361286,835.5305567349503,3644.624999793238,3743.6075105014133,2424.866227103832,906.1788871947575,2959.9944854950877,2037.5111331083435,3913.04603695801,3844.2273610326756,3484.8211541605256,330.2915726628556,1518.1781440554041,3337.2620207038462,2035.5211980281981,911.2169918425865,3316.835287606037,4258.524476365833,3003.2511099552307,4425.5923925296,3783.218211346506,2300.777128219274,1199.9894116589355,1596.1018362181235,3700.0531876524133,626.2428155868333,3543.526465986048,3412.7070650747314,5515.200443421279,2621.31794913865,2413.5763309815284,4108.784379341382,2351.296159585948,3919.403113868866,4178.017910739821,4503.216957144239,3036.0979744852275,2009.837310437443,4091.534815764676,3984.52006780015,1549.7757759985832,4987.8662781181,1675.4341976445062,1749.1562801285436],
        [995.3811619040856,1305.1143691605937,2982.007522794307,3559.157577380637,4184.663303036051,4867.076940682402,3733.0694013290995,2352.678384029172,4615.444235289609,537.9143889495366,2218.7279600688394,515.6689217985245,2751.9325722391713,4775.291069561567,2778.2824584607424,1375.3327910450969,1760.2288028758987,0.0,1386.3834444057889,2748.9488940443944,4678.1276205714585,913.4932433761267,2485.5677630196974,3896.9029011732314,1886.1063831038093,1987.4229723823855,1945.328954726598,1572.3760857175123,2670.9419214879567,2315.5493113040607,3881.7807011278965,4127.402685535446,3665.9888483810296,4507.210860424721,2629.908309133448,3166.528309740623,1422.710972035202,2944.8805827566484,978.3679358643906,3214.6797320905503,1983.683229117405,3368.437604266178,905.233246440643,2659.504137468268,1923.0521797819897,4865.118615309361,4145.827596287147,1725.6864622220842,1871.3203768991557,263.043456571135,4103.664199492547,1428.7943745133093,2667.364828387786,1957.5153885835837,3010.199159909221,1872.6353269062065,3666.6773891283274,3763.9931444392273,1912.0860481088246,2922.1458455710786,1830.9376555042743,2726.2973798290677,2004.6607319144598,1899.33228561457,1681.994921882406,4861.02245716754,2948.2510970637322,1057.122949614443,4662.446422021127,2806.9690713042314,3914.5842747227953,3743.746782312047,4479.093540409552,3986.640392322596,1495.5929897660362,4620.8399605801915,3852.93377709011,217.52927155001237,4410.083545496181,317.17455282870645,995.3811619040856],
        [1604.2204824547853,624.6714581608718,2062.2079121433117,4480.714487739626,3792.8416649551737,5338.091230383826,4242.499734311387,3618.4896915156287,4158.674290724361,1006.2967446596676,2929.4505747345747,1305.378645474782,3931.1010352263406,4197.2192019593085,3032.9965789359903,1599.7720550364563,3077.988943575901,1386.3834444057889,0.0,3597.4924559442607,4722.11752352927,1870.2084201506182,1430.0667200573414,4554.799021283019,1581.420743892145,2937.414184181025,853.2577320116757,2878.2496952000097,2687.7578941316283,1264.1960017998924,3163.7844536150455,3520.982100267343,4331.52683798874,5137.709803101716,2025.8719430428034,4234.123610941724,592.5929848975645,2603.3053655794083,2246.0290024076685,2952.478181358109,947.2498743673941,4096.46482944152,2282.44635474126,2650.60492384998,2347.9932435949904,5451.776268868646,4325.899352208545,664.3177064308677,3118.7358365491464,1582.0412135690483,4625.558778281235,1758.1258296948645,3987.5461902633597,1018.0354646646347,1966.9367195568027,1310.3249761331015,3022.821560995228,3748.301587748235,2123.8427109433,4165.615170774832,2535.0867010577695,2040.5612725431783,3175.543147255572,530.6866806937395,382.68714834403266,4185.141031896786,3347.34085632757,895.343569858888,4975.034821402386,3325.7763916273475,3887.9185090247443,3383.285592272598,4365.766623861528,4646.947810706646,1856.2576274260227,4919.298489270094,3732.703620782559,1563.7942912345857,3840.4708280056157,1402.6481416139627,1604.2204824547853],
        [2003.7857881570092,3051.3122374701425,3670.723881462278,890.1477623775712,3340.9281992603624,2315.178638058054,1294.5525156460544,1487.5278657173976,3764.2349601645574,2712.66398315831,700.1779529577549,2425.3126127436612,1158.5563062952338,4127.151165823986,1445.334455803798,2053.5812150773772,1765.1951838085997,2748.9488940443944,3597.4924559442607,0.0,2836.249632821977,1856.161786403505,3657.2588973347515,1222.1588687048984,2490.917034275742,771.2344728795883,4415.137636815738,1745.5091699507152,1914.7484914414765,3573.842953139017,3800.4167747820916,3733.434344647627,1006.1892072140936,1818.875928366951,2990.264150619154,916.530040244342,3154.4902635599083,2630.2037816546067,1917.4802071820766,2574.707090868704,4489.983294011715,672.5582597014768,2312.045538995815,1962.5490278320594,1390.9800862215889,2195.856006481835,2192.9761759939374,4197.466643707291,1435.1998014542087,2499.3615755137603,1572.129704607042,1886.346732758856,1903.020755569694,3301.1087297467707,3913.8574975471283,2827.4123580630376,3524.258900632143,2341.584431966731,1732.4789808322323,1536.3405386593442,1066.6379073883547,3155.8153982293693,1139.235248810962,3887.511862087733,3980.08913018634,4394.648657928657,1146.8203418953246,2710.4887232745973,2357.7675855472717,857.1344758553421,2449.5494186896735,3014.581381857043,2988.886191045195,1302.630245077356,1794.507522294387,2345.88096192909,2600.1639834394173,2553.6238636071967,3848.751947792736,2481.278216282378,2003.7857881570092],
        [3682.774784360563,4109.049434908318,3367.6884493887496,3035.6585752444435,1549.518664678256,1588.1233812462442,1649.3825038469015,4315.604804275198,1688.789569683263,4327.772460466264,2776.666439830514,4177.526174700546,3977.5303187545237,2112.0842661346155,1911.7816462317658,3348.832537512824,4476.4802320914405,4678.1276205714585,4722.11752352927,2836.249632821977,0.0,3859.1264372143983,3828.1757592676627,2097.6409891564126,3141.142315252397,3305.204736386291,5538.423580261219,4391.452834631929,2061.7487429513417,3875.4774340382633,2599.410559282344,2217.649888172122,2134.1457571777137,2082.044068829891,2890.564280108035,3564.9501375425803,4129.77405520059,2206.2377644385333,4267.927808653788,1847.311075220879,5642.915998711008,2367.6202358882165,4705.465210254308,2090.086012347061,2770.2170214681505,2033.7524499087224,643.3266266033991,5378.91190591585,4166.020563592315,4518.03623248897,1630.8400801789694,3260.748887937064,4739.126272498748,3856.0774277461687,3677.8793888998975,3430.23614717725,2440.4488132372653,974.0307416570611,2778.0108780032906,4341.280285218878,3019.7626920370117,2977.0909047628693,3887.349691093512,4685.544744992188,5038.515509182132,2468.9264512603113,1866.257650262276,3972.400555328183,937.3486928789587,2125.4795278037604,838.4445159111835,1665.1904554179916,588.8435885302921,2108.5533376578965,3186.012464235037,878.563867976256,1047.0071535930783,4569.228126364278,2069.2978154830284,4361.443718674493,3682.774784360563],
        [406.09483665331345,1462.8368295493626,2796.8066068231915,2697.4002784313407,3568.818461675097,3957.317781983917,2824.3177338365394,1792.6265776825448,4016.7904016002108,892.080219884415,1305.3242248740962,588.2014254621386,2062.876342752797,4239.132882842403,1947.5055023515592,835.9435107271214,1347.6352305102887,913.4932433761267,1870.2084201506182,1856.161786403505,3859.1264372143983,0.0,2471.025476343861,2984.697627802116,1502.570736072409,1116.4154714471244,2624.2716232768867,1147.29240116639,1949.4658163728093,2326.6252299788675,3476.6040069050823,3636.8035029495045,2753.68170525753,3594.7427413008004,2273.5766311555376,2378.536713846546,1590.0914126203788,2386.3665876237283,587.0163347093231,2587.761854895949,2687.726567398914,2459.8572972701804,943.4838280881804,1951.8319048801834,1092.846237327764,3951.739266843463,3295.491349857166,2401.28702214704,1295.9628778752315,691.0109406583334,3192.5290926790703,780.5730261777813,2211.34253801899,1970.9460327415156,2918.479903421698,1664.101821695356,3227.5922741053428,2991.064614757356,1193.43552598139,2315.1361134941944,921.6466795944273,2409.465470576845,1311.383030893004,2275.0300536247305,2239.9880665870623,4381.279304527307,2067.7536032210955,1091.2182600740684,3774.421050511396,1905.6478833646142,3140.580535483621,3133.5904473611677,3722.3016071079687,3074.7439367146444,796.7804723657827,3735.8534138939717,3120.2547081580424,746.0979699369517,3883.663110867971,626.6594564166717,406.09483665331345],
        [2070.982328616541,1181.9780200336318,653.348407558723,4523.810938420854,2606.2125745215167,4808.491494550267,3848.9510214383095,4216.485227522084,2903.2896189825706,1954.2931430249316,2963.6162824384205,2128.2808752501064,4365.170642780877,2866.8514084662866,2572.034930124463,1734.9675918886774,3818.584588756885,2485.5677630196974,1430.0667200573414,3657.2588973347515,3828.1757592676627,2471.025476343861,0.0,4287.496011614862,1167.4461409729397,3222.3918172163912,1974.5190813715662,3618.2220195385958,2069.278433645569,173.69164988382371,1798.7472971267327,2202.38681320179,4095.283266528593,4790.893385943214,942.3638025605991,4485.161675021068,1071.8283691217503,1629.9814370060874,3024.360925488502,1983.051691394564,2082.492686351978,3955.597932753588,3239.4036894303185,2015.9320858730944,2267.708916119418,5035.576955307674,3592.1881563799056,1902.578559939659,3738.1538005982084,2570.5952024488997,4205.69025459854,1880.4555755972362,4663.132695546078,529.7786083061396,543.8007972413089,853.8626675810679,1711.8682828994154,2892.7656839251954,1925.073726730764,4682.192751592262,2666.768886018352,853.6926908358355,3681.070282400905,1068.4470006621018,1545.2003691535144,2807.8092977575507,2969.607011917224,1466.1455199186596,4313.193080814421,3076.454952903195,3005.5262511173087,2259.616611646568,3361.3023631813367,4373.584059868832,1947.6792778847312,4247.953470736086,2781.884729882534,2580.3354125933506,2528.6570730325598,2332.394802750439,2070.982328616541],
        [3041.118602648201,3957.2086311711314,4119.85139076857,974.7999474940962,3134.197710938932,1118.7463712221545,540.2860064902803,2587.2127670955874,3476.293525659778,3776.3764316560664,1686.5829904061025,3514.0920054667013,2122.1388507220936,3892.568822437782,1722.6384280453142,2955.16703615883,2963.8270983379093,3896.9029011732314,4554.799021283019,1222.1588687048984,2097.6409891564126,2984.697627802116,4287.496011614862,0.0,3191.411226091312,1974.214234610776,5401.59709271403,2960.628600646345,2249.790196688299,4246.724911024333,3895.8796709972717,3689.2967073617538,231.07880678735273,610.5573794211975,3450.1750301996726,1592.5461081283763,4039.043797729188,2892.443098766777,3125.4767491417047,2686.5061401949206,5487.105796294948,550.0749808384121,3529.8685544096857,2305.261639833367,2208.0565722152514,978.3389767696983,1530.4188004154666,5194.1953127555435,2634.349551672022,3659.917040140364,485.30441482466915,2797.329928396717,2917.5981730909534,4047.001379525238,4407.84739550818,3549.0881305052026,3641.3547317330313,2047.9725542720728,2471.2983538743783,2433.938323947624,2088.4417631064825,3603.721285275675,2340.1375548161063,4753.160727810303,4932.683667324226,4216.857929120003,1318.8611521086536,3662.1459722797813,1340.8256266917876,1242.9032299503756,2087.239755011231,2946.574333447482,2463.640787764081,92.27517682621281,2699.1567993925023,1356.4221531792107,2334.706114120736,3715.158742794406,3700.4584642591967,3607.724906629182,3041.118602648201],
        [1105.6166569245452,969.937719657254,1318.9816476014612,3362.168593414561,2339.8137054211184,3839.129519659345,2797.782003676353,3128.419819752668,2753.786349583669,1387.6351724443598,1796.2160242123223,1394.2045370597307,3227.526956207527,2891.579375936769,1527.646233147426,670.7794692564026,2806.0113291720663,1886.1063831038093,1581.420743892145,2490.917034275742,3141.142315252397,1502.570736072409,1167.4461409729397,3191.411226091312,0.0,2075.3765794880956,2409.587375982276,2615.7258740669417,1116.9979633206924,1085.5584293240634,2013.8299076298345,2241.331273564419,2986.6227923032898,3730.47033837524,776.8068910822105,3320.6716261215356,989.8515836292975,1095.5572950400083,2089.2810144682694,1414.64178654049,2511.6324515981023,2819.2203582267043,2403.7888124225733,1076.0405020406793,1100.4984244789944,4008.3480696003153,2755.192146704143,2241.0585385978948,2673.9635902776818,1855.1827821823697,3171.7168145025066,775.5251828848336,3592.974232047595,855.7553984997932,1491.82319210807,357.70227009855586,1786.121530768323,2167.683123409991,761.0248903775458,3559.6175853266077,1507.8758348300466,907.1265518423414,2577.4218994837756,1614.0803969942199,1909.4410444519096,2976.577115645105,1894.6186235010055,907.7903028163806,3425.764414918787,1955.4859064692612,2308.5266992165625,1904.707268628234,2802.9111098595517,3280.591194284391,820.6376211297752,3366.969339288312,2165.2086283253243,1886.6550514961284,2525.8495257825625,1622.8691650229532,1105.6166569245452],
        [1335.6657569870003,2441.3622936338716,3361.9215953444123,1581.4260888357353,3480.279499166888,3034.0183765541956,1944.1446723289323,1168.948087868898,3927.706523320759,1999.3091010296812,548.9279236807167,1700.7966259956995,1154.7578281202484,4240.834480542981,1561.6953993380632,1506.835891275751,1173.0939235650922,1987.4229723823855,2937.414184181025,771.2344728795883,3305.204736386291,1116.4154714471244,3222.3918172163912,1974.214234610776,2075.3765794880956,0.0,3725.7548491452394,1090.3279732408637,1868.1983170564044,3112.276955134285,3722.14811160695,3748.2260600903496,1749.333544768626,2579.467248776984,2715.970778436774,1306.9743704868422,2556.5183685767984,2529.6776480676785,1151.4794127722002,2582.0353830139256,3793.7946293829873,1426.5330115385623,1559.5886143605806,1901.0053001075653,1052.283354279938,2952.4138591346846,2676.065737395968,3504.3534108358326,875.530232032115,1734.0474747219323,2271.741507855392,1349.0815841523759,1650.143547612953,2798.668267168537,3563.0133616042403,2368.8276083656456,3447.7729972986863,2622.042975713173,1387.4508400009697,1502.5586975404954,581.9007474739027,2878.078304688203,630.9458131731309,3282.190292898009,3316.5143859588434,4462.070129893934,1448.3640842658886,2079.0280094157174,2985.9874471425783,1179.7964231472777,2754.9793844824785,3093.366546362905,3335.6147043611904,2058.833540698218,1275.596293060737,2962.4131488595103,2835.6932769235873,1787.7603956536457,3922.5235222968563,1732.2101058258625,1335.6657569870003],
