{
    "drone_dist": [
        [0.0,2269.22983258802,3589.959825695814,2210.6180770933256,532.3530247681161,1791.3054250634925,927.2808138773563,1710.2313798155567,2849.585477599578,1072.6889670779458,2548.9272774882165,1279.1853759371077,1352.7553167609879,1444.290340413695,4114.832564104281,1671.7607277629593,790.4643094421514,3595.3982187401925,490.9783478491976,1666.9737434519961,2591.7956295519894,1143.667180612378,3663.3842679051045,1533.1783625954865,1199.628993110841,3297.5087716813505,986.2223109241972,1267.5789908088714,1352.134863207305,1780.4697389417477,2509.354397271139,2719.669812903463,762.3667123999446,722.2578518961993,1740.2779604914356,2891.998830409541,3753.852217000462,4350.1120008477665,1944.4933116381646,668.2265157875836,1085.8201812988937,2691.048132631833,1263.9321818722383,1589.9192962540715,1005.6413898142221,4364.849648780916,3255.470945578884,3441.271332566719,1908.0476331112643,3039.3740401124214,2809.3776870197075,3636.368276988,3511.6752889266986,2191.8932659919606,3257.422048154345,1691.7155491035396,927.2359267529389,2585.494456522804,2827.370213984715,1765.755401378179,3469.9131590497655,2034.6733715367438,3814.881572233818,2659.832611862443,2217.7363658321833,2753.765438618372,1370.9903800402951,2908.805556339557,658.7978978557519,1827.1130188084333,721.4824222779032,2676.174568843036,2848.5477084224085,2829.1521342031438,3590.497966288219,2948.129123830431,1063.9077346703282,2587.272129393598,1912.7050143604501,946.0644914133368,1661.6718544607959,911.8191298579408,3684.3404060078014,2493.8569202927115,2383.3657068611324,3325.1974006915107,3286.109255487158,3563.9517222628706,1934.6247840524045,1834.7131317698884,0.0],
        [2269.22983258802,0.0,1322.2531071405176,2921.097876444247,1908.3119869968086,3727.4789483996865,2068.8131769775755,2249.6540537400715,1492.3136665594795,2321.103042222984,1907.718986342223,2370.7849427260867,923.8870284354971,825.2403206273658,3405.2995652974105,2217.2946756708484,2230.4987138088077,1457.415529909646,2555.2421745124457,1443.4113903944444,1543.2715261184042,2921.0609139843687,2633.478473855643,2804.4273588465794,1805.4736774344892,1178.4782199686297,1440.0956720806887,3502.19641990682,3610.2239377015685,595.0382894925054,3693.922246527561,781.5710014309459,2121.8439852882493,2498.7922991933533,2571.3620298269057,4042.2918388907,2730.124669787403,3903.8994199318713,3326.4966554572557,2329.3210866851978,3250.8942818515757,1170.3363384111822,1201.5742697420203,1403.095363423042,2369.9958424281026,3556.9295092527896,1017.5291643908632,1472.2091329558925,1018.5731546629505,4446.048235063524,3663.5891687593135,2555.0781921196726,1245.6999748291885,3095.200246192149,3484.555046254238,1508.7590780976818,1940.469968629999,2613.354031003369,560.4351354219818,785.4562654288709,1656.8875727028606,754.6502244825663,3557.7743940323035,401.24892762658044,1586.0034767875127,4175.55419656875,1978.8807963373642,3723.6072232580545,1734.5510261788313,761.499241601523,2041.1855327692444,2780.791739261098,1293.0531360075965,575.2156881668109,1326.4504311661171,4283.0645879088215,3306.2061848052776,1083.2371828139126,1260.9378954153522,2320.6771397690977,2228.6636525075937,1376.5892334734842,3426.264114097843,389.4660896008927,3678.922493887816,1293.2277537673608,2151.2799926657394,3302.335348331629,2077.3965126719645,2942.7167617630466,2269.22983258802],
        [3589.959825695814,1322.2531071405176,0.0,3879.171036063288,3206.4410396968715,4964.169413095105,3338.7915667041602,3361.286106173126,1818.25513823244,3572.580117416224,2535.1707237851874,3532.8993763454882,2239.347149318607,2147.110062641481,3562.665207469993,3263.298902066764,3482.2064189363696,680.803034076785,3855.2137263032514,2500.6902714876187,2087.7425920814912,4200.631723452401,2736.6006656447425,4007.4598512877396,3035.3815476963223,710.9616511633917,2718.5689368087437,4811.428319307161,4925.405994857176,1847.1014887794656,4719.046427497841,1138.7690137231884,3378.2279591950505,3768.5660595660343,3628.6660150855596,5027.136919647559,2811.34617492961,4149.788882811592,4443.502667179036,3599.816211784878,4548.014953156423,1697.8731840418236,2453.7405246012318,2496.3225251251047,3588.8193571812944,3620.3121963662447,411.10092586126916,1053.9079265422458,2098.210519939242,5494.390819517603,4575.2676248369535,2640.7994021393106,85.45278656849784,4092.901575458764,4155.9716683294755,2618.90725091714,3213.098770297018,3359.1691271179598,774.3665411681691,1954.9419957151845,1364.482728992128,1828.4191461952646,3967.6784402844546,948.182626553964,2468.8339014268868,5244.20040467392,3167.522208460848,4613.854048438205,3050.0791383027054,1905.5481783241883,3336.564031114328,3523.156375809977,1570.699836140903,796.7282239074482,67.5347945265383,5315.967230557395,4628.12811134445,1591.6930835140406,2302.140929296039,3590.252980285937,3278.5828982698786,2698.162042184644,3857.600772100884,1145.7993331154044,4741.0621860091715,1049.0206660881422,2332.5962147978967,3753.7081190906647,3021.3600098591883,4023.552871014438,3589.959825695814],
        [2210.6180770933256,2921.097876444247,3879.171036063288,0.0,1829.4841587942537,1780.25182023241,3031.4470448427155,3776.427435446212,2216.0898827231035,3241.948184611084,1474.1767635632784,935.4713904007361,2329.925789632762,2468.5418491878277,2324.5421330329377,734.1240235507778,1423.536916679393,3489.6843918684986,1857.247256238901,1478.392218291895,1875.9394953929523,3328.6812489143454,2273.5777305001066,3739.4527514230854,3160.6389287983184,3256.8713670989723,1851.8380468437451,2387.96408530501,2577.7029188072875,2363.1925983816272,861.3255028227866,2740.420256957409,1474.2003319853588,1543.858765291056,480.13089845319524,1148.0772748939855,2325.8807117957126,2348.258323798109,855.631582628833,1546.638031165759,2065.362284421736,3948.1634055762756,1898.4200635935476,1526.5301252726026,1205.8614608872385,2598.272170074292,3468.092070765567,3135.377443017104,3333.460450929063,1635.9119791261014,748.1103349303661,2304.683207121279,3795.263301758897,249.00264399568303,1078.5453393951723,3439.231304892993,2974.575599716208,786.4443134222894,3354.8800754428366,2142.370442820735,2962.402036322444,3268.1988636080964,1782.8701057189207,3261.137373939075,3887.300101858694,1415.498511009842,3391.3168751116186,819.8940105622315,2531.596289557728,2160.365680517089,2826.5863199636256,738.2354115443707,2407.3701006027736,3414.9615356813947,3841.5827123911654,1449.339406499017,2819.819663576799,2302.508819234445,3483.759908206563,3126.058890364797,728.5362912149967,2398.8095903080475,1675.850942940756,2830.893270954194,935.1917870213829,4211.409804092838,2163.448895800106,1582.7200323016202,862.7560412818797,505.0923630419726,2210.6180770933256],
        [532.3530247681161,1908.3119869968086,3206.4410396968715,1829.4841587942537,0.0,1875.5286803199992,1202.7305094664878,1952.023891244192,2328.7689725682817,1424.1665102907136,2018.249981885117,906.4466023028119,991.7464948708055,1114.5195727230891,3599.8090659556515,1206.768250866487,467.57129834456555,3145.6826480828013,648.8204855703899,1135.512855699094,2062.9837529304723,1643.574041203342,3132.151674902586,1947.1755319428614,1349.7709602197494,2849.3285105442683,501.34267467677734,1608.5748879990313,1734.6127493618558,1361.6539655609417,2281.0881603018747,2260.2594158107963,376.4399725153628,629.7245284631955,1349.3646181880333,2668.478893206775,3223.0617285355233,3858.861943420145,1757.1691204065028,472.8658779994891,1343.271077846832,2537.0828369599535,783.7900859212854,1059.9696587997032,697.62165279048,3846.1269335862125,2847.5812298584588,2962.028058689071,1784.1504446787671,2908.1155464252643,2497.106124497106,3104.388990929534,3124.8770345274497,1859.4979466853106,2829.869275842613,1718.0203364499023,1146.0611913770686,2103.9958669647435,2467.098524238568,1301.9574045267573,2970.487898338785,1839.909951562066,3334.8825408037605,2308.924433902853,2221.664884603548,2619.4310179451245,1571.562027007208,2590.5143465331503,713.390602763725,1361.4416964143552,1000.2110386539119,2208.585971501746,2341.022074429039,2482.4383394293804,3199.710407684281,2788.2814359174436,1558.5019805234672,2085.632632504011,1856.2859434672712,1315.9940258187842,1199.7714676282606,712.4632593833974,3201.7303610564777,2077.036908786386,2187.531416432401,3074.475049004963,2753.9830621477477,3078.5242296145007,1431.9523317375244,1537.4754854189307,532.3530247681161],
        [1791.3054250634925,3727.4789483996865,4964.169413095105,1780.25182023241,1875.5286803199992,0.0,2686.2912354355976,3447.9803016659766,3656.9043311597356,2759.430563838738,3030.3681844692087,1477.6615320902556,2845.1796958346554,2977.3393628069566,4104.020989445215,1899.8229820702313,1497.1118008595286,4767.130701095483,1315.4707877466335,2520.381026966736,3317.09172244268,2480.2430189969496,4002.1246568575843,3062.737312543211,2987.946040735377,4487.527092704675,2292.056196223514,946.8713512099306,1099.4440762154422,3142.3827781989535,1365.234605067742,3898.9141538616987,1606.3541917502075,1247.6692110430442,1613.6574652642807,1625.8061160540171,4065.106635241808,4083.202936085132,944.4527448111932,1412.9197646821374,810.4197231822295,4406.46200784683,2528.3897304440884,2500.7326023818114,1375.7705001247555,4377.758384598948,4574.829818536604,4491.991677850653,3639.660243979618,1487.2185313996013,1878.7149610265167,4019.284344314562,4879.503972985132,1570.7340904421837,2734.5730794759816,3479.143617845317,2707.9036779392754,2539.304393062973,4271.688467594181,3009.916345531072,4403.0154698813685,3713.8670744966084,3522.221063349502,4126.56408153291,4004.1337475755054,1253.075067211592,3142.6441479420996,1975.5221600849175,2430.1213249833936,3058.6249730927843,2493.8078564705806,2515.6227911678216,3774.2096561782896,4300.149667818291,4946.291909864503,1481.8131990490317,1610.5615254465986,3578.301357048145,3678.9902940800357,2628.831146316519,1881.051220384835,2572.1708687488394,3428.509882053389,3818.96116674354,1175.0933885238526,4942.391664089279,3805.099789036464,3346.5570762107855,2253.8529945667387,1297.9119300326383,1791.3054250634925],
        [927.2808138773563,2068.8131769775755,3338.7915667041602,3031.4470448427155,1202.7305094664878,2686.2912354355976,0.0,783.5701316736448,3103.825250436598,275.26424081364155,3020.409912387088,2102.2206798843204,1346.7022123512133,1347.306101125572,4667.7908968103975,2395.4055841670274,1628.9303997248194,3519.5672729283065,1416.2112343956444,2108.7506098401195,2928.5239572151304,862.4825591371421,4092.8440048320504,826.4730343833501,367.43291634092657,3231.5772656058907,1365.3353469693855,2002.1874523633523,2018.468506920456,1788.5543246745885,3418.8893301116864,2724.8612939334175,1561.988192333049,1637.092785514649,2551.359558561058,3804.3540127394654,4189.825571762568,4987.804889820605,2861.715394104605,1551.0742489964496,1920.0084841230155,2071.3818194865153,1543.2355530619186,2018.2701182089809,1862.266386122468,4895.745901220375,3081.260132770699,3470.4897180573425,1327.175255795915,3966.4705123483945,3682.9500023972,4046.699820981296,3272.040317094307,3050.3907851712593,4025.3178672886493,925.7767349947743,128.70167586862348,3264.698599994675,2569.8432377548224,1892.6374845191633,3579.3890029301056,1550.278955399842,4485.77807492167,2396.040511499161,1425.2758440200885,3680.55396196098,457.94274657727124,3779.014498214927,543.4027983118639,1949.3760082774138,210.4168312250696,3382.8918523621965,3026.592685395516,2542.0965599787364,3356.6001366460446,3873.145437005752,1512.4452974444848,2754.7246653138204,1228.7100355252019,252.24648122628463,2390.267262783628,872.1113147063824,4349.866721315979,2399.665672655374,3300.927127768169,2821.804575276191,3657.1850787240223,4223.421207313763,2574.036958496839,2711.4208127602383,927.2808138773563],
        [1710.2313798155567,2249.6540537400715,3361.286106173126,3776.427435446212,1952.023891244192,3447.9803016659766,783.5701316736448,0.0,3534.0698521236122,697.9828348042171,3588.6063187960717,2858.406548709917,1801.827553968684,1742.7226454214153,5246.157483943586,3108.963778744932,2396.8707774098266,3683.619323148062,2197.5951025671166,2707.3864310375375,3420.3425598662166,1239.2301977502761,4603.288131126043,745.6929578093799,630.6410146284112,3419.371742922245,2009.807702299715,2700.757637281098,2685.793524560594,2169.927417519521,4198.35653013115,3002.5318366279257,2322.3354051252463,2419.879102061282,3297.2684750335616,4584.5209794137445,4702.22869168542,5614.945294661842,3643.8921151472277,2329.091470650105,2662.490202508289,1813.0188950118222,2118.855243568203,2616.848439943747,2631.435885654393,5456.724595669431,3187.894226462788,3720.730367396078,1271.7818592277588,4749.603318073767,4447.511515378624,4545.851926583689,3308.886002460001,3811.0824251725135,4736.325557013135,750.5246679124451,809.6025227194261,3939.1497627918175,2643.273164022153,2337.0002695362577,3885.393067796339,1550.012893699816,5138.245285550423,2481.2781531160044,1006.1579597045063,4463.90855150319,389.64309578610715,4541.79665832555,1244.9336560058177,2383.841510147215,992.5698781843984,4069.472010923868,3409.2931630807548,2591.062625481586,3393.678305401112,4656.69981412992,2124.3994517016595,3146.700003833664,1059.207858159073,824.8055458863518,3105.987449222024,1450.7702465584848,5000.765720601342,2628.917182276728,4082.9917321702105,2628.1199521621265,4141.896466219477,4872.376451745201,3245.4451160079366,3480.7567986067393,1710.2313798155567],
        [2849.585477599578,1492.3136665594795,1818.25513823244,2216.0898827231035,2328.7689725682817,3656.9043311597356,3103.825250436598,3534.0698521236122,0.0,3379.0773288493992,757.8629538802955,2188.519604184311,1764.8088700103062,1797.5425737873677,1925.6830723139485,1766.6584227440455,2366.8738673075886,1303.2404603057212,2886.224189091995,1221.5343541329676,346.71690762013367,3842.265407112301,1141.1714377574926,3924.783670934133,2967.5264610416975,1120.4161302760003,1871.9228257918292,3814.6054277410603,3974.1598021619384,1364.1613722430184,3077.4097014172958,813.9695625535963,2295.6389725272907,2673.277669440117,2099.8516862954298,3337.222178742745,1237.9883974045922,2455.9796568009115,2931.4479184351485,2530.801793367788,3493.3576268759716,2642.74688082867,1613.1266028766258,1281.4864268457752,2363.5316098596763,2065.971040208091,1433.497200403746,924.4005093107139,2443.4315094492085,3850.2170911289545,2844.20730869214,1063.765513453222,1743.5877927254398,2454.829379863241,2341.3764965045366,2858.2657619329757,2983.493414959099,1581.5961035615953,1589.3720538418197,1214.724001116044,756.3332124966839,2212.947894982476,2186.7428344856426,1598.571356136125,3047.915580944795,3629.972920575715,3191.1452303804163,2868.2374585266457,2605.1870500566447,1161.1839871224408,2988.3041493257065,1737.6720350564292,252.83150334759125,1676.8728757020065,1765.6165847288325,3661.3006513717555,3884.3865256256086,411.41620861598335,2681.744624950365,3328.967285747117,1785.1174378347641,2236.0477063918042,2067.5861402977703,1151.1409471758188,3139.214909068299,2499.9461936470775,659.0336708209238,1956.080004539307,1434.5399221411867,2489.720869152754,2849.585477599578],
        [1072.6889670779458,2321.103042222984,3572.580117416224,3241.948184611084,1424.1665102907136,2759.430563838738,275.26424081364155,697.9828348042171,3379.0773288493992,0.0,3288.624712787919,2307.507576140164,1621.034942291282,1618.152228209543,4932.4526759744085,2628.2064750163377,1824.4513535642961,3776.0275918875654,1543.3612898920476,2375.3059684188065,3202.7820624091482,658.343364300251,4365.207584304105,554.1802855000378,542.5278654246011,3490.2631945399958,1628.2687198982735,2003.6766792647695,1993.9266967415265,2060.6317939820897,3582.0310270610544,2991.8296909399937,1767.7490725974808,1794.911003412845,2763.1550711271298,3964.369293578862,4461.9847769373855,5243.108234556566,3016.1059164162416,1728.605477465794,1967.624931861491,2229.8982860167735,1814.8449343925454,2285.1817870314844,2053.7598921402828,5162.593303781842,3328.1354608841375,3736.5651735282554,1520.8043794301987,4094.255893712218,3872.291655036643,4319.812831029951,3508.124086245507,3246.196540898029,4254.016518476862,1064.9407352326496,398.1464442671553,3510.0081658210174,2808.6909072685417,2167.6246304281863,3850.2190663550373,1762.5840797605192,4735.337581482135,2635.7259761409055,1520.005664505471,3811.461507804925,502.8701630692617,3970.2788630193827,806.6986335457334,2224.197693850519,432.79855512618326,3623.599498752593,3300.8720719561325,2776.448198768933,3593.0648737684796,4011.4083130946397,1445.7091333471494,3029.10058686857,1389.3401046016484,131.30515805475846,2622.012298064862,1146.7904897493227,4600.063343559862,2660.3348341662563,3454.5321923246943,3005.4902660472994,3931.2585967370237,4474.344216779178,2822.6251825579443,2897.481855518923,1072.6889670779458],
        [2548.9272774882165,1907.718986342223,2535.1707237851874,1474.1767635632784,2018.249981885117,3030.3681844692087,3020.409912387088,3588.6063187960717,757.8629538802955,3288.624712787919,0.0,1617.6211983117128,1797.9800515106306,1884.826414823248,1657.8775096265708,1139.2125978176543,1914.4850718070297,2058.6129191483956,2463.8849585073654,915.0506007755185,447.46495893511144,3643.5458150969175,1114.9283607599864,3842.474226064773,2973.3590297577753,1858.3901058296426,1665.6108067432465,3323.2748951604112,3497.1714796989286,1540.150347928192,2333.306829696317,1436.306674656261,1871.0731362371419,2201.719028981705,1425.5055475653621,2582.196676248001,1204.9255670913687,2058.8803296265082,2235.210342223887,2087.2163469861653,2989.3671956008584,3071.7948435685626,1482.8029447432439,1004.2410473325389,1847.1008695951218,1876.5994249080584,2134.1426677555132,1681.8990368327306,2690.3924265941773,3101.6935446724187,2086.357436839396,1092.9437966491898,2456.077200784775,1718.1270777432685,1635.2823654306762,3006.430147874815,2915.232707814877,828.5804145608626,2173.6277922503987,1316.2833442307892,1490.3088113971085,2514.2488905407913,1658.7145672677457,2135.1061636674913,3307.206636142396,2889.4597162129207,3213.0910258676545,2110.84870749314,2482.236031317587,1290.0015487468586,2864.75772064639,989.4955107438442,978.959204143401,2252.331923216323,2487.605179201495,2911.3299560108217,3507.0417657923613,959.7698589749069,2907.4832211913304,3212.3919541043124,1157.8879763279795,2164.30120063978,1524.600033012497,1664.619139843138,2406.1502142256463,3090.075662140007,789.1253412660691,1398.642693653991,779.0456983984654,1796.002043520543,2548.9272774882165],
        [1279.1853759371077,2370.7849427260867,3532.8993763454882,935.4713904007361,906.4466023028119,1477.6615320902556,2102.2206798843204,2858.406548709917,2188.519604184311,2307.507576140164,1617.6211983117128,0.0,1596.046465149421,1739.3529514248257,2974.529326720853,496.6773711297186,489.2479504922782,3295.813005798436,973.9083687119969,1049.3395467896892,1854.4349720316109,2409.645238026716,2679.8309604858387,2804.562664965697,2253.4553616495173,3020.6910868383416,1047.1199526741739,1718.0112007927135,1897.9904032718784,1776.0895990402912,1418.0997907975063,2438.180443994041,540.637641785024,663.6531660781783,461.1071301782768,1800.4585389851604,2757.0307144354756,3132.047361499287,964.4562007357247,625.6491484044648,1381.3020312179428,3246.10057541541,1194.275003888524,1039.7060390893776,289.1405092443846,3239.386048296921,3133.556477464534,3014.468910967195,2555.50915570035,2113.8650677953983,1591.7964448778837,2678.215601566312,3447.54302282626,953.2778176883647,1980.3855067816958,2582.3412188365933,2051.4172449560106,1376.1421485679155,2884.561334027739,1603.451120895628,2928.805402259521,2543.2538760275647,2580.435267115994,2755.9804327772217,3061.793647588137,1832.1982409093048,2477.6833778923497,1684.4090623776656,1618.1598720817365,1643.7532005415994,1895.5569926039225,1437.959194233491,2297.3893390412495,2925.474311317555,3509.536460445585,1969.6467042445513,2003.2863875518353,2101.4309878312424,2672.3454279027937,2190.8601537445156,479.7202267052398,1538.8779898568748,2455.714347648621,2398.4539206017,1356.09179113885,3645.9679148490914,2406.653979282865,2342.0888668954553,850.4895700459614,648.9111004212652,1279.1853759371077],
        [1352.7553167609879,923.8870284354971,2239.347149318607,2329.925789632762,991.7464948708055,2845.1796958346554,1346.7022123512133,1801.827553968684,1764.8088700103062,1621.034942291282,1797.9800515106306,1596.046465149421,0.0,143.38923466898532,3451.2846378687523,1596.0802874472085,1356.6712433406194,2265.3901077487167,1634.7166123014995,970.2877668376516,1621.4962330503056,2135.7042589423295,2803.2648235870242,2161.8368283171058,1208.3866376272533,1968.408946513554,564.6865146047577,2578.3375221707993,2687.194983792277,456.24429097899383,2998.4735220406988,1415.0838782068954,1245.8050198173312,1601.3057784624232,1902.5086075755028,3371.3627685183624,2902.014308486013,3846.8874919172995,2557.515643246678,1433.5195737620904,2330.4754199422473,1650.778081178818,431.60131491719596,887.133191914643,1528.9868654444103,3656.894986990051,1903.4667626250296,2158.578119857383,1006.2674553449654,3709.9057938478636,3072.8353568811644,2748.034578091548,2160.2515348077063,2453.0258174316086,3117.591208871921,1217.957294075077,1223.324543745296,2261.956049815956,1484.3201875583368,550.0914060530281,2242.642827118951,950.7741315266013,3400.695083141298,1321.8814217430677,1587.571805145677,3427.8870806494688,1439.402961372995,3149.3420584266137,890.4247736960881,604.5944219319425,1253.6846118996928,2412.824605488779,1679.8949773475513,1494.520419043798,2238.4556843333685,3563.6874037070315,2403.9998362588526,1408.0703163590952,1177.5813435549107,1581.6394372869565,1601.3910911066082,507.12517836947205,3262.8955273731112,1147.7486992107054,2950.107910198255,2098.437117278341,2347.2667934438746,3133.712943399124,1597.787287827714,2225.1074596988587,1352.7553167609879],
        [1444.290340413695,825.2403206273658,2147.110062641481,2468.5418491878277,1114.5195727230891,2977.3393628069566,1347.306101125572,1742.7226454214153,1797.5425737873677,1618.152228209543,1884.826414823248,1739.3529514248257,143.38923466898532,0.0,3530.707924385032,1734.4472128190778,1493.195295487948,2210.758767817727,1751.2252944676525,1087.5114339486656,1679.6901132268713,2162.727782266416,2862.677799894171,2148.0991407327024,1171.6823925675815,1915.8856642289963,705.1514739410875,2685.4939622419515,2788.5817446487367,444.25262120373145,3141.6109021664506,1382.5595194802186,1382.2974625648944,1731.3341169844232,2044.1389245439027,3514.146278174458,2961.7758599307235,3940.3829134424877,2700.5431259657635,1564.5780061396024,2446.0189090889635,1507.3924495458186,570.6170172591854,1007.6440798766787,1669.3338793282853,3730.0924089628934,1825.27728695453,2128.926211441692,873.2256053641637,3853.217830227516,3212.501745947385,2803.8056912689344,2069.7780874429463,2594.322947956791,3241.36355609032,1121.632064272464,1220.6110585723613,2380.943044713349,1383.1672818719353,594.7483389560476,2232.1979558270746,807.8464539686636,3504.2300409723566,1216.5347630032009,1464.8388822805825,3571.0977515637187,1393.623254972695,3288.252726818243,932.4498010903349,641.2085419354244,1275.4877970537866,2534.1964421111315,1693.4863280438303,1387.184626353321,2149.6423105972176,3707.0764160008434,2483.310623416048,1423.9991527504337,1055.0089522070268,1590.107697730774,1740.1554603252534,558.5261008295838,3366.6429956606003,1085.5360876125412,3093.4970326946077,1965.0523014651912,2399.237198973183,3237.552850668847,1724.7624145955767,2368.33451359658,1444.290340413695],
        [4114.832564104281,3405.2995652974105,3562.665207469993,2324.5421330329377,3599.8090659556515,4104.020989445215,4667.7908968103975,5246.157483943586,1925.6830723139485,4932.4526759744085,1657.8775096265708,2974.529326720853,3451.2846378687523,3530.707924385032,0.0,2490.9845761834968,3390.458683813776,2909.577502476045,3931.709302701524,2559.692956137754,1885.1526684392177,5243.234280818489,827.765975923992,5484.5787633164555,4631.056203876698,2864.6796227403643,3304.2001959012237,4654.240357996611,4841.33854974618,3154.740550244245,2949.5527444178533,2730.370148902481,3377.699461042131,3632.3310617421075,2598.0458274501934,2990.183391608669,751.6051208158221,606.8611801857206,3168.259891753636,3558.311298503349,4319.585141097476,4566.035138155598,3138.3089580454675,2650.4867757687703,3254.1898552481853,273.74308649951735,3242.12268214223,2511.098061255956,4297.573138568731,3547.9571255131923,2467.2946373557925,922.700826230447,3504.808725576376,2537.607900092691,1533.069635776796,4649.1808205723655,4566.1138416734575,1611.1190020100885,3499.923943406486,2946.2851595952,2202.8043708144505,4093.241341941997,762.1968486090476,3521.6436505741153,4913.744581049345,3453.6349136305257,4870.9445082698885,2417.999604341512,4126.170779328309,2911.1210846895037,4504.050034660784,1597.4572185305726,2157.58483273529,3589.2635632647557,3499.1487461236097,3362.009542839984,4975.040491050395,2325.2629622342406,4525.288199991357,4850.00460721854,2505.511996740518,3819.536807797645,773.4833060291642,3076.4909137349823,3106.5189302527815,4391.958938628489,1278.8641680848104,801.8506293675952,2184.3814083913817,2819.9135924154953,4114.832564104281],
        [1671.7607277629593,2217.2946756708484,3263.298902066764,734.1240235507778,1206.768250866487,1899.8229820702313,2395.4055841670274,3108.963778744932,1766.6584227440455,2628.2064750163377,1139.2125978176543,496.6773711297186,1596.0802874472085,1734.4472128190778,2490.9845761834968,0.0,906.7535215565188,2951.680141491434,1441.1268839300058,781.2465418804354,1422.8019660500267,2815.4276829549613,2184.41272926615,3153.813660621727,2483.0483634789416,2692.608936343158,1134.627902898705,2214.1080181431753,2394.5759912382096,1644.603838670409,1479.7863783301182,2134.6219696045587,910.9769188614523,1142.2298816292366,365.52575644030514,1825.2513564610267,2260.870930442458,2682.209028156491,1191.3539591526617,1070.4611458216941,1877.1599859197547,3217.2774207116413,1164.5004043160086,814.2108512828734,764.9395503728018,2753.0544279153914,2854.6696168775434,2637.872713256234,2600.484316514632,2243.7297640064903,1479.8786948765971,2184.6001925970036,3178.0993804142718,879.9450386325332,1630.683961275517,2723.772699695348,2323.7482891982113,915.8764872713011,2681.4957783409704,1432.3856209130327,2520.02963186533,2534.5870838062015,2143.2299390201583,2574.432290676448,3160.256974736472,1984.6005430747996,2720.0036511972594,1553.96275747327,1870.4507231181508,1456.8906745478803,2199.5973556960876,1005.6935505879542,1906.3955470321348,2734.9546425909525,3232.3566338582145,2073.529394198246,2484.564659227492,1743.6713845340648,2754.7937885725337,2522.3307118346156,18.790477669501172,1693.6872850273653,2013.2174479029818,2167.0502061637276,1481.7743700422602,3510.521626481226,1925.145854626706,1893.940994054655,361.1378926293709,761.1577783749061,1671.7607277629593],
        [790.4643094421514,2230.4987138088077,3482.2064189363696,1423.536916679393,467.57129834456555,1497.1118008595286,1628.9303997248194,2396.8707774098266,2366.8738673075886,1824.4513535642961,1914.4850718070297,489.2479504922782,1356.6712433406194,1493.195295487948,3390.458683813776,906.7535215565188,0.0,3338.853797722403,551.2173613216445,1148.411117248052,2060.063744935466,1925.9937986785988,3018.136250233613,2315.9171522924858,1807.9557593440309,3049.462117973319,796.808312477492,1447.94736115799,1608.2404075295326,1647.7794449997104,1815.9381033927712,2454.918141379215,110.90069181468706,308.101334776776,950.2671818584685,2203.473774522195,3102.3238358900917,3587.0449572771968,1289.8532538155898,172.91943368013085,1131.33976635242,2966.2010867659314,1033.5769988552038,1100.4222555015592,234.71155192233522,3648.9849818825073,3101.5555716918043,3106.066977526739,2230.2848254932524,2442.6977978968507,2054.019800625209,3004.36383639077,3398.260767176195,1422.8364442066645,2467.224538863494,2185.238129648636,1587.2905065994585,1821.290332896478,2776.7871532058302,1529.3264679460738,3068.200195933455,2262.7923004910535,3043.145018487247,2629.963689687442,2686.3757500838265,2154.2351162092305,2022.9707732799716,2150.233495459539,1172.7029504794084,1581.8143593806788,1420.0406321590372,1900.3208612480632,2428.111665632211,2803.685817950504,3467.87144833483,2321.0386897230846,1599.8760650078545,2196.8540522343646,2315.364848223925,1705.742672773047,894.2852341585652,1167.1405149009136,2915.1335955237196,2336.855876142854,1720.0410858649427,3454.557895665037,2692.1394802591926,2797.6895501425984,1211.5759749323197,1083.9404344431048,790.4643094421514],
        [3595.3982187401925,1457.415529909646,680.803034076785,3489.6843918684986,3145.6826480828013,4767.130701095483,3519.5672729283065,3683.619323148062,1303.2404603057212,3776.0275918875654,2058.6129191483956,3295.813005798436,2265.3901077487167,2210.758767817727,2909.577502476045,2951.680141491434,3338.853797722403,0.0,3780.651636786869,2247.4373383120715,1622.6840553187835,4362.958097373239,2089.561412255843,4261.360474132967,3262.8644589562364,297.915807683009,2644.340004672832,4744.980387819932,4879.054461230518,1818.1797015368159,4347.884030479449,887.3662678491941,3244.5351319147367,3641.4160350000334,3308.894515885498,4625.6168347197145,2158.6007070602946,3504.6712826260346,4142.501640243859,3478.5480758792396,4453.752436802931,2202.5945846587715,2362.437481471242,2267.384885216356,3403.6800918995004,2953.5427698478093,532.4261940741694,410.3526139664985,2417.772406941191,5124.798905420958,4142.333475411663,1993.1345360262396,644.6385794524526,3720.012406721558,3626.9257203325283,2933.870747036807,3390.894242678986,2884.6907875680513,1065.1780084152902,1843.7321168543906,708.5252259159505,2138.598485212017,3360.8272668430004,1211.175562957268,2892.287678670151,4892.208058514878,3432.3052349152003,4169.180101192027,3143.1702701361855,1784.4989178655499,3476.8345511736898,3040.7856084622113,1085.316587994728,1136.6766446447527,613.542033735406,4939.020981405097,4657.779445055384,1208.034725069035,2648.2242811874535,3770.392827641095,2968.792353489646,2765.6003249385135,3258.4608591862857,1126.1193608088258,4393.736901210648,1681.2022497233895,1718.8066896233674,3162.2799018395344,2661.3186501501787,3706.8090049404536,3595.3982187401925],
        [490.9783478491976,2555.2421745124457,3855.2137263032514,1857.247256238901,648.8204855703899,1315.4707877466335,1416.2112343956444,2197.5951025671166,2886.224189091995,1543.3612898920476,2463.8849585073654,973.9083687119969,1634.7166123014995,1751.2252944676525,3931.709302701524,1441.1268839300058,551.2173613216445,3780.651636786869,0.0,1665.1707902475675,2591.0493399081074,1484.7054570217267,3569.1916967114694,1960.5189229579034,1688.0407396719083,3485.72708768122,1142.8910522482277,964.6618776081668,1102.4317623517575,2009.7467657697473,2053.450056902865,2893.461287570983,597.1160211245525,314.86566445703767,1415.3121075048125,2430.7332510310034,3653.5214684713255,4105.785316721776,1481.068241661132,378.53574296501364,695.8100689459068,3111.2896994502908,1420.67199633533,1606.0269003863955,685.392134846445,4192.485371999184,3494.724120104683,3578.890774217033,2335.913467227572,2553.7776656910482,2391.966213771964,3554.7961270944743,3773.574944780601,1799.453842918518,2930.2160785241704,2164.8232746272392,1418.1063322292432,2346.3607957321324,3114.711253990791,1939.3696039985937,3565.362342969101,2431.126035799192,3554.1677032969787,2955.256925294444,2689.216658461471,2269.5446833591377,1861.9406589734615,2493.867498222042,1114.654431341326,1997.4288170607338,1211.945961781398,2411.8662692812986,2927.8784681308916,3128.4444216302472,3848.21377890612,2468.0766858467564,1049.2481950790016,2683.877706749103,2365.268789462291,1413.5089609400852,1427.0427645249308,1283.117594002934,3429.622323078079,2723.936399602115,1916.946522765756,3696.0522658632253,3238.1303272422356,3315.7521616578356,1759.6509755653221,1429.3290513502693,490.9783478491976],
        [1666.9737434519961,1443.4113903944444,2500.6902714876187,1478.392218291895,1135.512855699094,2520.381026966736,2108.7506098401195,2707.3864310375375,1221.5343541329676,2375.3059684188065,915.0506007755185,1049.3395467896892,970.2877668376516,1087.5114339486656,2559.692956137754,781.2465418804354,1148.411117248052,2247.4373383120715,1665.1707902475675,0.0,931.892096592669,2735.6145491934244,2014.079207155009,2928.743965806518,2082.856460987602,1971.3520956632433,750.5731571451573,2596.058695341832,2753.489472051572,891.2022457195427,2260.855940814826,1390.7031673744673,1074.3219342169998,1456.087968257353,1143.5840940235014,2601.645545891903,2107.899701206124,2907.5708360654626,1943.6080544626627,1310.1203233794467,2278.720172226261,2494.0083944777934,588.8354107864582,91.04099988400276,1169.5403010701386,2787.322080016509,2096.0189753290397,1978.7066980996203,1954.3163016305027,3024.155116564842,2223.178797617602,1979.810340824879,2415.249684827245,1653.6357992020583,2156.4788559683366,2183.353266226634,2006.4315562628597,1293.4317335654118,1900.4314037465085,664.8655870709766,1922.3267571510116,1840.5548612815226,2440.7174562925047,1793.8383227850836,2552.3374614095205,2762.2240627354618,2324.772995006703,2286.4945073743957,1568.6168621008044,682.1276643489092,1950.0873793425008,1447.45195266848,1282.4049682986056,1953.7504431978807,2473.562106279207,2854.749374554641,2675.2020613469044,1063.403705584345,2142.513023047243,2297.5818783938767,794.2700561329004,1264.0128587451832,2302.828567666089,1388.4391507613425,2260.3390245009828,2735.475182642321,1619.8850349515894,2173.7688661855277,655.1654214091111,1530.8224111861534,1666.9737434519961],
        [2591.7956295519894,1543.2715261184042,2087.7425920814912,1875.9394953929523,2062.9837529304723,3317.09172244268,2928.5239572151304,3420.3425598662166,346.71690762013367,3202.7820624091482,447.46495893511144,1854.4349720316109,1621.4962330503056,1679.6901132268713,1885.1526684392177,1422.8019660500267,2060.063744935466,1622.6840553187835,2591.0493399081074,931.892096592669,0.0,3626.334081558438,1183.0909135039435,3754.6916706860843,2828.58831374666,1413.2423031649048,1634.5816192856903,3504.169220281134,3667.937311606283,1277.9213332264364,2737.022594803013,997.9933345254407,1995.5903902387568,2363.5977396702356,1753.4224625738937,3004.50099569686,1282.139251474357,2362.0661755315064,2584.7365178442933,2227.5250209589285,3178.8078972445987,2713.4742138891897,1397.738028237081,1003.1963150946472,2041.292330843528,2064.1594996982303,1687.400186003734,1259.473384082604,2413.3404061301153,3511.4928895004236,2520.147708542532,1126.5484951628214,2008.7778682982068,2112.569967565797,2076.911416416231,2783.0983846303857,2813.4531880019053,1274.30308828012,1751.8755221545857,1085.1959914008,1103.0393893916223,2208.932825189505,2024.6602461877487,1728.2266127903288,3028.924052115425,3287.866704219798,3060.8885647281077,2549.004878949566,2409.731826995788,1042.5912015294246,2796.084414795314,1436.5195509557473,537.7418062035806,1833.799378657127,2040.1553548323138,3323.5969444659295,3607.076406426696,522.5645036056371,2643.0666870690584,3141.901406495364,1441.3523918782253,2056.5460819114032,1896.5146746246971,1259.2468080311055,2795.410903336675,2670.8729653213773,729.0241428421397,1776.2362939155491,1087.979405759183,2143.00464513179,2591.7956295519894],
        [1143.667180612378,2921.0609139843687,4200.631723452401,3328.6812489143454,1643.574041203342,2480.2430189969496,862.4825591371421,1239.2301977502761,3842.265407112301,658.343364300251,3643.5458150969175,2409.645238026716,2135.7042589423295,2162.727782266416,5243.234280818489,2815.4276829549613,1925.9937986785988,4362.958097373239,1484.7054570217267,2735.6145491934244,3626.334081558438,0.0,4749.673954114541,612.4714257677455,1194.8197460027466,4071.5216405169363,1994.6019669033735,1603.0685086588428,1540.712602186464,2590.5812981280046,3510.5286332157707,3544.482911974546,1905.4988434196055,1790.291546367717,2868.495729589902,3875.941165003417,4843.237694168312,5492.530507269749,2935.0366287038223,1785.3760343891802,1671.1858258368522,2887.849926883847,2232.546118563917,2650.46775697096,2126.5567708702433,5488.355743768698,3936.8350829920532,4290.478893777882,2174.4900974648895,3915.256353580241,3874.462303050973,4714.537200845652,4133.317319655891,3283.267108481471,4389.70756740322,1722.5850174075188,987.5342772359369,3728.8212166882277,3430.533320086506,2658.88432098754,4376.874282634787,2408.510373265931,4958.522341986182,3256.537983104096,2162.068560702433,3645.923954159075,1151.5712652319874,3976.828602262391,1248.4566014650566,2718.9281435077096,887.5354717418826,3819.5954762585643,3795.034831959568,3404.0431546666264,4217.731713001932,3861.62968475831,949.5099657865329,3523.7133202152795,2047.6827723586046,613.0175002007495,2805.3029196985954,1630.7453967191884,4827.839907601904,3238.094513232833,3358.8058836852106,3662.832493775955,4344.309273977343,4707.1606914522545,3071.550680135665,2913.957539226368,1143.667180612378],
        [3663.3842679051045,2633.478473855643,2736.6006656447425,2273.5777305001066,3132.151674902586,4002.1246568575843,4092.8440048320504,4603.288131126043,1141.1714377574926,4365.207584304105,1114.9283607599864,2679.8309604858387,2803.2648235870242,2862.677799894171,827.765975923992,2184.41272926615,3018.136250233613,2089.561412255843,3569.1916967114694,2014.079207155009,1183.0909135039435,4749.673954114541,0.0,4919.010482595677,4008.428426553088,2037.0255309354968,2760.006957504013,4397.7960081014135,4576.80872516068,2454.4013483589124,3051.963931583328,1924.6816514345703,2980.5402715535856,3296.538451883728,2398.3468031773023,3193.190121391722,99.24843032406972,1415.3007531361357,3120.6486219595445,3191.031775320797,4061.1296853744484,3778.849403831263,2550.5075569945884,2099.831794457565,2931.098330177378,929.4460042457541,2414.5694053471584,1687.243755678691,3571.066804357174,3753.408442748579,2654.1468118837734,96.46235795246446,2677.8413367444396,2517.658965410979,1847.4532907124224,3961.1307565698203,3981.347280979262,1487.14722521367,2686.4590134736895,2268.03008450956,1381.1625412434967,3348.8063628439804,1332.5761709685287,2718.007515326116,4180.89656038529,3600.322007671454,4242.195655788143,2635.8165324502397,3563.50985776228,2224.2448502966918,3949.3049258004403,1560.860647488283,1355.7276362049577,2776.4160371533517,2673.511932684647,3559.4676878495466,4615.883889852022,1551.4614168784428,3806.1009151850985,4296.984272786921,2202.0198001619137,3223.8716714797574,1258.3761833952633,2286.0416096785166,3174.594586019392,3569.956108563557,482.5046480615747,1195.5544691221585,1830.7236284249734,2710.6939826053876,3663.3842679051045],
