{
    "drone_dist": [
        [0.0,12.592954697732889,30.091771771878037,3.073113064056892,5.954629494267501,20.0186638136033,40.21354134625458,33.71410897631224,20.964663234069018,32.28633725726237,31.508067692700877,16.70810750917912,16.36304454061412,24.131748799257874,17.11760981474367,19.48486194545288,31.13153760469353,23.920848063367792,26.88377955046479,16.364689584796537,27.989287004219225,20.680744479523646,29.897424772140972,27.458570198951385,20.490728998203657,19.679706980041285,24.719520822645045,30.214980601994633,19.526590695359374,28.27099553488035,0.0],
        [12.592954697732889,0.0,18.062997714358975,12.977840117941401,8.987001692159577,11.124004651924471,34.425777189137655,23.09543080883712,28.171675545045286,20.20583372399965,30.59094550944504,23.87076250952845,18.668673295136102,31.910581368916727,18.323419949686635,10.801435775573104,23.350552265095725,30.56261434772335,33.67379299183902,27.874794666402458,15.601269752339228,26.169603174371826,38.07520066079769,17.40967679872144,28.63081150725888,11.736363781706228,32.76173094062582,20.806189619609288,19.805426008721955,15.758176900373208,12.592954697732889],
        [30.091771771878037,18.062997714358975,0.0,30.954125524550033,27.039711555205795,20.775813655507946,26.44560934701246,21.78840753252931,45.47324222904283,2.2022181507175462,31.300702601340006,41.35381860102728,34.8323444878814,42.86848866068642,26.499389633035932,21.016075538571783,15.262097384078725,40.50755822464302,43.275524500708634,45.90538005946756,3.4954680127907634,42.91695889046536,48.72577014193838,7.948424686137481,46.215039438453694,22.29297721275869,43.888617030987874,10.333190513324428,34.63565189449451,9.322147982624841,30.091771771878037],
        [3.073113064056892,12.977840117941401,30.954125524550033,0.0,4.58889843962349,18.675522133444733,42.756335560441386,32.488887632521994,18.13906708920501,33.12197021489028,34.47964866449897,13.81800965010043,13.361515663467602,26.896283091046566,20.098252839150923,18.119856256390587,33.27800298562465,26.8289945259396,29.751757590245568,14.964465686222422,28.57906351476479,17.66928521024472,32.54072765639234,29.050678336522232,17.823657962023454,18.127715436950105,27.436218258467207,32.00279516087007,16.62640864298401,28.195384470701494,3.073113064056892],
        [5.954629494267501,8.987001692159577,27.039711555205795,4.58889843962349,0.0,14.210913230059697,41.19045025636048,27.996474480616463,19.819561799706218,29.170291891438165,34.46619465686381,15.426173451827562,12.247369346194466,29.739739745479326,20.390858287119627,13.663994130078787,30.97160299210434,29.25785899715751,32.29695899372554,19.008917059618746,24.466802883341806,18.435198015518093,35.629094948605776,25.943304016273817,20.00294007960207,13.777816620460737,30.38754080725363,29.130174448471887,14.786657825706547,23.722627480470347,5.954629494267501],
        [20.0186638136033,11.124004651924471,20.775813655507946,18.675522133444733,14.210913230059697,0.0,43.19146307820947,13.816767267696166,26.761266525484995,22.35007838338611,41.338948379775964,23.268571223086326,15.41551505903541,42.39051389647879,29.44664496842084,0.5666725308347343,31.465714390881224,41.30577898584294,44.42212147799113,31.251063699275154,17.329872851224476,23.54501506758041,48.500612365668594,24.070025333527926,28.049052935431337,1.5382540559736726,43.17388320708753,27.711307719114934,14.273913361514994,13.329076597057195,20.0186638136033],
        [40.21354134625458,34.425777189137655,26.44560934701246,42.756335560441386,41.19045025636048,43.19146307820947,0.0,48.042406472132164,60.77141665344457,26.709107677889435,15.074583874214914,56.38029316222222,52.81948096818173,36.23466744483219,24.841915478802115,43.16837726057321,11.834901174246378,33.11440151518952,34.358344336978625,55.67653433278024,29.23647144352584,59.625530412395904,39.89109908047519,19.706311421463983,60.5786627903619,44.430650006396846,37.198477487181876,16.34980804807614,54.226953527823596,35.36210219584799,40.21354134625458],
        [33.71410897631224,23.09543080883712,21.78840753252931,32.488887632521994,27.996474480616463,13.816767267696166,48.042406472132164,0.0,38.287531640889526,22.118104189715226,50.146730286845866,35.50522980991628,27.184123503332266,54.996596307106714,40.526372368273826,14.376031547262166,36.43075464052575,53.55086296156001,56.6471620061347,44.61447117794295,18.80694648675491,34.58875000784804,61.16433273698142,28.515884375584708,39.957934972520654,14.52835080434311,55.85486256527267,31.700369640551376,24.671647943009926,12.684660166026298,33.71410897631224],
        [20.964663234069018,28.171675545045286,45.47324222904283,18.13906708920501,19.819561799706218,26.761266525484995,60.77141665344457,38.287531640889526,0.0,47.44341072214241,52.404259970809136,4.40276755303913,11.37519697090482,41.07509544270896,38.02802066783507,26.27949740233486,50.78834525878309,41.99314317057898,44.47459195611324,12.494057057376468,42.42214945817555,3.9393016707059427,45.58091562381986,45.548698957930576,2.2687381604393315,25.367519541375607,41.277073740040436,48.8483910458278,13.651391565439349,39.79527895231543,20.964663234069018],
        [32.28633725726237,20.20583372399965,2.2022181507175462,33.12197021489028,29.170291891438165,22.35007838338611,26.709107677889435,22.118104189715226,47.44341072214241,0.0,32.55964392218745,43.35815523393385,36.7000091880378,44.82196015845061,28.43632248751598,22.625749562757257,15.994484314778488,42.41086219606075,45.13967699722142,48.06579757333168,5.083317625630828,44.818212395362785,50.63368870195247,9.294168017004077,48.22803898972701,23.881097315577392,45.84758543620192,11.07899234530311,36.36984453388726,10.124738337287862,32.28633725726237],
        [31.508067692700877,30.59094550944504,31.300702601340006,34.47964866449897,34.46619465686381,41.338948379775964,15.074583874214914,50.146730286845866,52.404259970809136,32.55964392218745,0.0,48.20551906036214,46.71352703685514,21.478861777610547,14.3906272187279,41.11989463191016,17.385701870448504,18.369938659400315,19.350512772865734,44.95049839648778,32.77273580376422,52.144071055685245,24.8253936498487,23.356477951262605,51.72162559119646,42.18924336595359,22.39374775500736,21.79910669486259,49.024087229519786,38.13064953468294,31.508067692700877],
        [16.70810750917912,23.87076250952845,41.35381860102728,13.81800965010043,15.426173451827562,23.268571223086326,56.38029316222222,35.50522980991628,4.40276755303913,43.35815523393385,48.20551906036214,0.0,8.335839589528453,37.77935220879033,33.816303993971154,22.75750237169896,46.39033116111683,38.4859154244628,41.08641525977569,11.314849656680021,38.37195405801896,4.6379198912833255,42.583974842156294,41.21478645951209,4.884681032800935,21.956841171097796,38.05801418045386,44.490040654855264,11.443237902232143,36.0342886559169,16.70810750917912],
        [16.36304454061412,18.668673295136102,34.8323444878814,13.361515663467602,12.247369346194466,15.41551505903541,52.81948096818173,27.184123503332266,11.37519697090482,36.7000091880378,46.71352703685514,8.335839589528453,0.0,40.102451360102464,32.591775441408124,14.947695444916702,41.99663127869235,40.16840523710098,43.05879025438663,18.577141379709637,31.626686938466932,8.185937014174726,45.55531945490443,35.90622588117142,12.833078483343616,14.001357969856555,40.5808899127258,39.39635930583873,3.7712091371757457,28.57567791237723,16.36304454061412],
        [24.131748799257874,31.910581368916727,42.86848866068642,26.896283091046566,29.739739745479326,42.39051389647879,36.23466744483219,54.996596307106714,41.07509544270896,44.82196015845061,21.478861777610547,37.77935220879033,40.102451360102464,0.0,16.388607000987474,41.940557024056695,34.146725019039444,3.1215486432079707,3.606942311254755,30.21522617248204,42.61043894790315,42.378234700391914,6.170748013504555,36.2212492288727,39.61191233256329,42.498231245336434,1.0509492211314206,36.71692089979596,43.50424059726821,45.870445423736996,24.131748799257874],
        [17.11760981474367,18.323419949686635,26.499389633035932,20.098252839150923,20.390858287119627,29.44664496842084,24.841915478802115,40.526372368273826,38.02802066783507,28.43632248751598,14.3906272187279,33.816303993971154,32.591775441408124,16.388607000987474,0.0,29.113616606625413,19.03254669222649,14.032652703187281,16.89672300991544,31.18586679078898,26.412471903434856,37.76713356766723,22.236612035871804,19.910669488961336,37.39416066069766,29.991113264343692,17.418387965347122,20.757028374002275,35.136906083567965,30.19036893964179,17.11760981474367],
        [19.48486194545288,10.801435775573104,21.016075538571783,18.119856256390587,13.663994130078787,0.5666725308347343,43.16837726057321,14.376031547262166,26.27949740233486,22.625749562757257,41.11989463191016,22.75750237169896,14.947695444916702,41.940557024056695,29.113616606625413,0.0,31.468662292762076,40.88118373051032,43.996927307245365,30.690275612835496,17.586988774974966,23.092807538230186,48.04397735183828,24.133537610307528,27.54784588071719,1.3064576179250116,42.71829150711791,27.776370404374617,13.89865716380758,13.727263005260214,19.48486194545288],
        [31.13153760469353,23.350552265095725,15.262097384078725,33.27800298562465,30.97160299210434,31.465714390881224,11.834901174246378,36.43075464052575,50.78834525878309,15.994484314778488,17.385701870448504,46.39033116111683,41.99663127869235,34.146725019039444,19.03254669222649,31.468662292762076,0.0,31.244774948339213,33.41088806924808,47.32287133978124,17.700241556112132,49.23669598640964,39.16847949624869,7.933982564115445,50.86345934479482,32.74587984275496,35.19415382343675,4.938826232121023,43.07719863448011,23.75618689077585,31.13153760469353],
        [23.920848063367792,30.56261434772335,40.50755822464302,26.8289945259396,29.25785899715751,41.30577898584294,33.11440151518952,53.55086296156001,41.99314317057898,42.41086219606075,18.369938659400315,38.4859154244628,40.16840523710098,3.1215486432079707,14.032652703187281,40.88118373051032,31.244774948339213,0.0,3.1168168620335703,31.665529631628612,40.42911327866652,43.026371267578305,8.223315492565739,33.65056932486857,40.659554604599386,41.52099895325595,4.095816515482181,33.9776122300046,43.439129787210845,43.96837112286824,23.920848063367792],
        [26.88377955046479,33.67379299183902,43.275524500708634,29.751757590245568,32.29695899372554,44.42212147799113,34.358344336978625,56.6471620061347,44.47459195611324,45.13967699722142,19.350512772865734,41.08641525977569,43.05879025438663,3.606942311254755,16.89672300991544,43.996927307245365,33.41088806924808,3.1168168620335703,0.0,33.77029843426181,43.30697631558138,45.66128668171747,5.762380498231861,36.259191212361856,43.05875265496745,44.63345173144019,3.928047080317246,36.395495062828424,46.376440271347334,46.963846014259104,26.88377955046479],
        [16.364689584796537,27.874794666402458,45.90538005946756,14.964465686222422,19.008917059618746,31.251063699275154,55.67653433278024,44.61447117794295,12.494057057376468,48.06579757333168,44.95049839648778,11.314849656680021,18.577141379709637,30.21522617248204,31.18586679078898,30.690275612835496,47.32287133978124,31.665529631628612,33.77029843426181,0.0,43.45081950963903,15.399514784577786,34.05050619006657,43.80402672904088,10.455162903978325,30.2349014194434,30.23902769718182,46.57722460959948,22.17685203942516,42.55022264139547,16.364689584796537],
        [27.989287004219225,15.601269752339228,3.4954680127907634,28.57906351476479,24.466802883341806,17.329872851224476,29.23647144352584,18.80694648675491,42.42214945817555,5.083317625630828,32.77273580376422,38.37195405801896,31.626686938466932,42.61043894790315,26.412471903434856,17.586988774974966,17.700241556112132,40.42911327866652,43.30697631558138,43.45081950963903,0.0,39.75516890125235,48.59906244261394,9.883421354305655,43.24937918441316,18.85412371238301,43.606907792024955,12.903620779289717,31.29241668772191,6.140470114155679,27.989287004219225],
        [20.680744479523646,26.169603174371826,42.91695889046536,17.66928521024472,18.435198015518093,23.54501506758041,59.625530412395904,34.58875000784804,3.9393016707059427,44.818212395362785,52.144071055685245,4.6379198912833255,8.185937014174726,42.378234700391914,37.76713356766723,23.092807538230186,49.23669598640964,43.026371267578305,45.66128668171747,15.399514784577786,39.75516890125235,0.0,47.21838331959101,43.56767561323134,6.075576192709943,22.097496229828085,42.67056154837392,46.97296149088054,9.918279278357438,36.755312167502375,20.680744479523646],
        [29.897424772140972,38.07520066079769,48.72577014193838,32.54072765639234,35.629094948605776,48.500612365668594,39.89109908047519,61.16433273698142,45.58091562381986,50.63368870195247,24.8253936498487,42.583974842156294,45.55531945490443,6.170748013504555,22.236612035871804,48.04397735183828,39.16847949624869,8.223315492565739,5.762380498231861,34.05050619006657,48.59906244261394,47.21838331959101,0.0,41.857563624913155,43.94986304861809,48.57564042614191,5.3281168082492165,42.09660568063305,49.05271965598917,51.9858960778705,29.897424772140972],
        [27.458570198951385,17.40967679872144,7.948424686137481,29.050678336522232,25.943304016273817,24.070025333527926,19.706311421463983,28.515884375584708,45.548698957930576,9.294168017004077,23.356477951262605,41.21478645951209,35.90622588117142,36.2212492288727,19.910669488961336,24.133537610307528,7.933982564115445,33.65056932486857,36.259191212361856,43.80402672904088,9.883421354305655,43.56767561323134,41.857563624913155,0.0,45.90855609015593,25.432971249991056,37.262896473217126,3.64296944790885,36.53822719320192,15.858945312696585,27.458570198951385],
        [20.490728998203657,28.63081150725888,46.215039438453694,17.823657962023454,20.00294007960207,28.049052935431337,60.5786627903619,39.957934972520654,2.2687381604393315,48.22803898972701,51.72162559119646,4.884681032800935,12.833078483343616,39.61191233256329,37.39416066069766,27.54784588071719,50.86345934479482,40.659554604599386,43.05875265496745,10.455162903978325,43.24937918441316,6.075576192709943,43.94986304861809,45.90855609015593,0.0,26.703741542065185,39.769966399098024,49.131301662716794,15.449135325021544,40.89958053631816,20.490728998203657],
        [19.679706980041285,11.736363781706228,22.29297721275869,18.127715436950105,13.777816620460737,1.5382540559736726,44.430650006396846,14.52835080434311,25.367519541375607,23.881097315577392,42.18924336595359,21.956841171097796,14.001357969856555,42.498231245336434,29.991113264343692,1.3064576179250116,32.74587984275496,41.52099895325595,44.63345173144019,30.2349014194434,18.85412371238301,22.097496229828085,48.57564042614191,25.432971249991056,26.703741542065185,0.0,43.2559859942133,29.07591730775901,12.752860412502459,14.848172631411451,19.679706980041285],
        [24.719520822645045,32.76173094062582,43.888617030987874,27.436218258467207,30.38754080725363,43.17388320708753,37.198477487181876,55.85486256527267,41.277073740040436,45.84758543620192,22.39374775500736,38.05801418045386,40.5808899127258,1.0509492211314206,17.418387965347122,42.71829150711791,35.19415382343675,4.095816515482181,3.928047080317246,30.23902769718182,43.606907792024955,42.67056154837392,5.3281168082492165,37.262896473217126,39.769966399098024,43.2559859942133,0.0,37.76720613806258,44.01774596081542,46.821200310959746,24.719520822645045],
        [30.214980601994633,20.806189619609288,10.333190513324428,32.00279516087007,29.130174448471887,27.711307719114934,16.34980804807614,31.700369640551376,48.8483910458278,11.07899234530311,21.79910669486259,44.490040654855264,39.39635930583873,36.71692089979596,20.757028374002275,27.776370404374617,4.938826232121023,33.9776122300046,36.395495062828424,46.57722460959948,12.903620779289717,46.97296149088054,42.09660568063305,3.64296944790885,49.131301662716794,29.07591730775901,37.76720613806258,0.0,40.113648761524175,19.016677327821693,30.214980601994633],
        [19.526590695359374,19.805426008721955,34.63565189449451,16.62640864298401,14.786657825706547,14.273913361514994,54.226953527823596,24.671647943009926,13.651391565439349,36.36984453388726,49.024087229519786,11.443237902232143,3.7712091371757457,43.50424059726821,35.136906083567965,13.89865716380758,43.07719863448011,43.439129787210845,46.376440271347334,22.17685203942516,31.29241668772191,9.918279278357438,49.05271965598917,36.53822719320192,15.449135325021544,12.752860412502459,44.01774596081542,40.113648761524175,0.0,27.600766906072717,19.526590695359374],
        [28.27099553488035,15.758176900373208,9.322147982624841,28.195384470701494,23.722627480470347,13.329076597057195,35.36210219584799,12.684660166026298,39.79527895231543,10.124738337287862,38.13064953468294,36.0342886559169,28.57567791237723,45.870445423736996,30.19036893964179,13.727263005260214,23.75618689077585,43.96837112286824,46.963846014259104,42.55022264139547,6.140470114155679,36.755312167502375,51.9858960778705,15.858945312696585,40.89958053631816,14.848172631411451,46.821200310959746,19.016677327821693,27.600766906072717,0.0,28.27099553488035],
        [0.0,12.592954697732889,30.091771771878037,3.073113064056892,5.954629494267501,20.0186638136033,40.21354134625458,33.71410897631224,20.964663234069018,32.28633725726237,31.508067692700877,16.70810750917912,16.36304454061412,24.131748799257874,17.11760981474367,19.48486194545288,31.13153760469353,23.920848063367792,26.88377955046479,16.364689584796537,27.989287004219225,20.680744479523646,29.897424772140972,27.458570198951385,20.490728998203657,19.679706980041285,24.719520822645045,30.214980601994633,19.526590695359374,28.27099553488035,0.0]
    ],
    "end_depot": 30,
    "start_depot": 0,
    "truck_dist": [
        [0.0,14.43023277550385,32.16158945977156,3.53451613527778,8.388154430838672,28.17367122391559,56.870159811346255,47.00164739090887,28.750079593017336,34.330542572646365,41.8404971160285,22.524497663687814,16.85813268629663,30.415734875525498,22.705849167544798,27.447216429246815,43.047972371325926,27.911978200479663,32.165645888225775,21.39555089340306,28.67655150337062,26.513544361790597,39.125044703715226,34.926439337485874,28.695914720418063,27.824072830026065,31.702208424029372,39.8442563633987,22.153660654253613,34.2503066947549,0.0],
        [14.43023277550385,0.0,21.724473091584407,13.971632503464932,11.181488635538933,13.743438448411741,46.4330434431591,32.57141461540502,39.18719596120449,23.893426204459217,31.403380747841354,32.961614031874966,26.289618240366828,44.84596765102935,22.824846829784295,13.016983653742965,32.61085600313878,42.34221097598351,46.59587866372963,31.83266726159021,16.847600377339866,36.95066072997775,53.55527747921907,24.48932296929872,39.133031088605215,13.393840054522215,46.13244119953322,29.407139995211548,26.92319558625371,19.82007391925105,14.43023277550385],
        [32.16158945977156,21.724473091584407,0.0,35.69610559504934,32.90596172712334,29.379854114550696,28.075381718702772,24.153629003201832,60.911669052788895,2.234988134386911,43.1947533070478,54.68608712345937,48.014091331951235,58.28438428956605,36.26326346832099,29.718231043001843,18.637325457941174,55.78062761452021,60.03429530226633,53.55714035317462,4.876872714244541,58.675133821562156,66.99369411775578,10.8954355184225,60.85750418018962,31.526999206161598,59.57085783806993,12.430860051389368,48.64766867783811,11.536001749801287,32.16158945977156],
        [3.53451613527778,13.971632503464932,35.69610559504934,0.0,5.859272563606574,25.644789356683493,60.40467594662403,44.47276552367677,25.215563457739556,37.86505870792415,45.375013251306285,18.989981528410034,14.329250819064534,32.944616742757596,26.24036530282258,24.918334562014717,46.58248850660371,30.44086006771176,34.69452775545788,17.861034758125278,30.819232880804798,22.979028226512817,41.65392657094732,38.46095547276365,25.161398585140283,25.295190962793967,34.23109029126147,43.37877249867648,19.624778787021516,31.721424827522803,3.53451613527778],
        [8.388154430838672,11.181488635538933,32.90596172712334,5.859272563606574,0.0,19.78551679307692,57.61453207869803,38.6134929600702,28.005707325665554,35.07491483999815,42.58486938338029,21.780125396336032,15.108129604827894,38.80388930636417,23.45022143489658,19.059061998408144,43.79234463867772,36.300132631318334,40.55380031906445,20.651178626051276,28.0290890128788,25.769172094438815,47.5131991345539,35.67081160483765,27.95154245306628,19.435918399187393,40.09036285486805,40.58862863075048,15.741706950714775,25.86215226391623,8.388154430838672],
        [28.17367122391559,13.743438448411741,29.379854114550696,25.644789356683493,19.78551679307692,0.0,54.08842446612539,18.82797616699328,31.531814938238195,31.54880722742551,43.499775116922834,25.306233008908674,18.634237217400536,58.58940609944109,36.568285278196036,0.7264547946687756,40.266237026105074,56.08564942439526,60.33931711214137,36.99617270486169,24.502981400306155,29.295279707011456,67.29871592763082,32.14470399226501,31.477650065638922,2.1471450916108985,59.875879647944956,37.06252101817784,19.267814563287416,17.84385236474941,28.17367122391559],
        [56.870159811346255,46.4330434431591,28.075381718702772,60.40467594662403,57.61453207869803,54.08842446612539,0.0,48.86219935477653,85.62023940436359,30.310369853089682,15.119371588345029,79.39465747503407,72.72266168352593,41.3922506436741,34.16431064380145,54.42680139457654,13.822187440020318,37.756410386458384,36.60081274664675,78.26571070474931,29.585443065819234,83.38370417313685,40.84072148856205,21.94372047386038,85.56607453176431,56.23556955773629,42.136545168572226,17.025903447947552,73.3562390294128,36.24457210137598,56.870159811346255],
        [47.00164739090887,32.57141461540502,24.153629003201832,44.47276552367677,38.6134929600702,18.82797616699328,48.86219935477653,0.0,39.75822745064456,26.322582116076642,62.327751283916115,39.862409471137774,30.143514704612237,77.41738226643437,55.39626144518932,19.554430961662057,37.7703234348095,74.91362559138852,79.16729327913464,55.824148871854966,19.27675628895729,34.655864717053895,86.1266920946241,30.02843349529082,42.96625049417832,19.177574560882803,78.70385581493824,31.836295906828973,24.84798673665526,12.75134069615397,47.00164739090887],
        [28.750079593017336,39.18719596120449,60.911669052788895,25.215563457739556,28.005707325665554,31.531814938238195,85.62023940436359,39.75822745064456,0.0,63.0806221656637,70.59057670904585,6.225581929329522,12.89757772083766,44.227988760689485,51.45592876056213,31.193438009787048,71.79805196434327,47.8638290179052,49.019426657716835,16.065921421210405,56.03479633854435,5.102362733590667,46.368464643979536,63.67651893050321,3.208023043533757,29.384669846627297,43.48369423579136,68.59433595641605,14.910240713989307,49.37566730298761,28.750079593017336],
        [34.330542572646365,23.893426204459217,2.234988134386911,37.86505870792415,35.07491483999815,31.54880722742551,30.310369853089682,26.322582116076642,63.0806221656637,0.0,45.42974144143471,56.855040236334176,50.183044444826045,60.51937242395296,38.49825160270791,31.887184155876657,20.872313592328084,58.01561574890712,62.26928343665323,55.72609346604942,7.045825827119352,60.84408693443696,69.22868225214268,13.130423652809412,63.026457293064425,33.69595231903641,61.80584597245683,14.66584818577628,50.81662179071293,13.704954862676097,34.330542572646365],
        [41.8404971160285,31.403380747841354,43.1947533070478,45.375013251306285,42.58486938338029,43.499775116922834,15.119371588345029,62.327751283916115,70.59057670904585,45.42974144143471,0.0,64.36499477971631,57.69299898820818,26.36258794835636,19.134647948483707,42.773320322254065,24.557427849106624,22.726747691140638,21.57115005132901,63.23604800943156,44.00265539637787,68.3540414778191,25.81105879324431,32.299317788625295,70.53641183644658,43.15017672303331,27.106882473254487,30.763893255658427,58.326576334095066,49.57641058776215,41.8404971160285],
        [22.524497663687814,32.961614031874966,54.68608712345937,18.989981528410034,21.780125396336032,25.306233008908674,79.39465747503407,39.862409471137774,6.225581929329522,56.855040236334176,64.36499477971631,0.0,9.718894766525537,38.00240683135996,45.23034683123261,24.967856080457526,65.57247003501374,41.63824708857568,42.79384472838731,15.961739400717192,49.80921440921483,5.206544754083879,46.264282623486324,57.450937001173685,6.171417056730249,23.159087917297775,38.84144634380047,62.36875402708652,15.014422734482519,43.15008537365809,22.524497663687814],
        [16.85813268629663,26.289618240366828,48.014091331951235,14.329250819064534,15.108129604827894,18.634237217400536,72.72266168352593,30.143514704612237,12.89757772083766,50.183044444826045,57.69299898820818,9.718894766525537,0.0,47.27386756182213,38.55835103972447,18.295860288949388,58.90047424350561,44.770110886776294,49.02377857452241,25.68063416724273,43.137218617706694,10.66104248961092,55.98317739001186,50.77894120966555,12.843412848238387,16.487092125789637,48.56034111032601,55.69675823557837,5.295527967956982,36.47808958214995,16.85813268629663],
        [30.415734875525498,44.84596765102935,58.28438428956605,32.944616742757596,38.80388930636417,58.58940609944109,41.3922506436741,77.41738226643437,44.227988760689485,60.51937242395296,26.36258794835636,38.00240683135996,47.27386756182213,0.0,22.02112082124505,57.86295130477231,39.647058831624875,3.63584025721572,4.7914378970273495,36.87346006107521,59.09228637889612,42.76151754938047,8.70930982818973,47.388948771143546,44.17382388809021,58.23980770555156,1.2864735485038752,45.853524238176675,52.569395529779115,64.6660415702804,30.415734875525498],
        [22.705849167544798,22.824846829784295,36.26326346832099,26.24036530282258,23.45022143489658,36.568285278196036,34.16431064380145,55.39626144518932,51.45592876056213,38.49825160270791,19.134647948483707,45.23034683123261,38.55835103972447,22.02112082124505,0.0,35.84183048352726,20.34212320378113,19.517364146199213,23.77103183394533,44.10140006094785,37.071165557651064,49.21939352933539,30.73043064943478,25.367827949898498,51.40176388796286,36.21868688430651,23.307594369748927,23.832403416931626,39.191928385611355,42.64492074903534,22.705849167544798],
        [27.447216429246815,13.016983653742965,29.718231043001843,24.918334562014717,19.059061998408144,0.7264547946687756,54.42680139457654,19.554430961662057,31.193438009787048,31.887184155876657,42.773320322254065,24.967856080457526,18.295860288949388,57.86295130477231,35.84183048352726,0.0,40.60461395455622,55.359194629726474,59.61286231747259,36.26971791019291,24.841358328757302,28.95690277856031,66.57226113296204,32.48308092071616,31.139273137187775,1.8087681631597512,59.14942485327619,37.40089794662899,18.92943763483627,18.182229293200557,27.447216429246815],
        [43.047972371325926,32.61085600313878,18.637325457941174,46.58248850660371,43.79234463867772,40.266237026105074,13.822187440020318,37.7703234348095,71.79805196434327,20.872313592328084,24.557427849106624,65.57247003501374,58.90047424350561,39.647058831624875,20.34212320378113,40.60461395455622,0.0,37.14330215657904,41.39696984432515,64.44352326472898,19.445227547271244,69.56151673311653,48.3563686598146,8.12153303384006,71.743887091744,42.41338211771597,40.933532380128746,6.206465406551805,59.53405158939249,25.018982738655524,43.047972371325926],
        [27.911978200479663,42.34221097598351,55.78062761452021,30.44086006771176,36.300132631318334,56.08564942439526,37.756410386458384,74.91362559138852,47.8638290179052,58.01561574890712,22.726747691140638,41.63824708857568,44.770110886776294,3.63584025721572,19.517364146199213,55.359194629726474,37.14330215657904,0.0,4.253667687746114,40.509300318290926,56.588529703850284,45.627293786678464,11.213066503235563,44.88519209609771,47.80966414530593,55.73605103050573,4.380134782113846,43.34976756313084,50.06563885473328,62.16228489523456,27.911978200479663],
        [32.165645888225775,46.59587866372963,60.03429530226633,34.69452775545788,40.55380031906445,60.33931711214137,36.60081274664675,79.16729327913464,49.019426657716835,62.26928343665323,21.57115005132901,42.79384472838731,49.02377857452241,4.7914378970273495,23.77103183394533,59.61286231747259,41.39696984432515,4.253667687746114,0.0,41.66489795810256,60.8421973915964,46.782891426490096,6.9593988154894495,49.13885978384383,48.96526178511756,59.989718718251844,5.535732421925475,47.60343525087696,54.319306542479396,66.41595258298068,32.165645888225775],
        [21.39555089340306,31.83266726159021,53.55714035317462,17.861034758125278,20.651178626051276,36.99617270486169,78.26571070474931,55.824148871854966,16.065921421210405,55.72609346604942,63.23604800943156,15.961739400717192,25.68063416724273,36.87346006107521,44.10140006094785,36.26971791019291,64.44352326472898,40.509300318290926,41.66489795810256,0.0,48.680267638930076,21.16828415480107,37.42498921618726,56.32199023088893,12.857898377676648,36.64657431097216,36.129165536177084,61.23980725680176,30.97616213519971,43.072808175701,21.39555089340306],
        [28.67655150337062,16.847600377339866,4.876872714244541,30.819232880804798,28.0290890128788,24.502981400306155,29.585443065819234,19.27675628895729,56.03479633854435,7.045825827119352,44.00265539637787,49.80921440921483,43.137218617706694,59.09228637889612,37.071165557651064,24.841358328757302,19.445227547271244,56.588529703850284,60.8421973915964,48.680267638930076,0.0,53.798261107317614,67.80159620708585,11.703337607752571,55.98063146594508,26.650126491917057,60.3787599274,13.23876214071944,43.77079596359357,6.659129035556745,28.67655150337062],
        [26.513544361790597,36.95066072997775,58.675133821562156,22.979028226512817,25.769172094438815,29.295279707011456,83.38370417313685,34.655864717053895,5.102362733590667,60.84408693443696,68.3540414778191,5.206544754083879,10.66104248961092,42.76151754938047,49.21939352933539,28.95690277856031,69.56151673311653,45.627293786678464,46.782891426490096,21.16828415480107,53.798261107317614,0.0,51.4708273775702,61.43998369927647,8.310385777124424,27.148134615400558,44.04799109788434,66.35780072518929,10.02746514372404,47.13913207176087,26.513544361790597],
        [39.125044703715226,53.55527747921907,66.99369411775578,41.65392657094732,47.5131991345539,67.29871592763082,40.84072148856205,86.1266920946241,46.368464643979536,69.22868225214268,25.81105879324431,46.264282623486324,55.98317739001186,8.70930982818973,30.73043064943478,66.57226113296204,48.3563686598146,11.213066503235563,6.9593988154894495,37.42498921618726,67.80159620708585,51.4708273775702,0.0,56.09825859933328,44.72535304320226,66.94911753374129,7.422836279685854,54.56283406636641,61.278705357968846,73.37535139847013,39.125044703715226],
        [34.926439337485874,24.48932296929872,10.8954355184225,38.46095547276365,35.67081160483765,32.14470399226501,21.94372047386038,30.02843349529082,63.67651893050321,13.130423652809412,32.299317788625295,57.450937001173685,50.77894120966555,47.388948771143546,25.367827949898498,32.48308092071616,8.12153303384006,44.88519209609771,49.13885978384383,56.32199023088893,11.703337607752571,61.43998369927647,56.09825859933328,0.0,63.622354057903934,34.29184908387591,48.675422319647424,4.917817025912829,51.412518555552424,17.277092799136852,34.926439337485874],
        [28.695914720418063,39.133031088605215,60.85750418018962,25.161398585140283,27.95154245306628,31.477650065638922,85.56607453176431,42.96625049417832,3.208023043533757,63.026457293064425,70.53641183644658,6.171417056730249,12.843412848238387,44.17382388809021,51.40176388796286,31.139273137187775,71.743887091744,47.80966414530593,48.96526178511756,12.857898377676648,55.98063146594508,8.310385777124424,44.72535304320226,63.622354057903934,0.0,29.330504974028024,43.42952936319209,68.54017108381677,18.118263757523064,49.321502430388335,28.695914720418063],
        [27.824072830026065,13.393840054522215,31.526999206161598,25.295190962793967,19.435918399187393,2.1471450916108985,56.23556955773629,19.177574560882803,29.384669846627297,33.69595231903641,43.15017672303331,23.159087917297775,16.487092125789637,58.23980770555156,36.21868688430651,1.8087681631597512,42.41338211771597,55.73605103050573,59.989718718251844,36.64657431097216,26.650126491917057,27.148134615400558,66.94911753374129,34.29184908387591,29.330504974028024,0.0,59.526281254055434,39.20966610978874,17.120669471676518,19.99099745636031,27.824072830026065],
        [31.702208424029372,46.13244119953322,59.57085783806993,34.23109029126147,40.09036285486805,59.875879647944956,42.136545168572226,78.70385581493824,43.48369423579136,61.80584597245683,27.106882473254487,38.84144634380047,48.56034111032601,1.2864735485038752,23.307594369748927,59.14942485327619,40.933532380128746,4.380134782113846,5.535732421925475,36.129165536177084,60.3787599274,44.04799109788434,7.422836279685854,48.675422319647424,43.42952936319209,59.526281254055434,0.0,47.13999778668055,53.85586907828298,65.95251511878428,31.702208424029372],
        [39.8442563633987,29.407139995211548,12.430860051389368,43.37877249867648,40.58862863075048,37.06252101817784,17.025903447947552,31.836295906828973,68.59433595641605,14.66584818577628,30.763893255658427,62.36875402708652,55.69675823557837,45.853524238176675,23.832403416931626,37.40089794662899,6.206465406551805,43.34976756313084,47.60343525087696,61.23980725680176,13.23876214071944,66.35780072518929,54.56283406636641,4.917817025912829,68.54017108381677,39.20966610978874,47.13999778668055,0.0,56.330335581465256,19.21866865342843,39.8442563633987],
        [22.153660654253613,26.92319558625371,48.64766867783811,19.624778787021516,15.741706950714775,19.267814563287416,73.3562390294128,24.84798673665526,14.910240713989307,50.81662179071293,58.326576334095066,15.014422734482519,5.295527967956982,52.569395529779115,39.191928385611355,18.92943763483627,59.53405158939249,50.06563885473328,54.319306542479396,30.97616213519971,43.77079596359357,10.02746514372404,61.278705357968846,51.412518555552424,18.118263757523064,17.120669471676518,53.85586907828298,56.330335581465256,0.0,37.111666928036826,22.153660654253613],
        [34.2503066947549,19.82007391925105,11.536001749801287,31.721424827522803,25.86215226391623,17.84385236474941,36.24457210137598,12.75134069615397,49.37566730298761,13.704954862676097,49.57641058776215,43.15008537365809,36.47808958214995,64.6660415702804,42.64492074903534,18.182229293200557,25.018982738655524,62.16228489523456,66.41595258298068,43.072808175701,6.659129035556745,47.13913207176087,73.37535139847013,17.277092799136852,49.321502430388335,19.99099745636031,65.95251511878428,19.21866865342843,37.111666928036826,0.0,34.2503066947549],
        [0.0,14.43023277550385,32.16158945977156,3.53451613527778,8.388154430838672,28.17367122391559,56.870159811346255,47.00164739090887,28.750079593017336,34.330542572646365,41.8404971160285,22.524497663687814,16.85813268629663,30.415734875525498,22.705849167544798,27.447216429246815,43.047972371325926,27.911978200479663,32.165645888225775,21.39555089340306,28.67655150337062,26.513544361790597,39.125044703715226,34.926439337485874,28.695914720418063,27.824072830026065,31.702208424029372,39.8442563633987,22.153660654253613,34.2503066947549,0.0]
    ],
    "vertex_count": 31
}