{
    "drone_dist": [
        [0.0,1058.201188781059,1799.4040218185605,1227.0962886144296,1636.5766160745547,1195.145887847908,2289.289962977873,618.0370381740177,2462.4810170243604,2580.7223634987704,1992.0225818841025,3121.5573691156246,1058.9585894402667,1495.738391333579,1213.5811766877991,2954.722822538358,2379.728103492658,2050.5696995504095,1165.6418801379411,2309.152763754072,1770.6009161223906,2335.343198556051,1795.03116906649,1384.615108220593,1267.5472826650011,1827.567658938784,2453.5389281769685,2724.2373436926678,1793.9997209833252,287.30849572474904,1385.7865123874385,1920.2307293074646,1174.4678689691646,2284.1038690724113,1202.5058834767196,909.5733429166672,2060.371503770303,3002.6166712311892,2850.9969593944957,2736.3395018081565,1991.4572982613604,1736.4283243974553,3273.707338100382,2415.041852897435,2815.53120564177,2166.3229153286097,1859.2057713598729,2595.193758286931,1302.6421542631801,2305.973131639227,331.8972336195884,2408.23670730811,1967.0645575247827,2491.973782106369,2937.45810651974,869.3775489114428,1994.6095480109323,1374.5528727439232,1714.62293839665,876.0274229411425,2344.778812209229,1524.523134095339,2521.154334649881,1022.5080571963905,2160.6545197519795,3353.41530716931,569.8507513799977,2326.3626309578713,302.9844186496582,498.13514925343924,1907.5809465283153,2041.9306007477528,2621.72309628532,1954.988409887405,1929.1115414413894,2051.067756078092,3293.4850750988176,2342.939549047046,1996.8463324957356,2131.505060380496,0.0],
        [1058.201188781059,0.0,1653.907800535315,2151.118353341027,1185.2584822968875,1294.5050382324764,2931.1088872618216,838.7376066323883,3495.379685070149,3258.509304225232,937.5662523083848,2809.563226218505,1879.0984915585927,1978.779037540832,855.6542844782629,3875.9955575694157,1502.1830819562956,2712.6966351037418,2085.035739823674,3227.817113817656,924.2652830282818,1283.2855220347162,2226.3587929612218,699.653428706197,313.58074996868265,2711.6515383890737,3283.0128204887606,3553.541506275962,2030.9662348055065,890.741839712194,1664.5272186964962,1458.1737946949543,914.4727027261282,1765.6256522484516,1970.4920143695672,1404.7974303479086,1069.2084620123437,3781.6113560950143,3805.3409225587147,2456.981272950982,2098.341432263223,2262.779979173064,2854.831208996934,3036.9155273257875,3858.1872488499457,2315.91864465204,2905.2417382794956,2934.2515814482995,1593.533201336041,1595.9830693715571,1255.9799904331044,1894.5988289750146,3007.185353264759,1947.4540150877529,3952.609942021694,595.4533128731294,2998.7747062696526,858.9093555447656,2733.431239059904,1909.4175721431793,3374.2758279355553,2582.344746405682,1497.0243530798182,1386.4398298997896,1102.4535577853023,3070.82246423858,578.3989910756043,2424.3404428284143,814.5979121948942,893.4308699923317,2836.2124222893417,2908.461954573856,3396.2164357823904,1944.605116733804,1691.4686441975703,2052.101081377351,3974.6927202091647,3177.512477406269,1650.5605714334467,3188.163805337815,1058.201188781059],
        [1799.4040218185605,1653.907800535315,0.0,1910.0143255448534,2834.5253390482753,617.8451147260308,4087.9501838914584,2153.0643368091414,3875.939482707328,2185.0092753100676,2128.6410374339916,4461.9476236120545,2848.3724398831487,1042.1155336599174,799.2558030324426,4595.693003624577,1491.4485901448988,3848.8797261569703,1863.5522815101708,3979.3013140126886,2516.293013448831,2125.278282377268,1066.6552642063405,2353.307342674641,1941.2820130580537,2173.5717582364455,4194.373926135716,2713.285947327285,3483.342857831094,1527.0431954327844,685.5957787016991,3111.638136685529,755.2912465279816,3416.224352645188,1512.4782110507383,2654.339807404092,2470.723268864362,2808.3512672128736,4447.302215029317,4104.513111310524,3620.4657709082203,1232.829682777042,4506.5541728116195,1915.7928514300213,4150.446443083037,765.4167121918081,2889.624127840015,4346.195709297871,716.9475154930772,1097.1636172464011,2130.459387554309,830.1503217605472,2930.407111741204,931.2637947809774,4387.6050831515295,1139.8035722393226,3541.674329841942,2505.608030971323,2597.6921359233475,2091.9260811597783,3173.776971950746,2779.334523528453,2052.7364321439745,893.9321938453955,2142.5888136154736,4722.093131413682,1866.60579094904,3960.204746676372,1856.0524802101534,1307.1450280862236,2376.331208053626,2276.9697210498357,4387.268778446027,3511.317443783327,3319.3163810063234,427.5212154429927,2811.031386134994,4083.666267289956,360.00822894227764,3253.2413970829593,1799.4040218185605],
        [1227.0962886144296,2151.118353341027,1910.0143255448534,0.0,2858.8561278417187,1399.969510192119,2816.0605100281905,1834.8691077754074,2016.5389414041872,1477.0483412856331,3068.451356792536,4273.679197926098,1681.7693497350851,970.4621650417423,1825.7058247943792,2864.9377079145775,3095.6169878527276,2593.201508971222,66.17121285120643,2324.045119577822,2973.771942984868,3327.479315135008,1186.9304800555544,2601.899687568219,2420.5314217213827,602.7535507029155,2647.7228063320717,1506.6236066129682,2777.681553411488,1273.315294026077,1228.6221365464423,3137.7831735790696,1733.9492673310226,3502.0757335285425,407.1564142208057,1931.7283778287192,3214.1565734537794,1803.5929599261892,2678.9178035611185,3889.0557015813893,3025.6338043183364,1012.3019881815314,4455.559854131496,1387.698466260795,2257.014686965805,1797.059698496942,979.6146899513869,3403.6973819168747,1193.3545537663267,2850.1126248485148,1325.2382294875947,2725.980172126608,1025.7595812500392,2826.1492343691884,2527.1121086446324,1690.042422096276,1790.786691105535,2601.5673470496818,695.0623787360265,517.3479798213388,1313.6494493324303,929.9073566865369,3431.9410002130253,1086.2535428992285,3203.097405698339,4488.707731152834,1780.7469743595232,3332.8203274772522,1527.537044263858,1267.9795087790792,688.9938950622327,819.7452306354755,2893.104721224112,3049.407486588566,3104.0129790244096,1900.1289087576577,2150.9242158546376,2546.020773805104,2245.973025529877,1343.806529700473,1227.0962886144296],
        [1636.5766160745547,1185.2584822968875,2834.5253390482753,2858.8561278417187,0.0,2414.270624297171,2344.103801716148,1024.1416118614482,3551.6391921094464,4193.8607619653185,1370.0427539080995,1628.2216390697195,1768.9338024650172,2999.3313746294043,2035.3549330289118,3606.8506250509863,2444.094587308397,2184.29127619436,2799.0357572505877,3009.741358493634,647.5702530141019,1818.6977545630755,3278.5130564491105,503.952206830758,935.4136530295493,3461.2256847404774,2905.9973765612,4360.497439280812,1196.14614498022,1681.385283191961,2752.401898979288,293.48718815670867,2084.7314684034677,650.8593082902808,2822.4887587428407,1175.5654791613233,1091.564905320223,4637.968018095863,3611.034030717584,1271.729200567564,1124.7546276188223,3271.774646007766,1702.201961469815,4007.0752538461966,3938.7546174569497,3462.9771115338035,3330.949778794241,2034.248685808024,2673.087894600733,2670.826995825368,1574.0089470944306,3038.6375208733375,3455.206759056786,3079.2568454934913,3912.9340375288994,1722.255819275067,2999.5598850387,329.3264538726958,3262.8293517127827,2445.6918254869797,3848.3503947146755,2928.173882114407,2143.495790352398,2422.420489186325,1569.2186214308647,1887.5969287621165,1135.6158949701128,1391.2619028075214,1346.2196739462654,1819.176887612203,3528.6365421510313,3676.8384524957833,2925.799098657396,905.7633199966385,540.4767738566873,3222.2798876919437,4912.191195252072,2820.2468417735167,2832.2063049228077,3516.3751198811256,1636.5766160745547],
        [1195.145887847908,1294.5050382324764,617.8451147260308,1399.969510192119,2414.270624297171,0.0,3478.173354425274,1611.7788255979567,3298.9248367284385,2060.7913624650005,2003.6345000128654,4033.762042052734,2234.9952785007117,761.5628333730992,547.013606302871,3987.2802780538063,1728.2484172598167,3238.768792542011,1344.5980533034674,3366.2836995160683,2215.3318812965367,2131.969089315689,956.9252392370317,1971.9634718239838,1606.7476313010845,1781.6145247917398,3576.73128493545,2475.856391890377,2929.566061208622,935.1736487980586,384.40649503636155,2703.577094415305,448.822878054724,3035.4760268011396,1038.6720784858246,2075.2104185683133,2277.3318733000556,2641.7103265918395,3844.4733890724187,3662.772123836016,3088.2700861623716,1036.3737943515625,4114.362090821931,1814.093983759768,3590.5930525499252,1053.242668706393,2366.917914509714,3771.5848023389867,330.7884194546569,1451.331578877733,1523.4928026591415,1356.5576830203763,2423.499528674583,1453.708409041079,3808.1222567724913,702.9514013524968,2941.2384690323784,2087.987987368615,2094.596078287621,1502.8760425788378,2706.505471249857,2211.2062360538907,2156.568059894511,315.6064742104387,2076.827206586511,4287.249995439019,1349.3477151162772,3429.0822775134425,1288.2789551346636,717.0779869917365,1964.63591472584,1928.4286998972166,3769.5825286904683,3001.434758159422,2857.182678537342,868.0115987555153,2755.900455534025,3465.9954521775758,887.3785074268573,2722.0381944937067,1195.145887847908],
        [2289.289962977873,2931.1088872618216,4087.9501838914584,2816.0605100281905,2344.103801716148,3478.173354425274,0.0,2104.293679024415,1923.6463028529167,4246.904883450182,3596.485126885359,2571.1597103973068,1248.0687123143935,3592.44423330644,3459.3897349424046,1439.2400357403044,4433.290107798838,239.57925881290672,2798.3327345656653,1067.711389419654,2956.285692605578,4044.5945048189865,3879.465326914599,2629.4235590509234,2903.8010582904985,3260.1722719327036,722.3715049253193,4050.0711456857366,1179.7531483777996,2568.063547273807,3610.859183507192,2394.2957039771222,3438.6838462279657,2596.0922885347654,3091.46593243622,1531.4697048013247,3405.0822057824316,4396.011495964386,1545.025135363527,2307.1491931986266,1378.2206251305477,3751.5241858718728,2892.228879119069,4195.89363880485,2250.693801349857,4375.357516856254,2505.2101550650555,880.9300401503863,3532.926717053083,4482.487844778394,1957.689419395374,4665.566958891723,2624.9176192917316,4742.02183988335,2027.7377634693553,3082.1994803364028,1487.1859058214793,2429.472405348546,2674.986904586825,2320.2922566127972,2938.000857698479,2137.55625095229,4335.231189816802,3264.674463196092,3803.7076260529466,2645.8530236409897,2401.1180986068343,1390.3733167896899,2288.90598774739,2785.678072397062,3180.0985780469014,3448.7368765886804,619.2718493145039,1609.8103502451304,2019.3968510777424,4314.543985631563,4842.9500720759615,697.8537729438688,4278.3886867607,2423.308797941235,2289.289962977873],
        [618.0370381740177,838.7376066323883,2153.0643368091414,1834.8691077754074,1024.1416118614482,1611.7788255979567,2104.293679024415,0.0,2759.739882615573,3195.7412681458572,1654.5308530661143,2517.3672072668933,1055.9969362850718,2063.9561467027247,1418.0582244657055,3054.6385843699336,2335.2876402355932,1881.001832729792,1775.356089079203,2409.8624851751915,1255.5918072833288,2064.455985234014,2357.4833223905966,849.1165005796959,896.0714689250174,2437.397422004557,2446.365285346302,3337.935628911056,1330.5871244008742,725.9297349863621,1886.1320307334245,1304.0533356945045,1422.4556606939586,1668.2846616912166,1817.9600202014933,572.8239763812195,1617.7853819957948,3619.7823782391474,2997.5364036038736,2133.612987755932,1476.5811139987018,2320.854025353783,2659.1262874511954,3023.632308596922,3136.7771451507815,2650.6238115708393,2357.9181522620593,2206.597159517825,1802.5134167053877,2382.5081189330826,577.564415926308,2603.8284873007706,2476.759921019894,2672.277627819438,3188.028988376395,1036.6402328094257,2234.914799250421,787.9230278728397,2260.4891205415133,1431.0204228984976,2866.357362829608,1976.7481197726124,2312.9948024535433,1528.308920539021,1849.715442878045,2755.268098511093,304.6859135139187,1817.4086985097938,352.6839158255753,915.1246622287314,2505.4800517328713,2653.3566622535245,2557.5744263741444,1397.4605656346134,1321.2544427122566,2476.315946604264,3910.079393727645,2341.6900648912583,2266.024264302092,2582.148225451028,618.0370381740177],
        [2462.4810170243604,3495.379685070149,3875.939482707328,2016.5389414041872,3551.6391921094464,3298.9248367284385,1923.6463028529167,2759.739882615573,0.0,3025.728948827567,4398.447967160644,4350.959934986971,1783.8873552895345,2986.9609198089533,3575.5770785745185,1024.898617097401,4819.871162119478,1840.6232598793038,2047.3124780112566,872.0812925907725,3986.7875076631053,4777.996526309066,3187.7427683305277,3582.573254336106,3640.5978379544595,2108.606840239205,1293.8769168898148,2597.936689046136,2734.800778446129,2708.599439225326,3216.9493687866097,3733.3149999148827,3506.217127567275,4043.035771674309,2420.91583997801,2381.7653761503498,4375.045655940336,2933.8556410180377,787.9811705846023,4025.477319415371,3009.921259379408,2999.4183299321603,4640.668108965515,3090.2842485036676,387.38747884053555,3809.757208430499,1132.5356040018246,2797.4342106353683,3167.9332504774716,4679.758756481057,2241.6920788207867,4655.309016468904,1179.273354312925,4751.866487451188,512.4763833463938,3295.761484614731,554.562652385186,3458.9675984179253,1441.7623451207241,1797.670114395795,1293.4443903783676,1098.930855513815,4980.8375780326805,2991.7677469744135,4583.906312163618,4473.897916988038,2932.4874671912835,3163.537330985979,2680.8462099465664,2850.7388475945445,1931.479183547195,2208.371337948066,1550.9049663408537,3178.401881784976,3476.52941592693,3912.088702967093,3435.8889795285627,1261.547196986101,4184.389595898609,817.6463580578138,2462.4810170243604],
        [2580.7223634987704,3258.509304225232,2185.0092753100676,1477.0483412856331,4193.8607619653185,2060.7913624650005,4246.904883450182,3195.7412681458572,3025.728948827567,0.0,4058.0875609575864,5697.752348292331,3156.9230517041588,1302.6407647523006,2607.799220378721,4019.434592139694,3668.3399244166485,4034.2984646587,1514.9574608252199,3593.5392446925707,4169.50486192619,4187.614644440571,1136.4495154162614,3850.1179648503376,3566.264313098985,992.4373693759325,3973.524740847212,654.3341371728797,4248.294222595389,2514.579571919489,1684.234837615666,4484.302496452924,2509.39723214464,4844.673185019723,1378.2232632559605,3385.9870644946736,4304.613761363996,630.1970162865553,3797.1111660099787,5312.098746096296,4489.703050438855,1024.4714346882124,5854.272936072746,271.23229866472184,3109.664593069153,1553.9922191027879,1916.1542063734616,4875.916360903417,1730.0032658312214,3281.226886571626,2757.1444276654565,2939.2119594807173,1849.2170991740504,3033.270403661073,3476.040414983725,2680.6906987041725,3016.3250593665375,3900.652512906552,1643.6116224813352,1993.974770050156,1802.5994949966216,2159.5976258629767,4183.124950847063,1879.6242234541367,4137.476057842704,5923.64055674416,3061.737165145422,4803.070646746179,2853.0960880398516,2404.537252060353,1116.5940903529797,832.0455649842811,4236.456210189358,4497.549511624449,4508.950633726903,1881.277086309401,720.2713073150337,3882.7018591709416,2528.671672233607,2208.85255141692,2580.7223634987704],
        [1992.0225818841025,937.5662523083848,2128.6410374339916,3068.451356792536,1370.0427539080995,2003.6345000128654,3596.485126885359,1654.5308530661143,4398.447967160644,4058.0875609575864,0.0,2736.7709514912804,2704.5717358435,2755.5653827115348,1461.7452854294124,4694.620056125878,1168.0721559552505,3402.910839782882,3002.300392013181,4055.3207775436654,735.9402612799219,453.48177724042495,2958.4369618917,969.8940334497152,759.8170348150963,3608.8867051309676,4052.6615024850757,4417.08191259429,2524.7274214524036,1825.1136026685278,2387.227789869851,1511.9291541890689,1556.5423927395404,1656.3707337676099,2850.5403736515445,2153.1711341090436,401.0501267387471,4618.675758815399,4648.036507337567,2462.0502435070534,2489.9553439241104,3036.2775499637514,2668.3294790271166,3816.3705911670177,4768.5267541676885,2883.0243939331426,3842.807097019152,3395.857486497567,2332.6925776530607,1514.7737590459633,2159.9130181131623,1982.0291395873767,3944.4999246282473,1988.7318447763887,4839.0695019861605,1406.3264772024093,3884.4213659707507,1179.6307295029158,3668.010880463355,2846.8175142401597,4309.987635201971,3516.3211602814945,773.4531991031539,2188.6342873270873,207.31361851865728,2999.3658332988266,1468.2300074032103,2760.6116879680453,1730.2943490223936,1800.5171496915216,3746.4679014914,3796.5215279417966,4127.0995366286925,2275.6728933873387,1892.3016553640227,2556.1094843597502,4758.921851395725,3953.3669944202115,1963.6946431176605,4123.491434662946,1992.0225818841025],
        [3121.5573691156246,2809.563226218505,4461.9476236120545,4273.679197926098,1628.2216390697195,4033.762042052734,2571.1597103973068,2517.3672072668933,4350.959934986971,5697.752348292331,2736.7709514912804,0.0,2783.3122679505013,4575.1840495390625,3662.6936859886714,4009.771556417593,3901.762933506701,2558.4093692863084,4221.920888349963,3579.9536437334377,2054.479806895781,3114.790733838116,4864.12459754208,2113.369148875933,2539.202501865038,4866.738690579024,3290.5895119957454,5770.816323285417,1640.4371238685371,3235.7575533977906,4359.154574192017,1352.0120322386879,3712.9514620359564,1090.8079918249666,4321.449425909231,2352.569654910839,2348.1263973105015,6077.004813824013,4110.429436323207,385.6709213760171,1358.6175728695937,4836.811842746124,339.0090551938569,5536.57485774773,4719.87487344499,5085.634598229593,4503.756925803985,1773.6059428541876,4277.9191300541825,4203.258569833428,2950.7256669270855,4614.611807762645,4635.151340765971,4644.427838923573,4561.205855877995,3348.220382971859,3820.3514506009947,1957.5402863484337,4523.866519740244,3793.4917691102432,5019.050480420826,4079.3627401410386,3446.4494822322777,4016.615278473581,2890.232437336173,265.4269309905604,2711.8115479742696,1195.9506112984216,2869.1103409101515,3402.060401666978,4891.064861110462,5084.994919553021,3171.4606280466523,1250.055700295644,1196.4905607957928,4850.279342687985,6404.328798418505,3251.2566603564273,4446.114127550702,4587.142261610023,3121.5573691156246],
        [1058.9585894402667,1879.0984915585927,2848.3724398831487,1681.7693497350851,1768.9338024650172,2234.9952785007117,1248.0687123143935,1055.9969362850718,1783.8873552895345,3156.9230517041588,2704.5717358435,2783.3122679505013,0.0,2363.672816196865,2261.591832529859,1999.3084456252454,3346.46821010831,1008.6616852118191,1649.751243268578,1353.865552157397,2219.566719746629,3120.117351878671,2656.601999250646,1822.1821858703624,1949.7086436608097,2212.6610727607613,1419.1063352175238,3085.1310199670384,1166.3630851014989,1344.5212668427748,2363.701197269569,1962.9016067495095,2229.4425493001477,2289.460183501713,1895.0172352041548,598.5781088389818,2627.6434466403475,3415.5674288929135,1943.4957047183866,2417.127389976052,1441.0958919794982,2542.9536420351888,3026.7573677089104,3064.8944303043663,2170.599359997719,3131.6360387955456,1720.735723998749,1723.1780073263749,2285.3315799123443,3330.3288681154495,729.2681276595337,3463.6105346699446,1852.2089325858137,3545.41466067499,2168.425452856973,1897.494897543304,1234.4163440106256,1682.7239906935731,1762.8567013731813,1164.6106282853611,2235.922687251569,1296.3437129850272,3367.1218027410373,2016.609591640065,2902.6136041296672,2961.265973755614,1303.6021180046205,1707.8166267546671,1120.859918834881,1556.790260359191,2188.198485929348,2422.616530093527,1568.2832251460538,1536.683687917627,1749.672282403736,3066.5812183923913,3811.4594938644077,1310.5287105324308,3055.7350576454864,1820.9850521720145,1058.9585894402667],
        [1495.738391333579,1978.779037540832,1042.1155336599174,970.4621650417423,2999.3313746294043,761.5628333730992,3592.44423330644,2063.9561467027247,2986.9609198089533,1302.6407647523006,2755.5653827115348,4575.1840495390625,2363.672816196865,0.0,1307.7949300833452,3816.473423284587,2440.551294197391,3356.853195245441,943.0642165630835,3248.3103345988966,2900.1237080694746,2893.371908343766,300.27875415006247,2608.6120987249033,2290.832634950618,1133.2343622708581,3536.1022773711848,1726.466558706589,3283.75538702676,1340.0140924486807,402.0216315474254,3292.8177293667145,1208.6917414709355,3643.3931499529967,570.053008763718,2394.9978487394824,3009.0006560159054,1880.6136476501117,3638.7528629712942,4193.554346885652,3487.1035852706955,284.39311803150906,4694.180047538376,1064.153400446861,3219.481363629294,833.1269602352797,1922.532672902346,4043.894683044764,432.48186675760456,2103.5173867769386,1763.518833798897,1870.50053796831,1943.8052505825826,1971.4316335332626,3497.2455039576444,1389.9559126108825,2740.6171047693324,2687.346294576849,1614.5848615153368,1322.6549362308554,2152.188451557697,1897.5634640749026,2909.0396962325317,592.9768741521212,2836.041216072863,4817.145021233774,1869.4977445645497,3821.2166484598206,1711.4166548378898,1180.375322711896,1338.8005297446928,1236.7403675584537,3764.41782128376,3445.8889888381345,3379.359381015719,941.1185864820031,2006.8240623958166,3429.454237932141,1401.0141564318124,2289.9067850145357,1495.738391333579],
        [1213.5811766877991,855.6542844782629,799.2558030324426,1825.7058247943792,2035.3549330289118,547.013606302871,3459.3897349424046,1418.0582244657055,3575.5770785745185,2607.799220378721,1461.7452854294124,3662.6936859886714,2261.591832529859,1307.7949300833452,0.0,4156.727188166948,1276.524819359032,3224.6663082416853,1763.7176370331883,3515.2762510224543,1740.0413681549123,1588.1974778621625,1497.133330918783,1555.3072795231305,1149.6356405192496,2277.4052826078537,3666.6590869849306,3012.125088958815,2740.6637016214845,927.261392595443,927.4380299085489,2312.6009060141073,100.11960887926608,2620.4271226615438,1513.6086555785446,1960.5876814736419,1753.3040715470083,3186.477485078599,4040.2085635282488,3305.761990117773,2856.581589181319,1583.3601152171577,3710.1699651182344,2360.261257764755,3897.6480463259,1478.1390003711729,2748.0154675443423,3624.433341486103,877.7977548955184,1108.4379891629014,1534.3678828006884,1206.3623549970448,2821.5759038938254,1285.0196708914439,4073.058759463847,382.7226041006503,3158.226409467668,1706.5540277938242,2503.976368370528,1799.1761504670355,3137.465772824681,2527.185684651517,1632.1649224737037,784.9505096003332,1529.9893431639562,3922.880929934416,1117.3127117915403,3193.6729799590657,1171.5783976472796,739.1089270207689,2446.581005027992,2439.890045962604,3829.5369647854673,2733.32797011024,2524.34656782174,1198.3427584190779,3301.290299919632,3556.159981898839,849.1509175515429,3085.4325740671347,1213.5811766877991],
        [2954.722822538358,3875.9955575694157,4595.693003624577,2864.9377079145775,3606.8506250509863,3987.2802780538063,1439.2400357403044,3054.6385843699336,1024.898617097401,4019.434592139694,4694.620056125878,4009.771556417593,1999.3084456252454,3816.473423284587,4156.727188166948,0.0,5321.051493893925,1490.9118738646405,2880.707148189146,649.4573856250048,4153.382321717302,5116.896271211109,4051.368208504289,3776.2003913833887,3945.08833924524,3068.2571994461596,730.7350625139952,3618.4663982640254,2548.5281775772587,3234.7256018857006,3981.810632119325,3717.3296223991556,4104.761147692474,3965.769177334178,3248.144444858431,2545.0569307012374,4584.173433786615,3956.5469025361185,242.05112528278212,3743.6521396877615,2783.649217618406,3876.065257747009,4331.464569447257,4062.18186163317,1141.5342182149857,4649.600350715425,2104.190303677033,2277.508513692135,3920.5535258819978,5258.962881000481,2660.859674214438,5317.405598963327,2172.6716976108423,5408.103845074503,773.5546099568161,3824.1000091777128,1075.9612337378276,3607.686605973522,2393.2817790529693,2521.168404620463,2318.027869461976,1944.9066795562496,5366.412047689886,3702.7999667774106,4895.388767645209,4076.6539721989775,3298.3486927582803,2828.185423911039,3092.8517068316264,3418.4861188568634,2908.759456258853,3191.4889977373477,850.3767386611141,3000.375131034064,3380.0698870091514,4700.532258814516,4456.683114423812,796.5288068330069,4867.975653593931,1828.4864361350112,2954.722822538358],
        [2379.728103492658,1502.1830819562956,1491.4485901448988,3095.6169878527276,2444.094587308397,1728.2484172598167,4433.290107798838,2335.2876402355932,4819.871162119478,3668.3399244166485,1168.0721559552505,3901.762933506701,3346.46821010831,2440.551294197391,1276.524819359032,5321.051493893925,0.0,4214.223130087946,3034.928691109387,4671.999552123648,1864.9378739704741,878.051686523991,2535.8437956469347,1964.7202353476202,1577.5767635244654,3509.847764458093,4763.428679113562,4163.204275033971,3491.2365168973474,2115.5120668104014,2039.263131875723,2635.244698419563,1363.6944378149988,2815.9648879240276,2761.0308331475244,2905.501473482145,1566.0360807184811,4285.269472330327,5227.792378323939,3615.674619451329,3514.394792499639,2679.1531855598314,3835.8696762837585,3401.282182864561,5154.113053760783,2224.4796254627645,4024.444753062658,4391.957858017966,2023.47207030406,460.51011317171657,2660.3878576498605,963.0153437245217,4097.839955501368,930.7085342452185,5307.621293466338,1524.3955347774577,4372.526857156886,2180.402156878597,3778.8931064155618,3066.927787346678,4409.152176046715,3793.862026486388,648.7974458654106,2024.0203730333737,1042.812900605153,4165.1824759154415,2051.746215391838,3816.426206668179,2230.6231756173006,1971.041522213927,3691.6417106346003,3652.7247900278344,4889.383282525205,3325.1730427723123,2983.8895316685357,1864.9940367552952,4302.444879742038,4655.870694669471,1180.0443351504123,4360.065794726438,2379.728103492658],
        [2050.5696995504095,2712.6966351037418,3848.8797261569703,2593.201508971222,2184.29127619436,3238.768792542011,239.57925881290672,1881.001832729792,1840.6232598793038,4034.2984646587,3402.910839782882,2558.4093692863084,1008.6616852118191,3356.853195245441,3224.6663082416853,1490.9118738646405,4214.223130087946,0.0,2573.4634832712327,1023.7193851333893,2780.922854842522,3848.1001180528647,3644.9823454852212,2440.5752535965985,2697.691537044638,3051.409309874512,760.5366482796529,3857.0886206977448,1062.1351518775075,2330.046858239957,3371.8216858321066,2258.0113020572144,3202.651888834566,2484.6464414102807,2860.4825124925815,1308.9593505711402,3227.330299232473,4201.5599334718145,1561.2666955155462,2268.0644994708878,1292.8438053572295,3519.320168779254,2868.6833372184133,3976.5978833245795,2188.7911760401335,4137.165723331095,2329.0068880572067,970.3651931623511,3293.7538297599476,4254.421703663684,1718.847641395609,4431.012980346927,2452.064486151351,4508.192090160541,2004.006474799452,2848.5659108938817,1362.9531995238472,2246.361128065267,2482.190281698342,2092.770957812607,2779.8231917506546,1947.5169649089908,4133.1661222190605,3025.22871586252,3609.7342299101597,2656.164149455909,2174.928420499048,1363.080664129565,2055.3432474843794,2547.3221849785773,2979.2457480065423,3243.9452393980146,741.5294270821673,1510.7492304238983,1900.8251365761798,4075.032421373473,4641.0637916407595,702.0118610660448,4041.163069092497,2273.663983699599,2050.5696995504095],
        [1165.6418801379411,2085.035739823674,1863.5522815101708,66.17121285120643,2799.0357572505877,1344.5980533034674,2798.3327345656653,1775.356089079203,2047.3124780112566,1514.9574608252199,3002.300392013181,4221.920888349963,1649.751243268578,943.0642165630835,1763.7176370331883,2880.707148189146,3034.928691109387,2573.4634832712327,0.0,2330.924228419498,2909.1980560103116,3261.978292310159,1171.4099616215965,2538.3267508326894,2354.859950121109,662.2630215496199,2646.9232618177707,1563.839582896585,2735.144882808111,1207.8502171002249,1184.9441769205819,3078.848007963965,1672.5166920236393,3443.1539149597706,373.9601548372188,1883.644751412515,3148.2872892618343,1856.8092309513859,2698.2909776086963,3837.0292459024013,2980.747020254222,1003.0061914819706,4401.188935803257,1415.5355139024603,2295.6540993728795,1773.623551840984,1027.8839822167279,3372.770147298215,1146.6086456836397,2793.457944136657,1271.9241560330486,2676.2779296009912,1079.0614110856425,2776.215022301371,2558.849681647738,1624.6136514591572,1805.2193821694807,2539.776855280353,750.2699745106011,486.3539272440351,1374.2980962602821,954.5887333979146,3367.6276370530245,1030.0011050996832,3137.114908488603,4438.445281854569,1717.220503644378,3290.2195750131546,1465.3456381285298,1201.8417221330415,754.2608592254456,878.05596620977,2889.4377836417257,3000.7728758730423,3049.575374715712,1865.4804907291302,2195.8271066907164,2544.1243064181067,2196.547194584644,1389.8714958089006,1165.6418801379411],
        [2309.152763754072,3227.817113817656,3979.3013140126886,2324.045119577822,3009.741358493634,3366.2836995160683,1067.711389419654,2409.8624851751915,872.0812925907725,3593.5392446925707,4055.3207775436654,3579.9536437334377,1353.865552157397,3248.3103345988966,3515.2762510224543,649.4573856250048,4671.999552123648,1023.7193851333893,2330.924228419498,0.0,3533.2443831259084,4473.782357458175,3499.099023569321,3148.872578177009,3302.750756964261,2611.381477770036,430.6524861185631,3271.0443411681144,2024.1020275666228,2590.8695523791685,3384.127248146701,3142.425709178439,3465.786782960749,3414.0501055130367,2687.199421910076,1912.9902492745214,3957.7237461606705,3617.694744058245,602.2842027714375,3280.039689956422,2281.7235168218954,3333.8959288394253,3886.2672850623917,3602.6585437047147,1183.2687907240208,4078.7709127950925,1700.6162527064698,1948.3076401380413,3319.0780766226194,4614.777652584837,2012.1488087251394,4684.85654994558,1796.5233050905697,4774.235995913381,981.2750359045882,3178.314775769022,580.0082637028055,2988.034260729485,1950.3539030371421,1932.0243341378443,2034.3456729870884,1445.0822172466942,4719.818098710944,3090.149112392717,4254.747861609945,3679.76966186152,2649.862771039281,2384.0050471474483,2443.4173570344406,2778.494075364303,2478.341359911422,2762.3876175208206,699.2406390232026,2479.3888112745117,2830.257078707045,4106.318652528247,4100.565794917651,389.4681907452529,4241.3140871575615,1510.683542232749,2309.152763754072],
        [1770.6009161223906,924.2652830282818,2516.293013448831,2973.771942984868,647.5702530141019,2215.3318812965367,2956.285692605578,1255.5918072833288,3986.7875076631053,4169.50486192619,735.9402612799219,2054.479806895781,2219.566719746629,2900.1237080694746,1740.0413681549123,4153.382321717302,1864.9378739704741,2780.922854842522,2909.1980560103116,3533.2443831259084,0.0,1176.877782901468,3150.547363180201,407.4668150514931,610.7080425358876,3559.862421998939,3474.953857911536,4429.494498136488,1834.2940778647455,1706.7616037122223,2588.269309876301,777.6254177040915,1813.3329947240352,963.766899304811,2848.0958315765165,1627.654455822224,450.0606383971976,4674.268971543007,4134.776015276811,1752.5623470719208,1772.2095201456816,3183.5412230603274,2032.3490776780377,3954.0015283606313,4369.25989109563,3217.647792583886,3602.9421221062667,2681.811898948571,2517.737568281152,2148.8188970419387,1828.599948025049,2567.3040419993204,3718.259629730705,2593.1057109846615,4387.923446963071,1519.5694537557513,3446.9575494002224,545.728862165965,3481.996902677227,2642.9895567994636,4103.631004163112,3230.2265463187377,1506.1218023435779,2307.1716979631487,928.2523602562204,2319.74827596052,1201.1739745696063,2030.5481912920754,1469.9203632255933,1772.483519913119,3662.2124191979005,3765.9544529684736,3518.846013672502,1550.2977818397371,1157.5525659839248,2932.074196904308,4888.029665298946,3382.5629614079626,2440.882818769816,3836.971626741444,1770.6009161223906],
        [2335.343198556051,1283.2855220347162,2125.278282377268,3327.479315135008,1818.6977545630755,2131.969089315689,4044.5945048189865,2064.455985234014,4777.996526309066,4187.614644440571,453.48177724042495,3114.790733838116,3120.117351878671,2893.371908343766,1588.1974778621625,5116.896271211109,878.051686523991,3848.1001180528647,3261.978292310159,4473.782357458175,1176.877782901468,0.0,3060.845852155036,1421.8883989699002,1172.0045459708629,3834.974796521028,4486.621109496757,4598.836079112628,2978.2091748997295,2134.862585837483,2503.4916281406317,1944.4886193889954,1688.19184716005,2054.9687722495114,3068.2278534970383,2584.1324647405113,777.0283762139563,4773.660661102544,5061.79412314813,2863.457546128929,2941.0342748973308,3164.404006469743,3015.346423554622,3933.924947777132,5141.472487584609,2890.627472317081,4156.924121891707,3847.975147248678,2461.315241821617,1301.9406292321355,2536.9118340301284,1802.5635720567432,4251.468081408891,1787.2427626513027,5231.050821099985,1637.4979081341532,4276.222478559528,1632.8048473410652,3960.070014415028,3160.1936488758715,4604.202621214823,3853.804346832361,334.9796932972884,2363.526215195433,249.51717480977598,3373.261973688115,1849.2523399618792,3207.003237913443,2097.291060518521,2071.8625174954714,3988.4191118299145,4009.9741417767686,4568.22686792108,2724.343689063603,2333.937354976938,2543.3422389669104,4868.770927497341,4385.802074007691,1893.4704144114378,4454.9997550105945,2335.343198556051],
        [1795.03116906649,2226.3587929612218,1066.6552642063405,1186.9304800555544,3278.5130564491105,956.9252392370317,3879.465326914599,2357.4833223905966,3187.7427683305277,1136.4495154162614,2958.4369618917,4864.12459754208,2656.601999250646,300.27875415006247,1497.133330918783,4051.368208504289,2535.8437956469347,3644.9823454852212,1171.4099616215965,3499.099023569321,3150.547363180201,3060.845852155036,0.0,2874.5573873205085,2539.851712826588,1212.8279122391,3800.625975500316,1647.2398277115253,3583.96294170018,1632.054506679432,572.5505696947396,3571.855671363445,1401.9191371371144,3919.0884647903995,813.1921006725297,2695.239681352255,3233.1868950029743,1749.4316835807876,3865.6600984447273,4483.5374255658,3786.4884562200846,200.85358895234177,4977.0278667250905,875.2376547730549,3397.0603204276877,632.9388482960834,2091.407612538565,4342.436971669939,635.3029046299,2162.022388527863,2063.666306653734,1864.5609757648745,2096.177249202883,1963.2817625246942,3693.6603489591485,1631.6929616216146,2976.342549775542,2962.678083519548,1776.7566518188214,1588.7981682365871,2260.151025455974,2114.9330227473097,3047.449949028028,857.2214790536002,3023.6048082425973,5107.825030215521,2154.321102950842,4120.960668195961,2005.4210910388467,1463.4741329061444,1425.3661614391785,1266.7491394128544,4034.142256575249,3743.0909191352125,3669.3121518580706,844.3061854153556,1808.3803258934906,3695.251755166446,1421.6191015481047,2455.901641919563,1795.03116906649],
        [1384.615108220593,699.653428706197,2353.307342674641,2601.899687568219,503.952206830758,1971.9634718239838,2629.4235590509234,849.1165005796959,3582.573254336106,3850.1179648503376,969.8940334497152,2113.369148875933,1822.1821858703624,2608.6120987249033,1555.3072795231305,3776.2003913833887,1964.7202353476202,2440.5752535965985,2538.3267508326894,3148.872578177009,407.4668150514931,1421.8883989699002,2874.5573873205085,0.0,431.83359506591654,3195.0386138158055,3111.2311572497347,4076.4199901137645,1562.4460889479858,1351.1571182232017,2328.0270146264206,761.4402671737032,1612.4076548577507,1067.781076623196,2503.921582637938,1236.7706592991674,808.8534524995148,4332.946159827508,3748.893925592523,1767.6667887022436,1554.6029558076934,2888.368814891622,2155.666007933354,3646.0660048720115,3964.271025527009,3008.3109771734553,3201.503508625241,2447.975737433803,2252.2255717820863,2171.5632862929433,1424.0258576571357,2534.685722390168,3318.1404352104805,2575.602379327895,3989.0557070549203,1269.8062442853095,3044.9597496188785,217.76829722062774,3088.2425024081977,2250.4653558314203,3705.172138847912,2825.217411772061,1728.1775443715717,2019.1206127619268,1177.1039420410739,2375.891151721946,821.1546212054205,1851.737561988948,1081.793454098249,1446.0159564039689,3287.927998198663,3404.6833165959606,3171.0800104546033,1360.4706855714637,1037.8615060496459,2751.039422782513,4570.343645157888,3015.565944719441,2334.833115543445,3431.191504787257,1384.615108220593],
        [1267.5472826650011,313.58074996868265,1941.2820130580537,2420.5314217213827,935.4136530295493,1606.7476313010845,2903.8010582904985,896.0714689250174,3640.5978379544595,3566.264313098985,759.8170348150963,2539.202501865038,1949.7086436608097,2290.832634950618,1149.6356405192496,3945.08833924524,1577.5767635244654,2697.691537044638,2354.859950121109,3302.750756964261,610.7080425358876,1172.0045459708629,2539.851712826588,431.83359506591654,0.0,2993.0901698436396,3317.576333215755,3847.1591231535194,1914.1558018276087,1147.8137837534102,1977.9727993532756,1189.2353772783595,1215.925714848757,1476.301220055998,2263.0477934849428,1415.0953914371617,797.1146918011481,4082.0453069055698,3892.7567308294633,2197.9480008318483,1942.2475647598962,2574.593899068749,2566.7201132649584,3347.2021050385433,4012.404131709561,2620.7935167367327,3126.6997141086986,2814.381315439361,1907.1113242025115,1751.316323138565,1406.4214903603095,2103.726259140127,3234.3207983634334,2146.065994688541,4079.286839552562,908.9979707767922,3124.7121267881316,627.6089041952926,2974.45191643909,2139.83374421167,3609.7591839051856,2782.4174471042465,1437.9792178314744,1698.0919294228067,953.6500902086716,2802.7204515731237,718.0148110370169,2253.54704326369,987.6183404915676,1182.9493308717924,3108.801629205718,3193.9997688024587,3407.240762748758,1764.3607594732498,1465.1470740571008,2347.8243179887368,4283.533838537755,3215.8495146862356,1906.9161724453816,3391.718250740416,1267.5472826650011],
        [1827.567658938784,2711.6515383890737,2173.5717582364455,602.7535507029155,3461.2256847404774,1781.6145247917398,3260.1722719327036,2437.397422004557,2108.606840239205,992.4373693759325,3608.8867051309676,4866.738690579024,2212.6610727607613,1133.2343622708581,2277.4052826078537,3068.2571994461596,3509.847764458093,3051.409309874512,662.2630215496199,2611.381477770036,3559.862421998939,3834.974796521028,1212.8279122391,3195.0386138158055,2993.0901698436396,0.0,2984.2345458972727,905.7508715192446,3343.522796391141,1853.374491190789,1503.7287312541096,3740.517158827096,2179.4663385739327,4104.813422225174,767.1475310589739,2517.84415871435,3780.2561305980203,1214.00875810491,2855.1634925039443,4482.913585225971,3599.2938141137015,1012.1139886892431,5054.089047862391,995.2172147350065,2255.9558673402053,1839.4463208882012,976.1852228139223,3916.0348221826835,1500.4031711637704,3210.1817207627496,1923.7587644940618,3003.107046260176,941.7748433066122,3104.1204416863898,2590.5045610278266,2207.750064022539,2038.2918303927377,3201.105100020837,675.0461656477571,1078.2773651690538,1049.4770331348634,1170.281438598793,3908.408705321318,1494.9482090396466,3730.0793883340693,5077.773588842739,2374.7231998694006,3897.5024554617685,2126.360369709741,1818.6228560671502,212.64360832621483,218.39148750320135,3245.781651549318,3634.9771741156846,3702.9764649688314,2044.4174030665117,1601.006456101427,2892.121076500888,2530.840579156539,1314.1248051307105,1827.567658938784],
