{
    "drone_dist": [
        [0.0,377.49998194966287,410.4377330764264,1062.1833970821529,2706.939600078988,501.93252610818047,2674.923027056737,2523.718465974593,3488.7626413064577,3748.3184610185963,2921.122407159122,475.458400845525,3311.386831416682,3739.7423289457565,3718.5704682997675,4016.7255447001467,880.1531092548798,2254.3372866680356,3297.9137286179275,1284.4782799308043,2484.1082760319255,1726.9110366999175,1379.729895723681,1852.27986011312,2729.0601864922996,2863.9413742676925,2615.537636261485,2880.08866662708,869.7769441380865,3921.7444265760428,3955.1629695597157,3193.795291642538,3580.278513531739,3797.8048673530343,3268.1267757613045,2630.895162119705,1499.1165677541044,1699.7768867541147,1338.8800981566405,2330.2984974560873,3383.60695454557,2303.608887406866,3602.914790680588,3231.840674735969,3258.18884508784,4185.930434846567,2316.5738528122583,914.9820183797764,2856.9874891183376,2698.999527089284,2013.7323250916038,2562.2372441295443,2432.9398804683433,810.1031633330953,1863.6297345929636,1030.8232462783424,3485.7788789252118,3416.215838764383,3771.984666420513,1747.2292168983079,2323.247782038756,2846.860735311174,2432.79440272251,2510.736337467596,1942.0443941569017,820.2838250080837,777.0397807404983,2732.592632606797,3207.8997857305167,1078.2615474446648,2279.1575826729418,2444.410445403288,3222.215564206761,1238.6705858894302,1646.5699137269391,1087.830368086123,638.4457391944559,3006.0539222319712,3913.6459571815462,2450.451808618641,0.0],
        [377.49998194966287,0.0,769.5520076627419,1376.8099357242943,2406.1185581526915,351.11853528841203,2316.0498378797765,2540.162972027796,3391.5435158690443,3709.7888774368366,3018.611656744657,270.47764588963366,3253.6708905624264,3367.516870209969,3370.2148776117274,4017.4117223718636,777.729618664687,1894.8574019848302,3136.203520902075,1366.340124307348,2199.3273918385594,1979.4499797372948,1753.4510339419307,1476.5400587872703,2355.642137183802,2626.644142335986,2331.6389048308533,2817.8907244171005,1164.2425807422208,3568.8093924873956,3590.353832598271,2867.50392417202,3613.1054500538917,3792.3278064460333,3126.8991370832346,2771.8740910792976,1429.5557368105353,2077.265536831535,1369.8416408926284,2334.5963755811704,3009.599858477456,2380.7801288957335,3575.3058943784367,2910.626047963011,2904.3033382097683,3844.6639512334086,1946.9035919285848,1277.5422451992144,2479.9334078076836,2384.927717345697,1679.483835626911,2540.589745616584,2087.7116086091114,1178.841436370191,2200.4647236555456,1049.0281172903824,3214.207750609661,3147.2201938872954,3736.8248627929283,2122.2269162384587,1969.1911735291726,2470.661389873569,2099.8892884521606,2390.987757166316,1735.8439769786414,821.3596406432669,1038.783364163669,2356.539223130321,2902.097138372438,1419.898583457914,1918.0064078081007,2113.030111494449,3232.6599189336607,911.9210875480576,2021.0861558527665,1285.1117897274912,546.0775227085051,2964.188464601485,3543.1241899503098,2075.345042921635,377.49998194966287],
        [410.4377330764264,769.5520076627419,0.0,671.2901150212127,2936.5845897918907,899.3420646205304,3081.851460546401,2393.05042671348,3463.622153197319,3655.909202731359,2698.850425662645,882.6790409148068,3245.3193772442373,4086.7534879757713,4012.933502534648,3880.049339548554,991.7457079490102,2577.903486690101,3348.4144470975875,1478.5866194136831,2885.144384815626,1376.7402431064663,990.7723668658427,2217.9461428857835,3082.583395182461,3010.44964224717,3016.0091472833255,2826.1915997294714,508.9680336723846,4223.795454267603,4281.913815115262,3454.961534982785,3414.8595156546876,3669.7711168396113,3295.563820458801,2370.132514147084,1802.5982111633004,1336.5484997162307,1574.6710980792454,2217.747466848865,3737.3938890606446,2114.558796185354,3500.525679780307,3485.0880461665815,3564.8086722247554,4465.926363075781,2661.3095034170724,508.12577401265463,3240.639097239377,2946.960400897635,2424.1665379237284,2471.3675927534273,2842.9494869880637,411.7802543740439,1454.8322130655245,1298.599372215096,3668.039648755995,3595.7735932816972,3675.700517955583,1416.4454126165424,2731.638767843312,3211.2137536857117,2843.163531009076,2528.519995321875,2073.859714632856,839.5785035149602,472.5690858679136,3121.076862148957,3439.082966461886,669.7108971226668,2605.709385356252,2854.711793466431,3084.676350909399,1649.095853119126,1259.344656148842,1172.475699206328,1006.1101986946026,2927.7399673151485,4255.169375953043,2810.985134826538,410.4377330764264],
        [1062.1833970821529,1376.8099357242943,671.2901150212127,0.0,3176.3841175466214,1562.5464835964092,3681.128496040617,2066.0203535835435,3264.8281966064883,3344.762647468114,2211.661698273776,1536.7622762701283,2987.370703479398,4520.980414786063,4343.57382143939,3495.6668158136504,1246.2592154286112,2992.158153299145,3276.275277871896,2078.4796387792244,3546.2309654646165,739.0597475526502,696.3294940086631,2720.556155028945,3543.4598588110775,3108.5518080056113,3677.7038075701985,2603.669089378901,226.7157169934573,4566.120470465637,4672.149732596436,3735.1822636015554,2996.1511100201146,3302.821013308948,3187.451583315651,1834.0559457127442,2456.64544010446,1088.391339232615,2197.537083583835,1931.7445605409725,4189.879280880182,1706.3948683434176,3177.4997036036784,3750.593422335306,3925.8217732528897,4763.1983307735245,3112.836143124636,366.79712549697336,3766.5733875816095,3217.6455743405236,3055.985366819454,2205.7830466193886,3463.3547249539683,458.8400310280702,834.3805402535235,1944.3176771306917,3806.1805871181296,3731.1189855359603,3358.009666728536,1267.641377759501,3340.308099299094,3692.9949572076202,3476.393816930925,2438.3736346646083,2198.7857927433247,1022.7390704750701,387.73827084950005,3660.472318585428,3667.038124485378,180.9472556734195,3024.626891618866,3489.299654592712,2717.915275158978,2285.0620188804455,914.1061368199967,1710.984969080109,1677.1807871390035,2661.320120823461,4676.086446741535,3290.8633844573,1062.1833970821529],
        [2706.939600078988,2406.1185581526915,2936.5845897918907,3176.3841175466214,0.0,2657.197942066118,2336.435663312747,2361.4906192115545,2118.8768500188703,2725.7366738379806,3100.6434476994377,2577.558005286913,2289.4375678066167,1747.0611539310776,1246.0931749242625,3208.2062000489186,1966.5511719443007,911.6853350267108,1512.7943332833393,3655.3964849491595,3084.3639841181403,3281.382404099889,3823.519591952584,1432.2755239794658,1262.3056223100466,666.9777163168136,3170.8377218305804,2013.6418541512182,2974.7581933833144,1479.7338854584302,1707.1815343533817,582.6118008521998,3110.5152631764718,2998.3476729874947,1650.240053071424,3193.6340453591515,3453.992167999152,4211.769695658718,3590.5325463913623,2207.8184733977064,1581.873832688855,2624.02276406268,2699.6137751598185,580.3176660691752,972.2074054560509,1602.171818619782,1111.2084361392522,3329.43999795081,1783.8505259370045,154.75490241735238,2427.610618642308,2139.0432072305844,2451.71279763705,3289.955749236486,3901.077410224934,3304.508235652102,867.1208837636775,815.9831487121218,2767.201103517844,4333.373949410007,2282.080323645469,1455.4245754251256,2605.436699617137,1480.1822344630782,1032.7909013586075,2170.174004381493,2814.637544645708,1831.1253527013541,502.69477336273104,3326.3037272459737,932.3322292752428,2628.2480920380444,2710.3235767900837,2347.5675492772384,4073.4419235911528,3675.2602752719845,2815.397778375831,2220.0960630512095,1821.1549031273214,1304.0087953846353,2706.939600078988],
        [501.93252610818047,351.11853528841203,899.3420646205304,1562.5464835964092,2657.197942066118,0.0,2241.9035191832795,2886.816346580676,3738.8572749346795,4060.90736493672,3347.866473000567,86.68238854744389,3604.481310159158,3464.0539911167984,3542.746956247182,4366.880983389711,1128.8441191896598,2054.661962120883,3469.5485751047518,1036.6195807833433,1985.8882024577165,2224.8647916147875,1813.2724785007567,1571.363952856125,2453.254968749801,2927.916640570736,2116.8771035911104,3168.6574051253224,1371.5768812804708,3729.8871280390194,3717.5532981589627,3082.50086797639,3958.367283440458,4142.215462003487,3466.0701506980167,3084.7495661335574,1081.1974689138478,2091.002884684233,1025.3786478198015,2682.5259148619507,3097.4166537548163,2714.6842282020307,3926.2642247373824,3132.6211579087703,3067.275473255155,4029.0747550642595,2070.049844777647,1385.9186176505539,2504.7041760460943,2620.712703931203,1548.6442276382895,2890.9743209756925,1977.8085129335966,1271.6293425912056,2352.1179526090714,706.1498885763864,3487.858055157304,3423.325607475794,4087.9297975757554,2096.2954038293537,1883.5699302168266,2544.015978624213,1962.7732255377825,2736.208858896125,2059.343694010137,1162.3677399935598,1273.224076849033,2367.915462274942,3143.739857789557,1568.230220761769,2072.550007235176,1972.7865273303876,3580.748606219696,781.2381858970496,2072.411893538355,1022.1370374321675,195.34603495832997,3315.3041533935852,3647.4858325389987,2164.190730067781,501.93252610818047],
        [2674.923027056737,2316.0498378797765,3081.851460546401,3681.128496040617,2336.435663312747,2241.9035191832795,0.0,4125.188991343383,4352.74957254136,4899.88807171109,4803.209195145626,2227.1146160944204,4425.301524672334,1771.629120769838,2316.93260727713,5343.713862339495,2647.7413671436057,1457.7224818302507,3806.081719350159,2707.979715950721,972.042666314466,4199.579753834006,4046.606105177348,1174.6970039487394,1152.6638003839182,2973.1984887459594,995.439319572442,4050.6823759625167,3460.3289705078428,2383.7050556852255,2156.9283379237518,2306.408747787716,5112.081584161514,5116.76690798946,3913.068538163617,4705.014004922684,2202.2673187279515,4332.807603431027,2546.8136627542176,3917.130008785799,1443.5040319769107,4180.427368578436,4831.547992246077,2394.4981018338954,1913.5810707833107,2786.515393192427,1235.488407872227,3589.297866047541,706.2751285620168,2193.5621392321805,741.8388896021602,3990.750827480753,335.52002839365923,3484.7149432584015,4512.120313594278,2435.3150251798234,3095.433645252495,3070.815892401629,4938.55717435781,4329.417864063409,360.6944198929362,1029.9637490812859,474.8208106729206,3476.76811014888,2679.647915706839,2847.210232759075,3317.335873287841,573.543490828962,2561.847017576351,3735.274945452446,1427.7666225547678,487.9314813119048,4690.533509955951,1461.762095283491,4309.522913025038,3000.976581180041,2239.04120927027,4254.454154251288,1964.8928698604818,1032.9504974536228,2674.923027056737],
        [2523.718465974593,2540.162972027796,2393.05042671348,2066.0203535835435,2361.4906192115545,2886.816346580676,4125.188991343383,0.0,1275.5794459586125,1280.1870204153124,739.8508839641265,2810.0909777435595,942.0714054690877,4097.944038204221,3574.123348005021,1493.681524115135,1777.5028921298697,2815.9800682391674,1535.995163358729,3807.3040159904926,4467.992180802841,1613.461396900678,2716.466083832839,2950.563762742237,3393.6423087765743,1877.4697618809182,4592.369137515415,644.3837787135448,2016.3861302820467,3804.477862021979,4064.8694951145753,2907.6975159218796,1074.8725750245258,1278.2128662916787,1377.8784028361567,898.8342214481465,3968.0027867107033,3074.352711984768,3859.124194823686,214.84345068142557,3886.706985476964,438.2657680382005,1116.1423516268928,2872.2883220858616,3331.7527672626684,3826.4478819566975,3034.475384781613,2413.386621662346,3838.776297654076,2489.370922352006,3800.7068236749083,257.21685026979185,4065.906462829328,2468.42108501193,2342.792516489155,3544.4720526004035,2528.126158030007,2458.964324752837,1295.282723075625,3287.9384646767553,3893.9499365777506,3594.2612308662774,4161.3269702000025,911.1337073737219,1491.0897835802189,1727.0541360697339,1952.8482934266829,3811.63042325561,2687.44165378787,2242.6660880164363,2854.7438609615033,4181.895195466535,698.4973833290043,3225.2760557381594,2860.32541298345,3557.882395784754,3077.4149187031812,621.9910684718614,4181.703667136456,3272.9865887739875,2523.718465974593],
        [3488.7626413064577,3391.5435158690443,3463.622153197319,3264.8281966064883,2118.8768500188703,3738.8572749346795,4352.74957254136,1275.5794459586125,0.0,635.7336084605798,1714.6125748810566,3653.7220361323407,392.4440344807973,3780.989091852864,3083.9852249453484,1130.8751325544395,2626.7580637670867,2900.829893437716,645.1612764845645,4747.091313038676,4930.556087949012,2883.837522198968,3942.8289769936805,3252.23648967219,3367.4548560001176,1455.6960944218142,5039.785699318663,662.5501464499614,3174.3421753762896,3287.6664998436395,3625.100498627332,2497.5972883440913,1226.3867352782358,955.0389174900951,474.4692633390077,2064.3430996757315,4786.184343523279,4314.793940956909,4761.294677787177,1349.6771120848807,3678.6418210783936,1712.1309112160957,673.7618408413383,2429.7295010010985,3010.921169829402,3178.6114314173797,3128.806506503985,3587.3796775979768,3880.444462327941,2273.458564094315,4239.577998049176,1074.1133637281885,4392.143828551447,3622.3774867833845,3615.5567864130808,4440.365165160066,1820.547908533571,1775.1366916199015,677.6407394870853,4518.716355285767,4214.251200272476,3565.831598552047,4522.960499961072,1007.5853497947189,1790.7998371222127,2672.2472597163237,3078.080916408939,3906.1120227546044,2206.6269374824587,3445.4693561860236,2933.613582114224,4545.520030549186,980.2050799710588,3849.5168573413976,4107.072946309538,4572.888756096704,3933.849489324944,660.5454231860584,3806.043414328551,3354.7738860848854,3488.7626413064577],
        [3748.3184610185963,3709.7888774368366,3655.909202731359,3344.762647468114,2725.7366738379806,4060.90736493672,4899.88807171109,1280.1870204153124,635.7336084605798,0.0,1423.0422148501825,3978.9387463815497,481.7649474085726,4410.275257485628,3719.3987035625,495.19081788113294,2932.0727155264785,3463.261064472259,1280.4751882263238,5030.063855276032,5417.288675019101,2841.7662261065734,3984.754061650781,3767.965843426883,3957.761422077855,2071.04441045637,5531.984525267892,905.3108729765994,3295.672189787543,3923.3997812781604,4260.061145654627,3127.506520746855,704.8502064026959,336.49538699135593,1104.4391398279492,1839.1919644253796,5133.274589132763,4332.059387721168,5065.370045367793,1438.9823841576115,4297.49019514377,1659.432145822089,175.85011385486226,3061.335152345206,3637.0728570010565,3810.3523108455315,3692.777019086957,3693.5488241678295,4463.2554817768805,2879.296147505328,4728.041723001653,1187.9239610646896,4914.499147926436,3748.02475614275,3550.2403809577463,4745.876622785569,2455.021803590183,2410.505183739691,42.078564176267164,4551.512776548951,4736.636848265772,4158.43969169178,5036.649660733239,1443.0813972779536,2260.39151082138,2931.1257108304976,3227.0514083412672,4478.84538527602,2839.09721515649,3520.330626078442,3497.871348499031,5058.830817957095,674.6865837180535,4270.555821310515,4113.620071859119,4808.766777487081,4255.671512797026,745.7020479043214,4438.921505876115,3924.378442991847,3748.3184610185963],
        [2921.122407159122,3018.611656744657,2698.850425662645,2211.661698273776,3100.6434476994377,3347.866473000567,4803.209195145626,739.8508839641265,1714.6125748810566,1423.0422148501825,0.0,3280.0024704576736,1323.1576989222087,4837.749653087226,4307.217928643408,1377.6741497233263,2310.2009087183405,3536.3997702400875,2145.410705672542,4171.661103959079,5073.377054533225,1566.1120741373238,2757.6054091822984,3631.052693660485,4120.427092610963,2598.2844107826595,5201.230973960511,1237.8028305716346,2238.1630032734133,4536.491878549512,4802.377270787696,3642.783057263938,846.9056443675731,1238.7117274782881,1965.5845415403114,436.629246511469,4414.069139531401,3061.5702091872654,4250.853637131878,915.6321395091613,4624.107292777381,645.8916639352433,1251.2499292535538,3605.026102060843,4071.368555898705,4544.439177439893,3750.7483346455706,2578.4307158629213,4553.737566844143,3229.167211456795,4425.6528129735825,968.7413342096819,4720.08929053168,2662.0416635510715,2212.783629044872,3950.366070884875,3222.5158145968,3156.3478893912325,1415.5778861538815,3293.7799244832463,4552.336721129485,4319.758036596347,4804.067571090318,1638.0710127832388,2215.812379767747,2201.5499287887924,2227.6298023310155,4518.914303889435,3415.494683170859,2366.1294270794956,3575.376782620827,4823.741995332563,766.1232648304967,3794.450054647378,2836.8512156243532,3864.793828132494,3527.539577346849,1102.3383948208364,4921.249625018103,3988.038151281215,2921.122407159122],
        [475.458400845525,270.47764588963366,882.6790409148068,1536.7622762701283,2577.558005286913,86.68238854744389,2227.1146160944204,2810.0909777435595,3653.7220361323407,3978.9387463815497,3280.0024704576736,0.0,3521.442719557091,3411.9478956685484,3476.1126370195093,4287.888803186386,1047.2548584452752,1988.7605708182828,3382.891940036881,1123.0597572954848,2009.7223374358994,2184.265637938649,1820.5060247008219,1516.270707416308,2399.7981796414556,2842.683697713749,2141.3607537875737,3085.570214691287,1339.213868167211,3665.4322937160587,3659.506558588019,3008.4204328409674,3882.6021159577685,4062.7744475582726,3379.6659724614788,3023.236388504812,1159.0837309698845,2110.2754051849797,1111.649501720583,2604.8660821070557,3046.769342945254,2644.6710530924124,3845.1399499973445,3057.471306613208,3002.0357335230597,3960.576171050079,2010.9022620810179,1379.1197599028158,2466.809599814655,2543.1891959208388,1546.8487362616688,2810.9242250517514,1971.7168437395799,1267.9768876185171,2337.486560506277,792.6841377141712,3405.61957570566,3340.7783532601024,4006.188600411968,2124.983787028789,1870.815133757977,2495.673897922011,1964.0659554899626,2650.6116035867663,1972.724603425466,1088.4020464789864,1233.082749948796,2332.7931178579133,3065.6550603915825,1552.2181741170155,2007.6149606084703,1974.9760957743047,3502.983075153201,773.245579280472,2082.524278589139,1098.8201329485044,280.1739938155415,3233.453251457023,3593.9276117792538,2111.9782333675525,475.458400845525],
        [3311.386831416682,3253.6708905624264,3245.3193772442373,2987.370703479398,2289.4375678066167,3604.481310159158,4425.301524672334,942.0714054690877,392.4440344807973,481.7649474085726,1323.1576989222087,3521.442719557091,0.0,4002.699238043341,3343.944554904015,926.5060328862282,2477.2117931959297,2995.464908672477,938.6705583012707,4587.658793572361,4935.5285738180255,2554.1542888011827,3650.84745915325,3288.488391561565,3502.9029589211773,1651.2443151701812,5050.289982303225,435.90033695479116,2916.6035671278646,3556.851560526616,3877.7508132982057,2726.5550854131384,882.5658879197448,709.7019164286169,748.1053735015978,1681.6673210470187,4671.590368044731,4013.4672052140104,4616.071125548401,1055.690696101663,3869.6034506649203,1367.6593568143032,412.5270485741602,2666.3242832641404,3224.25348308047,3479.5099344979794,3225.0797935747587,3323.8161579933453,4002.9079620178336,2441.016216164988,4246.330085124886,783.6397041177595,4435.185268800134,3368.6663866552713,3281.062279958572,4295.648850597754,2116.296390379537,2063.137787562008,517.6640183564522,4224.403638761867,4257.412933527753,3704.696197454567,4556.288249283481,961.5273551762047,1778.8209178995262,2491.3030189283177,2834.236008722566,4013.4743121599317,2448.890058550028,3166.4355462178887,3030.7062163089354,4578.42546491541,591.4302353246504,3793.0427136927474,3800.8089263475813,4383.2580815773235,3799.6883488542594,326.11094317965376,4043.6005033521687,3458.5334913951765,3311.386831416682],
        [3739.7423289457565,3367.516870209969,4086.7534879757713,4520.980414786063,1747.0611539310776,3464.0539911167984,1771.629120769838,4097.944038204221,3780.989091852864,4410.275257485628,4837.749653087226,3411.9478956685484,4002.699238043341,0.0,806.9796966802314,4902.62143258776,3284.3258730515786,1528.9236308265165,3139.9337002739285,4228.282592753381,2743.5459850935595,4807.27336211257,5068.528974267136,1897.082495915027,1013.1358983474682,2351.7036296029455,2759.6601294407747,3755.6445307687977,4297.423142139736,736.1548367902436,403.4658352366756,1283.4118412555388,4846.61447447857,4703.997020159887,3307.2546164077125,4899.857842051398,3812.2959780096853,5423.17857278953,4096.93744307525,3933.158357422862,372.17636364588293,4328.128907772024,4405.4479168218595,1353.5517191239542,780.2369702786071,1130.5286004126533,1425.5636823326292,4566.094459884996,1105.6398568893826,1610.6914540259359,2362.3474026016934,3882.3883337332422,2078.882989302691,4491.6407229800125,5326.890568768099,3902.856130838153,2048.654250086093,2067.3708928118363,4452.322656631444,5486.372649945892,1999.8853494056996,931.5197083289557,2237.9518068677676,3227.055805540027,2670.7977985909147,3512.4622942597007,4133.775580441453,1265.0507176959034,1578.3862778935518,4634.8613009714545,1496.380953191779,2253.7610832408845,4452.653599665663,2806.928905546615,5335.621830360987,4419.851911328275,3545.77608427196,3960.128788467942,197.33910724214172,1300.0291183917907,3739.7423289457565],
        [3718.5704682997675,3370.2148776117274,4012.933502534648,4343.57382143939,1246.0931749242625,3542.746956247182,2316.93260727713,3574.123348005021,3083.9852249453484,3719.3987035625,4307.217928643408,3476.1126370195093,3343.944554904015,806.9796966802314,0.0,4214.567327361767,3101.851347464246,1488.2104997610923,2438.93295109461,4433.193919786463,3263.2087877803046,4510.4931226062035,4955.558580500019,2013.7901869203502,1247.0458593743951,1724.6762896988248,3305.340652500213,3149.87671395412,4130.590347029936,233.66046251338938,544.6818179653159,669.9830078733025,4212.529173236533,4028.3468713758148,2617.702793560562,4427.837595946155,4098.149451527899,5332.6946510543075,4327.634382008538,3434.4876481290976,936.353760455085,3861.159282793699,3733.3053903092746,702.1965021212609,481.6324962838413,502.14756016034585,1507.105221666306,4452.357684115011,1611.1000028922763,1156.6834754248791,2755.472997575768,3338.628503633269,2573.719392611566,4396.444522454848,5103.79843382911,4088.6767076050583,1289.0609685592487,1320.3540340197894,3761.391183223657,5429.173825135557,2452.4559214837673,1301.5048647270578,2741.553842190807,2669.478302339783,2272.532612524508,3321.473760828829,3966.8428050862285,1748.0738193546629,901.928773162163,4480.31239434269,1471.6354791257838,2761.0168765429885,3839.060068149509,3010.357708954778,5215.047165530341,4551.817905293621,3662.1407072584147,3345.5243160926866,758.2422633225016,1509.0868856377922,3718.5704682997675],
        [4016.7255447001467,4017.4117223718636,3880.049339548554,3495.6668158136504,3208.2062000489186,4366.880983389711,5343.713862339495,1493.681524115135,1130.8751325544395,495.19081788113294,1377.6741497233263,4287.888803186386,926.5060328862282,4902.62143258776,4214.567327361767,0.0,3244.0580767704146,3920.3603881721447,1775.6573330384203,5300.714741344263,5821.6302575065665,2915.6326686443754,4095.1863161863207,4197.053468937991,4429.071297463438,2558.7933145647917,5939.480283546798,1299.3529329136177,3477.3086875316903,4418.504865159601,4755.094182348535,3620.4681751162225,531.1243817593255,231.2233392911474,1598.8114586092163,1814.3018435323481,5446.934334355373,4418.518121104043,5350.257156834987,1688.0879029420942,4784.294454888286,1790.5468531305949,514.4935133982905,3555.0687248596396,4128.046279216136,4302.32733172439,4149.930286502124,3856.283602583892,4929.369790080349,3360.941699182633,5136.056458831948,1480.3811751718943,5342.993247421704,3923.7671477711474,3586.8964902690677,5034.270515344376,2949.1141063036857,2905.224723073596,453.23950555259626,4646.730660928492,5165.713131232717,4630.70672141756,5459.354762287864,1868.0704914531793,2678.8140370308174,3213.806995952876,3429.6002365820905,4939.013906223075,3333.2403312938454,3663.7414219955226,3955.8548437955983,5481.229012693772,796.1779784261805,4638.611333523543,4195.2504040032345,5048.6243987854905,4559.482249649247,1104.9360854916333,4933.053466359531,4384.036084732611,4016.7255447001467],
        [880.1531092548798,777.729618664687,991.7457079490102,1246.2592154286112,1966.5511719443007,1128.8441191896598,2647.7413671436057,1777.5028921298697,2626.7580637670867,2932.0727155264785,2310.2009087183405,1047.2548584452752,2477.2117931959297,3284.3258730515786,3101.851347464246,3244.0580767704146,0.0,1756.7505765490273,2417.7808567216657,2120.3962226053,2776.410834585348,1580.2816014888,1861.2399094330217,1559.1797953069333,2325.4997945274413,2020.73563193744,2906.2606499623384,2041.6834141534084,1029.4384385044955,3322.5573449868793,3426.3953510480756,2507.617466466296,2852.37545089568,3017.8653947533508,2389.5797597190794,2119.1051555340364,2204.600926440131,2246.662521246628,2140.0538834834642,1568.0530449468647,2962.1371968143944,1664.4656654220792,2797.9091522040203,2529.6511741035642,2679.742546361122,3531.7561774996566,1894.6017188120454,1363.5993817623096,2603.227484893478,1992.0356816623826,2155.8075034120984,1765.0975142007865,2498.6857822664215,1324.1859420854967,2042.6318748890612,1819.2652308060615,2676.8638013858754,2604.3848737351823,2959.1010224544857,2367.541086678361,2345.854160816033,2487.8304842688026,2556.9647171818506,1636.587470197908,1085.4845050045699,228.30403645395302,865.3247126536129,2516.6080632277763,2466.546449450691,1378.4828583195815,1790.7292256496535,2574.6440330260702,2463.9077389378836,1485.442429234961,2116.4194901961423,1966.3640449327854,1323.6233919454278,2186.4600594434223,3435.156523183592,2090.2276071964075,880.1531092548798],
        [2254.3372866680356,1894.8574019848302,2577.903486690101,2992.158153299145,911.6853350267108,2054.661962120883,1457.7224818302507,2815.9800682391674,2900.829893437716,3463.261064472259,3536.3997702400875,1988.7605708182828,2995.464908672477,1528.9236308265165,1488.2104997610923,3920.3603881721447,1756.7505765490273,0.0,2348.5122277929913,2962.1709932060194,2172.941943739601,3299.2640124042737,3550.3667921086376,568.9683527858859,598.2038305529165,1520.0210440176725,2259.242319674056,2644.0971649727385,2768.880696264885,1677.468418829689,1704.2357185417886,1098.9029299155861,3731.465551499678,3697.210839834194,2456.3640009137202,3521.405721970842,2672.9549168420103,3912.8443065051783,2867.8281209866764,2622.5878041900564,1207.7366341191228,2959.9982758438277,3406.0063651859346,1168.9558188523397,1013.4229790693282,1977.808060028023,229.61758803735438,3046.358355891298,1026.3477079633708,788.1222940410996,1523.0209589734195,2644.3390830989238,1544.6483041546012,2976.9544311784384,3799.2554739737793,2614.028681879381,1747.3806518820393,1706.9680328926877,3502.860533151658,3989.5133489264035,1372.862708923312,789.3197008789587,1695.710118295601,2068.9120656002065,1325.0594268820032,1985.0377916265695,2605.0921388601187,1019.6740867532933,1260.2097930261045,3107.770155251987,39.09229644888216,1718.5703333861568,3312.352303216908,1561.802843594111,3816.111623421444,3064.6478354743213,2175.297844055215,2851.959511311729,1685.8921491224958,465.6005036688401,2254.3372866680356],
        [3297.9137286179275,3136.203520902075,3348.4144470975875,3276.275277871896,1512.7943332833393,3469.5485751047518,3806.081719350159,1535.995163358729,645.1612764845645,1280.4751882263238,2145.410705672542,3382.891940036881,938.6705583012707,3139.9337002739285,2438.93295109461,1775.6573330384203,2417.7808567216657,2348.5122277929913,0.0,4502.025587324898,4451.092623491929,3032.9903013201106,3971.7186230317466,2756.539258642219,2773.7434771892545,846.5541823944413,4553.141854222249,913.963839930361,3146.108892687904,2643.6029062186685,2979.9412346395684,1856.8190903630036,1821.0564757182544,1593.4322810364952,190.95458229795167,2420.574891765107,4468.796418360942,4359.742756092347,4492.554428967684,1518.6529097799416,3048.8519591537815,1956.6203882589314,1302.6790294788289,1787.1585779180537,2373.7843568192675,2545.646181122441,2571.5100377619874,3560.276605810919,3293.253827592869,1667.1589619530953,3764.484250347022,1283.793478681127,3874.9233150381965,3573.6846240261734,3760.057913096627,4175.277442528018,1183.0750709554204,1134.1336788580174,1322.4611225474239,4543.655506814127,3698.487844266705,2968.1171496729075,4015.0352484097793,838.1405763615139,1419.7437510211473,2515.6881863516764,3024.419154574679,3331.1506948398414,1563.3209676235022,3455.5968766794736,2378.356632376996,4037.8643433771144,1501.6097944149612,3461.1181535624373,4167.581759444538,4382.620395841985,3660.242479450378,1048.6921883641471,3161.9006934461436,2787.797328502975,3297.9137286179275],
        [1284.4782799308043,1366.340124307348,1478.5866194136831,2078.4796387792244,3655.3964849491595,1036.6195807833433,2707.979715950721,3807.3040159904926,4747.091313038676,5030.063855276032,4171.661103959079,1123.0597572954848,4587.658793572361,4228.282592753381,4433.193919786463,5300.714741344263,2120.3962226053,2962.1709932060194,4502.025587324898,0.0,2069.3177403379973,2816.821077163399,1961.3629286108614,2419.4099368030766,3253.2407705233354,3960.509857402083,2175.2008151917803,4154.086575420803,1971.992951230001,4599.766891732196,4531.156655933171,4037.397662310997,4858.879192205516,5082.206356215302,4492.868692671048,3848.712888423234,576.2012651294407,2059.369275846672,184.99839100370332,3614.7551185131297,3856.187930204377,3571.090038426528,4886.271111640082,4095.404569083008,3951.621159126067,4931.251660660273,2927.0365896375297,1756.984411848106,3169.2580148070615,3604.358095083242,1969.2852785845516,3845.456529086369,2383.321493245007,1639.328518535669,2672.487424401848,351.41314516995453,4501.552039158638,4439.232735349854,5054.354666125752,1947.7585339860489,2362.662522944637,3298.1824954850713,2296.1977742835506,3752.333860435119,3095.399780198014,2098.9547965899255,1950.849573814194,3014.290947227617,4128.602075086785,1993.0195433538336,2972.589097377091,2295.869807355067,4505.721371749547,1430.8031585015513,2150.7135381623493,436.085926144493,853.9034146054561,4286.308271901204,4421.6805945976785,2963.9362165635885,1284.4782799308043],
        [2484.1082760319255,2199.3273918385594,2885.144384815626,3546.2309654646165,3084.3639841181403,1985.8882024577165,972.042666314466,4467.992180802841,4930.556087949012,5417.288675019101,5073.377054533225,2009.7223374358994,4935.5285738180255,2743.5459850935595,3263.2087877803046,5821.6302575065665,2776.410834585348,2172.941943739601,4451.092623491929,2069.3177403379973,0.0,4178.757842723307,3751.5258032138736,1695.2466151235985,2045.7744037057332,3662.437889013304,132.3224379993676,4525.9209121045105,3347.789312526196,3344.6554888984124,3128.401670010154,3170.216568292163,5517.136197581874,5590.567576557441,4528.380935501419,4894.871404249556,1500.4041222024982,3968.827190953751,1887.7966301571391,4253.2726058473045,2413.201614851431,4428.8361508322405,5323.607160260974,3254.6085391219876,2834.349618251412,3743.492270357701,1988.4685722558588,3362.8847605100414,1666.0437672887458,2959.151457124966,691.0353119749117,4382.890201619726,689.8396630636521,3244.7738101935956,4335.381237804032,1887.130712547493,3908.7091190854667,3873.2682231120293,5452.831538687285,3914.4689799727057,828.0166446112872,1962.0727344666877,521.7574750770991,3974.595614435968,3157.745551033306,2926.1827435451046,3234.07234948652,1518.861613261061,3394.6814565264563,3553.246840686792,2154.1388395533963,502.1996615594878,5102.334244183099,1304.858665645117,3994.9934027881613,2445.5112355350434,1898.8392699611686,4716.695913009489,2936.3780797063823,1849.596460626825,2484.1082760319255],
        [1726.9110366999175,1979.4499797372948,1376.7402431064663,739.0597475526502,3281.382404099889,2224.8647916147875,4199.579753834006,1613.461396900678,2883.837522198968,2841.7662261065734,1566.1120741373238,2184.265637938649,2554.1542888011827,4807.27336211257,4510.4931226062035,2915.6326686443754,1580.2816014888,3299.2640124042737,3032.9903013201106,2816.821077163399,4178.757842723307,0.0,1192.1066644692285,3139.268164667124,3885.0841232646844,3061.21340036959,4311.0635925390225,2230.783563157769,868.4810299808153,4741.492296976689,4902.128447039856,3862.219422718644,2394.557530081597,2744.345680705393,2908.889205455193,1152.8946473112223,3178.828676830768,1502.9339609647247,2932.774331939576,1543.5787694649896,4505.316512901896,1190.057697583484,2667.490585671226,3860.519847498239,4139.092392881997,4881.793723293232,3457.507931145037,1085.6817845413723,4183.085017978854,3354.789108686298,3634.6503843471264,1813.8165056605087,4017.516532872438,1191.7362913881161,733.12408040179,2671.239267142664,3772.056701969223,3696.665586874369,2847.877883079178,1731.6370579185905,3878.1618157955345,4055.8798448255607,4051.763498412056,2228.4634763127,2250.0520099686432,1362.9774814360032,951.7169441347097,4096.628425910799,3737.9018364056883,852.0417023731646,3335.6000512942037,4066.8943782222104,2178.880482228231,2884.8833872270657,1280.1153355965112,2448.6606462610994,2362.8194397366647,2235.4116417399164,4943.140190264047,3662.6903961246676,1726.9110366999175],
        [1379.729895723681,1753.4510339419307,990.7723668658427,696.3294940086631,3823.519591952584,1813.2724785007567,4046.606105177348,2716.466083832839,3942.8289769936805,3984.754061650781,2757.6054091822984,1820.5060247008219,3650.84745915325,5068.528974267136,4955.558580500019,4095.1863161863207,1861.2399094330217,3550.3667921086376,3971.7186230317466,1961.3629286108614,3751.5258032138736,1192.1066644692285,0.0,3208.1188050232486,4068.6220403979387,3792.928327993545,3878.205200890585,3280.3527862460755,859.4448301791666,5172.4894228578305,5250.575578507903,4368.853169015421,3579.5844937028064,3915.0262133969004,3880.457895940697,2343.8584977727814,2454.969045299438,394.89614301554803,2120.0512005140345,2599.0987764271167,4722.767122914928,2327.410775012277,3813.7624377719944,4390.3553653700155,4520.269509551152,5392.23229264773,3644.53004046206,504.623365524816,4230.62290607236,3853.13011918574,3361.865791126973,2875.131118456402,3790.582533742674,579.6103178999608,741.8744382411693,1947.3712809814203,4484.880964723209,4410.217297423457,3994.9295910202677,576.1665525138429,3691.179775467747,4200.509214639542,3774.7426286716727,3134.0667439822337,2872.8538023848055,1653.3861610766965,1012.7918397065517,4109.501228891387,4320.384412500848,519.9177402820851,3579.795575550395,3784.1809929499523,3338.176817589351,2592.3970692039093,268.58920740494904,1533.1157043347544,1859.901151622519,3325.112851502387,5233.659267085057,3799.613371103045,1379.729895723681],
        [1852.27986011312,1476.5400587872703,2217.9461428857835,2720.556155028945,1432.2755239794658,1571.363952856125,1174.6970039487394,2950.563762742237,3252.23648967219,3767.965843426883,3631.052693660485,1516.270707416308,3288.488391561565,1897.082495915027,2013.7901869203502,4197.053468937991,1559.1797953069333,568.9683527858859,2756.539258642219,2419.4099368030766,1695.2466151235985,3139.268164667124,3208.1188050232486,0.0,884.0865881851272,1971.739411321153,1796.6854902098896,2898.663828322027,2493.847918921556,2183.4384676647446,2147.59876962361,1667.6897809426093,3945.323388132458,3968.041569543798,2838.235794396576,3547.094250664236,2107.3872023450754,3548.0757243186886,2315.8757889107746,2742.4462682071076,1534.953883363396,3013.149380934798,3688.652989683361,1737.8625727262195,1532.2114775004902,2512.390752141341,508.8608740994391,2713.2074322067547,1049.20122428021,1328.4282000977232,1013.5069743768452,2819.3966101328165,1146.7191703668277,2628.5087346051673,3550.772402169834,2075.536820487311,2291.0977019521238,2245.163753595065,3805.336327037824,3598.7608354531726,969.0416795665097,994.7898643473086,1271.2249734081438,2330.1105866631424,1519.7713595634489,1777.9109346306195,2336.094930619723,957.4303559358411,1822.2793712052444,2810.964053236737,569.8800122961775,1293.6899617230142,3524.074949176023,1001.2877102760783,3476.6751908297424,2554.3582364974154,1667.5430032697698,3099.0772941113255,2077.7960624521706,599.3224428413502,1852.27986011312],
        [2729.0601864922996,2355.642137183802,3082.583395182461,3543.4598588110775,1262.3056223100466,2453.254968749801,1152.6638003839182,3393.6423087765743,3367.4548560001176,3957.761422077855,4120.427092610963,2399.7981796414556,3502.9029589211773,1013.1358983474682,1247.0458593743951,4429.071297463438,2325.4997945274413,598.2038305529165,2773.7434771892545,3253.2407705233354,2045.7744037057332,3885.0841232646844,4068.6220403979387,884.0865881851272,0.0,1927.1897356231743,2101.9647847005267,3177.8498218396435,3317.8674491816905,1373.4860696750104,1278.937518797772,1154.061303406939,4275.020822854465,4211.208532152612,2904.8516757035736,4116.403930262805,2876.9570601326286,4417.795357485369,3132.794031850997,3205.0394298567685,655.0357568542838,3552.9300851099542,3915.42134851043,1242.4296769202201,792.4509173016952,1745.3945662242113,431.306529865425,3568.444728721844,523.2633030706041,1109.2110084408882,1508.7060911450903,3211.2310800788505,1358.9595862091198,3490.0453277508236,4361.772932784527,2918.99866988208,1954.2019121828635,1934.8664199920497,3998.48215751225,4476.239739470674,1221.3909241032582,203.02811608437014,1526.6290909861234,2608.400843859377,1904.673288984945,2553.1577498122847,3155.7799607023308,594.1028949600516,1416.5457104141376,3648.5045279012593,559.6356032271981,1547.5713240874877,3859.734955369912,1822.917002830133,4336.550669600567,3421.3970895196817,2540.8581340721707,3386.975580549756,1194.2673175469727,291.4079696796733,2729.0601864922996],
        [2863.9413742676925,2626.644142335986,3010.44964224717,3108.5518080056113,666.9777163168136,2927.916640570736,2973.1984887459594,1877.4697618809182,1455.6960944218142,2071.04441045637,2598.2844107826595,2842.683697713749,1651.2443151701812,2351.7036296029455,1724.6762896988248,2558.7933145647917,2020.73563193744,1520.0210440176725,846.5541823944413,3960.509857402083,3662.437889013304,3061.21340036959,3792.928327993545,1971.739411321153,1927.1897356231743,0.0,3758.050937788011,1425.5968591705403,2934.2081530701,1948.8740962796462,2244.0458184972213,1081.530226977995,2500.4591425613135,2355.080040543967,984.5912552243149,2759.427616347976,3843.6791702652386,4187.768142490772,3923.1996702288347,1763.025516860446,2226.449896007651,2209.963631148455,2056.1050856919096,1028.5566784266553,1573.0125090304477,1948.986548118965,1737.8994086640919,3326.6500598342127,2446.9641894830274,821.6351181526214,2985.1835787538207,1631.7864796202666,3060.3789292638785,3311.210224019687,3742.1205436733094,3617.3996080367583,711.0142877533594,635.5346166299045,2112.83261521418,4339.807175035483,2886.026654641453,2121.7901768510837,3206.531974038876,966.5763714834637,936.7614249483531,2181.3388103318325,2787.003591595587,2487.2560390101908,823.5492190385603,3276.0707234837305,1547.521018302411,3229.433308945828,2117.473637546713,2776.4281964678908,4022.6363050378864,3910.4183091284704,3106.6093514749427,1623.3121836048804,2397.59162470306,1947.9998608726123,2863.9413742676925],
