{
    "drone_dist": [
        [0.0,9.688927695960915,50.42675731779043,25.823804933977584,31.80900161067811,20.84626355739073,47.011039083482835,27.038222522179975,25.413547017411716,10.471577488127656,41.09307432869874,23.003747727136894,29.783793157263002,19.20136966805998,25.69048962872402,21.48059969245815,16.713946112947905,43.6908123788911,56.746506122842185,29.401056477908384,0.0],
        [9.688927695960915,0.0,48.03984056847192,17.20868348210706,35.82812324287006,25.834409515875574,52.640773562366554,19.069923606733703,19.77280800193758,17.406350699700997,46.776038515850914,18.692258674173363,35.90569884402406,24.067643289875328,23.88222609186025,13.729244924152335,12.402176489899542,49.32403808236151,53.94601525553929,22.53437411290802,9.688927695960915],
        [50.42675731779043,48.03984056847192,0.0,38.53353786848031,31.212635528806327,36.90516268662637,41.69338818206494,35.32864299482032,29.559822383507598,44.27067710299346,39.78854301903277,29.463617109963245,39.733092033141574,37.20774773809192,24.766948832928428,37.380871536502966,35.64103118726345,40.38852095033983,6.55854240304798,30.14614271672613,50.42675731779043],
        [25.823804933977584,17.20868348210706,38.53353786848031,0.0,39.176661253464296,32.70809682584784,57.0840031221208,3.234515359760184,10.269322739237582,29.11205200057443,51.77264580327518,13.057444628777587,42.82194930463023,31.217149585668096,20.361342695598744,5.078527154296261,12.938200739071233,54.01927993898469,43.30167143324289,8.437473372305524,25.823804933977584],
        [31.80900161067811,35.82812324287006,31.212635528806327,39.176661253464296,0.0,11.065083283422123,17.911011198430973,37.40483597507498,29.923320472134307,21.708159530806054,12.727120513215054,26.350094514960816,8.546471601485976,12.624101904658954,19.778588868625206,34.67573201483484,27.39229500860296,14.860356512030052,37.41667455654049,34.74181985967359,31.80900161067811],
        [20.84626355739073,25.834409515875574,36.90516268662637,32.70809682584784,11.065083283422123,0.0,26.811307434710315,31.703455342084236,25.222500196203423,10.6433451125113,20.941797967839438,21.34041758902684,10.380234957656116,1.766770180782412,17.1906337499323,27.74817909486383,19.87602641376984,23.491445213507532,43.44483325162458,30.46074675266015,20.84626355739073],
        [47.011039083482835,52.640773562366554,41.69338818206494,57.0840031221208,17.911011198430973,26.811307434710315,0.0,55.26104731716192,47.70050837746799,36.54409001301425,5.920795256837194,44.20722719978041,17.252713799909312,28.577544185139903,37.40274344871379,52.57757837302032,45.19905619832054,3.3297715339833154,46.6331632914179,52.369003505508864,47.011039083482835],
        [27.038222522179975,19.069923606733703,35.32864299482032,3.234515359760184,37.40483597507498,31.703455342084236,55.26104731716192,0.0,7.741406531798107,29.171598946561645,50.08946865500535,11.05604085287171,41.59083534322966,30.31266069857536,18.1041929413388,5.55777373564116,12.492512819237994,52.26424920650602,40.067810286029406,5.205862168977944,27.038222522179975],
        [25.413547017411716,19.77280800193758,29.559822383507598,10.269322739237582,29.923320472134307,25.222500196203423,47.70050837746799,7.741406531798107,0.0,24.752754932060046,42.64492509055357,3.8822627783529344,34.669940886607804,24.02109628690859,10.39175461711855,7.8430724238493275,8.743856967965442,44.757382837791994,34.95414851242637,5.25060665199903,25.413547017411716],
        [10.471577488127656,17.406350699700997,44.27067710299346,29.11205200057443,21.708159530806054,10.6433451125113,36.54409001301425,29.171598946561645,24.752754932060046,0.0,30.624912415813846,21.266838279527466,19.333414733016184,9.148447870733923,20.75824418831354,24.082935402713883,16.757210478680285,33.222172502870585,50.7959108785335,29.73446611149232,10.471577488127656],
        [41.09307432869874,46.776038515850914,39.78854301903277,51.77264580327518,12.727120513215054,20.941797967839438,5.920795256837194,50.08946865500535,42.64492509055357,30.624912415813846,0.0,39.04307098847656,11.355348614895352,22.70852296281362,32.49292377432814,47.158863843434645,39.65192901563942,2.5984096596911237,45.25167851907794,47.464872300938765,41.09307432869874],
        [23.003747727136894,18.692258674173363,29.463617109963245,13.057444628777587,26.350094514960816,21.34041758902684,44.20722719978041,11.05604085287171,3.8822627783529344,21.266838279527466,39.04307098847656,0.0,30.839655937725038,20.143268569262858,7.374098412279937,9.3369728240195,6.4984871793503745,41.20878653592681,35.26765685515315,9.127924634831446,23.003747727136894],
        [29.783793157263002,35.90569884402406,39.733092033141574,42.82194930463023,8.546471601485976,10.380234957656116,17.252713799909312,41.59083534322966,34.669940886607804,19.333414733016184,11.355348614895352,30.839655937725038,0.0,12.083232902711202,25.41190970348155,37.93898394111733,30.126102963419303,13.950762857676677,45.9608263732677,39.809497843953864,29.783793157263002],
        [19.20136966805998,24.067643289875328,37.20774773809192,31.217149585668096,12.624101904658954,1.766770180782412,28.577544185139903,30.31266069857536,24.02109628690859,9.148447870733923,22.70852296281362,20.143268569262858,12.083232902711202,0.0,16.48948929683228,26.225413416459425,18.3331190543858,25.25802701729437,43.7628041322784,29.27058345063251,19.20136966805998],
        [25.69048962872402,23.88222609186025,24.766948832928428,20.361342695598744,19.778588868625206,17.1906337499323,37.40274344871379,18.1041929413388,10.39175461711855,20.75824418831354,32.49292377432814,7.374098412279937,25.41190970348155,16.48948929683228,0.0,16.66972911551123,11.73436640516539,34.522955538621076,31.056066387771498,14.981106348944346,25.69048962872402],
        [21.48059969245815,13.729244924152335,37.380871536502966,5.078527154296261,34.67573201483484,27.74817909486383,52.57757837302032,5.55777373564116,7.8430724238493275,24.082935402713883,47.158863843434645,9.3369728240195,37.93898394111733,26.225413416459425,16.66972911551123,0.0,7.900853666466384,49.45969920946245,42.66879561243537,8.954465607033706,21.48059969245815],
        [16.713946112947905,12.402176489899542,35.64103118726345,12.938200739071233,27.39229500860296,19.87602641376984,45.19905619832054,12.492512819237994,8.743856967965442,16.757210478680285,39.65192901563942,6.4984871793503745,30.126102963419303,18.3331190543858,11.73436640516539,7.900853666466384,0.0,42.018524978023095,41.59041486763656,13.219216421674961,16.713946112947905],
        [43.6908123788911,49.32403808236151,40.38852095033983,54.01927993898469,14.860356512030052,23.491445213507532,3.3297715339833154,52.26424920650602,44.757382837791994,33.222172502870585,2.5984096596911237,41.20878653592681,13.950762857676677,25.25802701729437,34.522955538621076,49.45969920946245,42.018524978023095,0.0,45.624966117751896,49.5038632571426,43.6908123788911],
        [56.746506122842185,53.94601525553929,6.55854240304798,43.30167143324289,37.41667455654049,43.44483325162458,46.6331632914179,40.067810286029406,34.95414851242637,50.7959108785335,45.25167851907794,35.26765685515315,45.9608263732677,43.7628041322784,31.056066387771498,42.66879561243537,41.59041486763656,45.624966117751896,0.0,34.86521557390329,56.746506122842185],
        [29.401056477908384,22.53437411290802,30.14614271672613,8.437473372305524,34.74181985967359,30.46074675266015,52.369003505508864,5.205862168977944,5.25060665199903,29.73446611149232,47.464872300938765,9.127924634831446,39.809497843953864,29.27058345063251,14.981106348944346,8.954465607033706,13.219216421674961,49.5038632571426,34.86521557390329,0.0,29.401056477908384],
        [0.0,9.688927695960915,50.42675731779043,25.823804933977584,31.80900161067811,20.84626355739073,47.011039083482835,27.038222522179975,25.413547017411716,10.471577488127656,41.09307432869874,23.003747727136894,29.783793157263002,19.20136966805998,25.69048962872402,21.48059969245815,16.713946112947905,43.6908123788911,56.746506122842185,29.401056477908384,0.0]
    ],
    "end_depot": 20,
    "start_depot": 0,
    "truck_dist": [
        [0.0,11.660667884440212,69.75342729656714,29.351204173653414,33.67089714076452,23.16840461722491,58.98701990727933,33.110973911491996,34.96031004004753,12.955619294214648,51.449363123999035,32.34240858972123,37.84600807135452,20.78805128037952,35.774653769800054,26.27925586695636,23.205398183417905,54.6616740113307,79.00044175204124,38.92724669490202,0.0],
        [11.660667884440212,0.0,62.55763239371578,22.155409270802053,45.331565025204725,34.829072501665124,70.64768779171955,25.915179008640642,27.76451513719617,24.61628717865486,63.11003100843925,25.146613686869866,49.506675955794734,32.448719164819735,28.57885886694869,19.083460964105,16.009603280566544,66.32234189577092,71.80464684918988,31.731451792050656,11.660667884440212],
        [69.75342729656714,62.55763239371578,0.0,40.40222312291372,39.92230508046033,51.52272692326976,44.14872190659256,36.642453385075136,34.79311725651961,62.57987874071998,42.730389908020165,37.41101870684591,51.26482695115912,52.282247650552996,33.978773526767085,43.47417142961078,46.54802911314924,40.945866363125695,9.247014455474108,30.82618060166512,69.75342729656714],
        [29.351204173653414,22.155409270802053,40.40222312291372,0.0,55.40208707810483,44.89959455456521,80.71820984461964,3.7597697378385844,13.396115497592103,34.68680923155495,73.18055306133934,18.222140834942575,59.57719800869483,42.519241217719824,28.0696962580821,6.491995819070593,17.234359444417773,76.392863948671,49.649237578387826,9.576042521248603,29.351204173653414],
        [33.67089714076452,45.331565025204725,39.92230508046033,55.40208707810483,0.0,11.600421842809427,25.31612276651482,52.79664839268498,42.00597158051272,22.657573660259644,17.778465983234522,37.17994624316225,11.342521870698791,12.882845860384995,27.332390820022724,48.91009125903423,38.16772763368705,20.990776870566187,49.16931953593444,48.283005434524085,33.67089714076452],
        [23.16840461722491,34.829072501665124,51.52272692326976,44.89959455456521,11.600421842809427,0.0,35.818615290054424,42.29415586914537,31.503479056973113,11.057151817450213,28.28095850677413,26.67745371962264,14.67760345412961,2.3803533368453884,17.543953396502673,38.407598735494624,27.665235110147442,31.493269394105795,60.76974137874387,37.780512910984484,23.16840461722491],
        [58.98701990727933,70.64768779171955,44.14872190659256,80.71820984461964,25.31612276651482,35.818615290054424,0.0,78.1127711591998,67.32209434702753,46.03140061306469,7.537656783280298,62.496069009677065,21.141011835924818,38.19896862689981,52.64851358653755,74.22621402554904,63.483850400201874,4.325345895948633,48.331123633182884,73.59912820103891,58.98701990727933],
        [33.110973911491996,25.915179008640642,36.642453385075136,3.7597697378385844,52.79664839268498,42.29415586914537,78.1127711591998,0.0,10.790676812172258,32.08137054613511,70.5751143759195,15.61670214952273,56.97175932327498,39.91380253229998,25.464257572662255,6.83171804453564,14.628920758997928,73.78742526325117,45.889467840549244,5.816272783410017,33.110973911491996],
        [34.96031004004753,27.76451513719617,34.79311725651961,13.396115497592103,42.00597158051272,31.503479056973113,67.32209434702753,10.790676812172258,0.0,27.786761484200362,59.78443756374724,4.8260253373504725,46.18108251110272,29.123125720127724,14.673580760489997,8.681054173091168,11.754911856629626,62.99674845107891,44.040131711993716,6.277033854011368,34.96031004004753],
        [12.955619294214648,24.61628717865486,62.57987874071998,34.68680923155495,22.657573660259644,11.057151817450213,46.03140061306469,32.08137054613511,27.786761484200362,0.0,38.49374382978439,25.16886003387406,24.89038877713987,10.297631090166975,28.601105213952884,28.19481341248436,17.452449787137184,41.70605471711606,71.82689319619408,31.753698139054855,12.955619294214648],
        [51.449363123999035,63.11003100843925,42.730389908020165,73.18055306133934,17.778465983234522,28.28095850677413,7.537656783280298,70.5751143759195,59.78443756374724,38.49374382978439,0.0,54.958412226396774,13.60335505264452,30.66131184361952,45.11085680325725,66.68855724226876,55.946193616921576,3.2123108873316646,51.97740436349427,66.06147141775861,51.449363123999035],
        [32.34240858972123,25.146613686869866,37.41101870684591,18.222140834942575,37.17994624316225,26.67745371962264,62.496069009677065,15.61670214952273,4.8260253373504725,25.16886003387406,54.958412226396774,0.0,41.35505717375225,24.297100382777252,9.847555423139525,11.730145015871981,9.137010406303325,58.170723113728435,46.65803316232002,11.10305919136184,32.34240858972123],
        [37.84600807135452,49.506675955794734,51.26482695115912,59.57719800869483,11.342521870698791,14.67760345412961,21.141011835924818,56.97175932327498,46.18108251110272,24.89038877713987,13.60335505264452,41.35505717375225,0.0,17.057956790975,31.507501750612725,53.085202189624226,42.34283856427705,16.815665939976185,60.51184140663324,52.45811636511409,37.84600807135452],
        [20.78805128037952,32.448719164819735,52.282247650552996,42.519241217719824,12.882845860384995,2.3803533368453884,38.19896862689981,39.91380253229998,29.123125720127724,10.297631090166975,30.66131184361952,24.297100382777252,17.057956790975,0.0,18.30347412378591,36.027245398649235,25.284881773302054,33.87362273095118,61.529262106027105,35.400159574139096,20.78805128037952],
        [35.774653769800054,28.57885886694869,33.978773526767085,28.0696962580821,27.332390820022724,17.543953396502673,52.64851358653755,25.464257572662255,14.673580760489997,28.601105213952884,45.11085680325725,9.847555423139525,31.507501750612725,18.30347412378591,0.0,21.577700439011508,12.569255586382148,48.32316769058891,43.225787982241194,20.950614614501365,35.774653769800054],
        [26.27925586695636,19.083460964105,43.47417142961078,6.491995819070593,48.91009125903423,38.407598735494624,74.22621402554904,6.83171804453564,8.681054173091168,28.19481341248436,66.68855724226876,11.730145015871981,53.085202189624226,36.027245398649235,21.577700439011508,0.0,10.74236362534718,69.90086812960041,52.721185885084886,12.647990827945657,26.27925586695636],
        [23.205398183417905,16.009603280566544,46.54802911314924,17.234359444417773,38.16772763368705,27.665235110147442,63.483850400201874,14.628920758997928,11.754911856629626,17.452449787137184,55.946193616921576,9.137010406303325,42.34283856427705,25.284881773302054,12.569255586382148,10.74236362534718,0.0,59.15850450425323,55.79504356862334,15.721848511484115,23.205398183417905],
        [54.6616740113307,66.32234189577092,40.945866363125695,76.392863948671,20.990776870566187,31.493269394105795,4.325345895948633,73.78742526325117,62.99674845107891,41.70605471711606,3.2123108873316646,58.170723113728435,16.815665939976185,33.87362273095118,48.32316769058891,69.90086812960041,59.15850450425323,0.0,50.192880818599804,69.27378230509028,54.6616740113307],
        [79.00044175204124,71.80464684918988,9.247014455474108,49.649237578387826,49.16931953593444,60.76974137874387,48.331123633182884,45.889467840549244,44.040131711993716,71.82689319619408,51.97740436349427,46.65803316232002,60.51184140663324,61.529262106027105,43.225787982241194,52.721185885084886,55.79504356862334,50.192880818599804,0.0,40.07319505713922,79.00044175204124],
        [38.92724669490202,31.731451792050656,30.82618060166512,9.576042521248603,48.283005434524085,37.780512910984484,73.59912820103891,5.816272783410017,6.277033854011368,31.753698139054855,66.06147141775861,11.10305919136184,52.45811636511409,35.400159574139096,20.950614614501365,12.647990827945657,15.721848511484115,69.27378230509028,40.07319505713922,0.0,38.92724669490202],
        [0.0,11.660667884440212,69.75342729656714,29.351204173653414,33.67089714076452,23.16840461722491,58.98701990727933,33.110973911491996,34.96031004004753,12.955619294214648,51.449363123999035,32.34240858972123,37.84600807135452,20.78805128037952,35.774653769800054,26.27925586695636,23.205398183417905,54.6616740113307,79.00044175204124,38.92724669490202,0.0]
    ],
    "vertex_count": 21
}