{
    "drone_dist": [
        [0.0,1702.273792273417,952.2926909917427,2755.4849052062937,1891.7483402594041,2710.8837591469346,2075.535238862443,3019.6569556987233,2865.3116070251417,1653.1101240384917,1684.0441862279881,3063.725594760068,2615.277983369399,1131.055657002081,1737.4261804972418,2456.478392863346,1340.882416610534,1721.3341181176725,1772.1380972408167,2075.3757215791557,3569.533857331907,851.6060912757254,983.1560961018643,2390.3030562264894,1354.3011851971144,379.54882831862113,1063.082812398784,2888.207016001383,634.343379649936,1157.7306481343549,1804.857730479426,1402.1603306994332,2320.526995252915,1296.1666457395993,2257.491080351374,2128.530805991263,1851.1861830023058,1416.8131925981827,2736.2020489555875,1134.9705070600662,2498.512658130131,1392.6407187272248,2270.6315484349875,2603.360054985981,1270.9498578586133,465.34624112207484,1285.3941389217548,412.8111600695208,2045.2298794221483,1756.3611131379496,2146.6990639920323,2124.546911285324,1008.1652184681354,4188.254722713008,3561.0126692055796,3076.8562464382076,2000.313266700383,1308.6091334666528,2557.6959633352726,1775.070073131408,3148.377643430559,2298.7135794294786,584.744158597438,2757.4975237387534,2844.151965761731,1339.67989394681,1748.5041338594076,1876.8912511273033,2723.6183274339523,2389.3906633464053,0.0],
        [1702.273792273417,0.0,2612.5260115999235,4342.466948299169,865.0513791898684,1031.8765213254435,2581.1293803639737,4605.756172222627,4327.116639014583,1302.8372032956647,3377.5253650595605,3616.131522501568,1237.2403371478226,1864.301721016637,2386.712651423872,1617.9251074623025,2577.513495039835,2749.877894124627,3089.750211358565,1502.1308638134276,3879.3285432847697,1704.5327102364686,1003.2381307058633,2678.049129493186,2493.448087361787,1690.112055056387,1184.161404192571,1206.2447359149805,2015.6738266168143,772.4255695815186,3507.0068374554794,1499.2513160116084,618.3562386069449,2613.8100258156455,732.2934069290814,854.2158289727153,1240.8461808849227,479.7144202114744,3048.857064236941,2331.8589751571717,1117.0365306800247,2312.141118055142,571.3403204372388,3979.8040827406103,2823.6033483744045,1840.9664513444854,2159.1025847904507,1953.984744929181,1023.0018466669524,1555.199084616508,1515.7518489118688,3711.2542991550795,1724.0422892549743,4109.392271070219,1863.0480944741798,1527.108759906876,3530.2941316843026,1910.974845481639,3622.7515599403905,424.90602016709863,1612.4335863273748,3630.3637404405467,1976.0320838360735,4152.895834417615,4492.262542531231,1342.4603614041564,2400.2361521070457,2877.657968295365,3118.9774297287886,1219.5492590334281,1702.273792273417],
        [952.2926909917427,2612.5260115999235,0.0,1810.1124178291436,2621.6200940721633,3637.5071347221615,2016.5137019848712,2073.1810832888714,1977.0184173286646,2207.180151741452,786.2271667093198,2786.934513038263,3364.842970853039,1822.387152923735,2289.383493535967,3019.601929673321,922.2980659878266,1357.8212852794131,1793.3483710090795,2969.529879353635,3389.6245506970163,1605.2704010885766,1734.627772395665,2396.475778423254,1689.2935694093567,942.1535887147481,1977.8045678487517,3761.652929273137,1149.8736754906129,1959.2455322195435,991.5458054622972,2246.7344925132193,3224.951459593429,800.6978831610509,3204.338571940576,2892.6212899442003,2767.890646401715,2260.4095238159125,2661.084560261409,1511.7722987120826,3258.6023857531154,1274.0705361447633,3183.8158810616774,1782.5712538887105,1116.6865850561694,1138.937890265958,1841.1375842087195,666.9944253255868,2990.1460131231383,2612.445909284314,2681.078140008341,1185.4596013288885,1320.4074304545888,4182.5471528130465,4446.535697648026,3871.814599049882,1100.0671120332665,1494.9067240397058,1981.144703050354,2612.028047329972,3934.180460933516,1536.979647754868,721.7167196452588,1915.2510681234462,1893.8218000902637,1868.4546599366986,1690.0349963506487,2168.419935362463,2598.2592266616257,3086.6316073844046,952.2926909917427],
        [2755.4849052062937,4342.466948299169,1810.1124178291436,0.0,4157.51624867571,5374.146268843894,2743.4219566400893,264.7585675121011,586.9581022470037,3613.296019984928,1278.4703460493504,2867.083201309083,4873.491807655789,3557.6526660169934,3906.021146467345,4327.51540941985,1885.6361353510706,1998.425989519489,3043.40454131436,4768.29000968374,3506.926059787883,3377.9648882923725,3377.7366600371747,3085.3706631029677,3237.0415320097527,2658.5561603250544,3786.461582283138,5417.086065762053,2893.653322417094,3617.374440936428,1434.0836953542969,4032.2580833977004,4934.548981609296,1800.207915049529,4981.543636078272,4446.32026910536,4575.0076965051785,3934.3398603629557,3142.86238584426,3122.59545578402,4786.0526884076635,2312.156493017259,4906.264312577457,899.2051001320021,2473.1105032795767,2924.8673597665747,3505.2534186241073,2410.4325178336485,4799.061304934402,4397.515968944749,3995.789858674452,634.1812605696115,2748.096298983853,4488.96211643701,6107.053010252166,5416.4083196324145,828.4273759377168,2739.152370885249,1743.0242706209751,4261.112629556643,5464.020413841959,1119.0204255080757,2366.5644228845103,823.3473076003712,428.8938321219025,3313.0852428009002,2563.878367299517,3592.4376778657243,3013.8992595243203,4549.584424920502,2755.4849052062937],
        [1891.7483402594041,865.0513791898684,2621.6200940721633,4157.51624867571,0.0,1525.5841525880298,1941.6993274794652,4410.5631534349,4027.3619218642502,615.514227647565,3406.5046567850563,2909.3489337333253,743.2264144734489,2467.4582329922746,3063.1666746772034,765.5211362972856,2281.312144690562,2318.1723719563583,3560.961417561877,2357.3616288972885,3093.583645245894,2240.960542637835,913.9917542974982,1949.4713528178404,3016.3849971717846,1699.972595217353,1838.2844210804294,1324.2661283194673,2400.317635242875,743.9861685272506,3600.1881047358183,2233.3340772783617,1064.1138452073847,2357.84903170189,1499.2902972062277,289.9355498292153,2088.1073529221608,601.4642015646571,2299.7685321059103,2821.5695699783037,639.2616564295805,1904.255528719027,1101.6543771729973,3634.8816216292153,3151.7920171735077,2204.4543064885893,2750.265229237347,1971.4045750739272,1887.5633285176964,2362.2851188677323,659.0061652401448,3554.1641513478353,1409.7507464172475,3254.767490828542,1993.9642392734,1264.5229431813623,3329.3076749786464,1460.6463317243554,3123.1673350365645,442.36806122933547,1319.7802257474025,3277.6176714285725,1903.851682244438,3812.0438194298886,4382.939632814223,851.0144722278361,1849.7743544948858,3470.734218417613,2390.479668370685,501.7503035135535,1891.7483402594041],
        [2710.8837591469346,1031.8765213254435,3637.5071347221615,5374.146268843894,1525.5841525880298,0.0,3454.336240039051,5637.302760163979,5348.707903996022,2121.2656613958507,4393.981638207338,4434.893575252807,1320.5365943532083,2627.951973295319,3010.8876409391,2064.9236409837085,3591.5088654587967,3729.831869744935,3905.8767746604385,1732.7571770029922,4594.961084840762,2546.3995802588483,2017.1424300529618,3474.7911820884133,3291.23683706754,2721.3326392816243,1979.2249584506278,588.617988165281,2938.347006162119,1778.5970936722965,4508.156598500215,2127.4769041388836,473.8524770996497,3634.875710698734,574.4411630369045,1308.6775091810316,1591.614396580281,1463.319316341747,3821.364381876922,3167.0737895184043,1264.5118036510423,3294.6781371642305,474.9267857074445,4991.890826486319,3745.158203888359,2783.74303639223,2910.7464688924833,2983.1435079253,1187.980780123483,2003.1937907762676,2128.9191616308285,4743.113856857425,2721.3252274835854,4635.779685713017,973.6567576786264,1186.1491464219102,4560.563070207154,2871.3890678469247,4582.720314864754,1198.3192978124848,1269.4760351013736,4639.232948290965,3007.848683567059,5166.460735552288,5522.126114553795,2265.7678280078085,3325.4784989876985,3582.318030154304,3915.17013095651,1553.4380370595295,2710.8837591469346],
        [2075.535238862443,2581.1293803639737,2016.5137019848712,2743.4219566400893,1941.6993274794652,3454.336240039051,0.0,2950.1603924592487,2412.84368813581,1333.425893959121,2583.50883658872,1060.6986583550158,2485.834575853229,3181.863229817818,3806.7994077607264,1756.038325264497,1126.662194240572,782.8412536753135,3707.3200400499422,3779.1827919114385,1495.995901919145,2894.9566689189683,1699.4567754770308,386.62424832246415,3404.0502715763055,1697.026293507833,2867.0767643770787,3247.36481758965,2690.341808539373,1863.5670882313389,2875.3085494841034,3298.921749806112,2982.8614995126504,1259.9331434822582,3311.1524480110443,2202.242998973998,3503.229911548828,2105.3357562532133,667.575576978572,3187.0794485418987,2440.016018853495,751.2988438898906,3002.9689254258924,1979.988640994927,3067.0414671261547,2539.0787644209145,3359.87957857097,1761.6954289563876,3485.5564507780705,3591.034059358734,1481.6138870716068,2287.883870390069,1106.129751317332,2174.5106791918574,3885.315249927072,3028.5004800928045,2014.1987787349897,800.7491680524424,1266.433413411395,2269.8421997383984,3048.966788274168,1655.0481777144605,1559.1749622004443,2146.120814831411,3092.479800555937,1241.9196537306018,337.78901321107855,3928.930614765049,648.8816442554026,2136.7391734979997,2075.535238862443],
        [3019.6569556987233,4605.756172222627,2073.1810832888714,264.7585675121011,4410.5631534349,5637.302760163979,2950.1603924592487,0.0,640.3414113059977,3860.23476297295,1515.6982604780117,3000.4718749661815,5122.823184634371,3809.4843568897672,4143.899043471361,4563.530433941621,2133.612057607647,2221.7571720964856,3253.0531117888468,5027.569416066181,3629.6110464721364,3634.432105763606,3638.5063019371587,3281.250729251815,3472.0920561686203,2922.7906450149735,4048.4407939415746,5675.669120188587,3148.30919503915,3878.3308684065123,1645.675632846146,4289.663764092263,5196.593476407843,2052.756591173878,5246.1761301327,4699.769776729484,4836.334832574618,4195.539206437779,3316.5213189593164,3364.246217289761,5036.935078283112,2552.1565750176915,5168.947798158904,1032.2968082137347,2702.4999931539796,3183.634414836614,3749.8253868764423,2675.1513178778155,5062.751490319361,4654.566255775792,4234.137817145263,898.9057525133967,3002.1396400514536,4620.557724381044,6365.430148861436,5667.292172968198,1084.9364664610775,2983.7174642751484,1886.353365146105,4520.620614620376,5713.712032785428,1302.8057896887012,2630.0970674722194,917.5751478206532,456.5209253733364,3564.0883250675693,2786.89651014058,3812.4352636226295,3183.294848457356,4796.481977543577,3019.6569556987233],
        [2865.3116070251417,4327.116639014583,1977.0184173286646,586.9581022470037,4027.3619218642502,5348.707903996022,2412.84368813581,640.3414113059977,0.0,3446.36973416948,1650.2233852619318,2369.8811375834184,4711.88659006192,3793.863247193188,4211.276988942232,4095.6855707480186,1762.30805546787,1743.298892582687,3449.998267496152,4932.031128727012,2993.3829405903025,3582.287513673332,3331.593003978603,2718.6019803469353,3561.3215606503218,2693.0571837409725,3925.6492016580078,5327.592810786461,3120.0954403651617,3570.5913474973663,1871.507766281407,4220.638110556318,4891.81282636677,1713.93724009675,5006.12284210728,4316.97832493995,4715.857655732778,3887.326673671833,2719.7977927304637,3420.2713733486767,4635.495885065267,2126.6899089033764,4874.576923658932,434.164859980434,2830.5558116932457,3115.5054665383177,3783.734323137726,2478.8574073144555,4896.674168829749,4585.678468986031,3777.6717093546895,862.2385863069984,2644.3548496037374,3986.8504893785503,6012.196297876103,5262.411161471336,876.9825458144902,2570.162696239582,1269.3263140974564,4189.6160631229295,5301.704629380307,769.4089849225946,2388.3871191124745,285.93363974436664,1010.0203454323232,3176.7994300895907,2294.4082304159597,3964.519286714764,2582.138344970208,4374.539550859818,2865.3116070251417],
        [1653.1101240384917,1302.8372032956647,2207.180151741452,3613.296019984928,615.514227647565,2121.2656613958507,1333.425893959121,3860.23476297295,3446.36973416948,0.0,2974.439327715087,2330.7645530331374,1266.4266793126133,2483.1647565198236,3115.778688062869,820.1387085712647,1727.659944714618,1718.9405876484855,3415.2154131979214,2680.468994789083,2577.2701773100634,2218.634050915482,741.2594933540746,1380.5300812587816,2933.7662627916798,1364.8292998420447,1952.2724073964812,1938.0611770648447,2248.6216850980254,744.282211510223,3198.725838454251,2386.8663027450434,1650.7368571775382,1818.6531905114605,2014.5663995028322,892.8051554200391,2400.333585442023,861.442654391409,1747.6013429553045,2722.081394938666,1189.6640806486757,1320.276267578983,1674.440123161258,3044.505495274017,2915.677983319083,2054.1810552441843,2738.5495655722098,1608.245115690294,2287.8380491445737,2595.0245125386264,494.95675089558443,3028.7906346879454,904.0646932953905,2875.960862393537,2600.707998453266,1816.138444846333,2789.688005804468,878.96688676606,2508.96131980234,947.4567327360625,1857.255921346517,2687.979659295372,1490.8479617727726,3221.532824283743,3866.466346352486,339.3602791363343,1235.1810651174994,3429.9295146186428,1823.1540047443582,936.3307824791619,1653.1101240384917],
        [1684.0441862279881,3377.5253650595605,786.2271667093198,1278.4703460493504,3406.5046567850563,4393.981638207338,2583.50883658872,1515.6982604780117,1650.2233852619318,2974.439327715087,0.0,3157.3166929764825,4149.622513848647,2310.865828164596,2628.710158933668,3777.942369925601,1462.9329805786551,1826.621466601144,1799.8040814284238,3564.368235715344,3798.711196442376,2159.39032279676,2520.488306463102,2969.911088921693,1958.6282970678876,1726.1925897944473,2625.026808713842,4540.732509474223,1666.9518835396168,2743.5410772291766,305.35454554753477,2816.1563754522217,3993.622061155639,1330.3935460592331,3936.7117956141915,3678.584743918572,3395.6505070691533,3041.6157054107,3173.975382664291,1848.8631362812098,4044.0943965398387,1899.305335487811,3948.3390725395225,1635.212082357845,1197.2987338122941,1733.548105106108,2236.198341608429,1450.277323246792,3663.389435461029,3176.848104955267,3437.2944130791875,795.014715293528,2074.940106868965,4678.938292720789,5223.208980526557,4658.025539696648,912.0630079827434,2206.4394594983846,2156.1541623231305,3395.0773262839875,4720.223505626589,1539.8866353395717,1503.381613519097,1705.341287159766,1221.6676836214995,2637.9849461764147,2288.5573633107283,2325.0996349080633,3084.5406901485594,3867.3292536063614,1684.0441862279881],
        [3063.725594760068,3616.131522501568,2786.934513038263,2867.083201309083,2909.3489337333253,4434.893575252807,1060.6986583550158,3000.4718749661815,2369.8811375834184,2330.7645530331374,3157.3166929764825,0.0,3339.117069661386,4190.041629701035,4800.316025417472,2538.2519792580347,1873.1932326012602,1432.743594612321,4566.821563905249,4839.5234224746,652.244971005852,3905.2503028035762,2759.8064248038804,960.6305430784454,4341.74788966004,2694.5921190776617,3917.388890525524,4160.965755986525,3648.341379763635,2918.44229756309,3462.6704464048184,4344.655259456379,3971.236550974753,1987.5267898264706,4340.125290875047,3141.9470326148003,4563.8337533834565,3146.5067716472727,647.4565835249743,4130.855294208156,3318.8051957508237,1672.3504895254382,4001.231798342406,1972.6054007617063,3897.7538286263966,3516.449292876964,4344.4507827320085,2705.768055228285,4542.0102139891505,4644.902630665429,2346.482673761717,2618.110370440524,2146.7051617013794,1622.0319762143702,4754.327830250907,3849.4626067517484,2362.190592243124,1849.805933541163,1125.0248548411864,3278.211314637789,3852.10854830983,1783.0975148854034,2504.0021741854757,2085.5792997893373,3280.7615028779223,2290.064099470712,1339.0020683732323,4860.590208448214,526.9796481209952,3001.135335339812,3063.725594760068],
        [2615.277983369399,1237.2403371478226,3364.842970853039,4873.491807655789,743.2264144734489,1320.5365943532083,2485.834575853229,5122.823184634371,4711.88659006192,1266.4266793126133,4149.622513848647,3339.117069661386,0.0,3063.044299492019,3615.18580896978,815.1327333191643,2989.2142094821806,2978.143585294882,4227.688513078229,2673.0558506881,3392.8851910407766,2867.574264208219,1649.5291975580121,2396.175788175087,3657.6722705765633,2441.1448144078245,2395.0729788959084,862.7574941530352,3086.479431259854,1457.5799950610974,4342.688325793509,2735.1472315685305,1005.3450127517737,3074.23730593289,1575.6859225406813,487.0251420731407,2436.2774095292634,1232.4535700311467,2696.4381531449567,3475.474606776007,123.8537494091956,2586.56423811367,1090.9481139216907,4306.89190425645,3860.4177117158097,2894.0138968511383,3355.1960359464533,2713.5967508815884,2132.7802260351345,2781.9684309364584,1008.4587135438808,4279.167535169802,2134.3383533998467,3334.853326133637,1415.6492716303212,551.7907349975309,4047.1632843913203,2145.242878169497,3727.913131638394,905.577128416118,591.1204449610344,3951.1521495199217,2646.7074130782726,4483.653202532868,5112.297526055131,1561.703587627332,2465.082317413029,4079.224619553652,2812.538123368145,349.18851656892997,2615.277983369399],
        [1131.055657002081,1864.301721016637,1822.387152923735,3557.6526660169934,2467.4582329922746,2627.951973295319,3181.863229817818,3809.4843568897672,3793.863247193188,2483.1647565198236,2310.865828164596,4190.041629701035,3063.044299492019,0.0,639.9084899945084,3183.091795484191,2451.6014271922127,2848.160217705933,1279.6796707489016,1300.9867478422407,4677.5716132855905,287.05914291088845,1743.1171236711953,3471.526343274292,664.4285525432088,1495.4626317418306,681.3118401813906,3012.4248561416825,673.7901079448785,1778.9034600625296,2283.1194122397305,565.6453351799594,2395.2694452867704,2389.6939522793527,2063.743018233456,2608.689827467642,1203.0084421273446,1870.0645147513462,3831.2673909401296,574.9473366049933,2939.2793127596033,2521.910697565684,2313.0329421367605,3600.5413506215154,1271.0150419174176,713.9632169888661,294.8215798997162,1522.179348362629,1569.0381237838785,892.0959890384047,2933.734381301072,2968.3843108156957,2082.801308519272,5235.741549517765,3591.941412491283,3391.2234666226364,2918.808614832829,2391.299858446268,3663.5504575043055,2159.6035650549456,3476.732213295481,3332.0941019104785,1711.0259406860214,3737.050923625606,3530.8928448021375,2242.62421634332,2863.5940194818804,1016.5253318397414,3830.420099068271,2949.1991474519523,1131.055657002081],
        [1737.4261804972418,2386.712651423872,2289.383493535967,3906.021146467345,3063.1666746772034,3010.8876409391,3806.7994077607264,4143.899043471361,4211.276988942232,3115.778688062869,2628.710158933668,4800.316025417472,3615.18580896978,639.9084899945084,0.0,3795.5806186916925,3016.8801371529785,3430.1750287533187,1134.012545811102,1412.0732717219712,5302.661753084886,922.7560053816491,2377.828656487387,4104.498787350826,676.1304636639973,2111.8742763890396,1228.1583159612235,3461.9027296099393,1178.6652113541597,2399.878139193749,2530.5410205060684,901.4832129790254,2854.7114132372503,2941.6974788138095,2436.5291796818105,3180.3389809357745,1442.2997180227321,2461.8011716115475,4460.973860465829,791.0056198876619,3492.4871783680924,3128.155710429337,2765.377386216626,4065.2631982536313,1454.198447075526,1286.175185310376,461.64962204729636,2104.729020661655,1851.6471511640143,1034.846605596559,3557.874891535593,3359.1506759367567,2713.98779151692,5874.547294359236,3984.4321618489375,3895.8540994738114,3352.058716658428,3021.9907045966042,4212.769767300694,2724.038328315586,3983.8964477457207,3825.576822371536,2302.1003506639827,4187.914995600072,3815.416034829229,2881.3835079044893,3483.8092804553985,613.9545675264357,4455.674594794743,3531.4692948922707,1737.4261804972418],
        [2456.478392863346,1617.9251074623025,3019.601929673321,4327.51540941985,765.5211362972856,2064.9236409837085,1756.038325264497,4563.530433941621,4095.6855707480186,820.1387085712647,3777.942369925601,2538.2519792580347,815.1327333191643,3183.091795484191,3795.5806186916925,0.0,2459.2430709824425,2354.616636378407,4200.198401304682,3118.0349082585017,2578.246283803401,2938.6758139850526,1496.105886507975,1612.6875704877364,3690.1283737926233,2183.2027452947127,2580.8576803217456,1670.8572427184176,3029.7823887859286,1407.0313186524097,4010.461174047897,2988.050673268653,1664.0770049513321,2565.2925181333676,2182.495388966486,806.6960676049376,2851.16522322918,1350.485432254857,1892.2069983378399,3485.0115159320494,822.0374829360522,2016.846390399861,1728.6041403734387,3674.302212598182,3725.3246120557915,2833.1390538682017,3456.5556785634503,2428.377629552651,2632.6140817456394,3127.2053553894116,341.2917401822343,3771.3655498387116,1703.3620490732199,2576.56326352989,2221.1788112379286,1311.3616287450034,3518.80234084965,1607.9886387008623,3020.8137198602285,1193.5800987664563,1317.1461652478654,3326.3977994732218,2307.6566078142787,3848.143561564195,4611.246705738168,1158.1900433459443,1802.9350073451058,4167.543356765588,2013.8414154462218,512.687265882845,2456.478392863346],
        [1340.882416610534,2577.513495039835,922.2980659878266,1885.6361353510706,2281.312144690562,3591.5088654587967,1126.662194240572,2133.612057607647,1762.30805546787,1727.659944714618,1462.9329805786551,1873.1932326012602,2989.2142094821806,2451.6014271922127,3016.8801371529785,2459.2430709824425,0.0,440.53213212400277,2693.6979282370203,3370.6525101131483,2467.9137208103857,2183.021922081486,1575.9779057148967,1513.034754608293,2498.4839364529553,1045.5961695070505,2363.3083571183497,3568.2998597066216,1839.3836864313257,1813.1489654781078,1750.5328237307394,2736.4094101826436,3131.474318476371,133.33921954843768,3274.828437656224,2571.130163260708,3123.337917864529,2128.4072500433663,1749.2701729588855,2295.593978462987,2903.981654814311,456.3079180457208,3116.748662713909,1402.2913963805659,2025.2945385975072,1741.7386002868457,2555.230515111726,932.4935654753709,3237.9577939918463,3082.397687385437,2122.3722023057126,1312.1506471891719,882.9335534484803,3270.3860326725835,4254.88788524,3534.22984951918,1063.794623802033,856.1282026951986,1216.8349666542656,2427.313306094477,3580.132290602345,1054.471965184976,761.3238053229835,1575.7065342090361,2152.107072085571,1431.9840187946077,825.740098611155,3008.3796012647567,1679.6106266199818,2663.954876470616,1340.882416610534],
        [1721.3341181176725,2749.877894124627,1357.8212852794131,1998.425989519489,2318.1723719563583,3729.831869744935,782.8412536753135,2221.7571720964856,1743.298892582687,1718.9405876484855,1826.621466601144,1432.743594612321,2978.143585294882,2848.160217705933,3430.1750287533187,2354.616636378407,440.53213212400277,0.0,3134.2239079892465,3688.2277582695797,2032.7394585390778,2572.3779221249115,1755.629461366733,1161.229528718629,2930.001853160096,1387.0711442118647,2697.096797290308,3637.5743916442866,2257.5617942811573,1977.978922121333,2125.431776022538,3092.064100822855,3259.3419524081146,557.1428753745647,3470.7748087188224,2604.7749643878196,3429.8075447414685,2278.765886208181,1347.958459737928,2724.1962289442095,2907.2716433703936,437.73713369086863,3257.0905998906924,1329.684842714942,2465.2641801604213,2146.779408838867,2969.1248651377896,1327.8111125146754,3504.1996783868126,3426.382550143227,2034.44871632302,1509.6993205146935,1030.519743457968,2860.789657891698,4312.124955679303,3529.8117503194308,1237.4220434527565,864.0266136464691,888.0588531847535,2537.3626948952497,3565.7684513020645,975.9207896979246,1137.5302324228105,1506.0646676190981,2326.3843939773515,1480.5011759289175,565.5746224208688,3443.1163700212746,1264.4647144079138,2637.0460139553948,1721.3341181176725],
        [1772.1380972408167,3089.750211358565,1793.3483710090795,3043.40454131436,3560.961417561877,3905.8767746604385,3707.3200400499422,3253.0531117888468,3449.998267496152,3415.2154131979214,1799.8040814284238,4566.821563905249,4227.688513078229,1279.6796707489016,1134.012545811102,4200.198401304682,2693.6979282370203,3134.2239079892465,0.0,2484.3090206133375,5149.728153784209,1385.9656476745558,2704.242869701515,4063.1258456997407,615.2533949141429,2116.5559668850487,1936.56601012139,4269.918816318876,1170.422782379885,2821.852986703337,1609.640818902334,1818.86272261703,3653.1897814722747,2582.422866868543,3343.3015848666514,3750.669501656667,2447.4326498381884,2997.3685219439776,4372.884061590267,758.1190335464548,4104.611465083212,2960.459994819645,3574.8794931563834,3403.1031180062037,678.552462636986,1367.1763452522362,1009.9034901310223,1965.6137068540575,2834.3335409374827,2077.5304185870477,3904.3652441071613,2591.8259261840635,2742.702977424294,5876.065844336574,4866.078296935951,4607.876277705068,2664.4583721025692,3019.612576595456,3759.495020411733,3326.753558248039,4690.104161656242,3240.34250127301,2160.793223265962,3491.641033379523,2870.358536350586,3110.1688503652313,3369.59134744837,599.5777682552196,4330.3605951881145,4061.0932722503503,1772.1380972408167],
        [2075.3757215791557,1502.1308638134276,2969.529879353635,4768.29000968374,2357.3616288972885,1732.7571770029922,3779.1827919114385,5027.569416066181,4932.031128727012,2680.468994789083,3564.368235715344,4839.5234224746,2673.0558506881,1300.9867478422407,1412.0732717219712,3118.0349082585017,3370.6525101131483,3688.2277582695797,2484.3090206133375,0.0,5206.547030572377,1405.386579449418,2085.6696281697136,3970.1413956780807,1900.2865238099942,2325.059834841379,1013.6880388082443,2268.038797189261,1898.0608409959545,1962.4118648830408,3566.5765665952013,751.3711735454075,1727.8296475676111,3348.643910520247,1191.0431569304221,2350.2711979911214,280.70957584571795,1832.1585491058372,4349.17171958626,1866.2098824518991,2563.4993560646894,3283.799970086167,1632.6759025857657,4678.708252918008,2571.9710542916905,1844.0793578924688,1499.2491212971927,2480.387996298919,560.3694564787324,412.86183145757786,2988.28063407575,4153.068748736105,2718.773133390519,5552.776524659136,2681.8465661833466,2798.12204492499,4059.141780188168,2997.945933228207,4567.413197271776,1924.8029288047114,2888.090923566514,4370.3128894073425,2617.231718909303,4832.482130357332,4784.540070728724,2589.309050744946,3518.038135646589,2024.4954868304624,4390.513962229883,2713.2608950584927,2075.3757215791557],
        [3569.533857331907,3879.3285432847697,3389.6245506970163,3506.926059787883,3093.583645245894,4594.961084840762,1495.995901919145,3629.6110464721364,2993.3829405903025,2577.2701773100634,3798.711196442376,652.244971005852,3392.8851910407766,4677.5716132855905,5302.661753084886,2578.246283803401,2467.9137208103857,2032.7394585390778,5149.728153784209,5206.547030572377,0.0,4390.596902635384,3125.298646329285,1238.0913793361879,4885.604340058195,3191.912791240368,4338.40827476146,4247.608915464484,4177.721870605524,3248.3107257929128,4103.87648552838,4775.413083834122,4150.6638212133685,2589.5050738741993,4579.317223371733,3286.3704934062735,4926.702798690595,3432.82054672581,860.4514741405582,4670.5345028395795,3396.4264858153138,2204.4837758981507,4194.119186518257,2608.9504968567876,4489.113663079695,4031.6253352713165,4854.677175607473,3240.18208798366,4856.709422799963,5051.730748113606,2466.044867162558,3270.3529997879123,2597.9080721545324,998.9477890810464,4783.70910728785,3857.077291890483,3014.0901634219713,2289.905025971173,1770.288126918771,3502.6987878516493,3844.4865355054553,2433.262832938638,3036.633973456482,2712.1184477402517,3924.268023016923,2617.657758941222,1821.4686268003722,5409.007367560206,847.1828832950436,3079.566691926357,3569.533857331907],
        [851.6060912757254,1704.5327102364686,1605.2704010885766,3377.9648882923725,2240.960542637835,2546.3995802588483,2894.9566689189683,3634.432105763606,3582.287513673332,2218.634050915482,2159.39032279676,3905.2503028035762,2867.574264208219,287.05914291088845,922.7560053816491,2938.6758139850526,2183.021922081486,2572.3779221249115,1385.9656476745558,1405.386579449418,4390.596902635384,0.0,1477.3746501735675,3184.797729488078,792.1625602929773,1210.87344569519,568.1911574218486,2885.9647499447583,492.67670548251783,1531.648485984291,2166.3713572454676,657.1846231870508,2270.1765118898593,2126.7842767827283,1999.3777648110479,2401.3440881750585,1253.5827241482125,1652.1886453808795,3544.235321325693,629.591401813984,2743.7947084296975,2238.879472502182,2193.9015201381344,3369.434388503539,1228.509103622727,468.5412373055613,520.3883211831347,1250.85806918302,1573.8138974435385,1020.5094647692245,2678.392438045217,2773.9335739083613,1795.7925614517378,4951.829354942367,3494.162274739061,3226.5205985930293,2705.3227059336004,2104.2776988454366,3398.1639585357684,1962.113793011374,3309.8362749498215,3089.864331647028,1434.9299986631033,3511.3053666506585,3380.2634539630158,1967.8295602110006,2577.2850141025074,1230.9276844024807,3543.459644866253,2731.370682402095,851.6060912757254],
        [983.1560961018643,1003.2381307058633,1734.627772395665,3377.7366600371747,913.9917542974982,2017.1424300529618,1699.4567754770308,3638.5063019371587,3331.593003978603,741.2594933540746,2520.488306463102,2759.8064248038804,1649.5291975580121,1743.1171236711953,2377.828656487387,1496.105886507975,1575.9779057148967,1755.629461366733,2704.242869701515,2085.6696281697136,3125.298646329285,1477.3746501735675,0.0,1887.352868414016,2201.281919154986,796.7173808503455,1245.3891186737646,2046.9259172558225,1533.8320476427612,240.20209419845574,2699.0579248286344,1686.1964614163717,1562.7603550786284,1617.894198062737,1715.8094838403608,1167.3965355802118,1807.5635499621358,558.0175980917776,2265.977291869355,1992.7758914321566,1537.3065374851897,1318.9351231813882,1543.0277402950985,2977.9855793221964,2251.515318634081,1337.0939163308674,1997.3275655562595,1072.1028524835801,1794.088814407741,1933.3059485753326,1210.3481225839128,2753.6786923212994,725.3706871672342,3550.2505093678724,2736.6963316413403,2140.2072228464513,2555.549786593585,947.7630380665785,2636.890088166553,888.4911093947659,2205.225952704376,2627.609957326592,1035.5058554047298,3151.6803086858604,3560.2282892640546,524.6116784336583,1462.6475628535215,2691.616900249307,2304.860166776264,1407.7506141280783,983.1560961018643],
        [2390.3030562264894,2678.049129493186,2396.475778423254,3085.3706631029677,1949.4713528178404,3474.7911820884133,386.62424832246415,3281.250729251815,2718.6019803469353,1380.5300812587816,2969.911088921693,960.6305430784454,2396.175788175087,3471.526343274292,4104.498787350826,1612.6875704877364,1513.034754608293,1161.229528718629,4063.1258456997407,3970.1413956780807,1238.0913793361879,3184.797729488078,1887.352868414016,0.0,3734.8573518595067,2011.0133910651593,3103.9291723668853,3205.6132510143657,3016.2460227413453,2016.0897177642032,3261.9309138525296,3542.389969976996,3012.3612940423827,1646.3411144083277,3394.9395568618584,2181.7436406668558,3690.670551224373,2217.5863845225117,379.05643028049997,3516.3809235557023,2368.8245894555344,1124.4994844848243,3044.1833968552037,2284.5627543092933,3432.157409416485,2855.6470170805114,3666.013219767693,2104.147960960483,3633.1864360243335,3814.3326243053043,1393.7716566728009,2655.3886037518982,1390.8477685889263,1813.109405262794,3811.2743083146493,2919.792271359344,2381.0778528566075,1083.890815089433,1505.493228114575,2326.0032589291077,2929.2512116683756,1978.7626300018205,1904.5578365349265,2442.9194364908203,3447.413310330967,1383.5377347110189,707.0387950714698,4259.923011827234,442.90298570370845,2053.267760054338,2390.3030562264894],
        [1354.3011851971144,2493.448087361787,1689.2935694093567,3237.0415320097527,3016.3849971717846,3291.23683706754,3404.0502715763055,3472.0920561686203,3561.3215606503218,2933.7662627916798,1958.6282970678876,4341.74788966004,3657.6722705765633,664.4285525432088,676.1304636639973,3690.1283737926233,2498.4839364529553,2930.001853160096,615.2533949141429,1900.2865238099942,4885.604340058195,792.1625602929773,2201.281919154986,3734.8573518595067,0.0,1728.8326999547853,1327.0459946874148,3663.197281157141,720.6067778091051,2289.976772651597,1854.4154847687544,1209.639222853275,3045.9228377819936,2407.003751860035,2728.077708174728,3188.063544997213,1843.3754360403625,2436.111304804727,4070.3925364976676,219.3428702722854,3533.988531462858,2682.0785118934236,2966.10056382241,3439.3228289583762,778.0759026061612,897.2659056393273,403.48995301113274,1645.4756945798174,2224.11461676575,1488.6406138390348,3411.5820249014064,2703.549253078103,2361.7424799735163,5539.581633194442,4252.965539772874,4017.6748691232,2714.2020187723806,2658.796164159751,3657.0211572874905,2752.6705653318186,4101.327889653753,3220.745983198178,1849.0167438381723,3553.485300647785,3139.5178463753928,2650.8649284878084,3069.5621079558427,525.1648910401871,4046.322308815812,3511.693279927985,1354.3011851971144],
        [379.54882831862113,1690.112055056387,942.1535887147481,2658.5561603250544,1699.972595217353,2721.3326392816243,1697.026293507833,2922.7906450149735,2693.0571837409725,1364.8292998420447,1726.1925897944473,2694.5921190776617,2441.1448144078245,1495.4626317418306,2111.8742763890396,2183.2027452947127,1045.5961695070505,1387.0711442118647,2116.5559668850487,2325.059834841379,3191.912791240368,1210.87344569519,796.7173808503455,2011.0133910651593,1728.8326999547853,0.0,1319.0634416243352,2820.9036485897973,1008.3028909707419,1017.388327892902,1902.8658701399486,1705.1630069886603,2294.86090513523,1029.1127926663341,2326.341698196327,1962.271344690773,2079.199275946056,1318.9915880335311,2356.8107170870667,1509.6070383819595,2331.135156435162,1029.3659233665687,2259.054381671845,2390.226831754293,1563.1516792948148,844.7979994670662,1662.8912952661162,275.97212195618664,2213.774971007716,2043.1368614233977,1858.6300521523008,2025.2899600769954,634.0538903402787,3811.1303738280953,3507.1584029784062,2936.9212184007424,1859.2242704314895,930.4790980428147,2250.0510998808927,1669.8761439776433,3001.641374190033,2063.7392668600974,305.27826489271945,2553.943431296125,2802.932111748067,1033.3526702702602,1371.9534155383637,2252.819838376711,2345.4962427832825,2181.110548471267,379.54882831862113],
        [1063.082812398784,1184.161404192571,1977.8045678487517,3786.461582283138,1838.2844210804294,1979.2249584506278,2867.0767643770787,4048.4407939415746,3925.6492016580078,1952.2724073964812,2625.026808713842,3917.388890525524,2395.0729788959084,681.3118401813906,1228.1583159612235,2580.8576803217456,2363.3083571183497,2697.096797290308,1936.56601012139,1013.6880388082443,4338.40827476146,568.1911574218486,1245.3891186737646,3103.9291723668853,1327.0459946874148,1319.0634416243352,0.0,2336.382439294935,1004.827447168325,1212.0879938045493,2669.5640463730506,441.18882385499126,1719.033886471496,2337.1136707880123,1431.4346144906833,1952.988980746035,791.2699652845298,1237.0275651172956,3478.537028573782,1189.1309919752555,2271.7089321224216,2307.8788431995745,1639.0938336640768,3665.7547990924495,1787.691856241338,894.7477350450034,976.0146782045086,1466.704643038308,1042.019773005292,732.4536778621546,2362.721507241514,3163.126345188414,1771.5970868771094,4795.636321429957,2931.4763856721493,2710.5022333596344,3056.151076930486,2068.4716126856065,3568.2776950920434,1497.8329193865236,2796.296803609034,3356.650196728585,1606.2107018157872,3820.5412594920854,3832.9003226338327,1769.7531413000836,2580.106217429312,1693.5569860943185,3501.371941546005,2303.314000701604,1063.082812398784],
        [2888.207016001383,1206.2447359149805,3761.652929273137,5417.086065762053,1324.2661283194673,588.617988165281,3247.36481758965,5675.669120188587,5327.592810786461,1938.0611770648447,4540.732509474223,4160.965755986525,862.7574941530352,3012.4248561416825,3461.9027296099393,1670.8572427184176,3568.2998597066216,3637.5743916442866,4269.918816318876,2268.038797189261,4247.608915464484,2885.9647499447583,2046.9259172558225,3205.6132510143657,3663.197281157141,2820.9036485897973,2336.382439294935,0.0,3220.613445524948,1811.1155398520464,4689.277924586024,2562.000059699055,617.375774577846,3631.5949679140226,1077.1101555577977,1047.5373707749136,2093.151597369082,1502.0708673084105,3525.8231662007342,3515.5275670933697,851.4414314919503,3216.534731902498,700.4037437602435,4944.920991309913,4029.3679460940775,3047.162573636392,3304.4852387685423,3094.8301404271115,1709.5655637486855,2493.6950841256703,1814.6096494339856,4797.557846093941,2685.5277469228486,4190.445727269262,690.195532429092,602.5739304587463,4590.762602048096,2775.4688942258363,4446.956413967498,1158.540039416899,683.1872059209009,4587.905744127785,3080.6401718761563,5121.8206506434235,5607.148622916331,2159.2733836305683,3173.2320729744674,4004.4082059237276,3634.3483182867167,1169.6124520071162,2888.207016001383],
        [634.343379649936,2015.6738266168143,1149.8736754906129,2893.653322417094,2400.317635242875,2938.347006162119,2690.341808539373,3148.30919503915,3120.0954403651617,2248.6216850980254,1666.9518835396168,3648.341379763635,3086.479431259854,673.7901079448785,1178.6652113541597,3029.7823887859286,1839.3836864313257,2257.5617942811573,1170.422782379885,1898.0608409959545,4177.721870605524,492.67670548251783,1533.8320476427612,3016.2460227413453,720.6067778091051,1008.3028909707419,1004.827447168325,3220.613445524948,0.0,1657.6938656486348,1677.8241771377725,1149.2086972247184,2615.8601461143066,1763.0370208009372,2415.053578340976,2603.550196914373,1740.421670060851,1854.5411374976943,3355.2784858188134,501.3231610794516,2964.7643620576105,1979.4607251991806,2548.5880610490817,2930.713876838414,810.1466808528851,197.00435903516046,717.4739731452659,942.5992900826349,2041.6243359136624,1510.74746066132,2735.6278080920615,2297.4939664554754,1641.166286757095,4819.313257006661,3859.2957753851274,3498.6109940104484,2245.063072136137,1938.5134732499896,3034.75972331093,2197.572310185689,3577.1644884715256,2669.879215993505,1144.9679862538583,3065.1080035861073,2888.1355628953447,1951.3126629208564,2357.8369387830717,1244.6052179305916,3335.273660626629,2901.825800858546,634.343379649936],
        [1157.7306481343549,772.4255695815186,1959.2455322195435,3617.374440936428,743.9861685272506,1778.5970936722965,1863.5670882313389,3878.3308684065123,3570.5913474973663,744.282211510223,2743.5410772291766,2918.44229756309,1457.5799950610974,1778.9034600625296,2399.878139193749,1407.0313186524097,1813.1489654781078,1977.978922121333,2821.852986703337,1962.4118648830408,3248.3107257929128,1531.648485984291,240.20209419845574,2016.0897177642032,2289.976772651597,1017.388327892902,1212.0879938045493,1811.1155398520464,1657.6938656486348,0.0,2912.930736450093,1643.7998678720967,1322.7279424874152,1857.2233759487501,1494.7861707815264,970.8025245117759,1681.803667094305,317.822878528209,2394.7200332575085,2089.626385475746,1340.9020395361276,1540.276141718695,1304.0965528335776,3214.445788767342,2409.5470778584645,1461.4153977424971,2049.766738679004,1293.264302221128,1623.6836654428728,1853.5626984107037,1158.2100286970804,2992.594189288651,951.7492335480359,3613.212367221929,2500.2769985121013,1928.567206966146,2795.606370486934,1148.0791768333174,2853.7143442542792,654.2844932902177,1997.0052571649594,2863.0332803984174,1269.5251815641284,3388.576192436381,3796.6737136937977,632.9520951490283,1651.3886628608282,2761.028890418369,2445.459620277756,1245.697508993207,1157.7306481343549],
