{
    "drone_dist": [
        [0.0,2535.8674137129296,3007.0773312289475,1644.6048149504154,977.4942396594611,488.4765747863322,2016.4519745105993,3758.7331040045533,2333.6154224063866,2714.1570510234405,916.5394651147604,668.0928725640244,3838.815321085623,2335.8943123093286,2751.9693693982626,3331.114760085389,3421.7144383862314,2700.0362552020797,1652.2285928405463,2209.132699483421,872.475821068494,1083.0620309206272,3206.133669788099,2052.7859419056317,3392.3398583461067,2304.6199415523593,847.418319303682,2292.8331669321256,4185.796839483691,3500.9534138848207,2913.608627096279,2731.9361985297855,3481.647220838785,1224.482954291883,745.7577397905147,2518.866285784872,1371.6096534181015,1980.6825844597283,605.0092442024884,2910.347497403534,1200.3967831199816,2458.090005995847,3430.1263176369566,3232.041270819907,1249.1664260777786,2980.6161458978386,1320.0503465992647,3581.812007932029,3216.1000261666754,1873.6018456446895,975.8061539536833,2071.56514227031,2813.8819360125035,2017.2059804197854,1746.4768099173332,2025.066270366267,2230.4593482071887,2137.162068055113,771.5057237856419,1903.5117335385494,2452.9724535346463,3789.9113627388724,2718.189571268306,1084.2249204874809,2281.337842415279,2438.89082305684,893.1241950067136,1765.837894122324,2502.835936944579,1995.2289946754443,3203.124741716238,712.2352929644975,3339.7788151222103,2977.9696959271487,1848.825397839435,4432.908936459879,2956.874125756492,766.6017463897135,3369.8403969811143,2084.639027048386,0.0],
        [2535.8674137129296,0.0,471.802644366949,4157.860850679787,2629.7809490432887,2163.248977667364,1472.6559579065045,2214.8541333804633,4758.560179129697,1633.073067331023,2496.710640586654,2900.6212845756695,1943.9872502107555,2965.8134712257915,2372.9323353303716,1021.3360600209146,1347.7211422269559,3517.3856993631994,1539.7625887253137,2722.800660722318,1664.5479730994261,3229.9004524363213,832.6158882907066,3590.400526148741,920.1597285891692,2263.9345670849875,2823.0125677323063,1102.160330690151,1808.540227631377,2428.217010302464,1176.6662605374643,3632.4158854719117,3773.8361269905404,2965.306384025702,2840.8494242184647,2743.528311051115,2266.7772594673725,2600.441941495383,2758.308343206746,3316.2323873172186,3660.815354144617,326.61176717598147,895.5536232360585,1600.2678454130353,2188.5690956921785,3146.0385941891286,2493.9582721009274,2472.106056164961,680.8363036823996,662.6914568020164,1581.1324067647,2531.4400241392223,3662.6027261891654,3753.5221613289023,4031.8181210907746,2663.8040291890043,1981.746455741651,4289.693875691617,2226.8019437242674,691.2701193869794,3232.79661947624,3031.4414117698975,1435.5966909036733,1614.8795602417229,3116.0868659886355,2181.8341628898092,2936.5692730912847,976.2832351784583,2278.164327878497,986.6009844066189,2778.5617252216302,2656.6189510720988,3542.9235611986555,3171.3003568294625,2351.2778117891044,1913.3624634955033,1285.343004737828,2629.2181548246012,1581.9770488857864,2858.2367598380197,2535.8674137129296],
        [3007.0773312289475,471.802644366949,0.0,4629.48375439703,3080.6426886114436,2628.104864012809,1781.3521095941219,2172.551868862245,5225.51387882084,1814.7487414693287,2933.7321108370647,3358.6161416004197,1802.6764906045987,3309.0518454893827,2607.785953650431,793.9345554527052,1206.5633999625709,3856.3797788157854,1916.1319425052911,3032.306021495965,2136.1536420746243,3690.180980996767,598.4485322993582,4002.924225139064,513.1711098255624,2531.8553872586863,3269.69684190237,1390.0897286493898,1445.4886974632345,2501.37978125991,1241.828283069154,3977.03974970606,4028.245975586685,3391.58230473867,3293.4542576669437,3007.587129820799,2687.6440826503786,2966.8564297133616,3225.054016702193,3609.523968214425,4124.916980331695,636.5532837637436,423.78257136884883,1610.6795528320897,2619.6425493184934,3412.676633618105,2921.275652851482,2531.355526103446,216.87740615054534,1134.4161909650854,2052.5477337762063,2883.737233046325,3999.703824643728,4179.098285616211,4492.655789291058,2995.199480137045,2288.25512089546,4740.158183001764,2674.4674752093847,1150.2940318960384,3580.0264974166744,3130.7009035463348,1600.472326118811,2065.887605732234,3442.1533538575677,2460.877128413159,3383.897290608039,1393.7843871014543,2510.7350999762857,1367.0958108022312,2967.0459312450453,3107.26621358906,3793.8764230252664,3440.7922161947504,2724.3881084168574,1457.6284405390204,1298.5307127279439,3089.423005178753,1533.9018803232834,3192.6637915990004,3007.0773312289475],
        [1644.6048149504154,4157.860850679787,4629.48375439703,0.0,1811.5457375279839,2099.26043130317,3586.586968420266,5026.240178901696,807.183339205206,4002.011182934489,2196.2376187778127,1609.6908127249849,5221.320623983911,2924.4345892200213,3748.9362504412684,4872.588158906765,4893.98568231015,2996.9051838872565,3226.725174813702,3390.5253972333107,2498.617407826239,1199.6385359144808,4769.889608866875,2025.049121299102,5031.597355224256,3678.475246480275,1865.7692015453445,3729.265085801773,5716.400649230576,4623.940140218489,4354.36383133871,2952.0061494637184,3900.1466745238813,2121.378614479696,1752.380255018592,3738.074015195415,2397.703472246127,2760.07783347922,1466.480546613429,3420.130969277857,994.7250508913565,4099.061440354971,5053.249404100527,4596.794217085608,2354.7181464287,3617.6711747447953,2192.5808010831315,4706.3918181880645,4833.670081148503,3496.272266878172,2577.09904584758,2901.2080416512804,3043.363833856416,1784.6959945921024,823.4978504289537,3210.9978006724223,3355.023585350866,1222.2310713534605,2250.7367366740514,3497.1804209193747,2881.6319334153327,4724.715362141862,4069.3709018268696,2713.4665289109817,3270.14436837169,3485.0994556530395,1791.347882551721,3408.263556836119,3889.694926533428,3488.2511826046257,4098.008316718902,1905.552156903382,3851.12931117881,3599.100595200073,2778.5485374616865,6028.104412001684,4572.5386245251075,1681.1871517528978,4764.436014464703,3179.2687330987414,1644.6048149504154],
        [977.4942396594611,2629.7809490432887,3080.6426886114436,1811.5457375279839,0.0,1299.1537865570383,2644.759257815141,3214.944161148122,2215.7906927965014,2192.4912187668006,1869.8634673046063,1617.6752441576268,3419.8083166735264,1382.1228500457482,1984.3428705538706,3166.732227698337,3131.277686564906,1722.5521440378393,2306.8612694903727,3118.348579304535,1218.2840661208036,651.9953393562803,3093.8892830469017,1162.162278152054,3548.8433976876527,3118.03895042421,1822.7730317288563,1972.359465550451,3984.991150924394,2831.7347423095607,2583.4568894126764,1755.9484408517737,2519.6900255229525,2201.441363062204,1715.1701241606647,3402.58356797927,587.6560757244774,1071.1109750288392,464.4325933832897,1954.6018856232997,1890.9822983543334,2674.326930851314,3491.9990981108394,2795.362530757827,548.5626052952748,2055.701876882899,411.4904456457641,2914.4668182944056,3261.8178318033297,2019.562630631918,1191.4536896038446,1188.6956969566463,1837.0408601672475,1216.378493368653,1436.595419553281,2940.206223719423,1549.1639471864078,1660.0607625392743,1658.2974348082812,1938.7424485537606,1479.0306403963825,3002.4266781740134,2269.8790036983587,1681.6223457951917,3235.3627010340642,1698.7294962629014,1859.5327244011626,2173.5052628073927,3297.526124374025,1786.2682715330739,2385.393901334507,1688.9409428412125,2391.502375199218,2048.5836061784,1011.0328390682257,4375.496038224519,3419.4596018385973,218.92260501121635,2969.385125563263,3022.860190652351,977.4942396594611],
        [488.4765747863322,2163.248977667364,2628.104864012809,2099.26043130317,1299.1537865570383,0.0,1528.0929792565064,3632.3655148424477,2813.182067371678,2610.1921970783847,630.9692765453353,758.9759492102692,3645.6232338888935,2555.297081032188,2792.553370225312,3034.7855497413375,3177.7751502699425,2980.650024193546,1163.8029403829125,1819.4209295390506,580.5778652959148,1545.8559861096198,2891.7625408912836,2442.721850984527,2979.331877038924,1849.430046149392,774.2413412164543,2110.8427945897365,3887.2375486369174,3453.993004010969,2704.527724348562,3030.208156390431,3695.819755689373,1079.624899854326,739.2375801493115,2105.836327662095,1529.5384159831772,2164.0099199663687,1034.3346253155587,3120.7024736848957,1497.5845618476933,2046.064165125203,3046.4637104140834,3063.750863088458,1389.722939963158,3147.148159132736,1553.6972957019746,3531.6624411330545,2842.102186470909,1513.5980505285343,726.6646142009879,2227.6089203886313,3105.897936931065,2441.8439485537015,2234.227971026296,1642.2792806322361,2242.9733704329187,2619.166860216778,364.3066150097734,1587.8070228323586,2712.2375424609236,3816.498637939483,2575.7067837267064,614.6729360303029,1958.514775645436,2475.2298069791555,870.3247909097782,1318.5154488353417,2041.2671491539475,1782.8089503687395,3265.8167681048726,591.6281753641962,3531.377513060937,3149.8951867535234,1985.8618753793646,4075.8742692347373,2479.0287085039586,1120.74163050875,3179.311465266282,1733.4933228750717,488.4765747863322],
        [2016.4519745105993,1472.6559579065045,1781.3521095941219,3586.586968420266,2644.759257815141,1528.0929792565064,0.0,3616.6444380827884,4330.318072412389,2822.0145413952923,1463.985117256742,2028.2133708164863,3403.7927911123334,3577.6213843563523,3372.1440551489145,2489.485909043202,2815.205696894437,4095.397126006808,364.44624885717167,1254.8490803100572,1431.6638888769755,3040.3807230405696,2295.5107415744496,3798.224752510225,1896.6866300945976,803.7223443096219,1835.3446053510415,2207.763239189144,3226.2387466132086,3704.590295468688,2554.8931411278786,4178.8936664997955,4615.17211882433,1812.701369954219,1910.8805172377606,1279.3797907481019,2597.9571848523283,3161.2513926201477,2514.6358327606163,4071.680610890876,2812.9363549989407,1171.0295855351521,2106.5366324521215,2987.887654523284,2465.1372358230037,3994.4913835412885,2738.4776537041785,3763.830608158141,1980.7947523537764,1213.0817040136878,1492.9251372511008,3160.000284614121,4236.954754686976,3857.585737497791,3759.8775039928964,1214.5704950041752,2848.8717057135755,4132.950774805707,1337.6935337397358,1433.1180523633975,3802.315206963538,4241.163922765235,2676.279429069507,973.1976826063941,1660.8395218161559,3094.9457629001686,1943.7554611392072,676.6900229861207,863.575555029072,1902.6314336272892,3843.0112072243564,1727.607103050875,4407.514523785213,4009.6915182512184,2920.219910825849,3157.5719062448884,1029.7515623223348,2525.7081901924153,3009.2275695326075,1412.3828443089456,2016.4519745105993],
        [3758.7331040045533,2214.8541333804633,2172.551868862245,5026.240178901696,3214.944161148122,3632.3655148424477,3616.6444380827884,0.0,5340.613125220683,1046.8606643501878,4188.002603326972,4358.840776629567,540.426767152958,2479.317768068604,1436.507500262322,1424.7684784365904,992.0075903897093,2871.9178120858405,3570.624452692572,4811.6459687595425,3058.162341428044,3841.8915907488586,1593.6442392024592,3532.086422950646,2549.603268339889,4420.200459884572,4406.146272561218,1537.2358364824095,1556.4661416055103,631.2209048558885,1061.7839864645189,3005.498004302152,2552.7963094064344,4677.687919539314,4366.783832982725,4892.713083835303,2628.6440669063213,2396.5161826331346,3602.5584603966454,2409.274527844672,4945.068593628764,2541.075957487341,2227.953025619796,628.9375129378545,2677.1469000401175,2116.4731784806127,2841.7834868852547,591.7604021373274,2117.045907722884,2446.7072119951595,2907.7505362186994,2250.44454967481,2976.8611608682,3802.6793299399105,4538.2984207428835,4715.4970317851285,1679.4772974925334,4583.485493444715,3875.304884321114,2249.568353589405,2706.7373352798186,1185.1299146623996,1057.0301372673703,3340.5924106283405,5161.556970442243,1599.9642156934403,4502.175922888724,2985.2611158771683,4463.121105981855,1879.9867680556554,1418.4809842142924,4223.19573171297,2339.735260981129,2152.516478250756,2290.7468940114113,2253.3851351031612,3449.782761417968,3361.4398867602426,641.3608211596242,4895.868817574352,3758.7331040045533],
        [2333.6154224063866,4758.560179129697,5225.51387882084,807.183339205206,2215.7906927965014,2813.182067371678,4330.318072412389,5340.613125220683,0.0,4363.098453790447,2980.785908955304,2399.8509456832826,5603.005403791591,3020.0942220160364,3970.3035172152913,5378.477191146946,5344.851351294391,2942.6835648405026,3966.8718381412,4195.4358892305545,3136.5388479150633,1565.841464411522,5297.381297639488,1973.687819280043,5658.242804677613,4469.59319398387,2662.416094767562,4188.098935115763,6200.725287214515,4868.9483928951795,4795.982252472814,2865.081479398771,3825.574660596137,2927.7877624389353,2545.3866166223843,4542.441640342697,2760.306875672449,2965.0876657577173,2000.4686021514624,3427.2155227038093,1797.1434413445443,4737.600662738199,5646.47382239197,4982.659687204981,2756.393720135258,3670.661296100393,2525.3410649075654,4949.234398266079,5420.485759414712,4107.5037136059855,3190.255953202796,3112.7176618725452,2950.4953373936223,1688.229214325708,802.6356063293298,4015.0332467262847,3665.933231985143,889.2252282320342,3006.7910596206707,4076.5795901051406,2905.7783549883,4865.264156160251,4464.1970216891505,3417.8389860855777,4076.813715481432,3748.2612092068657,2592.622374344833,4089.1072808780436,4680.160655490242,3991.761273063177,4247.538814151694,2689.2353168872664,3825.5091094083336,3645.737948474457,3049.8662516489244,6574.839629204235,5290.250589864253,2153.381783261671,5164.811964488595,3985.9965388463725,2333.6154224063866],
        [2714.1570510234405,1633.073067331023,1814.7487414693287,4002.011182934489,2192.4912187668006,2610.1921970783847,2822.0145413952923,1046.8606643501878,4363.098453790447,0.0,3187.919001643921,3323.3542271129063,1240.6627061130698,1716.267192895327,813.1751051724008,1365.9586315108234,1112.2517421098503,2215.2880462007715,2704.3648810081686,3935.6803138899686,2045.8626802490005,2832.3466602494427,1420.3896235633706,2668.794438444302,2307.2935881687317,3608.321836766235,3384.0589364570383,614.3458041637876,1992.6143560985397,893.3385981681346,638.679552947987,2347.3142661580227,2230.2407900244148,3672.32811758384,3338.0720343852204,4062.5525811362954,1613.3660060558457,1507.7936497339117,2563.487376290811,1869.2078404015879,3898.331470036522,1924.1866968941729,2063.453735642452,628.4998643665929,1647.306218212425,1635.459324427423,1840.0831738503748,960.7403741032053,1868.5702466670689,1608.9604818528426,1893.4409074821742,1375.3518618536564,2346.916769170102,2916.917556479254,3561.770219569348,3819.653254795991,724.1444091923426,3654.4958871388985,2874.91347480042,1389.7696725206383,1980.5129966540878,1427.3457573254764,216.80906425978228,2379.110599011656,4253.257306831819,764.6686956904424,3476.4473642405374,2151.6097150375235,3685.568980283828,938.6915295984217,1154.9340334514325,3201.7473356153873,1994.9786790861074,1666.7696673883358,1343.4670057061253,2561.6367428840726,2914.139840237731,2327.094373854801,823.749064515729,3988.6347851271867,2714.1570510234405],
        [916.5394651147604,2496.710640586654,2933.7321108370647,2196.2376187778127,1869.8634673046063,630.9692765453353,1463.985117256742,4188.002603326972,2980.785908955304,3187.919001643921,0.0,588.4923792751999,4154.551146192927,3174.362361367873,3416.4956725616275,3451.3226046906984,3648.097153577337,3580.8711434079887,1136.7003284658722,1305.7973495860736,1144.4451001475136,1974.8767061501198,3288.8461915560097,2969.3074861474806,3205.574841060079,1490.9823109728175,371.4425397964809,2652.0232393149704,4287.491305663213,4050.200274760459,3213.5360008682082,3622.4990506606973,4318.257993576252,492.1725392417919,454.8304794859097,1630.3354875736713,2155.553677105723,2789.0597389134145,1521.2167257208873,3743.0871961065063,1352.69443562333,2308.2748575818077,3332.135601304747,3597.9037523206507,2017.057564643724,3776.1836831602036,2163.6084239894403,4126.174939693008,3150.522212796327,1902.8147881547693,1297.19507105412,2856.359405266637,3701.343511729027,2928.1368756414695,2539.0835171947256,1119.7396312672365,2863.984506536025,2965.4277132550333,313.17742287705533,2030.429859182238,3320.005605402728,4434.680514383697,3133.0596798487613,897.1694242420161,1367.357900249848,3099.5492321522147,481.559131386673,1542.4808760664016,1700.6305384308112,2312.0933934722034,3892.125479062255,291.5515221530766,4157.722614511406,3778.3817327402116,2615.701522004275,4389.937173975738,2491.5583157493625,1669.8893986980977,3695.7106033201576,1168.5755927481391,916.5394651147604],
        [668.0928725640244,2900.6212845756695,3358.6161416004197,1609.6908127249849,1617.6752441576268,758.9759492102692,2028.2133708164863,4358.840776629567,2399.8509456832826,3323.3542271129063,588.4923792751999,0.0,4395.106291420555,2992.9054909126576,3412.055452113119,3792.2959719949426,3935.5616203136005,3331.2899649796027,1683.5154260573786,1823.653572174612,1333.833169483226,1545.0117982098511,3646.672731790732,2603.637163488306,3678.839609643207,2070.18651182513,275.3294296614833,2853.319026345998,4643.702677199335,4137.988436193345,3456.1433043510956,3353.0115358630646,4135.702894022607,631.2866555766242,148.83110688863002,2164.0829394713146,2039.7004315151642,2646.018387094968,1187.5401503321991,3567.2591829536022,792.8923412168814,2755.8767087674482,3771.429856511061,3804.9627298703535,1916.5011081624612,3645.748341701099,1981.3859722386178,4217.809827658341,3574.4674225161884,2261.9254134964726,1473.5518343204176,2739.0860423206636,3437.976882464166,2517.1840774121147,2006.7299850819102,1638.6088389393678,2882.3255486748803,2447.0815479998832,713.067187803144,2345.5018438028114,3096.0172393925413,4449.07393311736,3306.001849074342,1296.4691468206647,1789.3910882793625,3097.2465104717703,255.78974899308537,2000.285500161443,2281.077308431513,2532.177233674579,3867.610300072244,302.65356383272393,3999.9293775646747,3642.3773863136817,2516.9019943225794,4813.329699495936,3046.6644229347908,1399.725227799922,3927.374344723152,1642.4387191373842,668.0928725640244],
        [3838.815321085623,1943.9872502107555,1802.6764906045987,5221.320623983911,3419.8083166735264,3645.6232338888935,3403.7927911123334,540.426767152958,5603.005403791591,1240.6627061130698,4154.551146192927,4395.106291420555,0.0,2867.9935587431078,1839.793240321456,1012.7552159826533,602.6236058255281,3304.9518358180826,3410.5159553943713,4636.976302052988,3065.1001495571604,4065.3413508901026,1204.393059004462,3881.2802788665817,2116.193859015868,4202.8984164952635,4408.765291011904,1546.8057130640073,1016.0499943128766,1145.9644207899537,942.4846736477559,3439.497772348326,3060.865428144562,4646.606400250821,4384.6941702830145,4681.609903955793,2848.052669942185,2723.064649314359,3766.239456413526,2869.6825247232714,5038.648936327745,2266.3968174877973,1782.957931551646,624.6758490753558,2871.537465818299,2585.649692584201,3078.5033768264852,1119.3508639514766,1707.9608290266633,2308.7087454915577,2921.962250998312,2582.940598412459,3419.6008273761086,4139.276724510804,4802.073736850389,4558.946887144805,1954.6543222014343,4890.973341628332,3847.0036879733634,2139.9184322816327,3113.1117490347165,1725.0223233680008,1151.9576687524159,3273.4596770555204,5010.795217073185,1936.0768534033446,4511.674718168685,2818.8417673416625,4222.138337632027,1863.267655680812,1909.214713234162,4226.619561377923,2841.191071862532,2621.3825102585297,2578.0249523462585,1713.9075248748381,3100.8752490163556,3540.438423417604,469.06866069602944,4747.189411206731,3838.815321085623],
        [2335.8943123093286,2965.8134712257915,3309.0518454893827,2924.4345892200213,1382.1228500457482,2555.297081032188,3577.6213843563523,2479.317768068604,3020.0942220160364,1716.267192895327,3174.362361367873,2992.9054909126576,2867.9935587431078,0.0,1042.8523275351338,3049.375928118122,2828.49608584263,551.8590431718185,3304.803033844511,4329.088895839595,2234.0561853511995,1766.9358036928465,3064.455251205079,1081.7971696379814,3822.090527284766,4212.562633799264,3181.7084209273207,1924.1401127629547,3707.205341108449,1920.4025765552303,2328.042407197771,668.1910613287005,1146.8208160616769,3554.150022658199,3081.4518280161487,4571.302772771063,1034.5653241616512,417.05617389001674,1840.1339622769506,574.5327481027142,3238.939800521201,3151.5551611267283,3646.124529156426,2315.5163202803105,1177.2176524046047,699.1460309154807,1017.4071081473214,1994.8714111656172,3425.5218506727774,2567.3132360794534,2125.5000673187888,438.35688121658984,697.5306346488296,1367.0392266950525,2249.5753054157217,4163.946105137077,1042.2852086927128,2182.473259722731,2917.030419912272,2385.239116460245,272.3372886494923,1845.2482766149985,1902.442552197728,2732.960944091532,4510.387617042018,952.9723004524351,3228.238863513496,2957.12469885774,4361.2636103542845,1980.8019408034959,1231.452879093474,3033.6205769172693,1009.389394263335,684.9511621320294,660.1964730435049,4269.984117191358,4088.626561112151,1600.8247625453778,2517.408204049332,4276.334130460648,2335.8943123093286],
        [2751.9693693982626,2372.9323353303716,2607.785953650431,3748.9362504412684,1984.3428705538706,2792.553370225312,3372.1440551489145,1436.507500262322,3970.3035172152913,813.1751051724008,3416.4956725616275,3412.055452113119,1839.793240321456,1042.8523275351338,0.0,2173.3313945039836,1880.7899348829364,1467.5109109235173,3185.440424316502,4363.11922696773,2301.312588495067,2549.424871592491,2233.5197007243905,2103.1510341903236,3108.734677573188,4116.177607091761,3533.9335418668334,1274.3839463654485,2732.635679004263,900.0310989944103,1449.904516146576,1602.0476937918434,1421.6886366809322,3869.6607013898724,3461.396552331266,4540.232445825956,1419.0748273704255,1006.3775592269532,2428.6780125323457,1068.9846492666657,3850.3770200010886,2633.8584771218807,2874.2382024767226,1329.127200686183,1517.4962361174369,822.8986070749847,1576.1467654016476,979.4634156223676,2675.036077837629,2192.65837703896,2155.507438190266,859.3566181494369,1587.096583252146,2379.2738648112795,3174.859629733038,4223.87863229071,556.8843219032103,3175.991877508707,3115.6458894482676,1974.6001406977814,1276.251103280727,1038.0562851309803,1028.6586280269125,2735.8818095431875,4629.294134895377,317.3982264635945,3608.4601271408246,2697.860650851445,4223.788709162979,1496.9372737045003,483.34810394313024,3360.5308928835325,1186.7943098120738,854.763781082577,976.28944503305,3343.147395245953,3625.5015355437536,2172.056028315355,1528.9605636002289,4372.440253864371,2751.9693693982626],
        [3331.114760085389,1021.3360600209146,793.9345554527052,4872.588158906765,3166.732227698337,3034.7855497413375,2489.485909043202,1424.7684784365904,5378.477191146946,1365.9586315108234,3451.3226046906984,3792.2959719949426,1012.7552159826533,3049.375928118122,2173.3313945039836,0.0,433.3018950489178,3568.5742943021064,2556.9556061378426,3742.4174433367784,2477.5042538782677,3813.019773828677,199.27402722693117,3906.7650885988824,1124.857093870929,3271.289408340942,3752.4360774150405,1214.756168848593,855.0672700532185,1847.6554100504293,728.5744341379086,3698.561232528889,3572.6369387938857,3933.48671418554,3752.940745499318,3750.650844762774,2669.828201289598,2777.7010533294256,3413.308375969951,3235.0621030028246,4511.977693332924,1320.7311597432622,806.2616329432632,946.3630820868551,2641.9605304216266,2995.7566092896373,2914.075907612907,1861.4452554796228,698.5906342893519,1548.7748796685964,2357.5660452254765,2664.754940419898,3703.73619380101,4124.01750608301,4602.906621884125,3685.138061547604,2010.7555808916627,4782.607196958166,3162.041527071719,1446.9807433663398,3319.5166670963335,2485.050291061822,1158.82177043643,2554.523638890367,4137.382548388527,2115.390455596972,3862.995515378209,1980.290543908101,3269.424103779059,1389.2364672677054,2441.3772452920243,3577.2039701051226,3338.3265310294637,3027.9758039677145,2565.4470517838986,1237.148488854641,2091.951933229667,3229.5343693397836,813.2885276052031,3879.5246877258583,3331.114760085389],
        [3421.7144383862314,1347.7211422269559,1206.5633999625709,4893.98568231015,3131.277686564906,3177.7751502699425,2815.205696894437,992.0075903897093,5344.851351294391,1112.2517421098503,3648.097153577337,3935.5616203136005,602.6236058255281,2828.49608584263,1880.7899348829364,433.3018950489178,0.0,3322.8394668195942,2841.1176317638187,4056.655174139164,2602.6677088823444,3783.255189389017,611.8172006576664,3756.869419226218,1557.9858693913034,3610.835138962094,3924.4359187485757,1165.1808148163093,886.251773097997,1444.8498261760496,549.6009079847473,3455.697037031548,3242.163119573553,4137.788701540152,3911.557048323141,4090.210312884868,2593.2107900152046,2602.6549955370942,3427.539518382441,2949.688089071378,4618.902855417864,1667.5483324822446,1236.3507623728128,571.3378080304304,2588.491352135919,2692.4705559971208,2834.9473285604154,1451.1455410491862,1129.8870252972424,1764.1196717154849,2468.5499711865905,2476.764579029213,3451.733832596405,3992.7044088895536,4554.244095488752,3985.540056115757,1817.2517339789345,4695.010718096038,3346.9973173067892,1617.7359551802167,3092.495171946001,2078.877619454045,935.8611863581282,2755.1321423758704,4438.253339909869,1876.619823490438,4031.3022116122556,2251.5988050483274,3624.8723314017907,1427.6906582176819,2092.0465184708896,3744.584097027349,3010.527862360964,2726.253344415374,2414.4112945884863,1462.5229675230073,2502.585804725492,3221.912375216724,402.0405342620523,4176.276726598848,3421.7144383862314],
        [2700.0362552020797,3517.3856993631994,3856.3797788157854,2996.9051838872565,1722.5521440378393,2980.650024193546,4095.397126006808,2871.9178120858405,2942.6835648405026,2215.2880462007715,3580.8711434079887,3331.2899649796027,3304.9518358180826,551.8590431718185,1467.5109109235173,3568.5742943021064,3322.8394668195942,0.0,3809.425081104235,4784.546043339271,2718.8693299281776,1941.8265756911171,3593.923034508904,984.0125314036912,4369.545970049939,4702.858191811869,3544.6381898077575,2468.5911140272433,4190.688466816468,2270.867922074958,2842.0204276830964,134.56963620809415,903.5047112502466,3923.8192096991206,3435.0483381326303,5042.352705868312,1509.8538796691635,946.7387716311523,2146.1434565430905,517.7391998719413,3465.4223923327145,3702.7599539264465,4187.193175090478,2788.3004058805886,1649.8704128395273,807.8510162172516,1429.2689683289852,2336.5498842963075,3968.5615312969417,3113.575793219323,2622.129800959579,989.2383413062357,146.01498681852345,1258.8174389475969,2237.1370314118035,4613.694722800598,1577.167130367714,2060.511685418664,3344.956615436542,2934.577959595139,294.84611976430784,2049.570245898592,2412.4717873557133,3220.305103320771,4937.752407765869,1454.0100199295189,3577.756834437568,3488.6933254054575,4859.496529938997,2532.6298229401837,1502.8114043566966,3411.062511015605,882.9437770120284,774.8598611536111,1198.9171459234626,4776.918527388403,4635.395149004298,1936.1691302991735,2989.759247851761,4713.71786645192,2700.0362552020797],
        [1652.2285928405463,1539.7625887253137,1916.1319425052911,3226.725174813702,2306.8612694903727,1163.8029403829125,364.44624885717167,3570.624452692572,3966.8718381412,2704.3648810081686,1136.7003284658722,1683.5154260573786,3410.5159553943713,3304.803033844511,3185.440424316502,2556.9556061378426,2841.1176317638187,3809.425081104235,0.0,1241.5605236201932,1107.9557240042336,2682.203736223372,2371.787279926229,3465.7867391579534,2112.4767642810593,932.1027301538672,1506.7242652450623,2094.7683103433797,3341.2696910504137,3596.750574406271,2517.5069904799325,3886.9215673776375,4372.066775936342,1528.5283257347833,1572.9991544555196,1362.4554408189206,2302.0850364303633,2887.810761067644,2157.3921973279344,3817.742738707131,2473.4188885679937,1280.6962583782501,2281.3355763395293,2944.0583544416104,2165.1840122050744,3760.762529808784,2426.2130439768557,3661.19331166037,2127.2563240598665,1124.1184805595062,1188.4396457259547,2898.6447404377495,3948.7629379687914,3514.5647403414405,3396.3952113426403,1149.3582736099777,2645.3970395626225,3772.1071871927234,982.4198121978183,1328.7122867905007,3518.7943409448562,4101.036766468602,2580.5651828565537,625.6077699825249,1600.4344327421868,2894.3680743334767,1618.1538733254968,591.7419991805692,1059.639576246873,1766.9030353849646,3664.206266732508,1386.259504658356,4171.7345290549,3773.5793829062322,2654.280257954554,3344.0504679032856,1363.1641877693878,2178.523218470868,2989.6471429058365,1336.6875190572978,1652.2285928405463],
        [2209.132699483421,2722.800660722318,3032.306021495965,3390.5253972333107,3118.348579304535,1819.4209295390506,1254.8490803100572,4811.6459687595425,4195.4358892305545,3935.6803138899686,1305.7973495860736,1823.653572174612,4636.976302052988,4329.088895839595,4363.11922696773,3742.4174433367784,4056.655174139164,4784.546043339271,1241.5605236201932,0.0,2110.0901270923277,3279.6786021894945,3549.397461890479,4251.8222160103405,3098.3947536240653,562.8744843393204,1549.6247723260094,3330.415157962667,4477.788143223042,4829.01159555222,3756.4490754102258,4840.863880574847,5448.101667704501,1272.0540190393094,1674.8423655172244,348.8974578129998,3294.8225081269784,3921.417692468389,2812.321043870808,4877.9221379640585,2432.52181961752,2425.726441404832,3338.148942729778,4184.481562609553,3152.140995550915,4863.088840969229,3355.757946788211,4895.197749465246,3227.2079896504256,2365.57755038922,2238.688460016886,3960.9288714586737,4913.892592096038,4226.333334022254,3826.7394855228295,186.49259267020147,3810.7265424321276,4261.13084057749,1461.3789565269797,2569.439691575259,4507.955443305898,5314.3763426257465,3818.8920955122308,1633.6966825979634,427.79868770931625,4059.4399273717854,1606.5204805414955,1827.6185942407399,713.244718917942,2997.022752878826,4846.076872237887,1573.2480052426797,5264.9153939879025,4871.269992850508,3713.0126757515172,4370.575944822274,2056.4653882359917,2934.338894966272,4225.1664020824055,259.4753842605544,2209.132699483421],
        [872.475821068494,1664.5479730994261,2136.1536420746243,2498.617407826239,1218.2840661208036,580.5778652959148,1431.6638888769755,3058.162341428044,3136.5388479150633,2045.8626802490005,1144.4451001475136,1333.833169483226,3065.1001495571604,2234.0561853511995,2301.312588495067,2477.5042538782677,2602.6677088823444,2718.8693299281776,1107.9557240042336,2110.0901270923277,0.0,1684.9435965135494,2344.021901288344,2366.7535792553285,2534.1703001727533,1984.0017500428037,1349.8000791225022,1531.5564285717094,3332.300983501543,2905.8950937772174,2124.2582617201106,2790.2796396073254,3340.00243030447,1626.4935854223816,1319.796861670079,2338.55514955533,1209.4463273917606,1820.7576213251855,1167.814799096998,2772.2419088680663,2034.6153211676599,1604.7339533425704,2559.619406283935,2484.272337030752,1069.0034195960955,2753.2988671583394,1319.247430633204,2981.7515104675576,2344.2245662143846,1001.9006986251579,152.7671958260377,1852.637528191885,2855.4890172117716,2434.4799720219175,2461.3794416818196,1954.4651820044035,1744.6229840917038,2785.687062111333,832.7583281778176,1036.9003129925438,2432.2298558260436,3303.8977491970154,2001.1416563138423,501.4396399714685,2338.293858925639,1987.645875204441,1449.2400224193557,980.1330382711958,2143.003874321727,1202.2364367498055,2782.68860244617,1166.8081096125632,3154.8984097499892,2761.2357122360245,1604.6384711067378,3561.013332440187,2224.687231758516,1121.0998034536228,2598.735511461224,2087.5387946325936,872.475821068494],
        [1083.0620309206272,3229.9004524363213,3690.180980996767,1199.6385359144808,651.9953393562803,1545.8559861096198,3040.3807230405696,3841.8915907488586,1565.841464411522,2832.3466602494427,1974.8767061501198,1545.0117982098511,4065.3413508901026,1766.9358036928465,2549.424871592491,3813.019773828677,3783.255189389017,1941.8265756911171,2682.203736223372,3279.6786021894945,1684.9435965135494,0.0,3734.6306687419046,1082.1125615961275,4142.618799970154,3386.3208456554353,1804.2247326289119,2623.567754780038,4635.389909267031,3425.50940957066,3235.437937947923,1929.7814073074867,2823.764783607533,2175.817579084277,1678.5577378134278,3596.6948037482625,1218.995277925332,1565.6474422065958,526.4600887386797,2299.984405691937,1526.441302484398,3242.483605603565,4107.108248424098,3441.5547869064967,1198.2744330673343,2466.0727026558407,1000.3351645130172,3507.8640455061145,3878.6042391481137,2595.238250684598,1704.0461100195917,1704.6295064253484,2020.5437490098252,972.2068669183965,802.5389320819493,3094.050346289124,2164.517202977307,1101.7022517563726,1854.512519056769,2540.5012094706753,1770.16725044486,3532.4999228961988,2917.6499808172143,2070.533947766459,3313.3027776274926,2286.699905217095,1800.453117659084,2664.9974417224844,3582.7257608886152,2427.6542405631303,2906.386189824726,1725.0385573689514,2740.894486624183,2451.1692709757426,1579.3845529531054,5014.266363971665,3906.9662433861736,600.8067276402992,3617.9915967495676,3137.4231305974868,1083.0620309206272],
        [3206.133669788099,832.6158882907066,598.4485322993582,4769.889608866875,3093.8892830469017,2891.7625408912836,2295.5107415744496,1593.6442392024592,5297.381297639488,1420.3896235633706,3288.8461915560097,3646.672731790732,1204.393059004462,3064.455251205079,2233.5197007243905,199.27402722693117,611.8172006576664,3593.923034508904,2371.787279926229,3549.397461890479,2344.021901288344,3734.6306687419046,0.0,3882.3428810102937,965.3087378020622,3074.6054528954573,3597.2146839671786,1179.4850502967597,999.7009783976647,1979.7888111563243,786.5217028127726,3721.8300124773173,3646.4399360475513,3767.6759739262134,3602.1737841247614,3553.7820767770727,2618.700069170328,2771.783404194074,3318.187428851277,3283.645227779574,4377.511256471002,1125.3068586285508,667.119788698424,1074.6932455782116,2580.7311298425807,3055.77042810911,2862.1647112376463,1999.7492977656473,524.2528767448432,1390.690271158406,2230.3937846372073,2666.110431206864,3731.8755032247313,4089.9539775058574,4530.040987075237,3494.787421884364,2022.177466023667,4726.4218891554065,3004.1727939765265,1307.6253235663205,3336.220880615523,2616.8156991666983,1205.9996090629104,2393.820293764341,3946.618968618789,2147.934539062252,3708.736372068476,1800.424657080063,3071.0419993366613,1307.7044566881152,2532.3764451986167,3423.9493276243766,3411.337385029855,3086.9158956633823,2549.770749822574,1282.3090875161258,1896.9568425958691,3144.4432114770325,965.6902945705991,3689.764687857576,3206.133669788099],
        [2052.7859419056317,3590.400526148741,4002.924225139064,2025.049121299102,1162.162278152054,2442.721850984527,3798.224752510225,3532.086422950646,1973.687819280043,2668.794438444302,2969.3074861474806,2603.637163488306,3881.2802788665817,1081.7971696379814,2103.1510341903236,3906.7650885988824,3756.869419226218,984.0125314036912,3465.7867391579534,4251.8222160103405,2366.7535792553285,1082.1125615961275,3882.3428810102937,0.0,4501.597091276185,4277.501436932126,2850.155110490729,2702.861629050232,4642.963211906442,2995.085896043434,3221.8422486693044,928.2392727704676,1885.088204569318,3228.574016164897,2728.574331002676,4547.702809231634,1325.3497794457448,1161.3996073252124,1448.857189637983,1453.9593271262618,2588.7687866686397,3696.697878194702,4386.608787430168,3293.802635267683,1418.468027020367,1699.6677385410196,1111.750255867599,3071.190278458782,4156.523758051581,3049.9360042783146,2319.775030022348,1298.6397463066235,1019.164582081234,288.8254325539805,1253.159939552027,4070.0666842955775,1945.7636724271633,1109.3006339464007,2792.1718535603095,2922.6642432715753,934.6747500565672,2914.154810735445,2822.687175404912,2841.5511483470577,4332.7559636394935,1946.8323411298652,2859.0682369779124,3289.5106786853403,4458.821508996948,2637.9056856761244,2309.736614504237,2748.450877021658,1860.8842160499232,1673.7874309023116,1344.8306011169589,5143.910458690967,4521.621130228666,1322.1079381147065,3491.9016039553107,4136.906946678828,2052.7859419056317],
        [3392.3398583461067,920.1597285891692,513.1711098255624,5031.597355224256,3548.8433976876527,2979.331877038924,1896.6866300945976,2549.603268339889,5658.242804677613,2307.2935881687317,3205.574841060079,3678.839609643207,2116.193859015868,3822.090527284766,3108.734677573188,1124.857093870929,1557.9858693913034,4369.545970049939,2112.4767642810593,3098.3947536240653,2534.1703001727533,4142.618799970154,965.3087378020622,4501.597091276185,0.0,2559.381738229077,3559.565990249714,1902.9401475041045,1509.8816564076224,2941.4795531367986,1708.1474819032494,4490.121089631191,4530.346169373999,3634.8731297517174,3598.4985269191225,3015.6078731331945,3181.1673589040993,3477.8182360191768,3661.398152061956,4119.601413682258,4461.833349802007,934.934846794165,337.7380318750114,2037.663301116242,3106.695808197403,3918.4972346318436,3411.081050275881,2963.671910461544,448.0285070953979,1551.3785933311103,2468.7438967065027,3396.1559835599155,4512.873575785293,4670.583610162164,4943.222016945026,3092.013040252176,2800.856994479633,5208.334089470304,2974.4133293046084,1610.1991883226474,4092.9631691036802,3577.260878519323,2091.1253776679955,2385.350156453528,3522.296234343695,2970.573556486725,3674.1848678876568,1678.6451658172061,2496.1234431207204,1872.191279300316,3452.7663264608873,3409.013074034076,4295.526428243131,3947.1277524859884,3234.1020292262647,1272.469987558572,1134.995998187818,3542.7004328155695,1929.7745040338298,3289.3682699482433,3392.3398583461067],
        [2304.6199415523593,2263.9345670849875,2531.8553872586863,3678.475246480275,3118.03895042421,1849.430046149392,803.7223443096219,4420.200459884572,4469.59319398387,3608.321836766235,1490.9823109728175,2070.18651182513,4202.8984164952635,4212.562633799264,4116.177607091761,3271.289408340942,3610.835138962094,4702.858191811869,932.1027301538672,562.8744843393204,1984.0017500428037,3386.3208456554353,3074.6054528954573,4277.501436932126,2559.381738229077,0.0,1814.092083325451,2994.472909338218,3973.0446087645682,4495.974483121159,3358.4962396333067,4773.046425924843,5295.688828170833,1627.0140917021215,1926.1575187505828,479.6911857235602,3193.361845994594,3796.742147053957,2883.018242667971,4736.870945310662,2772.983738591358,1951.2557942227863,2813.493130612628,3791.37781475758,3052.988142654193,4688.458823608768,3293.3893629306067,4557.07674735149,2717.7775123006804,2002.7462944296553,2087.065784214888,3815.828807451491,4839.1747800007,4290.032723166945,4015.1886576407824,627.227064092659,3577.4250867712676,4429.286174273173,1534.2945361692941,2219.3694761665997,4415.964205225113,5018.431410055605,3470.242877987786,1482.589373909644,988.9028086338893,3826.3317446421734,1896.8637766488962,1457.296416706692,211.59851629669706,2677.8757597550384,4593.873126141967,1781.9607964648753,5098.375964759523,4700.517285285519,3569.5494339426104,3831.4088197207,1496.468542538079,2959.1241980807895,3812.4443504209103,799.7152092386613,2304.6199415523593],
