{
    "drone_dist": [
        [0.0,37.937860396337065,35.82129315636676,11.897499465390956,23.852911564849844,41.33231803653202,47.43214566579709,16.76011829289107,20.12090628098552,30.153986331398805,26.489437374434978,26.980015903107805,21.456793753085908,12.230474283715772,21.999072306926493,12.03777438094206,36.75348639170519,2.706464986910181,19.445387090047085,21.668169669327213,0.0],
        [37.937860396337065,0.0,11.546594841358287,40.78544210872893,42.17881056347465,16.910157700647947,14.142706778944826,27.88277151629877,18.15768149432165,22.899508485744366,34.1558028848857,11.911774364362747,31.7510842991251,26.79469349715885,45.23091571105955,26.16418337654097,15.027187982368726,35.913536513774474,18.68930774164327,36.52167831306474,37.937860396337065],
        [35.82129315636676,11.546594841358287,0.0,35.22488759191183,46.49415265029611,7.0021164076703934,25.460509412466987,21.701315965670197,19.527531161211233,12.448800292382998,40.168035447545904,16.584466724988843,23.459214789971384,23.60833193766902,37.40566874692475,23.948897178569386,3.561877972088255,33.33690849344458,17.280908146386725,40.963375080476155,35.82129315636676],
        [11.897499465390956,40.78544210872893,35.22488759191183,0.0,35.745458556163506,39.133022922087775,52.60318471824934,13.526876730412045,25.498287399096412,25.920958216552293,37.6854309732358,31.94816889615831,14.216951837299733,14.698878101646295,10.105834437661606,16.216433712583687,34.9813028371606,10.581779962987573,22.715090431276,33.295242645706466,11.897499465390956],
        [23.852911564849844,42.17881056347465,46.49415265029611,35.745458556163506,0.0,53.38187076918502,44.61593694047643,36.15384112934294,27.070642982798127,46.843218585931,9.833150016208371,30.817695667292323,42.52016955692628,29.138713206211385,45.8356289445702,27.21603520213298,48.98141042863658,25.42607807372773,30.360058527195328,5.662341214365909,23.852911564849844],
        [41.33231803653202,16.910157700647947,7.0021164076703934,39.133022922087775,53.38187076918502,0.0,29.71314146108032,25.916414538306203,26.33836035465703,13.73502056502559,47.168997157851564,23.573061090547345,25.986427510713657,29.143002351254214,39.65166298540697,29.808510333199717,4.629572875205225,38.73875943372741,23.697234635862813,47.882930019449056,41.33231803653202],
        [47.43214566579709,14.142706778944826,25.460509412466987,52.60318471824934,44.61593694047643,29.71314146108032,0.0,40.61637143271064,27.56526644559285,37.032606783923306,35.093550792264736,20.77237350374446,45.245988511362135,37.97388680334256,58.24701142468604,36.77901405564097,28.78371426455515,45.90962417494309,29.89053542223166,39.3726955887849,47.43214566579709],
        [16.76011829289107,27.88277151629877,21.701315965670197,13.526876730412045,36.15384112934294,25.916414538306203,40.61637143271064,0.0,15.716842395822212,13.538244541141694,34.419680841637735,20.830413240226687,6.738940357876482,7.088525360598172,17.64753920548504,9.185176698921975,21.608872231698417,14.055512008746785,11.605886976564955,31.918631496257515,16.76011829289107],
        [20.12090628098552,18.15768149432165,19.527531161211233,25.498287399096412,27.070642982798127,26.33836035465703,27.56526644559285,15.716842395822212,0.0,21.143330667814062,21.817854699153752,6.873861819793334,22.080900293964334,10.850691516040893,32.63376387254147,9.330074749853024,21.91109940521692,18.40005210255481,4.520391150172342,21.64628403401686,20.12090628098552],
        [30.153986331398805,22.899508485744366,12.448800292382998,25.920958216552293,46.843218585931,13.73502056502559,37.032606783923306,13.538244541141694,21.143330667814062,0.0,42.85891872191467,22.287572643616528,12.293809703021058,18.793799757876624,25.928078749773107,20.207098985852355,10.452575166864207,27.451823524009118,16.929853039652457,41.8733549479572,30.153986331398805],
        [26.489437374434978,34.1558028848857,40.168035447545904,37.6854309732358,9.833150016208371,47.168997157851564,35.093550792264736,34.419680841637735,21.817854699153752,42.85891872191467,0.0,23.70742036229616,41.13672241200687,27.426026395315805,47.368473781011616,25.26877045203906,43.05672870048302,27.14586309346036,25.932854548712307,5.994755729398134,26.489437374434978],
        [26.980015903107805,11.911774364362747,16.584466724988843,31.94816889615831,30.817695667292323,23.573061090547345,20.77237350374446,20.830413240226687,6.873861819793334,22.287572643616528,23.70742036229616,0.0,26.497077367376114,17.260626892487924,38.347238780058554,16.00675261227673,19.69875002010017,25.27123437613864,9.3968109932303,25.167593735768776,26.980015903107805],
        [21.456793753085908,31.7510842991251,23.459214789971384,14.216951837299733,42.52016955692628,25.986427510713657,45.245988511362135,6.738940357876482,22.080900293964334,12.293809703021058,41.13672241200687,26.497077367376114,0.0,13.732814314652602,13.947524075986545,15.873029836399432,22.32321813651986,18.87874645007583,17.730088043991817,38.48041312108627,21.456793753085908],
        [12.230474283715772,26.79469349715885,23.60833193766902,14.698878101646295,29.138713206211385,29.143002351254214,37.97388680334256,7.088525360598172,10.850691516040893,18.793799757876624,27.426026395315805,17.260626892487924,13.732814314652602,0.0,22.02983174734367,2.1757168526685775,24.54715182039354,9.73154825207832,8.196914712438932,24.831666692725214,12.230474283715772],
        [21.999072306926493,45.23091571105955,37.40566874692475,10.105834437661606,45.8356289445702,39.65166298540697,58.24701142468604,17.64753920548504,32.63376387254147,25.928078749773107,47.368473781011616,38.347238780058554,13.947524075986545,22.02983174734367,0.0,23.99736647911908,36.19597547597065,20.525416386691592,28.9780492700423,43.22851913663242,21.999072306926493],
        [12.03777438094206,26.16418337654097,23.948897178569386,16.216433712583687,27.21603520213298,29.808510333199717,36.77901405564097,9.185176698921975,9.330074749853024,20.207098985852355,25.26877045203906,16.00675261227673,15.873029836399432,2.1757168526685775,23.99736647911908,0.0,25.18343082885753,9.795383429974915,7.493806410239944,22.786230556728412,12.03777438094206],
        [36.75348639170519,15.027187982368726,3.561877972088255,34.9813028371606,48.98141042863658,4.629572875205225,28.78371426455515,21.608872231698417,21.91109940521692,10.452575166864207,43.05672870048302,19.69875002010017,22.32321813651986,24.54715182039354,36.19597547597065,25.18343082885753,0.0,34.17545515321482,19.11098561496899,43.52715367034767,36.75348639170519],
        [2.706464986910181,35.913536513774474,33.33690849344458,10.581779962987573,25.42607807372773,38.73875943372741,45.90962417494309,14.055512008746785,18.40005210255481,27.451823524009118,27.14586309346036,25.27123437613864,18.87874645007583,9.73154825207832,20.525416386691592,9.795383429974915,34.17545515321482,0.0,17.28308929129999,22.725562869423456,2.706464986910181],
        [19.445387090047085,18.68930774164327,17.280908146386725,22.715090431276,30.360058527195328,23.697234635862813,29.89053542223166,11.605886976564955,4.520391150172342,16.929853039652457,25.932854548712307,9.3968109932303,17.730088043991817,8.196914712438932,28.9780492700423,7.493806410239944,19.11098561496899,17.28308929129999,0.0,25.158132768131967,19.445387090047085],
        [21.668169669327213,36.52167831306474,40.963375080476155,33.295242645706466,5.662341214365909,47.882930019449056,39.3726955887849,31.918631496257515,21.64628403401686,41.8733549479572,5.994755729398134,25.167593735768776,38.48041312108627,24.831666692725214,43.22851913663242,22.786230556728412,43.52715367034767,22.725562869423456,25.158132768131967,0.0,21.668169669327213],
        [0.0,37.937860396337065,35.82129315636676,11.897499465390956,23.852911564849844,41.33231803653202,47.43214566579709,16.76011829289107,20.12090628098552,30.153986331398805,26.489437374434978,26.980015903107805,21.456793753085908,12.230474283715772,21.999072306926493,12.03777438094206,36.75348639170519,2.706464986910181,19.445387090047085,21.668169669327213,0.0]
    ],
    "end_depot": 20,
    "start_depot": 0,
    "truck_dist": [
        [0.0,45.06179725054556,39.13705951535542,13.236476645393687,25.785341343082713,49.03347742474364,63.54646396665628,22.897674107404974,25.660478176754314,40.072433872616145,33.036627329063705,34.720126586608004,30.343980304367278,13.826892057254971,24.819256205555646,12.485722278731833,43.098600824681526,3.661887460160619,21.497440125299345,24.58242746125532,0.0],
        [45.06179725054556,0.0,12.896277523977108,55.44912958728649,54.90572821301707,19.913090554809283,18.484666716110723,38.93810140126632,19.401319073791246,30.47667377238542,46.782828364495245,13.297766161789447,44.886139591721516,34.6701631900965,63.8214050858322,32.576074971813725,16.00756983274493,43.948026322634504,23.564357125246218,47.41583476687374,45.06179725054556],
        [39.13705951535542,12.896277523977108,0.0,42.55285206330938,64.92240085843812,9.896417909388227,31.38094424008783,26.04182387728921,26.83902719808121,17.580396248408313,56.799501009916305,23.314438807210504,31.989862067744408,25.310167458100445,50.92512756185509,27.56455921199359,3.9615413093261154,35.4751720551948,21.987533976066896,57.432507412294804,39.13705951535542],
        [13.236476645393687,55.44912958728649,42.55285206330938,0.0,39.0218179884764,42.20618084172641,73.9337963033972,16.51102818602017,36.04781051349524,26.835957227222465,43.42395966580463,45.10745892334893,17.10750365897359,20.77896639718999,11.58277956016196,22.87305461547276,39.44155975454156,11.501103264651986,31.884772462040267,34.96975979799625,13.236476645393687],
        [25.785341343082713,54.90572821301707,64.92240085843812,39.0218179884764,0.0,74.81881876782636,47.26704989378329,48.68301545048769,38.08337366035692,65.85777521569887,11.287168667712976,41.60796205122763,56.12932164744999,39.612233400337686,50.60459754863836,37.35784164644454,68.88394216776425,29.447228803243334,42.93486688237123,7.489893446143325,25.785341343082713],
        [49.03347742474364,19.913090554809283,9.896417909388227,42.20618084172641,74.81881876782636,0.0,31.7276154616708,26.13580331733867,36.73544510746944,17.23372502682534,66.69591891930453,33.21085671659873,31.643190846161435,35.20658536748867,50.57845634027212,37.460977121381816,5.934876600062111,45.37158996458302,31.883951885455122,67.32892532168303,49.03347742474364],
        [63.54646396665628,18.484666716110723,31.38094424008783,73.9337963033972,47.26704989378329,31.7276154616708,0.0,57.42276811737704,37.885985789901966,48.96134048849614,39.14415004526146,28.82633738004828,63.37080630783224,53.15482990620722,82.30607180194292,51.06074168792445,34.49223654885565,62.43269303874522,42.04902384135694,39.77715644763996,63.54646396665628],
        [22.897674107404974,38.93810140126632,26.04182387728921,16.51102818602017,48.68301545048769,26.13580331733867,57.42276811737704,0.0,19.536782327475073,17.174759765211178,40.56011560196586,28.596430737328763,7.446306196962308,9.070782050150001,24.88330368456588,11.325173804043146,22.93053156852139,19.235786647244353,15.373744276020101,41.19312200434436,22.897674107404974],
        [25.660478176754314,19.401319073791246,26.83902719808121,36.04781051349524,38.08337366035692,36.73544510746944,37.885985789901966,19.536782327475073,0.0,27.774401555341946,29.960473811835094,9.05964840985369,25.48482051793027,15.268844116305253,44.420086012040954,13.174755898022482,30.800568507407327,24.546707248843255,4.851493222014316,30.593480214213592,25.660478176754314],
        [40.072433872616145,30.47667377238542,17.580396248408313,26.835957227222465,65.85777521569887,17.23372502682534,48.96134048849614,17.174759765211178,27.774401555341946,0.0,57.73487536717704,24.249813164471238,14.409465819336095,26.24554181536118,33.34473131344678,28.499933569254324,14.46910393964049,36.41054641245553,22.92290833332763,58.36788176955554,40.072433872616145],
        [33.036627329063705,46.782828364495245,56.799501009916305,43.42395966580463,11.287168667712976,66.69591891930453,39.14415004526146,40.56011560196586,29.960473811835094,57.73487536717704,0.0,33.485062202705805,48.006421798928166,31.48933355181586,51.79623516435034,29.234941797922716,60.76104231924242,31.922856401152643,34.811967033849406,8.454199867808388,33.036627329063705],
        [34.720126586608004,13.297766161789447,23.314438807210504,45.10745892334893,41.60796205122763,33.21085671659873,28.82633738004828,28.596430737328763,9.05964840985369,24.249813164471238,33.485062202705805,0.0,34.54446892778396,24.328492526158943,53.47973442189465,22.234404307876172,27.27598011653662,33.60635565869694,13.222686461308662,34.118068605084304,34.720126586608004],
        [30.343980304367278,44.886139591721516,31.989862067744408,17.10750365897359,56.12932164744999,31.643190846161435,63.37080630783224,7.446306196962308,25.48482051793027,14.409465819336095,48.006421798928166,34.54446892778396,0.0,16.51708824711231,18.93526549411068,18.771480001005454,28.878569758976585,26.68209284420666,21.321782466475298,48.63942820130667,30.343980304367278],
        [13.826892057254971,34.6701631900965,25.310167458100445,20.77896639718999,39.612233400337686,35.20658536748867,53.15482990620722,9.070782050150001,15.268844116305253,26.24554181536118,31.48933355181586,24.328492526158943,16.51708824711231,0.0,29.1512418957357,2.2543917538931453,29.27170876742656,10.165004597094352,11.105806064850281,32.12233995419436,13.826892057254971],
        [24.819256205555646,63.8214050858322,50.92512756185509,11.58277956016196,50.60459754863836,50.57845634027212,82.30607180194292,24.88330368456588,44.420086012040954,33.34473131344678,51.79623516435034,53.47973442189465,18.93526549411068,29.1512418957357,0.0,31.245330114018472,47.81383525308727,21.157368745395026,40.25704796058598,43.34203529654196,24.819256205555646],
        [12.485722278731833,32.576074971813725,27.56455921199359,22.87305461547276,37.35784164644454,37.460977121381816,51.06074168792445,11.325173804043146,13.174755898022482,28.499933569254324,29.234941797922716,22.234404307876172,18.771480001005454,2.2543917538931453,31.245330114018472,0.0,31.526100521319705,11.371951350820773,9.01171784656751,29.867948200301214,12.485722278731833],
        [43.098600824681526,16.00756983274493,3.9615413093261154,39.44155975454156,68.88394216776425,5.934876600062111,34.49223654885565,22.93053156852139,30.800568507407327,14.46910393964049,60.76104231924242,27.27598011653662,28.878569758976585,29.27170876742656,47.81383525308727,31.526100521319705,0.0,39.43671336452091,25.94907528539301,61.39404872162092,43.098600824681526],
        [3.661887460160619,43.948026322634504,35.4751720551948,11.501103264651986,29.447228803243334,45.37158996458302,62.43269303874522,19.235786647244353,24.546707248843255,36.41054641245553,31.922856401152643,33.60635565869694,26.68209284420666,10.165004597094352,21.157368745395026,11.371951350820773,39.43671336452091,0.0,20.383669197388283,23.46865653334426,3.661887460160619],
        [21.497440125299345,23.564357125246218,21.987533976066896,31.884772462040267,42.93486688237123,31.883951885455122,42.04902384135694,15.373744276020101,4.851493222014316,22.92290833332763,34.811967033849406,13.222686461308662,21.321782466475298,11.105806064850281,40.25704796058598,9.01171784656751,25.94907528539301,20.383669197388283,0.0,35.44497343622791,21.497440125299345],
        [24.58242746125532,47.41583476687374,57.432507412294804,34.96975979799625,7.489893446143325,67.32892532168303,39.77715644763996,41.19312200434436,30.593480214213592,58.36788176955554,8.454199867808388,34.118068605084304,48.63942820130667,32.12233995419436,43.34203529654196,29.867948200301214,61.39404872162092,23.46865653334426,35.44497343622791,0.0,24.58242746125532],
        [0.0,45.06179725054556,39.13705951535542,13.236476645393687,25.785341343082713,49.03347742474364,63.54646396665628,22.897674107404974,25.660478176754314,40.072433872616145,33.036627329063705,34.720126586608004,30.343980304367278,13.826892057254971,24.819256205555646,12.485722278731833,43.098600824681526,3.661887460160619,21.497440125299345,24.58242746125532,0.0]
    ],
    "vertex_count": 21
}