{
    "drone_dist": [
        [0.0,7.933255455985173,4.963956940741994,33.775501957646014,17.47024476558691,37.363370931106914,37.13147714196834,33.3749849298076,16.205281547563228,13.867078926949759,47.98517048927501,31.387940046854062,13.024570347956798,21.609179099415826,33.57629775933642,36.44638330475089,8.029570411543885,45.83227991814106,51.90707715435525,33.571401617097365,14.743962151136904,4.148078565082411,47.19157432548669,33.77467880105061,5.890498741540647,17.6945100453882,48.72718313325817,55.05500973630346,49.043171129686435,31.913280446528738,0.0],
        [7.933255455985173,0.0,3.413020331345917,31.127606829511958,11.118128239313766,29.711628982774105,30.37511609898181,27.362032605973155,8.888205997045851,9.228527540903805,43.0404223855916,23.470075095812142,5.721360646097407,13.982039500659033,29.29448743015569,34.786870023761736,3.6757172708681765,38.15281352348411,44.13990660536248,25.914881522101112,9.557612795264133,6.375876977940621,41.996967931777874,25.860718567351697,6.601978763670532,9.813534567931365,40.94316686051362,48.83021240798723,41.746307867607975,27.018333395597274,7.933255455985173],
        [4.963956940741994,3.413020331345917,0.0,30.71957831373202,14.284571402597145,33.11043153294166,32.31017755243432,28.782794814580303,12.27457803585054,9.546600839202814,43.86576585132342,26.72686526784395,9.08199518471608,17.391833096430517,29.70517520112738,33.94688498948727,3.3041922555245304,41.54392460298829,46.96075127315559,28.611433843809845,12.286695728890935,3.044797500479546,42.961383613744744,29.123028966923354,3.749305054242901,12.845951307774763,44.302585858484605,50.427601740671065,44.107502632671604,27.757982910949575,4.963956940741994],
        [33.775501957646014,31.127606829511958,30.71957831373202,0.0,38.593025486009566,44.676259961136374,22.01369364807678,16.23085210680955,34.96850796671825,21.945540199807564,18.26125657679032,36.0691180001254,33.74981902466849,35.690148591709686,7.384183308316029,5.431393367474386,27.8272471903232,50.575398788239355,41.64900444424105,28.84810585094338,39.15875196464247,29.71242034604665,18.646808724639204,37.53476935951331,27.97955542644227,28.990426573015625,51.17882315689455,29.976065335056806,33.39611433900993,10.418268599846769,33.775501957646014],
        [17.47024476558691,11.118128239313766,14.284571402597145,38.593025486009566,0.0,20.90978839477165,31.059411636676444,30.174522801090024,3.6297039850870085,17.660157312403555,46.845351733320214,17.219638758108715,5.6608074418382754,6.6340018172884285,34.918224521900044,43.02478280012681,14.408417033799227,29.29140779994644,39.85347366907109,23.49791928152231,3.532333593469568,17.32906397413517,45.41272014508093,19.31109755643216,17.719455151539954,9.985835022874952,32.54885506404895,49.85997011587201,39.91457900139316,31.922687005433026,17.47024476558691],
        [37.363370931106914,29.711628982774105,33.11043153294166,44.676259961136374,20.90978839477165,0.0,26.605455901710236,29.924618201057065,21.194141264631593,31.057460499622277,44.42634174544332,8.67000387456821,24.342768387035107,15.759853181782894,38.271423221544985,50.038257631733224,31.66051630030204,8.473374346784285,23.638007472812475,16.90734524013213,24.404073717227877,35.92789733434812,42.48076983808569,7.218201551872158,35.60653114395518,21.336055892507726,11.64558530434034,41.75571856725525,28.156358343435127,34.78519222209149,37.363370931106914],
        [37.13147714196834,30.37511609898181,32.31017755243432,22.01369364807678,31.059411636676444,26.605455901710236,0.0,6.091789577162399,28.04155312320466,23.677958469313285,17.89116073858302,19.306309839442235,28.997825745142556,25.189572270684344,14.634507306410221,27.27642449765807,29.106004283434583,30.477777946333948,19.877565653240072,9.850193352034305,33.500236047095626,33.41434095518907,16.009853025318954,19.653180607068574,31.964473490721243,22.03086137532798,30.303854348615282,18.85878656420882,13.008460470254699,11.869349723455898,37.13147714196834],
        [33.3749849298076,27.362032605973155,28.782794814580303,16.23085210680955,30.174522801090024,29.924618201057065,6.091789577162399,0.0,26.806014104892288,19.547957092844374,16.695221506878465,21.770759886291103,27.093643432520707,25.117700204529392,8.962638797806935,21.598309021509777,25.487957091937485,34.909484495262085,25.961637924632758,13.209884489790241,32.09182053821555,29.43505870791621,15.241130710442343,22.71914906261454,27.85639729144468,20.40171193762486,35.19452260473249,21.681826798121325,18.831171461062503,5.876022795277829,33.3749849298076],
        [16.205281547563228,8.888205997045851,12.27457803585054,34.96850796671825,3.6297039850870085,21.194141264631593,28.04155312320466,26.806014104892288,0.0,14.2383648675061,43.43332680659688,16.069191948859206,3.2110239911922154,5.539413114575972,31.31951016876866,39.42747829156565,11.708217727405296,29.667497673456143,38.23715399994184,21.101335015480586,5.4687633114255645,15.26406043655714,42.044468165175275,18.349529413736125,15.350934168420173,6.456889843883205,32.66807055348868,46.894821974100374,37.55288725537522,28.3573366029051,16.205281547563228],
        [13.867078926949759,9.228527540903805,9.546600839202814,21.945540199807564,17.660157312403555,31.057460499622277,23.677958469313285,19.547957092844374,14.2383648675061,0.0,34.31959286303056,23.137389600363523,12.259293307799233,17.071335761360658,20.223141010145902,25.82327167226672,6.291194225372186,39.00039554340622,40.2771940250411,21.980215103890043,17.5296222038031,9.887102402389607,33.43073477003187,25.428039556138206,8.331134429389003,10.044561649513948,41.11266396156943,41.22665415899691,36.126945137945675,18.211571390424012,13.867078926949759],
        [47.98517048927501,43.0404223855916,43.86576585132342,18.26125657679032,46.845351733320214,44.42634174544332,17.89116073858302,16.695221506878465,43.43332680659688,34.31959286303056,0.0,37.15803322083392,43.507253867568124,41.77342474989571,14.65209304505628,20.934378237115123,40.5921638176051,47.557553181219774,31.76484712452214,27.739330558231018,48.641707685740315,43.85793263506279,2.0592945246865355,37.54020452880894,42.14517435614185,36.99357121659909,46.76388516414136,12.833025485027939,22.198514712825677,16.10818785251982,47.98517048927501],
        [31.387940046854062,23.470075095812142,26.72686526784395,36.0691180001254,17.219638758108715,8.67000387456821,19.306309839442235,21.770759886291103,16.069191948859206,23.137389600363523,37.15803322083392,0.0,18.81767333525705,10.719690339230967,29.8176718852345,41.410583078324606,24.735474217393445,15.925334705632624,22.72662885231189,9.501038708156145,20.65498089007483,29.284860671435908,35.30819090852859,2.39811804355298,28.681161805230367,14.0806634445965,18.003915285020394,36.3496708275834,24.175718225571377,26.324868331676836,31.387940046854062],
        [13.024570347956798,5.721360646097407,9.08199518471608,33.74981902466849,5.6608074418382754,24.342768387035107,28.997825745142556,27.093643432520707,3.2110239911922154,12.259293307799233,43.507253867568124,18.81767333525705,0.0,8.604423060037108,30.721780934668697,37.946925762594226,8.78315287494662,32.8141311508629,40.54968913175871,22.909501336404762,5.417749589023595,12.089644506472327,42.23618927029672,21.15396016887017,12.26396540758008,6.974260633480797,35.758864892868566,47.8233861582137,39.25410443742789,27.975090599175477,13.024570347956798],
        [21.609179099415826,13.982039500659033,17.391833096430517,35.690148591709686,6.6340018172884285,15.759853181782894,25.189572270684344,25.117700204529392,5.539413114575972,17.071335761360658,41.77342474989571,10.719690339230967,8.604423060037108,0.0,31.024859313528186,40.55152800939421,16.222861189590148,24.224481620940566,33.24488329753072,17.043765523522545,9.967853371966326,20.271266450793117,40.20494294406683,12.924116736625248,20.098236979817983,7.164838631563142,27.156967384105407,43.81033217674122,33.38311422761656,27.77028800587818,21.609179099415826],
        [33.57629775933642,29.29448743015569,29.70517520112738,7.384183308316029,34.918224521900044,38.271423221544985,14.634507306410221,8.962638797806935,31.31951016876866,20.223141010145902,14.65209304505628,29.8176718852345,30.721780934668697,31.024859313528186,0.0,12.66674996081797,26.503197673250117,43.712637638347154,34.2882150795745,21.939071271790343,36.08909903353296,29.430294026783777,14.255652708152901,31.062131212098144,27.697201577197628,24.962092263405967,44.11950682545473,24.49997674626591,26.205490898168502,3.492808247311937,33.57629775933642],
        [36.44638330475089,34.786870023761736,33.94688498948727,5.431393367474386,43.02478280012681,50.038257631733224,27.27642449765807,21.598309021509777,39.42747829156565,25.82327167226672,20.934378237115123,41.410583078324606,37.946925762594226,40.55152800939421,12.66674996081797,0.0,31.30283773360532,56.00259199056597,46.734665824634064,34.27946818353163,43.305707187525876,32.54229830395416,21.774268572382052,42.91715721902559,30.864034284905447,33.68055051258757,56.60755111313028,33.40015255994533,38.22485423680188,15.827623608838227,36.44638330475089],
        [8.029570411543885,3.6757172708681765,3.3041922555245304,27.8272471903232,14.408417033799227,31.66051630030204,29.106004283434583,25.487957091937485,11.708217727405296,6.291194225372186,40.5921638176051,24.735474217393445,8.78315287494662,16.222861189590148,26.503197673250117,31.30283773360532,0.0,39.99976862921669,44.23492277556163,25.824443149073165,13.167796118252705,4.697943063768944,39.671148776717246,27.129599483075772,3.960944829814024,10.657920859005857,42.57104721219863,47.142533282298736,41.05623997287248,24.487510630970526,8.029570411543885],
        [45.83227991814106,38.15281352348411,41.54392460298829,50.575398788239355,29.29140779994644,8.473374346784285,30.477777946333948,34.909484495262085,29.667497673456143,39.00039554340622,47.557553181219774,15.925334705632624,32.8141311508629,24.224481620940566,43.712637638347154,56.00259199056597,39.99976862921669,0.0,21.20994801313621,21.774960813802164,32.75504213830412,44.33198449805901,45.5239573463628,13.782366580580572,43.9562236355383,29.533119241273347,3.8289829465084644,42.597007157093756,28.25710408952292,40.30915694356137,45.83227991814106],
        [51.90707715435525,44.13990660536248,46.96075127315559,41.64900444424105,39.85347366907109,23.638007472812475,19.877565653240072,25.961637924632758,38.23715399994184,40.2771940250411,31.76484712452214,22.72662885231189,40.54968913175871,33.24488329753072,34.2882150795745,46.734665824634064,44.23492277556163,21.20994801313621,0.0,18.424004920092983,43.20397748897777,48.9193084208687,29.754632238205694,20.919678014821514,47.83365763769531,34.35561749838022,18.61111277074279,23.225702250973345,9.58065959788797,31.729471807334274,51.90707715435525],
        [33.571401617097365,25.914881522101112,28.611433843809845,28.84810585094338,23.49791928152231,16.90734524013213,9.850193352034305,13.209884489790241,21.101335015480586,21.980215103890043,27.739330558231018,9.501038708156145,22.909501336404762,17.043765523522545,21.939071271790343,34.27946818353163,25.824443149073165,21.774960813802164,18.424004920092983,0.0,26.463324993689604,30.502201803855193,25.858253575988865,9.832763051651263,29.410325500242628,16.27304193870199,22.375036747057553,27.20448981028888,16.456285604997003,18.536897158714947,33.571401617097365],
        [14.743962151136904,9.557612795264133,12.286695728890935,39.15875196464247,3.532333593469568,24.404073717227877,33.500236047095626,32.09182053821555,5.4687633114255645,17.5296222038031,48.641707685740315,20.65498089007483,5.417749589023595,9.967853371966326,36.08909903353296,43.305707187525876,13.167796118252705,32.75504213830412,43.20397748897777,26.463324993689604,0.0,15.26375225704435,47.30668725081185,22.787741218148664,15.952127370327387,11.694596814636695,36.048256897181005,52.35649813807246,42.918684248198645,33.28158278147072,14.743962151136904],
        [4.148078565082411,6.375876977940621,3.044797500479546,29.71242034604665,17.32906397413517,35.92789733434812,33.41434095518907,29.43505870791621,15.26406043655714,9.887102402389607,43.85793263506279,29.284860671435908,12.089644506472327,20.271266450793117,29.430294026783777,32.54229830395416,4.697943063768944,44.33198449805901,48.9193084208687,30.502201803855193,15.26375225704435,0.0,43.085341863823146,31.68266243327104,1.7474867351955672,15.248716228581806,47.01096312566664,51.11303349337092,45.574902965463984,27.801478904058133,4.148078565082411],
        [47.19157432548669,41.996967931777874,42.961383613744744,18.646808724639204,45.41272014508093,42.48076983808569,16.009853025318954,15.241130710442343,42.044468165175275,33.43073477003187,2.0592945246865355,35.30819090852859,42.23618927029672,40.20494294406683,14.255652708152901,21.774268572382052,39.671148776717246,45.5239573463628,29.754632238205694,25.858253575988865,47.30668725081185,43.085341863823146,0.0,35.635358494891825,41.389862795548325,35.62784401669575,44.71068646043969,11.649071518977822,20.199597254172712,15.285767623040988,47.19157432548669],
        [33.77467880105061,25.860718567351697,29.123028966923354,37.53476935951331,19.31109755643216,7.218201551872158,19.653180607068574,22.71914906261454,18.349529413736125,25.428039556138206,37.54020452880894,2.39811804355298,21.15396016887017,12.924116736625248,31.062131212098144,42.91715721902559,27.129599483075772,13.782366580580572,20.919678014821514,9.832763051651263,22.787741218148664,31.68266243327104,35.635358494891825,0.0,31.07330659077757,16.47313606823562,15.685068016168778,35.89792129367014,23.161887353721106,27.57866165784514,33.77467880105061],
        [5.890498741540647,6.601978763670532,3.749305054242901,27.97955542644227,17.719455151539954,35.60653114395518,31.964473490721243,27.85639729144468,15.350934168420173,8.331134429389003,42.14517435614185,28.681161805230367,12.26396540758008,20.098236979817983,27.697201577197628,30.864034284905447,3.960944829814024,43.9562236355383,47.83365763769531,29.410325500242628,15.952127370327387,1.7474867351955672,41.389862795548325,31.07330659077757,0.0,14.600506254088812,46.531348320381106,49.522362323393544,44.24797501034755,26.104180932160293,5.890498741540647],
        [17.6945100453882,9.813534567931365,12.845951307774763,28.990426573015625,9.985835022874952,21.336055892507726,22.03086137532798,20.40171193762486,6.456889843883205,10.044561649513948,36.99357121659909,14.0806634445965,6.974260633480797,7.164838631563142,24.962092263405967,33.68055051258757,10.657920859005857,29.533119241273347,34.35561749838022,16.27304193870199,11.694596814636695,15.248716228581806,35.62784401669575,16.47313606823562,14.600506254088812,0.0,31.97574826768759,40.86907042049917,32.44489441693451,21.937795911069582,17.6945100453882],
        [48.72718313325817,40.94316686051362,44.302585858484605,51.17882315689455,32.54885506404895,11.64558530434034,30.303854348615282,35.19452260473249,32.66807055348868,41.11266396156943,46.76388516414136,18.003915285020394,35.758864892868566,27.156967384105407,44.11950682545473,56.60755111313028,42.57104721219863,3.8289829465084644,18.61111277074279,22.375036747057553,36.048256897181005,47.01096312566664,44.71068646043969,15.685068016168778,46.531348320381106,31.97574826768759,0.0,40.85743030627825,26.46264715259366,40.800491751125854,48.72718313325817],
        [55.05500973630346,48.83021240798723,50.427601740671065,29.976065335056806,49.85997011587201,41.75571856725525,18.85878656420882,21.681826798121325,46.894821974100374,41.22665415899691,12.833025485027939,36.3496708275834,47.8233861582137,43.81033217674122,24.49997674626591,33.40015255994533,47.142533282298736,42.597007157093756,23.225702250973345,27.20448981028888,52.35649813807246,51.11303349337092,11.649071518977822,35.89792129367014,49.522362323393544,40.86907042049917,40.85743030627825,0.0,14.395889066084571,24.35212544998585,55.05500973630346],
        [49.043171129686435,41.746307867607975,44.107502632671604,33.39611433900993,39.91457900139316,28.156358343435127,13.008460470254699,18.831171461062503,37.55288725537522,36.126945137945675,22.198514712825677,24.175718225571377,39.25410443742789,33.38311422761656,26.205490898168502,38.22485423680188,41.05623997287248,28.25710408952292,9.58065959788797,16.456285604997003,42.918684248198645,45.574902965463984,20.199597254172712,23.161887353721106,44.24797501034755,32.44489441693451,26.46264715259366,14.395889066084571,0.0,24.145792113122283,49.043171129686435],
        [31.913280446528738,27.018333395597274,27.757982910949575,10.418268599846769,31.922687005433026,34.78519222209149,11.869349723455898,5.876022795277829,28.3573366029051,18.211571390424012,16.10818785251982,26.324868331676836,27.975090599175477,27.77028800587818,3.492808247311937,15.827623608838227,24.487510630970526,40.30915694356137,31.729471807334274,18.536897158714947,33.28158278147072,27.801478904058133,15.285767623040988,27.57866165784514,26.104180932160293,21.937795911069582,40.800491751125854,24.35212544998585,24.145792113122283,0.0,31.913280446528738],
        [0.0,7.933255455985173,4.963956940741994,33.775501957646014,17.47024476558691,37.363370931106914,37.13147714196834,33.3749849298076,16.205281547563228,13.867078926949759,47.98517048927501,31.387940046854062,13.024570347956798,21.609179099415826,33.57629775933642,36.44638330475089,8.029570411543885,45.83227991814106,51.90707715435525,33.571401617097365,14.743962151136904,4.148078565082411,47.19157432548669,33.77467880105061,5.890498741540647,17.6945100453882,48.72718313325817,55.05500973630346,49.043171129686435,31.913280446528738,0.0]
    ],
    "end_depot": 30,
    "start_depot": 0,
    "truck_dist": [
        [0.0,8.915948098819056,6.510652549233344,42.69428447067195,22.476181085044757,41.05523260185513,51.84567983281222,47.186742695721044,18.50834087620225,19.59898336675898,66.77568672649126,33.77425354489962,14.539690944264583,23.45577618234081,46.061951919955106,42.54355157274172,11.155997160429498,50.08862873163926,65.6628976566333,43.34456525253799,19.991614335765373,5.645895609207476,66.09365541296853,36.119386641149994,7.95374025413636,21.10959592198143,50.858927126776585,77.82534176975554,66.61716224087263,44.61530785910722,0.0],
        [8.915948098819056,0.0,4.184730443350485,33.778336371852895,15.665971561175327,34.2450230779857,42.929731733993165,38.270794596901986,11.69813135233282,10.683035267939923,57.85973862767221,24.858305446080564,7.729481420395153,16.64556665847138,37.14600382113605,35.90873064730651,4.6908394890781935,43.27841920776983,56.74694955781424,34.42861715371893,13.181404811895943,8.402997750258628,57.177707314149465,27.203438542330936,9.286894166272406,12.193647823162374,44.04871760290715,68.90939367093648,57.70121414205358,35.69935976028817,8.915948098819056],
        [6.510652549233344,4.184730443350485,0.0,36.183631921438604,19.850702004525814,38.42975352133619,45.33502728357888,40.6760901464877,15.882861795683306,13.088330817525636,60.26503417725792,27.26360099566628,11.914211863745638,20.830297101821863,39.55129937072176,36.03289902350838,4.645344611196155,47.46314965112032,59.152245107399956,36.83391270330465,17.366135255246427,4.2182673069081424,59.58300286373518,29.608734091916652,5.1021637229219206,14.598943372748087,48.23344804625764,71.31468922052218,60.106509691639296,38.10465530987388,6.510652549233344],
        [42.69428447067195,33.778336371852895,36.183631921438604,0.0,43.895031159669195,62.47408267647957,29.75663588157353,22.50997421860889,39.92719095082669,23.095301103912973,24.081402255819313,50.22345662036023,35.95854101888902,44.87462625696525,9.884894648536463,7.679671048812642,31.538287310242453,71.50747880626369,54.23764329970933,40.792199711209534,41.410464410389814,37.048388861464474,23.399370942296574,52.67341397968302,34.74054421653559,34.85671938130221,72.27777720140102,35.13105729908359,40.722190818772106,14.607885212384131,42.69428447067195],
        [22.476181085044757,15.665971561175327,19.850702004525814,43.895031159669195,0.0,23.005593801594436,41.587015778886396,36.92807864179522,3.9678402088425067,23.16291751338759,56.51702267256543,23.515589490973795,7.936490140780174,9.3306137884346,35.80328786602928,51.57470220848184,20.35681105025352,30.879214315937574,55.40423360270747,33.08590119861216,4.333784639259608,24.068969311433953,55.8349913590427,25.860722587224167,24.952865727447733,10.850931868055604,36.23914539681484,67.56667771582971,56.35849818694681,34.35664380518139,22.476181085044757],
        [41.05523260185513,34.2450230779857,38.42975352133619,62.47408267647957,23.005593801594436,0.0,32.71744679490604,39.96410845787068,22.54689172565288,41.741969030197964,53.14493218352706,12.250626056119337,26.515541657590546,17.599456419514322,52.58918802794311,70.1537537252922,38.93586256706389,9.03339612978413,32.398639801113035,21.681882965270034,27.339378440854045,42.64802082824433,50.3136389867383,9.80066869679655,43.5319172442581,27.617363295177356,13.233551595220405,44.56108391423527,33.352904385352375,47.866197464095436,41.05523260185513],
        [51.84567983281222,42.929731733993165,45.33502728357888,29.75663588157353,41.587015778886396,32.71744679490604,0.0,7.2466616629646445,38.33036932650541,32.24669646605325,20.42748538862103,20.466820738786698,40.53744156405341,32.2564019904518,19.87174123303707,37.43630693038618,40.68968267238273,41.75084292469016,24.4810074181358,11.035563829636,45.92080041814601,46.19978422360475,17.596192191832266,22.916778098109486,43.89193957867587,30.736083910830796,42.52114131982749,25.97966193694331,14.771482408060411,15.148750669189402,51.84567983281222],
        [47.186742695721044,38.270794596901986,40.6760901464877,22.50997421860889,36.92807864179522,39.96410845787068,7.2466616629646445,0.0,33.67143218941423,27.587759328962065,19.588944030770218,27.713482401751342,35.87850442696222,27.597464853360616,12.625079570072426,30.189645267421533,36.030745535291544,48.99750458765481,31.727669081100444,18.282225492600645,41.26186328105483,41.540847086513566,18.90691271724748,30.16343976107413,39.23300244158469,26.077146773739614,49.767802982792134,30.63859907403449,19.430419545151594,7.902089006224758,47.186742695721044],
        [18.50834087620225,11.69813135233282,15.882861795683306,39.92719095082669,3.9678402088425067,22.54689172565288,38.33036932650541,33.67143218941423,0.0,19.195077304545084,53.26037622018445,20.258943038592808,3.9686499319376676,6.073967336053613,32.54664141364829,47.606861999639335,16.388970841411016,31.58028785543701,52.14758715032648,29.829254746231175,7.590431091640596,20.10112910259145,52.57834490666171,22.60407613484318,20.985025518605227,7.594285415674616,32.98249894443385,64.31003126344872,53.10185173456583,31.099997352800408,18.50834087620225],
        [19.59898336675898,10.683035267939923,13.088330817525636,23.095301103912973,23.16291751338759,41.741969030197964,32.24669646605325,27.587759328962065,19.195077304545084,0.0,47.17670335973229,29.491342974078627,15.226427372607416,24.142512610683642,26.462968553196124,28.411784695094248,8.442986206329481,50.775365159982094,46.06391428987432,23.74558188577901,20.678350764108206,13.953087757551502,46.494672046209544,31.941300333401415,11.64524311262262,14.124605735020609,51.54566355511942,58.22635840299655,47.01817887411366,25.01632449234824,19.59898336675898],
        [66.77568672649126,57.85973862767221,60.26503417725792,24.081402255819313,56.51702267256543,53.14493218352706,20.42748538862103,19.588944030770218,53.26037622018445,47.17670335973229,0.0,40.89430612740773,55.467448457732445,47.186408884130834,20.71373480653616,24.232135153749542,55.619689566061766,62.1783283133112,44.908492806756826,31.46304921825703,60.850807311825044,61.12979111728379,2.8312931967887645,43.34426348673051,58.8219464723549,45.666090804509835,62.948626708448515,14.397159776275927,31.393040325819598,22.16037886738404,66.77568672649126],
        [33.77425354489962,24.858305446080564,27.26360099566628,50.22345662036023,23.515589490973795,12.250626056119337,20.466820738786698,27.713482401751342,20.258943038592808,29.491342974078627,40.89430612740773,0.0,22.4660152761408,14.184975702539194,40.338561971823765,57.903127669172875,26.685236510944556,21.284022185903467,31.888644111733676,9.570311707638368,27.849374130233404,30.397394772124994,38.06301293061896,2.449957359322788,31.28129118813877,15.366737239058018,22.05432058104079,44.05108822485591,32.842908695973016,35.615571407976105,33.77425354489962],
        [14.539690944264583,7.729481420395153,11.914211863745638,35.95854101888902,7.936490140780174,26.515541657590546,40.53744156405341,35.87850442696222,3.9686499319376676,15.226427372607416,55.467448457732445,22.4660152761408,0.0,8.916085238076226,34.753713651196286,43.638212067701666,12.420320909473347,35.548937787374676,54.35465938787448,32.036326983779176,5.45192339150079,16.13247917065378,54.7854171442097,24.811148372391173,17.016375586667557,9.801357653222611,36.319236182512,66.51710350099671,55.30892397211382,33.307069590348405,14.539690944264583],
        [23.45577618234081,16.64556665847138,20.830297101821863,44.87462625696525,9.3306137884346,17.599456419514322,32.2564019904518,27.597464853360616,6.073967336053613,24.142512610683642,47.186408884130834,14.184975702539194,8.916085238076226,0.0,34.989731608428784,52.554297305777894,21.336406147549575,26.632852549298452,46.073619814272874,23.755287410177562,13.66439842769421,25.04856440873001,46.5043775706081,16.530108798789566,25.932460824743785,10.017906875663034,27.403150944435776,58.23606392739511,47.027884398512214,30.266741044581117,23.45577618234081],
        [46.061951919955106,37.14600382113605,39.55129937072176,9.884894648536463,35.80328786602928,52.58918802794311,19.87174123303707,12.625079570072426,32.54664141364829,26.462968553196124,20.71373480653616,40.338561971823765,34.753713651196286,34.989731608428784,0.0,17.564565697349106,34.905954759525606,61.62258415772723,44.352748651172874,30.90730506267307,40.137072505288884,40.41605631074763,20.031703493013424,42.78851933114656,38.10821166581874,24.97182473276575,62.39288255286456,31.763389849800433,30.837296170235643,4.722990563847668,46.061951919955106],
        [42.54355157274172,35.90873064730651,36.03289902350838,7.679671048812642,51.57470220848184,70.1537537252922,37.43630693038618,30.189645267421533,47.606861999639335,28.411784695094248,24.232135153749542,57.903127669172875,43.638212067701666,52.554297305777894,17.564565697349106,0.0,31.387554412312223,79.18714985507634,61.91731434852198,48.47187076002218,49.09013545920245,36.89765596353425,23.550103840226807,60.35308502849566,34.58981131860536,42.53639043011486,79.95744825021367,35.28179019701382,48.40186186758475,22.287556261196773,42.54355157274172],
        [11.155997160429498,4.6908394890781935,4.645344611196155,31.538287310242453,20.35681105025352,38.93586256706389,40.68968267238273,36.030745535291544,16.388970841411016,8.442986206329481,55.619689566061766,26.685236510944556,12.420320909473347,21.336406147549575,34.905954759525606,31.387554412312223,0.0,47.96925869684802,54.5069004962038,32.1885680921085,17.87224430097414,5.5101015512220215,54.93765825253902,29.135193870267344,4.596054677194212,11.31849927188654,48.73955709198535,66.66934460932603,55.46116508044314,33.459310698677726,11.155997160429498],
        [50.08862873163926,43.27841920776983,47.46314965112032,71.50747880626369,30.879214315937574,9.03339612978413,41.75084292469016,48.99750458765481,31.58028785543701,50.775365159982094,62.1783283133112,21.284022185903467,35.548937787374676,26.632852549298452,61.62258415772723,79.18714985507634,47.96925869684802,0.0,24.525019286769897,30.715279095054164,35.21299895519718,51.68141695802846,59.34703511652243,18.83406482658068,52.56531337404224,36.650759424961485,5.359931080877267,47.78116853703526,30.785287987491593,56.89959359387957,50.08862873163926],
        [65.6628976566333,56.74694955781424,59.152245107399956,54.23764329970933,55.40423360270747,32.398639801113035,24.4810074181358,31.727669081100444,52.14758715032648,46.06391428987432,44.908492806756826,31.888644111733676,54.35465938787448,46.073619814272874,44.352748651172874,61.91731434852198,54.5069004962038,24.525019286769897,0.0,22.318332404095308,59.738018241967076,60.01700204742582,42.07719960996806,29.543511015483304,57.70915740249694,44.55330173465187,19.16508820589263,30.511333030480902,13.515452480937228,39.6297580873252,65.6628976566333],
        [43.34456525253799,34.42861715371893,36.83391270330465,40.792199711209534,33.08590119861216,21.681882965270034,11.035563829636,18.282225492600645,29.829254746231175,23.74558188577901,31.46304921825703,9.570311707638368,32.036326983779176,23.755287410177562,30.90730506267307,48.47187076002218,32.1885680921085,30.715279095054164,22.318332404095308,0.0,37.41968583787177,37.69866964333052,28.631756021468266,11.881214268473485,35.39082499840163,22.23496933055656,31.48557749019149,34.48077651721755,23.272596988334648,26.1843144988254,43.34456525253799],
        [19.991614335765373,13.181404811895943,17.366135255246427,41.410464410389814,4.333784639259608,27.339378440854045,45.92080041814601,41.26186328105483,7.590431091640596,20.678350764108206,60.850807311825044,27.849374130233404,5.45192339150079,13.66439842769421,40.137072505288884,49.09013545920245,17.87224430097414,35.21299895519718,59.738018241967076,37.41968583787177,0.0,21.584402562154573,60.16877599830231,30.194507226483775,22.46829897816835,15.184716507315212,40.572930036074446,71.90046235508932,60.69228282620642,38.690428444441004,19.991614335765373],
        [5.645895609207476,8.402997750258628,4.2182673069081424,37.048388861464474,24.068969311433953,42.64802082824433,46.19978422360475,41.540847086513566,20.10112910259145,13.953087757551502,61.12979111728379,30.397394772124994,16.13247917065378,25.04856440873001,40.41605631074763,36.89765596353425,5.5101015512220215,51.68141695802846,60.01700204742582,37.69866964333052,21.584402562154573,0.0,60.447759803761045,32.84735213144778,2.3078446449288834,15.463700312773954,52.45171535316578,72.17944616054805,60.97126663166516,38.96941224989975,5.645895609207476],
        [66.09365541296853,57.177707314149465,59.58300286373518,23.399370942296574,55.8349913590427,50.3136389867383,17.596192191832266,18.90691271724748,52.57834490666171,46.494672046209544,2.8312931967887645,38.06301293061896,54.7854171442097,46.5043775706081,20.031703493013424,23.550103840226807,54.93765825253902,59.34703511652243,42.07719960996806,28.631756021468266,60.16877599830231,60.447759803761045,0.0,40.51297028994175,58.13991515883217,44.98405949098709,60.11733351165975,11.73168635678701,28.561747129030834,21.478347553861305,66.09365541296853],
        [36.119386641149994,27.203438542330936,29.608734091916652,52.67341397968302,25.860722587224167,9.80066869679655,22.916778098109486,30.16343976107413,22.60407613484318,31.941300333401415,43.34426348673051,2.449957359322788,24.811148372391173,16.530108798789566,42.78851933114656,60.35308502849566,29.135193870267344,18.83406482658068,29.543511015483304,11.881214268473485,30.194507226483775,32.84735213144778,40.51297028994175,0.0,33.73124854746156,17.816694598380806,19.604363221718003,41.70595512860554,30.497775599722644,38.065528767298886,36.119386641149994],
        [7.95374025413636,9.286894166272406,5.1021637229219206,34.74054421653559,24.952865727447733,43.5319172442581,43.89193957867587,39.23300244158469,20.985025518605227,11.64524311262262,58.8219464723549,31.28129118813877,17.016375586667557,25.932460824743785,38.10821166581874,34.58981131860536,4.596054677194212,52.56531337404224,57.70915740249694,35.39082499840163,22.46829897816835,2.3078446449288834,58.13991515883217,33.73124854746156,0.0,15.914553949080751,53.335611769179565,69.87160151561918,58.663421986736275,36.66156760497086,7.95374025413636],
        [21.10959592198143,12.193647823162374,14.598943372748087,34.85671938130221,10.850931868055604,27.617363295177356,30.736083910830796,26.077146773739614,7.594285415674616,14.124605735020609,45.666090804509835,15.366737239058018,9.801357653222611,10.017906875663034,24.97182473276575,42.53639043011486,11.31849927188654,36.650759424961485,44.55330173465187,22.23496933055656,15.184716507315212,15.463700312773954,44.98405949098709,17.816694598380806,15.914553949080751,0.0,37.42105782009881,56.7157458477741,45.50756631889121,23.505711937125792,21.10959592198143],
        [50.858927126776585,44.04871760290715,48.23344804625764,72.27777720140102,36.23914539681484,13.233551595220405,42.52114131982749,49.767802982792134,32.98249894443385,51.54566355511942,62.948626708448515,22.05432058104079,36.319236182512,27.403150944435776,62.39288255286456,79.95744825021367,48.73955709198535,5.359931080877267,19.16508820589263,31.48557749019149,40.572930036074446,52.45171535316578,60.11733351165975,19.604363221718003,53.335611769179565,37.42105782009881,0.0,48.55146693217259,31.555586382628917,57.66989198901689,50.858927126776585],
        [77.82534176975554,68.90939367093648,71.31468922052218,35.13105729908359,67.56667771582971,44.56108391423527,25.97966193694331,30.63859907403449,64.31003126344872,58.22635840299655,14.397159776275927,44.05108822485591,66.51710350099671,58.23606392739511,31.763389849800433,35.28179019701382,66.66934460932603,47.78116853703526,30.511333030480902,34.48077651721755,71.90046235508932,72.17944616054805,11.73168635678701,41.70595512860554,69.87160151561918,56.7157458477741,48.55146693217259,0.0,16.995880549543674,33.21003391064831,77.82534176975554],
        [66.61716224087263,57.70121414205358,60.106509691639296,40.722190818772106,56.35849818694681,33.352904385352375,14.771482408060411,19.430419545151594,53.10185173456583,47.01817887411366,31.393040325819598,32.842908695973016,55.30892397211382,47.027884398512214,30.837296170235643,48.40186186758475,55.46116508044314,30.785287987491593,13.515452480937228,23.272596988334648,60.69228282620642,60.97126663166516,28.561747129030834,30.497775599722644,58.663421986736275,45.50756631889121,31.555586382628917,16.995880549543674,0.0,26.114305606387973,66.61716224087263],
        [44.61530785910722,35.69935976028817,38.10465530987388,14.607885212384131,34.35664380518139,47.866197464095436,15.148750669189402,7.902089006224758,31.099997352800408,25.01632449234824,22.16037886738404,35.615571407976105,33.307069590348405,30.266741044581117,4.722990563847668,22.287556261196773,33.459310698677726,56.89959359387957,39.6297580873252,26.1843144988254,38.690428444441004,38.96941224989975,21.478347553861305,38.065528767298886,36.66156760497086,23.505711937125792,57.66989198901689,33.21003391064831,26.114305606387973,0.0,44.61530785910722],
        [0.0,8.915948098819056,6.510652549233344,42.69428447067195,22.476181085044757,41.05523260185513,51.84567983281222,47.186742695721044,18.50834087620225,19.59898336675898,66.77568672649126,33.77425354489962,14.539690944264583,23.45577618234081,46.061951919955106,42.54355157274172,11.155997160429498,50.08862873163926,65.6628976566333,43.34456525253799,19.991614335765373,5.645895609207476,66.09365541296853,36.119386641149994,7.95374025413636,21.10959592198143,50.858927126776585,77.82534176975554,66.61716224087263,44.61530785910722,0.0]
    ],
    "vertex_count": 31
}