{
    "drone_dist": [
        [0.0,1723.5151277610933,2091.0342377947054,1847.4337468526526,4695.078373145875,1037.8623114467669,2598.049760080916,2496.0636069953416,3344.04765297202,4296.683110600033,3775.6738483257723,2784.872555685323,3769.0972846021796,2468.393981096366,3023.5252993140675,2139.315748208393,1825.7998706672058,3693.600841067162,3123.6002208747173,1752.6524280978638,2913.80112841898,3838.711938549126,4664.4791755789765,3640.447488148861,3313.221899788939,3518.7556922757494,3800.358586258359,1734.5591154166623,4042.97333093434,2820.0668260127954,2676.1868447641405,2257.3336033406736,209.64500622901718,2932.723397093825,1298.2539202572848,1785.5205149708718,870.7554475030322,1806.4749732597106,2893.675776727911,422.1803933192819,3543.1148650111872,3183.3864828594674,3454.6519432216687,819.1812644450764,3272.003367452049,1320.0657530734957,1987.1896474837301,2486.912871779433,3485.0742962012696,3768.5852272656753,0.0],
        [1723.5151277610933,0.0,3761.0544962762137,2199.840125626554,5015.757970687484,873.7478906552066,4178.717832760596,1289.545928315597,2296.579005779756,4760.21855970724,2629.561748308978,3169.404867491831,3142.0373947661506,1511.9337936177337,3919.7932203715045,3436.9611293092685,448.8338572535593,2333.376864642245,2715.5250553796677,3427.8396685312455,4528.998749347643,3892.109996521256,4988.223636685356,3600.2207995164836,4709.682481981045,3055.78267296211,5323.569551874169,2530.492402190371,3772.928564566558,3523.642710850205,4035.7829748638455,768.3320460028771,1661.729276714361,2680.079315273336,2279.6987615335943,3408.135730126127,973.085051888554,1709.5265480019668,2238.4188960665356,2039.573166247069,4874.153888084311,3005.2419960595425,2644.156128635844,1332.1989243332857,3597.586334029676,2984.792702116803,2413.017677156377,3419.1935883525525,2251.2240514811615,5091.555499620347,1723.5151277610933],
        [2091.0342377947054,3761.0544962762137,0.0,2660.018164658124,4445.329286705719,2939.5745536999057,672.5768299743743,4191.66186495021,4772.134167393708,3938.0587502832977,5220.180758621913,3011.161652153032,4757.371143079733,4020.2779063493495,2412.1578493043085,1285.417024772351,3751.860974192669,5324.626989544946,4063.50496172669,338.4314217763748,867.5047785686903,4102.401054871622,4416.375829039492,4062.024937838314,1657.7367767606872,4406.360328890111,1845.3540868090233,2122.1133411832393,4618.583027465707,2600.6426490257118,1315.5931208420795,4142.722553509497,2231.0704227075807,3787.56866632082,1912.2364891990712,412.97370098670444,2961.0798488551773,3051.6030789639044,4111.80417412138,1724.273984548483,1969.9614790703015,3883.721515832029,4668.968969361902,2516.205206693366,3377.080863452643,777.460869370324,2620.1654916155235,2090.3092442033226,5038.149003364389,2168.822935462242,2091.0342377947054],
        [1847.4337468526526,2199.840125626554,2660.018164658124,0.0,2943.6068647842026,1470.1077034239247,2737.2769405284484,1835.7962668917799,2154.8582706652874,2616.2500451731844,2594.3651843453454,1016.8890921682214,2132.419264635321,1547.5577851796422,1761.6326865031474,1686.0953145184367,1886.8625787287046,2792.126993198121,1436.5205898791405,2430.9335887541984,3118.9595017692604,1995.7979278514613,2913.943359727647,1793.6223403029699,2880.8809143767953,1810.5006144535664,3630.7416440245133,574.4129633016302,2223.3121540787206,1328.5031899489982,2242.6321751262412,2078.65941440066,2023.6256128475884,1184.406487016116,787.1090934153752,2249.236742293125,2149.4975635778956,575.9217566494261,1458.3347102382802,1663.0271442034602,2953.942038609096,1375.6197058263954,2009.2562094196194,1181.3856098162744,1491.4184382169092,2101.2787296434662,213.30161784469482,1319.5311247981201,2469.8649344701353,3147.4407246280875,1847.4337468526526],
        [4695.078373145875,5015.757970687484,4445.329286705719,2943.6068647842026,0.0,4397.243997826926,4042.423766615735,4141.98402376107,3662.8609278553113,519.1182189005883,3862.3312438171915,1931.8981920176527,2675.428528859375,3779.9257999472006,2033.3593465062825,3182.9537490727425,4618.80597578091,4393.738740686726,2545.9977002125634,4425.40338284026,4295.855895057185,1215.054357519777,30.793879659082986,1538.6208433195254,3355.7840171010807,2424.5171111453033,4066.9882166466177,2965.82294612121,1778.397468901265,1948.0051607847129,3215.5241431938366,4630.360229620854,4892.612246863765,2437.8626105507706,3408.1148529674124,4164.766120380365,5093.104120437579,3319.932072161024,3095.0081394753443,4398.466086686987,3134.527965459933,2126.06298119197,3151.184009311732,4121.742692307317,1452.3063093052094,4346.15794209725,2756.9247811172118,2420.857374650305,4061.698609467793,3143.6944750220355,4695.078373145875],
        [1037.8623114467669,873.7478906552066,2939.5745536999057,1470.1077034239247,4397.243997826926,0.0,3321.333154940091,1466.2471420874215,2365.610933614119,4085.6755198509513,2781.421441326022,2483.892515338227,2946.13211238327,1481.5794830330924,3106.8373337666603,2564.2512285419875,818.3635672207505,2661.9725388549987,2375.6817678555913,2613.703977429824,3678.4691481041546,3361.3649623400142,4368.137026190207,3103.7574207124308,3836.124528765301,2760.2133737469994,4453.662265712985,1701.814535645342,3393.3862556042677,2749.79856650265,3162.4158749095864,1234.7680647781792,1069.028760138889,2253.2901601749404,1414.54036405781,2569.4352551679235,752.816142415483,1118.333734505228,2027.1332932168127,1250.7658876649546,4003.5031726832244,2554.677474039126,2551.9008257110386,458.60292108783034,2947.860125783076,2172.289042676407,1674.8606108764445,2590.0098975017195,2468.997451682473,4221.916772905323,1037.8623114467669],
        [2598.049760080916,4178.717832760596,672.5768299743743,2737.2769405284484,4042.423766615735,3321.333154940091,0.0,4433.768026505202,4891.89559648666,3524.9417894284343,5331.378418096925,2852.2747937212653,4725.493196839708,4216.095203506209,2036.896564887346,1099.7063110628787,4107.2031174932135,5505.691505667389,4049.935141109312,940.01694435889,382.4050395449319,3870.252533688998,4015.041392961409,3881.9034384143592,1000.1988532265275,4357.219237469169,1215.766710380842,2164.652735240428,4458.835259755085,2340.404714606643,826.9931649336397,4466.6113931218515,2763.444810828657,3763.9109067056957,2088.902492815668,818.5353955089302,3462.250591544572,3214.227433029585,4187.538560407647,2194.8439086187163,1318.5134601496925,3803.7561421582254,4717.199942273393,2871.887044880042,3143.5929006289557,1300.2703686211053,2646.3895868506847,1850.4757101808827,5196.035900623138,1507.6175272365251,2598.049760080916],
        [2496.0636069953416,1289.545928315597,4191.66186495021,1835.7962668917799,4141.98402376107,1466.2471420874215,4433.768026505202,0.0,1007.2718800790882,3992.91119900043,1363.0753634186283,2536.9008630497824,1914.7932966339386,363.46571640803444,3547.530088874438,3466.8073204869975,864.0310258851931,1197.5578302886738,1634.5733586976448,3893.7913187277363,4812.918121512655,2942.048705788903,4117.917342666559,2623.662357982209,4703.951492467609,1904.256381228597,5430.67220013406,2369.139721519342,2658.5317780350556,3061.042615696844,4050.1746003161816,577.5563715882187,2534.9108588778963,1704.1285603740325,2345.2980641629147,3788.690714675038,2060.5979080738325,1268.8422469101088,1089.62111877641,2638.3038612269706,4788.663681832711,2020.3306641480972,1382.3352907865485,1747.4140148264196,2854.198067339426,3473.803356885951,2016.5289545321612,3148.7032515547185,1014.7049129375923,4983.218783770777,2496.0636069953416],
        [3344.04765297202,2296.579005779756,4772.134167393708,2154.8582706652874,3662.8609278553113,2365.610933614119,4891.89559648666,1007.2718800790882,0.0,3635.3827164372638,449.48488225503695,2464.2628010606286,1085.3021006532858,884.0476179855239,3596.3369280664906,3832.8912898836297,1868.675077599789,755.1541558879372,1174.6091980076562,4509.424508881684,5273.727607004847,2456.0061621609652,3643.782225277578,2137.151090025756,4966.983848973665,1242.0822188289048,5745.944857775643,2728.6988670171518,1969.1573312625703,3079.133165728017,4363.640965388688,1560.4212827491058,3418.458033108665,1398.722818652925,2860.0888188197464,4359.303714903169,3029.544138789272,1723.9472390488568,745.6145274447078,3402.4946623912238,4987.881060588122,1619.207419582596,529.1035938213952,2538.168611277236,2620.2784616242543,4125.2411199638245,2264.096270779222,3320.3176820892213,405.7087598601024,5156.031407304678,3344.04765297202],
        [4296.683110600033,4760.21855970724,3938.0587502832977,2616.2500451731844,519.1182189005883,4085.6755198509513,3524.9417894284343,3992.91119900043,3635.3827164372638,0.0,3888.4238254472843,1602.7170551122967,2735.5429468198854,3629.73812172704,1526.8995490236327,2685.5137864556673,4385.591768422511,4384.689628017037,2472.912323732537,3928.714281791622,3776.7463404307764,1213.1664582714852,493.08741324063834,1511.2667664107767,2841.3493310721974,2432.5944796850818,3563.0720984254767,2562.332762420809,1901.9044610224537,1497.255602335967,2698.2682461869636,4442.901185336326,4498.818869058699,2311.7049534326156,2999.787035088452,3667.341510886644,4753.415929887672,3050.8371508723026,2999.84207137007,3978.7583382304956,2627.206939012459,2030.4516602044196,3150.2486414156447,3775.555714945825,1165.2332350255283,3868.2054739135842,2416.3467126314868,1943.6625065612466,4040.5978852356193,2646.5257860516967,4296.683110600033],
        [3775.6738483257723,2629.561748308978,5220.180758621913,2594.3651843453454,3862.3312438171915,2781.421441326022,5331.378418096925,1363.0753634186283,449.48488225503695,3888.4238254472843,0.0,2833.8738715881655,1192.80107641441,1307.4545475582265,3975.9392989693024,4265.63051015075,2222.7332796900923,585.7021716831293,1494.7635040405787,4958.618888656971,5712.771875651166,2683.159950751329,3845.94876447724,2377.160822261287,5379.93699451514,1455.9250231738672,6164.968697217411,3166.870853907947,2106.4106960307317,3458.3981101448767,4787.131889252591,1868.3780057807678,3842.534412181391,1751.296118214273,3307.9654555706848,4807.2795086629,3419.390670955673,2173.2336638564066,1156.128071382432,3845.772276677933,5389.061266257203,1923.8222630941361,749.1077453998754,2975.706485087035,2940.170514694518,4574.688881138318,2695.0758915603305,3727.7482769924686,400.98018153028215,5551.1327188367695,3775.6738483257723],
        [2784.872555685323,3169.404867491831,3011.161652153032,1016.8890921682214,1931.8981920176527,2483.892515338227,2852.2747937212653,2536.9008630497824,2464.2628010606286,1602.7170551122967,2833.8738715881655,0.0,1951.1621744741747,2186.493192607669,1145.0353821920714,1767.977971618174,2812.417569190058,3204.0521305266866,1357.1788521944627,2879.2887221715546,3203.945883078312,1128.4935857239177,1901.9096719253337,1050.9216576042106,2630.4815777737667,1572.007892400837,3435.8679383682797,1095.623419538582,1613.48870250161,630.6526171054257,2132.6664804378393,2918.1138152637805,2976.8113997249434,1084.158341991771,1530.7411424256004,2642.105078553655,3164.120418800808,1462.8099504011557,1727.1603662823968,2522.445104654052,2591.0206934929643,1000.0493358134466,2107.4010832589456,2190.4237753992206,487.4535462278748,2672.3367523430607,825.1744171399051,1016.131605524297,2852.712606110481,2736.304374558896,2784.872555685323],
        [3769.0972846021796,3142.0373947661506,4757.371143079733,2132.419264635321,2675.428528859375,2946.13211238327,4725.493196839708,1914.7932966339386,1085.3021006532858,2735.5429468198854,1192.80107641441,1951.1621744741747,0.0,1631.8882203818553,3072.3163186207657,3625.9999802024163,2693.32527799176,1749.9467215165355,697.042684353474,4551.321540213478,5094.065081657376,1522.377411303156,2660.0610905545327,1238.5097937271282,4581.5941424446155,379.1895592871897,5386.640685893992,2636.3129408356435,913.9663502882543,2573.348027353571,4063.067072956669,2491.3641147865587,3893.9717954747584,970.1335613505804,2919.364703046664,4353.680591873805,3685.480613340997,1964.9117666846207,925.4278680795912,3706.0178519637666,4535.127624920026,951.1321217602638,563.9814750256501,2958.104583511581,1911.8190346858253,4233.58806567092,2139.643392804558,2949.2988899057127,1445.8804499289865,4669.560158682379,3769.0972846021796],
        [2468.393981096366,1511.9337936177337,4020.2779063493495,1547.5577851796422,3779.9257999472006,1481.5794830330924,4216.095203506209,363.46571640803444,884.0476179855239,3629.73812172704,1307.4545475582265,2186.493192607669,1631.8882203818553,0.0,3220.51715658189,3213.5999154162632,1064.1206206233408,1304.4836468854437,1286.0167658670066,3736.5575918213517,4597.672390611366,2582.5700357803407,3755.708514146662,2265.557205849274,4428.252317916796,1578.9778160937453,5171.582696008526,2102.750161759532,2325.022837186712,2726.096813589069,3785.1165772416653,889.5153946512953,2536.582877702836,1342.3814825479276,2132.8973368554075,3611.2692315260133,2157.2357532486953,1006.2485403343624,754.2812584697131,2553.125149303286,4497.578517471191,1660.6813515400615,1137.9302391877713,1673.297892085395,2493.3173264154107,3331.3410174586256,1713.511270408136,2842.52076239672,1036.7248197397919,4686.785831187444,2468.393981096366],
        [3023.5252993140675,3919.7932203715045,2412.1578493043085,1761.6326865031474,2033.3593465062825,3106.8373337666603,2036.896564887346,3547.530088874438,3596.3369280664906,1526.8995490236327,3975.9392989693024,1145.0353821920714,3072.3163186207657,3220.51715658189,0.0,1165.0805743848782,3640.305385968226,4325.616475888195,2501.8788200025188,2405.9719854533973,2328.0286629133393,1907.8986220008346,2004.5284222676219,1996.1701377367265,1555.5852210978367,2694.6086389924653,2357.9278552628184,1406.4765200478064,2577.0101647461897,517.7004361870153,1217.3302192491499,3838.3079947481833,3233.009869376471,2228.6810297384923,1768.3758824940812,2144.2213451108714,3647.130957142837,2329.976394189464,2852.9413056182266,2649.903573941841,1467.3237118007823,2126.8135267599423,3252.3951563711607,2702.550113871394,1221.296207935967,2377.567079844843,1556.2479800444974,538.6574437304931,3976.852887256817,1597.570856617329,3023.5252993140675],
        [2139.315748208393,3436.9611293092685,1285.417024772351,1686.0953145184367,3182.9537490727425,2564.2512285419875,1099.7063110628787,3466.8073204869975,3832.8912898836297,2685.5137864556673,4265.63051015075,1767.977971618174,3625.9999802024163,3213.5999154162632,1165.0805743848782,0.0,3276.2483924599733,4477.586644103644,2952.636883164916,1243.2340664076382,1469.5843829661114,2829.0487418524444,3153.3867565708706,2811.089086836782,1276.1639922320685,3257.518138461599,1964.19040702735,1114.4890772985166,3380.9715822300846,1315.973908611271,601.7674190696423,3585.2666401903994,2342.5855337733105,2665.9726932768717,1172.9138955442845,982.0569533706441,2910.9275471403575,2208.6075588430804,3113.6475783194196,1723.136340310836,1443.9971702895477,2705.172554400608,3630.857728010924,2107.8193366996634,2100.908000766695,1234.5180160478922,1570.6142368947246,805.8621547688616,4155.765777202736,1665.850713227448,2139.315748208393],
        [1825.7998706672058,448.8338572535593,3751.860974192669,1886.8625787287046,4618.80597578091,818.3635672207505,4107.2031174932135,864.0310258851931,1868.675077599789,4385.591768422511,2222.7332796900923,2812.417569190058,2693.32527799176,1064.1206206233408,3640.305385968226,3276.2483924599733,0.0,1980.0863968801389,2274.2006806688028,3428.6406950251676,4471.391752832292,3475.5695544341893,4591.901383598375,3177.66978308668,4551.716042660853,2609.4551346591343,5208.58134369737,2287.64733069214,3331.499071291172,3214.3312448933357,3877.936355282818,437.0503362942485,1814.609364875405,2251.19194289026,2103.3922388402543,3374.8407863143043,1235.39851894164,1352.6452961794105,1790.396062121771,2068.653887757798,4691.267457883321,2577.7446775174726,2198.7985468065153,1240.2866748767244,3220.371068079324,2988.3397289968702,2098.7312167520076,3162.598285598183,1858.1013490554792,4902.913413713051,1825.7998706672058],
        [3693.600841067162,2333.376864642245,5324.626989544946,2792.126993198121,4393.738740686726,2661.9725388549987,5505.691505667389,1197.5578302886738,755.1541558879372,4384.689628017037,585.7021716831293,3204.0521305266866,1749.9467215165355,1304.4836468854437,4325.616475888195,4477.586644103644,1980.0863968801389,0.0,1929.686189304091,5040.574377394793,5887.956996631281,3195.6473753475534,4375.814209055989,2880.26549875739,5652.762388381831,1969.8329488049153,6418.191176958049,3363.3852698935993,2661.589377506164,3810.3074519428565,5030.475848204634,1569.6138453818378,3729.244049769386,2150.1689742315857,3431.4060524574497,4915.277043705002,3214.206160638714,2292.369227460464,1476.892268177512,3826.8565766459656,5691.418610162048,2373.995373677277,1242.8855906424117,2936.7394412788135,3374.7341390357733,4632.676845031582,2927.9239011516697,4021.012404694759,352.582401420437,5866.716121795669,3693.600841067162],
        [3123.6002208747173,2715.5250553796677,4063.50496172669,1436.5205898791405,2545.9977002125634,2375.6817678555913,4049.935141109312,1634.5733586976448,1174.6091980076562,2472.912323732537,1494.7635040405787,1357.1788521944627,697.042684353474,1286.0167658670066,2501.8788200025188,2952.636883164916,2274.2006806688028,1929.686189304091,0.0,3854.6626198558047,4422.220611575812,1331.618271295306,2524.20143067618,1008.1811839662912,3963.1785451535725,395.1883791529853,4762.792501244274,1941.5466416642403,1057.4574637962521,1987.5523418617686,3414.7120244439507,2173.040628093283,3261.459968715853,288.07144936958514,2223.629401764538,3658.6185783950964,3127.4484789698,1320.606672080066,553.2824012105004,3033.217947769654,3942.613818730924,445.40157521184653,753.8065693365871,2326.874038014574,1450.4583485233886,3537.2082925262976,1444.0420674400582,2312.9434913480154,1579.651594648913,4092.470928249547,3123.6002208747173],
        [1752.6524280978638,3427.8396685312455,338.4314217763748,2430.9335887541984,4425.40338284026,2613.703977429824,940.01694435889,3893.7913187277363,4509.424508881684,3928.714281791622,4958.618888656971,2879.2887221715546,4551.321540213478,3736.5575918213517,2405.9719854533973,1243.2340664076382,3428.6406950251676,5040.574377394793,3854.6626198558047,0.0,1189.5939539530432,3992.254435073158,4395.733708813191,3926.834471048422,1871.2040686467146,4209.66944082389,2146.7005072850243,1919.7211329978034,4469.261945891442,2527.679473151859,1424.9063151399143,3824.9515694225265,1893.27711107494,3585.229770280833,1660.4093050249533,261.80204906208127,2622.6488856001083,2785.503518620021,3868.040320085664,1389.168924428933,2170.0359272449864,3704.462403921711,4432.125809344695,2197.7954577523096,3275.973674233438,443.19683725515847,2412.6806194799224,2022.7030054389595,4762.046355470043,2380.51487436704,1752.6524280978638],
        [2913.80112841898,4528.998749347643,867.5047785686903,3118.9595017692604,4295.855895057185,3678.4691481041546,382.4050395449319,4812.918121512655,5273.727607004847,3776.7463404307764,5712.771875651166,3203.945883078312,5094.065081657376,4597.672390611366,2328.0286629133393,1469.5843829661114,4471.391752832292,5887.956996631281,4422.220611575812,1189.5939539530432,0.0,4196.137871962844,4269.507500457599,4222.735187084139,1059.944461661362,4723.867197502411,994.99129926577,2545.905047041418,4802.719733890653,2669.9874480769386,1113.1296042151812,4836.6370512762405,3068.531659178899,4135.51886583871,2468.932642881537,1130.7077972987272,3783.2091664165346,3596.3128640066134,4567.790646963399,2522.094000852194,1374.4779030078948,4166.717154366387,5095.036022766697,3233.0513874011617,3473.561518816982,1596.8831941936733,3025.6465782731184,2193.2348230361736,5578.438650541577,1524.4367343973977,2913.80112841898],
        [3838.711938549126,3892.109996521256,4102.401054871622,1995.7979278514613,1215.054357519777,3361.3649623400142,3870.252533688998,2942.048705788903,2456.0061621609652,1213.1664582714852,2683.159950751329,1128.4935857239177,1522.377411303156,2582.5700357803407,1907.8986220008346,2829.0487418524444,3475.5695544341893,3195.6473753475534,1331.618271295306,3992.254435073158,4196.137871962844,0.0,1193.8995677001449,323.6073030446937,3458.4834707182995,1229.044754877834,4253.645477004656,2212.2724216058723,732.0680284609236,1529.8956434507381,3087.4157064881765,3449.0638808000035,4018.6861751244383,1243.4926995160977,2635.635095602638,3748.610564689685,4093.8392270712034,2247.1069783726207,1882.3092667740627,3614.150258711959,3334.7985428038724,921.8960024285092,1953.9689531634376,3158.062310793446,728.829384403624,3799.654802883582,1853.8616188430672,2029.1167713869506,2857.946816281717,3424.3471834988327,3838.711938549126],
        [4664.4791755789765,4988.223636685356,4416.375829039492,2913.943359727647,30.793879659082986,4368.137026190207,4015.041392961409,4117.917342666559,3643.782225277578,493.08741324063834,3845.94876447724,1901.9096719253337,2660.0610905545327,3755.708514146662,2004.5284222676219,3153.3867565708706,4591.901383598375,4375.814209055989,2524.20143067618,4395.733708813191,4269.507500457599,1193.8995677001449,0.0,1517.337725993583,3331.725247203016,2406.274506657983,4045.0315158606995,2935.1184459253614,1765.2998472996792,1917.3646067822217,3188.0994476838555,4604.993948681174,4862.067107871547,2413.857458429848,3377.395828071869,4135.144976955903,5063.438147268196,3291.7126729199013,3072.668615446987,4367.705031598999,3111.9165056581787,2102.9342507038987,3133.0946281153,4091.877029593703,1422.7323631734741,4315.81446540472,2726.9806202444297,2390.609919283565,4043.082481284696,3122.645991896019,4664.4791755789765],
        [3640.447488148861,3600.2207995164836,4062.024937838314,1793.6223403029699,1538.6208433195254,3103.7574207124308,3881.9034384143592,2623.662357982209,2137.151090025756,1511.2667664107767,2377.160822261287,1050.9216576042106,1238.5097937271282,2265.557205849274,1996.1701377367265,2811.089086836782,3177.66978308668,2880.26549875739,1008.1811839662912,3926.834471048422,4222.735187084139,323.6073030446937,1517.337725993583,0.0,3550.588866426132,921.3547626857468,4354.066150623923,2080.8948384928417,583.7474695135295,1559.9747682900058,3127.204308742559,3137.1281737781114,3812.927394834852,932.5205681644549,2484.9114147369637,3691.951898058653,3844.8449666413217,1985.4967294021512,1559.4528203567206,3442.5984616337787,3453.621474776388,606.8315738602934,1641.0974349743915,2928.7893975313873,774.8745488973346,3702.4568598085334,1675.9084535436543,2031.6330607309762,2540.2789178480252,3560.6954288389124,3640.447488148861],
        [3313.221899788939,4709.682481981045,1657.7367767606872,2880.8809143767953,3355.7840171010807,3836.124528765301,1000.1988532265275,4703.951492467609,4966.983848973665,2841.3493310721974,5379.93699451514,2630.4815777737667,4581.5941424446155,4428.252317916796,1555.5852210978367,1276.1639922320685,4551.716042660853,5652.762388381831,3963.1785451535725,1871.2040686467146,1059.944461661362,3458.4834707182995,3331.725247203016,3550.588866426132,0.0,4202.468952025891,806.7517340778265,2335.062221386506,4132.2674603309215,2015.9758815175337,674.6539016609859,4853.58603098929,3503.419665776392,3677.9066714998557,2448.405956987131,1676.499824387627,4134.308945440351,3435.684397385976,4226.2501894204415,2891.3717678468274,320.79995538233555,3630.521580902302,4692.922055724064,3378.305878766386,2775.9462925460616,2135.3332691939445,2727.270808363176,1654.7848396026718,5317.563173672946,511.4850397855619,3313.221899788939],
        [3518.7556922757494,3055.78267296211,4406.360328890111,1810.5006144535664,2424.5171111453033,2760.2133737469994,4357.219237469169,1904.256381228597,1242.0822188289048,2432.5944796850818,1455.9250231738672,1572.007892400837,379.1895592871897,1578.9778160937453,2694.6086389924653,3257.518138461599,2609.4551346591343,1969.8329488049153,395.1883791529853,4209.66944082389,4723.867197502411,1229.044754877834,2406.274506657983,921.3547626857468,4202.468952025891,0.0,5007.613304903056,2290.3847349181337,758.8951271774757,2194.411313895211,3686.771121700095,2466.2382436657804,3656.4225937141355,627.404692147598,2595.9340765833344,4005.8292385534237,3510.2938083477525,1715.5331054316869,825.3899524629502,3424.5935825307824,4156.497382877815,571.9611831446157,726.9491609836489,2721.514233322548,1546.1257322346944,3905.1883269716677,1797.8858931056977,2571.9340832534704,1637.6926742407925,4292.090713553657,3518.7556922757494],
        [3800.358586258359,5323.569551874169,1845.3540868090233,3630.7416440245133,4066.9882166466177,4453.662265712985,1215.766710380842,5430.67220013406,5745.944857775643,3563.0720984254767,6164.968697217411,3435.8679383682797,5386.640685893992,5171.582696008526,2357.9278552628184,1964.19040702735,5208.58134369737,6418.191176958049,4762.792501244274,2146.7005072850243,994.99129926577,4253.645477004656,4045.0315158606995,4354.066150623923,806.7517340778265,5007.613304903056,0.0,3068.8562236261323,4934.738970673083,2822.720620704097,1388.2153341798935,5537.428303848909,3971.828845502708,4476.564851387596,3119.3567861354813,2032.73794466907,4657.077179934756,4169.297987263973,5009.296363212623,3389.4443722890405,939.216187448529,4435.751618971574,5487.29415992251,3996.3396337603076,3579.196331394822,2515.287507963376,3490.795811890546,2450.4143337212868,6087.90828350501,934.463934905249,3800.358586258359],
        [1734.5591154166623,2530.492402190371,2122.1133411832393,574.4129633016302,2965.82294612121,1701.814535645342,2164.652735240428,2369.139721519342,2728.6988670171518,2562.332762420809,3166.870853907947,1095.623419538582,2636.3129408356435,2102.750161759532,1406.4765200478064,1114.4890772985166,2287.64733069214,3363.3852698935993,1941.5466416642403,1919.7211329978034,2545.905047041418,2212.2724216058723,2935.1184459253614,2080.8948384928417,2335.062221386506,2290.3847349181337,3068.8562236261323,0.0,2586.491621248319,1100.9734899098262,1683.2566908375084,2543.853750149079,1936.5473849137636,1667.545748653175,442.758024613612,1717.3678405494566,2257.675038243546,1102.063904853594,2024.4770748082726,1436.6797297779167,2432.827041138681,1790.158305732745,2564.2579743927736,1298.5461725889554,1571.219693321834,1638.37840912525,498.2178457741127,889.8343158068571,3043.421185553223,2636.003557636523,1734.5591154166623],
        [4042.97333093434,3772.928564566558,4618.583027465707,2223.3121540787206,1778.397468901265,3393.3862556042677,4458.835259755085,2658.5317780350556,1969.1573312625703,1901.9044610224537,2106.4106960307317,1613.48870250161,913.9663502882543,2325.022837186712,2577.0101647461897,3380.9715822300846,3331.499071291172,2661.589377506164,1057.4574637962521,4469.261945891442,4802.719733890653,732.0680284609236,1765.2998472996792,583.7474695135295,4132.2674603309215,758.8951271774757,4934.738970673083,2586.491621248319,0.0,2143.298241699184,3709.8502658700622,3214.4512464147756,4201.381609523674,1140.5449258321437,2964.886124556278,4240.578623941418,4145.694532818464,2293.0180407878725,1571.7071724313382,3886.190774871341,4029.451711145261,859.9609965926724,1440.523188989511,3285.1746293461165,1356.5155643993335,4222.700591204347,2141.8031498690616,2609.9943008566743,2348.6288679741933,4130.656511460022,4042.97333093434],
        [2820.0668260127954,3523.642710850205,2600.6426490257118,1328.5031899489982,1948.0051607847129,2749.79856650265,2340.404714606643,3061.042615696844,3079.133165728017,1497.255602335967,3458.3981101448767,630.6526171054257,2573.348027353571,2726.096813589069,517.7004361870153,1315.973908611271,3214.3312448933357,3810.3074519428565,1987.5523418617686,2527.679473151859,2669.9874480769386,1529.8956434507381,1917.3646067822217,1559.9747682900058,2015.9758815175337,2194.411313895211,2822.720620704097,1100.9734899098262,2143.298241699184,0.0,1567.9996333117308,3381.843416915657,3025.675930620285,1712.3205623441436,1523.1201257916714,2273.1046250023046,3351.484651703813,1876.6528936864388,2336.321734147791,2486.911532674094,1962.7730857494757,1623.5087457525055,2736.522998720555,2380.6450329764994,803.857578444429,2407.1805830614035,1115.83848258372,510.3335333924375,3460.950004939549,2105.7034692132947,2820.0668260127954],
        [2676.1868447641405,4035.7829748638455,1315.5931208420795,2242.6321751262412,3215.5241431938366,3162.4158749095864,826.9931649336397,4050.1746003161816,4363.640965388688,2698.2682461869636,4787.131889252591,2132.6664804378393,4063.067072956669,3785.1165772416653,1217.3302192491499,601.7674190696423,3877.936355282818,5030.475848204634,3414.7120244439507,1424.9063151399143,1113.1296042151812,3087.4157064881765,3188.0994476838555,3127.204308742559,674.6539016609859,3686.771121700095,1388.2153341798935,1683.2566908375084,3709.8502658700622,1567.9996333117308,0.0,4184.036982074117,2872.4585285991116,3126.7598369927064,1774.550680759181,1184.9562775239515,3479.3587150194744,2785.099324347737,3631.0301648008863,2254.3619341109625,867.4010465901058,3119.436883807971,4123.530702495629,2704.9501800696917,2368.810739674822,1587.8338593675603,2104.033291378548,1117.425364803001,4701.39399444395,1092.7463346732186,2676.1868447641405],
        [2257.3336033406736,768.3320460028771,4142.722553509497,2078.65941440066,4630.360229620854,1234.7680647781792,4466.6113931218515,577.5563715882187,1560.4212827491058,4442.901185336326,1868.3780057807678,2918.1138152637805,2491.3641147865587,889.5153946512953,3838.3079947481833,3585.2666401903994,437.0503362942485,1569.6138453818378,2173.040628093283,3824.9515694225265,4836.6370512762405,3449.0638808000035,4604.993948681174,3137.1281737781114,4853.58603098929,2466.2382436657804,5537.428303848909,2543.853750149079,3214.4512464147756,3381.843416915657,4184.036982074117,0.0,2250.98438313361,2205.785565512586,2418.2397821535747,3757.098056725254,1662.1848383521237,1508.6933157963265,1643.1091455412634,2483.112156699991,4973.109332190433,2530.2981606971985,1959.428678841425,1627.2147510783204,3284.6662897023293,3387.964188857262,2282.060043009562,3390.545147649155,1485.0127336597016,5178.962643305859,2257.3336033406736],
        [209.64500622901718,1661.729276714361,2231.0704227075807,2023.6256128475884,4892.612246863765,1069.028760138889,2763.444810828657,2534.9108588778963,3418.458033108665,4498.818869058699,3842.534412181391,2976.8113997249434,3893.9717954747584,2536.582877702836,3233.009869376471,2342.5855337733105,1814.609364875405,3729.244049769386,3261.459968715853,1893.27711107494,3068.531659178899,4018.6861751244383,4862.067107871547,3812.927394834852,3503.419665776392,3656.4225937141355,3971.828845502708,1936.5473849137636,4201.381609523674,3025.675930620285,2872.4585285991116,2250.98438313361,0.0,3081.465136169207,1502.8602072937178,1946.4991687110137,745.1335963017799,1940.8894889832277,3004.2372719081686,620.0897907800197,3738.470624406106,3341.4482194537877,3557.4218528940787,936.4057775529592,3464.2433308803097,1471.691276812091,2171.752101050971,2696.2376630316407,3537.1924426230444,3963.9404785516654,209.64500622901718],
        [2932.723397093825,2680.079315273336,3787.56866632082,1184.406487016116,2437.8626105507706,2253.2901601749404,3763.9109067056957,1704.1285603740325,1398.722818652925,2311.7049534326156,1751.296118214273,1084.158341991771,970.1335613505804,1342.3814825479276,2228.6810297384923,2665.9726932768717,2251.19194289026,2150.1689742315857,288.07144936958514,3585.229770280833,4135.51886583871,1243.4926995160977,2413.857458429848,932.5205681644549,3677.9066714998557,627.404692147598,4476.564851387596,1667.545748653175,1140.5449258321437,1712.3205623441436,3126.7598369927064,2205.785565512586,3081.465136169207,0.0,1968.8675033480934,3384.671039030601,3005.338332000301,1155.1635645141646,695.3505814564131,2814.5373044487683,3661.7165177103875,327.0833045322639,1024.410962264184,2155.299961772251,1229.7789288964234,3277.8231501046225,1172.565992536235,2026.3203510731603,1797.6528543965553,3814.5899536917354,2932.723397093825],
        [1298.2539202572848,2279.6987615335943,1912.2364891990712,787.1090934153752,3408.1148529674124,1414.54036405781,2088.902492815668,2345.2980641629147,2860.0888188197464,2999.787035088452,3307.9654555706848,1530.7411424256004,2919.364703046664,2132.8973368554075,1768.3758824940812,1172.9138955442845,2103.3922388402543,3431.4060524574497,2223.629401764538,1660.4093050249533,2468.932642881537,2635.635095602638,3377.395828071869,2484.9114147369637,2448.405956987131,2595.9340765833344,3119.3567861354813,442.758024613612,2964.886124556278,1523.1201257916714,1774.550680759181,2418.2397821535747,1502.8602072937178,1968.8675033480934,0.0,1499.3161048345862,1881.453674072281,1143.3289102905271,2207.632065851606,994.48988617722,2596.9332217596443,2138.091216578033,2772.5612491843817,970.7583716551892,2010.6511364522637,1315.0910102008945,823.6803392550627,1231.3314165207369,3134.2066263631955,2812.857254588283,1298.2539202572848],
        [1785.5205149708718,3408.135730126127,412.97370098670444,2249.236742293125,4164.766120380365,2569.4352551679235,818.5353955089302,3788.690714675038,4359.303714903169,3667.341510886644,4807.2795086629,2642.105078553655,4353.680591873805,3611.2692315260133,2144.2213451108714,982.0569533706441,3374.8407863143043,4915.277043705002,3658.6185783950964,261.80204906208127,1130.7077972987272,3748.610564689685,4135.144976955903,3691.951898058653,1676.499824387627,4005.8292385534237,2032.73794466907,1717.3678405494566,4240.578623941418,2273.1046250023046,1184.9562775239515,3757.098056725254,1946.4991687110137,3384.671039030601,1499.3161048345862,0.0,2653.5868022423274,2639.315224341635,3699.4754533262158,1391.4339053072956,1963.914411655432,3490.0672100901675,4257.623741303724,2135.0901313416707,3029.0493292944825,482.80395987093846,2214.5951686898975,1766.33232081699,4626.902152167967,2179.928624597994,1785.5205149708718],
        [870.7554475030322,973.085051888554,2961.0798488551773,2149.4975635778956,5093.104120437579,752.816142415483,3462.250591544572,2060.5979080738325,3029.544138789272,4753.415929887672,3419.390670955673,3164.120418800808,3685.480613340997,2157.2357532486953,3647.130957142837,2910.9275471403575,1235.39851894164,3214.206160638714,3127.4484789698,2622.6488856001083,3783.2091664165346,4093.8392270712034,5063.438147268196,3844.8449666413217,4134.308945440351,3510.2938083477525,4657.077179934756,2257.675038243546,4145.694532818464,3351.484651703813,3479.3587150194744,1662.1848383521237,745.1335963017799,3005.338332000301,1881.453674072281,2653.5868022423274,0.0,1863.2225575759674,2761.901229524526,1268.258040212634,4344.946612036674,3304.280702236776,3267.3693197128723,978.3280327697466,3640.8759735974577,2190.781506445695,2340.183694663166,3111.901792568883,3073.7843044501883,4569.422472964492,870.7554475030322],
        [1806.4749732597106,1709.5265480019668,3051.6030789639044,575.9217566494261,3319.932072161024,1118.333734505228,3214.227433029585,1268.8422469101088,1723.9472390488568,3050.8371508723026,2173.2336638564066,1462.8099504011557,1964.9117666846207,1006.2485403343624,2329.976394189464,2208.6075588430804,1352.6452961794105,2292.369227460464,1320.606672080066,2785.503518620021,3596.3128640066134,2247.1069783726207,3291.7126729199013,1985.4967294021512,3435.684397385976,1715.5331054316869,4169.297987263973,1102.063904853594,2293.0180407878725,1876.6528936864388,2785.099324347737,1508.6933157963265,1940.8894889832277,1155.1635645141646,1143.3289102905271,2639.315224341635,1863.2225575759674,0.0,1125.39945400743,1753.8864298177075,3521.1658154636307,1443.117006013703,1699.540072225873,1006.6327461175423,1889.4512301694676,2404.5483696279152,774.0219566071315,1895.4066066802543,1991.0286340611096,3717.7312010035976,1806.4749732597106],
        [2893.675776727911,2238.4188960665356,4111.80417412138,1458.3347102382802,3095.0081394753443,2027.1332932168127,4187.538560407647,1089.62111877641,745.6145274447078,2999.84207137007,1156.128071382432,1727.1603662823968,925.4278680795912,754.2812584697131,2852.9413056182266,3113.6475783194196,1790.396062121771,1476.892268177512,553.2824012105004,3868.040320085664,4567.790646963399,1882.3092667740627,3072.668615446987,1559.4528203567206,4226.2501894204415,825.3899524629502,5009.296363212623,2024.4770748082726,1571.7071724313382,2336.321734147791,3631.0301648008863,1643.1091455412634,3004.2372719081686,695.3505814564131,2207.632065851606,3699.4754533262158,2761.901229524526,1125.39945400743,0.0,2876.0953147561627,4243.011786248037,974.1935418293133,574.3261048223571,2075.1687704227284,1923.2109257971922,3507.8965963150367,1543.6616421632066,2576.748303442431,1125.7845189406105,4410.475670532112,2893.675776727911],
        [422.1803933192819,2039.573166247069,1724.273984548483,1663.0271442034602,4398.466086686987,1250.7658876649546,2194.8439086187163,2638.3038612269706,3402.4946623912238,3978.7583382304956,3845.772276677933,2522.445104654052,3706.0178519637666,2553.125149303286,2649.903573941841,1723.136340310836,2068.653887757798,3826.8565766459656,3033.217947769654,1389.168924428933,2522.094000852194,3614.150258711959,4367.705031598999,3442.5984616337787,2891.3717678468274,3424.5935825307824,3389.4443722890405,1436.6797297779167,3886.190774871341,2486.911532674094,2254.3619341109625,2483.112156699991,620.0897907800197,2814.5373044487683,994.48988617722,1391.4339053072956,1268.258040212634,1753.8864298177075,2876.0953147561627,0.0,3121.12724195407,3034.8487349566476,3448.4825334541792,890.9386446832142,3004.3919523076543,946.8537507768516,1767.097606791502,2118.6735071418066,3588.064750980465,3346.6044930801227,422.1803933192819],
        [3543.1148650111872,4874.153888084311,1969.9614790703015,2953.942038609096,3134.527965459933,4003.5031726832244,1318.5134601496925,4788.663681832711,4987.881060588122,2627.206939012459,5389.061266257203,2591.0206934929643,4535.127624920026,4497.578517471191,1467.3237118007823,1443.9971702895477,4691.267457883321,5691.418610162048,3942.613818730924,2170.0359272449864,1374.4779030078948,3334.7985428038724,3111.9165056581787,3453.621474776388,320.79995538233555,4156.497382877815,939.216187448529,2432.827041138681,4029.451711145261,1962.7730857494757,867.4010465901058,4973.109332190433,3738.470624406106,3661.7165177103875,2596.9332217596443,1963.914411655432,4344.946612036674,3521.1658154636307,4243.011786248037,3121.12724195407,0.0,3586.1380608997088,4684.3905312248735,3548.9218974815003,2680.9025579735503,2410.0088430430096,2784.9068789738735,1670.4230150423793,5350.447661546803,225.48170570778873,3543.1148650111872],
        [3183.3864828594674,3005.2419960595425,3883.721515832029,1375.6197058263954,2126.06298119197,2554.677474039126,3803.7561421582254,2020.3306641480972,1619.207419582596,2030.4516602044196,1923.8222630941361,1000.0493358134466,951.1321217602638,1660.6813515400615,2126.8135267599423,2705.172554400608,2577.7446775174726,2373.995373677277,445.40157521184653,3704.462403921711,4166.717154366387,921.8960024285092,2102.9342507038987,606.8315738602934,3630.521580902302,571.9611831446157,4435.751618971574,1790.158305732745,859.9609965926724,1623.5087457525055,3119.436883807971,2530.2981606971985,3341.4482194537877,327.0833045322639,2138.091216578033,3490.0672100901675,3304.280702236776,1443.117006013703,974.1935418293133,3034.8487349566476,3586.1380608997088,0.0,1175.423801839562,2427.254881027534,1016.8047773516043,3425.429748024508,1316.9502333248456,2003.104057563739,2024.5564276523148,3724.275082718117,3183.3864828594674],
