{
    "drone_dist": [
        [0.0,46.9938305011741,35.97619237981062,14.948149044369137,21.4240348540469,10.86919785705611,38.02289606882788,30.108462828457856,3.90670962818835,29.897749245481823,33.2767897609811,13.721176316053231,5.5849425401003865,31.23191548786918,34.05699737237898,22.434209949412683,16.263286380372957,44.94548576193028,40.78975828264255,32.461107763345076,0.0],
        [46.9938305011741,0.0,14.243766631948201,53.30856463338457,36.82990065842989,50.48373701867873,29.273807687537836,50.15581181161099,44.69312705035871,34.29002884893317,13.987393769285642,33.665317868432474,44.282797756934244,18.888500575368035,14.46966918577016,32.42002440453345,35.252417645815875,13.44122831820761,7.997801691342464,46.925660083151875,46.9938305011741],
        [35.97619237981062,14.243766631948201,0.0,45.26033949570387,32.08096092332046,41.7720652245393,31.965781037842547,47.06464342632175,34.4799857194769,20.177215401161043,10.33105604903978,22.258512113493925,32.295249527425426,5.060458237566284,13.434438404520444,18.4347246549615,28.12973478832349,22.18297303915944,13.662052349816221,45.09914549501486,35.97619237981062],
        [14.948149044369137,53.30856463338457,45.26033949570387,0.0,18.414894735373768,4.195257104293021,35.385203240962525,18.55157288169379,13.103720909603771,43.80087650971556,39.427922949893784,24.653252552466714,20.392271697137172,41.25115774748918,38.97756804948885,35.723575748257026,18.057918891716838,47.45141409744134,45.89623674269724,22.475877554895817,14.948149044369137],
        [21.4240348540469,36.82990065842989,32.08096092332046,18.414894735373768,0.0,17.262362309516526,17.460151705661023,15.186169068084002,17.522214350810675,38.586760858492575,23.778000383799927,19.024303697034355,23.69407803159905,29.474097145374277,22.4143180645064,30.314682669540616,6.664176060437681,29.31814770226535,28.9790051107915,14.426025191071357,21.4240348540469],
        [10.86919785705611,50.48373701867873,41.7720652245393,4.195257104293021,17.262362309516526,0.0,34.675339900004,20.746582705942394,8.91501967754912,39.632066142002984,36.51718999234999,20.697901150040416,16.240973336839367,37.60420277101164,36.33365199167964,31.59505838636075,15.48085295756692,45.485887397034816,43.28726154113107,24.068565134533657,10.86919785705611],
        [38.02289606882788,29.273807687537836,31.965781037842547,35.385203240962525,17.460151705661023,34.675339900004,0.0,24.083888136770355,34.23595219238926,46.364785008404404,21.63721445833368,31.054425709913538,39.04452852451199,32.072544618991834,18.567981619307478,39.390446384532346,21.778339050200426,17.143553305497324,21.807695689567883,19.684326617224738,38.02289606882788],
        [30.108462828457856,50.15581181161099,47.06464342632175,18.55157288169379,15.186169068084002,20.746582705942394,24.083888136770355,0.0,26.64554146502269,53.10276810661996,38.144919094219574,32.94790107794267,34.3285202080016,44.6438936936115,36.25052293977643,44.69935649811146,20.88070602372392,40.259375341514094,42.15801071225565,5.006242489548206,30.108462828457856],
        [3.90670962818835,44.69312705035871,34.4799857194769,13.103720909603771,17.522214350810675,8.91501967754912,34.23595219238926,26.64554146502269,0.0,30.731608485170653,30.800096281909653,12.481768637513921,7.830298617323533,29.96075743119438,31.297131257913293,22.772529230794657,12.543664009393044,41.820230282649526,38.14624010181505,28.763779561821885,3.90670962818835],
        [29.897749245481823,34.29002884893317,20.177215401161043,43.80087650971556,38.586760858492575,39.632066142002984,46.364785008404404,53.10276810661996,30.731608485170653,0.0,27.21235454321073,20.27660624295161,24.443694638013092,16.439990613485083,30.254405681947485,8.430092728432525,32.28009248376314,41.328205518443006,33.18114306896638,53.01151974363867,29.897749245481823],
        [33.2767897609811,13.987393769285642,10.33105604903978,39.427922949893784,23.778000383799927,36.51718999234999,21.63721445833368,38.144919094219574,30.800096281909653,27.21235454321073,0.0,20.392728240161944,31.040048523055592,11.152938718357321,3.224504092382263,22.386669864519796,21.409981907006085,14.450218532291709,7.702713682269221,35.66603459815876,33.2767897609811],
        [13.721176316053231,33.665317868432474,22.258512113493925,24.653252552466714,19.024303697034355,20.697901150040416,31.054425709913538,32.94790107794267,12.481768637513921,20.27660624295161,20.392728240161944,0.0,10.661713461402663,17.57106389436539,21.792769425351466,11.847782325039654,12.414053660438473,33.487785584990924,28.083544069211356,33.26489017652611,13.721176316053231],
        [5.5849425401003865,44.282797756934244,32.295249527425426,20.392271697137172,23.69407803159905,16.240973336839367,39.04452852451199,34.3285202080016,7.830298617323533,24.443694638013092,31.040048523055592,10.661713461402663,0.0,27.362257787848822,32.30855811536049,17.287522251569143,17.591298277037932,43.790522897709785,38.71927697240684,36.14097957594269,5.5849425401003865],
        [31.23191548786918,18.888500575368035,5.060458237566284,41.25115774748918,29.474097145374277,37.60420277101164,32.072544618991834,44.6438936936115,29.96075743119438,16.439990613485083,11.152938718357321,17.57106389436539,27.362257787848822,0.0,14.34745590109055,13.54124866849881,24.79566786943793,24.915210284841912,16.751767351749656,43.15524193496831,31.23191548786918],
        [34.05699737237898,14.46966918577016,13.434438404520444,38.97756804948885,22.4143180645064,36.33365199167964,18.567981619307478,36.25052293977643,31.297131257913293,30.254405681947485,3.224504092382263,21.792769425351466,32.30855811536049,14.34745590109055,0.0,25.05040580411169,20.93735859136464,11.981450568319339,6.955446825164823,33.475419058669644,34.05699737237898],
        [22.434209949412683,32.42002440453345,18.4347246549615,35.723575748257026,30.314682669540616,31.59505838636075,39.390446384532346,44.69935649811146,22.772529230794657,8.430092728432525,22.386669864519796,11.847782325039654,17.287522251569143,13.54124866849881,25.05040580411169,0.0,23.91958204919411,36.83595987893405,29.41174178383197,44.72129126321309,22.434209949412683],
        [16.263286380372957,35.252417645815875,28.12973478832349,18.057918891716838,6.664176060437681,15.48085295756692,21.778339050200426,20.88070602372392,12.543664009393044,32.28009248376314,21.409981907006085,12.414053660438473,17.591298277037932,24.79566786943793,20.93735859136464,23.91958204919411,0.0,30.149665335011502,27.874529567084572,20.864111832668268,16.263286380372957],
        [44.94548576193028,13.44122831820761,22.18297303915944,47.45141409744134,29.31814770226535,45.485887397034816,17.143553305497324,40.259375341514094,41.820230282649526,41.328205518443006,14.450218532291709,33.487785584990924,43.790522897709785,24.915210284841912,11.981450568319339,36.83595987893405,30.149665335011502,0.0,8.54954059777291,36.32740802343768,44.94548576193028],
        [40.78975828264255,7.997801691342464,13.662052349816221,45.89623674269724,28.9790051107915,43.28726154113107,21.807695689567883,42.15801071225565,38.14624010181505,33.18114306896638,7.702713682269221,28.083544069211356,38.71927697240684,16.751767351749656,6.955446825164823,29.41174178383197,27.874529567084572,8.54954059777291,0.0,38.95754110016195,40.78975828264255],
        [32.461107763345076,46.925660083151875,45.09914549501486,22.475877554895817,14.426025191071357,24.068565134533657,19.684326617224738,5.006242489548206,28.763779561821885,53.01151974363867,35.66603459815876,33.26489017652611,36.14097957594269,43.15524193496831,33.475419058669644,44.72129126321309,20.864111832668268,36.32740802343768,38.95754110016195,0.0,32.461107763345076],
        [0.0,46.9938305011741,35.97619237981062,14.948149044369137,21.4240348540469,10.86919785705611,38.02289606882788,30.108462828457856,3.90670962818835,29.897749245481823,33.2767897609811,13.721176316053231,5.5849425401003865,31.23191548786918,34.05699737237898,22.434209949412683,16.263286380372957,44.94548576193028,40.78975828264255,32.461107763345076,0.0]
    ],
    "end_depot": 20,
    "start_depot": 0,
    "truck_dist": [
        [0.0,66.44831314197668,49.84553449504317,20.104409922005395,23.352207096591638,14.940594509980901,41.47316760323705,41.77104075795749,4.413174229606559,30.248630200501864,46.88080004762385,19.076946888487,6.616211170699917,42.74771754828974,47.38239359679511,25.33909629113749,18.25887739936795,60.56636860476594,57.171857117147056,43.329525714921516,0.0],
        [66.44831314197668,0.0,16.60277864693352,72.98337407461679,47.14409177532406,70.0618377094862,33.01747625686543,58.18882031358152,63.12436165961482,36.90561199795967,19.567513094352833,47.37136625348968,62.13450784999241,23.70059559368694,19.065919545181576,41.109216850839196,48.18943574260874,18.075839285232348,9.276456024829628,51.282587449911745,66.44831314197668],
        [49.84553449504317,16.60277864693352,0.0,56.38059542768327,33.55002682444275,53.459059062552676,44.424382802100666,51.968860485808605,46.5215830126813,20.30283335102615,14.306354805927615,30.768587606556167,45.53172920305889,7.097816946753422,18.83882181573692,24.506438203905674,31.586657095675218,29.482745830467582,17.878152747280314,53.52734544277263,49.84553449504317],
        [20.104409922005395,72.98337407461679,56.38059542768327,0.0,25.83928229929273,5.1638154120244915,48.00822853587715,21.66663083595209,15.691235692398834,50.35304012250726,53.41586098026396,25.6120078211271,26.72062109270531,49.28277848092985,53.91745452943521,39.19675789854082,24.79393833200805,67.10142953740603,63.70691804978716,23.225115792916124,20.104409922005395],
        [23.352207096591638,47.14409177532406,33.55002682444275,25.83928229929273,0.0,22.91774593416214,22.168946236584425,18.418833661365852,18.939032866985077,53.6008372970935,27.576578680971224,26.903468338219227,29.968418267291554,34.465160551656886,28.07817223014248,42.44455507312706,9.366415596111615,41.262147238113315,37.86763575049443,19.977318618329882,23.352207096591638],
        [14.940594509980901,70.0618377094862,53.459059062552676,5.1638154120244915,22.91774593416214,0.0,45.086692170746566,26.830446247976585,10.527420280374344,45.18922471048276,50.494324615133365,22.690471455996512,21.556805680680817,46.36124211579926,50.99591816430462,34.032942486516326,21.87240196687746,64.17989317227546,60.78538168465657,28.38893120494062,14.940594509980901],
        [41.47316760323705,33.01747625686543,44.424382802100666,48.00822853587715,22.168946236584425,45.086692170746566,0.0,33.21367477484189,38.14921612087519,64.4751932747514,30.118027996173048,37.77782431587714,40.84277424494947,45.3395165293148,25.585560986363742,53.318911050784976,23.214290203869105,19.09320100152889,26.54623005482035,26.307441911172113,41.47316760323705],
        [41.77104075795749,58.18882031358152,51.968860485808605,21.66663083595209,18.418833661365852,26.830446247976585,33.21367477484189,0.0,37.357866528350925,72.01967095845936,38.62130721922869,45.32230199958508,48.387251928657406,52.88399421302274,39.122900768399944,60.863388734492915,27.785249257477467,52.30687577637078,48.912364288751895,6.906232863669778,41.77104075795749],
        [4.413174229606559,63.12436165961482,46.5215830126813,15.691235692398834,18.939032866985077,10.527420280374344,38.14921612087519,37.357866528350925,0.0,34.66180443010842,43.55684856526199,15.752995406125134,11.029385400306477,39.42376606592788,44.05844211443324,23.505522206141983,14.93492591700608,57.24241712240408,53.84790563478519,38.91635148531496,4.413174229606559],
        [30.248630200501864,36.90561199795967,20.30283335102615,50.35304012250726,53.6008372970935,45.18922471048276,64.4751932747514,72.01967095845936,34.66180443010842,0.0,34.357165278578364,26.69736895887427,25.228895852032743,19.135676745436612,38.88963228838767,11.15628222396644,44.23442170098188,49.53355630311833,37.92896321993106,73.57815591542338,30.248630200501864],
        [46.88080004762385,19.567513094352833,14.306354805927615,53.41586098026396,27.576578680971224,50.494324615133365,30.118027996173048,38.62130721922869,43.55684856526199,34.357165278578364,0.0,27.803853159136853,42.56699475563958,15.221488533141752,4.532467009809306,23.20088305461193,28.621922648255904,15.176391024539967,10.291057069523205,39.220990636845016,46.88080004762385],
        [19.076946888487,47.37136625348968,30.768587606556167,25.6120078211271,26.903468338219227,22.690471455996512,37.77782431587714,45.32230199958508,15.752995406125134,26.69736895887427,27.803853159136853,0.0,14.763141596502726,23.67077065980274,28.305446708308107,15.541086734907832,17.537052742107612,41.48942171627894,38.094910228660055,46.880786956549116,19.076946888487],
        [6.616211170699917,62.13450784999241,45.53172920305889,26.72062109270531,29.968418267291554,21.556805680680817,40.84277424494947,48.387251928657406,11.029385400306477,25.228895852032743,42.56699475563958,14.763141596502726,0.0,38.43391225630547,43.06858830481083,21.025290999153214,20.60200267117994,56.25256331278167,52.85805182516278,49.945736885621436,6.616211170699917],
        [42.74771754828974,23.70059559368694,7.097816946753422,49.28277848092985,34.465160551656886,46.36124211579926,45.3395165293148,52.88399421302274,39.42376606592788,19.135676745436612,15.221488533141752,23.67077065980274,38.43391225630547,0.0,19.753955542951058,17.408621257152255,25.09874495554527,30.39787955768172,18.79328647449445,54.44247916998677,42.74771754828974],
        [47.38239359679511,19.065919545181576,18.83882181573692,53.91745452943521,28.07817223014248,50.99591816430462,25.585560986363742,39.122900768399944,44.05844211443324,38.88963228838767,4.532467009809306,28.305446708308107,43.06858830481083,19.753955542951058,0.0,27.73335006442123,29.12351619742716,13.183975007970833,9.789463520351948,34.68852362703571,47.38239359679511],
        [25.33909629113749,41.109216850839196,24.506438203905674,39.19675789854082,42.44455507312706,34.032942486516326,53.318911050784976,60.863388734492915,23.505522206141983,11.15628222396644,23.20088305461193,15.541086734907832,21.025290999153214,17.408621257152255,27.73335006442123,0.0,33.07813947701545,38.377274079151896,31.83276082600957,62.421873691456945,25.33909629113749],
        [18.25887739936795,48.18943574260874,31.586657095675218,24.79393833200805,9.366415596111615,21.87240196687746,23.214290203869105,27.785249257477467,14.93492591700608,44.23442170098188,28.621922648255904,17.537052742107612,20.60200267117994,25.09874495554527,29.12351619742716,33.07813947701545,0.0,42.307491205397994,38.91297971777911,29.343734214441497,18.25887739936795],
        [60.56636860476594,18.075839285232348,29.482745830467582,67.10142953740603,41.262147238113315,64.17989317227546,19.09320100152889,52.30687577637078,57.24241712240408,49.53355630311833,15.176391024539967,41.48942171627894,56.25256331278167,30.39787955768172,13.183975007970833,38.377274079151896,42.307491205397994,0.0,11.604593083187268,45.400642912701,60.56636860476594],
        [57.171857117147056,9.276456024829628,17.878152747280314,63.70691804978716,37.86763575049443,60.78538168465657,26.54623005482035,48.912364288751895,53.84790563478519,37.92896321993106,10.291057069523205,38.094910228660055,52.85805182516278,18.79328647449445,9.789463520351948,31.83276082600957,38.91297971777911,11.604593083187268,0.0,42.00613142508212,57.171857117147056],
        [43.329525714921516,51.282587449911745,53.52734544277263,23.225115792916124,19.977318618329882,28.38893120494062,26.307441911172113,6.906232863669778,38.91635148531496,73.57815591542338,39.220990636845016,46.880786956549116,49.945736885621436,54.44247916998677,34.68852362703571,62.421873691456945,29.343734214441497,45.400642912701,42.00613142508212,0.0,43.329525714921516],
        [0.0,66.44831314197668,49.84553449504317,20.104409922005395,23.352207096591638,14.940594509980901,41.47316760323705,41.77104075795749,4.413174229606559,30.248630200501864,46.88080004762385,19.076946888487,6.616211170699917,42.74771754828974,47.38239359679511,25.33909629113749,18.25887739936795,60.56636860476594,57.171857117147056,43.329525714921516,0.0]
    ],
    "vertex_count": 21
}