{
    "drone_dist": [
        [0.0,27.687756467526825,37.37634072013753,41.76686208285798,46.277649453228896,43.94702443187373,36.99873775286099,15.233789852872079,29.486530110024802,12.972723595343552,43.63565590944022,28.470070475451987,40.890469169427526,16.04993630500931,32.853422042601906,29.670704759449222,12.912958854308979,20.409535241492883,36.871372125945925,42.64969694223106,0.0],
        [27.687756467526825,0.0,22.33657540199426,20.752239829254115,20.56678116859449,18.718755688381357,13.61965933330433,36.397097835016545,24.38542339591509,20.106133344902798,16.394225990545277,17.966881026150187,17.684756811992603,23.237269005048876,5.1796690889425205,6.23022156413898,32.96812541059546,11.260503117659377,27.757265447494685,25.400101448146366,27.687756467526825],
        [37.37634072013753,22.33657540199426,0.0,8.4888612332897,36.62951457645525,35.97152170182225,33.95423175204742,36.86450274236134,11.266309867498341,37.11554143849733,30.079320671543318,8.91872166503321,37.23204599933711,23.043516196271714,21.973206490071878,28.310015790038953,34.20854417777526,31.44674382265839,7.7387624210940515,5.40541125846669,37.37634072013753],
        [41.76686208285798,20.752239829254115,8.4888612332897,0.0,30.428067273925063,30.217642888242175,29.69291480114665,43.660120463538604,19.286244474616158,38.88278782400552,23.732084211693614,14.951374662888407,32.33736995959263,29.220038519288586,18.447588715838233,25.781561936689357,40.73405359054804,31.503164408875733,16.06939898033485,6.569606293778473,41.76686208285798],
        [46.277649453228896,20.56678116859449,36.62951457645525,30.428067273925063,0.0,2.50351509335694,9.665428729542045,56.73992987869439,42.8456153328267,35.38863194777928,6.697081384611211,36.17091327439007,7.0636822777462145,43.79669733649247,16.782590373859392,16.67289232161434,53.31018642813278,26.116678813527407,43.88842556065668,36.93503413995575,46.277649453228896],
        [43.94702443187373,18.718755688381357,35.97152170182225,30.217642888242175,2.50351509335694,0.0,7.182649472170952,54.66351004798723,41.62093437282141,32.93323240279244,6.889336004192873,34.940041152613745,4.717884604157313,41.94338102481485,15.328777459007545,14.441121512763527,51.23772854993427,23.715065577606303,43.05597017943224,36.639069491508096,43.94702443187373],
        [36.99873775286099,13.61965933330433,33.95423175204742,29.69291480114665,9.665428729542045,7.182649472170952,0.0,48.31809573365029,37.80753926505788,25.764035471713548,10.48804697052011,31.235305939472127,4.186415079741135,36.27889349533107,12.00057908947172,8.116753149827584,44.913703195048996,16.649736040653007,40.375174335232096,35.66358655181589,36.99873775286099],
        [15.233789852872079,36.397097835016545,36.86450274236134,43.660120463538604,56.73992987869439,54.66351004798723,48.31809573365029,0.0,26.169505755870826,27.548570577998262,52.733053780473675,28.718476585052112,52.457669777947686,14.644946417797367,41.06869238910455,40.31513004364366,3.4314425720790886,32.81994842999383,33.24342977400284,42.19682871432864,15.233789852872079],
        [29.486530110024802,24.38542339591509,11.266309867498341,19.286244474616158,42.8456153328267,41.62093437282141,37.80753926505788,26.169505755870826,0.0,32.7794433865789,36.85627042761834,6.681350682991491,41.67693770914026,13.668994134048788,26.350620210288003,30.55696260569499,23.825379230941135,29.967334346855058,7.471725798253903,16.313877640766023,29.486530110024802],
        [12.972723595343552,20.106133344902798,37.11554143849733,38.88278782400552,35.38863194777928,32.93323240279244,25.764035471713548,27.548570577998262,32.7794433865789,0.0,34.026063503090555,29.091736994314083,29.29744284089755,22.21863438848379,25.005819047760635,19.639416105819212,24.672644849397113,9.609673806160233,39.25290035058477,41.72400755330319,12.972723595343552],
        [43.63565590944022,16.394225990545277,30.079320671543318,23.732084211693614,6.697081384611211,6.889336004192873,10.48804697052011,52.733053780473675,36.85627042761834,34.026063503090555,0.0,30.230103974127037,10.565586893334832,39.131349024217236,11.728635823557163,14.394777311063846,49.31000266737416,24.426191164957412,37.4495410645152,30.24551061070316,43.63565590944022],
        [28.470070475451987,17.966881026150187,8.91872166503321,14.951374662888407,36.17091327439007,34.940041152613745,31.235305939472127,28.718476585052112,6.681350682991491,29.091736994314083,30.230103974127037,0.0,35.05667950441256,14.413684325706885,19.680955258162534,24.18727341394591,25.843412283174363,24.761632602350712,10.485552007726035,14.262963295143322,28.470070475451987],
        [40.890469169427526,17.684756811992603,37.23204599933711,32.33736995959263,7.0636822777462145,4.717884604157313,4.186415079741135,52.457669777947686,41.67693770914026,29.29744284089755,10.565586893334832,35.05667950441256,0.0,40.46176872639102,15.515675776263711,12.303155217871701,49.05889507015188,20.483845750651565,43.9111006042824,38.53651781723947,40.890469169427526],
        [16.04993630500931,23.237269005048876,23.043516196271714,29.220038519288586,43.79669733649247,41.94338102481485,36.27889349533107,14.644946417797367,13.668994134048788,22.21863438848379,39.131349024217236,14.413684325706885,40.46176872639102,0.0,27.408901300025356,28.173441932975113,11.54849397178294,23.147627071464036,21.1377300943003,28.448713633172236,16.04993630500931],
        [32.853422042601906,5.1796690889425205,21.973206490071878,18.447588715838233,16.782590373859392,15.328777459007545,12.00057908947172,41.06869238910455,26.350620210288003,25.005819047760635,11.728635823557163,19.680955258162534,15.515675776263711,27.408901300025356,0.0,7.5310155238145535,37.65377174239342,15.765992156834336,28.417364055527,23.99788535991945,32.853422042601906],
        [29.670704759449222,6.23022156413898,28.310015790038953,25.781561936689357,16.67289232161434,14.441121512763527,8.116753149827584,40.31513004364366,30.55696260569499,19.639416105819212,14.394777311063846,24.18727341394591,12.303155217871701,28.173441932975113,7.5310155238145535,0.0,36.89900867700325,10.03333863938252,33.960445901089045,30.980531262137045,29.670704759449222],
        [12.912958854308979,32.96812541059546,34.20854417777526,40.73405359054804,53.31018642813278,51.23772854993427,44.913703195048996,3.4314425720790886,23.825379230941135,24.672644849397113,49.31000266737416,25.843412283174363,49.05889507015188,11.54849397178294,37.65377174239342,36.89900867700325,0.0,29.531168768431765,31.089426629478226,39.58308661817459,12.912958854308979],
        [20.409535241492883,11.260503117659377,31.44674382265839,31.503164408875733,26.116678813527407,23.715065577606303,16.649736040653007,32.81994842999383,29.967334346855058,9.609673806160233,24.426191164957412,24.761632602350712,20.483845750651565,23.147627071464036,15.765992156834336,10.03333863938252,29.531168768431765,0.0,35.24376836179191,35.37531749925558,20.409535241492883],
        [36.871372125945925,27.757265447494685,7.7387624210940515,16.06939898033485,43.88842556065668,43.05597017943224,40.375174335232096,33.24342977400284,7.471725798253903,39.25290035058477,37.4495410645152,10.485552007726035,43.9111006042824,21.1377300943003,28.417364055527,33.960445901089045,31.089426629478226,35.24376836179191,0.0,11.052073951590417,36.871372125945925],
        [42.64969694223106,25.400101448146366,5.40541125846669,6.569606293778473,36.93503413995575,36.639069491508096,35.66358655181589,42.19682871432864,16.313877640766023,41.72400755330319,30.24551061070316,14.262963295143322,38.53651781723947,28.448713633172236,23.99788535991945,30.980531262137045,39.58308661817459,35.37531749925558,11.052073951590417,0.0,42.64969694223106],
        [0.0,27.687756467526825,37.37634072013753,41.76686208285798,46.277649453228896,43.94702443187373,36.99873775286099,15.233789852872079,29.486530110024802,12.972723595343552,43.63565590944022,28.470070475451987,40.890469169427526,16.04993630500931,32.853422042601906,29.670704759449222,12.912958854308979,20.409535241492883,36.871372125945925,42.64969694223106,0.0]
    ],
    "end_depot": 20,
    "start_depot": 0,
    "truck_dist": [
        [0.0,31.04742036096499,50.81037190360093,52.837846104259654,60.05315567203177,57.5178712328404,49.269015753937566,18.71004685287825,41.67261705155705,18.28081076803619,52.74220728587314,38.85919790680778,55.18075374146132,22.627194319826764,36.47968370220096,37.80529170674272,13.97721371951907,27.643439042855007,52.01311724265525,57.459022702110815,0.0],
        [31.04742036096499,0.0,26.950753186201364,28.978227386860084,29.00573531106678,26.470450871875407,18.22159539297258,49.75746721384324,29.52955872923585,25.407220935548274,21.69478692490815,20.50927233610065,24.133333380496328,32.83934335108236,5.43226334123597,6.757871345777737,45.02463408048406,15.556695411030947,28.15349852525568,33.599403984711245,31.04742036096499],
        [50.81037190360093,26.950753186201364,0.0,11.832619255336528,45.483056212063005,42.94777177287163,34.69891629396881,40.129976155968855,13.052237828239626,52.35797412174964,38.17210782590438,11.951173996793155,40.61065428149255,28.183177583774167,22.036645054163863,32.604291578256465,39.05764841561564,42.50744859723231,10.877972755511848,6.64865079850988,50.81037190360093],
        [52.837846104259654,28.978227386860084,11.832619255336528,0.0,33.65043695672648,31.115152517535105,35.22031854650586,45.11276556818354,24.884857083576154,54.385448322408365,26.339488570567845,15.864570690440956,35.54202712058591,30.210651784432887,24.064119254822582,34.63176577891518,41.085122616274354,44.53492279789103,22.710592010848377,8.060036014930716,52.837846104259654],
        [60.05315567203177,29.00573531106678,45.483056212063005,33.65043695672648,0.0,2.535284439191371,10.7841399180942,78.76320252491001,58.53529404030263,41.77234490399558,7.3109483861586275,49.51500764716744,8.720717520299877,61.84507866214915,23.573471969830813,22.247863965289042,74.03036939155083,32.409716629176764,56.36102896757485,41.7104729716572,60.05315567203177],
        [57.5178712328404,26.470450871875407,42.94777177287163,31.115152517535105,2.535284439191371,0.0,8.24885547890283,76.22791808571864,56.00000960111126,39.23706046480421,8.492286795850312,46.979723207976065,6.2493801378840095,59.30979422295778,21.03818753063944,19.71257952609767,71.49508495235946,29.87443218998539,53.82574452838348,39.175188532465825,57.5178712328404],
        [49.269015753937566,18.22159539297258,34.69891629396881,35.22031854650586,10.7841399180942,8.24885547890283,0.0,67.97906260681583,47.75115412220843,30.988204985901383,14.419958359654272,38.73086772907323,5.911737987523747,51.06093874405495,12.789332051736611,11.463724047194845,63.246229473456644,21.625576711082562,45.576889049480656,39.84149514435702,49.269015753937566],
        [18.71004685287825,49.75746721384324,40.129976155968855,45.11276556818354,78.76320252491001,76.22791808571864,67.97906260681583,0.0,30.99222130392497,36.99085762091444,71.45225413875139,29.248194877742588,73.89080059433957,16.918123862760872,55.18973055507921,56.51533855962097,4.732833133359179,46.35348589573326,41.33272149502317,46.77862695447873,18.71004685287825],
        [41.67261705155705,29.52955872923585,13.052237828239626,24.884857083576154,58.53529404030263,56.00000960111126,47.75115412220843,30.99222130392497,0.0,43.22021926970576,51.224345654144,9.020286393135198,53.66289210973218,19.045422731730284,34.96182207047182,36.28743007501359,29.919893563571755,33.36969374518843,10.3405001910982,16.824821068645438,41.67261705155705],
        [18.28081076803619,25.407220935548274,52.35797412174964,54.385448322408365,41.77234490399558,39.23706046480421,30.988204985901383,36.99085762091444,43.22021926970576,0.0,34.46139651783696,40.40680012495649,36.89994297342513,24.174796537975475,30.32132906758578,19.753682543493177,32.25802448755526,9.850525524517328,53.56071946080396,59.006624920259526,18.28081076803619],
        [52.74220728587314,21.69478692490815,38.17210782590438,26.339488570567845,7.3109483861586275,8.492286795850312,14.419958359654272,71.45225413875139,51.224345654144,34.46139651783696,0.0,42.2040592610088,14.741666933734322,54.53413027599052,16.262523583672184,14.936915579130416,66.7194210053922,25.098768243018135,49.050080581416225,34.39952458549856,52.74220728587314],
        [38.85919790680778,20.50927233610065,11.951173996793155,15.864570690440956,49.51500764716744,46.979723207976065,38.73086772907323,29.248194877742588,9.020286393135198,40.40680012495649,42.2040592610088,0.0,44.64260571659698,16.232003586981012,25.94153567733662,27.267143681878387,27.106474418822483,30.556274600439156,13.153919335847473,18.599824795303036,38.85919790680778],
        [55.18075374146132,24.133333380496328,40.61065428149255,35.54202712058591,8.720717520299877,6.2493801378840095,5.911737987523747,73.89080059433957,53.66289210973218,36.89994297342513,14.741666933734322,44.64260571659698,0.0,56.972676731578694,18.701070039260358,17.37546203471859,69.15796746098039,27.53731469860631,51.4886270370044,40.16320371843707,55.18075374146132],
        [22.627194319826764,32.83934335108236,28.183177583774167,30.210651784432887,61.84507866214915,59.30979422295778,51.06093874405495,16.918123862760872,19.045422731730284,24.174796537975475,54.53413027599052,16.232003586981012,56.972676731578694,0.0,38.271606692318336,39.59721469686011,12.185290729401693,29.435362032972385,29.385922922828485,34.831828382284044,22.627194319826764],
        [36.47968370220096,5.43226334123597,22.036645054163863,24.064119254822582,23.573471969830813,21.03818753063944,12.789332051736611,55.18973055507921,34.96182207047182,30.32132906758578,16.262523583672184,25.94153567733662,18.701070039260358,38.271606692318336,0.0,10.567646524092599,50.45689742172003,20.47080354306845,32.78755699774404,28.685295852673743,36.47968370220096],
        [37.80529170674272,6.757871345777737,32.604291578256465,34.63176577891518,22.247863965289042,19.71257952609767,11.463724047194845,56.51533855962097,36.28743007501359,19.753682543493177,14.936915579130416,27.267143681878387,17.37546203471859,39.59721469686011,10.567646524092599,0.0,51.78250542626179,10.161852663887718,34.11316500228581,39.25294237676634,37.80529170674272],
        [13.97721371951907,45.02463408048406,39.05764841561564,41.085122616274354,74.03036939155083,71.49508495235946,63.246229473456644,4.732833133359179,29.919893563571755,32.25802448755526,66.7194210053922,27.106474418822483,69.15796746098039,12.185290729401693,50.45689742172003,51.78250542626179,0.0,41.62065276237408,40.260393754669956,45.706299214125515,13.97721371951907],
        [27.643439042855007,15.556695411030947,42.50744859723231,44.53492279789103,32.409716629176764,29.87443218998539,21.625576711082562,46.35348589573326,33.36969374518843,9.850525524517328,25.098768243018135,30.556274600439156,27.53731469860631,29.435362032972385,20.47080354306845,10.161852663887718,41.62065276237408,0.0,43.71019393628663,49.15609939574219,27.643439042855007],
        [52.01311724265525,28.15349852525568,10.877972755511848,22.710592010848377,56.36102896757485,53.82574452838348,45.576889049480656,41.33272149502317,10.3405001910982,53.56071946080396,49.050080581416225,13.153919335847473,51.4886270370044,29.385922922828485,32.78755699774404,34.11316500228581,40.260393754669956,43.71019393628663,0.0,14.65055599591766,52.01311724265525],
        [57.459022702110815,33.599403984711245,6.64865079850988,8.060036014930716,41.7104729716572,39.175188532465825,39.84149514435702,46.77862695447873,16.824821068645438,59.006624920259526,34.39952458549856,18.599824795303036,40.16320371843707,34.831828382284044,28.685295852673743,39.25294237676634,45.706299214125515,49.15609939574219,14.65055599591766,0.0,57.459022702110815],
        [0.0,31.04742036096499,50.81037190360093,52.837846104259654,60.05315567203177,57.5178712328404,49.269015753937566,18.71004685287825,41.67261705155705,18.28081076803619,52.74220728587314,38.85919790680778,55.18075374146132,22.627194319826764,36.47968370220096,37.80529170674272,13.97721371951907,27.643439042855007,52.01311724265525,57.459022702110815,0.0]
    ],
    "vertex_count": 21
}