{
    "drone_dist": [
        [0.0,42.04328279693972,29.035995073602287,19.333471834142372,20.163025891520025,38.53070000124809,23.27594247799725,15.78609237871881,7.366593863405723,23.86309025425338,14.713122067407962,27.249362185735063,40.90430997289725,0.7350937370891459,40.14881556124265,37.29946119293428,41.88569459120634,14.330826851662156,11.468947677407762,32.94707317303693,25.475955777671505,4.721878008329852,25.982042831625282,28.05319441921134,5.1170649199725995,6.629431707570957,38.93137137200053,42.68776744892882,23.669889896229154,15.414130117265842,31.770936670875603,37.559472045821366,10.433536156106326,34.3657463412217,21.36850091474804,27.28159596551783,29.31640439482761,25.375273842606845,11.759890226665469,20.09456601292544,0.0],
        [42.04328279693972,0.0,56.12918286592129,41.54223351053309,23.659076920703924,4.444459696247766,23.580583008459374,35.554808234646856,39.26270265650486,29.214812653131613,28.842031395545504,14.890067459068657,24.903950134701727,42.47598337845578,34.40968546729337,7.346031434895213,25.850905133171914,28.13425953025938,33.583067064462135,13.881068316895787,18.568459896413184,42.960452445693726,55.09276784655677,25.37327263438492,37.07588223197575,48.52314773775959,9.703273252190273,39.446573952858195,55.09280799392521,31.54171732388601,45.57144658917019,18.29764974572969,41.630998592368435,25.318341702248393,25.5483949930084,29.969907952098655,19.986270133696223,17.599213320295913,47.34218717877183,39.28214900620419,42.04328279693972],
        [29.035995073602287,56.12918286592129,0.0,48.36209558308576,42.95210168783344,54.486585352672876,47.31078502059364,21.69779224078336,36.22418640861712,27.001449253054563,39.22874229017733,44.855501610912185,40.263367639497446,29.528893257098776,32.602580085129425,54.834724220038005,40.53337827126026,32.697866670816424,26.505232942898875,53.434457127030456,46.637625456372525,24.333172254148142,3.3682098780235243,31.4673639291707,31.60073823632237,29.82170268523207,48.456254916254444,31.365234837539003,6.505484284268134,42.21087707765687,14.93196735331996,41.9797308174255,39.45627471664911,34.712074026227995,46.11234232956352,27.121713802118244,36.49147129914631,39.500374601413746,39.45550772784237,16.922534960256982,29.035995073602287],
        [19.333471834142372,41.54223351053309,48.36209558308576,0.0,18.982005599689995,37.161031625523634,17.966002649492815,31.946069521932472,12.228231711289537,37.00561130354275,15.953708918155927,28.220885251243068,50.895657119108485,18.87411938055,53.55053969578653,34.683932151649536,52.06042105195148,23.3591342542443,25.922124486848745,28.336677866058004,23.17792085016835,24.0289938936891,45.31408039074164,39.38280623944063,17.537345421775747,20.623753875723033,42.92941710521899,57.199273028274135,42.944979457516055,11.474466616362271,49.466782348472094,45.39972373683192,9.000320504847721,45.35085616964394,16.073848202733625,40.65921329395656,37.95556577018936,30.561433714795683,11.745403856941389,37.4298662348575,19.333471834142372],
        [20.163025891520025,23.659076920703924,42.95210168783344,18.982005599689995,0.0,19.568060827983157,4.498945740543257,21.72928976202057,15.870981239556968,22.279591678398354,5.55453391627676,9.34219199593808,32.86254986744016,20.40063664221067,37.30244452253327,17.747899699153177,34.05975982922764,10.349461498440323,16.450430161257373,12.803969623832627,5.449258905796455,22.62398759301803,40.74546461960897,22.880528333688577,15.069540751301863,26.074879495012627,23.95941571143769,41.63180716855502,39.526006666718125,7.9899784775035005,38.38955601187145,26.832987001257294,17.976892817637594,28.080188094379885,4.2323284110665975,25.548206080350003,20.083257297615916,12.019880673258841,23.7009204600742,27.44327917843138,20.163025891520025],
        [38.53070000124809,4.444459696247766,54.486585352672876,37.161031625523634,19.568060827983157,0.0,19.217054586383913,33.36672767443176,35.331550101857225,27.95108268034722,24.8919494660652,11.295991730985971,26.471231110377335,38.92285026379485,35.32643404680875,3.0661444520387087,27.52389994567344,24.98785402610494,30.768989271068488,9.46738688126124,14.334508046197959,39.77651538359976,53.214233662275326,24.701067929195155,33.48865105160481,44.912566621624215,11.403810624049552,40.379153509354985,52.9801996801065,27.351033221635063,44.8716710790095,19.505850841216628,37.533453442431345,25.75678074483075,21.220528249164925,29.230372942742683,19.3036149852625,15.149220382465696,43.26538786609831,37.56427865197317,38.53070000124809],
        [23.27594247799725,23.580583008459374,47.31078502059364,17.966002649492815,4.498945740543257,19.217054586383913,0.0,26.203564594139387,17.919719334593875,26.60392585854577,8.715395302614112,11.008516571147846,36.058783148085666,23.40566278209207,41.17841489386599,16.854920971450994,37.263696205753114,14.815608439709203,20.811959072430664,10.849139864355802,5.414613626169774,26.237036425075672,45.03329232171734,26.857336669038254,18.335348528406524,28.703107699145892,25.641498537100077,45.63856464431174,43.709140175580465,8.862957792751086,42.8725868872505,29.66936660062256,19.147081171218993,31.719835390715442,2.162519075949311,29.779117187090062,23.581502189018202,15.287013506288165,24.850480498712816,31.933940280649132,23.27594247799725],
        [15.78609237871881,35.554808234646856,21.69779224078336,31.946069521932472,21.72928976202057,33.36672767443176,26.203564594139387,0.0,20.36194961268592,9.216421288924575,18.964935541648654,23.234746978815185,26.703452120406865,16.521053880983697,24.505907960409104,33.41296957577551,27.52527366712639,11.388473616394327,6.122988742607257,31.73721401425822,25.00898687570265,12.718741996850571,20.001560697615467,14.197680728821028,14.701412370905807,21.16260875173701,29.280510116651854,26.90167845452672,19.61352908109753,22.864114116613823,17.66821952390125,25.08898335429762,24.39715237569502,20.024191919258428,25.310537287018317,12.068706475274737,17.546512033753647,18.21842297188798,27.323882933372605,5.840994675781881,15.78609237871881],
        [7.366593863405723,39.26270265650486,36.22418640861712,12.228231711289537,15.870981239556968,35.331550101857225,17.919719334593875,20.36194961268592,0.0,26.77977695606631,10.439714067831321,24.442980284597933,42.55936944194882,7.058132316711686,43.506079103592995,33.616433920973364,43.64492411199879,14.247624690609738,14.665437203259035,28.426623215019323,21.305992419049996,11.933148437581218,33.23966537026718,30.09706345288241,5.661601430349258,11.023038503364134,37.8478915845646,46.661991584908954,31.004730998764543,9.213833598117093,37.56243488513288,38.13420145424728,4.06507819490266,36.38727881610993,15.81635427970531,30.419267372279606,30.033445982261913,24.26807593817453,8.5912875971361,25.559714581463258,7.366593863405723],
        [23.86309025425338,29.214812653131613,27.001449253054563,37.00561130354275,22.279591678398354,27.95108268034722,26.60392585854577,9.216421288924575,26.77977695606631,0.0,21.783735216708635,19.882570871250394,17.513482091896215,24.582541219952365,16.731957703747224,28.75858338882904,18.36974637814423,13.726010804622533,12.493113800316575,28.875447349832168,23.601470743348965,21.56079270895815,26.258979257469782,5.095275033308208,21.372452820719598,29.825528848860987,21.55035320751852,20.196363902160606,26.750137326051135,26.330717683088807,17.31266943158713,16.17580053003245,30.80446911691919,10.833361338550572,26.44732890107347,3.6658100222996026,9.520457634998268,13.81419281075462,34.698330959339074,10.49459025716662,23.86309025425338],
        [14.713122067407962,28.842031395545504,39.22874229017733,15.953708918155927,5.55453391627676,24.8919494660652,8.715395302614112,18.964935541648654,10.439714067831321,21.783735216708635,0.0,14.09120307264301,34.94473005214613,14.911753407159889,37.941903872114565,23.222333603959534,36.10773954556829,8.184322447034045,13.052298741719762,18.341260520528134,10.9934455981207,17.52164246866363,36.77781606984144,23.59898195240097,9.678372064706252,20.524611580711937,28.05065980365525,41.86522761320389,35.27504627205473,4.617273309642366,36.416103430420364,29.58904113306355,12.97397058808385,29.444583602269606,7.062957340378842,25.348661053620354,22.008818991469322,14.905798798255766,18.588655601900218,24.805913699965778,14.713122067407962],
        [27.249362185735063,14.890067459068657,44.855501610912185,28.220885251243068,9.34219199593808,11.295991730985971,11.008516571147846,23.234746978815185,24.442980284597933,19.882570871250394,14.09120307264301,0.0,25.564056195297507,27.654431578822123,31.877506956600577,10.467634308811908,26.765361577466855,13.81222228769022,19.836145036343638,8.99332496012596,5.725829876676519,28.523170665032406,43.23356398514319,18.36660016264947,22.23102637849836,33.67227779467176,14.754139660006262,36.65883645043782,42.67099821221855,17.31610579186108,37.17516513200458,18.894527633664037,27.029591871785748,22.045659358884578,12.397136666397873,22.247331806837106,13.932895978161493,6.146502336564848,32.67748371605763,28.11237283851723,27.249362185735063],
        [40.90430997289725,24.903950134701727,40.263367639497446,50.895657119108485,32.86254986744016,26.471231110377335,36.058783148085666,26.703452120406865,42.55936944194882,17.513482091896215,34.94473005214613,25.564056195297507,0.0,41.598239151000136,10.272517748398089,28.877149857144186,1.205310102901933,28.352994899016064,29.44483739038736,32.653787190306076,31.180569848202335,38.99986331091997,40.62184674895224,12.864441822481355,37.66823628774731,47.12416174169886,15.264643779047972,15.0320269314315,41.97532801265039,39.45478126772205,26.23783817895155,7.0698466714271735,46.36325518829123,6.680980367790172,36.89097529721589,14.9045975908377,12.943770761790155,20.867762177103035,50.96032380654883,26.50147573175979,40.90430997289725],
        [0.7350937370891459,42.47598337845578,29.528893257098776,18.87411938055,20.40063664221067,38.92285026379485,23.40566278209207,16.521053880983697,7.058132316711686,24.582541219952365,14.911753407159889,27.654431578822123,41.598239151000136,0.0,40.88125891103895,37.6449213972583,42.58357689690941,14.876921595860523,12.172176980109661,33.19921176114009,25.747776891274572,5.277693536118623,26.44697127637729,28.751468292632094,5.442351716728091,6.0958741841310875,39.48660370014104,43.42271775023655,24.083703376562635,15.391541397417695,32.46067548873292,38.20680148009212,9.927942055038617,35.06812598787674,21.466135787706758,28.007780778377175,29.96152538148225,25.905387337758746,11.054501742050748,20.809104913019862,0.7350937370891459],
        [40.14881556124265,34.40968546729337,32.602580085129425,53.55053969578653,37.30244452253327,35.32643404680875,41.17841489386599,24.505907960409104,43.506079103592995,16.731957703747224,37.941903872114565,31.877506956600577,10.272517748398089,40.88125891103895,0.0,37.36772177011707,9.833402617941944,30.19211657729132,29.060788954763463,40.07150415390609,37.00141264374625,37.197003350537415,33.6083750455088,14.451571198531003,38.05436709713945,45.659508524496076,24.719074410828775,5.055215919913701,35.52331993178225,42.555715668522645,17.78318297425539,16.116497117084606,47.53547631017341,9.903982517087503,41.52662341141018,13.087158570676394,17.948297641045833,26.15038918847658,51.3156996277639,22.083491742861984,40.14881556124265],
        [37.29946119293428,7.346031434895213,54.834724220038005,34.683932151649536,17.747899699153177,3.0661444520387087,16.854920971450994,33.41296957577551,33.616433920973364,28.75858338882904,23.222333603959534,10.467634308811908,28.877149857144186,37.6449213972583,37.36772177011707,0.0,29.966569171666848,24.262920379095487,30.296609242930064,6.5805217988299844,12.344366047637894,38.88073176572038,53.38796890007551,25.949763760264013,32.20411691925734,43.54499471032962,14.092236954089275,42.402180424555446,52.97087050919518,25.29274904404393,45.92120568089224,21.836293107754667,35.57690426191861,27.632388009719943,18.932835752324763,30.374537971961953,20.653187937058348,15.338823278105487,41.32158430899211,37.94453388873981,37.29946119293428],
        [41.88569459120634,25.850905133171914,40.53337827126026,52.06042105195148,34.05975982922764,27.52389994567344,37.263696205753114,27.52527366712639,43.64492411199879,18.36974637814423,36.10773954556829,26.765361577466855,1.205310102901933,42.58357689690941,9.833402617941944,29.966569171666848,0.0,29.455523441765678,30.419187556047618,33.815315646971605,32.38475701045038,39.9012758073716,40.987598257121725,13.832506170433705,38.714818637849774,48.0672217397076,16.25752785124219,14.422271517804546,42.41960043603068,40.62555602546199,26.329911789830103,8.204340278826777,47.46472258830566,7.556972599467162,38.09247477321972,15.623120130591518,14.116767692374289,22.068616522262378,52.024512387385705,27.114408679684594,41.88569459120634],
        [14.330826851662156,28.13425953025938,32.697866670816424,23.3591342542443,10.349461498440323,24.98785402610494,14.815608439709203,11.388473616394327,14.247624690609738,13.726010804622533,8.184322447034045,13.81222228769022,28.352994899016064,14.876921595860523,30.19211657729132,24.262920379095487,29.455523441765678,0.0,6.348675454651654,21.297673191983698,14.088733989331368,14.829242232508436,30.61730749043861,16.155547266511302,9.897835032993642,20.958105172171305,24.610483381202023,33.905036319037436,29.61834260070665,12.639690108530019,28.42235772362383,23.950218907071445,18.010303352322996,22.32773386957249,13.971710718548731,17.349543516564708,15.797358361751229,11.054641587331597,22.76245895152633,17.145822688352787,14.330826851662156],
        [11.468947677407762,33.583067064462135,26.505232942898875,25.922124486848745,16.450430161257373,30.768989271068488,20.811959072430664,6.122988742607257,14.665437203259035,12.493113800316575,13.052298741719762,19.836145036343638,29.44483739038736,12.172176980109661,29.060788954763463,30.296609242930064,30.419187556047618,6.348675454651654,0.0,27.62399743171098,20.435973192312414,10.080253480535255,24.322321999263487,16.58711785399877,9.063017741555788,17.73837893831582,28.816412377937386,32.02746823478635,23.2706073355622,16.781345506651313,23.791206192195393,26.397049845149017,18.730502646169978,22.896837054791582,19.694850869668695,16.024021193709572,18.22361691152666,16.02060138564626,22.25561517975845,11.891894971125625,11.468947677407762],
        [32.94707317303693,13.881068316895787,53.434457127030456,28.336677866058004,12.803969623832627,9.46738688126124,10.849139864355802,31.73721401425822,28.426623215019323,28.875447349832168,18.341260520528134,8.99332496012596,32.653787190306076,33.19921176114009,40.07150415390609,6.5805217988299844,33.815315646971605,21.297673191983698,27.62399743171098,0.0,7.5082647500433755,35.151441718861065,51.63424029500616,27.14470298921604,27.83926151216319,38.863603353709514,19.04409489611274,44.98496705380529,50.83988446802115,19.629466023608845,46.167234323663514,25.626300864407977,29.955053559759882,30.16759873569357,13.002885145592762,31.17308111970481,22.34493119042464,15.101546084488586,35.67695209694786,36.86836442744874,32.94707317303693],
        [25.475955777671505,18.568459896413184,46.637625456372525,23.17792085016835,5.449258905796455,14.334508046197959,5.414613626169774,25.00898687570265,21.305992419049996,23.601470743348965,10.9934455981207,5.725829876676519,31.180569848202335,25.747776891274572,37.00141264374625,12.344366047637894,32.38475701045038,14.088733989331368,20.435973192312414,7.5082647500433755,0.0,27.64912853442255,44.666715606816375,23.00276862427329,20.361683206705173,31.490884157718302,20.234169969961545,41.64985851673615,43.70656376942647,13.018894057330627,40.55822066688448,24.593950035490913,23.250836379015702,27.302635683463066,7.1068616582732975,26.431353093980718,19.1178931262622,10.851393578748958,28.993483706762984,30.431507083193747,25.475955777671505],
        [4.721878008329852,42.960452445693726,24.333172254148142,24.0289938936891,22.62398759301803,39.77651538359976,26.237036425075672,12.718741996850571,11.933148437581218,21.56079270895815,17.52164246866363,28.523170665032406,38.99986331091997,5.277693536118623,37.197003350537415,38.88073176572038,39.9012758073716,14.829242232508436,10.080253480535255,35.151441718861065,27.64912853442255,0.0,21.311815786916302,26.183118755983998,8.115870474736303,8.471187325857606,38.80725701952655,39.340482602095975,19.09306302303199,19.133217209165437,27.495985781579364,36.3999903714071,15.154518634790925,32.3453780620346,24.505512511094675,24.712013484643183,28.274262117704467,25.659594042724514,16.085860993634366,16.172898075312958,4.721878008329852],
        [25.982042831625282,55.09276784655677,3.3682098780235243,45.31408039074164,40.74546461960897,53.214233662275326,45.03329232171734,20.001560697615467,33.23966537026718,26.258979257469782,36.77781606984144,43.23356398514319,40.62184674895224,26.44697127637729,33.6083750455088,53.38796890007551,40.987598257121725,30.61730749043861,24.322321999263487,51.63424029500616,44.666715606816375,21.311815786916302,0.0,30.976691005680188,28.795910042328313,26.518966952062787,47.80928494168572,32.846662889740465,3.1904222173261063,39.55892943236569,16.380318487961453,41.77174577505971,36.370145453703316,34.75976997446583,43.74025872169487,26.832418134296024,35.776197582954545,38.11240525167064,36.20068969467475,15.848793551341755,25.982042831625282],
        [28.05319441921134,25.37327263438492,31.4673639291707,39.38280623944063,22.880528333688577,24.701067929195155,26.857336669038254,14.197680728821028,30.09706345288241,5.095275033308208,23.59898195240097,18.36660016264947,12.864441822481355,28.751468292632094,14.451571198531003,25.949763760264013,13.832506170433705,16.155547266511302,16.58711785399877,27.14470298921604,23.00276862427329,26.183118755983998,30.976691005680188,0.0,24.99075629319413,34.26159684599718,17.024368143317183,18.781600207912227,31.64917038789169,28.21562225289574,20.228620111922496,11.093011257533394,34.01461726861826,6.340981461914782,27.11081465254502,4.5968789081674375,5.419131477761384,12.289068226444988,38.3470069698225,15.41026720715948,28.05319441921134],
        [5.1170649199725995,37.07588223197575,31.60073823632237,17.537345421775747,15.069540751301863,33.48865105160481,18.335348528406524,14.701412370905807,5.661601430349258,21.372452820719598,9.678372064706252,22.23102637849836,37.66823628774731,5.442351716728091,38.05436709713945,32.20411691925734,38.714818637849774,9.897835032993642,9.063017741555788,27.83926151216319,20.361683206705173,8.115870474736303,28.795910042328313,24.99075629319413,0.0,11.447266544070741,34.40858806113507,41.09028354116698,26.858193886316997,11.031801881042671,31.988677751004243,33.72576333959111,9.710662857298436,31.325389650684713,16.509105141845353,24.9770704869545,25.504003203231463,20.75933798808872,13.368656406716271,19.962568485804937,5.1170649199725995],
        [6.629431707570957,48.52314773775959,29.82170268523207,20.623753875723033,26.074879495012627,44.912566621624215,28.703107699145892,21.16260875173701,11.023038503364134,29.825528848860987,20.524611580711937,33.67227779467176,47.12416174169886,6.0958741841310875,45.659508524496076,43.54499471032962,48.0672217397076,20.958105172171305,17.73837893831582,38.863603353709514,31.490884157718302,8.471187325857606,26.518966952062787,34.26159684599718,11.447266544070741,0.0,45.56079889259191,47.79479858936878,23.709652850479877,20.190569849680042,35.39935762198833,44.05123326853741,11.99410214045774,40.51614823960086,26.659650541071443,33.081471537765765,35.82267420053717,31.99654818221512,9.87243502571968,24.502016710673598,6.629431707570957],
        [38.93137137200053,9.703273252190273,48.456254916254444,42.92941710521899,23.95941571143769,11.403810624049552,25.641498537100077,29.280510116651854,37.8478915845646,21.55035320751852,28.05065980365525,14.754139660006262,15.264643779047972,39.48660370014104,24.719074410828775,14.092236954089275,16.25752785124219,24.610483381202023,28.816412377937386,19.04409489611274,20.234169969961545,38.80725701952655,47.80928494168572,17.024368143317183,34.40858806113507,45.56079889259191,0.0,29.749734457649932,48.21996577288882,31.80396624995614,36.80389235368785,8.602577929756796,40.93996790611602,15.857626999758816,27.141415871200998,21.527958073390398,12.039338176390537,13.66387179836116,46.37757543400195,32.01269648170334,38.93137137200053],
        [42.68776744892882,39.446573952858195,31.365234837539003,57.199273028274135,41.63180716855502,40.379153509354985,45.63856464431174,26.90167845452672,46.661991584908954,20.196363902160606,41.86522761320389,36.65883645043782,15.0320269314315,43.42271775023655,5.055215919913701,42.402180424555446,14.422271517804546,33.905036319037436,32.02746823478635,44.98496705380529,41.64985851673615,39.340482602095975,32.846662889740465,18.781600207912227,41.09028354116698,47.79479858936878,29.749734457649932,0.0,35.11407141391478,46.4520745709233,16.489444740700222,21.14912596627347,50.72221609212648,14.850405696315628,45.864134499239775,16.555633240462367,22.736568746188574,30.81245290712068,54.14541276352838,23.501438564408534,42.68776744892882],
        [23.669889896229154,55.09280799392521,6.505484284268134,42.944979457516055,39.526006666718125,52.9801996801065,43.709140175580465,19.61352908109753,31.004730998764543,26.750137326051135,35.27504627205473,42.67099821221855,41.97532801265039,24.083703376562635,35.52331993178225,52.97087050919518,42.41960043603068,29.61834260070665,23.2706073355622,50.83988446802115,43.70656376942647,19.09306302303199,3.1904222173261063,31.64917038789169,26.858193886316997,23.709652850479877,48.21996577288882,35.11407141391478,0.0,37.77877941853556,18.790158707966533,42.6224867552745,33.9599530909799,35.88409356916108,42.30483866940639,27.738150862552583,36.19222834890869,37.831498913455576,33.48128160448004,16.2592013116089,23.669889896229154],
        [15.414130117265842,31.54171732388601,42.21087707765687,11.474466616362271,7.9899784775035005,27.351033221635063,8.862957792751086,22.864114116613823,9.213833598117093,26.330717683088807,4.617273309642366,17.31610579186108,39.45478126772205,15.391541397417695,42.555715668522645,25.29274904404393,40.62555602546199,12.639690108530019,16.781345506651313,19.629466023608845,13.018894057330627,19.133217209165437,39.55892943236569,28.21562225289574,11.031801881042671,20.190569849680042,31.80396624995614,46.4520745709233,37.77877941853556,0.0,40.483373503258484,33.930124695655685,10.33050080208378,34.03712936476471,6.710869056857037,29.918518823633832,26.511020362379046,19.111389060708717,16.065595113683358,28.67076250951122,15.414130117265842],
        [31.770936670875603,45.57144658917019,14.93196735331996,49.466782348472094,38.38955601187145,44.8716710790095,42.8725868872505,17.66821952390125,37.56243488513288,17.31266943158713,36.416103430420364,37.17516513200458,26.23783817895155,32.46067548873292,17.78318297425539,45.92120568089224,26.329911789830103,28.42235772362383,23.791206192195393,46.167234323663514,40.55822066688448,27.495985781579364,16.380318487961453,20.228620111922496,31.988677751004243,35.39935762198833,36.80389235368785,16.489444740700222,18.790158707966533,40.483373503258484,0.0,29.234033313348725,41.485426897481005,21.561623565639906,42.307863533532725,15.65307526767434,25.646612680140837,31.126678386248777,43.502837319648606,12.03697198344834,31.770936670875603],
        [37.559472045821366,18.29764974572969,41.9797308174255,45.39972373683192,26.832987001257294,19.505850841216628,29.66936660062256,25.08898335429762,38.13420145424728,16.17580053003245,29.58904113306355,18.894527633664037,7.0698466714271735,38.20680148009212,16.116497117084606,21.836293107754667,8.204340278826777,23.950218907071445,26.397049845149017,25.626300864407977,24.593950035490913,36.3999903714071,41.77174577505971,11.093011257533394,33.72576333959111,44.05123326853741,8.602577929756796,21.14912596627347,42.6224867552745,33.930124695655685,29.234033313348725,0.0,41.722132906204436,7.711223328651649,30.690740785711466,14.939478207234677,8.246989507161704,14.870843746952685,46.694461968209794,26.445371435387653,37.559472045821366],
        [10.433536156106326,41.630998592368435,39.45627471664911,9.000320504847721,17.976892817637594,37.533453442431345,19.147081171218993,24.39715237569502,4.06507819490266,30.80446911691919,12.97397058808385,27.029591871785748,46.36325518829123,9.927942055038617,47.53547631017341,35.57690426191861,47.46472258830566,18.010303352322996,18.730502646169978,29.955053559759882,23.250836379015702,15.154518634790925,36.370145453703316,34.01461726861826,9.710662857298436,11.99410214045774,40.93996790611602,50.72221609212648,33.9599530909799,10.33050080208378,41.485426897481005,41.722132906204436,0.0,40.2755416169224,16.984693446060195,34.451212434424605,33.71102261488386,27.523459634001778,5.7448115658293695,29.51580568601241,10.433536156106326],
        [34.3657463412217,25.318341702248393,34.712074026227995,45.35085616964394,28.080188094379885,25.75678074483075,31.719835390715442,20.024191919258428,36.38727881610993,10.833361338550572,29.444583602269606,22.045659358884578,6.680980367790172,35.06812598787674,9.903982517087503,27.632388009719943,7.556972599467162,22.32773386957249,22.896837054791582,30.16759873569357,27.302635683463066,32.3453780620346,34.75976997446583,6.340981461914782,31.325389650684713,40.51614823960086,15.857626999758816,14.850405696315628,35.88409356916108,34.03712936476471,21.561623565639906,7.711223328651649,40.2755416169224,0.0,32.25492382693495,8.35309668786582,8.185823404607858,16.495357378344398,44.67514903416947,20.073913672558124,34.3657463412217],
        [21.36850091474804,25.5483949930084,46.11234232956352,16.073848202733625,4.2323284110665975,21.220528249164925,2.162519075949311,25.310537287018317,15.81635427970531,26.44732890107347,7.062957340378842,12.397136666397873,36.89097529721589,21.466135787706758,41.52662341141018,18.932835752324763,38.09247477321972,13.971710718548731,19.694850869668695,13.002885145592762,7.1068616582732975,24.505512511094675,43.74025872169487,27.11081465254502,16.509105141845353,26.659650541071443,27.141415871200998,45.864134499239775,42.30483866940639,6.710869056857037,42.307863533532725,30.690740785711466,16.984693446060195,32.25492382693495,0.0,29.7538976199294,24.206008562061403,16.024612383915752,22.68849298295343,31.105754428493967,21.36850091474804],
        [27.28159596551783,29.969907952098655,27.121713802118244,40.65921329395656,25.548206080350003,29.230372942742683,29.779117187090062,12.068706475274737,30.419267372279606,3.6658100222996026,25.348661053620354,22.247331806837106,14.9045975908377,28.007780778377175,13.087158570676394,30.374537971961953,15.623120130591518,17.349543516564708,16.024021193709572,31.17308111970481,26.431353093980718,24.712013484643183,26.832418134296024,4.5968789081674375,24.9770704869545,33.081471537765765,21.527958073390398,16.555633240462367,27.738150862552583,29.918518823633832,15.65307526767434,14.939478207234677,34.451212434424605,8.35309668786582,29.7538976199294,0.0,10.001554248872017,16.100830424688578,38.27118268685448,11.741842163877086,27.28159596551783],
        [29.31640439482761,19.986270133696223,36.49147129914631,37.95556577018936,20.083257297615916,19.3036149852625,23.581502189018202,17.546512033753647,30.033445982261913,9.520457634998268,22.008818991469322,13.932895978161493,12.943770761790155,29.96152538148225,17.948297641045833,20.653187937058348,14.116767692374289,15.797358361751229,18.22361691152666,22.34493119042464,19.1178931262622,28.274262117704467,35.776197582954545,5.419131477761384,25.504003203231463,35.82267420053717,12.039338176390537,22.736568746188574,36.19222834890869,26.511020362379046,25.646612680140837,8.246989507161704,33.71102261488386,8.185823404607858,24.206008562061403,10.001554248872017,0.0,8.318092907255414,38.559517951170534,19.973597651185553,29.31640439482761],
        [25.375273842606845,17.599213320295913,39.500374601413746,30.561433714795683,12.019880673258841,15.149220382465696,15.287013506288165,18.21842297188798,24.26807593817453,13.81419281075462,14.905798798255766,6.146502336564848,20.867762177103035,25.905387337758746,26.15038918847658,15.338823278105487,22.068616522262378,11.054641587331597,16.02060138564626,15.101546084488586,10.851393578748958,25.659594042724514,38.11240525167064,12.289068226444988,20.75933798808872,31.99654818221512,13.66387179836116,30.81245290712068,37.831498913455576,19.111389060708717,31.126678386248777,14.870843746952685,27.523459634001778,16.495357378344398,16.024612383915752,16.100830424688578,8.318092907255414,0.0,32.83763566867052,22.605786546621083,25.375273842606845],
        [11.759890226665469,47.34218717877183,39.45550772784237,11.745403856941389,23.7009204600742,43.26538786609831,24.850480498712816,27.323882933372605,8.5912875971361,34.698330959339074,18.588655601900218,32.67748371605763,50.96032380654883,11.054501742050748,51.3156996277639,41.32158430899211,52.024512387385705,22.76245895152633,22.25561517975845,35.67695209694786,28.993483706762984,16.085860993634366,36.20068969467475,38.3470069698225,13.368656406716271,9.87243502571968,46.37757543400195,54.14541276352838,33.48128160448004,16.065595113683358,43.502837319648606,46.694461968209794,5.7448115658293695,44.67514903416947,22.68849298295343,38.27118268685448,38.559517951170534,32.83763566867052,0.0,31.849905174574605,11.759890226665469],
        [20.09456601292544,39.28214900620419,16.922534960256982,37.4298662348575,27.44327917843138,37.56427865197317,31.933940280649132,5.840994675781881,25.559714581463258,10.49459025716662,24.805913699965778,28.11237283851723,26.50147573175979,20.809104913019862,22.083491742861984,37.94453388873981,27.114408679684594,17.145822688352787,11.891894971125625,36.86836442744874,30.431507083193747,16.172898075312958,15.848793551341755,15.41026720715948,19.962568485804937,24.502016710673598,32.01269648170334,23.501438564408534,16.2592013116089,28.67076250951122,12.03697198344834,26.445371435387653,29.51580568601241,20.073913672558124,31.105754428493967,11.741842163877086,19.973597651185553,22.605786546621083,31.849905174574605,0.0,20.09456601292544],
        [0.0,42.04328279693972,29.035995073602287,19.333471834142372,20.163025891520025,38.53070000124809,23.27594247799725,15.78609237871881,7.366593863405723,23.86309025425338,14.713122067407962,27.249362185735063,40.90430997289725,0.7350937370891459,40.14881556124265,37.29946119293428,41.88569459120634,14.330826851662156,11.468947677407762,32.94707317303693,25.475955777671505,4.721878008329852,25.982042831625282,28.05319441921134,5.1170649199725995,6.629431707570957,38.93137137200053,42.68776744892882,23.669889896229154,15.414130117265842,31.770936670875603,37.559472045821366,10.433536156106326,34.3657463412217,21.36850091474804,27.28159596551783,29.31640439482761,25.375273842606845,11.759890226665469,20.09456601292544,0.0]
    ],
    "end_depot": 40,
    "start_depot": 0,
    "truck_dist": [
        [0.0,50.10808896288748,29.208259179519462,20.120638986581987,27.57057154785508,47.80002401673879,32.72540084607202,22.311636971010426,8.974406310856597,32.58102110145822,20.41009186095596,33.47100170392111,53.435636048830816,1.0380706904542523,56.226634153073036,48.02022006897472,55.09341436190429,14.599271434214241,15.18784378598911,44.704595231737926,34.29439366779688,5.068064899860798,27.4366147777544,36.90461826028089,6.819820437389383,6.707938015115671,39.345604250264756,60.334812198173,26.868679353312,21.67077529986013,42.88129130800989,45.22374240345948,10.969885653320766,45.54503079795738,30.160997639251207,37.71979224441782,35.13092435731302,26.462089798315777,16.22124265669876,27.920403041643873,0.0],
        [50.10808896288748,0.0,79.31634814240695,50.51996807209889,24.72982309371989,5.8463048319003335,28.459268154174453,49.338491111585384,41.133682652030885,41.31199795883235,29.697997101931527,16.63708725896637,27.950518049662016,50.16407866046842,42.20743115749934,10.17689339468429,28.34714880114028,35.50881752867324,44.41573243973946,18.8724765395028,20.964313653526524,54.456304921403934,77.54470374064188,35.547437009520735,43.2882685254981,56.658073475545535,11.595405597653219,48.05835323386103,76.97676831619948,34.36683073998037,63.5237398843736,22.24698697916807,42.976989195725984,33.1475697258034,30.125645572569358,41.997094579368586,28.091702177520396,23.645999164571705,48.22834619910398,55.402827907141486,50.10808896288748],
        [29.208259179519462,79.31634814240695,0.0,49.32889816610145,56.77883072737454,77.00828319625825,61.93366002559148,29.97785703082156,38.18266549037606,38.00435018357459,49.61835104047542,62.67926088344057,51.36583009274493,29.900773535657947,37.1089169849076,77.22847924849418,50.969199341266666,43.807530613733704,34.90061570266748,73.9128544112574,63.50265284731634,24.86004322100301,4.421645811066847,43.7689111328862,36.02807961690885,35.570640860319365,67.72094254475373,31.472109352969305,8.897697330350276,50.87903447937959,15.792608258033347,57.069361163238874,39.83258849852446,46.168778416603544,59.369256818770666,37.31925356303836,51.22464596488655,55.67034897783524,45.083945501902456,23.913520235265462,29.208259179519462],
        [20.120638986581987,50.51996807209889,49.32889816610145,0.0,25.790144978378997,44.67366324019855,22.06069991792444,40.824501500704095,13.221981648322073,51.093885631151885,22.560094714429116,37.61122896214824,71.94850057852447,20.176628684162928,74.73949868276671,40.34307467741459,73.60627889159795,32.57012137784075,33.700708315682775,31.64749153259609,29.555654418572367,24.46885494509844,47.55725376433639,55.41748278997456,20.933351255993664,26.670623499240044,57.858468779958415,78.84767672786667,46.989318339893984,16.15313733211852,61.394155837703565,63.736606933153155,10.25256104837015,64.05789532765104,20.39432249952953,56.232656774111476,53.64378888700668,42.75264276053659,16.451671426226532,46.43326757133754,20.120638986581987],
        [27.57057154785508,24.72982309371989,56.77883072737454,25.790144978378997,0.0,20.229452468883704,5.154829298216935,26.800973696552983,18.596165236998484,25.303740652772888,7.160479686899125,11.821083983769242,46.158355600145484,27.62656124543602,48.949353704387704,20.449648521119634,47.81613391321895,12.97130011364084,21.87821502470706,17.134023683882848,6.723822119941797,31.918787506371533,55.00718632560948,29.62733781159556,20.7507511104657,34.12055606051314,32.068323801579425,53.057531749487666,54.439250901167085,9.637007646260482,40.9862224693412,37.94646195477415,18.247166102006098,38.26775034927205,5.3958224788494675,30.442511795732482,27.853643908627685,16.962497782157588,23.901603987499627,32.86531049210908,27.57057154785508],
        [47.80002401673879,5.8463048319003335,77.00828319625825,44.67366324019855,20.229452468883704,0.0,22.61296332227412,47.03042616543669,38.82561770588219,39.00393301268366,27.38993215578283,14.329022312817674,27.274837338325923,47.85601371431973,39.899366211350646,4.330588562783957,28.932615651399395,33.200752582524544,42.10766749359077,13.026171707602465,15.11800882162619,52.14823997525524,75.23663879449319,33.239372063372045,40.98020357934941,54.35000852939684,13.184805539759864,45.75028828771233,74.66870337005079,28.52052590808004,61.2156749382249,19.938922033019374,37.93194607852695,30.839504779654703,24.279340740669024,39.68902963321989,25.7836372313717,21.33793421842301,44.13105645638333,53.09476296099278,47.80002401673879],
        [32.72540084607202,28.459268154174453,61.93366002559148,22.06069991792444,5.154829298216935,22.61296332227412,0.0,31.95580299476992,23.75099453521542,29.03318571322745,12.31530898511606,15.550529044223804,49.88780066060004,32.781390543652954,52.67879876484227,18.28237475949016,51.545578973673514,18.126129411857775,27.033044322923995,11.979194385665913,7.494954500647928,37.07361680458847,60.16201562382641,33.35678287205012,25.90558040868263,39.27538535873007,35.79776886203398,56.78697680994223,59.59408019938401,11.054625546211888,46.141051767558125,41.67590701522872,22.85732290786018,41.99719540972661,2.56440320682081,34.171956856187045,31.583088969082247,20.69194284261215,29.056433285716558,38.02013979032601,32.72540084607202],
        [22.311636971010426,49.338491111585384,29.97785703082156,40.824501500704095,26.800973696552983,47.03042616543669,31.95580299476992,0.0,27.602519852382017,10.269384130447794,19.64049400965386,32.70140385261901,31.123999077820386,23.349707661464677,33.91499718206261,47.250622217672614,32.78177739089386,13.829673582912143,7.1237931850213165,43.93499738043583,33.52479581649478,17.24357207114963,28.206212629056495,14.592981289270465,19.89115024471043,29.019574986126095,37.743085513932165,38.023175227162575,27.6382772046141,24.671364168585576,20.56965433699947,27.091504132417313,33.28152262433119,23.23339382694695,29.39139978794911,15.408155273407388,21.246788934064988,25.69249194701368,38.53287962770918,6.064336795556098,22.311636971010426],
        [8.974406310856597,41.133682652030885,38.18266549037606,13.221981648322073,18.596165236998484,38.82561770588219,23.75099453521542,27.602519852382017,0.0,37.871903982829814,11.43568555009936,24.496595393064517,58.72651893020241,9.030396008437535,61.51751703444464,39.04581375811812,60.38429724327588,19.34813972951868,20.478726667360704,35.73018892088133,25.31998735694028,13.32262226937305,36.411021088610994,42.195501141652485,7.711369607671587,15.524390823514652,44.63648713163635,65.6256950795446,35.8430856641686,12.696368989003531,48.172174189381494,50.514625284831084,5.679002771949171,50.835913679328975,21.18659132839461,43.01067512578941,40.421807238684615,29.530661112214517,10.930359775327164,33.21128592301547,8.974406310856597],
        [32.58102110145822,41.31199795883235,38.00435018357459,51.093885631151885,25.303740652772888,39.00393301268366,29.03318571322745,10.269384130447794,37.871903982829814,0.0,28.53379091672277,24.674910699865983,20.854614947372593,33.61909179191247,23.64561305161482,39.224129064919595,22.512393260446064,18.523764253311132,17.39317731546911,35.9085042276828,25.49830266374175,27.512956201597422,36.23270578180953,5.7645609493116154,30.160534375158225,39.28895911657389,29.716592361179135,27.75379109671478,35.66477035736713,34.94074829903337,22.211741925541244,19.065010979664283,43.55090675477898,12.964009696499158,30.699563131622355,5.138771142959595,13.220295781311957,17.66599879426065,48.80226375815698,14.090829948309128,32.58102110145822],
        [20.41009186095596,29.697997101931527,49.61835104047542,22.560094714429116,7.160479686899125,27.38993215578283,12.31530898511606,19.64049400965386,11.43568555009936,28.53379091672277,0.0,15.051134247719125,49.38840586409536,20.466081558536892,52.17940396833759,27.61012820801876,51.04618417716883,10.010026663411638,14.717735337807936,24.294503370781975,13.884301806840922,24.758307819472407,47.84670663871035,32.857388075545444,13.590271423566573,26.960076373614008,35.2983740655293,56.28758201343755,47.278771214267955,6.406957382310599,38.834061123274445,41.176512218724035,15.017115838056213,41.497800613221926,9.75090577829525,33.67256205968236,31.083694172577566,20.19254804610747,20.268472841434207,25.704830805209955,20.41009186095596],
        [33.47100170392111,16.63708725896637,62.67926088344057,37.61122896214824,11.821083983769242,14.329022312817674,15.550529044223804,32.70140385261901,24.496595393064517,24.674910699865983,15.051134247719125,0.0,34.33727161637624,33.526991401502045,37.12826972061846,14.549218365053607,35.995049929449706,18.87173026970687,27.77864518077309,11.233593527816819,8.055574543575876,37.819217662437566,60.90761648167551,18.910349750554367,26.65118126653173,40.02098621657916,20.24723981781018,41.236447765718424,60.33968105723311,21.458091630029724,46.88665262540723,26.125377971004912,30.06825008577534,26.446666365502804,17.21690646261871,25.360007320402215,16.032559924858443,7.008911905605334,35.31960708915333,38.76574064817511,33.47100170392111],
