{
    "drone_dist": [
        [0.0,3538.998644733496,2970.096677391319,1561.6165791287858,3089.6081674991774,1609.4518452217678,2645.238359782893,1187.0359222946645,2071.349998393377,918.6722003598684,2468.8995988767924,2510.080328168433,1709.0345477613344,1579.0093111095725,1650.6573027746842,869.0451319995419,1154.0729324598144,3494.495552273285,598.9450789299705,1295.6051100556158,3229.420125329823,2147.5722524222183,1849.4670879129735,3534.384473543456,2143.771269513311,2126.159443473838,2015.674675677525,2002.5345101255173,3266.188363720786,1182.1007321603302,2111.465248345259,2780.8251458842915,1585.425487329675,2685.522891926334,1793.4443110570085,2709.475854328102,2012.0383738440682,836.6419027780264,3272.614074032637,798.0781713886473,1309.1946245092663,2220.288239036496,3827.246011382532,3663.5360078825056,1420.7568389113626,3520.915901414847,2670.9569466818652,1455.364786645026,4329.768269504822,753.7418915865171,1354.0802253360848,698.3421320409799,533.2576928591731,3628.664983625885,2368.8931649461874,2280.9427871349494,1150.3563728532401,2957.7426802970845,1170.2326024374304,2625.080379526288,2594.3122629281806,3210.30882172731,3107.8218066058826,2812.0507878227004,827.8373815316011,3948.3415887590886,783.4756071276603,3415.2355043666494,1821.9129544390728,840.5950863436178,2331.2979435432,2161.4182614705537,2536.676695159828,4152.275715724078,495.0439804214447,1484.6840907427343,1907.378106513032,1868.753242658648,2217.15052425105,1768.8496143041648,0.0],
        [3538.998644733496,0.0,2066.6818462577603,2235.1500226248286,1180.9667307737009,2794.39017281524,2855.0932281482606,4603.28633888694,2359.9376084361347,2883.0132484131173,3301.140293817378,2010.7019737524993,2066.096760092781,2029.547211252472,2522.9731300451745,2983.3180526184683,4574.952391945694,2566.3551757922264,3399.216756744165,3493.1041217810016,1599.502833382049,1402.567615393525,1708.151771447544,1565.44915144958,1677.1533177764315,1845.7647828540175,2038.975392404462,3470.9379962672206,429.9193280813008,3449.6721879363404,4843.5664960902595,4364.486906374018,4007.684324780753,2849.2900262648704,2325.6799965333203,3553.2395265013884,4642.618971966215,3099.099569734799,1469.1600655556613,4242.033146662412,3645.965071498463,3630.8452700545085,852.4455468892713,888.8921431916428,4425.862851708424,674.6271618341939,3300.883332071129,3462.2194230387045,993.2862691901686,4279.195246624422,4426.515685338785,3257.9542578356554,3019.3658750027967,512.4693744935586,3143.2330261007487,5730.416608628913,3310.5556954102713,606.2488038768851,2836.0054992699424,1884.9881853805236,3255.5196321100425,2730.821379883016,432.6709897443565,1875.258582999553,4348.645960790114,516.1040388493942,3800.4358059301026,2770.6144337027554,2387.1192670361866,3234.850987320735,3691.578810231249,3575.543858567022,3926.790042463055,616.3231566859049,3098.6598221427143,2396.9738054251593,5414.812329773298,1738.809520030264,3463.657203190112,3428.178832622334,3538.998644733496],
        [2970.096677391319,2066.6818462577603,0.0,2608.610006076252,886.6407536280819,3272.675810734959,886.4119175911129,3619.9391921666534,3170.3899110671887,2867.0189246725618,4162.619898165684,3141.7691803989383,2527.659539015269,2257.717500296906,1332.4926361015653,2115.843946669172,3602.1385689454078,4109.447299105011,3200.8578587498587,3676.5691321590893,3225.0195686604443,1617.7857304632885,1653.05161919287,3349.309652581615,2477.591595917038,2675.8041185439233,991.4672975090323,1786.2254731387854,2216.0668459603744,2205.8857334426707,4928.367319187125,5034.722876964322,4183.73121255833,865.2830753805198,1176.6721016617532,4463.34160471372,4774.610171868724,2181.622014630345,3141.5860868466425,3766.2194408058986,3795.25309656207,1853.527267508104,2883.7677373082142,2859.2069309341446,4305.563733934942,2619.3531251462086,1334.6233964292455,3741.923652934264,3036.7120950954936,3672.7406630442806,4260.775317423867,2357.654781823028,2640.501970041179,2533.9348711131265,3993.7133641100395,5206.488723484507,2109.2905072797416,1965.988555113315,3012.1059845242034,403.77065254471114,4192.768123244755,4103.6744907005495,1835.6910226115772,251.67808916136656,3749.0814842786017,2068.5678292693765,3600.486664318105,4227.652161307632,3020.279146923926,2250.185222574914,1873.1259651892208,4202.080965913556,4632.605153907988,2408.7322033095384,2484.7715242340564,1494.2553317019185,4786.286547447077,1498.2527157784073,1679.542550418312,1861.9649727056312,2970.096677391319],
        [1561.6165791287858,2235.1500226248286,2608.610006076252,0.0,2261.8509934257027,674.3646293541713,2783.648521829071,2746.4264218760773,678.4538978018691,700.5879261679163,1572.076420686355,988.6669378374852,172.16805434363718,350.91587159012613,1753.747080826518,1508.3122258420176,2713.736991372437,2055.0537322855257,1225.1122407009614,1270.4389840465074,1668.5013407925715,1095.493644486479,959.5134690741386,1972.7684801426094,614.4269736106498,564.8681632356914,1700.3512200027835,2688.418372968851,1876.4960121860863,2140.117530379771,2627.8394842137704,2437.9701807119877,1796.689998694198,2810.1752452751157,1717.6579505598995,1874.0054199184538,2433.996092910437,1609.9640319378002,1711.5463863617535,2107.423574505833,1420.6612803383516,2924.602532216534,2333.223910476333,2156.5137814504396,2192.1677997118722,2048.464575962048,3046.4561850791606,1265.5959415627794,2870.5443762163027,2207.325080305963,2196.48877180583,1672.2872347317168,1050.9426009914594,2190.740943512622,1407.7206461423855,3545.3725053437897,2016.1251383518454,1629.7088086994588,601.4244380813695,2205.280353680556,1623.5472637973235,1853.6972618966415,1841.2693305053915,2369.8051056992754,2265.877616640355,2719.380548368942,1594.919828661565,2040.8134336740393,450.33085523174077,1746.1102850440686,3030.9708640519966,1600.312775603718,2026.7459866152144,2841.92166606076,1307.1956113229194,1452.0126843568507,3276.5358499790627,1110.357299152385,2827.6691141009105,2506.848780366601,1561.6165791287858],
        [3089.6081674991774,1180.9667307737009,886.6407536280819,2261.8509934257027,0.0,2931.03223154995,1711.0759728635376,3967.390566760681,2688.6661828412803,2716.306578232309,3704.7175800383393,2539.24090512793,2134.762198140185,1935.7117951292892,1667.2613443306918,2336.1780450051083,3943.9356773442605,3399.239684845646,3154.782826267814,3480.998725851266,2464.853985514261,1166.365290828359,1359.3869971291733,2546.090990249331,1941.4222737304294,2149.0304126946507,1165.0688508698643,2455.31921558572,1365.5929667820392,2639.224014067143,4814.611461950748,4676.295839021193,4010.2259369007897,1699.9558567368113,1461.767849517722,3995.1150745950117,4636.753951375242,2434.117629435804,2364.8013611892616,3873.4355604952716,3619.4950926333295,2578.582330203331,2008.588858250567,1998.1004823430178,4266.42038757257,1759.4925684466039,2164.0574058254706,3507.448003327212,2151.6852242674718,3838.7856177610383,4240.739227254786,2612.4600954006833,2646.705871877469,1658.1635877854058,3534.497256759649,5370.034769054959,2514.0142870623363,1164.3096962791888,2784.4069768946197,769.6828635594687,3706.2441592256355,3452.6929606254416,990.4773043185247,712.9540819616647,3914.2700051473325,1217.3639897046967,3573.4236854950477,3549.7991369385577,2598.9542956277696,2543.7413901310365,2622.4569983113897,3839.494613356207,4250.242818665691,1548.6590758484701,2598.1074705549213,1668.6888821706007,4990.3680515607,1268.5484825181381,2404.7441394064513,2464.0417220646164,3089.6081674991774],
        [1609.4518452217678,2794.39017281524,3272.675810734959,674.3646293541713,2931.03223154995,0.0,3385.4694936474884,2755.634629067928,564.4824361573246,730.0938969610835,981.6734340450405,1067.904190344925,797.9115521536488,1020.3432731504199,2317.6374976428906,1890.8229733704586,2722.2754139174554,1909.1545185991458,1075.58429829254,750.0741355002874,1862.6872126696042,1765.5294043276997,1630.8359137297577,2175.433407793434,1117.9152191066487,955.6348804664219,2339.05057373279,3159.565156263987,2400.023466715698,2496.180697621074,2058.7715572137345,1765.2277266897684,1226.0843853253975,3415.0954680391364,2316.516521651168,1274.1650327446157,1853.73108042943,1967.1282337290127,1949.3213585307724,1901.8346406396213,901.2046944333662,3398.700982306631,2734.31469965331,2545.484122825964,1745.0556955129036,2489.4366679588757,3607.4144631795266,679.022650768546,3296.471882266667,2072.3033407062253,1774.860117671867,1971.4762568242675,1234.7319286786562,2661.164784112052,837.7893845117017,3196.3739265637546,2393.2285797015725,2202.7666957274996,455.55414903797106,2868.9069494945643,1070.2509928497652,1604.3881486475864,2432.3534291515316,3037.095062232824,2113.317281389027,3297.94833264245,1305.4570238859149,1810.4967969507622,416.0115480226161,2080.326191050528,3509.6171073040455,929.5527424756411,1360.466575743384,3379.9700787166935,1560.0790022747897,2019.1354207195766,3001.895515797576,1776.6604251394783,3324.7625168604827,2955.054771439055,1609.4518452217678],
        [2645.238359782893,2855.0932281482606,886.4119175911129,2783.648521829071,1711.0759728635376,3385.4694936474884,0.0,3030.7828942370784,3430.5966507151697,2823.7251823494694,4346.993545757101,3527.114969819015,2755.474115657113,2452.181896507037,1087.8125589268413,1788.7568699262567,3018.9970609509746,4576.981574855725,3023.841081324762,3616.8829343985685,3781.1874019204492,2036.2426389519067,1934.2037097482576,3957.0980665803168,2845.9579660046875,3017.441040371437,1122.246000350676,993.2204415010937,2926.0444951165146,1629.605465862543,4732.205419501013,5084.079950003835,4075.7199341697014,42.39441033627902,1069.7990684662689,4647.331075808592,4607.53844415077,1808.6122520787346,3721.1740229190227,3400.6326497666205,3708.93496997146,1003.5941025852371,3623.061500217225,3568.7085751799145,4058.535648930821,3332.089243556941,453.87978993093145,3717.5700885550086,3844.942751455104,3254.4935260098905,3996.821377652141,1956.9829479306197,2463.8516403938756,3280.8353973593657,4186.572702656931,4736.547437976808,1577.6186755658325,2630.2066895920225,3031.891815144889,970.8118973157464,4406.246043833262,4501.290940911135,2555.3834054312792,998.8940485061645,3327.8033279931315,2924.3597978238677,3376.9937670325166,4652.957735090155,3230.844854514719,1822.1051874053574,1005.3687609349463,4285.480776711658,4719.982077184317,3259.010951035305,2217.0309974412467,1373.2894525433337,4289.882671422974,1766.7754758275169,837.6601676882988,1136.0890342315702,2645.238359782893],
        [1187.0359222946645,4603.28633888694,3619.9391921666534,2746.4264218760773,3967.390566760681,2755.634629067928,3030.7828942370784,0.0,3247.7014715232676,2099.7589756713583,3520.189425516221,3695.67468918664,2889.6232323643353,2734.6084500000647,2329.0724663479336,1644.0457667828555,33.38890433321585,4660.384011796357,1683.2216845449198,2276.0284697438638,4414.9057895859105,3201.766539880385,2895.904505055225,4718.440685101649,3317.216308025529,3309.9880405522413,2808.7600178087405,2108.6206207794066,4373.080331957203,1421.1121630054533,2503.535311219791,3579.5681666168293,2348.4583051949007,3073.044103644093,2524.290932370787,3721.5432998017486,2503.9476297347856,1538.0230825446658,4455.258642222374,1067.6968274778324,2226.0431887127324,2240.406247688456,4970.959059188915,4814.730324236811,1853.8000929269817,4657.782160592144,2872.2365273376595,2445.202679283409,5451.843797711461,807.721277635962,1755.7845251384213,1364.0871118910452,1701.595602382184,4748.985702835358,3446.6741935993587,1787.5449796956077,1510.6583521007917,4049.9259342068854,2337.657024427483,3355.560717467872,3658.540895299137,4358.600280269465,4171.27190598151,3527.593111425929,819.5621535237607,4966.7851719653145,1598.7416189321139,4565.188787646373,3002.2027322294944,1423.6493492361121,2325.346150787881,3136.114090533517,3441.636596877737,5204.252379734063,1522.7393255225136,2300.877713583606,1321.5368517460527,2871.7471932280614,2326.7010737836904,1912.2856973257833,1187.0359222946645],
        [2071.349998393377,2359.9376084361347,3170.3899110671887,678.4538978018691,2688.6661828412803,564.4824361573246,3430.5966507151697,3247.7014715232676,0.0,1152.9087301838642,1016.0667225938076,503.6473970320938,675.2839493339542,980.500923031407,2424.100826215076,2168.2873717434354,3214.3557060420535,1429.5711882790638,1594.0571602807272,1307.6670578521075,1299.112976195641,1567.615173828652,1531.3948400602103,1611.3775230737128,751.9002037771024,547.0896038742418,2324.3695701196457,3366.7332938119866,1944.6916175247363,2798.0480204795685,2568.8849707851778,2025.72665008524,1751.3357053229633,3454.8496309840407,2374.3638180685207,1308.682985206894,2359.0258188519365,2263.8607411893768,1389.1630064075998,2449.392505381014,1455.4930530569713,3603.032653064192,2204.8578465439095,2013.9660933327236,2303.794313633528,1980.8044973609783,3712.280707402083,1216.0826228549179,2771.1357618590287,2604.9813607742585,2336.7160456430524,2307.5335564854668,1619.6312738020254,2164.8947372860935,845.8373206466375,3760.6095380380025,2678.8006612457307,1798.5909227329091,911.8989033911886,2773.70506651675,1026.3811027313493,1188.0359373320332,2040.475755963378,2922.8016633530924,2650.8187773627246,2873.93009015016,1861.7881780240994,1382.6195774110602,256.7405729932658,2394.3397657420714,3709.421040269805,1216.8729164954032,1589.3985751754014,2918.0953532432263,1917.1885279924045,2123.5060505771644,3563.7654629345852,1696.7804618099078,3505.652579562169,3183.6177118536643,2071.349998393377],
        [918.6722003598684,2883.0132484131173,2867.0189246725618,700.5879261679163,2716.306578232309,730.0938969610835,2823.7251823494694,2099.7589756713583,1152.9087301838642,0.0,1679.960061592411,1597.4975277675856,867.9816398244739,856.2515824115349,1735.9614901888835,1191.6163653757997,2066.512038795815,2578.6228220824214,526.7943793858313,811.2218091115024,2339.151193752475,1597.6294593650236,1358.094175490482,2649.1893255626396,1314.0672903395566,1254.2576700934037,1881.6059941382962,2478.3806653752204,2549.325631945876,1777.1257369992734,2100.4520133476076,2264.26850111833,1319.269716469697,2857.575974390518,1782.7224343883597,1955.901781941358,1928.86699910443,1256.1553196404334,2393.9550694279196,1406.9525697791426,928.8454268670789,2716.521811337887,3032.362215926186,2856.6733660063755,1568.8806391161665,2743.779509419793,2990.4468800894015,895.378476376763,3565.318464301739,1511.6150172402379,1557.0673541109534,1246.1654365614938,505.15521532974196,2879.071225183953,1551.5660203178581,2858.197186256219,1681.2560060354822,2278.1924842130993,274.73254953399163,2472.2033141159673,1784.4142603698062,2305.6384306529517,2470.0296131404493,2654.912293286598,1568.1831653413772,3345.8733873247784,917.4225670392117,2508.652808088087,903.4374842541396,1360.7304977390752,2828.9322125618623,1494.8336508758232,1921.3477224952833,3497.0975201673614,832.9886302266885,1457.5961931282836,2577.76146572719,1455.0658925969533,2657.6019308206755,2264.234569012107,918.6722003598684],
        [2468.8995988767924,3301.140293817378,4162.619898165684,1572.076420686355,3704.7175800383393,981.6734340450405,4346.993545757101,3520.189425516221,1016.0667225938076,1679.960061592411,0.0,1292.6797014840163,1635.4999780929406,1918.2857564392502,3290.898980057991,2864.1766926481146,3487.7660689042787,1481.7983934695178,1877.5631224049596,1247.613189823997,1943.7574614539903,2576.7007045642044,2510.8199906897403,2207.4252614081656,1765.7636304814005,1558.9402813661188,3272.4240801948476,4139.585222007305,2873.690618967147,3456.952240568883,2030.2877127359243,1077.7016366610987,1389.6826733008736,4374.990591850083,3277.4422715719406,302.0044037329974,1824.841894606946,2934.6520899936345,2072.177546777642,2528.422672591006,1322.5703970651662,4378.687217651836,2986.1201888922224,2797.2855291529704,2055.612256899063,2825.530932805056,4583.808131178292,1079.9226877805186,3545.3475284194974,2753.1397468930895,2125.919137085852,2923.8311705656547,2179.8074653733634,3027.4698843003985,170.52651092458956,3521.207832657415,3360.4448950555075,2775.1386425435194,1411.418740478114,3761.807138365565,150.91468083159978,1091.1817733456478,3020.259277260825,3918.2038638456575,2773.286884556889,3816.9327291471136,1933.5665739294416,1272.8984641671586,1142.6169734847144,3040.617478606972,4489.90572224436,489.75079784636716,650.6265018836119,3817.192482182846,2510.164941257104,2990.4058642638206,3449.3584729853656,2670.435650644331,4306.294708022425,3932.775375819461,2468.8995988767924],
        [2510.080328168433,2010.7019737524993,3141.7691803989383,988.6669378374852,2539.24090512793,1067.904190344925,3527.114969819015,3695.67468918664,503.6473970320938,1597.4975277675856,1292.6797014840163,0.0,897.2965125272677,1178.2767850369562,2601.5686669057354,2484.077608423096,3662.516239524975,1090.850390357047,2071.536898552605,1810.2382302871679,795.7602048202909,1530.7740964125235,1593.4431400666851,1107.7359836045855,681.7855804112318,519.4221885055402,2404.8777971154627,3598.9615884748378,1582.1401392018413,3114.3668207455216,3046.6543608071624,2364.44558854107,2240.8181322970045,3546.2056865394707,2514.197270292697,1543.375379880675,2835.3076096145064,2589.989942617101,889.9108756438549,2939.2992119199507,1956.9558620558917,3828.8497581024617,1741.4275719754366,1549.7652388859033,2806.020022577373,1547.4121538887375,3854.135337128794,1713.3162373553619,2308.56751318732,3084.296158766412,2839.982378360239,2659.643371454606,2024.3273220143278,1744.1427168985053,1139.351820165069,4264.2139453093005,2985.763396152228,1507.8394094494586,1382.167036310131,2763.6096577378103,1245.3589290494915,975.1830761373502,1752.8473114613448,2890.1169914011966,3133.276283030068,2525.8870416745854,2358.779620701312,1128.6598856350897,707.6965954409087,2728.8675498844514,3929.8630237597827,1614.0749442441697,1928.9391311234583,2526.858690828578,2294.6107174090685,2312.7522108950593,4063.7168968779356,1760.4246917861283,3714.1748270281523,3436.2861613052114,2510.080328168433],
        [1709.0345477613344,2066.096760092781,2527.659539015269,172.16805434363718,2134.762198140185,797.9115521536488,2755.474115657113,2889.6232323643353,675.2839493339542,867.9816398244739,1635.4999780929406,897.2965125272677,0.0,306.5846625223356,1755.946641347211,1587.387381316538,2857.184294635611,1982.4346099477095,1393.9437920934831,1432.9238200635684,1530.8101139342193,971.6427908692551,875.3200473551262,1830.1315689952437,446.4163157114007,425.4453529784198,1652.6417689970488,2722.5737172224617,1704.7564227787582,2217.1874462044143,2789.4888437544846,2546.6498121580726,1956.2049288937058,2779.935710220062,1699.8314699125308,1936.7787108510447,2593.6558236928154,1694.4731805636288,1565.8030896554544,2274.704129671639,1584.3367900987153,2956.090192145569,2164.3945165334826,1988.9733831033598,2362.9511275691507,1877.671899927691,3039.6470516776544,1419.6567082946865,2699.6820319450985,2369.1841467621107,2368.054450042118,1771.1540696101517,1188.7301085012134,2018.7895527917733,1467.2575249160914,3716.9118021913,2088.489458342943,1461.3524553259301,772.3904540021427,2126.3926814207475,1672.5297207473018,1810.142636085199,1676.0369910733928,2284.4106875259463,2428.9304181777875,2553.1729783528103,1766.7131918273749,1988.943973747175,492.8861448703488,1834.6280590126782,3060.1040227653375,1708.2452483166558,2127.119190717761,2671.550786678073,1424.425770460486,1457.4206185137552,3445.460273586494,1035.8125869738312,2850.740739430369,2550.8242429829756,1709.0345477613344],
        [1579.0093111095725,2029.547211252472,2257.717500296906,350.91587159012613,1935.7117951292892,1020.3432731504199,2452.181896507037,2734.6084500000647,980.500923031407,856.2515824115349,1918.2857564392502,1178.2767850369562,306.5846625223356,0.0,1449.9682965746422,1330.3205804164131,2703.063327279303,2268.8185145761463,1369.733629451753,1554.6173214894673,1740.3396685828307,775.4204113573825,610.4985839336263,2024.824212231701,603.8369656767616,671.8012949982211,1356.429111226802,2424.7681587281613,1711.065432245844,1952.7549911537665,2905.0020392645083,2785.5331423235766,2085.179247952113,2477.260075560279,1393.8788240278436,2220.280539716149,2718.5575691253816,1442.6436960722378,1756.026934710024,2223.583272580749,1698.5515207139856,2656.864934159986,2248.2688928453113,2085.182003827121,2418.147790671072,1943.3689584680494,2733.1057787821337,1572.4108942672167,2756.7702481848537,2285.328781385795,2410.7631699111835,1537.757686480882,1045.834673750979,2059.1167306850093,1752.3462539803004,3702.532019401898,1819.9506055287259,1426.7576895229402,858.8763727615496,1854.366200724989,1963.973220465546,2111.2129964337723,1614.0223580094291,2019.2645926008938,2350.586129693894,2489.641550098776,1772.6652252208735,2286.560424692349,782.2033132469768,1586.3394924957124,2759.8477787538304,1948.8649065568502,2376.7003922798262,2644.8596389977,1227.986976181892,1152.2653779750087,3399.62713807807,759.4715235058607,2548.5248723889745,2258.3870834243658,1579.0093111095725],
        [1650.6573027746842,2522.9731300451745,1332.4926361015653,1753.747080826518,1667.2613443306918,2317.6374976428906,1087.8125589268413,2329.0724663479336,2424.100826215076,1735.9614901888835,3290.898980057991,2601.5686669057354,1755.946641347211,1449.9682965746422,0.0,786.2953181985683,2308.2219161848275,3686.3904850310605,1957.4835392459877,2530.704380886273,3007.809529910335,1289.296173416208,1065.647705860341,3237.994512874758,1943.4522850781145,2082.176879713531,507.8009779884574,1034.6675310841226,2432.3766192666794,972.4021554131273,3682.40778453777,3997.520094584266,2997.7339710058063,1122.025955211888,206.84323081915943,3588.54691177246,3546.988808956825,849.1865236096784,2978.4242713621416,2441.601905650995,2625.983744239246,1248.2655507987822,3125.9370980262797,3021.6068495795466,3027.8192385923185,2807.1505804808735,1294.7583130947082,2629.8162057895447,3486.0017028384127,2340.734405814112,2974.3813691280475,1025.951452397677,1391.6545330691054,2822.419050824256,3135.1171481076954,3874.0847939256714,847.1020980278296,2096.740178720037,1948.0790139701126,1029.113289574613,3360.158998646187,3556.3091871472834,2123.6935894429507,1206.501691769709,2417.0106670637465,2779.6633101505313,2331.09788415072,3725.6576938308485,2203.900892647545,924.3315244470467,1341.6605264074778,3204.565062743062,3638.1730251218005,3066.266438419573,1180.1051023709067,302.0383819605664,3456.1484995673454,926.7256946640272,1118.5664514342702,930.6769135245448,1650.6573027746842],
        [869.0451319995419,2983.3180526184683,2115.843946669172,1508.3122258420176,2336.1780450051083,1890.8229733704586,1788.7568699262567,1644.0457667828555,2168.2873717434354,1191.6163653757997,2864.1766926481146,2484.077608423096,1587.387381316538,1330.3205804164131,786.2953181985683,0.0,1618.502237662071,3562.4204534438663,1255.3285075426277,1904.4775453533464,3065.625811381024,1596.070769587759,1294.7732746794695,3341.210134320156,1928.9453111733037,1997.0526641762717,1198.9254922914583,1289.394373259265,2791.0010724379267,631.8099194293588,2944.207469510655,3415.312576745955,2318.3251469354823,1828.0859815184997,945.3146347842187,3145.2649148852006,2823.9924920941517,119.18747994278534,3072.023156174353,1655.7005320143164,1973.1716573342883,1526.560719889518,3433.863179664679,3295.9348373427183,2270.6483823791837,3113.1359859421686,1862.448897202307,2031.0552271342117,3875.071611808525,1557.7896632317113,2210.97535295877,279.97176698511163,727.3507672341711,3177.803716272581,2727.582737952429,3095.174929792331,510.82161982316444,2457.756328286389,1453.4803400366957,1790.1370260956103,2960.4925675723002,3355.393636004214,2554.790919460984,1974.013419164466,1634.2364779154402,3327.3020635753073,1589.5215770038985,3546.308329569509,1916.5868379420708,264.3024123134335,1639.3213527911114,2679.82727948193,3099.3967622025707,3574.6162144637033,433.8828816556622,669.8517296291545,2686.0883906185345,1244.5335981694045,1476.9375803651171,1072.7025784070895,869.0451319995419],
        [1154.0729324598144,4574.952391945694,3602.1385689454078,2713.736991372437,3943.9356773442605,2722.2754139174554,3018.9970609509746,33.38890433321585,3214.3557060420535,2066.512038795815,3487.7660689042787,3662.516239524975,2857.184294635611,2703.063327279303,2308.2219161848275,1618.502237662071,0.0,4626.995662696503,1649.94238781598,2243.8914780421446,4382.196512403495,3173.199562768577,2867.343788618043,4685.854601246314,3285.1329762260034,3277.3867596393543,2786.2257898080165,2101.591510679575,4343.408305721976,1405.7536817025507,2481.397416659829,3551.045531928432,2319.220801008537,3061.290493150201,2502.699306145577,3689.6802057960103,2479.7641574313916,1513.2472842411821,4422.7659540175055,1039.5319460942324,2194.5646846820473,2236.3888183217464,4940.152583294968,4783.63912848627,1828.7321724325343,4627.182176945173,2865.0814432289017,2413.0862634049486,5421.833836940345,778.9305070831805,1730.8584298301876,1338.6123708897344,1669.317684229877,4718.949007345225,3413.9292146582784,1787.3165999208322,1493.0913739362677,4020.626832828559,2304.282838482195,3335.358816036757,3625.98733314602,4325.274795913298,4142.845510008836,3507.979017069728,792.4933903134506,4939.888280958451,1567.2036208765978,4531.857199779061,2968.9078390970117,1400.3142458355114,2322.408039295293,3104.5612907584064,3411.256425419621,5176.4201490524265,1492.4419428541805,2276.8094035315175,1321.8512638976774,2844.237890172264,2320.4686209613255,1903.2267897739105,1154.0729324598144],
        [3494.495552273285,2566.3551757922264,4109.447299105011,2055.0537322855257,3399.239684845646,1909.1545185991458,4576.981574855725,4660.384011796357,1429.5711882790638,2578.6228220824214,1481.7983934695178,1090.850390357047,1982.4346099477095,2268.8185145761463,3686.3904850310605,3562.4204534438663,4626.995662696503,0.0,2984.4614649066684,2537.0521388341285,969.3066251689959,2546.466369241078,2656.151009630027,1053.113130700386,1746.600243049655,1607.0697107281976,3459.13958049071,4689.290231518845,2166.7821189570936,4194.0964894562185,3511.159214661477,2426.9322670859374,2823.168822039256,4593.189382767367,3590.061952574938,1547.229880433064,3304.4010281605447,3664.997566767487,1097.2052557014713,3793.3368077662954,2656.4502553272696,4918.505686310423,1939.0623087473814,1784.8857313890169,3471.343476182965,1923.9410002675868,4922.767306915937,2393.4865009104233,2422.2727499635434,3977.24678579496,3529.003111474847,3723.059432871552,3048.8234713545976,2129.233573828149,1432.243778459731,4954.716078606921,4068.0536632169865,2250.525781625567,2325.6350769318733,3754.9388467776753,1343.9977842956812,392.4171209031515,2468.2605061365207,3859.9106017897443,4014.894781318317,3032.877074968848,3186.74431083338,260.77925781672946,1685.2096368741475,3800.8813267664254,5018.843306512521,1964.6907901781858,2067.2643796255115,2911.239605150298,3341.5018963161197,3400.651415723389,4832.727909633189,2819.5496440310867,4801.747936962589,4527.072004029673,3494.495552273285],
        [598.9450789299705,3399.216756744165,3200.8578587498587,1225.1122407009614,3154.782826267814,1075.58429829254,3023.841081324762,1683.2216845449198,1594.0571602807272,526.7943793858313,1877.5631224049596,2071.536898552605,1393.9437920934831,1369.733629451753,1957.4835392459877,1255.3285075426277,1649.94238781598,2984.4614649066684,0.0,702.06587148759,2836.806969021037,2079.0620056781877,1815.1867716244592,3149.329483121368,1839.427590648744,1770.176493267047,2210.8530069221747,2508.3232593247367,3073.0668611231254,1718.639599253469,1730.8964297357677,2206.868698436588,1063.303865227482,3061.437705208901,2052.407157679628,2112.326518094369,1589.6566452576096,1272.743979944291,2899.3852955058196,884.4002245148184,735.584410799894,2737.240276059999,3558.165292265464,3381.5651215136286,1116.6121860779315,3270.5107380784016,3117.727294055326,858.1304558135178,4092.1006319504017,1012.7963503122531,1086.2019045100385,1189.0697777137357,566.9539583689053,3405.505264843867,1785.2450862089083,2334.354660197629,1659.0280254547981,2796.2643249726057,689.6449782755543,2821.957566208595,2006.843869921654,2675.8649361164926,2981.4346861080953,3009.1435674795857,1062.4714012148086,3853.371854326333,419.01400687269074,2882.6037863106876,1364.0729679724247,1328.5754628895286,2850.06749587223,1562.7582112185942,1943.3923226507577,4014.5899553990407,822.4501136206601,1721.2990920262332,2051.543781996352,1886.7155755827598,2711.329286057175,2278.7377913395194,598.9450789299705],
        [1295.6051100556158,3493.1041217810016,3676.5691321590893,1270.4389840465074,3480.998725851266,750.0741355002874,3616.8829343985685,2276.0284697438638,1307.6670578521075,811.2218091115024,1247.613189823997,1810.2382302871679,1432.9238200635684,1554.6173214894673,2530.704380886273,1904.4775453533464,2243.8914780421446,2537.0521388341285,702.06587148759,0.0,2605.959633106225,2329.38891750688,2125.450002255969,2917.1241072312014,1823.6893475277082,1684.250424773194,2692.6418543869763,3183.3417090831826,3114.8215435026277,2411.451686071227,1357.4178583762998,1515.3446920736935,530.5674982863475,3652.0155647684032,2589.252027223174,1448.049922433994,1165.4585355799657,1940.0088573678493,2696.552431878167,1287.3240265292159,153.9395825040108,3416.172073688185,3480.864146478184,3292.835043932724,996.1818790032886,3229.1588538081246,3754.639059784543,169.26785537141313,4040.9839473732263,1506.0543466985237,1030.7695176953819,1875.8716983126362,1178.2375055033142,3394.8984231472637,1190.3081781935375,2461.1983184530172,2343.2859085518435,2891.0999973186417,697.1213770992513,3280.0922688132628,1389.8900658878174,2185.9506157835185,3108.8409328421017,3461.525480841301,1528.3079306135226,3985.209947091694,686.376929809947,2390.7534582251196,1159.0948004059044,2011.4554597392923,3529.301102942309,874.2729461320557,1241.6875477878448,4091.4268953814862,1485.093163086489,2261.2339428893697,2299.5371332899117,2239.905563007137,3379.049614513834,2957.3748299513427,1295.6051100556158],
        [3229.420125329823,1599.502833382049,3225.0195686604443,1668.5013407925715,2464.853985514261,1862.6872126696042,3781.1874019204492,4414.9057895859105,1299.112976195641,2339.151193752475,1943.7574614539903,795.7602048202909,1530.8101139342193,1740.3396685828307,3007.809529910335,3065.625811381024,4382.196512403495,969.3066251689959,2836.806969021037,2605.959633106225,0.0,1758.0400101358832,1942.2490813961765,313.9975205824907,1137.353538148768,1106.4433489475957,2693.8196197628804,4040.4462762207527,1197.5840848200087,3677.7186398258445,3822.596384193935,3013.922177537443,3028.5029740735176,3792.0986831734826,2876.007597847478,2135.082449855195,3610.5639863200436,3180.0123201277393,139.04999329424447,3714.4270187208426,2752.337035684946,4255.861425196389,1061.1946693132643,881.2188290113155,3601.596070020632,976.0094686659361,4162.973338625412,2506.843525563325,1607.6726065863404,3845.8378360643883,3635.720528533112,3277.9931433733195,2717.466032648767,1185.4925223355046,1818.1777665131247,5058.923550728955,3540.842843256548,1302.6726074597082,2149.202576200093,2896.76182352064,1854.4950692192629,1150.6971234108803,1508.826533258858,2980.8672659311587,3898.5176553016286,2076.5499767942933,3144.0220660652208,1172.4679945930795,1486.0169459681933,3324.62392439771,4347.107441866742,2339.5234871510447,2594.138373407858,1984.272832946159,2951.575812200733,2750.5707121103887,4851.265630367157,2088.5566979072464,4120.336214672995,3909.3978963173195,3229.420125329823],
        [2147.5722524222183,1402.567615393525,1617.7857304632885,1095.493644486479,1166.365290828359,1765.5294043276997,2036.2426389519067,3201.766539880385,1567.615173828652,1597.6294593650236,2576.7007045642044,1530.7740964125235,971.6427908692551,775.4204113573825,1289.296173416208,1596.070769587759,3173.199562768577,2546.466369241078,2079.0620056781877,2329.38891750688,1758.0400101358832,0.0,305.86211757182,1964.0633640603805,859.9826774909786,1058.4960763589322,935.7947218575956,2320.1108294539695,1197.7000275085709,2114.2385525201444,3676.375230285285,3517.8981904229277,2859.9285415915806,2050.4561095928743,1133.6779810716166,2873.677560425466,3492.09517933902,1714.019768162105,1712.2108235967007,2879.1537417881545,2472.1083525440704,2523.5192818865594,1863.4777835409889,1744.605517095622,3166.0046436067464,1541.5645359810935,2406.090327789974,2346.968936978205,2280.566884469258,2895.4529796189263,3150.8808645858817,1865.4277642224038,1640.3673829952932,1587.3709788654905,2406.302592879952,4380.19933095448,1972.54123332307,862.3339614697513,1632.7179828535225,1233.4879515579416,2593.9935488003225,2501.562004611293,970.024382015452,1367.0055540867986,2966.870773698397,1801.7206387028514,2495.0709638498292,2638.502045650322,1447.8928831217943,1854.3578216328617,2608.783684716843,2679.6840296797704,3096.2119231029646,2009.829541872879,1697.227659878459,1079.1298266561314,4041.7295329310714,373.6751329055434,2379.0921087578886,2217.3766472195366,2147.5722524222183],
        [1849.4670879129735,1708.151771447544,1653.05161919287,959.5134690741386,1359.3869971291733,1630.8359137297577,1934.2037097482576,2895.904505055225,1531.3948400602103,1358.094175490482,2510.8199906897403,1593.4431400666851,875.3200473551262,610.4985839336263,1065.647705860341,1294.7732746794695,2867.343788618043,2656.151009630027,1815.1867716244592,2125.450002255969,1942.2490813961765,305.86211757182,0.0,2175.0310963798966,913.6388904078547,1083.8385616944938,812.1660802308903,2099.294639185296,1496.2323864599928,1830.261007493897,3455.233760011173,3396.0313167481877,2653.267478067699,1954.049947272562,940.7853618581422,2812.054586684704,3277.80497804432,1413.2653170808412,1913.8000096626802,2592.5269151717907,2261.8287665839935,2313.6135240715357,2148.4763326034354,2020.3992046494134,2917.0775126666754,1826.5858923991862,2266.6455232149656,2160.6131474335793,2580.305131161336,2599.931601460917,2896.3936429794267,1561.83041093034,1350.8553753708748,1883.595217170956,2342.4857096534606,4095.5427549856395,1688.5470354916208,1163.5161356527292,1431.0432353292751,1251.2032806749103,2545.582932460728,2567.123762816303,1275.7182521018108,1411.5994898734823,2672.11201671283,2099.227303836452,2233.745919747432,2720.8311457112372,1368.204440927907,1554.950924122458,2405.328617475273,2559.2127958172096,2986.256912505321,2314.0930878631034,1393.28203012033,820.3956426892223,3749.217240431489,168.220878838597,2179.459187469021,1977.3965460241043,1849.4670879129735],
        [3534.384473543456,1565.44915144958,3349.309652581615,1972.7684801426094,2546.090990249331,2175.433407793434,3957.0980665803168,4718.440685101649,1611.3775230737128,2649.1893255626396,2207.4252614081656,1107.7359836045855,1830.1315689952437,2024.824212231701,3237.994512874758,3341.210134320156,4685.854601246314,1053.113130700386,3149.329483121368,2917.1241072312014,313.9975205824907,1964.0633640603805,2175.0310963798966,0.0,1421.3221335580988,1408.4850388879936,2894.1161146058475,4272.6551423313995,1208.4140275584157,3945.635303473433,4120.594686561131,3266.02927959532,3333.175382781185,3965.2250552260366,3095.0823035680883,2378.059327296894,3908.4519126511373,3457.0098884621284,269.2460207447656,4027.7452790602383,3062.7291792439605,4482.575237803932,886.2084532077555,734.5119239546613,3912.2165393933537,897.165975240644,4353.54272293374,2815.4947787394767,1390.5573825041033,4157.437481060038,3947.3723483518593,3561.2679934875828,3018.6864312814923,1093.5574110720333,2091.5783631447216,5371.806103160999,3807.264179051967,1388.157416446525,2462.308002267205,3043.6889088234657,2107.8095515365085,1317.3997604627903,1561.3715505925738,3111.695401116487,4210.619531716115,2001.6437418876337,3458.013108223629,1292.2265532099793,1800.0023691379506,3602.3012718465875,4570.388819359642,2621.902951262318,2854.783326564343,1860.8351317038157,3244.778045412408,2992.3182101733455,5165.262200791616,2312.1732344088323,4341.543430025543,4151.510340931211,3534.384473543456],
        [2143.771269513311,1677.1533177764315,2477.591595917038,614.4269736106498,1941.4222737304294,1117.9152191066487,2845.9579660046875,3317.216308025529,751.9002037771024,1314.0672903395566,1765.7636304814005,681.7855804112318,446.4163157114007,603.8369656767616,1943.4522850781145,1928.9453111733037,3285.1329762260034,1746.600243049655,1839.427590648744,1823.6893475277082,1137.353538148768,859.9826774909786,913.6388904078547,1421.3221335580988,0.0,207.61580039453779,1723.8570285298533,2958.922174748868,1291.1395517550218,2544.859136028198,3168.0735887474857,2770.3975558955894,2332.2766988889853,2864.7478602287592,1843.4804612738735,2054.0242245896093,2966.080349296047,2042.9016119072958,1152.7908471138196,2720.960730268786,1977.3963112214024,3183.8418772120654,1718.8000508929317,1542.6386105243855,2782.2852948121454,1435.9523223633355,3178.699679044582,1785.8170700597966,2257.9055973180525,2814.509496977952,2792.9419465872656,2141.437408944665,1616.5448026160998,1584.5278642729331,1596.1206452669717,4157.202404663468,2409.4132108992753,1085.6402939784075,1200.2048212739874,2092.4770520729157,1764.8934558270819,1656.9359015242153,1318.656285790887,2226.5789491971086,2874.7491177714483,2180.1223437139743,2206.2757692705163,1807.3986419135729,717.2131651946847,2187.370913820433,3281.5594792672046,1947.420186923677,2336.1818769970155,2268.737320612429,1825.7774060512554,1664.0208048138923,3890.9238468452604,1079.7919063411757,3061.323542930054,2810.064636529888,2143.771269513311],
        [2126.159443473838,1845.7647828540175,2675.8041185439233,564.8681632356914,2149.0304126946507,955.6348804664219,3017.441040371437,3309.9880405522413,547.0896038742418,1254.2576700934037,1558.9402813661188,519.4221885055402,425.4453529784198,671.8012949982211,2082.176879713531,1997.0526641762717,3277.3867596393543,1607.0697107281976,1770.176493267047,1684.250424773194,1106.4433489475957,1058.4960763589322,1083.8385616944938,1408.4850388879936,207.61580039453779,0.0,1895.8669627195438,3082.549562007842,1445.214929457666,2622.815835941411,3014.134346989511,2570.2392253274866,2180.210910638495,3037.714578637694,1996.1001162318075,1846.5483328182536,2809.3656460424813,2107.065232849673,1146.6818612140648,2654.5440706945146,1838.1242224033158,3311.4418208246066,1810.8065114301548,1627.2793596581496,2660.22324185283,1546.8887192318496,3337.3567091892205,1632.5015003323615,2363.6760412628046,2765.6860884092953,2676.97060589476,2190.9728504899676,1611.138761958824,1710.6963657253755,1389.5233225348177,4062.821852425349,2490.950909332621,1266.3777478811162,1102.4517331499871,2287.437502658206,1557.279019138386,1485.6039287199771,1504.5719529777082,2425.3246512203214,2822.4051023865686,2354.6400963768992,2115.6770937229458,1646.3707055729742,542.6758641693569,2249.091215187134,3411.855266858337,1752.1492467846842,2134.8912588552466,2425.1899418923704,1849.6209512072178,1794.0297187031013,3815.0593925548815,1251.8686384412936,3195.4131832079274,2923.4960875153834,2126.159443473838],
