{
    "drone_dist": [
        [0.0,2491.1745853218054,876.6571490206544,1806.8195719014254,3167.9942866229003,954.5575186744747,3393.5440326933012,3863.1337337866607,2229.971190586236,1560.2207086640212,2648.2191017689233,3396.4521317391077,2229.212954116444,2085.7591901933592,2610.5145031787897,659.9071574489539,626.019551890131,812.1550124207724,1938.6920850647555,2028.7422483466999,1766.322565524767,333.39742342907374,841.9247320316047,1465.2480210725828,2653.262405386303,1704.1112339688625,1540.8118045687481,2518.291259808189,2999.8143762735667,2993.441983326174,176.30883448484533,2824.8277361592113,2202.793533052276,2420.9826387775493,3988.8336138635077,2846.9674329260133,2697.4927120261923,1003.3304672532315,1573.3429471703341,4171.12897896382,1828.753928493106,2359.648423168805,2758.8258451962597,1979.3286515039217,1936.733130265169,2762.581033254958,1774.6315589758253,1187.07088612986,2571.237505613236,1382.0153617918775,2269.560620672867,1287.5030440823596,2807.313763725729,1572.7328864975395,1286.114369990137,2285.7546170245387,3036.749543551414,3205.6705246239976,643.6159701448887,2856.946690189443,2783.1798329675366,2391.6702324529865,1927.6426931362507,3149.7414337924993,3034.9215572962503,2136.3237924754785,3763.7530371368025,2749.6331824902827,1990.080379058207,2097.269654180276,1212.4946845775607,2083.4327639169273,2256.169925812325,2219.165381865688,843.6248872919082,2333.651884659596,3692.602871588422,3162.750180579802,756.3712540875182,1345.9592594940243,0.0],
        [2491.1745853218054,0.0,2819.6236610197143,773.6809016483224,920.9097241872031,3170.144175186923,3946.0198691182686,1519.9227020779997,4694.682610061689,1641.2327919754161,3797.614367080648,3596.4446433666544,1627.7770961290564,4565.050557250476,2848.532714850379,3111.5395973140403,2860.2671229953594,2253.388164108258,2502.035194440981,3189.6394748687253,2345.757692047648,2797.8938230251315,3317.7114083144784,3458.6282480595532,3738.7631322968828,2775.946838817085,1390.3948385647939,3833.058875491234,1044.0685276436943,2279.136233922865,2525.487102223268,1016.6592463093313,2335.8999975419442,3286.833942958024,1985.6975992490236,3747.903791932345,2267.667357587764,1808.2174911496293,2976.4424220132873,2083.1993461194925,4262.798866948724,3389.428713156796,2352.671733459492,1113.665473569918,1218.4246162855059,3012.6570983601277,3109.1879603449584,1814.232129150043,1960.4162370606796,2957.8594045746827,2104.078248701059,2290.670277784132,2803.946913578219,1766.1392190575812,3182.684960585358,1383.561224077131,1359.747226898718,851.2209042653824,2127.8070561398295,3385.1100887849398,519.6386935425934,2184.3340434541046,917.2740457314031,1050.032656109633,1248.2788268382574,1488.7675621975989,1370.5087929001302,1228.8451821162087,1963.2391579618788,874.7549677130144,2545.9552316736513,1859.029249168684,1562.1437744004543,1088.6356293918884,1937.4444424906226,2831.6185048716925,4145.44740886547,852.4006639721913,2276.7658339933323,2353.689270257216,2491.1745853218054],
        [876.6571490206544,2819.6236610197143,0.0,2051.1629311808238,3289.207876503829,1653.3041957021424,4266.874644289327,4307.696870739027,2021.0934554764945,2321.1319049730937,3491.9887411273053,4271.7377953632995,1991.6061920724735,1948.433786287256,1958.9083067785566,731.8433605341459,1399.190651064876,1677.4483710376296,1326.0385094657663,2891.8338039482624,2628.2875895832335,998.7441813020331,1213.0617789171315,2192.808223094337,3504.024878524404,2579.754952520916,2232.1979730622834,3343.970654618544,3544.444944441419,3783.82063775328,1042.0775543009674,3391.3107016103063,1680.4649557619086,3292.9819332745983,4568.014670452983,3709.334000546081,3509.3727006019126,1771.7812371056482,736.0726117037115,4728.141375596752,2108.6785938271346,3223.41043696231,2295.1829423340155,2617.9244323063876,1897.7053047079733,3633.794821091211,2631.4049645450514,1064.575817189125,3349.8156704237986,2231.723542549239,1843.702936972914,2154.271432074239,3665.419913722734,2360.7290767254,434.3908699557722,2981.134015273617,2961.2241306031074,3374.866907606261,716.8250932072415,3733.4765129639313,2969.2448642700456,1944.867743051247,2031.036842821146,3664.0617332547895,3625.410773815316,2859.6906606301927,4177.716405174032,2682.0073835146504,2801.4384665254033,2673.4523776543247,2088.975653860262,2875.2597607907437,2988.2853333206676,2195.020178592158,1636.4901716005456,1646.727360065886,4566.970420829925,3604.877051923084,542.884881318516,798.4012442823558,876.6571490206544],
        [1806.8195719014254,773.6809016483224,2051.1629311808238,0.0,1366.944815463691,2594.666873649239,3912.1273468967042,2287.4384439208634,3964.0081019479953,1436.5720874835513,3571.0850005074053,3654.950422037282,1124.644511823455,3844.6380371256105,2256.424745166561,2391.515473671438,2262.423527706595,1758.5578179677116,1810.7218402547046,2918.39723798949,2150.820350468234,2130.8862475237797,2647.9963370032533,2961.665375429204,3528.539310378229,2488.8375694167958,1166.0732253819242,3557.9495796910937,1666.897653269738,2541.7549938878687,1871.6530595635193,1568.1983348677156,1718.3076187503657,3113.9975862193123,2678.3429757347553,3595.024474673655,2423.868464294517,1352.9922757071433,2214.4438655203785,2801.961156403169,3624.0552831413393,3173.818280777428,1899.27499292478,1165.7202525866592,625.9350741521373,3013.3570025125655,2779.0283812178827,1042.6525953855937,2141.297720357235,2543.5981607162194,1537.4517600802749,1942.1677936539356,2869.815746353417,1562.8228976821324,2409.196797129076,1567.1667440109543,1399.9909441416264,1398.9357317364927,1372.7157804212627,3325.6821101891246,976.4823950482038,1642.9048443288582,324.3885954306177,1733.0321480759335,1820.142408103324,1579.0154479223568,2143.1420196081144,1145.3832341917928,1911.3241842769871,1030.7876920052595,2146.877820961998,1862.4887010013783,1695.8092203754761,697.4616854214006,1433.4779814590556,2180.6897199023565,4151.978742465772,1600.4867764874768,1509.068411251956,1593.4646258841635,1806.8195719014254],
        [3167.9942866229003,920.9097241872031,3289.207876503829,1366.944815463691,0.0,3954.307054228892,4857.568852175282,1659.077568352697,5274.707808193233,2549.838502897572,4715.13533774299,4490.864042255132,1559.3630814422886,5169.102623041674,2716.8775185577656,3727.02240282237,3625.8445311573073,3081.9286204006785,2587.318285182678,4099.743682614815,3262.069717614894,3495.040264214319,4009.9183586165627,4294.450375900287,4657.550406613487,3681.2008118032218,2290.309794351711,4744.56872554679,1705.848321541563,3121.604840446695,3238.1778687939204,1763.9827510133016,2299.843973331463,4207.131172642231,2380.365500591042,4668.813303748537,3151.1194935171484,2648.737303735942,3245.0691261851803,2394.0333357840536,4990.137568202883,4307.173995931948,2072.063658941338,2034.4905098843153,1407.6971261277572,3923.0586931817907,4006.828622239914,2224.6533357519997,2843.554147232455,3828.515625039151,2020.4090157831881,3177.1388357803735,3703.4638423783167,2676.7020352360805,3580.7053152423673,2283.7487486096616,736.0415681129068,191.2520175673658,2678.1304190893325,4301.722703241746,423.2187851173147,2050.707791073552,1269.2544853026404,1611.3363747845756,1938.5691704752096,2402.357940330564,1462.0083325395372,822.1889451041054,2883.7829251014314,1794.3650759594163,3418.9009154148907,2777.1301669824916,2467.343234644287,1126.337447700649,2757.010329781391,2805.7685294609723,5048.882453070237,1288.8920884472154,2769.7513048091105,2650.3013235678195,3167.9942866229003],
        [954.5575186744747,3170.144175186923,1653.3041957021424,2594.666873649239,3954.307054228892,0.0,2806.543651539889,4366.259330022001,2005.8557551188726,1800.0717351588357,1917.4128339219117,2947.64263692524,3168.962147877991,1812.1566648840383,3538.2024844663883,1002.9596955502933,344.00823811577595,947.7152963852661,2869.831140300297,1418.8604227712394,1594.7902026555776,676.1724953629426,612.5807984399555,539.5470410284458,1948.4087900746201,1273.1852489294008,1922.7933030370125,1736.9752766048948,3429.6323198601253,2980.3813213266717,804.6073688421685,3238.3328025628,3151.8300128081487,1858.0559645647625,4323.195655530452,2191.066900195499,2641.795719860637,1386.563719749021,2389.269568783819,4528.772530148811,1152.8336983730849,1732.4076771709215,3713.271045164596,2374.0555103825736,2838.5206615077395,2402.6002656307837,1149.4823641478695,2135.244849658287,2623.919659064287,776.7089903808372,3224.11031124141,1191.7573512174554,2546.49277778858,1741.5168634939328,1958.7547959936453,2548.9805889629038,3918.485368181595,3961.932670959989,1597.7575964257555,2357.4311332681946,3545.5054140558773,3346.0853365876383,2777.8076615151554,3607.5843870165104,3401.7306268074403,2363.276735615112,4302.329532079876,3635.091704014122,2014.0461179669353,2563.8463810033295,936.5549307457802,2154.1443746920913,2450.614656070651,3105.321912629927,1239.2634310718493,3247.6721477759907,3111.6799834253843,3699.628588662188,1700.0092538366423,2277.7151228431662,954.5575186744747],
        [3393.5440326933012,3946.0198691182686,4266.874644289327,3912.1273468967042,4857.568852175282,2806.543651539889,0.0,4210.141468428458,4640.332182182924,2480.9522971402953,992.0944978096977,544.2828409357566,4962.470472703478,4435.497776542604,5809.9893733986555,3764.2961925801656,2924.2833957749976,2638.3888942899985,5165.848613590195,1396.5635702251952,1806.4952746761883,3310.1581734029,3419.0457631017025,2390.482607896333,921.276827023928,1691.9762304710725,2747.4495516436164,1235.3512748113228,3380.466059507282,1940.0835362262274,3224.929518720609,3232.007510418243,5305.618551475521,974.7156896320544,3662.06664698146,642.8546577999929,1762.7479619756189,2772.6488441178453,4960.977144172176,3878.5211493696966,3517.1577940481834,1074.3626026982877,5702.143172668775,2847.5170996210245,4476.5336203331635,934.6607490596856,1667.3957201209018,4198.658248275312,2054.0931295638243,2066.7766007078008,5247.804592599517,2192.42290971686,1180.868850277353,2359.189214786652,4654.07220136983,2576.6370045862104,5234.657284938559,4752.1605901343355,3853.67011584633,589.307371454176,4465.355554137028,5373.234214906473,4229.109574533273,3564.9464690031787,3186.26869015411,2457.2571623710733,4275.714893706356,5022.1907577872935,2012.6833956496855,3075.067992257492,2185.8542558507143,2093.93363774076,2391.0573874671563,4609.162477746442,2817.944611828736,5590.650397770615,305.28895732311827,3856.3651237513077,4052.851471548604,4617.156176647736,3393.5440326933012],
        [3863.1337337866607,1519.9227020779997,4307.696870739027,2287.4384439208634,1659.077568352697,4366.259330022001,4210.141468428458,0.0,6093.104311540714,2591.0549962799714,4414.547360815871,3727.5440899221653,3046.4338520451406,5945.895488970597,4267.987947757832,4513.991803414133,4103.964927989055,3419.397877909493,3995.7953478894847,3940.671002141236,3109.536252020787,4135.441445510193,4640.940585553981,4525.4606291763375,4333.87797757453,3602.233048077481,2443.48469478132,4527.420613430389,960.6527811824637,2271.1164763941406,3858.3447879735095,1154.2441655569528,3788.2932617949446,3868.85761762799,814.5286059529351,4244.597624208663,2475.4024807430965,2992.1139201930823,4496.351019026561,759.8435684546076,5511.9140142610095,4029.503352209787,3680.2756965360445,1994.8821117394377,2707.4663336990034,3337.131262799805,3958.862332430297,3330.079971531591,2226.079387869499,3945.1333118587354,3531.719378148264,3272.5831348706147,3048.5273329104834,2677.9226773812647,4686.950524763717,1919.6529107678723,2393.0310578559993,1467.9636624662903,3599.3298255814793,3760.8735500169687,1630.3628140371386,3590.8296093625904,2426.6741533329914,768.2544585113391,1074.5694258229403,2111.548660787342,197.98640753361178,2427.0786472431605,2612.877001637563,1805.4158745381617,3557.7582686011647,2459.2912954876065,2082.065256268434,2517.8103880887943,3152.5213057796864,4295.4948759923755,4314.104612645732,705.3735641215958,3766.791710227812,3873.61039879216,3863.1337337866607],
        [2229.971190586236,4694.682610061689,2021.0934554764945,3964.0081019479953,5274.707808193233,2005.8557551188726,4640.332182182924,6093.104311540714,0.0,3681.655548968006,3661.9960602942633,4875.876329320681,4007.5969093877043,204.83634043257155,3716.239661458363,1584.8718351408918,2117.9679082320836,2807.3361008654574,3207.981638962407,3335.1630390160162,3596.189172539056,1972.7226803802428,1507.995744870677,2271.0521839876733,3722.865932220527,3268.6338742802454,3726.586538050109,3430.505355802866,5220.125481272781,4974.990868517955,2245.8575689768318,5040.440088766485,3598.320668474909,3768.4549861356445,6188.945605548525,3997.861058109436,4640.496628528952,3163.717678508416,2411.466928065502,6379.540772798576,1152.7517731930366,3606.4281070612674,4214.64247783553,4179.88550276041,3907.2914387444507,4382.463569760713,3084.6449408468006,3066.6996322825316,4600.044396561175,2760.680707457217,3808.3065820982392,3166.091346843298,4545.570697316255,3654.134086249457,1873.8340240402306,4438.950591987351,4981.876426569414,5342.93199849183,2600.0314338098715,4278.7087137139715,4926.08626600125,3893.248610357148,4005.595807541344,5375.448626093875,5239.3707601220285,4267.9903750954145,5992.252928226395,4701.559652117908,3987.2552330760586,4317.941718201799,2933.306879009613,4116.731361693566,4372.395004056815,4205.930683724217,2995.7972007468347,3393.594648032278,4936.057257729431,5392.316180243425,2509.2567198537995,2788.8737111676746,2229.971190586236],
        [1560.2207086640212,1641.2327919754161,2321.1319049730937,1436.5720874835513,2549.838502897572,1800.0717351588357,2480.9522971402953,2591.0549962799714,3681.655548968006,0.0,2173.3761839528834,2263.2183109229277,2488.0449262402312,3509.416935852948,3428.8680025591893,2198.0260257768578,1581.3761649444914,879.2442215819128,2831.333011776026,1549.9622613701033,724.6246678791287,1729.5008323403656,2175.3942713617935,1936.6731469831427,2121.5307044032675,1134.86305321206,272.91709276857756,2194.748320049058,1639.5226162928423,1464.155642335065,1477.5698372189768,1446.1879743861891,2899.9461493533977,1688.5380146629748,2528.6059803060616,2166.138176698285,1209.8737730248565,558.8931750897437,2855.890573300791,2731.005403010979,2952.9035524581495,1767.6179353348764,3240.763587336865,607.1155436750995,1997.2843471670542,1604.8458444585626,1472.6308826754478,1843.856324991138,1028.718354285101,1371.7863434668936,2805.2635436042087,689.8340691828583,1510.1335743217714,129.18518492236737,2755.5225655071636,759.0860712984922,2800.4165451301287,2492.4514173231755,1681.0890945105612,1892.6474869006872,2129.6252807917444,2927.5093663723155,1749.7427551645583,1824.4447577987376,1601.7036272298092,587.2226948258926,2547.030763134858,2567.403491519053,534.9190174419699,836.4739925948277,971.3721656693524,565.4666795245197,699.2668736132114,2131.3484252434814,716.9197541721487,3254.8967756407174,2730.0966560708043,1958.5906398468474,1902.5960171980862,2360.6031961110075,1560.2207086640212],
        [2648.2191017689233,3797.614367080648,3491.9887411273053,3571.0850005074053,4715.13533774299,1917.4128339219117,992.0944978096977,4414.547360815871,3661.9960602942633,2173.3761839528834,0.0,1356.0068818183972,4510.471201903032,3457.3715659090303,5201.4319403950585,2911.8915811812276,2099.2121769971013,2000.7659978715192,4535.875857937493,666.3182631540873,1453.3817203965298,2499.5087586148047,2519.995996968133,1446.5457040615318,95.14457092183243,1090.2963621116144,2442.3660827508374,245.0510146411544,3489.474441779512,2280.3224898155963,2472.3724867084807,3310.981326199999,4732.782830741343,545.7067965817265,4021.3487181227642,361.2796162553174,1985.187197066084,2269.1182512537694,4215.152866642169,4245.696287303044,2529.8974460357545,408.25797479992843,5200.001290406334,2694.1533439243467,4058.8740992878506,1197.991098987382,881.9869269324863,3621.2391342197634,2194.4685443685958,1266.204598074107,4721.7414869848335,1650.4715194922198,1495.886779988049,2044.6002905661173,3845.9062725799145,2556.8610672632076,4961.400189221885,4644.94134191478,3194.1088068632075,840.5727601715763,4298.0701447079355,4849.143375594873,3862.7348531530474,3686.673563211244,3341.188176719696,2387.374360603512,4436.688773098742,4715.998581979195,1868.2608088373047,2939.536954763903,1526.4268513613322,2003.8276992609174,2373.2828803164134,4244.468769386474,2258.7974084687617,4950.066950957279,1278.1755626396932,3925.6070226851243,3369.6336186381222,3957.470181927419,2648.2191017689233],
        [3396.4521317391077,3596.4446433666544,4271.7377953632995,3654.950422037282,4490.864042255132,2947.64263692524,544.2828409357566,3727.5440899221653,4875.876329320681,2263.2183109229277,1356.0068818183972,0.0,4744.3035683242515,4672.085826817121,5674.1829675087265,3845.171704141534,3004.6812082953124,2599.5608959082138,5051.829604911905,1543.5499385895955,1677.256746145575,3366.097061679944,3553.3008927252204,2604.883938810567,1266.97824233845,1717.5416441711102,2512.852536296543,1596.2474259323092,2939.7983383339883,1461.7457761440326,3238.549012272335,2805.528337696621,5153.227072030788,1107.4305780735835,3145.5188236782965,999.778898259607,1343.5543085363834,2645.461141463891,4932.014247617208,3358.8952664455064,3790.0940392423317,1276.429512940045,5502.694965467035,2532.787514816942,4247.694622707441,664.5756226258915,1804.1434966799707,4067.6539939696463,1649.2809517155524,2174.408490222964,5067.88771303977,2126.9304988394615,795.1713757101826,2153.629981699898,4680.015127733834,2212.9092349406906,4921.585101197053,4372.160711442314,3783.6347925893447,597.195884046971,4114.824820067604,5190.514557511507,3977.9727829132703,3116.447673729157,2733.4628887533486,2122.640031002136,3805.248643483762,4727.589454181709,1748.05747073608,2743.0918138096995,2191.418483817109,1794.3973517601676,2036.109076311464,4350.094553546949,2721.2097471909105,5478.332322153417,586.76076497211,3421.501413819413,3994.2568738330015,4531.423145868556,3396.4521317391077],
        [2229.212954116444,1627.7770961290564,1991.6061920724735,1124.644511823455,1559.3630814422886,3168.962147877991,4962.470472703478,3046.4338520451406,4007.5969093877043,2488.0449262402312,4510.471201903032,4744.3035683242515,0.0,3940.030751241745,1227.0162827852346,2602.9324998591674,2826.6690171971977,2546.1480960725307,1033.0937376570773,3844.4741060046463,3163.7167928891804,2552.2786596526403,3002.909742947442,3637.980857947942,4481.33209473977,3422.1801470789787,2231.7457119620894,4458.060869180028,2663.064248835973,3666.152941851397,2365.2947209048893,2605.5452204152616,749.0625397838667,4103.9249370061925,3606.82567746428,4585.485047187893,3544.2072639254066,2242.761238470788,1752.8158904809575,3688.604425297201,3990.8264661471517,4133.002330990448,774.630893345815,2289.3392268943094,501.8346850382147,4091.0848626804113,3660.689240079757,1046.0123039820223,3264.9347712484177,3353.5795889070328,485.41234476463194,2861.621286189701,3969.653496620369,2605.8023808878283,2178.4260992232466,2691.669798415038,1018.1452214515995,1710.8790703766183,1597.7116218183703,4373.163151203356,1422.487598870296,556.6194819063489,808.5157854773171,2677.6392332722653,2851.29221805072,2700.2210094175184,2865.808119342851,775.103311237687,2996.5860382863216,2151.052102228588,3002.5851739335603,2964.371701833581,2819.080554461324,540.3974310593392,2257.149015694462,1258.9649273366567,5217.35725459732,2453.644690977769,1577.3326086910117,1226.8632639841767,2229.212954116444],
        [2085.7591901933592,4565.050557250476,1948.433786287256,3844.6380371256105,5169.102623041674,1812.1566648840383,4435.497776542604,5945.895488970597,204.83634043257155,3509.416935852948,3457.3715659090303,4672.085826817121,3940.030751241745,0.0,3711.5862613922895,1454.5948870047696,1937.7877774916694,2632.3947377332283,3178.176810922287,3131.952331038947,3405.142379401641,1814.628134411821,1334.1028828542062,2067.2021405367086,3518.094055501144,3070.626225890948,3563.03915319754,3226.1559223270515,5063.295006694357,4786.67117326948,2090.2887896729417,4881.765031627387,3564.3028006821282,3564.7007887984764,6024.065071996844,3793.0342646714244,4450.758214794283,2999.1463516028184,2394.194295506447,6216.976393018456,952.9356836547838,3402.081298780493,4183.132166817531,4018.1081433744102,3816.152224930955,4181.710187238547,2882.42141494373,2975.6368494476383,4415.945852140751,2561.9920081895084,3763.46523588339,2980.4367843678124,4347.543904468452,3478.1065400056727,1844.086455455045,4267.882085574125,4900.6774018083015,5231.384199933207,2490.983690519772,4074.9518369789885,4812.453827938841,3853.258792131177,3900.203585573245,5221.711298983816,5076.748121882403,4094.600234153634,5849.198549758487,4618.0433842237035,3803.117115988893,4162.408906856175,2743.17104278092,3934.6087890862746,4196.89019926128,4114.816680843081,2831.531354110282,3387.2352035957365,4731.264046364452,5247.370525525204,2414.7764384172397,2731.731321427732,2085.7591901933592],
        [2610.5145031787897,2848.532714850379,1958.9083067785566,2256.424745166561,2716.8775185577656,3538.2024844663883,5809.9893733986555,4267.987947757832,3716.239661458363,3428.8680025591893,5201.4319403950585,5674.1829675087265,1227.0162827852346,3711.5862613922895,0.0,2690.2115746522104,3231.187090749918,3207.891201649613,671.9947288481295,4547.5888882457075,4014.4560112275244,2862.295722514072,3167.833162481987,4067.7976717959355,5191.697407698683,4158.139772548958,3207.6379321086947,5099.195783465857,3873.5144548657286,4753.548661239519,2782.6370728840984,3802.4115216423675,541.6694696904393,4880.36974474893,4831.800466233068,5345.929364678657,4585.004461553028,3040.540188515354,1324.7334871419423,4915.579467330505,4053.251288708975,4865.796089238353,711.0200381316407,3372.925098356455,1653.5296572317463,5009.720204764504,4320.051361558314,1611.9051371752862,4330.250823234621,3953.367349432214,744.646733372771,3622.4546179037047,4938.701554446972,3528.2638597625632,1884.2464196560677,3787.9556227811513,2047.4961554893143,2886.6211420624945,2010.8963546184934,5229.670042217652,2638.6956575472695,677.2604189778315,1976.0732781496354,3898.111910067313,4051.827126821532,3761.0336831214104,4084.5035540589756,1894.8009026810769,3962.428195398722,3276.877622109234,3682.3756956054613,3963.5694308470215,3888.8518543822574,1766.2709373871323,2993.507713276621,324.98042108916945,6088.313620674486,3680.336493811687,1855.475086215738,1264.6526661435444,2610.5145031787897],
        [659.9071574489539,3111.5395973140403,731.8433605341459,2391.515473671438,3727.02240282237,1002.9596955502933,3764.2961925801656,4513.991803414133,1584.8718351408918,2198.0260257768578,2911.8915811812276,3845.171704141534,2602.9324998591674,1454.5948870047696,2690.2115746522104,0.0,842.9687476707795,1378.080589456198,2049.7899244561227,2367.880721185905,2300.2870093404185,496.0472392748168,484.5353284831527,1529.1787796332028,2937.1866453997136,2127.893475467155,2196.6106089587856,2738.392383916472,3658.888803235856,3599.633126497469,720.7354033287966,3484.546054373683,2389.152623018166,2795.7233984729223,4648.548963618567,3167.9385945569197,3289.0374026793284,1648.6011799433318,1441.1486661687961,4831.0255889790615,1401.9607357120503,2694.212331921943,2994.798637222089,2638.386548549083,2407.4574042377767,3245.949928575532,2097.530636867621,1580.080790633814,3188.5682683764135,1697.6220169622763,2526.3755341186597,1823.3886077050129,3332.34598134848,2197.222664485912,963.9940765878547,2936.3406978825587,3508.6116073936323,3782.688829259912,1056.994389786229,3273.4591221168303,3362.3483936708712,2635.7170074112205,2461.697731795813,3807.0518298676534,3694.7098047126847,2780.9014372048277,4409.578764847612,3221.9265082213465,2590.9903534996088,2756.617476297937,1671.9452021745935,2697.707018931528,2897.116818264478,2703.5296020122237,1483.6637801618133,2378.563716877761,4069.1048296278586,3811.3959149529214,1026.5111062811363,1491.8084904458267,659.9071574489539],
        [626.019551890131,2860.2671229953594,1399.190651064876,2262.423527706595,3625.8445311573073,344.00823811577595,2924.2833957749976,4103.964927989055,2117.9679082320836,1581.3761649444914,2099.2121769971013,3004.6812082953124,2826.6690171971977,1937.7877774916694,3231.187090749918,842.9687476707795,0.0,702.5623246754787,2560.154324939884,1529.1578301199306,1511.0607346684646,401.1814157973248,615.8813493704565,839.3561542461586,2116.71398095456,1289.1945925684536,1668.0087657049219,1945.1292796574578,3182.304487090101,2867.6621782018183,466.1221628607287,2994.0440440787643,2828.81051105617,1953.7259944139535,4108.4877507384845,2336.719006513887,2539.7650415143403,1111.861153299016,2131.057815298022,4308.110103365363,1413.5375451064172,1857.846407812949,3381.517300628117,2125.009752621635,2494.7088613785413,2415.5904889966137,1260.2685951531191,1796.1975153836652,2483.6360817833292,858.2549170144791,2891.6119956584093,1056.0424392480818,2520.921298780885,1542.4688671658205,1747.5556736321532,2340.095585710452,3576.4186857114064,3639.034541013811,1264.5794998297301,2430.698112435955,3220.5200480596945,3014.600895604769,2437.9011411951224,3353.78830226113,3171.8800946188035,2162.2352851346286,4030.4507795552136,3292.56631242977,1871.3406389699478,2298.662790168111,855.7024177072806,1998.914443273228,2261.17141089886,2762.458161503719,952.9458220127939,2948.331564728383,3228.6971394578786,3425.575576010785,1380.8268277689208,1966.917385894003,626.019551890131],
        [812.1550124207724,2253.388164108258,1677.4483710376296,1758.5578179677116,3081.9286204006785,947.7152963852661,2638.3888942899985,3419.397877909493,2807.3361008654574,879.2442215819128,2000.7659978715192,2599.5608959082138,2546.1480960725307,2632.3947377332283,3207.891201649613,1378.080589456198,702.5623246754787,0.0,2548.2509842174704,1340.9556965398942,954.2181779622911,886.9400508274191,1299.443457391279,1212.6295356038222,1986.0989796657152,955.1703064251072,976.1746043805342,1922.1596466118656,2487.5389574419773,2222.6940191446856,676.3265257480055,2297.6732786462194,2732.264936938538,1682.3589043829681,3405.9525807073155,2139.8419465609863,1911.1324055415212,446.7884766212621,2335.09513494524,3605.988548861235,2093.6366954256214,1658.005072744422,3207.2137993366805,1430.1610729768058,2130.963394718313,1956.6760251353942,1126.7112593137872,1620.5708255192112,1817.798326428337,809.5852891906853,2725.017432775414,476.8917375347919,1995.166156505938,846.9816687942129,2095.994946188856,1638.271700531978,3142.823461939673,3070.577342038507,1217.8087790355337,2080.2668403578323,2663.6026880577556,2852.38339353216,1995.6108966434151,2662.84154603749,2470.8533217485738,1462.4214046173452,3354.6337847896853,2871.3687638620518,1214.270267348933,1616.1623987284324,475.1576463110831,1327.288932825263,1565.0711971931642,2358.9404330361904,326.03215256465256,2968.5550915511794,2930.5092121939865,2752.163193188293,1414.462593628148,1984.146928202143,812.1550124207724],
        [1938.6920850647555,2502.035194440981,1326.0385094657663,1810.7218402547046,2587.318285182678,2869.831140300297,5165.848613590195,3995.7953478894847,3207.981638962407,2831.333011776026,4535.875857937493,5051.829604911905,1033.0937376570773,3178.176810922287,671.9947288481295,2049.7899244561227,2560.154324939884,2548.2509842174704,0.0,3885.121146281932,3381.475007903827,2194.638880080498,2520.0466438605768,3397.5731276564024,4528.0797563639735,3501.679775637139,2628.598643160336,4430.065105043662,3475.2899827251704,4208.785714332545,2110.654998821481,3378.5367372722235,394.7370180925964,4226.599097958024,4475.010117449422,4688.054297073269,4015.0453670170245,2407.686658964879,808.9741400918929,4583.686580318166,3434.403220445368,4205.763220467873,1006.6652923835364,2846.5388855805536,1288.9434032525521,4387.599042649213,3654.0070247657786,988.3293299346121,3776.5607911201587,3284.106122024904,647.3748213667122,2974.026690404265,4334.063210921752,2922.4875611043003,1335.2747455379122,3261.7831942966914,2032.5899022558644,2731.0907815669984,1342.33887817086,4589.883387683275,2408.271303761738,703.2133961807693,1586.1311667406899,3528.912019731943,3630.5155267587324,3212.9069501609843,3825.7838398617564,1806.1409153641894,3366.1424788188215,2783.714855241767,3021.330239134857,3381.1000015780505,3343.912832136083,1497.6740609355688,2348.3373336338213,426.52510596641827,5448.428640402507,3354.0510794210513,1183.4807567360954,593.2370379080896,1938.6920850647555],
        [2028.7422483466999,3189.6394748687253,2891.8338039482624,2918.39723798949,4099.743682614815,1418.8604227712394,1396.5635702251952,3940.671002141236,3335.1630390160162,1549.9622613701033,666.3182631540873,1543.5499385895955,3844.4741060046463,3131.952331038947,4547.5888882457075,2367.880721185905,1529.1578301199306,1340.9556965398942,3885.121146281932,0.0,857.6980887862966,1919.1843209695962,2030.6419739512553,1066.997408577517,645.3319379455936,429.62702123532966,1811.8974949078106,645.4970509970067,2990.6494214915197,1981.6633950142873,1855.410662500178,2803.2671614098012,4072.6378846372645,440.3438057771053,3641.5805169446558,818.2817455204173,1646.5230886528536,1604.1493762382306,3602.056463577965,3864.8081919515885,2271.9635675627796,331.5809474409774,4534.430653815214,2107.2908304860966,3395.093111543683,1083.9823133806863,271.17792322336066,2959.651286389023,1782.0037489464405,670.9287219383197,4057.11546819272,986.4362400970467,1312.742179347874,1423.738655141327,3267.5009412169466,2032.991750951918,4313.918103473785,4040.606461378053,2546.300391848801,947.1731012433025,3679.1141045096706,4184.497574356125,3204.815440585684,3188.5195429826717,2869.829722161549,1849.1164682796978,3941.1788842258743,4063.7498700638416,1332.0908749796254,2352.094547443011,865.8090099408855,1482.7968389864336,1860.9053663326617,3585.4655007008905,1592.6789713363576,4302.544852763143,1701.5784160922287,3397.7995179560303,2729.3503042743355,3312.41677621131,2028.7422483466999],
        [1766.322565524767,2345.757692047648,2628.2875895832335,2150.820350468234,3262.069717614894,1594.7902026555776,1806.4952746761883,3109.536252020787,3596.189172539056,724.6246678791287,1453.3817203965298,1677.256746145575,3163.7167928891804,3405.142379401641,4014.4560112275244,2300.2870093404185,1511.0607346684646,954.2181779622911,3381.475007903827,857.6980887862966,0.0,1804.4377254896747,2121.602204095091,1525.1269493188677,1398.5842189420275,493.7742552670034,996.7787080879049,1492.437904342523,2152.1949354159615,1387.91448246947,1625.0286001315435,1961.672104843614,3503.408897439979,964.8500799991443,2880.3582370459944,1444.5115900407156,1047.2889322050037,974.47686972156,3264.1917582218066,3099.3085684175253,2690.115152343229,1045.9443354696689,3896.888439787713,1251.5959301260764,2685.2713693306982,1018.6376205634987,849.78975438072,2403.0097892043827,1062.2061180126022,919.8369219446906,3441.32237701725,480.85231037119064,1041.323138875013,595.4575968781045,3049.59519290362,1190.8475701976733,3524.323260441897,3194.7989420362337,2107.4331969895647,1219.597158001873,2844.690496759073,3566.740683815411,2456.9462223327623,2349.0634800875696,2049.1143876856254,1001.6790926455562,3099.394246014017,3288.4288610762374,502.6728094256764,1496.9599981691522,663.5768733019369,659.4446430416571,1029.9779431764682,2840.088216497266,1043.979366356657,3807.8710186918875,2076.226258008881,2545.5890707346107,2319.8121124182544,2854.45289905985,1766.322565524767],
        [333.39742342907374,2797.8938230251315,998.7441813020331,2130.8862475237797,3495.040264214319,676.1724953629426,3310.1581734029,4135.441445510193,1972.7226803802428,1729.5008323403656,2499.5087586148047,3366.097061679944,2552.2786596526403,1814.628134411821,2862.295722514072,496.0472392748168,401.1814157973248,886.9400508274191,2194.638880080498,1919.1843209695962,1804.4377254896747,0.0,520.1649861345742,1210.7956378588049,2515.5939249366047,1649.4612551936207,1755.2829153426578,2346.2313944161097,3248.8907835614027,3109.5946199310624,277.27323079187033,3068.1471913697983,2483.9417378262488,2336.5583074630385,4217.531573938924,2731.3708024864263,2795.9404682046484,1194.6101799824694,1732.1809737038134,4406.997040894278,1497.3386673306366,2249.5969844581928,3056.1829573093455,2207.3591861195637,2269.4163312148958,2757.718489125576,1652.7032971512533,1506.9711219098795,2703.122243541336,1250.1990369032299,2569.4991438432417,1327.3499784241021,2837.9403566766528,1718.9305498322663,1349.8095635580737,2479.2631315924405,3370.02447888482,3528.56398927213,956.6626525791772,2802.3367935761257,3106.1814609285125,2689.2172209415235,2259.7189901566544,3407.2373094410223,3266.9498479076333,2316.09769070876,4044.2489330326903,3082.8493799416897,2101.209327529735,2347.7808138048968,1182.1915147906193,2212.1881346294394,2427.9352965525263,2552.479842575878,1026.780500032621,2571.63408816246,3613.6045605558807,3440.3487645206524,1033.0203990318757,1603.3504564670827,333.39742342907374],
        [841.9247320316047,3317.7114083144784,1213.0617789171315,2647.9963370032533,4009.9183586165627,612.5807984399555,3419.0457631017025,4640.940585553981,1507.995744870677,2175.3942713617935,2519.995996968133,3553.3008927252204,3002.909742947442,1334.1028828542062,3167.833162481987,484.5353284831527,615.8813493704565,1299.443457391279,2520.0466438605768,2030.6419739512553,2121.602204095091,520.1649861345742,0.0,1093.126236667087,2554.9435747471457,1858.621621446187,2233.724487568816,2329.4320284077266,3741.243160575404,3483.4838180745282,793.147762817368,3557.1238218249027,2847.5289673608395,2469.136999241135,4692.025023658605,2801.5977800608466,3154.869688825868,1669.6038283236494,1925.3802602646144,4886.7783935603475,995.9130059634463,2344.975115265041,3444.5096510886124,2690.329049671886,2756.0738963817407,2992.0721890785853,1760.6010378306053,1960.3551166444677,3098.4878067426457,1378.89345312589,2967.7584143424447,1671.710371138459,3116.555903700198,2146.1460376077825,1435.021426871812,2933.779681146634,3860.445474316298,4046.4954856177646,1411.8576323118505,2965.8567503436216,3624.020270714186,3081.396263277213,2765.9945904324363,3904.759707830537,3747.0211951887904,2760.9560750343817,4554.330010837757,3572.7571532081006,2486.5823528662295,2844.3859284775185,1460.5961271233282,2612.456518601455,2864.5081341619352,3044.8607339118603,1502.8124094385125,2858.7396236835334,3724.148384000854,3949.5472373003113,1435.2661414917723,1949.2954819185213,841.9247320316047],
        [1465.2480210725828,3458.6282480595532,2192.808223094337,2961.665375429204,4294.450375900287,539.5470410284458,2390.482607896333,4525.4606291763375,2271.0521839876733,1936.6731469831427,1446.5457040615318,2604.883938810567,3637.980857947942,2067.2021405367086,4067.7976717959355,1529.1787796332028,839.3561542461586,1212.6295356038222,3397.5731276564024,1066.997408577517,1525.1269493188677,1210.7956378588049,1093.126236667087,0.0,1491.7861235102616,1085.4007064909945,2118.9785349412136,1242.8408362908501,3568.9185695023266,2887.4431753492827,1301.4358887711082,3374.7692944258706,3667.890394758077,1497.5183534706093,4385.2672857578655,1754.4813771929234,2541.715414771609,1652.010468783167,2928.720812163087,4600.168959125621,1215.2396877711758,1337.5259855113682,4216.048589264212,2541.35742772085,3274.5834195952043,2135.605625987214,829.3852389467543,2622.33168295104,2587.1779685271276,606.0786364789519,3725.771816382343,1253.3876885636985,2331.1342734723034,1847.8000873217609,2490.9645054419507,2634.479910956176,4327.733121470526,4282.273872330046,2100.4713264834577,2007.7611787676738,3876.213755188217,3849.605133148144,3178.473139175336,3757.5568672064123,3506.424529911499,2441.140206442646,4483.6350779709555,4049.772393773332,2008.326223084432,2758.251303136969,967.8334976463104,2161.821091227168,2504.549381123933,3526.11355818448,1537.528523884466,3781.045803269007,2692.046816126793,3892.5414939155953,2220.0118169784355,2804.463360740294,1465.2480210725828],
        [2653.262405386303,3738.7631322968828,3504.024878524404,3528.539310378229,4657.550406613487,1948.4087900746201,921.276827023928,4333.87797757453,3722.865932220527,2121.5307044032675,95.14457092183243,1266.97824233845,4481.33209473977,3518.094055501144,5191.697407698683,2937.1866453997136,2116.71398095456,1986.0989796657152,4528.0797563639735,645.3319379455936,1398.5842189420275,2515.5939249366047,2554.9435747471457,1491.7861235102616,0.0,1059.2318579910425,2391.978422695059,329.42995918024474,3412.436766669811,2189.8375537664283,2478.009790755538,3235.259833194441,4717.9620508718845,467.8635499840436,3933.2805429336545,281.00568997353275,1897.6237738648076,2238.6266669999754,4223.590795967749,4157.553145992159,2596.0663369731533,354.9704389378022,5177.429550048887,2632.1107269183476,4025.224537090893,1104.2345185868528,879.7209843745318,3604.9583217739596,2111.4941501681724,1273.1789546976142,4701.281332276371,1619.7109895569008,1402.9485375441113,1992.4559272105566,3864.267996645436,2484.6732074663487,4915.270164923338,4584.510537883197,3187.7077305326893,745.6509782787698,4241.771017275039,4828.636188145528,3823.4124083738593,3609.326489374826,3261.300860840909,2317.697744144855,4358.361432263513,4672.523625223673,1800.3250160300133,2877.131545967555,1510.946591744974,1933.1095782863094,2300.0743985569993,4205.792864266059,2235.1073449791643,4944.228459810029,1213.331218373692,3851.805571032333,3367.075726346604,3952.7753641700156,2653.262405386303],
        [1704.1112339688625,2775.946838817085,2579.754952520916,2488.8375694167958,3681.2008118032218,1273.1852489294008,1691.9762304710725,3602.233048077481,3268.6338742802454,1134.86305321206,1090.2963621116144,1717.5416441711102,3422.1801470789787,3070.626225890948,4158.139772548958,2127.893475467155,1289.1945925684536,955.1703064251072,3501.679775637139,429.62702123532966,493.7742552670034,1649.4612551936207,1858.621621446187,1085.4007064909945,1059.2318579910425,0.0,1390.995317704494,1071.5549708416283,2643.8837073827904,1804.0679914952261,1538.2129295452833,2452.5985008894036,3672.8369516954917,727.5532334785617,3366.4748038210973,1188.052749192855,1458.3934162830612,1179.6435007323905,3269.041713047445,3586.628668322543,2287.8528678607745,714.4810646941767,4120.58024369662,1711.0916942640984,2968.579820928249,1133.451120227795,356.6898981197566,2558.6368611427683,1527.1636814497879,509.7817658336757,3646.818774993263,560.6680795655362,1276.95912137314,1011.7065470676497,2976.175063342605,1682.7802861738544,3884.8373759534315,3627.1249111699626,2172.7308155141577,1156.1568672132469,3259.5056502306093,3774.0510352104334,2775.465939920618,2840.3038005298936,2542.887627449298,1492.1275856180316,3589.301121949116,3634.1693981942626,995.82449869214,1953.4737059921724,493.88015043623966,1152.3727493197364,1523.7192964655246,3156.3686466381755,1179.416689073083,3923.0124942049733,1989.2047793759743,3029.2099955953395,2366.2984674009745,2939.279122103046,1704.1112339688625],
