{
    "drone_dist": [
        [0.0,5002.17716634251,2152.6414248402257,4861.029334746917,4638.977318778603,4733.165207367915,3651.7092847520275,3961.726673425824,3837.2201826357696,4015.2821208916184,2349.8428414414116,3326.419137673296,1451.5061547987934,4479.095165349065,3237.6552535273167,6150.062242793607,3870.425516149025,4925.867800428746,4419.172770318422,3114.386821587042,1591.0446104744988,6302.272946555456,3365.548255514932,4906.8801198481615,3399.012344655164,857.1928956412017,413.823232194311,558.3998123929232,4414.977167117412,4539.01893146,3800.3427482828874,2872.0814234205673,4413.522790061099,5328.755899032647,3421.0770959333927,2620.0415646360575,4287.458087752815,3049.176385317787,4229.267327237636,1872.9816473835506,4269.014583948807,5735.72269035651,4597.72207018631,5583.848164678489,5480.7758315937,4943.372173466164,3412.243520098895,5059.6293831338035,4810.07088311388,4560.4134048255355,3713.173971944161,4632.120230091306,3878.099886992309,3543.659112167429,2737.2679433879557,5614.14246824197,2361.111518858997,1142.7254216871254,4023.7803084262446,5988.036551478222,1803.3773281550057,1881.3142953920744,5547.504079575457,5706.693958904739,4703.207350949816,4614.187644258799,4432.075871571537,3443.675163636142,1276.5927114879541,4629.117801694525,5829.086977908043,2152.0872708848783,1752.9385532807214,2692.8260010912904,4894.099841432808,5361.928595710194,6111.9923957242,2927.3829888297123,5318.200638040571,4318.772763700921,0.0],
        [5002.17716634251,0.0,2909.172155664648,2531.308736826128,2254.7846443569265,4382.308600443891,2450.259736376411,3465.987574710523,1739.5538253840662,1011.8817240531761,2868.408166262541,2517.3390106015827,3589.6120777031097,891.812781228796,2903.472711844451,1658.80312860655,2605.842763741743,2376.8455210265,607.849227892416,2752.0301671952525,4148.191904240009,2042.0374814829875,2518.140336130732,1650.245004400236,3070.5264624243073,4231.186203422818,4589.399438819846,4521.37818954945,1439.8112028461978,939.5540534340995,1339.2730153287264,3956.3389190776134,1282.7087474412258,1565.6728439956632,2601.1242474284227,2382.362852380587,718.8488993571416,3477.81508960011,916.5164476112133,3158.974642362871,2411.209800631841,1316.4273316274396,4312.813733640243,641.5492243169562,610.6193262916292,4353.779980574905,1986.6325546743426,3960.4756808652314,1433.6328487397686,2986.016314460786,4261.816704274005,2760.723414892372,2467.1587956553276,1534.0194978434135,2694.967092875972,2554.118713806916,2758.6141765128377,4041.4165278605906,1013.1677045039837,2067.2689939531942,3219.6431973069857,3260.1182196042,1167.8408657589698,1277.880594092528,4598.4527456554,1594.8203073392829,4290.697213747717,1786.2085517606502,3786.5970098861976,1992.4852078645922,940.3893862867307,3826.376171856365,3410.031596316354,2467.211248547303,2246.541979393758,1640.7272777071555,1965.9973152912237,2075.3008530865777,425.24455106201634,4366.950701402864,5002.17716634251],
        [2152.6414248402257,2909.172155664648,0.0,3495.4771502099406,3192.841777495298,4242.265952201001,1723.119967431674,3204.0161571420167,2159.8670817081415,1979.7819027591431,1127.5317249265984,1399.6152578542717,701.7925330620952,2327.8629502942686,2238.763398878669,4244.969191496285,2659.616215351561,2943.8119585162826,2308.5291254821745,2001.830151902138,1926.1537323889308,4476.875574638514,2102.8958717374308,2799.9912516153695,2501.718983703655,1518.7005100646634,1754.288242975032,1755.3407830286737,2662.6430690645366,2623.651408264514,1875.445719343945,2675.6959138614034,2603.529886274707,3555.7540540193486,1543.926526238094,645.7858157098245,2190.835040885176,2473.7562704904426,2247.625480893986,289.5316305546969,2929.2730267683332,3824.915738468194,4113.4635208146065,3522.2807841513395,3437.649804257474,4374.140092759676,1294.6759077143488,4271.157850591313,3050.008681934319,3443.4367437128203,3470.18123958025,3401.2361417222883,1962.6306716383706,1402.8588432846227,788.6208276207077,4114.28694919938,943.7679836677322,1460.1583403766458,1996.8490226694987,4245.102935860124,685.799652609382,1008.230952485767,3631.3103269563144,3791.0582285002306,4329.816730463286,2917.577857726564,3986.709179525462,1666.483337894504,888.6232259561943,3079.736784954212,3790.946616050616,2022.2312385083537,1093.3630365553631,558.1343661614729,3411.656673869467,3606.4950324418505,4309.306423037634,910.4726315958447,3262.6321522913913,3947.8389216971664,2152.6414248402257],
        [4861.029334746917,2531.308736826128,3495.4771502099406,0.0,332.59235320915474,1975.8941257224158,4221.803063831222,1391.5564352730655,1402.409530663196,2218.2740095624836,2598.8774329759517,4094.097502765288,3882.6072712611235,3096.508379774887,1642.3619981653706,2089.8579014540333,995.0547592727119,4699.261298230074,2577.190154292279,1746.767540078493,3406.457107650312,1946.524465755599,1507.8013658213388,4038.4430182894357,1551.6790541388114,4009.5669256382907,4492.05457823448,4302.6906534786,1185.5006510920261,1651.411068604405,1948.7056647540917,2465.458338057378,1347.0414850241507,1214.3497864987696,4243.783190724173,2872.9669863472113,2480.323773741113,2026.4625739542344,1956.0772520640005,3570.7724150699223,596.4706199245118,1868.0631929674157,1942.6932348775845,2517.5166666324126,2365.0869658945776,1891.024439978245,3513.2522715536384,1450.3929079588388,1099.673267430661,599.7794968551857,2262.952094992493,357.8459471408177,4360.021350574223,2893.9974548058035,3861.0470252089854,790.5335750825176,2679.8983487643286,3718.4009551109048,2182.057964591721,1503.6832420050218,3272.491090708747,3046.2785246052476,1800.709715562391,1872.0311708147835,2218.912850486383,954.1922017939495,1976.7376152136837,1892.3378270389776,4061.736365384205,565.2501888820237,2494.6975262740766,2856.3061702837476,3146.031229404879,3438.5149368373486,298.44997480942055,1172.282147733425,1745.3844340287135,2703.695309437979,2378.219283153414,2100.7583888354866,4861.029334746917],
        [4638.977318778603,2254.7846443569265,3192.841777495298,332.59235320915474,0.0,2166.6998008327632,3889.2115146924243,1429.5334715582846,1075.8068936858656,1889.6516621593107,2339.413020663675,3762.429818896912,3606.40340229467,2781.009244051678,1470.3298486473445,2013.7295940360834,829.7453868546257,4379.4379589551945,2263.1574293025824,1534.9212555913175,3230.8651720081834,1939.5872321935922,1273.558026522138,3726.6538599563514,1430.9747373825164,3783.25384031474,4260.532264875222,4081.041253958586,867.7381954290138,1349.7691002015415,1616.1138944373624,2390.0191989296536,1031.9756149531927,1084.3864062754144,3911.737462989805,2563.498318329697,2161.039659612625,1922.5440776006697,1633.9601094627446,3280.483260701664,403.46427211887675,1736.4662534950437,2115.8218946762495,2299.8761101273394,2144.6461567476495,2112.017872969789,3180.897372247425,1705.6924251111773,845.5215128102227,750.4298612765969,2308.886432460337,510.2602697120856,4027.839388569522,2561.4126608105234,3536.9802222716344,975.6680433220354,2405.163549649007,3497.5103984166017,1853.527096758633,1519.1513857611924,3003.7750303017974,2796.641735403052,1639.3834706503,1733.8517991703586,2399.219510364632,660.4765942408945,2125.7671828529524,1570.364951774585,3789.793968988139,262.31382461117806,2310.635041180383,2698.498560438751,2904.5643281034395,3117.0938852435456,258.44763899989,1060.8659308861631,1732.8629218760645,2383.9279480810105,2137.8508329581555,2232.6716959478094,4638.977318778603],
        [4733.165207367915,4382.308600443891,4242.265952201001,1975.8941257224158,2166.6998008327632,0.0,5512.457155853318,1069.999619065519,2813.061716075097,3792.0404908653877,3118.1364437720667,5293.7275297633205,4315.8593072071035,4761.3878395633965,2026.7525909196504,4037.880400715172,1878.3743775748649,6281.689370966819,4271.585145267733,2274.9497139374894,3147.8310977158853,3829.0967032400436,2281.326793102672,5706.10014908069,1757.0958577629028,4011.469684483773,4475.58520906269,4231.470333758108,2943.8096890718457,3446.4120566959277,3419.9359288074556,1862.7853983653124,3104.493423070805,3190.188377714463,5457.582416357554,3782.3244627817753,4140.300752088422,1813.967543070006,3623.3799936248924,4178.254675530863,1973.3666493762466,3842.5849776379837,136.73064102685984,4466.44235985545,4311.315719013694,245.43755161504242,4795.4481280396385,685.67637672487,3010.4850830453765,1416.2844069492542,1040.5902498000823,1661.4170969007641,5702.583751583995,4258.222080415064,4868.98816291509,2510.202243399023,3298.8727193477903,3722.290157500652,3760.192263883744,3381.821826470342,3726.969414358308,3389.3173784223145,3775.625719992947,3847.410951980436,252.32722749640476,2804.536300780096,301.87833727794555,3128.8608734876916,4434.573903552697,2421.337917239428,4465.138414913811,2615.752605555697,3406.662308989716,4438.104185184977,2269.6826608830693,3146.64278057161,3643.499816681463,3767.2264046875457,4301.107691223262,439.88390001015733,4733.165207367915],
        [3651.7092847520275,2450.259736376411,1723.119967431674,4221.803063831222,3889.2115146924243,5512.457155853318,0.0,4443.046398980655,2848.907574656867,2049.0981594337327,2633.7562440422544,331.524745353642,2296.656806410763,1566.1759414133799,3513.2935067485582,4097.077684428158,3687.056267852849,1274.1588616580261,1937.1636862526645,3266.2432969504816,3644.1341019922775,4453.284856044264,3231.152775518521,1404.3915086849913,3779.1352671973,3187.5221897982838,3306.2724681958575,3376.4499490457692,3088.321005688945,2764.8080247243047,2273.097696705075,4229.707961935955,2951.750733040518,3752.7647372713027,242.90837020441006,1826.2608521360949,1936.2653215639396,3917.934158300586,2357.7014135715713,1988.4812656596187,3785.8049765941923,3722.718020241538,5398.46378434054,3068.5932298156663,3060.07152611765,5590.29186265718,723.5576213109349,5363.662644487707,3367.8416973094913,4401.319605053416,4924.062007157746,4270.058782941544,239.66695577233673,1328.1343394934179,953.7570650843556,4602.412625008699,2427.6147908003913,3171.9618102054296,2084.6882700335923,4387.177836657052,2398.62685871843,2686.7566253251784,3548.337981144484,3683.7739174307685,5652.189984039572,3362.049979182152,5302.861872596796,2419.9337375378077,2419.6103527955033,3681.5662741634665,3373.451074163966,3673.468763733766,2794.3573236415887,1229.2461424499595,4027.6330861542992,3823.2069017940157,4345.3631116577835,1758.1919473233181,2875.5020036921546,5303.21999491547,3651.7092847520275],
        [3961.726673425824,3465.987574710523,3204.0161571420167,1391.5564352730655,1429.5334715582846,1069.999619065519,4443.046398980655,0.0,1800.852415744289,2777.0287717943247,2092.671738447691,4223.906872335978,3343.200433433403,3752.0658032228534,968.4110679352642,3440.599318192608,868.0770320935472,5238.005451263896,3281.159307251984,1213.5313227130187,2384.559053252747,3333.1537556632284,1212.4357450190341,4686.548024643253,702.3743459144036,3169.2819405283362,3652.8809196847737,3424.5269710733824,2040.1853212255767,2529.0410605936763,2392.223645306329,1200.9769157022172,2188.0318615011674,2513.5877015450205,4387.701568015154,2719.5261589612464,3141.2511674593866,912.8117827514282,2642.2140745928255,3163.2529020687016,1103.971644803399,3162.874024828683,955.9754681463518,3648.70683089491,3492.7045048470636,1173.0534828889563,3727.0795294165828,1118.859735281705,2203.741554968017,821.0715688094273,880.1598290046469,1035.8815550552713,4634.634540518187,3198.4800132638475,3806.707663703363,2137.7639002689884,2261.6225865028273,2870.0563270742305,2747.2100287017142,2893.5860696045424,2734.62239761138,2414.0534027245394,3055.338433204535,3158.495850286563,1218.746335682695,1967.0452344083621,874.6197607616015,2072.6262824639416,3480.549300343142,1638.7559029753525,3701.4091716023904,1813.0975687880202,2455.182958274444,3373.9403672096755,1624.9509519168912,2490.0485873318594,3129.6836315642636,2697.442222839916,3450.383479945899,915.2095699730995,3961.726673425824],
        [3837.2201826357696,1739.5538253840662,2159.8670817081415,1402.409530663196,1075.8068936858656,2813.061716075097,2848.907574656867,1800.852415744289,0.0,979.7964514160826,1489.119429038455,2701.226418357375,2648.1402965075836,1953.0921727117013,1167.4021833716877,2344.9493700392773,938.7536020622525,3477.4741026099264,1482.0894865059083,1040.68403395538,2637.8171565013995,2466.092783470654,784.9273889092741,2893.825654087902,1332.8828848333853,2987.6081282526666,3435.3646378881103,3292.936309946053,581.172114139785,872.2185049707454,612.6080637930555,2228.79666013995,615.8940480387935,1491.5563329260044,2854.2659206174644,1517.6185070052588,1340.5066785161448,1743.4438642904765,854.7002254541432,2282.918745732959,939.041371179482,1946.4120734891342,2720.582239070861,2080.3018137967288,1935.8567492392895,2840.7621087401885,2130.5152439324747,2548.4204332145428,973.1164765118281,1562.598898835626,2540.3451780617825,1421.1553851601545,3004.3717210461946,1525.8786286641384,2461.4797120396756,1955.9545233808155,1488.4680331718578,2730.3385275812207,948.7230666882018,2158.354525657561,2084.6392450759017,1956.1968487748825,1770.885598374917,1922.7299228241889,2999.187486994724,785.5020529711956,2666.2147941812586,500.9426787320372,2842.1195111579127,925.3559649608299,2231.233651790429,2210.795091395333,2089.20971015145,2043.8556221347735,1267.3000668458876,1526.1057055988724,2274.78225600945,1314.352243599487,1835.9325822583276,2716.058724080482,3837.2201826357696],
        [4015.2821208916184,1011.8817240531761,1979.7819027591431,2218.2740095624836,1889.6516621593107,3792.0404908653877,2049.0981594337327,2777.0287717943247,979.7964514160826,0.0,1859.4757075562554,1983.3320188053021,2631.2582142984816,975.1540665294829,2046.440530221008,2289.0802089865674,1918.354072908572,2513.794642708686,543.7646653884867,1856.2459522891727,3142.5507580572835,2565.274548293677,1667.6062631702769,1914.1789066965212,2256.631903738146,3228.4878518175897,3601.5355211627057,3522.1200538029602,1048.727570350679,738.0894236698257,397.99659410520957,3055.9059137869062,904.7423833557012,1741.401736307046,2114.1048346046405,1401.4956451060095,387.4908496573197,2601.2667297239846,318.54564448116736,2205.450892512727,1874.6466905637733,1873.2320447160776,3700.3348417095067,1568.5789417567096,1469.3128633867861,3814.0478405656622,1387.416933429455,3499.7048024987603,1321.38168928559,2502.2004591786936,3481.6732181460325,2327.3984660654196,2161.9718466926874,773.8554382388801,1948.003587520898,2553.3628201250035,1746.7328962648457,3032.0786941150964,36.35216804354801,2411.163623871039,2220.366748892729,2248.6244265483087,1680.7207275609398,1837.2572093175074,3978.9374293631113,1317.6407994427504,3645.154498414627,826.7051709103087,2831.306957696769,1660.1876486414455,1820.8541022371976,2846.2382383451973,2398.476734695064,1622.821051082762,1998.151327884458,1807.1838495466227,2420.3628596771036,1095.6254111731864,1303.1489838948703,3691.6623812607227,4015.2821208916184],
        [2349.8428414414116,2868.408166262541,1127.5317249265984,2598.8774329759517,2339.413020663675,3118.1364437720667,2633.7562440422544,2092.671738447691,1489.119429038455,1859.4757075562554,0.0,2350.302038576946,1301.9092318424703,2615.683023808986,1142.0182897194447,3820.557757563601,1658.567502224242,3702.7541364290687,2363.9157895039825,925.383506551428,1285.5294744350374,3955.212031372594,1100.5582158646966,3361.122832325611,1394.256813324366,1498.5155229612103,1951.7984725274373,1803.8271469551023,2069.0030010303512,2241.9195414799065,1551.2466260354536,1600.2542888734633,2078.433096271787,2979.953029536763,2512.050985192045,814.3114547899935,2210.1413778202505,1349.7108552577256,1995.1272719137303,1071.4259543205048,2004.0199915473852,3412.2981382790376,2988.3321091112,3376.471371175416,3253.856293643217,3256.5668137989414,2003.5031585206855,3182.9256991182206,2462.1957648041016,2428.9094787277204,2353.7484732013054,2433.155577937135,2859.9276531495207,1720.8752791141146,1821.9493922671033,3310.797111578643,206.5465451378397,1245.2912995677932,1855.7527006708028,3638.552425894074,681.4246628955998,469.1438529877481,3228.5982564359083,3385.482291612244,3202.383558951736,2264.3735197145584,2859.7726592241097,1137.0988231614301,1470.2508329738052,2298.3681856891953,3587.5806177351346,1085.7280098480421,600.2796175223508,1425.1753295866529,2586.609070631005,3012.277979960787,3763.378520495478,990.3261577249616,3111.5950684376007,2820.446491634223,2349.8428414414116],
        [3326.419137673296,2517.3390106015827,1399.6152578542717,4094.097502765288,3762.429818896912,5293.7275297633205,331.524745353642,4223.906872335978,2701.226418357375,1983.3320188053021,2350.302038576946,0.0,1965.1376559508244,1663.366682067773,3278.9322073611943,4135.174316241225,3497.7777771800233,1601.2163610463788,1961.4553231188172,3030.2809868922154,3324.3271050943504,4471.409206009746,3017.3104601520486,1666.0906651284788,3547.253884590465,2856.125791909116,2977.382523963198,3045.3277514006722,2995.4974853354147,2717.136357144123,2155.327253287243,3950.285200990489,2869.766732114918,3717.8322800635005,164.63465973639083,1555.295595663036,1933.7438626753392,3657.613576596077,2300.2857545805127,1660.6103605698045,3628.361439426724,3746.065876106289,5176.358631130938,3151.338320837878,3126.6372684770354,5382.323762260039,596.2755548555723,5178.023624964855,3302.1567798777205,4233.141800943208,4667.133568137711,4116.748204926657,569.4179596903708,1220.866620971245,623.241559284651,4523.783414405383,2143.7646334107403,2843.1272006304393,2017.2892088031665,4372.223694481747,2079.651065924027,2376.3115227780236,3564.7651856210637,3707.4758905721797,5423.917403800944,3272.269265184259,5074.3162646593955,2245.6121285048357,2089.10347642515,3568.7948206795168,3454.6822559735956,3372.166724826567,2479.3618324591234,929.0818369822593,3917.7391266632008,3785.665684872066,4350.507923864198,1526.5038259335606,2939.6398355351666,5067.084927713621,3326.419137673296],
        [1451.5061547987934,3589.6120777031097,701.7925330620952,3882.6072712611235,3606.40340229467,4315.8593072071035,2296.656806410763,3343.200433433403,2648.1402965075836,2631.2582142984816,1301.9092318424703,1965.1376559508244,0.0,3029.597505049293,2426.588260390435,4855.176313413508,2959.6395108419974,3557.690931080157,2994.949013917818,2223.439991090229,1541.8571025981262,5057.21735047598,2399.1814313720943,3474.938377399242,2662.8807200694323,894.9880496125072,1057.5629865445467,1085.9379327428903,3195.444480612886,3227.052226217414,2473.5070579840617,2573.720423225051,3160.5864689580662,4108.558828901146,2085.286882594881,1234.8619650667215,2870.950627103502,2501.970311293827,2876.7672406218876,430.95058123856313,3292.3403932893953,4435.284367309587,4181.247347219068,4191.549665491237,4099.373579053852,4479.049756021669,1971.6968481366446,4453.446966853748,3591.81680313629,3730.5626188859155,3429.781956043686,3732.442200951356,2533.370491606686,2100.6088094698353,1346.7124134810358,4564.400846134087,1202.7694811374497,938.994719722989,2644.4939301152876,4791.771574841613,621.3419661496856,930.1481474210791,4242.7583618355575,4403.173519037208,4363.989101060379,3430.6151996870767,4036.9243136097552,2187.2452072297715,200.96501462222068,3533.711028686416,4451.672921811714,1826.9646318624777,913.2670265178343,1243.9822437408554,3844.3222641412017,4152.6583357228255,4879.814176445927,1536.6732039686663,3928.8416013876094,3970.2988662226303,1451.5061547987934],
        [4479.095165349065,891.812781228796,2327.8629502942686,3096.508379774887,2781.009244051678,4761.3878395633965,1566.1759414133799,3752.0658032228534,1953.0921727117013,975.1540665294829,2615.683023808986,1663.366682067773,3029.597505049293,0.0,3001.0860296569626,2549.8752923107477,2891.7753132201074,1608.7653922991717,519.9625538365783,2796.286947959596,3884.041856781896,2925.9412004557726,2629.2401451540477,950.685990534426,3221.873809912364,3783.6266232758967,4076.330255885233,4051.3720621712114,1913.3550354486697,1458.0303028467347,1366.2470297460377,3976.3739157518876,1749.9749843811887,2341.591428470998,1731.2437772246155,1939.7837416735583,626.1357810204127,3540.944937576324,1155.2730717493712,2606.317262980365,2821.4527581380603,2195.883867423809,4671.983840261032,1502.4278195891443,1497.640009434379,4775.6890332690555,1192.8207328177448,4442.267739525338,2067.936925092905,3443.183726063616,4448.057432160568,3251.2859866375775,1575.3896313468813,948.7677634695298,1939.9992656399445,3285.8839657955823,2456.5961283460542,3644.0446253461228,1004.8973615583968,2914.716175733933,2786.5266424530273,2917.1342896945366,2034.4752529506122,2156.958214247505,4951.66343991715,2148.448317429143,4619.290515144992,1756.919929271346,3214.4735829723313,2531.46059706837,1807.2840077152423,3675.6833635974476,3063.407409608642,1810.1498091413316,2843.4769360154482,2416.268399346515,2837.7662518530738,1662.1682237459554,1315.3559517816566,4666.792560040473,4479.095165349065],
        [3237.6552535273167,2903.472711844451,2238.763398878669,1642.3619981653706,1470.3298486473445,2026.7525909196504,3513.2935067485582,968.4110679352642,1167.4021833716877,2046.440530221008,1142.0182897194447,3278.9322073611943,2426.588260390435,3001.0860296569626,0.0,3332.023631991073,649.2833173993707,4390.332779269839,2585.254013545116,249.01774497669797,1765.9924273727775,3348.299743681392,385.8625108507714,3897.3598976239987,269.7924806977247,2396.7827904793253,2884.261382902936,2681.2386289137407,1632.9814401479985,2030.1903571124817,1648.6408884197206,1065.364853515619,1731.817408408082,2397.7639512616183,3443.4003436641215,1755.5974578830094,2432.172123322112,576.1926342300089,2000.5209213158594,2212.0646663157017,1072.0932818100218,2973.89853161768,1904.345940240996,3234.661848382515,3086.207005539389,2141.403958451055,2808.070738135523,2041.3400134260733,1943.4552207317738,1335.2926863895104,1458.6785880374837,1394.5892404830138,3714.587676867472,2324.247858037168,2842.2696390423007,2421.282395400321,1299.5155553384636,2099.7807501764205,2023.263463013675,2957.4660072185784,1807.505928912547,1513.1012313811254,2821.608972633192,2957.8657366826533,2145.6256340997315,1697.501438392944,1796.1387349529955,1247.0058322730126,2579.7901755487787,1541.3998685986867,3361.935304996943,1228.2856230885054,1582.0547727327382,2411.565922426455,1727.8816619607042,2403.629706111021,3142.537762613404,1756.1649116190574,2997.081618715736,1790.0169572092843,3237.6552535273167],
        [6150.062242793607,1658.80312860655,4244.969191496285,2089.8579014540333,2013.7295940360834,4037.880400715172,4097.077684428158,3440.599318192608,2344.9493700392773,2289.0802089865674,3820.557757563601,4135.174316241225,4855.176313413508,2549.8752923107477,3332.023631991073,0.0,2769.2547194137665,3966.193089744694,2173.7346189381865,3299.739890901184,4973.842396152452,432.6559338154281,3014.343503248027,3234.0985996644326,3372.492678612545,5312.093539873698,5741.101964355151,5616.913746012262,1767.169631769781,1628.147748956506,2381.8520989209123,4350.414435939869,1742.1550430979921,944.1204322459041,4232.904682475403,3626.371435641303,2212.1395427327375,3862.5440072150272,1999.801073471748,4444.382686460312,2381.5139302210805,420.31500831610566,4018.57086861484,1120.1036607926983,1069.8389460207318,3918.9754714047795,3570.4015984208336,3435.8063242275493,1399.6270785695053,2688.345451084263,4320.738170031419,2440.466114876371,4124.268233441173,3022.42873943422,4217.756253426239,1592.9315313590846,3789.442612324949,5065.840893359051,2266.0323562055155,729.2206438847671,4358.046634772368,4280.240773980984,613.739762309349,453.94613055181344,4286.836929534294,1638.269440964872,4063.2210710337636,2706.512558705562,5055.872765915025,1836.6966477712974,860.0537286473891,4511.66494973834,4419.352187459163,3911.537342907925,1822.0082158136845,955.2208371192406,481.02007861605415,3336.881193373564,1240.7745245758617,4190.234103376419,6150.062242793607],
        [3870.425516149025,2605.842763741743,2659.616215351561,995.0547592727119,829.7453868546257,1878.3743775748649,3687.056267852849,868.0770320935472,938.7536020622525,1918.354072908572,1658.567502224242,3497.7777771800233,2959.6395108419974,2891.7753132201074,649.2833173993707,2769.2547194137665,0.0,4403.906135706095,2414.8488960935993,761.8470725114785,2415.2669896768284,2745.2016293450315,563.3100267639483,3831.929756511688,608.8798499520267,3022.045536270063,3506.8790043054646,3312.4390357266907,1199.7100366410884,1673.997221804451,1541.8141737425985,1583.4366364842517,1337.593607231862,1825.315378840971,3658.382008667178,2086.911485454881,2276.769424090483,1102.7066982770968,1774.2955118521766,2688.5316562487674,426.95553661339363,2440.4303338156283,1782.9535273382946,2827.903821018318,2673.325298391929,1920.3524405590235,2963.8324555419517,1680.2535914022,1426.3119793970877,783.9583462023072,1667.56107655951,777.044545849264,3863.3547896846967,2397.814022707662,3151.144882218901,1772.0208536047478,1770.9238453139224,2728.586630331392,1887.4574503535755,2338.4873021205944,2339.9496424756226,2084.47010653973,2307.2081963105607,2429.48625685569,2060.640029118814,1178.0391388548267,1727.7600294062288,1270.7182427779292,3128.4330933281476,937.988124744798,2909.8938423544205,1873.324059592495,2173.643469458455,2714.9423655821856,1084.7799198504767,1820.516917293779,2538.2180628646333,1993.8476871304651,2615.383113516753,1781.8128084367822,3870.425516149025],
        [4925.867800428746,2376.8455210265,2943.8119585162826,4699.261298230074,4379.4379589551945,6281.689370966819,1274.1588616580261,5238.005451263896,3477.4741026099264,2513.794642708686,3702.7541364290687,1601.2163610463788,3557.690931080157,1608.7653922991717,4390.332779269839,3966.193089744694,4403.906135706095,0.0,2127.99281722554,4157.940227486457,4828.016010146896,4379.34224758827,4051.3368691439528,732.9973798734518,4638.637908612306,4441.492641509116,4578.50452449876,4641.8547381620865,3513.8951654626076,3066.7613677388963,2865.5983214570315,5247.578733939684,3352.454992815314,3920.951802373967,1507.3408974770691,2895.304379790562,2218.97334972235,4872.859070352538,2745.6776830873782,3222.9459918962516,4388.434577900226,3674.164882776552,6182.438039003548,2846.9632333840937,2903.9252531043744,6317.911415063482,1709.1951393114045,6013.4486020123295,3675.6907310783945,5015.913805665948,5846.370381531309,4836.727101709373,1051.659759751827,2068.082654431564,2211.23471848546,4884.869635133,3504.8748566858903,4403.946862796876,2548.3048627451694,4442.731876059486,3592.3140505588453,3844.6988006915703,3539.7494469203184,3636.7869112816106,6454.662870709508,3755.2876313632883,6112.614735132722,3169.023247500097,3688.5734363553443,4134.059183935666,3127.0400121789094,4782.014207456941,3967.362671622973,2405.3924486431633,4450.785830013767,3996.267422544506,4326.870388922168,2731.135903410731,2750.8594185441825,6141.248132147614,4925.867800428746],
        [4419.172770318422,607.849227892416,2308.5291254821745,2577.190154292279,2263.1574293025824,4271.585145267733,1937.1636862526645,3281.159307251984,1482.0894865059083,543.7646653884867,2363.9157895039825,1961.4553231188172,2994.949013917818,519.9625538365783,2585.254013545116,2173.7346189381865,2414.8488960935993,2127.99281722554,0.0,2398.99797749561,3649.3318450333327,2517.602127510729,2203.8559166316204,1463.8919431249553,2788.771463828801,3666.26952944055,4007.8482167105863,3950.990188580761,1395.4548641164458,939.1468808555863,938.0357667785586,3599.6143736028675,1231.401593112521,1853.1514233470384,2061.055480927803,1805.8307556781897,157.8156111347792,3143.4260899739866,649.2176048118064,2564.0001921441985,2317.461984032913,1788.4615448505965,4186.428974408449,1243.6124116180895,1189.375836228723,4277.133004399732,1404.270443168159,3933.0429705404085,1552.050533034958,2934.859127948836,4010.846625555578,2738.0039855293285,1992.1298274652604,926.1868934468821,2094.218393270641,2777.697207543425,2232.8719798854863,3491.4882520400815,563.5076442928518,2458.7554491738606,2653.682538094501,2724.1556626079914,1611.640684309463,1749.6457661391753,4468.297093800673,1628.4900652631734,4140.965794514822,1370.0944794256739,3190.365874043725,2012.342716130466,1534.780166343175,3377.2378009215563,2873.934038915725,1859.401175180467,2323.5343602181943,1926.723022062389,2408.4026282236478,1501.9815702039236,1002.9951448795932,4196.115390369052,4419.172770318422],
        [3114.386821587042,2752.0301671952525,2001.830151902138,1746.767540078493,1534.9212555913175,2274.9497139374894,3266.2432969504816,1213.5313227130187,1040.68403395538,1856.2459522891727,925.383506551428,3030.2809868922154,2223.439991090229,2796.286947959596,249.01774497669797,3299.739890901184,761.8470725114785,4157.940227486457,2398.99797749561,0.0,1709.5219133403652,3348.1912238224854,285.8967052469764,3679.3097475235254,518.6034871596537,2263.0544023622483,2746.6180324074367,2556.0118786069856,1558.8778000516454,1912.9025114879996,1461.3487752502158,1206.481052764442,1637.756364605312,2381.0716266455106,3194.779172778828,1507.4769425991994,2243.6630143123975,745.7596433607335,1839.14447655104,1987.837395003466,1155.274930153155,2925.4458642189384,2153.0302585407017,3120.963987422922,2976.380890377622,2386.3928475234297,2563.119158451259,2270.5564033568244,1900.670421489428,1510.2222959909325,1688.5245568483886,1536.6782268815537,3468.8625673266006,2090.108133595664,2594.4471929625174,2505.524211348833,1068.9397166569631,1971.6941826090065,1835.4911250104358,2975.979107047266,1602.1559201887176,1328.3484322866518,2763.573387602207,2906.5206080265357,2394.5954091103545,1662.5892017556591,2045.1281436654533,1039.7230157718966,2384.4301846997964,1564.693042674124,3267.220113936248,1213.0969227183853,1412.7875223831031,2163.1584939062923,1792.8277558129591,2394.699346278514,3144.8285010428253,1508.5006968073803,2875.324364771785,2037.7390676385119,3114.386821587042],
        [1591.0446104744988,4148.191904240009,1926.1537323889308,3406.457107650312,3230.8651720081834,3147.8310977158853,3644.1341019922775,2384.559053252747,2637.8171565013995,3142.5507580572835,1285.5294744350374,3324.3271050943504,1541.8571025981262,3884.041856781896,1765.9924273727775,4973.842396152452,2415.2669896768284,4828.016010146896,3649.3318450333327,1709.5219133403652,0.0,5049.35128427179,1990.7960475087468,4573.012891547608,1876.789088992245,900.0261951247528,1334.4196303349486,1086.0698832005494,3208.1366988264776,3465.301239436092,2818.40352415487,1285.0515491063036,3252.878750374855,4075.6568585070536,3470.0661548939233,1979.8486983951775,3495.6704617737,1477.6196378301133,3259.977707909995,1686.1671373537692,2836.6730806450955,4582.383779102954,3011.820978812179,4635.292016984957,4506.131769337808,3354.483753929476,3124.907494393482,3471.993176234252,3578.2076779737654,3035.596223987098,2141.4742333923373,3138.615197590571,3882.794101621943,2961.835673033084,2713.851482732269,4187.274378129132,1428.076386165831,655.3007726486843,3137.498182394974,4684.53725905096,1245.5228666006958,990.9875706033631,4408.608421036105,4559.594754457954,3130.037084422528,3350.764559514752,2847.7864539477123,2384.1254351549846,1560.5089579497821,3274.1238197788284,4829.815904997662,573.411731877543,861.1161231110907,2428.808970376207,3489.2278857391507,4094.129533673005,4847.708093170588,2227.5698282304143,4372.971134556194,2740.7176701409567,1591.0446104744988],
        [6302.272946555456,2042.0374814829875,4476.875574638514,1946.524465755599,1939.5872321935922,3829.0967032400436,4453.284856044264,3333.1537556632284,2466.092783470654,2565.274548293677,3955.212031372594,4471.409206009746,5057.21735047598,2925.9412004557726,3348.299743681392,432.6559338154281,2745.2016293450315,4379.34224758827,2517.602127510729,3348.1912238224854,5049.35128427179,0.0,3063.124375595523,3646.4311272083637,3354.071266027779,5453.692029545576,5898.477404646446,5759.025913884282,1887.299624737577,1858.07849963514,2601.4362736833377,4324.608198302401,1899.4836281654952,978.0872496527797,4577.090062497654,3843.9026859495916,2537.9789997677203,3847.9063561529088,2259.3282118736984,4658.135395347936,2332.8857462413503,731.398302463434,3823.0518312614545,1540.2283875434507,1475.6057385409958,3690.048963023499,3894.674467585162,3196.595801209079,1493.074523026845,2542.533996605139,4208.62343703662,2304.3355468773725,4493.513647918625,3322.3727188394914,4511.65272675818,1326.398453439981,3945.6982424900348,5194.776934002035,2538.5570257714467,448.7879256795881,4530.860591502312,4421.944719937581,906.8084417364972,770.4066817719893,4080.8064646567113,1703.2142581236808,3883.7042505102504,2877.516498698785,5256.551378946101,1810.6246252172355,1290.5865788846702,4558.5776896455,4555.254921779508,4182.099586699029,1713.8043225475706,955.2907235333238,207.0860135388224,3566.6233951187205,1635.9129909462777,4020.6446299340914,6302.272946555456],
        [3365.548255514932,2518.140336130732,2102.8958717374308,1507.8013658213388,1273.558026522138,2281.326793102672,3231.152775518521,1212.4357450190341,784.9273889092741,1667.6062631702769,1100.5582158646966,3017.3104601520486,2399.1814313720943,2629.2401451540477,385.8625108507714,3014.343503248027,563.3100267639483,4051.3368691439528,2203.8559166316204,285.8967052469764,1990.7960475087468,3063.124375595523,0.0,3536.6929173425706,593.873644685009,2510.253118958505,2989.2238730810795,2807.5271964473322,1279.305195905559,1653.0321817060046,1269.6439360225893,1443.8774397876384,1365.448100782114,2095.2475973355004,3180.4969283617493,1549.857770211126,2051.856580680847,959.9009838806646,1614.7225175678102,2125.5054028229483,911.3643968420251,2641.7557095524758,2168.3716525582645,2860.150066377116,2713.3508420523353,2365.1153632330665,2514.643815822336,2190.912506438881,1615.6532091923152,1345.1138735650554,1819.4291077325372,1333.294100786184,3422.23067778765,1995.3105857072294,2628.962354860426,2248.6043169103236,1207.6593901737901,2223.9537886356666,1643.3712622147377,2693.7429223068875,1780.9418500564598,1539.2436423226586,2481.520989963419,2623.2901851651272,2427.075344261658,1376.8552269132988,2079.19272887411,886.4337324812435,2570.6023364272864,1286.415940748013,2997.0936195737936,1498.9905668506442,1638.4949904933658,2192.6593140317236,1529.4985515449473,2109.2447046979455,2860.06524515335,1493.1563190693494,2619.1399033967664,2094.5622981801125,3365.548255514932],
        [4906.8801198481615,1650.245004400236,2799.9912516153695,4038.4430182894357,3726.6538599563514,5706.10014908069,1404.3915086849913,4686.548024643253,2893.825654087902,1914.1789066965212,3361.122832325611,1666.0906651284788,3474.938377399242,950.685990534426,3897.3598976239987,3234.0985996644326,3831.929756511688,732.9973798734518,1463.8919431249553,3679.3097475235254,4573.012891547608,3646.4311272083637,3536.6929173425706,0.0,4130.4498724842215,4317.648129663696,4528.974579930237,4552.5177084189645,2859.1162357924763,2390.4266408550898,2294.338762660082,4827.076002789509,2694.6870179731213,3204.9758064713596,1641.5266729106959,2594.0173814334594,1576.8181518579413,4416.010923706522,2105.75537611315,3089.400310090488,3771.9321365203036,2941.7088716406483,5614.400787152958,2115.6242571298553,2170.9545812402393,5724.352162509099,1505.8187802626214,5392.920412356682,2987.6036529038265,4393.859798734801,5354.013714084647,4200.920721802833,1267.3336007395899,1644.7407181010813,2181.9416474427494,4179.003759087794,3178.024584299559,4231.609589334791,1945.9078979765955,3713.0354201529253,3382.2552457736874,3582.8157697521196,2809.2162505981,2904.432925944829,5892.536560019865,3086.3514417493175,5557.276139507398,2651.9026255137182,3633.971281254648,3474.398768565883,2398.663822180151,4445.37768880704,3719.101158534536,2241.8965049750964,3778.695510392988,3280.337434763397,3594.3254991969725,2371.0054824264907,2018.3382362621742,5599.4343823423205,4906.8801198481615],
        [3399.012344655164,3070.5264624243073,2501.718983703655,1551.6790541388114,1430.9747373825164,1757.0958577629028,3779.1352671973,702.3743459144036,1332.8828848333853,2256.631903738146,1394.256813324366,3547.253884590465,2662.8807200694323,3221.873809912364,269.7924806977247,3372.492678612545,608.8798499520267,4638.637908612306,2788.771463828801,518.6034871596537,1876.789088992245,3354.071266027779,593.873644685009,4130.4498724842215,0.0,2572.6067040551425,3060.8221677498827,2847.319557821108,1736.6788521228107,2170.000368183836,1859.2509922330062,977.9726287754536,1853.236242672557,2429.581811196841,3711.6562625088654,2025.3325111746599,2638.614454748604,493.83863240536994,2183.514800772241,2465.674487024377,1028.1272858903028,3033.9797454601926,1634.5538017023775,3361.3188974766945,3209.6613342283576,1874.3664805362557,3071.4134174927317,1792.2602305141645,2009.2800806611335,1163.485910374637,1226.1858501097245,1263.9887016109171,3978.65023839415,2576.2653826374717,3111.8923202336673,2341.57333814907,1559.7701546479664,2272.9172415275107,2231.2962246991688,2945.771090043626,2047.8349770724208,1739.572111619691,2892.971387166428,3021.122558361515,1876.7531322148463,1760.0320551367156,1527.1824866719091,1479.329842141702,2809.1046453641266,1546.1390476642136,3468.18355575314,1313.6201539416857,1795.6778744035614,2681.346732705942,1681.2024324354568,2427.0727820061934,3147.0785963456606,2023.2180006866117,3133.3368123869022,1524.5547252321762,3399.012344655164],
        [857.1928956412017,4231.186203422818,1518.7005100646634,4009.5669256382907,3783.25384031474,4011.469684483773,3187.5221897982838,3169.2819405283362,2987.6081282526666,3228.4878518175897,1498.5155229612103,2856.125791909116,894.9880496125072,3783.6266232758967,2396.7827904793253,5312.093539873698,3022.045536270063,4441.492641509116,3666.26952944055,2263.0544023622483,900.0261951247528,5453.692029545576,2510.253118958505,4317.648129663696,2572.6067040551425,0.0,488.29070033429247,305.364554362183,3567.114002633928,3712.372516502702,2985.2377534423645,2157.9029677751037,3571.6575910148326,4478.37681652207,2979.2045398920905,1862.6861759253802,3526.410479521522,2259.7221832374166,3421.70090427126,1230.2176742668335,3416.0690495229683,4900.382925853314,3874.7991803526925,4791.86301478837,4681.675339877188,4207.787076719247,2813.1475316896967,4281.462948650769,3960.70435094766,3727.5155204758967,3026.0302057638255,3788.84387686252,3425.2081476458993,2835.3309841702117,2234.682407804229,4758.710478118123,1525.7321854162215,300.18241631007095,3233.654348832313,5134.021711368968,1012.7366703651843,1032.7225573422782,4714.014607814369,4872.331841851727,4009.486010309123,3761.2436966576147,3714.6406845501306,2609.7284460555247,815.7591034279367,3771.9320872812054,5025.935764603782,1395.7557309598762,898.9672014390864,2076.579427912142,4037.922031677058,4510.134646060804,5261.815159852747,2164.3517244641175,4525.375165884584,3616.7637746461046,857.1928956412017],
