{
    "drone_dist": [
        [0.0,3746.795902237021,312.5885899471235,3080.442766319826,4118.795199669892,2330.9767280293477,4193.906638681617,5073.896232160823,5509.801832424725,5153.111735576582,2804.9877227691236,4998.070845206615,3984.2697569918096,4895.194838814125,3652.8526452742767,5625.042873912919,2449.1045666543732,4175.20654458014,2239.598365495021,1820.1878817381653,2157.610569379617,3345.343078217203,2287.8403190762274,1766.4745638591885,3636.4881226066614,4879.539890362575,3794.041731451907,3992.681759801184,1810.297235887598,2199.515208477402,1926.5488063408284,4896.908501606634,5479.024885840731,525.278740322767,914.5150102550464,2805.840903904486,4215.998052587831,4106.792467957618,4521.399420016897,5470.907324034313,3094.1884881674796,4798.763775389487,5052.672993549404,3891.3696655929352,621.618095502117,5219.2693797796865,1729.6457867835236,3972.2960810835884,4591.75844817935,2617.868653496665,3552.9186599519976,3913.969268634894,3087.107155429807,2330.6770643962655,2173.700193151135,2452.054881432763,2242.760756862858,3970.788411534709,3990.7003180511097,2663.3807918419798,3439.800376063019,4654.7429283089,4100.179829591779,517.1485287548307,259.3602744560737,3531.1609567882538,568.0765775285447,3148.799138486176,3038.4472258726937,3260.937538279067,0.0],
        [3746.795902237021,0.0,3756.0158010307528,666.7139984604661,2456.193686795073,1591.094098020665,2408.631039880611,1558.6782291092902,2645.9326901104396,1652.9030465024932,1284.7039920779473,2857.5345015902794,3791.9314455344684,3912.7653964466863,1758.1055568940583,2453.2502194807607,1523.2973657264188,2834.411957512087,3360.4437852708497,3475.785105206178,2713.4547005188742,413.62362943351525,1785.1993710074819,1980.3311568235722,118.13506608271783,1800.6672885678286,3654.7350034606043,3933.595707926247,1953.9548340364336,1607.3061545842595,2347.967760012386,2984.6046940831084,2354.4546031045707,3371.1223681438432,2855.557936544026,3179.6455631546705,2885.8467422405593,630.0665517272014,1552.9516111928563,3270.866259845689,3143.6560623228097,1125.8223338672763,3673.5408868874692,3889.269651365502,3441.942964319533,2188.1467127857272,3703.497000135128,1323.1487594751568,3223.8856198006924,1499.132383193282,4524.207735329914,2202.738655617615,1475.9492902720028,1597.3560356062258,1593.0828274011944,1372.4621265742,3359.4325299191255,871.3293103696791,381.3277497908378,2006.779867989422,377.4257671777073,3787.252507820934,1397.6270824093858,3305.4764649412455,4005.2165055738374,3355.101560529712,3750.229480601858,598.1454402991277,709.5583037724513,651.2567094095549,3746.795902237021],
        [312.5885899471235,3756.0158010307528,0.0,3094.4806382484508,3939.9743320228117,2422.641657328947,4020.7416548774922,5021.164931549979,5381.228650441042,5097.073968703211,2900.5820024992095,4824.501517325185,3718.7781590305212,4651.150560109377,3516.201197991134,5523.37660283779,2545.0948717892484,3972.0473007464807,1965.7842732087968,1534.9143342383638,1944.049183004914,3364.875950842462,2410.457391025538,1790.9123006569466,3642.5295171928933,4784.071779931596,3530.7628717680423,3720.4220952657306,1802.2412088471317,2170.529150121656,1777.038032431143,4709.995972576756,5375.093854480204,391.43937950699257,1019.338378882454,2550.8377448009537,4010.684484456292,4073.6667569380884,4628.178149838292,5291.165931606287,2845.886019332302,4775.568027285735,4828.080903125022,3618.6705014509475,397.29211931863387,5111.492461542594,1428.5340129318356,4083.5599846873656,4377.318390473507,2727.815755889487,3248.774602432936,3748.0098363015554,3215.7654605392972,2269.5955144675017,2219.4270546203834,2421.2018350758876,1969.0466365252344,3911.0987165287747,4022.694221359977,2513.1719881260556,3469.1835387169576,4409.346055340691,4213.174199292289,721.0388845227434,425.6801373055077,3278.320624298517,256.6394708690711,3161.6938751776534,3054.5125533994824,3233.31863434785,312.5885899471235],
        [3080.442766319826,666.7139984604661,3094.4806382484508,0.0,2453.7897355077403,986.2515007366834,2437.3491716145595,2135.7899299287697,3032.4536238836736,2226.459901203729,821.0420477390894,3035.882992438288,3567.58705846449,3866.4423794571026,1711.4366002928864,2932.424343419344,946.9457075923794,2786.2381204966928,2864.0409590114386,2921.6311442054566,2211.3473879772287,273.88775570857337,1211.269000732408,1314.0018649749898,559.2676413076684,2216.0464920121294,3408.396923990627,3693.635359406225,1294.8093052353609,972.2215158230318,1783.4771925684222,3107.2100638530032,2814.2427051843147,2711.757930933283,2189.313314216546,2784.265817211698,2840.4302806554715,1138.083773792446,1873.0567002112673,3491.9905828487513,2806.1432932627085,1761.677432988069,3705.2285211890608,3634.9022117376867,2788.6787535354433,2608.407271221264,3134.0919039744867,1463.1516309812191,3220.1721138825797,990.8587678027926,4142.232989191622,2178.7345867188037,1177.649702421776,1017.0850268014606,931.0610361642463,761.7230027527108,2863.5203448587013,1187.6140063036257,942.1766256213352,1604.5972790678522,401.0567368472023,3706.719804481576,1577.4133110912946,2639.6764077587045,3338.7355219189158,3087.830859309745,3096.8094762693295,68.82464942751633,45.61228261696697,451.31255510914053,3080.442766319826],
        [4118.795199669892,2456.193686795073,3939.9743320228117,2453.7897355077403,0.0,3175.477775762436,118.36458671057015,2214.2760470100798,1660.3324962551042,2222.593515713559,3231.880757596996,886.8987959298663,1596.577416336645,1457.3241579932094,742.5568539377639,2027.2638843697252,3209.7650756093512,401.1045919748666,2337.2962617545704,2731.603524763904,2022.4761886422707,2515.0793112831066,3424.1496974819784,2886.7313518618703,2398.639847499947,1538.7383485854714,1541.574492246172,1759.747744027702,2713.221060264904,2388.0265775316516,2200.849810421766,787.0131823160724,1881.5644478230377,3596.2462102812196,3562.3121683688064,1760.1381643114264,445.58512322600365,2020.7076591090301,3993.6381040687133,1352.2668663223387,1501.717377464429,2441.2580357912652,1251.5330490031076,1760.4060910399357,3542.788712843594,1630.5027725352088,2985.3450603686715,3766.8343903006758,772.5036737400932,3343.466250753593,2710.8702315998594,277.3995112167561,3628.201751275564,2133.004658356453,2861.1550105604065,2245.356180424218,2334.1550008922877,1651.4408891866265,2799.058403391856,1483.6475262556567,2633.1612829816486,1347.7131036923754,3850.1112146513533,3930.8157652993923,4343.264228711511,1377.7446466804415,3778.7842808370206,2440.0761769874252,2475.7567425466905,2019.442654735759,4118.795199669892],
        [2330.9767280293477,1591.094098020665,2422.641657328947,986.2515007366834,3175.477775762436,0.0,3186.9007051528197,3117.206397568414,3985.3602898392946,3208.8078280678765,477.99070603390913,3875.405770729312,3975.2229028014276,4480.699114330304,2456.555929457152,3912.782316216911,125.58937469527837,3445.093190425507,2832.4962926523613,2733.9754668522646,2236.394414076887,1182.597942337578,250.58145372706767,749.8651312577858,1504.7609340650556,3186.64626567154,3793.136309751636,4073.2056950932706,878.8309618708627,904.8553832815602,1709.822326141536,3903.5695445808287,3791.1182702466817,2079.6112844732497,1418.295654468541,2970.736850123461,3499.060627829112,2122.84627830147,2206.6159804030694,4350.094277977752,3091.4904507440087,2716.117439486192,4404.059257085784,3996.4093113899526,2202.931999589363,3576.532994126091,2885.4680014079267,1665.6791567768776,3902.04241050107,334.9394335351248,4271.680404859675,2900.221571910266,849.4476844005071,1146.5693527140347,388.73863967960557,949.782427198314,2833.1875486653703,2157.466590066181,1739.0495401581213,1940.7367846487025,1226.1511123812184,4288.765058477195,1796.2309168492616,1836.8797329343734,2577.3826857236495,3461.2978682563603,2494.205281190619,1047.8390278435588,941.5736235097005,1376.9323360626988,2330.9767280293477],
        [4193.906638681617,2408.631039880611,4020.7416548774922,2437.3491716145595,118.36458671057015,3186.9007051528197,0.0,2108.9929530075296,1544.8885404129655,2115.0469852704314,3225.7426826876244,804.3297176627892,1706.3907480536127,1515.2445805994646,735.00008180246,1908.9040525166631,3216.7059931233666,493.0509314757596,2444.2518831395655,2833.707649637839,2113.111032294451,2486.03617960117,3436.5151608138353,2924.7001948540374,2355.8291396051677,1426.6831392344707,1655.7639465564118,1869.840140729144,2754.234857095589,2418.9148751065013,2271.2926473162356,736.2717364085266,1763.2149017268744,3672.7513732354414,3619.181209500581,1872.7868732229733,531.6596950131692,1952.2878990337463,3937.6720631859944,1279.8124699827065,1617.4873204579274,2349.7259139236035,1274.3981155962638,1872.7694157283051,3623.4495459177165,1512.4813542745692,3088.6461738164694,3724.9968066570327,816.183713008265,3344.2786793321775,2828.3432108739944,297.1312968989317,3614.289118375619,2166.65828502482,2881.688770951595,2266.084390155183,2441.144194866783,1587.4386966053557,2744.346573404161,1545.8557759959378,2600.125422063244,1420.7997484581051,3805.2934649814415,3994.612492451093,4421.075845634171,1495.7779693344878,3863.9116947671846,2420.416051947426,2461.19974218623,1997.1485797421378,4193.906638681617],
        [5073.896232160823,1558.6782291092902,5021.164931549979,2135.7899299287697,2214.2760470100798,3117.206397568414,2108.9929530075296,0.0,1388.4024530062266,94.9005362913784,2843.053733642802,2076.155981222298,3808.82240124981,3497.550809950267,1892.4922498639644,1006.0865905012914,3063.3604628718385,2599.431038490589,4083.2267076399976,4343.45757334165,3522.7333565393424,1943.2002138289379,3328.263589206483,3355.9307050429884,1624.2594596387773,727.8152099034643,3740.1579330296427,3971.3407206427955,3274.3883412754813,2876.901097135488,3352.5453364089326,2312.664388835917,963.6618660752733,4630.010436920388,4240.1146189736455,3676.7187293260336,2633.0455045394565,1000.1329185996559,2506.985700092135,2314.5094875324717,3511.292270687401,535.5523984436508,3105.8587006637194,3966.138852765625,4660.520461923905,938.0368736973317,4599.933247995685,2586.4803882396754,2807.32679323038,3055.4294986342584,4856.205875336552,2094.714075234967,3007.3466319253453,2751.7510129800585,3040.6625603105977,2625.160019402927,4081.05699277526,1111.8353086148313,1603.7548127608686,2735.363453138502,1935.5166498573901,3467.1548665605465,2598.33653675866,4689.858284091757,5332.030491166031,3529.5474930287214,4959.697390332974,2071.476750950377,2181.2653535034624,1831.3268474355011,5073.896232160823],
        [5509.801832424725,2645.9326901104396,5381.228650441042,3032.4536238836736,1660.3324962551042,3985.3602898392946,1544.8885404129655,1388.4024530062266,0.0,1323.3743436146854,3840.087488061001,1004.9851043586323,3106.3371558070244,2476.3551524659747,1866.2074113103263,526.1471805319367,3968.1923297421195,1911.8114791624587,3969.986290866925,4336.996259977723,3568.2471326723658,2934.8475922333314,4226.619221174228,3983.4466401398963,2663.6938838552,845.9688926942072,3106.0674870700414,3266.0234341953587,3848.7080172162578,3455.7984921967204,3605.0455359783336,1280.4709432296324,462.07974118178447,5008.0309225882265,4804.035623683994,3415.525389701419,1918.5028938435958,2016.9592941364997,3860.169787966738,1021.9746102567996,3162.045770063585,1894.1638857110565,2011.7847312363604,3294.718523956981,4989.2300421755845,473.0824413246621,4596.16603587951,3864.6438333940837,1895.2338700617695,4022.6976480568082,4311.834220377911,1730.0316789640262,4109.767904341252,3248.772523697636,3790.3006945572884,3233.867921841658,3967.0135400895956,1847.575568170171,2824.945499686317,2873.9223061105336,2984.1400203396547,2526.8443442475163,3897.5135277295244,5225.497185697046,5754.152025658583,3005.9099557591603,5257.191760375709,2983.8146478168537,3072.6051548094742,2609.538360353229,5509.801832424725],
        [5153.111735576582,1652.9030465024932,5097.073968703211,2226.459901203729,2222.593515713559,3208.8078280678765,2115.0469852704314,94.9005362913784,1323.3743436146854,0.0,2937.0964473748318,2046.0049218281615,3818.9130907416898,3481.5887879801276,1930.9824913194655,923.1257609664366,3155.8006350401774,2603.034747116021,4132.623287027489,4399.692078651178,3579.1533719042773,2036.101063094126,3420.807397684411,3440.0143075649544,1717.6335950757502,710.4893689885467,3754.8281686347364,3981.8581444833962,3356.1458842552042,2957.6989524155815,3419.4437001691294,2288.22299017096,888.9350891450237,4706.1208001136365,4323.31009528429,3715.687993943686,2635.0743991851546,1089.5537029115196,2590.2401112870807,2267.3089429826846,3543.956326543123,624.1504190256749,3081.8963703206173,3979.07443256438,4734.464518555446,883.5905710945758,4656.962558228978,2677.421835754655,2796.37678894574,3149.1293779946673,4880.7289158814965,2114.018667679256,3102.2445255176995,2828.3483381064866,3128.564966311195,2706.3578082458775,4130.399731264713,1186.0454196076541,1698.0417106183888,2792.9739639655577,2029.59273827323,3457.7356689916364,2687.823273084269,4772.573304836654,5410.980934500255,3550.846399880961,5032.695616226434,2162.4656189809207,2271.8866011446357,1916.2188169496121,5153.111735576582],
        [2804.9877227691236,1284.7039920779473,2900.5820024992095,821.0420477390894,3231.880757596996,477.99070603390913,3225.7426826876244,2843.053733642802,3840.087488061001,2937.0964473748318,0.0,3851.5638773956516,4199.178524045142,4606.799845133407,2491.9279252827428,3708.06448112183,356.2568980817447,3540.605975773033,3202.990358591449,3145.4617962664247,2579.644073217245,916.4124534258427,558.1083018334166,1196.6896855226125,1223.143999855356,3012.065313152471,4025.600911802826,4309.916161877499,1295.5039959580718,1203.939447172759,2069.448578444511,3913.1875034204604,3597.974480783935,2556.69969494698,1894.12887153684,3272.0165820795087,3595.0708276253545,1879.825657721295,1728.853545671697,4311.034757916538,3357.4189070951493,2397.5478972335577,4480.668844978681,4240.191577671824,2677.731505465042,3405.303239722014,3312.677519182825,1189.9577236907699,3986.8436830420187,224.7023099449636,4604.364548011469,2954.6128416323468,452.61314108915565,1400.1116400835315,774.7947192203719,1150.6674383700142,3203.3340650789823,1992.664868154708,1352.0916875912137,2162.727028374776,907.5456602957044,4431.283168743237,1320.829597833423,2306.0784262382163,3049.226322906081,3695.6466134470475,2970.7671552835095,861.1794366940389,786.7602298223148,1270.0521880351016,2804.9877227691236],
        [4998.070845206615,2857.5345015902794,4824.501517325185,3035.882992438288,886.8987959298663,3875.405770729312,804.3297176627892,2076.155981222298,1004.9851043586323,2046.0049218281615,3851.5638773956516,0.0,2122.089619442755,1487.3153700363328,1445.0867968246662,1497.8347589611108,3890.2155102352067,992.0417992422655,3196.039423936042,3603.96515014116,2909.0486689336444,3027.9285069727334,4125.900646106827,3684.981404577456,2832.8989549307403,1353.5919451551638,2140.074626070625,2278.6860065653636,3521.3738750972407,3167.0857862953685,3074.4799782799423,275.73802985442154,1385.5456666933326,4477.071436148061,4409.711248566652,2593.401222588589,983.4218278522881,2293.6847364871537,4295.151049542806,485.73555679581966,2310.2818950454975,2469.850444626752,1047.1558602765658,2314.6138996878535,4427.220279542381,1215.997764442788,3854.1698086207252,4173.159117154431,892.8078444161032,3994.9558624005654,3349.1441147348096,1088.0815345155088,4203.273704614996,2922.9218418237983,3600.032847581874,2991.2941855654553,3192.782745147539,1986.43116781817,3138.7440800945797,2345.418527515373,3119.58135662473,1523.3719610332805,4234.809181820238,4792.498721902944,5225.389281041159,2082.8105768556125,4665.376979052991,3005.9522076287903,3066.8284320918233,2584.5729531947827,4998.070845206615],
        [3984.2697569918096,3791.9314455344684,3718.7781590305212,3567.58705846449,1596.577416336645,3975.2229028014276,1706.3907480536127,3808.82240124981,3106.3371558070244,3818.9130907416898,4199.178524045142,2122.089619442755,0.0,1053.1749365889561,2078.228476978203,3550.9423668750437,4052.36047410547,1231.832927807751,1755.9059760584244,2201.6180360003987,1945.986420571681,3720.4659337159696,4194.563000110113,3420.5597579320897,3706.635881630473,3132.7649993905625,195.61475613760138,163.69423922419722,3233.0426597101564,3071.73944235074,2420.650974693891,1860.0009831581488,3415.772823513306,3485.911315041953,3769.5902844430584,1189.6320554247889,1210.3926944737752,3490.7599198889557,5338.585609022788,2375.8434935609034,940.4726494685581,4001.350592129483,1430.4578698008868,197.5365081863099,3363.219476058298,3185.1702171847082,2377.689435284266,5012.886995504249,1244.8629011610271,4237.091452889577,1247.6401722902024,1732.2562049566448,4644.403611424834,2830.265295196615,3595.1219022642267,3055.504431081108,1752.55353969753,3115.6615425241725,4166.462145550684,2040.971308099433,3860.420223336553,825.6130061655209,5116.638417993221,3999.227927938785,4143.428991620834,518.2244099595271,3489.477128966972,3580.191916479883,3572.668530734098,3216.2848135049476,3984.2697569918096],
        [4895.194838814125,3912.7653964466863,4651.150560109377,3866.4423794571026,1457.3241579932094,4480.699114330304,1515.2445805994646,3497.550809950267,2476.3551524659747,3481.5887879801276,4606.799845133407,1487.3153700363328,1053.1749365889561,0.0,2172.765042616976,2982.7347139998137,4534.446698162018,1084.8199338557567,2725.991712879077,3178.4174377558784,2760.629221632568,3952.9468086448665,4720.644043460656,4051.919697493806,3852.836637732073,2771.7201200684967,1195.445775479692,1148.2561212401922,3865.182807565832,3616.023293496604,3149.8353485335506,1217.1828751985597,2872.837082850661,4379.438716407264,4554.539287997523,2105.869439215709,1031.6122860058647,3466.627221548015,5450.502479409135,1554.0363207828036,1805.643546477473,3817.18657534013,486.7127499124744,1232.5107224763399,4275.881286060343,2695.3156203014896,3378.3471968581116,5218.880696484709,707.7384921265447,4691.5937759474,2236.0766029267465,1712.8305607563047,5024.871461113687,3357.481871905147,4128.799312081854,3530.9174577873177,2722.5087334561763,3102.67157119914,4256.126891261612,2583.763812965781,4076.660969781373,243.33905677261694,5304.568172105725,4842.03468109965,5076.44630479618,1381.513531335488,4436.936483575828,3860.31285418486,3883.5093700434163,3448.6572616389835,4895.194838814125],
        [3652.8526452742767,1758.1055568940583,3516.201197991134,1711.4366002928864,742.5568539377639,2456.555929457152,735.00008180246,1892.4922498639644,1866.2074113103263,1930.9824913194655,2491.9279252827428,1445.0867968246662,2078.228476978203,2172.765042616976,0.0,2062.990615978822,2483.4599470570215,1087.99190570723,2226.3187670446255,2538.2266397136973,1735.524118539952,1780.9969073132036,2706.704016941732,2241.868961451656,1689.0488861461088,1380.7624289927667,1965.0557883716883,2230.17535610838,2081.7327518950347,1722.117409541356,1739.3476382162585,1448.126865600042,1910.194707246697,3145.764158206514,2994.6299860931563,1784.763516942254,1141.1719948104635,1412.9188096175835,3309.634511623552,1929.796505762236,1625.2437870841807,1967.9556661626186,1994.085225476191,2200.8115573672435,3123.4171481046988,1639.6424252811948,2799.2983470604313,3049.0183792346984,1509.9735836386906,2609.3103654132397,2995.1403491080855,467.4977948163128,2885.688687621699,1479.948852910353,2162.2696077816718,1549.625763042679,2223.833003278319,1038.6856401337104,2118.802083709089,1008.3052292326693,1903.8992029090703,2033.6819651881383,3138.062205080877,3396.9040419640924,3893.8867917424263,1702.782861087878,3391.2480075315048,1698.7039516541759,1733.2058185614455,1280.1509966050578,3652.8526452742767],
        [5625.042873912919,2453.2502194807607,5523.37660283779,2932.424343419344,2027.2638843697252,3912.782316216911,1908.9040525166631,1006.0865905012914,526.1471805319367,923.1257609664366,3708.06448112183,1497.8347589611108,3550.9423668750437,2982.7347139998137,2062.990615978822,0.0,3879.3670268140145,2330.0107668542278,4257.6638382953815,4594.910009913214,3798.2483737071343,2791.6532430022726,4143.414951411561,4009.882056885597,2493.0835717629707,750.5809427540329,3533.333691340697,3713.045129499036,3893.883412537319,3492.456499284034,3764.618262044689,1772.3622248545655,153.13143450346328,5140.527098192827,4864.725844469178,3741.1992448176943,2344.627841638596,1831.582069347785,3512.829633000502,1547.7944619413386,3510.1358062629433,1540.3285897067285,2526.2014536815814,3733.692040372476,5139.402520429682,423.8632842893797,4855.9778631119225,3579.7033064695206,2372.5798329625154,3906.3504143664927,4727.699620558806,2037.3347845384128,3928.7129063569723,3312.163887204515,3765.019849616205,3254.435411654597,4254.906398249737,1759.2170638040022,2568.4433317190837,3056.821875899751,2816.2064661634954,3018.8151811624625,3597.5008459940886,5300.789458826955,5876.227200752666,3401.927785450728,5420.823124747221,2876.0608040556167,2975.6921873219308,2546.3504078966716,5625.042873912919],
        [2449.1045666543732,1523.2973657264188,2545.0948717892484,946.9457075923794,3209.7650756093512,125.58937469527837,3216.7059931233666,3063.3604628718385,3968.1923297421195,3155.8006350401774,356.2568980817447,3890.2155102352067,4052.36047410547,4534.446698162018,2483.4599470570215,3879.3670268140145,0.0,3489.8449409469117,2942.0351871842618,2851.729122051903,2339.204121884818,1121.3430607618745,265.427132661318,872.116347602794,1442.9042804326152,3160.2576698004023,3872.1240673413276,4153.472997124716,994.8705990768951,990.2007759070775,1815.3146045503916,3927.095466658891,3760.708525207736,2203.947108300605,1537.8838549757454,3064.9713236071325,3544.028505468712,2074.846298187802,2083.331937652321,4361.557138931799,3177.597718767472,2649.006675012108,4445.324632678358,4078.282741249538,2328.079917866482,3551.757779507968,3006.121691977241,1541.2603507896367,3944.777142218975,214.2584518687225,4374.026865900071,2933.360993151998,726.644381385031,1222.2980341598122,490.1283991661294,1008.4542725176383,2942.6531481176694,2130.551187313184,1649.8594892412225,2013.3597074893548,1152.0855995564652,4346.391631807651,1671.6864519066485,1951.7741827957384,2694.033081720574,3540.360042786435,2618.7959099707205,1004.4441570637711,903.7862780565508,1359.4158367923287,2449.1045666543732],
        [4175.20654458014,2834.411957512087,3972.0473007464807,2786.2381204966928,401.1045919748666,3445.093190425507,493.0509314757596,2599.431038490589,1911.8114791624587,2603.034747116021,3540.605975773033,992.0417992422655,1231.832927807751,1084.8199338557567,1087.99190570723,2330.0107668542278,3489.8449409469117,0.0,2232.6027829029717,2656.8657309071327,2028.5470234086438,2868.2311708117454,3690.135844615533,3086.5609824976214,2771.3712825129746,1907.3265739625738,1203.3346058767363,1395.4384976456847,2905.451348511158,2613.5843127445337,2296.628452560196,787.1621770231146,2191.2195634255213,3649.927885129455,3694.368252228504,1614.9341847976239,54.4649734953812,2417.4850395568283,4378.8897373387035,1381.1471293412596,1323.7425784255474,2840.7019850491697,964.3015928567753,1407.7494578444641,3578.0923719577827,1955.2802378904453,2899.5423342642825,4135.51393121384,460.35673159074423,3636.8265504562037,2402.2047724709882,631.696054251082,3951.069027085646,2354.2330156629423,3110.008503623513,2499.618425833001,2229.244839120947,2046.1279467728675,3184.246872256322,1629.7758790052837,2991.88553474209,954.796855184845,4222.621114342569,4034.641388507034,4386.55229522141,1098.9498422975937,3791.079137578514,2778.256762472949,2804.6692753257626,2364.624552466595,4175.20654458014],
        [2239.598365495021,3360.4437852708497,1965.7842732087968,2864.0409590114386,2337.2962617545704,2832.4962926523613,2444.2518831395655,4083.2267076399976,3969.986290866925,4132.623287027489,3202.990358591449,3196.039423936042,1755.9059760584244,2725.991712879077,2226.3187670446255,4257.6638382953815,2942.0351871842618,2232.6027829029717,0.0,452.43216595187806,652.909018819777,3107.01121952133,2991.0133906192546,2119.8814879147335,3246.8002880808035,3605.6684745556145,1571.0287841934467,1754.7291736576133,1960.3916018728394,2007.3176966054846,1133.5897198438377,3017.9143604586693,4104.843357892834,1759.281780501746,2169.0376950758387,635.4661568671036,2258.034741014227,3361.9513018394764,4731.41594523984,3613.0694665701426,944.4970615158865,4043.1445011342125,2964.328743220274,1653.06193083838,1622.7726814985565,3835.3950169065847,671.2315109283048,4276.7681114927045,2565.9378098822026,3154.1121504108605,1484.593904685468,2240.500897687383,3647.1691702404296,1863.8925605397746,2452.658249135852,2132.481913976974,3.502644995354872,3054.7072637833776,3728.1117670296876,1389.52465892019,3251.256819678995,2482.653376759232,4401.417926477436,2313.832021328712,2389.3172054603274,1344.9124835738564,1733.7430574842695,2907.992890594404,2846.4417608578633,2709.7285495272895,2239.598365495021],
        [1820.1878817381653,3475.785105206178,1534.9143342383638,2921.6311442054566,2731.603524763904,2733.9754668522646,2833.707649637839,4343.45757334165,4336.996259977723,4399.692078651178,3145.4617962664247,3603.96515014116,2201.6180360003987,3178.4174377558784,2538.2266397136973,4594.910009913214,2851.729122051903,2656.8657309071327,452.43216595187806,0.0,820.725804650748,3180.638063453046,2860.9397106483616,1990.744808454432,3358.91026650944,3916.0995573513924,2019.2476697753539,2192.4271901450757,1857.1708746607005,1994.0633522513313,1138.1825467905019,3437.7115429506466,4441.781074482476,1366.5826617020223,1867.7572873840302,1083.2647623020252,2685.256399514474,3555.0520504778156,4757.500187014098,4033.0551251027,1392.091790114924,4254.28555212908,3412.714931716768,2090.3548145094087,1215.392437585601,4171.09339774052,261.1371776382756,4273.904642329488,3005.843642892819,3065.984784461077,1780.9063530440487,2609.8628427442204,3574.279327261359,1904.5994715434042,2373.813695463638,2163.826748141288,455.91738156681276,3276.3717284680783,3828.3582629935595,1608.7357080499173,3319.8976789453313,2935.0796823122046,4402.105379787681,1948.2506306084247,1954.5700101886655,1797.3189209033746,1295.1096610201375,2973.1800633823177,2897.7082467049263,2835.3545194798735,1820.1878817381653],
        [2157.610569379617,2713.4547005188742,1944.049183004914,2211.3473879772287,2022.4761886422707,2236.394414076887,2113.111032294451,3522.7333565393424,3568.2471326723658,3579.1533719042773,2579.644073217245,2909.0486689336444,1945.986420571681,2760.629221632568,1735.524118539952,3798.2483737071343,2339.204121884818,2028.5470234086438,652.909018819777,820.725804650748,0.0,2454.264328098882,2415.355479831846,1564.2258651085092,2598.938224596548,3106.212209757889,1750.4416860072142,1998.3039256249522,1388.6430737606618,1376.4167359126648,530.889802890643,2776.6018688076883,3645.3396837200717,1634.06378959978,1824.852333122541,785.6030262446882,2066.737581583338,2747.087513084968,4079.970336466998,3364.413198766913,1006.5341371005569,3441.0056596475238,2895.6032633292225,1905.4133734995614,1551.6382650668957,3374.646247410237,1078.040957489525,3630.499020853732,2435.4584984969397,2547.6638115048795,2035.2887458670598,1861.4122347090442,3028.546302943938,1216.2562363790496,1849.7051313403472,1485.0939176327745,652.3173959373894,2459.236001718686,3078.5801134327635,788.3667103787021,2598.4033173473667,2524.67089764159,3754.2098753133714,2082.7061074685694,2360.9452263436797,1444.59108227885,1764.5768470780367,2255.0913724806146,2194.122342590424,2064.044246068891,2157.610569379617],
        [3345.343078217203,413.62362943351525,3364.875950842462,273.88775570857337,2515.0793112831066,1182.597942337578,2486.03617960117,1943.2002138289379,2934.8475922333314,2036.101063094126,916.4124534258427,3027.9285069727334,3720.4659337159696,3952.9468086448665,1780.9969073132036,2791.6532430022726,1121.3430607618745,2868.2311708117454,3107.01121952133,3180.638063453046,2454.264328098882,0.0,1385.6522822039203,1580.1049328198967,322.22619768129204,2100.4607044405807,3568.753773730575,3852.621943440461,1567.1056728713654,1245.1159799393333,2042.9521656125498,3122.684709289274,2682.1358966254656,2983.265917311502,2448.6406320516617,2994.7700094633365,2921.6976419480743,964.8774190853858,1654.5222956922921,3468.3710447421295,2996.7712789665684,1534.2791339322985,3760.3357400611562,3798.925826916481,3061.76080700828,2493.4045917629996,3397.0163507863394,1292.9420327803716,3287.180614566544,1118.590818582306,4351.713035602883,2245.8792372890493,1187.1947002567138,1277.4972407850496,1182.774403339328,1028.880674818055,3106.344147567001,1093.932636090119,668.4627911808324,1810.2624402328408,146.55201963285157,3805.9222648336386,1396.5382335103866,2897.3630036669088,3603.0804305076986,3254.551303500991,3369.8132649683416,211.71736166145305,311.0330304225706,509.52521104105006,3345.343078217203],
        [2287.8403190762274,1785.1993710074819,2410.457391025538,1211.269000732408,3424.1496974819784,250.58145372706767,3436.5151608138353,3328.263589206483,4226.619221174228,3420.807397684411,558.1083018334166,4125.900646106827,4194.563000110113,4720.644043460656,2706.704016941732,4143.414951411561,265.427132661318,3690.135844615533,2991.0133906192546,2860.9397106483616,2415.355479831846,1385.6522822039203,0.0,874.1032649937046,1706.762310555119,3422.2828620068058,4010.3592321111482,4288.54441031375,1031.8317004563855,1124.1868938105704,1884.9069875275786,4153.929137222767,4024.0187039039615,2090.581029646648,1391.7797719838995,3165.6794995890637,3743.9898216648976,2340.270238209158,2234.973945065887,4600.352842333348,3299.7965422131165,2910.3278883669336,4650.276951026091,4209.674134068747,2227.819852819756,3813.2858495222276,2995.6237151241635,1684.956964843599,4147.792305585024,342.1935600018258,4447.305365580909,3149.2267711622244,805.4489036126406,1374.1975977172585,600.2691830593651,1191.520744134886,2991.931791170552,2392.498478750607,1896.7776598225387,2168.0084763027853,1411.90693903389,4526.20656589366,1812.4483403301508,1779.000727105509,2524.788643874674,3678.7606686410377,2506.7403854984345,1269.4356149691669,1167.7574475390807,1617.082280699974,2287.8403190762274],
        [1766.4745638591885,1980.3311568235722,1790.9123006569466,1314.0018649749898,2886.7313518618703,749.8651312577858,2924.7001948540374,3355.9307050429884,3983.4466401398963,3440.0143075649544,1196.6896855226125,3684.981404577456,3420.5597579320897,4051.919697493806,2241.868961451656,4009.882056885597,872.116347602794,3086.5609824976214,2119.8814879147335,1990.744808454432,1564.2258651085092,1580.1049328198967,874.1032649937046,0.0,1870.3444095763368,3260.1307516365473,3230.3115396169396,3500.3489934761164,188.4319031685363,528.8362566278347,1035.1080958020505,3660.776348088401,3872.7500468621147,1417.2331719757676,886.9792684956092,2334.3758914262194,3137.984830363535,2368.0833622424852,2903.6680837104986,4170.463557242525,2498.532834625443,3045.412895918865,4048.316023565801,3415.5650598743878,1515.2184525006476,3629.472061561644,2136.323763483349,2378.1889948859202,3545.8592041854545,1084.7217517134225,3585.1603113972446,2627.655299862639,1598.7192885388315,762.0966426351007,440.5126527358506,755.5951980960078,2120.8969241732866,2280.5055865813956,2232.7430497778896,1470.1964491738636,1679.5775098232225,3840.2212406922545,2509.252671400481,1338.7635639511948,2024.909779248652,2902.4207381528554,1818.7871659292775,1382.328854757602,1272.1773615860468,1524.9860572706277,1766.4745638591885],
        [3636.4881226066614,118.13506608271783,3642.5295171928933,559.2676413076684,2398.639847499947,1504.7609340650556,2355.8291396051677,1624.2594596387773,2663.6938838552,1717.6335950757502,1223.143999855356,2832.8989549307403,3706.635881630473,3852.836637732073,1689.0488861461088,2493.0835717629707,1442.9042804326152,2771.3712825129746,3246.8002880808035,3358.91026650944,2598.938224596548,322.22619768129204,1706.762310555119,1870.3444095763368,0.0,1821.4554525271456,3566.4355425014955,3846.533198412068,1840.29145885738,1490.6412973971185,2230.336607727933,2950.238992047671,2388.97837490156,3257.0066682779843,2748.2664718199076,3074.152988666878,2823.407710278575,661.5413859962224,1632.4685540096323,3255.6771344798103,3043.9269876685507,1213.052596828543,3625.5320918219713,3800.3410935391216,3326.4787110783327,2212.1768223183963,3586.0737535775193,1369.1679696028757,3169.008356231684,1432.091664208074,4421.4086686734545,2140.4360144023167,1446.7372710109544,1479.2274304416233,1489.3454992857917,1254.8439428512577,3245.8219015379623,854.3904494367098,485.73999681853775,1898.173238634082,323.4627269258353,3721.8992519941576,1451.753274949228,3198.8340822652895,3895.138647867178,3263.7119410650184,3634.739990360095,490.44305693177745,603.2202463753761,539.8878861682322,3636.4881226066614],
        [4879.539890362575,1800.6672885678286,4784.071779931596,2216.0464920121294,1538.7383485854714,3186.64626567154,1426.6831392344707,727.8152099034643,845.9688926942072,710.4893689885467,3012.065313152471,1353.5919451551638,3132.7649993905625,2771.7201200684967,1380.7624289927667,750.5809427540329,3160.2576698004023,1907.3265739625738,3605.6684745556145,3916.0995573513924,3106.212209757889,2100.4607044405807,3422.2828620068058,3260.1307516365473,1821.4554525271456,0.0,3079.7261769605434,3296.3057545025886,3143.3132397062186,2741.9588040295566,3035.976500178615,1585.4007696579479,613.2041376442016,4399.299342112402,4114.20035162311,3133.444464323668,1936.6144122452322,1171.215591522613,3053.3305743712444,1630.514866295836,2933.068633384715,1133.71471956231,2378.2723617407455,3299.05390351798,4403.085159911068,393.24262898783974,4176.907895567016,3027.4750418148515,2086.068177313778,3201.4625734596975,4231.927984774137,1465.2873722976876,3268.1917101012973,2562.4284832052826,3023.1685881073176,2504.5678688356165,3603.128400394629,1029.788948295036,1983.8137665577074,2344.321509498617,2143.296793184229,2747.718892983146,3065.375914983903,4550.730900622994,5131.789777798641,2896.027803483661,4688.343016865613,2163.5153602211276,2257.9094085745796,1812.249432164718,4879.539890362575],
        [3794.041731451907,3654.7350034606043,3530.7628717680423,3408.396923990627,1541.574492246172,3793.136309751636,1655.7639465564118,3740.1579330296427,3106.0674870700414,3754.8281686347364,4025.600911802826,2140.074626070625,195.61475613760138,1195.445775479692,1965.0557883716883,3533.333691340697,3872.1240673413276,1203.3346058767363,1571.0287841934467,2019.2476697753539,1750.4416860072142,3568.753773730575,4010.3592321111482,3230.3115396169396,3566.4355425014955,3079.7261769605434,0.0,285.5620765606019,3043.07825278028,2888.81548121059,2226.9713131297017,1887.54535645501,3394.3449587133555,3293.826623024535,3573.9755499120715,995.5440799892225,1190.1836257681011,3377.003016438471,5196.332000619452,2428.1039578256205,745.2856595265414,3909.425134097675,1534.109005048721,236.14639659266408,3172.7056299770943,3155.7696001589693,2202.1030426442403,4859.575773101102,1288.4082288881086,4058.919756439099,1209.2043954452483,1649.2544460845197,4472.451877008925,2649.840089155245,3411.5659588431167,2879.1151221853015,1567.6397797518034,3003.621000970835,4031.602254889271,1864.121673531811,3710.0849991174964,958.1132624077302,4965.267064630531,3804.6372697143565,3955.7925650312163,331.84244150555946,3303.36941092557,3423.2257380668243,3412.0125965369552,3067.6449431930205,3794.041731451907],
        [3992.681759801184,3933.595707926247,3720.4220952657306,3693.635359406225,1759.747744027702,4073.2056950932706,1869.840140729144,3971.3407206427955,3266.0234341953587,3981.8581444833962,4309.916161877499,2278.6860065653636,163.69423922419722,1148.2561212401922,2230.17535610838,3713.045129499036,4153.472997124716,1395.4384976456847,1754.7291736576133,2192.4271901450757,1998.3039256249522,3852.621943440461,4288.54441031375,3500.3489934761164,3846.533198412068,3296.3057545025886,285.5620765606019,0.0,3313.7863592358744,3168.4958070745547,2488.280775080779,2014.567378764714,3578.3045886025184,3502.056693249655,3815.078209599556,1224.2100224981268,1373.6701992767728,3643.092322519377,5477.406187427018,2521.357851966978,1003.946246144717,4160.130482741958,1553.023193582954,102.1369038440813,3373.4329487935593,3348.3784346204766,2354.280672307615,5143.909482926497,1396.5844100935003,4341.416117891309,1110.022752183827,1892.019985550221,4757.160328261781,2931.4009297453867,3690.5198284688227,3162.6324716161394,1751.4859558042679,3268.5013234162584,4309.483676672124,2147.7953108106167,3993.614051787722,933.8510036651969,5249.159275689875,4028.6296240722736,4143.470476188389,614.3686797113594,3486.1210179683426,3708.1561259500686,3697.4016992127617,3350.609114750963,3992.681759801184],
        [1810.297235887598,1953.9548340364336,1802.2412088471317,1294.8093052353609,2713.221060264904,878.8309618708627,2754.234857095589,3274.3883412754813,3848.7080172162578,3356.1458842552042,1295.5039959580718,3521.3738750972407,3233.0426597101564,3865.182807565832,2081.7327518950347,3893.883412537319,994.8705990768951,2905.451348511158,1960.3916018728394,1857.1708746607005,1388.6430737606618,1567.1056728713654,1031.8317004563855,188.4319031685363,1840.29145885738,3143.3132397062186,3043.07825278028,3313.7863592358744,0.0,402.6156822924095,857.9258465049279,3490.504770258793,3754.261139467347,1417.4298896647683,973.334022486413,2153.235264056705,2956.561941267224,2298.132794043609,2971.6582528673275,4007.09432408702,2312.6780259161146,2988.510315714035,3866.087871862324,3229.480610868343,1495.6405486482504,3506.507535415933,2017.5527009940643,2458.086793630851,3364.1966277263623,1209.1094015372616,3416.543945742825,2457.108479491245,1717.4500859293435,605.2721015182373,520.7165171249749,650.4295967138884,1961.241105893877,2183.753728152787,2230.95874798833,1284.9922977821875,1678.3574414201605,3652.792290858052,2588.6400239607738,1418.2360983423678,2069.6410133273434,2714.8565809698557,1803.3511397587495,1361.3117614861626,1256.0829008654723,1451.8162352100444,1810.297235887598],
        [2199.515208477402,1607.3061545842595,2170.529150121656,972.2215158230318,2388.0265775316516,904.8553832815602,2418.9148751065013,2876.901097135488,3455.7984921967204,2957.6989524155815,1203.939447172759,3167.0857862953685,3071.73944235074,3616.023293496604,1722.117409541356,3492.456499284034,990.2007759070775,2613.5843127445337,2007.3176966054846,1994.0633522513313,1376.4167359126648,1245.1159799393333,1124.1868938105704,528.8362566278347,1490.6412973971185,2741.9588040295566,2888.81548121059,3168.4958070745547,402.6156822924095,0.0,876.7425158589011,3153.202481148921,3353.439324768388,1780.6516918106333,1375.942279334935,2078.096198906854,2666.3189958566318,1908.206208872914,2764.200017527752,3651.9128463492857,2187.839372086323,2605.8607841186713,3577.885904893492,3091.554374401294,1839.5863951197923,3107.12585988408,2189.63369713236,2282.4728611555597,3073.9190238112915,1188.8048115577117,3401.422877733416,2122.8919440290874,1654.4241888166691,259.65342871633453,523.9448129515231,252.55982926095658,2007.468474649821,1782.307204315746,1913.3427919331593,1045.5218163168288,1371.104139962852,3414.927331955678,2409.817607947167,1819.9721838412968,2458.405153925019,2557.0102268976034,2147.4307076643,1033.6854297865561,939.7636087925474,1063.9885645603142,2199.515208477402],
