{
    "drone_dist": [
        [0.0,3683.14279823393,1657.3113498900084,3197.6155258096587,3919.044272490193,2602.1347569663544,4194.776898706073,5117.722258899381,2668.985183508983,3224.569978588002,5627.492377224808,3707.3995616650163,1306.9280162053337,2889.337635703627,4419.341673409949,2414.3349143295413,3717.303095175588,3448.34407825267,1309.091239318983,1363.950300443316,3752.5350730818036,755.9079101697299,2784.9616294944476,4247.754378475822,2500.2689205584434,3807.5893878435454,1834.0164928888767,3662.9753668303742,2577.4284468735996,4241.404870885434,4121.289861911378,3712.3854970867465,3518.448362328091,5819.665022627392,5109.602000001097,3201.9157988354054,3145.449131202781,448.37497482426926,3995.2587589340337,3348.7844724288902,2207.4981547473435,2804.7161439337247,2967.8570415945255,2540.0995850703916,5996.775702822261,2065.706518527251,3086.8847840585004,5292.158543816024,3969.883514218078,3123.5362959817326,5416.874626608082,3315.928687058189,4980.65399553454,745.0192396434511,5705.0878048068535,3398.00635590297,5501.4810118106425,4780.364317312951,2837.767083156464,5163.79684305777,3180.789900608408,4193.926660357839,2867.10528095593,3480.02259782364,4941.452699322928,2203.127210935072,4500.092607691241,4717.01629442913,2174.6783793898826,4171.120470675642,2883.3962681969983,3400.8365431320885,4729.949639190328,4806.59031109894,4005.621793594686,2980.700520341987,5825.790455397513,4408.1847032257365,4842.434874603279,4228.1610165969105,4315.369237624228,4584.329798998151,4465.609461288148,5826.6954362369115,4215.08505583884,2798.0047204752454,4490.893774993203,259.8589929017266,3602.084262226057,5651.47594830986,0.0],
        [3683.14279823393,0.0,2052.382644216659,2790.021120433921,1687.2298800688948,1648.4204581389556,2150.36738505769,2521.3321688299557,1746.637307498598,536.6248556578281,2296.5447800815973,3850.7763982058627,3426.00250995704,1852.9635977032945,2616.5965250695144,1702.9885419550933,748.0572880990944,344.0000359602999,2596.9817109065284,3612.693344655924,747.5929577448088,3621.825537872056,911.6972105443238,1747.4621440139974,1755.4116258793217,1871.9352385956472,2766.9604104647933,491.68062168002666,1194.3169991093287,559.4759908627511,2704.1638691577955,3404.215066485376,1742.0090618295362,2415.352004659516,2376.946998755716,2800.629879837992,977.8329354683859,3962.407478943542,3566.4905926832457,1478.16463917608,2008.5131513255128,1275.3525300710685,2761.600287344726,1451.2549965310882,2484.413325420101,1932.7166263368138,1071.1418846328177,1848.2764900406814,592.6711648405817,1005.0269656844728,2662.3785511497013,1159.6529269022772,3513.7844476148857,2939.88496786225,2288.3200115125555,3354.7206336933314,3031.967159427923,3583.401050699052,905.2685868948199,1547.809360850408,1077.6025296173214,2951.4484381054103,3543.3685353433752,2624.1781732101626,4614.779361636328,2104.148167881144,3541.4319704451464,3080.847963397355,2055.006769608966,1006.0357781033528,814.3297103237282,1707.3331875520216,1758.9171349922767,1701.7218726009785,3530.240909237001,3774.9680729116267,2495.7832324359647,2021.004924250698,3539.976012018249,4184.986581973116,707.1003699954346,4498.270981365371,4152.014474728821,2844.3911192467563,896.7785178363007,3656.0240034041717,1764.0649807155437,3778.2388394422337,1527.972770810332,3038.825877368301,3683.14279823393],
        [1657.3113498900084,2052.382644216659,0.0,2190.815723992744,2394.7644192285807,1453.0126919174527,2749.7299534418235,3605.102664872247,1588.4459039375085,1643.3254074308152,3991.8039014042147,3077.7094066654167,1530.443565906853,1490.5446445485197,3069.0533633368686,906.5436026606385,2220.5623905262405,1855.9236580193942,960.3997153263773,1721.7258679087347,2253.15097240382,1592.5260433619378,1142.1429316229332,2699.9908071373115,1412.161095674161,2664.8837888398252,1177.7830937204517,2005.6644953691657,920.5314000582008,2611.5608429882664,2863.5275239224675,2857.2668646102925,2373.4334675391606,4176.501298246822,3566.274111200314,2199.3265948677827,1508.1294489433037,1910.5470039691488,3125.4105972130697,1814.4440200537497,1283.2820697724155,1460.1266291715826,2003.1896336238945,1238.6224414500869,4343.5322167197255,619.8172520782482,1686.2000037230978,3641.282834231119,2412.7464311873414,1699.566236003674,3881.0929476233323,1712.9218156196166,3794.7627077512248,937.5212948822405,4059.663541738865,2620.3691395143424,4038.1690778069456,3676.9211793512404,1182.6342158229893,3507.5712524875876,1790.6103289135042,3009.454943819748,2390.4970776929854,2331.2196306091523,4217.578331620272,932.0272431295494,3462.5552457170465,3449.728694590527,861.6342648145958,2682.692893009415,1287.7616196904778,1926.678553411035,3126.6322568580035,3186.2452883807755,3115.790450393905,2599.2998308865317,4192.348207208721,2898.313137810253,3704.796340118105,3570.1854040883727,2718.038352509527,3941.593260979187,3704.520113720399,4254.3551092606685,2690.2371842708467,2420.760405512191,3163.3182405583084,1729.9428351689874,2067.9495713004353,4157.894983146885,1657.3113498900084],
        [3197.6155258096587,2790.021120433921,2190.815723992744,0.0,1520.2983510374338,3377.7010596942596,1443.2124498452076,2361.382140355327,3531.874736385182,2806.73069700722,3360.828437209809,1065.0957889812205,2035.5316685373402,972.4741971891526,1416.1674475359703,1444.5996558687161,3423.7885281197214,2882.369787298959,3124.41913963594,2113.333958801594,3439.911594268177,2590.0053513462403,2292.266925396503,1809.250631746046,3391.3197718937226,4343.08959479422,1363.7887185393695,2360.637901748772,2005.034888402582,3157.273650735022,1028.3824504310935,688.9117094905464,4099.586505486474,3599.474612916428,2451.244201279764,10.743089221207976,1824.0367738757202,3140.3056726802915,940.0169304088873,1343.253007052945,3377.2435295166565,3186.3947848903767,230.6992823894744,3091.3751568733283,3900.614510829183,1589.5735096721744,3254.9338741900574,3260.87946816744,3378.1664822855523,3224.5654999231106,2690.098828917125,1639.46331474956,1790.701439201848,2786.1879095861364,3527.4756323245365,564.9043242313649,2580.31234816881,1583.6342016048545,2162.263955390619,3473.7415987985873,3342.39718169169,1025.2463076622282,948.8448062272926,378.50392682601534,2047.7645348902029,1259.7650853296911,1316.3737728295278,1580.9094996334231,1332.796661464994,3783.8868200540533,2580.460074467528,1144.7093498296385,2411.15516220822,2575.317195596952,926.877096493504,1139.6118629236885,3511.941297627715,1784.7631325434572,1645.2316166900953,1463.2992619535737,3429.2440473979254,1818.0975679717155,1535.7914253180554,3179.5399434316796,3686.4555871256966,1107.4567121231767,4505.548908071562,3085.845206843979,1413.077254739025,2784.0488157508157,3197.6155258096587],
        [3919.044272490193,1687.2298800688948,2394.7644192285807,1520.2983510374338,0.0,2939.3915571246475,471.8474657247771,1211.256656464061,3081.086779987906,1968.9209774769913,1893.5615062463698,2453.397636422522,3095.319255754851,1060.7362264847268,932.9910961105542,1516.0161898301346,2430.1704830896533,1926.8857329504278,3304.1980750259345,3237.432162693077,2432.599972635407,3528.7261719069757,1721.3241524973103,340.9074924446752,3005.7796819614177,3526.2755577161925,2307.588309994693,1195.732857486395,1637.8853884640757,1858.0296202674363,1044.5910380457567,1947.4542261441486,3353.9181396068193,2125.1629249333487,1190.57621908605,1528.4971923244996,1050.6240785977993,4024.5352192374157,2034.37726456815,580.8267737636239,3135.417314914362,2621.737792853588,1620.4204500922467,2657.9964706724677,2404.858426273961,1860.5197006611813,2551.06613813821,1744.932780714967,2253.000423093286,2496.992721085277,1499.0174844029843,757.6342531213903,1829.4337369144991,3286.7557012856078,2040.5014892350014,2017.7021863440514,1652.2408153117676,1900.1853106304957,1570.3326844062153,1965.9635742514986,2603.617894263863,1298.2647895933624,2456.9289176943744,1203.9989595573422,2995.2490038703736,1735.2457428280425,1886.1651906927573,1398.1412267517946,1751.7092063573011,2663.904514264708,1933.0119985189897,535.5406894126763,924.2701434005062,1071.419989103456,1990.3421140733649,2658.033251144078,2065.115787509457,503.9805166815853,1853.2041942610847,2670.711646471264,2162.236282046965,2937.886672506647,2571.779007995007,1915.8109672532846,2523.654653864189,2608.971342007981,3436.2098901818263,3901.3344513756083,326.9272023966159,1763.2084774721382,3919.044272490193],
        [2602.1347569663544,1648.4204581389556,1453.0126919174527,3377.7010596942596,2939.3915571246475,0.0,3396.6268244617804,4016.9548009941163,154.34538446019985,1122.3932977603795,3944.2271786856963,4378.1000666260115,2945.148796668307,2460.746389304201,3822.5029219013113,1933.5560182442543,1280.105549748951,1307.2415204203303,1301.3144090343,3131.384223499104,1314.9544783667145,2864.172603538676,1224.3309213454602,3135.1889487857593,121.53725326946869,1245.3177552819345,2616.478906722408,1955.5349469315279,1410.1626605720048,2095.3601162707096,3754.9807592691877,4066.5384772335383,949.1233462660878,4062.5638039290957,3906.596730915312,3387.800325069457,1893.8302842935777,2995.5017077447474,4305.698327218454,2462.8941484492793,436.4334356369348,373.1595060918974,3239.1591887416885,292.758093868181,4115.020093426031,1864.626848328741,626.3512362019889,3495.861203079291,1616.693816553752,688.7078301032852,4212.26084597167,2191.3065238967565,4676.6310348685965,1917.0631099595016,3935.366234417229,3888.078095548006,4515.998206123397,4646.36358218283,1377.8997252171634,3155.6851609711703,681.6353048064037,3961.217555515036,3779.138411937228,3395.686680520701,5417.746189912247,2196.767415470416,4503.136860568104,4270.3357644073685,2119.367049328559,1676.8145332481156,1014.2517244854043,2670.188073263767,3324.0484885368073,3301.415422296021,4284.893845741651,3999.6496904028927,4143.961697942863,3396.8354588637826,4640.862408195814,4832.503856595463,2028.0383891711592,5193.720765793511,4909.401906001898,4454.012298742624,1770.9697857536335,3829.8536388373536,1889.6222412341815,2785.186893010186,2655.2217236450037,4565.1663008517935,2602.1347569663544],
        [4194.776898706073,2150.36738505769,2749.7299534418235,1443.2124498452076,471.8474657247771,3396.6268244617804,0.0,958.2050277362995,3540.3644217637016,2440.552426097371,1935.2399953587326,2227.180237679733,3259.0273043440952,1307.0731759128175,466.6423539002193,1847.00663377152,2896.016172564409,2397.5026701075158,3685.136501799262,3382.050496281466,2897.392009072294,3738.5490321943907,2173.863462937139,494.84858969079227,3459.0145720492683,3996.9773495590803,2481.41640312841,1660.264370228911,2061.367608558068,2279.6704071701383,673.6523437181954,1710.171640199639,3825.762034154231,2175.6781089544024,1016.9063025777127,1448.8599206027147,1502.8951838865753,4257.573971213353,1738.758168203755,966.7549710658402,3575.200264888557,3085.757140081819,1601.1335486979249,3112.189480907352,2492.0393257392457,2175.4168973779488,3021.340298827154,1902.859612902412,2706.4099575307073,2967.7690366762486,1282.3668284075854,1205.652564880596,1363.4931866746833,3604.156064150435,2114.020857851613,1851.0919619775077,1307.2562964915878,1458.3951099856383,2021.1597559976558,2227.5750666609943,3074.887771544704,920.0240007868433,2388.5324258461033,1074.2380999453724,2611.1309714073395,1991.7491090547314,1485.3075240459564,930.4935808172811,2023.6321633438943,3113.8602750351483,2396.0541513738535,823.051400525562,1028.6201097435685,1209.4255394112747,1690.8203004875004,2564.560669027024,2076.3076119653297,352.524683680394,1400.8624769558487,2365.662863502195,2587.6113730503935,2596.787838479924,2223.729435032045,1756.3585077342454,2967.8275630254284,2548.987239784761,3887.821269069343,4152.053374466372,744.0802348618503,1461.679632808195,4194.776898706073],
        [5117.722258899381,2521.3321688299557,3605.102664872247,2361.382140355327,1211.256656464061,4016.9548009941163,958.2050277362995,0.0,4146.99258009851,2946.2407938031615,1249.5099808981906,2986.2336548608127,4216.156457303706,2232.8788718630803,999.9769654589418,2725.661324160866,3245.4495439732664,2836.133934207461,4504.4587565633865,4340.222179009334,3236.4298868392952,4688.300238634452,2842.0430445918955,915.3079520755476,4098.274660006779,4380.093568051098,3436.2913656506653,2090.122718963199,2815.082788828894,2430.628507798945,1407.3099607828315,2484.2552258080455,4263.29845854612,1475.1085258215685,206.5441897255289,2365.6036816070964,2196.7475671442826,5200.750973317729,2427.856672052813,1792.0577377388931,4265.424690805922,3669.6407379707766,2538.672591068105,3752.3899896752014,1823.1388718249605,3068.0183272158038,3540.520418466789,1441.6890474679476,2972.000563865196,3478.812851971314,328.84024085868776,1927.1584174823763,1514.998940718078,4496.66741774119,1459.7094844516193,2691.814768041404,510.65023931488275,1778.8757480243598,2700.397218282456,1936.1184431391282,3570.395014786933,1571.8852551550833,3287.4702532277233,1983.3317474361922,3036.4997701221755,2919.2432106031633,1967.3904400618799,1191.768410638086,2943.5285957190845,3336.6989648239296,3005.1585180509687,1716.9032222443839,798.2636059763686,931.5592736956148,2377.5978398956627,3443.307652812947,1323.1033954040063,711.0227007955191,1668.4301661304314,2995.0304028168543,2725.8147603688476,3137.829520171212,2771.7337168801037,821.0318197222462,3166.5771037134673,3450.3084596649587,4090.0377423448954,5087.918878207355,1537.5139299595944,558.911270692887,5117.722258899381],
        [2668.985183508983,1746.637307498598,1588.4459039375085,3531.874736385182,3081.086779987906,154.34538446019985,3540.3644217637016,4146.99258009851,0.0,1230.9369516797751,4042.7065722877046,4530.916281987495,3065.7782602459497,2614.7929068673534,3968.9239794853365,2087.623018089708,1319.7756670008148,1403.0492800170935,1360.8020767621758,3250.4375324886314,1353.4589120181731,2963.8686349124932,1370.7789201600392,3270.7655470874265,182.37157694079607,1148.2300104250548,2757.450046401464,2075.744468341499,1563.3546566348762,2170.004174248281,3905.7122212400354,4220.729895522626,854.095510442054,4154.711033468295,4032.9327561005903,3541.966184120217,2038.2702381782967,3072.28531259734,4460.037750613882,2610.9807634653657,465.4556261983841,481.00730440711436,3392.7082207540707,445.9284902649068,4196.471462622228,2014.7911554456334,692.9256554979928,3589.081905393638,1667.3452949805562,758.716855313126,4336.729666508455,2335.8359137298426,4825.829872240682,2002.3907161250722,4027.376099568693,4041.4416196297047,4647.989395752941,4797.974808204247,1524.4974446902772,3232.4799639459425,728.3625445571695,4113.088759173013,3927.3098570301136,3549.734925518004,5572.088195235502,2347.9591814539126,4656.279030120036,4418.153299176638,2270.471119341735,1689.9854287645396,1150.8247521339997,2819.9016526956593,3444.709861690933,3416.66608495516,4439.239012339608,4146.96046158819,4241.231822029783,3534.1185281142148,4791.645027497882,4986.280717114646,2082.666531513532,5347.709599081911,5063.715136866337,4568.807235146542,1797.229311530803,3976.173350075699,1837.7231055629427,2861.057431612547,2800.1954870164773,4692.975174946373,2668.985183508983],
        [3224.569978588002,536.6248556578281,1643.3254074308152,2806.73069700722,1968.9209774769913,1122.3932977603795,2440.552426097371,2946.2407938031615,1230.9369516797751,0.0,2824.222842732744,3868.9836806710955,3107.03550481552,1834.813463154779,2895.5879333868875,1517.8441823145831,647.4939566590027,226.41257966272798,2084.750299555145,3298.021793526091,672.1697318372314,3235.279225143906,586.6782981283151,2104.2963962717936,1225.280499806649,1583.071373571117,2522.8051485884457,857.2026023793392,920.4631372616266,1050.7087007299594,2913.189364930007,3465.4401816583695,1388.4072894021579,2949.119714069547,2820.3611046476785,2817.4678320434405,1022.3348009939832,3532.145347767578,3660.8832614855305,1611.043966021379,1472.1786469133187,751.8854012426809,2734.7499320305637,914.8703706766624,3020.890104001699,1663.8799481450867,595.1514405827164,2381.9093221235908,770.7165453967673,535.3904559962084,3118.7747828536467,1292.767341657611,3784.619147443111,2479.7341599684114,2822.30550694694,3365.4389653476123,3453.2841981233446,3811.3547936837194,669.9964626389557,2079.6349470429764,636.3245150141372,3147.0435945955846,3450.698902740889,2710.263507624046,4747.898920312528,1903.5649370717936,3725.885795328406,3358.7688340657664,1840.9907143489231,1083.7490082659247,356.4095050375643,1842.8102438437259,2220.8410064297977,2186.755782676933,3630.1215557464275,3683.482206961054,3024.7914289290998,2375.930973791987,3783.835484043972,4253.390104616878,1090.8125357064305,4588.773620266693,4262.187196036415,3338.37398242508,1060.2207971082494,3544.6158386950506,1720.1659197989818,3339.641099941293,1737.5262577311198,3483.1174474418585,3224.569978588002],
        [5627.492377224808,2296.5447800815973,3991.8039014042147,3360.828437209809,1893.5615062463698,3944.2271786856963,1935.2399953587326,1249.5099808981906,4042.7065722877046,2824.222842732744,0.0,4142.073385997253,4952.690066485972,2916.650408960191,2170.6350091302124,3240.4914366691128,2866.17839848481,2639.707480794049,4757.7219664518,5105.288734944932,2844.5609975608254,5339.833558790551,2972.9316104476957,1566.6883658145841,4049.2972906089544,3937.082945814992,4169.0695855909835,2058.324617900799,3085.556652403515,1939.4839843712552,2547.0211176306957,3627.184811122617,3902.5421841685215,240.66387131685428,1059.6420107492943,3367.499715480009,2484.983377744772,5799.150800341858,3613.3414151627353,2362.3577390872856,4288.690838479428,3571.4366718284336,3492.367810211985,3733.523768156446,577.0388800326818,3583.91235701632,3360.1249894516254,479.7746301818639,2522.3768090180783,3293.5067099782127,1052.4824336279762,2320.390088592244,2762.7511781543913,4928.779929247899,212.77509073518016,3785.8134720614444,1538.6310259647282,3027.3140342237784,2870.172242700773,1005.996674491706,3352.8442607158213,2751.8926971745886,4309.652973429711,3002.8282992524187,4284.888963043285,3545.789011842211,3201.9854269071166,2434.9722537266857,3544.126753887545,2781.7015411733023,3023.3008043139093,2409.945973954107,969.4602375692095,841.6415415413422,3563.373548482604,4494.186305479675,203.42058577790124,1583.838552272066,2917.820815358951,4208.127056614594,2155.186640787154,4373.596782219114,4003.674352428675,809.5280160330068,2602.8171804103786,4467.4374824091565,3438.4516299366783,5652.331341218411,2138.803921833035,1371.7492561019374,5627.492377224808],
        [3707.3995616650163,3850.7763982058627,3077.7094066654167,1065.0957889812205,2453.397636422522,4378.1000666260115,2227.180237679733,2986.2336548608127,4530.916281987495,3868.9836806710955,4142.073385997253,0.0,2410.2485203115325,2034.314646052384,1990.1236362277557,2455.848291528957,4488.678202907573,3947.4204136666067,3943.391139765976,2402.5654791059565,4504.936492984673,2991.030929931716,3343.2599639139517,2682.779320362571,4379.705607290541,5391.915238848251,2011.4959265106797,3411.1432372320032,3043.5458946239664,4197.840085034407,1596.5058889131874,517.0255193408228,5141.356768486562,4382.325118926623,3128.839048087021,1054.367632173401,2888.624947188599,3526.8431582041526,587.5301323724536,2387.859523646506,4329.710579865569,4214.905517594137,1148.524602502881,4098.951643440703,4709.387616525616,2529.4345668982623,4301.434242437908,4128.664618619613,4440.518557980823,4274.1234622530965,3296.497704683277,2694.80006352891,1850.9373699360103,3475.8435193597375,4330.382405635356,503.7076002295188,3040.2126337176987,1527.3000333855312,3218.2093969795815,4414.358951029501,4391.680169798284,1414.7162472797575,843.4509641129781,1264.3602409231057,1234.0713475267794,2190.9421775252517,1203.481150724153,1891.8146303063684,2268.5608512512754,4847.578912102613,3632.2206831872345,2173.753419465305,3255.0674621054304,3434.0286938868726,634.5617222713162,788.3224623835848,4263.95875140348,2577.2871507927875,1644.5840346056839,522.5887445093307,4477.470832504378,889.3101585922233,777.8003238703272,3790.400168899357,4747.552577537106,940.5769107048299,5570.603045514425,3534.571486749357,2419.290765680882,3271.515375476229,3707.3995616650163],
        [1306.9280162053337,3426.00250995704,1530.443565906853,2035.5316685373402,3095.319255754851,2945.148796668307,3259.0273043440952,4216.156457303706,3065.7782602459497,3107.03550481552,4952.690066485972,2410.2485203115325,0.0,2040.3825056219157,3385.667596651777,1786.7154218823503,3721.0346059343465,3299.6560659809256,1946.9699595638876,192.13748764787866,3751.8689881142222,583.0387002875623,2542.229483816693,3436.20175164358,2883.7862405559486,4180.429968234595,787.7310283878637,3232.9175175605674,2233.293283680896,3965.0683930075224,3035.9382289495643,2461.673966673201,3885.9971342424838,5170.820548520241,4250.824630531977,2037.4332409463302,2616.7324534541353,1130.2903185657667,2739.761496338246,2590.4785950466935,2682.1613945512813,2989.0351291167854,1807.6712687258373,2758.921418467344,5405.8995524627135,1499.121704324094,3215.5335212384743,4701.654219222514,3872.707412922557,3226.6635081659556,4536.440473538993,2678.023400222887,3819.447679236485,1288.562025164241,5070.352091039284,2137.492188140259,4529.625370521282,3585.338876099785,2521.911110586403,4705.8748382683025,3320.093087168903,3060.2735287462365,1567.1316810651401,2369.4776275580034,3643.4141236651817,1422.8831625676696,3285.740444974354,3611.38428479524,1441.075122563498,4179.033346064719,2754.4045951554845,2560.7613927476136,3995.2122908417305,4111.074053932631,2755.57330192692,1673.8234579822065,5137.357823910878,3534.648570529843,3661.214823596193,2928.4668883729564,4127.120667897237,3280.9914118146794,3177.0169033797524,4992.032326673251,4167.2456660807975,1491.78137547834,4692.142678590899,1124.323164772435,2818.002526524739,4709.132277594997,1306.9280162053337],
        [2889.337635703627,1852.9635977032945,1490.5446445485197,972.4741971891526,1060.7362264847268,2460.746389304201,1307.0731759128175,2232.8788718630803,2614.7929068673534,1834.813463154779,2916.650408960191,2034.314646052384,2040.3825056219157,0.0,1583.0734518529566,595.0339696835299,2456.8861327497757,1917.5695130804258,2448.475402157232,2189.1112070261283,2474.1989185986636,2468.825881014214,1325.7160924913665,1400.9731629801006,2488.5494784217403,3374.8257407835804,1253.8749969798523,1466.1682751577457,1057.4660386842404,2273.8904263651057,1379.2932355536745,1642.8048041586235,3136.572857944135,3138.7157844336284,2239.9751370595873,983.1977029171428,875.2631424003365,2970.661992793499,1860.228569061686,565.696343253539,2519.130770397288,2238.9870546180064,911.5036722059043,2169.284625396979,3388.653710449059,885.4192851367432,2289.694954565627,2693.7787228225166,2431.5708600469743,2256.991465715283,2539.698426460646,758.5548246275816,2316.106309957408,2302.896633354996,3042.397425248122,1530.9481371091458,2614.307464411228,2227.62984666735,1191.7410201943924,2777.292437627361,2374.8502765089634,1545.412746435962,1699.6997359005218,934.942527407017,2968.296581296139,686.9027753988204,2053.0922907562767,1960.0708562851842,716.5609894282762,2830.5061606418903,1612.3674895210077,525.6742249969309,1955.356418687711,2076.0571300032307,1835.38143009265,1929.0803380292457,3098.833513900981,1527.8829382221452,2241.7526686238157,2428.4176042811955,2523.53776811731,2774.0574617219113,2466.3587026155747,2973.4759700264394,2743.2805650823934,1822.529169826088,3539.6861248539167,2855.0571481334714,778.4024184557869,2762.244543601828,2889.337635703627],
        [4419.341673409949,2616.5965250695144,3069.0533633368686,1416.1674475359703,932.9910961105542,3822.5029219013113,466.6423539002193,999.9769654589418,3968.9239794853365,2895.5879333868875,2170.6350091302124,1990.1236362277557,3385.667596651777,1583.0734518529566,0.0,2163.6430278137736,3361.6610835570345,2859.6458037198377,4021.4341890970436,3487.887032607172,3363.356036888534,3902.6763888178493,2598.3119369007577,931.3058421616793,3879.1471199821863,4458.852959795371,2636.270171451123,2126.0830081476743,2456.181936078764,2738.577148947511,410.5958045058413,1484.8572555341277,4282.997754589923,2408.8332807055367,1139.1663850904865,1418.5824237862892,1932.6656268059749,4438.784826515663,1444.3414649967158,1363.534216876798,3977.693560671703,3522.666344979514,1617.735427986081,3534.618022478778,2745.1426201433255,2468.4755603357867,3470.870523265602,2225.293086270895,3172.755421429235,3418.8477289962143,1318.8847724878242,1635.8417384324853,897.2351360375058,3876.2183810408114,2367.6565569323834,1696.0127760891398,1164.2570866268395,1004.7172088201186,2444.657738306878,2608.1210298507376,3527.6616378849285,582.131527943974,2310.680440915185,1042.2736930818442,2201.2325936010443,2238.7495419295506,1075.6315000763527,465.1517477990532,2283.0732518623367,3579.632443584722,2833.1930064445596,1177.3560835205067,1368.5862918062567,1553.5572950385458,1394.2054838856693,2454.9873164657065,2280.6012766044005,706.8732930959471,938.9524975345896,2040.0029285664116,3047.153246504179,2229.4728011547063,1855.4018148684625,1815.4312708156197,3432.468223438681,2473.9337703162987,4353.733855426698,4351.95211742056,1171.7109593508642,1369.7441888699057,4419.341673409949],
        [2414.3349143295413,1702.9885419550933,906.5436026606385,1444.5996558687161,1516.0161898301346,1933.5560182442543,1847.00663377152,2725.661324160866,2087.623018089708,1517.8441823145831,3240.4914366691128,2455.848291528957,1786.7154218823503,595.0339696835299,2163.6430278137736,0.0,2165.2114328901002,1659.705079421539,1858.522124179029,1962.8515764535232,2189.089344094782,2106.858200086477,939.3466243206566,1837.4403217156407,1947.071211840405,2952.419912673423,1070.8449633227974,1451.3445812823047,611.0415868424756,2212.7481026209302,1974.2663743654455,2133.5094491704713,2692.686026622401,3445.07907442392,2703.113998809501,1454.6306074211138,830.0459325946982,2559.2180885524676,2377.1538215563296,938.2435652923981,1947.9317393123995,1759.672235677529,1309.7459924809789,1648.7184942124338,3654.7104709855666,348.6798623166075,1863.6624331880844,2946.2917377404247,2223.54797305998,1843.5133964597328,3014.129253138422,921.4151953573584,2911.105591424802,1771.0176145998366,3336.7923726524277,1959.8445930367743,3143.2961389807865,2817.0701171847536,851.2345911671821,2920.4931399767643,1959.1993854971972,2137.624905948227,1944.5367362685863,1497.2372910673716,3488.851337872291,401.16025717422417,2629.530552383537,2552.632922480542,356.05173116755805,2588.0386451071454,1220.4516708054991,1024.966562800188,2320.1621748085913,2407.073046781738,2358.569852914304,2176.1798317077905,3434.5556319708317,2015.006135698328,2834.521313740541,2899.938482675843,2409.383895174525,3260.231167171065,2978.616210229987,3413.4625881964052,2534.759038099743,2030.7590929122891,3232.470090752545,2417.6051741642227,1193.238216462318,3272.406143708413,2414.3349143295413],
        [3717.303095175588,748.0572880990944,2220.5623905262405,3423.7885281197214,2430.1704830896533,1280.105549748951,2896.016172564409,3245.4495439732664,1319.7756670008148,647.4939566590027,2866.17839848481,4488.678202907573,3721.0346059343465,2456.8861327497757,3361.6610835570345,2165.2114328901002,0.0,542.6754395152965,2486.6548516209496,3912.921429897322,35.8278594841273,3806.8408933906085,1232.3924657556033,2494.7223668651263,1401.4468769555392,1134.651374445953,3163.239148608208,1235.771807815636,1566.5801795486993,927.3842393359262,3433.6045288020086,4068.397877678987,1043.572173628038,2942.247903434933,3090.53195132542,3434.5268183467138,1607.0871480525234,4058.8837355938826,4249.915175954228,2168.088412868907,1708.708271442951,954.2274609643598,3364.341843285036,1210.0056012650903,2938.1517016904495,2304.167173232714,664.8720899747958,2391.709718599244,359.3498569746196,612.7783684597523,3363.2627979161803,1843.8449799165467,4258.856046453369,2981.4988626020104,2816.0045610606594,3986.3111434134426,3755.3789805852116,4320.2167123344725,1315.8813304636683,1967.9754941219837,598.4707476106975,3677.3349979098557,4094.485586548689,3299.670693818198,5319.569459603813,2550.6483259931288,4265.002605481619,3826.3993406375366,2487.44682312394,462.4814758031553,976.2781841578524,2401.3741597441767,2464.999996431593,2384.61996428658,4216.477874382216,4327.391406683798,3054.4830404738645,2767.9340665435207,4280.3906044103705,4855.267908754997,774.2595603408361,5181.577189180054,4844.980608507438,3497.1090034560684,503.31863970226397,4190.424576901611,1082.9084718347842,3858.279600425999,2250.6126820786167,3747.160110920937,3717.303095175588],
        [3448.34407825267,344.0000359602999,1855.9236580193942,2882.369787298959,1926.8857329504278,1307.2415204203303,2397.5026701075158,2836.133934207461,1403.0492800170935,226.41257966272798,2639.707480794049,3947.4204136666067,3299.6560659809256,1917.5695130804258,2859.6458037198377,1659.705079421539,542.6754395152965,0.0,2310.3196176090064,3489.7537046649877,557.5941617866879,3445.553547544793,759.4881580918674,2027.4389736818382,1416.0775228238747,1599.4762073817776,2691.2567437838247,756.3051044454336,1084.5131590556452,826.9093273810338,2909.1333931308927,3525.724704663548,1440.1944638104067,2755.322458940963,2699.273467595614,2893.1035775703817,1064.4331587985428,3751.683224356393,3708.187045282972,1630.0116644042032,1677.3344836094238,934.1106066195683,2826.9660595762343,1121.6368622702848,2814.547589293499,1835.9073147923098,728.3503445066339,2188.667950088893,574.5980214318093,662.5798141691243,2990.1952909777197,1305.9785704452056,3754.8495955160092,2703.3643902335666,2628.12608219701,3445.4711832451258,3345.996391940287,3801.405159082703,810.8322378397506,1865.641224872691,740.5487941005183,3149.75175167468,3569.98482870617,2757.623468507354,4781.1809808703365,2054.3270059215733,3735.1108336494544,3324.7051282245616,1995.9306854647798,929.7780226030325,569.7766962043922,1863.5134017243279,2087.399320462321,2038.3338556516421,3675.07992209085,3802.9166288481424,2838.50530293241,2301.335391213874,3766.57874218767,4312.636527536004,867.7035391171285,4639.595933063961,4304.2888551452525,3184.5230828863755,879.247438911474,3670.9035403912862,1623.182680058893,3560.5098874844393,1725.4398432970388,3362.3643230888633,3448.34407825267],
        [1309.091239318983,2596.9817109065284,960.3997153263773,3124.41913963594,3304.1980750259345,1301.3144090343,3685.136501799262,4504.4587565633865,1360.8020767621758,2084.750299555145,4757.7219664518,3943.391139765976,1946.9699595638876,2448.475402157232,4021.4341890970436,1858.522124179029,2486.6548516209496,2310.3196176090064,0.0,2107.651049003594,2522.4590967369427,1694.1209772719744,1785.9227813534035,3590.3396975705364,1195.0876761133436,2498.8952008956503,1945.639127232575,2704.5333665982903,1705.064368163838,3134.7863440550254,3823.642167440112,3772.9825848546525,2209.3631103595926,4920.210042827404,4447.606320957639,3132.3320593095114,2332.717694290218,1722.2379137746477,4047.8321895784666,2730.8732033533583,898.4110586451309,1541.659603452653,2924.474502542,1279.0554046161756,5043.559375412021,1579.1476344639623,1831.4993783458538,4363.351420167947,2775.6455830227465,1876.5768749868855,4764.094524211,2581.035136372287,4755.145592503167,699.8972035121379,4797.552438476735,3514.123080231386,4956.103584856428,4634.198495166203,1889.3371502730263,4138.390209218817,1917.579600466648,3969.191034596218,3189.4873127715027,3286.05326639049,5121.891352515436,1877.788677480062,4413.320044879678,4408.494586010875,1811.8142996398306,2925.0675073879665,1785.504964942268,2864.559578059443,3959.516043895403,3993.9159406271056,4041.859893080424,3374.6572021170464,4960.990200748302,3807.2761442904944,4663.95075493112,4451.72251948441,3154.408929110973,4824.279070104255,4611.675012415807,5105.718992739185,2989.9471342981196,3187.087826370251,3190.3155509782223,1510.4760470803415,2978.5939481440646,5061.9532481815195,1309.091239318983],
        [1363.950300443316,3612.693344655924,1721.7258679087347,2113.333958801594,3237.432162693077,3131.384223499104,3382.050496281466,4340.222179009334,3250.4375324886314,3298.021793526091,5105.288734944932,2402.5654791059565,192.13748764787866,2189.1112070261283,3487.887032607172,1962.8515764535232,3912.921429897322,3489.7537046649877,2107.651049003594,0.0,3943.7067969491673,610.5527449524128,2731.8110265237556,3577.896507524849,3068.268251217587,4368.475028609155,936.5669023545398,3412.0127234637675,2421.0531617571733,4149.763324847557,3127.6515382665243,2494.1953642431563,4073.7420725334505,5325.645764795648,4381.681629889031,2114.333198309523,2792.6191050391026,1125.7281356195829,2767.396270300901,2745.079176083388,2861.453267165953,3179.6153914131605,1889.5983450821211,2948.2468569209987,5565.982943929721,1683.0456639704507,3407.1940482916993,4863.507565581884,4063.0984010675306,3418.5544370690423,4662.781671444384,2844.6455010744603,3883.863183309398,1434.3244787890517,5226.896404989625,2166.445990468963,4639.645996408152,3638.2929569550333,2709.362822407588,4878.586132060783,3511.7320427227532,3137.841616772538,1561.2317661026009,2460.0251702599244,3630.073628363087,1590.9262908805338,3331.9553161915505,3694.026661142867,1613.52203324261,4370.737781752406,2945.7294111925366,2704.8418941094487,4144.1426769799755,4264.110198718747,2786.449547726518,1642.6242038752523,5287.94038115836,3666.5679359274973,3719.1693309367374,2914.5511106601575,4314.798508407731,3258.9401014347554,3176.5470095217115,5123.9984800448265,4358.241834226173,1468.2798642336243,4883.921375782726,1155.4995976654875,2967.5068366942214,4824.155319574564,1363.950300443316],
        [3752.5350730818036,747.5929577448088,2253.15097240382,3439.911594268177,2432.599972635407,1314.9544783667145,2897.392009072294,3236.4298868392952,1353.4589120181731,672.1697318372314,2844.5609975608254,4504.936492984673,3751.8689881142222,2474.1989185986636,3363.356036888534,2189.089344094782,35.8278594841273,557.5941617866879,2522.4590967369427,3943.7067969491673,0.0,3840.091361289174,1258.1200858864033,2492.274385958345,1436.3354361690494,1144.2365538635931,3190.7470364983083,1237.2904951561861,1592.2263851077935,905.1582283039694,3439.5318080142656,4082.3838422023687,1061.6886065302556,2918.440986597436,3080.0323114012954,3450.6464304924043,1621.1271007766927,4093.5332333744186,4262.147672273308,2178.4948875219175,1743.9572579194505,989.9637269101468,3382.527749887969,1245.832161311223,2911.3231717295007,2331.5880887556796,700.4941143777478,2369.3482874372426,331.3428565424694,648.5719932545587,3351.05222160154,1854.3283629787923,4260.591172902949,3016.4840933145674,2792.360794874484,4002.8596170793207,3746.064728342428,4324.688250969078,1338.9609725558296,1941.3527484971348,633.3412125449187,3683.96105717647,4116.028274049329,3312.3172319972145,5329.597724661759,2575.733818787244,4272.137409059946,3827.8755155615568,2512.988138917244,429.5456218379896,1004.8716916124023,2411.6011621258986,2453.995045843551,2371.299884821883,4228.412737709434,4348.961659909129,3032.1186687507475,2765.1643437601447,4283.870087627754,4868.9246277890425,744.3137098542742,5194.03207560593,4856.338222970822,3480.316989127895,467.5031713966931,4212.864551526889,1065.7198901572851,3893.080071057346,2257.2106290894094,3735.687835941551,3752.5350730818036],
        [755.9079101697299,3621.825537872056,1592.5260433619378,2590.0053513462403,3528.7261719069757,2864.172603538676,3738.5490321943907,4688.300238634452,2963.8686349124932,3235.279225143906,5339.833558790551,2991.030929931716,583.0387002875623,2468.825881014214,3902.6763888178493,2106.858200086477,3806.8408933906085,3445.553547544793,1694.1209772719744,610.5527449524128,3840.091361289174,0.0,2712.1035778680744,3867.9109783551608,2783.0900620351376,4108.505820547896,1266.6117073281748,3501.084649568264,2439.0818393279333,4176.828314026214,3569.559954042894,3041.6760288694472,3812.5012834535487,5548.680698668663,4706.762848097905,2592.7243709184427,2916.5261511590566,552.1804685936411,3320.7879620084273,2989.921839163168,2534.893000821418,2980.00946827672,2359.915426643198,2728.076831549892,5761.522823064412,1775.716974976298,3236.647260003258,5053.025939477871,4005.1618788933656,3259.3789622560466,5002.069214728915,3026.9878035855754,4379.8236586948715,994.3031008629991,5441.983408987158,2718.726252442505,5029.137840507643,4154.528920346605,2724.1498008077133,5002.215972099662,3338.6530592346644,3610.227118216939,2147.5876215580743,2908.1932353523302,4223.18834042079,1800.149640918965,3859.244743752688,4154.102181924481,1796.4820939106405,4269.315789810905,2879.2308447474493,2994.4363466088375,4400.397381487878,4501.205593403804,3335.7610784048647,2244.616558468374,5530.919927441816,3991.874274151295,4226.886532362657,3507.8033706320243,4302.597063557468,3857.5140504112255,3759.4179104648256,5442.177185313405,4281.878903858627,2066.021094802946,4702.613123350988,546.9875776543743,3231.7255907965437,5198.5537222536905,755.9079101697299],
        [2784.9616294944476,911.6972105443238,1142.1429316229332,2292.266925396503,1721.3241524973103,1224.3309213454602,2173.863462937139,2842.0430445918955,1370.7789201600392,586.6782981283151,2972.9316104476957,3343.2599639139517,2542.229483816693,1325.7160924913665,2598.3119369007577,939.3466243206566,1232.3924657556033,759.4881580918674,1785.9227813534035,2731.8110265237556,1258.1200858864033,2712.1035778680744,0.0,1939.3709446949224,1285.3217442105106,2050.8309089083596,1937.415662543063,919.0124450778488,334.19152138810546,1470.0920244617607,2543.554866453393,2968.3808617499267,1811.0940196733673,3134.3896430012883,2752.0846365063253,2302.8984320177456,671.4616433097912,3052.6894456263985,3183.1524129974346,1241.1541595299893,1424.3712771345533,939.0329612797036,2197.8953707020746,938.3338915988714,3265.2411917755303,1079.3177414141219,963.9789991506138,2578.9595198740008,1334.0501319024434,932.2986126958791,3065.4691618327183,968.2318733870875,3457.2700579231223,2046.1111817670055,3011.97597694836,2840.255385559795,3329.4444167075967,3440.4091423822533,153.725921444221,2387.832091152084,1050.1336685240497,2758.8388754934585,2881.6590178432457,2243.2396017165333,4286.832128582821,1318.7499783325745,3316.784091530584,3047.634838256832,1255.0614895326778,1669.328804972812,288.99832409506325,1454.5968195342668,2212.2511648650666,2227.1744539970887,3156.559804486227,3113.8350950289864,3176.3035084783187,2192.312339336555,3428.8337354484956,3753.0634337894317,1593.6373669387003,4099.767613493733,3788.9434635076614,3362.2368875389943,1635.8649229390157,2970.0424114795437,2293.3752166073746,2870.8615365172145,1431.3220896805383,3398.2748357924,2784.9616294944476],
