{
    "drone_dist": [
        [0.0,30.52575317497292,29.873411446882763,31.005146398714157,54.08456348920367,43.17216668688412,21.686741261059897,35.44841225493382,8.154747156500026,20.553043587213907,39.55435626471097,24.481732419796987,35.63830301148619,43.82386755187246,3.575753944308142,20.24966610589543,31.53395731187838,22.175734317245283,39.32871365687957,41.58966166542663,43.10330975690815,8.052818894717095,37.34086676936469,43.68758504354542,4.525901051611927,39.613514700457394,32.26419610264325,44.92601292701455,44.414061093599784,35.84153765090785,0.0],
        [30.52575317497292,0.0,4.010045031790379,5.440308767455254,30.797202209967033,49.02049538996177,35.001585165347414,8.15136477119156,38.51990719949651,34.81795123595145,11.370694180733043,22.10073243658785,26.840654228524564,21.901602584638045,28.454192981837107,12.17616218906477,1.1185551226064,20.337013340036354,24.27226369597647,36.95336529424913,33.00898437427157,25.176627536340757,9.970506388257025,42.39769044606272,32.704364395276045,12.591396024102805,9.975904442948764,31.147931906360608,36.97641276418102,6.215519624763303,30.52575317497292],
        [29.873411446882763,4.010045031790379,0.0,1.7826577988861882,34.57829365563721,52.04585163823715,36.86276732732922,5.98264933246017,37.627155176831195,36.559990817468204,9.960103541586175,24.841389617808872,30.47961604721554,25.867266435394377,28.21723077729376,10.158617383206476,4.796162840230286,22.795122057458162,28.205730256941404,40.54754106602257,36.848373644145575,23.72365813001148,13.740853363634635,45.86180384116216,32.53759600228246,10.580069418102429,6.16195875114297,35.10828321198371,40.7359645194376,9.554965654931323,29.873411446882763],
        [31.005146398714157,5.440308767455254,1.7826577988861882,0.0,35.450089309113594,53.82402457033204,38.580621728770446,4.499829453327978,38.64682347491776,38.26210715873578,8.586647722152808,26.624027977887685,32.15567501728155,27.012289293383706,29.491110632626075,10.974493318639944,6.017363914881394,24.57288750722378,29.711922652028562,42.24046398480364,38.43377580222897,24.581487966517326,14.700263902588455,47.58806380731022,33.81798628358913,8.999595063449116,4.537151030442104,36.57965007930178,42.36663137475214,10.304244498882591,31.005146398714157],
        [54.08456348920367,30.797202209967033,34.57829365563721,35.450089309113594,0.0,44.61041154739076,44.92896874012383,35.02655165114597,61.98295658862026,45.61021033596345,34.58941689300584,31.606531381471484,23.379050735143753,10.279475147566217,50.82686977438407,41.74247123414233,29.8350095620942,32.930777786848545,16.745270749429764,28.299341389373673,21.09456106623245,51.981347869397496,20.845068337963863,33.86937770858218,54.02579520512332,36.64602472489094,39.4127766237726,16.16780188846519,25.003320193611607,25.148524963537206,54.08456348920367],
        [43.17216668688412,49.02049538996177,52.04585163823715,53.82402457033204,44.61041154739076,0.0,21.490607170697313,57.168293150370594,46.76569947079397,22.644740992818587,59.984385212396184,27.31189493259375,24.35782561835457,39.4372676087012,40.10267410437383,49.72598539720451,49.09806566396651,29.69730254323091,30.66642920427776,16.336860601143812,23.54765591628243,48.12733409203436,45.88875838244535,10.935346609547626,39.48582890587224,61.485931302556615,57.98085618889661,28.470477790112636,19.715212876881463,48.90772643985769,43.17216668688412],
        [21.686741261059897,35.001585165347414,36.86276732732922,38.580621728770446,44.92896874012383,21.490607170697313,0.0,42.71789146729586,25.703421103769646,1.2152348299298228,46.33081605995561,14.720469603570107,21.857970929881553,35.985207816651766,18.694235472198248,31.522482636224154,35.506215525583265,15.210724879954025,28.185560412125675,23.229563377344142,27.432390276233637,27.09785090711362,36.18239143023703,23.483681772903697,18.049552420315447,47.33309415950055,41.97741326100433,31.052041752259694,26.911362126443656,37.39272861262134,21.686741261059897],
        [35.44841225493382,8.15136477119156,5.98264933246017,4.499829453327978,35.02655165114597,57.168293150370594,42.71789146729586,0.0,43.019087446138634,42.44920300029515,4.106287375154775,30.21720831576298,34.69193340684745,27.52765652316839,33.98328461028968,15.300109672764592,8.127567700877579,28.35741329188616,31.467126813201734,44.8222637749309,40.4616465122551,28.85509359487593,15.067576024050062,50.37930444179742,38.31060743285678,4.621645097007136,5.063336049036884,38.12775879419579,44.59570897527636,10.493209279754696,35.44841225493382],
        [8.154747156500026,38.51990719949651,37.627155176831195,38.64682347491776,61.98295658862026,46.76569947079397,25.703421103769646,43.019087446138634,0.0,24.49021732126486,47.10976410262306,31.637318850816914,42.62522540367054,51.75272674429607,11.162845060902844,27.720002650839035,39.54877643632531,29.576539260886403,46.83168160997667,47.57257419242441,49.86244251315558,14.359632283315289,45.495417834369846,48.91013777056618,8.44149513637965,47.01387709878681,39.48888180902117,52.08708254558842,50.713590010559564,43.94340755512411,8.154747156500026],
        [20.553043587213907,34.81795123595145,36.559990817468204,38.26210715873578,45.61021033596345,22.644740992818587,1.2152348299298228,42.44920300029515,24.49021732126486,0.0,46.113195053564176,15.033056245837912,22.664136315619537,36.53860786988149,17.61097617757459,30.93449586075938,35.356448257873645,15.300756685606164,28.880267012467648,24.345694095634574,28.409607673834916,26.10733724765736,36.33615733412813,24.684860398606585,16.86624404342543,47.06924265096296,41.57040947197206,31.94036203672752,27.99327515959843,37.400172498347665,20.553043587213907],
        [39.55435626471097,11.370694180733043,9.960103541586175,8.586647722152808,34.58941689300584,59.984385212396184,46.33081605995561,4.106287375154775,47.10976410262306,46.113195053564176,0.0,33.37862988189623,36.90035743182393,28.08177810296828,38.07774949072464,19.39002884277035,11.03129772450651,31.697375819493267,33.03748526130297,46.99150461724447,42.16892429760731,32.91637658471035,15.997473259944142,52.70856868684546,42.404579044862416,2.0604314055367903,8.367892278673143,39.431860084711055,46.450394144285916,11.732277961011013,39.55435626471097],
        [24.481732419796987,22.10073243658785,24.841389617808872,26.624027977887685,31.606531381471484,27.31189493259375,14.720469603570107,30.21720831576298,31.637318850816914,15.033056245837912,33.37862988189623,0.0,11.177436943104974,21.952130574153504,20.92928945788346,22.946873423466677,22.34795488149652,2.8234970917602285,15.414674447892006,18.690732535068555,18.758642711009866,25.53124497475542,21.61201091142025,22.669961031516877,23.274342899800036,34.690764302384984,30.69385076285507,20.476101113526166,20.698169729295024,23.30595936781805,24.481732419796987],
        [35.63830301148619,26.840654228524564,30.47961604721554,32.15567501728155,23.379050735143753,24.35782561835457,21.857970929881553,34.69193340684745,42.62522540367054,22.664136315619537,36.90035743182393,11.177436943104974,0.0,15.725117543241454,32.0760592537928,31.726572913378234,26.618477680157955,13.71417844469456,6.928435694958487,10.130355930308214,7.684983425724786,36.472027387140336,21.830218704589086,15.833066049647377,34.20338720885881,38.61780612978617,36.6415588946276,9.568573422171704,10.526740538010595,25.327764020271683,35.63830301148619],
        [43.82386755187246,21.901602584638045,25.867266435394377,27.012289293383706,10.279475147566217,39.4372676087012,35.985207816651766,27.52765652316839,51.75272674429607,36.53860786988149,28.08177810296828,21.952130574153504,15.725117543241454,0.0,40.591230254357335,32.00872639785959,21.0769990049659,22.984227253869236,8.875950148990768,23.487180590106828,16.77252677335541,41.75640660873467,12.481129451923001,29.542124018572004,43.86711666241757,30.106438100476574,31.314362705316768,12.602256482079621,21.310145915648036,17.06748409442325,43.82386755187246],
        [3.575753944308142,28.454192981837107,28.21723077729376,29.491110632626075,50.82686977438407,40.10267410437383,18.694235472198248,33.98328461028968,11.162845060902844,17.61097617757459,38.07774949072464,20.92928945788346,32.0760592537928,40.591230254357335,0.0,19.132060582965728,29.41091110241895,18.66537686271771,35.864842927674516,38.04733982899163,39.53006843621031,9.050186305809563,34.653749424375484,40.24734259160793,4.327524999995955,38.311045769999616,31.211649715607802,41.38825504241658,40.846211535835835,33.467718146066574,3.575753944308142],
        [20.24966610589543,12.17616218906477,10.158617383206476,10.974493318639944,41.74247123414233,49.72598539720451,31.522482636224154,15.300109672764592,27.720002650839035,30.93449586075938,19.39002884277035,22.946873423466677,31.726572913378234,32.00872639785959,19.132060582965728,0.0,13.294685682500907,20.265743115963613,31.664489167311757,41.0723064905193,39.064948781041515,13.60920900605562,21.508613035613216,45.550345129837424,23.42785877358224,19.366922588256983,12.084575596108303,38.57704687370802,42.237916969066106,18.34694837787296,20.24966610589543],
        [31.53395731187838,1.1185551226064,4.796162840230286,6.017363914881394,29.8350095620942,49.09806566396651,35.506215525583265,8.127567700877579,39.54877643632531,35.356448257873645,11.03129772450651,22.34795488149652,26.618477680157955,21.0769990049659,29.41091110241895,13.294685682500907,0.0,20.697582973080063,23.783344130037033,36.74590378627528,32.61635117668823,26.26491601863101,8.990827186737123,42.26375177317428,33.64472047593223,12.399125678169597,10.501196628336265,30.610492078465814,36.64994512573486,5.110223899789849,31.53395731187838],
        [22.175734317245283,20.337013340036354,22.795122057458162,24.57288750722378,32.930777786848545,29.69730254323091,15.210724879954025,28.35741329188616,29.576539260886403,15.300756685606164,31.697375819493267,2.8234970917602285,13.71417844469456,22.984227253869236,18.66537686271771,20.265743115963613,20.697582973080063,0.0,17.25590868720112,21.512920443713472,21.367493002490015,22.814413052542257,21.047016500547706,25.447748152579774,21.325173648840703,32.89992032618992,28.49793425183754,22.77789952042327,23.466547866936892,22.20736039487953,22.175734317245283],
        [39.32871365687957,24.27226369597647,28.205730256941404,29.711922652028562,16.745270749429764,30.66642920427776,28.185560412125675,31.467126813201734,46.83168160997667,28.880267012467648,33.03748526130297,15.414674447892006,6.928435694958487,8.875950148990768,35.864842927674516,31.664489167311757,23.783344130037033,17.25590868720112,0.0,15.054692846586814,9.171589816172549,38.82706374611377,17.179030856023477,21.12809152150896,38.56443081545018,34.9162948201508,34.24426575135661,6.980388095755943,13.603327288836983,21.312509421025027,39.32871365687957],
        [41.58966166542663,36.95336529424913,40.54754106602257,42.24046398480364,28.299341389373673,16.336860601143812,23.229563377344142,44.8222637749309,47.57257419242441,24.345694095634574,46.99150461724447,18.690732535068555,10.130355930308214,23.487180590106828,38.04733982899163,41.0723064905193,36.74590378627528,21.512920443713472,15.054692846586814,0.0,7.212964568360431,43.942818465550296,31.672827245976112,6.078518958589186,39.22502855343615,48.72895550941144,46.70632863921504,12.139909414430319,4.035712046847735,35.36270921691331,41.58966166542663],
        [43.10330975690815,33.00898437427157,36.848373644145575,38.43377580222897,21.09456106623245,23.54765591628243,27.432390276233637,40.4616465122551,49.86244251315558,28.409607673834916,42.16892429760731,18.758642711009866,7.684983425724786,16.77252677335541,39.53006843621031,39.064948781041515,32.61635117668823,21.367493002490015,9.171589816172549,7.212964568360431,0.0,44.151514298916624,26.349712877167615,13.012680352350525,41.42107725613381,44.02589523045977,42.968506122555134,4.928460896435408,4.552128477318141,30.43688055557148,43.10330975690815],
        [8.052818894717095,25.176627536340757,23.72365813001148,24.581487966517326,51.981347869397496,48.12733409203436,27.09785090711362,28.85509359487593,14.359632283315289,26.10733724765736,32.91637658471035,25.53124497475542,36.472027387140336,41.75640660873467,9.050186305809563,13.60920900605562,26.26491601863101,22.814413052542257,38.82706374611377,43.942818465550296,44.151514298916624,0.0,33.356695186945814,46.98367529869217,12.357290744931671,32.7259934476166,25.154125086747502,45.11816390255326,46.21548981574306,31.038476738862045,8.052818894717095],
        [37.34086676936469,9.970506388257025,13.740853363634635,14.700263902588455,20.845068337963863,45.88875838244535,36.18239143023703,15.067576024050062,45.495417834369846,36.33615733412813,15.997473259944142,21.61201091142025,21.830218704589086,12.481129451923001,34.653749424375484,21.508613035613216,8.990827186737123,21.047016500547706,17.179030856023477,31.672827245976112,26.349712877167615,33.356695186945814,0.0,37.594550993735986,38.592155989145866,17.952656282864798,18.88631833227142,23.438425372551187,30.735966104991082,4.586839393809068,37.34086676936469],
        [43.68758504354542,42.39769044606272,45.86180384116216,47.58806380731022,33.86937770858218,10.935346609547626,23.483681772903697,50.37930444179742,48.91013777056618,24.684860398606585,52.70856868684546,22.669961031516877,15.833066049647377,29.542124018572004,40.24734259160793,45.550345129837424,42.26375177317428,25.447748152579774,21.12809152150896,6.078518958589186,13.012680352350525,46.98367529869217,37.594550993735986,0.0,40.80621129460016,54.39790421492823,51.99503517139385,17.854543565605983,8.869877010546313,41.16075690281675,43.68758504354542],
        [4.525901051611927,32.704364395276045,32.53759600228246,33.81798628358913,54.02579520512332,39.48582890587224,18.049552420315447,38.31060743285678,8.44149513637965,16.86624404342543,42.404579044862416,23.274342899800036,34.20338720885881,43.86711666241757,4.327524999995955,23.42785877358224,33.64472047593223,21.325173648840703,38.56443081545018,39.22502855343615,41.42107725613381,12.357290744931671,38.592155989145866,40.80621129460016,0.0,42.63623184752833,35.51186141935586,43.687596762621524,42.30770388341244,37.597415979386255,4.525901051611927],
        [39.613514700457394,12.591396024102805,10.580069418102429,8.999595063449116,36.64602472489094,61.485931302556615,47.33309415950055,4.621645097007136,47.01387709878681,47.06924265096296,2.0604314055367903,34.690764302384984,38.61780612978617,30.106438100476574,38.311045769999616,19.366922588256983,12.399125678169597,32.89992032618992,34.9162948201508,48.72895550941144,44.02589523045977,32.7259934476166,17.952656282864798,54.39790421492823,42.63623184752833,0.0,7.686778680494898,41.36791748461507,48.2747934569601,13.606154655883413,39.613514700457394],
        [32.26419610264325,9.975904442948764,6.16195875114297,4.537151030442104,39.4127766237726,57.98085618889661,41.97741326100433,5.063336049036884,39.48888180902117,41.57040947197206,8.367892278673143,30.69385076285507,36.6415588946276,31.314362705316768,31.211649715607802,12.084575596108303,10.501196628336265,28.49793425183754,34.24426575135661,46.70632863921504,42.968506122555134,25.154125086747502,18.88631833227142,51.99503517139385,35.51186141935586,7.686778680494898,0.0,41.10141941795562,46.886689453329,14.35521322915832,32.26419610264325],
        [44.92601292701455,31.147931906360608,35.10828321198371,36.57965007930178,16.16780188846519,28.470477790112636,31.052041752259694,38.12775879419579,52.08708254558842,31.94036203672752,39.431860084711055,20.476101113526166,9.568573422171704,12.602256482079621,41.38825504241658,38.57704687370802,30.610492078465814,22.77789952042327,6.980388095755943,12.139909414430319,4.928460896435408,45.11816390255326,23.438425372551187,17.854543565605983,43.687596762621524,41.36791748461507,41.10141941795562,0.0,9.101291185395644,27.793026725410545,44.92601292701455],
        [44.414061093599784,36.97641276418102,40.7359645194376,42.36663137475214,25.003320193611607,19.715212876881463,26.911362126443656,44.59570897527636,50.713590010559564,27.99327515959843,46.450394144285916,20.698169729295024,10.526740538010595,21.310145915648036,40.846211535835835,42.237916969066106,36.64994512573486,23.466547866936892,13.603327288836983,4.035712046847735,4.552128477318141,46.21548981574306,30.735966104991082,8.869877010546313,42.30770388341244,48.2747934569601,46.886689453329,9.101291185395644,0.0,34.724977929734386,44.414061093599784],
        [35.84153765090785,6.215519624763303,9.554965654931323,10.304244498882591,25.148524963537206,48.90772643985769,37.39272861262134,10.493209279754696,43.94340755512411,37.400172498347665,11.732277961011013,23.30595936781805,25.327764020271683,17.06748409442325,33.467718146066574,18.34694837787296,5.110223899789849,22.20736039487953,21.312509421025027,35.36270921691331,30.43688055557148,31.038476738862045,4.586839393809068,41.16075690281675,37.597415979386255,13.606154655883413,14.35521322915832,27.793026725410545,34.724977929734386,0.0,35.84153765090785],
        [0.0,30.52575317497292,29.873411446882763,31.005146398714157,54.08456348920367,43.17216668688412,21.686741261059897,35.44841225493382,8.154747156500026,20.553043587213907,39.55435626471097,24.481732419796987,35.63830301148619,43.82386755187246,3.575753944308142,20.24966610589543,31.53395731187838,22.175734317245283,39.32871365687957,41.58966166542663,43.10330975690815,8.052818894717095,37.34086676936469,43.68758504354542,4.525901051611927,39.613514700457394,32.26419610264325,44.92601292701455,44.414061093599784,35.84153765090785,0.0]
    ],
    "end_depot": 30,
    "start_depot": 0,
    "truck_dist": [
        [0.0,38.552981471098036,34.9199161872066,35.08908558476372,76.46038440827841,49.82402847202625,25.29857794056698,39.46346949585283,11.193514751893787,24.311512139394846,43.98550689971072,32.73202597453333,47.256009583297384,61.97050405605314,4.580436886056482,21.336321109571358,40.134763115492206,30.290691476157708,54.52922000933775,49.56761197844559,56.105662891723135,10.644976545078492,51.15669140950297,47.1602801215569,6.398008924740736,42.19141986959203,32.405178439914714,60.74279594001498,55.08127690583566,47.27032803843598,0.0],
        [38.552981471098036,0.0,4.354510185653062,6.869886771929888,37.90740293718038,69.24851903131531,44.72306849985605,11.491758212859501,49.74649622299182,43.73600269868392,15.13515905998312,30.708325020656954,36.94724266448979,23.4175225849551,33.972544585041554,17.216660361526678,1.5817816443941677,27.548553269185337,30.38166177191924,51.08600912115802,43.25609175350741,34.50572824737283,12.603709938404931,59.3383747693019,38.37120562863876,17.431244180836554,12.698104456944074,38.05258805812817,49.61174913098922,8.71734656733794,38.552981471098036],
        [34.9199161872066,4.354510185653062,0.0,2.515376586276826,41.54046822107182,73.60302921696838,49.07757868550911,7.1372480272064385,46.11343093910039,48.090512884336974,10.780648874330058,35.06283520631001,41.301752850142854,27.050587868846534,30.33947930115012,13.583595077635245,5.214846928285601,31.9030634548384,34.7361719575723,55.44051930681108,47.610601939160475,30.872662963481396,16.236775222296366,63.69288495495496,34.73814034474733,13.076733995183492,8.343594271291012,42.407098243781235,53.96625931664228,12.350411851229373,34.9199161872066],
        [35.08908558476372,6.869886771929888,2.515376586276826,0.0,41.37129882351469,76.1184058032452,51.59295527178593,4.621871440929612,46.28260033665751,50.6058894706138,8.896421314946998,37.57821179258684,43.81712943641968,27.142529114110282,30.508648698707244,13.752764475192368,6.852625425640545,34.418440041115225,37.251548543849125,57.95589589308791,50.125978525437304,31.04183236103852,16.06760582473924,66.20826154123179,34.90730974230445,10.561357408906666,5.828217685014186,44.922474830058064,56.48163590291911,12.18124245367225,35.08908558476372],
        [76.46038440827841,37.90740293718038,41.54046822107182,41.37129882351469,0.0,47.80174467055317,59.12223435605619,36.996914912425595,87.6538991601722,60.52910765806513,36.581933420745266,43.72835843374509,29.204374824981034,14.489880352225278,71.87994752222193,55.12406329870706,36.32562129278622,46.16969293212071,21.93116439894067,29.639234760395876,21.80931739274527,72.41313118455321,25.303692998775453,37.89160040853975,76.27860856581914,38.8780185415987,44.0552059683637,16.605813697366028,28.164974770227076,29.190056369842445,76.46038440827841],
        [49.82402847202625,69.24851903131531,73.60302921696838,76.1184058032452,47.80174467055317,0.0,24.525450531459267,80.74027724417482,47.048234914856216,25.5125163326314,84.38367809129844,38.54019401065836,32.301276366825526,48.97587668913492,47.68121945736263,68.92532047832154,69.26578037760467,41.69996576212998,38.86685725939608,18.162509910157297,25.992427277807902,60.46900501710474,62.92645520174976,11.872348194353638,43.42601954728551,86.67976321215187,81.94662348825939,31.195930973187142,19.793344978632394,68.1201408870051,49.82402847202625],
        [25.29857794056698,44.72306849985605,49.07757868550911,51.59295527178593,59.12223435605619,24.525450531459267,0.0,56.21482671271555,28.531664804116012,1.4068733020089432,59.858227559839165,15.3938759223111,29.91785953107516,44.63235400383091,23.15576892590336,44.39986994686226,44.74032984614539,17.17451523067071,37.19106995711552,32.229461926223365,38.76751283950091,35.94355448564547,38.4010046702905,29.822130069334676,18.900569015826242,62.1543126806926,57.42117295680012,43.40464588779275,37.74312685361343,43.59469035554584,25.29857794056698],
        [39.46346949585283,11.491758212859501,7.1372480272064385,4.621871440929612,36.996914912425595,80.74027724417482,56.21482671271555,0.0,50.656984247746614,55.22776091154341,4.522037403857897,42.20008323351645,48.439000877349294,31.764400555039895,34.883032609796345,18.12714838628147,11.474496866570156,39.04031148204484,41.87341998477874,62.57776733401752,54.747849966366914,35.41621627212762,17.813822042425052,70.8301329821614,39.28169365339355,5.939485967977053,7.058291055938111,49.544346270987674,61.10350734384872,12.620136357169706,39.46346949585283],
        [11.193514751893787,49.74649622299182,46.11343093910039,46.28260033665751,87.6538991601722,47.048234914856216,28.531664804116012,50.656984247746614,0.0,27.12479150210707,55.17902165160451,43.925540726427116,58.44952433519117,73.16401880794692,15.773951637950269,32.529835861465145,51.32827786738599,41.48420622805149,65.72273476123154,60.76112673033938,67.29917764361693,15.240767975618994,62.350206161396756,58.35379487345069,11.37529059435306,53.38493462148582,43.5986931918085,71.93631069190877,66.27479165772945,58.463842790329764,11.193514751893787],
        [24.311512139394846,43.73600269868392,48.090512884336974,50.6058894706138,60.52910765806513,25.5125163326314,1.4068733020089432,55.22776091154341,27.12479150210707,0.0,58.87116175866703,16.800749224320043,31.324732833084102,46.03922730583986,22.168703124731227,43.41280414569013,43.753264044973264,16.187449429498578,38.59794325912446,33.63633522823231,40.174386141509856,34.95648868447334,37.41393886911837,31.22900337134362,17.91350321465411,61.16724687952046,56.434107155627984,44.8115191898017,39.15000015562238,42.607624554373714,24.311512139394846],
        [43.98550689971072,15.13515905998312,10.780648874330058,8.896421314946998,36.581933420745266,84.38367809129844,59.858227559839165,4.522037403857897,55.17902165160451,58.87116175866703,0.0,45.843484080640074,52.082401724472916,35.407801402163514,39.40507001365424,22.649185790139367,15.117897713693775,42.68371232916846,45.516820831902365,66.22116818114114,58.39125081349053,39.93825367598552,21.45722288954867,74.47353382928502,43.80373105725145,2.296085120853434,11.580328459796007,53.18774711811129,64.74690819097233,16.263537204293325,43.98550689971072],
        [32.73202597453333,30.708325020656954,35.06283520631001,37.57821179258684,43.72835843374509,38.54019401065836,15.3938759223111,42.20008323351645,43.925540726427116,16.800749224320043,45.843484080640074,0.0,14.523983608764059,29.238478081519816,28.151589088476843,30.385126467663166,30.7255863669463,3.1597717514716166,21.797194034804424,20.377684100501067,23.373636917189813,28.68477275080812,24.386261191091403,28.630049748644947,32.550250132074055,48.13956920149351,43.40642947760102,28.010769965481654,22.349250931302336,29.57994687634675,32.73202597453333],
        [47.256009583297384,36.94724266448979,41.301752850142854,43.81712943641968,29.204374824981034,32.301276366825526,29.91785953107516,48.439000877349294,58.44952433519117,31.324732833084102,52.082401724472916,14.523983608764059,0.0,16.674600322309395,42.6755726972409,36.624044111496005,36.96450401077914,16.965318107139677,7.2732104260403645,14.138766456668229,8.849653308425752,43.20875635957218,30.62517883492424,22.391132104812108,47.07423374083811,54.37848684532635,49.645347121433865,13.486786356717595,12.664506466499427,35.81886452017959,47.256009583297384],
        [61.97050405605314,23.4175225849551,27.050587868846534,27.142529114110282,14.489880352225278,48.97587668913492,44.63235400383091,31.764400555039895,73.16401880794692,46.03922730583986,35.407801402163514,29.238478081519816,16.674600322309395,0.0,57.390067169996655,40.63418294648178,21.835740940560935,31.679812579895433,10.109019429738844,30.81336677897762,22.983449411327015,57.92325083232793,13.950578512614845,39.0657324271215,61.78872821359386,37.70388652301695,32.97074679912447,17.779945715947775,29.33910678880882,19.14426419787019,61.97050405605314],
        [4.580436886056482,33.972544585041554,30.33947930115012,30.508648698707244,71.87994752222193,47.68121945736263,23.15576892590336,34.883032609796345,15.773951637950269,22.168703124731227,39.40507001365424,28.151589088476843,42.6755726972409,57.390067169996655,0.0,21.2441010209589,35.55432622943572,25.710254590101226,49.94878312328127,44.98717509238911,51.52522600566665,12.787785559742112,46.57625452344649,42.57984323550042,4.398661043597208,38.99854375478924,34.26540403089676,56.1623590539585,50.500840019779176,42.689891152379495,4.580436886056482],
        [21.336321109571358,17.216660361526678,13.583595077635245,13.752764475192368,55.12406329870706,68.92532047832154,44.39986994686226,18.12714838628147,32.529835861465145,43.41280414569013,22.649185790139367,30.385126467663166,36.624044111496005,40.63418294648178,21.2441010209589,0.0,18.798442005920847,27.22535471619155,33.19289889976639,50.762810568164234,42.932893200513625,17.28906788584615,29.82037029993161,59.01517621630811,25.499300931036018,20.855098760020677,13.021303009937862,39.40647483044362,49.28855057799543,25.93400692886462,21.336321109571358],
        [40.134763115492206,1.5817816443941677,5.214846928285601,6.852625425640545,36.32562129278622,69.26578037760467,44.74032984614539,11.474496866570156,51.32827786738599,43.753264044973264,15.117897713693775,30.7255863669463,36.96450401077914,21.835740940560935,35.55432622943572,18.798442005920847,0.0,27.565814615474682,30.398923118208586,51.103270467447366,43.27335309979676,36.087509891767,11.021928294010763,59.355636115591246,39.95298727303293,17.413982834547213,12.680843110654731,38.06984940441752,49.62901047727856,7.135564922943772,40.134763115492206],
        [30.290691476157708,27.548553269185337,31.9030634548384,34.418440041115225,46.16969293212071,41.69996576212998,17.17451523067071,39.04031148204484,41.48420622805149,16.187449429498578,42.68371232916846,3.1597717514716166,16.965318107139677,31.679812579895433,25.710254590101226,27.22535471619155,27.565814615474682,0.0,24.23852853318004,23.537455851972684,25.81497141556543,26.2434382524325,21.226489439619787,31.789821500116563,30.108915633698434,44.97979745002189,40.24665772612941,30.45210446385727,24.790585429677954,26.420175124875133,30.290691476157708],
        [54.52922000933775,30.38166177191924,34.7361719575723,37.251548543849125,21.93116439894067,38.86685725939608,37.19106995711552,41.87341998477874,65.72273476123154,38.59794325912446,45.516820831902365,21.797194034804424,7.2732104260403645,10.109019429738844,49.94878312328127,33.19289889976639,30.398923118208586,24.23852853318004,0.0,20.70434734923878,12.874429981588174,50.48196678561254,24.05959794235369,28.95671299738266,54.347444166878475,47.8129059527558,43.07976622886331,7.670926286208932,19.230087359069977,29.253283627609036,54.52922000933775],
        [49.56761197844559,51.08600912115802,55.44051930681108,57.95589589308791,29.639234760395876,18.162509910157297,32.229461926223365,62.57776733401752,60.76112673033938,33.63633522823231,66.22116818114114,20.377684100501067,14.138766456668229,30.81336677897762,44.98717509238911,50.762810568164234,51.103270467447366,23.537455851972684,20.70434734923878,0.0,7.829917367650606,45.520358754720384,44.76394529159247,8.252365648143881,49.38583613598632,68.51725330199457,63.784113578102094,13.033421063029849,5.51366492739007,49.95763097684782,49.56761197844559],
        [56.105662891723135,43.25609175350741,47.610601939160475,50.125978525437304,21.80931739274527,25.992427277807902,38.76751283950091,54.747849966366914,67.29917764361693,40.174386141509856,58.39125081349053,23.373636917189813,8.849653308425752,22.983449411327015,51.52522600566665,42.932893200513625,43.27335309979676,25.81497141556543,12.874429981588174,7.829917367650606,0.0,52.05840966799793,36.93402792394186,16.082283015794488,55.92388704926386,60.68733593434396,55.954196210451485,5.203503695379242,6.355657377481805,42.12771360919721,56.105662891723135],
        [10.644976545078492,34.50572824737283,30.872662963481396,31.04183236103852,72.41313118455321,60.46900501710474,35.94355448564547,35.41621627212762,15.240767975618994,34.95648868447334,39.93825367598552,28.68477275080812,43.20875635957218,57.92325083232793,12.787785559742112,17.28906788584615,36.087509891767,26.2434382524325,50.48196678561254,45.520358754720384,52.05840966799793,0.0,47.10943818577776,50.558860755091324,17.04298546981923,38.144166645866825,28.357925216189507,56.69554271628977,51.03402368211045,43.22307481471077,10.644976545078492],
        [51.15669140950297,12.603709938404931,16.236775222296366,16.06760582473924,25.303692998775453,62.92645520174976,38.4010046702905,17.813822042425052,62.350206161396756,37.41393886911837,21.45722288954867,24.386261191091403,30.62517883492424,13.950578512614845,46.57625452344649,29.82037029993161,11.021928294010763,21.226489439619787,24.05959794235369,44.76394529159247,36.93402792394186,47.10943818577776,0.0,53.01631093973635,50.974915567043695,23.753308010402108,19.020168286509627,31.730524228562622,43.28968530142367,5.193685685255346,51.15669140950297],
        [47.1602801215569,59.3383747693019,63.69288495495496,66.20826154123179,37.89160040853975,11.872348194353638,29.822130069334676,70.8301329821614,58.35379487345069,31.22900337134362,74.47353382928502,28.630049748644947,22.391132104812108,39.0657324271215,42.57984323550042,59.01517621630811,59.355636115591246,31.789821500116563,28.95671299738266,8.252365648143881,16.082283015794488,50.558860755091324,53.01631093973635,0.0,46.97850427909763,76.76961895013845,72.03647922624597,21.285786711173728,9.726625638312683,58.209996624991696,47.1602801215569],
        [6.398008924740736,38.37120562863876,34.73814034474733,34.90730974230445,76.27860856581914,43.42601954728551,18.900569015826242,39.28169365339355,11.37529059435306,17.91350321465411,43.80373105725145,32.550250132074055,47.07423374083811,61.78872821359386,4.398661043597208,25.499300931036018,39.95298727303293,30.108915633698434,54.347444166878475,49.38583613598632,55.92388704926386,17.04298546981923,50.974915567043695,46.97850427909763,0.0,43.253743664866356,38.52060394097388,60.561020097555705,54.899501063376384,47.0885521959767,6.398008924740736],
        [42.19141986959203,17.431244180836554,13.076733995183492,10.561357408906666,38.8780185415987,86.67976321215187,62.1543126806926,5.939485967977053,53.38493462148582,61.16724687952046,2.296085120853434,48.13956920149351,54.37848684532635,37.70388652301695,38.99854375478924,20.855098760020677,17.413982834547213,44.97979745002189,47.8129059527558,68.51725330199457,60.68733593434396,38.144166645866825,23.753308010402108,76.76961895013845,43.253743664866356,0.0,9.78624142967732,55.48383223896472,67.04299331182577,18.559622325146762,42.19141986959203],
        [32.405178439914714,12.698104456944074,8.343594271291012,5.828217685014186,44.0552059683637,81.94662348825939,57.42117295680012,7.058291055938111,43.5986931918085,56.434107155627984,11.580328459796007,43.40642947760102,49.645347121433865,32.97074679912447,34.26540403089676,13.021303009937862,12.680843110654731,40.24665772612941,43.07976622886331,63.784113578102094,55.954196210451485,28.357925216189507,19.020168286509627,72.03647922624597,38.52060394097388,9.78624142967732,0.0,50.750692515072245,62.30985358793329,14.86514959852126,32.405178439914714],
        [60.74279594001498,38.05258805812817,42.407098243781235,44.922474830058064,16.605813697366028,31.195930973187142,43.40464588779275,49.544346270987674,71.93631069190877,44.8115191898017,53.18774711811129,28.010769965481654,13.486786356717595,17.779945715947775,56.1623590539585,39.40647483044362,38.06984940441752,30.45210446385727,7.670926286208932,13.033421063029849,5.203503695379242,56.69554271628977,31.730524228562622,21.285786711173728,60.561020097555705,55.48383223896472,50.750692515072245,0.0,11.559161072861047,36.92420991381797,60.74279594001498],
        [55.08127690583566,49.61174913098922,53.96625931664228,56.48163590291911,28.164974770227076,19.793344978632394,37.74312685361343,61.10350734384872,66.27479165772945,39.15000015562238,64.74690819097233,22.349250931302336,12.664506466499427,29.33910678880882,50.500840019779176,49.28855057799543,49.62901047727856,24.790585429677954,19.230087359069977,5.51366492739007,6.355657377481805,51.03402368211045,43.28968530142367,9.726625638312683,54.899501063376384,67.04299331182577,62.30985358793329,11.559161072861047,0.0,48.48337098667901,55.08127690583566],
        [47.27032803843598,8.71734656733794,12.350411851229373,12.18124245367225,29.190056369842445,68.1201408870051,43.59469035554584,12.620136357169706,58.463842790329764,42.607624554373714,16.263537204293325,29.57994687634675,35.81886452017959,19.14426419787019,42.689891152379495,25.93400692886462,7.135564922943772,26.420175124875133,29.253283627609036,49.95763097684782,42.12771360919721,43.22307481471077,5.193685685255346,58.209996624991696,47.0885521959767,18.559622325146762,14.86514959852126,36.92420991381797,48.48337098667901,0.0,47.27032803843598],
        [0.0,38.552981471098036,34.9199161872066,35.08908558476372,76.46038440827841,49.82402847202625,25.29857794056698,39.46346949585283,11.193514751893787,24.311512139394846,43.98550689971072,32.73202597453333,47.256009583297384,61.97050405605314,4.580436886056482,21.336321109571358,40.134763115492206,30.290691476157708,54.52922000933775,49.56761197844559,56.105662891723135,10.644976545078492,51.15669140950297,47.1602801215569,6.398008924740736,42.19141986959203,32.405178439914714,60.74279594001498,55.08127690583566,47.27032803843598,0.0]
    ],
    "vertex_count": 31
}