{
    "drone_dist": [
        [0.0,4889.828310763852,1150.6393806868923,735.2946710201126,4608.977802404574,4048.6235135888946,5465.782153067612,3750.63913415681,3705.2810466580786,1329.617155766781,1651.4403608672637,858.3327599727411,4424.242420749691,4163.034647472155,3773.5163510381635,4295.949575756514,3421.65948286922,3044.202595167563,3039.0434171722686,6416.539150984112,4642.950098577414,3731.822558232523,2947.996657112331,1350.7306625059086,3714.0405002815214,4432.74166553835,1816.8969375099737,4775.560575314066,4653.383734459412,4994.891977110926,4487.323748861042,4595.056064707064,3348.135721285903,2919.7204686803607,4761.398205652362,4263.602085211098,2261.6354476973725,5007.917892475132,3454.8926328024772,1518.1182485076556,4331.4787942853145,3532.686083439415,2829.2008004715594,3614.3906359936846,3960.879800719452,3066.498779815759,654.4284230093091,3486.424217667126,6359.7814813048335,4862.315141780582,808.7124315328814,1471.9362678203065,3886.74672682836,5876.05864304253,1517.129602891398,4543.5396382671015,4572.725755370815,2226.9562859477414,1347.8639612603997,2784.370452565775,2642.1742469089077,4639.492348547379,1363.7451204535676,1418.6011156584798,2826.23894461406,3382.164415842314,723.6631677165057,2882.070779938667,4001.7590594442863,895.6400131014,2592.0037417686653,3275.350809071806,2504.9793744028134,2664.885606305761,1151.2171585689973,2040.2921433670085,2659.627139074042,5409.192510128321,4376.239439308177,4001.488881877273,3525.564049307829,3476.144466724324,4077.2416082577174,1167.9878708744645,4415.707877725747,4868.598500693651,235.49014135315025,5457.712133672595,2658.923183749428,5094.428181966542,4183.1840603642295,2394.5412366621204,4338.529638714949,4646.810390336596,3196.3981877563847,3349.750633133791,3117.750723965499,3334.9862675829418,1926.578505891548,3284.6302440272448,0.0],
        [4889.828310763852,0.0,3947.8279578888487,4154.534285766405,2926.475466060564,946.5344254432805,667.5997263015373,3818.1364382837883,3712.344773165635,3805.1864258974606,3633.0295115182375,4228.218496293134,2392.2236916692545,2364.993626761926,1185.7796163072057,2927.762140056929,1468.24799979012,3800.6687166428123,1985.7972301883203,1771.3734205571943,1819.9808654008086,2992.588830142335,2436.4274796327286,4234.385508965567,2556.064175676008,1580.9187187566972,3152.336038722942,623.8582590416737,1824.5900951973933,1609.1705056402907,2422.3022839483847,491.963474286294,2797.7683544945153,2263.3247925117516,241.18960087078153,3958.772705947728,2641.230229139611,593.9246497216734,1970.9982039405775,3519.1867312130494,1148.147623621683,3519.9842766156344,3707.099827239223,4124.878936390808,2998.0179657501612,3859.0890869404298,4610.569205512002,3154.8867649059516,1759.2771075897344,1416.8154660846926,4123.14365766553,3556.268944773014,2050.984516966333,1495.4753941303338,3950.5497065990853,3025.1257601905027,2628.2737183789673,3469.1129931552587,3667.929287806729,4150.885625549632,3191.7261403638695,1993.1287763370156,3595.263254840485,3885.1011626906143,2447.0819041333866,3067.896361879551,4216.189035356217,3395.2757990290334,1539.948015011015,4035.8818029821937,3666.281181026696,2441.1789871120354,3087.7869537029,2484.1120480050827,3787.7216710931525,2877.5575986292406,3880.751236057392,728.0275737544639,2646.3759328843585,1401.168897375499,1849.7735732982455,2000.6767362368505,2096.2727599160667,3725.6262517139476,2297.894600423723,113.06287871158963,4829.845638060471,622.6076231083304,3041.7182575033426,208.0697316834664,2158.574262109273,2781.2732358280527,1420.4823726440982,1232.8664106891981,3552.4354995863114,2368.4214435139647,3841.012303258781,2749.4088452608166,3229.0269124153874,3567.97233486143,4889.828310763852],
        [1150.6393806868923,3947.8279578888487,0.0,644.006948762107,4286.149308756172,3049.137172265119,4473.676600114383,3753.6363541039254,3679.8516585916204,179.20913784639342,1556.970058650972,306.33778174382536,3274.324193046205,3720.6229442497333,2780.991289032289,3997.8214732706283,2508.973774804852,3100.475932706238,1999.6170146509244,5586.730882322952,3511.728743942939,3482.0032915243028,1818.5379783046706,1692.3215275688633,3329.5688528032647,3791.0022035218863,797.2768988086129,3936.8126714222376,3521.9412013640754,3878.2360604329865,4046.7686359087757,3598.712378217684,3035.9788320274097,1824.691825382234,3853.071202332797,4251.819066817204,1333.8159791915919,4157.616319557338,2852.6660085409403,429.4287860588402,3260.3892226332973,3459.7863053427513,2861.4326227068314,3727.2692530947224,3702.701960919734,3142.5497830051227,1345.2413793219596,3296.1850360097533,5541.656167958921,3757.8431685772507,855.2164513801308,391.57617382907154,3354.875814618695,5095.39165698803,479.0481327412275,4251.523887956185,4177.983492098744,1101.622521846373,286.5155067257984,2993.3363428194434,1501.8725802117249,4088.2311770894557,1013.3820432868472,318.4671769044655,1708.3224139724903,3164.5837385542172,462.2858476360825,1771.5096669461097,2902.906726867422,846.6059724870809,2613.501742483295,2827.1156594480344,1355.1481848516712,1568.1059447747862,893.6328204761899,1089.6213807622823,2770.3055313026184,4396.290854316778,3998.861866578444,3290.6837727662287,2422.772852923672,2888.749262093562,3563.080639773769,697.2715236564736,3947.638478555525,3910.4166670678915,991.308929842601,4546.788477793831,1509.9982724011347,4144.74899149937,3685.6467483156307,1278.995725894481,3238.233373060355,3927.590836825856,3154.0080100359246,2206.5303912692734,3183.450828257472,2185.07077906644,1580.6543882808935,3243.065962195599,1150.6393806868923],
        [735.2946710201126,4154.534285766405,644.006948762107,0.0,4034.4212444628993,3317.7065090056462,4732.3668715610565,3329.28238150402,3267.5941640418223,791.0482959113548,1115.9974026986588,510.28164354631735,3800.021709914882,3536.5834443351964,3042.2809415527554,3729.558373503053,2686.3677520300766,2643.2420060072086,2320.8117881549556,5691.752001355976,3970.112527945099,3181.2119653327754,2285.5401366362958,1090.659262475945,3105.4903162644164,3743.3906042082267,1115.778393560747,4047.1259233169526,3980.7967099193056,4305.2027112956,3864.1565259129866,3862.871585680187,2764.642958416588,2227.0851896178397,4026.837497042118,3839.3587405632957,1529.8265185381636,4278.458176959709,2769.2512208272037,875.5692400821524,3617.3995415150525,3067.0882845762735,2410.1052507918694,3255.4181330041106,3409.0821909938795,2677.6256273125446,710.3203462519402,2960.6124006538807,5636.787855368973,4163.7186174054295,238.3610986869595,829.8874358437447,3226.467918420181,5159.001679095107,1117.8152361781067,3981.9446037472626,3968.0156899763647,1723.6629707192533,716.0259165192269,2473.6146885941694,2100.2903073290954,3978.3562451099183,684.3779889460092,962.4576319220564,2152.657546255317,2841.7687289738356,252.25142423778755,2395.720987725646,3303.0021578991064,274.98325094287554,2161.302516395332,2636.9372072348206,1926.8311869929462,1976.940284487873,477.54368318244616,1314.388302308308,2283.8560651365397,4678.186567380981,3776.994309632029,3292.8463448459484,2832.338056148957,2794.910587276513,3424.473303511243,437.39801020322517,3781.7895168310474,4133.552885488686,707.4691867027814,4723.403939574267,2084.6659519506816,4359.166810185397,3536.976978557137,1726.7126133651504,3639.12271171858,3939.2307922769915,2742.135926825897,2706.443194854337,2723.5988199054236,2744.9591058372716,1290.4346722497207,2832.2523510246347,735.2946710201126],
        [4608.977802404574,2926.475466060564,4286.149308756172,4034.4212444628993,0.0,3099.485080724253,3496.6487479245943,1362.9044513126048,1305.3856396303095,4252.018941694632,2959.1803593145887,4419.550398486372,4852.9723095853205,687.5042271134419,3042.650246975025,317.9521183951016,2697.9417302736483,1854.6759298338277,3343.028246577199,3081.8299359462353,4453.518471276479,888.4884478645238,3945.35471025491,3350.958942601839,960.8963302764325,1349.7211637092717,3690.238068200689,2312.2217245977567,4462.095735542837,4405.680478262774,505.94412122206796,3185.3493782859487,1269.8035710642716,3667.9705663675695,2689.4941987137677,1204.3162336041441,3232.0413921600716,2437.8424733084466,1641.0340560369107,3992.121269232313,3662.840921604074,1296.0210708543207,1964.1571330254862,1725.1662185024172,666.0312485525267,1877.4838924699466,4028.089105982965,1161.8728265041398,2984.021175229397,4190.561041934405,3851.977728256094,3998.274386772349,1145.2016355514454,2484.272937356118,4598.0185950248515,132.77283355142873,298.93830569961347,4574.581556822193,4039.2361976865586,2289.4729772656133,4570.8378754314535,948.9740811722903,3361.255771312819,4443.366989668886,3834.5840715032837,1240.0556159621192,4241.854280602326,4925.071773931534,3819.5156252650945,3778.7484624378367,2134.0750402792173,1474.459237617544,4355.647047350711,3698.162970984465,3558.3239782315964,3413.4622989849836,2193.5476849355605,3620.9467526159683,338.77931547729685,1724.554732978325,3759.1004901008787,1587.0024954631774,970.0587196677491,3667.0555005972665,638.22484237352,3020.244408505827,4693.364141235776,2964.762709304504,4421.665107987102,3047.1479491607547,853.9260500230777,3842.6755856743816,3934.9950097882524,1700.3042849207561,1586.366661186183,4206.222644962284,1827.3225955390549,4584.7572799634945,2749.2640700372854,1523.835266981021,4608.977802404574],
        [4048.6235135888946,946.5344254432805,3049.137172265119,3317.7065090056462,3099.485080724253,0.0,1425.2571565345263,3668.092405008346,3558.153558903477,2897.9392490147006,2960.9302663195303,3339.103381528378,1773.4068366274557,2435.827507130099,275.65304449437355,3002.100243751797,731.5053967998934,3476.8685898921594,1057.1361472936564,2707.0415487347827,1360.2921454527516,2884.143267222331,1491.6979137821402,3555.829730943672,2450.1776978890416,1824.0143425544659,2263.2323864941995,1224.4978228204732,1369.4239865517682,1396.1976921319576,2609.9819224521016,549.9748823122962,2563.232485206208,1318.3676303808268,940.5379951224646,3924.704613198838,1787.886499380131,1362.3867315107454,1695.2144991828104,2619.9110550055275,579.5265670809085,3331.492575412933,3332.2752066878425,3919.2775141229954,2961.4365820724283,3538.8860138460022,3838.3496326098402,2966.057296268157,2687.463848867086,1183.4212680827447,3316.412545967368,2659.5669472896025,2011.0567692760299,2360.907281233808,3019.4531290895143,3166.6783932672197,2823.656973188854,2522.647943487824,2776.0751502141015,3756.715995348192,2250.439900947035,2288.1833946193433,2820.7645570251593,2963.2810718611704,1500.742250068116,2848.257565880853,3351.895293318834,2470.9487918663367,756.2855122679034,3231.8930946860114,3232.6069650675654,2153.509699482401,2141.5784191796433,1545.0995799162995,2995.769937121793,2010.1017885818549,3464.389136300495,1360.5915638379722,2772.8638920917892,1375.1979984142492,931.7141724639519,1743.7435957270595,2143.2753236820345,2903.6120024701513,2471.024952845199,884.651347488059,3967.6473402294982,1569.0810486104717,2098.6557952733533,1122.7658183484043,2248.7622439435936,1845.1685200820905,837.016069825239,1631.7075200842469,3273.3769505999753,1462.8746905559594,3533.74040323951,1859.2940298336398,2560.1863512766176,3311.7004622352483,4048.6235135888946],
        [5465.782153067612,667.5997263015373,4473.676600114383,4732.3668715610565,3496.6487479245943,1425.2571565345263,0.0,4461.258757941249,4356.866847920049,4320.801586491889,4273.858591785017,4764.3326078012105,2405.902707467994,2979.660461941914,1696.9747125329768,3529.4809661883264,2065.803657687651,4464.943521964866,2476.815689822093,1638.6923858634855,1783.5176323149572,3635.1992161387807,2832.5934725714237,4875.567263361073,3203.253722395162,2177.0499157676736,3688.4196957554564,1199.5038577999403,1784.115160666539,1439.3110703113202,3000.7529668398706,875.286242114588,3458.5954239273374,2706.940551136032,892.9242068750667,4576.152216583503,3204.4995515781698,1060.091400915389,2638.1820234618153,4044.641647607143,1356.6831131212557,4171.086331793128,4374.00687000583,4775.3359287820285,3626.5108221758883,4522.99236915969,5222.579271448479,3808.372190126988,1665.2587261363858,1310.9416293959896,4718.077233015383,4084.5446012891853,2695.802205855761,1609.130702166917,4426.09821562383,3604.0406755629697,3197.999764474772,3879.216361488586,4201.297309339035,4817.994320498745,3554.472044123174,2548.769264025125,4203.570691889207,4379.042943426147,2874.0841282499714,3725.651428365627,4774.640312931809,3702.4663822747348,1788.3837353810973,4632.007477000311,4333.796597314282,3107.233825710559,3486.282484150046,2948.4589761160814,4388.998645245366,3431.6596340791816,4548.328117513693,192.9600704678468,3238.54965463065,2059.3970129559593,2199.7710341621637,2667.2335965564653,2723.4421662032923,4311.405753217076,2885.073838151429,636.241018761205,5390.422567041389,626.3084760523531,3415.666343216404,480.2912999743053,2773.8084260876826,3250.8693996431666,1553.2492799282363,1800.656417993089,4213.908227075853,2670.3811297350203,4503.998989475076,3011.776310895346,3868.8990572974612,4227.199968725468,5465.782153067612],
        [3750.63913415681,3818.1364382837883,3753.6363541039254,3329.28238150402,1362.9044513126048,3668.092405008346,4461.258757941249,0.0,109.96651588397312,3776.0734940192297,2219.832871105114,3797.8506658053284,5257.396398078129,1529.187575224027,3514.897740493878,1114.678533781027,3054.118248502793,707.4632331116289,3503.8456674867516,4359.317161214595,4996.356700690835,826.1160691411895,4023.1353854758786,2403.667766894462,1263.0644386481965,2326.3553869688126,3372.566199756846,3272.681816076481,5006.511117832119,5062.2055258726205,1655.4348684442828,3933.5110050640515,1112.2709810017989,3761.1791270695867,3579.129977556098,513.466543582044,3069.543401827568,3456.9943399056015,1972.8935041002637,3576.7656522082425,4244.5023646689815,352.5681619878034,924.9510893639356,364.26913535249093,869.6892925580562,691.8484469671599,3110.370422674084,703.4577533333428,4265.397775835189,4847.337142919225,3107.3622253824838,3566.9685926597576,1767.2639052571897,3743.6800067680365,4160.365466776164,1235.6231195488162,1554.5891371965668,4353.184832609964,3566.2990119935307,1057.6293533203589,4477.639955765154,2102.3568635147367,2742.4037361260916,3987.9220482405008,3880.949810987993,831.0802392318016,3570.8162919340934,4853.5344631691005,4267.753350050295,3054.597811855945,1170.4724276941322,1527.9977763236895,4245.219205113548,3697.20730383164,2893.865432867141,3168.106918937442,1095.9671437491334,4545.878635877012,1399.123002089838,2425.9997099997586,4055.481707128536,1924.6171598168844,1748.0789018456203,3063.0519679012464,1712.5251375617531,3888.276477792264,3888.104604554476,4026.3496486885397,4352.350517532541,3983.1743111286382,1722.4704156286662,3737.1004723437427,4474.194358665512,2717.8850202261638,600.7521554546514,4385.230817527395,638.2716973722203,4704.120209636152,2194.5428933630587,513.2436167412369,3750.63913415681],
        [3705.2810466580786,3712.344773165635,3679.8516585916204,3267.5941640418223,1305.3856396303095,3558.153558903477,4356.866847920049,109.96651588397312,0.0,3698.479035018735,2154.7278504177884,3730.8989201889485,5148.816672934073,1434.7566353078034,3405.0300864222177,1043.1250512529828,2944.6855521932066,673.3781473682486,3397.996985762681,4275.000742014422,4886.51153572314,721.9924269693171,3920.3036142030683,2362.4997852331176,1156.5465120699855,2227.7652166440307,3284.164206364163,3169.9276538334234,4896.661134785885,4952.32799915803,1573.6666268031656,3824.7976007325155,1002.6417437373243,3657.461057917275,3473.617696211038,573.1206980547682,2972.722673746036,3356.0855801820785,1862.9488829754566,3494.6601731382734,4134.538522887387,248.13309962945985,876.1078830323297,443.40145184612857,779.4723361880984,667.2794812962105,3069.3303268830896,593.5714941433605,4181.694613030952,4737.487862042615,3048.2752005635525,3485.8147839386907,1661.8813418927532,3658.1339094238074,4081.384235575043,1181.274707040839,1482.4144301274032,4262.5764268153935,3487.8103894636292,1054.390115587698,4381.560607073477,2014.7049533725944,2670.675686465555,3909.616031204002,3778.8079317252195,722.068242796151,3507.120101300642,4757.19075911119,4158.289853555529,2993.3940967429535,1116.276334212226,1418.4038038607237,4149.411500787274,3596.1999494809843,2826.672764830324,3075.317277613746,1062.3854470952674,4440.217165874879,1320.0841326411323,2318.814859060485,3947.724055725493,1814.7165034793895,1647.371749421619,2991.851575711388,1625.2555066503041,3781.811304810969,3837.7124081221377,3926.300930955809,4255.097819125062,3878.4225683268264,1625.4319459883193,3639.9785685174993,4364.291269393124,2619.0736759984215,527.2422214329008,4280.2053913095215,612.6240968433825,4601.042811503245,2114.151396422044,437.4441504677566,3705.2810466580786],
        [1329.617155766781,3805.1864258974606,179.20913784639342,791.0482959113548,4252.018941694632,2897.9392490147006,4320.801586491889,3776.0734940192297,3698.479035018735,0.0,1608.0495905657804,483.1400627426384,3095.1322619006305,3669.9026379778234,2632.1616795229857,3969.689096093459,2378.344012159031,3137.7926797703694,1844.291313972767,5460.731105211797,3334.84820757107,3466.1321495616007,1642.9294539984448,1799.2485563686155,3292.233936047897,3704.4352710645276,669.7005908430262,3813.427566254146,3345.022428102147,3703.657534714605,3994.1469492798833,3446.6561255250062,3014.318803541248,1657.0268530190265,3716.990628592728,4268.233111031826,1215.967226504328,4031.3565776257187,2780.8754151242065,296.1598045496156,3094.630747226319,3472.9674554541944,2898.244168119313,3766.804226494909,3683.485469175777,3182.3718247998363,1499.9057047384242,3292.0624023774817,5417.769468457847,3585.434356879268,984.7283138482724,270.7691781573512,3291.227866514648,4979.015708349122,390.03647388209487,4222.739294796033,4132.3880414757405,935.6483928351582,214.3685414052936,3054.725993095477,1328.1431644872434,4016.1065645916833,1056.4308144507913,214.4192010245258,1535.5354077875186,3157.396283008263,633.0700211082539,1607.5101622962839,2732.250634890147,963.6800320032245,2652.5718139844703,2784.0971036372594,1177.088896409076,1401.0399221115545,968.7920074647461,972.884252133807,2820.350813669749,4239.7646097769275,3957.3606812220605,3194.5449703353706,2251.977011132015,2819.358961072314,3500.930591063719,757.9897676522378,3890.890219836642,3764.8427871173144,1169.6349297837746,4408.4715796142555,1332.4283276592607,4000.2221930445944,3625.530721925159,1108.23096534196,3066.9608538897714,3826.2302262118665,3175.34925424676,2028.0332595427537,3221.21531473583,2006.8069317988397,1586.468968239636,3263.5041150857624,1329.617155766781],
        [1651.4403608672637,3633.0295115182375,1556.970058650972,1115.9974026986588,2959.1803593145887,2960.9302663195303,4273.858591785017,2219.832871105114,2154.7278504177884,1608.0495905657804,0.0,1578.430217632341,3955.4760956864397,2521.1789601770424,2698.827126276658,2647.6315160104627,2237.838752038998,1547.843558964122,2188.885483442023,4961.087554637994,3949.461947510022,2087.5933059355516,2444.9739481477145,601.7317121764206,2066.144430871109,2869.3252976650515,1397.6744243405576,3377.2990974312315,3960.6317013591374,4196.0379667368225,2842.70233598571,3457.685575891911,1696.706369352569,2266.3711030966,3457.6172439082357,2727.427946593085,1404.3380731631987,3614.025264518224,1905.0403183025232,1468.494502808304,3403.962995791978,1951.2788305566924,1310.1850191002004,2171.958746063907,2316.6992382877183,1587.7972131004967,1113.0382340750268,1854.028870696477,4893.486207862449,4016.2555776895892,907.145033726093,1445.815853579522,2278.5616890759056,4383.623412845467,1998.0581498172012,2896.9183176189104,2922.3652839889114,2354.495380647541,1412.6237866345923,1448.688185429338,2604.9612357250544,3024.6757203985085,552.0650204703031,1822.356420810365,2288.3243754220316,1741.4085108052257,1352.5762437530389,2967.3341431562744,3201.8373669450352,844.2336780693865,1060.9314843745751,1650.22563579848,2380.6319407696724,2079.4972185518027,675.7118377831719,1341.9641397402243,1213.8988649912392,4263.25956186494,2725.2819693257247,2507.920252817895,2797.676851781758,1914.7829113874093,2457.470705481643,859.7320779067529,2777.204914668379,3640.951072496274,1737.1725048980827,4127.815755007792,2523.2459976862287,3840.6423371764276,2555.7409894025845,1963.0021756906074,3513.420035395176,3133.4877812708187,1628.1574179657603,2882.9933628876274,1630.195192087228,3069.4026964692994,405.0525094909954,1718.2647317584021,1651.4403608672637],
        [858.3327599727411,4228.218496293134,306.33778174382536,510.28164354631735,4419.550398486372,3339.103381528378,4764.3326078012105,3797.8506658053284,3730.8989201889485,483.1400627426384,1578.430217632341,0.0,3573.9086740041303,3881.0750759326347,3068.979680788785,4123.002760327332,2778.60240968411,3123.1437773184284,2294.6103510913554,5846.475763581722,3817.7253097381763,3590.385148473491,2124.843330618079,1600.8142746968617,3471.8540920909036,4002.1077074130226,1077.2913232612061,4195.097377499071,3827.9196052106795,4184.537065244234,4208.846058440614,3889.052456824296,3156.100982659686,2128.5817457350695,4126.314477328833,4303.975462853783,1596.7808107386347,4419.055938400269,3047.277369713166,723.3864089637476,3562.550424248993,3521.1957387236953,2886.941259994624,3742.0944703031937,3815.2391126796065,3160.518099810983,1145.027281389861,3386.9300234301722,5798.821002316566,4063.612994881676,748.1710765476394,681.4368066665908,3535.6030227609303,5343.51506762691,678.3382913354297,4376.785611479702,4329.16079341936,1370.6983018332169,563.0389857673322,2973.7329345731277,1783.8893513910866,4278.425439043692,1072.9093311005772,562.2320391704126,2014.3636244990905,3261.0878335688026,262.41308264735926,2031.6381840549573,3208.0161323059747,771.60190952645,2637.4747949608523,2980.921650484057,1649.3755898228058,1871.8431365348913,904.2309235907719,1354.834323868617,2773.2620599658476,4690.479121425363,4144.491920207274,3516.0859521440207,2728.015082802467,3079.845820057456,3740.797882506179,755.8109281520342,4116.1165560735,4193.962242493566,687.1183367163381,4821.9024246598065,1802.2457777221236,4427.003795446887,3859.9598100435796,1584.5479497267347,3543.583725103398,4158.113115437898,3203.7177744739065,2510.9016519422858,3204.7242030060693,2478.985076298516,1677.4047878845197,3293.6782005206014,858.3327599727411],
        [4424.242420749691,2392.2236916692545,3274.324193046205,3800.021709914882,4852.9723095853205,1773.4068366274557,2405.902707467994,5257.396398078129,5148.816672934073,3095.1322619006305,3955.4760956864397,3573.9086740041303,0.0,4176.344675652805,1811.8730813551786,4729.597925829772,2216.585527194017,4926.399409325049,1819.2264795947613,4032.6245944670027,624.9837660514523,4533.140999888387,1538.4142008150056,4465.7115857318995,4121.828543411945,3597.4192603405545,2719.575681909145,2900.096290263185,625.7040155861804,1033.8216595822898,4372.5924285876845,1917.7723856278303,4149.972671447909,1689.1397767017756,2525.4583923657196,5580.461714951915,2551.1439518706593,2964.323595899476,3333.317103058334,2927.9677983430934,1275.2480229104842,4907.032077699898,4737.542472564541,5455.469537823076,4644.915465429208,4988.339176552801,4477.352859178665,4559.992920513451,4048.3292874280364,1102.0127572454571,3908.3463667276555,2974.346286874719,3733.029584552909,3875.062540578128,2986.31901364518,4911.457415949713,4584.969673732238,2266.4491337169698,3094.3882983960875,5111.580839768399,1837.7369516512265,4061.5860292475354,3588.531132987382,3033.958518565074,1688.4468583492278,4426.90242788129,3712.17525269096,1757.4478943784652,1033.467598027799,3844.908607575367,4577.147180687347,3735.941316458818,1928.9556151154302,1891.6546263605792,3683.013458014205,2644.199465734483,4812.197396509273,2225.178621007119,4520.433482533041,3132.7017114098044,1216.5383321585355,3387.4980368377487,3886.057575559537,3506.406127898944,4233.156448444307,2282.6790117284227,4260.030561413067,2903.335555776444,1782.305134769976,2453.5248768190986,3999.061439691917,2086.7650829462495,986.5591669778703,3388.805794116885,4777.77092918158,1100.393936958947,4996.366851195699,1112.7078854748993,3620.6057887119623,4833.8889610323495,4424.242420749691],
        [4163.034647472155,2364.993626761926,3720.6229442497333,3536.5834443351964,687.5042271134419,2435.827507130099,2979.660461941914,1529.187575224027,1434.7566353078034,3669.9026379778234,2521.1789601770424,3881.0750759326347,4176.344675652805,0.0,2364.523632762168,573.654781215389,2010.652877155888,1765.744944067823,2658.833325935204,2863.7258545693608,3795.039477583177,742.9225015610314,3263.80710390704,2992.3774646218326,469.5400550989338,808.3326329123921,3076.759751715656,1780.2942130005329,3803.951373763218,3772.035822824228,328.0673250588021,2568.3133530303517,869.4174676830605,2986.66561147283,2123.9116013674616,1596.697938426939,2593.363761292383,1946.4489205153054,967.0895290239639,3397.9032162740464,3006.6977270534358,1303.728682310922,1791.155913706953,1875.7307538221116,662.2425680090388,1808.3170302289127,3627.01395179677,1002.0358372961692,2773.610354766304,3555.5863810323517,3375.8377292306727,3408.396602651624,458.00985744132674,2243.6583277027785,3999.257358242295,735.210091381342,474.5162233739711,3927.169474052628,3460.5911833538753,2197.3493320345656,3903.302982469306,607.9449434528952,2852.8729248958684,3851.9351148512883,3156.2714725379906,996.8187481645488,3725.3706650933345,4252.845477377912,3143.5425629567526,3296.477175607931,1890.6322056740466,901.450822320871,3692.0704823978226,3025.887811776802,3059.8004893103976,2788.8494517228287,2018.965201584946,3083.0716430944203,348.86325823367974,1064.6678344853876,3072.281741269767,914.9285997244862,292.58642620414065,3141.861315812074,261.163221520142,2448.597292014443,4221.416794156288,2508.7342152066,3752.0755442867326,2510.1386496889245,206.4790679883651,3183.390097570728,3272.841966667228,1198.212322963255,1478.4797508906602,3519.1464031118103,1769.7566787347448,3898.926647734132,2248.7857912890536,1450.8794751437958,4163.034647472155],
        [3773.5163510381635,1185.7796163072057,2780.991289032289,3042.2809415527554,3042.650246975025,275.65304449437355,1696.9747125329768,3514.897740493878,3405.0300864222177,2632.1616795229857,2698.827126276658,3068.979680788785,1811.8730813551786,2364.523632762168,0.0,2918.910257398391,494.81133863810146,3282.3489269600464,800.2288033781037,2921.523500122728,1481.5913309296752,2752.4162623356315,1286.4858944633306,3291.162562986398,2328.2901636656993,1826.8127694191637,1992.2116487575722,1368.873567805159,1491.6983295713612,1585.0471293720382,2567.6997688787064,822.5970310114842,2403.4929929552773,1086.5582941351108,1142.3709830145408,3799.3682327400197,1512.4573649085564,1536.4106837405584,1550.381217497727,2351.5733533130024,753.3819741272949,3172.073678919109,3127.025056717463,3749.748745514589,2848.022277627973,3344.6848649711087,3564.0810397964574,2811.459389790416,2895.7547121574457,1380.3745938066043,3040.9228727558116,2390.6156316342745,1922.1238361500016,2538.5151564795133,2765.459623063595,3099.6842852146005,2778.633030952292,2296.039684841016,2506.119850647673,3543.8991358540056,2050.0074098322343,2286.5286169634624,2547.1309585464583,2703.5172738271967,1276.003513625804,2687.3936303895366,3078.186690946743,2296.8451532476906,780.0357540353399,2956.4920519242473,3014.7945736093448,1988.8080184307917,1923.8391536325546,1299.3515768762798,2720.9260277625995,1735.7571593461055,3248.647070457665,1635.9091277123541,2709.102759136785,1329.5751435791378,799.8769443129555,1602.3040453733379,2074.5557338920185,2627.965360713087,2428.240847061245,1135.8438193144027,3693.982706582432,1803.957800862189,1894.4544522471156,1373.103374706483,2188.842083322648,1595.5684705203148,959.8465553819105,1690.3832445204014,3091.717667956956,1325.7827924598043,3342.668606606559,1729.350356676621,2300.3065419621175,3135.2958229765945,3773.5163510381635],
        [4295.949575756514,2927.762140056929,3997.8214732706283,3729.558373503053,317.9521183951016,3002.100243751797,3529.4809661883264,1114.678533781027,1043.1250512529828,3969.689096093459,2647.6315160104627,4123.002760327332,4729.597925829772,573.654781215389,2918.910257398391,0.0,2539.834089785446,1551.2935635176007,3152.4232261072293,3258.301146116842,4362.275141190767,570.7079040417422,3744.9280424938047,3033.3599396363984,699.2707829278676,1352.8939506181705,3423.656169881695,2331.341195885665,4371.3258266501025,4345.191395770647,562.589522559297,3141.6748474486885,967.2413642306726,3467.794274730959,2687.226813108144,1061.1791742649077,2982.901422794967,2482.3705535732793,1444.2255972480614,3715.3841665172245,3575.529682186482,1001.5101051727887,1651.3747563640254,1478.6919866714125,348.70082483497947,1577.4713723307857,3711.864557950014,844.6077849621864,3162.8385656324117,4128.666467953489,3543.749332929138,3719.67830106342,996.787144877735,2647.737371691059,4321.861412146407,253.88716413460358,439.9363888505784,4327.769827591216,3756.10086081006,1988.8951195090503,4344.50103889075,1030.2823420440839,3059.9999778176275,4164.353338841287,3627.2144632652835,922.5346348501232,3940.379690530653,4704.535253047318,3698.943664510868,3471.6232115418616,1817.2057938452258,1212.138058161343,4125.004329461962,3480.8407960625277,3254.555448351168,3154.2227210644364,1881.718235514821,3640.206649262274,302.79999399796037,1635.9416425470624,3602.1031703021235,1388.7327367559317,863.6343780755134,3368.772756747675,652.7418169752326,3014.2457295442796,4383.428160295925,3032.039342330191,4198.401705137921,3065.737444746761,775.7566145680465,3608.8134113125393,3838.788486205751,1732.0358064752363,1277.6907174057483,4028.1137124399766,1528.7900442491214,4397.434798148474,2448.556897663235,1219.1657836489383,4295.949575756514],
        [3421.65948286922,1468.24799979012,2508.973774804852,2686.3677520300766,2697.9417302736483,731.5053967998934,2065.803657687651,3054.118248502793,2944.6855521932066,2378.344012159031,2237.838752038998,2778.60240968411,2216.585527194017,2010.652877155888,494.81133863810146,2539.834089785446,0.0,2794.0253992598487,723.4696043913319,3083.5177853643327,1952.1584009577373,2316.5643730585866,1329.7999158019566,2836.0188058089448,1908.247605671298,1609.0090664875477,1712.3376526671507,1442.5841828538987,1962.6496797533655,2078.548666457959,2252.07413797562,1222.8516415556567,1942.286587732263,1068.8344639988297,1348.7596389855094,3364.0510631409184,1182.5307496317112,1654.8499544589276,1118.1595808062448,2085.362455763858,1247.47987232044,2707.19538419464,2634.7268684098285,3275.488867756037,2431.991014991091,2856.438658011711,3156.77653648135,2352.3984173004033,3042.7975839420337,1874.963104380272,2657.589680115551,2119.034118718638,1554.384765287659,2622.4850145270902,2572.0647520315256,2740.16808732332,2454.9264546717623,2218.7616648646344,2224.5759165833,3049.6908746852305,2059.4559395986785,2042.3531943722735,2137.859172811616,2483.0165586633907,1261.0274891889471,2223.4257977393345,2752.9791485689543,2363.700404253044,1213.6644837402116,2570.765777541661,2520.1009882032836,1526.5866183648309,1888.5616505283351,1203.0759337962065,2325.111081909091,1423.782471049721,2754.1082357044916,2036.258602170298,2359.5034754325193,1064.502995142441,1062.8396064476617,1172.847470290542,1731.7420109449185,2257.5934717115656,2114.956567639613,1450.9721245362132,3364.850072291276,2045.600272561751,1900.169580389044,1673.4349578998817,1855.8674793950975,1460.3391168056012,1439.1823693311308,1579.13313822885,2610.6910835732087,1519.1616569233563,2855.920247157773,1910.8666338069502,1834.9082125446969,2657.6035360324004,3421.65948286922],
        [3044.202595167563,3800.6687166428123,3100.475932706238,2643.2420060072086,1854.6759298338277,3476.8685898921594,4464.943521964866,707.4632331116289,673.3781473682486,3137.7926797703694,1547.843558964122,3123.1437773184284,4926.399409325049,1765.744944067823,3282.3489269600464,1551.2935635176007,2794.0253992598487,0.0,3120.3791387673796,4617.395600721988,4740.82228262181,1041.190194223071,3580.080565711486,1696.3172490258062,1352.3335813038861,2470.6583855315826,2795.6072592114365,3326.170102785536,4751.512631724905,4865.061312044705,1994.3717634376878,3826.8084493267547,1016.25811885718,3335.0338513669376,3572.22914106338,1219.5657948841683,2566.6730239145477,3537.173338273562,1838.9445057628952,2960.794988910626,4033.7543222627537,566.3612615773242,239.55405144519915,629.6006093527299,1216.1384122255702,62.449815028101305,2402.9433985589662,764.7540302620398,4529.83889922151,4656.358757769957,2416.711701152179,2946.2442669843845,1830.5633595528168,3997.5189845322475,3526.368611846237,1746.3604550259474,1962.095015570543,3783.829711972134,2933.025503360592,439.6367799195054,3952.027948732815,2373.676539191333,2087.528545317228,3351.7111013785006,3429.6260326010033,783.7061157306462,2888.606980421316,4327.969031231387,3987.709601008482,2368.2871579722855,487.1704319889504,1362.86402336924,3718.8125800839607,3232.9144091378926,2223.199875150637,2626.5373573336456,389.4941523982354,4521.330196936731,1771.6666794108555,2409.585684495861,3710.002376716786,1804.0191026871082,1892.6584386830539,2404.1320573352773,2004.8137157331412,3853.3629687097964,3184.840101861729,4110.430733753829,3838.9648766335495,3985.898719924229,1916.5474042478313,3228.100137287971,4232.836855939171,2846.067983381386,287.5416756007824,3974.2445179714127,83.62157135543006,4258.225871155539,1586.3859752014941,332.3058943575856,3044.202595167563],
        [3039.0434171722686,1985.7972301883203,1999.6170146509244,2320.8117881549556,3343.028246577199,1057.1361472936564,2476.815689822093,3503.8456674867516,3397.996985762681,1844.291313972767,2188.885483442023,2294.6103510913554,1819.2264795947613,2658.833325935204,800.2288033781037,3152.4232261072293,723.4696043913319,3120.3791387673796,0.0,3706.5890767060855,1760.8472001072448,2846.5650307993055,613.6014926616083,2743.2223710602775,2479.655586843754,2327.43951280016,1227.6585638593863,2105.8187574305534,1772.0139915166135,2029.7247473917737,2925.2175207192554,1603.6393748544317,2422.5328516320797,345.68988961962077,1929.7394517403995,3874.1566592625895,827.4383772405134,2297.44017047536,1708.6991273912317,1571.9268244200223,1297.4633403250991,3151.282136301585,2924.608184902593,3671.6650856563783,2995.576245261181,3181.789525883172,2903.5189030072574,2824.505559477768,3675.9095263251725,1867.0183097342162,2353.1797460752746,1613.2026871122227,2201.900870819813,3290.5228293759083,1965.2993404657825,3370.794852824852,3119.865288080513,1522.5792844519474,1732.6291043052859,3292.7319227887333,1336.87547417086,2751.232186404062,1914.901431987288,1906.1647844975437,537.7026143004858,2684.552037656808,2327.3286719880434,1642.1432014538384,1021.9988548453629,2273.896756283852,2758.811207450934,2024.4820188578117,1173.5651429929578,506.95348008792377,2059.6353103471747,1009.8822637296824,2993.5174751211453,2396.675020843003,3005.098351467878,1779.4159049174332,615.0820323383722,1764.0225529362876,2395.080652362326,1932.4736142278018,2791.5171454720935,1935.291163373478,2940.359412318998,2602.3941288067153,1177.5150756734422,2172.901833453916,2523.7204023430477,796.9321745019504,1347.5029832525308,2299.950093947921,2989.880262370173,887.6842346853406,3192.8761100022875,1245.033106096221,1826.5772781297349,3052.268494747475,3039.0434171722686],
        [6416.539150984112,1771.3734205571943,5586.730882322952,5691.752001355976,3081.8299359462353,2707.0415487347827,1638.6923858634855,4359.317161214595,4275.000742014422,5460.731105211797,4961.087554637994,5846.475763581722,4032.6245944670027,2863.7258545693608,2921.523500122728,3258.301146116842,3083.5177853643327,4617.395600721988,3706.5890767060855,0.0,3415.0760631742105,3606.512406649962,4197.829451327017,5536.32754497313,3267.6611781558395,2171.9059247000782,4792.688884719351,1651.4465351828946,3416.3458136463046,3077.371023124067,2704.470843815885,2249.3583807178593,3637.8047412675965,4008.0262372628135,1779.3361569913068,4285.352327727218,4253.329758224604,1429.4055933807442,3067.29018172651,5166.605941589809,2879.4862679955804,4165.408643507809,4610.909739472132,4718.242941772226,3497.094622438826,4663.638830239594,6035.907688175192,3860.535777532254,100.62706543108017,2946.899481134208,5616.3432863467415,5198.948240632937,2825.7003954747875,620.2797297660115,5649.1299943490885,3213.1358416789785,2827.9168140163356,5217.500781411387,5300.8373675519315,5038.364837237493,4957.475613389605,2263.432888380341,5063.6540687743145,5565.643799272762,4197.163247367048,3835.0383304849565,5794.377910366793,5166.643479599633,3294.354455872954,5527.991566295695,4660.322763078268,3428.9845955669894,4843.675629315739,4212.940695920223,5271.83290684273,4497.318274180276,4827.500225044036,1828.642242302687,2962.9952173766123,2453.1681056780126,3621.047669646935,3066.5027633715135,2729.1187120840764,5254.361140888627,2650.992549819847,1855.4811027416372,6392.537734270633,1162.4840015131815,4805.477834682605,1633.9355585891567,2701.234129858954,4501.235337734097,3123.7864251972337,1842.163880143874,4332.527302865955,4138.884596029247,4627.8516733857,4515.929188045075,4581.932495416732,4311.340840628331,6416.539150984112],
        [4642.950098577414,1819.9808654008086,3511.728743942939,3970.112527945099,4453.518471276479,1360.2921454527516,1783.5176323149572,4996.356700690835,4886.51153572314,3334.84820757107,3949.461947510022,3817.7253097381763,624.9837660514523,3795.039477583177,1481.5913309296752,4362.275141190767,1952.1584009577373,4740.82228262181,1760.8472001072448,3415.0760631742105,0.0,4230.41938489257,1695.3043055988442,4501.289740048606,3801.574549898638,3149.0697609849926,2856.9082229648006,2368.914317311804,11.170836724681624,438.64084589718294,3958.8252850409804,1370.4224745176552,3884.6428437237987,1751.259853487765,1977.811477222673,5275.51362082065,2573.0199912689473,2406.4171953936916,3030.5221413699205,3124.9150144552364,790.9636040830567,4652.833098850477,4572.078020587502,5226.782640876672,4317.033287600315,4803.271286359026,4609.579240815594,4292.951853462763,3433.56241925731,477.0464011391909,4044.5089424025946,3171.1816331526556,3371.0384424959384,3281.8754424575664,3293.7534958952374,4524.036526710239,4173.063160102365,2607.846944748766,3295.137499857964,4973.285335982708,2198.1519878644876,3610.118210128145,3655.331527840865,3311.1434785477136,1818.9787201036268,4168.182399303783,3919.8050603701117,2207.2120460217666,761.5414291532455,3972.3162142997703,4438.320049076815,3469.5469097946243,2231.073989882017,1994.8748738835432,3780.611295813507,2716.7678665543863,4674.388226717738,1601.249657191591,4129.90560142053,2732.0459196288416,1161.871456733436,3081.7534618034488,3502.4549658088745,3627.649803065139,3820.746700947169,1707.8388998592186,4502.097582060543,2297.92195295473,2105.404301458009,1859.9043693554825,3605.839871923055,2249.3756110309732,525.7222698870648,2900.093474122745,4562.731009725097,1320.3853661922803,4804.668297750647,1502.9823440695586,3581.583679471503,4609.641165359296,4642.950098577414],
