{
    "drone_dist": [
        [0.0,35.96318406688138,22.285337221491698,9.541073635132705,37.87258064245673,36.6819912228126,8.985849515304993,38.92729835704394,29.00633955773425,19.141457900340868,10.247354634596832,45.75189682583006,7.789696769003885,33.73747144866932,37.84566892178196,5.284354026140192,36.29529104346382,32.92694336019578,38.777910844971984,46.57586411158905,23.04649646848902,17.696786162702296,44.10434770904564,27.745974682989665,29.450006873466382,11.17457031221952,19.98550559778438,20.540996976360617,43.268030379490796,32.26760872045135,11.533655772501135,13.779044356161089,14.438305047891602,34.5558618107612,23.502839489087748,21.130902488893526,18.09853921455583,17.855886002488116,16.330339343927935,30.65408304998276,0.0],
        [35.96318406688138,0.0,21.516513968862483,27.22505674064589,38.41481357478923,9.233100054834926,29.776000511078497,13.55416203617245,23.622637837932334,35.63358285804193,44.6246740391639,31.534209087114945,29.25871672910521,3.154451433582712,43.8024757606838,32.37379888200364,6.585600255157918,7.3450446406707215,22.31003741118593,38.4247548266623,17.810146321047476,49.41961247495227,25.876919706649744,23.60833703109217,6.515882951927958,45.28971018015843,17.918424410774122,16.50644461331875,51.57346207323027,7.678859095915044,35.171668583327886,40.9430768283678,39.963580116784435,7.70703399969962,25.60961992615479,28.880480124530166,18.45336176831769,33.514589905233386,39.93058373615558,20.11342167433048,35.96318406688138],
        [22.285337221491698,21.516513968862483,0.0,18.46293206424655,21.161574290866252,17.3663162239195,13.408810918174135,18.075623492706953,7.365399569054969,14.284040243658078,27.45412306988426,24.02518599054054,14.580505747746326,21.133277633777272,24.72542354234641,17.10434343703896,18.231803649083357,23.409501670117145,16.49358645053859,26.633539679316687,22.232320337336315,30.08155945016899,21.841356813911194,6.22618954197653,16.523217076240833,27.821533286227346,18.486793458798086,8.237919091391248,32.28083250458077,23.000650135656702,15.868456588227092,21.15917012442288,19.863330051981134,16.139738110064847,4.607986138683971,7.366760284377104,15.779743034094036,12.323015590162523,19.310692383393526,30.438379245805006,22.285337221491698],
        [9.541073635132705,27.22505674064589,18.46293206424655,0.0,37.919331622826135,29.376815479916104,9.477577089860624,32.307800820178585,25.821690981109416,21.968368338719806,19.595516843443704,42.40891855453318,7.187107889890979,24.753156271320368,39.53707067718869,8.687221007045034,28.52723355757873,23.56009714903672,34.19189800258397,44.90048125923267,13.548739532001127,26.473338812649118,39.61876278264738,24.64966747409467,20.803351962772332,20.472193309123824,10.469552346226141,13.5508250327486,46.05986303448896,22.895239346431755,15.865116002750216,20.46567666031736,20.465957469990396,27.028602890299844,21.41592746688774,20.621240750828893,8.85929561808742,19.9538118755904,21.79193551528677,21.495940293613263,9.541073635132705],
        [37.87258064245673,38.41481357478923,21.161574290866252,37.919331622826135,0.0,30.39000888152604,29.70238043726244,27.71390046215661,15.319881414905021,19.417609818620406,37.642673448122125,16.00659958832487,31.840185068397552,39.3196867064075,6.676173827911059,32.90727443529954,32.65612832614185,42.68898240797258,18.67087588357265,10.917298898824948,43.37193654574598,35.41367582050511,19.886070926879167,15.826045676488583,35.566563175064395,37.44641945519193,39.647148926674994,29.335151142043266,13.773482963861172,42.43750914592321,26.838716417328122,28.434240766689612,26.864967941464084,30.9267377406759,16.962847748370873,17.348203549546156,36.90436286862326,20.144014916989924,24.8914840242292,51.39388381843915,37.87258064245673],
        [36.6819912228126,9.233100054834926,17.3663162239195,29.376815479916104,30.39000888152604,0.0,28.91777100264039,4.434269708370416,16.734219153849406,31.438473072840022,43.8607675522199,22.309617261474294,29.134090891442003,11.532697843130018,36.25682471740165,32.187186855694875,2.648399179671241,15.915733653495243,13.20977137656059,29.364826532028655,23.78143150435543,47.304020872263735,16.655419898101126,17.116792970336466,10.889921238058243,44.365169643333246,22.3838060748166,16.173287555549745,43.94421190573884,16.039301673356167,32.93291235566439,38.42950823829697,37.187650293314675,2.534612363507165,20.38039176593799,24.184976224061728,21.664366855262607,29.61701869671175,36.67660203040399,28.214245806577456,36.6819912228126],
        [8.985849515304993,29.776000511078497,13.408810918174135,9.477577089860624,29.70238043726244,28.91777100264039,0.0,30.684949637741656,20.02052311978873,12.530968291598978,15.02329503793753,36.775287694301504,2.3339358975580153,28.07352456345643,30.56881762725333,3.7190661213662306,28.924272728812124,28.322911483073867,29.868691266112396,37.857098522904316,20.999954001953398,19.847649107711,35.16345278862584,18.76012658985855,23.38485076984352,15.608604708053464,17.09333953213932,13.364257638526864,36.79395109703496,27.71205730400846,6.751630565989925,12.146075039997505,11.726525203406805,27.02082679317595,14.556398989762926,12.503229912849944,14.337070287592859,10.611218575114227,12.700275323972127,29.63031964799651,8.985849515304993],
        [38.92729835704394,13.55416203617245,18.075623492706953,32.307800820178585,27.71390046215661,4.434269708370416,30.684949637741656,0.0,15.560776262980463,31.443764168869496,45.35718077054452,18.164962834094027,31.208503992269183,15.960079923280531,33.90640491910728,34.153984566711124,7.0095867113867865,20.34907865176015,9.547339720722832,25.555796733050215,27.868978953574587,48.11545429651058,12.35661319505856,16.243509959851814,15.116246575257362,45.78150772727417,26.16589038373116,18.797844227874158,41.44730445208975,20.473009559156896,33.94196941784137,39.180255592157195,37.82900846637191,6.740057007267456,20.19945860619848,24.146128348493416,25.140724159464106,29.84513033834429,37.07813025353439,32.61101620705237,38.92729835704394],
        [29.00633955773425,23.622637837932334,7.365399569054969,25.821690981109416,15.319881414905021,16.734219153849406,20.02052311978873,15.560776262980463,0.0,16.511101972748154,32.812016131315254,16.81835942307461,21.51441325069846,24.20191336727334,20.213539534853172,23.731634031743685,18.54308250066078,27.40841307325325,10.47220874615133,19.366719753734625,28.603087661915602,34.01297170680768,15.415600096933828,1.2613892489652645,20.27552412146292,33.02084565738122,25.13465859619738,14.693635784958085,27.987378274851615,27.139631119850932,20.793521998102147,25.208938273334955,23.69982310871716,16.58091110347491,5.8495034492118,9.545479000522203,22.640563494751245,15.325632179360483,22.558308517807426,36.2946316425003,29.00633955773425],
        [19.141457900340868,35.63358285804193,14.284040243658078,21.968368338719806,19.417609818620406,31.438473072840022,12.530968291598978,31.443764168869496,16.511101972748154,0.0,18.367792068330147,30.7482634549353,14.862826390737322,34.913571915290376,18.70788979098838,14.773277082153482,32.482044269959374,36.52536634055381,26.78774654661346,29.311973808244908,31.975221618136235,17.763087619283755,31.21296817198679,15.514395534009411,30.13473452798037,18.270931772691092,27.900538011976153,20.21125018526481,24.38870605254295,36.02015126852304,7.654693294498749,9.443294070098768,7.833181928253465,30.385838397916217,11.24454893777218,7.30437373719515,24.916852394078735,2.3025332459092906,6.2414520648303595,40.73452622333668,19.141457900340868],
        [10.247354634596832,44.6246740391639,27.45412306988426,19.595516843443704,37.642673448122125,43.8607675522199,15.02329503793753,45.35718077054452,32.812016131315254,18.367792068330147,0.0,48.623600075894586,15.374837495223243,42.716746357870605,35.810353057028024,12.282239258186916,43.94120608004061,42.41930366666078,43.22853843665923,47.6775646412114,33.1425826179019,8.007921959202529,48.2098385237708,31.598194904782517,38.155483714763086,0.9751321082963387,29.860277465585572,28.35320068886265,39.6663679394201,41.774500219533564,12.031731104833725,9.279152752083426,10.799985102460223,42.02223849432296,26.962512694916768,23.508449059841336,27.674069656336965,18.302221354247283,12.849941914204111,40.894362092670896,10.247354634596832],
        [45.75189682583006,31.534209087114945,24.02518599054054,42.40891855453318,16.00659958832487,22.309617261474294,36.775287694301504,18.164962834094027,16.81835942307461,30.7482634549353,48.623600075894586,0.0,38.32807408091643,33.58447337744912,22.54018200020375,40.46795504781682,24.95701834986424,37.79933592893204,9.55620594040698,8.302535290432559,42.81463390093203,48.38004002830318,6.06263415623022,18.065423355592173,31.479438402776026,48.689583797581875,39.99574905395414,30.05124260188116,28.549386667923045,37.797485565455354,36.68196777993367,40.15562854640547,38.553709729474775,24.03851053327533,22.275376330052147,25.2161911257098,37.973240743855236,30.370775410326697,36.960183651266384,49.176123513410786,45.75189682583006],
        [7.789696769003885,29.25871672910521,14.580505747746326,7.187107889890979,31.840185068397552,29.134090891442003,2.3339358975580153,31.208503992269183,21.51441325069846,14.862826390737322,15.374837495223243,38.32807408091643,0.0,27.35273277514433,32.855870848322,3.1263571960026115,28.927659390646664,27.25879125832168,31.064799376494246,39.746560633077785,19.23922940722549,20.962576280825907,36.42186255767039,20.263448622006347,22.78160934606814,16.068949091169625,15.450535095295875,13.16399965383876,39.12262125665752,26.629333533568367,8.778760474878048,13.827720081657208,13.594565391253816,27.104118864687035,16.272135294931672,14.548189868429567,12.848466475553723,12.941194806483638,14.745067932847235,27.761209296754483,7.789696769003885],
        [33.73747144866932,3.154451433582712,21.133277633777272,24.753156271320368,39.3196867064075,11.532697843130018,28.07352456345643,15.960079923280531,24.20191336727334,34.913571915290376,42.716746357870605,33.58447337744912,27.35273277514433,0.0,44.40106966884936,30.434602126123853,8.975653579977577,4.420677985209596,24.173203353099776,40.12996467607436,14.722592842509304,47.87057616274743,28.11439399705428,24.023436757255492,4.821049619120551,43.42162602042513,15.086820554334869,15.117614023656616,52.1702115571701,4.647649196680974,33.80229207405071,39.58999918222241,38.70527005892341,9.549065623945713,25.473722401336136,28.463899308573854,15.905002545281475,32.72244492798182,38.82997544415161,17.087269161048233,33.73747144866932],
        [37.84566892178196,43.8024757606838,24.72542354234641,39.53707067718869,6.676173827911059,36.25682471740165,30.56881762725333,33.90640491910728,20.213539534853172,18.70788979098838,35.810353057028024,22.54018200020375,32.855870848322,44.40106966884936,0.0,33.307941922465425,38.38009913041458,47.455271088325304,25.139397683225752,16.451217497293612,46.760182622463944,32.26975332542711,26.56163588492281,20.39892965057013,40.329751532383085,35.4507060358005,42.8465309791571,32.932419169520564,7.774192693535913,47.14037239149665,26.35345620482706,26.559952001373087,25.122841063252025,36.53869707305223,20.16506746691584,19.22509393902457,39.95689032105966,20.12489673768212,23.015669898524447,55.134396177260214,37.84566892178196],
        [5.284354026140192,32.37379888200364,17.10434343703896,8.687221007045034,32.90727443529954,32.187186855694875,3.7190661213662306,34.153984566711124,23.731634031743685,14.773277082153482,12.282239258186916,40.46795504781682,3.1263571960026115,30.434602126123853,33.307941922465425,0.0,32.02749563540057,30.223896074371524,33.57857779393925,41.37480793040269,21.687103838657364,18.20186169070424,38.88013981302939,22.470739462043213,25.889207895745848,13.001694234290403,18.065879506457662,16.27833410463893,39.153018643854864,29.586957142606092,7.64507519086674,11.784988731478844,11.866603755527919,30.18804514559106,18.22002678152924,15.940406893634322,15.628410335388022,13.18330108208218,13.353169384330757,30.005449123748765,5.284354026140192],
        [36.29529104346382,6.585600255157918,18.231803649083357,28.52723355757873,32.65612832614185,2.648399179671241,28.924272728812124,7.0095867113867865,18.54308250066078,32.482044269959374,43.94120608004061,24.95701834986424,28.927659390646664,8.975653579977577,38.38009913041458,32.02749563540057,0.0,13.38544329699097,15.814479399233232,31.96464530048142,21.879351442083582,47.79519458352714,19.295662638239502,18.78851218896297,8.948858866038357,44.494685510350536,20.83254641608486,15.782597421750708,46.10594054280967,13.54629571664378,33.38686295057984,39.0003599054846,37.83070641769059,2.096788290688806,21.657725857361164,25.328961745601998,20.423132106234306,30.55481627480921,37.46162516303239,25.83929944592664,36.29529104346382],
        [32.92694336019578,7.3450446406707215,23.409501670117145,23.56009714903672,42.68898240797258,15.915733653495243,28.322911483073867,20.34907865176015,27.40841307325325,36.52536634055381,42.41930366666078,37.79933592893204,27.25879125832168,4.420677985209596,47.455271088325304,30.223896074371524,13.38544329699097,0.0,28.320678819646076,44.12608396278816,11.79743858902357,48.1471212535428,32.4249353472303,27.07955627721714,7.135473451000667,43.1896218446234,13.239958587221759,16.32083763146696,55.19001333336629,0.6678052982639561,34.49901849154949,40.24530643512714,39.51426612493214,13.830455664161553,27.935367759058163,30.548376098266065,14.831889447244679,34.26551731254202,39.87127825536586,12.773699034846324,32.92694336019578],
        [38.777910844971984,22.31003741118593,16.49358645053859,34.19189800258397,18.67087588357265,13.20977137656059,29.868691266112396,9.547339720722832,10.47220874615133,26.78774654661346,43.22853843665923,9.55620594040698,31.064799376494246,24.173203353099776,25.139397683225752,33.57857779393925,15.814479399233232,28.320678819646076,0.0,16.155067986520343,33.40742603777214,44.42844408778147,5.428141312025273,11.649314783674638,21.924612431187548,43.46119302068051,30.76037463531844,21.191186833672543,32.437580274883786,28.29600530859798,31.23305827537818,35.66466984093468,34.142762739435845,14.674240252511863,16.29540765927325,20.00478737801607,28.923157339920706,25.750742084252582,32.930671558461384,39.62349667886916,38.777910844971984],
        [46.57586411158905,38.4247548266623,26.633539679316687,44.90048125923267,10.917298898824948,29.364826532028655,37.857098522904316,25.555796733050215,19.366719753734625,29.311973808244908,47.6775646412114,8.302535290432559,39.746560633077785,40.12996467607436,16.451217497293612,41.37480793040269,31.96464530048142,44.12608396278816,16.155067986520343,0.0,47.566055953788165,46.07591847936367,14.174605797545759,20.421703191644532,37.381948698068136,47.5766925518395,44.31482328854883,33.9377362065931,21.227535826171042,44.03564816300395,36.257583785296,38.64791173515486,37.046314874644324,30.74214728421114,23.57369348519645,25.445243828576093,41.937783114142256,29.565769883562467,35.18451866484504,54.68033418985085,46.57586411158905],
        [23.04649646848902,17.810146321047476,22.232320337336315,13.548739532001127,43.37193654574598,23.78143150435543,20.999954001953398,27.868978953574587,28.603087661915602,31.975221618136235,33.1425826179019,42.81463390093203,19.23922940722549,14.722592842509304,46.760182622463944,21.687103838657364,21.879351442083582,11.79743858902357,33.40742603777214,47.566055953788165,0.0,39.841662274503264,38.41543829153488,27.798957860095506,12.938849417453747,34.01382355113272,4.076327593623197,14.040166000437498,54.10684975661241,11.164067280721595,27.735195063523516,33.0572053493685,32.72472732548974,21.261519514503686,26.653450692202362,27.84483870271589,7.06737882545014,29.694642473911234,33.63020468267868,8.761901340253607,23.04649646848902],
        [17.696786162702296,49.41961247495227,30.08155945016899,26.473338812649118,35.41367582050511,47.304020872263735,19.847649107711,48.11545429651058,34.01297170680768,17.763087619283755,8.007921959202529,48.38004002830318,20.962576280825907,47.87057616274743,32.26975332542711,18.20186169070424,47.79519458352714,48.1471212535428,44.42844408778147,46.07591847936367,39.841662274503264,0.0,48.96575570145767,32.91644947106896,43.13165262610045,7.0488979591450125,36.267695029978675,32.91323707119959,34.77043368256769,47.52888254851606,14.408641076083882,8.93637725536576,10.346619854158035,45.767488746978394,28.36107009883285,24.482262987711685,33.78808331220596,18.68756205514021,11.531830955718723,47.96778815617203,17.696786162702296],
        [44.10434770904564,25.876919706649744,21.841356813911194,39.61876278264738,19.886070926879167,16.655419898101126,35.16345278862584,12.35661319505856,15.415600096933828,31.21296817198679,48.2098385237708,6.06263415623022,36.42186255767039,28.11439399705428,26.56163588492281,38.88013981302939,19.295662638239502,32.4249353472303,5.428141312025273,14.174605797545759,38.41543829153488,48.96575570145767,0.0,16.65086609009191,26.458644018251256,48.396530465553944,35.93939563497705,26.560255373662734,33.252194390051294,32.47751560646559,36.18091909764454,40.3414793256467,38.7843191087344,18.59448005361097,21.257901135457228,24.779205288773834,34.20856155567908,30.396558871784404,37.433963659630194,44.22030585477551,44.10434770904564],
        [27.745974682989665,23.60833703109217,6.22618954197653,24.64966747409467,15.826045676488583,17.116792970336466,18.76012658985855,16.243509959851814,1.2613892489652645,15.514395534009411,31.598194904782517,18.065423355592173,20.263448622006347,24.023436757255492,20.39892965057013,22.470739462043213,18.78851218896297,27.07955627721714,11.649314783674638,20.421703191644532,27.798957860095506,32.91644947106896,16.65086609009191,0.0,19.946333121628363,31.817653892364163,24.25649534231111,13.815232862927305,28.15825675080222,26.78366672012983,19.58882513752717,24.082519273222395,22.58756518931475,16.779212168479468,4.6461313884415425,8.434189215766473,21.702312155387737,14.239259571501142,21.497134128476272,35.621126232082794,27.745974682989665],
        [29.450006873466382,6.515882951927958,16.523217076240833,20.803351962772332,35.566563175064395,10.889921238058243,23.38485076984352,15.116246575257362,20.27552412146292,30.13473452798037,38.155483714763086,31.479438402776026,22.78160934606814,4.821049619120551,40.329751532383085,25.889207895745848,8.948858866038357,7.135473451000667,21.924612431187548,37.381948698068136,12.938849417453747,43.13165262610045,26.458644018251256,19.946333121628363,0.0,38.83467594779716,12.062184570778475,10.30713781135584,48.0713039393365,6.872263016549003,29.008173710042634,34.79535554120625,33.895406399148925,8.403122945737424,20.967681627226973,23.797567318912446,12.144634057808867,27.930791444019007,34.009154149267005,17.76223107876722,29.450006873466382],
        [11.17457031221952,45.28971018015843,27.821533286227346,20.472193309123824,37.44641945519193,44.365169643333246,15.608604708053464,45.78150772727417,33.02084565738122,18.270931772691092,0.9751321082963387,48.689583797581875,16.068949091169625,43.42162602042513,35.4507060358005,13.001694234290403,44.494685510350536,43.1896218446234,43.46119302068051,47.5766925518395,34.01382355113272,7.0488979591450125,48.396530465553944,31.817653892364163,38.83467594779716,0.0,30.696215712082598,28.964695254753256,39.1489506697609,42.5473209327871,12.228834977222446,9.017519722679522,10.582080714794477,42.56026233507068,27.174306060635136,23.649274501790263,28.473162653790123,18.327856166331934,12.580990960472544,41.807933274380055,11.17457031221952],
        [19.98550559778438,17.918424410774122,18.486793458798086,10.469552346226141,39.647148926674994,22.3838060748166,17.09333953213932,26.16589038373116,25.13465859619738,27.900538011976153,29.860277465585572,39.99574905395414,15.450535095295875,15.086820554334869,42.8465309791571,18.065879506457662,20.83254641608486,13.239958587221759,30.76037463531844,44.31482328854883,4.076327593623197,36.267695029978675,35.93939563497705,24.25649534231111,12.062184570778475,30.696215712082598,0.0,10.444186259113762,50.1370994959178,12.572171428181681,23.796511958781696,29.210317624224743,28.814338048333163,19.855099078387116,22.811830980712585,23.8419306300055,2.992618655857861,25.618937598630506,29.655904487904575,12.834171511091311,19.98550559778438],
        [20.540996976360617,16.50644461331875,8.237919091391248,13.5508250327486,29.335151142043266,16.173287555549745,13.364257638526864,18.797844227874158,14.693635784958085,20.21125018526481,28.35320068886265,30.05124260188116,13.16399965383876,15.117614023656616,32.932419169520564,16.27833410463893,15.782597421750708,16.32083763146696,21.191186833672543,33.9377362065931,14.040166000437498,32.91323707119959,26.560255373662734,13.815232862927305,10.30713781135584,28.964695254753256,10.444186259113762,0.0,40.42962718430581,15.809523142386142,18.710241149841437,24.49546998394674,23.58867733956868,14.014924920676151,12.767903097224687,14.601230446768874,8.012207328452728,17.945906574810177,23.738048241454134,22.20714245643199,20.540996976360617],
        [43.268030379490796,51.57346207323027,32.28083250458077,46.05986303448896,13.773482963861172,43.94421190573884,36.79395109703496,41.44730445208975,27.987378274851615,24.38870605254295,39.6663679394201,28.549386667923045,39.12262125665752,52.1702115571701,7.774192693535913,39.153018643854864,46.10594054280967,55.19001333336629,32.437580274883786,21.227535826171042,54.10684975661241,34.77043368256769,33.252194390051294,28.15825675080222,48.0713039393365,39.1489506697609,50.1370994959178,40.42962718430581,0.0,54.8656141751697,31.76969268683182,30.75304626371751,29.522505748673,44.283628928799025,27.684204440670815,26.31934846434243,47.205136108881334,26.18291435626775,27.417962549979997,62.58587021932656,43.268030379490796],
        [32.26760872045135,7.678859095915044,23.000650135656702,22.895239346431755,42.43750914592321,16.039301673356167,27.71205730400846,20.473009559156896,27.139631119850932,36.02015126852304,41.774500219533564,37.797485565455354,26.629333533568367,4.647649196680974,47.14037239149665,29.586957142606092,13.54629571664378,0.6678052982639561,28.29600530859798,44.03564816300395,11.164067280721595,47.52888254851606,32.47751560646559,26.78366672012983,6.872263016549003,42.5473209327871,12.572171428181681,15.809523142386142,54.8656141751697,0.0,33.91398218260712,39.65414451268999,38.93477947242232,13.89207018608533,27.543758324560866,30.103019667829145,14.174627055112696,33.7550261681107,39.3102038965504,12.448096334940708,32.26760872045135],
        [11.533655772501135,35.171668583327886,15.868456588227092,15.865116002750216,26.838716417328122,32.93291235566439,6.751630565989925,33.94196941784137,20.793521998102147,7.654693294498749,12.031731104833725,36.68196777993367,8.778760474878048,33.80229207405071,26.35345620482706,7.64507519086674,33.38686295057984,34.49901849154949,31.23305827537818,36.257583785296,27.735195063523516,14.408641076083882,36.18091909764454,19.58882513752717,29.008173710042634,12.228834977222446,23.796511958781696,18.710241149841437,31.76969268683182,33.91398218260712,0.0,5.787712124539031,5.05643648759061,31.36184717738234,14.945906771502933,11.495990680066855,20.98173740658626,6.726976136505314,5.9688112077157385,36.38090858265502,11.533655772501135],
        [13.779044356161089,40.9430768283678,21.15917012442288,20.46567666031736,28.434240766689612,38.42950823829697,12.146075039997505,39.180255592157195,25.208938273334955,9.443294070098768,9.279152752083426,40.15562854640547,13.827720081657208,39.58999918222241,26.559952001373087,11.784988731478844,39.0003599054846,40.24530643512714,35.66466984093468,38.64791173515486,33.0572053493685,8.93637725536576,40.3414793256467,24.082519273222395,34.79535554120625,9.017519722679522,29.210317624224743,24.49546998394674,30.75304626371751,39.65414451268999,5.787712124539031,0.0,1.6107990696865353,36.95458683770258,19.48919845245526,15.663662188079956,26.48229728780774,9.945111193877059,3.5715011819468874,41.58193755204476,13.779044356161089],
        [14.438305047891602,39.963580116784435,19.863330051981134,20.465957469990396,26.864967941464084,37.187650293314675,11.726525203406805,37.82900846637191,23.69982310871716,7.833181928253465,10.799985102460223,38.553709729474775,13.594565391253816,38.70527005892341,25.122841063252025,11.866603755527919,37.83070641769059,39.51426612493214,34.142762739435845,37.046314874644324,32.72472732548974,10.346619854158035,38.7843191087344,22.58756518931475,33.895406399148925,10.582080714794477,28.814338048333163,23.58867733956868,29.522505748673,38.93477947242232,5.05643648759061,1.6107990696865353,0.0,35.772281324418685,18.0172642336786,14.156905540072193,26.021438658829616,8.398179828931514,2.1218668220571257,41.32845139813276,14.438305047891602],
        [34.5558618107612,7.70703399969962,16.139738110064847,27.028602890299844,30.9267377406759,2.534612363507165,27.02082679317595,6.740057007267456,16.58091110347491,30.385838397916217,42.02223849432296,24.03851053327533,27.104118864687035,9.549065623945713,36.53869707305223,30.18804514559106,2.096788290688806,13.830455664161553,14.674240252511863,30.74214728421114,21.261519514503686,45.767488746978394,18.59448005361097,16.779212168479468,8.403122945737424,42.56026233507068,19.855099078387116,14.014924920676151,44.283628928799025,13.89207018608533,31.36184717738234,36.95458683770258,35.772281324418685,0.0,19.570770690836728,23.23311945257669,19.184805189841413,28.462464540423216,35.38378201397999,25.89284373047925,34.5558618107612],
        [23.502839489087748,25.60961992615479,4.607986138683971,21.41592746688774,16.962847748370873,20.38039176593799,14.556398989762926,20.19945860619848,5.8495034492118,11.24454893777218,26.962512694916768,22.275376330052147,16.272135294931672,25.473722401336136,20.16506746691584,18.22002678152924,21.657725857361164,27.935367759058163,16.29540765927325,23.57369348519645,26.653450692202362,28.36107009883285,21.257901135457228,4.6461313884415425,20.967681627226973,27.174306060635136,22.811830980712585,12.767903097224687,27.684204440670815,27.543758324560866,14.945906771502933,19.48919845245526,18.0172642336786,19.570770690836728,0.0,3.9593187806275134,20.001008255855997,9.746774202929856,17.025656408042334,34.97002862618632,23.502839489087748],
        [21.130902488893526,28.880480124530166,7.366760284377104,20.621240750828893,17.348203549546156,24.184976224061728,12.503229912849944,24.146128348493416,9.545479000522203,7.30437373719515,23.508449059841336,25.2161911257098,14.548189868429567,28.463899308573854,19.22509393902457,15.940406893634322,25.328961745601998,30.548376098266065,20.00478737801607,25.445243828576093,27.84483870271589,24.482262987711685,24.779205288773834,8.434189215766473,23.797567318912446,23.649274501790263,23.8419306300055,14.601230446768874,26.31934846434243,30.103019667829145,11.495990680066855,15.663662188079956,14.156905540072193,23.23311945257669,3.9593187806275134,0.0,20.894615949857233,5.813209808611498,13.087669614998859,36.43123012985568,21.130902488893526],
        [18.09853921455583,18.45336176831769,15.779743034094036,8.85929561808742,36.90436286862326,21.664366855262607,14.337070287592859,25.140724159464106,22.640563494751245,24.916852394078735,27.674069656336965,37.973240743855236,12.848466475553723,15.905002545281475,39.95689032105966,15.628410335388022,20.423132106234306,14.831889447244679,28.923157339920706,41.937783114142256,7.06737882545014,33.78808331220596,34.20856155567908,21.702312155387737,12.144634057808867,28.473162653790123,2.992618655857861,8.012207328452728,47.205136108881334,14.174627055112696,20.98173740658626,26.48229728780774,26.021438658829616,19.184805189841413,20.001008255855997,20.894615949857233,0.0,22.63271166374507,26.79409512111499,15.819126303740424,18.09853921455583],
        [17.855886002488116,33.514589905233386,12.323015590162523,19.9538118755904,20.144014916989924,29.61701869671175,10.611218575114227,29.84513033834429,15.325632179360483,2.3025332459092906,18.302221354247283,30.370775410326697,12.941194806483638,32.72244492798182,20.12489673768212,13.18330108208218,30.55481627480921,34.26551731254202,25.750742084252582,29.565769883562467,29.694642473911234,18.68756205514021,30.396558871784404,14.239259571501142,27.930791444019007,18.327856166331934,25.618937598630506,17.945906574810177,26.18291435626775,33.7550261681107,6.726976136505314,9.945111193877059,8.398179828931514,28.462464540423216,9.746774202929856,5.813209808611498,22.63271166374507,0.0,7.278984080461717,38.45171706259247,17.855886002488116],
        [16.330339343927935,39.93058373615558,19.310692383393526,21.79193551528677,24.8914840242292,36.67660203040399,12.700275323972127,37.07813025353439,22.558308517807426,6.2414520648303595,12.849941914204111,36.960183651266384,14.745067932847235,38.82997544415161,23.015669898524447,13.353169384330757,37.46162516303239,39.87127825536586,32.930671558461384,35.18451866484504,33.63020468267868,11.531830955718723,37.433963659630194,21.497134128476272,34.009154149267005,12.580990960472544,29.655904487904575,23.738048241454134,27.417962549979997,39.3102038965504,5.9688112077157385,3.5715011819468874,2.1218668220571257,35.38378201397999,17.025656408042334,13.087669614998859,26.79409512111499,7.278984080461717,0.0,42.307291595398645,16.330339343927935],
        [30.65408304998276,20.11342167433048,30.438379245805006,21.495940293613263,51.39388381843915,28.214245806577456,29.63031964799651,32.61101620705237,36.2946316425003,40.73452622333668,40.894362092670896,49.176123513410786,27.761209296754483,17.087269161048233,55.134396177260214,30.005449123748765,25.83929944592664,12.773699034846324,39.62349667886916,54.68033418985085,8.761901340253607,47.96778815617203,44.22030585477551,35.621126232082794,17.76223107876722,41.807933274380055,12.834171511091311,22.20714245643199,62.58587021932656,12.448096334940708,36.38090858265502,41.58193755204476,41.32845139813276,25.89284373047925,34.97002862618632,36.43123012985568,15.819126303740424,38.45171706259247,42.307291595398645,0.0,30.65408304998276],
        [0.0,35.96318406688138,22.285337221491698,9.541073635132705,37.87258064245673,36.6819912228126,8.985849515304993,38.92729835704394,29.00633955773425,19.141457900340868,10.247354634596832,45.75189682583006,7.789696769003885,33.73747144866932,37.84566892178196,5.284354026140192,36.29529104346382,32.92694336019578,38.777910844971984,46.57586411158905,23.04649646848902,17.696786162702296,44.10434770904564,27.745974682989665,29.450006873466382,11.17457031221952,19.98550559778438,20.540996976360617,43.268030379490796,32.26760872045135,11.533655772501135,13.779044356161089,14.438305047891602,34.5558618107612,23.502839489087748,21.130902488893526,18.09853921455583,17.855886002488116,16.330339343927935,30.65408304998276,0.0]
    ],
    "end_depot": 40,
    "start_depot": 0,
    "truck_dist": [
        [0.0,49.69711263527512,29.253444555088766,11.356856926498654,41.24743668856575,51.834875935392944,11.139617972746802,54.5041241764344,36.00311699117874,23.737845798242564,10.888340934377492,55.40536558812077,10.640497321869066,45.87485546376539,46.57440006273291,6.353548749953156,51.30314987102258,42.727116139050075,50.775008739691884,49.43596926889121,26.075465789151437,21.938148865392662,57.13493067919374,34.40498572496807,40.74703119164508,12.163040242962435,24.557038196067257,29.04925175208419,56.88356043888979,41.812303895660605,14.726228161860778,19.483318685411646,20.26621051576692,48.86933638644189,27.879715594487973,22.50377136557885,23.61726594211344,20.772896834112288,22.700890499040632,31.313838433156025,0.0],
        [49.69711263527512,0.0,22.53834914477275,38.34025570877647,52.059384347223755,12.881391280364664,38.55749466252831,18.555949370722008,30.471831584985082,36.68536801897169,59.26061543033644,44.22927236261178,39.05661531340605,3.822257171509726,57.38634772139092,43.34356388532196,9.173925323375197,7.701851101488656,31.532739788434412,54.3401819201998,23.62164684612368,61.74161782796334,35.83167327594895,29.679252168919934,8.950081443630044,59.7868348997159,25.14007443920786,20.64786088319093,67.69550809754779,7.884808739614513,42.683651643588064,49.344380809664,47.205122137186784,10.86791298395968,28.908587857051426,30.474357335907804,26.079846693161677,35.339115317159,45.450992438407376,20.50189077449803,49.69711263527512],
        [29.253444555088766,22.53834914477275,0.0,19.012413630840307,29.521035202451003,22.581431380304174,18.113826582341964,25.250679621345633,7.933482440212334,16.24169993878533,38.816947350150095,26.15192103303201,18.6129472332197,24.838670385057792,34.84799857661817,22.899895805135607,22.04970531593382,30.240200246261402,21.521564184603122,31.80183277542705,31.280226759522176,41.29794974777698,27.881486124104974,7.140903024147185,20.345291133948606,39.34316681952955,25.718997493826656,11.648387322364325,45.15715895277504,30.005580570778843,22.239983563401708,28.90071272947765,26.761454057000435,19.615891831353117,6.370238712278677,7.9360081911350555,21.592454031135926,14.895447236972647,25.007324358221027,43.040239919270775,29.253444555088766],
        [11.356856926498654,38.34025570877647,19.012413630840307,0.0,48.53344883329131,40.478019008894286,13.401557455216718,43.147267249935744,26.94589607105264,31.02385794296812,20.920359721559983,44.04850866162212,10.138829743058182,34.517998537266735,53.860412207458474,11.220629436043328,39.94629294452393,31.37025921255142,39.418151813193234,50.81424640626736,14.718608862652783,29.22416101011822,45.778073752695086,26.153316654987492,29.39017426514642,21.44657919093944,13.2001812695686,17.692394825585534,64.16957258361535,30.45544696916195,22.012240306586335,26.769330830137203,27.552222660492475,37.51247945994323,25.382652343118984,26.948421821975362,12.260409015614787,28.058908978837845,29.986902643766186,24.027826288430468,11.356856926498654],
        [41.24743668856575,52.059384347223755,29.521035202451003,48.53344883329131,0.0,39.17799306685909,35.13189137807459,33.503434976501744,21.58755276223867,21.154228158689186,43.72947557005395,21.239392813128156,38.39461909023313,54.35970558750879,7.795258505736086,37.31281939724798,42.885459023848554,59.761235448712405,20.526644558789336,15.269996493898596,60.80126196197318,46.21047796768084,22.96895790420112,22.380132178303818,49.86632633639961,44.255695039433405,55.24003269627766,41.16942252481533,15.636123750324039,59.52661577322985,27.152511783305563,33.81324094938151,31.67398227690429,41.19147136326407,23.150796490172326,21.585027011315947,51.11348923358693,20.474539854453464,29.919852578124882,72.56127512172179,41.24743668856575],
        [51.834875935392944,12.881391280364664,22.581431380304174,40.478019008894286,39.17799306685909,0.0,40.69525796264614,5.674558090357344,17.59044030462042,38.823131319089505,61.39837873045427,31.34788108224712,41.194378613523874,15.181712520649706,44.50495644102625,45.48132718543978,3.7074659569894663,20.583242381853317,18.651348508069752,41.45879063983514,25.759410146241503,63.87938112808116,22.95028199558429,17.429890210424873,11.087844743747867,61.924598199833724,27.277837739325683,22.78562418330875,54.81411681718313,20.348622706370755,44.82141494370588,51.48214410978183,49.34288543730461,2.9655395489510585,23.955160340904968,29.33110456981409,28.2176099932795,37.476878617276824,47.5887557385252,33.38328205486269,51.834875935392944],
        [11.139617972746802,38.55749466252831,18.113826582341964,13.401557455216718,35.13189137807459,40.69525796264614,0.0,43.3645062036876,24.86349901843194,17.622300487751403,20.70312076780813,44.26574761537398,3.2627277121585347,34.735237491018594,40.458854752241756,4.786069222793644,40.163531898275785,31.587498166303277,39.635390766945086,38.29635129614441,25.669370583898587,23.184123165435018,45.99531270644694,23.265367752221266,29.60741321889827,21.229340237187586,20.108141318203064,17.909633779337387,50.76801512839863,30.672685922913804,8.610682851369617,13.367773374920485,14.150665205275759,37.72971841369508,16.74009762174117,13.546864366758644,15.981597855512337,14.657351523621127,16.585345188549468,37.429383743647186,11.139617972746802],
        [54.5041241764344,18.555949370722008,25.250679621345633,43.147267249935744,33.503434976501744,5.674558090357344,43.3645062036876,0.0,18.501007185255656,41.49237956013096,64.06762697149573,25.673322991889776,43.863626854565325,20.856270611007048,38.830398350668915,48.15057542648124,9.38202404734681,26.25780047221066,12.976790417712408,35.78423254947779,28.42865838728296,66.54862936912261,17.275723905226947,20.09913845146633,16.362891359897866,64.59384644087518,29.94708598036714,25.45487242435021,49.13955872682578,26.0231807967281,47.49066318474734,54.151392350823286,52.01213367834606,7.688036386762326,26.624408581946426,32.000352810855546,30.886858234320957,40.14612685831828,50.25800397956665,39.057840145220034,54.5041241764344],
        [36.00311699117874,30.471831584985082,7.933482440212334,26.94589607105264,21.58755276223867,17.59044030462042,24.86349901843194,18.501007185255656,0.0,22.991372374875308,45.56661978624007,19.402248596942034,25.362619669309673,32.772152825270126,26.914516136405833,29.649568241225587,21.297906261609885,38.17368268647374,14.771891748513145,23.868350335214718,39.21370919973451,48.04762218386696,21.131813688014997,1.5981312662106752,28.27877357416094,46.09283925561952,33.652479934038986,19.58186976257666,37.223676512562704,37.93906301099118,28.989655999491685,35.65038516556763,33.51112649309041,19.603918601025402,8.12340139669077,13.499345625599894,29.52593647134826,21.645119673062624,31.756996794311,50.973722359483105,36.00311699117874],
        [23.737845798242564,36.68536801897169,16.24169993878533,31.02385794296812,21.154228158689186,38.823131319089505,17.622300487751403,41.49237956013096,22.991372374875308,0.0,22.575247411364764,42.39362097181734,20.88502819990994,36.8501146971856,22.836554264490353,19.80322850692479,38.29140525471915,42.251644558389216,37.76326412338845,36.42422465258778,43.291671071649986,25.05624980899165,44.123186062890305,21.393241108664633,32.35673544607642,23.10146688074422,37.73044180595447,23.65983163449214,33.14571464064723,42.017024882906654,9.011617636381786,12.65901279069232,10.519754118215102,35.85759177013845,14.867970978184538,9.492026749275414,33.60389834326374,2.9649489641302758,8.765624419435694,55.051684231398596,23.737845798242564],
        [10.888340934377492,59.26061543033644,38.816947350150095,20.920359721559983,43.72947557005395,61.39837873045427,20.70312076780813,64.06762697149573,45.56661978624007,22.575247411364764,0.0,64.9688683831821,20.204000116930395,55.43835825882672,35.93421706431786,15.917051545014484,60.86665266608392,52.2906189341114,60.338511534753216,58.999472063952545,35.63896858421276,11.04980793101517,66.69843347425507,43.968488520029396,50.3105339867064,1.2746993085849414,34.120540991128586,38.612754547145514,45.9952195045123,51.37580669072193,16.576963786748387,9.916234620672443,12.05549329314966,58.43283918150321,37.4432183895493,32.06727416064018,33.18076873717477,23.921500113177448,13.809622991929068,42.202179367533525,10.888340934377492],
        [55.40536558812077,44.22927236261178,26.15192103303201,44.04850866162212,21.239392813128156,31.34788108224712,44.26574761537398,25.673322991889776,19.402248596942034,42.39362097181734,64.9688683831821,0.0,44.76486826625171,46.529593602896824,29.034651318864242,49.05181683816762,35.05534703923659,51.93112346410044,12.696532574177368,10.110909557588016,52.971149977361215,67.449870780809,8.39759908666283,21.00037986315271,42.03621435178764,65.49508785256157,47.40992071166569,33.33931054020336,32.85530000869839,51.69650378861788,48.39190459643372,55.05263376250966,52.913375090032446,33.361359378652104,27.525649993632804,32.90159422254193,43.28337724897496,41.047368270004654,51.15924539125304,64.73116313710982,55.40536558812077],
