{
    "drone_dist": [
        [0.0,1822.8080325732826,338.3375579281189,3611.690618905936,3685.018832112827,1723.9152141661014,1802.8289851991713,3155.066096263246,1367.5335729813444,3510.625277966117,2955.783779310363,3692.0685540798218,3569.928134319283,441.31086345002825,4449.957774508329,2013.30693794162,3253.308631791008,3512.5927010702294,3368.32515374017,5877.115962790334,2097.36706018995,4153.409999105962,3332.0911858911263,3278.500243586626,2897.272631185701,2406.9127664367925,4384.268604123842,3593.1630223549623,3046.796790648305,5246.771574794916,1662.0456028983049,4241.542470503183,4243.452213521478,3447.5697309304846,3823.0204186562005,1988.4546055806654,1812.2754957165537,3663.0702463952016,1627.2540699170077,3327.6579873749106,2807.347429397355,4787.507617851593,2676.5430560296527,2607.264870530292,3810.8096273773267,5156.436300994152,4728.056781253139,4108.619982181821,3175.1265759237685,2204.778407034851,1619.8202446154667,1659.1375574146664,1949.9794971636866,3614.194116736383,2182.5777450303017,4736.124675772541,3287.830097149996,4279.078329647132,2247.524224380493,2821.920134938723,774.7697306239558,3279.2839188639136,1622.391148274941,5243.190296796302,1671.9601453983553,3568.225899787614,3670.805101135757,3070.5687469674535,1973.9749634916782,3868.272086375439,0.0],
        [1822.8080325732826,0.0,1835.0917830882106,2465.845386153713,1895.1958115039831,1796.9441880236946,1475.903709908361,1799.4658856108827,2015.6142721778629,1781.5242514690901,3054.080823320615,1895.647411030745,2728.375782259936,1724.4859682495692,2722.699873767251,1109.4327137254613,2146.499761459523,2114.407051307929,2431.829651143619,4245.055611953118,635.6215834671049,2463.5126628622943,1513.1278632507233,1645.9946209103002,2236.9696320879534,1043.8810682283022,2572.9604105523954,2405.3244441522716,2215.160656335189,3475.7751724572586,289.0678570532666,2871.2811873166174,2469.096421890399,1712.5524441071564,2008.9780901080119,1718.349429899135,1528.7747446192209,2073.2834209299394,1067.1181324158545,1517.6908727737907,2153.7441014601063,2981.9629669783967,1370.9286695508092,1519.169159732184,2009.3912720342253,3376.5283627394124,2935.863867065863,2460.844284904732,1440.0821238655092,2069.219846140724,1264.425178808489,636.3924768585808,136.03925105315867,1913.0590940917198,685.7398125331802,3299.9006027474425,1465.2969249421435,2514.6722636545064,426.9879927094409,2186.126381134052,1520.0453379500057,2533.5841659509842,1760.3414529529498,3698.670187867149,1204.436595901276,1837.9468941749014,2698.856107515624,2581.5569821270046,453.09010956289006,2094.3872494559414,1822.8080325732826],
        [338.3375579281189,1835.0917830882106,0.0,3817.626832883358,3635.540836787052,2017.6733773830363,1553.3797809729085,2987.216690948925,1694.8895229292061,3431.8000166465345,3279.3635803996663,3647.400900488267,3817.7358021674804,764.3028573508377,4527.794947170515,2201.670057178031,3459.1045019069343,3343.9366554520116,3600.589327259494,5995.432042234185,2201.7720284203897,4244.873509035852,3315.3981741540147,3171.226631822259,3154.307706536602,2273.0011847528112,4349.169801358134,3792.130150710921,3286.4347280963907,5303.656713502604,1630.7822861846912,4415.879508881195,4296.7157485124635,3517.34713932774,3794.8880251483492,2258.6369329146096,2070.8599747775747,3536.0314917569963,1830.2166754340678,3298.718970281883,3062.998754779159,4816.993690767681,2835.5153411152323,2798.8996658484357,3844.1455573690982,5207.391524384013,4672.425591695615,4214.118915080569,3104.5555638402843,2497.386095649444,1397.2205411562725,1788.3003225016084,1951.6068140050213,3698.2294994546223,2285.902058886479,4556.511765471954,3290.0802241702254,4208.282737544962,2261.219212264175,3079.9897860296437,517.7824465595493,3534.0382457941914,1325.4826820273047,5384.854228067045,1894.0885726869096,3489.0173797799566,3903.058822273016,3349.6556133972203,1907.6860847165408,3920.953399540203,338.3375579281189],
        [3611.690618905936,2465.845386153713,3817.626832883358,0.0,2876.0849530456817,2117.8314289650048,3941.651548157885,3795.070050123558,2675.714030898417,3099.3380844698554,2158.6912307335197,2830.7452583775735,619.7764246880577,3244.1991898873084,1878.3883665755322,1619.0114387070732,358.71650052338214,3970.0146688708555,433.7899841217644,2621.518704954914,1836.6485414600675,1570.7163656439202,2453.2318412172644,3285.325663804906,980.4478550761852,3286.2524437391717,3051.83326848029,97.69872484004469,712.2484744062909,2639.1341997710892,2747.477191904727,763.3513129362722,2033.546743556504,1609.7225422520883,2713.548913272085,1763.1563156313523,1866.3860829716182,3633.364687560108,1988.9410967754031,2568.6935497138666,1025.739895970378,2601.6340939063307,1095.2049141384862,1025.9536630042444,2071.273868379642,2631.8084667585995,3472.321089582894,1393.1997748677397,2918.472367770939,1781.55004005882,3725.686552313708,2101.360387018416,2464.0275195134955,1477.385153515977,1780.263503266116,4830.278031695737,2264.841531264027,3370.6584290637147,2279.2815335237124,1039.0891999594812,3743.932931417402,767.9538809503658,4202.56461877061,1879.441568194587,1940.6625830806158,3124.553625855686,389.82128003049075,1196.3470678312374,2841.6768785749764,1883.1628071539733,3611.690618905936],
        [3685.018832112827,1895.1958115039831,3635.540836787052,2876.0849530456817,0.0,3451.7051357588484,2586.213715201627,1374.0199787833294,3810.0321739668416,367.39904062302867,4438.462041363624,53.46267426107466,3423.8718335516082,3619.434525599254,1737.3857745199534,2534.512572368305,2748.5065890120404,1341.0168029659565,3122.3844007769,3254.2609016664796,1982.1790087659522,1723.0282775017704,478.38863408859066,744.3822531110496,3280.5912034179682,1524.7568731533945,727.5055516666407,2779.974953035925,3104.153634265058,2126.094142212201,2022.9805167810136,2767.2138226894617,1346.7864019904744,1271.5330819554185,279.96539696495864,3235.2547769964976,3113.310846277407,864.4645492543789,2737.1991998556855,407.494194472135,3234.456022193039,1504.823389502705,2182.422662110948,2492.4105752647647,931.5721183905872,1997.527769342249,1043.6037702410085,1862.960008241493,563.5853176871258,3542.606253385338,2529.8392588166694,2356.12586223311,1760.0330214915325,1445.566249482661,1928.604803375718,1957.2960122032475,648.8375261413805,636.1119188072281,1507.2705570229211,3270.021500771414,3211.6607276655495,3392.8002017805356,3011.9888071211935,3012.3542692579813,2846.082086422323,347.62364516854655,3252.2681519459807,3659.29524723566,1728.0556828874448,1163.9254363228636,3685.018832112827],
        [1723.9152141661014,1796.9441880236946,2017.6733773830363,2117.8314289650048,3451.7051357588484,0.0,2868.759970489816,3595.8783181562785,558.3658474719119,3450.917612553328,1357.37481708743,3433.30863930714,1921.0328649629198,1290.6268319383712,3491.4713142019004,936.4035406945907,1785.5972809374252,3910.0141244462384,1780.3662629984663,4656.7807924738445,1471.1721955081903,3153.2996348856705,2985.7841627755224,3397.327137541738,1239.6301775672262,2826.7245552565855,3997.6139359819117,2130.6036762275135,1446.7376814176491,4336.217281269453,1911.6966876395131,2847.8578864011247,3424.1672288835744,2639.5785015689453,3462.7814646029988,356.9834970799844,352.14284091450384,3828.1443468983534,741.1402515965184,3044.232227552884,1158.6077876992538,4040.7290286989455,1539.525837390781,1302.285689158099,3139.137324929761,4279.719795529026,4416.115296689783,3043.829567563092,3127.731328218039,480.89086141370575,2624.7653306901084,1170.7686414498462,1909.553391681348,2709.8159080809232,1523.216680916447,5079.245397704707,2852.7284848051,4085.725876883778,2024.195231466757,1163.865971869419,2177.848345493849,1616.6034975024425,2926.211017293842,3944.9569234943847,614.5205557839171,3502.2240270186944,2070.66974118962,1355.0161322831652,2227.6065251368896,3091.4756607791383,1723.9152141661014],
        [1802.8289851991713,1475.903709908361,1553.3797809729085,3941.651548157885,2586.213715201627,2868.759970489816,0.0,1561.0742319481103,2818.5344337939596,2284.300969746065,4224.4791714546145,2616.4354481863593,4178.6702406977865,2049.1846002826114,3953.932269138534,2488.270287486212,3619.2021101332866,1899.8938883785654,3890.9307029101724,5532.912503123079,2107.345287895003,3755.7368904397936,2436.5632066973862,1938.2674952257942,3633.5423149823823,1061.9106237616152,3306.319159411057,3881.0966532425296,3651.086815914365,4590.532391096763,1195.912420534665,4321.6301274520965,3628.626938629593,3000.3790063539896,2818.63720091747,2936.648471257276,2723.74983069762,2207.518218831635,2287.8121395514295,2369.2931868330656,3544.5725753961,4010.7945678166725,2846.5497619260204,2977.103713907806,3126.2620407193376,4473.047306512442,3535.9608161723377,3793.7933583666336,2023.9665424175073,3270.912624705604,244.74442591934152,1949.7201273702638,1489.6542717534082,3226.486291330934,2161.392102740804,3064.4002090385575,2497.249225024561,3038.6466460254674,1736.4698077219546,3573.6467930373547,1038.5777352727991,3961.3278078020676,429.56972309779104,5063.904184014339,2417.0603626111065,2335.1628373212607,4165.972163076119,3944.9752355276114,1150.7769912545218,3282.2611556639376,1802.8289851991713],
        [3155.066096263246,1799.4658856108827,2987.216690948925,3795.070050123558,1374.0199787833294,3595.8783181562785,1561.0742319481103,0.0,3770.8957479022447,1006.957726054924,4834.276347820958,1422.3367618867974,4231.725358858866,3256.8959921824735,3071.5384059725025,2848.693650998571,3565.0280567997042,357.6005286146928,3917.845286695971,4620.308187580355,2274.2487760673225,2994.1796781046055,1508.2370483061777,636.070274162121,3885.497441274668,791.5738348191423,1989.9207208719129,3709.0553780399237,3790.946999177821,3498.068549238391,1716.2650013996174,3896.6606076353746,2688.358341845756,2361.1103468472197,1652.9805910583852,3505.9867012882355,3323.8216059314514,691.707195345951,2865.4259886523937,1392.9665150997325,3814.524575036622,2873.9877096521623,2828.267960785125,3086.0355980971694,2217.717373183528,3368.6937451063695,2108.9062122902537,3101.3306362547623,957.9479298198754,3854.5345825694485,1622.9957335768038,2433.0125004866286,1693.2562630193672,2584.4606725876492,2271.3050022329203,1583.7514821165462,1665.9443003077633,1614.3256270881643,1667.6532865374702,3849.6846023389367,2481.870783740529,4110.542051782049,1973.920630713332,4326.7986650670455,3001.793566126027,1034.58316453733,4124.104642498694,4257.324588526872,1376.5211413481363,2435.491993295502,3155.066096263246],
        [1367.5335729813444,2015.6142721778629,1694.8895229292061,2675.714030898417,3810.0321739668416,558.3658474719119,2818.5344337939596,3770.8957479022447,0.0,3764.0283654776417,1589.223466343146,3797.657704173576,2454.6275487379185,930.5883346123702,4006.007036579792,1394.9196940618212,2343.8525315156758,4105.454912865513,2331.2898996876943,5208.657614972808,1845.07559884683,3671.3058636687983,3361.150679006929,3660.2163358186135,1778.755537332386,2981.5607592440565,4403.05193253063,2688.9692217417555,1998.351185051389,4849.451864542785,2054.651267180132,3405.769866073237,3913.537286815379,3113.989010738329,3852.821501961162,914.9955508250569,862.7481599507857,4088.573602372706,1086.9526890279992,3405.222715493982,1702.3142586429854,4523.112296122392,2052.1837649742515,1839.4085423757913,3594.420044510448,4787.1144109712095,4809.71988311708,3570.7849746109478,3428.7074397736087,965.8563520501909,2583.53637544483,1456.1097947337923,2144.096139729645,3204.9729902751587,1911.8724329299403,5309.656691168563,3246.5737992322656,4445.900553582317,2323.4350198838083,1704.1641782485524,1972.5100135568478,2147.8250946607945,2793.068767394209,4500.5907663453,1003.6571626718445,3818.245385015539,2617.2452652342263,1843.5427305557112,2398.017291019904,3567.8813392855504,1367.5335729813444],
        [3510.625277966117,1781.5242514690901,3431.8000166465345,3099.3380844698554,367.39904062302867,3450.917612553328,2284.300969746065,1006.957726054924,3764.0283654776417,0.0,4519.891887867203,416.90113812019297,3617.736285654151,3485.996939013656,2092.4227075408867,2564.06218920851,2937.520837081756,986.4493326081914,3309.385314434012,3620.2681047657097,1986.134281021696,2055.399954694099,647.1810127375301,382.68244468312747,3411.1748265682068,1234.027174668618,1031.494475125688,3005.4351233100283,3257.3679110101893,2491.7119734959415,1860.6822946158684,3057.635036738554,1703.4971866175574,1527.2582507009024,647.1124665351033,3266.829136418537,3125.5359403364764,544.2531502714031,2718.00322263655,530.6481082251917,3356.9614017986282,1868.771810268023,2305.5294825841984,2606.3642055578252,1262.5685607890357,2362.6793252987823,1262.0945600351736,2184.4138068719867,341.90737107124306,3590.602417221711,2250.3171682754896,2311.2552030599063,1645.967739568028,1724.8593207241295,1945.859206788721,1750.9371198942486,835.1498261946829,778.8028533900253,1441.0789461040042,3392.8761637322887,2982.955095116709,3558.8395361785365,2713.2741216879563,3363.1548696442546,2837.2599298172786,57.61693738186585,3464.3323950684985,3792.166487473313,1536.6504276055432,1491.7091048941866,3510.625277966117],
        [2955.783779310363,3054.080823320615,3279.3635803996663,2158.6912307335197,4438.462041363624,1357.37481708743,4224.4791714546145,4834.276347820958,1589.223466343146,4519.891887867203,0.0,4408.6173520897,1626.5335423960062,2516.493142701431,3967.6346845292815,1992.0401963794575,1987.6169896826138,5122.539395429738,1725.2056605782336,4737.230278164178,2578.5515706371425,3634.1605485609043,3960.257186629242,4542.374043581588,1256.8561340925417,4097.904107074466,4854.375509728086,2226.709284757964,1515.1495580494416,4772.340533060589,3215.6702484355383,2896.6887727883336,4031.2093687487527,3368.0790675876797,4380.465462899497,1336.5541785771557,1535.3473535780774,4964.64372370994,1999.8758101080473,4044.7048897574577,1266.2880442883902,4643.165357118142,2269.7578091178048,1957.1953466565765,3894.707887640797,4751.342657682846,5288.0202410945285,3476.371446229933,4228.074045956977,985.40601359499,3980.136655900451,2419.918219565013,3146.949143683342,3347.8629043219757,2599.1749544090294,6231.907061116755,3794.907979323833,5045.013086591132,3184.511927508624,1235.1688943288245,3508.8107280388517,1393.3904730834984,4280.068267293991,3986.422316993574,1861.2180417907368,4564.534099365714,1880.8424412093086,962.5058942119844,3503.6284511277004,3774.9815923548113,2955.783779310363],
        [3692.0685540798218,1895.647411030745,3647.400900488267,2830.7452583775735,53.46267426107466,3433.30863930714,2616.4354481863593,1422.3367618867974,3797.657704173576,416.90113812019297,4408.6173520897,0.0,3381.3336664120034,3620.122962048559,1684.3733804460076,2513.0700607757763,2706.9011770581837,1393.5777864318113,3080.7512449985716,3203.592417184077,1965.4056408974707,1669.6995729651376,451.73482420803197,790.7192651932312,3245.3658392440993,1554.551780798947,706.8537517470364,2734.463744470999,3066.3706893024846,2079.8847920638045,2030.4374752429085,2715.947939180701,1293.8792623249126,1224.5183640659664,230.64595491668905,3212.6749584635413,3093.4655630729926,917.9190343565186,2722.1622995495254,392.4432536347447,3200.241334064856,1460.006333445427,2149.320094098121,2459.9952837405604,878.4783239745265,1951.7077225364712,1040.2821925671115,1810.0159005208147,592.4689063526771,3517.5857690206144,2555.8611382314443,2345.3705915501637,1760.9936333129278,1395.900282520522,1910.1310411482057,2004.856286549315,615.1002040914296,652.425155981234,1502.2739328484174,3235.737869681923,3228.046284647497,3353.3553318630993,3041.2552241799394,2959.1349039050533,2829.4484736170175,399.4973470034105,3207.8901041689273,3623.5572255797792,1740.8973570956182,1110.87665951976,3692.0685540798218],
        [3569.928134319283,2728.375782259936,3817.7358021674804,619.7764246880577,3423.8718335516082,1921.0328649629198,4178.6702406977865,4231.725358858866,2454.6275487379185,3617.736285654151,1626.5335423960062,3381.3336664120034,0.0,3164.2640065133673,2496.4046276007966,1713.5350915364775,680.3853794606074,4437.8948636840405,313.97128960118795,3111.284098609896,2096.42475172709,2190.492731658144,2979.7196710598737,3767.132487658737,682.2900596364535,3650.30386248432,3649.1151689803933,712.1195777643018,540.7841170966217,3243.0124758064044,2990.4964933364154,1285.6484356653073,2651.087118217106,2177.9725837470796,3281.9570878247687,1597.6519194531702,1758.506955044084,4139.09897063328,2018.3300729424736,3090.0794103850876,767.6462513310248,3221.370022700375,1413.0076535502062,1209.4615943120248,2663.2017810080147,3241.3511309794985,4073.9559886164084,2012.6969797859865,3405.7424604557978,1494.6551297319963,3948.2490856163768,2247.423740245892,2755.4419851201724,2069.3497801258463,2060.5685682501576,5364.140524925062,2792.4917727454995,3947.5587156259153,2627.722390105608,758.4330440722401,3828.0978082235183,307.19689464252997,4389.565384868827,2360.4579906063636,1932.018840583384,3647.993379727321,261.14864863981313,702.4535355531676,3146.6684889446633,2485.5725905611657,3569.928134319283],
        [441.31086345002825,1724.4859682495692,764.3028573508377,3244.1991898873084,3619.434525599254,1290.6268319383712,2049.1846002826114,3256.8959921824735,930.5883346123702,3485.996939013656,2516.493142701431,3620.122962048559,3164.2640065133673,0.0,4217.951317050642,1682.5471558804202,2888.026019028838,3610.6060769174114,2976.9345823543035,5591.998373378808,1868.118352152089,3907.5331009883744,3228.932735920936,3295.347250480636,2486.290605251196,2477.817263674978,4292.650390796119,3232.7239306107467,2650.200351787565,5034.815476217999,1629.8442283740133,3902.974344456714,4042.4138996576517,3234.4494260791716,3728.0749500864226,1571.3680476372906,1407.4779005916748,3701.4025706037064,1289.6584762057475,3240.3599051829783,2397.892599175744,4611.409181397317,2367.9489552962177,2262.721949171501,3638.2702121719162,4952.049501555485,4660.298086578862,3846.739524610216,3144.732766517479,1770.7007606116279,1836.7307464437008,1415.6160623333303,1859.414064828094,3381.9728405629976,1952.052216095784,4838.561038218806,3161.1083772821908,4235.051141667472,2129.6781070916236,2410.391702565572,1091.6022052028336,2868.8159380013212,1942.5596544008731,4934.914149853424,1309.634290111151,3543.319014447336,3278.231075885238,2642.8248692869106,1970.925265768858,3671.33875185429,441.31086345002825],
        [4449.957774508329,2722.699873767251,4527.794947170515,1878.3883665755322,1737.3857745199534,3491.4713142019004,3953.932269138534,3071.5384059725025,4006.007036579792,2092.4227075408867,3967.6346845292815,1684.3733804460076,2496.4046276007966,4217.951317050642,0.0,2624.111552823775,1980.8759381368636,3077.055708671933,2283.3651352220563,1585.4152179229811,2356.1784268546644,341.58384239246027,1592.0140965258997,2437.7752020889197,2714.191663262171,2962.2367180273545,1485.918150329613,1790.6725860152653,2452.5063553655013,844.7493811488458,2980.3148158247445,1366.8024966082141,391.1475109506315,1011.9088286607442,1466.1648545153744,3161.547084783278,3150.518144302402,2598.3696923424004,2988.868140509146,1695.3023379198391,2717.9593516713694,741.6075525709156,1954.7719910885871,2199.2466366887124,862.3547707354202,795.7598982962022,1825.3048483659175,492.1095175556422,2129.6870270915942,3341.408163909292,3817.8851778022754,2805.023532552648,2629.258860504995,836.8475397512301,2271.1610210516415,3525.6610265987924,1479.8596996475078,1933.1084993142722,2318.903635584427,2745.2433654022025,4242.6681838936565,2620.957192304678,4339.451598069925,1277.2393143778645,3029.6386329824663,2082.3913374827307,2249.718142549966,3021.211480087944,2845.0607295039827,673.8582252613232,4449.957774508329],
        [2013.30693794162,1109.4327137254613,2201.670057178031,1619.0114387070732,2534.512572368305,936.4035406945907,2488.270287486212,2848.693650998571,1394.9196940618212,2564.06218920851,1992.0401963794575,2513.0700607757763,1713.5350915364775,1682.5471558804202,2624.111552823775,0.0,1261.6937627968632,3131.103444179594,1450.03321896704,3919.5292743965556,588.3104904616594,2294.8046459421203,2062.6217702247613,2556.476639247199,1146.5921618406778,2136.8775680020826,3062.3892468117942,1590.6970358848143,1175.2831015912209,3464.2758935316224,1330.3600768054835,2228.647878325934,2518.845254114034,1719.8496615225695,2531.86198580178,703.3579876970466,586.6639483739003,2982.442481029003,392.9098061236182,2128.3257237890753,1058.9977380653936,3128.4030206596653,693.9876151552099,597.2729620070787,2208.6087864720475,3397.8433928277927,3482.728215812421,2209.098515129251,2255.7037273470664,1030.496107472333,2251.7321657187103,539.3991449212446,1180.7097476045851,1812.3257167500042,618.6530427269884,4247.880162346974,1922.463088511257,3164.750931271348,1192.471992049945,1089.398514250364,2136.189220143224,1476.8494218086234,2678.187056534534,3253.0093148006267,406.16532542632774,2612.5315476338806,1745.3340904822987,1476.1717181201236,1560.8784024127076,2173.677832536758,2013.30693794162],
        [3253.308631791008,2146.499761459523,3459.1045019069343,358.71650052338214,2748.5065890120404,1785.5972809374252,3619.2021101332866,3565.0280567997042,2343.8525315156758,2937.520837081756,1987.6169896826138,2706.9011770581837,680.3853794606074,2888.026019028838,1980.8759381368636,1261.6937627968632,0.0,3762.9767847895287,373.87789394375164,2898.8458391611575,1512.0816576256764,1650.09246078165,2300.581177621946,3089.101199653972,742.0779759937737,3012.3243914918326,3007.0464711225372,348.16035459475063,473.3448694504766,2787.221457838104,2423.2999627772097,1063.3452982999192,2070.361391652883,1517.5538298677222,2615.532751258389,1428.874693533725,1519.2452331276716,3458.880092116281,1630.2283803238126,2410.2900600899407,761.8724756177329,2670.2280022340683,781.7883375526206,672.0852993984671,2019.89301021901,2763.932981629557,3436.8061832619155,1489.1462704088938,2726.7039591139387,1483.2967024736129,3398.641175313003,1752.0268463993116,2154.8856926725257,1433.1805184985087,1462.1634372257056,4684.679744348213,2113.751042641263,3284.6934401627223,1993.724346291715,783.870112044509,3390.7304688996974,672.2246342647792,3867.461023405399,2170.5392644364865,1582.7934152138491,2968.081066945635,565.4060065545203,1042.883112994092,2539.5275524594335,1859.7167723191776,3253.308631791008],
        [3512.5927010702294,2114.407051307929,3343.9366554520116,3970.0146688708555,1341.0168029659565,3910.0141244462384,1899.8938883785654,357.6005286146928,4105.454912865513,986.4493326081914,5122.539395429738,1393.5777864318113,4437.8948636840405,3610.6060769174114,3077.055708671933,3131.103444179594,3762.9767847895287,0.0,4124.2541772555605,4586.683589192952,2548.043082851507,3039.131911575723,1583.450570566949,691.8161141691579,4131.435593242128,1137.3384147606932,1859.720368130591,3880.5117892469025,4019.7648542519614,3421.6135062746002,2052.542219906186,4008.0649071666394,2687.088337990413,2465.859558503205,1617.6360186600248,3802.9440573266415,3627.1324999837093,510.2218640844852,3174.0055084921682,1462.8882821336613,4064.466644068415,2794.9661825701296,3052.0563468970245,3324.518816024087,2247.6303745603022,3290.424331899313,1910.0435323604677,3162.9156457438894,1058.5681502870277,4148.762072883262,1974.057250846798,2741.3297961853214,2000.7684935105362,2678.3068458759058,2536.803211874471,1228.1422745340542,1759.454888791599,1435.9359936312562,1939.6384351234485,4100.035639818234,2837.3807326973983,4335.78761538431,2304.0503328375326,4349.364457090858,3308.616021324585,994.7061195053353,4313.9758883823715,4507.672440315752,1707.4416616284811,2475.2243241309957,3512.5927010702294],
        [3368.32515374017,2431.829651143619,3600.589327259494,433.7899841217644,3122.3844007769,1780.3662629984663,3890.9307029101724,3917.845286695971,2331.2898996876943,3309.385314434012,1725.2056605782336,3080.7512449985716,313.97128960118795,2976.9345823543035,2283.3651352220563,1450.03321896704,373.87789394375164,4124.2541772555605,0.0,3044.9583676303323,1797.469094708669,1963.7242171333544,2673.7564426947,3454.417099348213,573.8375003815922,3340.715849112145,3371.5534771705916,503.6267955266777,333.69238131354217,3062.1589428332804,2698.668150895972,1187.3110925916237,2406.160912286122,1887.7433401863514,2988.008008179444,1436.5756667540925,1572.188364570914,3828.487190529193,1779.945431873421,2782.925741140674,635.6358911287044,2993.096048726287,1101.8493253821862,914.2285429615206,2384.1230772355243,3049.9391825862704,3799.6245477048037,1792.7607453518524,3093.664494252553,1400.1449914323375,3663.347139996666,1974.8890791518886,2453.961710304964,1793.4102447936066,1758.0346462330137,5057.471202827282,2487.147121872842,3656.3658780729133,2318.3094964018096,641.2438322623775,3581.4595009612167,339.13277880528665,4114.217546749351,2298.7005582847823,1706.5645391916703,3340.502544673891,302.64852187675626,762.729509144399,2844.0266786846237,2216.257347893531,3368.32515374017],
        [5877.115962790334,4245.055611953118,5995.432042234185,2621.518704954914,3254.2609016664796,4656.7807924738445,5532.912503123079,4620.308187580355,5208.657614972808,3620.2681047657097,4737.230278164178,3203.592417184077,3111.284098609896,5591.998373378808,1585.4152179229811,3919.5292743965556,2898.8458391611575,4586.683589192952,3044.9583676303323,0.0,3793.686793134894,1787.3114087843867,3170.4643484746093,3984.31138816867,3601.596254530535,4547.642164688859,2807.505037639291,2577.481755562228,3331.17900190199,1242.7956804513235,4516.350419880505,1858.67367560927,1944.525393703588,2547.5741767238424,2974.4888279917623,4301.904136816829,4352.33683129425,4087.2728431543787,4309.792334063141,3268.7976420548625,3642.5739912552067,1830.994360409481,3226.871134611338,3380.096039055451,2441.8609639213996,1367.888553572539,2995.449043923564,1786.9923824545717,3697.551222910308,4382.122353012796,5389.145776050361,4219.111927958503,4164.668014745636,2334.44822415418,3709.5383351142104,4824.160297783312,3064.8382700043035,3283.3651985918937,3862.005311527602,3658.2017780181163,5757.346774824585,3356.00838599331,5911.390881134144,750.8333874983252,4316.348277138555,3601.3245191699148,2856.6188427826146,3790.4330339741587,4410.450597673107,2259.0120406086608,5877.115962790334],
        [2097.36706018995,635.6215834671049,2201.7720284203897,1836.6485414600675,1982.1790087659522,1471.1721955081903,2107.345287895003,2274.2487760673225,1845.07559884683,1986.134281021696,2578.5515706371425,1965.4056408974707,2096.42475172709,1868.118352152089,2356.1784268546644,588.3104904616594,1512.0816576256764,2548.043082851507,1797.469094708669,3793.686793134894,0.0,2056.063467826353,1521.6259250694457,1968.2608315419443,1637.0388528105586,1592.9169299690298,2558.009325754006,1779.9201594914352,1591.3899589911657,3167.024879987381,911.6605323436738,2289.1909041572267,2175.2224550202022,1366.3496516223174,2008.9558315479962,1284.503306359403,1139.750466724518,2394.6995928125757,760.0475384024284,1574.7589355899597,1559.0697059127303,2753.589545679735,742.3084197516968,887.2121731344682,1789.838663825586,3083.978947735549,2965.8499197542874,2014.7423462037293,1671.679468299791,1618.0970949220662,1889.1235019217895,452.87660433394205,660.7866226352227,1519.3723799591016,85.21770520732986,3659.702278402319,1401.5990456365596,2617.375626985649,608.656988968589,1593.1172317550465,1999.406585674838,1912.3206812404921,2369.5085520551697,3192.987336825797,864.047235464272,2036.0971142615067,2063.2354101710343,1997.469775222114,1053.241049850616,1806.053476096155,2097.36706018995],
        [4153.409999105962,2463.5126628622943,4244.873509035852,1570.7163656439202,1723.0282775017704,3153.2996348856705,3755.7368904397936,2994.1796781046055,3671.3058636687983,2055.399954694099,3634.1605485609043,1669.6995729651376,2190.492731658144,3907.5331009883744,341.58384239246027,2294.8046459421203,1650.09246078165,3039.131911575723,1963.7242171333544,1787.3114087843867,2056.063467826353,0.0,1487.3271733274473,2371.9458915570967,2378.954830508618,2800.8513000834496,1616.3197870294694,1479.6079743842847,2119.73737846015,1184.2402521244512,2731.2169938147445,1144.6817536892736,494.56075735009017,760.4436172197026,1472.81687128624,2821.6302402662905,2813.8812619750665,2585.2776164080883,2664.8179306856955,1601.2478141946326,2380.5593018218347,1031.2129956673803,1619.1497621634278,1858.8321234042992,793.4543740456187,1137.3052642142795,1998.2509687588797,185.14937786385826,2037.5177946007818,2999.824374815123,3605.3696358310917,2499.9870167527783,2379.281688284211,550.6535975092442,1970.847821528622,3603.2671358008847,1345.1451186390761,2025.9573892128367,2075.047507226499,2408.3386485598403,3981.0283827602775,2299.202749575982,4127.565250929832,1342.4405321143308,2700.8765947223633,2054.787543013085,1950.5708190965665,2692.4839159534445,2625.1233750788515,563.9168066111047,4153.409999105962],
        [3332.0911858911263,1513.1278632507233,3315.3981741540147,2453.2318412172644,478.38863408859066,2985.7841627755224,2436.5632066973862,1508.2370483061777,3361.150679006929,647.1810127375301,3960.257186629242,451.73482420803197,2979.7196710598737,3228.932735920936,1592.0140965258997,2062.6217702247613,2300.581177621946,1583.450570566949,2673.7564426947,3170.4643484746093,1521.6259250694457,1487.3271733274473,0.0,897.3255067622814,2808.8566335257383,1398.1375739997243,1064.4888255015449,2358.996581915195,2639.3461253098476,2155.583626740709,1684.742531660188,2426.2744758859476,1227.1514839797749,886.5922787611911,500.4949399417386,2761.4223302169166,2644.322453235093,1187.6918880911505,2280.7369076976947,120.84709723809328,2760.7827738386736,1577.1302668595288,1707.4865733400034,2016.3584263911853,729.8195727390766,2036.8589082903593,1451.7167714846707,1593.6438182293496,550.4957734598089,3065.871835787563,2338.216887313451,1915.2919120740573,1382.8829949187093,1094.9431664546896,1463.5051176990503,2384.487923552393,188.40673459566574,1102.174591091255,1099.2635401575635,2796.456034547781,2927.993392304497,2933.652307913768,2846.967122077551,2825.102854158944,2384.9096136535863,671.3776063721206,2820.592463144219,3188.509458694439,1435.8040951785126,934.0223790998356,3332.0911858911263],
        [3278.500243586626,1645.9946209103002,3171.226631822259,3285.325663804906,744.3822531110496,3397.327137541738,1938.2674952257942,636.070274162121,3660.2163358186135,382.68244468312747,4542.374043581588,790.7192651932312,3767.132487658737,3295.347250480636,2437.7752020889197,2556.476639247199,3089.101199653972,691.8161141691579,3454.417099348213,3984.31138816867,1968.2608315419443,2371.9458915570967,897.3255067622814,0.0,3495.388101680754,916.0933502166827,1406.1140561022787,3194.8069837288012,3367.216129037305,2870.3744191537194,1668.5502409808262,3317.7943618875793,2053.2693303698666,1775.3882997689127,1020.9736496496147,3249.271354667058,3089.816406061567,430.9296049413979,2656.4059951886134,777.8495616757629,3433.3095473402686,2249.0234756298655,2400.4946487395355,2685.3052901115116,1588.2893617802285,2741.9017997763344,1598.611239749316,2487.193328358807,367.7624174464043,3586.201968658936,1925.6198607582044,2231.9243341712827,1516.1503782560383,1990.2408446875784,1943.3339427710205,1691.4540002857534,1069.4348620754697,1100.4256790602124,1376.0110594733508,3469.168373423327,2701.3813528677897,3679.0120087717783,2367.7652250194533,3698.0800928431645,2784.2788506520114,420.96706920430876,3634.712579046313,3874.8894502323083,1324.4219847252666,1810.0153919770796,3278.500243586626],
        [2897.272631185701,2236.9696320879534,3154.307706536602,980.4478550761852,3280.5912034179682,1239.6301775672262,3633.5423149823823,3885.497441274668,1778.755537332386,3411.1748265682068,1256.8561340925417,3245.3658392440993,682.2900596364535,2486.290605251196,2714.191663262171,1146.5921618406778,742.0779759937737,4131.435593242128,573.8375003815922,3601.596254530535,1637.0388528105586,2378.954830508618,2808.8566335257383,3495.388101680754,0.0,3229.780854507423,3635.142570380692,1026.8942924888993,273.46792320754366,3527.7359457186,2473.456176528786,1743.7986520824381,2775.509922006709,2137.4787308094274,3190.628325004668,916.5864319883925,1085.4699384612156,3898.16345412807,1391.95277411308,2905.5061115619487,92.57902315175703,3386.4018057933354,1105.6925380435512,810.1175574331974,2660.889404640357,3501.819673569121,4068.972056682498,2224.15578529714,3152.4223909075254,830.7456250914465,3395.6091791171593,1683.8659067128422,2289.4074298032706,2099.777355262929,1623.9781519426292,5156.590459053424,2631.795593753366,3862.0758083010596,2225.3388732395942,76.19740500687357,3195.56346039346,382.52878563277113,3807.534895665017,2859.769446966646,1289.9645375474215,3449.9283056065133,842.0705615531546,381.02504138379356,2679.827541257657,2528.6988329097003,2897.272631185701],
        [2406.9127664367925,1043.8810682283022,2273.0011847528112,3286.2524437391717,1524.7568731533945,2826.7245552565855,1061.9106237616152,791.5738348191423,2981.5607592440565,1234.027174668618,4097.904107074466,1554.551780798947,3650.30386248432,2477.817263674978,2962.2367180273545,2136.8775680020826,3012.3243914918326,1137.3384147606932,3340.715849112145,4547.642164688859,1592.9169299690298,2800.8513000834496,1398.1375739997243,916.0933502166827,3229.780854507423,0.0,2247.023252188609,3209.6212263864836,3170.2394074838803,3551.8026079529473,928.3322911903365,3522.707168014493,2615.4948021564724,2071.781252371202,1757.7919012051257,2762.2082335998857,2571.1807867797106,1263.036894394217,2107.5964532642643,1320.4789868167388,3151.9437838843824,2960.719013616624,2239.3064593330732,2458.471492637333,2111.9455839056773,3431.3025036381327,2494.7270339919005,2865.5752313635867,962.0894722351967,3113.100665186698,1016.5404783130367,1679.505659378101,956.625271101934,2304.211977087997,1608.5972774643383,2362.855741836319,1483.6568745963755,2003.551292971741,1022.5816174748104,3185.9088112863074,1791.232279747375,3492.5284899427543,1487.2672275630312,4136.736289466705,2245.745653791448,1287.2575080770848,3577.6963260401635,3589.3856830011073,599.2774376602838,2288.9949812007317,2406.9127664367925],
        [4384.268604123842,2572.9604105523954,4349.169801358134,3051.83326848029,727.5055516666407,3997.6139359819117,3306.319159411057,1989.9207208719129,4403.05193253063,1031.494475125688,4854.375509728086,706.8537517470364,3649.1151689803933,4292.650390796119,1485.918150329613,3062.3892468117942,3007.0464711225372,1859.720368130591,3371.5534771705916,2807.505037639291,2558.009325754006,1616.3197870294694,1064.4888255015449,1406.1140561022787,3635.142570380692,2247.023252188609,0.0,2954.3243751932155,3421.976737475771,1590.8464334730882,2725.8599907222842,2757.107303438126,1132.3003693445633,1499.4790089216056,564.5765741242889,3743.8120739871542,3649.0522848811784,1349.919107188938,3316.9144286363126,1056.8565506582884,3604.469995967563,976.789153390809,2590.3045767514823,2901.0786911758714,987.4545820211574,1459.4538173513783,434.00536801283386,1793.3376958028687,1289.4850383092073,4022.905789292492,3256.0235804123363,2970.0579361670416,2440.6755228967863,1579.8527709417347,2492.121710153553,2053.9065992056712,1157.2849418612177,476.05295257551074,2163.3061363616057,3638.4950444910414,3934.3746372575497,3677.275777568431,3733.6644031610454,2721.296760052676,3412.0773422502157,986.5497862119903,3441.3250019266325,4000.644936959927,2445.009297856395,1169.9534155039382,4384.268604123842],
        [3593.1630223549623,2405.3244441522716,3792.130150710921,97.69872484004469,2779.974953035925,2130.6036762275135,3881.0966532425296,3709.0553780399237,2688.9692217417555,3005.4351233100283,2226.709284757964,2734.463744470999,712.1195777643018,3232.7239306107467,1790.6725860152653,1590.6970358848143,348.16035459475063,3880.5117892469025,503.6267955266777,2577.481755562228,1779.9201594914352,1479.6079743842847,2358.996581915195,3194.8069837288012,1026.8942924888993,3209.6212263864836,2954.3243751932155,0.0,754.6626569404917,2559.641309158038,2688.7885184738484,725.8679865890509,1939.3059556518708,1512.8256232026695,2616.3157302460113,1774.3454572944281,1867.3981457765533,3540.3441200847624,1967.1217526539465,2474.8347931043772,1065.1075290909537,2510.803138163074,1037.640551254037,994.0517556569694,1973.5866878325876,2549.543095393879,3375.069536485495,1303.5091060843788,2827.671386276574,1811.490750749807,3667.5263073920964,2060.3822216020026,2399.3168827425397,1379.68642997018,1720.7700250865141,4734.708975957092,2170.6459267859113,3273.08015687429,2207.0986364299615,1081.2221757992468,3705.8852930354924,842.0728625076125,4148.642142582742,1840.6045662725974,1925.2808629989029,3030.2073086930127,487.08948061738323,1264.4885563732432,2773.883565384199,1785.8290359559144,3593.1630223549623],
        [3046.796790648305,2215.160656335189,3286.4347280963907,712.2484744062909,3104.153634265058,1446.7376814176491,3651.086815914365,3790.946999177821,1998.351185051389,3257.3679110101893,1515.1495580494416,3066.3706893024846,540.7841170966217,2650.200351787565,2452.5063553655013,1175.2831015912209,473.3448694504766,4019.7648542519614,333.69238131354217,3331.17900190199,1591.3899589911657,2119.73737846015,2639.3461253098476,3367.216129037305,273.46792320754366,3170.2394074838803,3421.976737475771,754.6626569404917,0.0,3260.5349052187726,2469.3705889163657,1474.8097526691452,2528.32854538066,1922.6548211246768,2997.3879739267254,1103.2757867733494,1243.3920677592187,3759.038376066444,1478.5947795729176,2741.366573438318,313.8123004985387,3134.4115310970283,967.9580300051634,711.8791754698094,2440.2918552455085,3237.041207893223,3854.789871649229,1961.2393468906203,3015.421974786036,1075.5323329972316,3418.302600893198,1711.6950710055046,2252.0638588207844,1867.1283584817008,1564.472025965138,5007.797337917832,2457.6621343640527,3669.6450229610887,2151.6469756035153,327.1207117603278,3287.7762034093976,322.29601424917786,3853.163171393643,2591.175452062623,1395.6307083553245,3293.1723306009585,629.5825148573588,583.5441200369083,2644.5738768241117,2296.537759652797,3046.796790648305],
        [5246.771574794916,3475.7751724572586,5303.656713502604,2639.1341997710892,2126.094142212201,4336.217281269453,4590.532391096763,3498.068549238391,4849.451864542785,2491.7119734959415,4772.340533060589,2079.8847920638045,3243.0124758064044,5034.815476217999,844.7493811488458,3464.2758935316224,2787.221457838104,3421.6135062746002,3062.1589428332804,1242.7956804513235,3167.024879987381,1184.2402521244512,2155.583626740709,2870.3744191537194,3527.7359457186,3551.8026079529473,1590.8464334730882,2559.641309158038,3260.5349052187726,0.0,3715.0189646187155,2006.6434527342037,1007.0694328944069,1801.7911758599769,1850.3970334816916,4005.8184917562153,3994.9733048683433,2913.5684721873595,3823.8893565712524,2232.1096729656906,3537.920938956677,626.760707040099,2799.075954013022,3043.0681261932673,1482.7152454760896,131.64152773463957,1753.0325752098381,1312.703873366699,2630.393556799721,4180.4031946418545,4481.677247490143,3619.2117257991613,3370.274805806312,1659.7347278645755,3082.844511228507,3583.295403709842,2099.4208020410015,2062.7357414541257,3056.649723671415,3563.5955496698707,4985.89298484879,3401.2201873723416,4996.256238676287,1389.3980943714423,3868.989077774716,2463.790458075517,2986.335110343061,3815.902248999581,3536.309951524384,1382.7169771274646,5246.771574794916],
