{
    "drone_dist": [
        [0.0,4043.275477998098,2792.3465225079244,1963.0872499331783,1551.0068388315756,933.0628428090095,2925.845956290665,2725.5950180282402,3580.1937177202885,4020.3208300959677,936.9265567499244,3298.576515545105,389.38247243358455,2081.3054341962215,3098.8228489011167,1089.0416302242988,3606.9692390021232,4193.18908935345,3305.1437753118194,705.9733422396864,3657.3518226132187,3409.2157944295377,1358.7335033391792,3724.637599876113,1187.3088239602266,3727.5519199436544,2632.0482216297905,2566.570674222599,837.3287359201795,3149.198750988061,2392.6674949609564,217.27078765858752,2988.0436067679325,2175.091742688641,2011.0453127946791,1971.0333058042913,4072.8708856295775,912.7698642919092,1754.029330953743,297.2159977552188,2767.0423473514084,2508.703799908955,2651.6766313697735,1042.9626063937405,1841.8496003754408,2597.7647909530187,1855.133849136786,3645.9154927429545,3454.2604602428023,1710.1956394950141,2324.740180285283,1570.811111135129,2820.186468398182,2056.7054572405286,1604.1486793292606,1924.066527359469,3072.7301458374877,2534.2858510146875,1014.466567992166,3556.7784436349298,3533.3427641644903,1844.7836275512582,2896.19148585676,1538.536983622675,3122.3305805185164,4101.2954367913735,2249.066675308846,3348.3803258812354,2345.4178744958203,1407.9166658626118,547.1546619243583,2293.0262902665077,2853.1819860529145,1812.352074009344,2100.175341211106,3843.140794801991,768.7266751525983,1820.076728468527,3709.122459022099,1592.608192846269,0.0],
        [4043.275477998098,0.0,4354.830250123574,3172.253295834843,5469.677250461497,3887.0784363728644,2545.5882032716613,1604.1639275286896,2802.5215240638813,3570.228352430288,4331.39947580794,1623.2091625061028,3704.6864196818997,2934.8361147203764,1270.0658289023079,4394.105906115451,1847.2635117462316,4444.478858473792,828.6523375284414,3724.587910159276,1421.777494775373,3463.420679641869,5343.341128689778,927.8394847718021,2894.1231638349655,377.8889740577199,2416.4763308517563,2929.0078158233528,3266.589231587655,1056.7239811880693,2062.407374084339,4131.95254737674,3766.4769185950686,1951.210684773846,2034.3232354422034,3388.5386748427272,935.7650582284955,4240.552895605195,4098.987999943427,3848.69031312619,2539.17696922492,1662.7864005260649,1460.9963865981224,4834.839392376574,4073.296304027752,1548.0566253529316,2445.4650252571596,1394.59328832688,3327.0547230072266,4236.944189583694,3116.459341259363,2673.0935554854495,2001.538626462879,2237.5135129736855,4702.615883789349,2439.3847732995464,1620.4474088684105,1574.0634120152197,3473.943237506701,1845.5601931714157,1274.0970882508193,2411.859412583427,1508.0746442823963,3205.063653353849,1616.107261315453,961.4592475952699,2663.6976820518616,3209.08097996746,1731.85838520404,5423.103049430914,3602.43048970422,1845.53113110912,4010.0540191657738,3208.1825888554977,2716.5897673112754,200.73261815561003,4496.930296830287,3493.043976927441,715.7273532058271,2615.209082377926,4043.275477998098],
        [2792.3465225079244,4354.830250123574,0.0,1354.0522419519748,2851.128473254102,3633.625620736273,4838.6022295618,2796.8033431870754,2016.431519063461,1864.764256049082,1982.6842511079394,4660.76109434546,2551.2554750403388,4254.871382559275,3087.367650213759,1861.7070570480735,5064.958056095746,1558.3795168830543,3558.1371013832795,2132.7704557922843,3134.073754841468,1336.2850721501397,2969.629674755731,3535.60062181856,2519.626955028559,3979.8381277123153,4490.758686000384,1426.3831104881485,2441.412008525448,3322.049166571727,2373.010692213226,3006.894007405654,733.4910751669881,3467.915760572858,3101.5623386106395,4387.526594034103,3773.174877977842,1955.7670309864438,1043.187785121833,2969.7124747103635,1829.5758759472985,3697.1418754161214,3083.544985653075,2408.605045301858,951.4205816909313,2976.651355867961,3604.2199974724535,3147.4957306041756,5638.352455291782,1122.0553330612115,1260.5810710296457,2245.828946642167,2354.354850384562,2373.3021541313715,1557.2671084227236,2200.5787302895005,4428.603315132232,3013.554365363608,3491.283775315778,5021.493605938124,3179.39275758804,3545.9293869060452,2858.03853703808,1638.2270576896115,2755.546229845843,3780.384191863496,4258.1963419701015,5504.232675751922,2983.261965393285,3126.3716040361305,3029.260694469291,2790.4114001870917,403.731781391698,1417.8464522587976,1748.2132652625214,4210.073877067575,2315.2168836490673,4296.113771670742,3685.3070519092103,3389.52496136536,2792.3465225079244],
        [1963.0872499331783,3172.253295834843,1354.0522419519748,0.0,2754.1316711634254,2603.2215253571703,3499.068617534354,1568.4085182304825,1655.9252637644138,2060.193538991275,1560.6725447475271,3311.542353743727,1609.0169573600895,2971.07817736623,1918.3222854011206,1538.5580175291225,3714.4315793553537,2352.1527514223985,2346.624361034758,1268.6030748609774,2184.162479061767,1458.9693826268965,2746.0890027291134,2472.1847945910577,1261.665016057349,2795.117228419919,3151.951746369755,624.2158257678383,1314.5935648961129,2115.5823409244163,1112.037550821784,2171.7912100418393,1150.202166682203,2114.5093689327687,1747.7015811696897,3162.620682090084,2771.887675139886,1481.2009129854005,953.539060632061,2024.9461820615327,939.987832356978,2345.154994308886,1792.0107677051917,2132.2307881672687,911.6221778911171,1687.170502659889,2280.9787569055215,2186.748561043387,4320.695595927039,1107.126791097848,361.6873978449272,910.1853275447711,1275.8759057961377,1035.58285153472,1649.2345971295251,851.848928916925,3077.628306217954,1707.3513707292664,2360.748873491643,3670.4300081509527,2154.7779406472905,2219.5648300274097,1673.0386547104924,434.45638788906285,1690.1548490554876,2788.561516885927,2944.0498943617376,4184.08659559136,1650.796591560622,2879.7493926000443,1984.5542382781678,1463.7519101889702,1166.213295984723,150.77166840794874,455.6635313546778,3005.388898912432,1868.3517710671852,3097.336871178242,2570.8928335543706,2087.5686014806424,1963.0872499331783],
        [1551.0068388315756,5469.677250461497,2851.128473254102,2754.1316711634254,0.0,2294.140643540354,4455.65496132594,4002.7770703086703,4367.353934011316,4561.10584658079,1209.1591152289184,4846.559259470502,1801.2655490129725,3592.899586214979,4390.286144395778,1215.5944036617116,5157.975300603284,4409.482323115759,4682.525504424443,1751.3945725691437,4840.438988634404,3943.924547000733,272.2618078756859,5012.7942881016515,2581.045841688284,5127.9319486651375,4173.836823530457,3357.67643929321,2210.746540909364,4495.457117589498,3591.182570367861,1582.6697780335578,3371.5108654804967,3689.883806269748,3477.2966653641374,3407.0098922460616,5349.971710972575,1297.0413328888078,1985.0893622488024,1832.5503739221133,3692.073941571076,4024.3466474516404,4022.7533967585787,646.8588063610348,2080.3360614893672,3949.191737546861,3403.958418388426,4836.043712035876,4905.1707689057885,1836.9796203224666,3065.3973166178016,2825.0009999898375,3933.190994385523,3306.1825360622734,1300.1220596048486,3125.9189537189804,4618.27031248193,3906.0014825213602,2518.1196345505655,5107.785084574315,4759.793774573937,3390.8694057643224,4159.7243746103095,2461.21359504799,4307.238386144225,5373.874506976101,3783.2045233372437,4812.329151028859,3738.3724394141805,383.15493656699175,2095.2791114748816,3641.0718030646685,3108.1246899117073,2627.6774940951404,3091.1760065950243,5273.300881684756,976.0013783402767,3237.84341319819,5041.153055063723,3138.7304618112216,1551.0068388315756],
        [933.0628428090095,3887.0784363728644,3633.625620736273,2603.2215253571703,2294.140643540354,0.0,2225.8851628359803,2874.8291980363115,4081.093938468758,4634.416703958253,1868.519617201196,2806.5004358453675,1083.002579752742,1350.6733254334713,3197.745677661256,2020.4767949945876,3042.1076678153872,4935.952237350795,3269.3661041726764,1502.2907130907404,3841.132137771298,4054.7482026717757,2048.8238025048577,3786.6225377580618,1458.5082109011385,3630.5010174264867,1992.2190595386357,3138.902936314292,1289.8071908092597,3170.7372628876665,2667.621515955063,776.1289985797158,3720.2286464927283,1936.670822457099,1936.4319491759554,1113.2638017284517,4130.5307292008665,1838.8052769217709,2620.4085799833747,679.4149887916647,3235.4284651929106,2232.2281765961575,2678.718423056335,1915.2578682071814,2699.1443738921866,2660.148182635544,1456.9241211189933,3823.122394586565,2611.0301947955177,2600.0631691448466,2949.097640077253,1922.652215082284,3133.594256776963,2321.768860613762,2536.8582054998333,2262.924671767354,2612.603371624662,2572.5228999271594,414.1943029673959,2993.6758539548746,3678.582460191201,1481.3865421205394,3046.11429960003,2172.0537633348313,3340.45176439585,4163.031837715229,1587.1033857194923,2519.2191046271864,2370.8305038385724,2036.668393569267,620.977395805758,2395.950676932455,3637.222345761811,2460.6905368956373,2595.3910381856435,3688.9580222207055,1686.093483932164,943.8436591075036,3715.0502554639097,1272.8081662316704,933.0628428090095],
        [2925.845956290665,2545.5882032716613,4838.6022295618,3499.068617534354,4455.65496132594,2225.8851628359803,0.0,2601.7020457457666,4273.11609281713,5029.733871892012,3697.4011502795283,944.7242529846152,2797.035726236314,875.4604620627017,2674.744901559728,3829.0046978252158,948.237726042821,5668.465122250736,2397.512824051689,3097.473055823318,3320.0283904957323,4623.390170816455,4231.909248880723,2989.175693187151,2368.238527798237,2494.263475340249,347.8860113133553,3722.6905011726785,2587.9631273767377,2474.2686326398984,2768.223770206494,2872.9999670225625,4580.487134350804,1430.9671405803172,1790.2191615290067,1211.382795716498,3240.4379548616585,3629.7709831313177,4060.161846713245,2632.391409434283,3551.995795075685,1345.1506936551646,2221.9108530833537,3964.0311231859914,4096.939869649173,2294.6971473769527,1248.5118887205329,3290.9606133207412,898.452437022287,4121.684113553946,3705.5266337784597,2593.6106543594133,3129.764816203479,2581.754356218556,4317.362799953087,2702.1432009026903,930.433962019846,2200.814424533357,1938.8516322027685,910.8992888962504,3109.126466975297,1300.861394408801,2701.467662119742,3211.905706469592,3046.295282001742,3275.631916954363,677.5793570878013,758.6511144891958,2095.2940711116353,4239.873819232364,2381.13184637866,2273.8938902335117,4659.718743891939,3421.425617722098,3190.2970683999206,2399.70803690823,3660.282549952499,1382.3048881614511,2802.7978138239177,1496.4535380559214,2925.845956290665],
        [2725.5950180282402,1604.1639275286896,2796.8033431870754,1568.4085182304825,4002.7770703086703,2874.8291980363115,2601.7020457457666,0.0,1679.2978324288024,2454.508178087402,2817.264224082996,2064.1094262963043,2346.717600719709,2468.69356357562,387.616724336236,2859.7346757819255,2462.754754625709,3185.833127059608,778.5326664761027,2258.75087419109,966.4236381249273,2134.7103781925207,3913.6469289752526,1012.4027549803588,1542.3605723463586,1227.601089924719,2301.0936854520637,1395.7011580828748,1890.8705672913286,547.4928264931455,458.8774580162627,2865.986587472874,2283.632473538982,1253.323245027274,1014.5167009345276,2844.334393405797,1355.772139810981,2726.0431848838098,2497.88854929093,2605.7754281876482,1070.947726952443,1256.5535177572117,384.5596114721556,3356.615552285422,2469.926493115127,307.89442327409046,1730.175187134701,949.0042803556233,3499.7182064337235,2638.881649653324,1538.9948369357783,1185.406968157519,553.7770861649186,696.7915012535217,3124.0081054705656,881.2605280228651,1871.6793904902972,406.18758069333074,2483.1353176901443,2428.537124717444,814.4783471601042,1666.1319618974844,173.176816888726,1624.5733222963624,491.50619016576104,1382.2685551986556,2296.0000130682633,3359.3266569219745,565.0674144198019,4014.2665916604783,2408.95418443801,480.7658513195045,2482.5651264009707,1605.647977501035,1112.8120203313306,1437.7591280146858,3029.4851346299224,2870.3319393561246,1046.8793559348949,1729.9286419391292,2725.5950180282402],
        [3580.1937177202885,2802.5215240638813,2016.431519063461,1655.9252637644138,4367.353934011316,4081.093938468758,4273.11609281713,1679.2978324288024,0.0,792.2543584531184,3201.4968870785356,3722.521139875015,3204.5026206778016,4039.3572180123247,1726.2680126211712,3160.746287083522,4111.29284682185,1642.8110635818884,2182.9079846666336,2908.117681017289,1389.277102744342,749.4148603470695,4383.643805927683,1877.6583204812043,2624.7243438079986,2475.2787997517626,3961.779497106668,1031.7116696652565,2828.3681667456017,1985.2261819536182,1552.3031330446813,3778.6591670215507,1285.0446165131061,2878.1066155421695,2565.716271618023,4356.947278584582,1997.3354166203778,3126.573012000479,2414.623279341172,3592.9746630248346,846.5405558969513,2930.4175238948837,2063.7867247635454,3766.7902803782363,2330.88435772334,1982.2186295032134,3281.915150488219,1414.1300537444793,5168.894118988592,2575.0419569878586,1312.0409104916507,2161.538523970556,1143.9023290603295,1842.9356082606548,3152.3279879275697,1840.2106663265838,3542.5712424143912,2073.3421966165615,3759.6199293344894,4080.8366431397926,1529.8796784482804,3214.2528805800125,1609.4808026177384,2050.5857613051553,1304.7735163833727,1992.3235527693575,3908.262852762143,5028.020776579661,2184.8860877136017,4522.3848041303945,3493.7538528485984,2021.460201871295,1612.705439727483,1801.5672808478594,1496.1267372631812,2721.025980653669,3519.2762439384405,4344.2534479131255,2087.543513167675,3199.1794930352303,3580.1937177202885],
        [4020.3208300959677,3570.228352430288,1864.764256049082,2060.193538991275,4561.10584658079,4634.416703958253,5029.733871892012,2454.508178087402,792.2543584531184,0.0,3480.1418501794083,4508.857602523274,3669.1161288084977,4739.575010406163,2518.347036969663,3407.545929187398,4899.952125154995,926.3109376460892,2974.1344864978964,3319.107932766647,2148.7225226930273,624.9808406775319,4623.195173851864,2642.3973258667816,3207.846254299169,3254.242860777907,4710.298255026963,1496.3297591677447,3348.838235517852,2777.478687490447,2272.5871881151943,4230.792708458721,1199.7481594210742,3616.381623777512,3285.920531711185,5027.458049497376,2723.5867696293594,3418.7062260055623,2578.60974958459,4082.6954471950903,1501.676827608375,3693.8700368443688,2838.4839522836337,4014.266407232054,2481.770231387073,2752.010650157421,3985.483227734708,2175.664323866808,5921.186764480105,2724.145436980814,1700.3511308275824,2759.693053202863,1906.9105644829026,2523.3982328041384,3277.286383672911,2479.4639027320873,4324.443486971142,2839.0674410164906,4349.750295757204,4868.7960930075005,2305.4596464481347,3917.7772773860565,2395.3254848187407,2492.389573156918,2096.7007346586765,2713.7660617636643,4629.362885584559,5780.109892566358,2934.5545865263853,4772.291677061532,4024.3162863712946,2760.0906701109852,1502.8338404384842,2210.2925829412607,2056.113688025058,3498.9997310160534,3817.2572954476514,4998.322594254309,2859.092450185703,3875.126147361244,4020.3208300959677],
        [936.9265567499244,4331.39947580794,1982.6842511079394,1560.6725447475271,1209.1591152289184,1868.519617201196,3697.4011502795283,2817.264224082996,3201.4968870785356,3480.1418501794083,0.0,3905.963889868247,906.6900920454381,2904.935175878931,3204.5174606886058,152.11982765175375,4257.947747628552,3483.7785621776716,3525.0596503915062,640.358939679575,3633.8242287025437,2855.20597101312,1185.4669291985088,3821.5465020748215,1504.9648976416936,3977.43219782912,3375.492776477081,2176.69268472747,1167.434064671552,3326.6618224941617,2393.466752049888,1122.9644387607511,2335.7087769134023,2678.481192338861,2409.283795445436,2862.974005066806,4154.556031584528,91.33597484865233,956.292290994666,1201.8598027379319,2492.176684770322,3004.2350717831114,2871.765886402756,572.7524844072293,1055.7924630251382,2790.36720575322,2509.5216610837642,3630.0294635382625,4313.960046801841,860.6951871127333,1889.8178182268994,1659.80777217093,2724.6769215625213,2124.425509291321,669.4675180863418,1936.1989963149201,3667.0691283244482,2757.552395933645,1890.8707856016024,4208.1427417012,3558.2303381806964,2478.7460299330332,2969.0970725947773,1252.0604521003793,3102.5284609190635,4177.44794035177,3025.7007457218087,4199.255388102989,2605.2461900095277,1321.150868926237,1382.1557118736418,2487.00550078145,2130.1965878612473,1427.6659639023337,1882.2689475055017,4139.369112966392,341.80165110591554,2723.937912117867,3862.146688908941,2239.2083362861945,936.9265567499244],
        [3298.576515545105,1623.2091625061028,4660.76109434546,3311.542353743727,4846.559259470502,2806.5004358453675,944.7242529846152,2064.1094262963043,3722.521139875015,4508.857602523274,3905.963889868247,0.0,3068.3663722986325,1558.8695199475733,2015.3540426246561,4015.671418120719,406.77825950737645,5246.724274420124,1635.7580777135058,3268.212929702885,2586.495686530728,4193.23793582027,4655.738125102568,2188.997104684495,2424.4465328972738,1625.8250539491044,915.1005077877008,3376.87875663297,2738.8604067872966,1773.9721286143404,2362.8092354177425,3305.392812978096,4271.725124935185,1252.8561422821413,1591.4271883499764,1993.8741704812237,2394.709317022278,3825.4265289045807,4048.0860701341376,3031.1322604510906,3116.4228251683535,970.2246913480543,1688.1437292035957,4281.056614432746,4062.335849829084,1785.7024814779536,1443.4739206046258,2556.0380056463664,1708.1166805388648,4142.429847168337,3433.448316300617,2480.766263402133,2617.886492068251,2289.78523804822,4452.749684377265,2460.7243024838344,241.97329404197183,1715.3520445865108,2437.425983960687,367.40797867831844,2377.5673849161903,1455.9836250758733,2113.6522686601415,3127.8563868275737,2427.412920176435,2428.743600616614,1276.4130022651982,1587.183962537562,1692.9856978969206,4693.00948518044,2763.8434190997846,1889.2420536097854,4413.950342759633,3272.1045977667673,2920.9368640196003,1495.1395331897234,3950.758795137336,2138.901587070672,1980.2484465990067,1707.9394950823123,3298.576515545105],
        [389.38247243358455,3704.6864196818997,2551.2554750403388,1609.0169573600895,1801.2655490129725,1083.002579752742,2797.035726236314,2346.717600719709,3204.5026206778016,3669.1161288084977,906.6900920454381,3068.3663722986325,0.0,1998.3229303567512,2723.438964266969,1046.724770152475,3400.9133733795493,3889.6502086293494,2948.574971342327,419.3338281197053,3271.899522637825,3065.2851964642614,1646.1662756615056,3350.6471536272634,819.8705739149167,3379.0927959044757,2480.912284911144,2199.621655292136,456.04978113838274,2784.28710910468,2005.2497542900667,574.5587808416622,2676.1536888740484,1888.9295004916585,1685.3365125964144,1974.8810583439517,3698.063703699086,847.8362745953765,1539.8838291384152,427.500867837214,2384.687087782085,2223.261002530886,2290.7653563554913,1212.8587717098949,1616.8732997396862,2231.66047401623,1639.4664571266503,3260.9328361354337,3409.411036197437,1528.9732648240274,1969.0392146095303,1183.3514629409249,2430.8820687900356,1671.5751054941895,1556.8373201519146,1535.4380308638208,2834.8750254469046,2172.953886090666,1007.3724231351239,3350.7479674796814,3151.1830595037463,1616.9931071094531,2516.221604098318,1177.4028045813302,2735.9473762603925,3725.90465275537,2122.753350846102,3293.574997765321,1989.2756923013696,1719.0103419211603,501.9949745114753,1924.4323883634734,2569.2094391478354,1459.293552177349,1717.7835346259071,3505.608117568859,883.7442330046522,1846.2448623868745,3342.9329302939263,1368.6316637310495,389.38247243358455],
        [2081.3054341962215,2934.8361147203764,4254.871382559275,2971.07817736623,3592.899586214979,1350.6733254334713,875.4604620627017,2468.69356357562,4039.3572180123247,4739.575010406163,2904.935175878931,1558.8695199475733,1998.3229303567512,0.0,2663.5086718866714,3044.3459244714595,1727.605519819413,5266.481787038081,2535.964450400865,2341.2423574473787,3346.729991197348,4256.934387839352,3364.0219711059317,3127.455445582927,1735.3626781929784,2774.2283550158104,666.6064345474982,3316.552160230894,1869.2701123609093,2531.0234034240148,2487.085882514454,2011.832730893742,4107.438868406379,1222.8916681020912,1479.452392658,454.67524924014145,3434.218505198532,2844.9446291760296,3382.691079962952,1784.662553780313,3238.3132478414263,1354.1405457764565,2136.7883980276915,3124.15530779776,3433.1018707636795,2173.6664411923834,757.4431749230649,3321.2405631529896,1420.1964566310385,3421.855007805324,3236.3080825537245,2071.8127101650475,2920.241186808632,2216.2370728180235,3548.9977785679075,2278.4647063314333,1413.568291260314,2071.65177608326,1075.8325332023553,1681.492085118657,3147.064263402328,825.1098520785381,2609.579772872656,2619.6222859652135,2956.409635767003,3469.5651937471903,284.6163711119355,1298.8192664884277,1905.2097779028215,3367.952299078534,1545.925728666888,2036.225074432339,4132.746755707275,2867.4311597830338,2749.35331769153,2754.7199718712563,2833.497064364532,581.8472639906552,2986.8275239917007,887.2879332637768,2081.3054341962215],
        [3098.8228489011167,1270.0658289023079,3087.367650213759,1918.3222854011206,4390.286144395778,3197.745677661256,2674.744901559728,387.616724336236,1726.2680126211712,2518.347036969663,3204.5174606886058,2015.3540426246561,2723.438964266969,2663.5086718866714,0.0,3245.7244536222543,2394.2076082088133,3318.1195889176865,485.44351077704687,2645.3598864179016,683.8489193970853,2287.50944125712,4299.845735862291,628.0124834095511,1912.1787532381395,893.2952210293523,2404.0471143656564,1663.685481977772,2267.413039385726,262.39128067904653,829.1318918667015,3232.689771083648,2521.408941767194,1443.6521448837805,1282.2920273475834,3066.848014900653,974.6305465871603,3113.3233278942594,2860.500743584929,2967.4250530640866,1287.7579746534607,1357.0032764698649,538.1182442642823,3744.1850249001855,2827.379004825254,538.2522584375992,1958.309482409992,659.2301489671084,3569.256127616448,3005.2032740752893,1846.5018920134694,1570.9224521956137,741.9290429158251,1084.141365959852,3501.1341846511054,1268.332062925911,1855.6223420842516,630.7571137939987,2796.722565750017,2366.224962300483,491.8776075579237,1899.0204152779495,246.0680683730657,2004.3207232098484,421.8188864558606,1002.587278247984,2461.1089565796988,3431.2461970596964,830.2945102012774,4399.329452605308,2760.6983602835503,815.8670035025942,2750.047529130798,1968.0759587384675,1464.652020702108,1123.3217517289647,3416.7453529434147,3111.0857590533305,663.5677606154223,2001.2876980346673,3098.8228489011167],
        [1089.0416302242988,4394.105906115451,1861.7070570480735,1538.5580175291225,1215.5944036617116,2020.4767949945876,3829.0046978252158,2859.7346757819255,3160.746287083522,3407.545929187398,152.11982765175375,4015.671418120719,1046.724770152475,3044.3459244714595,3245.7244536222543,0.0,4372.611940340475,3378.1233150550756,3581.486631683497,748.4164578301015,3651.453881337605,2783.50946627725,1225.7391222945528,3857.3241987033193,1601.982928308222,4035.920617364895,3504.290120699553,2144.2779356356086,1278.2235451837403,3377.982147456885,2426.70122115057,1274.4020307696353,2247.772714618495,2780.5367651599877,2500.207743666955,3010.052119002681,4186.233378672991,199.66552099406275,852.8746687643765,1352.740301822252,2476.9929027060907,3103.0043604878374,2933.122151005161,609.7844892271185,953.2189815244086,2848.4316362217355,2631.1816765239937,3648.9250692088785,4456.029036257068,742.0035358485709,1853.309431136111,1721.4269514932118,2737.972699020798,2172.4512853532583,518.6639438385128,1979.210831081733,3775.8064248564206,2820.4640409363337,2037.9369881240289,4322.97319702274,3584.1605109945203,2598.2338586507885,3007.1810711015987,1265.020882536301,3124.636458172256,4208.141812424816,3159.407593137981,4340.276189006726,2675.023841871753,1369.658826052486,1528.5850388459703,2548.6173257617047,2028.4014653194395,1413.4590242980948,1887.5445205808269,4204.069048784724,454.0953112730759,2872.419874324069,3906.4470605029087,2361.881921376028,1089.0416302242988],
        [3606.9692390021232,1847.2635117462316,5064.958056095746,3714.4315793553537,5157.975300603284,3042.1076678153872,948.237726042821,2462.754754625709,4111.29284682185,4899.952125154995,4257.947747628552,406.77825950737645,3400.9133733795493,1727.605519819413,2394.2076082088133,4372.611940340475,0.0,5647.698298269732,1989.5133393785015,3624.19586182092,2936.6391115628935,4594.879283171506,4956.836685862731,2514.679127088892,2794.0613555289397,1917.3048978309805,1061.3770154227213,3783.3768574770133,3094.4424909526865,2145.7375793845154,2768.9389422880367,3596.4703620072955,4678.413916538104,1637.102332321081,1985.417328277211,2126.3783830158536,2688.875182172807,4179.664726687218,4436.959146143094,3329.8241239777185,3519.648852318233,1369.9859133957543,2089.8675572910947,4609.970996836341,4453.889566521113,2188.7303641287253,1762.0013672467085,2905.9866736090594,1522.420123139737,4527.393375621946,3839.8486883971077,2874.245976162874,3016.235548827344,2695.305485375222,4820.971275846488,2864.466878549146,636.9069789989408,2120.202032877457,2697.6918938857957,50.23553634998433,2730.7677467837334,1784.5712678776642,2505.2990757626576,3521.6627426723976,2810.8861543299167,2721.5662346291456,1462.0875441539367,1421.85879864222,2099.7494794434924,4985.215608496609,3064.313061141856,2296.0089850389872,4820.316148643411,3672.309221508457,3326.8114533664248,1751.7864769690373,4284.62420589135,2287.4434006585575,2296.8161676948525,2032.3761597802534,3606.9692390021232],
        [4193.18908935345,4444.478858473792,1558.3795168830543,2352.1527514223985,4409.482323115759,4935.952237350795,5668.465122250736,3185.833127059608,1642.8110635818884,926.3109376460892,3483.7785621776716,5246.724274420124,3889.6502086293494,5266.481787038081,3318.1195889176865,3378.1233150550756,5647.698298269732,0.0,3793.22177218569,3492.9722864790688,3031.537798311768,1054.3201904046373,4523.740845153608,3520.4397000085173,3605.805434632556,4111.85748934608,5333.7530569172395,1955.6896526845826,3657.571691601198,3580.508997248569,2911.875383369006,4410.330844719193,1215.8448684369096,4237.548391041616,3882.6309647423273,5497.585525127883,3628.4319932821068,3442.4979221439435,2527.864463928031,4316.959511719826,2134.9810726969395,4368.092286678041,3558.5805918755123,3950.3799224546165,2428.077210341416,3461.8671931881386,4534.096943953269,3056.6959587960523,6540.538100562569,2639.279442969677,2040.8894459082883,3203.816523409658,2633.7918526674043,3091.379958408807,3113.8657126456337,2995.470084639705,5044.894152012899,3537.1213636154116,4711.872430773692,5612.5901546086525,3170.749818752869,4467.981033931146,3159.688167274506,2771.2785544537287,2900.743059057106,3620.7336339336084,5197.020432847975,6400.204250681079,3596.1065737128006,4679.915443916183,4315.002762522046,3406.8284450563006,1355.1162396617292,2485.523106605766,2517.3866334090862,4357.96969415025,3824.2313578882154,5441.867259938166,3729.0072638464962,4380.668319011998,4193.18908935345],
        [3305.1437753118194,828.6523375284414,3558.1371013832795,2346.624361034758,4682.525504424443,3269.3661041726764,2397.512824051689,778.5326664761027,2182.9079846666336,2974.1344864978964,3525.0596503915062,1635.7580777135058,2948.574971342327,2535.964450400865,485.44351077704687,3581.486631683497,1989.5133393785015,3793.22177218569,0.0,2931.62702125802,950.7459532376813,2768.999981707011,4569.792982694962,599.0481437181734,2129.2338528267537,456.8320711869029,2168.0812731152314,2139.5267916515672,2499.5138971236506,236.10852772030515,1235.2310062782742,3414.467423442461,3004.9152697905665,1375.0570694305432,1340.2973697234308,2968.8301459640084,899.6721350013191,3433.8582580739608,3270.400758843944,3137.011465552771,1771.4594589405654,1181.9049046465568,660.6953535450797,4042.0159734958997,3245.2787422621473,734.9761389568667,1905.2591667171107,920.2804642101922,3272.932676002228,3408.337045497836,2307.4395008659644,1865.6271580372281,1224.9073470108597,1414.6645673717856,3877.66885752822,1615.0251666426236,1512.3364914519987,778.2498787449215,2856.985103737813,1966.9727132827657,742.3737448174965,1856.139023760925,700.3352804145777,2378.5927221192965,892.9149069027162,934.8019607443637,2299.947864444942,3139.210621786077,959.976871325275,4657.777260878339,2906.3995236233513,1041.6355249043704,3228.1465514896026,2379.9544760093895,1891.1522979629278,659.3230828994087,3706.846723188727,3039.478903531755,456.2260711264199,2012.3944379288653,3305.1437753118194],
        [705.9733422396864,3724.587910159276,2132.7704557922843,1268.6030748609774,1751.3945725691437,1502.2907130907404,3097.473055823318,2258.75087419109,2908.117681017289,3319.107932766647,640.358939679575,3268.212929702885,419.3338281197053,2341.2423574473787,2645.3598864179016,748.4164578301015,3624.19586182092,3492.9722864790688,2931.62702125802,0.0,3132.3052921344124,2705.4314897008185,1655.2572701243118,3270.9610660455805,866.3692870574349,3378.6170132111547,2767.5535926071802,1883.0743164671896,529.8491138627863,2744.289116979642,1865.1811131367583,921.3286303226778,2284.4044990467846,2038.1327017761598,1772.7706506267955,2360.706523615437,3612.024076399447,557.4955764359568,1121.9969987687994,838.5069170497176,2119.08477119345,2364.07336600102,2272.4788550322683,1110.873595346343,1197.7960405347394,2197.883626094468,1886.1143704027077,3124.966487888147,3760.8489791410057,1118.5855740820698,1629.6890927143618,1075.5327179188348,2248.4630139080073,1562.4677558845106,1219.9369738544444,1391.899991079398,3028.7417897630817,2156.1264326871815,1405.9795566755215,3574.5600195971506,3034.523749645897,1851.549777964259,2419.6922682261493,857.6528564000403,2594.119127254469,3637.220466177844,2434.705413175087,3639.948929842593,1992.9623856792011,1760.1079013810634,912.3243317771905,1890.0135585159976,2161.476181931235,1118.131730980289,1460.5163343179202,3529.819661595111,775.4112178219456,2241.3440317346613,3291.8216538580114,1618.1933724669227,705.9733422396864],
        [3657.3518226132187,1421.777494775373,3134.073754841468,2184.162479061767,4840.438988634404,3841.132137771298,3320.0283904957323,966.4236381249273,1389.277102744342,2148.7225226930273,3633.8242287025437,2586.495686530728,3271.899522637825,3346.729991197348,683.8489193970853,3651.453881337605,2936.6391115628935,3031.537798311768,950.7459532376813,3132.3052921344124,0.0,2084.8217311840845,4778.68579562912,494.11432811386624,2488.061929406349,1121.2749690550143,3065.3861015765187,1747.0428528999414,2820.155035913981,846.2624905893134,1270.9085294997385,3809.345615130371,2471.5163670258958,2127.497132057291,1953.3365005267262,3750.516316959778,641.621691591578,3544.5672176418734,3132.918951639303,3556.6531824216745,1327.8105727521397,2028.255736624012,1219.1695840807922,4195.256575833309,3080.5376824667364,1205.2103381533389,2640.805170685701,30.685228678993372,4206.491899689344,3289.556148627755,2001.5508010329424,2089.735648117221,916.0412380235457,1600.649750197397,3830.4932174635633,1745.8550770602344,2457.551116009908,1303.405056426425,3447.918781169385,2915.4894979733576,211.3035094959882,2580.828796087593,795.1373405519486,2386.5034015831234,538.5550125804798,646.798864307144,3140.6986942534795,4070.655615089335,1497.005707870436,4890.4386076020455,3368.823121579016,1445.6112918092458,2754.4951079382463,2273.7130398067475,1771.3703450049259,1361.3266116670056,3882.931612402968,3793.0865053259813,715.7582319510083,2674.080159522357,3657.3518226132187],
        [3409.2157944295377,3463.420679641869,1336.2850721501397,1458.9693826268965,3943.924547000733,4054.7482026717757,4623.390170816455,2134.7103781925207,749.4148603470695,624.9808406775319,2855.20597101312,4193.23793582027,3065.2851964642614,4256.934387839352,2287.50944125712,2783.50946627725,4594.879283171506,1054.3201904046373,2768.999981707011,2705.4314897008185,2084.8217311840845,0.0,4001.0884856982625,2555.7540524887536,2654.433691429574,3114.9397159347873,4291.702612326623,946.3838058796135,2765.1516298122365,2549.2067796978963,1860.256198788569,3621.4673421073812,616.6820578555512,3193.6540154896898,2843.7316443528125,4515.140228661106,2713.73447304873,2793.754527278315,1959.297927750382,3483.551727009412,1080.9097365217476,3315.5384852907755,2505.2120193431297,3390.906292697171,1863.5887296769574,2407.93631026018,3513.487580813739,2106.3734897408563,5501.286841784879,2107.6102407772096,1105.9253615064702,2222.872877564739,1584.9265383974073,2056.5677466745165,2667.6637772927456,1978.4954114881368,3990.6355201766683,2482.807846064154,3788.876858607274,4559.401180720901,2195.4686343956573,3446.5287478187465,2116.287378960184,1893.3939102947497,1877.7223147038337,2711.987497826198,4171.46750823565,5360.583012017375,2543.7343339319186,4149.520987075817,3439.0939823733283,2355.8253406988724,943.648657693609,1607.1126340465462,1519.1637453753306,3360.3110952390634,3192.284398883754,4473.206168008565,2750.1595935402543,3377.274061750993,3409.2157944295377],
        [1358.7335033391792,5343.341128689778,2969.629674755731,2746.0890027291134,272.2618078756859,2048.8238025048577,4231.909248880723,3913.6469289752526,4383.643805927683,4623.195173851864,1185.4669291985088,4655.738125102568,1646.1662756615056,3364.0219711059317,4299.845735862291,1225.7391222945528,4956.836685862731,4523.740845153608,4569.792982694962,1655.2572701243118,4778.68579562912,4001.0884856982625,0.0,4925.993291237057,2449.2348999081073,5009.455221670718,3958.095557927432,3361.4675993012265,2076.7571251966756,4390.938217808701,3517.080521456709,1364.0142520525867,3446.6045471630973,3524.3952192820866,3331.393574986915,3161.9125627761373,5267.280378893256,1265.8390849396292,2046.895344018116,1627.1755704363634,3675.3152479843366,3858.9255354733136,3909.105726594108,616.9634011160024,2145.4043530230592,3840.5954564428966,3212.40832788965,4772.623795144164,4658.129420753124,1909.179717523262,3073.231053219097,2729.0196200519563,3880.9216550546225,3217.6535645442996,1413.287771460876,3045.702311325601,4431.043212113051,3791.567734291735,2293.1729008270936,4906.757689559036,4687.355950145199,3203.2766763517025,4074.9495271855626,2421.2376953933745,4241.972712912123,5292.43920628916,3563.2723496194158,4567.946776754563,3616.976140214273,157.4935080609884,1893.498728901531,3531.465405184639,3199.9589891613114,2611.974476747631,3053.077107484639,5145.2804989763645,897.1275747683314,2990.8501650658923,4942.652610205822,2951.1743331566263,1358.7335033391792],
        [3724.637599876113,927.8394847718021,3535.60062181856,2472.1847945910577,5012.7942881016515,3786.6225377580618,2989.175693187151,1012.4027549803588,1877.6583204812043,2642.3973258667816,3821.5465020748215,2188.997104684495,3350.6471536272634,3127.455445582927,628.0124834095511,3857.3241987033193,2514.679127088892,3520.4397000085173,599.0481437181734,3270.9610660455805,494.11432811386624,2555.7540524887536,4925.993291237057,0.0,2537.4310364413054,638.3635048118191,2766.2590672263163,2118.465083992168,2894.7013825539148,619.4921685505446,1430.7285666335124,3855.1157372026864,2903.472066374171,1943.6472277358562,1851.9895364588901,3555.0177035696006,349.0081690400182,3730.575525809941,3424.7602636765296,3587.0807765926716,1706.5700980720865,1775.335389820012,1108.8241407650266,4366.206448661145,3383.1353398552515,1139.255379966996,2473.6322034489494,466.75645619313497,3856.4774849529726,3575.1534374898824,2344.7956793599283,2197.7168491435336,1209.863082631118,1708.5645555743463,4090.1500699029816,1887.2395070359153,2088.614340456998,1218.6345175423983,3379.394571481312,2498.0092375199524,363.1920298738001,2420.4724566736204,853.1421949293269,2603.9095464352513,792.0051848935957,379.191961205343,2896.0773165883284,3724.5460359252415,1419.7915450718167,5026.5275686943105,3374.139980822134,1434.7570040548512,3169.693868350862,2539.4680596457547,2029.6719465726742,872.4196955027072,4040.699005223395,3618.734289641144,228.7178381877789,2555.3925395504775,3724.637599876113],
        [1187.3088239602266,2894.1231638349655,2519.626955028559,1261.665016057349,2581.045841688284,1458.5082109011385,2368.238527798237,1542.3605723463586,2624.7243438079986,3207.846254299169,1504.9648976416936,2424.4465328972738,819.8705739149167,1735.3626781929784,1912.1787532381395,1601.982928308222,2794.0613555289397,3605.805434632556,2129.2338528267537,866.3692870574349,2488.061929406349,2654.433691429574,2449.2348999081073,2537.4310364413054,0.0,2562.5923122594645,2023.8725537335265,1715.2408445573724,372.48436411465997,1964.8935014733777,1245.3590574675309,1323.8430548468864,2411.627278767793,1179.9438669747544,907.1648422099881,1901.373472781645,2885.798559566914,1419.4062014528474,1692.2214255965162,1068.9438298865152,1778.3510081317338,1501.0396164093936,1470.924339311756,1956.5577986104222,1729.1503993835913,1412.4783430757573,1120.0986635674212,2474.75439144041,3126.729849565628,1759.5787034790947,1567.8509300259311,464.15770115160734,1700.106092671622,898.2943056910023,2028.4204306605652,809.5384782827961,2183.1065569329444,1353.1017247562054,1142.7435366574666,2745.1905191318015,2354.2466554362068,1071.059708541273,1714.2173312235432,885.3487722948976,1959.880587568731,2914.392093438633,1749.892825209162,2995.0710546673836,1170.8431638222658,2531.3329118595548,900.163076937957,1106.294917019177,2407.6153026791485,1144.2462829357758,1152.6203016968768,2696.2333203072276,1616.570299099572,1836.8256203969286,2524.045129212812,879.9807349544299,1187.3088239602266],
        [3727.5519199436544,377.8889740577199,3979.8381277123153,2795.117228419919,5127.9319486651375,3630.5010174264867,2494.263475340249,1227.601089924719,2475.2787997517626,3254.242860777907,3977.43219782912,1625.8250539491044,3379.0927959044757,2774.2283550158104,893.2952210293523,4035.920617364895,1917.3048978309805,4111.85748934608,456.8320711869029,3378.6170132111547,1121.2749690550143,3114.9397159347873,5009.455221670718,638.3635048118191,2562.5923122594645,0.0,2317.787783448545,2554.7556254386,2934.565496208188,680.1709097788315,1686.24896719283,3826.9682785963996,3399.310660933587,1699.7516447146338,1732.515397078543,3221.8470167584624,772.2087977409666,3886.3290345366972,3724.167816510428,3546.1633417949647,2168.946568681356,1445.5999749258963,1106.6769555984126,4489.481303438478,3697.3966255389073,1187.5797906316045,2216.3719082457487,1091.9572813311272,3326.7074140931836,3863.234153593312,2739.207791041465,2317.6277871032876,1628.3567457317176,1871.2287400169853,4334.494802170852,2071.8141932672534,1566.832170331026,1222.5375963234849,3216.3158613506844,1905.736142684774,948.9861675079543,2175.474160009124,1130.2803346097212,2835.3009990170854,1251.4842091040175,805.432132145081,2516.240600413101,3200.5849747674492,1392.5321076316245,5093.8887782335505,3307.1611211592904,1490.9159180896158,3638.082371618636,2832.6590124459653,2339.470701798783,246.1351761737202,4153.075784340298,3311.4442136611547,409.6992446600852,2359.450865830764,3727.5519199436544],
