{
    "drone_dist": [
        [0.0,42.33912058884684,32.3618835982201,40.871345830501205,2.4705481882239346,19.61497511141202,23.100213580394545,8.945516674610001,36.473435729252564,34.31819611617194,11.758069931705139,16.32496795495821,27.475974348569526,18.690934219913128,27.862383036121965,40.13026025047846,34.54143382785458,8.443443076802494,9.867444990267334,24.15302445439591,0.0],
        [42.33912058884684,0.0,15.316286241943292,3.46744109959233,40.669459280539094,40.59555602546304,25.326621081600884,50.90452253466261,37.33016466667624,25.38693304502942,52.16474252477006,57.3685480449405,15.312828016585163,27.30498528710834,41.0501483727954,34.64971863574535,9.58864443911175,37.46124495958026,35.69873432355037,19.518618035687247,42.33912058884684],
        [32.3618835982201,15.316286241943292,0.0,12.167547316136236,30.206600433435874,25.966711822603244,11.003425165311343,41.307257325557,22.68185242325747,11.045316501444798,40.20360118351429,45.393095977589546,7.868028371418679,23.632062592013718,41.22841289039755,21.070871994124115,15.44101063212768,30.224426125938344,28.83113636149225,8.61163700136924,32.3618835982201],
        [40.871345830501205,3.46744109959233,12.167547316136236,0.0,39.067619687187154,37.82835451680149,22.58198669959751,49.59524609006902,33.907313008754684,21.96536781324196,50.252730542070786,55.47291484223847,13.439621993517996,27.01768513779681,41.89762541701568,31.182784211245913,10.445108199177218,36.58256436499166,34.87778023339836,17.339925133201994,40.871345830501205],
        [2.4705481882239346,40.669459280539094,30.206600433435874,39.067619687187154,0.0,17.41091823127555,20.73262265393131,11.190252163180562,34.040842147564874,31.883385619633255,12.27730274589817,17.20217628649248,25.634029492499334,18.179473318471622,28.96434034519775,37.66424397659907,33.17165648311495,9.047339147709936,10.121068201571635,22.135195674105827,2.4705481882239346],
        [19.61497511141202,40.59555602546304,25.966711822603244,37.82835451680149,17.41091823127555,0.0,15.270199946295055,26.000520036665463,18.331067950066718,21.307949324384797,19.3328065176416,23.6192915860893,26.229291459796336,29.241901850459985,44.62259178959823,23.100361837540508,36.572034734039676,25.063754844628285,25.28507101603991,21.810844235610727,19.61497511141202],
        [23.100213580394545,25.326621081600884,11.003425165311343,22.58198669959751,20.73262265393131,15.270199946295055,0.0,31.90194312845407,18.489998399175295,11.636795736837989,29.586830659095842,34.71754663573268,11.490359739890458,20.815980115383937,38.74314394382509,19.79130023093466,22.019717957397827,23.239894689790418,22.323582845619153,7.388495952687671,23.100213580394545],
        [8.945516674610001,50.90452253466261,41.307257325557,49.59524609006902,11.190252163180562,26.000520036665463,31.90194312845407,0.0,43.907784101340134,42.89911202633445,10.015293163504268,11.892717886952182,36.26783684160562,25.681044912672952,29.789002440074196,48.008054674295934,42.71714104629607,14.391091277368373,16.218554656193074,33.06622510138691,8.945516674610001],
        [36.473435729252564,37.33016466667624,22.68185242325747,33.907313008754684,34.040842147564874,18.331067950066718,18.489998399175295,43.907784101340134,0.0,11.943328892510353,37.65023224100677,41.757104761616866,28.114411752446586,39.215630214575334,56.93569014933946,5.597010222434545,37.83363925435507,39.620602301251544,39.16661351972317,25.095653905839065,36.473435729252564],
        [34.31819611617194,25.38693304502942,11.045316501444798,21.96536781324196,31.883385619633255,21.307949324384797,11.636795736837989,42.89911202633445,11.943328892510353,0.0,39.17149334904636,44.03259920772408,17.612026156047573,31.356859541557622,49.43411694078327,10.091769859587428,26.46521851623238,34.87140757993179,33.916487650109666,15.746309094057752,34.31819611617194],
        [11.758069931705139,52.16474252477006,40.20360118351429,50.252730542070786,12.27730274589817,19.3328065176416,29.586830659095842,10.015293163504268,37.65023224100677,39.17149334904636,0.0,5.222730164572332,36.8873548598798,30.352346375461373,38.45637366965121,42.391850273241104,45.1791158747837,20.08586676411992,21.604383113392064,32.94367296140911,11.758069931705139],
        [16.32496795495821,57.3685480449405,45.393095977589546,55.47291484223847,17.20217628649248,23.6192915860893,34.71754663573268,11.892717886952182,41.757104761616866,44.03259920772408,5.222730164572332,0.0,42.10025104385166,35.014256742528744,41.581794846696916,46.70438945092358,50.28400296645957,24.324695153255803,25.965478492494594,38.16628005816856,16.32496795495821],
        [27.475974348569526,15.312828016585163,7.868028371418679,13.439621993517996,25.634029492499334,26.229291459796336,11.490359739890458,36.26783684160562,28.114411752446586,17.612026156047573,36.8873548598798,42.10025104385166,0.0,15.985010869575637,33.378792745292245,27.628259911642385,10.529507007416662,23.81944612846028,22.2417485237512,4.434596221999161,27.475974348569526],
        [18.690934219913128,27.30498528710834,23.632062592013718,27.01768513779681,18.179473318471622,29.241901850459985,20.815980115383937,25.681044912672952,39.215630214575334,31.356859541557622,30.352346375461373,35.014256742528744,15.985010869575637,0.0,18.07876002781492,40.49370640476855,18.0809408746549,11.296761043063933,9.462973675829113,15.789965811819362,18.690934219913128],
        [27.862383036121965,41.0501483727954,41.22841289039755,41.89762541701568,28.96434034519775,44.62259178959823,38.74314394382509,29.789002440074196,56.93569014933946,49.43411694078327,38.45637366965121,41.581794846696916,33.378792745292245,18.07876002781492,0.0,58.50471698917395,31.565055126215952,20.009590178190418,19.4213338435242,33.805236642831524,27.862383036121965],
        [40.13026025047846,34.64971863574535,21.070871994124115,31.182784211245913,37.66424397659907,23.100361837540508,19.79130023093466,48.008054674295934,5.597010222434545,10.091769859587428,42.391850273241104,46.70438945092358,27.628259911642385,40.49370640476855,58.50471698917395,0.0,36.51175723670562,42.350375606214776,41.68305393057172,25.35846117651371,40.13026025047846],
        [34.54143382785458,9.58864443911175,15.44101063212768,10.445108199177218,33.17165648311495,36.572034734039676,22.019717957397827,42.71714104629607,37.83363925435507,26.46521851623238,45.1791158747837,50.28400296645957,10.529507007416662,18.0809408746549,31.565055126215952,36.51175723670562,0.0,28.770554017003576,26.95449922949071,14.823169886958242,34.54143382785458],
        [8.443443076802494,37.46124495958026,30.224426125938344,36.58256436499166,9.047339147709936,25.063754844628285,23.239894689790418,14.391091277368373,39.620602301251544,34.87140757993179,20.08586676411992,24.324695153255803,23.81944612846028,11.296761043063933,20.009590178190418,42.350375606214776,28.770554017003576,0.0,1.8431574945869758,21.612812180563072,8.443443076802494],
        [9.867444990267334,35.69873432355037,28.83113636149225,34.87778023339836,10.121068201571635,25.28507101603991,22.323582845619153,16.218554656193074,39.16661351972317,33.916487650109666,21.604383113392064,25.965478492494594,22.2417485237512,9.462973675829113,19.4213338435242,41.68305393057172,26.95449922949071,1.8431574945869758,0.0,20.22879717582537,9.867444990267334],
        [24.15302445439591,19.518618035687247,8.61163700136924,17.339925133201994,22.135195674105827,21.810844235610727,7.388495952687671,33.06622510138691,25.095653905839065,15.746309094057752,32.94367296140911,38.16628005816856,4.434596221999161,15.789965811819362,33.805236642831524,25.35846117651371,14.823169886958242,21.612812180563072,20.22879717582537,0.0,24.15302445439591],
        [0.0,42.33912058884684,32.3618835982201,40.871345830501205,2.4705481882239346,19.61497511141202,23.100213580394545,8.945516674610001,36.473435729252564,34.31819611617194,11.758069931705139,16.32496795495821,27.475974348569526,18.690934219913128,27.862383036121965,40.13026025047846,34.54143382785458,8.443443076802494,9.867444990267334,24.15302445439591,0.0]
    ],
    "end_depot": 20,
    "start_depot": 0,
    "truck_dist": [
        [0.0,58.091024167062656,38.77428722268506,54.86000677673648,3.0338235330466343,27.652075999454638,23.275253012475975,10.674898517432364,48.46308841093328,37.64437208691031,15.25683431414941,22.50059920079962,36.462574726321485,25.64169967662761,31.867151390541867,50.845990077045265,48.6108439250179,9.676116748460855,12.261254714788278,30.501018702183117,0.0],
        [58.091024167062656,0.0,19.316736944377592,3.6887426288227303,56.35806961745509,55.88712077466754,34.81577115458668,68.76592268449502,40.42885868641169,27.458061210170527,73.34785848121206,80.59162336786227,21.628449440741168,32.449324490435046,46.38042723356131,36.332714234025815,9.695895365450362,48.4149074186018,45.82976945227438,27.590005464879535,58.091024167062656],
        [38.77428722268506,19.316736944377592,0.0,16.085719554051426,37.04133267307749,36.57038383028994,15.499034210209086,49.44918574011743,24.14976551129209,13.33104918726912,54.031121536834476,61.27488642348469,10.884288044748494,30.73245693157065,56.18047429018306,26.532667177404072,19.49594242207211,31.310195533365725,30.976248239984283,8.93720379505666,38.77428722268506],
        [54.86000677673648,3.6887426288227303,16.085719554051426,0.0,53.12705222712892,52.65610338434137,31.584753764260512,65.53490529416885,37.19784129608552,24.22704381984436,70.1168410908859,77.36060597753611,18.397432050415002,29.21830710010888,50.069169862384044,32.64397160520309,13.384637994273092,45.183890028275634,42.59875206194821,24.35898807455337,54.86000677673648],
        [3.0338235330466343,56.35806961745509,37.04133267307749,53.12705222712892,0.0,24.618252466408002,21.54229846286841,12.407853067039932,45.42926487788665,34.61054855386368,16.989788863756978,24.23355375040719,34.72962017671392,23.90874512702004,34.9009749235885,47.81216654399863,46.87788937541034,10.030696166771165,10.52830016518071,28.76806415257555,3.0338235330466343],
        [27.652075999454638,55.88712077466754,36.57038383028994,52.65610338434137,24.618252466408002,0.0,21.07134962008086,34.44111708004705,20.81101241147865,28.42905956449701,21.038950887351426,24.70450259319474,34.25867133392637,34.07121003138409,59.5192273899965,23.19391407759063,46.4069405326228,34.64894863317917,34.315001339797725,28.297115309788,27.652075999454638],
        [23.275253012475975,34.81577115458668,15.499034210209086,31.584753764260512,21.54229846286841,21.07134962008086,0.0,33.95015152990834,25.539250771373084,14.720534447350111,38.53208732662539,45.7758522132756,13.18732171384551,29.342971671489657,54.79098903010207,27.922152437485064,25.33559091254193,29.920710273284733,29.58676297990329,7.547718534975669,23.275253012475975],
        [10.674898517432364,68.76592268449502,49.44918574011743,65.53490529416885,12.407853067039932,34.44111708004705,33.95015152990834,0.0,55.2521294915257,44.43341316750273,13.402166192695626,11.959359549100945,47.137473243753846,36.31659819405997,33.85052017372111,57.635031157637684,59.28574244245027,20.351015265893217,22.93615323222064,41.175917219615485,10.674898517432364],
        [48.46308841093328,40.42885868641169,24.14976551129209,37.19784129608552,45.42926487788665,20.81101241147865,25.539250771373084,55.2521294915257,0.0,12.97079747624116,41.84996329883007,43.29276994242476,35.03405355604059,54.88222244286274,80.33023980147516,7.548167096038238,43.6457079333642,55.45996104465782,55.126013751276375,33.08696930634875,48.46308841093328],
        [37.64437208691031,27.458061210170527,13.33104918726912,24.22704381984436,34.61054855386368,28.42905956449701,14.720534447350111,44.43341316750273,12.97079747624116,0.0,45.88979727104153,53.13356215769175,24.215337232017614,44.06350611883977,69.51152347745219,13.201617990134952,32.82699160934123,44.641244720634845,44.3072974272534,22.26825298232578,37.64437208691031],
        [15.25683431414941,73.34785848121206,54.031121536834476,70.1168410908859,16.989788863756978,21.038950887351426,38.53208732662539,13.402166192695626,41.84996329883007,45.88979727104153,0.0,7.24376488665021,51.71940904047089,40.89853399077702,38.480276502645076,44.23286496494206,63.86767823916732,24.932951062610265,27.518089028937688,45.75785301633253,15.25683431414941],
        [22.50059920079962,80.59162336786227,61.27488642348469,77.36060597753611,24.23355375040719,24.70450259319474,45.7758522132756,11.959359549100945,43.29276994242476,53.13356215769175,7.24376488665021,0.0,58.96317392712111,48.14229887742722,45.67622085708837,47.71093177748883,71.11144312581753,32.17671594926047,34.76185391558789,53.001617902982744,22.50059920079962],
        [36.462574726321485,21.628449440741168,10.884288044748494,18.397432050415002,34.72962017671392,34.25867133392637,13.18732171384551,47.137473243753846,35.03405355604059,24.215337232017614,51.71940904047089,58.96317392712111,0.0,19.848168886822155,45.29618624543457,37.416955222152566,12.148269198696422,26.786457977860632,24.20132001153321,5.961556024138368,36.462574726321485],
        [25.64169967662761,32.449324490435046,30.73245693157065,29.21830710010888,23.90874512702004,34.07121003138409,29.342971671489657,36.31659819405997,54.88222244286274,44.06350611883977,40.89853399077702,48.14229887742722,19.848168886822155,0.0,25.44801735861241,57.26512410897472,22.9691442483903,15.965582928166754,13.38044496183933,21.79525313651399,25.64169967662761],
        [31.867151390541867,46.38042723356131,56.18047429018306,50.069169862384044,34.9009749235885,59.5192273899965,54.79098903010207,33.85052017372111,80.33023980147516,69.51152347745219,38.480276502645076,45.67622085708837,45.29618624543457,25.44801735861241,0.0,82.71314146758712,36.68453186811095,24.870278756817335,25.204226050198777,47.243270495126396,31.867151390541867],
        [50.845990077045265,36.332714234025815,26.532667177404072,32.64397160520309,47.81216654399863,23.19391407759063,27.922152437485064,57.635031157637684,7.548167096038238,13.201617990134952,44.23286496494206,47.71093177748883,37.416955222152566,57.26512410897472,82.71314146758712,0.0,46.02860959947618,57.84286271076979,57.50891541738835,35.46987097246073,50.845990077045265],
        [48.6108439250179,9.695895365450362,19.49594242207211,13.384637994273092,46.87788937541034,46.4069405326228,25.33559091254193,59.28574244245027,43.6457079333642,32.82699160934123,63.86767823916732,71.11144312581753,12.148269198696422,22.9691442483903,36.68453186811095,46.02860959947618,0.0,38.934727176557054,36.34958921022963,18.10982522283479,48.6108439250179],
        [9.676116748460855,48.4149074186018,31.310195533365725,45.183890028275634,10.030696166771165,34.64894863317917,29.920710273284733,20.351015265893217,55.45996104465782,44.641244720634845,24.932951062610265,32.17671594926047,26.786457977860632,15.965582928166754,24.870278756817335,57.84286271076979,38.934727176557054,0.0,2.585137966327423,22.372991738309064,9.676116748460855],
        [12.261254714788278,45.82976945227438,30.976248239984283,42.59875206194821,10.52830016518071,34.315001339797725,29.58676297990329,22.93615323222064,55.126013751276375,44.3072974272534,27.518089028937688,34.76185391558789,24.20132001153321,13.38044496183933,25.204226050198777,57.50891541738835,36.34958921022963,2.585137966327423,0.0,22.039044444927622,12.261254714788278],
        [30.501018702183117,27.590005464879535,8.93720379505666,24.35898807455337,28.76806415257555,28.297115309788,7.547718534975669,41.175917219615485,33.08696930634875,22.26825298232578,45.75785301633253,53.001617902982744,5.961556024138368,21.79525313651399,47.243270495126396,35.46987097246073,18.10982522283479,22.372991738309064,22.039044444927622,0.0,30.501018702183117],
        [0.0,58.091024167062656,38.77428722268506,54.86000677673648,3.0338235330466343,27.652075999454638,23.275253012475975,10.674898517432364,48.46308841093328,37.64437208691031,15.25683431414941,22.50059920079962,36.462574726321485,25.64169967662761,31.867151390541867,50.845990077045265,48.6108439250179,9.676116748460855,12.261254714788278,30.501018702183117,0.0]
    ],
    "vertex_count": 21
}