{
    "drone_dist": [
        [0.0,2297.786462122824,1552.154981412174,612.7863015911798,1863.5399169690093,2690.8791149579133,4547.0824821890055,4284.022312775616,4615.349502439409,1545.995715700478,3644.535316689127,669.374734979726,1584.8818962038781,4580.321134466824,977.4247534487977,4231.857490600491,134.245130644011,3000.493741679417,4035.1365147482697,2245.6799320762075,1521.4442846982042,4426.33713178602,2186.0229177483197,5239.161292464345,1255.5246496515622,2567.926295263696,429.13263214022396,4595.452899732745,3559.0598884294227,4692.457824714591,1951.8986143884288,4104.554229240804,1205.7249775318078,1516.9554233227057,3113.2999480136505,2568.0182688966324,1189.2991076251296,3714.356690150329,2544.470161150199,1101.629152429872,3284.781371996256,4345.77483397723,2462.6867321431205,1402.097200372547,2962.308254983845,1814.9297893980681,4665.153047135454,829.0773357914901,3692.4902298400475,3213.104803576573,2167.843119608638,1467.1250147259072,2684.493847876899,1577.9979563356185,1184.7416437672534,3704.17774564643,4095.573832364509,2788.2383576244597,3488.4755170645158,1084.9479114888031,3091.2809746466532,3233.5496198517635,2397.991171573954,1756.7996570346475,3569.684547551689,4987.4316631816355,1426.460638716631,3502.4102912593758,2379.6100599752112,4304.7363684297625,0.0],
        [2297.786462122824,0.0,3455.536882167519,2615.8544535637666,731.203050275398,2788.487854480546,3936.4114714780644,2232.685346860185,2900.8906551649684,3562.5488481665293,2217.0797702402156,1710.7108435845844,2634.3475373816536,4401.16267042474,1334.2663190741137,2149.9931301493143,2431.937298329277,2493.320301345037,1835.4427424332746,3819.8997407418574,2757.6150788380273,2511.4875837592713,1934.1223827850279,5090.376991324656,1374.860549331206,3067.4627601705206,2077.309014357751,4093.8394663612153,1413.092085235203,2543.8951534608123,507.36283452220954,2736.2935154356596,1231.2011751671178,1715.6077262527665,1617.4042517163139,2870.0332272157602,2655.76590874755,2320.5957889272277,1778.7462180627533,1196.2986837338176,3340.2711035963334,4186.18249633733,3020.7920917996807,3230.2277155665874,3887.2005866115796,2052.4677586032612,4711.687794152716,2371.138955418792,2690.0168257031078,1261.9631116471357,303.9182631889412,2457.2276184698917,3286.38891075499,2559.668411278819,2545.3922072908567,2599.0952045015274,2047.7511653261731,1465.014143552633,2438.7971435011264,1723.614871578056,828.3881553055996,1335.948029337146,1709.8615184531786,2467.684723387744,3850.5742109784887,2860.5768433029725,2332.5881600155662,2098.2223679310923,1918.8609996604428,2786.992811939134,2297.786462122824],
        [1552.154981412174,3455.536882167519,0.0,960.0026417034477,2807.791171562628,2316.6207700182504,4181.541376407245,4984.582074905624,5008.677835431049,226.69345037630214,3990.016586942763,2162.0589650217394,1157.8948015290928,3921.000160773484,2201.494635363773,4965.166082105356,1471.7641333743622,2931.561529401457,4906.1869021654,798.2912694703923,963.1800212712332,4996.687233132768,2344.17059165842,4480.847886024457,2095.606680519697,1932.938393562893,1478.6622948665752,4149.247465117453,4419.7043566246175,5457.358254375107,3259.56751644066,4324.322019167613,2641.0828024696357,3066.055641580733,3628.3728941369295,2092.6395653404543,849.1864408040076,4023.5477953170434,2835.351687975377,2372.615372512413,2726.6986661319547,3708.5579874090263,1829.8705139974688,232.99938395918798,1843.3732089938064,1898.1530172846906,3846.4806502572173,1085.0669508956846,3750.7566433344336,3980.827476303642,3228.8890721870407,1243.0533892930325,1914.684993153284,1229.7471357934774,971.6640050401787,3827.144980177622,4811.803396565225,3305.8450326162397,3626.603150401664,1748.2846755007567,4283.629331643697,3963.127176906278,2715.624962851667,1486.9387346933777,2776.910669231897,5708.816589542527,1338.3365333647423,3863.911788059725,2561.153476410601,4595.835628357895,1552.154981412174],
        [612.7863015911798,2615.8544535637666,960.0026417034477,0.0,2046.8408015154475,2321.290191848266,4225.302096628044,4393.001321581821,4590.4358409872275,992.7713853939545,3583.9427182635914,1202.4534051994428,1110.830373395481,4161.6874026128025,1301.0868858552512,4355.6453874700555,564.3213523670225,2753.364281051329,4223.251739613522,1632.9263314863176,999.2015510506377,4477.14600873469,1993.929584437517,4796.531745281508,1341.5684806253932,2110.94210307662,548.8144164664509,4246.577679131389,3736.3180857095717,4835.8008343613155,2357.3880816925475,3999.087394989616,1693.208114290958,2111.1106819183346,3116.636728340881,2159.702067417141,656.326698941341,3639.5353535505988,2428.4242608218938,1464.29626088578,2875.050915709337,3931.084993315871,2001.5588930096153,792.9991947023626,2397.9139608875225,1562.244466366753,4199.213449500387,429.04506582223183,3513.679678558573,3338.8685312256284,2427.0936147916354,1043.8207380686254,2194.603197717711,1128.632456617932,697.4385440447197,3551.6028181658526,4209.698633902525,2783.9527967608915,3337.3011123856727,1040.47606845342,3439.316138751697,3341.024005744051,2287.3971811131846,1358.2129742051632,3096.1988523944274,5112.963315120201,1049.6994746935811,3445.85427469278,2208.362169714992,4232.168003310282,612.7863015911798],
        [1863.5399169690093,731.203050275398,2807.791171562628,2046.8408015154475,0.0,2101.101260057849,3446.6549894266223,2423.277943970153,2852.70958240694,2936.6749818015332,1979.5808698881774,1425.0502791398878,1915.9323051301358,3814.6377608212483,911.0381915324014,2368.8005407751884,1991.2659840217132,1909.4367923359835,2185.7320750638332,3113.447634431797,2049.264647946354,2592.2669798730763,1245.8540911364078,4510.698930114248,716.903290277366,2348.3920162912846,1548.2497948457099,3577.8922052625667,1703.0143984787574,2829.7407208889595,875.4753174369295,2492.421454205107,1136.4486765186398,1831.011717612185,1379.5091675292272,2162.0361877691894,1980.3520327191209,2070.660433465915,1204.6612860398225,856.353089066459,2679.9306081631257,3590.4487621014177,2297.2909997063166,2577.2743774162777,3157.794922232059,1322.9185883816922,4086.6360665477246,1739.4683346176346,2282.341065927015,1352.4120691589567,445.5359593553259,1742.0178312515775,2564.767205129641,1839.4083064527908,1864.2945300856936,2228.245457781388,2234.2132961937223,1106.1839014564,2035.2964503410042,1059.8700598620592,1518.587476037081,1379.651242538962,1100.256773786451,1737.671432037996,3171.1590879737896,3123.9095837012856,1617.3190723502762,1841.2443799470454,1272.2602111546933,2622.2906442218577,1863.5399169690093],
        [2690.8791149579133,2788.487854480546,2316.6207700182504,2321.290191848266,2101.101260057849,0.0,1911.4030743912801,3222.8458263086923,2922.2453356023734,2540.1662612103205,1972.4955564498723,2793.6523211383064,1243.9406002598757,1901.295106584438,2360.700689496232,3247.3831749362976,2740.4642879262865,724.5059625148298,3386.383965594596,2010.212672286593,1413.775097913631,3082.154313855317,856.5874306187308,2579.5889308970136,1846.2564168607241,496.88495194785384,2274.9209033159486,1925.294478302471,2970.521040712997,3722.4416957119392,2962.364606340504,2155.615258880441,2892.5371076817296,3617.5651211523914,1892.429453201876,244.61789306376318,1708.4120086667992,1964.8525831662575,1129.385224121053,2473.133900163542,622.1624015454843,1665.4705701792002,554.0010090549749,2141.132592919859,1346.2778245976417,941.5597073629901,2059.748951976086,1915.6677399293847,1521.086090381826,2495.783647484709,2484.738963491197,1277.9038722615044,688.1111674039838,1205.2633441785438,1633.6470062542865,1634.4879574476997,3093.128092914686,1685.9900574283683,1471.251721099592,1731.038967933265,3436.371782590667,2427.5971002311853,1129.3899570306394,963.0802140536058,1070.86221204908,3896.790076098613,1280.7003307947243,1885.5122731614945,892.8523316318337,2458.741018704241,2690.8791149579133],
        [4547.0824821890055,3936.4114714780644,4181.541376407245,4225.302096628044,3446.6549894266223,1911.4030743912801,0.0,3121.00180286254,2286.1430381651376,4408.062215171942,1950.8941000629848,4530.581328833557,3154.7200636365737,870.3049949127412,4029.118186775334,3205.3759433027453,4611.281717853123,1590.537855503492,3576.1655658789778,3721.7446993443327,3320.0324609209365,2763.0686262584495,2411.5324780026704,1346.6156563183567,3507.16651326916,2248.9874342293774,4120.201265153138,235.09614544433293,3367.2588450104136,3533.840726201377,4291.793096965306,1626.1908465942652,4489.51878787226,5224.894917902138,2402.606516743958,2105.805306908694,3619.8148088458934,1856.3157494281131,2247.1607702115175,4095.6772716200917,1465.2854980950842,846.6742925698074,2351.7320085984134,4025.9959344662902,2691.717251973362,2733.1697725255112,1365.2131595337728,3810.694417703469,1284.9829752168414,3022.6668617886016,3672.1223074350496,3185.379424564519,2297.039095380856,3116.544522952574,3543.5199090072783,1417.5288500479878,3095.921407069036,2475.2137592572262,1523.1250460844044,3506.1447880094424,4287.823399122762,2923.109957736326,2368.0072376711173,2870.1120680987165,1639.6170850682415,3550.44660372028,3176.959900209298,2001.9716228146676,2266.479906134333,1867.0076892508832,4547.0824821890055],
        [4284.022312775616,2232.685346860185,4984.582074905624,4393.001321581821,2423.277943970153,3222.8458263086923,3121.00180286254,0.0,1013.9746642349472,5158.140877733194,1315.407233636446,3822.7883077615625,3877.5723259397228,3908.304715320654,3331.287524558627,115.31605911897158,4409.683769820263,2534.747314241392,601.2023093552356,5031.5619712796615,4062.5933766366998,435.8047947858875,2702.751799253183,4467.388789216777,3066.4562834908406,3700.6001466866614,3943.342350038558,3348.9093606295,829.2805516084602,499.8075533851098,2738.9253964282284,1495.1454596861713,3421.600707864726,3946.647033661342,1382.9038015658116,3436.804695216549,4140.0836149939405,1369.8547463190287,2216.748772910073,3254.492917158082,3454.5440308027787,3774.8165126977256,3723.320132716326,4754.170440583224,4569.118012711026,3113.6021731253372,4367.672639383958,4020.264768064159,2000.8969164806342,1071.1008292575195,2204.684666767036,3754.874115946816,3908.359672114204,3797.0881528415816,4017.781297456185,1838.240485230931,189.83796096412607,1686.5832940047455,1879.897229782056,3352.9768611105897,1918.011966226626,1054.636151367557,2307.4276946060077,3575.9705739962906,3978.959013098426,724.6984552768637,3650.071643223946,1361.4957005012416,2510.907544472475,1277.4354967283268,4284.022312775616],
        [4615.349502439409,2900.8906551649684,5008.677835431049,4590.4358409872275,2852.70958240694,2922.2453356023734,2286.1430381651376,1013.9746642349472,0.0,5207.690109043597,1019.6190200032078,4271.7583945009565,3853.3270157005627,3131.7073217056063,3741.2645850979206,1125.8436754411591,4728.144969284216,2198.3570994758297,1601.5661684433192,4893.509040122342,4047.7080023920093,579.6395144053191,2667.0802947513757,3616.8584860424235,3359.882345812504,3419.0612397861046,4224.615122616669,2521.0586788658666,1665.601554539069,1301.9927506970978,3397.14753720922,794.4529108297799,3963.8999629706036,4584.833348666656,1502.9916470211058,3162.0280637605197,4204.614781835877,987.4857108701179,2184.542708110973,3707.5003361895083,2973.46219474955,3038.7320846759894,3470.153536301818,4790.377997044686,4221.380905677296,3117.934135859959,3616.5417088033523,4178.685254689967,1442.6189388310002,1639.9508816456266,2779.0254147830674,3770.4031157983354,3596.7672966030777,3779.4577283670765,4088.0868581129407,1302.379053180661,1092.2563087584726,1827.4637243183129,1451.0002015803695,3575.677152259648,2798.0041202399807,1565.5415653247308,2316.4722979011995,3527.0698712236376,3444.423480649501,1269.4965792852852,3687.794506908649,1150.8313171279835,2448.4786374185583,481.62090957984606,4615.349502439409],
        [1545.995715700478,3562.5488481665293,226.69345037630214,992.7713853939545,2936.6749818015332,2540.1662612103205,4408.062215171942,5158.140877733194,5207.690109043597,0.0,4188.263681048686,2185.23993529097,1365.4218539750348,4144.769033296592,2278.2822346874,5135.414052977425,1450.3892321082428,3147.427115240739,5061.305283833183,964.9710296029343,1171.5286954890905,5182.097972322499,2540.820909910658,4700.035872503593,2220.3246360097537,2159.5661707473937,1535.4624132788026,4375.913939801768,4573.679828628027,5626.186923278974,3338.5279010648414,4531.958726443381,2685.674904088907,3061.69990045859,3811.346897476278,2317.603361772544,1018.9342042535692,4224.413837793918,3028.818211545421,2446.0775025445823,2953.377910197256,3933.205367774155,2056.3487205283195,417.95164214504734,2050.3135164613523,2091.492390253912,4064.1365014693656,1198.146291549364,3964.6908560719726,4142.388751106723,3347.9870204322483,1437.385769518516,2140.5360420885595,1434.227765988953,1140.8130140759063,4038.1523755469184,4983.115093470793,3485.9370411004024,3835.88295215469,1878.4304548930465,4390.68811000196,4128.530025955293,2905.6391637720803,1694.8740119977167,2999.04955372257,5882.810445958515,1525.1542927499731,4060.363897014241,2759.215331117154,4800.1755101990875,1545.995715700478],
        [3644.535316689127,2217.0797702402156,3990.016586942763,3583.9427182635914,1979.5808698881774,1972.4955564498723,1950.8941000629848,1315.407233636446,1019.6190200032078,4188.263681048686,0.0,3358.40861097058,2835.8921121126855,2658.9112440212666,2819.95869896132,1368.6675899049176,3751.733676651826,1256.0405952403685,1659.2249834086424,3899.078136820354,3030.014432465347,1112.331225024514,1647.5229187768562,3269.3281132669395,2395.7831008722414,2465.6791039514264,3241.6344445390214,2160.034868064692,1416.3659884567521,1801.4647832580024,2667.952807170936,522.1891822930792,3115.755917578043,3791.588366040743,611.68343886787,2202.9691227787584,3185.2880432406246,105.89041540034866,1166.2672522922537,2810.7034866576305,2144.535582242869,2503.28327085174,2504.918375447707,3771.074071806245,3307.8001980881477,2098.3255745701445,3095.6256035076276,3167.8445266127687,709.9797636001987,1101.5884567046157,2019.6431934204265,2750.9138637881188,2659.479378932351,2761.377607068696,3069.0801923951067,552.1124777291114,1230.495878365235,881.760597447496,564.4900242643916,2583.9211113529577,2391.0001208623503,1001.3868086307281,1300.7933231006184,2510.823606274229,2664.5868808709765,1939.3496489458785,2668.267798840172,142.57013450019014,1429.1658158056068,660.7164986552428,3644.535316689127],
        [669.374734979726,1710.7108435845844,2162.0589650217394,1202.4534051994428,1425.0502791398878,2793.6523211383064,4530.581328833557,3822.7883077615625,4271.7583945009565,2185.23993529097,3358.40861097058,0.0,1898.5503719439212,4689.7433147407,539.2092671074989,3758.745763648966,795.2927382663102,2942.3064653180772,3512.2310594920173,2784.677903182958,1899.2015666989555,4014.498301881598,2119.1548080327552,5372.865095789454,1029.8455217831636,2788.804107198136,721.3799768421871,4612.032242645398,3052.7906260733894,4196.9758226224,1313.9128995448964,3852.68493136385,541.4610935922724,944.7046682592094,2780.417065349083,2725.622633833865,1616.8080789938545,3440.8353138413954,2366.081851081769,570.7254248558656,3413.593279089028,4454.071216889781,2694.391237903529,1983.3649747246309,3337.1825701823527,1854.9219477502502,4841.525294262507,1224.995136301235,3530.7523797729036,2759.703661666247,1634.6300807490934,1739.121604151909,2945.8704204053306,1864.2440045038072,1565.9697044584893,3513.3423866285316,3632.9505980561053,2477.462967948324,3303.0911823890215,1062.7230199226292,2469.389804943056,2796.218945586467,2224.027741302003,1965.3675563543402,3778.826122601184,4503.244371073975,1655.8543862556705,3216.5197608854837,2273.4893390208836,4014.4456963975604,669.374734979726],
        [1584.8818962038781,2634.3475373816536,1157.8948015290928,1110.830373395481,1915.9323051301358,1243.9406002598757,3154.7200636365737,3877.5723259397228,3853.3270157005627,1365.4218539750348,2835.8921121126855,1898.5503719439212,0.0,3051.331410256912,1647.4724252838594,3867.37658928336,1601.0350404653555,1789.7493780360135,3855.9719070124224,1209.539354666847,194.7365980135887,3861.4953056668014,1195.9808206725058,3686.8191144743464,1294.270081382465,1000.8416447674111,1226.8952525715977,3159.1903165171066,3378.0346684507685,4361.4231349507445,2584.964563565974,3167.073241498251,2195.941900520251,2829.179271497843,2503.4083302465738,1059.5059789374377,468.387549006243,2867.152308823994,1690.743089332392,1810.236953376626,1768.5126507719126,2821.3299555117337,891.9678881025894,948.4272208558656,1440.4647913834606,764.0977798756304,3094.9169462072914,756.4186639631955,2602.067249593055,2917.724842169435,2361.2070733642404,182.04328689220088,1100.3747989057579,81.76849718961248,414.760415400259,2672.9810821930178,3711.7542205381346,2190.9915124900813,2470.4749842192755,982.7955812643971,3434.2578669041372,2887.2939240818723,1579.4261661950757,329.47929970416004,1993.6320562258538,4598.198359656553,303.8130683063396,2711.974566618989,1409.543233526142,3437.972909147128,1584.8818962038781],
        [4580.321134466824,4401.16267042474,3921.000160773484,4161.6874026128025,3814.6377608212483,1901.295106584438,870.3049949127412,3908.304715320654,3131.7073217056063,4144.769033296592,2658.9112440212666,4689.7433147407,3051.331410256912,0.0,4236.2675964042655,3983.7440946385923,4621.119025777196,1911.7484191594426,4316.714997097359,3333.0429518513056,3182.87734161189,3577.6401934439396,2631.3644248385267,696.8989137715845,3712.459212030879,2056.088139001874,4170.6960852828215,644.3291741287993,4052.0384980860176,4345.447725045071,4687.979828621103,2423.1548895135875,4747.8253481013635,5482.590055218663,3004.2594997665333,2013.4833455747637,3515.0155974483264,2577.2120686373646,2627.9310871891953,4333.607938539499,1295.5624467127834,235.86605846952105,2166.283668593213,3805.12990077355,2208.6186901053156,2834.8922704187494,494.9400413708484,3780.8140740523572,1950.777957429684,3658.462269315119,4113.782277789129,3130.0236056497224,2016.5780276073322,3034.7116750577234,3464.3221455949006,2106.7990000444393,3862.196182501655,2995.5170699596274,2146.9695411519915,3628.747386900262,4867.288442703976,3562.86332191566,2716.621706277822,2826.7403626634023,1153.0202219358569,4384.944861719764,3155.825217401871,2678.2901821787773,2549.8610062081357,2691.1122493068146,4580.321134466824],
        [977.4247534487977,1334.2663190741137,2201.494635363773,1301.0868858552512,911.0381915324014,2360.700689496232,4029.118186775334,3331.287524558627,3741.2645850979206,2278.2822346874,2819.95869896132,539.2092671074989,1647.4724252838594,4236.2675964042655,0.0,3273.5696046116095,1110.0295332468734,2438.5956039163266,3060.556247773868,2699.629638467702,1701.115136562867,3501.890645079715,1625.9362929893136,4926.627769554813,526.111382266886,2425.2250521284627,753.4163691845226,4121.241503211162,2587.7032713343233,3726.0675229504636,1060.3354108637968,3313.4766809018915,556.1972287770016,1258.2616166793935,2245.557915890677,2324.763632746866,1491.436547995541,2901.896332275282,1836.8147137831984,173.43954772457727,2982.6145380748885,4001.7765697339278,2340.9166181249716,1990.4188840317865,3072.000251225576,1422.154830283984,4420.302858970541,1136.1023746253238,2998.8443131833674,2261.5633746632266,1190.4416176132863,1469.8957088002107,2604.9004304939394,1594.5357295842,1405.9321274624176,2977.692245390506,3141.8186279285273,1939.5677964855993,2768.5304136457985,683.9329822248467,2147.29168611515,2290.6464736504377,1696.8978583271867,1630.850437535345,3387.3601087348384,4025.5887467561774,1363.0208377179515,2677.9487541533076,1763.4798751195121,3476.761986769873,977.4247534487977],
        [4231.857490600491,2149.9931301493143,4965.166082105356,4355.6453874700555,2368.8005407751884,3247.3831749362976,3205.3759433027453,115.31605911897158,1125.8436754411591,5135.414052977425,1368.6675899049176,3758.745763648966,3867.37658928336,3983.7440946385923,3273.5696046116095,0.0,4358.610384501266,2568.60666985372,485.8937351762444,5030.427629183503,4050.561197979038,549.3632863139384,2701.273943575714,4550.948694868054,3023.750981344927,3720.4233308871853,3897.9613322071345,3431.818083289446,739.3478493434212,494.0575590361367,2654.8559525046776,1579.3781176211573,3348.295061951518,3861.3012201834995,1386.2011029645437,3457.203789996776,4118.70124975905,1429.6251571907635,2220.288417969091,3192.1182445768577,3497.922225400036,3845.824615223548,3739.832624695842,4734.0077053256655,4593.1922878088035,3104.2877294580812,4439.077940498864,3988.6232477169456,2064.047721193686,1021.1118816823441,2133.9404786914,3740.686559926229,3930.6586123649918,3786.4959640035636,3996.209972906109,1901.6034672483804,156.91219284288445,1678.7582154637535,1932.007610142151,3316.9241727225835,1811.4522007193848,1014.8309293118436,2304.983921609964,3570.0204414295936,4026.2235544822124,758.1417264871849,3633.8401807877913,1404.2446849285188,2514.3922602007174,1373.2546696982895,4231.857490600491],
        [134.245130644011,2431.937298329277,1471.7641333743622,564.3213523670225,1991.2659840217132,2740.4642879262865,4611.281717853123,4409.683769820263,4728.144969284216,1450.3892321082428,3751.733676651826,795.2927382663102,1601.0350404653555,4621.119025777196,1110.0295332468734,4358.610384501266,0.0,3076.799924146083,4165.860738440135,2188.7729719188656,1522.0027590538537,4547.039392433969,2268.9101214694065,5273.782466431979,1370.2768270018976,2594.2561469887905,515.3942136195254,4653.663277523018,3688.892872578226,4820.841419556989,2084.967653529493,4206.337642140794,1334.3941735190456,1612.9621801815176,3227.3497472045256,2607.644021465312,1182.886820236714,3819.7900080376367,2641.2079480544962,1235.7239983690083,3326.023999678671,4387.378220274026,2487.4533671686195,1336.088125452064,2949.765492425959,1884.2994509032583,4692.269956590137,846.7463095142608,3782.3996278143986,3339.094351049636,2300.437786056597,1495.6670232700837,2701.0054218395017,1600.9698613424118,1192.1885927867977,3798.317192843752,4221.499556998878,2900.681393078071,3582.4282175435114,1179.246900797449,3225.360597557022,3358.0939546737573,2494.9613254344,1794.3897186878967,3593.185834496959,5114.732909058086,1465.6214439712298,3609.8940483849065,2466.9832998749866,4411.2713968786375,134.245130644011],
        [3000.493741679417,2493.320301345037,2931.561529401457,2753.364281051329,1909.4367923359835,724.5059625148298,1590.537855503492,2534.747314241392,2198.3570994758297,3147.427115240739,1256.0405952403685,2942.3064653180772,1789.7493780360135,1911.7484191594426,2438.5956039163266,2568.60666985372,3076.799924146083,0.0,2754.606918319673,2712.118909360441,1979.9489622214826,2368.2735350139205,826.6731753734529,2605.454570425306,1916.9202350460193,1221.3443108175645,2571.363415979434,1690.352222327069,2377.0961848538295,3032.0008404108225,2779.3638671144026,1438.7904444529377,2906.2325831321295,3643.3517510270044,1272.120450248717,963.7321699657917,2217.0953632751125,1242.7819642504162,716.3517746392494,2507.523906315628,960.8206240762553,1693.4895643877803,1272.3782466860926,2733.9639641315603,2051.761246127721,1198.276155496767,2224.404318504425,2325.5577164583565,823.3936405342264,1920.5327054102402,2203.1370926077925,1761.8237372797728,1406.5606720839617,1729.5767653615856,2118.5377953646475,920.0619084451787,2417.6330967379135,1150.7630781100459,747.5561539629625,1934.3863064180375,3015.3335138437483,1839.009346574814,809.2090664455085,1465.1495175577033,1504.4381537717563,3191.0204041425955,1718.5436102820602,1179.3328973796265,677.1662394403702,1737.908069457968,3000.493741679417],
        [4035.1365147482697,1835.4427424332746,4906.1869021654,4223.251739613522,2185.7320750638332,3386.383965594596,3576.1655658789778,601.2023093552356,1601.5661684433192,5061.305283833183,1659.2249834086424,3512.2310594920173,3855.9719070124224,4316.714997097359,3060.556247773868,485.8937351762444,4165.860738440135,2754.606918319673,0.0,5048.492689228409,4029.663801444183,1031.6128261274628,2742.64186911106,4913.243865053701,2881.763523424414,3835.1609902609594,3733.9749774797865,3795.9300566977968,488.219664345559,719.8654295834987,2325.326933543352,1965.8991755209418,3062.6964202659638,3515.939771183904,1495.0291260607514,3577.025976211302,4057.3171281160853,1739.5985303155915,2293.615144665526,2958.7474864855944,3709.254566840893,4162.381107844722,3840.860446113357,4673.264292064185,4718.4427248006305,3105.88939278453,4754.41323604823,3884.0857084905374,2369.1845078335778,939.4379538986789,1879.2414935834236,3713.6238659891706,4053.556850152248,3774.2202252886495,3935.0967277560503,2210.7431722789906,516.4382108328839,1725.900666559055,2200.172814976701,3200.304271270188,1374.887528588103,981.3210666030465,2351.423446651329,3579.675908082937,4248.736755843623,1041.417273480539,3599.2202352929453,1657.214953365055,2580.1445431052543,1799.7176965021654,4035.1365147482697],
        [2245.6799320762075,3819.8997407418574,798.2912694703923,1632.9263314863176,3113.447634431797,2010.212672286593,3721.7446993443327,5031.5619712796615,4893.509040122342,964.9710296029343,3899.078136820354,2784.677903182958,1209.539354666847,3333.0429518513056,2699.629638467702,5030.427629183503,2188.7729719188656,2712.118909360441,5048.492689228409,0.0,1064.1946805925688,4974.1446393166625,2329.292631334674,3834.116961465353,2452.1043890398214,1537.7479346818002,2065.257033382848,3652.0441958682422,4575.49288233971,5523.438549350596,3717.121978589216,4150.292984700516,3203.9828436863595,3721.5999867956507,3648.72276077288,1765.9245246201656,1208.1953762458008,3911.9330316978676,2816.1527578471078,2872.4586843362395,2262.2456227720386,3139.1983934561276,1459.5896511907824,858.9708204242066,1146.7038340428542,1942.6594860376852,3190.83833986479,1579.1064158508414,3527.5631775462994,4109.0571148255685,3556.725173220422,1374.6251242841035,1434.179057994659,1290.1727465536464,1299.295775377763,3632.1571863792346,4873.720855384631,3353.238750719781,3453.221962898198,2111.2996837655724,4631.010710709633,4072.4359057772567,2725.4538854032107,1468.8548404131247,2181.7908445595417,5743.92147026128,1498.5401759058066,3789.1294256233887,2522.6994999654444,4445.252677313844,2245.6799320762075],
        [1521.4442846982042,2757.6150788380273,963.1800212712332,999.2015510506377,2049.264647946354,1413.775097913631,3320.0324609209365,4062.5933766366998,4047.7080023920093,1171.5286954890905,3030.014432465347,1899.2015666989555,194.7365980135887,3182.87734161189,1701.115136562867,4050.561197979038,1522.0027590538537,1979.9489622214826,4029.663801444183,1064.1946805925688,0.0,4052.0658960526534,1388.3562903763311,3805.2682079221386,1396.6099592330281,1126.8327428791501,1199.4273006345147,3316.5952856884587,3549.4344980977207,4544.494202449036,2677.6693760031367,3361.5552316235485,2237.9083184276383,2840.174435691154,2691.3412152630367,1216.1987336021532,343.2175385053849,3061.6905461011343,1882.559365573299,1869.315913084285,1912.5755200078802,2955.6137619482797,1016.6230640996048,755.1989063282485,1449.909157785898,951.476363927776,3202.254378063195,700.0375241725775,2794.3336572011503,3092.9029463651323,2492.6013490510045,317.4223965825406,1196.2031073514495,269.34745161741176,340.7405840605698,2866.625013530083,3895.300394028599,2376.4070512568455,2664.625481058037,1065.2932140974074,3566.8978670438946,3065.115038506483,1769.1296197107238,523.8993842578898,2099.1298017515132,4784.204227307338,437.9944326301578,2905.661142447504,1602.9014608809573,3632.707161107803,1521.4442846982042],
        [4426.33713178602,2511.4875837592713,4996.687233132768,4477.14600873469,2592.2669798730763,3082.154313855317,2763.0686262584495,435.8047947858875,579.6395144053191,5182.097972322499,1112.331225024514,4014.498301881598,3861.4953056668014,3577.6401934439396,3501.890645079715,549.3632863139384,4547.039392433969,2368.2735350139205,1031.6128261274628,4974.1446393166625,4052.0658960526534,0.0,2667.2133978323045,4107.908384931736,3181.9988863902936,3573.018451900281,4061.3833220076713,2994.9541424686413,1168.9675681650099,770.772285689363,3017.8787613582067,1155.962578900211,3652.589535488901,4223.558177768166,1372.0378034320431,3309.433458803101,4164.56538773953,1136.6604365618339,2172.040442544741,3443.845654695468,3241.487503764357,3460.0487790269476,3607.9325828836413,4770.286235318705,4419.972702579647,3101.8015618625654,4049.274537824222,4084.826754966532,1732.643851344231,1270.4129682676664,2438.4574567400646,3754.94625291335,3769.916377707427,3783.1707685393553,4043.8560631690398,1572.9867846956222,539.3552921058103,1701.7268430298595,1657.6409859591151,3440.0560698260574,2295.5945071183382,1221.3911720737935,2283.1955411677222,3546.4426381789294,3748.029291104862,837.2403765049244,3658.8182116084936,1198.4540208190356,2460.019735374778,896.8226637005256,4426.33713178602],
        [2186.0229177483197,1934.1223827850279,2344.17059165842,1993.929584437517,1245.8540911364078,856.5874306187308,2411.5324780026704,2702.751799253183,2667.0802947513757,2540.820909910658,1647.5229187768562,2119.1548080327552,1195.9808206725058,2631.3644248385267,1625.9362929893136,2701.273943575714,2268.9101214694065,826.6731753734529,2742.64186911106,2329.292631334674,1388.3562903763311,2667.2133978323045,0.0,3326.9209097547155,1100.4160054053616,1166.9151909761924,1757.7971259672297,2496.1627570322985,2285.6204846799037,3194.153236141297,2112.5363048745608,2017.180584162863,2119.0124274750615,2855.7298075223503,1320.4773648542196,944.8352267931098,1540.7008985113928,1686.2061244015902,495.2231397074555,1708.8900750787986,1439.2239175424322,2399.824687885703,1143.154887469552,2123.8390963997617,2036.1321290465146,452.26008193109556,2862.9224639641866,1566.2095755898151,1523.0446333328482,1809.060529810376,1630.2085638451556,1103.4360725031875,1391.6662380209868,1119.009280177588,1426.7315624455107,1557.7830440276123,2544.5191089669456,1026.4569075231532,1343.9023056546284,1110.5730962314246,2608.874467255068,1761.335726575942,396.4645790588838,879.4360802625757,1925.4927910096194,3417.7127427684686,1022.6565953521232,1519.9026285262426,220.11420153573292,2269.2324998203803,2186.0229177483197],
        [5239.161292464345,5090.376991324656,4480.847886024457,4796.531745281508,4510.698930114248,2579.5889308970136,1346.6156563183567,4467.388789216777,3616.8584860424235,4700.035872503593,3269.3281132669395,5372.865095789454,3686.8191144743464,696.8989137715845,4926.627769554813,4550.948694868054,5273.782466431979,2605.454570425306,4913.243865053701,3834.116961465353,3805.2682079221386,4107.908384931736,3326.9209097547155,0.0,4403.975695047237,2685.9789783743613,4835.905900191859,1119.3179558238608,4679.6838634755395,4878.53336337968,5383.48580413264,2972.3268684478744,5441.734282249905,6175.6118877218705,3659.5975186894198,2672.8807964091857,4143.513498764762,3180.2634180107307,3320.946287298422,5026.58062765459,1963.0378741588556,927.1426128758065,2795.0774754154254,4385.080741074714,2687.909651244563,3518.548386432679,644.2106817221357,4428.978934745847,2573.301056662804,4305.410199807251,4805.118490998022,3778.345219878332,2615.7209807989516,3676.909326400774,4101.547185437041,2721.4704958340253,4439.336777344446,3671.3113634738306,2787.7093719423337,4310.482726097842,5535.41941386627,4207.980653438518,3411.9557144955584,3482.363452043105,1715.2015019427415,4885.563275712381,3812.708402337211,3303.9144310576885,3246.73704036783,3211.1880550182686,5239.161292464345],
        [1255.5246496515622,1374.860549331206,2095.606680519697,1341.5684806253932,716.903290277366,1846.2564168607241,3507.16651326916,3066.4562834908406,3359.882345812504,2220.3246360097537,2395.7831008722414,1029.8455217831636,1294.270081382465,3712.459212030879,526.111382266886,3023.750981344927,1370.2768270018976,1916.9202350460193,2881.763523424414,2452.1043890398214,1396.6099592330281,3181.9988863902936,1100.4160054053616,4403.975695047237,0.0,1949.532728082018,879.9388932899789,3596.375039872648,2394.749620431193,3499.4011704506765,1291.6522357631618,2868.7565786633145,1046.5124110796685,1773.29853248279,1857.8115642982802,1826.7398226440516,1281.4961221139981,2469.4175532443637,1343.0190769640149,626.8903312277507,2466.7556224242867,3478.3260507755326,1873.4707625364415,1866.5521467479157,2659.2868902275836,917.2708350793137,3905.358739920026,1022.6706298194629,2508.7263919675765,2003.6575610056134,1133.9083264857488,1112.5874277189964,2142.4120219328265,1226.6799242113498,1170.531697563112,2499.751344576297,2880.767303769839,1533.0907511673422,2286.8844009354307,349.71255321182394,2197.86393941527,2011.8637534831619,1198.968336498161,1198.7590651179441,2887.840945608019,3781.881066278525,991.1055150937693,2253.297532244097,1244.7376556208635,3056.4992615186566,1255.5246496515622],
        [2567.926295263696,3067.4627601705206,1932.938393562893,2110.94210307662,2348.3920162912846,496.88495194785384,2248.9874342293774,3700.6001466866614,3419.0612397861046,2159.5661707473937,2465.6791039514264,2788.804107198136,1000.8416447674111,2056.088139001874,2425.2250521284627,3720.4233308871853,2594.2561469887905,1221.3443108175645,3835.1609902609594,1537.7479346818002,1126.8327428791501,3573.018451900281,1166.9151909761924,2685.9789783743613,1949.532728082018,0.0,2181.3606125280394,2219.390709231671,3402.944977658033,4200.39267353841,3170.8444593274207,2650.43774808142,2977.9727895395918,3674.4288018428742,2349.4941376137754,264.1641916401646,1460.1246112447427,2460.372817983743,1546.861046598266,2561.695139610125,798.3151228401007,1828.9473090667436,110.21294080346388,1784.6559866250552,884.3824166082704,1048.831126720642,2098.0991898086877,1747.596930150611,2011.8381158273287,2924.7953227794374,2765.552780508298,1100.808839718664,224.9985876477156,993.4716482706448,1415.5820221879198,2129.1881893870736,3565.0247201139496,2115.2288321792057,1968.089578189002,1749.7873807559092,3772.542975452505,2863.6379192328936,1514.5065238777327,826.8062161406135,1002.7010540702298,4382.686104932071,1151.5448504233727,2374.916594913712,1274.5491988529122,2954.702431535736,2567.926295263696],
        [429.13263214022396,2077.309014357751,1478.6622948665752,548.8144164664509,1548.2497948457099,2274.9209033159486,4120.201265153138,3943.342350038558,4224.615122616669,1535.4624132788026,3241.6344445390214,721.3799768421871,1226.8952525715977,4170.6960852828215,753.4163691845226,3897.9613322071345,515.3942136195254,2571.363415979434,3733.9749774797865,2065.257033382848,1199.4273006345147,4061.3833220076713,1757.7971259672297,4835.905900191859,879.9388932899789,2181.3606125280394,0.0,4171.482354834168,3250.556224003628,4369.100566914837,1808.5784351077377,3692.3245711217915,1163.3555502789789,1664.6023539653106,2727.2116940941837,2163.070932473896,899.8524599648695,3308.1170147182074,2125.942511456844,915.5009494950906,2876.237465234876,3935.510709825232,2079.1507240423953,1283.3381657303928,2648.371421291153,1387.2355823566822,4272.0635625559535,507.9336020926724,3267.9170492084554,2876.8848623391636,1903.2335335192033,1087.9125144737632,2313.451729358617,1206.8646701761684,860.0068103335708,3282.9701448639935,3756.791776113386,2398.150916631824,3067.09076360504,663.9974055510121,2897.0957972897463,2888.84117447447,1979.747378001246,1359.0367850663326,3183.7997671408716,4655.935155657937,1030.2901655158669,3100.1448805175255,1953.3168001840102,3900.325868982823,429.13263214022396],
        [4595.452899732745,4093.8394663612153,4149.247465117453,4246.577679131389,3577.8922052625667,1925.294478302471,235.09614544433293,3348.9093606295,2521.0586788658666,4375.913939801768,2160.034868064692,4612.032242645398,3159.1903165171066,644.3291741287993,4121.241503211162,3431.818083289446,4653.663277523018,1690.352222327069,3795.9300566977968,3652.0441958682422,3316.5952856884587,2994.9541424686413,2496.1627570322985,1119.3179558238608,3596.375039872648,2219.390709231671,4171.482354834168,0.0,3575.151142385598,3765.677184777125,4433.19455930582,1853.7728680021028,4596.51892988229,5333.70062765289,2587.9815132500867,2101.0214915506813,3627.012426951017,2068.0721925406265,2373.565929335434,4196.064855508736,1422.6186610664445,652.2253859970934,2325.6670337347005,4003.8574319458926,2589.245036355941,2789.2339626049707,1138.5354905796978,3839.0765350342513,1478.1493404591629,3218.6825500234063,3822.961169803227,3203.0269103092005,2244.627778040348,3126.5307057944487,3557.1616587633566,1618.5215092162937,3320.0748168698137,2640.3626534172145,1707.5823316013234,3573.504382390876,4473.6086473561545,3119.7595792152306,2486.9667050091116,2888.364794504586,1520.1561633118454,3784.8122312257897,3203.75001111539,2203.724366799762,2366.702470776801,2099.56507689257,4595.452899732745],
        [3559.0598884294227,1413.092085235203,4419.7043566246175,3736.3180857095717,1703.0143984787574,2970.521040712997,3367.2588450104136,829.2805516084602,1665.601554539069,4573.679828628027,1416.3659884567521,3052.7906260733894,3378.0346684507685,4052.0384980860176,2587.7032713343233,739.3478493434212,3688.892872578226,2377.0961848538295,488.219664345559,4575.49288233971,3549.4344980977207,1168.9675681650099,2285.6204846799037,4679.6838634755395,2394.749620431193,3402.944977658033,3250.556224003628,3575.151142385598,0.0,1144.493239947699,1916.5398239269648,1822.587029720221,2622.8077232172536,3122.212500756692,1105.408072665901,3149.099610801459,3571.113695087824,1512.3146311183616,1856.0860593428986,2492.802353980139,3337.8781461678213,3880.8734463329524,3401.923207888552,4186.737320473882,4287.307610045567,2633.4556580092585,4466.734451509326,3395.8692472908824,2107.0231835472428,478.5754002755271,1418.7099987361685,3232.7792080618533,3624.2640691968622,3296.268561500358,3449.017414121352,1958.564330070785,653.3397258851015,1288.152835834409,1906.1456329723223,2712.1634128486685,1133.581153705989,543.3198084444233,1900.6083373040337,3107.692648405571,3881.2568296979334,1454.7298071647629,3117.2229486460365,1376.2007429739438,2134.9996617705965,1730.6669384580844,3559.0598884294227],
        [4692.457824714591,2543.8951534608123,5457.358254375107,4835.8008343613155,2829.7407208889595,3722.4416957119392,3533.840726201377,499.8075533851098,1301.9927506970978,5626.186923278974,1801.4647832580024,4196.9758226224,4361.4231349507445,4345.447725045071,3726.0675229504636,494.0575590361367,4820.841419556989,3032.0008404108225,719.8654295834987,5523.438549350596,4544.494202449036,770.772285689363,3194.153236141297,4878.53336337968,3499.4011704506765,4200.39267353841,4369.100566914837,3765.677184777125,1144.493239947699,0.0,3039.3110319780358,1922.312995016418,3764.1347757842645,4234.159715979364,1876.8521277948805,3936.608122163431,4610.274415827934,1848.137052594778,2711.277699528627,3635.527414801064,3945.238670471915,4223.272959650115,4222.820905805327,5225.9543705912165,5068.690625067838,3598.3414606539786,4814.050539966669,4474.128374708457,2470.505639224557,1496.935027945291,2563.1884145516137,4234.369026150514,4408.120957993861,4280.530649864114,4487.7325498283,2308.343697638594,650.1327306148278,2172.6089107151233,2364.7128311005345,3799.153672754628,2082.6332891717034,1499.882512880635,2798.033202856239,4063.8681169260954,4465.655070576436,321.69990370532304,4127.142596707868,1855.7081290153972,3005.491074557052,1667.3459311963597,4692.457824714591],
