{
    "drone_dist": [
        [0.0,1269.7052761438467,3986.120586929068,866.418423920785,1137.045924310195,4237.941994522611,1271.8550619616424,4139.761021058969,5482.278554068853,4350.873448467137,4163.18173948022,1640.1499876465764,1961.1521848536643,3546.544007729226,3024.2139540538733,1404.7219044474891,4057.397671269703,765.7232801269789,2100.132852622661,4184.49919048249,1978.9315755998152,4585.111083921166,1539.91548333372,2294.24054173418,3413.3211513713964,3790.1671044324007,1239.9719459997814,3617.5700683006,1720.8824524285617,4144.421199178643,2546.476023153748,1820.2258081412247,4772.356074315504,3646.837992232257,195.23863666260658,2496.012216958634,2106.716784355744,4071.0095427893802,1827.8610946876527,1048.0514280009334,4256.392567712958,4697.760695697364,4268.891606972416,4724.803615758549,3161.9861189787293,3308.8129496329375,4038.175176500817,3401.080269932761,4619.831301969018,4795.9590008541945,3515.1010964078396,2062.564275802592,4514.073383600193,2197.7887833688947,54.49315324170166,3213.697187229024,1590.140297527876,3568.514623873583,3602.978549522583,2655.498191869007,4513.056374360758,4131.7174103163725,3442.9380274995087,3111.558274704801,3192.467031241051,704.7151115068297,985.8043039465489,1896.2602173389294,3888.043537377807,1287.4818684756817,466.57833560134316,1815.1363130816333,1778.229473863641,3340.1361657231696,532.780036228738,4287.382249881605,622.3701643972282,2305.645685223452,1393.8571610750973,2898.459423161944,2688.007793785686,2469.2284770456463,2185.2395817155098,2657.2771955893795,4571.178887891251,1921.0179024180848,4802.694799922507,3176.0558243598493,4486.157759550611,3847.225288866373,0.0],
        [1269.7052761438467,0.0,2893.2003153330534,1112.5122527708938,1641.3279114364393,2983.264593113837,1191.324654671217,3151.5264002011413,4212.611976343968,3316.8004783272313,3111.4292622586026,1193.1395671686198,2615.005917001743,2422.672996561328,2179.280026776682,632.5536439474328,3291.8183946411655,996.8938250581745,1427.5476275268982,3426.352008837758,2739.0389461849927,3553.7063656204887,279.59788087662616,1369.9131351928436,2995.8631898886906,2561.6158961368183,1591.1524319805033,2399.5030838768503,476.61851480245684,2893.4096839411327,1442.1283805474943,2419.568141160677,3510.5775345322227,2460.6266178707097,1085.0405218719181,1536.5541203911941,1600.1801916853228,2893.8259871655473,1555.6902482182968,1205.4463725903704,3603.061270672752,3432.976877097008,3003.7816440897236,3493.0409615922786,2159.3573772998243,2279.5754269075765,2768.513859306002,2899.1368840532446,3481.5736430241345,3719.769405140123,2462.692110821918,2291.7974695868784,3853.871318562602,1441.208218756599,1267.1533554892217,2445.8857798222566,390.5319994933069,2300.831029032768,2347.541889949827,1872.9009815482832,3404.451333578077,3178.4130828276916,3126.01342709819,1926.4933971178457,2652.9270652197074,630.0943203905507,1699.0663515527647,628.18239930339,2702.5496418609055,1340.0325973213087,1665.190915940835,2523.955413619465,1852.2320194221843,2490.8438841624943,1279.858747776885,3038.876697064473,1612.858806960541,2078.318547695054,305.88787202182215,1864.1404553996445,2344.5992548594513,2242.014897913612,1331.9825116473282,1387.8219874101726,3847.571535142172,2192.4147022266575,3547.4503237701115,1907.6622027190626,3634.7528192604746,2843.827383461935,1269.7052761438467],
        [3986.120586929068,2893.2003153330534,0.0,4001.9905387973035,3561.144055477979,2345.8661264269304,4000.53720152723,547.3733715796715,2528.278458250663,500.0969456661976,290.43592740213614,3808.756795161492,4142.260430773037,483.73089835742286,3807.956505711048,3319.4076594252733,1384.345254942946,3315.9459969714694,2052.293590156501,1461.4341576954548,4374.073258117548,712.6049162060201,2632.3157245885245,3324.3124530638843,2277.9428425431693,941.5786063073762,3390.069088452986,893.6797247019397,2434.650607758759,2367.236234606014,2923.2197300984467,3961.897586358512,2464.612540556683,664.2245472431259,3792.9381122572463,1511.1888653094134,3992.479331494669,513.0866560913544,2604.9675637812984,3201.2233394048462,1859.0082878915755,2342.3787418756347,1563.6124474294418,1262.0125737306778,870.3303950033551,707.2835447645514,1803.6467116198778,2045.1044257365968,672.6136545081528,826.9196077979359,491.08199291415036,3369.7807737709086,1974.6493299667245,3615.2535457540334,4006.5547501910905,1336.9795470003883,2503.3412477774514,1882.5784808665792,2155.3362422340697,1565.2081712903555,528.8480161293936,691.6038941067136,2557.945256129845,1042.4280557681402,1922.7567714520815,3291.0537610730275,3788.270408362152,2379.9859846635477,2881.0388528979215,4162.606269063761,4219.620129059732,4171.905339975838,3066.6296591693967,1084.8946584764321,3693.5906240778154,2462.173662471828,4000.034903052179,4573.964617485927,3005.3705932344296,1092.6958728380935,2363.8740224069325,4697.895975499117,3432.211116112551,1926.6775505598262,1789.1252394900753,3405.689109172191,2616.3019635740593,1880.405459004044,1276.918184573511,430.9824022807897,3986.120586929068],
        [866.418423920785,1112.5122527708938,4001.9905387973035,0.0,1912.7368722657075,3764.9269714501497,410.02490740865363,4262.369538727196,5099.4044043271,4429.267425933649,4223.511959382863,819.216618226569,2807.9141467633067,3527.8594866627736,2235.0028981344217,818.9807347292838,4357.395717170764,1345.9879485861013,2418.5073871267923,4490.71536898255,2840.0145369794136,4666.148911768925,1370.0382282699682,1585.9502355248335,3914.408225387028,3605.631425848792,1970.5690127930814,3457.3846477668744,1568.8793363930695,3662.0744777242935,1935.5431405578495,2653.9192566060187,4317.005018872727,3541.9990465947362,843.191799736362,2633.3525536585503,1262.2877805169687,3976.287785894824,2342.7947938527645,1669.0643161138619,4633.0245521683455,4259.405636634975,3956.5230618031787,4521.764294342132,3268.815822945151,3391.465372065352,3665.7558555690152,3856.4593668840525,4577.41630151725,4828.896571018045,3575.181519470348,2800.145478755493,4888.502041349708,1420.7316404464054,818.1672574949478,3502.8730213773138,1502.7934763545127,3175.7379659379144,3148.9002848724385,2924.320234207665,4508.825259737557,4285.770038143617,3995.2823143964474,3014.9038708234298,3622.8550427969017,977.7717586420941,1812.5592483856751,1658.0266349033855,3294.5631160816192,427.33266888278814,1310.7594128428896,2668.180130847585,2443.7748789213556,3573.004867073068,1312.756931873538,3794.7672919683205,1484.9222588274372,1443.1237009723209,1025.604525640164,2975.3084087490492,3209.535957354013,1608.781606108349,1451.7526827462557,2348.201693855518,4904.0544083212235,2667.1686177223264,4321.066435238223,2803.344940900866,4725.615282677006,3955.210830407117,866.418423920785],
        [1137.045924310195,1641.3279114364393,3561.144055477979,1912.7368722657075,0.0,4448.7065791490595,2276.116438435703,3569.4746760095513,5509.250280394413,3823.931861631557,3669.8785133444153,2546.1556159037655,977.5423058903785,3201.318823935102,3783.757719615857,2119.390867206112,3276.096892711698,661.1521717812553,1508.9531990867074,3390.1939841258013,1100.3658137891384,4042.799624324281,1796.9924274433017,2983.524104452332,2436.189528695505,3641.372484672216,179.91434562220206,3451.3190777674513,1888.0339737214358,4373.704183216153,3082.1101332701915,789.2051734174034,4930.933983642251,3405.352657032006,1080.3686460857323,2078.7824065066234,3020.6199014015006,3783.33431853502,997.1190367263566,462.6290325611038,3380.2725839486275,4835.720003362372,4256.550067407441,4540.316585765112,2690.863473401697,2853.965291183727,4122.083209526926,2473.828475657979,4231.559516063283,4303.659666161707,3070.10301488687,928.0044882314373,3631.911112247223,2990.507337353659,1191.0195427532012,2499.894527239641,1730.7475292783354,3714.987319582906,3829.5327088146646,2031.115279075232,4081.6696142335795,3522.7740159899754,2414.017190596994,2914.3597567586603,2305.54466815914,1100.5848544303722,255.18732222202667,2109.1117539226516,4291.749169801778,2336.744794208431,965.2145906963378,882.9832320693331,718.7623571673082,2687.423572196298,611.2773883825962,4523.182264631081,643.7510679318113,3334.6027695568823,1915.662750338458,2499.3642769579756,1727.1460495287206,3503.7401649327744,2919.0166565773434,2797.4768876715757,3732.1789435202018,785.1139158085243,4997.555113509138,3332.601893187251,3756.654069347994,3314.2054002644622,1137.045924310195],
        [4237.941994522611,2983.264593113837,2345.8661264269304,3764.9269714501497,4448.7065791490595,0.0,3526.5363084259097,2892.973478404037,1405.8948936469053,2775.2006518590797,2611.294404582285,3135.1700463746834,5331.872023021249,2115.6888402439013,2272.2932413627505,2949.6742453635834,3689.3981882373587,3900.566636334635,3271.548563982821,3783.766531908249,5513.14842838749,2901.3875181549374,2736.9969030980183,2322.086392371413,4318.95914846012,1420.1038545621327,4333.387158210727,1535.0447263333585,2594.1703415576876,110.97642717149387,1873.8343708050547,5127.626948857538,554.8698681025194,1762.0846555240462,4061.607130445025,2722.9038611734572,3017.5911821095247,1859.5563438585107,3819.3039795712607,3987.9351673303636,4167.817460106492,518.6044079330179,851.3813406266326,1586.3760913777876,2586.6743372246724,2504.2773176183664,542.9759597725603,4100.542032968571,2318.775722635118,2779.7244169787577,2436.8469703093415,4734.520622907959,4308.909394020161,2616.845825249424,4227.597389512824,3311.0763980803836,2749.4382748683856,744.3362594219343,635.7539924032864,3132.339631228064,2452.7023886463976,3036.6145684867925,4581.446171669493,1870.2846316177563,3897.794359904334,3607.630387033207,4582.743572729026,2384.118220282042,785.2923532960822,3672.24938708315,4648.36046595705,5289.227128840835,4304.254427616641,3113.724264187961,4237.977909412768,116.37769815144847,4578.979999004661,3519.990757401167,2850.9735990100744,2484.2308663094373,4084.7372770044335,3569.8807140498598,2478.146405524779,1652.1308887621713,4133.305647425232,4700.361819289385,564.7605573041045,1116.2065430930274,3620.501907732591,2719.805596755395,4237.941994522611],
        [1271.8550619616424,1191.324654671217,4000.53720152723,410.02490740865363,2276.116438435703,3526.5363084259097,0.0,4307.196722828301,4892.32654294902,4451.03544939925,4239.649820001483,440.89016194278645,3194.9885125795563,3518.7774750470835,1849.9371667133587,685.7165227554711,4483.049382013604,1671.4108548434044,2594.373411882656,4617.613298458584,3236.6190701343257,4686.1605808930335,1400.944737631269,1261.82010246361,4136.357335605967,3514.433284789927,2317.1837340011602,3381.174366190024,1585.7820997529777,3420.2708707162883,1660.8285892010185,3034.5449809210604,4081.3455659250644,3491.0899301309737,1230.2567471123582,2722.16567811844,856.0051999380388,3922.3051780108653,2600.5337588948364,1988.8844414905063,4790.675871267462,4032.720284515601,3796.115395519388,4407.6132162629165,3324.7567486614407,3433.276911800771,3479.6326536776746,4058.8155156860294,4539.957172654813,4824.285742090767,3602.454112871043,3137.16085111349,5042.63714443668,1054.5753266453187,1225.0559191474633,3636.8357098086544,1559.2759345409636,2988.0140044376053,2929.78091715202,3062.541846528438,4490.437347057339,4344.946051486736,4239.158344604736,2980.784561585563,3817.4946983203236,1259.366831730514,2195.631147150175,1620.7847915788684,3000.45741400074,163.59186498397867,1720.4243342632753,3059.377114903593,2757.076176979728,3680.1924173411935,1690.6528931402001,3546.116737112074,1885.503723037114,1058.647024947294,1001.6025384079231,3025.131653341401,3450.387309172685,1227.6276846388425,1115.4149507512461,2229.4195328481464,5038.850983382462,3009.1749208143697,4072.4100916684997,2635.0171877679904,4819.000231794662,3997.9298148037483,1271.8550619616424],
        [4139.761021058969,3151.5264002011413,547.3733715796715,4262.369538727196,3569.4746760095513,2892.973478404037,4307.196722828301,0.0,2992.0333760984017,291.14099157118443,303.4745906317319,4159.1948769839455,4032.729215472059,918.0969082987762,4282.661999909149,3640.1490120566546,887.6252078825527,3423.42136869116,2087.6991537898316,943.7614902188193,4271.793483723498,476.80577156089646,2910.7307748496937,3747.2127609632803,1920.8585292790222,1486.9447623942442,3391.778286503307,1424.7077045890087,2721.6647573146774,2914.5797389631316,3372.3781838282525,3866.9139726826356,2996.8339298159813,1188.826428024734,3951.9984611337145,1651.4790272711577,4385.2390980477385,1046.741395180214,2578.0842756147044,3260.8510133416676,1346.3218351180305,2875.2211993086194,2102.033115143797,1711.6705731131963,994.7578724782003,874.1122406644519,2350.9301640431195,1694.5549687007176,928.4055085738728,771.7077535202102,717.0006866699051,3237.080326783508,1439.7018981414137,4025.289469982902,4166.515320344818,1127.7269777229228,2763.4660193883788,2417.410066177556,2690.5888197896297,1540.6058040453497,710.6436120177419,154.75993064422497,2195.851744680773,1462.1466598389493,1628.988052022293,3467.9192829460594,3811.3376010743623,2705.7764277914043,3420.39323405082,4465.941294834481,4319.815334514016,4083.5376956084847,2995.381558693467,898.1141539373101,3789.2310761101285,3009.251918166905,4071.4236621071973,4962.312981802119,3305.673686701904,1287.3917718630228,2158.785643232933,5095.064187747068,3843.4166986937025,2361.1409409207454,1245.1014483927806,3294.9849733117353,3151.1993884467856,2384.5881059031194,730.2986676435909,309.3266695280929,4139.761021058969],
        [5482.278554068853,4212.611976343968,2528.278458250663,5099.4044043271,5509.250280394413,1405.8948936469053,4892.32654294902,2992.0333760984017,0.0,2761.470453921401,2690.9870811250853,4517.228131207291,6302.253613556623,2570.068736544127,3660.4394227005337,4280.557350856948,3879.1206177534636,5039.363603438075,4141.995661402376,3932.599758601452,6508.30952712317,2774.490931574685,3944.486290642266,3717.96262873326,4792.770956272196,1925.6881830923871,5369.704124874006,2115.2372583574324,3773.2021293682833,1516.8700364453898,3260.4868654942916,6102.91939036626,882.8956763195388,2243.6223431916014,5295.945352790127,3539.114849321705,4421.037037194184,2042.4282950244392,4727.013305109382,5065.094929714207,4334.927175604394,888.240018994217,1252.8649471523568,1280.3643318379925,3152.4168155819452,3014.8189092427856,1445.5484215207741,4560.196051212009,2118.7923478611474,2521.6883085955496,2857.490575726574,5612.918699753485,4399.250452117713,4017.5055708009927,5479.201956577553,3807.277478378063,3917.350742443864,1927.6116596089116,1963.0774269285419,3836.2106548082697,2328.444020660355,3146.1964770827167,5072.036648115759,2632.9790433267344,4413.115801796139,4811.008739236518,5679.913998306097,3586.737745683528,2136.382918503483,5043.280765539786,5858.624917567964,6288.063198095451,5223.9222303110555,3565.1818952528197,5402.422689701157,1425.6638628060766,5744.38673475986,4925.7088763917045,4132.172114831438,3182.2731413756037,4762.583074681235,4973.66655174346,3873.4194675849553,2825.146334084917,4175.063731449952,5609.071039832337,975.575824973775,2312.8924897275124,3625.4584409150225,2959.2127106386424,5482.278554068853],
        [4350.873448467137,3316.8004783272313,500.0969456661976,4429.267425933649,3823.931861631557,2775.2006518590797,4451.03544939925,291.14099157118443,2761.470453921401,0.0,217.13856750985522,4278.218050842117,4311.7633839929995,965.103728183226,4308.053429021697,3775.254621061148,1141.4932068892965,3648.8603041594,2329.05989174339,1178.2443363978978,4549.961910489983,237.04894904854905,3065.632223868208,3817.1929641800753,2208.2555259126434,1409.000615197802,3647.466506677667,1384.12679042154,2871.6177395265854,2806.963504892369,3421.0177767353985,4143.4356969828295,2830.5510102573076,1160.392752918418,4160.731590044076,1854.8782604891594,4477.503313717648,917.0331896505031,2838.0630465534427,3500.6314310081066,1578.1613171148604,2710.705093017955,1954.8662250023597,1485.8381988379801,1188.95224522793,1046.745434786505,2239.477555025113,1983.2050207591108,660.7355748791819,488.2301818183337,854.1434243730487,3518.436608348863,1639.5722898124302,4105.062556441112,4375.349207095326,1411.1333498946788,2926.4842710207513,2363.4334503887276,2634.7108118538854,1792.9354102008272,441.78529470765864,420.3122336647295,2481.9694277353897,1527.7951806327965,1920.1263449210064,3668.7275215826203,4062.5414283648383,2835.555344568786,3352.278740996379,4611.763883762486,4549.592127983302,4359.222429167664,3266.072901044835,1174.851911944033,4019.4127902561736,2890.544850406182,4309.65291471693,5058.045497103919,3450.846597766001,1463.814657755111,2446.3989282795133,5184.808566240342,3922.1693793072495,2420.36732462776,1422.9718358021214,3573.187662381039,2989.0684243445294,2378.408886794889,877.539548522121,511.6662390519673,4350.873448467137],
        [4163.18173948022,3111.4292622586026,290.43592740213614,4223.511959382863,3669.8785133444153,2611.294404582285,4239.649820001483,303.4745906317319,2690.9870811250853,217.13856750985522,0.0,4063.0712469336845,4192.996826590588,747.9718104280975,4095.4393644943175,3562.555232318559,1188.2198599864803,3470.6546186811306,2166.4396404936665,1247.1606907630955,4429.073313207408,447.0295949710183,2857.6705206186284,3600.2424242832817,2181.8841403154074,1222.0509826589453,3495.0437053879473,1183.0814689838958,2662.6516651989627,2637.5499660692954,3205.2901134742297,4019.8082820107593,2698.564942428693,954.6290364316797,3971.951091923579,1668.8522028151947,4260.489812470791,754.7761749121231,2692.475393844597,3333.35459128907,1649.6526402333877,2577.3033708582593,1808.1527608469903,1410.8085160041994,1004.4608792356485,854.370199537109,2071.33801291624,1951.8305707275479,661.10961505311,638.0260801872179,652.3176483057417,3406.2667679136293,1740.7654400176748,3887.9323257508727,4186.416519366809,1315.4971510605885,2720.916480554524,2169.6209101425134,2441.9965353414905,1644.0501963884542,454.9884525765608,458.1886346407281,2459.8856558620387,1310.6567587663744,1862.339400317229,3476.513890857506,3904.766500534566,2622.5644684859744,3165.053611565634,4400.714730779292,4373.267815858999,4233.715616945926,3133.978531936603,1068.3584557830698,3843.9665570498314,2727.2865212689626,4139.940035522225,4841.107073873549,3240.2677828736655,1267.8682803864147,2356.6983582635576,4967.714533178886,3705.043551689805,2203.6055052655684,1540.567145366004,3453.87433086099,2854.065378191806,2170.5822314511743,1011.3611955612062,369.15727747675646,4163.18173948022],
        [1640.1499876465764,1193.1395671686198,3808.756795161492,819.216618226569,2546.1556159037655,3135.1700463746834,440.89016194278645,4159.1948769839455,4517.228131207291,4278.218050842117,4063.0712469336845,0.0,3497.929710143552,3325.1065922027246,1416.5123415432192,566.011628632683,4419.862406891454,1904.160427891613,2617.628141029698,4554.61554870182,3561.32146636917,4509.661479077675,1327.5039522483119,835.0145247072898,4188.71627186778,3242.2441583804125,2560.93577228113,3124.4322787390724,1481.3826898000818,3027.1380042773444,1261.3536776729377,3325.633865714036,3689.5591353391674,3256.92484108706,1563.586633878771,2645.3817433628183,476.6358568353065,3680.4615970689624,2720.4471906088093,2203.5519378524596,4760.943952960769,3647.0725786759554,3461.400130504768,4107.598781861214,3200.596505994645,3292.6266249422947,3126.6441623672217,4088.2330884411963,4308.494269428768,4622.386899709136,3444.3765739760324,3354.4158258003667,5006.980095724426,613.6851702181505,1598.6696421485294,3592.457455949438,1499.4735274433663,2637.998961418976,2555.848501648858,3032.452535472556,4277.617279828764,4211.481819797216,4317.841240127236,2770.7110041282367,3840.478159205035,1464.8277682363275,2500.4361240711714,1455.831104962559,2578.1441758390033,554.2959544124203,2102.2322380767764,3372.2248777350956,2945.755293922832,3605.632096385698,1995.87645062043,3147.9658790860008,2231.3754517536604,885.188251925535,923.0453787509971,2899.942860977281,3534.1844149793947,1049.3374332686637,683.6876817547638,1953.8766662590576,4981.347680261366,3235.4827069653734,3672.3997404744746,2305.648343049632,4717.712141755813,3850.916225711249,1640.1499876465764],
        [1961.1521848536643,2615.005917001743,4142.260430773037,2807.9141467633067,977.5423058903785,5331.872023021249,3194.9885125795563,4032.729215472059,6302.253613556623,4311.7633839929995,4192.996826590588,3497.929710143552,0.0,3856.3135254077024,4760.406169408711,3092.87138007559,3539.0392051217364,1637.9263779760001,2168.377774930118,3629.4193194745767,242.6512927335036,4507.460930316152,2755.1470967135015,3961.0164999462677,2480.38125051879,4390.869953306508,1032.4122335895593,4198.954239404181,2827.47772913826,5264.093753573779,4052.381343705127,204.46075671094013,5788.377381659244,4113.572176105571,1966.1967808977045,2774.579030265034,3974.3854343853277,4447.763352488434,1580.767301753889,1414.7719346917104,3509.772689132551,5686.610855467696,5054.741958765149,5242.139063789126,3292.8999554339225,3455.553449283481,4964.538486466541,2603.050394966475,4810.92622873624,4799.96896063734,3664.2229187120784,802.1522149723677,3736.8964244501467,3963.018452433887,2014.452665631629,2906.2921906903366,2672.63304354817,4589.553451519974,4727.852611194156,2579.646631963142,4634.793301595826,3953.4150733453903,2349.5845489797134,3670.843023393751,2518.921133865631,2073.8275524299406,1000.188644527166,3048.5908604059177,5230.786581571432,3235.061216324616,1611.096309015876,166.42023546476756,1088.6042433837945,3136.930237533284,1506.4268591947987,5413.571778909451,1344.2687252084984,4249.445216371587,2892.785444366785,3166.8088907714714,1914.8702767285745,4416.167644203422,3895.2476310606967,3694.77897360549,3892.6324830319713,739.1447037043389,5867.576039345299,4219.566718366263,4050.690496859249,3824.2751085802292,1961.1521848536643],
        [3546.544007729226,2422.672996561328,483.73089835742286,3527.8594866627736,3201.318823935102,2115.6888402439013,3518.7774750470835,918.0969082987762,2570.068736544127,965.103728183226,747.9718104280975,3325.1065922027246,3856.3135254077024,0.0,3365.8265906147235,2836.798139802597,1588.637464777677,2902.4352231184284,1707.9087987611358,1693.5954805277015,4080.345705161696,1189.701982001761,2157.873677359947,2852.815092525965,2261.1145108817295,715.6322619036251,3036.6104870783674,580.7850146173428,1959.0952682331972,2116.3075085729897,2463.0975171562695,3667.3019654798813,2336.9301572070167,360.0999273417079,3352.104085014218,1122.9799033280894,3513.3834809040363,591.4862958267681,2285.845130656216,2815.030207856307,2063.566593059355,2215.121339607001,1439.162931965855,1394.850917122769,587.0067929619929,444.83558553504616,1580.357497561629,2032.75708621996,1073.2977214417251,1305.6606460619814,322.1130388629264,3112.620551292137,2224.913973596626,3139.9605213831064,3564.284630467336,1253.1612831750745,2034.3289050090607,1545.7376611410416,1816.507010865762,1295.6640309574852,981.7804490009936,1025.667730378461,2535.6745034748683,562.7745153680245,1860.5061806983701,2845.93308967023,3416.9469580909154,1897.9959167078644,2552.340200148446,3681.0966669821946,3802.9730120570644,3870.140562996631,2768.645183679989,1026.3235582593825,3282.781695808155,2230.7319050635815,3599.5170276708513,4094.367040897826,2525.6033887072717,702.44235182695,2195.655699598823,4220.127944040708,2957.074125270991,1457.2143753671016,2076.5724085902457,3130.8400441337517,2473.8544026896216,1472.4369403085623,1620.259862573237,655.783528439584,3546.544007729226],
        [3024.2139540538733,2179.280026776682,3807.956505711048,2235.0028981344217,3783.757719615857,2272.2932413627505,1849.9371667133587,4282.661999909149,3660.4394227005337,4308.053429021697,4095.4393644943175,1416.5123415432192,4760.406169408711,3365.8265906147235,0.0,1673.670885288306,4795.273358325109,3122.68905912938,3374.5859684823195,4922.933798151266,4857.530328847872,4511.226663000723,2130.080194637871,809.4888864911941,4896.913311349111,2987.3709863517524,3756.5431358854185,2948.9997036640025,2163.374530712138,2163.5784697984896,950.4223801942095,4572.368682019178,2778.546339400616,3154.7312377496005,2919.4525817396075,3143.644267300143,1032.5019693961226,3502.6251329670404,3679.097587371261,3373.4471423628306,5216.757322721718,2777.7027738662127,2892.225163788263,3648.486146682942,3488.2862661622835,3517.497970089931,2497.619174386827,4742.446111171191,4120.241175485019,4525.402774102399,3595.5799379924315,4468.922019918395,5434.035826024705,826.425826410534,2987.7184756534857,4079.698265988169,2276.008268965451,2097.871089508638,1887.919130829421,3610.438658526264,4162.575355836124,4379.626500189601,5086.2190003629985,2827.2333617216677,4492.60035419596,2688.247775888277,3790.517225299675,1994.8923255326472,1528.4610119570686,1930.7434479882463,3490.694843168435,4653.081785811014,4024.7935912498824,4004.576714892008,3304.386641672661,2237.0346870381027,3580.8386340593975,1351.0509863491334,1881.7205560290258,3221.2664990610424,4356.123579604947,1355.383695917121,865.6411239073423,1943.3278655326947,5344.5261139161,4371.570991641555,2708.3369817888197,1947.0098073280906,4958.702103848023,4001.556383628528,3024.2139540538733],
        [1404.7219044474891,632.5536439474328,3319.4076594252733,818.9807347292838,2119.390867206112,2949.6742453635834,685.7165227554711,3640.1490120566546,4280.557350856948,3775.254621061148,3562.555232318559,566.011628632683,3092.87138007559,2836.798139802597,1673.670885288306,0.0,3864.790401700345,1459.3359759950536,2052.440641280597,3999.616785460933,3184.520413583357,4009.4818896027655,765.8816790679152,898.9529258303902,3624.9089051561664,2833.870917865668,2106.6751731359354,2697.5648588093695,931.0110013595729,2847.9143967636783,1154.8898724849466,2908.4858134535125,3500.5458151302905,2805.405976997428,1272.0866826945953,2091.3411744458303,971.8222805338302,3236.8032605601966,2179.2449793825645,1731.369904470778,4198.863756436026,3441.4700076435574,3146.3647615163673,3735.003762510828,2667.023050021691,2768.028871963977,2848.6325377671787,3522.5437560135265,3854.2900408563637,4141.724859999428,2930.561266319906,2865.566247789092,4446.065979162112,871.27890863967,1377.7247255598736,3032.0488965221075,936.416405912254,2357.985249529323,2330.752879975869,2468.9675661527613,3806.0989085425613,3684.3246370741635,3758.2466243244494,2295.881273095154,3274.602245106772,1019.2056701346116,2117.043709374345,940.1116064163045,2512.8483610090652,849.2323482161537,1865.421059447978,2981.712413361608,2440.3408578752797,3052.8839587236375,1632.089552702695,2982.5833020193654,1919.101935403738,1449.6552841816992,357.9956134185751,2366.187638959771,2977.147154502751,1611.6789306805904,809.3778054317061,1554.6770722771746,4425.235096033032,2755.1356415143287,3508.0584498425487,1989.0662299740623,4175.959067964748,3330.8982942683083,1404.7219044474891],
        [4057.397671269703,3291.8183946411655,1384.345254942946,4357.395717170764,3276.096892711698,3689.3981882373587,4483.049382013604,887.6252078825527,3879.1206177534636,1141.4932068892965,1188.2198599864803,4419.862406891454,3539.0392051217364,1588.637464777677,4795.273358325109,3864.790401700345,0.0,3297.45760000418,1966.396551634148,134.83003880804418,3781.652328310675,1217.844302398018,3099.940728306645,4160.206331723327,1164.703108819296,2269.723715747561,3096.9946642076766,2163.798335757381,2938.483609394077,3697.3958050848255,3850.5075189466634,3400.6037331569246,3846.0742206714453,1930.360162439772,3885.946530586799,1774.4847824139908,4720.921370952386,1897.364574189317,2295.991491422449,3066.5457329205647,478.7749993670705,3723.5903276034137,2941.6718389522116,2598.81593619093,1307.147512414255,1294.9170018460893,3147.858591399677,971.7874591301195,1801.9185002586335,1538.8199284121345,1280.4601602789533,2740.326310530546,646.3426487679872,4404.59500606547,4093.6781332102237,855.6071024708979,2932.4558165281674,3131.60847914644,3400.4144987553946,1433.6706050618384,1582.6998245048323,734.4388939637348,1415.1467511598341,2016.8415047299561,1020.3037202415462,3453.87811014082,3530.321775575544,2988.888225452637,4136.049026899928,4631.114370003262,4143.184311162203,3619.7997088744733,2608.5385162564467,816.5291469030537,3625.868042049426,3805.4337056585327,3857.146874416234,5276.541419358891,3509.495888097559,1580.493009685848,1628.3646944894276,5424.541384154557,4230.197769476464,2855.871122005888,562.608349490011,2829.0688596601094,3995.55335547819,3016.6738713407194,514.6655550676549,973.8222556777287,4057.397671269703],
        [765.7232801269789,996.8938250581745,3315.9459969714694,1345.9879485861013,661.1521717812553,3900.566636334635,1671.4108548434044,3423.42136869116,5039.363603438075,3648.8603041594,3470.6546186811306,1904.160427891613,1637.9263779760001,2902.4352231184284,3122.68905912938,1459.3359759950536,3297.45760000418,0.0,1352.8278577375904,3423.444295295127,1747.092495977211,3879.783465538233,1184.6773234368543,2323.466080026628,2658.7629173210244,3238.6851416976415,656.7841423827557,3055.2374168916326,1307.3261911867392,3818.6388071776787,2438.086844879467,1450.2140612505289,4404.927729615166,3048.9283724032425,614.2746719263721,1806.011413402734,2374.912697928707,3457.065340838363,1067.5655809729692,323.29605577368443,3490.6859320664244,4316.862957661831,3795.249319484512,4164.328904197861,2466.3681363000665,2620.626169289554,3618.748357700265,2638.7094262416467,3968.683571121515,4107.956477678898,2832.8652575226397,1465.8516738572391,3748.357040228749,2330.6144322343653,806.9254106969415,2459.265637244282,1151.2550382008094,3183.176883659014,3270.5727960798918,1911.586879041762,3844.7643783936287,3404.882265928844,2703.4559274763315,2526.4696675360037,2427.5379175991175,443.07649684128165,703.5185562652144,1522.2882576008471,3684.2570142185386,1753.4751621850316,903.7631528780302,1535.8111612212258,1097.9997192158462,2597.5756813534517,380.8950556840743,3967.0295360607847,711.8469303407876,2721.9476348030735,1259.3870265159185,2223.578660663013,1935.3746638090677,2892.0750347542707,2257.8672948911844,2254.0398879639556,3806.9789490192984,1339.4196340651677,4458.727523209356,2792.2339851486595,3734.92066638588,3139.5917218001523,765.7232801269789],
        [2100.132852622661,1427.5476275268982,2052.293590156501,2418.5073871267923,1508.9531990867074,3271.548563982821,2594.373411882656,2087.6991537898316,4141.995661402376,2329.05989174339,2166.4396404936665,2617.628141029698,2168.377774930118,1707.9087987611358,3374.5859684823195,2052.440641280597,1966.396551634148,1352.8278577375904,0.0,2096.430074193656,2384.5540611399883,2553.9769368638204,1317.0589046627447,2604.8156173543175,1575.194085014863,2223.895223792317,1338.0110488865403,2032.151426521853,1225.4599142761513,3219.4963049801754,2462.361551335216,1973.379043368733,3681.2723907509962,1946.8425871260697,1923.7112334186756,606.2237487685004,2998.881533646642,2297.0857438872113,587.625617102607,1173.185885924559,2215.002514840746,3572.6576983800046,2901.9093360378597,3079.3190014921884,1181.969064717341,1345.2693452975373,2849.922670277088,1471.5901413385961,2723.218766006072,2802.9157337833217,1561.3221110241982,1479.1374875921954,2471.067525117188,2769.2093543838337,2133.921974926757,1115.5271759091343,1146.7248557806709,2531.4361877573615,2716.634779862806,558.9108151781275,2573.009718012905,2059.0438955053264,1728.5539808491606,1509.4040595670494,1225.968521623587,1489.2650809179904,1739.2389851779467,1379.6937515031268,3333.416955457367,2730.2852108985294,2237.2177648636357,2170.0381903028515,1083.0691878350942,1244.7916939016952,1707.51187098473,3365.7283527117384,1983.728098814524,3502.091453735618,1699.6108012674708,1007.5749439152123,981.739195616889,3663.689039079482,2621.987451565399,1739.713968522158,2497.959151656833,1467.4059649359717,3776.7581671278895,2201.960698752508,2386.0319106195393,1817.4420248928375,2100.132852622661],
        [4184.49919048249,3426.352008837758,1461.4341576954548,4490.71536898255,3390.1939841258013,3783.766531908249,4617.613298458584,943.7614902188193,3932.599758601452,1178.2443363978978,1247.1606907630955,4554.61554870182,3629.4193194745767,1693.5954805277015,4922.933798151266,3999.616785460933,134.83003880804418,3423.444295295127,2096.430074193656,0.0,3871.8273552052992,1229.170250576977,3234.7697373782726,4291.8981116108425,1219.3920491864314,2363.710519641175,3211.511906567386,2264.4657382218165,3073.233660169709,3794.5691060415343,3979.203659811736,3495.235249127643,3926.042903990848,2029.3558580603296,4014.0651861533697,1909.2481600070614,4854.882420432661,1973.863887836831,2414.815885648342,3188.9076792517567,402.673077931915,3803.790296756335,3023.9823996533614,2652.772559073489,1434.7395727055696,1416.3674065890575,3241.334179296374,1041.843110908951,1837.839435216059,1545.4108641350915,1391.0060002108698,2833.4164764731154,531.595781600794,4537.461771900121,4221.213478028215,988.1759161563693,3067.2639083651193,3238.9078411775517,3508.821765962248,1566.601792397181,1619.6013591461308,789.0032702236288,1456.6328018205384,2136.116532534181,1115.3683996932723,3584.720105086266,3644.8224595964653,3122.966461112784,4244.726349034629,4765.535313687224,4264.5559597023985,3714.0929075809736,2715.9953763157687,950.7567854113886,3748.996212437563,3899.990864658589,3976.3200148417286,5410.946376480983,3644.324654054036,1711.2114956932182,1725.2512604424646,5558.763730856824,4362.765215020987,2982.1874570670952,428.6878643327785,2925.9798230594433,4077.3604670519967,3133.0382347898044,451.8356653083698,1064.0001389734573,4184.49919048249],
        [1978.9315755998152,2739.0389461849927,4374.073258117548,2840.0145369794136,1100.3658137891384,5513.14842838749,3236.6190701343257,4271.793483723498,6508.30952712317,4549.961910489983,4429.073313207408,3561.32146636917,242.6512927335036,4080.345705161696,4857.530328847872,3184.520413583357,3781.652328310675,1747.092495977211,2384.5540611399883,3871.8273552052992,0.0,4746.914764001748,2896.650149711173,4065.551821310666,2719.363160347845,4602.807761079252,1186.0039312020572,4410.856071827972,2981.3557397402924,5442.746487743969,4180.913212328299,413.18241185542746,5978.206510672639,4331.36049079185,2007.6532799874751,2989.9587909477746,4037.6685456922155,4671.797400023234,1798.0903071780644,1556.4217274887078,3749.735922747399,5878.234474272659,5258.500486258472,5462.512414970822,3521.0364125035835,3684.172933723775,5157.742111012745,2844.491436985387,5043.773245158529,5038.192087620718,3894.020973321343,1044.4321277950464,3975.5420697812333,4050.083203618907,2030.4676321981394,3146.028363162707,2824.872493871828,4772.945228280353,4903.052362760504,2809.8604305965064,4869.413684306876,4193.700968538148,2583.348213036912,3880.076435940696,2761.556974246199,2170.8728860779174,1068.1099154081257,3202.7897488722706,5386.8600028223555,3264.8139525023325,1590.0898766075502,223.94033069263025,1312.1046245281004,3375.2945890980286,1566.6410910298866,5592.343479284657,1356.6386067646458,4282.779346697646,3006.392776402497,3387.477041999754,2157.445705767913,4447.350444802317,3992.024722568655,3869.034466848792,4133.16465738936,976.8521494601874,6053.631208123405,4398.334959276069,4293.340268706398,4060.6265730881996,1978.9315755998152],
        [4585.111083921166,3553.7063656204887,712.6049162060201,4666.148911768925,4042.799624324281,2901.3875181549374,4686.1605808930335,476.80577156089646,2774.490931574685,237.04894904854905,447.0295949710183,4509.661479077675,4507.460930316152,1189.701982001761,4511.226663000723,4009.4818896027655,1217.844302398018,3879.783465538233,2553.9769368638204,1229.170250576977,4746.914764001748,0.0,3302.0709542847376,4036.906078251379,2336.4020218205083,1575.7193591033188,3865.545613594224,1571.1679475306244,3107.7579591639405,2940.454907831489,3634.3240121154104,4342.7279976182945,2915.6260718844865,1356.7520396941409,4395.332250171278,2089.4043725732577,4702.911523807127,1063.947952795766,3053.1309554191357,3726.7080442274428,1615.5682526386504,2798.1953147584272,2064.4949561461244,1520.089872745906,1423.7983540995172,1283.239427440033,2374.107674453371,2117.778060448737,657.8845979669887,322.6334809073938,1091.1188214265742,3710.544109729908,1639.8525762816116,4327.369676121365,4609.967955976059,1601.285012030135,3163.3566643405275,2533.9010304401795,2802.5432046774854,2012.1905131313167,464.50704554348135,562.3892591282682,2604.2166713635215,1752.0150634401627,2077.4108351168575,3904.330767710917,4283.332715595485,3069.5333148316495,3509.7491850284214,4847.07848333486,4779.451305204544,4559.585146611238,3472.184594801839,1374.7254995469298,4249.041981122504,3015.3787855069763,4536.533416974802,5284.019655691999,3686.3721021141964,1700.5382523831001,2625.0873404083336,5409.161856806531,4144.3525325693945,2639.279099030849,1406.3743437179212,3770.244417255726,3077.084760783733,2572.9282694359918,859.0108299877395,740.1929794511925,4585.111083921166],
        [1539.91548333372,279.59788087662616,2632.3157245885245,1370.0382282699682,1796.9924274433017,2736.9969030980183,1400.944737631269,2910.7307748496937,3944.486290642266,3065.632223868208,2857.6705206186284,1327.5039522483119,2755.1470967135015,2157.873677359947,2130.080194637871,765.8816790679152,3099.940728306645,1184.6773234368543,1317.0589046627447,3234.7697373782726,2896.650149711173,3302.0709542847376,0.0,1329.049626889322,2891.2823705999313,2282.116126009104,1722.8204385405268,2120.603953173521,200.1975000221611,2650.378257006878,1309.8245712027795,2554.924936071508,3256.93587924602,2185.1018172711156,1351.7921353475601,1328.2341807732812,1683.8212738660554,2618.822298909738,1549.8565182085363,1341.857637496632,3433.6822422784644,3176.1381314760342,2729.456410623892,3213.4432115086634,1924.5371531070448,2036.7221568618033,2502.4813399976815,2776.2252659560686,3211.21957741473,3459.2316362625525,2212.7590739875623,2357.5034752204206,3680.4021438299073,1459.74967356276,1539.9581936085353,2266.2282202931788,173.0669301278918,2041.2128778829701,2102.5009420883543,1705.049192460188,3139.0669857514144,2944.9961526392367,3042.581272601055,1652.4519130434765,2526.273241937302,873.0119683293641,1885.5207493011721,358.3692829973189,2501.081507875605,1557.343787040303,1920.036825238342,2677.0079873300833,1907.2590142639035,2289.631461154942,1503.332438511019,2797.38600097385,1842.9812407799132,2203.2053070991974,409.55767915136516,1625.6336313093514,2275.958887065581,2360.564492863873,1323.2942292895934,1119.8710686176544,3659.906869891744,2271.31038478934,3299.621648096657,1647.3063004239802,3420.395370383846,2601.8462183403226,1539.91548333372],
