{
    "drone_dist": [
        [0.0,1578.0510216798675,1966.3414521175075,3484.5796363026857,2532.7416857142125,1642.4231437549663,2856.2474903865304,2688.043036139035,509.5979604882072,2316.211219392628,903.1775728658062,3141.1123630951683,3041.2748098929055,3853.5203236709312,3354.007217503003,3155.082084221763,3481.1256945869973,3012.341517729639,4250.822641202919,2551.5201591321984,4515.170640819132,742.747115222699,2977.6788286086953,349.65093502033267,3113.952813754067,3658.1960900722956,2044.3223778183394,3509.503335018156,3257.513405121584,3361.5379707320867,1029.7361447596313,4799.815927993065,2517.7924210929937,2221.8949688284056,3760.128310378763,901.5216838534707,4093.659488577872,5152.891610544625,3477.8740062394763,2806.799998954302,2481.968374559756,2459.797886557734,2570.901905139555,1879.3689210009466,3276.8157996500154,2956.862412265744,562.6313393551995,3322.433510940196,1501.2232071063586,4136.254762691716,2296.1308990949406,2416.37879047907,3039.159555687489,4701.9666305843375,3307.263322464741,989.0835382033767,835.7725256760059,576.455187079311,3285.8364575057726,1658.8088897444436,0.0],
        [1578.0510216798675,0.0,986.5026210676579,2202.3008796212744,2017.7773775759752,1633.2892525130485,1398.3434419006703,1273.1843914510932,2046.7013668907173,1967.0099313994006,2460.2804930616044,2265.742040619393,2431.3228121150587,3596.2386052608476,2042.5756798025368,2983.3084273851605,2355.5529565705556,1710.5519394200032,3085.3599396388936,1861.1138300389719,3098.8654748486474,1245.2233742369062,1856.398150463017,1315.9315202608323,1664.8067365079644,2394.216924545069,689.5388021050662,2885.671961759651,1684.304554069381,3489.536259665682,2568.1840888998554,3519.577626589239,945.8787592625911,1237.1481114343587,2372.8998215892975,1553.967240502057,2941.3985263120826,3739.2547647197284,3481.533335491615,2055.057120315351,1003.0299814019987,3049.673495230796,1815.195612129347,947.0551562450769,3452.5361686374736,1382.8897707830517,1433.5514293282022,3007.5820595022224,293.0162098521017,2978.6093866173715,724.0302982434142,1679.8826616288181,1871.8723665982805,3443.6229947503066,2564.851670996679,2565.8490651954294,2407.211482015904,1900.3477095335807,1993.2263952021076,2400.7380280801394,1578.0510216798675],
        [1966.3414521175075,986.5026210676579,0.0,1523.0315423873442,1053.5494747807566,2578.344327804053,2026.6505877156342,1978.9289967299298,2288.3325962520653,1060.3027894110285,2679.494843332152,1310.0462071314796,1445.1234239722892,2631.6983788558946,2753.528457462807,2054.562694265896,1529.3822164184048,1068.5974799813732,2297.2195642523325,875.8942838808798,2586.8177312428957,1298.080869051212,2706.9046081100523,1620.0496134746293,1280.3172864438018,3116.0639612016466,1571.7008864079864,1900.116189922823,1934.1694685600937,2631.0671243701336,2741.186534422967,2833.47447649349,1376.4185268656604,277.0932639175819,1831.2188625367166,1429.5389514662807,2142.049953687991,3214.80800207677,2582.1492476431804,1070.9913105530095,838.7242107727662,2439.0531915440533,2777.7156027174483,87.93941016188523,2613.6401078145927,1500.0594852297138,1540.5365845351614,2045.2421316031098,740.1714292555787,2183.6384606689585,1238.238411529527,2650.0653005989766,1073.9509065110774,2736.157873754236,1586.8553945737433,2887.5044811681037,2669.9027322632933,2463.267229870096,1329.9182099536504,1988.1815435383762,1966.3414521175075],
        [3484.5796363026857,2202.3008796212744,1523.0315423873442,0.0,1624.5879552736799,3802.6862398433955,2373.56718506812,2455.7129165511856,3808.3815654458836,1869.5204873148382,4193.5062858068,984.9752291546428,1499.6472252823182,2626.496414734389,3028.217939089752,2396.9547456592286,441.0822872085011,493.01904473045784,914.336924902351,1370.2122346791116,1107.4512380599044,2817.7774537153946,3254.320020310529,3140.655928144183,709.0648644032117,3343.2887613246626,2445.0553555191063,1633.3039605748972,1782.104716161185,3113.3791697051497,4247.028946523146,1328.7063968164011,1824.5427914992267,1291.4079467979673,425.06642288964053,2912.576188256625,792.9974104417187,1709.0675967956254,2933.305226632131,1229.8655713487417,1249.8440972081382,3448.0947479406136,3615.32695105914,1610.90649273308,3155.93800034682,1454.3874070784536,3059.2671685597734,2193.308343410549,2091.005161245725,821.5557364792527,1885.0139283950173,3533.7660935681406,494.91122516606066,1244.5396713705723,1295.8885881959839,4409.49897064669,4188.874632672808,3959.5566745624483,209.15391006946913,3265.327032598538,3484.5796363026857],
        [2532.7416857142125,2017.7773775759752,1053.5494747807566,1624.5879552736799,0.0,3529.445539582509,3030.9583638119275,3005.0286803386853,2674.4940846612594,279.0215160629943,2987.2134226881208,768.9487721088174,508.60893386152253,1580.196819560181,3764.190800116947,1016.7972102269047,1339.932397986189,1424.6916566282543,2006.4206829930329,276.9364314967208,2700.4567052776906,1790.8423675004547,3753.6363660150937,2198.270126473818,1836.2684399675964,4124.640638272148,2625.249055932122,979.4843032259544,2793.5004766079314,1656.6957025878194,2996.366792696306,2658.1509312544013,2366.699304668041,881.4935536356168,2044.685386195737,1705.9065798908352,1854.6223443910026,3241.1749624733698,1563.7176978347645,415.5713573514946,1723.2790169418356,1823.8026669294475,3825.9421132385874,1075.2794749523207,1664.0259312045569,2350.7220776283934,1986.2745761544677,992.4397584060544,1743.4981825464295,1897.9472320859854,2261.17563808444,3694.9831796463486,1165.2962470196019,2535.9573946578175,798.0280342071286,3267.3480382882112,3019.886892305835,3099.7339470132224,1530.647752357869,1735.9621760025232,2532.7416857142125],
        [1642.4231437549663,1633.2892525130485,2578.344327804053,3802.6862398433955,3529.445539582509,0.0,2070.413889493387,1875.537859543769,2082.949519238266,3408.6425974036556,2365.5038363870926,3883.9136651086724,3991.759962586206,5062.31632741077,2232.921784912007,4395.66866881284,3985.499187818217,3318.4099161073946,4702.473828078644,3424.103784467351,4591.543925863764,2034.5902058111271,1716.612722472283,1725.899691358664,3192.608605479437,2434.7504821060566,1448.9879244259746,4461.577792750265,2754.7712008096537,4766.363096845054,2516.3134871765524,5093.1976440166545,2152.1695437625544,2846.542608378681,3914.796743313115,2349.336386073877,4562.541014411812,5216.430155420593,4824.340023112436,3642.7149731599334,2558.3608496549323,4019.890180290724,1101.5899968369226,2520.206037767079,4701.482069929317,2672.2703463055195,2024.0806140632594,4482.071749447305,1839.1677008935524,4598.392427919989,1996.6246800096596,975.4680036875906,3502.129309042111,5027.983584746371,4163.283604579177,2251.1275726993276,2255.332357660024,1392.0728578481649,3595.666237796228,3232.812287757421,1642.4231437549663],
        [2856.2474903865304,1398.3434419006703,2026.6505877156342,2373.56718506812,3030.9583638119275,2070.413889493387,0.0,195.63632514699225,3357.636521906055,3082.51328364765,3759.42306594225,2944.5707165700105,3299.822827392064,4554.891545290285,733.4625035035219,4047.754098176156,2727.8273652835474,2014.2059394978016,3257.2786051155135,2793.9477809174277,2803.5493627985165,2640.7159539723502,886.8413043525192,2657.3509879782664,1664.681383471674,1093.8031019672503,812.8303306562173,3670.0140249255737,759.0097474842455,4654.706921400851,3882.9762915798196,3445.378848710151,665.1512206161282,2149.801038435972,2288.305553006297,2952.2534286516225,3156.367133353931,3371.080311883119,4590.9200822805315,2892.680006461104,1339.8631771903476,4385.940429227227,1385.4527554638344,2043.2135972106723,4639.874212872877,923.0117628970909,2816.6331212815267,3989.149007459365,1642.2113538452013,3179.4510637621925,792.2730970054477,1362.7510361290465,2325.637206810657,3416.9834747144996,3303.6523087154974,3804.773357984181,3687.9460793439453,3013.581805480123,2209.736231451984,3783.678711339013,2856.2474903865304],
        [2688.043036139035,1273.1843914510932,1978.9289967299298,2455.7129165511856,3005.0286803386853,1875.537859543769,195.63632514699225,0.0,3192.2341827510686,3039.117541574096,3590.8380101025346,2968.839958412118,3300.072262463691,4548.830543243816,784.5109791354784,4020.352008775675,2790.608844074026,2069.768316780222,3352.223641706825,2778.1554739045073,2946.3269737936103,2505.0884737576425,805.1477611203401,2501.029660936736,1748.1406064767368,1145.5485021033971,645.4575224604854,3686.5375924892,926.6399829063809,4609.7166932339,3716.72964646521,3570.4135545771373,670.6294050432573,2124.583283220692,2400.3444547626605,2823.6339057615664,3244.96657509555,3525.4774431401784,4557.242967286973,2892.9293912551593,1354.010038708307,4295.3346466398725,1228.8373048916494,1987.3174580526133,4589.983900561786,1026.1517068787623,2672.1784705389027,3976.2163267821948,1533.0949349354212,3270.044126986694,744.0996301280961,1193.3066930999573,2369.6642229425306,3536.538442732493,3323.570851278669,3628.132710094452,3516.8067600525355,2829.1373255344083,2282.344610906172,3671.642050956872,2688.043036139035],
        [509.5979604882072,2046.7013668907173,2288.3325962520653,3808.3815654458836,2674.4940846612594,2082.949519238266,3357.636521906055,3192.2341827510686,0.0,2427.443306098418,414.64397251288614,3351.7323006142433,3176.9780496039834,3840.296312712894,3863.5097781644054,3145.8585648975472,3754.9081930458347,3355.1841441680017,4518.834831984599,2743.434112690346,4871.780405702454,990.6746734359025,3484.771337544341,735.2400911266936,3502.925791205198,4167.510833127848,2547.3823253339265,3626.711274133324,3731.003295896404,3242.4593120379764,525.7575484984825,5099.805694754211,2992.2346637884507,2520.4871405588747,4114.9865986978775,969.1376605881304,4360.438337993398,5502.583446823426,3394.8360027450003,2998.8664001493457,2895.157495460224,2230.825088661665,3060.0762538949534,2200.471521982898,3145.7240715611633,3410.2465258153566,749.2934251734923,3350.61107910044,1932.4207689897648,4403.938349886814,2770.226119693123,2906.9953334838283,3340.636088821302,4995.182778844345,3470.011484917358,605.9508133044691,382.4916109223975,774.9323130952771,3618.0019809175574,1452.3605318300495,509.5979604882072],
        [2316.211219392628,1967.0099313994006,1060.3027894110285,1869.5204873148382,279.0215160629943,3408.6425974036556,3082.51328364765,3039.117541574096,2427.443306098418,0.0,2728.0870471214807,1046.965116168339,752.4688587511607,1655.421552930587,3811.877426667156,1016.4742196903405,1607.8855247172064,1624.905554145778,2284.7558938062566,499.3363073500725,2958.063431820886,1580.4029692851404,3760.717461485152,1991.0347281072454,2014.8015403020647,4174.200694893411,2609.5188427664934,1201.1749819976267,2910.836669327377,1572.2154850198813,2732.1197915758344,2934.8866764379227,2425.125129167125,955.2794676118423,2283.9188285368364,1463.178866243339,2132.469720777711,3508.9370827178955,1525.5896129228138,688.7900104766046,1817.3445825978736,1586.6101699632943,3782.07704918427,1059.093023431128,1559.9095156776268,2466.632554046603,1760.7917309500845,1073.4753793936054,1680.5225364316668,2175.88722227579,2297.3844072059283,3645.184812716847,1394.3273746840694,2813.2141483551745,1063.1054478792726,3014.2547799336603,2765.114364679369,2888.8717930461457,1759.74184780481,1457.5726487426932,2316.211219392628],
        [903.1775728658062,2460.2804930616044,2679.494843332152,4193.5062858068,2987.2134226881208,2365.5038363870926,3759.42306594225,3590.8380101025346,414.64397251288614,2728.0870471214807,0.0,3691.685435269292,3480.5268364678077,4045.1834706347263,4246.689796472994,3362.010812201812,4120.806445616284,3748.0208145297056,4879.501984253281,3079.9499661850496,5266.076272191357,1383.3041481843015,3849.787350709958,1149.8714085551715,3908.305985003362,4542.5544470444,2947.443221198903,3915.776552096137,4144.526190398918,3376.8114102460727,151.69312712686585,5472.670651993253,3405.4391134733014,2902.5315110829765,4509.878441360345,1305.836564331388,4721.072523464316,5893.782457874902,3554.7177213892533,3332.8708703161674,3306.1689371589273,2294.8874082743537,3390.1961065464175,2591.9823865618564,3272.0950274676834,3824.876605274804,1140.625046136995,3588.6318700951856,2346.506924717361,4764.826462179792,3183.4112032727294,3240.124164776782,3719.240738289772,5365.449862986266,3785.2302445013224,326.96265472815793,120.2622297503185,981.6060328347583,4006.577765129735,1575.9069399799723,903.1775728658062],
        [3141.1123630951683,2265.742040619393,1310.0462071314796,984.9752291546428,768.9487721088174,3883.9136651086724,2944.5707165700105,2968.839958412118,3351.7323006142433,1046.965116168339,3691.685435269292,0.0,515.3561317518444,1694.2564395177037,3662.7316347264928,1411.984042592083,609.7675399372359,999.5974553082598,1237.838164242693,612.1640782158738,1983.5796406680136,2406.1565129277897,3765.3012231841494,2793.752012716931,1437.5646973020848,4008.554365935278,2743.253592386116,733.7250529142732,2525.7866458415606,2128.554884011028,3714.0826460940825,1889.8843680380528,2298.3431114895707,1037.754995682682,1405.89571440076,2388.708817919108,1085.6738802267487,2491.807107484848,1950.6179789757302,365.4202312123244,1615.0230846401023,2546.682331203649,3973.227055100904,1376.597634488863,2172.7860125921115,2113.421178572595,2626.712607560265,1216.4076001295982,2045.2260806465686,1129.0132844159466,2263.1356479212955,3861.4730822931133,666.6843204587678,1767.2170844670163,363.88586468506253,3954.645838605622,3713.0952045044814,3684.8362141778325,968.5352961819755,2504.537598516232,3141.1123630951683],
        [3041.2748098929055,2431.3228121150587,1445.1234239722892,1499.6472252823182,508.60893386152253,3991.759962586206,3299.822827392064,3300.072262463691,3176.9780496039834,752.4688587511607,3480.5268364678077,515.3561317518444,0.0,1258.5379813940756,4029.7415720573604,898.0700177259798,1117.3056849772468,1461.0582912451155,1651.412672091512,571.2065512341709,2482.8810859246387,2299.2006046063493,4077.7435298505266,2706.082481371599,1900.8655170982836,4383.897944527618,2991.0638073604123,476.8579748165933,2955.4280021454733,1613.8104505272504,3483.3240974526443,2317.2066852568887,2638.105325545959,1214.0116690308319,1921.218670555464,2209.86523339937,1512.6145211700125,2963.011222261171,1442.8185722775966,407.3470468907018,1960.8474606891605,2087.599592518301,4212.750593732971,1487.2665917087027,1657.4620564805136,2526.462781313262,2494.5467570734713,725.3954934916085,2173.6654225487537,1553.1857241546852,2567.314840042832,4089.2798307596754,1140.6031730856214,2190.027149261756,333.18387113927105,3766.107758637593,3517.2853949413907,3607.6567538327467,1470.9684136775827,2152.793649274207,3041.2748098929055],
        [3853.5203236709312,3596.2386052608476,2631.6983788558946,2626.496414734389,1580.196819560181,5062.31632741077,4554.891545290285,4548.830543243816,3840.296312712894,1655.421552930587,4045.1834706347263,1694.2564395177037,1258.5379813940756,0.0,5286.093117822082,698.8448775300174,2192.161198728204,2691.3357152013505,2408.635662178117,1775.360375942838,3419.4490712306265,3156.7817832107203,5316.413272706711,3560.8206092687287,3130.8318184838254,5641.26177116925,4202.345988051314,993.4162571624316,4206.541880622388,925.1770431074166,4002.3595231555328,3017.8583323801467,3891.4753695852282,2435.199155840464,3018.2752714152143,2953.671111512325,2325.3688128959175,3755.9322394638175,647.8538879267596,1663.7823385381878,3217.6077670640384,1996.9371678242546,5406.124187651985,2655.4762378040436,1039.5285523546393,3781.7896961569777,3292.337801141703,588.6880545093383,3317.9683970435995,2352.241609557265,3810.4571898192617,5274.750178230225,2360.0893181499678,2892.247515330705,1341.8451177228837,4364.16468763312,4113.807747071446,4428.464720827851,2650.6629923303235,2491.2725280855957,3853.5203236709312],
        [3354.007217503003,2042.5756798025368,2753.528457462807,3028.217939089752,3764.190800116947,2232.921784912007,733.4625035035219,784.5109791354784,3863.5097781644054,3811.877426667156,4246.689796472994,3662.7316347264928,4029.7415720573604,5286.093117822082,0.0,4780.983192216709,3408.2640037709807,2709.2866242605714,3878.528245362484,3527.278299544676,3294.1368134272525,3252.8592652077778,552.5538445221877,3206.8933979289304,2328.4885281025668,362.6127487882059,1373.6625165736198,4391.86273800205,1271.2566714883399,5383.948461670003,4380.890534996068,3987.209425155376,1398.5581324047896,2882.8800430053348,2883.5858290861,3579.71540226936,3791.3736596089616,3801.6246695342693,5323.357117295757,3622.947230832857,2068.894745501986,5077.992900076451,1245.6689319194447,2766.0163781112824,5367.027600499074,1582.364898683579,3403.671472538876,4721.943606476982,2311.5432666136644,3810.3306060744303,1515.3585998864419,1308.0474641854717,3030.0793691858166,3975.5501248567334,4023.950391985581,4245.838842482285,4162.408769178932,3406.733344924856,2881.195067178042,4443.069437342586,3354.007217503003],
        [3155.082084221763,2983.3084273851605,2054.562694265896,2396.9547456592286,1016.7972102269047,4395.66866881284,4047.754098176156,4020.352008775675,3145.8585648975472,1016.4742196903405,3362.010812201812,1411.984042592083,898.0700177259798,698.8448775300174,4780.983192216709,0.0,2003.0961944384703,2337.136154624375,2434.098629492352,1264.470663953438,3347.9338755008393,2462.844204570944,4761.37231510628,2864.9320488890844,2772.299204448934,5141.420259551306,3619.4848420847375,935.5647186039898,3786.985701297993,717.1926929161059,3325.6050945515058,3091.8240242267543,3383.4183311006122,1898.1837395518432,2817.122008268473,2254.9237767485674,2315.139333338424,3784.3154703493906,557.8852182846376,1240.0681807565863,2734.69316123581,1452.7198976911297,4798.461356935755,2064.1569838766095,770.4498442818109,3347.7480921944343,2594.282499323966,302.4421259065137,2696.9589054646053,2351.1167893263705,3276.272184322564,4661.647522362913,2027.7015858499976,2962.6961165546777,1140.947744833889,3678.1599594772288,3426.926539516798,3729.798845287954,2366.904287125579,1828.7734320351897,3155.082084221763],
        [3481.1256945869973,2355.5529565705556,1529.3822164184048,441.0822872085011,1339.932397986189,3985.499187818217,2727.8273652835474,2790.608844074026,3754.9081930458347,1607.8855247172064,4120.806445616284,609.7675399372359,1117.3056849772468,2192.161198728204,3408.2640037709807,2003.0961944384703,0.0,723.6424991245307,769.7829008715154,1122.3447938882787,1374.6595969114596,2774.9000103144353,3595.323547605999,3131.872441678127,1082.35448159905,3734.106286056184,2698.9711300576027,1198.9573184382027,2186.146435601681,2719.9098123955077,4159.332723164076,1359.1785603159128,2135.062227182735,1261.872433345395,828.9306699199445,2818.1712841616272,613.2462510695215,1901.4478351685218,2526.3330359293163,925.0103002202678,1496.146218001087,3147.8931644936924,3904.247843604918,1612.8453436001944,2770.3129143229503,1825.906173501883,3009.944536578672,1781.0882148915775,2194.7543303900293,655.419817843267,2159.527488560848,3810.882056251045,483.6806616544175,1247.0226465233925,875.9667221577843,4360.752498952475,4128.786066829465,3991.4013406106933,530.5386098552624,3052.5491561808044,3481.1256945869973],
        [3012.341517729639,1710.5519394200032,1068.5974799813732,493.01904473045784,1424.6916566282543,3318.4099161073946,2014.2059394978016,2069.768316780222,3355.1841441680017,1624.905554145778,3748.0208145297056,999.5974553082598,1461.0582912451155,2691.3357152013505,2709.2866242605714,2337.136154624375,723.6424991245307,0.0,1384.9303586806348,1148.694970327964,1518.2455037049394,2365.8723182226354,2874.8825283319657,2671.840006753662,440.4641769629773,3044.5804539678047,1987.53789941927,1729.275784028606,1530.675727373568,3035.8431260588122,3809.2446639630825,1819.8230654682295,1411.5937241079957,870.5376389369578,763.455530868965,2488.268829502932,1249.0456780975408,2147.5142188226096,2892.6781785963467,1098.7347120521713,782.3331275381652,3206.717828217631,3183.571302691732,1156.0400261978048,3060.2116277668993,1133.626129143583,2608.522700127019,2186.2721047525674,1599.2709923277648,1283.0985909631859,1439.8075763403108,3093.0613252903026,333.8036513587501,1737.4327602844326,1361.090962615523,3951.8526314141955,3737.1942346497813,3475.8612746066483,284.11419511111836,2928.7701075361133,3012.341517729639],
        [4250.822641202919,3085.3599396388936,2297.2195642523325,914.336924902351,2006.4206829930329,4702.473828078644,3257.2786051155135,3352.223641706825,4518.834831984599,2284.7558938062566,4879.501984253281,1237.838164242693,1651.412672091512,2408.635662178117,3878.528245362484,2434.098629492352,769.7829008715154,1384.9303586806348,0.0,1832.2251820436895,1047.8287759246969,3542.2134614877855,4143.142506666543,3901.511693876776,1607.066681767976,4174.015829092016,3359.0384971953354,1507.9426448634247,2610.0331071236806,3121.6631002385343,4913.363432645436,666.1774764297128,2734.1679554528064,2031.359613310292,1002.7083985390864,3574.4081657683414,158.45364355216282,1357.9193197502202,2886.3907714350603,1600.1569355941745,2160.2651777354354,3738.9175387347914,4526.374586238566,2381.368318222216,3194.863770608351,2334.3777428756407,3775.9162822060607,2159.261947393357,2944.667613644474,114.92331659318096,2799.325077716119,4446.896915867639,1232.9066653561827,538.6234305868342,1330.1828981345632,5124.78354764397,4890.687323242473,4760.192421403353,1113.8263874376082,3742.3018733107,4250.822641202919],
        [2551.5201591321984,1861.1138300389719,875.8942838808798,1370.2122346791116,276.9364314967208,3424.103784467351,2793.9477809174277,2778.1554739045073,2743.434112690346,499.3363073500725,3079.9499661850496,612.1640782158738,571.2065512341709,1775.360375942838,3527.278299544676,1264.470663953438,1122.3447938882787,1148.694970327964,1832.2251820436895,0.0,2460.534461240959,1811.2334081748113,3541.124476935456,2207.442946228055,1559.4187117327033,3886.0093968876704,2434.0539182440143,1037.5078948402493,2527.7699471694464,1924.9335321270273,3101.9332978731254,2468.101297155631,2128.8017944003827,660.0475272452087,1785.5442447694368,1778.1908544058697,1676.1819415747934,3018.9670340551766,1818.6933393085476,256.2893252755353,1471.1233826971147,2081.904728260662,3650.0431915357303,916.1279381132879,1936.2813693417313,2086.4333904571386,2025.4190438430885,1198.139637605376,1602.490260384958,1720.1143114680478,2037.0887710572806,3524.3367943558355,898.474689697361,2349.7008788075254,765.6659871223565,3345.098105203978,3102.533670036104,3105.526133765131,1264.4061353688624,1930.2046804870254,2551.5201591321984],
        [4515.170640819132,3098.8654748486474,2586.8177312428957,1107.4512380599044,2700.4567052776906,4591.543925863764,2803.5493627985165,2946.3269737936103,4871.780405702454,2958.063431820886,5266.076272191357,1983.5796406680136,2482.8810859246387,3419.4490712306265,3294.1368134272525,3347.9338755008393,1374.6595969114596,1518.2455037049394,1047.8287759246969,2460.534461240959,0.0,3883.4592472923073,3667.5238570375222,4179.65532566838,1434.1567502893995,3533.9391004661015,3152.4371741291056,2466.479932890734,2059.7447684166596,4058.6716910439295,5327.314738951881,746.5739999498642,2454.4365426746476,2378.564233024045,756.8817708847997,4002.358305787816,1099.664431876735,641.6294157747105,3844.5218812921376,2290.3831878658193,2095.9448700623384,4518.90344522715,4174.439514753806,2674.1864916140307,4118.38219884661,1952.0753068386707,4126.181515079451,3100.05237540722,3053.456818850594,1078.1990152886422,2595.0939212245016,4127.838463899812,1602.3447536211015,787.067775478099,2207.034372562139,5466.118546393377,5254.048988231213,4952.546990842612,1270.186144919128,4371.125588727921,4515.170640819132],
        [742.747115222699,1245.2233742369062,1298.080869051212,2817.7774537153946,1790.8423675004547,2034.5902058111271,2640.7159539723502,2505.0884737576425,990.6746734359025,1580.4029692851404,1383.3041481843015,2406.1565129277897,2299.2006046063493,3156.7817832107203,3252.8592652077778,2462.844204570944,2774.9000103144353,2365.8723182226354,3542.2134614877855,1811.2334081748113,3883.4592472923073,0.0,2981.9436382248678,410.8144777207252,2530.977284763617,3591.98650210959,1879.420644399642,2768.7239726440625,2880.8860403889375,2749.6600229226046,1453.0295535247242,4113.180245447121,2161.170723329335,1531.1831258441173,3126.992108517786,341.8315686362964,3384.142544007893,4512.821434128643,2832.842469656198,2067.048068103799,1949.8071953282993,2006.0089802209445,2735.2876900870656,1210.3010956653018,2678.0874727644227,2517.389260982368,242.74814082194501,2608.734291493235,1046.8039759063786,3427.3144459404566,1945.3870595124426,2580.1825222071966,2352.1372900145802,4010.2172792897836,2564.84662913238,1592.6029599189883,1371.8682466440775,1309.7796497544107,2627.443758821749,1252.1185429561788,742.747115222699],
        [2977.6788286086953,1856.398150463017,2706.9046081100523,3254.320020310529,3753.6363660150937,1716.612722472283,886.8413043525192,805.1477611203401,3484.771337544341,3760.717461485152,3849.787350709958,3765.3012231841494,4077.7435298505266,5316.413272706711,552.5538445221877,4761.37231510628,3595.323547605999,2874.8825283319657,4143.142506666543,3541.124476935456,3667.5238570375222,2981.9436382248678,0.0,2875.2418212808416,2545.410419059534,720.5330991511092,1169.3775704443738,4476.891744037523,1607.7796897798646,5318.477030326308,3990.0498164694654,4325.500254422935,1471.7601465794005,2881.7408017514467,3174.595394124537,3319.9854209297846,4040.3389478046797,4213.101096020961,5286.175606785409,3672.0881735025646,2151.15008072929,4898.409698678756,693.3808724059807,2701.7111439591185,5289.407533204306,1808.865624702618,3102.900621229134,4737.176483057745,2145.866005301985,4064.1161462836353,1510.9604506162323,764.2178021167775,3173.888461503082,4300.207810871076,4116.849355847672,3819.148075272824,3757.7370236541237,2963.368528911337,3084.663507320661,4213.495262411996,2977.6788286086953],
        [349.65093502033267,1315.9315202608323,1620.0496134746293,3140.655928144183,2198.270126473818,1725.899691358664,2657.3509879782664,2501.029660936736,735.2400911266936,1991.0347281072454,1149.8714085551715,2793.752012716931,2706.082481371599,3560.8206092687287,3206.8933979289304,2864.9320488890844,3131.872441678127,2671.840006753662,3901.511693876776,2207.442946228055,4179.65532566838,410.8144777207252,2875.2418212808416,0.0,2788.8530398409303,3528.1899959411367,1856.6603706406906,3177.0798670249496,2999.2482053121767,3120.453751650847,1252.8001921114876,4453.144961380566,2261.7339882844963,1873.3973331913899,3423.5490713183085,645.8442275384136,3744.276068098067,4815.788093147341,3217.8027797948325,2462.0986225821357,2168.452941497388,2296.943770601042,2542.0268969593303,1532.756588100382,3042.8865106681374,2675.0070029475764,301.8785443715447,3017.0641014355792,1198.5128587626125,3786.9108018919032,2039.953822605769,2385.656971878769,2691.71128871163,4354.519247990011,2966.065307680217,1295.581626139654,1107.7310275002867,901.6027868654321,2943.309183646042,1506.92886773161,349.65093502033267],
        [3113.952813754067,1664.8067365079644,1280.3172864438018,709.0648644032117,1836.2684399675964,3192.608605479437,1664.681383471674,1748.1406064767368,3502.925791205198,2014.8015403020647,3908.305985003362,1437.5646973020848,1900.8655170982836,3130.8318184838254,2328.4885281025668,2772.299204448934,1082.35448159905,440.4641769629773,1607.066681767976,1559.4187117327033,1434.1567502893995,2530.977284763617,2545.410419059534,2788.8530398409303,0.0,2651.869891457274,1785.627852007905,2163.6521349614445,1109.2206563024788,3466.1628107956512,3983.811901348095,1904.9286753027009,1130.536273962375,1157.1822947874084,722.2449247072515,2702.0557116566333,1496.8747104849401,2074.9950465978004,3328.8693711839883,1532.3173232226688,661.80538129549,3579.4328924333677,2922.3101790391597,1360.312744580196,3486.825552814045,748.1538950429294,2771.6410749382244,2626.216991505066,1629.1651911768622,1522.394616542098,1218.543461348512,2847.6934622734543,770.9332415088643,1848.0301795545697,1797.1089009202008,4083.9444759113476,3884.616935717062,3528.1267195723885,553.019035156575,3238.4139941470376,3113.952813754067],
        [3658.1960900722956,2394.216924545069,3116.0639612016466,3343.2887613246626,4124.640638272148,2434.7504821060566,1093.8031019672503,1145.5485021033971,4167.510833127848,4174.200694893411,4542.5544470444,4008.554365935278,4383.897944527618,5641.26177116925,362.6127487882059,5141.420259551306,3734.106286056184,3044.5804539678047,4174.015829092016,3886.0093968876704,3533.9391004661015,3591.98650210959,720.5330991511092,3528.1899959411367,2651.869891457274,0.0,1717.0229767502408,4739.530040374726,1566.3208843412547,5746.327260110548,4679.898043733571,4244.819749999072,1758.130779332466,3243.582072589432,3173.306104092724,3922.110502035802,4093.7935563432547,4009.2326165280665,5684.662738663475,3977.5861906837818,2423.6974605891205,5435.37807975695,1374.5055241481105,3128.614400828717,5729.602659998233,1912.0582602892687,3735.17962398759,5079.344948057999,2667.001729613131,4110.698871862492,1877.9358385236146,1470.0735575659512,3369.1239324017447,4241.036025225924,4370.821355521809,4525.277098140735,4454.183546224091,3674.7059412116714,3204.701371550389,4792.719543508186,3658.1960900722956],
        [2044.3223778183394,689.5388021050662,1571.7008864079864,2445.0553555191063,2625.249055932122,1448.9879244259746,812.8303306562173,645.4575224604854,2547.3823253339265,2609.5188427664934,2947.443221198903,2743.253592386116,2991.0638073604123,4202.345988051314,1373.6625165736198,3619.4848420847375,2698.9711300576027,1987.53789941927,3359.0384971953354,2434.0539182440143,3152.4371741291056,1879.420644399642,1169.3775704443738,1856.6603706406906,1785.627852007905,1717.0229767502408,0.0,3419.8806685748814,1347.203498675446,4156.460749664598,3072.219815011856,3688.903436256225,703.4184405848579,1777.5000475268048,2501.371106173189,2206.324190504415,3231.109299917903,3771.9374193738536,4133.904571242115,2594.0815598395625,1205.3328335301194,3738.5793076342648,1230.1226312436092,1555.6198845911747,4124.489727472416,1223.3227328449202,2035.7868168059204,3616.682889799952,976.8677866726074,3262.8330893440884,567.170312972936,1120.5360293040578,2231.731889722537,3633.6564006316726,3074.937026850537,2992.9956266588715,2875.225802348342,2213.1122408680208,2246.449787582563,3077.1971245560003,2044.3223778183394],
        [3509.503335018156,2885.671961759651,1900.116189922823,1633.3039605748972,979.4843032259544,4461.577792750265,3670.0140249255737,3686.5375924892,3626.711274133324,1201.1749819976267,3915.776552096137,733.7250529142732,476.8579748165933,993.4162571624316,4391.86273800205,935.5647186039898,1198.9573184382027,1729.275784028606,1507.9426448634247,1037.5078948402493,2466.479932890734,2768.7239726440625,4476.891744037523,3177.0798670249496,2163.6521349614445,4739.530040374726,3419.8806685748814,0.0,3258.3251116923493,1613.7559311182229,3910.20233384281,2159.824073529432,3017.5651492147563,1654.0387532365426,2026.1542624549095,2664.254119409363,1398.4154976754376,2864.4044371172454,1383.0770310104508,831.435632519794,2333.738608253751,2328.109110702409,4647.530804217279,1948.2120220342224,1687.8437797924755,2847.1331143150355,2958.625380503621,651.8107165994157,2635.65230756469,1431.7097891929295,2967.757251443189,4528.376594064308,1395.4723842553815,2030.768654587706,369.84606849590085,4208.748352416151,3958.290274269817,4078.262227683383,1664.4705604670457,2520.116858564211,3509.503335018156],
        [3257.513405121584,1684.304554069381,1934.1694685600937,1782.104716161185,2793.5004766079314,2754.7712008096537,759.0097474842455,926.6399829063809,3731.003295896404,2910.836669327377,4144.526190398918,2525.7866458415606,2955.4280021454733,4206.541880622388,1271.2566714883399,3786.985701297993,2186.146435601681,1530.675727373568,2610.0331071236806,2527.7699471694464,2059.7447684166596,2880.8860403889375,1607.7796897798646,2999.2482053121767,1109.2206563024788,1566.3208843412547,1347.203498675446,3258.3251116923493,0.0,4450.196164739588,4251.981799205655,2727.8852257634753,739.7508548139921,1958.6652449998392,1612.6506095060183,3147.632055063024,2527.6031768574726,2614.7541735982977,4343.901939926196,2562.3412832803856,1102.3975624423217,4373.218950086383,2144.4541210520406,1981.6300001265276,4454.796819296359,444.2554602654834,3092.8137145820465,3675.73225337061,1834.5336849054593,2544.8864051229743,961.6088072944066,2118.3385126391913,1863.949473934808,2710.4085218502487,2889.095411608697,4241.015797583802,4090.0064181653297,3518.3703066991743,1655.7955574725866,3878.5598683472604,3257.513405121584],
        [3361.5379707320867,3489.536259665682,2631.0671243701336,3113.3791697051497,1656.6957025878194,4766.363096845054,4654.706921400851,4609.7166932339,3242.4593120379764,1572.2154850198813,3376.8114102460727,2128.554884011028,1613.8104505272504,925.1770431074166,5383.948461670003,717.1926929161059,2719.9098123955077,3035.8431260588122,3121.6631002385343,1924.9335321270273,4058.6716910439295,2749.6600229226046,5318.477030326308,3120.453751650847,3466.1628107956512,5746.327260110548,4156.460749664598,1613.7559311182229,4450.196164739588,0.0,3309.83740197361,3770.1949109321736,3996.4365455006905,2517.028087533274,3534.0906653476763,2476.6513280621293,3010.3709414990067,4477.938680959927,277.8841438398509,1937.4749707499607,3373.8531816016903,1153.2444344467324,5288.229590865563,2624.1261366193244,120.61290367330166,4007.323106509873,2825.9330006507553,963.6586374398323,3196.84999070378,3044.555098403452,3869.0787644655557,5144.156166471391,2734.06082822141,3641.3861759153074,1853.7990978130065,3703.293085799729,3461.4730013205567,3916.5683829662207,3078.7309973053257,1803.5558434134045,3361.5379707320867],
        [1029.7361447596313,2568.1840888998554,2741.186534422967,4247.028946523146,2996.366792696306,2516.3134871765524,3882.9762915798196,3716.72964646521,525.7575484984825,2732.1197915758344,151.69312712686585,3714.0826460940825,3483.3240974526443,4002.3595231555328,4380.890534996068,3325.6050945515058,4159.332723164076,3809.2446639630825,4913.363432645436,3101.9332978731254,5327.314738951881,1453.0295535247242,3990.0498164694654,1252.8001921114876,3983.811901348095,4679.898043733571,3072.219815011856,3910.20233384281,4251.981799205655,3309.83740197361,0.0,5514.878538539153,3514.0586225472916,2955.756537777578,4572.326997904508,1341.4864540883436,4755.093571263049,5951.514241582369,3496.184654494396,3352.642540287987,3391.7577640913287,2210.0601278107238,3537.2168972657028,2654.24138103385,3202.7450135488416,3923.9586970708647,1212.26262321089,3560.6031148788325,2442.1667294045283,4798.9718461894945,3292.156669455033,3386.657251783246,3767.9878817708864,5405.76548267204,3793.386130985257,424.77519051879034,269.122797977194,1133.288926951007,4063.422252972501,1518.2049191896938,1029.7361447596313],
        [4799.815927993065,3519.577626589239,2833.47447649349,1328.7063968164011,2658.1509312544013,5093.1976440166545,3445.378848710151,3570.4135545771373,5099.805694754211,2934.8866764379227,5472.670651993253,1889.8843680380528,2317.2066852568887,3017.8583323801467,3987.209425155376,3091.8240242267543,1359.1785603159128,1819.8230654682295,666.1774764297128,2468.101297155631,746.5739999498642,4113.180245447121,4325.500254422935,4453.144961380566,1904.9286753027009,4244.819749999072,3688.903436256225,2159.824073529432,2727.8852257634753,3770.1949109321736,5514.878538539153,0.0,3014.9800015019887,2583.343003223455,1188.3875582897049,4173.398150149343,807.5384835401194,752.5532030244352,3527.7943913160157,2246.684919779095,2537.8530729218837,4404.8020305741875,4786.469589776422,2920.5172812070086,3847.297924504817,2548.421824296024,4351.66951600056,2811.415326759832,3419.0698998828466,765.5747244039625,3121.824760050685,4725.410279840477,1762.3381308110063,129.12796584563216,1996.2760788527212,5704.608564153619,5476.659388655458,5285.12275907465,1536.093208460293,4391.319150430822,4799.815927993065],
        [2517.7924210929937,945.8787592625911,1376.4185268656604,1824.5427914992267,2366.699304668041,2152.1695437625544,665.1512206161282,670.6294050432573,2992.2346637884507,2425.125129167125,3405.4391134733014,2298.3431114895707,2638.105325545959,3891.4753695852282,1398.5581324047896,3383.4183311006122,2135.062227182735,1411.5937241079957,2734.1679554528064,2128.8017944003827,2454.4365426746476,2161.170723329335,1471.7601465794005,2261.7339882844963,1130.536273962375,1758.130779332466,703.4184405848579,3017.5651492147563,739.7508548139921,3996.4365455006905,3514.0586225472916,3014.9800015019887,0.0,1486.1216438708934,1827.4288632434238,2443.2918738931608,2617.5341875970985,3070.129851266227,3927.943613951655,2230.769320077746,683.9763612439298,3776.9301556372147,1792.3803331217882,1400.9456467117516,3984.514813688996,521.4073512236664,2365.7275016201716,3324.3238277706564,1116.4296250918483,2645.4954585754617,222.02841321582812,1717.610671093438,1703.0525325924248,2967.3769827036463,2653.7293972146003,3501.8497008427635,3350.324589198546,2790.5417037773873,1639.995819957944,3220.312905933304,2517.7924210929937],
        [2221.8949688284056,1237.1481114343587,277.0932639175819,1291.4079467979673,881.4935536356168,2846.542608378681,2149.801038435972,2124.583283220692,2520.4871405588747,955.2794676118423,2902.5315110829765,1037.754995682682,1214.0116690308319,2435.199155840464,2882.8800430053348,1898.1837395518432,1261.872433345395,870.5376389369578,2031.359613310292,660.0475272452087,2378.564233024045,1531.1831258441173,2881.7408017514467,1873.3973331913899,1157.1822947874084,3243.582072589432,1777.5000475268048,1654.0387532365426,1958.6652449998392,2517.028087533274,2955.756537777578,2583.343003223455,1486.1216438708934,0.0,1630.0059812377401,1624.1935320963842,1875.118611378652,2996.884948422203,2441.887678961119,822.8149196797548,862.0938983085294,2449.2427531978037,2999.0657417274556,354.3816439728374,2511.53103344101,1515.0239057514088,1771.259816779086,1855.670921118596,1007.545009135022,1917.2126139272289,1381.369408423479,2876.841647455729,821.2445458745666,2482.433270471,1327.7207307964336,3123.7297677674974,2899.81971442309,2729.9081247648674,1109.5868460480174,2082.3261624893403,2221.8949688284056],
        [3760.128310378763,2372.8998215892975,1831.2188625367166,425.06642288964053,2044.685386195737,3914.796743313115,2288.305553006297,2400.3444547626605,4114.9865986978775,2283.9188285368364,4509.878441360345,1405.89571440076,1921.218670555464,3018.2752714152143,2883.5858290861,2817.122008268473,828.9306699199445,763.455530868965,1002.7083985390864,1785.5442447694368,756.8817708847997,3126.992108517786,3174.595394124537,3423.5490713183085,722.2449247072515,3173.306104092724,2501.371106173189,2026.1542624549095,1612.6506095060183,3534.0906653476763,4572.326997904508,1188.3875582897049,1827.4288632434238,1630.0059812377401,0.0,3251.217353697389,938.2686124618725,1392.7873964706166,3349.186088721025,1653.9246727502389,1373.7433331652294,3866.6472796762628,3606.1374491836636,1918.3817150274979,3578.4554825447685,1374.2155560056858,3369.7332885545134,2606.1569498758936,2308.7324341267436,948.7582605307031,1934.5617789487844,3540.9953417004376,892.4343654401521,1141.0106147406598,1703.0984588212002,4709.271312339666,4497.288947432521,4204.781354112865,534.5936408526072,3657.763940284206,3760.128310378763],
