{
    "drone_dist": [
        [0.0,28.656711979382635,32.82298151726301,9.02368846750202,32.51945413204569,11.006262564676206,27.934828033565356,28.975583771495838,14.30562532059334,14.768542843439619,26.125363509914347,11.222947699521146,23.203879271881252,31.36253337566662,31.70487910333903,17.170432221815314,16.850910915229417,11.449120924805003,12.360511201974232,17.898279630393017,23.19052302353818,21.92911973206561,9.9080626853141,11.980158869227663,27.21745703430633,21.13801317554787,8.829086826468732,16.60705448577972,25.53225298127679,19.893077364195097,0.0],
        [28.656711979382635,0.0,55.91988024859036,30.15037797206051,60.11749900729037,39.03197816709458,53.92367842454821,56.64545700787738,34.93227384465514,42.718148057136844,13.918315488748387,29.831463430076564,37.69768561449589,49.5468115428972,45.126030182126236,11.595656125600888,45.38069635728238,20.192720918211577,34.04533603392138,45.52284068240899,47.53467810896279,12.289766175244534,29.52805955112929,18.697001001299,22.450015036941114,33.87906639083278,37.21058175818959,34.73501421223822,54.03949146687863,11.525405431161118,28.656711979382635],
        [32.82298151726301,55.91988024859036,0.0,40.03205204178884,15.720354837386232,31.250616425598785,8.809032295884576,15.405880003010054,42.749544166425025,31.32734754589989,45.942504414209765,26.27502131241167,20.430631318410423,11.002196551092736,18.969245807253944,46.556049020065274,27.868462743231632,43.96968304152491,22.327505326677553,32.795751358145765,9.674960230664766,44.51305566031984,26.83581892931194,37.635108323482456,40.18877961889954,23.84088854939241,25.852325938453927,21.238538030495253,21.414576314902995,44.47165490171683,32.82298151726301],
        [9.02368846750202,30.15037797206051,40.03205204178884,0.0,36.69090992287888,11.092970840759648,33.885035008058935,33.23209195786773,5.875513841284943,14.042692061803379,31.58166290155356,20.231917966973807,32.216395078545496,39.876770735298045,40.670884452034706,18.91828416849021,17.74245014446974,9.967527544775509,21.18480819699102,16.197719381287847,30.38930347866381,26.93904715101205,18.91974975896535,17.98313805661123,34.45690586366634,30.137768851672487,14.22805245267582,25.583078015889686,28.21340074362895,24.342375417754806,9.02368846750202],
        [32.51945413204569,60.11749900729037,15.720354837386232,36.69090992287888,0.0,25.809806538748557,8.631372677153545,3.544854163456101,37.235110212700484,24.002871697139195,53.14202063377555,31.285249576820853,31.322227981304277,25.701953410202897,33.072193136989824,49.17963152355418,19.86967239258659,43.76664510738376,27.049531020376325,23.935119112871377,15.464993919061964,50.455126324435135,31.170712429555138,41.530243154944486,49.413669512616956,33.65086542276844,23.736528399931586,28.74425479165364,9.513501611676416,49.52372332432238,32.51945413204569],
        [11.006262564676206,39.03197816709458,31.250616425598785,11.092970840759648,25.809806538748557,0.0,24.033190586561673,22.424480586834502,11.74853057688396,3.7690750007073164,37.088032145497266,19.05366015846516,28.917598510951713,33.54154091750536,36.354406923993196,27.436433981595645,6.72394350920031,19.753815496949677,17.622820704963875,6.908924688257878,22.05231674146183,32.934687207599076,17.906046996280693,22.975789637119522,37.51672848518561,28.116841423608875,6.974078905119212,22.347298016295817,17.12837289377158,30.873976070823897,11.006262564676206],
        [27.934828033565356,53.92367842454821,8.809032295884576,33.885035008058935,8.631372677153545,24.033190586561673,0.0,7.057139127638914,35.76868514638181,23.483445077343625,45.781750380660355,24.30404445188492,22.82563424621983,17.386699049487284,24.517887800887973,43.53764116329662,19.730584969705536,39.38147882271545,20.011565848637588,24.567150904415882,7.135273928322307,43.499173402707136,24.439525420892927,35.23016215521425,41.42926402426142,25.3621579460081,19.792403703656593,20.882417682358525,12.610061588765543,42.88666331962601,27.934828033565356],
        [28.975583771495838,56.64545700787738,15.405880003010054,33.23209195786773,3.544854163456101,22.424480586834502,7.057139127638914,0.0,33.95206818338523,20.80485403636191,49.911705815289366,28.015054973195863,28.87038630063415,24.428482144736478,31.398209597125753,45.665137779508306,16.694384697023654,40.22408811638944,23.821681620834216,20.99160072524893,13.062513337543393,47.12174720109253,27.843131865481787,38.09401231279138,46.450611524024254,30.95470456628471,20.191891681006904,25.804550995797932,6.936032756897154,46.12755496141298,28.975583771495838],
        [14.30562532059334,34.93227384465514,42.749544166425025,5.875513841284943,37.235110212700484,11.74853057688396,35.76868514638181,33.95206818338523,0.0,13.299469228242968,37.335331394576386,25.457598694487483,37.14920053385656,43.863885596490526,45.39102812026062,24.11421108542171,17.420580866260515,14.920567185320172,25.82933854124699,14.34219363570043,33.31582336133045,32.65788821912136,24.142776945446972,23.851944292383745,40.331084097777975,35.360088519668565,17.157491129575515,30.430490677559185,28.11557179106662,29.998628587959786,14.30562532059334],
        [14.768542843439619,42.718148057136844,31.32734754589989,14.042692061803379,24.002871697139195,3.7690750007073164,23.483445077343625,20.80485403636191,13.299469228242968,0.0,40.82155027488649,22.235808498463285,31.339170933621325,34.82110193940879,38.33254109293246,31.126678410690335,4.135449480179738,23.22384856384038,20.338028336326666,3.2425763185265684,22.64651077231146,36.69327965051774,21.156865458774277,26.728256848405028,41.04829516851617,30.88440982239822,9.554222714760241,24.960472052061885,14.816221202358989,34.642668477141996,14.768542843439619],
        [26.125363509914347,13.918315488748387,45.942504414209765,31.58166290155356,53.14202063377555,37.088032145497266,45.781750380660355,49.911705815289366,37.335331394576386,40.82155027488649,0.0,21.90799377147098,26.14296483067682,38.00979961319415,32.53121182685225,15.01799817906056,42.34766355545942,23.257985378062376,26.09666483776768,43.99633790412444,38.82027713856517,4.742510926080291,22.203506931593544,14.167826053609517,8.56345543718666,22.387407771316813,32.9343443133275,25.06461927507147,48.917405220089776,7.595613207658927,26.125363509914347],
        [11.222947699521146,29.831463430076564,26.27502131241167,20.231917966973807,31.285249576820853,19.05366015846516,24.30404445188492,28.015054973195863,25.457598694487483,22.235808498463285,21.90799377147098,0.0,12.178152199495756,21.87497440203537,20.84222659077633,20.34810808001514,22.387995468046604,19.516133195456124,4.294825677161881,25.43530596038239,17.714911150484326,19.231642112590475,1.316127952510165,11.360228472468572,19.563170169181674,9.916332286987206,12.850560927202958,6.0622684136803375,27.269904256688662,18.60622786471314,11.222947699521146],
        [23.203879271881252,37.69768561449589,20.430631318410423,32.216395078545496,31.322227981304277,28.917598510951713,22.82563424621983,28.87038630063415,37.14920053385656,31.339170933621325,26.14296483067682,12.178152199495756,0.0,11.924534232968906,8.707696546162527,30.446208702362913,30.116908598517732,31.40125660935551,11.45281008881148,34.244935075167646,15.868469719902166,25.577097499287436,13.440809612545433,21.406916185061267,19.789547883134617,3.828274260922726,21.970873924481094,6.734660761129469,30.99395897273195,26.25240590238887,23.203879271881252],
        [31.36253337566662,49.5468115428972,11.002196551092736,39.876770735298045,25.701953410202897,33.54154091750536,17.386699049487284,24.428482144736478,43.863885596490526,34.82110193940879,38.00979961319415,21.87497440203537,11.924534232968906,0.0,8.002802191971975,41.69914640489367,32.275752814154025,41.27719084925907,19.115530743986188,37.08836576382167,12.943450322988923,37.48517888954088,22.873085980876777,32.548184838598566,31.20143300074071,15.747287465099953,26.902406480168352,15.853557280417514,29.005367425766785,38.05547546332879,31.36253337566662],
        [31.70487910333903,45.126030182126236,18.969245807253944,40.670884452034706,33.072193136989824,36.354406923993196,24.517887800887973,31.398209597125753,45.39102812026062,38.33254109293246,32.53121182685225,20.84222659077633,8.707696546162527,8.002802191971975,0.0,38.767452862884824,36.47911048060266,40.10311240772751,19.56619703743336,40.993392640332075,18.80400433251454,32.84212104615329,22.0807941569836,29.8689243504048,24.92973256493111,11.940582603320838,29.397237070949597,15.09782862682671,35.12322393935209,33.934457352466424,31.70487910333903],
        [17.170432221815314,11.595656125600888,46.556049020065274,18.91828416849021,49.17963152355418,27.436433981595645,43.53764116329662,45.665137779508306,24.11421108542171,31.126678410690335,15.01799817906056,20.34810808001514,30.446208702362913,41.69914640489367,38.767452862884824,0.0,33.803688504841524,9.206590646017903,24.239557849052726,33.95502214178421,37.58656591791546,10.461379472540775,19.720406896284054,9.153728917961553,21.271610385102644,26.86057051188478,25.865703048580738,26.012007821604445,42.67210712943057,7.602328366194709,17.170432221815314],
        [16.850910915229417,45.38069635728238,27.868462743231632,17.74245014446974,19.86967239258659,6.72394350920031,19.730584969705536,16.694384697023654,17.420580866260515,4.135449480179738,42.34766355545942,22.387995468046604,30.116908598517732,32.275752814154025,36.47911048060266,33.803688504841524,0.0,26.424219168679603,19.7777284909902,4.944141663217677,19.675360982590274,38.462155032067415,21.47045837693273,28.5047888714769,41.753005187783955,30.16391001428643,9.632498424837742,24.120356238750226,10.710069462730708,36.62713453872606,16.850910915229417],
        [11.449120924805003,20.192720918211577,43.96968304152491,9.967527544775509,43.76664510738376,19.753815496949677,39.38147882271545,40.22408811638944,14.920567185320172,23.22384856384038,23.257985378062376,19.516133195456124,31.40125660935551,41.27719084925907,40.10311240772751,9.206590646017903,26.424219168679603,0.0,22.30858351898219,25.76624797259697,34.429325870891,18.51597771403535,18.429910960579026,11.774941030590838,27.868161201388112,28.40376969806409,20.04542127809414,25.572654331200063,36.20992419491036,15.686961756116387,11.449120924805003],
        [12.360511201974232,34.04533603392138,22.327505326677553,21.18480819699102,27.049531020376325,17.622820704963875,20.011565848637588,23.821681620834216,25.82933854124699,20.338028336326666,26.09666483776768,4.294825677161881,11.45281008881148,19.115530743986188,19.56619703743336,24.239557849052726,19.7777284909902,22.30858351898219,0.0,23.404535662912046,13.494147055684781,23.521633697523413,4.549736529562056,15.447888889086304,23.141815554231016,10.54685036670788,10.797355763924275,4.752210052402707,23.478590132824753,22.884665191365272,12.360511201974232],
        [17.898279630393017,45.52284068240899,32.795751358145765,16.197719381287847,23.935119112871377,6.908924688257878,24.567150904415882,20.99160072524893,14.34219363570043,3.2425763185265684,43.99633790412444,25.43530596038239,34.244935075167646,37.08836576382167,40.993392640332075,33.95502214178421,4.944141663217677,25.76624797259697,23.404535662912046,0.0,24.585840303242644,39.825299193072695,24.37196297292083,29.875924784493087,44.29085554690386,33.938329810157384,12.675402765724465,27.96991146213523,14.46002732017225,37.72462605441742,17.898279630393017],
        [23.19052302353818,47.53467810896279,9.674960230664766,30.38930347866381,15.464993919061964,22.05231674146183,7.135273928322307,13.062513337543393,33.31582336133045,22.64651077231146,38.82027713856517,17.714911150484326,15.868469719902166,12.943450322988923,18.80400433251454,37.58656591791546,19.675360982590274,34.429325870891,13.494147055684781,24.585840303242644,0.0,36.73458660217126,18.033069201390802,28.93210649321695,34.298920716378035,18.249013862643483,16.26639907324405,13.812961579351283,16.342098229951027,36.30191122657762,23.19052302353818],
        [21.92911973206561,12.289766175244534,44.51305566031984,26.93904715101205,50.455126324435135,32.934687207599076,43.499173402707136,47.12174720109253,32.65788821912136,36.69327965051774,4.742510926080291,19.231642112590475,25.577097499287436,37.48517888954088,32.84212104615329,10.461379472540775,38.462155032067415,18.51597771403535,23.521633697523413,39.825299193072695,36.73458660217126,0.0,19.284837472410896,9.978218535291946,11.312185187917166,21.748831192664863,29.243803797118627,23.300380834528198,45.61056335382879,2.892279057324222,21.92911973206561],
        [9.9080626853141,29.52805955112929,26.83581892931194,18.91974975896535,31.170712429555138,17.906046996280693,24.439525420892927,27.843131865481787,24.142776945446972,21.156865458774277,22.203506931593544,1.316127952510165,13.440809612545433,22.873085980876777,22.0807941569836,19.720406896284054,21.47045837693273,18.429910960579026,4.549736529562056,24.37196297292083,18.033069201390802,19.284837472410896,0.0,10.90054240692068,20.333037626125734,11.232252744879363,11.872845851841145,7.1674234273966935,26.779313448057792,18.46445774583998,9.9080626853141],
        [11.980158869227663,18.697001001299,37.635108323482456,17.98313805661123,41.530243154944486,22.975789637119522,35.23016215521425,38.09401231279138,23.851944292383745,26.728256848405028,14.167826053609517,11.360228472468572,21.406916185061267,32.548184838598566,29.8689243504048,9.153728917961553,28.5047888714769,11.774941030590838,15.447888889086304,29.875924784493087,28.93210649321695,9.978218535291946,10.90054240692068,0.0,16.58805871351255,17.928344842998925,19.411097295040104,16.87444007198047,36.01591030467604,8.225027507484025,11.980158869227663],
        [27.21745703430633,22.450015036941114,40.18877961889954,34.45690586366634,49.413669512616956,37.51672848518561,41.42926402426142,46.450611524024254,40.331084097777975,41.04829516851617,8.56345543718666,19.563170169181674,19.789547883134617,31.20143300074071,24.92973256493111,21.271610385102644,41.753005187783955,27.868161201388112,23.141815554231016,44.29085554690386,34.298920716378035,11.312185187917166,20.333037626125734,16.58805871351255,0.0,16.39457849609514,32.121995257189596,20.669836878457406,46.62038469401681,13.848444876875838,27.21745703430633],
        [21.13801317554787,33.87906639083278,23.84088854939241,30.137768851672487,33.65086542276844,28.116841423608875,25.3621579460081,30.95470456628471,35.360088519668565,30.88440982239822,22.387407771316813,9.916332286987206,3.828274260922726,15.747287465099953,11.940582603320838,26.86057051188478,30.16391001428643,28.40376969806409,10.54685036670788,33.938329810157384,18.249013862643483,21.748831192664863,11.232252744879363,17.928344842998925,16.39457849609514,0.0,21.342830645326966,6.054181116948769,32.33238471988839,22.451432072176203,21.13801317554787],
        [8.829086826468732,37.21058175818959,25.852325938453927,14.22805245267582,23.736528399931586,6.974078905119212,19.792403703656593,20.191891681006904,17.157491129575515,9.554222714760241,32.9343443133275,12.850560927202958,21.970873924481094,26.902406480168352,29.397237070949597,25.865703048580738,9.632498424837742,20.04542127809414,10.797355763924275,12.675402765724465,16.26639907324405,29.243803797118627,11.872845851841145,19.411097295040104,32.121995257189596,21.342830645326966,0.0,15.465696935960567,16.829492595377264,27.63044573529924,8.829086826468732],
        [16.60705448577972,34.73501421223822,21.238538030495253,25.583078015889686,28.74425479165364,22.347298016295817,20.882417682358525,25.804550995797932,30.430490677559185,24.960472052061885,25.06461927507147,6.0622684136803375,6.734660761129469,15.853557280417514,15.09782862682671,26.012007821604445,24.120356238750226,25.572654331200063,4.752210052402707,27.96991146213523,13.812961579351283,23.300380834528198,7.1674234273966935,16.87444007198047,20.669836878457406,6.054181116948769,15.465696935960567,0.0,26.57586787700759,23.25057590877779,16.60705448577972],
        [25.53225298127679,54.03949146687863,21.414576314902995,28.21340074362895,9.513501611676416,17.12837289377158,12.610061588765543,6.936032756897154,28.11557179106662,14.816221202358989,48.917405220089776,27.269904256688662,30.99395897273195,29.005367425766785,35.12322393935209,42.67210712943057,10.710069462730708,36.20992419491036,23.478590132824753,14.46002732017225,16.342098229951027,45.61056335382879,26.779313448057792,36.01591030467604,46.62038469401681,32.33238471988839,16.829492595377264,26.57586787700759,0.0,44.22914147352478,25.53225298127679],
        [19.893077364195097,11.525405431161118,44.47165490171683,24.342375417754806,49.52372332432238,30.873976070823897,42.88666331962601,46.12755496141298,29.998628587959786,34.642668477141996,7.595613207658927,18.60622786471314,26.25240590238887,38.05547546332879,33.934457352466424,7.602328366194709,36.62713453872606,15.686961756116387,22.884665191365272,37.72462605441742,36.30191122657762,2.892279057324222,18.46445774583998,8.225027507484025,13.848444876875838,22.451432072176203,27.63044573529924,23.25057590877779,44.22914147352478,0.0,19.893077364195097],
        [0.0,28.656711979382635,32.82298151726301,9.02368846750202,32.51945413204569,11.006262564676206,27.934828033565356,28.975583771495838,14.30562532059334,14.768542843439619,26.125363509914347,11.222947699521146,23.203879271881252,31.36253337566662,31.70487910333903,17.170432221815314,16.850910915229417,11.449120924805003,12.360511201974232,17.898279630393017,23.19052302353818,21.92911973206561,9.9080626853141,11.980158869227663,27.21745703430633,21.13801317554787,8.829086826468732,16.60705448577972,25.53225298127679,19.893077364195097,0.0]
    ],
    "end_depot": 30,
    "start_depot": 0,
    "truck_dist": [
        [0.0,38.44278219425132,39.8818728812839,12.154361663986018,45.928976052775965,11.686455806351619,37.80468104473421,40.92934093633629,20.162077035830055,15.923547894460542,27.205341081387495,15.442890342441576,30.614290139995333,34.147337906531945,40.60716015958991,23.525151205217988,21.172917479991288,15.605496438543632,14.559836558148543,18.41781458132757,28.713591138112378,23.000014538364276,13.615852015322947,12.016016493011747,35.094378101900254,29.155600529195397,12.478097297472345,21.27485294202365,35.567518923580934,22.61745777325885,0.0],
        [38.44278219425132,0.0,78.32465507553522,34.553643516075276,84.37175824702729,50.12923800060294,76.24746323898553,79.3721231305876,36.77171031439191,54.36633008871186,14.376982647669728,42.10696668792774,50.25824941955669,66.7478402824576,57.454811588508576,14.917630989033334,59.615699674242606,22.83728575570769,48.11623213459123,56.86059677557889,67.1563733323637,15.442767655887044,41.75155632511208,26.426765701239574,22.63251462948549,45.04446075362179,50.92087949172367,48.391106157742875,74.01030111783226,15.825324420992471,38.44278219425132],
        [39.8818728812839,78.32465507553522,0.0,43.77101155945994,21.393729353714747,34.03263889166438,12.283459368355736,21.762010201448184,43.9135495553664,37.26666167432972,64.88064592508942,36.21768838760749,28.066405655978528,11.576814793077615,20.869843487026642,63.407024086501885,34.68828936592612,55.48736931982753,30.208422940943997,41.11467883355913,11.168281743171521,62.88188741964817,36.57309875042315,51.897889374295644,55.69214044604973,33.28019432191343,27.40377558381155,29.933548917792344,29.97589877587095,62.499330654542746,39.8818728812839],
        [12.154361663986018,34.553643516075276,43.77101155945994,0.0,49.81811473095202,15.575594484527667,41.693819722910256,44.81847961451233,8.007715371844037,19.81268657263659,39.35970274537351,27.597252006427592,42.76865180398135,46.301699570517954,52.761521823575926,19.63601252704194,25.062056158167334,11.716357760367584,26.714198222134563,22.306953259503622,32.602729816288424,32.95753247234046,25.770213679308963,24.098555261861854,47.24873976588627,41.30996219318141,16.36723597564839,33.429214606009666,39.45665760175698,28.88516134333654,12.154361663986018],
        [45.928976052775965,84.37175824702729,21.393729353714747,49.81811473095202,0.0,34.24252024642435,9.110269985359011,4.999635116439683,47.60004793263538,30.005428158315425,70.9277490965815,42.26479155909956,34.113508827470596,31.789594740710342,38.24941699376831,69.45412725799395,24.75605857278468,61.534472491319605,36.255526112436065,27.511161471448396,17.215384914663588,68.92899059114023,42.62020192191522,57.94499254578771,61.739243617541796,39.327297493405496,33.45087875530362,35.98065208928442,10.361457129195035,68.54643382603481,45.928976052775965],
        [11.686455806351619,50.12923800060294,34.03263889166438,15.575594484527667,34.24252024642435,0.0,26.118225238382593,29.242885129984664,13.357527686211034,4.237092088108923,37.48650745351552,25.724056714569606,40.89545651212336,44.42850427865997,50.88832653171794,35.211607011569605,9.486461673639667,27.29195224489525,24.841002930276574,7.082039941894754,26.128260748190257,34.68647034471589,23.897018387450977,23.702472299363365,45.37554447402828,39.43676690132342,9.831015049281215,31.556019314151676,23.881063117229314,34.303913579610466,11.686455806351619],
        [37.80468104473421,76.24746323898553,12.283459368355736,41.693819722910256,9.110269985359011,26.118225238382593,0.0,9.47855083309245,39.47575292459362,24.983202305973983,62.803454088539745,34.1404965510578,25.98921381942884,22.67932475535133,29.139147008409296,61.3298322499522,22.40482999757038,53.41017748327784,28.13123110439431,28.831219465203397,9.091089906621834,60.804695583098486,34.49590691387346,49.82069753774596,53.61494860950004,31.20300248536374,25.326583747261864,27.856357081242656,17.692439407515213,60.42213881799306,37.80468104473421],
        [40.92934093633629,79.3721231305876,21.762010201448184,44.81847961451233,4.999635116439683,29.242885129984664,9.47855083309245,0.0,42.6004128161957,25.00579304187574,65.92811398014182,37.26515644265987,29.113873711030916,32.15787558844378,38.61769784150175,64.45449214155427,19.756423456344997,56.53483737487991,31.25589099599638,22.511526355008712,13.857632057974069,63.92935547470056,37.620566805475534,52.945357429348036,56.73960850110211,34.32766237696582,28.45124363886394,30.98101697284473,8.213888574422763,63.54679870959513,40.92934093633629],
        [20.162077035830055,36.77171031439191,43.9135495553664,8.007715371844037,47.60004793263538,13.357527686211034,39.47575292459362,42.6004128161957,0.0,17.59461977431996,47.367418117217554,35.60496737827163,50.776367175825385,54.309414942362,60.76923719541997,26.17994593931557,22.843989359850703,15.845455578229501,34.7219135939786,20.088886461186988,36.00917141189229,40.965247844184496,33.777929051153,32.10627063370589,55.25645513773031,49.31767756502545,19.71192571298324,41.43692997785371,37.238590803440346,36.89287671518058,20.162077035830055],
        [15.923547894460542,54.36633008871186,37.26666167432972,19.81268657263659,30.005428158315425,4.237092088108923,24.983202305973983,25.00579304187574,17.59461977431996,0.0,40.92232093826608,28.958079497234944,44.12947929478871,47.66252706132531,54.122349314383285,39.448699099678535,5.249369585530744,31.529044333004176,28.075025712941915,3.8480171592294123,29.3622835308556,38.92356243282482,27.131041170116315,27.93956438747229,48.60956725669362,42.67078968398877,13.065037831946556,34.79004209681702,19.64397102912039,38.541005667719396,15.923547894460542],
        [27.205341081387495,14.376982647669728,64.88064592508942,39.35970274537351,70.9277490965815,37.48650745351552,62.803454088539745,65.92811398014182,47.367418117217554,40.92232093826608,0.0,28.662957537481947,36.814240269110904,53.30383113201182,44.01080243806279,21.18747217790198,46.171690523796826,31.52196253898805,34.672222984145435,44.56854739541028,53.71236418191791,6.402170273033052,28.307547174666286,15.261147483511657,9.188505479039705,31.600451603176005,37.47687034127787,34.94709700729709,60.56629196738646,10.474541402036971,27.205341081387495],
        [15.442890342441576,42.10696668792774,36.21768838760749,27.597252006427592,42.26479155909956,25.724056714569606,34.1404965510578,37.26515644265987,35.60496737827163,28.958079497234944,28.662957537481947,0.0,15.171399797553757,24.64087359452987,25.164269817148334,27.1893356988944,26.379707188831343,19.75951180004213,6.009265446663491,32.80609665646436,25.049406644435965,26.664199032040692,1.827038327118629,15.68020098668816,19.65148775945868,13.71271018675382,15.89304166528839,6.284139469815141,31.90333442990452,26.281642266935265,15.442890342441576],
        [30.614290139995333,50.25824941955669,28.066405655978528,42.76865180398135,34.113508827470596,40.89545651212336,25.98921381942884,29.113873711030916,50.776367175825385,44.12947929478871,36.814240269110904,15.171399797553757,0.0,16.489590862900915,9.992870019594577,35.34061843052336,41.55110698638511,34.93091159759589,16.05445358184679,47.977496454018116,16.89812391280701,34.815481763669645,16.998438124672386,23.831483718317116,27.6257347900712,5.213788665934899,31.064441462842147,9.339437197971684,36.83871639632993,34.43292499856422,30.614290139995333],
        [34.147337906531945,66.7478402824576,11.576814793077615,46.301699570517954,31.789594740710342,44.42850427865997,22.67932475535133,32.15787558844378,54.309414942362,47.66252706132531,53.30383113201182,24.64087359452987,16.489590862900915,0.0,9.29302869394903,51.830209293424275,45.084154752921705,43.91055452674992,19.587501348383398,51.51054422055473,18.30024353046971,51.30507262657056,24.996283957345533,40.32107458121803,44.11532565297212,21.703379528835814,34.59748922937875,18.35673412471473,40.37176416286654,50.92251586146513,34.147337906531945],
        [40.60716015958991,57.454811588508576,20.869843487026642,52.761521823575926,38.24941699376831,50.88832653171794,29.139147008409296,38.61769784150175,60.76923719541997,54.122349314383285,44.01080243806279,25.164269817148334,9.992870019594577,9.29302869394903,0.0,42.53718059947524,51.543977005979684,44.923781617190464,26.047323601441366,57.97036647361269,24.76006578352768,42.01204393262153,26.991308144266963,31.028045887269002,34.822296959023085,12.410350834886785,41.057311482436724,19.33230721756626,46.831586415924505,41.6294871675161,40.60716015958991],
        [23.525151205217988,14.917630989033334,63.407024086501885,19.63601252704194,69.45412725799395,35.211607011569605,61.3298322499522,64.45449214155427,26.17994593931557,39.448699099678535,21.18747217790198,27.1893356988944,35.34061843052336,51.830209293424275,42.53718059947524,0.0,44.69806868520928,10.334490361086068,33.19860114555789,41.94296578654556,52.238742343330365,14.785301904868929,26.83392533607874,11.50913471220624,29.07650919841474,30.126829764588457,36.00324850269033,33.47347516870954,59.092670128798915,10.71293077586501,23.525151205217988],
        [21.172917479991288,59.615699674242606,34.68828936592612,25.062056158167334,24.75605857278468,9.486461673639667,22.40482999757038,19.756423456344997,22.843989359850703,5.249369585530744,46.171690523796826,26.379707188831343,41.55110698638511,45.084154752921705,51.543977005979684,44.69806868520928,0.0,36.77841391853492,25.496653404538314,6.4263894676330136,26.783911222451998,44.17293201835557,24.552668861712714,33.18893397300303,46.03119494829002,40.09241737558517,10.486665523542955,32.21166978841342,14.394601443589647,43.79037525325014,21.172917479991288],
        [15.605496438543632,22.83728575570769,55.48736931982753,11.716357760367584,61.534472491319605,27.29195224489525,53.41017748327784,56.53483737487991,15.845455578229501,31.529044333004176,31.52196253898805,19.75951180004213,34.93091159759589,43.91055452674992,44.923781617190464,10.334490361086068,36.77841391853492,0.0,25.278946378883536,34.0233110198712,44.31908757665601,25.119792265955,18.914270569404383,16.260815055476392,39.41099955950081,33.47222198679595,28.083593736015978,25.591474399624204,51.17301536212456,21.04742113695108,15.605496438543632],
        [14.559836558148543,48.11623213459123,30.208422940943997,26.714198222134563,36.255526112436065,24.841002930276574,28.13123110439431,31.25589099599638,34.7219135939786,28.075025712941915,34.672222984145435,6.009265446663491,16.05445358184679,19.587501348383398,26.047323601441366,33.19860114555789,25.496653404538314,25.278946378883536,0.0,31.923042872171322,19.040141197772474,32.67346447870418,6.364675809479152,21.68946643335165,25.483717505105734,14.595763971046853,15.009987880995357,6.715016383875106,25.894068983241027,32.290907713598756,14.559836558148543],
        [18.41781458132757,56.86059677557889,41.11467883355913,22.306953259503622,27.511161471448396,7.082039941894754,28.831219465203397,22.511526355008712,20.088886461186988,3.8480171592294123,44.56854739541028,32.80609665646436,47.977496454018116,51.51054422055473,57.97036647361269,41.94296578654556,6.4263894676330136,34.0233110198712,31.923042872171322,0.0,33.21030069008501,41.417829119691845,30.979058329345733,30.433831074339317,52.45758441592304,46.51880684321818,16.91305499117597,38.63805925604643,17.149704342253358,41.035272354586425,18.41781458132757],
        [28.713591138112378,67.1563733323637,11.168281743171521,32.602729816288424,17.215384914663588,26.128260748190257,9.091089906621834,13.857632057974069,36.00917141189229,29.3622835308556,53.71236418191791,25.049406644435965,16.89812391280701,18.30024353046971,24.76006578352768,52.238742343330365,26.783911222451998,44.31908757665601,19.040141197772474,33.21030069008501,0.0,51.713605676476654,25.404817007251626,40.729607631124125,44.52385870287821,22.111912578741908,16.297245698909045,18.765267174620824,22.071520632396833,51.33104891137123,28.713591138112378],
        [23.000014538364276,15.442767655887044,62.88188741964817,32.95753247234046,68.92899059114023,34.68647034471589,60.804695583098486,63.92935547470056,40.965247844184496,38.92356243282482,6.402170273033052,26.664199032040692,34.815481763669645,51.30507262657056,42.01204393262153,14.785301904868929,44.17293201835557,25.119792265955,32.67346447870418,41.417829119691845,51.713605676476654,0.0,26.30878866922503,10.98399804535253,14.291207293545812,29.601693097734746,35.47811183583662,32.94833850185583,58.56753346194521,4.072371129003919,23.000014538364276],
        [13.615852015322947,41.75155632511208,36.57309875042315,25.770213679308963,42.62020192191522,23.897018387450977,34.49590691387346,37.620566805475534,33.777929051153,27.131041170116315,28.307547174666286,1.827038327118629,16.998438124672386,24.996283957345533,26.991308144266963,26.83392533607874,24.552668861712714,18.914270569404383,6.364675809479152,30.979058329345733,25.404817007251626,26.30878866922503,0.0,15.324790623872499,21.478526086577308,15.53974851387245,14.066003338169761,7.659000926700703,32.25874479272018,25.926231904119604,13.615852015322947],
        [12.016016493011747,26.426765701239574,51.897889374295644,24.098555261861854,57.94499254578771,23.702472299363365,49.82069753774596,52.945357429348036,32.10627063370589,27.93956438747229,15.261147483511657,15.68020098668816,23.831483718317116,40.32107458121803,31.028045887269002,11.50913471220624,33.18893397300303,16.260815055476392,21.68946643335165,30.433831074339317,40.729607631124125,10.98399804535253,15.324790623872499,0.0,23.150184504024416,18.617695052382217,24.494113790484093,21.9643404565033,47.58353541659268,10.601441280247103,12.016016493011747],
        [35.094378101900254,22.63251462948549,55.69214044604973,47.24873976588627,61.739243617541796,45.37554447402828,53.61494860950004,56.73960850110211,55.25645513773031,48.60956725669362,9.188505479039705,19.65148775945868,27.6257347900712,44.11532565297212,34.822296959023085,29.07650919841474,46.03119494829002,39.41099955950081,25.483717505105734,52.45758441592304,44.52385870287821,14.291207293545812,21.478526086577308,23.150184504024416,0.0,22.4119461241363,35.54452942474707,25.758591528257384,51.37778648834676,18.36357842254973,35.094378101900254],
        [29.155600529195397,45.04446075362179,33.28019432191343,41.30996219318141,39.327297493405496,39.43676690132342,31.20300248536374,34.32766237696582,49.31767756502545,42.67078968398877,31.600451603176005,13.71271018675382,5.213788665934899,21.703379528835814,12.410350834886785,30.126829764588457,40.09241737558517,33.47222198679595,14.595763971046853,46.51880684321818,22.111912578741908,29.601693097734746,15.53974851387245,18.617695052382217,22.4119461241363,0.0,29.60575185204221,7.880747587171747,35.38002678552999,29.21913633262932,29.155600529195397],
        [12.478097297472345,50.92087949172367,27.40377558381155,16.36723597564839,33.45087875530362,9.831015049281215,25.326583747261864,28.45124363886394,19.71192571298324,13.065037831946556,37.47687034127787,15.89304166528839,31.064441462842147,34.59748922937875,41.057311482436724,36.00324850269033,10.486665523542955,28.083593736015978,15.009987880995357,16.91305499117597,16.297245698909045,35.47811183583662,14.066003338169761,24.494113790484093,35.54452942474707,29.60575185204221,0.0,21.725004264870464,23.08942162610859,35.095555070731194,12.478097297472345],
        [21.27485294202365,48.391106157742875,29.933548917792344,33.429214606009666,35.98065208928442,31.556019314151676,27.856357081242656,30.98101697284473,41.43692997785371,34.79004209681702,34.94709700729709,6.284139469815141,9.339437197971684,18.35673412471473,19.33230721756626,33.47347516870954,32.21166978841342,25.591474399624204,6.715016383875106,38.63805925604643,18.765267174620824,32.94833850185583,7.659000926700703,21.9643404565033,25.758591528257384,7.880747587171747,21.725004264870464,0.0,27.49927919835825,32.5657817367504,21.27485294202365],
        [35.567518923580934,74.01030111783226,29.97589877587095,39.45665760175698,10.361457129195035,23.881063117229314,17.692439407515213,8.213888574422763,37.238590803440346,19.64397102912039,60.56629196738646,31.90333442990452,36.83871639632993,40.37176416286654,46.831586415924505,59.092670128798915,14.394601443589647,51.17301536212456,25.894068983241027,17.149704342253358,22.071520632396833,58.56753346194521,32.25874479272018,47.58353541659268,51.37778648834676,35.38002678552999,23.08942162610859,27.49927919835825,0.0,58.18497669683978,35.567518923580934],
        [22.61745777325885,15.825324420992471,62.499330654542746,28.88516134333654,68.54643382603481,34.303913579610466,60.42213881799306,63.54679870959513,36.89287671518058,38.541005667719396,10.474541402036971,26.281642266935265,34.43292499856422,50.92251586146513,41.6294871675161,10.71293077586501,43.79037525325014,21.04742113695108,32.290907713598756,41.035272354586425,51.33104891137123,4.072371129003919,25.926231904119604,10.601441280247103,18.36357842254973,29.21913633262932,35.095555070731194,32.5657817367504,58.18497669683978,0.0,22.61745777325885],
        [0.0,38.44278219425132,39.8818728812839,12.154361663986018,45.928976052775965,11.686455806351619,37.80468104473421,40.92934093633629,20.162077035830055,15.923547894460542,27.205341081387495,15.442890342441576,30.614290139995333,34.147337906531945,40.60716015958991,23.525151205217988,21.172917479991288,15.605496438543632,14.559836558148543,18.41781458132757,28.713591138112378,23.000014538364276,13.615852015322947,12.016016493011747,35.094378101900254,29.155600529195397,12.478097297472345,21.27485294202365,35.567518923580934,22.61745777325885,0.0]
    ],
    "vertex_count": 31
}