{
    "drone_dist": [
        [0.0,2993.9970880483515,1868.497232617464,2611.5947455944893,1730.3683807455204,4557.451851986912,1736.5405488484287,3920.353922675766,2086.12899261766,3791.683068498183,4119.301888474556,2926.0295798461943,2337.4208393270233,1920.437426978433,3838.015129447621,668.7166014987624,4309.331459290086,1121.5494083254641,5083.6396440043845,4712.585897840306,3150.7151396181607,3193.02210129903,2180.8709883287947,3819.630292110056,3386.9370182022294,2474.538233670022,3498.397063982424,5364.923783590041,2805.241340928352,1556.756187241288,1864.8402887424393,3058.9195203480913,3183.6531464426293,683.7108491970556,2025.9785629918078,3017.7714618127516,2554.614508655114,3390.283708029354,1105.3269937423552,1404.7241816611538,3894.14595370359,1816.3494096804577,2518.7073017828807,2616.662659341271,1514.6592928584196,3835.7272477566858,1708.1615867852959,2915.7165801036767,3791.770564633043,4998.839776977237,3868.3483138256825,3426.140518301521,1303.7917398478226,4407.846290919207,2675.313315777508,3033.6563151080677,1973.2746865472768,2438.9814584585242,3927.6216325504056,3864.8107277094946,1412.6829628162018,5121.329878012577,2242.3849147932474,1027.1062770505882,3762.294864012048,4217.281391576872,1309.1673963359478,4786.342180478611,2828.6013246903017,2681.22581783513,1662.7510460961173,3786.3705000262507,2228.1776669518226,1539.7054738798786,1796.8237349152898,1564.1099128655387,909.7653392274474,3071.141223261719,2438.79356533746,3426.926634767628,0.0],
        [2993.9970880483515,0.0,1248.5700337890041,1995.5540386706082,3189.646019969178,4111.765151007581,1262.2642928869072,2835.4350057818847,2416.539311192298,2281.748869378361,3609.214860597891,3214.569702343925,1156.8479633203515,1074.2134583212173,3768.7605029020033,2564.681905018385,3111.06202886391,2363.661125068561,2362.271325918223,1874.7610563834846,3080.478862991616,1096.1484801980214,3587.726058652405,1793.6611530569546,2361.247658937155,3384.9080432394603,4058.757242489255,2568.116969332606,3348.1631911348422,3256.6053986647594,4327.683270835532,3512.937779251438,1329.5529909868626,2746.5658635264986,2077.8729112114647,2828.7445301223347,482.81184490335124,759.5385868614671,3399.401168250326,1809.0748497478328,3790.5432285740926,3734.632232991597,496.328828856132,4079.769882740099,3623.1576806323724,1833.2251254675682,4281.475484879992,1203.5878126846003,1118.9579869973381,2369.5986453122027,2175.7261382614774,3601.0884606612326,3215.8932742990705,2607.679819485677,1530.0091157102863,1336.0207176001713,1615.3917401879942,2188.408722787886,3563.3863883031268,3950.070753993463,3846.763543244197,2363.402853230272,971.6456952649082,3801.1784959414454,2708.0281154519703,2368.1746502060128,3588.545147728157,1995.843467233101,3800.7376698997673,3498.4520115782443,4063.222094813454,3417.900923628859,1648.8166216417962,2951.2034032375072,4457.571767795249,1657.2692384354762,2264.3373604592953,887.3170355456841,726.672848480941,3326.4093799646867,2993.9970880483515],
        [1868.497232617464,1248.5700337890041,0.0,1298.0062276076294,2616.7025151717085,4458.479564707236,350.91643065075766,3369.2792494227433,2171.910358174838,2963.4411258970435,3948.9372914738206,3153.628864679656,1304.507470525846,406.8169304026227,3926.696752540297,1347.3537354509594,3721.3926796119135,1115.110605592557,3574.4510501407362,3111.789175187074,3165.7103681542476,1357.2637266326399,3094.872502654098,2683.9883510330756,2808.3211523035948,3073.11533932225,3968.2765570327283,3801.682806304263,3191.5074902018237,2599.1576664309855,3478.182245562888,3415.645533875344,1402.8432313464,1515.4546073882482,1862.1489551502725,2933.327073720012,766.589531303601,1866.5051459711601,2542.2978012786093,561.3970712244243,3965.3713496926894,3055.5826857650063,754.8302317246377,3614.1073938004247,2859.889809834478,2715.5858792633617,3384.3323555860256,1800.7052500458813,2277.5510664609014,3552.870054948091,2937.1086867806494,3636.0843097689162,2469.967720758682,3456.454019002019,1852.1754323374812,1274.9064599191368,1410.539370776298,2185.9804137404126,3834.358996136721,4055.348263933123,2981.2216343596974,3585.754148956533,374.35945476666967,2800.5714202236004,3213.944601842205,3222.4883811477175,2758.310374148394,3222.5703450147994,3512.0096066147485,3241.561200390774,3224.7944330675523,3677.626257860596,1633.3522530869193,2349.2014319397645,3529.0358651671568,1084.4364316591689,1372.1196934301895,1724.0764261171662,582.3891370352825,3455.5541592903214,1868.497232617464],
        [2611.5947455944893,1995.5540386706082,1298.0062276076294,0.0,3805.3795864071153,5738.514443119958,1646.6473879955163,4597.24329849341,3460.8673213268958,4132.4655502958385,5227.060468859272,4448.647060439373,2550.283859618782,1684.1344316001328,5223.118593286977,1945.018399852516,4929.1975463771505,1498.605403171262,4277.074060932761,3745.1403877555013,4463.056240957201,1199.0713098790006,4298.327583357077,3743.29965682451,4050.6776932194207,4333.076518372706,5255.90490916595,4425.85246879945,4477.304497623369,3747.6555241206797,4440.517171551769,4706.197849049222,1001.4999194087962,1991.5169564282176,3157.9001988883842,4229.148032798768,1633.895578168275,2752.64193455207,3556.6566961684734,1328.519765988365,5261.054078013857,4168.629241228034,1673.2936901951132,4813.530864648747,3927.3410749971054,3780.2774266321558,4304.316003437599,2958.8081424001684,3108.282540017918,4321.123081134524,4070.5152930824747,4933.690517708285,3573.843301233667,4552.01112542393,3095.299085919431,864.3126731683078,2708.0045544565987,3482.629528997875,5121.246917892109,5353.309265899915,3956.8475742669307,4258.257931102466,1202.393256451953,3637.74299612016,4447.691107419822,4311.901196188068,3780.0011033745814,3892.0296084929755,4769.483658155117,4510.390731006171,4210.761665762492,4964.903699170963,2923.3444439956907,3538.4734442267336,4406.4609590293085,2366.2661451845834,2487.55552122073,2774.0834395595402,1361.8758299697072,4752.070860255237,2611.5947455944893],
        [1730.3683807455204,3189.646019969178,2616.7025151717085,3805.3795864071153,0.0,2962.2131415280974,2293.8372098283858,2668.4235724452747,951.1405918075321,2790.7819418139306,2590.5821211584503,1320.6810334971713,2081.550732887459,2374.9035166104686,2205.4022737538094,2184.0505012487065,3030.136974453726,2560.773849132546,4591.709573414256,4388.839733154013,1634.9950213171896,3890.8884502818723,496.9646809156839,3098.508070213534,2264.678318136472,759.9243630547802,1773.1327178611314,4920.050494487895,1136.872865496621,226.9450197358443,1357.8163615160622,1378.2038295000843,3990.559704301685,2311.2636607770505,1201.845015924698,1598.8776803833948,2937.9418946883625,3189.2113638921246,815.9781376774446,2485.439902031216,2265.1065139301027,586.210954276637,2878.5245217288016,1008.1689097783856,649.3823556294186,3095.980315154335,1426.2014494473497,2438.294995987756,3490.489029934418,4435.385382520278,2943.7905657239176,1773.3673046836348,470.2312044641167,3410.6937608682156,2032.0419972790837,3877.557559465679,1587.37467496539,1393.6720629794656,2374.705245635695,2192.218318539669,1039.2921438039477,4660.975425588224,2920.207489507038,1435.6778881563057,2535.1753208156433,3288.2026145257632,802.0830096386981,4400.965840288411,1099.491658589615,963.8286410189432,1123.681716560132,2256.139165952951,1650.4864455271281,268.22676750988177,1641.7561991846549,1597.7937482537031,1324.9269234986082,2766.6050139792924,2991.2109111707596,1861.7126352064424,1730.3683807455204],
        [4557.451851986912,4111.765151007581,4458.479564707236,5738.514443119958,2962.2131415280974,0.0,4126.569846814109,1332.5682578992762,2515.4452565750507,1953.6618971202543,512.317850221147,1649.3158092680735,3195.046243755557,4058.667727430653,767.0799875229015,4794.928844248947,1239.327655337292,5024.083721396484,3777.268788085044,3958.0044958264893,1412.0562688162217,5189.916746648382,2722.336340945843,2597.3324986207444,1750.799146667155,2234.9650714227423,1485.5097709391605,4088.5711864379145,1830.2400504638115,3186.5508017988786,4043.221139159518,1608.5675502805614,5401.035665469429,4976.735182382594,2706.467458091576,1585.1462934823055,4226.828787708304,3538.4541720985944,3777.907778460768,4681.379729326655,706.1216921619142,3292.1318074462847,4170.388750643886,2681.805436274199,3532.3903097661164,2559.5585591833837,4199.538148781756,2911.2114637999384,3505.2978302642564,3539.471146020874,2139.9689800666793,1201.9517854985131,3429.2291276473115,2087.144899247272,2663.094887510525,5366.348070385088,3070.779487007557,2309.2217127133977,643.3152645690096,862.7470236374647,3922.232182704751,3882.637214075065,4551.855774585116,4388.968122907712,1426.5351161547244,2207.302048673814,3734.8239081288543,3853.9678349886885,2113.1257009442697,2058.835773952914,3901.5470448412093,797.150908254377,2827.2210260391976,3064.0340935116933,4400.50673519991,3498.269368328793,3805.1943141096904,3236.8775484879693,4451.70704438191,1130.5253894409443,4557.451851986912],
        [1736.5405488484287,1262.2642928869072,350.91643065075766,1646.6473879955163,2293.8372098283858,4126.569846814109,0.0,3068.942850940364,1821.0853443123303,2696.0922988506777,3618.7800530635113,2803.1627929347305,1017.2657465778628,193.31900468780523,3582.377451907907,1319.8362782124314,3429.718519423215,1205.0809078120174,3487.8322346040572,3059.0446958281823,2820.2315637603497,1619.7812650268986,2764.9557507733134,2473.1762335162443,2502.8844936528258,2727.3009897639317,3617.417988573605,3737.7563200109025,2840.82365527792,2290.41416233157,3223.9524761107446,3064.730289871192,1699.4307965008668,1512.5015314968955,1511.8079129758378,2590.1938955253518,819.647613696165,1762.606435039185,2283.0541585135056,671.9642330601989,3621.918682051309,2755.2186159300254,782.2070417521542,3283.799800185453,2577.009150092498,2501.698743359449,3145.1264977388464,1559.625983878798,2177.82984499333,3443.412179324313,2687.510748231768,3287.087276054526,2178.823721706996,3218.6838991044156,1555.023937784702,1583.748144651428,1066.2106398675126,1842.2695947874663,3498.440912936728,3708.081326696014,2728.672592069576,3509.33291611229,629.2366625714776,2599.300838015467,2911.235953563062,2989.9544127749837,2492.8812879189136,3154.6880301656247,3166.3519456250892,2893.6055314239084,2965.5605809414037,3341.571196712077,1299.39692676251,2028.0104284188517,3301.948547401478,736.4125118986458,1104.4179109202914,1547.4840229074532,748.142173257224,3111.2656064338075,1736.5405488484287],
        [3920.353922675766,2835.4350057818847,3369.2792494227433,4597.24329849341,2668.4235724452747,1332.5682578992762,3068.942850940364,0.0,1868.9690717472554,622.0642470050241,890.8189499699113,1527.7173225289066,2064.97279386603,2962.5661663807277,1320.531219975969,3988.495521785763,389.1638394463741,4122.5997198251835,2574.548105768526,2676.371295796499,1154.503648959776,3928.2479446988036,2659.0044384759135,1268.8251666409778,570.0004858714715,2156.7677996729913,2018.1276359044537,2905.2550760773133,1790.9045331920602,2885.4381618830757,3982.66404245563,1723.700022005685,4151.7097686343395,4188.715259220727,1897.497099917914,1086.5596530169228,3011.980802543072,2218.751487939885,3425.2391584961715,3693.6723654025263,1304.1187865686677,3173.376298761071,2960.514411038852,2867.8851224049968,3316.0200722606196,1232.177873404628,4082.2152682804167,1662.4123383556876,2172.793175970391,2348.271435381944,816.1656073849659,1471.8207082278996,3069.762802112453,930.548349989957,1517.2273598983552,4133.131478787246,2098.8473528285513,1481.3775515286757,966.06621099557,1549.245808213119,3707.671297754643,2674.8915778110872,3394.9322517589367,4053.223308636903,161.97738299742318,959.8663295161898,3462.5870777999294,2589.8732887975375,2300.4241738023084,2079.2936244726707,3774.4461700287557,890.8989840472384,1823.6132436971561,2650.077184750797,4297.610865325356,2566.72886794309,3050.3848507483026,1948.966780701836,3259.446021443955,1129.0145950002463,3920.353922675766],
        [2086.12899261766,2416.539311192298,2171.910358174838,3460.8673213268958,951.1405918075321,2515.4452565750507,1821.0853443123303,1868.9690717472554,0.0,1881.6338315051248,2050.5815183878003,998.0262923328607,1260.9572979396416,1829.0431089649448,1854.9728972440985,2279.6402054978134,2253.340404062669,2527.797459515567,3640.998446118168,3449.76675569208,1108.0670362673573,3274.511447459446,1216.623951020183,2149.015227123135,1386.3872823739046,970.8143397191627,1796.3966483793752,3970.1076317177885,1020.211921185565,1124.3667266377267,2302.191232554394,1245.3621184957778,3419.2711975346406,2461.6983259890426,342.34703316072114,940.24938926211,2265.626568331773,2294.0018112304956,1590.7689090690685,2250.171225076239,1903.9578961944212,1534.7838843921284,2202.969037060836,1677.1056372314054,1572.095496264541,2147.508511610446,2351.0796523913737,1514.9648911360605,2566.4141346612982,3484.3591028530127,2018.358634814993,1502.6961744517773,1250.3406024649994,2510.7163723817403,1096.6405379733328,3332.3946113201273,830.1474632178139,450.5105647384063,1873.9026445338409,1941.4479560978425,1933.9451461423837,3711.011840217493,2389.039543277111,2207.443993412137,1718.0772269867537,2368.8451544584123,1668.2607507500375,3456.1512534018384,1397.456767709231,1103.2498968754792,2058.005135653323,1724.9684158516861,776.6341316294399,833.352217185633,2564.050753279049,1095.2380132691042,1289.7868669226632,1865.5504479626527,2389.6454483304838,1401.2597014554474,2086.12899261766],
        [3791.683068498183,2281.748869378361,2963.4411258970435,4132.4655502958385,2790.7819418139306,1953.6618971202543,2696.0922988506777,622.0642470050241,1881.6338315051248,0.0,1507.5278338650833,1867.8305389093723,1680.1868436866753,2563.4544941148783,1886.1108448742962,3756.8307713524578,830.8562803363212,3827.498806605462,2042.4943364207154,2083.733726440914,1526.2803358735628,3377.754308264332,2888.703925689519,647.9484518593189,547.3705495487208,2425.16027482074,2506.172708650967,2380.5982816113906,2120.508130948694,2988.4633452488533,4145.09049493269,2119.388777525002,3609.798423592047,3962.701281557639,1796.4190719691196,1365.476592854566,2512.607966850723,1621.9933532951372,3471.343005316217,3352.304390093149,1879.145712109812,3345.406300803755,2466.5566978715037,3184.9806830536077,3434.9131222784476,612.3449704340603,4215.256389042974,1175.4574053623069,1552.058362805714,1831.3280865158947,211.6565748473785,1952.3845554579223,3131.6118260454355,630.7114866470677,1170.503118357819,3604.228694212866,1850.0602443474022,1436.6325809497444,1557.5752809261028,2111.360445319236,3809.2267114004217,2136.890837680472,2936.1660960065246,4081.8863401926214,562.2611314149096,502.7526387598972,3547.129588086765,2010.9062456173376,2658.227725682621,2396.173843966909,3914.401318757472,1457.7000697785372,1577.6335791818333,2712.4476663818714,4430.242102557953,2312.7188297880425,2888.2265667917427,1398.5368533380263,2774.6570474434925,1601.1991952414817,3791.683068498183],
        [4119.301888474556,3609.214860597891,3948.9372914738206,5227.060468859272,2590.5821211584503,512.317850221147,3618.7800530635113,890.8189499699113,2050.5815183878003,1507.5278338650833,0.0,1272.8035360127444,2682.771675194316,3548.2394303741357,570.5730668597921,4323.5688060721295,917.991003977801,4537.408220577291,3434.216252623695,3563.8352045081515,974.1934705957691,4683.1774126835035,2415.5393493826928,2155.4303089095115,1248.815763566558,1906.54375299934,1369.3866798635886,3757.8216103746586,1493.6783572504469,2817.433078659213,3761.9214284439595,1311.9256418161758,4892.399714165237,4509.599402181113,2218.5999014247386,1110.6976778683243,3715.960709111882,3055.247411527389,3403.604833430019,4181.780181140913,526.0468321692682,2980.239350121243,3659.2661556254625,2463.830845849756,3194.12077389929,2119.789871783101,3901.3690489327787,2406.6639910909184,3047.4595912192585,3201.8032980379335,1706.396698001541,927.1220366212393,3048.0851239707686,1748.25050543329,2151.147836337405,4856.087146535964,2566.9331698586507,1813.0492471127334,227.1785076428885,775.7660099029426,3590.0549592157217,3537.0823341287896,4039.6262306549274,4026.2266692489097,955.8835478531112,1827.72233519235,3382.8868165964086,3472.5669843703677,1875.542931367653,1755.9855881163712,3596.5572879532747,336.6345123565272,2319.494142804818,2662.1305152343484,4109.23261757203,3001.1340470606924,3337.479377256418,2739.6767559334767,3939.7010038953945,729.8385009602513,4119.301888474556],
        [2926.0295798461943,3214.569702343925,3153.628864679656,4448.647060439373,1320.6810334971713,1649.3158092680735,2803.1627929347305,1527.7173225289066,998.0262923328607,1867.8305389093723,1272.8035360127444,0.0,2087.249466177393,2792.336780686286,912.0310643314912,3223.884232675826,1835.0518944975277,3505.8690968288715,3885.3788897781924,3832.0155462213656,374.4050622681918,4171.590590813142,1168.0356742313384,2380.1457057473335,1331.007442016651,652.9211339186193,846.5689119992084,4225.06909417939,263.1924917622268,1547.059900455591,2517.4192618594784,301.26020053736613,4338.108275768838,3392.5194730318244,1291.5132814685437,507.12405734551913,3154.8159929746703,2901.649000792152,2135.998962880902,3247.8076450968133,968.5797567052487,1720.7108363160905,3092.3807515053295,1341.4492201564342,1922.6233078406472,2361.3323914937614,2644.1732586677363,2108.27878833312,3065.566932571343,3686.3123886077433,2066.450768607313,513.2356108644208,1783.50317081279,2408.658521694746,1706.0711620498473,4264.704196448815,1761.5386600652882,1033.488299844771,1054.5017317112022,957.6618618426054,2319.270431618673,3973.521845356576,3343.4946362532696,2755.3206465432063,1435.1715925672036,2357.3906898613686,2110.120204327777,3794.4952767279783,790.9523383976145,551.6758654781523,2336.958378939013,941.61950544616,1606.6795514893743,1415.2717339083754,2855.259135947334,2088.5400919871367,2238.3336551903353,2490.599090665759,3314.8909051214077,542.9824730651044,2926.0295798461943],
        [2337.4208393270233,1156.8479633203515,1304.507470525846,2550.283859618782,2081.550732887459,3195.046243755557,1017.2657465778628,2064.97279386603,1260.9572979396416,1680.1868436866753,2682.771675194316,2087.249466177393,0.0,898.0510987302614,2734.475512372631,2150.393060928496,2417.9827431829367,2163.599032288159,2759.574175593249,2435.3174748122265,2000.9292819988657,2088.712933565235,2448.9047637036765,1520.3462604997683,1506.458266923632,2228.1428922237537,2933.7414423237515,3054.812571818745,2202.466559414135,2178.919741219313,3313.5770751155774,2380.614951740007,2267.2089473440783,2357.3574497504624,925.1260894322421,1752.1808956707173,1075.3347870150142,1143.091291619217,2428.01038316744,1673.0400634875903,2765.2447946908364,2649.795044403674,1013.9141880585661,2931.362253524455,2582.3232474240854,1543.0634138393793,3300.7234593178964,591.3463185329776,1503.8472383537944,2663.9606991217483,1681.8594253530123,2510.175644412311,2184.3928999213367,2220.5140291487796,548.6860477267682,2208.2384741852366,498.90623480578785,1053.7656559040809,2590.5269208677696,2892.8823440850965,2859.530268587849,2804.5961243328957,1356.976402047918,2928.0023532908453,1910.278973646147,1998.7186861188761,2589.0180096862264,2486.9157288565552,2644.617654726488,2343.020463526848,3050.262282470153,2436.011699613544,493.17800218418944,1863.8460076354904,3494.724095598223,775.1102569798531,1451.743259213718,756.9494198171761,1267.93287386535,2271.2915962253433,2337.4208393270233],
        [1920.437426978433,1074.2134583212173,406.8169304026227,1684.1344316001328,2374.9035166104686,4058.667727430653,193.31900468780523,2962.5661663807277,1829.0431089649448,2563.4544941148783,3548.2394303741357,2792.336780686286,898.0510987302614,0.0,3541.3689591847833,1513.1309783083068,3315.630991312199,1387.291696581022,3297.264637109152,2866.0682667314827,2783.751010707148,1516.701280571719,2833.8584811324463,2310.804912922625,2401.536723646756,2761.7879006148178,3619.1553059808716,3545.4650767286803,2847.7489118065196,2388.1213782430023,3360.135531052816,3063.193239304594,1621.1981885197586,1705.3881682349454,1504.7897136974568,2547.0687645459584,646.5112021901089,1572.4134749385003,2419.398404046847,843.1784835672281,3578.411480215069,2859.223538111091,603.6143090530978,3350.590171987093,2696.2857915776685,2340.6250855058247,3289.6312550497787,1409.5207726448673,1987.746218965787,3255.5951350400583,2543.983839232031,3264.411255137345,2293.3985409524903,3069.2924456224305,1445.4055644137854,1518.4768813496003,1033.4700557273006,1802.636445303178,3437.9985247325203,3676.9060696625597,2867.185892161544,3317.8537117663204,562.2514796683696,2761.6971094565806,2807.139864539466,2837.7876023121603,2624.54033850782,2962.473285142069,3200.177460487366,2919.416599088399,3099.462994568495,3281.501773599622,1239.2367962393744,2112.7579789605497,3451.969195243444,783.3057629788747,1245.9537187491042,1371.0800089467139,620.8913152327282,3070.67130475188,1920.437426978433],
        [3838.015129447621,3768.7605029020033,3926.696752540297,5223.118593286977,2205.4022737538094,767.0799875229015,3582.377451907907,1320.531219975969,1854.9728972440985,1886.1108448742962,570.5730668597921,912.0310643314912,2734.475512372631,3541.3689591847833,0.0,4120.756255655376,1448.8610991176786,4382.748051925945,3894.3633268628537,3969.8393666680704,763.9658977051436,4804.3869929483635,1955.3368395917362,2516.773741659677,1490.3620776503592,1469.6783661311786,799.9661214140291,4225.7195485608745,1069.2048019357983,2427.9774802100137,3280.573284628402,841.8557381689672,4995.942396129961,4294.145006117215,2095.959876129087,994.3044744016105,3804.08978287434,3302.1629762283037,3019.535399730415,4085.5612514643126,60.967430202156585,2525.152401721554,3743.974425660308,1936.9085631722894,2766.303093700729,2485.7908577852563,3434.1633713773685,2576.781245176862,3359.043949616104,3668.7797208551224,2096.4248391609854,435.6455250180941,2674.48520209225,2237.7740277734238,2248.389998903755,4942.1604506800395,2516.4749192376967,1740.7176721061803,377.97943343538145,228.75912514828582,3155.4331931646943,3994.101750461059,4068.196196650232,3626.2383478289034,1327.7957404836893,2280.108818470147,2970.5556944894597,3894.4353189043422,1357.605779473563,1291.7710147016935,3135.250370144355,431.0600468530938,2305.1170666301377,2322.2723736141684,3636.291130064687,2904.624330485506,3131.000845435337,2940.85339527352,4001.31492492469,471.1519191914709,3838.015129447621],
        [668.7166014987624,2564.681905018385,1347.3537354509594,1945.018399852516,2184.0505012487065,4794.928844248947,1319.8362782124314,3988.495521785763,2279.6402054978134,3756.8307713524578,4323.5688060721295,3223.884232675826,2150.393060928496,1513.1309783083068,4120.756255655376,0.0,4374.384734422077,453.3276137868757,4797.300684285398,4378.119156505029,3386.675085320381,2601.6178947073336,2669.4230249690813,3670.739118680306,3427.5402905414444,2874.7139756922743,3893.4645210654708,5054.194315725278,3150.5166568885056,2052.5582772143684,2524.859038533058,3404.583837538962,2567.2072375414396,207.249115720095,2120.0415022000407,3214.1322433114997,2094.571648663757,3073.6140842029963,1705.1047525362258,813.7273648762346,4172.644586296017,2389.192678817749,2070.420268567544,3145.642161753215,2106.5132368032396,3693.2120449010927,2374.2828970666164,2741.1146507569356,3487.419924734092,4741.1422422816695,3797.8733931690335,3736.55935439238,1824.058881057692,4342.6693483924355,2591.4508663056336,2412.9351689465634,1910.3216286161696,2541.059146788555,4152.793798797866,4181.125706739025,2058.91085534829,4822.579493343688,1706.787615100564,1695.7568556297572,3826.7078360586847,4131.690007530646,1922.5551704560025,4471.033060540336,3270.048721980659,3078.122900187917,2312.110185030425,4002.495615257321,2186.768146943745,1948.7791752753028,2465.5231779555766,1444.1891125490915,990.8262890443676,2816.55069141737,1929.5445134064619,3677.7010678675542,668.7166014987624],
        [4309.331459290086,3111.06202886391,3721.3926796119135,4929.1975463771505,3030.136974453726,1239.327655337292,3429.718519423215,389.1638394463741,2253.340404062669,830.8562803363212,917.991003977801,1835.0518944975277,2417.9827431829367,3315.630991312199,1448.8610991176786,4374.384734422077,0.0,4501.318781871128,2542.0428068001506,2722.88220875038,1461.9113660985256,4207.210333093645,2990.091079968333,1424.6187993386707,948.6947630556391,2480.103791213162,2212.1464801151606,2858.3500943758545,2095.6731478469346,3250.0529190344723,4326.720345334651,1995.3346606479283,4437.721560603093,4575.192760595981,2286.6484926051126,1434.2789049746418,3324.2262509008515,2448.5769348302497,3798.4555241506164,4063.3440877991616,1417.3508453242987,3518.7883431619143,3275.5367640728855,3160.609998742118,3674.7789752941335,1384.1164192977749,4434.169378122741,1974.5693369424441,2343.2764570695454,2305.7230073141313,971.682831005577,1691.3676161824885,3441.5396658341697,849.4683993493962,1874.695651885286,4428.720333951358,2479.131957618869,1870.357872856084,1071.1876328080127,1671.708785801018,4068.8224824640492,2646.788923453349,3727.650336037296,4427.673960213376,549.2198239661944,973.7666339676342,3828.3957881162332,2615.6513164856938,2580.3316062428626,2383.6480520370383,4125.753279317555,1051.0155005836962,2202.745804644597,3023.7211448511584,4648.927919955873,2948.0849867078564,3439.206473454243,2225.709051626933,3579.8460177988295,1374.2417732641493,4309.331459290086],
        [1121.5494083254641,2363.661125068561,1115.110605592557,1498.605403171262,2560.773849132546,5024.083721396484,1205.0809078120174,4122.5997198251835,2527.797459515567,3827.498806605462,4537.408220577291,3505.8690968288715,2163.599032288159,1387.291696581022,4382.748051925945,453.3276137868757,4501.318781871128,0.0,4674.611006417037,4223.016194566399,3631.571878271557,2243.048474417335,3054.063843433305,3664.315447347554,3553.7261294876175,3215.147268437692,4219.725720950886,4910.6736221234705,3458.945812155807,2448.9290333165213,2977.0167839149453,3709.7172667962623,2181.859798208879,502.4667790031291,2318.9754964761287,3439.3585720936926,1881.387689912124,2953.8778590519496,2142.239875474336,556.9697831228016,4431.665594429787,2811.6268901649255,1869.5047762136078,3544.2552504585874,2537.9429542543494,3690.903286756119,2827.5721714630613,2739.0057707379037,3368.68973026703,4640.472496067577,3843.77405202727,4018.42007642107,2233.6242554470496,4383.954248850301,2658.375774070187,2024.3055276612995,2023.9632124063369,2728.1489559240786,4380.969368143844,4461.588019301485,2507.8462131967626,4690.262368864445,1433.1308587870587,2148.1713459030825,3960.920012739127,4161.939032735702,2362.2449440149476,4329.706741403897,3626.005193558018,3414.080979117999,2761.551322765151,4227.116607182875,2299.082159404735,2312.085609818441,2918.0007349754565,1558.4575849568023,1281.6037246586613,2752.28772487439,1674.1171391790574,3926.698995217276,1121.5494083254641],
        [5083.6396440043845,2362.271325918223,3574.4510501407362,4277.074060932761,4591.709573414256,3777.268788085044,3487.8322346040572,2574.548105768526,3640.998446118168,2042.4943364207154,3434.216252623695,3885.3788897781924,2759.574175593249,3297.264637109152,3894.3633268628537,4797.300684285398,2542.0428068001506,4674.611006417037,0.0,552.1763322212645,3560.771636751411,3143.0362752523524,4799.032906200545,1520.2979179140402,2556.937863431842,4385.21650365507,4548.110146935406,339.69221791963764,4126.999990459179,4752.128807875991,5932.1278254694225,4151.264361523084,3390.010001589452,4995.7574672581095,3419.5620679353146,3378.255105271397,2832.304734941608,1725.2854108211316,5121.051103336127,4119.039938085306,3878.6591052726267,5175.70948627334,2829.4625709269408,5159.680804974581,5193.439960786712,1533.0007773287548,5958.731598703331,2221.4768940513686,1310.337186027845,240.4991395529395,1833.335434307143,3994.095781641298,4828.640336831975,1692.7878037750709,2580.2388076853235,3473.5346783261916,3199.7262070062507,3208.0374154000315,3538.5991810682867,4122.872048465516,5524.262991590468,107.00656351851892,3332.2475791745833,5665.26211687783,2575.7323805961314,1614.7341515262774,5250.882938286183,389.0385181971629,4667.62218389722,4388.711563118355,5679.503455386095,3463.692233170251,3016.3567681713675,4442.88982962805,6165.208638408389,3532.256976594742,4210.819359560776,2012.8280531112682,3088.7464490036455,3642.654672419008,5083.6396440043845],
        [4712.585897840306,1874.7610563834846,3111.789175187074,3745.1403877555013,4388.839733154013,3958.0044958264893,3059.0446958281823,2676.371295796499,3449.76675569208,2083.733726440914,3563.8352045081515,3832.0155462213656,2435.3174748122265,2866.0682667314827,3969.8393666680704,4378.119156505029,2722.88220875038,4223.016194566399,552.1763322212645,0.0,3538.698792663124,2598.1161316627467,4646.015860876054,1468.205697377423,2538.5602816064006,4271.414415760688,4558.19384652518,693.9907401031547,4056.956644286248,4530.358097031902,5701.1345360500945,4114.849888775586,2843.527402513171,4571.455270777754,3191.9278104150308,3330.8952779243605,2354.351290316282,1322.3972399877346,4849.891128667931,3666.054422290827,3962.4659323561364,4974.92315316945,2358.3720610566547,5045.225347204745,4961.248349523932,1494.2610355746183,5709.271873375338,1957.0653319338903,931.7256140126234,684.6097668257448,1873.8296648693981,4009.925994164637,4579.87711616197,1893.3306858962621,2356.917632288867,2930.9287795597065,2907.766574709573,3041.632243235067,3636.316285927921,4194.8108268150545,5269.755189225695,515.4754283633168,2845.4860070678433,5363.305271332273,2643.9497944893774,1750.7461246546688,4996.5712447929,171.89794309333254,4592.517761781097,4300.706986011985,5442.522272294638,3541.1541459301357,2760.302302602487,4215.309292439443,5909.86404731619,3190.2680926853113,3867.9725809544047,1678.9463638239429,2598.990563327609,3663.125481327715,4712.585897840306],
        [3150.7151396181607,3080.478862991616,3165.7103681542476,4463.056240957201,1634.9950213171896,1412.0562688162217,2820.2315637603497,1154.503648959776,1108.0670362673573,1526.2803358735628,974.1934705957691,374.4050622681918,2000.9292819988657,2783.751010707148,763.9658977051436,3386.675085320381,1461.9113660985256,3631.571878271557,3560.771636751411,3538.698792663124,0.0,4085.776822128599,1532.5656167426057,2074.1789749789255,1006.4323521748183,1019.6483020668263,1032.6821010098324,3900.127553547308,637.1488619658369,1861.5561408389913,2877.8283254926564,593.2631080638666,4268.1250070640335,3566.359723593907,1332.9307967465522,251.80013616212213,3075.9386516226705,2692.1469047358037,2441.1867646648902,3323.02798423195,807.1983755679712,2075.0714358656255,3014.734338014147,1713.4110585833457,2259.1982162556774,2051.892952070486,2997.2415455022888,1920.6542176668443,2815.9143302947405,3355.212838361359,1730.6300922376392,522.1060383054572,2083.5427070309815,2045.4736786790097,1550.643951878554,4207.203749588406,1755.1767825374077,981.1210512145213,776.9209058471412,895.3922643355106,2656.5952818880514,3651.8502479622525,3317.141940697948,3068.0014636350475,1067.1493071188856,2006.064318675906,2435.0561020278496,3490.90089904713,1151.2108524616433,925.8326974413302,2689.0042863990643,638.1627691930915,1552.994549464623,1690.3872955855682,3210.0112952738173,2141.066807971739,2396.030766699687,2299.1030772465665,3261.0934214278645,296.1053128598546,3150.7151396181607],
        [3193.02210129903,1096.1484801980214,1357.2637266326399,1199.0713098790006,3890.8884502818723,5189.916746648382,1619.7812650268986,3928.2479446988036,3274.511447459446,3377.754308264332,4683.1774126835035,4171.590590813142,2088.712933565235,1516.701280571719,4804.3869929483635,2601.6178947073336,4207.210333093645,2243.048474417335,3143.0362752523524,2598.1161316627467,4085.776822128599,0.0,4344.2726013623405,2871.7281640651668,3440.246216346392,4235.860907482336,5016.817510144278,3263.256232702697,4269.33805354231,3903.377373173274,4832.1153233582945,4461.015188638414,252.35057561424188,2727.973745107603,2934.3543322740493,3835.352922196642,1016.9060191830328,1810.7888342796164,3893.6189672644464,1795.185329833646,4830.793913680822,4372.133343048966,1079.4735745966304,4858.559400212965,4196.549722108977,2912.2091449112486,4741.279435168941,2279.795742964929,2090.2782693483077,3213.942496529334,3268.0916012233747,4598.166546562609,3798.5054519037253,3681.369081565761,2557.3732762021696,339.6236553050742,2444.7864488690793,3139.6758720213575,4623.91040521798,4972.927068824071,4335.348282473272,3113.5699062250123,996.8759156098829,4153.269537351447,3797.7904596266635,3443.994712336894,4106.998346241003,2754.2038783860007,4669.568807498252,4377.74857147003,4576.740081564147,4474.607423979391,2565.19476910812,3629.372865194656,4886.088656530283,2294.768646742167,2716.827821115872,1982.707249165134,900.757001044545,4348.785052945031,3193.02210129903],
        [2180.8709883287947,3587.726058652405,3094.872502654098,4298.327583357077,496.9646809156839,2722.336340945843,2764.9557507733134,2659.0044384759135,1216.623951020183,2888.703925689519,2415.5393493826928,1168.0356742313384,2448.9047637036765,2833.8584811324463,1955.3368395917362,2669.4230249690813,2990.091079968333,3054.063843433305,4799.032906200545,4646.015860876054,1532.5656167426057,4344.2726013623405,0.0,3282.559887125472,2343.458580545556,515.1890917515835,1391.9092798348934,5134.024961730062,924.1410417076554,625.0933785211251,1350.3301740441375,1116.1316581128463,4454.468366215537,2788.3538055487475,1529.5230269235042,1574.746821649194,3371.0973596373037,3510.5251912816784,1155.8713028845248,2980.865085069997,2016.3042628582475,569.824026088539,3310.2693942332644,519.2353490505327,829.3080849340494,3274.062701729229,1486.09693132957,2729.198789448653,3777.733411952864,4625.439294664621,3063.8021218533904,1522.0459524851433,877.994508559414,3482.8877526225506,2307.2619173306507,4346.2001274422255,1972.33899401063,1604.4377204368373,2190.0627258245277,1896.587526797817,1205.826077645274,4875.7342692993625,3386.743506689584,1708.716985441937,2545.701392455863,3391.417587343572,1051.1713963347852,4641.782475147233,680.6987956715196,664.7588067292215,1182.795298681413,2095.476364415058,1982.7579904889794,760.5510924949415,1693.7745128412525,2051.0275134919752,1821.4109524292164,3082.158458544301,3443.5402023951315,1696.2711351063208,2180.8709883287947],
        [3819.630292110056,1793.6611530569546,2683.9883510330756,3743.29965682451,3098.508070213534,2597.3324986207444,2473.1762335162443,1268.8251666409778,2149.015227123135,647.9484518593189,2155.4303089095115,2380.1457057473335,1520.3462604997683,2310.804912922625,2516.773741659677,3670.739118680306,1424.6187993386707,3664.315447347554,1520.2979179140402,1468.205697377423,2074.1789749789255,2871.7281640651668,3282.559887125472,0.0,1070.84205984597,2864.9977812905568,3090.178793210077,1858.197910979375,2615.1759313210096,3271.5115165959187,4450.965683794358,2656.13547252582,3114.4891690552563,3877.6957563141345,1965.250494439947,1874.653047230949,2110.6822589316043,1064.7663568857545,3685.7909432120523,3145.1304330401313,2513.713454051866,3677.76985332405,2075.312345892283,3639.673732336029,3717.842305789855,41.47061944274685,4493.088436547207,930.3364778311847,918.8957453252252,1343.257224743876,458.94117333101593,2541.7547815367434,3371.9630869393663,814.3522451470284,1160.1588498175597,3129.297279601438,1850.6037772585673,1705.5847558090886,2199.7453167653334,2738.8005319991307,4066.63903963161,1602.25401082992,2581.9874987618423,4263.661111576955,1205.9278673689578,574.5351811013522,3795.4933666510074,1416.9111361605621,3154.9979144688227,2871.9758732301566,4204.601573625004,2092.8268003965854,1616.8138891515796,2970.2771837372966,4703.815413886621,2265.221392052712,2912.586000857466,975.2112151431173,2386.4387015703755,2195.4303150567935,3819.630292110056],
        [3386.9370182022294,2361.247658937155,2808.3211523035948,4050.6776932194207,2264.678318136472,1750.799146667155,2502.8844936528258,570.0004858714715,1386.3872823739046,547.3705495487208,1248.815763566558,1331.007442016651,1506.458266923632,2401.536723646756,1490.3620776503592,3427.5402905414444,948.6947630556391,3553.7261294876175,2556.937863431842,2538.5602816064006,1006.4323521748183,3440.246216346392,2343.458580545556,1070.84205984597,0.0,1877.8007952477742,2019.6679841343853,2896.553362500055,1579.2156088362399,2468.8742865302843,3613.2331253167563,1594.599634369061,3654.2006104043726,3629.161964550002,1361.647672480227,824.8823322328886,2490.604392473282,1823.3170421023958,2973.8229543530465,3124.032092936708,1497.4036497460968,2809.6711557464114,2436.3089318815732,2638.852258583621,2912.3994604641707,1046.9899480767958,3690.879702225741,1160.682569615602,1869.9977689200941,2355.530272138106,737.1928933057328,1473.068192435645,2626.606252909216,1147.710914991015,957.8613607305659,3624.7496355276107,1530.6711300862269,961.7118282132932,1223.1394381471498,1702.4693388254118,3293.1024781300084,2646.8435051881584,2850.2154477025692,3593.555527425954,409.58879022268997,1048.9934322279576,3035.749468071157,2486.077535880147,2118.819137744401,1851.7058321499546,3387.508010634266,1090.3045734501823,1254.6792499520595,2204.9906664910063,3906.4141275047627,1999.4330859346758,2503.2447609491,1491.6601560450188,2727.68237748712,1130.2562371175063,3386.9370182022294],
        [2474.538233670022,3384.9080432394603,3073.11533932225,4333.076518372706,759.9243630547802,2234.9650714227423,2727.3009897639317,2156.7677996729913,970.8143397191627,2425.16027482074,1906.54375299934,652.9211339186193,2228.1428922237537,2761.7879006148178,1469.6783661311786,2874.7139756922743,2480.103791213162,3215.147268437692,4385.21650365507,4271.414415760688,1019.6483020668263,4235.860907482336,515.1890917515835,2864.9977812905568,1877.8007952477742,0.0,1025.508145523582,4723.158665003172,412.8955838200651,972.1436918434068,1865.1862448379675,629.5196665322796,4371.680319762529,3019.8702795334793,1312.8195972294973,1080.668473942443,3232.1594572095833,3209.4929442460066,1560.033188900767,3053.130561618787,1530.3476007040083,1073.8957186677326,3169.675422978158,775.4407032464712,1297.7553131953875,2852.581130217495,1996.2795526758503,2411.130569111221,3438.106012838997,4200.930240608963,2609.7872152225004,1034.0621534255934,1227.7565695975818,3002.9659457341827,1986.1046477875398,4277.783356653846,1797.0935975378193,1259.83881672315,1682.4032968591607,1438.2817287443659,1689.7874956509654,4466.743359221897,3323.9685163587724,2157.8967533754408,2049.941522406141,2925.8953346903672,1501.0763114944045,4253.824648444284,439.06792583515914,206.71176491680822,1690.4774808097732,1583.135136247554,1738.0256199827215,938.2915485399369,2205.880275347389,1991.2104148602336,1936.8906340453564,2782.1332341584707,3343.8845099436303,1183.249925064439,2474.538233670022],
