{
    "drone_dist": [
        [0.0,4448.286476589852,2417.314039050665,1785.6742831521206,2549.917832810994,2731.228820399826,2804.9159585227876,4293.230094611028,2711.8713594664787,1258.0597027967913,1032.5965915290487,2740.1286760054254,4185.756155284498,3111.253223491856,2679.3096909990377,2151.30548891738,3209.3848338595153,3930.853022758513,3368.7529548999864,4189.329629469702,697.8610021396937,3373.4390535456446,2705.0041808405545,1041.2216079600412,2850.3155594710547,814.8579402634807,3556.7856362704642,5315.604780947614,1560.7215735811983,3891.759692128986,3342.637260070367,3773.4848041769374,4790.430508459313,2683.845478430247,1496.8454132953354,3476.4906166380547,2912.3707953167914,571.1583370560279,5221.447389912521,2371.507180384443,4448.780819538148,4340.209992703748,3691.9203048895038,1237.0551181732294,886.8684850640365,4517.472706025356,2848.849569311419,4420.7456256388095,1645.1176495301002,3052.6330449030734,0.0],
        [4448.286476589852,0.0,2440.335295788723,2662.6183368214956,5430.608688356185,2186.4154733712026,4816.1260298362,3885.2293383439796,3410.3689714743896,3602.2838227489037,4286.379313142498,3818.291612841455,3137.886858413003,3946.0214875117385,4945.064784820779,3268.474628085609,1241.78979587781,4326.228379959808,1171.7903395644776,283.7336730552808,4090.320917523315,3260.06245307209,3551.796763894339,3662.864871439427,4210.25149780255,3683.609322149213,5032.250365201009,3669.70963061585,4002.8177711561943,2368.2024125166395,4722.549787289127,806.6479093776629,3137.0257973346897,2765.34221241345,4901.194318980308,1093.6449619245282,1886.8268747889808,4278.660414901773,3737.024637570992,2409.2144643261804,396.0258372216405,3976.5253133768765,3492.9181655100638,4571.465776312547,3689.7341219687232,695.5904634411414,1890.2142289308922,1416.039659871742,3055.4456432948473,2026.8268643058184,4448.286476589852],
        [2417.314039050665,2440.335295788723,0.0,1061.4536397591846,4343.33374779964,320.29171209666816,4108.540542564862,4409.959877409828,3088.716179294891,2208.483890587794,2759.8868842978973,3404.7589886840256,3902.395328361711,3723.745512367556,4119.870260302422,2562.9758308660676,1345.8168070951097,4454.460474463446,1273.5550405950767,2256.140902288735,1857.4816691680287,3436.9495895535283,3189.4017033878654,1419.4724707696766,3741.456448486047,1608.0981412614726,4660.612459378037,4897.620189765579,2814.6171124065645,3232.3470895865835,4353.565050998302,1641.861319769445,4287.434435200319,2549.6151594600647,3458.8777575666695,1881.8433311866136,574.4662208335471,2512.648512559984,4879.675879623389,100.4190318437147,2609.1473897788956,4491.5542005499065,3798.1252079429933,3094.828146312133,1996.3107347522537,2804.460798915447,1849.4670619748742,3090.097335560982,775.8499766814394,2249.9674646482445,2417.314039050665],
        [1785.6742831521206,2662.6183368214956,1061.4536397591846,0.0,3315.788936870618,1273.5857605888439,3047.2810127676066,3516.0423499061317,2081.205857559426,1186.5825982480806,1807.3090335353118,2368.3811364097864,3115.4212397358783,2703.654993299249,3062.3748027494885,1521.5158280498774,1424.545666289284,3468.8177876194977,1608.3128103809001,2404.95385458239,1499.6703677371493,2518.2272604059917,2169.1046793771484,1129.4765084643534,2691.3125697292985,1043.0863561981098,3606.734936337932,4194.12812536628,1773.5625928388665,2564.6941151237447,3302.947579005657,2006.7089898967524,3599.1821832093738,1624.2413228261423,2498.0626958233984,1721.3720518379891,1321.0835881236974,1671.3846335620133,4146.959157683755,967.2238508430097,2675.443022363042,3590.831657392863,2884.8219921033215,2135.320808121518,1088.2977532866275,2767.6893599912596,1242.3691348635996,2785.3832285639915,779.6509908952535,1575.1229556315554,1785.6742831521206],
        [2549.917832810994,5430.608688356185,4343.33374779964,3315.788936870618,0.0,4586.119842460933,892.805060374672,3090.8422916906466,2150.4214694793154,2135.934925329187,1658.1112560036072,1798.97409052568,3459.9496793207586,1929.07847794806,657.4021319696999,2162.3458166057,4413.043554462021,2408.1858270032376,4717.80838131554,5147.7317797937685,3188.8742675592002,2669.397434060948,2021.6913540536889,3363.0139349385177,1507.243879072512,3002.6074887274144,1493.5938426324294,4387.067453265744,1545.7180981237716,3684.3524204044515,1493.5636530617414,5049.158963374484,4090.7456744025644,2706.701662193248,1053.2085040032816,4340.017883428987,4626.904992257819,2068.6291256943605,4235.349108069877,4258.420638080258,5242.70940429673,3083.095484878214,2760.480196146505,1351.0118854102695,2396.3138534474306,5158.665985980573,3543.6768569554447,4693.704700634111,3729.6675902129123,3437.980203310099,2549.917832810994],
        [2731.228820399826,2186.4154733712026,320.29171209666816,1273.5857605888439,4586.119842460933,0.0,4305.58666156816,4458.054649335317,3214.1282197601754,2451.3441539388336,3030.9409234176405,3551.560693986109,3908.0861709625747,3853.548800123824,4330.858447433664,2722.134900857684,1185.3091568296913,4554.165512931762,1043.0695335426576,2023.191248084951,2177.7397615520467,3506.825620135383,3323.4726355667585,1739.412224369446,3902.9946473843697,1919.3095895927574,4825.266538918213,4861.33324131491,3046.5162513176565,3203.6301970682634,4513.5319270149575,1380.4279628943236,4251.071542282829,2637.3634753223537,3729.84323656855,1746.7521088592835,300.7273548566826,2805.5515357463555,4854.610780050566,361.142381259098,2386.348180250384,4542.414295680628,3861.276691931874,3365.1431658323477,2272.5680704417814,2601.986529259784,1850.363520645809,2951.6772390633905,1094.1498725276133,2251.5766767985997,2731.228820399826],
        [2804.9159585227876,4816.1260298362,4108.540542564862,3047.2810127676066,892.805060374672,4305.58666156816,0.0,2198.467496469863,1417.3778165450724,1977.594006379935,1779.476699348695,1019.4746358856202,2586.3374901325124,1062.9118043460467,238.77259351789596,1636.18460903344,3917.611296412255,1528.0925083240309,4248.210816466176,4538.543190794548,3334.3795471625376,1832.131859411671,1277.0358547653304,3394.550700077641,660.7030937303509,3028.0681472306724,766.4368630338083,3494.3550534350625,1377.2695333441848,2878.9685448089235,643.8915454878864,4537.513284075007,3208.931264227373,2050.862168897704,1471.0777927887575,3748.806907245586,4289.807413753943,2245.804327829154,3342.56391755757,4014.4515591699337,4586.155533294965,2192.2461535116418,1884.4787166120627,1589.8497503512472,2358.743646457341,4467.8417183773245,2972.6975344283237,3938.7879945420364,3614.907738897694,2789.9438055191736,2804.9159585227876],
        [4293.230094611028,3885.2293383439796,4409.959877409828,3516.0423499061317,3090.8422916906466,4458.054649335317,2198.467496469863,0.0,1589.8112350639149,3069.6241939913925,3354.703062635171,1591.6320970575684,765.2905803769169,1266.2263590533614,2436.0013767177834,2189.754955937062,3541.71423616329,743.5389232475829,3885.2511446756316,3666.508898816559,4556.79519615198,1000.4278192610894,1588.2904057734652,4402.7036819706545,1663.109141275405,4101.729186315924,1800.187894108722,1304.17210900539,2775.0975060058345,1517.4675685974366,1640.7319112436464,3993.337005308915,1159.2535607333439,1891.8993180465225,3423.930882887766,3093.202907030883,4297.136687893598,3748.888460361559,1146.850851381354,4310.931120420354,3533.350666749325,91.77798458397132,635.9349065279441,3356.9686055815337,3506.620104919411,3298.948396001238,2622.483610674264,2577.4815775236198,4286.398985702807,2233.865949096551,4293.230094611028],
        [2711.8713594664787,3410.3689714743896,3088.716179294891,2081.205857559426,2150.4214694793154,3214.1282197601754,1417.3778165450724,1589.8112350639149,0.0,1479.8159392687337,1821.513955801664,408.18199658207305,1538.4519399990866,639.8888908999912,1574.6726638232567,612.2040275527212,2600.9527682222256,1391.9557417704045,2946.5716699202826,3136.0218659579505,2972.026870857282,682.4963248294068,141.49406436409004,2843.2620846616373,801.5983358127319,2526.751170215244,1678.9436915845122,2644.37296891043,1248.4080169188653,1552.729202083613,1359.8744186380063,3193.847669009251,2180.910234030328,662.7698923617664,2056.217136199772,2361.7587267233966,3129.320047102537,2180.5187917323974,2534.5708870210447,2988.59249267386,3170.345230053,1644.1196307955377,980.1309871695981,1893.369834243989,1917.6256899003513,3050.974358403988,1618.2978286410655,2545.5590358502104,2810.0509859831363,1385.165500275792,2711.8713594664787],
        [1258.0597027967913,3602.2838227489037,2208.483890587794,1186.5825982480806,2135.934925329187,2451.3441539388336,1977.594006379935,3069.6241939913925,1479.8159392687337,0.0,684.1057104836704,1582.029377528863,2928.0102764420762,1958.743796831384,1947.7702482867285,896.6920353931312,2438.8983919175107,2786.3102227139716,2697.7237191626027,3323.232095204747,1507.2980524539787,2124.258446785085,1493.9357272580496,1454.1203313315798,1789.426764728132,1101.4493728429898,2637.4142620207367,4058.1892857146086,615.723090527306,2658.0158385642,2365.7901800074283,3069.1432148539257,3533.3436320721407,1436.7376111364488,1335.2165224881344,2534.8711349218206,2506.5454215119003,798.2602907382319,3965.9184739020784,2122.711342773263,3514.914852263266,3123.0175522329646,2453.9877883036975,983.1396589140419,444.6551806536784,3522.8273446971425,1791.6643840313623,3300.032467701856,1642.4144207126083,1900.933543792773,1258.0597027967913],
        [1032.5965915290487,4286.379313142498,2759.8868842978973,1807.3090335353118,1658.1112560036072,3030.9409234176405,1779.476699348695,3354.703062635171,1821.513955801664,684.1057104836704,0.0,1768.8556506629373,3353.193024369899,2127.1179104304606,1670.1471288114744,1361.5744512818412,3117.722055683096,2931.4204669109927,3366.979983538987,4007.215100774287,1571.822879656975,2503.579300164706,1783.380790917264,1706.5000684763427,1833.47629781799,1344.625094112249,2525.7702070220166,4465.82531330578,580.1949633536094,3203.0805855757058,2310.4028076634827,3744.5631203388225,3986.9898043222547,1981.9403717655555,699.1937960598547,3217.0415756011666,3121.253376938582,466.59058597768745,4355.218151294235,2683.804987731676,4195.26465511529,3392.7214774776426,2786.136892840613,334.96284360690635,765.3490147185312,4195.469604823366,2463.8078884986217,3936.908779519346,2092.965462727031,2538.811121520784,1032.5965915290487],
        [2740.1286760054254,3818.291612841455,3404.7589886840256,2368.3811364097864,1798.97409052568,3551.560693986109,1019.4746358856202,1591.6320970575684,408.18199658207305,1582.029377528863,1768.8556506629373,0.0,1728.1297035110517,377.0541488668843,1192.5407490822527,847.0290279303149,2995.381348636468,1205.1619893728052,3338.3395645639216,3544.1599681958,3088.034053636632,887.7503163839036,267.20214697805466,3014.4367138710286,393.9253376201257,2675.446585607348,1291.773806676416,2774.5351475362677,1192.6841411815458,1886.080809413044,973.5179521246529,3594.932163076273,2376.050724404621,1067.274900024958,1862.7374411545482,2769.0444755516737,3485.4674587030886,2181.2862170175576,2646.495342689429,3305.5823713244863,3575.305327124554,1625.629234009177,1069.5255979252906,1767.518548303558,2026.085893526424,3450.2609782815625,2018.6881831213161,2922.9185841595495,3058.623856139337,1793.3474710804912,2740.1286760054254],
        [4185.756155284498,3137.886858413003,3902.395328361711,3115.4212397358783,3459.9496793207586,3908.0861709625747,2586.3374901325124,765.2905803769169,1538.4519399990866,2928.0102764420762,3353.193024369899,1728.1297035110517,0.0,1530.8746253895645,2809.076157253048,2036.3191578581284,2901.560416698429,1384.9291937949235,3233.38718075517,2929.3927782965993,4334.591064414443,860.4556898703363,1603.5852861254525,4114.157869514114,1953.9542882643557,3854.417299083948,2374.5511833640144,1130.6963782426299,2785.2904101106287,786.4435806274757,2145.830329901783,3301.19903242584,648.6835358029397,1550.592815962339,3574.4408044885727,2411.7538769977527,3716.4453208368695,3684.388765898096,1049.7264727680115,3806.6647872840053,2778.379432217834,853.4393804183206,701.94622363015,3430.8055504313475,3333.955892445784,2537.6927474386475,2059.3778453553564,1812.4745833630202,3894.8525145778553,1657.3185560371012,4185.756155284498],
        [3111.253223491856,3946.0214875117385,3723.745512367556,2703.654993299249,1929.07847794806,3853.548800123824,1062.9118043460467,1266.2263590533614,639.8888908999912,1958.743796831384,2127.1179104304606,377.0541488668843,1530.8746253895645,0.0,1279.8404574095891,1192.3950537023475,3216.148747765921,828.1112338416003,3564.8643774560883,3680.0080468519423,3465.0275792792654,781.6562818705522,535.1396194984773,3387.1030053188488,424.7887937484867,3050.437175633003,1087.0279831179619,2505.754480380917,1556.7379265508694,1842.2865267911643,777.0312294042496,3793.021153928624,2164.803242246552,1274.063788346064,2157.7954136222907,2934.6490116714826,3768.5683684574938,2549.291927333685,2366.816125035734,3623.828397140887,3674.20542734539,1289.2424962846783,832.7225387215069,2100.1384237169823,2402.9524263263784,3521.5128807453257,2226.6507746777615,2935.7622098327647,3412.191454137938,1949.4058619778193,3111.253223491856],
        [2679.3096909990377,4945.064784820779,4119.870260302422,3062.3748027494885,657.4021319696999,4330.858447433664,238.77259351789596,2436.0013767177834,1574.6726638232567,1947.7702482867285,1670.1471288114744,1192.5407490822527,2809.076157253048,1279.8404574095891,0.0,1717.5112740837035,4006.222713428919,1766.3819092650424,4329.842375565162,4665.233153477816,3239.492070616519,2036.6041267429007,1437.6827839342639,3329.1261091216056,864.1672894441897,2961.448930427507,953.7987358538737,3730.263070717749,1333.9826727453817,3072.0225495419522,872.790617405785,4633.039470581043,3436.289979267407,2183.8449090049253,1288.1734221978343,3867.652536893052,4331.5522509411185,2132.0201174361705,3579.2601913202448,4027.999122870617,4728.571154511212,2430.55591513236,2108.0935113195387,1447.4765787334,2301.5201885274505,4621.641162883452,3081.8146158075556,4114.3300069279385,3590.095606663502,2924.489683235997,2679.3096909990377],
        [2151.30548891738,3268.474628085609,2562.9758308660676,1521.5158280498774,2162.3458166057,2722.134900857684,1636.18460903344,2189.754955937062,612.2040275527212,896.6920353931312,1361.5744512818412,847.0290279303149,2036.3191578581284,1192.3950537023475,1717.5112740837035,0.0,2288.7605858643133,1990.808647496301,2614.472790819127,2985.46939789003,2367.0425186423745,1228.5273777383832,666.7267075983269,2231.086250710295,1181.1095545979338,1916.0655259771493,2103.164475094706,3165.006423399345,852.7334815004847,1843.1431085465342,1792.4973768055106,2916.1637253060608,2652.061082000112,635.0989603313724,1767.7832828909354,2177.74878341677,2676.3068146776345,1651.5233674268834,3070.2457048878946,2464.3782062402433,3091.0253871243804,2248.2826523265558,1565.1161458716867,1519.2623866727918,1321.911176479067,3028.4805761333955,1381.916126470551,2653.965687975633,2219.8688835665284,1302.5694648594392,2151.30548891738],
        [3209.3848338595153,1241.78979587781,1345.8168070951097,1424.545666289284,4413.043554462021,1185.3091568296913,3917.611296412255,3541.71423616329,2600.9527682222256,2438.8983919175107,3117.722055683096,2995.381348636468,2901.560416698429,3216.148747765921,4006.222713428919,2288.7605858643133,0.0,3785.766056150526,351.72819904225867,996.4522299947314,2854.608549510695,2686.772241617346,2734.3554915865448,2432.7384192642285,3384.230927096748,2441.946381144253,4279.895440816254,3759.950641052944,2909.3453796133354,2142.7468952367067,3960.820726669831,637.7551461233389,3155.829635151126,1943.466546132258,3767.1891084192525,567.5528598495401,912.8175856710543,3065.952089020528,3771.726848132614,1286.7104374210671,1308.9248021934493,3631.3477622791543,3005.270341344475,3421.371538694397,2475.2208630474265,1471.0234279271835,990.5741337033512,1766.534211952861,1847.1820865412217,1326.3438543739203,3209.3848338595153],
        [3930.853022758513,4326.228379959808,4454.460474463446,3468.8177876194977,2408.1858270032376,4554.165512931762,1528.0925083240309,743.5389232475829,1391.9557417704045,2786.3102227139716,2931.4204669109927,1205.1619893728052,1384.9291937949235,828.1112338416003,1766.3819092650424,1990.808647496301,3785.766056150526,0.0,4137.302262547621,4082.5613268560537,4292.976381548571,1101.541985788983,1324.541736150317,4207.823786251107,1112.2128572824247,3875.0871431496494,1057.5060708020274,2035.7234360300404,2371.2319684262943,2004.447004811274,923.3369306443923,4309.587016659479,1887.2642146344867,1917.3920783650992,2875.7652065511547,3415.1096737102184,4437.350648870856,3365.2092735100055,1872.4927685084865,4354.041892778713,4005.350804836624,707.9231714659334,834.2488742847968,2870.8260465223043,3230.7059107569744,3802.7715946100247,2807.138547496227,3123.6519072122874,4201.934362708938,2463.0507716365405,3930.853022758513],
        [3368.7529548999864,1171.7903395644776,1273.5550405950767,1608.3128103809001,4717.80838131554,1043.0695335426576,4248.210816466176,3885.2511446756316,2946.5716699202826,2697.7237191626027,3366.979983538987,3338.3395645639216,3233.38718075517,3564.8643774560883,4329.842375565162,2614.472790819127,351.72819904225867,4137.302262547621,0.0,983.9539044613317,2952.4205879762753,3037.977002327572,3078.80020583648,2517.2852362289595,3725.540784562694,2575.6212805684986,4625.252650465441,4058.587486469617,3197.9493290163696,2465.470413431141,4306.0972874017625,406.259898227671,3459.71550675848,2291.308218140221,4032.428681648245,844.7880357942125,744.0232122833273,3277.0099643166677,4078.2059773164638,1238.2784060389797,1343.6616094885435,3975.2589093024308,3354.6605651757222,3679.9890618824784,2689.1912140390723,1562.5070715384777,1341.0269156035602,1980.8577771581029,1894.420186116825,1676.8392025837895,3368.7529548999864],
        [4189.329629469702,283.7336730552808,2256.140902288735,2404.95385458239,5147.7317797937685,2023.191248084951,4538.543190794548,3666.508898816559,3136.0218659579505,3323.232095204747,4007.215100774287,3544.1599681958,2929.3927782965993,3680.0080468519423,4665.233153477816,2985.46939789003,996.4522299947314,4082.5613268560537,983.9539044613317,0.0,3851.026208564009,3006.72177954462,3277.3231724713382,3428.6168547417847,3936.8033375422474,3434.067217876483,4766.908932490943,3526.824178293948,3719.4876749165614,2150.1354272341405,4455.673159185748,678.0052511216077,2974.0286635961706,2487.74712780301,4618.996194622297,809.9263441259096,1722.6180927778332,4006.9700351464326,3583.444391705392,2216.4634288851353,373.3307651955989,3758.1473060169205,3251.435150816238,4290.44175694578,3419.190380016438,644.8577889913873,1606.6121321108196,1280.7847461989734,2834.0011925286108,1751.1424280531144,4189.329629469702],
        [697.8610021396937,4090.320917523315,1857.4816691680287,1499.6703677371493,3188.8742675592002,2177.7397615520467,3334.3795471625376,4556.79519615198,2972.026870857282,1507.2980524539787,1571.822879656975,3088.034053636632,4334.591064414443,3465.0275792792654,3239.492070616519,2367.0425186423745,2854.608549510695,4292.976381548571,2952.4205879762753,3851.026208564009,0.0,3584.2641231061384,2996.9892024083115,441.9385363151192,3269.686968699212,491.24241903479225,4058.649036227442,5459.195520849123,1992.0057018360023,3921.5200850657884,3814.4333623768366,3357.360795815068,4896.99398246612,2785.912888703918,2145.281058263571,3214.5567645394303,2398.3314026978364,1123.9615517870131,5384.098269500382,1830.7794948442845,4147.555640716552,4614.664031861617,3930.3205906639882,1842.9559324715367,1062.6430969962723,4258.6158536433,2709.056676581524,4276.0576472836765,1090.6884144300316,2989.081422129382,697.8610021396937],
        [3373.4390535456446,3260.06245307209,3436.9495895535283,2518.2272604059917,2669.397434060948,3506.825620135383,1832.131859411671,1000.4278192610894,682.4963248294068,2124.258446785085,2503.579300164706,887.7503163839036,860.4556898703363,781.6562818705522,2036.6041267429007,1228.5273777383832,2686.772241617346,1101.541985788983,3037.977002327572,3006.72177954462,3584.2641231061384,0.0,743.2626923159587,3411.1017442621696,1173.521836795037,3119.571574900207,1813.6062922674257,1962.3180086861298,1930.8304422896301,1061.9507043653093,1525.9096439411164,3208.8408412777826,1507.3911167420938,896.3770428257454,2715.6825489692756,2316.720924666262,3368.8910570242656,2853.512069758098,1855.2187160634408,3337.0995413638916,2960.5982313826235,1072.9698619149317,366.5947336086614,2571.3158570590754,2549.34511684324,2785.039412310696,1715.4298959907708,2167.2817102590425,3286.567683257541,1362.1407190883042,3373.4390535456446],
        [2705.0041808405545,3551.796763894339,3189.4017033878654,2169.1046793771484,2021.6913540536889,3323.4726355667585,1277.0358547653304,1588.2904057734652,141.49406436409004,1493.9357272580496,1783.380790917264,267.20214697805466,1603.5852861254525,535.1396194984773,1437.6827839342639,666.7267075983269,2734.3554915865448,1324.541736150317,3078.80020583648,3277.3231724713382,2996.9892024083115,743.2626923159587,0.0,2888.1781913966606,661.0312493617931,2562.6730193657686,1546.798917088106,2692.389688712768,1204.4249383421939,1670.032190416243,1227.6491407804583,3330.52921687426,2250.5904544390514,800.9249117077227,1973.513896717607,2501.9326005838466,3246.2741419795343,2162.3791487589215,2575.9299490805656,3089.577066486609,3311.5567656872818,1635.9157911445075,1002.7615989772368,1831.4424514867258,1936.6834360199525,3190.874843411747,1754.4308864522634,2678.8374725120034,2884.093665316304,1526.3579805364334,2705.0041808405545],
        [1041.2216079600412,3662.864871439427,1419.4724707696766,1129.4765084643534,3363.0139349385177,1739.412224369446,3394.550700077641,4402.7036819706545,2843.2620846616373,1454.1203313315798,1706.5000684763427,3014.4367138710286,4114.157869514114,3387.1030053188488,3329.1261091216056,2231.086250710295,2432.7384192642285,4207.823786251107,2517.2852362289595,3428.6168547417847,441.9385363151192,3411.1017442621696,2888.1781913966606,0.0,3242.8999771724234,367.6913205046708,4083.9590498564958,5225.825131347161,2019.4439372636548,3641.9123108818353,3818.2864307265336,2921.2607886110245,4647.676258810809,2566.785893512258,2351.5322786207685,2817.5233988545406,1956.5592592845649,1315.2756886549696,5161.953663989948,1390.0352634693122,3733.4659071300525,4466.881366737375,3768.474158525213,2015.8130869528056,1037.3634913695696,3856.2677516729664,2367.1382324399106,3913.8614148309534,649.1663710979185,2677.4181042577625,1041.2216079600412],
        [2850.3155594710547,4210.25149780255,3741.456448486047,2691.3125697292985,1507.243879072512,3902.9946473843697,660.7030937303509,1663.109141275405,801.5983358127319,1789.426764728132,1833.47629781799,393.9253376201257,1953.9542882643557,424.7887937484867,864.1672894441897,1181.1095545979338,3384.230927096748,1112.2128572824247,3725.540784562694,3936.8033375422474,3269.686968699212,1173.521836795037,661.0312493617931,3242.8999771724234,0.0,2890.273422411845,922.4527937088662,2923.854996614664,1293.8277282404777,2218.3502804483205,612.1147616675712,3986.9152531549007,2589.473623336056,1461.0298970360486,1775.3084731779097,3162.9523585561606,3849.9752733437226,2280.04458616454,2781.796493368814,3643.356337371322,3962.865582099197,1676.0458185790612,1257.3203849125923,1758.7641692686332,2222.252094793508,3831.5670929936373,2410.842550413442,3284.3808292984027,3347.426417658854,2186.445633068017,2850.3155594710547],
        [814.8579402634807,3683.609322149213,1608.0981412614726,1043.0863561981098,3002.6074887274144,1919.3095895927574,3028.0681472306724,4101.729186315924,2526.751170215244,1101.4493728429898,1344.625094112249,2675.446585607348,3854.417299083948,3050.437175633003,2961.448930427507,1916.0655259771493,2441.946381144253,3875.0871431496494,2575.6212805684986,3434.067217876483,491.24241903479225,3119.571574900207,2562.6730193657686,367.6913205046708,2890.273422411845,0.0,3721.8558240345415,4976.311168745896,1654.2768929879724,3430.6803337829365,3459.6375984768474,2981.739950523461,4410.370218265908,2304.0959215466755,2002.2893739980848,2764.3555182867185,2097.62305897802,974.3810889719886,4904.1410069257045,1558.7791980562056,3715.1708391528023,4162.6305590406055,3470.9770689048614,1659.6394193968154,673.9099371150783,3810.7305359840957,2226.521316675537,3798.603092435217,844.535281840144,2499.2483332272413,814.8579402634807],
        [3556.7856362704642,5032.250365201009,4660.612459378037,3606.734936337932,1493.5938426324294,4825.266538918213,766.4368630338083,1800.187894108722,1678.9436915845122,2637.4142620207367,2525.7702070220166,1291.773806676416,2374.5511833640144,1087.0279831179619,953.7987358538737,2103.164475094706,4279.895440816254,1057.5060708020274,4625.252650465441,4766.908932490943,4058.649036227442,1813.6062922674257,1546.798917088106,4083.9590498564958,922.4527937088662,3721.8558240345415,0.0,3090.954953349403,2071.811191769931,2860.6176938158665,319.16663868363895,4869.00538834983,2928.0195724189202,2338.8113903959406,2234.139492537887,4019.1984136950905,4771.328664560552,2991.9683887659758,2926.015860920008,4562.920940289658,4755.300775542911,1764.8112619304886,1712.2942326583745,2353.1474166469557,3047.960187629078,4593.369589945902,3295.639770858342,3978.2158769002535,4240.904188955665,3034.06035090068,3556.7856362704642],
        [5315.604780947614,3669.70963061585,4897.620189765579,4194.12812536628,4387.067453265744,4861.33324131491,3494.3550534350625,1304.17210900539,2644.37296891043,4058.1892857146086,4465.82531330578,2774.5351475362677,1130.6963782426299,2505.754480380917,3730.263070717749,3165.006423399345,3759.950641052944,2035.7234360300404,4058.587486469617,3526.824178293948,5459.195520849123,1962.3180086861298,2692.389688712768,5225.825131347161,2923.854996614664,4976.311168745896,3090.954953349403,0.0,3891.7512476472866,1665.4952638550844,2944.6330782388436,4035.164734234003,610.5958474673314,2673.2932111866658,4637.2616034749335,3213.8727685746485,4637.4601115288,4809.532265236515,171.9740309381156,4806.342603210236,3276.3864926563833,1328.1918689870663,1705.2637036766466,4522.603071709312,4464.439153121989,2987.312106103305,3053.8947091418704,2254.4380718632387,4969.022145313856,2660.895040851201,5315.604780947614],
        [1560.7215735811983,4002.8177711561943,2814.6171124065645,1773.5625928388665,1545.7180981237716,3046.5162513176565,1377.2695333441848,2775.0975060058345,1248.4080169188653,615.723090527306,580.1949633536094,1192.6841411815458,2785.2904101106287,1556.7379265508694,1333.9826727453817,852.7334815004847,2909.3453796133354,2371.2319684262943,3197.9493290163696,3719.4876749165614,1992.0057018360023,1930.8304422896301,1204.4249383421939,2019.4439372636548,1293.8277282404777,1654.2768929879724,2071.811191769931,3891.7512476472866,0.0,2684.830788830748,1822.428972840712,3546.959587508617,3423.937642033385,1487.8319354053178,924.8588436085136,2911.904951588211,3081.2571931638004,994.0039307161381,3778.763409060834,2726.49841879048,3865.9798467339247,2814.0387650942857,2206.9403314537803,669.3138600629997,982.3599728001518,3831.347171570828,2123.8840007498825,3498.4858590697927,2256.7138567722336,2122.6278573354953,1560.7215735811983],
        [3891.759692128986,2368.2024125166395,3232.3470895865835,2564.6941151237447,3684.3524204044515,3203.6301970682634,2878.9685448089235,1517.4675685974366,1552.729202083613,2658.0158385642,3203.0805855757058,1886.080809413044,786.4435806274757,1842.2865267911643,3072.0225495419522,1843.1431085465342,2142.7468952367067,2004.447004811274,2465.470413431141,2150.1354272341405,3921.5200850657884,1061.9507043653093,1670.032190416243,3641.9123108818353,2218.3502804483205,3430.6803337829365,2860.6176938158665,1665.4952638550844,2684.830788830748,0.0,2582.7139663837434,2517.056036410055,1055.9889965491734,1226.5378578458708,3569.24542584697,1633.5577928519417,2990.841189264755,3453.1524153655146,1651.118132632241,3140.874786762452,2021.9958242688488,1608.933654126953,1179.7610376624089,3354.110054555124,3007.703055982949,1802.7287709802767,1389.4882218557566,1124.8834875944979,3329.1749095033056,1001.9318207259931,3891.759692128986],
        [3342.637260070367,4722.549787289127,4353.565050998302,3302.947579005657,1493.5636530617414,4513.5319270149575,643.8915454878864,1640.7319112436464,1359.8744186380063,2365.7901800074283,2310.4028076634827,973.5179521246529,2145.830329901783,777.0312294042496,872.790617405785,1792.4973768055106,3960.820726669831,923.3369306443923,4306.0972874017625,4455.673159185748,3814.4333623768366,1525.9096439411164,1227.6491407804583,3818.2864307265336,612.1147616675712,3459.6375984768474,319.16663868363895,2944.6330782388436,1822.428972840712,2582.7139663837434,0.0,4550.840490639263,2728.493022550749,2020.1734494482164,2093.9404221180685,3703.654061693284,4455.866684378358,2773.0729960607828,2785.195180722975,4255.441376631954,4450.814235351601,1619.72099659373,1461.8059535674558,2169.275487170739,2786.567957859355,4294.792914460421,2976.9661920730987,3693.1507624134842,3950.7681066149926,2718.867066832339,3342.637260070367],
        [3773.4848041769374,806.6479093776629,1641.861319769445,2006.7089898967524,5049.158963374484,1380.4279628943236,4537.513284075007,3993.337005308915,3193.847669009251,3069.1432148539257,3744.5631203388225,3594.932163076273,3301.19903242584,3793.021153928624,4633.039470581043,2916.1637253060608,637.7551461233389,4309.587016659479,406.259898227671,678.0052511216077,3357.360795815068,3208.8408412777826,3330.52921687426,2921.2607886110245,3986.9152531549007,2981.739950523461,4869.00538834983,4035.164734234003,3546.959587508617,2517.056036410055,4550.840490639263,0.0,3452.728567250846,2531.395935427769,4400.50326566819,901.6124104615337,1081.6058880910268,3670.941356244721,4071.7445660407175,1617.2383127606604,1051.321720784903,4084.670718554889,3502.3980013044434,4052.259353828246,3081.532995628284,1311.9549266875777,1576.246042641261,1853.6836353203214,2294.127812485788,1856.1729890451759,3773.4848041769374],
        [4790.430508459313,3137.0257973346897,4287.434435200319,3599.1821832093738,4090.7456744025644,4251.071542282829,3208.931264227373,1159.2535607333439,2180.910234030328,3533.3436320721407,3986.9898043222547,2376.050724404621,648.6835358029397,2164.803242246552,3436.289979267407,2652.061082000112,3155.829635151126,1887.2642146344867,3459.71550675848,2974.0286635961706,4896.99398246612,1507.3911167420938,2250.5904544390514,4647.676258810809,2589.473623336056,4410.370218265908,2928.0195724189202,610.5958474673314,3423.937642033385,1055.9889965491734,2728.493022550749,3452.728567250846,0.0,2118.5140428888312,4222.628805308335,2615.1522332411405,4028.7484389407377,4303.584114924092,619.6803982744912,4196.390860752535,2749.87826223502,1221.602117632166,1332.162897377663,4074.2800681752783,3924.879787459292,2472.1493091269613,2445.2724994956247,1725.966777870711,4371.074781247209,2054.399752407041,4790.430508459313],
        [2683.845478430247,2765.34221241345,2549.6151594600647,1624.2413228261423,2706.701662193248,2637.3634753223537,2050.862168897704,1891.8993180465225,662.7698923617664,1436.7376111364488,1981.9403717655555,1067.274900024958,1550.592815962339,1274.063788346064,2183.8449090049253,635.0989603313724,1943.466546132258,1917.3920783650992,2291.308218140221,2487.74712780301,2785.912888703918,896.3770428257454,800.9249117077227,2566.785893512258,1461.0298970360486,2304.0959215466755,2338.8113903959406,2673.2932111866658,1487.8319354053178,1226.5378578458708,2020.1734494482164,2531.395935427769,2118.5140428888312,0.0,2400.1682431180793,1703.4857194551348,2523.045058526136,2228.5180486746294,2600.228247056177,2449.397185164111,2545.7674632525923,1967.3773729126322,1262.5226991737832,2153.677533124484,1809.1482906750916,2451.998007671379,956.8301564609246,2029.2326697747765,2396.923663141734,740.717336892525,2683.845478430247],
        [1496.8454132953354,4901.194318980308,3458.8777575666695,2498.0626958233984,1053.2085040032816,3729.84323656855,1471.0777927887575,3423.930882887766,2056.217136199772,1335.2165224881344,699.1937960598547,1862.7374411545482,3574.4408044885727,2157.7954136222907,1288.1734221978343,1767.7832828909354,3767.1891084192525,2875.7652065511547,4032.428681648245,4618.996194622297,2145.281058263571,2715.6825489692756,1973.513896717607,2351.5322786207685,1775.3084731779097,2002.2893739980848,2234.139492537887,4637.2616034749335,924.8588436085136,3569.24542584697,2093.9404221180685,4400.50326566819,4222.628805308335,2400.1682431180793,0.0,3816.0326076379756,3815.964248373226,1038.0957775013628,4508.035014507915,3382.99646685408,4779.885691683225,3444.147380291547,2932.208672290778,364.71940740265813,1463.227503953357,4752.944407451714,3036.4810708539935,4420.415171662336,2782.5011995072227,3047.4768267735108,1496.8454132953354],
        [3476.4906166380547,1093.6449619245282,1881.8433311866136,1721.3720518379891,4340.017883428987,1746.7521088592835,3748.806907245586,3093.202907030883,2361.7587267233966,2534.8711349218206,3217.0415756011666,2769.0444755516737,2411.7538769977527,2934.6490116714826,3867.652536893052,2177.74878341677,567.5528598495401,3415.1096737102184,844.7880357942125,809.9263441259096,3214.5567645394303,2316.720924666262,2501.9326005838466,2817.5233988545406,3162.9523585561606,2764.3555182867185,4019.1984136950905,3213.8727685746485,2911.904951588211,1633.5577928519417,3703.654061693284,901.6124104615337,2615.1522332411405,1703.4857194551348,3816.0326076379756,0.0,1479.8190861291137,3246.424426136919,3233.9061440154937,1812.8422069700139,984.0701749342459,3184.3998256612217,2602.8081386533654,3492.4289113274526,2666.0327322671515,1046.4250106572485,797.0480465693608,1209.2063659774046,2287.0106661759132,985.2771008225958,3476.4906166380547],
        [2912.3707953167914,1886.8268747889808,574.4662208335471,1321.0835881236974,4626.904992257819,300.7273548566826,4289.807413753943,4297.136687893598,3129.320047102537,2506.5454215119003,3121.253376938582,3485.4674587030886,3716.4453208368695,3768.5683684574938,4331.5522509411185,2676.3068146776345,912.8175856710543,4437.350648870856,744.0232122833273,1722.6180927778332,2398.3314026978364,3368.8910570242656,3246.2741419795343,1956.5592592845649,3849.9752733437226,2097.62305897802,4771.328664560552,4637.4601115288,3081.2571931638004,2990.841189264755,4455.866684378358,1081.6058880910268,4028.7484389407377,2523.045058526136,3815.964248373226,1479.8190861291137,0.0,2935.2921118135055,4638.157135013307,573.4859471055653,2086.438189834285,4383.438407934717,3715.5128928966524,3452.1390452257656,2378.1148108790817,2305.256201850069,1675.0066733504216,2676.2987125347618,1307.71877355959,2069.781120538791,2912.3707953167914],
        [571.1583370560279,4278.660414901773,2512.648512559984,1671.3846335620133,2068.6291256943605,2805.5515357463555,2245.804327829154,3748.888460361559,2180.5187917323974,798.2602907382319,466.59058597768745,2181.2862170175576,3684.388765898096,2549.291927333685,2132.0201174361705,1651.5233674268834,3065.952089020528,3365.2092735100055,3277.0099643166677,4006.9700351464326,1123.9615517870131,2853.512069758098,2162.3791487589215,1315.2756886549696,2280.04458616454,974.3810889719886,2991.9683887659758,4809.532265236515,994.0039307161381,3453.1524153655146,2773.0729960607828,3670.941356244721,4303.584114924092,2228.5180486746294,1038.0957775013628,3246.424426136919,2935.2921118135055,0.0,4708.097729138245,2447.501770056187,4230.349449528281,3792.553937335601,3158.941924326311,719.4168395994235,590.7317286120976,4263.627680121956,2545.4795451627683,4083.842436058283,1789.1821726010746,2688.8321695826194,571.1583370560279],
        [5221.447389912521,3737.024637570992,4879.675879623389,4146.959157683755,4235.349108069877,4854.610780050566,3342.56391755757,1146.850851381354,2534.5708870210447,3965.9184739020784,4355.218151294235,2646.495342689429,1049.7264727680115,2366.816125035734,3579.2601913202448,3070.2457048878946,3771.726848132614,1872.4927685084865,4078.2059773164638,3583.444391705392,5384.098269500382,1855.2187160634408,2575.9299490805656,5161.953663989948,2781.796493368814,4904.1410069257045,2926.015860920008,171.9740309381156,3778.763409060834,1651.118132632241,2785.195180722975,4071.7445660407175,619.6803982744912,2600.228247056177,4508.035014507915,3233.9061440154937,4638.157135013307,4708.097729138245,0.0,4786.977510623727,3346.1803036345073,1166.2642950350764,1580.1387699601473,4402.487718548362,4378.2295919205135,3061.68664349606,3031.3114420416578,2321.3114026616954,4924.4747748756445,2633.913583347429,5221.447389912521],
        [2371.507180384443,2409.2144643261804,100.4190318437147,967.2238508430097,4258.420638080258,361.142381259098,4014.4515591699337,4310.931120420354,2988.59249267386,2122.711342773263,2683.804987731676,3305.5823713244863,3806.6647872840053,3623.828397140887,4027.999122870617,2464.3782062402433,1286.7104374210671,4354.041892778713,1238.2784060389797,2216.4634288851353,1830.7794948442845,3337.0995413638916,3089.577066486609,1390.0352634693122,3643.356337371322,1558.7791980562056,4562.920940289658,4806.342603210236,2726.49841879048,3140.874786762452,4255.441376631954,1617.2383127606604,4196.390860752535,2449.397185164111,3382.99646685408,1812.8422069700139,573.4859471055653,2447.501770056187,4786.977510623727,0.0,2564.612131123259,4392.370430211091,3698.476786361608,3018.5737678313053,1922.0472230817722,2752.282269712313,1755.972640104433,3019.0871702300283,741.3503700663556,2155.7618866945227,2371.507180384443],
        [4448.780819538148,396.0258372216405,2609.1473897788956,2675.443022363042,5242.70940429673,2386.348180250384,4586.155533294965,3533.350666749325,3170.345230053,3514.914852263266,4195.26465511529,3575.305327124554,2778.379432217834,3674.20542734539,4728.571154511212,3091.0253871243804,1308.9248021934493,4005.350804836624,1343.6616094885435,373.3307651955989,4147.555640716552,2960.5982313826235,3311.5567656872818,3733.4659071300525,3962.865582099197,3715.1708391528023,4755.300775542911,3276.3864926563833,3865.9798467339247,2021.9958242688488,4450.814235351601,1051.321720784903,2749.87826223502,2545.7674632525923,4779.885691683225,984.0701749342459,2086.438189834285,4230.349449528281,3346.1803036345073,2564.612131123259,0.0,3624.086488039203,3171.1929120572445,4463.869285724191,3648.934836865371,301.52007625053517,1743.427156343054,1025.095569143711,3156.0905496065357,1806.8234499169537,4448.780819538148],
        [4340.209992703748,3976.5253133768765,4491.5542005499065,3590.831657392863,3083.095484878214,4542.414295680628,2192.2461535116418,91.77798458397132,1644.1196307955377,3123.0175522329646,3392.7214774776426,1625.629234009177,853.4393804183206,1289.2424962846783,2430.55591513236,2248.2826523265558,3631.3477622791543,707.9231714659334,3975.2589093024308,3758.1473060169205,4614.664031861617,1072.9698619149317,1635.9157911445075,4466.881366737375,1676.0458185790612,4162.6305590406055,1764.8112619304886,1328.1918689870663,2814.0387650942857,1608.933654126953,1619.72099659373,4084.670718554889,1221.602117632166,1967.3773729126322,3444.147380291547,3184.3998256612217,4383.438407934717,3792.553937335601,1166.2642950350764,4392.370430211091,3624.086488039203,0.0,706.6436537004363,3386.5136849364203,3561.742745421552,3388.7949047478646,2709.1641149755706,2665.9137561595003,4359.448599643227,2321.7589292705966,4340.209992703748],
