{
    "drone_dist": [
        [0.0,2199.0069273056665,3164.000776876241,2510.8213220426082,3416.8386204536705,4759.469520568686,469.98357261822616,3920.415436128653,3069.539980595911,127.70757379411654,932.5960047503952,2790.459132847578,2367.3251710669942,1727.5481654110183,4543.15723628657,2857.0826958801586,3665.721605546922,5420.032784220236,3239.8876453442263,1488.6724946559239,3425.2545908962966,1275.0785951318844,4600.899074743074,3928.373885377513,3452.441624879242,894.3952904284143,1351.2959582037251,1274.9911801876306,573.4560992479652,3422.9284993476135,1657.6952507394528,715.6148553879905,2270.16475744232,2605.708396132258,1899.4234140894164,2083.600483000367,1524.4799217457032,182.99715593297447,3223.168869377463,2564.6671015704665,2961.452673910328,2603.4515686970353,2239.5873342125233,3913.287128028004,1827.4979323955934,2361.0255392000668,3273.8405097368673,3733.7297831098663,2831.348833743538,4144.633230729576,3125.9803873527235,3376.850103842267,1543.9045587128269,2872.326273464428,1178.2126784121972,979.2910418351968,3822.1957467422244,1972.6928358940197,3904.157570403745,4836.883971976191,3059.5629580259792,2649.4925841798054,1859.3486834732698,3517.1235626554508,3423.492126173366,753.1511313218311,2603.32345725316,2046.87495757731,3212.2239338324302,1624.9543673389433,1426.8992493612739,1749.936199688356,1653.2959454769216,4296.570630751827,1088.6375831233863,1731.5171097216848,3302.7277554934917,3532.9160537644784,5005.452654455963,3499.5501968907283,0.0],
        [2199.0069273056665,0.0,2266.3777183764173,1266.9167438024067,2239.962166743489,2564.9362901916415,1736.3852923093232,3503.8302237274424,1022.2034975712929,2106.3317044187647,2911.692889090304,887.0378583466154,179.39364843956764,1363.5275502778934,2344.5366076597397,1453.9991820336832,2619.0079145148266,3277.6388203907727,1084.253617694191,1953.6646286294097,1584.6567928591396,987.2136157514295,2431.7643414403997,3086.6982024167396,2402.5043004932418,2107.8910890782668,1645.4002077494235,1468.0393536066465,1630.2559209328515,1332.9455080957812,2099.883790114086,2809.838876161189,457.66964893411233,1336.1448844822794,1497.8706964548392,1952.5162351713793,1197.5248271118367,2087.8405262605424,1961.6988011042097,676.3040097998022,1704.7021893367316,813.2991868849458,493.50851571917224,1865.5106025494913,463.4273806407189,2241.2178165799764,1284.722394231158,1658.290296442602,2799.269840701984,2436.5196133938475,1288.658832591588,2738.4801177004083,1326.12841813722,1564.7001719091857,1153.0884838344966,1258.244611655545,2691.590027442028,1235.7198389910477,2430.951967453574,2640.639303192337,1074.6971705147494,1066.8386261978235,1573.814985347669,2270.46625388369,1687.297286334615,1781.7896540321497,410.7390581067553,907.0946863200949,2327.385710556392,574.6073969317467,2255.0459219561567,1355.0381812423766,2375.759060803906,2100.321493216753,1925.7824003696044,978.0878054431699,1155.7805501720502,1867.9604789570267,2815.8849968504846,1341.120350026127,2199.0069273056665],
        [3164.000776876241,2266.3777183764173,0.0,1000.6180222913046,4486.045825348116,3560.8666520117295,2801.5073879338015,5761.967896024365,3003.5274970011146,3162.269268593735,3247.9610781314645,1602.9145262342263,2336.133894822588,1468.0436881555165,3211.649914668812,880.2456643616025,504.0834064177717,4485.943417415465,2821.656506815061,1764.2501508005175,1430.9538857255486,2221.2552866172964,3673.5632274923046,5348.607217230558,4659.278672489195,2397.9967298946403,3526.9240463298243,1900.3553377081078,2745.3400848954097,1980.0999490948402,4041.8351139697875,3343.033528706903,2723.410306412053,931.2362745240837,3628.260829853406,1144.2407556321407,3190.893679404826,3189.6622132289676,4206.468477603711,2890.2612058447558,620.0582917309655,1533.229986939189,2759.756167075362,3605.887101780801,2549.5269049557064,4396.108040511569,3260.1365344750216,2042.8625473032369,4973.669667492649,4461.051145984879,1420.2568728188812,5001.503981781485,1659.1164522857227,747.5314419833185,2870.4829682313716,2769.6554665013864,4928.443548853341,1297.9623760882992,4585.248263441705,3588.11333946501,3113.3881465530717,3314.2710501694946,3681.4995047430257,4502.983608740793,1245.1559475959796,3296.5396588709937,2377.992114684917,1463.6831553062425,4593.702006778054,2361.17281881864,4056.288386393064,3445.9204424923546,4247.161169925185,3192.563757168875,2133.9310276756673,1653.341903432356,2133.5322782931676,1142.7276949902837,3819.795010870705,2245.8200813263315,3164.000776876241],
        [2510.8213220426082,1266.9167438024067,1000.6180222913046,0.0,3496.333667068615,2984.4127290036745,2079.8962326126007,4761.913779834287,2072.414607736065,2475.656064142858,2857.721716182833,743.6203277519306,1345.6364017496333,835.7734577468273,2663.165240175281,346.57543115103726,1389.6413782441418,3865.947788249617,1943.1803455377014,1432.6887838963764,1028.8052463234392,1361.407829950992,3009.2179253260356,4352.290180354698,3665.2777056521045,1941.5587518579348,2605.1895464574122,1271.1378896559563,2000.4609453679666,1339.0332989782562,3114.9827841525844,2874.603954782056,1724.4405008028652,97.91463989882135,2650.3524134187937,1038.120729170746,2234.4443104135376,2488.6634058733134,3216.9141678769647,1904.1371904946957,498.294337745415,600.9013492724727,1759.9127159317202,2765.9788975665106,1560.0941442068702,3417.681222603094,2339.1444061588195,1543.9890886498529,3992.447411019407,3546.809352693711,805.0074905102798,4000.8975063594658,989.8872178939947,377.8554598311387,1961.5608312840425,1905.4173447965752,3942.844252242027,556.1710314975983,3628.3000748356467,3032.3471717834154,2171.683286984347,2322.1436751711585,2708.9631287563475,3518.416534903492,960.7507328155577,2467.0798849890334,1413.5741338291584,520.4074778904293,3594.1688605677527,1398.063920803692,3169.2163798346073,2474.164228845673,3343.42813074993,2554.871156513347,1671.8619821820828,799.1003018334698,1394.7068057420545,1035.2096679943265,3253.859457624796,1561.5700660649115,2510.8213220426082],
        [3416.8386204536705,2239.962166743489,4486.045825348116,3496.333667068615,0.0,2915.2969193717972,3129.4952470117314,1515.0364073470294,1619.5994568079775,3289.2294570419417,4343.395231768339,2940.3923203918926,2151.149812660313,3505.9434618802293,2973.5453215623456,3631.5607794458024,4790.2239116456,2997.4925513487033,1930.8766422364342,3967.970762385517,3482.0508278191655,2817.7701965864158,2559.8323753782483,892.3628339474787,216.30437598999757,3848.403494322042,2088.15734025827,3432.0173686438334,3050.0086337384437,2952.8649710506834,2020.0231537226193,4130.9025407210265,1787.2918591251837,3556.836100644074,1519.9501657373646,4132.557607156633,1924.174133723671,3237.116959652497,279.5805615882605,1596.02328102592,3894.092581051639,2963.2486035156758,1760.9958960103522,1700.6246331460206,2108.3636975304335,1400.3412030003085,1457.0616210049905,3186.2305695903115,1523.4470583204688,1071.4034490227798,3269.732150304563,819.6075377865095,3407.2190144069623,3755.5663696247357,2354.3125909465343,2593.505990227226,457.3215923558297,3443.1731996063286,608.3708979456679,3003.255366192798,1490.0623647843404,1174.6587920175025,1570.3261842413724,126.88150858984976,3651.924056315223,2672.199053411644,2122.6463028888274,3135.288781949113,418.61698302778785,2393.27087363751,2359.1624536801314,1669.251928155527,2258.6679665059455,2651.645483943465,3782.7576077431445,3126.4160021543403,2703.3012857014287,3849.342517741454,3017.0189015022743,2752.096971169207,3416.8386204536705],
        [4759.469520568686,2564.9362901916415,3560.8666520117295,2984.4127290036745,2915.2969193717972,0.0,4300.294964567135,4396.610327865897,1796.679829093268,4661.830945467269,5461.020274698092,2275.889770718081,2393.049889032372,3636.8597444860975,354.01439894395907,2814.1045043769495,3544.8899233432753,930.4603118811323,1542.1774042317097,4295.483386436704,2131.3223584040234,3540.209559831812,375.37708451491415,3673.425103554285,3124.880391795039,4610.231021761056,3934.4683838702213,3915.627659275171,4194.03356239109,1648.259922119423,4227.697518195834,5372.098896198396,2541.388983484221,2960.226293196444,3505.6090814699114,4018.4409938212893,3499.2149006352743,4638.994985533122,2754.900870813399,2296.081906846856,3006.9677603168493,2467.8365855192906,2583.8785724450727,1222.1009257423168,2944.3532493432335,3959.9483772181065,1712.5364122575568,1518.7079629229934,4320.837567317677,2049.8865379401113,2214.0140402971488,3734.2710770049985,3693.098344139753,2931.6115461789514,3645.1413618145284,3796.7140885792405,3116.6899660285017,3386.3808133271386,2506.037496217675,90.53501923308083,1865.9962910649626,2457.29784114897,3599.0981180895315,2826.0810051078315,2316.168553715771,4260.799415240048,2156.9348341693344,3079.6228959661244,3298.8249407618973,3135.895530273707,4496.3345559792515,3482.669015677946,4529.281985327519,465.9666227320411,4389.018073285838,3333.7046807722436,1611.7352076194784,2440.4699465324215,269.6644569738726,1428.0347698232658,4759.469520568686],
        [469.98357261822616,1736.3852923093232,2801.5073879338015,2079.8962326126007,3129.4952470117314,4300.294964567135,0.0,3798.6170063856093,2635.641040113287,402.7229142083879,1254.8694514833207,2323.91316111313,1907.2655074958357,1337.6618607532978,4078.5816419634384,2424.058074840967,3296.6512595975832,4978.271426311742,2789.9069185786643,1250.4473811224111,2967.272399376548,806.0542272156482,4150.794835381459,3720.0740886645294,3189.490620425736,802.2778273584639,1166.4910998204537,904.039479089191,106.31048271328544,2953.287459402815,1586.9922650122257,1099.4797257798223,1837.7755694210955,2176.4309085880795,1645.4216041038785,1783.5792826009485,1205.447396001615,409.32916199010305,2914.009493529294,2139.0616912767387,2546.3470254552863,2138.968751107025,1811.3999972215652,3487.0309068115066,1384.6805652981716,2226.0647475253636,2851.2212788887155,3264.7917146424147,2749.5606329419174,3780.580801353824,2665.504045276322,3190.795711396368,1147.4980411603333,2448.9987865466455,795.5816161392273,566.6547400150858,3555.5437773879003,1559.0075676415488,3577.320899960928,4376.685305196727,2634.3550627162913,2265.286466735201,1625.678950518025,3220.5465520562298,2973.0404902500013,632.3350296871521,2143.370153130331,1598.426367513167,2970.941629887485,1164.5338860244278,1442.6423641547938,1470.4894723982738,1668.142677276459,3836.3001570209667,881.8201207880007,1287.5847265774587,2832.9895336131185,3089.7053024317647,4548.724427647742,3029.983396000115,469.98357261822616],
        [3920.415436128653,3503.8302237274424,5761.967896024365,4761.913779834287,1515.0364073470294,4396.610327865897,3798.6170063856093,0.0,3094.491496846243,3800.903307664909,4826.742349114363,4311.883981769097,3463.1546456346387,4574.470663735967,4478.515033572662,4954.741343315836,6121.725139358531,4347.589579610046,3420.3890781397854,4893.396212614021,4914.605290727069,3785.666980688327,4030.846545290141,756.36599309937,1298.7322748192923,4596.358065669471,2632.5319803758434,4376.235581468411,3752.7181843719623,4420.24076542843,2263.7949618518155,4571.22882980505,3053.5014622842696,4836.513673485506,2243.0312524299547,5203.329884414584,2734.3967650417494,3741.575616117925,1744.4059829927603,2952.7136295704327,5208.194227607053,4296.083296276653,3012.3516668401044,3199.6646836173763,3229.4141879398876,1572.8995090141534,2960.2242092587126,4672.955054773585,1109.2236966358982,2401.6308736043816,4674.403639655529,773.383779896326,4434.611464237216,5068.119874979219,3170.2721910970713,3383.55127986649,1291.939792488092,4584.9340374988205,1908.1699591556412,4482.309715143342,2965.2935671110895,2522.3688792879184,2226.7006577866096,1583.4987788480535,5070.333020768944,3198.4409026564745,3495.278221797792,4325.180152901645,1225.1115856582342,3464.221311518282,2533.2119832807257,2440.319578369242,2329.0239650433814,4159.504042661009,4614.839782715182,4231.764994455183,4169.752162517818,5266.272315452561,4472.377518755262,4237.637875796711,3920.415436128653],
        [3069.539980595911,1022.2034975712929,3003.5274970011146,2072.414607736065,1619.5994568079775,1796.679829093268,2635.641040113287,3094.491496846243,0.0,2960.1899137046726,3865.8954745476412,1403.07624504897,852.2536802445834,2368.919626222732,1686.4597673350042,2124.269185530802,3244.3929656279156,2353.8200492454575,338.50091898465666,2974.639942906626,1871.0902796006415,1970.6524210076366,1565.89681013597,2511.2197174682838,1826.070477072393,3109.0718570733015,2139.023604543318,2488.6071924387657,2530.948132328007,1333.5094051009582,2440.149664298114,3734.1264098363404,799.4415359877187,2109.5678535742923,1719.4816977036621,2926.0009864266435,1710.245421563531,2929.2465432200374,1359.1129719576513,513.5729468649553,2387.610617802154,1481.0721630984797,830.9456940681831,857.9683768803865,1252.5252368444749,2257.209836714656,271.56441926974486,1578.6422928967465,2705.925786779216,1475.1499293570191,1682.3864750445148,2333.916653107316,2345.413150905817,2256.1507803325453,1906.9389265205732,2090.262569680825,2013.0167543235343,2205.1712167308756,1590.685222494176,1883.979952223223,129.7976283676195,700.2440094048214,1813.1735297482708,1597.4151787182282,2048.424514099801,2498.700927666902,682.0853710109146,1862.1586063896832,1872.6023709366364,1507.4821100992797,2700.916699817206,1686.7101066546475,2741.9179811115055,1375.8468739355626,2940.8953115979407,1990.2846027070634,1083.7315651465988,2245.2340361961124,2009.050256524498,1143.4223416598834,3069.539980595911],
        [127.70757379411654,2106.3317044187647,3162.269268593735,2475.656064142858,3289.2294570419417,4661.830945467269,402.7229142083879,3800.903307664909,2960.1899137046726,0.0,1059.849625753134,2724.2679240141515,2272.1214825269344,1711.418879709806,4450.747843956859,2820.8699689658893,3661.8092928047067,5312.449129881636,3137.193762627489,1521.8708893339542,3369.98767519411,1204.909253553973,4497.499920325709,3802.381287453597,3324.77100815659,954.7816541888517,1224.353642766985,1263.8944764845571,498.3644020711929,3348.2838170247855,1539.9172754646513,842.6560498254265,2161.343206964265,2571.6007339823645,1771.716976747946,2101.855400003886,1399.31396484403,59.60898344900582,3096.1161484574855,2453.2569107256168,2935.539823306085,2540.5775273646213,2129.4723312007063,3800.90223627276,1723.6261176200528,2238.8253317216813,3160.843151864504,3661.792874348488,2715.110262252551,4020.949841101936,3068.050513215784,3251.8686292667735,1524.219547137685,2841.857487816242,1061.9647415137636,871.3267778607137,3694.5147988990234,1946.2492738849207,3777.7099415143803,4740.05193758055,2947.4794835401112,2529.241587496464,1731.7563290055668,3389.6619926283047,3375.1062077142396,626.1282602406889,2507.713051313288,1999.6984411500998,3084.858725709637,1531.727993479332,1319.2523166040073,1622.6130550709042,1546.8974677493047,4200.001388147535,1125.199536135191,1687.310118964733,3221.4504296589753,3490.1376833103445,4905.922813386149,3417.269521348139,127.70757379411654],
        [932.5960047503952,2911.692889090304,3247.9610781314645,2857.721716182833,4343.395231768339,5461.020274698092,1254.8694514833207,4826.742349114363,3865.8954745476412,1059.849625753134,0.0,3321.898018029958,3089.6865580342783,2022.5449166826256,5210.911112524105,3192.307236536951,3744.4713828300605,6186.971405861868,3991.347198733704,1494.7715789811182,3865.1236620623026,1925.2339816103272,5343.3814238402765,4859.045667750649,4383.423381878991,916.5208674134366,2283.8354590543654,1614.714109322902,1352.9550875166078,3990.0887753517068,2564.9289969215993,271.8734535674125,3074.937613811914,2940.1817040940323,2829.256734001294,2104.1079086281134,2434.2314572951705,1115.3539184830684,4142.835369003953,3380.3122441001874,3222.8015978546277,3121.4974823653415,3052.52770139011,4722.375188868319,2614.9481680506206,3280.6835071856426,4091.895366723373,4276.3023670605835,3726.4303314284193,5034.030694882613,3592.7170680750833,4304.771026398968,1886.1585420573847,3168.636273853949,2047.6852722337064,1821.5222204045872,4752.963375685934,2304.9199059932694,4817.198456961811,5532.235613752749,3873.6419615730224,3520.1523455335655,2791.2013318468144,4441.338569610139,3817.634823138432,1685.742915701286,3322.060245883612,2500.3462600175744,4144.700838862693,2364.034490771335,2301.7467012800284,2674.2914124148256,2519.187750078028,4995.087562011405,1186.3525870457356,2194.832726218341,3915.567335802921,3885.9777978810207,5718.179181526987,4114.7920170461375,932.5960047503952],
        [2790.459132847578,887.0378583466154,1602.9145262342263,743.6203277519306,2940.3923203918926,2275.889770718081,2323.91316111313,4311.883981769097,1403.07624504897,2724.2679240141515,3321.898018029958,0.0,865.5970766654511,1376.6633088295528,1971.4871615264694,722.672587256925,1853.3089836209522,3137.230330626626,1225.452779202182,2033.1064505311451,706.1897683308073,1519.5441711961846,2275.6566552650675,3823.2690578339198,3127.9624488906575,2422.6730124708743,2502.4978531494526,1713.7972996913693,2225.9072155665995,673.509519518582,2975.4082543517707,3285.7253714539956,1283.1877545802395,750.2853879876048,2384.6044444890763,1751.9882813134514,2067.5308118942157,2721.198703905074,2663.092911674386,1362.7780119524527,985.0006724143545,201.97550022441715,1331.4347826721387,2034.2905951608382,1325.249855004212,3122.1712610912527,1657.3635106653712,955.9148624558882,3672.814786605123,2858.871828821978,402.7458613182334,3539.020959645818,1460.5558111068358,855.6700433234771,1938.2364648830485,1973.437237552504,3368.504282990362,1114.5735847202761,2990.8715347946113,2330.5046817597095,1516.5027419272433,1796.1040062824572,2460.850770731678,2943.4978917954904,800.4111185930823,2539.6486127682297,821.5740105809322,832.7342297388869,3102.269635360507,1309.2551024204743,3107.3380366955894,2241.0275214925286,3243.1237640545846,1832.5892244673282,2176.0436456588113,1127.4161925706028,666.0169027410628,983.7173765995731,2545.313523403164,849.052842384139,2790.459132847578],
        [2367.3251710669942,179.39364843956764,2336.133894822588,1345.6364017496333,2151.149812660313,2393.049889032372,1907.2655074958357,3463.1546456346387,852.2536802445834,2272.1214825269344,3089.6865580342783,865.5970766654511,0.0,1520.4765077442257,2179.9144929154336,1495.90831160579,2663.088637962414,3098.7570256467193,904.9067931916122,2122.670713576246,1538.818322949695,1165.8933792501575,2254.2512329659667,3013.682668731202,2323.2233910609184,2287.084783902345,1744.9779647677728,1643.4748605168036,1800.9947236350176,1226.6639929864755,2178.1321484881464,2985.276895515764,417.7702856739331,1405.9119800671197,1541.496107446101,2095.2171036604327,1290.1745633806395,2251.8016157738584,1871.6324656473864,559.6577573144401,1754.2238485246967,832.9976299663689,465.8793484510432,1689.39595714424,587.164661462906,2263.0860244494015,1118.4128222712748,1550.145917396473,2808.7116706730835,2286.8183830061257,1256.5143408991548,2692.7392856995207,1493.174561781145,1614.4249932639307,1294.4896460832713,1415.8717859719175,2597.2481608455932,1374.4325797631138,2305.490447531625,2469.782685972571,912.9646296333559,978.1429065941766,1623.0635396684288,2173.0346036427914,1659.5157942544954,1924.0462947417657,236.1189868499366,1037.0332785866492,2268.083123588862,742.867215756569,2354.0750734513945,1415.7389319468912,2461.904698543439,1929.4061048639198,2103.3134991979005,1139.0139751388913,1030.223421543125,1847.2749616697045,2642.133103762579,1206.857402147735,2367.3251710669942],
        [1727.5481654110183,1363.5275502778934,1468.0436881555165,835.7734577468273,3505.9434618802293,3636.8597444860975,1337.6618607532978,4574.470663735967,2368.919626222732,1711.418879709806,2022.5449166826256,1376.6633088295528,1520.4765077442257,0.0,3343.595708639354,1174.86641254696,1959.7628333745868,4464.088361488689,2354.5623424451246,658.7167244611295,1847.8082036729222,814.9586322520904,3597.9821232744134,4288.276524067853,3638.9198946620427,1106.1061931116865,2129.4058529504887,454.24641611217805,1277.906925854516,2046.8179512764927,2640.6857148958497,2041.161053167334,1757.6667915403102,920.8152821122361,2344.8449254294987,632.7224290036187,1865.1765638686395,1734.01852094976,3237.499114673729,2028.8483646069171,1241.8685470594926,1176.9556763817186,1770.665027412969,3179.6837109971902,1399.0839495244654,3092.3904552810254,2637.613732043438,2303.12417756405,3668.935820234091,3799.742571730936,1588.5409457958426,3853.606358446974,191.09973801770838,1165.8749364508649,1478.279268630268,1336.7915735309825,3963.2530987602217,283.3156325577312,3770.8070038459878,3696.0950694913886,2433.4000616579697,2372.0706233442693,2378.494776417343,3556.8543607651814,1795.0920151112116,1836.38875360857,1696.098037059776,558.2917386248345,3505.32565633664,1125.620173694013,2617.228030077362,2149.53764166068,2819.0623521182442,3182.3776442212766,837.9659520150514,388.1792675741739,2028.193740430271,1868.5051770389427,3904.8148378883448,2219.8662290632296,1727.5481654110183],
        [4543.15723628657,2344.5366076597397,3211.649914668812,2663.165240175281,2973.5453215623456,354.01439894395907,4078.5816419634384,4478.515033572662,1686.4597673350042,4450.747843956859,5210.911112524105,1971.4871615264694,2179.9144929154336,3343.595708639354,0.0,2478.565746233108,3190.9170132298386,1284.3121715485165,1391.6194614091446,4001.9024396837735,1784.1161019030637,3301.3663067583375,610.3562266401391,3776.491498670339,3187.8683026318245,4344.275587796701,3797.47975554066,3642.85113602702,3972.7729142666485,1324.1539129337236,4124.773107226419,5134.54501171398,2376.2415727680645,2634.165000711703,3405.309037902513,3700.3396973250296,3351.612990334658,4431.414225466755,2786.25942376373,2158.662887939329,2664.586368851951,2168.001338892027,2422.469550917426,1279.637303705354,2750.5775770090186,3915.7465370589457,1655.6234338396127,1172.087918012466,4314.068804147224,2201.1620721641884,1880.8964195854974,3784.609056378188,3410.4165684431673,2593.388977272732,3459.0877666608094,3595.033251540023,3219.916749995431,3085.930413567472,2623.5298287101396,377.2080283945283,1775.3486023496243,2376.41506523149,3498.9639753335687,2895.775791548601,1966.5163732445803,4083.2415127240065,1945.647241059442,2789.6086092505493,3335.8556582109977,2919.112516382617,4376.437569019475,3363.32268634793,4426.336753953208,326.58339683487526,4114.8944185994715,3056.233683353609,1316.4601442724875,2087.78530542903,608.2516410829405,1123.829886629229,4543.15723628657],
        [2857.0826958801586,1453.9991820336832,880.2456643616025,346.57543115103726,3631.5607794458024,2814.1045043769495,2424.058074840967,4954.741343315836,2124.269185530802,2820.8699689658893,3192.307236536951,722.672587256925,1495.90831160579,1174.86641254696,2478.565746233108,0.0,1167.4908824977922,3719.481913051457,1943.581458320284,1744.4036277380435,747.4905093320211,1691.6188647366282,2878.7365595543706,4504.829908586099,3811.579247433504,2277.587928804019,2901.5185879110977,1615.7022569252706,2343.157507344895,1174.1192589956336,3405.813478380268,3215.9275392101654,1901.259645651809,254.6637384791982,2903.0870159200304,1282.0320574336158,2511.5562994685647,2833.1189322940486,3352.472506110137,2037.646347102831,264.3445998343284,668.405318134868,1942.6986562273441,2738.0172592732056,1806.32535787689,3665.7375669934927,2379.969598177039,1320.6027554910572,4234.741724886936,3581.0779299927335,601.0125857585657,4186.371681621319,1334.519250979366,133.9300172619838,2268.9403073150197,2228.819584569449,4068.06111797853,899.2777463907715,3708.9591201204526,2853.918741466962,2235.532384166103,2467.874101343068,2967.586872527673,3642.3206540254237,642.3365857465641,2795.3093558511723,1511.6743196760299,844.4913732947616,3763.9789020364865,1680.186835985383,3477.6331418783184,2735.2425634997526,3644.468252903955,2408.122772106076,2006.013198293662,1139.292442267112,1287.6809972892295,693.9951364193611,3081.1437962444934,1425.2952882436737,2857.0826958801586],
        [3665.721605546922,2619.0079145148266,504.0834064177717,1389.6413782441418,4790.2239116456,3544.8899233432753,3296.6512595975832,6121.725139358531,3244.3929656279156,3661.8092928047067,3744.4713828300605,1853.3089836209522,2663.088637962414,1959.7628333745868,3190.9170132298386,1167.4908824977922,0.0,4475.186499016851,3021.8386335629625,2265.935001729468,1484.3676089694127,2687.7554182333565,3706.216640231214,5668.048210308582,4973.745318843187,2901.2393964480248,3977.4103191132845,2398.449754470304,3237.4624344789204,2078.7969214005007,4490.701271945484,3844.508571296415,3068.442515187974,1303.3574831624287,4039.765626607012,1643.5338547462293,3620.953752248255,3688.08959877786,4511.8820160084815,3200.5442271466177,914.801602679042,1832.5053429625464,3109.3954260662845,3757.702995069056,2947.321927904325,4806.785965371565,3486.3603258689623,2061.947696866596,5380.680656584029,4664.225816017569,1576.2228634816436,5353.779899681427,2150.665607598922,1054.5423673033015,3324.70737988157,3238.5010327152586,5221.373708157935,1770.0060018812833,4835.017782709507,3559.693263474181,3362.7555308726833,3632.303342957069,4098.593435856184,4796.106186581212,1284.0113493658178,3776.3339530269886,2667.5817394515616,1892.059221241747,4930.956124057544,2785.099634922952,4521.9049137417705,3863.738120158751,4706.826519699058,3223.1897531156096,2637.8134803001763,2113.9739036093943,2273.687405436251,1121.1675563278843,3791.096710736974,2347.6967952331593,3665.721605546922],
        [5420.032784220236,3277.6388203907727,4485.943417415465,3865.947788249617,2997.4925513487033,930.4603118811323,4978.271426311742,4347.589579610046,2353.8200492454575,5312.449129881636,6186.971405861868,3137.230330626626,3098.7570256467193,4464.088361488689,1284.3121715485165,3719.481913051457,4475.186499016851,0.0,2195.624215042977,5118.393140151136,3055.080941222153,4264.642253896563,866.1645816287636,3592.76503971713,3181.3244767584874,5375.884120079258,4437.679288630782,4701.2806465377,4872.591828232879,2545.874909341403,4646.59957182997,6071.910042061159,3151.2676786363872,3849.832394580827,3940.0727527333834,4889.196232688944,4037.508293598499,5282.419433717002,2917.267089365275,2865.3848384708344,3922.3690535149303,3319.271542515217,3184.50891258638,1546.3926073070716,3594.4848236568,4248.4205747175965,2177.321821395352,2443.196918545739,4505.975227006837,1958.2373126201417,3118.575425067562,3793.6541754262844,4499.975058950971,3840.779445357616,4260.722206562742,4441.474865608516,3064.4797841322466,4228.891876922316,2460.084545481283,919.2357373026783,2379.0592023617687,2900.970312476804,4029.9603820147254,2884.383331786506,3242.6803999677873,4845.590059499586,2869.281457686358,3906.5685622029173,3413.2231561555345,3825.553886344768,4947.983147879355,3960.2025854772382,4941.106163944502,1312.942876506129,5172.9622571883465,4134.836286235952,2473.2172509364627,3370.261185425563,692.1847668464562,2305.662219138149,5420.032784220236],
        [3239.8876453442263,1084.253617694191,2821.656506815061,1943.1803455377014,1930.8766422364342,1542.1774042317097,2789.9069185786643,3420.3890781397854,338.50091898465666,3137.193762627489,3991.347198733704,1225.452779202182,904.9067931916122,2354.5623424451246,1391.6194614091446,1943.581458320284,3021.8386335629625,2195.624215042977,0.0,2988.309476565936,1599.6532467287511,2069.9699783510823,1361.1912686371556,2818.39437836677,2141.280495156642,3190.3878242714763,2406.7106383076543,2533.793515847638,2683.795014549903,1033.1942841545597,2738.6973804028767,3879.0717418679033,999.2192245436387,1966.0554252755087,2023.0117279310953,2868.509056405651,1963.6780715451632,3111.204336598106,1678.7151309666156,767.0578090964285,2201.6079180135516,1342.2915593395905,1041.9167477787469,832.7168245521734,1413.6471399557088,2588.532185163796,486.76599523652203,1255.6169060263642,3043.628840431829,1644.3578508658256,1445.9897977369935,2664.211298903487,2358.4662425485944,2077.413532080239,2106.1953853094933,2267.2042136222663,2304.8842579156744,2158.377891858627,1837.5033174197574,1625.6471413051906,461.47635752176984,1031.1781622760047,2116.331332333969,1898.5309681485012,1786.4911570861404,2718.919443192963,681.2320701793907,1816.656491591958,2202.08292856125,1631.2833965887116,2985.1935450299225,1972.9307126657195,3039.6675653539246,1096.7990306107365,2999.824967579421,1993.8458711954127,789.4503148543566,1980.5580143268735,1774.5750984958418,821.2212120284855,3239.8876453442263],
        [1488.6724946559239,1953.6646286294097,1764.2501508005175,1432.6887838963764,3967.970762385517,4295.483386436704,1250.4473811224111,4893.396212614021,2974.639942906626,1521.8708893339542,1494.7715789811182,2033.1064505311451,2122.670713576246,658.7167244611295,4001.9024396837735,1744.4036277380435,2265.935001729468,5118.393140151136,2988.309476565936,0.0,2461.429869571742,1151.0268185561752,4252.590281659535,4692.650698075421,4078.308121520645,641.1067624614358,2308.8240761820066,536.0945537415083,1242.2354515381626,2700.5818092392783,2786.6390620036805,1578.7874456512873,2298.145685034772,1502.4040685601003,2654.317980850855,624.8943710523372,2162.930967857949,1563.7948961744573,3711.80078913251,2589.981155291239,1742.5264403599394,1834.4098729516704,2301.0982478019096,3804.5830316720985,1882.8925350700085,3348.649396089541,3238.3870131729996,2947.9229009632945,3906.7639164778057,4367.211589147889,2221.504889169904,4214.656466580942,630.8413491543896,1702.3730747910042,1723.1250488919186,1515.6613825581003,4421.633899342971,922.1487046533563,4292.793677715799,4354.811748278196,3027.3948680227195,2888.4464440770116,2666.707574518331,4032.7711129384693,2384.618991491649,1865.6560607806755,2317.148320000693,1216.1622684000379,3911.755109259538,1588.2471143389278,2682.4194751316286,2458.007817156062,2903.8987423766785,3840.452746908427,400.3675593556314,994.4706832921069,2686.826867764901,2429.3267159802117,4563.336418190548,2878.0886525556634,1488.6724946559239],
        [3425.2545908962966,1584.6567928591396,1430.9538857255486,1028.8052463234392,3482.0508278191655,2131.3223584040234,2967.272399376548,4914.605290727069,1871.0902796006415,3369.98767519411,3865.1236620623026,706.1897683308073,1538.818322949695,1847.8082036729222,1784.1161019030637,747.4905093320211,1484.3676089694127,3055.080941222153,1599.6532467287511,2461.429869571742,0.0,2175.878443100858,2247.5091228730435,4374.194599524056,3682.431430590341,2949.553582335966,3208.6872222618167,2255.571150730446,2874.421205987396,598.6317600697258,3680.051361623526,3861.6082404876597,1948.5994559270437,964.4221838240771,3076.4564886629287,2028.6777833792826,2772.768285804671,3372.4186192888865,3212.933309490063,1971.937699339681,889.6612393088499,849.3116429769831,1999.6291468789047,2283.956563422147,2030.3200987301127,3801.143291548566,2083.119366267903,612.6143956707201,4340.630557932399,3217.785891358839,309.9761432369562,4142.222799038136,1979.6199018676716,839.8339565378878,2638.251465730944,2659.9300232451083,3884.0385808991946,1564.5412574596182,3437.0867552190043,2161.225888507238,1998.4212608117532,2395.116713794635,3155.285207470533,3466.772821696502,200.3701754491879,3230.1467267562707,1438.6622733996655,1386.5846416262384,3691.950160320802,2009.954403471623,3813.2828221016416,2939.3661750776796,3949.0735427377435,1764.8931061195256,2684.9252663157317,1703.8492181309148,816.0164647792893,383.2071890214876,2392.268715660285,865.4739099839489,3425.2545908962966],
        [1275.0785951318844,987.2136157514295,2221.2552866172964,1361.407829950992,2817.7701965864158,3540.209559831812,806.0542272156482,3785.666980688327,1970.6524210076366,1204.909253553973,1925.2339816103272,1519.5441711961846,1165.8933792501575,814.9586322520904,3301.3663067583375,1691.6188647366282,2687.7554182333565,4264.642253896563,2069.9699783510823,1151.0268185561752,2175.878443100858,0.0,3418.3441380587583,3547.6303412543984,2927.445800304246,1140.3120348507368,1319.0172790196175,614.9884918857374,706.5842148463172,2148.088467116788,1832.7973042388962,1833.528362994857,1213.1611416057053,1459.2276018369841,1544.9424954269248,1426.1043937691259,1058.0016816717723,1201.8809903987928,2563.886531768446,1519.5598444530594,1853.6746487503356,1337.9890802729021,1204.3904065021347,2827.629669524961,762.8503401214055,2281.9483934340924,2214.6118347673996,2458.7812282142604,2856.8474150841757,3272.869522544791,1870.4073154299895,3083.660892157863,654.2563791649277,1739.221819713582,664.2600594868555,550.939072849538,3270.8632666969665,923.397992593717,3160.9644953525944,3613.181970050846,1996.1686031825416,1764.4149278114694,1572.2463845607567,2884.5646456024265,2196.0827052695727,1105.6916344069302,1397.0875609835616,847.1480334128477,2765.117580961373,472.84244037798175,1835.4602966352666,1347.9672821162033,2026.5890190574921,3074.331089912926,998.5152300643496,574.9643472120632,2034.3996336743064,2326.6946124022984,3795.2711450789175,2232.5711151672404,1275.0785951318844],
        [4600.899074743074,2431.7643414403997,3673.5632274923046,3009.2179253260356,2559.8323753782483,375.37708451491415,4150.794835381459,4030.846545290141,1565.89681013597,4497.499920325709,5343.3814238402765,2275.6566552650675,2254.2512329659667,3597.9821232744134,610.3562266401391,2878.7365595543706,3706.216640231214,866.1645816287636,1361.1912686371556,4252.590281659535,2247.5091228730435,3418.3441380587583,0.0,3303.5080565239914,2767.0290900661994,4519.571771534136,3697.6967179792246,3839.901758686501,4044.6290684676605,1706.1421572251231,3960.4344754858453,5237.69295182712,2346.1692672253007,2997.0784461627163,3240.3814453693853,4027.283493531097,3275.349349423339,4470.671117884672,2411.3913625901782,2077.9028494242652,3092.6206371310504,2455.2544243489547,2384.1264358976073,886.4664106537537,2773.9350241355696,3652.0146843043685,1439.0077504693634,1646.0537418748668,3990.078261687896,1675.0105040792068,2280.2053182059667,3379.4398780075007,3635.2769225223806,3003.441247122158,3459.023607748458,3626.798741945927,2747.421729729185,3363.09362883391,2134.919657876653,455.08194026281893,1615.766260576348,2187.1203394370746,3333.1038199398276,2466.8431980440637,2442.1204302282395,4061.463470106391,2021.323643036014,3040.41038406989,2950.463531580631,2990.059594348438,4241.733034976514,3233.428768334534,4260.722770049336,483.505584078178,4312.355388102379,3270.5315944111826,1614.5461563361089,2587.0368325380136,470.5516385576962,1455.2853995272678,4600.899074743074],
        [3928.373885377513,3086.6982024167396,5348.607217230558,4352.290180354698,892.3628339474787,3673.425103554285,3720.0740886645294,756.36599309937,2511.2197174682838,3802.381287453597,4859.045667750649,3823.2690578339198,3013.682668731202,4288.276524067853,3776.491498670339,4504.829908586099,5668.048210308582,3592.76503971713,2818.39437836677,4692.650698075421,4374.194599524056,3547.6303412543984,3303.5080565239914,0.0,695.3937243097706,4489.238799039818,2580.4392832869576,4159.54285472821,3655.89746522671,3843.8908801770935,2339.014650710747,4621.627031838664,2629.1945014716443,4417.452842199457,2078.5729657229326,4920.551368535466,2552.6767277356366,3745.3998907051578,1163.1314727072288,2467.615963768102,4765.709461121294,3836.7852801213885,2596.6125187258776,2498.3122340388636,2894.994825368642,1613.143708620018,2339.175068284659,4072.1137499666006,1389.114507667492,1653.9681786480237,4159.143345292033,572.0296797154994,4171.196865514205,4626.371912414669,3000.532089926058,3233.0052854874857,557.334896291318,4254.538810944844,1169.4301175143557,3757.428186989939,2381.847082883716,2037.1353721106814,2094.4234545778368,921.5763679578566,4543.216712401166,3177.31053387367,3002.6756562587493,3962.7273153398105,783.6802617301071,3162.81598603145,2658.22333789396,2264.305298669188,2493.231368526444,3463.4390475535597,4462.773024429662,3920.4324816025423,3594.6625645549952,4740.62216710227,3736.4496062628828,3639.1550362216826,3928.373885377513],
        [3452.441624879242,2402.5043004932418,4659.278672489195,3665.2777056521045,216.30437598999757,3124.880391795039,3189.490620425736,1298.7322748192923,1826.070477072393,3324.77100815659,4383.423381878991,3127.9624488906575,2323.2233910609184,3638.9198946620427,3187.8683026318245,3811.579247433504,4973.745318843187,3181.3244767584874,2141.280495156642,4078.308121520645,3682.431430590341,2927.445800304246,2767.0290900661994,695.3937243097706,0.0,3927.9645406083528,2108.346289880566,3542.4050520507826,3114.861647269412,3159.5274129439204,1986.8258104808353,4162.696233918136,1946.2387252489436,3728.580502693951,1554.6353065674055,4268.768549167869,1989.797717627339,3270.8862626929767,469.4982344816586,1773.9423868557808,4073.0126438446387,3143.293175837034,1916.302617003079,1913.1564438336907,2239.9945262368265,1323.8280464582974,1670.3115362484416,3396.8963696472088,1372.4624420191255,1235.7296789067436,3464.4658161197035,616.5831060197254,3532.2486022536295,3933.900229423499,2429.8380257238805,2667.9689152652177,369.9767544835409,3589.0992455968444,745.9958242364122,3212.444996078472,1696.3107286245524,1345.2887477123725,1593.7019529098109,301.5629320705598,3849.8120115440965,2701.703860888757,2307.591576413357,3288.6411286515877,288.8308076541585,2518.1818821662414,2324.8462467123704,1719.5643078133214,2205.774862730211,2866.4955389292372,3876.064397808737,3263.937615524545,2909.5368936481623,4047.1749551358657,3221.5322760072845,2962.294413201688,3452.441624879242],
        [894.3952904284143,2107.8910890782668,2397.9967298946403,1941.5587518579348,3848.403494322042,4610.231021761056,802.2778273584639,4596.358065669471,3109.0718570733015,954.7816541888517,916.5208674134366,2422.6730124708743,2287.084783902345,1106.1061931116865,4344.275587796701,2277.587928804019,2901.2393964480248,5375.884120079258,3190.3878242714763,641.1067624614358,2949.553582335966,1140.3120348507368,4519.571771534136,4489.238799039818,3927.9645406083528,0.0,1964.1759905930423,708.8805259292027,843.8962452975852,3094.684334999378,2387.5633532710003,953.8227974537974,2350.9272319726724,2024.7932461861956,2411.101307127379,1265.0778538711322,1941.704205775974,1005.908552952205,3614.445359647249,2658.2943249249665,2317.8776486102956,2221.076182811957,2339.237994023946,3964.661752866006,1894.1220657626125,3025.048654484113,3354.8359661466766,3373.125520452629,3551.829010973017,4396.0639287491695,2680.0783094480203,3972.363171288366,972.6979027029001,2257.850303081364,1498.1694893268623,1260.657978741465,4288.030606467002,1388.39950492658,4249.113898916572,4677.574050016806,3136.4561364965152,2875.9715012848283,2401.698255217274,3929.779868907115,2901.185483341123,1429.1469985246144,2510.0708473810473,1593.9577596432437,3726.266274193527,1611.3315981572623,2224.2823470313856,2225.496486496554,2452.2934616156826,4145.900414383885,273.89508575934366,1297.1327123740168,3035.881614882351,2971.5418795473197,4872.272841263184,3234.1344539476145,894.3952904284143],
