{
    "drone_dist": [
        [0.0,1161.2608263040722,2799.5774283921783,3078.1550400892625,252.66951574146714,1019.4392251533287,3956.4017721355954,834.7093420775369,4024.695655781555,3157.6984765038455,2441.2863247756545,3352.4827980490636,2463.8504079557792,3900.3356738086018,3298.9085227166584,1106.6785985850292,1026.7271362388287,982.4526295195515,2017.9639000973505,3122.8215640421913,1027.3146534816829,3083.5919555925775,1783.418744344051,4336.86331003504,3242.204844285476,2369.1848080882446,3538.9800759398754,2341.9027294292086,1729.1395911992854,4049.854677099359,2048.559756800325,2505.9670056712134,3098.0183922098036,2537.3377030370825,2817.317749903973,4223.010605598291,2132.912097730491,4205.32438507513,3734.2490913987817,2678.7802997159865,1606.247348041859,1162.6042831498191,3478.4331944639307,3903.5673931792307,4506.942683496436,2270.5730953557513,3399.6637831323133,3139.854344638343,1227.8309330863115,1486.1974208552476,2004.128327064727,2513.1784184788835,3908.8916973199166,2056.546017276786,3375.82738195359,3404.493666099103,4321.446091853395,1125.6295536935547,207.185588974513,4172.871499531181,370.8574028167248,3899.4545760233304,1143.1317814483302,3844.9855153301255,2882.14782358979,463.66521003634386,3229.9867906790664,3471.6368313525545,2215.5207891088403,3671.748913627102,3059.7416000910275,3982.71687956701,2559.9811853478795,1249.431082954872,1035.0334586072022,3984.4361208275805,940.9147312265478,1005.9801992169612,2925.140951757613,4161.953152522504,0.0],
        [1161.2608263040722,0.0,1973.7621729071677,2078.38908358122,1130.418994249816,676.6018075677904,3143.195174633682,424.78929841582266,3452.5430183543685,2486.1008842975157,1833.5198080217933,2676.871613249167,1839.6343578159679,2750.4733790258133,2387.3428516426015,2028.3005272021694,887.7829349407177,1717.3911175388569,1694.7294430253842,2785.6728782414643,1827.3418193106497,2813.296025752855,628.4058496664395,3228.3297844616204,2273.826821008147,1733.8997602490592,3098.519844991429,1934.1524274058083,772.8478898067152,3034.070472875532,1347.6520387968203,1420.4161599652732,2078.3621897788516,1989.1333522651696,2315.7324327673396,3200.2213918622724,972.4468022273907,3143.0593933408045,2577.5368271009916,1576.4169804833641,1025.6145881417815,1640.7098268945574,2398.9304055822768,2819.224219436916,3345.791086275886,1432.0696577903323,2420.6758187692717,2199.0852089139244,209.7933242389007,1729.5785768374499,1922.357555043841,1367.9898876721882,2768.4119096470395,1286.7587962069517,2380.7341560783802,2386.4817517366705,3238.9922485491093,2286.7386199625053,1041.621782588959,3037.4733134093563,1489.3459449340562,3110.6709278176763,1794.442911682272,3274.8088440490683,2417.161056284638,698.308213403345,2121.140009861234,2960.459844910254,1309.9204142844687,2616.7281613961213,2153.60879748193,2962.6281337371242,1440.5105915092422,2350.4802480815047,796.138704597947,2823.7255948417082,2070.9610740400108,2064.5083545956795,1920.2504276677832,3033.502544169053,1161.2608263040722],
        [2799.5774283921783,1973.7621729071677,0.0,2952.074658214862,2904.851942060214,1780.1435131107446,1176.0127003600003,2033.1824985097073,4843.578291898557,3880.938575879634,3429.512204276965,4033.9871586527365,553.68516203248,1978.4679156334007,3394.1586126377556,3868.8489300944434,1807.011313228846,2641.673002214781,1182.3808240918934,1419.2559263454957,3715.3711220350256,1556.7138165205672,1806.964555042218,1981.436723406906,3173.3655993362636,575.2546740077751,1463.098133438626,3678.080979260896,1201.1553104453535,1402.537025139966,760.3959996016534,971.326783069191,2892.355909400289,3611.1130679312528,860.1968813668814,1575.5266041354412,1580.9726583113652,1671.5689953016056,2389.288456960559,1035.446486196387,1202.4754806773592,2321.3667361442044,2881.4563519038584,3160.3674119413104,2791.4914250489282,2866.4735031415858,3250.4872545052685,475.9901895796748,2119.6077112986845,3702.5247478824804,1577.8638206733756,1338.1635838798434,1875.7369049111296,743.6892370151152,3175.279512398048,881.1359013397284,1847.0112342012144,3761.247679604899,2792.725338786802,2028.8031808122794,2962.297025781965,4220.129027684884,3726.6617306331777,4687.532102527306,4046.834453818128,2450.9344770442417,1208.6523760663467,4476.6583622869775,668.6715202087815,3140.6015311792844,3234.3903037408404,3533.0988724764243,2148.8760811517377,4036.2199699359217,1774.9730593687905,2287.192150105685,3714.2487921958414,3805.5575431130706,600.6105546330386,3052.027714825808,2799.5774283921783],
        [3078.1550400892625,2078.38908358122,2952.074658214862,0.0,2930.169799399807,2714.673726317992,3787.254137828069,2501.578097560684,1972.4416552730015,1138.362628421636,1199.10768073979,1220.4994002881792,3206.422693220455,2040.5007693842572,446.49193563996715,3485.8615355663674,2926.9395806698058,3792.729638607156,3424.872970208533,4272.686338087934,3220.2903558358457,4367.299177799995,1551.206304147083,2766.6256582708793,224.92380262899587,3124.1184325754875,4407.356677118359,1605.8642273360015,2247.220285080802,3098.371432035129,2816.2377589850116,1981.6554647234004,88.45545004930959,1322.3414475359755,3703.3073862461974,3191.425395777361,1489.466227283474,2971.6028214918683,1364.0862966820077,1931.8941277567578,2780.633260625349,3711.9047703826377,555.8155418910497,923.7274225361301,2100.288633516615,885.1019500696912,346.4938718887406,2806.028880870066,1918.41316735537,2563.6169163804784,3774.4910778309977,1614.2025852838374,2172.7857773332844,2691.836202203198,302.6077947287902,2661.9010407722485,2935.983760963927,4136.544574995678,2893.2101447712002,2408.8944155725408,3446.3553733139734,1269.1929658002837,3047.7608539377393,1843.194827081051,1591.5550521792018,2654.1764389844375,2080.898705676349,1757.0790559303675,2468.902245758649,637.005809119754,362.5275111020431,904.716885644351,822.4252118859379,3994.811004990963,2830.221644818969,1818.3935272225617,3807.641756126755,3684.9853630663115,2459.832782101702,1350.0393290910713,3078.1550400892625],
        [252.66951574146714,1130.418994249816,2904.851942060214,2930.169799399807,0.0,1138.9912220401284,4073.256852725625,883.0537233414775,3794.802896225812,2944.563247679108,2228.1606294129147,3138.3205563286733,2606.2500173416693,3879.802809641941,3126.133966440815,964.217364938004,1187.073115761878,1234.86037071246,2200.4358530341538,3318.5339000168356,837.2510258956676,3287.621629719384,1727.5313456747485,4351.367157903777,3083.8440942269103,2507.945654060154,3723.210812470366,2108.657284739872,1782.2419106786635,4107.541427591455,2168.0114530295214,2528.1387919804993,2955.89794444832,2315.6753926086885,2985.7187147221375,4278.510203215828,2095.797892795865,4244.1712569670335,3666.351137861806,2693.5198825531215,1733.0428891218103,1409.589072166919,3355.1974290302887,3779.9443010362797,4452.878274911471,2097.3832799681,3242.7853379779613,3218.0906995761343,1153.6355862074574,1234.2028167743836,2217.496931837603,2498.393590588655,3898.8151994621708,2162.1528813654663,3223.7078826581183,3458.9677602709644,4350.702342648021,1214.0843677325981,113.64196104892721,4167.5442009151675,577.9263425957904,3698.472235649156,921.5975524608488,3615.6598780236786,2648.6235487324575,464.07438400459137,3242.692502602765,3238.484338055283,2293.106433564315,3537.2690060273226,2888.1217232437843,3834.1184841267664,2465.036491943554,1220.2492593173238,1177.6361922695341,3940.679379061608,945.6529658799567,939.7940109890097,2981.612407630534,4062.1707450019876,252.66951574146714],
        [1019.4392251533287,676.6018075677904,1780.1435131107446,2714.673726317992,1138.9912220401284,0.0,2939.9651260750256,363.47034034084294,4123.922362506346,3161.274055609507,2499.018860163401,3352.6194902623997,1469.3842866872642,3045.3037913344897,3047.0095078037452,2100.6435965579526,213.76768480693755,1159.7386140886088,1134.7087306820258,2264.314129899839,1969.7976780855304,2263.1730295788047,1179.2943554521298,3400.939877777996,2919.1092057506726,1369.932258084763,2633.5951241351104,2566.4255256134966,780.7577806420487,3053.937441427518,1031.8908165795772,1586.6382398723447,2705.6439923971175,2648.4244729485954,1872.4812562111747,3228.7239613728902,1407.791441027475,3231.4082312355126,3019.657398477145,1770.1254893412379,594.0716446870773,1005.9487425170536,2981.2071650981643,3390.4276024035585,3731.5897055739797,2108.1789248558475,3060.381245504938,2129.477279472943,880.5044778666987,2138.8345733205665,1285.144368371768,1687.3542341733394,3028.681776546562,1037.2173674044998,3014.5592587421784,2415.427696575932,3360.8627833733103,2036.1591343625134,1025.4332011891784,3278.24589043842,1212.39900267027,3784.08139794415,2017.2552228870845,3945.4816737137758,3068.4780550341043,712.6587387868028,2311.8783364860237,3623.2763948803317,1211.4900128841443,3214.563837298697,2816.524100614751,3577.530122075313,2005.9986397085272,2260.8042232190473,119.59943254335768,3189.5476728440362,1942.4404774612005,2025.418312330282,1937.5760661593524,3546.188193736587,1019.4392251533287],
        [3956.4017721355954,3143.195174633682,1176.0127003600003,3787.254137828069,4073.256852725625,2939.9651260750256,0.0,3207.004375502469,5749.992324016781,4828.897050748599,4467.13490569486,4960.307121854386,1527.6026221047066,2195.946105250233,4231.853168405888,5037.396136294921,2943.8030097235746,3685.004541729609,2127.875610580557,1650.690070778422,4889.135127433119,1826.3024200103216,2909.319692770957,1785.4625311360885,3992.3634676519696,1608.2759728658004,1334.0431237147807,4754.541072793622,2370.820691393738,1012.7990398815964,1908.2501718114836,1945.9020355758637,3713.104858597732,4649.674234905437,1398.9444416466165,1094.0410493436664,2618.966390978985,1354.7574003936616,2851.1425042018873,1914.015247003226,2350.206979511701,3342.166683972758,3570.2349386153223,3742.285114627623,2931.377541598543,3889.7361407955923,4033.8662131363594,1024.7589521511723,3279.3702307806966,4868.057647617618,2430.4630971580013,2266.3590504853832,2041.1251910810656,1912.378081504545,3953.1766404416758,1136.3370918210678,1547.106856651498,4867.4514378887325,3960.4758475251583,2037.9770066072188,4092.300322950142,5037.915487903625,4902.645798561105,5608.438059557036,5073.132129295884,3623.079903393441,1725.5277147773634,5446.388519896132,1833.2747606658381,3809.290318582176,4114.121121243949,4174.444912064998,3060.069965538512,5179.506232958889,2923.0740908853372,2566.0138734179473,4854.38202539463,4960.7365682771715,1377.3355407454642,3487.520684826967,3956.4017721355954],
        [834.7093420775369,424.78929841582266,2033.1824985097073,2501.578097560684,883.0537233414775,363.47034034084294,3207.004375502469,0.0,3804.0588311756196,2853.509724179087,2174.29581821848,3047.085346612857,1783.3520510026121,3079.030553594482,2801.767016993032,1841.4532479805105,538.3518553773209,1292.663015407255,1494.6736476682186,2621.8862775376247,1682.2623446718085,2624.5179802956663,1033.810142802192,3502.306280393491,2694.7793989033044,1680.3421155017331,2981.2429685678835,2218.6381019600267,901.7160210827408,3227.650208219669,1317.0117124046112,1671.2957904370483,2502.6614522976124,2316.5790255828274,2211.933365503942,3399.4763851467237,1340.7655498871816,3373.8778405329995,2964.123294413655,1844.7800479257244,906.1659985174392,1229.7290243163382,2821.599633900961,3240.7439935513044,3714.3729198694714,1824.2982320639214,2842.89621470726,2335.2120698261133,594.1123120022513,1784.1498761274083,1644.779175387361,1693.26497589872,3081.523013284007,1295.6551145572394,2804.0766685450326,2579.924668969943,3487.6280973494822,1938.8319590996284,775.0075555206461,3343.0542083021455,1118.6217677482741,3507.7510531506878,1703.9975023285763,3624.5550723226647,2729.142863156522,420.6222239070992,2395.9381519659255,3292.282116655299,1410.6815207748225,3041.0445899075016,2566.1594044892854,3387.3563849467237,1858.3591365740742,2076.7934983072114,465.89470120079136,3182.6200364026336,1774.534708503471,1813.9089082853786,2101.499411122807,3443.0137911134916,834.7093420775369],
        [4024.695655781555,3452.5430183543685,4843.578291898557,1972.4416552730015,3794.802896225812,4123.922362506346,5749.992324016781,3804.0588311756196,0.0,983.7037856048069,1630.3270845306681,812.6154035517237,5008.124096330723,3947.743874884933,1539.7642947441095,3865.683562147508,4329.063244402647,4955.251039089514,5083.202378275366,6066.120400208261,3623.5206268214097,6135.025015855488,3170.1882469388365,4674.929609461032,1785.5150506516645,4913.968292901924,6264.476248369392,1687.554188937505,3927.33771435874,5065.397412285701,4559.976997502298,3879.939463797255,2052.5273723962023,1500.2972211958186,5517.587394030467,5151.522773152192,3280.044198740775,4919.998543236214,3214.823117491919,3861.542095395847,4398.914385480167,5000.55021639789,2328.762239477409,2407.9296437357816,3785.8204812054278,2060.5989170463454,1787.876294839653,4752.215480380609,3244.801895517894,2793.3469000984433,5362.492729478335,3521.606995363468,4093.545219567029,4448.495769390225,1868.143740969005,4631.348790565951,4866.275274279938,4804.631864241192,3817.7267706668868,4303.316138180746,4372.516864433506,865.2403226688402,3391.6840426789418,180.61410137811922,1150.6195239170404,3747.075231451882,4052.855533300343,566.8835443548932,4281.29837434492,2173.8989088930475,1635.9047294519703,1987.3997538783867,2706.366587672084,4442.352847953065,4242.237521674619,3665.8272958435923,4394.755217308258,4173.829953463533,4400.048007754896,2894.9106507669508,4024.695655781555],
        [3157.6984765038455,2486.1008842975157,3880.938575879634,1138.362628421636,2944.563247679108,3161.274055609507,4828.897050748599,2853.509724179087,983.7037856048069,0.0,716.6394270887995,195.78524343009153,4028.12753362627,3178.8172145853364,799.4724153931489,3184.3858086572614,3369.4782016544996,4049.552232695434,4100.939891340827,5084.0134144084095,2924.066643923223,5151.706073391793,2186.5713056289023,3904.8897080252004,1015.3777925874009,3933.11945624255,5289.4265048433945,939.7115109426472,2943.6654838561753,4209.725415182023,3577.040842328176,2925.973235783525,1226.423157587913,650.3014047257556,4537.887071825771,4311.755881077047,2307.539910828679,4100.91924010515,2489.8616747544934,2922.258927340599,3417.2953244367936,4067.5922787859968,1621.1516284392094,1846.8172723155117,3178.1425365880664,1077.8930140658163,1091.6670381205424,3817.420978038954,2280.794105217854,2120.3548590417304,4385.825143202303,2575.308277903436,3310.734283929405,3466.3332959486406,1155.7426990903011,3729.4809344131477,4071.569289262476,4041.639802879831,2951.330524585669,3546.907091128566,3519.0692349811147,800.8544139546985,2705.76090833696,815.1497645854475,582.7250576369422,2836.604431687582,3166.1227736542446,625.9719809757975,3304.7233838522084,1557.0076096799046,775.8408279759723,1546.7737294604635,1768.9526291490977,3751.692987019124,3280.378562811908,2947.156093913205,3651.0493971254,3460.22332959994,3462.9493585410178,2340.1840959099095,3157.6984765038455],
        [2441.2863247756545,1833.5198080217933,3429.512204276965,1199.10768073979,2228.1606294129147,2499.018860163401,4467.13490569486,2174.29581821848,1630.3270845306681,716.6394270887995,0.0,911.1972772518784,3500.146686793108,3100.4630143140485,1113.512849300064,2516.723323651061,2701.904707587178,3341.114373620798,3498.502946154787,4532.184054144793,2251.821743825038,4584.5519910954,1645.3000840932698,3798.265337983803,1210.5701102895382,3399.919518929744,4778.259734089249,406.9345837020727,2383.0934481914633,3974.2082370655817,3026.56330703625,2522.7721178131733,1276.504405789144,182.63165456886324,4007.5708891989334,4098.335254579856,1857.2722691262038,3922.6704289008794,2507.2242299241016,2560.1872502314704,2813.4736937991574,3372.6966715053395,1754.9117131279925,2098.403352114062,3281.717959624117,579.2702319649309,1352.590937253645,3442.440589976135,1624.1455010966138,1483.6034106762668,3753.8577967941414,2207.9360350138086,3208.2943219463737,2926.4964278182874,1380.6796346187666,3425.660767578335,3927.8148377955695,3338.015086416849,2234.814074734336,3469.543570222616,2802.4334846537386,1485.8587650075224,2043.8594926376657,1450.5057730349245,618.8427028991838,2128.539385632015,2907.99879200828,1127.279304123396,2806.3487947784347,1798.1812731928806,929.8373501406577,1935.3800084018437,1484.1954042284192,3074.000066866168,2616.5596972344674,2942.919883945223,2954.7492951190084,2775.9291886690457,3090.3936839855182,2547.3473619524116,2441.2863247756545],
        [3352.4827980490636,2676.871613249167,4033.9871586527365,1220.4994002881792,3138.3205563286733,3352.6194902623997,4960.307121854386,3047.085346612857,812.6154035517237,195.78524343009153,911.1972772518784,0.0,4195.906798286387,3250.9652582040158,832.589977024146,3361.3586906917626,3561.3875189154533,4245.326060405215,4282.1874691002495,5254.890359604074,3102.7175662771665,5325.470904608281,2362.5445518928036,3979.3794586164636,1068.0827121013922,4102.0688211877105,5451.97152079205,1111.8479914270702,3119.794184310515,4314.129006942655,3749.8890210751015,3073.183487008106,1306.4077090098954,835.4916787799024,4705.26245695272,4410.513029477897,2467.6444346158496,4192.0992909451315,2544.6867206269058,3061.1867035431496,3599.631469264845,4262.480571024917,1662.3037777429993,1846.3209367355075,3202.1167922494665,1260.8739654288254,1118.0889394599978,3954.738877629376,2472.3322332632683,2292.4601894966395,4571.812201468511,2717.75447910812,3387.8811076013367,3637.5003958032275,1189.8095729807883,3851.6018226366564,4154.453426128825,4229.09650450272,3146.000473840068,3616.135029908844,3713.3072150861226,640.395935421991,2882.060560930824,653.6968682061824,693.94162295733,3032.3844174352325,3281.1043210882726,550.3976255492167,3468.6832532766284,1568.0121904095,863.4624871169783,1507.961446750969,1905.1614004620867,3930.8917607074245,3471.8497999039173,3002.3809695887903,3836.1352183308177,3641.674558057946,3601.1886518924634,2343.883971056031,3352.4827980490636],
        [2463.8504079557792,1839.6343578159679,553.68516203248,3206.422693220455,2606.2500173416693,1469.3842866872642,1527.6026221047066,1783.3520510026121,5008.124096330723,4028.12753362627,3500.146686793108,4195.906798286387,0.0,2495.1631989177604,3634.07856349376,3563.0750092502753,1438.4469556297763,2165.581089441885,642.1641839841985,1067.4357407303771,3439.1196632920487,1163.4879085106827,1857.1176052173705,2534.6891061809565,3431.2718863501736,105.74259974499608,1280.3453555632163,3696.1491424837536,1125.6143105432375,1942.3582671283316,492.7541496301413,1276.387272852478,3157.899183122637,3676.5881963162,509.88852043752325,2112.4301514063027,1739.2831246094543,2222.222120776935,2834.4155123591845,1400.9614420011956,879.4761306676168,1829.6008207598638,3220.4290374616826,3539.1762898673946,3303.1497873329768,2968.776355608683,3527.876641932894,1029.6707692251887,2020.7832188118045,3543.4033039443034,1025.8664326460766,1627.0080359456588,2403.386739844439,575.5113798183122,3457.9560663049683,1433.5916242418239,2399.70332751569,3340.2038991209965,2492.613293300563,2570.869849038226,2573.0483696630354,4455.46574153572,3482.122009051915,4843.075876125886,4117.2005153640075,2178.448292664005,1702.4500375689477,4594.691823418133,738.2182231867413,3481.603792325343,3449.8314061327537,3877.2591284845716,2384.3242619623807,3665.521064199183,1431.5045815982908,2783.1872497941454,3338.9222209305462,3459.721061581113,1098.304838117029,3486.560749120084,2463.8504079557792],
        [3900.3356738086018,2750.4733790258133,1978.4679156334007,2040.5007693842572,3879.802809641941,3045.3037913344897,2195.946105250233,3079.030553594482,3947.743874884933,3178.8172145853364,3100.4630143140485,3250.9652582040158,2495.1631989177604,0.0,2426.1793158450278,4731.518543740579,3192.163411267684,4175.471628732187,3038.7285681458366,3359.3297504015195,4500.294408683048,3511.907946066673,2168.804170780346,728.9276365295144,2184.385923092678,2475.0003821599184,3274.165759590616,3485.2384385295777,2269.0299681141946,1250.8556467261346,2409.7146202548724,1472.3906303852002,1952.3940796651216,3262.037076776735,2828.4846295913844,1278.636485449318,1787.4827315042119,1010.4446107723946,746.989733326773,1286.5806505116861,2694.7038810316158,3933.5286792177644,1619.6846832482204,1649.7759267771567,813.6385766464547,2574.406576138793,2161.085936105918,1556.238869205815,2743.5487790258003,4108.0214758710745,3456.574207177386,1387.240682134252,162.15395000992686,2298.9911842358315,2081.834546217419,1179.9151772343844,924.2659250694276,5017.331861054132,3792.0292173254406,370.75571090610185,4196.809308819164,3130.2878718361653,4407.430096030749,3841.6666008196007,3601.471543638466,3443.4346641392904,803.6301241126841,3794.675027786651,2005.1106410084626,1802.4598397420261,2402.989482357827,2107.7282887047827,1672.1320487791866,5098.252029920419,3113.3018636752104,370.9858321588433,4821.349025401924,4806.5148171857245,1396.8589357880653,1311.5345135803536,3900.3356738086018],
        [3298.9085227166584,2387.3428516426015,3394.1586126377556,446.49193563996715,3126.133966440815,3047.0095078037452,4231.853168405888,2801.767016993032,1539.7642947441095,799.4724153931489,1113.512849300064,832.589977024146,3634.07856349376,2426.1793158450278,0.0,3575.5133959450663,3260.7393855811983,4079.3922350265493,3823.969076358193,4701.401806777346,3308.188267696784,4791.6585209284685,1916.5747574566537,3155.1066537696815,245.81630964522947,3549.2307623042248,4846.335870107655,1494.8410483507114,2641.970233714593,3525.664297591672,3230.4640982744563,2422.9983378244347,518.8509098938516,1181.148153616442,4134.507931572136,3612.431214295168,1903.2419086075229,3383.991914420153,1712.7976137461899,2377.320467798273,3165.8605715279823,4027.8669632535684,829.9710240973366,1055.1981046881801,2379.6124645067302,1029.183205642006,292.21087927621863,3252.5121586014106,2208.3562309050367,2581.722076131853,4160.183187645666,2056.0158086264255,2566.7593993743403,3108.155207888922,358.52462044954797,3104.26471051919,3337.0664737532297,4309.187716158721,3103.6517744366574,2788.8955406577666,3669.7619146491957,826.149406197835,3115.3504213055003,1420.4214909300595,1336.5940408913527,2902.3154110207533,2520.85041351328,1382.5660729825133,2895.8604851334103,760.1709705238377,239.47500908685768,823.4430446867422,1252.7081480743275,4112.190880181606,3165.0843471067083,2170.312111675909,3954.9489280584394,3805.910322884576,2906.2241671988454,1543.955781980367,3298.9085227166584],
        [1106.6785985850292,2028.3005272021694,3868.8489300944434,3485.8615355663674,964.217364938004,2100.6435965579526,5037.396136294921,1841.4532479805105,3865.683562147508,3184.3858086572614,2516.723323651061,3361.3586906917626,3563.0750092502753,4731.518543740579,3575.5133959450663,0.0,2130.6914867032565,1870.4044909054485,3122.9969255661085,4218.50246488603,267.3497868533358,4170.700174970427,2563.8032972564556,5250.428190673421,3594.747144434508,3466.303970956222,4641.756119605639,2249.9705133971925,2732.3203363124326,5050.441275213303,3131.388739062301,3448.1718520987993,3531.245275596634,2536.6088162120395,3923.9963376145083,5219.371499631745,2949.1508599004724,5170.67996026136,4429.9628225458655,3604.2799818966155,2694.4262986249923,2154.2444523308404,3979.6991964435783,4392.965840976959,5236.623231578651,2601.850786861906,3753.755510585404,4174.837853889804,1994.3898882572837,1076.7737415255847,3083.7179725070546,3375.5242706099543,4766.751531975836,3126.340992768226,3753.5682610163553,4401.298350924255,5267.013776268242,1022.0868744457447,1076.925742317236,5040.600658064201,1135.8708105111205,3983.131820778188,479.6140060648623,3698.3082388270723,2740.9274175303626,1420.928743013021,4146.326321874252,3300.5827679563226,3251.650026992357,4120.597729926888,3352.6440268218,4359.579748197638,3194.598591619712,576.6797569273895,2131.585829500774,4750.587871926147,607.5940563798712,339.07581420561553,3927.0227582350726,4740.339393911812,1106.6785985850292],
        [1026.7271362388287,887.7829349407177,1807.011313228846,2926.9395806698058,1187.073115761878,213.76768480693755,2943.8030097235746,538.3518553773209,4329.063244402647,3369.4782016544996,2701.904707587178,3561.3875189154533,1438.4469556297763,3192.163411267684,3260.7393855811983,2130.6914867032565,0.0,986.9382659612894,1020.5231172312014,2148.8720498882612,2024.2621779610824,2133.750821557965,1387.568479355374,3514.5844400772985,3132.073181382672,1345.532000955219,2540.131043994584,2756.661354900121,924.408990803921,3127.585381768492,1046.8153578339507,1722.9909860118566,2917.015758627305,2848.4506361587637,1798.7724418300877,3303.359962195998,1599.5058128161888,3323.2111157181434,3199.2912305047307,1908.4444409783564,605.5289643866631,802.4889419543822,3186.356202598927,3593.2538295598515,3896.3420954506682,2319.84919287379,3272.826952146194,2188.7188660450147,1089.2265181632229,2267.096688956961,1115.4260475525577,1854.2687054593605,3167.3085038395216,1077.9631118893292,3226.4469146797433,2499.174751444603,3461.0256152278416,1961.2745153178944,1074.7113673325289,3410.357423765317,1155.2882781788644,3997.0210769096175,2094.5007622011385,4150.2312499420495,3264.7353284656524,809.450953268335,2440.349398024272,3824.006101159099,1292.2135967178392,3421.745618239968,3030.2910441373324,3786.8430422527313,2210.9917572999952,2235.852892552098,96.91789005527723,3352.021420245409,1911.352602493459,2021.81921000502,2026.6157234556604,3738.24419797468,1026.7271362388287],
        [982.4526295195515,1717.3911175388569,2641.673002214781,3792.729638607156,1234.86037071246,1159.7386140886088,3685.004541729609,1292.663015407255,4955.251039089514,4049.552232695434,3341.114373620798,4245.326060405215,2165.581089441885,4175.471628732187,4079.3922350265493,1870.4044909054485,986.9382659612894,0.0,1562.762150650572,2504.75336468217,1893.052879452197,2421.1614527911165,2307.9962727177567,4468.418358236161,3982.726645968845,2098.140687124378,2964.967219030787,3288.5169103175053,1910.6548172078453,4023.058287216573,1907.8102373840106,2703.8140643263105,3795.074713033859,3456.169911252951,2360.5544239768415,4198.840290410332,2565.3812900038456,4247.536311816272,4179.24696451803,2889.6403492421277,1514.3756458050998,353.344404121043,4108.734167044225,4524.951727615175,4883.1599649256805,3076.5863322338323,4132.577174799953,3072.9453025414387,1876.2460649204552,2464.5578884327747,1358.2817661723377,2840.3120318562665,4145.95107128245,1975.9039304124722,4095.3281066023374,3418.7054290105707,4397.0864657628335,1251.912989847894,1175.4992000306768,4383.639395583419,749.3195414156746,4751.781436807109,2060.7523080993406,4774.706544263443,3826.3696696588504,1213.005128174948,3413.2631106296444,4412.499625429122,2231.1483098953745,4331.888457426747,3841.567759462878,4680.012959927718,3138.8586797565913,1712.2352615253076,1072.4234851094625,4338.952849367951,1403.5809753784858,1622.3097385020362,2960.167737566208,4701.083732939131,982.4526295195515],
        [2017.9639000973505,1694.7294430253842,1182.3808240918934,3424.872970208533,2200.4358530341538,1134.7087306820258,2127.875610580557,1494.6736476682186,5083.202378275366,4100.939891340827,3498.502946154787,4282.1874691002495,642.1641839841985,3038.7285681458366,3823.969076358193,3122.9969255661085,1020.5231172312014,1562.762150650572,0.0,1130.9666873374954,3035.1998803722267,1130.5770448041171,1927.9417815761806,3148.0311597446735,3647.238362925493,607.392564992553,1522.904849882389,3627.737996268034,1182.2123387212448,2581.5341156012983,660.0881012630743,1671.5520018563668,3390.605326131448,3663.6986128994013,815.638972666269,2752.6522954838756,1939.4287821834791,2853.3651423134093,3282.1443700248024,1833.3914793744643,685.5402210235291,1215.8359741638583,3535.2957166717792,3893.6576115696203,3830.7300474027425,3023.0498420698036,3763.794969271451,1654.2506785269732,1900.7754939463498,3272.912761181222,417.91281707096954,1968.2685664043431,2963.762243209979,787.4091060341094,3701.759576970624,2048.1464701355576,3026.235927792335,2778.689193122288,2089.6174348046748,3153.64486021892,2059.058705992302,4622.874763061492,3113.811500388804,4910.101937851776,4098.7735051088885,1827.0171247357803,2235.1743040338524,4622.038934648686,1077.376648574313,3792.602834478722,3616.471270018348,4184.092015826805,2615.923259492724,3152.539296055393,1053.2270846002389,3294.9308528143924,2825.467711755516,2976.691692420802,1661.491574421491,3909.657976395703,2017.9639000973505],
        [3122.8215640421913,2785.6728782414643,1419.2559263454957,4272.686338087934,3318.5339000168356,2264.314129899839,1650.690070778422,2621.8862775376247,6066.120400208261,5084.0134144084095,4532.184054144793,5254.890359604074,1067.4357407303771,3359.3297504015195,4701.401806777346,4218.50246488603,2148.8720498882612,2504.75336468217,1130.9666873374954,0.0,4147.912250253495,175.9054826057565,2901.542411317593,3214.0178374289817,4497.437877649525,1155.4579279938234,473.4295839899585,4699.736002646766,2150.1440726328456,2486.632028968245,1508.8494981188849,2321.608517181262,4222.948948834859,4704.976036328657,574.7432205190256,2624.381848117858,2805.7277724589567,2823.503866420975,3808.412628993007,2424.8230806200827,1760.5316195215544,2155.998289635192,4267.205672171973,4567.2000938037245,4170.816203023241,4016.7023796784274,4591.803077371426,1803.0964099579005,2984.409771385663,4403.124496737395,1153.084050720565,2681.543092909319,3239.77301782523,1617.6876953921155,4520.92859434534,2191.8350228768695,3020.218774168251,3756.6580595740843,3209.4893230980424,3348.8648717462293,3116.592303381846,5522.888458135496,4236.794777919795,5899.126417338945,5144.830773717234,2957.173380275564,2619.9859198989534,5639.778275283489,1805.5984223919188,4528.168308037598,4516.976715791202,4923.27320778638,3450.9893383271055,4189.7579140087855,2184.1621318567168,3687.4502464597567,3867.387158356841,4044.673633751777,2017.9981656521818,4471.2802073845905,3122.8215640421913],
        [1027.3146534816829,1827.3418193106497,3715.3711220350256,3220.2903558358457,837.2510258956676,1969.7976780855304,4889.135127433119,1682.2623446718085,3623.5206268214097,2924.066643923223,2251.821743825038,3102.7175662771665,3439.1196632920487,4500.294408683048,3308.188267696784,267.3497868533358,2024.2621779610824,1893.052879452197,3035.1998803722267,4147.912250253495,0.0,4110.743146369079,2337.2311289336935,5034.31328994814,3327.8389233590533,3339.660016895413,4558.072575715473,1992.5832008925881,2555.5637415402093,4860.0706227886085,2991.6540709906685,3246.5270005291554,3266.43179625254,2275.2042519520414,3822.9629989509244,5027.046263861418,2724.468665400772,4968.430390678536,4181.024245314171,3397.3557304381534,2562.4327697493163,2146.490730367191,3716.946424331222,4129.0491936833005,4989.675476257229,2335.88173714432,3486.7676167327804,4001.3457689075517,1775.6035928379388,830.1755801636299,3031.0047368027554,3156.05625190809,4540.229734737845,2977.1358727204747,3486.9622045364863,4211.6206236368935,5058.907752740476,1210.4150262793805,950.0866260824986,4815.215271537315,1143.8345001948044,3721.706424586328,234.50424267410372,3454.1606978530585,2491.2844692725084,1267.197428610705,3934.4499235423996,3057.2587495599287,3083.498606262093,3855.48102800054,3085.316015167177,4092.5955024128425,2944.0882947420737,828.2886051824169,2013.8306647273255,4509.350650856838,789.4279600392862,550.6467329682753,3741.141548165596,4480.685961684529,1027.3146534816829],
        [3083.5919555925775,2813.296025752855,1556.7138165205672,4367.299177799995,3287.621629719384,2263.1730295788047,1826.3024200103216,2624.5179802956663,6135.025015855488,5151.706073391793,4584.5519910954,5325.470904608281,1163.4879085106827,3511.907946066673,4791.6585209284685,4170.700174970427,2133.750821557965,2421.1614527911165,1130.5770448041171,175.9054826057565,4110.743146369079,0.0,2965.535577340631,3381.6586332956717,4592.219350656426,1243.1808793124474,610.5241942902377,4738.408739189748,2209.5943097134773,2658.486659549942,1575.8253320057725,2433.5361408606673,4320.1020886122615,4755.087678985553,698.6278378962111,2797.636871207715,2890.582128371391,2994.0629881773943,3944.489432674364,2545.000074514315,1788.8410183212893,2077.09798319252,4380.069148574472,4688.7654246966085,4324.52597206917,4079.6767706867736,4690.672658681971,1956.4427366440386,3015.6971158911,4398.095576458652,1088.567740165183,2788.935213295644,3395.148190586284,1691.0988229430914,4621.110087948445,2349.9567897662414,3190.403706166072,3671.6672432020987,3180.4388984894154,3509.9952009244016,3057.1531122640426,5610.19746540496,4208.5296361341425,5966.236445437493,5193.799009925317,2943.0921433616263,2763.0803012523684,5698.435232365927,1898.6486390141356,4641.245637720696,4602.328008716049,5036.781793624153,3544.8801320115494,4119.1353487587685,2176.2513104262057,3835.5267891745625,3799.3546770557796,3985.135112099894,2157.235534901228,4605.723529279979,3083.5919555925775],
        [1783.418744344051,628.4058496664395,1806.964555042218,1551.206304147083,1727.5313456747485,1179.2943554521298,2909.319692770957,1033.810142802192,3170.1882469388365,2186.5713056289023,1645.3000840932698,2362.5445518928036,1857.1176052173705,2168.804170780346,1916.5747574566537,2563.8032972564556,1387.568479355374,2307.9962727177567,1927.9417815761806,2901.542411317593,2337.2311289336935,2965.535577340631,0.0,2703.828262927608,1763.9605433261877,1758.2925883278272,3133.4506157375145,1871.7467706652294,757.2877326156364,2618.3025494678736,1392.7696128667578,1002.8428991058253,1535.000847518034,1823.6167986460846,2365.987470441673,2772.966316744774,387.9919463230932,2674.6551203072945,1951.0796413162318,1113.5328328564065,1254.9973844048611,2184.989248615755,1804.1635147438635,2217.55402838924,2727.1532180774457,1115.171844883928,1897.6296422063003,1899.349867319809,577.0356169440253,2049.614735190806,2246.6661295779063,826.8598140658966,2203.461178150747,1286.4057420552722,1846.819424685584,1991.547868547803,2745.8835910928433,2908.5398394392378,1648.861432077596,2478.082875906715,2117.3325163725785,2699.586650383587,2260.1811582678647,3000.7739842917854,2263.702833837183,1319.8601402852198,1618.8915019348417,2739.3084346826813,1164.5892886329043,2035.3653681590001,1698.8947474425574,2399.394039090112,831.0934746273181,2937.985214935025,1290.703141794606,2213.2915473916387,2673.184172965443,2641.893421319776,1569.845638913293,2409.438938492343,1783.418744344051],
        [4336.86331003504,3228.3297844616204,1981.436723406906,2766.6256582708793,4351.367157903777,3400.939877777996,1785.4625311360885,3502.306280393491,4674.929609461032,3904.8897080252004,3798.265337983803,3979.3794586164636,2534.6891061809565,728.9276365295144,3155.1066537696815,5250.428190673421,3514.5844400772985,4468.418358236161,3148.0311597446735,3214.0178374289817,5034.31328994814,3381.6586332956717,2703.828262927608,0.0,2913.2012651616874,2545.086195021391,3029.830448157406,4174.080303464932,2625.8147269577266,773.8856912973426,2590.784213853896,1831.156411967759,2678.7608178587334,3964.4814012843735,2750.2468719508697,710.2160089964689,2316.136528215512,431.89714070268747,1464.3638057136227,1659.0995302081017,2954.2749153775503,4188.2142983002095,2346.204760514318,2346.419326634635,1208.5809049257616,3255.5854143292495,2889.2578295708054,1506.2515963533037,3258.8303120232226,4715.900871872896,3554.210631443166,1879.0064297392373,595.4168788328241,2503.449660268777,2810.2539338453676,1101.589781245106,254.48403015677732,5426.901533421267,4254.506067179947,376.70057802064736,4599.261614578628,3852.0344592564434,4963.97614307174,4570.1584842632265,4316.1861885674925,3896.7225771258445,1108.7251858516258,4522.27579802943,2237.3508619821396,2520.26744769814,3129.133772653727,2806.1389502648917,2337.3544623974326,5569.070442124807,3448.2545303880006,1031.5258020536623,5274.82914055771,5290.166958009471,1515.788317234603,1954.9162689504349,4336.86331003504],
        [3242.204844285476,2273.826821008147,3173.3655993362636,224.92380262899587,3083.8440942269103,2919.1092057506726,3992.3634676519696,2694.7793989033044,1785.5150506516645,1015.3777925874009,1210.5701102895382,1068.0827121013922,3431.2718863501736,2184.385923092678,245.81630964522947,3594.747144434508,3132.073181382672,3982.726645968845,3647.238362925493,4497.437877649525,3327.8389233590533,4592.219350656426,1763.9605433261877,2913.2012651616874,0.0,3349.0388633297202,4630.040501607913,1610.0838524146382,2468.336160718671,3279.9875088005333,3040.5985203865953,2203.6889901709355,282.38179297036413,1307.8484433276699,3927.851487988614,3366.629259918262,1713.4026794722777,3138.643226436018,1478.1580469119135,2149.9909186552495,2999.986804457318,3911.922470703232,606.8143364571059,891.9283658320568,2168.5981135164566,1000.7874765123108,160.13140413132234,3018.7116179055374,2106.483456470431,2636.9940746285074,3994.317432828507,1836.1473123438366,2323.5791132600934,2916.3726085607123,170.12381874736045,2862.8490778136547,3093.0552678813556,4282.436083566347,3052.7401617611636,2548.5179179082074,3612.0487691997396,1051.9035919613948,3145.6738295063474,1665.7699412060988,1520.1863992467247,2828.220145852745,2278.185149939082,1615.6343439567988,2693.802108027143,590.4383653903346,284.5302989906855,765.0525571443002,1047.3485322431343,4116.843833894374,3035.593471831959,1935.9525448175689,3942.3885016072763,3808.1069450554614,2674.631814624558,1361.3764058586771,3242.204844285476],
        [2369.1848080882446,1733.8997602490592,575.2546740077751,3124.1184325754875,2507.945654060154,1369.932258084763,1608.2759728658004,1680.3421155017331,4913.968292901924,3933.11945624255,3399.919518929744,4102.0688211877105,105.74259974499608,2475.0003821599184,3549.2307623042248,3466.303970956222,1345.532000955219,2098.140687124378,607.392564992553,1155.4579279938234,3339.660016895413,1243.1808793124474,1758.2925883278272,2545.086195021391,3349.0388633297202,0.0,1383.0351093657134,3593.0379611276426,1022.6259967120506,1976.4567954888118,387.2525095450847,1212.699319256092,3077.192030790749,3575.913111975388,607.7965256785561,2148.5489696606246,1650.6185674429935,2245.977067744649,2788.7344363596185,1346.2277401802387,778.1544703613126,1767.1259027180756,3150.952887172231,3476.549900218579,3278.9981692290353,2871.302199223791,3448.1495144322184,1047.1352107796608,1915.2897251122931,3438.257693304703,1009.1786211753889,1556.3387515955785,2389.0215813843492,473.65313639612657,3379.0976608763135,1443.8451599655762,2419.346904929343,3259.972034395082,2394.305729554404,2565.720057682685,2486.064106910864,4369.136461037863,3380.461840552097,4748.214649854957,4016.5345828737413,2077.477414646397,1676.6452983373458,4496.938930814267,655.7551576723399,3411.974102511239,3362.332675473694,3807.5524655277854,2301.6994188225763,3576.722464223087,1335.3030347228173,2753.643135663779,3250.5623022263103,3367.351181247083,1080.8554545871514,3436.6622494827657,2369.1848080882446],
