{
    "drone_dist": [
        [0.0,12.908485227836334,6.753327605812879,12.950424297742453,21.674873966122604,40.48492253484352,39.71641472544944,26.81838215502338,22.694343081626872,19.930020971203582,29.81967440794801,14.983665396466499,18.224558568294576,9.826145298732039,18.54874967179037,20.482793762568157,22.823635249176533,28.216150193884243,30.552433138795088,40.74706703025087,20.702462486037884,26.016442124221324,41.963601146205626,29.842530627344274,37.428701744936944,38.47694253877298,28.794402967726057,33.54701498935703,26.053646987781015,36.623682649426016,30.234477992436997,29.5530845339227,33.274031536243925,25.28035937913704,27.19549307694207,18.633354020882575,28.002435986833195,40.719953032096505,2.769332650442928,32.346251324497466,0.0],
        [12.908485227836334,0.0,6.554571246590958,5.924018566990871,10.435262077591833,28.43398453807216,40.15497332586534,14.057792376917325,35.52738042714469,7.117821221350698,21.262370981089525,4.921358839750551,24.39751415362008,21.309376517984976,10.2112550339122,24.119568597446367,13.420638661553925,18.20842557285939,25.488110612839254,41.768602096185,11.656191286748053,28.37553267724861,43.517044664816346,34.45334825076935,34.43925945113169,31.711209572259698,21.36512076210981,30.73878520055695,30.488995341330924,28.235438963265555,19.66452652359267,29.334683750570342,28.213858809633194,13.833528855684483,15.26516915428707,10.315512030128591,18.438971301477643,29.323452077380388,14.870125864164205,22.478974201327894,12.908485227836334],
        [6.753327605812879,6.554571246590958,0.0,8.944777790672457,16.457368231535305,33.74738381499495,37.79834729580604,20.14406633620478,29.079183078957737,13.669028077377558,23.838810389519157,8.269915982030934,19.21020411486472,14.771347277691408,14.661904143542108,19.915736295423898,18.609644772484156,23.805422243903116,25.867271455879752,39.14939399173609,16.586737557194592,24.878943133913452,40.66514883794536,30.115651165861305,33.785867621852745,33.244351703607315,23.166378481453485,29.920460151791307,26.144051832700498,30.785734598382355,23.71564980507012,27.108782984045202,28.646466850822492,20.006433939550874,21.639049588908538,14.762149477833574,21.703401449061083,34.07816819453994,8.383796860672243,26.01714195088083,6.753327605812879],
        [12.950424297742453,5.924018566990871,8.944777790672457,0.0,8.96120517837882,32.42649136220255,45.62808063149984,17.39980262730581,35.20561715323164,9.347810760409711,26.9908664004563,10.842788033625734,28.15179576529954,22.59290352190765,5.788627157294034,28.633644369978004,9.94825211209138,15.309170556479284,31.407216047785543,47.15235280740005,7.846954196806114,33.31969320586371,48.81364900914206,38.91865431204818,40.29035791699911,37.5699910756219,27.23091009306181,36.55689519721231,34.93802761884408,33.90998785885745,24.867878426630853,34.80981991367386,34.13640493520271,12.513141437709628,14.614986902004382,5.8845045064702886,24.009773207243853,33.85478897222572,15.5435502319995,27.875088200068337,12.950424297742453],
        [21.674873966122604,10.435262077591833,16.457368231535305,8.96120517837882,0.0,26.56630963851809,49.075367225091945,11.912290106706479,44.13734895279626,5.807440928811945,25.90006598257048,13.494705480388044,34.82188971109102,31.01799263839167,5.3543698974501455,34.32931251117978,4.440815995579608,7.943804307804515,32.44802671892844,50.86403046307293,4.268881239057518,38.230489794042064,52.76021000385448,44.623048584880884,42.00094491207783,36.87243753664459,27.052274105517892,38.60120826564435,40.688625230041715,32.17743839816508,22.02919317363792,38.39764669771228,34.93583108369734,3.606848506407573,5.663726019812063,5.368121455730424,22.444023329445884,28.883972608353922,24.121527631846696,25.38377924555784,21.674873966122604],
        [40.48492253484352,28.43398453807216,33.74738381499495,32.42649136220255,26.56630963851809,0.0,43.208308531811255,15.09697792835297,61.77992625637067,23.14930083575379,16.516309722691382,25.50507708138782,42.743851787835354,46.36597749161313,31.702510893218687,39.34944993462708,30.382772215127016,29.801415289269226,24.82231140936077,45.46813237494726,30.8212059462551,39.63609121513149,47.76011375712437,46.9504051308354,32.62068517616166,22.072762353439465,19.330150564859753,31.30421909345,44.07321044866788,16.36218107758491,11.863402321499402,35.75484570982391,25.409879680297752,25.43418313837838,23.488012518271198,31.74185907335647,15.235684745990294,4.222818145979791,41.66556803959768,12.298491399395374,40.48492253484352],
        [39.71641472544944,40.15497332586534,37.79834729580604,45.62808063149984,49.075367225091945,43.208308531811255,0.0,42.35868900796513,45.60983364527402,43.42910273679559,27.761559779164266,35.821498801279596,23.291080047141545,35.207741012007155,50.33653146238442,19.537126247824578,53.026955137378955,56.86547022547076,18.900131479575254,2.2725236603827708,51.55887050877547,13.892021941470897,4.568157950289849,14.212115397427004,10.893567056631106,22.14260955594436,25.14570285552292,12.025090284564477,15.910631357819272,27.113230666199787,33.58039749719017,10.824399164757109,17.818440241945034,51.44009991119392,51.570780671632846,50.43983420948055,30.66183814833676,39.76256116236715,37.93003936492194,31.481798702371567,39.71641472544944],
        [26.81838215502338,14.057792376917325,20.14406633620478,17.39980262730581,11.912290106706479,15.09697792835297,42.35868900796513,0.0,49.14482964276186,8.070260287524441,15.914630222700687,12.577970275667589,33.85520363837534,34.236715116685936,16.7748903305331,31.776351639499474,16.128442141482306,17.15282916620025,23.992169598446583,44.403859224593226,16.15959901270791,34.13064420848163,46.52680004769252,41.30027881859556,33.63048608436703,26.51242003773444,17.849965078878427,30.785809758649286,37.68943162449723,21.24682032147096,10.909389941643813,32.461985866291585,26.035178618660716,11.811968965230774,10.666132474170057,16.823648298713128,12.42239716215982,17.03149733791227,28.484016209837357,14.269783689727896,26.81838215502338],
        [22.694343081626872,35.52738042714469,29.079183078957737,35.20561715323164,44.13734895279626,61.77992625637067,45.60983364527402,49.14482964276186,0.0,42.603513713353195,48.40019612407678,36.73728081087206,23.870064707794462,15.471452156394967,40.33844620253005,28.5786455811974,44.62068625419952,49.97104770026208,45.60060848721529,45.49510359288073,42.52863616509933,33.1576434112286,45.58340593357076,31.609423023821435,48.67946703732894,54.15662141503758,46.498331556200306,45.3520279711575,29.81259450873914,54.279584506973286,50.53127139627211,39.05169311571452,47.80137410028618,47.71413753872921,49.74606323054598,40.40648564042315,47.65815185802995,61.2770636265212,20.69566820159417,51.85240785187896,22.694343081626872],
        [19.930020971203582,7.117821221350698,13.669028077377558,9.347810760409711,5.807440928811945,23.14930083575379,43.42910273679559,8.070260287524441,42.603513713353195,0.0,20.256698728966988,8.394143652720699,30.489113145569412,28.398602990414005,9.327977519705227,29.483809264603284,10.155193987729826,13.436367492846987,26.640636344982205,45.25984211523461,9.369509202987913,33.02012781212032,47.19724500866252,39.6602718506615,36.19867169720746,31.224700594803338,21.291745520681673,32.819053520554334,35.78395500524891,26.72345554821382,16.81253636163613,32.824277000034904,29.134169271313837,8.09616068889653,8.819773589837864,9.398214984945682,16.859815583239843,24.827040544095357,21.978158790376437,20.090949834984748,19.930020971203582],
        [29.81967440794801,21.262370981089525,23.838810389519157,26.9908664004563,25.90006598257048,16.516309722691382,27.761559779164266,15.914630222700687,48.40019612407678,20.256698728966988,0.0,16.534416131944532,27.13094265762597,33.04819375205893,29.32555942336891,23.29902285167355,30.333597556187108,32.60211392425654,8.862912097677455,29.95359684148696,29.618112185748547,23.141503989388898,32.19960795306897,30.438663160515933,18.069945912456035,10.973822990190241,2.8234750711306096,15.761205511921203,27.640089832602982,7.009089016843014,5.832774944256655,19.35327770506408,10.371167175762276,27.03784582435679,26.362403505522714,29.409372458629747,3.530478465178762,14.18169938841987,30.071036407204733,4.235052502721175,29.81967440794801],
        [14.983665396466499,4.921358839750551,8.269915982030934,10.842788033625734,13.494705480388044,25.50507708138782,35.821498801279596,12.577970275667589,36.73728081087206,8.394143652720699,16.534416131944532,0.0,22.21645003546557,21.67576257446232,14.63586624883356,21.090117269956956,17.229369140951263,21.43201223312563,20.590935251277706,37.53181264384062,15.741605523504491,24.75201577909303,39.37149183033006,31.286465795092212,29.64844543348908,26.83025393608041,16.485686441249072,25.999841411907017,27.397602828506663,23.538727741339898,15.593913429120725,25.053122793890584,23.306442669904527,16.37620927093514,17.210723947784945,14.736694464933011,13.92816586495605,25.823688747910385,16.244021217872064,18.129653481160375,14.983665396466499],
        [18.224558568294576,24.39751415362008,19.21020411486472,28.15179576529954,34.82188971109102,42.743851787835354,23.291080047141545,33.85520363837534,23.870064707794462,30.489113145569412,27.13094265762597,22.21645003546557,0.0,11.94048732031229,33.82040033884004,4.718897578864637,37.600982403343295,42.58439118927277,22.388316155773232,23.814188554062834,35.65485921976775,9.667723936717952,24.628606319168437,11.650302831200696,24.832938917174886,30.82664281148799,24.7050035378438,21.485081292796316,8.025784495138987,31.89678021771039,30.88128886959667,15.256914398598843,24.312409016999805,38.12474554840431,39.27002200937894,33.92235483507635,27.54301170856218,41.144699872583075,15.861525736315805,31.152395881858677,18.224558568294576],
        [9.826145298732039,21.309376517984976,14.771347277691408,22.59290352190765,31.01799263839167,46.36597749161313,35.207741012007155,34.236715116685936,15.471452156394967,28.398602990414005,33.04819375205893,21.67576257446232,11.94048732031229,0.0,28.291097662882983,15.923438418044219,32.531540276245806,37.902071858689126,31.039469654234036,35.753628055352024,30.418027561293254,21.429089041977356,36.52484105340837,23.06654997211956,35.65024574456647,39.55143466497417,31.274688610960542,31.985504384768856,19.814273081899948,39.14512440294408,35.06039888028924,26.47686331292254,33.459315118461134,34.6124125650651,36.35576893920828,28.378985727053468,32.19752844591889,45.80605254390535,7.093311802862948,36.41268158865052,9.826145298732039],
        [18.54874967179037,10.2112550339122,14.661904143542108,5.788627157294034,5.3543698974501455,31.702510893218687,50.33653146238442,16.7748903305331,40.33844620253005,9.327977519705227,29.32555942336891,14.63586624883356,33.82040033884004,28.291097662882983,0.0,34.059898662166184,4.303454544312499,9.699960772734391,34.932562657642976,51.971043170600765,2.1915210122890616,38.520240195244675,53.72775966104684,44.38591371725823,44.20933347030589,40.23188673679414,30.07267903784785,40.609181167913505,40.40601545534278,35.95286821027801,26.13791812355738,39.523641232554205,37.56503028196189,8.15515808230261,10.542283227278165,0.10477261805143177,26.024827483817063,33.80305837356844,21.210575146099448,29.40099618429297,18.54874967179037],
        [20.482793762568157,24.119568597446367,19.915736295423898,28.633644369978004,34.32931251117978,39.34944993462708,19.537126247824578,31.776351639499474,28.5786455811974,29.483809264603284,23.29902285167355,21.090117269956956,4.718897578864637,15.923438418044219,34.059898662166184,0.0,37.53642265752968,42.24007876359805,17.87765781960316,20.364860792899943,35.71539289225548,5.646733983090194,21.491279265381024,10.33686890873219,20.16664364114584,26.231296473622056,20.727916057579773,16.773408109809992,6.369818111243058,27.602145883980032,27.527421814229513,10.672783768361425,19.687207054397604,37.4171362610419,38.29598609324564,34.164211641953365,24.121956734148156,37.45222817353451,18.496052897163917,27.437072894370825,20.482793762568157],
        [22.823635249176533,13.420638661553925,18.609644772484156,9.94825211209138,4.440815995579608,30.382772215127016,53.026955137378955,16.128442141482306,44.62068625419952,10.155193987729826,30.333597556187108,17.229369140951263,37.600982403343295,32.531540276245806,4.303454544312499,37.53642265752968,0.0,5.399286394892142,36.74871997394804,54.75797460677065,2.1224422277156108,41.73869163309155,56.59993159950105,47.871885113988164,46.24826802683629,41.306990135471764,31.444681969696607,42.788446232107454,43.90479349931441,36.61411559793167,26.443008653278163,42.27865876089418,39.27145466160112,5.15455668570048,7.501250156179198,4.228164156311648,26.882930823619393,32.938556616156305,25.464524082715375,29.804897252907274,22.823635249176533],
        [28.216150193884243,18.20842557285939,23.805422243903116,15.309170556479284,7.943804307804515,29.801415289269226,56.86547022547076,17.15282916620025,49.97104770026208,13.436367492846987,32.60211392425654,21.43201223312563,42.58439118927277,37.902071858689126,9.699960772734391,42.24007876359805,5.399286394892142,0.0,39.784984461270724,58.69144088213952,7.5213341870795825,46.17385771170627,60.616612217773465,52.546802111798,49.42763482181596,43.462525086639005,34.08852131757796,46.148138417073184,48.6046522847165,38.36279472291625,28.023061409421985,46.24492319639002,42.1572819491656,5.588363522631821,6.56435800513234,9.622400335610195,29.07553696018828,32.893336287547235,30.845664807144704,31.39984229920562,28.216150193884243],
        [30.552433138795088,25.488110612839254,25.867271455879752,31.407216047785543,32.44802671892844,24.82231140936077,18.900131479575254,23.992169598446583,45.60060848721529,26.640636344982205,8.862912097677455,20.590935251277706,22.388316155773232,31.039469654234036,34.932562657642976,17.87765781960316,36.74871997394804,39.784984461270724,0.0,21.09088850449635,35.66592832141272,15.988236649894876,23.339420338639858,22.89030929971349,9.683565678602902,8.557785123446244,6.287224370752642,6.925562960993341,20.72130983109645,10.122768963908616,14.681075252153931,11.109170820607314,2.7816403510245715,34.20820779435778,33.9196869611394,35.02783386955406,11.85579760366299,21.830105801301894,29.99044452118065,12.71584500062684,30.552433138795088],
        [40.74706703025087,41.768602096185,39.14939399173609,47.15235280740005,50.86403046307293,45.46813237494726,2.2725236603827708,44.403859224593226,45.49510359288073,45.25984211523461,29.95359684148696,37.53181264384062,23.814188554062834,35.753628055352024,51.971043170600765,20.364860792899943,54.75797460677065,58.69144088213952,21.09088850449635,0.0,53.24729659979915,14.746903223928177,2.296495207887045,13.89663306303279,13.15719490254004,24.40378314349465,27.31369247784949,14.247535323480749,16.1194166245867,29.385225486034326,35.76348811291118,12.479322284956856,20.06984590448096,53.300038308955436,53.48882664007059,52.074835960457186,32.80834551764166,42.03244007579027,38.852677000350496,33.70813976981909,40.74706703025087],
        [20.702462486037884,11.656191286748053,16.586737557194592,7.846954196806114,4.268881239057518,30.8212059462551,51.55887050877547,16.15959901270791,42.52863616509933,9.369509202987913,29.618112185748547,15.741605523504491,35.65485921976775,30.418027561293254,2.1915210122890616,35.71539289225548,2.1224422277156108,7.5213341870795825,35.66592832141272,53.24729659979915,0.0,40.030385763295726,55.05183440123863,46.05176371507821,45.0731696100068,40.57922746888755,30.559605117072778,41.545515815052255,42.07766773940814,36.07786545792046,26.055144521174878,40.77459431042675,38.24320528660672,6.344474871310436,8.763069475274804,2.12215733057471,26.22931517730308,33.14983485928996,23.34735741053107,29.37885456746965,20.702462486037884],
        [26.016442124221324,28.37553267724861,24.878943133913452,33.31969320586371,38.230489794042064,39.63609121513149,13.892021941470897,34.13064420848163,33.1576434112286,33.02012781212032,23.141503989388898,24.75201577909303,9.667723936717952,21.429089041977356,38.520240195244675,5.646733983090194,41.73869163309155,46.17385771170627,15.988236649894876,14.746903223928177,40.030385763295726,0.0,15.969984294978369,7.366271974508444,15.731582571666927,23.610690092287275,20.357319524755624,12.875076364896184,4.745457824609569,26.107085813071592,28.151867146486584,6.1207241368142284,17.10454099661439,41.09255163747389,41.7164004953639,38.62501264603418,24.7488122268779,37.20606227110852,24.107854916937807,27.376351662247394,26.016442124221324],
        [41.963601146205626,43.517044664816346,40.66514883794536,48.81364900914206,52.76021000385448,47.76011375712437,4.568157950289849,46.52680004769252,45.58340593357076,47.19724500866252,32.19960795306897,39.37149183033006,24.628606319168437,36.52484105340837,53.72775966104684,21.491279265381024,56.59993159950105,60.616612217773465,23.339420338639858,2.296495207887045,55.05183440123863,15.969984294978369,0.0,14.040081826721377,15.439776463103,26.681440677478335,29.542710752688258,16.520565825145678,16.73060756843166,31.681371664777867,38.001283845782915,14.3729771193367,22.358058795262362,55.25815005955175,55.49816432006417,53.83191154098462,35.01864653924037,44.328863825473206,39.972585678905276,35.978435418892744,41.963601146205626],
        [29.842530627344274,34.45334825076935,30.115651165861305,38.91865431204818,44.623048584880884,46.9504051308354,14.212115397427004,41.30027881859556,31.609423023821435,39.6602718506615,30.438663160515933,31.286465795092212,11.650302831200696,23.06654997211956,44.38591371725823,10.33686890873219,47.871885113988164,52.546802111798,22.89030929971349,13.89663306303279,46.05176371507821,7.366271974508444,14.040081826721377,0.0,20.419636736690613,29.876917425410724,27.637049573132273,18.52264375605439,3.9814429661044373,32.97864725895661,35.513400120535636,12.001151643705885,23.600671721536223,47.65524566434988,48.44372421611451,44.49009934768732,32.11317839546239,44.42474780937311,27.511462830277733,34.66932017673406,29.842530627344274],
        [37.428701744936944,34.43925945113169,33.785867621852745,40.29035791699911,42.00094491207783,32.62068517616166,10.893567056631106,33.63048608436703,48.67946703732894,36.19867169720746,18.069945912456035,29.64844543348908,24.832938917174886,35.65024574456647,44.20933347030589,20.16664364114584,46.24826802683629,49.42763482181596,9.683565678602902,13.15719490254004,45.0731696100068,15.731582571666927,15.439776463103,20.419636736690613,0.0,11.24967621911571,15.799945958592135,3.8887310735933656,19.955410308091867,16.34956646610701,23.855447848565774,9.659267391618858,7.699332726839467,43.859302037949014,43.60138546029024,44.30743823168715,21.342701405340502,29.030156401396145,36.307500811077226,21.34975689371777,37.428701744936944],
        [38.47694253877298,31.711209572259698,33.244351703607315,37.5699910756219,36.87243753664459,22.072762353439465,22.14260955594436,26.51242003773444,54.15662141503758,31.224700594803338,10.973822990190241,26.83025393608041,30.82664281148799,39.55143466497417,40.23188673679414,26.231296473622056,41.306990135471764,43.462525086639005,8.557785123446244,24.40378314349465,40.57922746888755,23.610690092287275,26.681440677478335,29.876917425410724,11.24967621911571,0.0,10.346432655575219,11.481626402559476,28.328527771002257,5.868978242804262,15.67624468548372,17.907661028214616,6.57244932639932,37.925272977885285,37.12109039802804,40.31785171143165,14.445110289702063,18.20611591129387,38.148525427581546,12.466283337322892,38.47694253877298],
        [28.794402967726057,21.36512076210981,23.166378481453485,27.23091009306181,27.052274105517892,19.330150564859753,25.14570285552292,17.849965078878427,46.498331556200306,21.291745520681673,2.8234750711306096,16.485686441249072,24.7050035378438,31.274688610960542,30.07267903784785,20.727916057579773,31.444681969696607,34.08852131757796,6.287224370752642,27.31369247784949,30.559605117072778,20.357319524755624,29.542710752688258,27.637049573132273,15.799945958592135,10.346432655575219,0.0,13.210575037090132,24.889780726391418,7.930383909256622,8.471172152359602,16.538154283134737,8.18844025990013,28.500684162371172,28.02624167475303,30.161889465717,5.573757740010431,16.885338407092032,28.80277468141874,7.034848888192443,28.794402967726057],
        [33.54701498935703,30.73878520055695,29.920460151791307,36.55689519721231,38.60120826564435,31.30421909345,12.025090284564477,30.785809758649286,45.3520279711575,32.819053520554334,15.761205511921203,25.999841411907017,21.485081292796316,31.985504384768856,40.609181167913505,16.773408109809992,42.788446232107454,46.148138417073184,6.925562960993341,14.247535323480749,41.545515815052255,12.875076364896184,16.520565825145678,18.52264375605439,3.8887310735933656,11.481626402559476,13.210575037090132,0.0,17.406250655981996,15.54155580759457,21.59070959876284,6.798543095400783,5.9234353777909785,40.60819582906573,40.47772740604361,40.70850260311747,18.772272793931002,28.013395786225782,32.45310985859017,19.46065905706459,33.54701498935703],
        [26.053646987781015,30.488995341330924,26.144051832700498,34.93802761884408,40.688625230041715,44.07321044866788,15.910631357819272,37.68943162449723,29.81259450873914,35.78395500524891,27.640089832602982,27.397602828506663,8.025784495138987,19.814273081899948,40.40601545534278,6.369818111243058,43.90479349931441,48.6046522847165,20.72130983109645,16.1194166245867,42.07766773940814,4.745457824609569,16.73060756843166,3.9814429661044373,19.955410308091867,28.328527771002257,24.889780726391418,17.406250655981996,0.0,30.83402130722019,32.44982886546519,10.609086447100081,21.840388799307775,43.75126278024404,44.58317185170923,40.51017190480874,29.028370924688875,41.771561003382566,23.80005888730902,31.8707265451198,26.053646987781015],
        [36.623682649426016,28.235438963265555,30.785734598382355,33.90998785885745,32.17743839816508,16.36218107758491,27.113230666199787,21.24682032147096,54.279584506973286,26.72345554821382,7.009089016843014,23.538727741339898,31.89678021771039,39.14512440294408,35.95286821027801,27.602145883980032,36.61411559793167,38.36279472291625,10.122768963908616,29.385225486034326,36.07786545792046,26.107085813071592,31.681371664777867,32.97864725895661,16.34956646610701,5.868978242804262,7.930383909256622,15.54155580759457,30.83402130722019,0.0,10.342027570378367,21.076226403330377,9.675786241255626,32.9013884043842,31.912287694576666,36.032051121021354,9.957288224667227,12.680699410743017,36.71109297084951,6.979993902018427,36.623682649426016],
        [30.234477992436997,19.66452652359267,23.71564980507012,24.867878426630853,22.02919317363792,11.863402321499402,33.58039749719017,10.909389941643813,50.53127139627211,16.81253636163613,5.832774944256655,15.593913429120725,30.88128886959667,35.06039888028924,26.13791812355738,27.527421814229513,26.443008653278163,28.023061409421985,14.681075252153931,35.76348811291118,26.055144521174878,28.151867146486584,38.001283845782915,35.513400120535636,23.855447848565774,15.67624468548372,8.471172152359602,21.59070959876284,32.44982886546519,10.342027570378367,0.0,24.878897878073037,16.16013895979453,22.5792276110254,21.572416417966,26.209407664573344,3.4241555182967973,10.745859201756996,31.006490966399177,3.383910338557321,30.234477992436997],
        [29.5530845339227,29.334683750570342,27.108782984045202,34.80981991367386,38.39764669771228,35.75484570982391,10.824399164757109,32.461985866291585,39.05169311571452,32.824277000034904,19.35327770506408,25.053122793890584,15.256914398598843,26.47686331292254,39.523641232554205,10.672783768361425,42.27865876089418,46.24492319639002,11.109170820607314,12.479322284956856,40.77459431042675,6.1207241368142284,14.3729771193367,12.001151643705885,9.659267391618858,17.907661028214616,16.538154283134737,6.798543095400783,10.609086447100081,21.076226403330377,24.878897878073037,0.0,11.603071751967395,40.88757240967455,41.15913152575306,39.627133705610134,21.631197110792638,32.91167094823775,28.036486754104963,23.489883995616985,29.5530845339227],
        [33.274031536243925,28.213858809633194,28.646466850822492,34.13640493520271,34.93583108369734,25.409879680297752,17.818440241945034,26.035178618660716,47.80137410028618,29.134169271313837,10.371167175762276,23.306442669904527,24.312409016999805,33.459315118461134,37.56503028196189,19.687207054397604,39.27145466160112,42.1572819491656,2.7816403510245715,20.06984590448096,38.24320528660672,17.10454099661439,22.358058795262362,23.600671721536223,7.699332726839467,6.57244932639932,8.18844025990013,5.9234353777909785,21.840388799307775,9.675786241255626,16.16013895979453,11.603071751967395,0.0,36.57081214386939,36.177004199866225,37.65919011227897,13.678574375575907,22.089960437540817,32.652872864707724,13.747711897645999,33.274031536243925],
        [25.28035937913704,13.833528855684483,20.006433939550874,12.513141437709628,3.606848506407573,25.43418313837838,51.44009991119392,11.811968965230774,47.71413753872921,8.09616068889653,27.03784582435679,16.37620927093514,38.12474554840431,34.6124125650651,8.15515808230261,37.4171362610419,5.15455668570048,5.588363522631821,34.20820779435778,53.300038308955436,6.344474871310436,41.09255163747389,55.25815005955175,47.65524566434988,43.859302037949014,37.925272977885285,28.500684162371172,40.60819582906573,43.75126278024404,32.9013884043842,22.5792276110254,40.88757240967455,36.57081214386939,0.0,2.418728100933926,8.132556761394452,23.515132980518565,28.184029480007172,27.727228022847445,25.962632944721644,25.28035937913704],
        [27.19549307694207,15.26516915428707,21.639049588908538,14.614986902004382,5.663726019812063,23.488012518271198,51.570780671632846,10.666132474170057,49.74606323054598,8.819773589837864,26.362403505522714,17.210723947784945,39.27002200937894,36.35576893920828,10.542283227278165,38.29598609324564,7.501250156179198,6.56435800513234,33.9196869611394,53.48882664007059,8.763069475274804,41.7164004953639,55.49816432006417,48.44372421611451,43.60138546029024,37.12109039802804,28.02624167475303,40.47772740604361,44.58317185170923,31.912287694576666,21.572416417966,41.15913152575306,36.177004199866225,2.418728100933926,0.0,10.523858237869952,22.833215117452955,26.42528873286313,29.56643890025084,24.935903726708673,27.19549307694207],
        [18.633354020882575,10.315512030128591,14.762149477833574,5.8845045064702886,5.368121455730424,31.74185907335647,50.43983420948055,16.823648298713128,40.40648564042315,9.398214984945682,29.409372458629747,14.736694464933011,33.92235483507635,28.378985727053468,0.10477261805143177,34.164211641953365,4.228164156311648,9.622400335610195,35.02783386955406,52.074835960457186,2.12215733057471,38.62501264603418,53.83191154098462,44.49009934768732,44.30743823168715,40.31785171143165,30.161889465717,40.70850260311747,40.51017190480874,36.032051121021354,26.209407664573344,39.627133705610134,37.65919011227897,8.132556761394452,10.523858237869952,0.0,26.105717840567813,33.85299391698329,21.2974803805153,29.474909195223457,18.633354020882575],
        [28.002435986833195,18.438971301477643,21.703401449061083,24.009773207243853,22.444023329445884,15.235684745990294,30.66183814833676,12.42239716215982,47.65815185802995,16.859815583239843,3.530478465178762,13.92816586495605,27.54301170856218,32.19752844591889,26.024827483817063,24.121956734148156,26.882930823619393,29.07553696018828,11.85579760366299,32.80834551764166,26.22931517730308,24.7488122268779,35.01864653924037,32.11317839546239,21.342701405340502,14.445110289702063,5.573757740010431,18.772272793931002,29.028370924688875,9.957288224667227,3.4241555182967973,21.631197110792638,13.678574375575907,23.515132980518565,22.833215117452955,26.105717840567813,0.0,13.767095932927,28.54662837279603,4.346114687467471,28.002435986833195],
        [40.719953032096505,29.323452077380388,34.07816819453994,33.85478897222572,28.883972608353922,4.222818145979791,39.76256116236715,17.03149733791227,61.2770636265212,24.827040544095357,14.18169938841987,25.823688747910385,41.144699872583075,45.80605254390535,33.80305837356844,37.45222817353451,32.938556616156305,32.893336287547235,21.830105801301894,42.03244007579027,33.14983485928996,37.20606227110852,44.328863825473206,44.42474780937311,29.030156401396145,18.20611591129387,16.885338407092032,28.013395786225782,41.771561003382566,12.680699410743017,10.745859201756996,32.91167094823775,22.089960437540817,28.184029480007172,26.42528873286313,33.85299391698329,13.767095932927,0.0,41.63756044030092,10.016557119761828,40.719953032096505],
        [2.769332650442928,14.870125864164205,8.383796860672243,15.5435502319995,24.121527631846696,41.66556803959768,37.93003936492194,28.484016209837357,20.69566820159417,21.978158790376437,30.071036407204733,16.244021217872064,15.861525736315805,7.093311802862948,21.210575146099448,18.496052897163917,25.464524082715375,30.845664807144704,29.99044452118065,38.852677000350496,23.34735741053107,24.107854916937807,39.972585678905276,27.511462830277733,36.307500811077226,38.148525427581546,28.80277468141874,32.45310985859017,23.80005888730902,36.71109297084951,31.006490966399177,28.036486754104963,32.652872864707724,27.727228022847445,29.56643890025084,21.2974803805153,28.54662837279603,41.63756044030092,0.0,32.8857009309211,2.769332650442928],
        [32.346251324497466,22.478974201327894,26.01714195088083,27.875088200068337,25.38377924555784,12.298491399395374,31.481798702371567,14.269783689727896,51.85240785187896,20.090949834984748,4.235052502721175,18.129653481160375,31.152395881858677,36.41268158865052,29.40099618429297,27.437072894370825,29.804897252907274,31.39984229920562,12.71584500062684,33.70813976981909,29.37885456746965,27.376351662247394,35.978435418892744,34.66932017673406,21.34975689371777,12.466283337322892,7.034848888192443,19.46065905706459,31.8707265451198,6.979993902018427,3.383910338557321,23.489883995616985,13.747711897645999,25.962632944721644,24.935903726708673,29.474909195223457,4.346114687467471,10.016557119761828,32.8857009309211,0.0,32.346251324497466],
        [0.0,12.908485227836334,6.753327605812879,12.950424297742453,21.674873966122604,40.48492253484352,39.71641472544944,26.81838215502338,22.694343081626872,19.930020971203582,29.81967440794801,14.983665396466499,18.224558568294576,9.826145298732039,18.54874967179037,20.482793762568157,22.823635249176533,28.216150193884243,30.552433138795088,40.74706703025087,20.702462486037884,26.016442124221324,41.963601146205626,29.842530627344274,37.428701744936944,38.47694253877298,28.794402967726057,33.54701498935703,26.053646987781015,36.623682649426016,30.234477992436997,29.5530845339227,33.274031536243925,25.28035937913704,27.19549307694207,18.633354020882575,28.002435986833195,40.719953032096505,2.769332650442928,32.346251324497466,0.0]
    ],
    "end_depot": 40,
    "start_depot": 0,
    "truck_dist": [
        [0.0,17.741150562345357,9.550571322345132,14.005655519733455,25.674002857378735,57.128049103001985,52.43502169779599,37.61399055592709,29.88352857945226,26.83603764711821,38.307542166296244,21.114763581379766,25.760714613532386,11.358008989638668,18.729640891884753,28.093073209569845,23.146777527279742,28.910265603642475,32.33836452566325,54.76717259369192,20.926553872943845,35.2036147090957,57.20888811053464,42.104469554901684,42.338213154234055,43.94202375248885,35.314176560553136,37.75853549346117,36.612654938949376,45.88455532059105,41.559354919111314,37.16002761740833,34.65071660998813,29.8617173385763,33.263997628650564,18.87629837696773,37.50786974735987,56.75347951956036,3.480810343708111,43.39464876318741,0.0],
        [17.741150562345357,0.0,8.190579240000226,7.498937841503093,12.44424540585873,39.386898540656624,56.73729533841099,19.872839993581728,47.624679141797614,9.094887084772854,21.9362799003818,6.087551302205455,30.062988254147385,25.747516445495755,14.42736725126975,32.39534685018485,18.193578023136794,23.20224973744982,32.95768362208993,59.06944623430692,16.17364511714507,39.5058883497107,61.51116175114964,46.40674319551669,46.64048679484906,36.39664639971065,24.578965145534198,42.060809134076166,40.914928579564375,28.32717415327804,23.81820435676596,41.46230125802333,36.140147121175914,15.356591491116674,15.522847066305207,14.574024736352726,19.766719185014512,39.012328957215,19.53624554834279,25.653498200842055,17.741150562345357],
        [9.550571322345132,8.190579240000226,0.0,11.839354891344179,16.784662455699817,47.57747778065685,52.39687828856991,28.063419233581953,39.434099901797396,17.28546632477308,28.75697084395111,11.564192259034634,25.7225712043063,17.55693720549553,18.767784301110837,28.054929800343757,22.53399507297788,27.542666787290905,28.617266572248848,54.72902918446583,20.514062166986157,35.165471299869616,57.17074470130855,42.0663261456756,42.300069745007974,34.39145243014372,25.763605238208,37.72039208423508,36.57451152972329,36.33398399824591,32.008783596766186,37.121884208182244,31.799730071334828,20.31114601623117,23.713426306305433,18.914441786193812,27.957298425014738,47.20290819721522,11.345666308342565,33.844077440842284,9.550571322345132],
        [14.005655519733455,7.498937841503093,11.839354891344179,0.0,11.66834733764528,43.122393583268526,64.23623317991408,23.60833503619363,43.88918409918572,12.830382127384755,29.43521774188489,13.586489143708548,37.56192609565048,23.15922047175676,6.928429409766657,39.89428469168794,10.694640181633702,15.703311895946726,40.456621463593024,66.56838407581002,8.674707275641978,47.004826191213795,69.01009959265272,53.90568103701979,54.139424636352146,43.89558424121374,32.07790298703729,49.55974697557926,48.41386642106747,35.82611199478114,27.553699399377862,48.96123909952642,43.63908496267901,15.856061818842846,19.25834210891711,7.075086894849633,24.506822424078653,42.7478239998269,15.800750505730889,29.388993243453957,14.005655519733455],
        [25.674002857378735,12.44424540585873,16.784662455699817,11.66834733764528,0.0,31.454046245623246,69.18154074426972,11.93998769854835,55.557531436831,8.130339195305165,34.38052530624053,18.531796708064185,42.507233660006115,33.68036874052913,7.307925953626935,44.839592256043574,5.749332617278064,10.758004331591088,45.40192902794867,71.51369164016565,4.7474489844348895,51.95013375556943,73.95540715700837,58.85098860137542,59.08473220070779,48.84089180556938,37.02321055139293,54.505054539934896,53.359173985423105,40.771419559136774,26.799744283065827,53.90654666388206,48.584392527034645,4.187714481197567,7.589994771271829,7.286802860675401,29.45212998843429,31.07947666218162,27.46909784337617,31.2194043225583,25.674002857378735],
        [57.128049103001985,39.386898540656624,47.57747778065685,43.122393583268526,31.454046245623246,0.0,48.63450712874671,19.514058547074896,87.01157768245425,30.29201145588377,18.820506936705744,36.013285521622215,56.31894304163702,65.13441498615238,38.76197219925018,50.06625625121491,33.98127157572224,31.305037947114094,24.854895412425655,50.96665802464264,36.201495230058136,46.43150606239974,53.40837354148536,54.23548761042849,38.537698585184785,28.29385819004637,21.81387254244885,33.95802092441189,52.99301088682457,20.224385943613765,15.568694183890667,37.99948516286752,28.03735891151164,27.26633176442568,23.864051474351417,38.74084910629865,19.62017935564211,5.960208370115324,58.923144088999415,13.733400339814569,57.128049103001985],
        [52.43502169779599,56.73729533841099,52.39687828856991,64.23623317991408,69.18154074426972,48.63450712874671,0.0,57.297012780097646,50.01697579644564,61.051201548964556,34.8010154380292,50.64974403620553,26.674307084263603,41.07701270815732,71.16466258968074,24.341948488226144,74.93087336154778,79.9395450758608,23.779611716321057,2.332150895895929,72.91094045555606,17.231406988700286,4.773866412738648,17.240885724419886,11.635895482054305,23.808576535495472,32.15833019287679,14.676486204334827,15.998409000815972,28.41012118513295,42.3817964612039,15.27499408038766,20.597148217235077,72.09388682952766,71.74036161081327,71.31132007476371,39.72941075583543,42.67429875863139,48.954211354087874,37.96213642171142,52.43502169779599],
        [37.61399055592709,19.872839993581728,28.063419233581953,23.60833503619363,11.93998769854835,19.514058547074896,57.297012780097646,0.0,67.49751913537935,10.777952908808874,22.49599734206845,16.49922697454732,36.804884494562124,45.62035643907748,19.247913652175285,32.955064291871494,17.633860581450143,22.642532295763168,33.51740106377659,59.62916367599357,16.68743668298324,40.06560579139735,62.07087919283629,46.96646063720334,47.20020423653571,36.9563638413973,25.13868258722085,42.62052657576282,41.474646021251026,28.88689159496469,14.915216318893746,42.02201869970998,36.699864562862565,14.796874049430023,14.443348830715625,19.22679055922375,17.56760202426221,19.13948896363327,39.40908554192452,19.33487635838622,37.61399055592709],
        [29.88352857945226,47.624679141797614,39.434099901797396,43.88918409918572,55.557531436831,87.01157768245425,50.01697579644564,67.49751913537935,0.0,56.71956622657048,68.1910707457485,50.99829216083202,30.692634640817218,21.87716269630186,48.249605483204064,36.945321431239336,53.030306106732006,58.79379418309474,62.22189310511551,47.80568663110095,50.81008245239611,40.5800716200545,45.664237165317125,32.77609007202576,61.652871278499944,73.82555233194111,65.1977051400054,58.608037744646424,34.018566795629674,75.76808390004331,71.44288349856359,49.01209251958672,64.53424518944038,59.745245918028566,63.14752620810283,48.2707285761556,67.39139832681212,86.63700809901262,28.088433593454827,73.27817734263968,29.88352857945226],
        [26.83603764711821,9.094887084772854,17.28546632477308,12.830382127384755,8.130339195305165,30.29201145588377,61.051201548964556,10.777952908808874,56.71956622657048,0.0,26.25018611093536,10.40145751275902,34.37689446470095,34.84240353026861,10.113461040716185,36.70925306073841,13.87967181258323,18.888343526896254,37.2715898326435,63.38335244486048,11.859738906591506,43.81979456026427,65.8250679617032,50.72064940607025,50.95439300540262,40.710552610264216,28.892871356087763,46.37471534462973,45.22883479011794,32.641080363831605,18.66940508776066,45.7762074685769,40.45405333172948,11.04268528056311,10.68916006184871,10.260118525799161,21.321790793129125,29.917441872442144,28.631132633115644,23.089065127253136,26.83603764711821],
        [38.307542166296244,21.9362799003818,28.75697084395111,29.43521774188489,34.38052530624053,18.820506936705744,34.8010154380292,22.49599734206845,68.1910707457485,26.25018611093536,0.0,17.192778584916475,37.49843610493128,46.31390804944664,36.36364715165155,31.245749314509162,40.12985792351859,45.13852963783162,11.021403721708136,37.133166333925125,38.10992501752687,27.610999125694,39.574881850767845,35.414980673722745,24.704206894467262,14.46036649932885,2.993365605743106,20.124529233694368,34.17250395011883,7.577013154294804,7.580781023174701,19.526021357641532,14.203867220794116,37.29287139149847,36.93934617278407,36.510304636734524,4.9283953178062365,18.445937353264114,40.102637152293674,5.087106596891173,38.307542166296244],
        [21.114763581379766,6.087551302205455,11.564192259034634,13.586489143708548,18.531796708064185,36.013285521622215,50.64974403620553,16.49922697454732,50.99829216083202,10.40145751275902,17.192778584916475,0.0,23.97543695194193,29.121129464530163,20.514918553475205,26.307795547979392,24.28112932534225,29.289801039655273,26.87013231988448,52.98189493210147,22.261196419350526,33.41833704750525,55.42361044894419,40.319191893311235,40.552935492643606,30.309095097505192,18.491413843328743,35.97325783187071,34.82737727735892,24.769791739211275,20.444591337731552,35.374749955817876,30.05259581897046,21.44414279332213,21.09061757460773,20.66157603855818,16.393106165980104,35.63871593818059,22.9098585673772,22.279885181807646,21.114763581379766],
