{
    "drone_dist": [
        [0.0,27.48230660339705,7.895893504372479,17.799018779220393,43.67958361941265,12.000451797022597,7.170422434039886,17.940795682892546,32.83876598957376,52.343502892878526,19.466037470628198,31.458994237003726,36.59367337401594,16.229266987762156,37.264608624903246,28.27183837644586,11.79026157800375,29.260476956907567,39.98745369119041,27.456722545578028,26.7541430449345,22.356167571945704,26.012094113766864,42.336741459243896,40.46288667514197,21.448560446348687,3.5696523465860954,30.486485973041717,23.195589977542316,20.434713669285706,0.0],
        [27.48230660339705,0.0,34.61899165637195,22.473743720867695,34.26808574776134,34.8972595990312,33.75430990010945,11.273348328893155,5.672100964707385,34.97659989644435,10.971189005174514,13.709498041944046,49.48987841325021,13.52164800927313,21.64901921742352,27.445760658522033,37.1326350317755,2.1602968158989464,17.39439583362301,9.306651307388634,41.04640942926163,15.454676734256994,40.224095883529536,39.19459699424991,26.163776476870026,8.755132159752618,26.54260541696535,46.42584024104095,28.012069675276184,32.68368002776936,27.48230660339705],
        [7.895893504372479,34.61899165637195,0.0,25.13837753678912,51.040150239271604,14.339259419446394,7.681266473161724,24.23549803685084,39.74291285022149,60.151100470823295,27.276208322447232,39.34697622630904,39.808364955561345,22.215765396016657,45.11894432384093,35.31414301816877,11.767327026131424,36.51326001531339,47.82482389196066,33.24844076694878,30.40833120321424,30.224641210344508,29.788363789434072,48.974133736963836,48.23331790566126,29.18128953550222,10.801574907698589,33.0855580843809,29.82740778906684,25.69747565611257,7.895893504372479],
        [17.799018779220393,22.473743720867695,25.13837753678912,0.0,25.919171750098535,16.599392105672205,19.533206222232927,20.530189528409434,27.894535963147078,35.66762077448501,11.606359775470487,18.029975648805806,27.28010529605666,20.758685794533193,21.32234199811786,10.612203676773037,20.262744929939867,23.08966191595706,27.012346552433055,28.331193777437612,18.572677470512215,8.399059614256206,17.751128087909386,24.969144130584336,23.68801170525451,13.720016967096583,14.41282984030214,23.960545188851615,6.847894802306341,10.241425660961543,17.799018779220393],
        [43.67958361941265,34.26808574776134,51.040150239271604,25.919171750098535,0.0,40.567466617886254,44.985530084872224,40.28331619995638,36.747127653935685,14.40428592364513,29.34650998954403,20.619652364146468,33.5902236927453,41.665405068605516,13.265794658470327,16.04184652458894,44.58659215160036,33.06991072457518,22.403083658838856,43.45042944331674,31.942711399269808,23.33938223948993,31.629840853598818,9.506032331722146,9.252460588664626,29.40793090261995,40.33095927341529,36.000715423088344,22.06703619353448,28.775309181561088,43.67958361941265],
        [12.000451797022597,34.8972595990312,14.339259419446394,16.599392105672205,40.567466617886254,0.0,6.668254148595486,27.699091591908445,40.560061431601625,51.84476728572487,24.6167241062002,34.269821882561,25.519765773339763,26.510556018882543,37.88545126522921,24.559819267033223,4.037460121691223,36.2272211860885,43.29288100138397,37.28982838447287,16.075049318979516,24.371184478115897,15.471304718279637,36.72005920141128,39.95929243453792,26.97004732917834,9.958005473922336,18.95399111174054,18.500835049146115,12.491885105008834,12.000451797022597],
        [7.170422434039886,33.75430990010945,7.681266473161724,19.533206222232927,44.985530084872224,6.668254148595486,0.0,24.889293917450154,39.27096137384182,55.177526846012405,24.612473171530763,35.75952221836081,32.17703283441351,23.291103489424767,40.547671977272536,28.998228450319395,4.8485586557149585,35.37954143267607,44.63151089546524,34.482843868649724,22.72810734807586,26.04531472886451,22.107219251362203,42.11114563894323,43.19142594130595,26.82326820338134,7.222900454694835,25.537835223740245,23.19258428804244,18.318597178717464,7.170422434039886],
        [17.940795682892546,11.273348328893155,24.23549803685084,20.530189528409434,40.28331619995638,27.699091591908445,24.889293917450154,0.0,15.735838146180756,44.06412336934304,11.088215173710656,21.536236814287168,47.22735320025978,2.250355256878827,29.376645740623648,29.155570819067314,28.998242628821664,13.402530579443686,27.718195223892636,9.639086745146493,37.7696695177463,17.41650242058649,36.92503536907354,42.9492986917572,33.67517349240534,10.916267425992645,18.086953106909654,42.76195869793781,27.2849244217756,29.48264447640811,17.940795682892546],
        [32.83876598957376,5.672100964707385,39.74291285022149,27.894535963147078,36.747127653935685,40.560061431601625,39.27096137384182,15.735838146180756,0.0,35.21182934816999,16.539972255107546,16.33910287331093,54.658554510564514,17.94003577787862,23.59124240792919,31.950017288004815,42.74556905195783,4.844068830838298,16.999256111993688,9.917739452636793,46.44353482663777,20.432060420024175,45.62973832976039,42.66105193417279,28.006288054178484,14.251493868570005,32.08045020600507,51.84983740483427,33.11399493830306,38.13304014349495,32.83876598957376],
        [52.343502892878526,34.97659989644435,60.151100470823295,35.66762077448501,14.40428592364513,51.84476728572487,55.177526846012405,44.06412336934304,35.21182934816999,0.0,34.5605888981393,22.559693615718487,47.94667555833836,45.93910673954409,15.224501556592987,27.893307864891792,55.71944270406371,33.13973685158988,18.223397028198153,44.082168900429885,45.57142182023279,30.066092695031042,45.161977833479476,23.703851739044495,11.986363593754552,33.62282042107734,49.397524530824136,49.975982751079414,33.862133791752385,41.14758319156227,52.343502892878526],
        [19.466037470628198,10.971189005174514,27.276208322447232,11.606359775470487,29.34650998954403,24.6167241062002,24.612473171530763,11.088215173710656,16.539972255107546,34.5605888981393,0.0,12.383197250208584,38.83374152597005,12.323627680891846,19.402208601785492,18.412930048856193,27.308249777517496,11.871486998804507,20.554044109730487,17.090950826329227,30.14696136859839,6.347659266916205,29.31824405510431,31.90745964960251,23.39637612574029,2.36626508824772,17.52204005338404,35.49940477216001,17.633776462991975,21.75182705083827,19.466037470628198],
        [31.458994237003726,13.709498041944046,39.34697622630904,18.029975648805806,20.619652364146468,34.269821882561,35.75952221836081,21.536236814287168,16.33910287331093,22.559693615718487,12.383197250208584,0.0,41.33770228916272,23.381393584093804,8.050042559909128,17.323756907546674,37.6013435728783,12.450882847248309,9.024485028299754,22.98184862926848,34.66076926861969,9.901443529447096,33.945165745304216,26.382938880149595,12.537245461103495,11.134348129453427,29.06058558616782,40.043550455517455,20.526662563984345,27.25059376498986,31.458994237003726],
        [36.59367337401594,49.48987841325021,39.808364955561345,27.28010529605666,33.5902236927453,25.519765773339763,32.17703283441351,47.22735320025978,54.658554510564514,47.94667555833836,38.83374152597005,41.33770228916272,0.0,46.98174351021316,39.70825369353401,24.116897951408642,28.28898550165646,49.81550693660588,48.85764718540134,55.566250818587356,9.888747480262952,34.23774769270155,10.679828633734745,24.947712826935167,38.86676232914712,40.82110266528826,33.517894465312125,7.080946694276752,21.54930531594629,17.763909086914385,36.59367337401594],
        [16.229266987762156,13.52164800927313,22.215765396016657,20.758685794533193,41.665405068605516,26.510556018882543,23.291103489424767,2.250355256878827,17.94003577787862,45.93910673954409,12.323627680891846,23.381393584093804,46.98174351021316,0.0,31.115928661737556,29.89943060751414,27.55519283662421,15.647243699336485,29.828212949617413,11.232813856872685,37.38443667318739,18.530956249988105,36.543491861133354,43.914318076969856,35.34730527771021,12.505235205783224,16.711911749802614,42.2495036782709,27.58922563826742,29.219488267277576,16.229266987762156],
        [37.264608624903246,21.64901921742352,45.11894432384093,21.32234199811786,13.265794658470327,37.88545126522921,40.547671977272536,29.376645740623648,23.59124240792919,15.224501556592987,19.402208601785492,8.050042559909128,39.70825369353401,31.115928661737556,0.0,16.14175593873495,41.58498638870804,20.21352085734393,9.865715298068645,30.951891589063237,34.73351721714434,14.915609105211074,34.14224065300616,20.599067473428985,4.514837886665288,18.64434133682164,34.4402227445783,39.81674225303719,21.22546567721263,28.59601276169302,37.264608624903246],
        [28.27183837644586,27.445760658522033,35.31414301816877,10.612203676773037,16.04184652458894,24.559819267033223,28.998228450319395,29.155570819067314,31.950017288004815,27.893307864891792,18.412930048856193,17.323756907546674,24.116897951408642,29.89943060751414,16.14175593873495,0.0,28.566579896923535,27.236167614986538,24.803415475346362,35.25201521624426,18.603525020493638,12.293294934711826,18.032122091521956,14.421177212401705,16.58224980850914,19.64993443752016,24.793607577281502,23.683067251686623,6.088920518963178,13.254716188082114,28.27183837644586],
        [11.79026157800375,37.1326350317755,11.767327026131424,20.262744929939867,44.58659215160036,4.037460121691223,4.8485586557149585,28.998242628821664,42.74556905195783,55.71944270406371,27.308249777517496,37.6013435728783,28.28898550165646,27.55519283662421,41.58498638870804,28.566579896923535,0.0,38.61065880406513,46.60044761169738,38.636068833016,19.28093486749093,27.71259494721,18.764617290809223,40.72879202312374,43.79871339909605,29.619245962424003,10.919676748730014,21.43156432900604,22.520090655054293,16.47934872640862,11.79026157800375],
        [29.260476956907567,2.1602968158989464,36.51326001531339,23.08966191595706,33.06991072457518,36.2272211860885,35.37954143267607,13.402530579443686,4.844068830838298,33.13973685158988,11.871486998804507,12.450882847248309,49.81550693660588,15.647243699336485,20.21352085734393,27.236167614986538,38.61065880406513,0.0,15.37730415669668,10.95868372960892,41.62120499563439,15.594668802732796,40.80993509256365,38.42098484980629,24.71915759139933,9.536606818144662,28.15694513655409,47.033843989543286,28.27251902586886,33.331039112614796,29.260476956907567],
        [39.98745369119041,17.39439583362301,47.82482389196066,27.012346552433055,22.403083658838856,43.29288100138397,44.63151089546524,27.718195223892636,16.999256111993688,18.223397028198153,20.554044109730487,9.024485028299754,48.85764718540134,29.828212949617413,9.865715298068645,24.803415475346362,46.60044761169738,15.37730415669668,0.0,26.146556360352285,42.96451867118129,18.9221407236752,42.29282692072617,30.398593333693988,13.157385270065161,18.790665182632182,37.796984962592624,48.254990457937396,28.91657147400131,35.92972806911761,39.98745369119041],
        [27.456722545578028,9.306651307388634,33.24844076694878,28.331193777437612,43.45042944331674,37.28982838447287,34.482843868649724,9.639086745146493,9.917739452636793,44.082168900429885,17.090950826329227,22.98184862926848,55.566250818587356,11.232813856872685,30.951891589063237,35.25201521624426,38.636068833016,10.95868372960892,26.146556360352285,0.0,46.43590220433624,22.958788002234304,45.591920484482294,47.88377767696595,35.46617249323421,15.603763717818962,27.726039851183383,51.60442133592557,34.68289711047737,38.02590407258763,27.456722545578028],
        [26.7541430449345,41.04640942926163,30.40833120321424,18.572677470512215,31.942711399269808,16.075049318979516,22.72810734807586,37.7696695177463,46.44353482663777,45.57142182023279,30.14696136859839,34.66076926861969,9.888747480262952,37.38443667318739,34.73351721714434,18.603525020493638,19.28093486749093,41.62120499563439,42.96451867118129,46.43590220433624,0.0,26.344107446261997,0.8454278008561965,25.155438912897566,34.96734788209168,32.29226322786583,23.637044896227298,5.443054900699915,14.134120006322293,8.429556373544004,26.7541430449345],
        [22.356167571945704,15.454676734256994,30.224641210344508,8.399059614256206,23.33938223948993,24.371184478115897,26.04531472886451,17.41650242058649,20.432060420024175,30.066092695031042,6.347659266916205,9.901443529447096,34.23774769270155,18.530956249988105,14.915609105211074,12.293294934711826,27.71259494721,15.594668802732796,18.9221407236752,22.958788002234304,26.344107446261997,0.0,25.559930998553305,25.560067419191174,18.345382926868606,7.357236162795956,19.619272986945386,31.786442571327296,12.688455075834089,18.31821265017875,22.356167571945704],
        [26.012094113766864,40.224095883529536,29.788363789434072,17.751128087909386,31.629840853598818,15.471304718279637,22.107219251362203,36.92503536907354,45.62973832976039,45.161977833479476,29.31824405510431,33.945165745304216,10.679828633734745,36.543491861133354,34.14224065300616,18.032122091521956,18.764617290809223,40.80993509256365,42.29282692072617,45.591920484482294,0.8454278008561965,25.559930998553305,0.0,25.03795572130285,34.459686623809034,31.469366039595737,22.86872933858703,6.231931423938725,13.423483530026342,7.5908391264339095,26.012094113766864],
        [42.336741459243896,39.19459699424991,48.974133736963836,24.969144130584336,9.506032331722146,36.72005920141128,42.11114563894323,42.9492986917572,42.66105193417279,23.703851739044495,31.90745964960251,26.382938880149595,24.947712826935167,43.914318076969856,20.599067473428985,14.421177212401705,40.72879202312374,38.42098484980629,30.398593333693988,47.88377767696595,25.155438912897566,25.560067419191174,25.03795572130285,0.0,17.598896291230155,32.65394543346138,38.79512786786418,28.3860241092753,19.18069933279984,24.257201910582054,42.336741459243896],
        [40.46288667514197,26.163776476870026,48.23331790566126,23.68801170525451,9.252460588664626,39.95929243453792,43.19142594130595,33.67517349240534,28.006288054178484,11.986363593754552,23.39637612574029,12.537245461103495,38.86676232914712,35.34730527771021,4.514837886665288,16.58224980850914,43.79871339909605,24.71915759139933,13.157385270065161,35.46617249323421,34.96734788209168,18.345382926868606,34.459686623809034,17.598896291230155,0.0,22.842904136794658,37.458188798170205,39.777784703262064,22.309472677201942,29.69760074658434,40.46288667514197],
        [21.448560446348687,8.755132159752618,29.18128953550222,13.720016967096583,29.40793090261995,26.97004732917834,26.82326820338134,10.916267425992645,14.251493868570005,33.62282042107734,2.36626508824772,11.134348129453427,40.82110266528826,12.505235205783224,18.64434133682164,19.64993443752016,29.619245962424003,9.536606818144662,18.790665182632182,15.603763717818962,32.29226322786583,7.357236162795956,31.469366039595737,32.65394543346138,22.842904136794658,0.0,19.68186234089809,37.67088322488771,19.449802815886226,23.930005061182385,21.448560446348687],
        [3.5696523465860954,26.54260541696535,10.801574907698589,14.41282984030214,40.33095927341529,9.958005473922336,7.222900454694835,18.086953106909654,32.08045020600507,49.397524530824136,17.52204005338404,29.06058558616782,33.517894465312125,16.711911749802614,34.4402227445783,24.793607577281502,10.919676748730014,28.15694513655409,37.796984962592624,27.726039851183383,23.637044896227298,19.619272986945386,22.86872933858703,38.79512786786418,37.458188798170205,19.68186234089809,0.0,27.64619266482946,19.639678100465414,16.984866764993424,3.5696523465860954],
        [30.486485973041717,46.42584024104095,33.0855580843809,23.960545188851615,36.000715423088344,18.95399111174054,25.537835223740245,42.76195869793781,51.84983740483427,49.975982751079414,35.49940477216001,40.043550455517455,7.080946694276752,42.2495036782709,39.81674225303719,23.683067251686623,21.43156432900604,47.033843989543286,48.254990457937396,51.60442133592557,5.443054900699915,31.786442571327296,6.231931423938725,28.3860241092753,39.777784703262064,37.67088322488771,27.64619266482946,0.0,19.526132869550725,13.74758516509495,30.486485973041717],
        [23.195589977542316,28.012069675276184,29.82740778906684,6.847894802306341,22.06703619353448,18.500835049146115,23.19258428804244,27.2849244217756,33.11399493830306,33.862133791752385,17.633776462991975,20.526662563984345,21.54930531594629,27.58922563826742,21.22546567721263,6.088920518963178,22.520090655054293,28.27251902586886,28.91657147400131,34.68289711047737,14.134120006322293,12.688455075834089,13.423483530026342,19.18069933279984,22.309472677201942,19.449802815886226,19.639678100465414,19.526132869550725,0.0,7.408103616116299,23.195589977542316],
        [20.434713669285706,32.68368002776936,25.69747565611257,10.241425660961543,28.775309181561088,12.491885105008834,18.318597178717464,29.48264447640811,38.13304014349495,41.14758319156227,21.75182705083827,27.25059376498986,17.763909086914385,29.219488267277576,28.59601276169302,13.254716188082114,16.47934872640862,33.331039112614796,35.92972806911761,38.02590407258763,8.429556373544004,18.31821265017875,7.5908391264339095,24.257201910582054,29.69760074658434,23.930005061182385,16.984866764993424,13.74758516509495,7.408103616116299,0.0,20.434713669285706],
        [0.0,27.48230660339705,7.895893504372479,17.799018779220393,43.67958361941265,12.000451797022597,7.170422434039886,17.940795682892546,32.83876598957376,52.343502892878526,19.466037470628198,31.458994237003726,36.59367337401594,16.229266987762156,37.264608624903246,28.27183837644586,11.79026157800375,29.260476956907567,39.98745369119041,27.456722545578028,26.7541430449345,22.356167571945704,26.012094113766864,42.336741459243896,40.46288667514197,21.448560446348687,3.5696523465860954,30.486485973041717,23.195589977542316,20.434713669285706,0.0]
    ],
    "end_depot": 30,
    "start_depot": 0,
    "truck_dist": [
        [0.0,28.504451526609863,10.826458814879828,24.644006555206033,61.03758687329123,16.470564755852116,9.806595278395683,21.602493471111032,33.62362945287945,73.74579634138722,25.111820550085497,42.53563520035619,43.56626572534274,20.499785898309185,52.22464830753364,38.408194835854786,16.595381022053083,31.53701953681403,52.5020215666756,34.38994846072517,31.193077267257785,31.259251591456167,30.004624924213438,55.74180322944686,57.14479464405927,26.828630040088484,4.445438334072634,38.57956371770023,30.046123984749567,21.534301267766093,0.0],
        [28.504451526609863,0.0,39.33091034148969,31.54734978227558,35.919333319903906,42.891211902608205,36.22724242515177,15.197439266106123,7.202982306123362,45.24134481477736,15.14014634776202,14.031183673746327,69.98691287209883,18.1827756915714,23.720196780923786,37.52939414264955,43.01602816880917,3.032568010204164,23.99757004006574,10.474624274016124,57.61372441401387,21.68190818455543,56.42527207096953,48.27586912008205,28.640343117449405,12.267693369773404,28.812908371817592,65.00021086445632,39.58503935853631,45.6931382779117,28.504451526609863],
        [10.826458814879828,39.33091034148969,0.0,35.47046537008586,71.86404568817107,14.91818012608956,8.245644057693163,24.33709728053094,42.86113761538335,84.57225515626705,35.938279364965325,53.36209401523602,40.83166191592283,23.234389707729093,63.05110712241347,49.234653650734614,13.860777212633174,42.36347835169386,63.32848038155543,37.12455227014508,32.240479239277484,42.08571040633599,32.10979886112725,66.56826204432669,67.9712534589391,37.65508885496831,15.271897148952462,35.84495990828032,40.8725827996294,32.360760082645925,10.826458814879828],
        [24.644006555206033,31.54734978227558,35.47046537008586,0.0,36.3935803180852,20.5522852439963,27.2248213123927,26.729196106630525,38.75033208839894,49.101789786181186,16.407203434513562,18.1672691458321,38.439563089823245,25.626488533828677,27.58064175232761,13.76418828064875,26.260751707783704,31.917884435246947,27.85801501146957,39.516651096244665,26.06637463173829,9.865441597720153,24.877922288693945,31.097796674240822,32.500788088853234,19.279656412502177,20.1985682211334,33.45286108218074,8.037689576260728,14.145788495636122,24.644006555206033],
        [61.03758687329123,35.919333319903906,71.86404568817107,36.3935803180852,0.0,56.94586556208151,63.618401630477905,47.7305746127875,43.12231562602727,15.920688366249681,35.925766323205735,22.539252683460433,34.06757955219492,50.71591103825278,16.561845599980163,22.629392037436453,62.65433202586891,36.28986797287528,30.511316584938854,43.88863463387299,39.62356644889358,29.77833528183507,39.754246827043815,12.356535800178136,12.492486643963863,34.20895683320275,56.5921485392186,41.790017745714465,30.99146288854167,39.50328560552514,61.03758687329123],
        [16.470564755852116,42.891211902608205,14.91818012608956,20.5522852439963,56.94586556208151,0.0,6.672536068396397,38.07305822696315,50.094194208731565,69.6540750301775,27.751065554846186,38.44391388914646,27.095700969490622,36.9703506541613,48.13292699632392,34.31647352464505,5.708466463787403,43.26174655557957,48.41030025546587,50.86051321657729,17.322299113187924,27.167530280246435,17.191618735037693,51.65008191823712,53.053073332849536,30.6235185328348,14.078303530790613,22.108998961848116,25.954402673539835,17.44257995655636,16.470564755852116],
        [9.806595278395683,36.22724242515177,8.245644057693163,27.2248213123927,63.618401630477905,6.672536068396397,0.0,31.409088749506715,43.43022473127513,76.32661109857389,27.692635307272162,45.116449957542855,33.759670446947055,30.306381176704868,54.805463064720314,40.989009593041445,6.7887857436573995,36.59777707812314,55.08283632386227,44.196543739120855,23.99483518158432,33.840066348642836,23.86415480343409,58.32261798663352,59.72560940124593,29.40944479727515,7.41433405333418,28.77296843930455,32.62693874193623,24.11511602495276,9.806595278395683],
        [21.602493471111032,15.197439266106123,24.33709728053094,26.729196106630525,47.7305746127875,38.07305822696315,31.409088749506715,0.0,18.72766653999978,60.43878408088348,11.804808289581757,29.22862293985245,65.16875919645378,2.9853364254652774,38.91763604702991,32.71124046700449,38.197874493164115,18.23000727631029,39.19500930617186,12.787454989614139,52.795570738368816,17.952239330952427,51.60711839532447,43.457715444436985,43.83778238355553,13.521617779584744,23.994754696172535,60.182057188811264,34.76688568289126,40.87498460226665,21.602493471111032],
        [33.62362945287945,7.202982306123362,42.86113761538335,38.75033208839894,43.12231562602727,50.094194208731565,43.43022473127513,18.72766653999978,0.0,41.7111175408837,22.34312865388538,20.58306294256684,77.18989517822219,21.71300296546506,26.56047002604711,44.73237644877291,50.21901047493253,6.832447653151998,20.46734276617208,14.004851547909784,64.81670672013723,28.884890490678792,63.62825437709289,55.47885142620541,30.629828982063408,19.470675675896764,36.01589067794095,72.20319317057968,46.78802166465967,52.89612058403506,33.62362945287945],
        [73.74579634138722,45.24134481477736,84.57225515626705,49.101789786181186,15.920688366249681,69.6540750301775,76.32661109857389,60.43878408088348,41.7111175408837,0.0,48.63397579130172,31.210161141031033,49.9882679184446,63.42412050634876,21.521148033853578,35.33760150553244,75.3625414939649,42.2087768045732,21.24377477471162,55.71596908879348,52.331775916989564,42.486544749931056,52.4624562951398,28.277224166427818,16.601001697327955,46.917166301298735,69.30035800731459,54.498227213810445,43.699672356637656,52.21149507362113,73.74579634138722],
        [25.111820550085497,15.14014634776202,35.938279364965325,16.407203434513562,35.925766323205735,27.751065554846186,27.692635307272162,11.804808289581757,22.34312865388538,48.63397579130172,0.0,17.423814650270693,54.84676652433681,14.790144715047035,27.11282775744815,22.389247794887527,27.87588182104715,15.510681000733383,27.390201016590105,23.109447661731103,42.473578066251854,6.541761836793409,41.28512572320751,33.13572277232002,32.03297409397377,2.8724529779886154,20.666382216012863,49.8600645166943,24.44489301077429,30.552991930149684,25.111820550085497],
        [42.53563520035619,14.031183673746327,53.36209401523602,18.1672691458321,22.539252683460433,38.44391388914646,45.116449957542855,29.22862293985245,20.58306294256684,31.210161141031033,17.423814650270693,0.0,56.60683223565535,32.21395936531773,9.689013107177457,24.149313506206067,44.15238035293386,13.750615289414844,9.966386366319412,24.50580794776245,44.23364377757039,11.276383608900023,43.045191434526046,34.89578848363857,14.609159443703078,15.707005160267705,38.090196866283556,51.62013022801284,26.20495872209283,32.31305764146822,42.53563520035619],
        [43.56626572534274,69.98691287209883,40.83166191592283,38.439563089823245,34.06757955219492,27.095700969490622,33.759670446947055,65.16875919645378,77.18989517822219,49.9882679184446,54.84676652433681,56.60683223565535,0.0,64.06605162365193,50.629425152175074,32.457518729449276,29.548346480771386,70.3574475250702,64.57889613713377,77.95621418606791,12.373188458084954,48.3050046875434,13.5616408011293,27.81020190125314,46.560066196158786,57.71921950232542,41.174004500281235,8.68403220061694,30.401873513562517,24.293774594187123,43.56626572534274],
        [20.499785898309185,18.1827756915714,23.234389707729093,25.626488533828677,50.71591103825278,36.9703506541613,30.306381176704868,2.9853364254652774,21.71300296546506,63.42412050634876,14.790144715047035,32.21395936531773,64.06605162365193,0.0,41.902972472495186,31.608532894202643,37.09516692036227,21.215343701775566,42.18034573163714,13.890162562415986,51.69286316556697,20.937575756417704,50.50441082252262,45.4201273944084,46.82311880902081,16.50695420505002,22.892047123370688,59.07934961600942,33.66417811008941,39.7722770294648,20.499785898309185],
        [52.22464830753364,23.720196780923786,63.05110712241347,27.58064175232761,16.561845599980163,48.13292699632392,54.805463064720314,38.91763604702991,26.56047002604711,21.521148033853578,27.11282775744815,9.689013107177457,50.629425152175074,41.902972472495186,0.0,18.171906422725797,53.84139346011132,20.68762877071962,13.949470984958689,34.19482105493991,38.25623669409013,20.96539671607748,37.06778435104577,28.918381400158303,4.920146336525621,25.396018267445164,47.77920997346101,45.64272314453257,22.178524322784078,30.690347039767552,52.22464830753364],
        [38.408194835854786,37.52939414264955,49.234653650734614,13.76418828064875,22.629392037436453,34.31647352464505,40.989009593041445,32.71124046700449,44.73237644877291,35.33760150553244,22.389247794887527,24.149313506206067,32.457518729449276,31.608532894202643,18.171906422725797,0.0,40.02493998843245,37.89992879562091,32.12137740768449,45.49869545661863,20.08433027136433,15.847485958094119,18.89587792831998,17.333608393592073,18.736599808204485,25.261700772876143,33.96275650178215,27.470816721806774,8.362070851105216,16.87389356808869,38.408194835854786],
        [16.595381022053083,43.01602816880917,13.860777212633174,26.260751707783704,62.65433202586891,5.708466463787403,6.7887857436573995,38.197874493164115,50.21901047493253,75.3625414939649,27.87588182104715,44.15238035293386,29.548346480771386,37.09516692036227,53.84139346011132,40.02493998843245,0.0,43.38656282178054,54.11876671925327,50.985329482778255,23.030765576975327,32.87599674403384,22.900085198825096,57.35854838202452,58.76153979663694,30.748334799035767,14.20311979699158,21.98418269564715,31.662869137327238,23.151046420343764,16.595381022053083],
        [31.53701953681403,3.032568010204164,42.36347835169386,31.917884435246947,36.28986797287528,43.26174655557957,36.59777707812314,18.23000727631029,6.832447653151998,42.2087768045732,15.510681000733383,13.750615289414844,70.3574475250702,21.215343701775566,20.68762877071962,37.89992879562091,43.38656282178054,0.0,20.965002029861573,13.507192284220288,57.98425906698524,22.05244283752679,56.79580672394089,48.64640377305341,25.60777510724524,12.638228022744768,29.183443024788957,65.37074551742768,39.95557401150768,46.06367293088307,31.53701953681403],
        [52.5020215666756,23.99757004006574,63.32848038155543,27.85801501146957,30.511316584938854,48.41030025546587,55.08283632386227,39.19500930617186,20.46734276617208,21.24377477471162,27.390201016590105,9.966386366319412,64.57889613713377,42.18034573163714,13.949470984958689,32.12137740768449,54.11876671925327,20.965002029861573,0.0,34.47219431408186,52.205707679048814,21.242769975219435,51.01725533600447,42.86785238511699,18.01882994097499,25.673391526587118,48.05658323260297,59.59219412949126,34.17702262357125,40.28512154294664,52.5020215666756],
        [34.38994846072517,10.474624274016124,37.12455227014508,39.516651096244665,43.88863463387299,50.86051321657729,44.196543739120855,12.787454989614139,14.004851547909784,55.71596908879348,23.109447661731103,24.50580794776245,77.95621418606791,13.890162562415986,34.19482105493991,45.49869545661863,50.985329482778255,13.507192284220288,34.47219431408186,0.0,65.58302572798296,29.65120949852451,64.39457338493861,56.245170434051126,39.11496739146553,20.236994683742488,36.782209685786675,72.9695121784254,47.55434067250539,53.66243959188078,34.38994846072517],
        [31.193077267257785,57.61372441401387,32.240479239277484,26.06637463173829,39.62356644889358,17.322299113187924,23.99483518158432,52.795570738368816,64.81670672013723,52.331775916989564,42.473578066251854,44.23364377757039,12.373188458084954,51.69286316556697,38.25623669409013,20.08433027136433,23.030765576975327,57.98425906698524,52.205707679048814,65.58302572798296,0.0,35.93181622945845,1.1884523430443483,34.327782805049196,35.73077421966161,45.34603104424047,28.80081604219628,7.386486450442446,18.028685055477567,11.920586136102171,31.193077267257785],
        [31.259251591456167,21.68190818455543,42.08571040633599,9.865441597720153,29.77833528183507,27.167530280246435,33.840066348642836,17.952239330952427,28.884890490678792,42.486544749931056,6.541761836793409,11.276383608900023,48.3050046875434,20.937575756417704,20.96539671607748,15.847485958094119,32.87599674403384,22.05244283752679,21.242769975219435,29.65120949852451,35.93181622945845,0.0,34.7433638864141,26.593960935526617,25.8855430526031,9.414214814782024,26.813813257383533,43.318302679900896,17.90313117398088,24.011230093356275,31.259251591456167],
        [30.004624924213438,56.42527207096953,32.10979886112725,24.877922288693945,39.754246827043815,17.191618735037693,23.86415480343409,51.60711839532447,63.62825437709289,52.4624562951398,41.28512572320751,43.045191434526046,13.5616408011293,50.50441082252262,37.06778435104577,18.89587792831998,22.900085198825096,56.79580672394089,51.01725533600447,64.39457338493861,1.1884523430443483,34.7433638864141,0.0,34.458463183199434,35.86145459781184,44.15757870119612,27.612363699151935,8.574938793486794,16.840232712433217,10.732133793057823,30.004624924213438],
        [55.74180322944686,48.27586912008205,66.56826204432669,31.097796674240822,12.356535800178136,51.65008191823712,58.32261798663352,43.457715444436985,55.47885142620541,28.277224166427818,33.13572277232002,34.89578848363857,27.81020190125314,45.4201273944084,28.918381400158303,17.333608393592073,57.35854838202452,48.64640377305341,42.86785238511699,56.245170434051126,34.327782805049196,26.593960935526617,34.458463183199434,0.0,24.849022444142,36.00817575030864,51.296364895374225,36.494234101870084,25.695679244697292,34.20750196168076,55.74180322944686],
        [57.14479464405927,28.640343117449405,67.9712534589391,32.500788088853234,12.492486643963863,53.053073332849536,59.72560940124593,43.83778238355553,30.629828982063408,16.601001697327955,32.03297409397377,14.609159443703078,46.560066196158786,46.82311880902081,4.920146336525621,18.736599808204485,58.76153979663694,25.60777510724524,18.01882994097499,39.11496739146553,35.73077421966161,25.8855430526031,35.86145459781184,24.849022444142,0.0,30.316164603970783,52.699356309986634,41.573364188516265,27.0986706593097,35.61049337629318,57.14479464405927],
        [26.828630040088484,12.267693369773404,37.65508885496831,19.279656412502177,34.20895683320275,30.6235185328348,29.40944479727515,13.521617779584744,19.470675675896764,46.917166301298735,2.8724529779886154,15.707005160267705,57.71921950232542,16.50695420505002,25.396018267445164,25.261700772876143,30.748334799035767,12.638228022744768,25.673391526587118,20.236994683742488,45.34603104424047,9.414214814782024,44.15757870119612,36.00817575030864,30.316164603970783,0.0,22.38319170601585,52.73251749468292,27.317345988762906,33.4254449081383,26.828630040088484],
        [4.445438334072634,28.812908371817592,15.271897148952462,20.1985682211334,56.5921485392186,14.078303530790613,7.41433405333418,23.994754696172535,36.01589067794095,69.30035800731459,20.666382216012863,38.090196866283556,41.174004500281235,22.892047123370688,47.77920997346101,33.96275650178215,14.20311979699158,29.183443024788957,48.05658323260297,36.782209685786675,28.80081604219628,26.813813257383533,27.612363699151935,51.296364895374225,52.699356309986634,22.38319170601585,0.0,36.18730249263873,25.600685650676933,17.08886293369346,4.445438334072634],
        [38.57956371770023,65.00021086445632,35.84495990828032,33.45286108218074,41.790017745714465,22.108998961848116,28.77296843930455,60.182057188811264,72.20319317057968,54.498227213810445,49.8600645166943,51.62013022801284,8.68403220061694,59.07934961600942,45.64272314453257,27.470816721806774,21.98418269564715,65.37074551742768,59.59219412949126,72.9695121784254,7.386486450442446,43.318302679900896,8.574938793486794,36.494234101870084,41.573364188516265,52.73251749468292,36.18730249263873,0.0,25.41517150592001,19.307072586544617,38.57956371770023],
        [30.046123984749567,39.58503935853631,40.8725827996294,8.037689576260728,30.99146288854167,25.954402673539835,32.62693874193623,34.76688568289126,46.78802166465967,43.699672356637656,24.44489301077429,26.20495872209283,30.401873513562517,33.66417811008941,22.178524322784078,8.362070851105216,31.662869137327238,39.95557401150768,34.17702262357125,47.55434067250539,18.028685055477567,17.90313117398088,16.840232712433217,25.695679244697292,27.0986706593097,27.317345988762906,25.600685650676933,25.41517150592001,0.0,8.511822716983474,30.046123984749567],
        [21.534301267766093,45.6931382779117,32.360760082645925,14.145788495636122,39.50328560552514,17.44257995655636,24.11511602495276,40.87498460226665,52.89612058403506,52.21149507362113,30.552991930149684,32.31305764146822,24.293774594187123,39.7722770294648,30.690347039767552,16.87389356808869,23.151046420343764,46.06367293088307,40.28512154294664,53.66243959188078,11.920586136102171,24.011230093356275,10.732133793057823,34.20750196168076,35.61049337629318,33.4254449081383,17.08886293369346,19.307072586544617,8.511822716983474,0.0,21.534301267766093],
        [0.0,28.504451526609863,10.826458814879828,24.644006555206033,61.03758687329123,16.470564755852116,9.806595278395683,21.602493471111032,33.62362945287945,73.74579634138722,25.111820550085497,42.53563520035619,43.56626572534274,20.499785898309185,52.22464830753364,38.408194835854786,16.595381022053083,31.53701953681403,52.5020215666756,34.38994846072517,31.193077267257785,31.259251591456167,30.004624924213438,55.74180322944686,57.14479464405927,26.828630040088484,4.445438334072634,38.57956371770023,30.046123984749567,21.534301267766093,0.0]
    ],
    "vertex_count": 31
}