{
    "drone_dist": [
        [0.0,3138.3538489279927,3961.6460699366385,1415.693109526327,239.11356175448574,2816.2278835920674,2712.197246529827,451.7914912666168,4068.234105630811,3733.9597433136914,1184.1345534022525,4612.831684100835,164.34799654938573,4174.070147120755,937.0655792615912,2245.041514499116,2150.30241961803,4543.148219912436,2213.3652015784046,411.26980730782026,3879.195927432951,1525.8301267750417,3092.263075113548,2762.1390458320416,4673.164390496939,3066.589719200565,1893.1974775684803,3770.5160136226905,1572.1160036174792,3157.8400231455894,2764.325706642977,1478.1036065557767,3184.2881915875378,1741.055571339634,3614.1200921673603,5429.472960488558,913.1032693706184,3833.0878575730208,4718.916527511495,3431.5748575413763,3383.885304499735,1499.2795637113584,5267.450745562578,153.01357503883185,3680.1295115654425,3842.3733527377835,4917.336933271785,2961.7574216725684,2127.16264724928,3967.990939003381,0.0],
        [3138.3538489279927,0.0,950.8950891337342,2472.756119969988,3013.540476031788,1726.371631792999,595.1179599541204,2769.558787962301,3983.0374995787424,1772.9473130868287,3291.1915539614542,2256.336435832148,2990.124102951212,3189.180650457025,2218.519663563646,1405.1979495724438,1010.2322566101284,1705.8246606141097,943.4010772141468,2988.3938433591443,2108.550276276129,2845.14480183887,3001.0691466336843,2845.5234604079833,1836.7689052256412,1679.6234325592434,1984.5526580793621,640.1799902801556,3142.338084327156,1021.0642209116235,2733.468233610868,2088.2847978164627,1934.7968289671157,3223.8734674122743,4135.012733329558,3002.3137601892686,2406.4616721114494,840.2443748163098,1837.432329055585,1659.7742645184358,2637.7231641799663,2759.4206529359344,2528.6866317944423,3048.738871972934,2794.162152517228,813.4610259222823,2733.829261331383,768.1095035075122,3245.7999333517155,1481.443749503895,3138.3538489279927],
        [3961.6460699366385,950.8950891337342,0.0,3060.6181773142744,3808.776479192875,2599.2231341149304,1249.6880418799115,3630.3389210358732,4797.964836452737,2386.135996429571,4222.941239309083,2560.8397789150763,3824.326807034565,3885.849154721945,3077.5456752412456,2353.378580549062,1917.6204398559362,778.0831704444162,1758.7289112132314,3755.6796078185134,2721.570287191998,3793.2194223041142,3876.390427330323,3750.5837534601505,1848.9948875537282,2499.6456105970174,2487.5269938080187,662.848498397281,4090.3112115857357,1804.2845479409962,3634.776540080827,2719.4242356719133,2737.2463929606315,4174.128984962012,5021.176151598534,3146.630918447089,3304.0596393438204,128.66174515217853,1796.8352408132819,1449.7997035557937,3444.961441415938,3706.9610712139797,2504.3643156749545,3855.49705314072,3555.390815031545,989.6069368402717,3054.715228741398,1637.4435341335711,4194.156914570748,1902.6963773208622,3961.6460699366385],
        [1415.693109526327,2472.756119969988,3060.6181773142744,0.0,1178.651158466216,2992.034601055053,1902.153018615668,1429.5095420780617,4847.290369351768,3708.0352321006517,2416.5621235154194,4478.7040772529435,1381.458897374843,4613.077175366524,1231.1893474070357,2285.417342505824,1756.4635197298742,3480.4251619054294,1590.3584725240223,1024.7722181528711,3955.3347681194737,2475.1936631814347,3765.329745947481,3452.7466414883,4269.901325162657,3173.796709338814,601.1729824100263,3093.268608659588,2656.1734836137007,2947.8055007203443,3406.681410556057,396.78896409036355,3379.453244922129,2824.1220895247857,4574.303559885103,5292.803917374103,1562.4016497849298,2937.014072306447,4285.344069653266,2169.2832611877698,3830.358840603294,2407.4191908432217,4942.33296365995,1262.9535082658151,4108.350617919685,3280.722363821175,4885.180898977546,2661.0061265233794,3132.835336046314,3724.213443610124,1415.693109526327],
        [239.11356175448574,3013.540476031788,3808.776479192875,1178.651158466216,0.0,2825.533491136278,2559.990491976229,509.24666540806453,4200.824732171259,3720.286345989945,1383.5027911492127,4588.13962684035,269.6002264826219,4245.83179896456,867.2759241487871,2217.0381664981737,2046.2452675682835,4368.179822082056,2076.911628116717,178.20833683070916,3884.5560757553335,1663.0536821527653,3197.86121482876,2867.333531474739,4604.061311414404,3067.721772776674,1670.0126606929855,3650.6737005211803,1742.0386622775766,3105.853499892817,2860.1884706672713,1260.4258463613526,3202.7342204579927,1913.522283843326,3777.723950578371,5409.037936492538,936.0011364228953,3680.1188627132974,4645.126596836522,3222.04812634698,3450.254050394836,1626.0080092170324,5214.645198667895,86.95495481269306,3746.0512938859747,3741.35086160471,4911.855782899563,2891.6981657050346,2288.0385497321313,3919.825993629436,239.11356175448574],
        [2816.2278835920674,1726.371631792999,2599.2231341149304,2992.034601055053,2825.533491136278,0.0,1952.6264272118115,2364.4448125332274,2270.020830993621,958.9041827305734,2318.8454097234808,1852.8588849431123,2653.6704906338314,1663.2302151510842,1996.1103836894072,708.626608603909,1382.5490822625816,3377.3056857617776,1702.195358403881,2903.7146426424692,1063.0922475683474,1714.9463503047418,1279.157261177844,1165.3800999114046,2176.5944426969804,266.20688547594534,2808.4413690193614,2008.3418592106332,1968.2252060215508,825.8714299793255,1046.0980723171976,2628.653344290262,390.23255858975597,1967.8262850072863,2422.0924452198187,2644.7047846499836,1903.753249420283,2513.9708605741544,2256.7430025117337,3259.57070002581,958.7497526567115,1658.6278233543442,2620.8284097422893,2810.122593921123,1182.959683071487,1820.2433443856448,2107.4119714584695,967.5114877657649,1815.7916505452229,1381.9506579278225,2816.2278835920674],
        [2712.197246529827,595.1179599541204,1249.6880418799115,1902.153018615668,2559.990491976229,1952.6264272118115,0.0,2389.630541225275,4212.966093252972,2235.096185916373,3051.2457752645423,2813.5048577556104,2576.0781299888686,3547.6322688798073,1839.4455376633207,1428.2943284485323,778.4684485168223,1874.4809768355842,529.186236199855,2511.410584928866,2555.5279918972124,2693.5185408104753,3166.7279094761248,2957.9189617351,2431.769545553734,1983.2807885358377,1393.1085028444938,1192.2067526452072,2984.6246402982492,1429.0642892773658,2857.5319776185784,1528.6432389785666,2242.2014100489723,3092.845434777781,4258.7065792401945,3579.6044458991573,2090.7960220989016,1121.065139494821,2432.2847746392786,1309.455055863953,2908.6547441669645,2604.739914787558,3123.043518082701,2605.942365104541,3107.965298002927,1406.2048523873923,3278.686166092346,1121.7752661872014,3188.4772467466973,2032.434902012137,2712.197246529827],
        [451.7914912666168,2769.558787962301,3630.3389210358732,1429.5095420780617,509.24666540806453,2364.4448125332274,2389.630541225275,0.0,3696.613031630076,3283.817884300331,988.1482222745292,4164.652447823103,289.88170390060253,3742.896620216653,553.4328816163853,1800.5857365953595,1765.015518656902,4251.307612540023,1871.6102598779157,651.4175691201362,3427.404553612808,1167.1798816459234,2688.654964622782,2358.144497435914,4244.94906407593,2614.9663554102667,1788.1006985112615,3391.901812659989,1278.1526849455513,2722.0300513606,2351.194231687364,1366.6310078648014,2733.1259035448893,1450.5403769094673,3294.174970886057,4980.067756067941,461.5892016063586,3502.643987962173,4293.814240759094,3241.5353904885797,2949.107626560911,1124.2586137090825,4829.315262510777,466.35870418181224,3245.245350762746,3442.391768223136,4465.907900073715,2538.0801576832973,1807.370262418023,3528.8419033028235,451.7914912666168],
        [4068.234105630811,3983.0374995787424,4797.964836452737,4847.290369351768,4200.824732171259,2270.020830993621,4212.966093252972,3696.613031630076,0.0,2521.347143335471,2994.3104552721734,2991.434287913001,3945.0948263960736,1178.9180337962703,3634.508462558824,2833.2563509736783,3562.173938553952,5567.644134806645,3897.6371128690125,4347.656843060943,2249.042367423208,2542.6821621949603,1095.6601229929565,1395.215901467322,3768.2826555623283,2308.679000304534,4847.0220220264355,4158.726335692793,2534.8349611616377,2998.2986490739036,1451.2732681518582,4559.5738220150615,2062.408898414049,2384.553150730337,781.7745331625175,3381.0546799705926,3352.908672942615,4728.352706509936,3872.298209792126,5522.396582063591,1353.490662962252,2574.965855836479,3833.4672592806114,4143.756961156217,1275.414355648545,3894.6503635400154,2820.292421951923,3215.161746398884,1980.426610528315,3115.7797512476586,4068.234105630811],
        [3733.9597433136914,1772.9473130868287,2386.135996429571,3708.0352321006517,3720.286345989945,958.9041827305734,2235.096185916373,3283.817884300331,2521.347143335471,0.0,3275.3747731691597,894.4498214253999,3569.897298235932,1505.811760287957,2864.27064849108,1507.3752276702778,1962.1205842604995,3122.913168950686,2205.657598180567,3780.0649386348728,340.108634192513,2667.3608097431143,1837.259862162755,1879.2324284114081,1337.76110246023,692.7904851270139,3405.217462801731,1723.7316177204423,2910.105263617317,812.5569712918688,1763.0620328855512,3319.5715120870145,707.0160609241674,2894.3013066191884,2927.2885824155646,1697.516705564657,2822.6993182372075,2343.253450249694,1433.3061639465245,3432.7068754061106,1241.5242461914854,2614.2149620266105,1681.4150354911942,3713.747820917398,1246.078153070461,1417.6211627862826,1196.9659874669173,1125.8158111652267,2691.740387465157,598.4321793307065,3733.9597433136914],
        [1184.1345534022525,3291.1915539614542,4222.941239309083,2416.5621235154194,1383.5027911492127,2318.8454097234808,3051.2457752645423,988.1482222745292,2994.3104552721734,3275.3747731691597,0.0,4165.918678663734,1115.9990712560834,3314.181035210586,1342.0981895624668,2010.9370059957419,2308.1976559115005,4917.852023608459,2524.6999042456955,1558.8514922151414,3322.2317844976715,616.2734186261052,2137.8606823574682,1827.4514186107128,4444.295978320557,2584.605292995454,2734.185096457706,3854.016700749912,469.49590028627097,2930.00316122779,1869.1892698540714,2321.2376749478226,2609.5811799716744,609.75950373548,2465.7654722103675,4936.644953390534,1003.4412969944759,4101.1269355982295,4512.397298194374,4085.1099860967547,2577.971903824674,661.4789748931609,4935.9778874225285,1304.708239239044,2862.0132354883285,3819.8922021808585,4369.35807064396,2843.598833531096,1013.8847546553494,3665.428216911603,1184.1345534022525],
        [4612.831684100835,2256.336435832148,2560.8397789150763,4478.7040772529435,4588.13962684035,1852.8588849431123,2813.5048577556104,4164.652447823103,2991.434287913001,894.4498214253999,4165.918678663734,0.0,4448.510067920291,1826.5299448538233,3725.0905534507447,2371.497738966057,2723.703377596199,3181.9776645246725,2913.476410648498,4638.376726523276,894.0724914302837,3555.298426045862,2559.9301972548647,2670.893770133324,875.9624792145058,1586.9640905921758,4111.72599934817,1944.426455690878,3790.749750458922,1533.5190168681422,2563.07600925104,4083.3971137504523,1568.357294535181,3765.6757031353013,3543.8618826948796,823.8557346420646,3704.8893655726574,2562.9677947539594,977.4730607603474,3845.695098178381,1923.45264782577,3504.4501223383436,867.6857168988927,4585.962314455232,1805.6234425783337,1602.4506570251665,495.2302373187808,1819.0552489826996,3536.55112299725,781.3017010222532,4612.831684100835],
        [164.34799654938573,2990.124102951212,3824.326807034565,1381.458897374843,269.6002264826219,2653.6704906338314,2576.0781299888686,289.88170390060253,3945.0948263960736,3569.897298235932,1115.9990712560834,4448.510067920291,0.0,4024.8757638273373,780.1191464456807,2080.7428922396903,1996.9625995956364,4417.862636374762,2071.1040427223847,442.90872836711225,3716.490346573588,1403.585228791991,2955.2168998223774,2624.7036344720814,4511.297258056156,2903.3412883688457,1821.5486941713223,3620.0952351014403,1473.5505718766524,2994.528642851381,2622.9794475648728,1400.9094723478865,3022.949936820923,1644.7700032308885,3511.2380068843127,5265.256052509585,750.0297797946308,3695.9263595858683,4557.665718991418,3337.045034725221,3232.767180240422,1370.8839514801941,5103.916760290334,199.79012275604083,3529.0087116400923,3686.6084613456724,4753.831889867201,2800.517130042176,2021.693002248369,3804.27011408671,164.34799654938573],
        [4174.070147120755,3189.180650457025,3885.849154721945,4613.077175366524,4245.83179896456,1663.2302151510842,3547.6322688798073,3742.896620216653,1178.9180337962703,1505.811760287957,3314.181035210586,1826.5299448538233,4024.8757638273373,0.0,3508.5995170116407,2360.3436298984575,3044.118183400812,4628.449330012693,3357.8765994039204,4359.623781993002,1184.195747046591,2734.485881452335,1201.1234223941308,1489.0425621949419,2638.460640228142,1568.8777818097988,4468.036698108471,3225.2811922308047,2852.743130252268,2168.261774515766,1446.6429987992465,4266.266153735258,1314.3737265365496,2751.847818409974,1828.7154151249374,2212.7403191184003,3316.766984639243,3836.402381992181,2743.4875255234215,4824.977266576642,798.2586367506296,2727.974633081548,2657.4570118795837,4209.222560624208,507.1921508734092,2923.4258320644985,1642.9811117097904,2445.9948966149786,2393.7259091506226,2063.5750219862284,4174.070147120755],
        [937.0655792615912,2218.519663563646,3077.5456752412456,1231.1893474070357,867.2759241487871,1996.1103836894072,1839.4455376633207,553.4328816163853,3634.508462558824,2864.27064849108,1342.0981895624668,3725.0905534507447,780.1191464456807,3508.5995170116407,0.0,1357.2266056148417,1218.5416481013658,3706.369055671663,1318.934515524714,915.8202397181773,3044.008211379412,1260.2020465038247,2566.8896109071766,2245.9465379802286,3742.3223415026646,2226.911787921984,1416.381371556086,2844.234681946317,1473.3474839485316,2238.7167711291636,2210.963355545238,1025.3016164836154,2381.6580850111422,1633.0004936859307,3343.144994562993,4547.229036826023,356.4863247952484,2949.989745322103,3785.872937544951,2754.9586403403787,2711.365355712282,1186.80417456012,4347.96485162387,876.320063328476,3001.9365340373174,2906.489470697865,4059.369281090102,2029.6010190319646,1912.8679608832497,3052.5736208536014,937.0655792615912],
        [2245.041514499116,1405.1979495724438,2353.378580549062,2285.417342505824,2217.0381664981737,708.626608603909,1428.2943284485323,1800.5857365953595,2833.2563509736783,1507.3752276702778,2010.9370059957419,2371.497738966057,2080.7428922396903,2360.3436298984575,1357.2266056148417,0.0,728.9960766938004,3110.051382099,1064.4022723588039,2272.8803974160655,1702.5639532696277,1487.4786229318954,1758.3852342326752,1531.8890135724555,2474.4731070366515,895.8021480849899,2108.0422306479886,1883.7482771558216,1781.0590967007245,940.9480268861768,1435.0292304053187,1920.0658735476075,1094.149859218989,1842.7449629193068,2831.3077809693473,3192.000081781029,1346.1743466121861,2245.285976927148,2533.068102215622,2723.2153203620705,1613.9078581722113,1407.5872593890263,3033.2162452891885,2214.560297398952,1867.2699942670215,1814.4807087895595,2703.4361498132566,834.2088075285769,1840.8718756091782,1732.8441833163488,2245.041514499116],
        [2150.30241961803,1010.2322566101284,1917.6204398559362,1756.4635197298742,2046.2452675682835,1382.5490822625816,778.4684485168223,1765.015518656902,3562.173938553952,1962.1205842604995,2308.1976559115005,2723.703377596199,1996.9625995956364,3044.118183400812,1218.5416481013658,728.9960766938004,0.0,2613.7078556087804,336.06685331184474,2044.4737706275694,2229.8379217474444,1919.1719740619167,2484.169922083643,2244.4117465697186,2588.639288879914,1499.9462336917265,1456.0565553914807,1626.886827630125,2212.278941004053,1191.453408157522,2153.422556490092,1363.0190042396155,1738.718809221892,2316.489946536632,3535.449701729302,3540.7260223449416,1396.8075689433856,1794.409104294701,2620.4691958231515,2022.1104147623123,2326.0754838849316,1830.6390594444804,3233.4611056104645,2072.4714304683157,2564.7130491708535,1695.2947310632323,3129.843833965059,911.5472703040715,2411.946227080808,1978.7574900485233,2150.30241961803],
        [4543.148219912436,1705.8246606141097,778.0831704444162,3480.4251619054294,4368.179822082056,3377.3056857617776,1874.4809768355842,4251.307612540023,5567.644134806645,3122.913168950686,4917.852023608459,3181.9776645246725,4417.862636374762,4628.449330012693,3706.369055671663,3110.051382099,2613.7078556087804,0.0,2403.531910674621,4292.419736154137,3451.9709102887223,4521.050420791099,4654.330271959136,4527.539195071349,2378.074137015318,3275.026306902268,2881.2718593511604,1411.3430933308746,4817.013817682387,2579.540373789321,4412.070066475407,3187.9753116700845,3509.7707321807206,4909.623850805348,5799.2481613545415,3661.2773903254874,3965.276061691629,870.1733272252307,2302.5618555616807,1474.8723349621266,4215.947560130088,4433.529341340974,2953.966201686561,4424.059123929992,4316.894117225508,1705.7549086037084,3664.3709722354133,2414.8021834427154,4949.264812820509,2600.4439263777153,4543.148219912436],
        [2213.3652015784046,943.4010772141468,1758.7289112132314,1590.3584725240223,2076.911628116717,1702.195358403881,529.186236199855,1871.6102598779157,3897.6371128690125,2205.657598180567,2524.6999042456955,2913.476410648498,2071.1040427223847,3357.8765994039204,1318.934515524714,1064.4022723588039,336.06685331184474,2403.531910674621,0.0,2046.1304178197709,2492.912924520113,2187.3964135900255,2820.2352992992974,2579.0299203258373,2682.9198601196,1799.9693583855747,1203.6937166012797,1583.568790827444,2474.5774226552558,1405.1503932854955,2488.9073940096273,1194.541331288596,2046.262001092446,2590.0407702267553,3867.696710486301,3718.0175299242146,1561.8177479028259,1631.0795427510577,2702.2662207168796,1698.2754785661327,2652.6635970811276,2098.4720201882237,3352.1681434123607,2116.083081644869,2885.0458615995026,1718.362134753444,3343.212259827171,1100.0317810327326,2712.451076209918,2145.946148432856,2213.3652015784046],
        [411.26980730782026,2988.3938433591443,3755.6796078185134,1024.7722181528711,178.20833683070916,2903.7146426424692,2511.410584928866,651.4175691201362,4347.656843060943,3780.0649386348728,1558.8514922151414,4638.376726523276,442.90872836711225,4359.623781993002,915.8202397181773,2272.8803974160655,2044.4737706275694,4292.419736154137,2046.1304178197709,0.0,3957.03007059161,1816.9737628585945,3332.2277889804573,3002.1744209219537,4621.070945097484,3139.558066468344,1542.670065846897,3627.949771365689,1908.3088304256228,3139.7040806322398,2990.11701132156,1144.7249865802955,3285.6160840986995,2080.3054006444913,3939.014494226835,5461.175275506908,1042.8738548241695,3627.2039213308044,4658.39798396247,3109.4279612419123,3562.226937690112,1775.5925431974422,5243.253401844985,263.58381257506744,3857.1826127239324,3734.429598346821,4975.144702129124,2912.5455367738105,2449.8278041660597,3954.1788971989213,411.26980730782026],
        [3879.195927432951,2108.550276276129,2721.570287191998,3955.3347681194737,3884.5560757553335,1063.0922475683474,2555.5279918972124,3427.404553612808,2249.042367423208,340.108634192513,3322.2317844976715,894.0724914302837,3716.490346573588,1184.195747046591,3044.008211379412,1702.5639532696277,2229.8379217474444,3451.9709102887223,2492.912924520113,3957.03007059161,0.0,2706.744802368746,1678.4508526880536,1777.006210984014,1533.5269500814284,817.4901325869195,3683.3620246227247,2058.757759542865,2926.995684632285,1126.61948965514,1669.016954984801,3572.776853409958,715.2706000082696,2891.2374081559997,2714.159779088812,1615.6119590295646,2966.483653398038,2681.00412398519,1635.5364163414106,3768.0856413403767,1048.7985343154596,2663.0373996405156,1750.6121079885493,3871.1995059080677,987.1594791655242,1746.4017442255083,1051.9165589773959,1437.1082607639544,2647.569836616958,881.6244994260036,3879.195927432951],
        [1525.8301267750417,2845.14480183887,3793.2194223041142,2475.1936631814347,1663.0536821527653,1714.9463503047418,2693.5185408104753,1167.1798816459234,2542.6821621949603,2667.3608097431143,616.2734186261052,3555.298426045862,1403.585228791991,2734.485881452335,1260.2020465038247,1487.4786229318954,1919.1719740619167,4521.050420791099,2187.3964135900255,1816.9737628585945,2706.744802368746,0.0,1589.9132395126855,1265.3570933565532,3863.8362112521877,1979.4165588656483,2662.120094444587,3366.9800308408944,297.1971722700799,2370.383806352483,1289.5770624048823,2283.9199876665625,1995.0835462922694,404.84686603609435,2131.1054059167154,4321.679625513211,913.6682459723326,3676.839489905934,3935.9182479800916,3841.911617741799,1979.0075362458774,88.92662036547172,4335.64390637676,1602.8683815936945,2267.875856109332,3299.299213837112,3753.2180135112167,2318.0996773509037,658.2355310493526,3077.6367975029643,1525.8301267750417],
        [3092.263075113548,3001.0691466336843,3876.390427330323,3765.329745947481,3197.86121482876,1279.157261177844,3166.7279094761248,2688.654964622782,1095.6601229929565,1837.259862162755,2137.8606823574682,2559.9301972548647,2955.2168998223774,1201.1234223941308,2566.8896109071766,1758.3852342326752,2484.169922083643,4654.330271959136,2820.2352992992974,3332.2277889804573,1678.4508526880536,1589.9132395126855,0.0,330.588349010712,3173.770138609613,1396.0915345491599,3751.5266002155986,3271.9310245042716,1670.32267207712,2083.135581986669,358.78724514677344,3468.6660027082253,1198.5648383506898,1558.3711462188865,1146.7678574512468,3174.63842599012,2308.288866009705,3792.735319184674,3270.309975691262,4473.062108906261,637.6722009281544,1599.9522139846615,3425.029056989743,3149.339012009607,832.0864629146445,3053.602602185588,2575.231284618443,2246.577446104102,1192.7717539936225,2419.080500555576,3092.263075113548],
        [2762.1390458320416,2845.5234604079833,3750.5837534601505,3452.7466414883,2867.333531474739,1165.3800999114046,2957.9189617351,2358.144497435914,1395.215901467322,1879.2324284114081,1827.4514186107128,2670.893770133324,2624.7036344720814,1489.0425621949419,2245.9465379802286,1531.8890135724555,2244.4117465697186,4527.539195071349,2579.0299203258373,3002.1744209219537,1777.006210984014,1265.3570933565532,330.588349010712,0.0,3211.382391353921,1337.364320419497,3461.1761519195516,3172.598252427238,1363.9723027947236,1990.8497815520143,121.0271517856783,3165.3826096455577,1189.419047349536,1264.9898575200473,1301.4433149656502,3338.740320337703,1980.7255164576075,3659.3196929873616,3303.213563938689,4254.900155172815,809.0644554693994,1272.1141212418527,3524.363049384217,2818.754566243791,1063.7844792293058,2982.434570568604,2742.274347615651,2113.206429434518,928.0631841131706,2432.3859728413086,2762.1390458320416],
        [4673.164390496939,1836.7689052256412,1848.9948875537282,4269.901325162657,4604.061311414404,2176.5944426969804,2431.769545553734,4244.94906407593,3768.2826555623283,1337.76110246023,4444.295978320557,875.9624792145058,4511.297258056156,2638.460640228142,3742.3223415026646,2474.4731070366515,2588.639288879914,2378.074137015318,2682.9198601196,4621.070945097484,1533.5269500814284,3863.8362112521877,3173.770138609613,3211.382391353921,0.0,1930.0848685720714,3814.9147515358673,1335.055522343455,4132.274973465245,1533.6155687080834,3093.530758971201,3875.866841369628,2024.7050837032236,4142.018534970951,4244.711690786036,1299.7477752133777,3805.1814712279324,1882.0763834083766,105.10475209499548,3244.937614035134,2565.4248056956294,3798.0425529802533,695.6441432417656,4618.398493072291,2519.85406418774,1037.5770988310474,1315.7132442551442,1712.779891900285,3983.9944019007057,795.1293318244778,4673.164390496939],
        [3066.589719200565,1679.6234325592434,2499.6456105970174,3173.796709338814,3067.721772776674,266.20688547594534,1983.2807885358377,2614.9663554102667,2308.679000304534,692.7904851270139,2584.605292995454,1586.9640905921758,2903.3412883688457,1568.8777818097988,2226.911787921984,895.8021480849899,1499.9462336917265,3275.026306902268,1799.9693583855747,3139.558066468344,817.4901325869195,1979.4165588656483,1396.0915345491599,1337.364320419497,1930.0848685720714,0.0,2950.1564442368895,1879.8075957438023,2229.397392418738,695.5000753124399,1216.337419276897,2800.312801645726,259.6747247780516,2223.8716209721483,2541.4635752458394,2381.71391472063,2153.486500585413,2424.359437712027,2013.5275930818123,3274.6070860600753,958.5805245934048,1924.0635095891114,2357.465793693937,3055.436773318059,1127.3603548745,1658.4113607165166,1851.433718216747,912.5399925086,2054.1037826452052,1135.2590724602985,3066.589719200565],
        [1893.1974775684803,1984.5526580793621,2487.5269938080187,601.1729824100263,1670.0126606929855,2808.4413690193614,1393.1085028444938,1788.1006985112615,4847.0220220264355,3405.217462801731,2734.185096457706,4111.72599934817,1821.5486941713223,4468.036698108471,1416.381371556086,2108.0422306479886,1456.0565553914807,2881.2718593511604,1203.6937166012797,1542.670065846897,3683.3620246227247,2662.120094444587,3751.5266002155986,3461.1761519195516,3814.9147515358673,2950.1564442368895,0.0,2578.8217898587186,2888.5875240220307,2608.659877417148,3396.273564380254,422.8371594258154,3180.6271996307373,3045.7207178370168,4668.799024103587,4909.0483024413215,1772.8599531941557,2366.6758343171455,3820.341511003234,1580.311077382326,3715.365600222981,2583.1260334939493,4500.855530845714,1746.6589215791853,3974.818771543652,2797.840662709241,4546.388400439266,2303.4064674255587,3301.0605516614055,3338.3077262552397,1893.1974775684803],
        [3770.5160136226905,640.1799902801556,662.848498397281,3093.268608659588,3650.6737005211803,2008.3418592106332,1192.2067526452072,3391.901812659989,4158.726335692793,1723.7316177204423,3854.016700749912,1944.426455690878,3620.0952351014403,3225.2811922308047,2844.234681946317,1883.7482771558216,1626.886827630125,1411.3430933308746,1583.568790827444,3627.949771365689,2058.757759542865,3366.9800308408944,3271.9310245042716,3172.598252427238,1335.055522343455,1879.8075957438023,2578.8217898587186,0.0,3662.388288835828,1188.9087541622741,3053.9777696720016,2714.9172897503863,2106.265847175662,3726.370662495924,4418.660845220713,2596.466253213469,3011.7105550982233,632.4320074640893,1310.2275207618495,1922.8669874591965,2809.0872393455516,3284.7288185994166,2026.6537751761457,3684.1947860134937,2905.5510922079975,342.69043687651623,2439.49684933116,1084.081883645135,3698.7040536927875,1249.0163380290894,3770.5160136226905],
        [1572.1160036174792,3142.338084327156,4090.3112115857357,2656.1734836137007,1742.0386622775766,1968.2252060215508,2984.6246402982492,1278.1526849455513,2534.8349611616377,2910.105263617317,469.49590028627097,3790.749750458922,1473.5505718766524,2852.743130252268,1473.3474839485316,1781.0590967007245,2212.278941004053,4817.013817682387,2474.5774226552558,1908.3088304256228,2926.995684632285,297.1971722700799,1670.32267207712,1363.9723027947236,4132.274973465245,2229.397392418738,2888.5875240220307,3662.388288835828,0.0,2652.019200535563,1412.104547873038,2496.8436578355017,2223.357828973999,172.45443082756694,2042.106677788244,4541.994617629167,1117.42201552224,3973.7901727121307,4206.693871562474,4116.2338067923465,2130.3387036195973,383.6291222796109,4586.3960891367715,1671.9667320299106,2409.447894192119,3590.1936684637444,3964.8424841096776,2609.3576229408113,560.109811608224,3342.2431029057807,1572.1160036174792],
        [3157.8400231455894,1021.0642209116235,1804.2845479409962,2947.8055007203443,3105.853499892817,825.8714299793255,1429.0642892773658,2722.0300513606,2998.2986490739036,812.5569712918688,2930.00316122779,1533.5190168681422,2994.528642851381,2168.261774515766,2238.7167711291636,940.9480268861768,1191.453408157522,2579.540373789321,1405.1503932854955,3139.7040806322398,1126.61948965514,2370.383806352483,2083.135581986669,1990.8497815520143,1533.6155687080834,695.5000753124399,2608.659877417148,1188.9087541622741,2652.019200535563,0.0,1871.1575456586936,2553.647471658883,935.9288097582694,2684.37965388095,3229.8997047397916,2353.5079024151623,2276.1262425643426,1730.5770195852897,1592.548854490718,2665.0501889521133,1644.9649314509084,2298.3169906889134,2110.124045083534,3113.11451300666,1779.9943025691528,996.5716171825679,1942.139122412064,313.28267728310215,2592.24615742355,814.5393031293063,3157.8400231455894],
        [2764.325706642977,2733.468233610868,3634.776540080827,3406.681410556057,2860.1884706672713,1046.0980723171976,2857.5319776185784,2351.194231687364,1451.2732681518582,1763.0620328855512,1869.1892698540714,2563.07600925104,2622.9794475648728,1446.6429987992465,2210.963355545238,1435.0292304053187,2153.422556490092,4412.070066475407,2488.9073940096273,2990.11701132156,1669.016954984801,1289.5770624048823,358.78724514677344,121.0271517856783,3093.530758971201,1216.337419276897,3396.273564380254,3053.9777696720016,1412.104547873038,1871.1575456586936,0.0,3110.3105329900145,1070.3632555049844,1324.8433913045144,1406.4508527917494,3241.2119634022815,1959.5377694003137,3544.4274430805567,3184.933543405106,4157.861857814842,729.0837086137684,1288.03779518689,3413.71648078349,2814.722774425153,998.7200240102059,2862.0788023627256,2646.373605837032,1997.3444605547033,1008.7840501200305,2313.1560880673273,2764.325706642977],
        [1478.1036065557767,2088.2847978164627,2719.4242356719133,396.78896409036355,1260.4258463613526,2628.653344290262,1528.6432389785666,1366.6310078648014,4559.5738220150615,3319.5715120870145,2321.2376749478226,4083.3971137504523,1400.9094723478865,4266.266153735258,1025.3016164836154,1920.0658735476075,1363.0190042396155,3187.9753116700845,1194.541331288596,1144.7249865802955,3572.776853409958,2283.9199876665625,3468.6660027082253,3165.3826096455577,3875.866841369628,2800.312801645726,422.8371594258154,2714.9172897503863,2496.8436578355017,2553.647471658883,3110.3105329900145,0.0,3013.108921344993,2657.9108435237295,4334.468346287282,4896.701269798616,1379.6848037455038,2593.594232502806,3892.626650976767,1964.8627626241857,3492.3081577566472,2208.4115790741544,4546.7088541465355,1334.1717160872372,3764.426852346168,2892.563331870043,4492.799799556458,2265.1184898005536,2932.5406184553635,3327.664099401736,1478.1036065557767],
        [3184.2881915875378,1934.7968289671157,2737.2463929606315,3379.453244922129,3202.7342204579927,390.23255858975597,2242.2014100489723,2733.1259035448893,2062.408898414049,707.0160609241674,2609.5811799716744,1568.357294535181,3022.949936820923,1314.3737265365496,2381.6580850111422,1094.149859218989,1738.718809221892,3509.7707321807206,2046.262001092446,3285.6160840986995,715.2706000082696,1995.0835462922694,1198.5648383506898,1189.419047349536,2024.7050837032236,259.6747247780516,3180.6271996307373,2106.265847175662,2223.357828973999,935.9288097582694,1070.3632555049844,3013.108921344993,0.0,2197.7681464388893,2333.970628555765,2327.144724675153,2274.667936679609,2666.056798982166,2115.1503041789733,3534.279720157946,709.0392732945495,1949.3761449682424,2385.3592045967357,3184.327630785393,867.6902509555897,1865.6552601552787,1766.945779488183,1169.3573679479186,1985.015574862341,1242.9782866458825,3184.2881915875378],
        [1741.055571339634,3223.8734674122743,4174.128984962012,2824.1220895247857,1913.522283843326,1967.8262850072863,3092.845434777781,1450.5403769094673,2384.553150730337,2894.3013066191884,609.75950373548,3765.6757031353013,1644.7700032308885,2751.847818409974,1633.0004936859307,1842.7449629193068,2316.489946536632,4909.623850805348,2590.0407702267553,2080.3054006444913,2891.2374081559997,404.84686603609435,1558.3711462188865,1264.9898575200473,4142.018534970951,2223.8716209721483,3045.7207178370168,3726.370662495924,172.45443082756694,2684.37965388095,1324.8433913045144,2657.9108435237295,2197.7681464388893,0.0,1874.528143981422,4502.433472704497,1278.3951261510636,4059.697320806171,4219.4329230169305,4246.694880851078,2051.396238548183,493.2442984633992,4574.911830443546,1842.8591892873387,2323.1033930318736,3639.317993814359,3919.3294636439723,2661.3629387390815,404.1345475921564,3348.6724228077114,1741.055571339634],
        [3614.1200921673603,4135.012733329558,5021.176151598534,4574.303559885103,3777.723950578371,2422.0924452198187,4258.7065792401945,3294.174970886057,781.7745331625175,2927.2885824155646,2465.7654722103675,3543.8618826948796,3511.2380068843127,1828.7154151249374,3343.144994562993,2831.3077809693473,3535.449701729302,5799.2481613545415,3867.696710486301,3939.014494226835,2714.159779088812,2131.1054059167154,1146.7678574512468,1301.4433149656502,4244.711690786036,2541.4635752458394,4668.799024103587,4418.660845220713,2042.106677788244,3229.8997047397916,1406.4508527917494,4334.468346287282,2333.970628555765,1874.528143981422,0.0,4032.866023269567,3021.2886205030077,4935.743070937721,4345.1962019849125,5552.404304813792,1685.7742849865438,2185.5008731197695,4407.595878563971,3710.616643257202,1740.1584674932717,4196.762037047085,3449.0886526860677,3387.8402940050764,1489.6861377525906,3522.2699760680716,3614.1200921673603],
        [5429.472960488558,3002.3137601892686,3146.630918447089,5292.803917374103,5409.037936492538,2644.7047846499836,3579.6044458991573,4980.067756067941,3381.0546799705926,1697.516705564657,4936.644953390534,823.8557346420646,5265.256052509585,2212.7403191184003,4547.229036826023,3192.000081781029,3540.7260223449416,3661.2773903254874,3718.0175299242146,5461.175275506908,1615.6119590295646,4321.679625513211,3174.63842599012,3338.740320337703,1299.7477752133777,2381.71391472063,4909.0483024413215,2596.466253213469,4541.994617629167,2353.5079024151623,3241.2119634022815,4896.701269798616,2327.144724675153,4502.433472704497,4032.866023269567,0.0,4519.336378938602,3174.1790573407375,1363.383988398034,4519.238280889954,2544.722775588991,4276.496910800561,751.5739712824967,5405.518620481457,2358.458869244453,2269.4494846233297,599.4081145085044,2631.8820783540773,4241.308528809729,1572.1233661049928,5429.472960488558],
        [913.1032693706184,2406.4616721114494,3304.0596393438204,1562.4016497849298,936.0011364228953,1903.753249420283,2090.7960220989016,461.5892016063586,3352.908672942615,2822.6993182372075,1003.4412969944759,3704.8893655726574,750.0297797946308,3316.766984639243,356.4863247952484,1346.1743466121861,1396.8075689433856,3965.276061691629,1561.8177479028259,1042.8738548241695,2966.483653398038,913.6682459723326,2308.288866009705,1980.7255164576075,3805.1814712279324,2153.486500585413,1772.8599531941557,3011.7105550982233,1117.42201552224,2276.1262425643426,1959.5377694003137,1379.6848037455038,2274.667936679609,1278.3951261510636,3021.2886205030077,4519.336378938602,0.0,3178.4727047278748,3857.356576708415,3081.790607301812,2519.5059303805865,845.0409342823126,4378.751059089046,911.0139554176129,2814.6508035578668,3036.6382739177916,4004.33227034665,2107.632171379596,1570.5991550180859,3078.076782187652,913.1032693706184],
        [3833.0878575730208,840.2443748163098,128.66174515217853,2937.014072306447,3680.1188627132974,2513.9708605741544,1121.065139494821,3502.643987962173,4728.352706509936,2343.253450249694,4101.1269355982295,2562.9677947539594,3695.9263595858683,3836.402381992181,2949.989745322103,2245.285976927148,1794.409104294701,870.1733272252307,1631.0795427510577,3627.2039213308044,2681.00412398519,3676.839489905934,3792.735319184674,3659.3196929873616,1882.0763834083766,2424.359437712027,2366.6758343171455,632.4320074640893,3973.7901727121307,1730.5770195852897,3544.4274430805567,2593.594232502806,2666.056798982166,4059.697320806171,4935.743070937721,3174.1790573407375,3178.4727047278748,0.0,1836.1507511492687,1382.2272426783218,3374.8620438875187,3590.2711642607173,2549.563174591492,3726.8437508740526,3494.001958696861,971.4077701130929,3058.0037511449873,1548.3190510124589,4086.0133827191025,1881.4154935212985,3833.0878575730208],
        [4718.916527511495,1837.432329055585,1796.8352408132819,4285.344069653266,4645.126596836522,2256.7430025117337,2432.2847746392786,4293.814240759094,3872.298209792126,1433.3061639465245,4512.397298194374,977.4730607603474,4557.665718991418,2743.4875255234215,3785.872937544951,2533.068102215622,2620.4691958231515,2302.5618555616807,2702.2662207168796,4658.39798396247,1635.5364163414106,3935.9182479800916,3270.309975691262,3303.213563938689,105.10475209499548,2013.5275930818123,3820.341511003234,1310.2275207618495,4206.693871562474,1592.548854490718,3184.933543405106,3892.626650976767,2115.1503041789733,4219.4329230169305,4345.1962019849125,1363.383988398034,3857.356576708415,1836.1507511492687,0.0,3207.0284022135984,2664.5394185942855,3868.945605651064,718.2848078753102,4661.244822279612,2622.28216369321,1029.0066917468591,1409.3212936481639,1757.1708750015962,4067.549880744333,878.6705565876515,4718.916527511495],
        [3431.5748575413763,1659.7742645184358,1449.7997035557937,2169.2832611877698,3222.04812634698,3259.57070002581,1309.455055863953,3241.5353904885797,5522.396582063591,3432.7068754061106,4085.1099860967547,3845.695098178381,3337.045034725221,4824.977266576642,2754.9586403403787,2723.2153203620705,2022.1104147623123,1474.8723349621266,1698.2754785661327,3109.4279612419123,3768.0856413403767,3841.911617741799,4473.062108906261,4254.900155172815,3244.937614035134,3274.6070860600753,1580.311077382326,1922.8669874591965,4116.2338067923465,2665.0501889521133,4157.861857814842,1964.8627626241857,3534.279720157946,4246.694880851078,5552.404304813792,4519.238280889954,3081.790607301812,1382.2272426783218,3207.0284022135984,0.0,4212.615281600535,3753.8649222808936,3924.0902896990465,3292.5871643762166,4401.966965417946,2254.987171412871,4337.013568501847,2378.9940871968583,4400.538313619968,3098.7567336385077,3431.5748575413763],
        [3383.885304499735,2637.7231641799663,3444.961441415938,3830.358840603294,3450.254050394836,958.7497526567115,2908.6547441669645,2949.107626560911,1353.490662962252,1241.5242461914854,2577.971903824674,1923.45264782577,3232.767180240422,798.2586367506296,2711.365355712282,1613.9078581722113,2326.0754838849316,4215.947560130088,2652.6635970811276,3562.226937690112,1048.7985343154596,1979.0075362458774,637.6722009281544,809.0644554693994,2565.4248056956294,958.5805245934048,3715.365600222981,2809.0872393455516,2130.3387036195973,1644.9649314509084,729.0837086137684,3492.3081577566472,709.0392732945495,2051.396238548183,1685.7742849865438,2544.722775588991,2519.5059303805865,3374.8620438875187,2664.5394185942855,4212.615281600535,0.0,1963.2410388043106,2789.598099788277,3415.1762092584677,296.25586954786985,2555.1262028927945,1945.8371610984884,1869.9171447105564,1735.0929552647442,1837.0048344469978,3383.885304499735],
        [1499.2795637113584,2759.4206529359344,3706.9610712139797,2407.4191908432217,1626.0080092170324,1658.6278233543442,2604.739914787558,1124.2586137090825,2574.965855836479,2614.2149620266105,661.4789748931609,3504.4501223383436,1370.8839514801941,2727.974633081548,1186.80417456012,1407.5872593890263,1830.6390594444804,4433.529341340974,2098.4720201882237,1775.5925431974422,2663.0373996405156,88.92662036547172,1599.9522139846615,1272.1141212418527,3798.0425529802533,1924.0635095891114,2583.1260334939493,3284.7288185994166,383.6291222796109,2298.3169906889134,1288.03779518689,2208.4115790741544,1949.3761449682424,493.2442984633992,2185.5008731197695,4276.496910800561,845.0409342823126,3590.2711642607173,3868.945605651064,3753.8649222808936,1963.2410388043106,0.0,4277.823728462727,1569.0683454158693,2254.5915059466956,3220.925515894788,3711.8282994015394,2239.726823014974,726.3694808151116,3014.0916570462578,1499.2795637113584],
