{
    "drone_dist": [
        [0.0,606.1572960605666,1979.806378847148,1690.1686765699085,1763.7295552747003,2700.030236925562,1162.161311461862,2407.0026147594676,1287.8591145163055,838.9825272151213,3025.45749391848,1658.7030351850938,1504.8196816063848,2187.482453823582,1774.4510822630214,2615.547247956108,3271.337505575669,1742.0825850324718,3058.6005761592646,2385.6477610489947,3394.0811990132083,2318.7515734940584,3148.8044180254324,3343.9188238951565,1521.8396662985867,1054.8589405817943,2912.379677029613,1604.789528780164,1323.8709139189543,2532.84094794457,2501.0773828513597,2431.7397275407116,1599.489316027366,1571.9448557256867,3577.298608015573,634.4815970894505,3100.3897977014444,2266.483611518674,580.5302707915474,1197.8300144469915,3259.007052281168,2639.069429285922,1287.768315381399,737.2018110221737,1873.2299166858313,2565.6220260339524,2824.9180293127515,2640.0944536477436,3136.1507153254956,1283.7521580076502,1686.3804740244254,1802.0516160030675,1570.4735558658692,1641.9212707196277,2985.4875287751147,1248.7562040842051,2899.170617935914,721.6668235646061,1850.2831506442003,2676.801688915685,2637.711296856203,2881.4654778352165,1060.8536314222595,3049.0309096646224,1511.4194952088108,3060.8306645845123,2022.7921049358713,1891.2545226395582,2525.9698021616373,2191.507659676763,2366.7325024773518,1454.7423172885187,1336.3595003363005,3355.2462648741666,1632.555486517922,1793.0482796512185,2348.371955586472,836.4356591803167,2084.6170440081437,2204.4619457650815,3585.16801808833,3454.443703878341,2919.9463361531775,2013.6180118192242,1778.5037459453636,2346.355579951345,3448.1491103974777,1681.231208023019,1884.232832406897,1559.427710349891,1693.0443720730464,1730.0258551859465,2521.3698973265664,1336.2832079403518,2858.024397793986,1406.5982339435825,3537.311088462959,2410.28593035042,3445.23898574676,1185.551626608881,0.0],
        [606.1572960605666,0.0,2550.387427672213,1749.857054590102,2050.4572689172123,3304.4003871824007,1617.1567033619726,3000.929279616781,1133.2673180727575,1213.4760470495419,3045.205112792576,2215.929213101892,1722.142331656607,2792.7308388469883,2380.6045128478377,2933.1275480107865,3410.298947043634,2159.316667826248,2532.400465251616,2554.419472544512,3551.2554552723745,2864.610270481298,3145.4022852284534,2920.363242429002,971.9395300694481,1658.8070004709393,2811.017751735308,1207.6106602086816,1732.0135309366244,2438.7995468718877,2941.836561790653,2667.155483681669,2069.688758524549,1271.251391487758,3871.2554932586886,411.45465219374444,3326.7494111397727,2147.5691789516072,402.3808685412097,720.2338970177832,2827.5417420627573,2946.2101917023233,1893.3347311452399,152.51842294088345,2465.3571476041893,2976.6752938048803,2441.7770747719064,2959.1143207018204,3071.4233407105476,776.6222481583778,1190.823797189547,2316.615903429268,1192.7323122482892,1036.1742348805676,2571.344553611225,1708.7560902869723,2914.207544676828,1309.9827206685866,1249.0231253126483,3274.4711008219538,2753.6157422159536,3371.1988954285516,1100.7436871298992,3172.777568359779,1717.056958575485,3131.9467077849604,2117.0473985935078,2460.985179739375,1940.1115597045148,2030.7758209541832,2946.8142569243287,1256.1015878323303,1566.1741247818466,3549.5266899971693,1950.6351996282103,2238.544995674456,2948.9593869687683,1268.3016209608634,1482.2575684778365,1621.5527232770457,3766.1017448519615,3725.4197163125637,2883.0127500492113,2386.6126228203284,1173.500730322173,2776.3222748260987,3705.4685037526087,1138.281948080602,1996.3885478650116,983.0894073380312,2188.166246858284,1216.2370326882042,2878.3758458263587,1681.0982326219141,2781.1047796500693,1660.786861887982,3800.56302984958,2993.0634577976507,3642.3252532133,1285.189742985245,606.1572960605666],
        [1979.806378847148,2550.387427672213,0.0,3133.479287112337,1524.848889583969,1309.8246719455367,1980.1619812373651,562.3564058819157,2469.6138171128537,1498.1930882369568,4288.861317996721,1551.151505383068,1713.120425400892,960.6887255306757,752.3489753711498,3179.897178593818,4223.247117745867,1016.3698705289265,5035.010552845007,3430.999766670584,4279.866936235397,1887.6622707209726,4444.639346670929,5253.176745569437,3500.49190554627,1169.0226628031628,4417.281117144882,3066.328921151043,2166.8741653149823,4067.932215682948,2618.8308847201556,3294.6233431561964,806.4491081663044,3450.59985285641,4017.187012252309,2352.5005356054535,3840.337535807548,2915.592237872601,2309.4059329045203,3174.338325710293,5176.575409974094,3231.647624163165,877.1710411208101,2647.8926307352745,1217.247773038733,2793.5950922492284,4708.421035390813,3192.904087935209,4553.071728623656,3262.908994758458,3660.858406456366,1874.093432836216,3007.784153153655,3562.5947139434597,4893.0397382348765,1026.7386106190156,4189.177418325116,1515.3643283310525,3790.39746167346,1486.1922064502862,3752.9344886145013,2621.037791039604,2079.625095062061,4073.6614138819236,2751.3016395681852,4207.802591474911,3317.8024829638407,1495.9835029564765,4490.486994601268,3864.1484803585076,1577.8132986338987,3265.110021399284,2606.0671211055214,4144.247625834908,2555.8298657448936,2207.1907774647616,635.3666166308063,2014.1538372917958,3944.5547997064273,4171.665044490935,4377.929226077651,3992.4598428403547,4308.814962566888,2594.908618649953,3666.816897683429,2569.8588040185177,4031.575932791243,3660.854548965984,2100.2957632321077,3361.883106965301,1942.114891839825,3380.8131005308915,2975.6168015925264,2348.71591547316,4326.568509443118,2592.772253782021,4086.940538401259,1566.8010324549953,4212.227127144534,2735.1806395013946,1979.806378847148],
        [1690.1686765699085,1749.857054590102,3133.479287112337,0.0,3423.1024192280634,3177.096913068921,1177.115492356525,3329.7812930151845,2858.3934523454764,2499.39519106978,1335.5486523124732,1861.5063506421995,3190.613343296995,2787.4137208701823,2550.4109865366095,1445.7126528144133,1664.1473829758565,3298.477758663988,2614.0167091785834,846.7643379862869,1810.4041696432298,2237.2068364442266,1459.5875754096028,2420.1842782888866,1753.3969395013478,1967.159474891993,1294.4769679596805,2932.5801123667,1035.5205233284046,935.0709337908976,1817.6354550015867,1045.6065988240741,3092.31824767287,997.1077864942285,2262.0137211708525,2112.378490485069,1645.6681617942825,3875.602381639201,2078.4861250533327,1456.1200452156365,2377.0465254827122,1433.0586076081233,2256.3595514589388,1869.1792703423935,2302.8195937127393,1743.2165700283333,1865.5065030357093,1471.4628266676891,1474.0982280176422,1541.3490138785503,1604.9815859847838,1691.9026954931123,2926.462689448513,2225.3103412253404,2094.117495930559,2794.87509873995,1209.0025780419865,1665.303412837203,2266.8167524867245,3010.321978006731,1005.6965793615099,2361.1802169941184,2721.8302333136,1424.3204675725638,424.816464608672,1388.9688875624668,370.6563882042668,2102.4041094593335,2581.8280425877238,800.2092020121759,2544.8630694175718,753.104218957826,532.0807997470099,1830.8012837540523,791.9030930344563,1353.8535432271879,3192.4136916725306,1137.0031622460294,2703.558039122035,2323.248139222865,2035.0458278154053,2086.9894663901714,1244.485717214519,1184.9111793121601,2417.6439062387535,1650.997008414701,2048.8145943651502,1789.3378496447222,3573.309849056157,2484.552370650496,1529.6121173147508,2830.6072281301267,1500.702699615097,833.5592401118154,1215.915215216443,571.7196806790781,2148.4414342356195,2606.0432803585513,1924.0580415488191,504.67213393507075,1690.1686765699085],
        [1763.7295552747003,2050.4572689172123,1524.848889583969,3423.1024192280634,0.0,2817.484447840008,2558.864342790442,2076.446763530044,1320.0101415217193,927.5221329506624,4745.911276672109,2567.162657729374,370.0682549973474,2393.5374940833603,2027.1171758142389,4045.5876492271836,4899.217898759847,512.1321359970474,4507.014758085446,4019.0440126962862,4999.986761581105,3125.293536647883,4878.797824041862,4967.560045424553,2972.089168302572,1827.9039491973062,4673.034798789835,1926.5325460142958,2769.0168863622785,4293.93996306962,3676.732496345207,3992.5199820692487,733.9778998266592,3284.947625549212,4987.723895791145,1670.9645126870887,4636.274630174692,1420.351940475982,1660.430227791459,2769.994667731015,4873.068152529731,4084.597231737018,1731.9958386967298,2060.67160037911,2443.0525725447023,3810.70244129124,4491.47726085491,4065.742723774929,4888.3762663932675,2818.4785597468585,3227.026688039443,2863.3670988201056,1863.8922334190822,2816.3975779534617,4620.846015771089,749.3688250481018,4623.945998287039,1894.2464379943194,3062.4484618682072,2960.0447857602267,4305.43486149034,3851.4996595017847,1039.004643423583,4697.384280673144,3170.2727574834025,4749.7890246833285,3727.0372599135726,2653.5544492872773,3784.6690892346874,3953.5842146114924,2927.4682138698245,3203.647370745509,2992.952878235661,4920.765272611762,3162.2459350211216,3065.5537458941185,2159.600495093519,2370.954603061075,3048.1189909291866,3500.9129847818317,5158.700551603799,4909.226994560666,4665.591741601003,3406.6979432515654,2847.1468629329042,3570.780689623865,4924.483891005104,3137.5405020467433,587.6701236730856,2466.747855142888,2847.79206371271,2329.1399031050073,3888.376671254544,2874.733884447274,4614.770227936684,3034.8282108260005,5000.477726302265,2936.2052783941717,5004.09829671338,2924.973442159815,1763.7295552747003],
        [2700.030236925562,3304.4003871824007,1309.8246719455367,3177.096913068921,2817.484447840008,0.0,2061.126332931519,839.8848083938954,3572.1318938749987,2562.5751022339177,4019.7722849956326,1320.811262172148,2958.2088451601694,515.6118850081724,945.9002569301836,2619.99742646543,3743.9577857017557,2317.739566225878,5540.838488921019,3135.698755239431,3750.2331256363395,1107.6831338040897,4182.708956758225,5554.850819839731,4134.00083337457,1645.5964412250544,4323.381900527919,4114.533659502336,2151.844359934726,4036.580519877425,1917.7535726073388,2904.7356326792747,2084.6098094243853,3825.377964956312,3242.2415532645127,3246.6049060683663,3273.5210879396614,4167.7423513760195,3194.4611419349544,3763.5857882945866,5497.505173766997,2678.5834241378343,1435.656326402063,3436.9390333531533,904.100074162738,2112.8646763448355,4992.7763232080415,2622.6591661203393,4373.9916511999345,3867.704683038889,4209.715528902018,1506.2153039406526,4062.397666772225,4335.294217458985,5208.021018841583,2207.779987409535,3951.380518115699,2007.443068115599,4530.643224144876,271.03747172774337,3449.6209210807147,1671.1300305292189,3184.0426010122364,3662.107291892576,2752.2832384161024,3864.2182325767176,3217.7000578580405,1074.8706930848311,5162.736651490693,3976.4618435067573,700.901521744388,3585.3835478686283,2672.8706698356223,3568.132636461117,2416.3319568783086,1882.8339472369637,691.7391023123329,2293.937010932381,4784.5955304043955,4841.628283729263,3777.361747582816,3279.084998913923,4132.548126400765,2214.458153117634,4477.882319428211,1956.7546938342537,3340.91083720842,4273.308892574443,3376.8138944057005,4246.367415363793,1658.7767154107223,4356.9454525614,2393.438157559848,2351.9444313513363,4211.861198470966,2610.228787989384,3369.022631443926,645.0066735019249,3613.918810798383,2948.2740113813384,2700.030236925562],
        [1162.161311461862,1617.1567033619726,1980.1619812373651,1177.115492356525,2558.864342790442,2061.126332931519,0.0,2152.6788641818334,2438.383359794193,1716.502192687409,2323.024334404237,751.5355325872479,2420.506873860262,1631.5045882520244,1373.3810538882349,1509.713937763848,2358.6959417173543,2313.4267679198447,3503.3747804482414,1501.022774349445,2449.168552117739,1309.8919454227191,2475.1664648037718,3496.2159095059974,2208.4886390959946,841.9401293583178,2441.5970808162087,2756.320942598407,211.624187114664,2101.6722208228816,1341.010118789279,1437.549185867068,2073.1025541044833,1775.5658395495882,2470.893539242683,1787.9546001530143,2077.6507354338096,3379.1622295379416,1735.7170730588662,1829.812462540695,3437.247673125674,1542.788353655439,1108.7150264626591,1769.6666294403306,1161.184667013908,1404.3400064938576,2934.3005925051634,1532.0974272802443,2573.107128246252,1938.114078770667,2220.896093044163,727.7986071568979,2725.6579662089607,2527.774489384947,3147.636651076809,1840.3576548652134,2217.7366036979647,665.0484351078107,2674.3745439686368,1933.2132138476588,1811.610385869038,1754.274185519652,2162.074895679906,2173.4549609453434,774.6123313960342,2268.418304938578,1337.7068561807553,1014.9804875040921,3218.163886351341,1954.5159265233199,1505.023523378798,1528.3894615935303,645.7616889721968,2362.3922495351344,615.712802620775,632.0743570901853,2016.8506649552396,348.90593087557227,3019.9195653240567,2907.4231829400323,2600.5971483385056,2371.190437468587,2329.1703235366863,878.4285594032257,2702.290971092987,1184.3315874517918,2378.7565008222623,2323.2788034503446,2862.4390294301406,2589.4842478306537,581.1660655190828,2830.399655254037,1384.6775278142347,369.0707280740057,2348.1466327868807,616.2217859548762,2459.8298877961233,1562.3375851756616,2445.3028135032946,887.1491145689537,1162.161311461862],
        [2407.0026147594676,3000.929279616781,562.3564058819157,3329.7812930151845,2076.446763530044,839.8848083938954,2152.6788641818334,0.0,3017.630740992793,2028.9164116544687,4375.773049640383,1555.2674555141289,2275.2652558738887,691.8173252202258,779.5097611698582,3123.929643836629,4219.220876390962,1564.753380044259,5425.914151512135,3494.10388511532,4254.262537687869,1685.9748254479186,4536.319475320598,5573.44752362321,3922.5788817580055,1451.1568111411652,4577.8586870321615,3605.6805697628242,2308.6664881723705,4249.574396795901,2485.816192684763,3314.861994886481,1367.3634165316846,3780.4097429874587,3876.1135689002144,2845.3086462103906,3792.6886997737342,3475.949016320745,2798.8470291625044,3577.4861932501376,5503.341826191064,3179.7739102928485,1159.1311447546684,3111.385700663839,1128.836471689374,2674.7421356972986,5018.377258750256,3132.6504595387446,4680.321914050553,3672.5655256200066,4055.7019594875464,1848.2839985380078,3548.278402113662,4030.233633939097,5215.66265854517,1580.1368293864978,4287.974772773193,1833.274633715979,4249.677859091893,1069.23576160131,3818.1812615988474,2373.8473580217114,2625.965170644858,4097.270374223998,2921.0347612899104,4262.247402318402,3459.7266260311185,1408.8615903528007,4932.970650051487,4099.90908734718,1307.2341943612687,3571.7158817645277,2798.2722241808924,4096.330619255331,2661.5535108027734,2220.4036584077976,182.87545454587018,2270.822105550314,4434.769653496674,4611.378467001098,4321.555903779327,3880.0642132096955,4434.543405743206,2600.4762759267187,4146.861338637271,2474.0665314881126,3930.1706941225075,4077.4479864900854,2656.8078030528804,3861.223176150554,1957.4294722053232,3904.71401029006,2905.164249254928,2505.9412554293926,4477.692150992125,2764.475540176729,3973.497160097872,1276.498364844162,4155.096531312278,2989.538377893874,2407.0026147594676],
        [1287.8591145163055,1133.2673180727575,2469.6138171128537,2858.3934523454764,1320.0101415217193,3572.1318938749987,2438.383359794193,3017.630740992793,0.0,1009.9767011118054,4171.774336375366,2815.1852363809116,952.346419453503,3069.50570080568,2638.5368171078503,3902.729803068012,4501.829030478976,1672.518571237506,3286.3353049975153,3627.2449490593026,4634.862420201251,3472.2748107041525,4275.598693845437,3853.0516349863883,1836.5515443599381,2076.1395903806483,3942.4480744527814,620.1300065068297,2609.3634012705447,3571.482673088565,3764.6520160505797,3701.3022412236005,1731.8589609183778,2372.587826786906,4863.371685432502,746.0818361406536,4369.79510401177,1017.9931819291745,780.9429759548862,1751.5227840428784,3752.1780926413257,3925.3650830720503,2175.8221251541354,1054.23751887468,2903.634803815483,3841.6064539446365,3438.8122393671724,3927.4000752223924,4204.606910888305,1761.6771059620328,2127.916907440504,3019.007301474306,557.8697384492198,1566.8389282727987,3528.30564836777,1443.582673064359,4041.1939452938173,1882.5969287185947,1807.5810940115296,3627.9374187012263,3851.615169289559,4103.309786494491,392.3170585768575,4269.775720284233,2760.9256744711206,4246.996146102051,3218.342773381925,3005.815192258131,2512.7931383036607,3157.73333279893,3425.777314628468,2385.253127597602,2592.96584140854,4613.330939544509,2917.2233468019626,3062.442693313626,3034.331648610083,2123.1105728514954,1737.6857427532232,2251.7994822657993,4838.145178061323,4736.7670675026275,4015.6669497601683,3300.3342342696574,1564.0330058870168,3616.5597875791755,4727.488594432104,1989.1041244986193,1004.296187678565,1172.0320801293308,2932.5746966256856,1009.5022333317213,3808.523671117978,2622.687581192018,3914.1271179270902,2673.332192313658,4818.188514554198,3456.7550941199233,4704.791107637257,2370.4888323000696,1287.8591145163055],
        [838.9825272151213,1213.4760470495419,1498.1930882369568,2499.39519106978,927.5221329506624,2562.5751022339177,1716.502192687409,2028.9164116544687,1009.9767011118054,0.0,3827.1102590748574,1907.4401213489523,710.6261686668498,2062.159924148386,1633.027883202511,3225.7330204909913,4011.5562681990045,946.1813270473995,3740.701387442173,3125.848825906986,4120.673495135544,2542.042623551948,3957.406227854708,4119.889293536847,2180.3219921756154,1138.585275309654,3745.538714141548,1578.0604857099243,1919.2240197869637,3366.494376103741,2951.756027895938,3123.9783337692566,871.9188374705022,2387.837784443956,4184.6767929664275,907.3980303950377,3781.360623050873,1738.5995942852076,875.7464387437079,1924.4113368653584,4029.7505787555883,3259.2872957151394,1185.2553054768455,1264.7180317395428,1928.565766807476,3060.1571535030184,3621.0275243596657,3247.814002193766,3961.685501363449,1988.6121454061595,2403.2379545801123,2157.5144334311367,1521.5967077186713,2135.433017166801,3766.1194001728295,517.4630441906361,3703.7819297982405,1064.3158621291855,2375.439144689752,2624.6836209095104,3402.169033633981,3219.1221136415115,621.8275535498908,3801.8541168631823,2264.106626056928,3840.746594916148,2811.043823744141,2064.4684291499284,3096.602096544872,3030.490001628754,2450.288277520283,2288.951175365603,2085.9444060651954,4056.1973809479405,2294.592650135302,2285.317393126055,2033.1265343247871,1482.6466408216438,2473.920437734547,2789.377125939392,4292.136242251205,4087.69155263634,3740.142357761554,2590.6857821340905,2214.782105601227,2823.3984163507143,4094.481391435156,2347.485448290901,1145.937840656798,1883.2477740609643,2103.980823231469,1882.6804933087662,3090.691675759219,1999.0762542631542,3687.4097608059365,2135.844019307734,4176.218036013529,2476.5513403602963,4142.448858961704,1999.2785998299175,838.9825272151213],
        [3025.45749391848,3045.205112792576,4288.861317996721,1335.5486523124732,4745.911276672109,4019.7722849956326,2323.024334404237,4375.773049640383,4171.774336375366,3827.1102590748574,0.0,2821.57606568352,4523.459582873174,3743.4310651354103,3615.388689819576,1511.1189117840095,702.3025492676835,4588.228404760892,3010.8634266203776,887.5796325143893,864.0226875686975,2933.069294993032,162.94034493680968,2419.5589540275073,2794.9284535264496,3164.3913147042135,615.4618981298961,4182.226743509486,2125.544020144992,756.6562113967537,2210.068267570873,1124.6282110724171,4366.107590293372,1982.9336050419993,1722.3216449158792,3427.2558581589724,1102.3384670117593,5189.522425383777,3397.0733415832487,2602.544372060781,2434.2837191000453,1457.0869129487646,3428.265721635694,3149.046326451078,3260.38423713284,2039.0757030900843,2023.0268101728218,1521.3584756815742,433.53733480060055,2658.884047081301,2550.288128029233,2547.7817580410206,4184.350030344464,3299.9077693173504,2234.3699436852544,4091.1741227529283,131.36234867540642,2922.905948113042,3265.199292746527,3796.4330485321566,570.2279015548534,2700.8040945366092,4053.839103051165,536.3451420134685,1591.623050264857,267.655803045851,1020.5121715171609,2999.979963695815,3331.846871297822,1200.8483878901934,3323.5525250700503,1851.8266852375675,1763.969833368194,1035.615738818868,1733.271490458267,2165.881802487257,4214.822366008967,2401.288736376926,3719.8574542096267,3163.890486548616,1106.6169758807775,1516.8183643573307,308.42753271806686,1807.4939681113271,3482.6722721420656,2110.449705860135,1434.7071270907913,2764.9448542626947,4908.858458551227,3643.7312425976484,2422.319184107742,4016.3027315321347,1716.6952553979809,1956.420053840515,514.9735844054525,1740.9484467606783,1519.6127863134784,3382.6034654171017,1100.9906072185643,1840.1847963096989,3025.45749391848],
        [1658.7030351850938,2215.929213101892,1551.151505383068,1861.5063506421995,2567.162657729374,1320.811262172148,751.5355325872479,1555.2674555141289,2815.1852363809116,1907.4401213489523,2821.57606568352,0.0,2535.7952024064944,937.7657508317782,816.2882813090456,1629.0154581524928,2684.5674729861876,2195.2012923271977,4254.044217322603,1938.8549826243056,2733.6158338061146,663.0915036681452,2982.5882705994627,4235.386301014939,2922.325315921702,770.7941455999483,3052.444606956013,3241.6593369502607,831.295231004728,2744.2239219563744,1121.0894699551382,1766.3986317737695,1928.541333996694,2527.0344868681054,2493.195044837033,2283.714679033577,2289.551097347654,3645.9284402175945,2228.9145907771017,2543.879544550406,4179.36758979774,1680.528252236449,844.1951430956415,2363.9525892280626,447.88403059446165,1275.0470637547053,3673.3700192342108,1642.3930240955415,3136.207621633567,2651.452291009322,2957.584805999833,325.1231339903332,3200.9795371634987,3197.793746768113,3890.140897077372,1819.185489028562,2736.0484700415072,949.7776356967161,3365.048975807887,1181.8849970432925,2262.9142545132718,1312.350720505533,2474.1898760918025,2549.713956204734,1437.4228708311393,2707.8293650289615,1934.0647888005929,264.99004997137683,3943.551057506576,2658.9380026626995,761.6608423450396,2279.4996344697247,1352.1825440083257,2593.6781050178074,1126.6691352092778,668.9922388468386,1393.307859692286,1032.1785320451402,3677.893222505573,3628.1896564100825,2826.904247769622,2452.9474819959873,2890.872556456939,1054.8954275079836,3361.3564055205634,1040.1967714240286,2487.6106978848597,3046.9464884479034,2995.5510468413677,3198.0696657260937,403.3344960502442,3388.653687583402,1427.7756720666082,1032.0607179045576,2946.9489058211707,1291.797262388638,2547.3226756930876,816.6738709799638,2661.125595680575,1634.9238300700458,1658.7030351850938],
        [1504.8196816063848,1722.142331656607,1713.120425400892,3190.613343296995,370.0682549973474,2958.2088451601694,2420.506873860262,2275.2652558738887,952.346419453503,710.6261686668498,4523.459582873174,2535.7952024064944,0.0,2499.4703569007706,2100.9759360075145,3927.082459790159,4721.561180848757,768.5831006243877,4147.868516693366,3835.3957133837907,4831.244069584806,3135.906614145882,4650.200915466773,4627.861268530927,2622.2246636766586,1770.1211319712065,4413.388008495406,1563.6722619486916,2625.5420384836975,4033.7232166747326,3618.0524438502994,3834.2294294726753,909.5657755727498,2976.423227936754,4882.487327390375,1329.4374110025576,4490.436240573723,1210.049783760681,1324.330340629919,2437.2573663065114,4531.972219205518,3962.10264607706,1735.1131569687504,1719.603564751702,2476.436206707029,3737.466230181783,4162.444655412991,3948.673881401879,4640.77343713449,2479.9043717256477,2884.3211136531045,2810.9570871640694,1500.9375533206346,2450.7788866894134,4284.526882177328,764.0857660791385,4398.604341480773,1760.701407549895,2696.6703080969132,3072.665582465657,4109.037320948618,3842.9555161994554,674.3395711902397,4510.661175288136,2971.069734874323,4544.741614816198,3511.498710901135,2656.817299390634,3417.6796010594476,3674.6331344550003,2983.015808625656,2912.9680268238762,2792.8553513787692,4766.375211100531,3004.3814574575426,2971.3637529769435,2334.0557375937046,2193.2728074047545,2678.0581843389505,3136.4407166383407,5002.490502567598,4790.429284769866,4424.587610874235,3289.807008559152,2478.3590339348943,3498.6394084446865,4799.22499994654,2786.514795874314,459.7583422902445,2096.9858093370444,2774.2637494248675,1961.848116680192,3785.232427576869,2709.3968357767853,4361.6461751522165,2845.0115571093274,4879.693819775271,2999.173957924839,4852.400034259614,2687.0838097268725,1504.8196816063848],
        [2187.482453823582,2792.7308388469883,960.6887255306757,2787.4137208701823,2393.5374940833603,515.6118850081724,1631.5045882520244,691.8173252202258,3069.50570080568,2062.159924148386,3743.4310651354103,937.7657508317782,2499.4703569007706,0.0,433.0256525885615,2442.7332833929136,3548.173871412506,1912.7239887955213,5068.220726719077,2856.5148509478777,3576.631658945415,995.6012908880194,3905.504365236266,5122.845294980569,3636.7755161679,1134.7078767509875,3990.092901966842,3603.87499275095,1751.8975618956488,3680.792951063405,1794.5935731746988,2658.4035851895683,1661.8564263721125,3366.3799977424987,3184.4415589835266,2731.028441569575,3110.897255126644,3703.526948120015,2678.8585641268114,3269.7399414899805,5060.93455257605,2499.3333065647203,920.317471660165,2923.8531718095164,489.8891889730888,1984.2943505164471,4561.611034943002,2450.3805784914325,4069.407504123125,3372.547954991563,3724.087466556519,1196.2695791837768,3552.420848590595,3825.510986420665,4771.263873500965,1738.6142924433113,3662.8964928449677,1503.6576280951363,4023.916703319475,573.3684543726057,3178.6549221414593,1698.7567510680026,2683.9253701396387,3436.823331534022,2366.0151425589975,3614.2500811926475,2871.8271864806316,745.021210314246,4664.721422699697,3579.1770997163753,633.0134722968809,3134.735952569645,2266.3568593594487,3413.634934700453,2064.413916391491,1577.550756443434,510.19031595955073,1828.3329369886353,4271.536624143831,4342.913188875837,3636.6290399248874,3188.7530401314066,3824.5467677112997,1945.9552588304828,3965.91826378506,1787.56247905695,3239.5773469532055,3779.3267985430803,2932.716961615582,3731.192112522727,1324.4162885642736,3841.9814806138857,2221.6331043578534,1953.8988940833635,3884.1632672056357,2215.7015715131733,3282.084735916041,613.2558909713738,3470.3530126901,2511.505411996745,2187.482453823582],
        [1774.4510822630214,2380.6045128478377,752.3489753711498,2550.4109865366095,2027.1171758142389,945.9002569301836,1373.3810538882349,779.5097611698582,2638.5368171078503,1633.027883202511,3615.388689819576,816.2882813090456,2100.9759360075145,433.0256525885615,0.0,2437.4988907165325,3500.776590645975,1572.7239457458438,4712.937535158452,2740.343276898148,3549.2983406985545,1155.292611645272,3774.6394517456974,4817.245645768364,3249.9376107958487,735.5072987669714,3800.7450685131907,3170.8538149366136,1530.3761876879457,3470.444179969372,1866.5872195912448,2580.3078080911982,1309.7578868588828,3035.730740329008,3264.871994603159,2303.015930564921,3101.8390386409246,3296.40628571476,2251.320696289587,2889.449048478524,4750.182639482088,2490.443751279801,492.3801945668559,2507.845982521334,468.66254701114866,2041.4125833034814,4259.254332287105,2449.5090290469843,3909.0922350570336,2989.803561591253,3354.683694626636,1132.9012138019186,3119.4034034790725,3416.1039497928464,4461.366165461649,1336.894563375578,3523.6321447905148,1117.8425526728768,3620.1837507135265,992.2183392947406,3064.496807399888,1894.746978586623,2254.343177726503,3363.2568778980103,2141.7496697380016,3514.0645816459764,2683.912672063944,743.7964975188371,4274.635816820914,3323.131938464584,902.2062179193144,2816.947719622841,2019.0902376610736,3406.292893356471,1890.8057021847123,1483.7183300901554,648.4505888867978,1507.783436267849,3854.4187612342994,3952.23471562466,3638.0444493286404,3241.7660959667737,3663.3365764192695,1870.7177610245592,3551.64741404736,1818.8556889557344,3282.194528519149,3397.224340111151,2544.182764156484,3307.5761050404813,1217.1624911176248,3411.3521908854,2229.399143010082,1726.855729167321,3701.777092410041,1985.038735391274,3336.223794222935,909.1174785024623,3471.8649014799057,2219.5681834213137,1774.4510822630214],
        [2615.547247956108,2933.1275480107865,3179.897178593818,1445.7126528144133,4045.5876492271836,2619.99742646543,1509.713937763848,3123.929643836629,3902.729803068012,3225.7330204909913,1511.1189117840095,1629.0154581524928,3927.082459790159,2442.7332833929136,2437.4988907165325,0.0,1124.3115303260745,3748.4353325631155,3999.5563040362076,765.8326445980847,1135.907979106375,1512.400974964108,1666.8216184729504,3644.0800657898794,3172.7933416617543,2238.4369527346184,1985.295710912344,4136.062018847804,1312.3454695687947,1841.3268163775545,719.9527930963644,463.68831687064954,3490.965296838736,2442.6542576434017,964.0651466142207,3200.859473042845,668.7636372077874,4872.594915099057,3153.5742371565148,2842.4765175981784,3626.5607951236766,58.797676970726755,2421.6581527064695,3077.7971119655977,2003.253511509881,535.2561941644021,3134.6062907041655,26.53758497864827,1925.5969447721643,2938.690348903736,3046.940515217213,1305.9765738445863,4115.633143226812,3617.722665680072,3368.2552954011817,3308.146101892397,1483.5973406764983,2166.505075551997,3686.8847633649775,2373.5627708410507,979.0536863821259,1189.726096427957,3655.59595706933,1065.3326752920589,1247.3488698493463,1301.7765803953137,1177.761285828219,1718.308445064279,4027.1298726325276,2040.934081479056,1921.4743771286576,2193.872966290028,1374.2340878509872,972.692625031587,989.4360277234045,997.9219487173085,2947.341525359871,1786.2543878796646,4109.1018265145485,3767.8947682735306,1201.2668754717624,864.1878269051313,1714.7196403686755,639.0407095082594,3809.177844470631,664.3383943658343,880.3309186466194,3224.086578716651,4371.581719134899,3814.2103266209697,1250.1040719647754,4122.871350820378,226.60283264370148,1280.2602516650697,1862.052677417368,1274.8078742698144,954.9307611734052,1975.4455245497702,1034.8519021559791,1710.8518639591794,2615.547247956108],
        [3271.337505575669,3410.298947043634,4223.247117745867,1664.1473829758565,4899.217898759847,3743.9577857017557,2358.6959417173543,4219.220876390962,4501.829030478976,4011.5562681990045,702.3025492676835,2684.5674729861876,4721.561180848757,3548.173871412506,3500.776590645975,1124.3115303260745,0.0,4672.037681009285,3694.3846463778636,887.4491071598503,169.2574546722905,2636.2748756703395,790.684099560183,3121.811911516349,3324.060779523165,3180.0811477488796,1317.5635832701325,4596.6158655207555,2147.364213574353,1402.7480842589293,1838.669000376707,933.1231153913892,4429.356775560339,2508.982619873378,1040.2409958797657,3758.9359361512593,511.61400379459593,5513.977675119129,3721.285125099235,3080.1635059789155,3135.713731976165,1065.6109198293314,3408.2492025468578,3532.597936895341,3090.9175495303916,1647.2139103986374,2715.552532265882,1122.8854520540322,1109.9706050616248,3151.9522043591396,3109.55228603949,2374.504577514473,4590.585445562713,3821.7694813216576,2930.9414279291536,4196.160451196796,776.3781189206808,3012.9786359992772,3818.3542705002433,3497.784175031786,658.7487174428617,2251.909555417648,4329.724736063735,245.31062726081709,1760.5120387077425,440.27814296465857,1294.2762605827843,2810.767117298498,3960.2017912956726,1804.2987032294106,3044.689924590892,2329.2649671943245,1937.1695452770832,341.1881632534455,1744.033567653298,2018.1651700438163,4046.351253993092,2531.318736400323,4270.885582373174,3766.827767871684,419.693513997119,839.8479172210843,1008.428824928234,1630.4074528792146,4010.7325857289798,1787.3301213028408,752.5952968555291,3318.552650253412,5137.9728594607,4124.312011804536,2284.595188436161,4481.664777193522,1350.9026657597956,2025.0312845767269,1213.380705618637,1877.5799068833421,829.3591863423169,3099.168746651211,399.20757909237466,2132.7122071194067,3271.337505575669],
        [1742.0825850324718,2159.316667826248,1016.3698705289265,3298.477758663988,512.1321359970474,2317.739566225878,2313.4267679198447,1564.753380044259,1672.518571237506,946.1813270473995,4588.228404760892,2195.2012923271977,768.5831006243877,1912.7239887955213,1572.7239457458438,3748.4353325631155,4672.037681009285,0.0,4682.168301245429,3809.027674950324,4759.546837565219,2705.1261388143444,4730.126339255669,5062.8300050070775,3123.406069491745,1510.6969758279638,4580.990292721718,2292.6457623307815,2524.675587876888,4206.718936211547,3316.086202511199,3747.1411651290596,268.2889645983237,3312.691201420047,4667.14633211798,1832.9676822423523,4367.988558323351,1925.942500429174,1807.915234544469,2870.092657161989,4973.58385984222,3791.920202770531,1351.5585411193906,2204.6644108332243,2013.0630543604955,3464.0673475287576,4557.753711144104,3766.6369086835402,4772.427830960128,2934.7858183135636,3349.405558164083,2507.4812861854434,2230.329924943223,3045.89038426984,4707.800305214817,505.88071867035484,4472.111519463205,1669.9195427912425,3289.939212771068,2471.8097788786017,4111.1009490168935,3441.238223270822,1322.300458602204,4484.933000273243,2996.7605831940446,4564.418197280327,3569.6467328600575,2246.3320427898716,4015.0261482912097,3906.8710992519545,2474.0534682104826,3192.8599995155923,2824.615562967474,4661.472062690381,2928.7855387327204,2752.76821505509,1651.7343340335144,2186.939671422665,3338.643391043586,3714.5992637185673,4900.136432525287,4605.1031741215775,4539.9398978865165,3115.6036325495515,3105.185257706904,3225.629799475482,4628.071223843119,3290.676274162152,1097.0121494648047,2746.063896934503,2515.345140036212,2667.5415637261835,3574.5610476430656,2657.8972949239446,4511.203660007539,2849.923469345715,4698.122296852801,2477.5045409489103,4740.639558110796,2819.7490320355973,1742.0825850324718],
        [3058.6005761592646,2532.400465251616,5035.010552845007,2614.0167091785834,4507.014758085446,5540.838488921019,3503.3747804482414,5425.914151512135,3286.3353049975153,3740.701387442173,3010.8634266203776,4254.044217322603,4147.868516693366,5068.220726719077,4712.937535158452,3999.5563040362076,3694.3846463778636,4682.168301245429,0.0,3263.501904638303,3862.3903435338893,4767.73411972254,2979.3270818210653,883.2895784446862,1560.956720056842,3985.304205655198,2414.347995787771,2847.3000105441492,3466.2681751723408,2298.950388771828,4431.382234752688,3547.3397293235075,4602.049619783141,1730.2706286157984,4626.18510216043,2854.0757578484836,3959.3397358553334,4048.183310255507,2875.5906276774813,1861.119904095986,791.4938320946304,3973.3135136790893,4268.987178107131,2477.5154737816206,4638.004382236042,4353.974240738886,1000.1532251039573,4023.1276941791557,2693.039636427312,1776.1522981096007,1374.2657919892956,4185.882997941946,2893.9024510315157,1719.902357772676,827.8200416471484,4241.122187691056,2919.8815221499617,3599.9596497093817,1483.1522233800476,5433.423891051845,3196.573216283578,4973.384798639607,3474.215559332369,3478.7828744667277,2976.48479074997,3257.157851954167,2822.8671901792864,4518.194810086767,855.0222658794705,1971.9740647258268,5006.98771722594,1986.919747915163,2977.711039459437,4001.421280848178,3369.1548474765964,3908.3662660193622,5340.881497501585,3246.902647811526,1706.4457653435124,1042.4750574153709,4110.706274832906,4423.46945592581,2704.535274826661,3795.6741753389438,1751.0364460882006,4263.661461647507,4356.245118343134,1394.1896198400877,4290.351316171566,2142.000804514275,4021.205391844678,2446.7532315257267,4093.564176340405,3289.0671761012836,2498.703142817979,3069.930988252793,4452.557806898222,5064.959378940847,4080.2543544907408,2637.2745259365897,3058.6005761592646],
        [2385.6477610489947,2554.419472544512,3430.999766670584,846.7643379862869,4019.0440126962862,3135.698755239431,1501.022774349445,3494.10388511532,3627.2449490593026,3125.848825906986,887.5796325143893,1938.8549826243056,3835.3957133837907,2856.5148509478777,2740.343276898148,765.8326445980847,887.4491071598503,3809.027674950324,3263.501904638303,0.0,1009.3343156956764,2058.081488401777,1050.1666706595306,2879.0148459996503,2591.2406114079463,2337.9417420951177,1250.4655162482652,3754.089929166979,1293.0029526213368,1076.5894286918228,1383.780520461076,303.19332581257044,3572.8233419355315,1805.332194522207,1430.3988133922187,2888.107798481052,799.1865250414265,4635.580982310682,2848.489434522773,2302.6508480508664,2862.9999121012156,728.347509152676,2585.52999637999,2683.7627354602996,2374.7934618134595,1236.329584478838,2374.896550180047,785.7925517009776,1246.0236282631902,2386.61112870297,2420.6631062607507,1660.5111188464991,3743.974657129333,3069.8343257740744,2607.9768911968417,3325.5069521505834,815.9499332324813,2141.7918614401474,3102.0497905584025,2916.8724116473604,324.26928547888673,1910.4979591760084,3445.2455905018223,678.5115672749453,874.228942027225,776.8070581122989,493.862758146275,2112.636248536554,3360.344416097288,1293.0188628865844,2442.091378595831,1582.742877743806,1050.1678646034686,995.567514936672,887.9358858602549,1279.1212664442364,3331.102650509222,1648.4345131690975,3543.7912223027265,3124.056232313768,1212.881419674633,1247.2788164687029,1011.8640386410835,921.4551580292718,3261.9719881199767,1261.1074836185169,1204.6400052815184,2615.3336447587794,4250.56630560233,3329.73255847975,1537.6791440116608,3671.5163051534105,921.4345572453003,1151.6144698438784,1129.0296902307575,990.5666747598365,1304.696937141609,2501.7292230424296,1088.5952718140109,1269.2837536258855,2385.6477610489947],
        [3394.0811990132083,3551.2554552723745,4279.866936235397,1810.4041696432298,4999.986761581105,3750.2331256363395,2449.168552117739,4254.262537687869,4634.862420201251,4120.673495135544,864.0226875686975,2733.6158338061146,4831.244069584806,3576.631658945415,3549.2983406985545,1135.907979106375,169.2574546722905,4759.546837565219,3862.3903435338893,1009.3343156956764,0.0,2644.189055325019,941.5282613213808,3282.765679629748,3485.5476462974357,3259.6961994145213,1479.3320618193934,4742.314943810445,2237.5545094576096,1571.8598099722612,1834.8328758377272,1012.4178433284629,4513.353714217628,2671.493831068709,910.5993764498961,3893.9006968302315,478.6579545198592,5644.495348096361,3855.1875202328756,3236.5779942666068,3298.2882675485566,1078.4142881846828,3478.8454919666424,3675.8782387683527,3128.7084487134166,1640.6090440724752,2881.9621682324123,1130.5406393655219,1261.081821830311,3309.9450026076033,3274.029757555498,2417.938871273776,4735.119617981116,3981.9491261741873,3096.278301396221,4289.403310450454,943.229754596871,3108.7708604018903,3981.6640330395676,3499.0298166799157,809.3837391089422,2216.8719445236466,4454.170081953322,408.2137131964232,1882.944605524373,606.1653509776164,1439.7639164635116,2845.799288390929,4128.825140359845,1972.8756896507687,3054.231332814666,2487.659398063539,2057.812658320205,222.3425412578146,1838.397679484629,2072.7978782903947,4079.1468449439635,2638.2363608021724,4433.675793192829,3934.1367792286596,250.4485799439019,718.4261477730895,1171.6775533946122,1685.491101033537,4171.386639613184,1799.2180724346533,628.4061599139942,3482.3357724203825,5252.481367814703,4279.426987704317,2337.824604977976,4634.451754335707,1360.702611106916,2126.0068489852288,1377.4519607966345,1992.9068300097454,694.5844400701752,3107.067648524134,251.78655605166347,2269.5726655544595,3394.0811990132083],
