{
    "drone_dist": [
        [0.0,365.806850401305,4582.480098297769,3151.9149731024245,1189.6910387598198,1845.631565653003,3776.9635845067237,1668.6408906352576,944.0975181569802,3275.2822881310735,2281.3203274427315,2253.7636992346343,2826.598020014766,3180.6492296335714,1892.7769691343356,1119.6335039706776,1908.3117934285535,3948.704705185602,2609.803592038377,1996.0196219852812,4265.113842659079,1307.6564238151514,1365.8483312900719,558.1261677621824,2682.2423457260093,1879.4640705055688,3393.4094617563424,2122.3416098804796,2794.2542415393514,2631.734409206796,2094.426930626511,4380.209304304618,1216.4535318978044,2063.8154847030187,2927.1813831213904,2007.0061432178265,1209.8855378436429,3362.7399238445537,3996.533725566724,4468.50038939297,3467.4174280791603,3435.973201321899,1850.8102734187028,3750.9790460199556,2514.4238771843084,4504.1034959558765,2984.475180857769,1058.494421979793,3555.7932505898602,2250.2138452847903,2526.449049184553,2473.49659238811,4045.2424083561746,1892.7606644243122,2651.726312993055,2673.60020722349,2642.5047292652707,304.83977510832693,4183.476581148913,2595.3780819700487,484.9730616878869,4118.927721827219,3744.312978529802,1033.704198829999,2813.829067971805,2007.0674968771073,3371.8317385714495,3641.1096040046214,2500.312985396983,1260.4442165473524,1010.8737410649849,479.52670150859956,1032.57938032798,2695.114031157422,2762.1450039783167,833.5074088854343,1481.8555533917258,2116.054965747772,2781.3790749277746,1861.464785363095,1177.3634120571742,1714.8271741635424,1623.6396007667315,3475.8153261197704,2696.150241973279,1468.8317395979814,2187.4136131646383,2773.3928215773158,1832.3624645540065,1266.8655334077564,0.0],
        [365.806850401305,0.0,4226.02469702424,3173.3988017585257,1377.3297713532304,1496.1905292105298,3426.175954201483,1307.73681230491,1306.0850795657866,2916.532350086543,2298.5327621187303,2191.7111729098497,2511.22247574175,2959.5269009600242,2137.731475265719,786.4722763273959,1582.0608197570914,3715.0864747551077,2320.2251508122677,1644.971860900774,3950.519387318937,1574.302585920684,1200.3272694932894,219.8154550008304,2390.5277926908548,2030.3239894133567,3192.640587414455,1836.7922774748154,2430.0803526121576,2308.7045371340782,2029.213323267108,4055.5288362184538,1093.8182531117388,1707.3388243708575,2922.3130262932277,2053.652280481924,862.4153316273103,3318.436947422344,3633.9159988215724,4378.050480282291,3123.301601945156,3138.4928523545277,1615.1312565057501,3461.347063559395,2173.0775131307705,4159.848177288877,3020.7738609898884,1418.6364964923123,3507.001005575235,1917.936184988548,2164.179766868364,2452.1654837647825,3907.2899866499215,1553.9147757466117,2496.5121614858695,2309.496718254506,2455.954036915976,104.04274001746262,3819.915105621269,2318.4280705949805,558.6738646171518,3804.666631459569,3379.127027839224,1083.0058056848334,2630.197825339577,1642.3779027646806,3322.047211569439,3277.0066064035027,2135.350397795675,907.8968761812929,672.9631549820119,842.2356145569962,809.5606900860737,2353.0676064209238,2455.5184839536128,503.9587217268655,1201.3116385147484,1838.5636998930697,2435.0671028086326,2156.4730873546773,869.2784447564551,1875.2922269165674,1940.2224339686234,3110.8268216372703,2619.8850307038347,1328.993760877572,2118.9858047840194,2410.733645538215,1659.6241142645697,1408.8039530685958,365.806850401305],
        [4582.480098297769,4226.02469702424,0.0,4972.621816558758,4951.0817402441835,3075.015084622285,838.555820869936,2920.728431020994,5468.155700920184,2028.067905025719,4585.049119775381,4092.794620333561,2023.0692492759283,2836.165336751954,5663.418188189965,3689.407369578512,2742.75829321039,2688.990440540312,2395.967968762626,2952.7762103700607,1340.9182406110172,5342.039703137439,3713.8775489158247,4024.464945344999,3387.305748300824,5157.872212906466,3044.496754887678,2757.1715193861737,1847.050464685424,2116.933287004041,4057.5718030073504,1098.9520550453535,4416.0095994037465,2830.2770966275434,4670.2476338765655,4662.807809424341,3556.504740173969,4528.017633243519,704.6235578006109,4590.747362584525,1198.5106419247577,1862.3589415433353,3924.539460809335,1878.983752756525,2109.867473684947,521.3643691280525,5003.906754045284,5565.118348590099,4569.452106971102,3033.372125634244,2078.0488219021768,4398.560208245508,3877.2381181826922,3152.1100589379575,3467.3354383968417,2188.7545464513473,3222.7895413829006,4277.848336459341,630.4521284440214,2507.3990539984866,4426.26818818765,1365.2963207359614,1073.4859113626583,4873.36516689425,3226.036176288519,2718.6682421939818,4484.285710268528,1072.455649005011,2146.843385188102,3322.1357953013276,3577.976767439291,5061.575148419814,4100.980744870445,1933.910663115848,3198.13862653059,3756.8035568728847,3265.598875227635,3599.0878645116986,2580.3013550907835,5915.006872623862,3756.1993196322287,5116.316478638557,5834.678513878892,1265.9014273875348,4067.4806494385875,4389.539421848155,4046.6542399930945,1840.5613665244157,4285.774411864085,4816.392228273312,4582.480098297769],
        [3151.9149731024245,3173.3988017585257,4972.621816558758,0.0,2114.852835419273,4055.567516355354,4217.841206733284,3348.004497538012,3132.4115909121656,4948.5923495110765,875.3133572597931,1120.4201401784005,3071.4627690565744,2161.6658241981518,2028.4001418020787,3691.735015513217,2938.9811146816364,2641.0312296353254,2699.868696860089,4140.073538411034,3866.0043120558353,2339.0774037531696,2159.888438539908,3070.183911671655,5173.371713621781,1511.9861684987907,2033.5018893099466,2585.0406470470243,4025.9011905747234,3096.2677972169263,1259.2003362738137,4111.702712281173,4265.138327978355,4106.122748304399,323.780772710589,1148.6787828127458,3662.6482737946258,611.3892625202853,4771.180836598139,1707.2416335721196,3865.2441825234855,3117.034903942155,4655.715441172774,3186.498459364663,3312.7953187210096,4584.667641952422,203.40435549552157,3113.7397422495874,741.0493319182953,4525.832329297901,3779.795288685977,773.6691458092635,1765.703179781419,4194.930040378204,1522.1454082047635,4313.662870974246,1771.5096695150576,3089.9663719318028,4967.079240339746,2567.4682825827986,2674.4317603540467,3761.8591162953126,4761.280215749746,4185.055413970939,1747.5940488209696,3855.9124004520145,660.6465368310876,4594.958235062427,3900.1639975915737,3119.7740253752154,2996.270718790111,3268.293288512087,3939.005212021333,3403.891500185191,5150.120137483643,2978.8756865758733,2600.136938764533,4744.342337681642,4792.5449142275,2436.0519299607154,3840.401112716826,1660.0497454942115,2639.101668737509,4544.207046987017,927.0036840507462,4491.647219527238,1198.7730618415906,3938.0583743884445,4790.247648750788,1959.0425667268921,3151.9149731024245],
        [1189.6910387598198,1377.3297713532304,4951.0817402441835,2114.852835419273,0.0,2754.069407813607,4112.670856180727,2290.0284119994476,1035.8212055467632,4064.6784763593555,1310.7912383224518,1505.2400825034154,2970.608180411592,2854.0735614317355,798.5095386706396,2123.8433244564,2235.8206630596596,3617.2743587647565,2641.9530295347804,2888.8683357709356,4309.574542737333,407.69588889815543,1239.6556724562527,1399.3153187591183,3746.516508472104,698.3769714478939,2971.274047880758,2208.1576027504448,3366.5477725328756,2840.479129721192,1384.883833323063,4483.475961540186,2404.3763862465066,2917.9660295364265,1956.6784862785214,998.4164846287895,2164.3656419970253,2461.782954660774,4479.154508478778,3640.9889739002574,3758.4138966251157,3430.9196732736496,2991.8437140924098,3684.5668406565273,2856.402910377901,4749.802800037372,1925.7375068222368,1040.0815707096583,2656.618610224326,3216.624691324385,3077.8865263484804,1579.9751467909502,3369.7843276799967,2845.7183725539326,2142.0717803547213,3408.533472065338,2244.5326624879367,1273.7406174658622,4680.618947551098,2569.616558310671,824.8831945155114,4168.142217389235,4305.641706402584,2185.199211354854,2383.9410913856773,2767.084304249459,2484.033520227507,4170.692051815406,3114.109296505955,1884.0831833130508,1632.2289785312835,1173.0279115709561,2179.495702495734,3025.0024600016245,3793.887875709565,1499.31434397099,1703.9067816460724,3208.017544790429,3674.4049970164806,966.2098546441225,2231.374821536481,530.1385644079782,906.6786109317828,4039.288030398806,1931.0424950947224,2655.2800458513434,1469.8028880093277,3314.581893300686,3011.520441219741,191.1265370338053,1189.6910387598198],
        [1845.631565653003,1496.1905292105298,3075.015084622285,4055.567516355354,2754.069407813607,0.0,2394.6903357729657,743.3064571065174,2786.662351432166,1444.4450444125755,3253.2196489997555,2939.084896091469,1970.6666032678831,2944.0516455172833,3550.230125135642,735.6858797904315,1276.8399601001504,3540.345216580225,2024.6442287114714,151.96813240999057,3230.2082504607447,3027.2421702083548,1915.2066329060783,1383.9716820260908,1119.6059045123404,3301.2882824293365,3246.585179972836,1723.9717186256557,1245.844976651079,1748.0757278405226,2796.3671821727644,3244.7669515577677,1342.2823525148751,251.29550547140425,3748.7332411222874,3110.4987065962314,635.7589796494271,3984.590398223236,2400.9298067353448,4799.858204315917,2201.159841953889,2631.7955007611904,955.8078565223027,2971.1097765757513,1456.5425201107269,3158.302892458354,3956.350728162641,2902.7004101105213,4142.109329703503,479.89551863499236,1092.2435045946957,3282.0081573344046,4171.126102521424,154.44945869610314,2860.9797120204034,918.9362794801419,2694.720686481151,1588.7739517098898,2557.4213212069008,2108.4688145665455,1958.3510825729418,3098.5413022753933,2080.252789526463,1821.2205036185564,2849.3789327458003,414.5275084602609,3969.48667762907,2022.371822778724,966.0125439384808,952.1593238667598,1148.6840477726912,2288.244167504938,1058.655542282364,1580.6244602000152,1099.9680043867224,1257.3850280461907,1458.9422780943935,797.4676651538495,939.4247815419927,3625.947754300158,736.1205720803823,3174.0377482241925,3428.031375790756,1833.3053489441459,3255.9130484584607,1323.3254728447114,2859.680806671867,1279.1729835708604,1294.5204103206197,2721.679068970439,1845.631565653003],
        [3776.9635845067237,3426.175954201483,838.555820869936,4217.841206733284,4112.670856180727,2394.6903357729657,0.0,2132.84449994002,4647.325387490673,1677.0130298820334,3777.75998597792,3289.126136935095,1198.7622212451888,2138.5167823699003,4826.152477227211,2943.4001220848886,1911.7340710859985,2172.4430502460937,1577.7574657180273,2291.664905081541,1076.9158111648608,4504.256854505161,2875.3225430958023,3219.293818874175,2921.059704819387,4325.942966281326,2387.013185850191,1920.1726740325328,1152.0633623432257,1279.5787269369916,3244.317872272131,965.6733993077487,3713.575085780271,2165.486373616594,3907.1253194213805,3841.162593222927,2809.114753035889,3813.854570550832,613.2434508709928,4026.3270399756966,366.5534421234786,1183.7205364251195,3305.9035828813558,1322.9341463477806,1279.3935402708016,764.8117814393778,4233.784196908063,4741.970716306939,3875.84947764794,2449.790829492822,1327.896475358432,3606.46411558162,3299.609495064288,2494.919061583464,2698.0433277861603,1592.1059400759873,2449.5624982232357,3472.1923604850017,779.6800472294884,1696.0510830525457,3599.776496778739,1006.7388816168512,819.3059123826168,4141.074794734923,2474.3450867599945,2005.4205815592977,3773.157194370488,687.1734356155175,1430.9039434170718,2518.460011206333,2767.375502955856,4254.337295168898,3372.9872040894147,1100.973237549684,2748.662777297714,2945.9343016600396,2430.568589195849,3020.068644876733,2102.8086162443474,5076.461725494623,3026.6244745618696,4281.226991898322,4997.590883607333,817.6587641406784,3298.905973408805,3717.2304014178944,3238.9303438614597,1116.229173701513,3663.170481847907,3977.8958872800217,3776.9635845067237],
        [1668.6408906352576,1307.73681230491,2920.728431020994,3348.004497538012,2290.0284119994476,743.3064571065174,2132.84449994002,0.0,2582.857964394692,1781.191542205032,2577.13762303492,2227.6611584871766,1386.1144034182566,2234.232547682712,3082.3521489663312,868.1662971413082,551.1139397190824,2876.0532311942247,1350.3986247568143,800.4248409247264,2774.1893133625376,2624.3713529462248,1258.0981894441225,1113.995306873078,1852.3226768473512,2742.346613789933,2530.316325265628,993.9900004747351,1132.274172209823,1160.0626183573922,2092.648911163902,2840.470777102305,1702.7076283278868,758.1381097426848,3035.360840736445,2469.158576467187,740.0738703163988,3249.073591774332,2328.4078028870126,4058.588350543334,1851.5960185973338,2058.602647807289,1598.1476740965188,2400.228460757657,935.7166712816141,2880.835126289066,3260.9758687802528,2687.756775002959,3403.5208384282096,1187.8111956664509,858.4510900824206,2577.3123182752133,3437.9311826482767,895.8699201005605,2117.681774830208,1120.0137451400444,1953.4387820349339,1365.9810798579315,2516.947982523852,1415.0066735145735,1591.2322526608768,2632.5154497197727,2087.7055092958867,2053.727194351469,2110.3426733665783,519.28359790604,3232.5894873888224,1976.8457836562975,848.4175148656464,425.6631571415133,694.4591222023823,2148.0224012641033,1317.988334151967,1104.5124472458513,1808.9940073943328,866.6367417106691,753.3168284140526,1524.1884632189879,1471.81778808341,3228.8489106324996,991.0169831807785,2635.874229463088,3079.1498768083893,1817.8336128286367,2523.8065626718626,1785.9365150278902,2149.2431748195772,1105.8199456919258,1884.9317113249704,2216.035412559066,1668.6408906352576],
        [944.0975181569802,1306.0850795657866,5468.155700920184,3132.4115909121656,1035.8212055467632,2786.662351432166,4647.325387490673,2582.857964394692,0.0,4219.294980169969,2346.482019934306,2512.8051663343085,3615.4473057113532,3744.3844128774754,1351.336733701863,2055.2620408052167,2741.998041923774,4520.553352631247,3345.644443932091,2937.651700547381,5032.570231383819,820.9254373628695,1953.2524904823729,1473.371881012359,3560.6843848341937,1642.0808019677074,3902.646343679693,2866.585914801278,3714.8453144626124,3441.95304299013,2378.162878724366,5173.322332310655,1943.1757565866908,3007.5113902399685,2989.7342691023714,2033.7650349172054,2151.5199038987057,3497.5791251876735,4907.247658744229,4675.9089404629,4320.434231706569,4171.444432360722,2675.1838181308485,4462.151215947751,3369.7168571049624,5351.3209056716005,2937.6888745512692,119.33941430319761,3692.348526405942,3177.378029983771,3439.9086324910436,2613.911138804661,4382.796437036829,2826.9078135995937,3090.6016375774757,3615.4325520364428,3151.7979215287846,1228.4169959531307,5098.295719455392,3304.0734814394027,1057.3820985860414,4886.988575242816,4669.257235255899,1537.960130711228,3307.6327263993658,2947.9817506206996,3519.8164323160136,4559.574424644492,3425.8281959702804,2161.840003831775,1897.3815787331157,518.2785151675271,1889.9314741355379,3549.883244418578,3658.4954847713634,1719.9299323502532,2251.5063766498033,2985.1438559473168,3718.98534499422,1141.6137705080585,2096.514212046309,1481.0479769767408,844.9567659611929,4399.704900949038,2949.95482915881,2189.607960485874,2468.1112639539297,3687.4248674526707,2571.6295764759775,1216.4660706055677,944.0975181569802],
        [3275.2822881310735,2916.532350086543,2028.067905025719,4948.5923495110765,4064.6784763593555,1444.4450444125755,1677.0130298820334,1781.191542205032,4219.294980169969,0.0,4266.486396905136,3852.2139112523723,2086.999855479766,3266.2194672315577,4860.202186712971,2179.1026822411563,2029.575531413521,3597.9624361010933,2369.110168246567,1292.6198626279233,2743.529368961371,4382.303561507199,3007.6541866641974,2775.4555903993873,1370.3569383474817,4518.306719777048,3570.7121067876265,2365.2009517296565,955.1994542601749,1956.705263845204,3743.215026661255,2641.813560086374,2690.3789413740815,1212.5820691585957,4625.391415947302,4203.333297661171,2071.7053593362284,4717.378824993966,1334.1360957053384,5258.318136902852,1721.4580701454918,2540.2552516313617,2048.109194380946,2809.8654668732365,1675.3424205842857,2314.8231913072796,4896.784695284157,4333.635537619372,4835.697674960789,1173.2508694170938,1171.013755474131,4207.836766938637,4550.223521712575,1440.4596490543393,3515.516987728284,665.0812399352726,3287.1762895795096,3002.09668870001,1407.211234767649,2498.836089832934,3322.703470938643,2655.232869447633,963.3469039324505,3207.6139102889683,3392.3839567707537,1301.890281869128,4689.011261220025,1021.5917083219585,1050.1796404581899,2180.834157359208,2438.2436546105196,3728.1416894607646,2477.149246489571,1642.222143615984,1177.2106446839794,2589.0763719657766,2480.3604450977737,1679.513083299855,613.3173743058268,4987.489795477748,2175.1984875578282,4415.767159504355,4815.363554897916,860.9674386076986,4047.8225152046425,2591.529977406255,3779.93978496988,1051.6672680346155,2397.917015152008,3996.5855936080675,3275.2822881310735],
        [2281.3203274427315,2298.5327621187303,4585.049119775381,875.3133572597931,1310.7912383224518,3253.2196489997555,3777.75998597792,2577.13762303492,2346.482019934306,4266.486396905136,0.0,494.40217993811495,2582.3723151620134,1970.162270918027,1471.4759622083072,2839.253476396802,2237.166437504259,2640.1259865790876,2201.1915621998883,3349.7691542878974,3645.2246398317957,1607.0576264246502,1338.1497633533909,2199.7541568603033,4362.113526282644,863.0597901097872,1971.5375978440607,1957.268809518234,3387.091502899926,2550.2127955835776,541.438968129538,3866.2975695613095,3390.966070769013,3328.7527632907145,655.3072247049785,313.3767893364284,2819.0111931747483,1151.2266123221273,4276.804298140796,2334.997902747432,3412.343379102865,2805.4888422623017,3800.625833068857,2964.0560368757533,2709.1711265745853,4263.410483974249,727.4787483203451,2345.496119603353,1345.8676613403507,3730.3138189096444,3119.534723257115,304.44634702616764,2130.6522377792985,3385.840300506898,1200.8049218765168,3611.721974150219,1410.842796233372,2214.686065234667,4479.277654646039,2081.8426801037617,1801.3869585825196,3520.5010376531764,4209.237906143826,3313.1855332553873,1475.775546773911,3094.897219612283,1174.615490712532,4049.5125394416996,3219.542053992144,2304.0090686668273,2155.5739722569256,2425.1746811786265,3069.495365216031,2831.230786079204,4353.088287801839,2123.179005699973,1824.4833928149644,3908.86788592913,4045.170065740017,1868.438499670701,2984.79967336048,958.1456211848864,1998.8050197745713,3970.122531436514,732.3362283935589,3619.14048551182,538.8924744285661,3307.4066125539175,3923.0521375782773,1135.7501118442217,2281.3203274427315],
        [2253.7636992346343,2191.7111729098497,4092.794620333561,1120.4201401784005,1505.2400825034154,2939.084896091469,3289.126136935095,2227.6611584871766,2512.8051663343085,3852.2139112523723,494.40217993811495,0.0,2096.9080363422795,1501.137106110188,1860.239158267456,2615.8213182442905,1829.1321606410922,2206.0105103804244,1715.30606913559,3020.9150250591542,3156.9358841310172,1867.7666844873404,1070.0903315927874,2052.5930988495465,4058.1386509657605,1252.2706849236718,1537.9850289421317,1506.4186414960432,2948.9575615082304,2076.1690814971817,162.578748751512,3375.300489575255,3257.671389423838,2985.7963501070303,809.6514058517181,660.2605870984715,2574.563798413508,1128.264989448683,3797.258974743162,2218.1293230361334,2924.4804972246525,2312.3606729101984,3578.3012451002764,2478.23287715695,2253.8236925442307,3769.014638752591,1046.0771010942747,2534.3637844965247,1315.4113062688239,3407.2013542881077,2690.7432412345315,355.9782716365896,1870.0335259321926,3080.353184747973,729.1144723530294,3207.9941709500117,922.9934613726451,2123.3280012848613,3998.9000173409477,1593.328806580052,1771.2914120339274,3030.5901131829482,3742.7263059793568,3257.733690370461,1003.1684093029373,2735.825249290467,1130.474095906522,3580.8628911747633,2802.0361450163523,2012.0506863047808,1910.8053928980253,2489.6825734950435,2904.517747680919,2366.0728302009916,4031.3152807160423,1917.1864954663038,1481.3070638086824,3643.318468521391,3674.8324222104343,2233.628272827873,2768.7141536629997,1300.186149477535,2315.2589596310627,3509.4395189694346,446.94100388495224,3468.251697488063,79.80946189137511,2865.424901988595,3740.5509953320484,1314.4795747748633,2253.7636992346343],
        [2826.598020014766,2511.22247574175,2023.0692492759283,3071.4627690565744,2970.608180411592,1970.6666032678831,1198.7622212451888,1386.1144034182566,3615.4473057113532,2086.999855479766,2582.3723151620134,2096.9080363422795,0.0,1179.4942323992013,3653.1759473224656,2250.504670049168,934.0617872565374,1602.9016580756504,381.60449377988846,1939.1954575766536,1439.5426810694323,3371.7606963529947,1733.967202217153,2291.9786404187603,2888.944841868945,3135.9669874840583,1483.9015464119104,764.7314046947915,1143.0986605780176,227.14796434310898,2046.756116487741,1559.4824719183887,3088.1030750759564,1829.9126024520938,2753.307277687013,2642.7004770174785,2125.0581429649924,2728.636572918845,1706.0885557780143,3171.901687374624,832.2522821695037,673.2656059266566,2918.2458795033053,1015.4320462620204,521.6046652407352,1779.4820674562611,3069.458813697374,3698.5964161481197,2820.322649552871,2254.557528989747,1024.933110427111,2422.8584372535583,2463.6883256017586,2115.5657169334763,1553.5494702693345,1598.657908538115,1305.4697582018164,2531.8934187987006,1905.760053835776,507.5847780583004,2558.6920544043546,1293.5649019157288,1696.5578099627473,3412.504926826019,1368.5540459071785,1566.802348047224,2693.3630971880393,1528.5800922050596,1192.2554004798449,1646.157409631644,1841.227863011913,3284.6309130253135,2699.6985112304505,460.41040547552234,2770.626970270967,2007.3904277208894,1365.4234583099762,2751.156473788482,2193.5837900838055,3924.6354875662537,2377.0747654404177,3098.9504696136923,3870.669299788596,1498.4809964302915,2144.7053413730478,3168.5700593683227,2044.1068526043666,1045.7651035308836,3236.145278687005,2822.9527833644042,2826.598020014766],
        [3180.6492296335714,2959.5269009600242,2836.165336751954,2161.6658241981518,2854.0735614317355,2944.0516455172833,2138.5167823699003,2234.232547682712,3744.3844128774754,3266.2194672315577,1970.162270918027,1501.137106110188,1179.4942323992013,0.0,3343.3230429932723,2995.1700916589975,1683.1858548901232,776.9924802542585,944.181157068216,2952.6654137224677,1712.5027533698349,3253.5748928212806,1827.3488618009583,2752.8020058524326,3971.276102249186,2744.6024854957036,310.92970045038805,1248.5959245149293,2318.2833451584424,1325.953473299071,1546.5163065512604,1952.9962620567758,3810.2864312151714,2862.5646654161997,1878.553884521409,2159.136422672367,2894.5457462065165,1691.8546746880243,2733.2722184125173,1992.4186232337922,1817.7074078242786,974.9107795087962,3831.3264210073035,1028.1707605632564,1635.1699393252782,2426.6375385129404,2220.6334335182114,3796.651645846737,1740.1373266877679,3309.8203586331238,2167.827561389323,1712.2201909458145,1287.6956549660015,3097.915155397311,772.3976357523592,2752.5652293232342,611.1362203781068,2938.253361516742,2914.877559789118,840.7085179237638,2774.399653165437,1602.611699932715,2807.3474523432687,4008.0354762423285,498.04032019391536,2583.401657826915,1648.287488044221,2638.9716519437075,2329.6612501231994,2303.6939227244056,2384.2476843882105,3560.234356748474,3411.91970454001,1628.89718094853,3874.6960648455893,2499.1559250883747,1790.7899829258597,3741.184931878556,3336.261201871458,3696.732926460174,3145.3750453319085,2772.46385911679,3736.145697348674,2642.0682337957624,1310.5009056394342,3950.3526946566476,1490.8745445135387,2220.786451684564,4103.661691085509,2669.89553374414,3180.6492296335714],
        [1892.7769691343356,2137.731475265719,5663.418188189965,2028.4001418020787,798.5095386706396,3550.230125135642,4826.152477227211,3082.3521489663312,1351.336733701863,4860.202186712971,1471.4759622083072,1860.239158267456,3653.1759473224656,3343.3230429932723,0.0,2905.0817307477328,2990.369548444161,4065.8344348238084,3300.8346230910684,3686.16599089904,4919.365145734633,592.9995067861515,1962.9677508418242,2184.238358312611,4524.739929892453,612.3517621757258,3398.2135297487107,2906.2470149785945,4141.420976051496,3546.64068806628,1797.0484262695238,5113.038302152908,3097.737870942101,3716.3512227080373,1991.8454830812088,1206.0653562292491,2952.9619524493287,2528.010418151184,5225.765610555124,3709.8232671786836,4465.150280130643,4044.5218624462987,3737.4827120006416,4264.112567287859,3595.8228339880247,5426.294572841309,1825.0764475914755,1282.4149234283811,2707.883214588602,4009.726016503261,3852.826671489736,1775.7840670277365,3592.3719313507995,3638.8374153367563,2580.344804202772,4202.088203657204,2739.5538928679944,2033.838523744694,5428.780094976065,3211.4643820491788,1603.811202274342,4783.0309898582245,5070.259588610276,2797.1980858397133,2848.299259714374,3564.360331874083,2563.476828838446,4930.229781839062,3897.2462837098924,2680.663738969759,2430.5070993035683,1719.3861136076857,2918.707815451777,3757.5105813494997,4579.468484535665,2297.2454201976593,2462.3456971397977,3976.294935264758,4472.659465207864,409.7358479747409,3004.0974573186927,573.5320808515067,632.5423715517261,4806.442260259676,2200.0429775227212,3351.859503401437,1857.704162229413,4085.053185607024,3722.0114953476027,872.887677549169,1892.7769691343356],
        [1119.6335039706776,786.4722763273959,3689.407369578512,3691.735015513217,2123.8433244564,735.6858797904315,2943.4001220848886,868.1662971413082,2055.2620408052167,2179.1026822411563,2839.253476396802,2615.8213182442905,2250.504670049168,2995.1700916589975,2905.0817307477328,0.0,1358.6002299337467,3686.8801959357215,2176.96117359986,887.61796634299,3640.4520851367865,2354.285914015618,1545.736903741218,724.867675073778,1622.7210260889551,2732.34471898697,3272.4384916567956,1754.2392606834458,1844.2421756752035,2025.6774613868931,2458.5043793073605,3699.5214132956085,839.5830223134687,970.1126232768811,3407.4066841377307,2643.982304083835,134.3380692651051,3726.194544345454,3046.366097646599,4673.954987142522,2690.5090004918316,2920.9485901787502,964.2977654089393,3261.481561026858,1801.0308764658942,3703.805913078949,3564.5768399912154,2172.1787979368496,3901.6333232900497,1132.727955020154,1618.9358922608708,2929.0776507353685,4113.784059091513,773.1500847969027,2720.5171900415553,1618.6108835968457,2609.428729954317,886.1087948442729,3217.6209713812405,2220.8182426557296,1301.9625084225775,3499.407785837178,2752.4020816388843,1199.8277214821765,2780.1604528955722,982.0606698203952,3720.02507922059,2673.511224532739,1543.2184139168576,694.2565096220071,706.799726939076,1553.2764332658073,449.85088624797453,1965.1128553594383,1675.151045227776,716.4739656222885,1249.5565714125532,1096.941081183981,1663.7398245179018,2941.6412259433137,156.7245105085603,2589.2900262030007,2726.2920071338367,2492.752734200329,2996.1701832243116,955.330614438182,2536.810884666816,1849.6426587601516,1145.1858955311677,2123.3668685986804,1119.6335039706776],
        [1908.3117934285535,1582.0608197570914,2742.75829321039,2938.9811146816364,2235.8206630596596,1276.8399601001504,1911.7340710859985,551.1139397190824,2741.998041923774,2029.575531413521,2237.166437504259,1829.1321606410922,934.0617872565374,1683.1858548901232,2990.369548444161,1358.6002299337467,0.0,2336.7358542916213,818.5615474447458,1308.2596024213371,2370.515789783085,2614.0134389668947,1035.936420976009,1363.985079732911,2357.9551998644997,2560.975074292639,1979.4473115836454,447.1376916569246,1174.9851042865732,726.7120830778241,1714.8437232449403,2473.990805679013,2196.594421259562,1238.4519644548195,2618.3803747448615,2187.5481945016822,1243.3674435433115,2776.269424012303,2243.397411431989,3527.748799126118,1578.6095950712083,1585.2304637345205,2148.49623859004,1920.610484950476,632.9585250429734,2610.054311287853,2875.209140098025,2833.8280232372867,2919.4341964052796,1687.1675779236089,893.958727890077,2185.0794722021824,2894.3437712942414,1431.227403922631,1608.4806623148816,1379.2853204038122,1425.43469196863,1608.7421709285127,2444.8057340367463,870.3402183023599,1689.6037258961883,2225.01841281637,2081.0340325640545,2488.3347665005817,1575.3851225399858,963.2907652749946,2755.365339643184,1939.8656039334135,982.8859365756522,715.2802652490041,909.7148924163066,2375.7909086083255,1800.4312977025766,810.8269260222446,2292.526780190102,1079.8093454118841,531.9425404576654,2068.637269700722,1862.075935678372,3201.4548308060484,1498.5555341249933,2483.1077158594812,3100.3365473633353,1819.483565478006,2067.6386843980945,2305.3373527203,1755.0365247896327,1107.3129339440788,2428.5394570762414,2120.963848572418,1908.3117934285535],
        [3948.704705185602,3715.0864747551077,2688.990440540312,2641.0312296353254,3617.2743587647565,3540.345216580225,2172.4430502460937,2876.0532311942247,4520.553352631247,3597.9624361010933,2640.1259865790876,2206.0105103804244,1602.9016580756504,776.9924802542585,4065.8344348238084,3686.8801959357215,2336.7358542916213,0.0,1526.0916991472955,3524.853664760714,1379.4687369132932,4012.638437610869,2602.0018129657906,3504.3153662488144,4491.832924924972,3458.1333936922197,669.4448273998755,1936.2206063404342,2703.722307729674,1808.9627146433218,2275.8693191265256,1639.8409515083897,4516.935733744518,3421.229793956955,2408.417096156159,2864.6224032924642,3577.018181789908,2075.0961821328337,2784.03421600468,1902.4653076241398,1942.1346629681889,1059.6236165052655,4466.125312032757,849.7640967112934,2121.2413567046624,2202.458228169407,2745.39123863568,4571.629390878629,2051.2336908785032,3853.6170146432946,2623.8799348847906,2355.8412711358524,1198.3584011592789,3690.4141403493127,1490.210850456144,3184.993263655552,1375.0462525096777,3699.0609532931257,2933.6121484076943,1467.2309612204174,3549.4455988350674,1326.8379811086193,2954.0148324592337,4746.952322641195,1234.423528753684,3150.335223199369,2024.9580704831358,2795.651518792846,2791.669604269848,3007.188960222937,3115.5916970574,4335.073394939373,4117.964784432607,2054.6541840884256,4372.252900114308,3242.0982300670203,2527.7891471821304,4332.987878046454,3783.4029699750367,4432.744327978702,3831.519960565854,3501.410478208559,4488.5556553537235,2851.6281602512454,1925.4613956425653,4639.383976402682,2209.4092392161747,2609.7281557771034,4760.984088014285,3430.834276776525,3948.704705185602],
        [2609.803592038377,2320.2251508122677,2395.967968762626,2699.868696860089,2641.9530295347804,2024.6442287114714,1577.7574657180273,1350.3986247568143,3345.644443932091,2369.110168246567,2201.1915621998883,1715.30606913559,381.60449377988846,944.181157068216,3300.8346230910684,2176.96117359986,818.5615474447458,1526.0916991472955,0.0,2021.6762051937171,1688.5917533827921,3047.021574899573,1419.6921868932302,2100.9718625589003,3029.274151184567,2770.840774868598,1254.755330871658,487.6717144459489,1413.913989252853,415.5036386081261,1666.5756321727108,1845.3479669255264,3014.1560640672446,1926.5388751192322,2380.0241625378776,2266.877611464039,2061.773398070571,2380.1217034424676,2085.9031185617055,2909.5174329362953,1211.6922787017113,829.2377767306737,2940.966720653545,1141.9531930539779,702.6432470346871,2125.759689782082,2692.6597420875687,3422.0753967935575,2482.7183035302005,2370.992663453518,1234.7757061322177,2042.0744232930585,2223.1584580920626,2176.839747708325,1189.7206283071864,1819.9896474747018,945.328451947468,2326.997077513167,2286.25397106166,134.3643380000293,2297.0179908131854,1543.6948638744552,2061.684373241438,3287.9606280062317,1029.223435901432,1649.1138600572274,2347.2087634050617,1895.1191312720928,1392.762338867682,1517.4206036498385,1669.422195925546,3050.431913617668,2617.09663126942,733.9134721266458,2930.6715315506244,1820.656856062792,1127.9480433963101,2821.2343309254934,2396.6695390260775,3585.7197510328742,2316.9957265627922,2740.691649142406,3547.032266480347,1850.7307812728604,1772.9487782789292,3123.308048524075,1662.7455421275706,1317.688975274067,3235.2125002609946,2486.3256017429353,2609.803592038377],
        [1996.0196219852812,1644.971860900774,2952.7762103700607,4140.073538411034,2888.8683357709356,151.96813240999057,2291.664905081541,800.4248409247264,2937.651700547381,1292.6198626279233,3349.7691542878974,3020.9150250591542,1939.1954575766536,2952.6654137224677,3686.16599089904,887.61796634299,1308.2596024213371,3524.853664760714,2021.6762051937171,0.0,3156.9640897441354,3168.45404642463,2014.0287725010285,1527.7705284065285,1053.7874906559498,3424.684380208528,3258.3493266038854,1752.9554496513165,1139.645929344707,1720.9977282828772,2881.730079473882,3160.933878635462,1472.5961280242693,126.29603224589428,3830.058875734246,3216.8934759798644,786.2495924476295,4049.3394463244713,2272.411610116058,4835.906282555778,2114.8323576683356,2590.6071012825855,1025.43294787118,2927.1064990150176,1419.3109218472375,3052.8803718068793,4046.3585511465653,3053.516120615995,4202.84015322626,387.5081881374239,1013.0901861034137,3367.4098702118413,4195.39666433288,203.256272788561,2908.9901744576487,780.9822918971844,2733.2835745977395,1736.5599199504504,2424.6095869845813,2112.9912411916384,2099.218909315764,3028.14181402472,1945.3700294110859,1960.8869028180643,2883.4167907532405,374.52657442825245,4032.5723834843757,1893.5602643698487,873.8090687683929,1060.255563798838,1272.2831513648312,2439.953058100302,1203.3104823816764,1530.0181460886,1010.5594516565703,1389.9105176954304,1539.9369788133843,812.0700823298507,793.4732113948231,3768.520170793144,885.8321421894741,3300.4117468983545,3573.715536796149,1702.9019621870452,3324.164519365668,1437.3607452761303,2941.9355858278586,1181.3431090202025,1376.2863486602475,2851.473983271736,1996.0196219852812],
        [4265.113842659079,3950.519387318937,1340.9182406110172,3866.0043120558353,4309.574542737333,3230.2082504607447,1076.9158111648608,2774.1893133625376,5032.570231383819,2743.529368961371,3645.2246398317957,3156.9358841310172,1439.5426810694323,1712.5027533698349,4919.365145734633,3640.4520851367865,2370.515789783085,1379.4687369132932,1688.5917533827921,3156.9640897441354,0.0,4716.920008595708,3104.806720792304,3731.399876688713,3922.816875638042,4350.79139693535,1845.3135149619202,2166.401320800043,2069.96576493138,1645.0756874129627,3166.0099745486505,260.5285378508471,4464.800300309751,3033.2111339036733,3589.8095761382388,3792.6611660276985,3509.5993174752707,3356.5175041247744,1611.3886678628726,3276.715819527899,1069.4237032800918,878.9754188770211,4180.954308645617,685.7184959258356,1839.4218172417864,832.7388712961979,3932.28884164236,5110.24260599099,3367.036309151341,3385.8709224236763,2143.880875790978,3407.9438646967033,2577.8143087675307,3355.0051026716783,2451.413732370707,2560.1034612995513,2234.6358923324096,3971.299331339351,1710.6019274107362,1743.8919231080015,3980.400478735639,146.23548569474897,1887.086173634532,4825.620664149937,2181.236146375319,2817.013808607298,3309.044762262509,1763.3883930506968,2289.4959467787044,3076.020039437601,3279.655444488151,4719.846668001524,4089.272420814689,1678.9313136988924,3762.2818764740077,3446.7950975300864,2794.599088289708,3941.5976153539636,3119.0462909654243,5232.817367843326,3753.2790681054325,4347.778652756097,5216.217194457894,1890.4552537075451,3020.1381295716938,4514.74765571346,3129.9800758942456,2002.3967846890525,4524.720305870482,4144.737786739981,4265.113842659079],
        [1307.6564238151514,1574.302585920684,5342.039703137439,2339.0774037531696,407.69588889815543,3027.2421702083548,4504.256854505161,2624.3713529462248,820.9254373628695,4382.303561507199,1607.0576264246502,1867.7666844873404,3371.7606963529947,3253.5748928212806,592.9995067861515,2354.285914015618,2614.0134389668947,4012.638437610869,3047.021574899573,3168.45404642463,4716.920008595708,0.0,1638.199569497574,1645.4084679317618,3964.6034886194466,831.2618011116268,3361.4449984593502,2607.9688770948956,3723.645527709854,3236.5927089844727,1759.8028012399195,4889.741370696277,2506.3582209948795,3209.162677830478,2225.120892613081,1296.6415774672423,2413.014996522567,2749.0945098596385,4855.757219865639,3938.5098328827503,4152.606394822338,3838.3633441259663,3157.3909706452296,4092.124689377554,3240.356064435505,5150.025654608508,2140.364313917668,782.2373599257579,2940.7688064325043,3474.8019153957425,3435.8414557776464,1896.4019292085638,3713.950894848813,3105.3068159480695,2530.5667611290564,3734.5267487954984,2642.9644354923066,1471.5638841904215,5056.020428099275,2976.2269359056986,1069.239820460596,4575.333174284551,4670.1819557490935,2206.761820505264,2778.271906819418,3080.4517508889594,2776.229518147905,4539.443072800929,3461.763305013622,2206.9955511217718,1944.8463811666875,1132.1523891245631,2338.395983883586,3411.5941448232325,4028.3967228873353,1794.6652483094072,2083.0417884619005,3408.495005228192,3960.7215222242103,605.3522607880362,2443.577105391021,679.1986512629629,500.02888790987294,4402.189849719562,2276.5187335524442,2760.539451838356,1840.208712361202,3676.2715991487908,3132.195681911496,584.1783468869547,1307.6564238151514],
        [1365.8483312900719,1200.3272694932894,3713.8775489158247,2159.888438539908,1239.6556724562527,1915.2066329060783,2875.3225430958023,1258.0981894441225,1953.2524904823729,3007.6541866641974,1338.1497633533909,1070.0903315927874,1733.967202217153,1827.3488618009583,1962.9677508418242,1545.736903741218,1035.936420976009,2602.0018129657906,1419.6921868932302,2014.0287725010285,3104.806720792304,1638.199569497574,0.0,1026.01198560893,3024.8350078333965,1527.5711730119,2028.8495916045176,969.7916733831025,2205.9435461817166,1600.952653579539,913.4378018294591,3264.828195268158,2215.5486222754853,1998.4433261486959,1866.5440089451145,1211.1539344437956,1506.469706062424,2185.5835669374314,3262.8724063938334,3191.247445008617,2519.4355435930306,2232.4401463377535,2508.426033158048,2512.6325154432993,1632.8600230746654,3511.8261218369453,2047.7449840319205,2020.4453070281484,2365.1452090111698,2392.860144007492,1920.3848516517387,1389.7910595990516,2706.9939866589625,2047.8741493331454,1297.6101776528453,2343.1059827875415,1276.6664437017707,1155.376590204737,3465.9955152095877,1362.4737698840718,947.472864701123,2960.8559737242254,3115.694210987183,2283.0348139422363,1448.1149088789223,1777.0692972481947,2181.89314576733,2971.940630679187,1987.8103386300113,966.2875086859567,841.1960322283094,1733.0911223840744,1848.1932670471174,1795.6838577360763,3015.152919250462,853.6135253052291,528.3665807952176,2584.454483932128,2729.492839079398,2201.3030812904362,1698.8294306893067,1447.1999792388542,2136.7553760221117,2855.1921815022442,1461.147601561284,2414.541247246033,991.0873883143305,2141.8250752820513,2674.2831858720597,1103.2616487291575,1365.8483312900719],
