{
    "drone_dist": [
        [0.0,27.72731377943625,13.17483257819917,17.791028115973347,30.17281533176745,19.002353766801964,16.89817595272339,35.062932625968664,15.199852070662885,31.896914264410295,3.838968350246818,27.93106342113413,22.208493107589913,24.25554757124778,13.484396323281057,25.805765386166172,27.654357707525886,22.354775978097837,11.316707034906221,18.922580281128106,0.0],
        [27.72731377943625,0.0,37.651990736861684,45.43327439319288,17.76318658928713,34.03418448418639,38.25083608695438,40.768298817767224,41.88576455720867,31.606518567640883,30.625745068952735,45.212207911697966,38.43838959869792,20.422664641778105,40.89894420174872,11.922683723023134,18.61181667479544,8.023527932048982,16.42209544504871,46.57752726203315,27.72731377943625],
        [13.17483257819917,37.651990736861684,0.0,15.232240922536318,43.07421245000565,12.072526177213875,5.336361206692408,46.882824835809046,17.518973913875218,44.78775213166512,9.364574401276263,36.47276453108679,32.21423759535299,37.41205325087066,7.879487071288672,38.218762805928655,40.68948915572338,30.646738166381457,22.08311240549972,12.903112164562792,13.17483257819917],
        [17.791028115973347,45.43327439319288,15.232240922536318,0.0,44.91423291399475,27.276197406608325,20.235248026349055,40.07917275735183,6.087570814493706,41.328771814725386,15.643663666783462,25.762683974682854,23.985580238306184,37.764293252052234,7.3648309675919625,41.90567533329049,41.94270402865415,40.08074950837735,29.079323892067972,4.514778909923116,17.791028115973347],
        [30.17281533176745,17.76318658928713,43.07421245000565,44.91423291399475,0.0,44.28249672968428,45.718638290098056,25.18039580384574,39.671058893953706,15.19222128843752,33.97780285375557,34.70279933809386,28.811776827623294,7.640269752248117,43.071428204914454,6.5371832636780836,3.1829345018827104,22.97723010814647,22.269856139583524,47.62387013799978,30.17281533176745],
        [19.002353766801964,34.03418448418639,12.072526177213875,27.276197406608325,44.28249672968428,0.0,7.836008314809831,53.93262114256909,28.905139366257906,49.78169320138183,16.509314582159643,46.23322345218306,41.00032058902853,40.32231943167501,19.911367464000072,38.36184886958309,42.5779124339558,26.10113178113774,22.042018529931187,24.86939869519233,19.002353766801964],
        [16.89817595272339,38.25083608695438,5.336361206692408,20.235248026349055,45.718638290098056,7.836008314809831,0.0,51.522604046318335,22.846728973527945,48.79455403198401,13.373823135980421,41.69993125585698,37.23503822263142,40.63722910767897,12.994651515328918,40.39666438171591,43.56955114083148,30.72221980030197,23.841634863288657,17.35762191447767,16.89817595272339],
        [35.062932625968664,40.768298817767224,46.882824835809046,40.07917275735183,25.18039580384574,53.93262114256909,51.522604046318335,0.0,34.0229578854532,10.09078550156397,38.21599065050957,17.025578161004812,16.10783642014381,20.346044439709765,42.55697213427332,29.118535255787013,22.923379889100236,42.81136351757495,35.319335873165,44.31003066883045,35.062932625968664],
        [15.199852070662885,41.88576455720867,17.518973913875218,6.087570814493706,39.671058893953706,28.905139366257906,22.846728973527945,34.0229578854532,0.0,35.3246354952846,14.346126247981973,20.23943236255976,17.952161308403166,32.33683007904228,10.293855035322284,37.165715760013704,36.6229391161749,37.33202704062607,25.926985333929796,10.318372474940821,15.199852070662885],
        [31.896914264410295,31.606518567640883,44.78775213166512,41.328771814725386,15.19222128843752,49.78169320138183,48.79455403198401,10.09078550156397,35.3246354952846,0.0,35.52737644598295,23.22095778293488,19.28264724820902,11.548650298943699,42.06063252796021,19.72149758356558,13.201397788038856,34.70027138609732,29.0994369791504,45.073980993222996,31.896914264410295],
        [3.838968350246818,30.625745068952735,9.364574401276263,15.643663666783462,33.97780285375557,16.509314582159643,13.373823135980421,38.21599065050957,14.346126247981973,35.52737644598295,0.0,29.74995444189137,24.53376885154305,28.092179567994776,10.2732243020291,29.478908181292354,31.484111041666797,24.643531906225242,14.272662485766096,16.024587752793423,3.838968350246818],
        [27.93106342113413,45.212207911697966,36.47276453108679,25.762683974682854,34.70279933809386,46.23322345218306,41.69993125585698,17.025578161004812,20.23943236255976,23.22095778293488,29.74995444189137,0.0,6.825973971323934,27.440150483815607,30.246725830113014,35.7243539899694,31.632846956297506,44.14606563725544,33.629842741478946,30.262612868801995,27.93106342113413],
        [22.208493107589913,38.43838959869792,32.21423759535299,23.985580238306184,28.811776827623294,41.00032058902853,37.23503822263142,16.10783642014381,17.952161308403166,19.28264724820902,24.53376885154305,6.825973971323934,0.0,21.32159450275375,26.964152492846612,29.257972030503232,25.66675083568229,37.33673864671163,26.950673030498972,28.26397197242679,22.208493107589913],
        [24.25554757124778,20.422664641778105,37.41205325087066,37.764293252052234,7.640269752248117,40.32231943167501,40.63722910767897,20.346044439709765,32.33683007904228,11.548650298943699,28.092179567994776,27.440150483815607,21.32159450275375,0.0,36.51287331322366,8.932380573640593,4.4589955984544485,23.1560139315821,18.616315210914042,40.72029032958036,24.25554757124778],
        [13.484396323281057,40.89894420174872,7.879487071288672,7.3648309675919625,43.071428204914454,19.911367464000072,12.994651515328918,42.55697213427332,10.293855035322284,42.06063252796021,10.2732243020291,30.246725830113014,26.964152492846612,36.51287331322366,0.0,39.14572772175939,40.33332873930697,34.782736349531696,24.529307566428727,5.937777552445895,13.484396323281057],
        [25.805765386166172,11.922683723023134,38.218762805928655,41.90567533329049,6.5371832636780836,38.36184886958309,40.39666438171591,29.118535255787013,37.165715760013704,19.72149758356558,29.478908181292354,35.7243539899694,29.257972030503232,8.932380573640593,39.14572772175939,0.0,6.707400563943843,16.46359743497004,16.5966652937172,44.135120925944115,25.805765386166172],
        [27.654357707525886,18.61181667479544,40.68948915572338,41.94270402865415,3.1829345018827104,42.5779124339558,43.56955114083148,22.923379889100236,36.6229391161749,13.201397788038856,31.484111041666797,31.632846956297506,25.66675083568229,4.4589955984544485,40.33332873930697,6.707400563943843,0.0,22.820600749925337,20.550527061221445,44.75277563336148,27.654357707525886],
        [22.354775978097837,8.023527932048982,30.646738166381457,40.08074950837735,22.97723010814647,26.10113178113774,30.72221980030197,42.81136351757495,37.33202704062607,34.70027138609732,24.643531906225242,44.14606563725544,37.33673864671163,23.1560139315821,34.782736349531696,16.46359743497004,22.820600749925337,0.0,11.509146912991465,40.639135730966146,22.354775978097837],
        [11.316707034906221,16.42209544504871,22.08311240549972,29.079323892067972,22.269856139583524,22.042018529931187,23.841634863288657,35.319335873165,25.926985333929796,29.0994369791504,14.272662485766096,33.629842741478946,26.950673030498972,18.616315210914042,24.529307566428727,16.5966652937172,20.550527061221445,11.509146912991465,0.0,30.161635847848267,11.316707034906221],
        [18.922580281128106,46.57752726203315,12.903112164562792,4.514778909923116,47.62387013799978,24.86939869519233,17.35762191447767,44.31003066883045,10.318372474940821,45.073980993222996,16.024587752793423,30.262612868801995,28.26397197242679,40.72029032958036,5.937777552445895,44.135120925944115,44.75277563336148,40.639135730966146,30.161635847848267,0.0,18.922580281128106],
        [0.0,27.72731377943625,13.17483257819917,17.791028115973347,30.17281533176745,19.002353766801964,16.89817595272339,35.062932625968664,15.199852070662885,31.896914264410295,3.838968350246818,27.93106342113413,22.208493107589913,24.25554757124778,13.484396323281057,25.805765386166172,27.654357707525886,22.354775978097837,11.316707034906221,18.922580281128106,0.0]
    ],
    "end_depot": 20,
    "start_depot": 0,
    "truck_dist": [
        [0.0,36.27771371907288,17.692237184416037,24.28848280196484,36.07608156258016,25.128371259353393,23.851630133733774,48.438678297176466,21.439294598443176,44.9924718624895,4.9527427215243165,29.83282812554474,26.522846549886353,31.79807185280152,15.156006316221145,27.00095962229121,34.39638498051892,31.26225258337748,15.008185394645514,23.448662513357217,0.0],
        [36.27771371907288,0.0,42.12041603371488,60.566196521037725,21.19201806622198,40.012434755711574,38.73569363009196,46.88492510987116,57.71700831751606,33.03676403026679,38.501605695492024,62.16769196747125,53.09951335855614,23.411253350883037,51.43372003529403,12.11689612593303,19.512321484160736,10.178366791832048,21.269528324427366,59.7263762324301,36.27771371907288],
        [17.692237184416037,42.12041603371488,0.0,18.445780487322843,53.768318746996194,15.368659232951458,6.1593929493177395,66.1309154815925,19.25032994841788,62.68470904690554,12.739494462891718,47.52506530996078,44.21508373430239,49.49030903721755,9.313304001579146,44.69319680670724,52.088622164934954,37.104954898019486,23.250122338657796,17.605960198715216,17.692237184416037],
        [24.28848280196484,60.566196521037725,18.445780487322843,0.0,47.076942802147954,33.8144397202743,22.806443321397293,55.004572449945485,8.12398691677086,51.55836601525852,22.064590825545693,36.398722278313755,33.08874070265537,38.36396600557053,9.132476485743695,48.84094161584139,42.90072878958078,55.55073538534232,39.296668196610355,6.329388524479764,24.28848280196484],
        [36.07608156258016,21.19201806622198,53.768318746996194,47.076942802147954,0.0,61.20445282193355,59.927711696313935,33.39567139098139,44.22775459862629,19.547510311377017,41.02882428410447,48.678438248581486,39.61025963966637,9.921999631993275,47.64990378988675,9.075121940288948,4.176214012567177,31.370384858054024,30.518196408338397,48.971364239828944,36.07608156258016],
        [25.128371259353393,40.012434755711574,15.368659232951458,33.8144397202743,61.20445282193355,0.0,11.007996398877008,73.56704955652987,30.965251516752637,70.1208431218429,20.175628537829077,54.96119938489814,51.651217809239746,56.926443112154914,24.681963234530606,52.129330881644606,59.52475623987231,29.834067963879523,30.686256413595153,32.97461943166668,25.128371259353393],
        [23.851630133733774,38.73569363009196,6.1593929493177395,22.806443321397293,59.927711696313935,11.007996398877008,0.0,72.29030843091024,25.409722897735616,68.84410199622329,18.898887412209458,53.684458259278514,50.374476683620124,55.6497019865353,13.673966835653598,50.85258975602498,58.24801511425268,32.74429206394503,29.409515287975537,21.96662303278967,23.851630133733774],
        [48.438678297176466,46.88492510987116,66.1309154815925,55.004572449945485,33.39567139098139,73.56704955652987,72.29030843091024,0.0,46.880585533174624,13.848161079604374,53.39142101870078,18.605850171631726,21.915831747290113,23.473671758988118,60.01250052448306,35.159670204674825,29.219457378414216,43.73298159265033,42.880793142934706,61.33396097442525,48.438678297176466],
        [21.439294598443176,57.71700831751606,19.25032994841788,8.12398691677086,44.22775459862629,30.965251516752637,25.409722897735616,46.880585533174624,0.0,43.43437909848766,19.21540262202403,28.2747353615429,24.96475378588451,34.30575496663302,13.131914991308435,45.991753412319724,40.05154058605912,52.70154718182066,36.44747999308869,14.453375441250625,21.439294598443176],
        [44.9924718624895,33.03676403026679,62.68470904690554,51.55836601525852,19.547510311377017,70.1208431218429,68.84410199622329,13.848161079604374,43.43437909848766,0.0,49.94521458401382,29.130927937204465,20.06274932828935,13.194400009687982,56.566294089796095,21.311509125070447,15.371296298809842,40.28677515796337,39.43458670824774,57.88775453973828,44.9924718624895],
        [4.9527427215243165,38.501605695492024,12.739494462891718,22.064590825545693,41.02882428410447,20.175628537829077,18.898887412209458,53.39142101870078,19.21540262202403,49.94521458401382,0.0,34.78557084706905,31.47558927141067,36.75081457432584,12.932114339801998,31.953702343815525,39.34912770204323,33.48614455979663,17.232077371064662,21.22477053693807,4.9527427215243165],
        [29.83282812554474,62.16769196747125,47.52506530996078,36.398722278313755,48.678438248581486,54.96119938489814,53.684458259278514,18.605850171631726,28.2747353615429,29.130927937204465,34.78557084706905,0.0,9.068178608915115,38.75643861658821,41.40665035285133,50.44243706227491,44.50222423601431,57.15223083177585,40.89816364304389,42.72811080279352,29.83282812554474],
        [26.522846549886353,53.09951335855614,44.21508373430239,33.08874070265537,39.61025963966637,51.651217809239746,50.374476683620124,21.915831747290113,24.96475378588451,20.06274932828935,31.47558927141067,9.068178608915115,0.0,29.688260007673094,38.096668777192946,41.3742584533598,35.434045627099195,48.084052222860734,31.829985034128768,39.41812922713514,26.522846549886353],
        [31.79807185280152,23.411253350883037,49.49030903721755,38.36396600557053,9.921999631993275,56.926443112154914,55.6497019865353,23.473671758988118,34.30575496663302,13.194400009687982,36.75081457432584,38.75643861658821,29.688260007673094,0.0,43.371894080108106,11.685998445686703,5.745785619426098,27.09237514827539,26.24018669855976,44.69335453005031,31.79807185280152],
        [15.156006316221145,51.43372003529403,9.313304001579146,9.132476485743695,47.64990378988675,24.681963234530606,13.673966835653598,60.01250052448306,13.131914991308435,56.566294089796095,12.932114339801998,41.40665035285133,38.096668777192946,43.371894080108106,0.0,39.70846513009769,45.97020720782551,46.41825889959863,30.16419171086666,8.292656197136072,15.156006316221145],
        [27.00095962229121,12.11689612593303,44.69319680670724,48.84094161584139,9.075121940288948,52.129330881644606,50.85258975602498,35.159670204674825,45.991753412319724,21.311509125070447,31.953702343815525,50.44243706227491,41.3742584533598,11.685998445686703,39.70846513009769,0.0,7.395425358227704,22.29526291776508,21.443074468049446,48.00112132723376,27.00095962229121],
        [34.39638498051892,19.512321484160736,52.088622164934954,42.90072878958078,4.176214012567177,59.52475623987231,58.24801511425268,29.219457378414216,40.05154058605912,15.371296298809842,39.34912770204323,44.50222423601431,35.434045627099195,5.745785619426098,45.97020720782551,7.395425358227704,0.0,29.69068827599278,28.83849982627715,47.29166765776769,34.39638498051892],
        [31.26225258337748,10.178366791832048,37.104954898019486,55.55073538534232,31.370384858054024,29.834067963879523,32.74429206394503,43.73298159265033,52.70154718182066,40.28677515796337,33.48614455979663,57.15223083177585,48.084052222860734,27.09237514827539,46.41825889959863,22.29526291776508,29.69068827599278,0.0,16.25406718873197,54.7109150967347,31.26225258337748],
        [15.008185394645514,21.269528324427366,23.250122338657796,39.296668196610355,30.518196408338397,30.686256413595153,29.409515287975537,42.880793142934706,36.44747999308869,39.43458670824774,17.232077371064662,40.89816364304389,31.829985034128768,26.24018669855976,30.16419171086666,21.443074468049446,28.83849982627715,16.25406718873197,0.0,38.45684790800273,15.008185394645514],
        [23.448662513357217,59.7263762324301,17.605960198715216,6.329388524479764,48.971364239828944,32.97461943166668,21.96662303278967,61.33396097442525,14.453375441250625,57.88775453973828,21.22477053693807,42.72811080279352,39.41812922713514,44.69335453005031,8.292656197136072,48.00112132723376,47.29166765776769,54.7109150967347,38.45684790800273,0.0,23.448662513357217],
        [0.0,36.27771371907288,17.692237184416037,24.28848280196484,36.07608156258016,25.128371259353393,23.851630133733774,48.438678297176466,21.439294598443176,44.9924718624895,4.9527427215243165,29.83282812554474,26.522846549886353,31.79807185280152,15.156006316221145,27.00095962229121,34.39638498051892,31.26225258337748,15.008185394645514,23.448662513357217,0.0]
    ],
    "vertex_count": 21
}