{
    "drone_dist": [
        [0.0,24.51582675583626,23.063476856242655,20.863994709718135,35.344075759313135,28.652012384496143,5.028579653792517,35.527450524434606,25.73689014850804,29.67099314559457,26.143868962277814,28.31587711166302,34.07367080208727,1.3162523005601008,35.109718089238,11.276550506380936,22.695331963263925,16.217385374670165,26.888850159833698,5.426208930539118,0.0],
        [24.51582675583626,0.0,27.963114575387415,38.651342304655465,44.54627942187017,37.188828504056715,24.04840638322884,45.43601234883942,10.912882908090197,34.503652943786506,13.30493187162222,5.797444002438823,23.910919029424193,24.628124205720592,19.30659844713275,20.286357352873438,12.144355436095244,40.71015967310356,16.064472269990134,26.006163275199274,24.51582675583626],
        [23.063476856242655,27.963114575387415,0.0,16.811443043846804,16.588011113488385,9.253136679752657,27.558618705447017,17.47792481182648,36.54963874210281,7.251961355603131,38.330963875198734,26.98655036950286,17.232168910562546,24.33882598860456,22.884709723259157,12.699500747681602,16.5609721459344,32.793517488349394,40.46565959282997,18.449533263611794,23.063476856242655],
        [20.863994709718135,38.651342304655465,16.811443043846804,0.0,17.84202473109373,14.218712278338344,25.74765329317398,17.432074539675238,44.02511412327897,18.47782469735349,45.07458147806101,39.79091391670403,34.016441704007605,22.014456386436045,39.12926611518466,18.38508634879831,30.035965688322893,20.925814349539213,46.41797883311608,15.742161466748723,20.863994709718135],
        [35.344075759313135,44.54627942187017,16.588011113488385,17.84202473109373,0.0,7.482238278493068,40.34182730363537,1.3687468058098788,52.9518487029831,10.637945886462369,54.62669714870032,43.281767957127926,29.291412891267385,36.64857710878933,36.553584615519455,27.57192098819314,32.9392810622384,38.7579110099577,56.62425073057854,29.947195660614845,35.344075759313135],
        [28.652012384496143,37.188828504056715,9.253136679752657,14.218712278338344,7.482238278493068,0.0,33.5739230261945,8.258077238432719,45.47201709053526,5.156280243820037,47.14483665714095,36.1904527158796,23.953756552271468,29.967661290381212,30.700758355473834,20.206802049719965,25.78093156658483,34.2556345309445,49.150494274203304,23.36009139397693,28.652012384496143],
        [5.028579653792517,24.04840638322884,27.558618705447017,25.74765329317398,40.34182730363537,33.5739230261945,0.0,40.54189970305231,23.129346736683715,34.36321965147544,23.123816347887825,28.612485484374552,37.076267015106026,3.7693528855474243,37.18669083510945,15.198626149506783,24.736807075307635,17.577583870839337,23.444665209879695,10.454117703380701,5.028579653792517],
        [35.527450524434606,45.43601234883942,17.47792481182648,17.432074539675238,1.3687468058098788,8.258077238432719,40.54189970305231,0.0,53.68293922949522,11.806323494340417,55.31926237900827,44.29687500986858,30.576511318325156,36.82443068692783,37.79884676926909,28.105492265272286,33.92461128427628,38.353983810700775,57.27484248041277,30.11180106880258,35.527450524434606],
        [25.73689014850804,10.912882908090197,36.54963874210281,44.02511412327897,52.9518487029831,45.47201709053526,23.129346736683715,53.68293922949522,0.0,43.55048787192467,2.4339902727202887,16.201136571397615,34.771553828598144,25.282663758841736,30.120050747656567,26.242861761640146,22.311108193130547,40.699061965151365,5.224135856994709,29.179762300727237,25.73689014850804],
        [29.67099314559457,34.503652943786506,7.251961355603131,18.47782469735349,10.637945886462369,5.156280243820037,34.36321965147544,11.806323494340417,43.55048787192467,0.0,45.401403307721935,32.83547092993313,19.05610274805033,30.974448847456124,26.07223476544466,19.834649484626205,22.615217117283418,37.417945892648405,47.596421750545524,24.700774495834086,29.67099314559457],
        [26.143868962277814,13.30493187162222,38.330963875198734,45.07458147806101,54.62669714870032,47.14483665714095,23.123816347887825,55.31926237900827,2.4339902727202887,45.401403307721935,0.0,18.63437915644331,37.11262429345783,25.57590677335592,32.54334055816536,27.609886598844703,24.501022905875192,40.596480135044686,2.7901625554815146,29.931906783248774,26.143868962277814],
        [28.31587711166302,5.797444002438823,26.98655036950286,39.79091391670403,43.281767957127926,36.1904527158796,28.612485484374552,44.29687500986858,16.201136571397615,32.83547092993313,18.63437915644331,0.0,19.563759803007667,28.638386776838935,14.006792007036031,21.94475480186584,10.429678993280968,44.484123701369704,21.424148487343306,28.867487529886287,28.31587711166302],
        [34.07367080208727,23.910919029424193,17.232168910562546,34.016441704007605,29.291412891267385,23.953756552271468,37.076267015106026,30.576511318325156,34.771553828598144,19.05610274805033,37.11262429345783,19.563759803007667,0.0,35.06181444404869,7.679922034241853,23.07747779044587,13.516119944117856,47.56907457200519,39.81347104750755,31.309198008578353,34.07367080208727],
        [1.3162523005601008,24.628124205720592,24.33882598860456,22.014456386436045,36.64857710878933,29.967661290381212,3.7693528855474243,36.82443068692783,25.282663758841736,30.974448847456124,25.57590677335592,28.638386776838935,35.06181444404869,0.0,35.886334402568174,12.417076386059332,23.4354849134979,16.10311914786091,26.20149303696713,6.714045366773643,1.3162523005601008],
        [35.109718089238,19.30659844713275,22.884709723259157,39.12926611518466,36.553584615519455,30.700758355473834,37.18669083510945,37.79884676926909,30.120050747656567,26.07223476544466,32.54334055816536,14.006792007036031,7.679922034241853,35.886334402568174,0.0,25.13289951158998,12.47257701627733,50.01224019449836,35.324197194992486,33.45661657406278,35.109718089238],
        [11.276550506380936,20.286357352873438,12.699500747681602,18.38508634879831,27.57192098819314,20.206802049719965,15.198626149506783,28.105492265272286,26.242861761640146,19.834649484626205,27.609886598844703,21.94475480186584,23.07747779044587,12.417076386059332,25.13289951158998,0.0,13.435958031780222,24.89432670890599,29.358240009585945,8.358378352116157,11.276550506380936],
        [22.695331963263925,12.144355436095244,16.5609721459344,30.035965688322893,32.9392810622384,25.78093156658483,24.736807075307635,33.92461128427628,22.311108193130547,22.615217117283418,24.501022905875192,10.429678993280968,13.516119944117856,23.4354849134979,12.47257701627733,13.435958031780222,0.0,37.97635128361128,27.068089085168392,21.49504004043084,22.695331963263925],
        [16.217385374670165,40.71015967310356,32.793517488349394,20.925814349539213,38.7579110099577,34.2556345309445,17.577583870839337,38.353983810700775,40.699061965151365,37.417945892648405,40.596480135044686,44.484123701369704,47.56907457200519,16.10311914786091,50.01224019449836,24.89432670890599,37.97635128361128,0.0,40.672449969121686,16.55579900603622,16.217385374670165],
        [26.888850159833698,16.064472269990134,40.46565959282997,46.41797883311608,56.62425073057854,49.150494274203304,23.444665209879695,57.27484248041277,5.224135856994709,47.596421750545524,2.7901625554815146,21.424148487343306,39.81347104750755,26.20149303696713,35.324197194992486,29.358240009585945,27.068089085168392,40.672449969121686,0.0,31.020346603156195,26.888850159833698],
        [5.426208930539118,26.006163275199274,18.449533263611794,15.742161466748723,29.947195660614845,23.36009139397693,10.454117703380701,30.11180106880258,29.179762300727237,24.700774495834086,29.931906783248774,28.867487529886287,31.309198008578353,6.714045366773643,33.45661657406278,8.358378352116157,21.49504004043084,16.55579900603622,31.020346603156195,0.0,5.426208930539118],
        [0.0,24.51582675583626,23.063476856242655,20.863994709718135,35.344075759313135,28.652012384496143,5.028579653792517,35.527450524434606,25.73689014850804,29.67099314559457,26.143868962277814,28.31587711166302,34.07367080208727,1.3162523005601008,35.109718089238,11.276550506380936,22.695331963263925,16.217385374670165,26.888850159833698,5.426208930539118,0.0]
    ],
    "end_depot": 20,
    "start_depot": 0,
    "truck_dist": [
        [0.0,31.930334597371342,24.610070612639934,29.446676097143722,47.40291143550759,36.865311656601065,6.96347660100364,48.22386684987384,26.99103485243134,34.594996363360536,29.59278160115454,38.95442822426744,44.79386424592997,1.6688317312853194,49.04133514384561,13.505216046348268,31.886085701581457,21.686006333385873,32.588411526296504,7.476863368658625,0.0],
        [31.930334597371342,0.0,38.11952121376599,42.95612669826978,60.91236203663365,50.37476225772713,33.373671112653525,61.73331745099989,13.481584251305282,48.104446964486584,16.08333100002848,7.024093626896096,31.272890858441805,32.754980515396014,21.276821837300208,21.99062517705465,17.1746551625252,53.61634093075721,19.078960925170446,30.20290851150377,31.930334597371342],
        [24.610070612639934,38.11952121376599,0.0,23.277810932737598,22.79284082286766,12.255241043961135,31.57354721364357,23.613796237233906,51.60110546507127,9.984925750720599,54.20285221379447,33.89071255843227,23.388436106372527,26.278902343925253,27.635907004288164,16.12889603671134,20.944866051240787,43.09143447294331,57.198482138936434,19.67800205368987,24.610070612639934],
        [29.446676097143722,42.95612669826978,23.277810932737598,0.0,17.95623533836387,18.689767364638175,36.41015269814736,18.777190752730117,56.43771094957506,25.619422505761417,59.03945769829826,40.826811017447596,46.666247039110125,31.11550782842904,50.913717937025766,20.965501521215128,33.758468494761615,21.98180462541164,62.03508762344022,21.969812728485095,29.446676097143722],
        [47.40291143550759,60.91236203663365,22.79284082286766,17.95623533836387,0.0,10.537599778906525,54.366388036511225,1.7529882613560872,74.39394628793893,12.807915072147061,76.99569303666213,56.68355338129993,29.639471178191844,49.07174316679291,39.63554019933344,38.921736859579,43.73770687410845,39.938039963775516,79.99132296180409,39.92604806684896,47.40291143550759],
        [36.865311656601065,50.37476225772713,12.255241043961135,18.689767364638175,10.537599778906525,0.0,43.82878825760471,11.358555193272771,63.856346509032406,6.929655141123241,66.4580932577556,46.1459536023934,27.97647967447195,38.53414338788639,32.22395057238759,28.384137080672474,33.20010709520192,38.50339090484389,69.45372318289756,29.388448287942442,36.865311656601065],
        [6.96347660100364,33.373671112653525,31.57354721364357,36.41015269814736,54.366388036511225,43.82878825760471,0.0,55.18734345087748,25.86175306156088,41.55847296436417,23.6079715391186,40.39776473954963,46.23720076121216,5.29464486971832,50.48467165912779,15.444651176932233,33.32942221686364,20.242669818103685,25.624934925292862,14.440339969662265,6.96347660100364],
        [48.22386684987384,61.73331745099989,23.613796237233906,18.777190752730117,1.7529882613560872,11.358555193272771,55.18734345087748,0.0,75.21490170230518,13.628870486513307,77.81664845102839,57.50450879566617,30.6921569883694,49.89269858115916,40.45649561369969,39.742692273945245,44.55866228847469,40.75899537814176,80.81227837617034,40.747003481215216,48.22386684987384],
        [26.99103485243134,13.481584251305282,51.60110546507127,56.43771094957506,74.39394628793893,63.856346509032406,25.86175306156088,75.21490170230518,0.0,61.58603121579187,2.6017467487231993,17.710392906639008,44.75447510974709,25.322203121146018,34.75840608860549,35.47220942835993,30.656239413830484,46.10442287966456,5.5973766738651625,34.46789822108997,26.99103485243134],
        [34.594996363360536,48.104446964486584,9.984925750720599,25.619422505761417,12.807915072147061,6.929655141123241,41.55847296436417,13.628870486513307,61.58603121579187,0.0,64.18777796451508,43.87563830915286,21.04682453334871,36.26382809464585,26.82762512718638,26.113821787431938,30.929791801961386,45.43304604596713,67.18340788965703,27.118132994701906,34.594996363360536],
        [29.59278160115454,16.08333100002848,54.20285221379447,59.03945769829826,76.99569303666213,66.4580932577556,23.6079715391186,77.81664845102839,2.6017467487231993,64.18777796451508,0.0,20.312139655362206,47.35622185847029,27.923949869869222,37.36015283732869,38.07395617708313,33.25798616255368,43.85064135722228,2.995629925141963,37.06964496981317,29.59278160115454],
        [38.95442822426744,7.024093626896096,33.89071255843227,40.826811017447596,56.68355338129993,46.1459536023934,40.39776473954963,57.50450879566617,17.710392906639008,43.87563830915286,20.312139655362206,0.0,27.044082203108083,39.77907414229212,17.048013181966482,25.44921217791917,12.945846507191478,60.64043455765331,23.307769580504168,37.22700213839987,38.95442822426744],
        [44.79386424592997,31.272890858441805,23.388436106372527,46.666247039110125,29.639471178191844,27.97647967447195,46.23720076121216,30.6921569883694,44.75447510974709,21.04682453334871,47.35622185847029,27.044082203108083,0.0,45.61851016395464,9.996069021141599,31.288648199581697,14.098235695916605,66.47987057931584,50.35185178361225,43.0664381600624,44.79386424592997],
        [1.6688317312853194,32.754980515396014,26.278902343925253,31.11550782842904,49.07174316679291,38.53414338788639,5.29464486971832,49.89269858115916,25.322203121146018,36.26382809464585,27.923949869869222,39.77907414229212,45.61851016395464,0.0,49.86598106187028,14.329861964372943,32.71073161960613,20.861360415361197,30.919579795011185,9.145695099943945,1.6688317312853194],
        [49.04133514384561,21.276821837300208,27.635907004288164,50.913717937025766,39.63554019933344,32.22395057238759,50.48467165912779,40.45649561369969,34.75840608860549,26.82762512718638,37.36015283732869,17.048013181966482,9.996069021141599,49.86598106187028,0.0,35.536119097497334,17.15524944226415,70.72734147723148,40.35578276247065,47.31390905797804,49.04133514384561],
        [13.505216046348268,21.99062517705465,16.12889603671134,20.965501521215128,38.921736859579,28.384137080672474,15.444651176932233,39.742692273945245,35.47220942835993,26.113821787431938,38.07395617708313,25.44921217791917,31.288648199581697,14.329861964372943,35.536119097497334,0.0,18.380869655233184,35.19122237973414,41.069586102225095,11.7777899604807,13.505216046348268],
        [31.886085701581457,17.1746551625252,20.944866051240787,33.758468494761615,43.73770687410845,33.20010709520192,33.32942221686364,44.55866228847469,30.656239413830484,30.929791801961386,33.25798616255368,12.945846507191478,14.098235695916605,32.71073161960613,17.15524944226415,18.380869655233184,0.0,53.572092034967326,36.25361608769565,30.158659615713884,31.886085701581457],
        [21.686006333385873,53.61634093075721,43.09143447294331,21.98180462541164,39.938039963775516,38.50339090484389,20.242669818103685,40.75899537814176,46.10442287966456,45.43304604596713,43.85064135722228,60.64043455765331,66.47987057931584,20.861360415361197,70.72734147723148,35.19122237973414,53.572092034967326,0.0,41.28233149982263,23.41343241925344,21.686006333385873],
        [32.588411526296504,19.078960925170446,57.198482138936434,62.03508762344022,79.99132296180409,69.45372318289756,25.624934925292862,80.81227837617034,5.5973766738651625,67.18340788965703,2.995629925141963,23.307769580504168,50.35185178361225,30.919579795011185,40.35578276247065,41.069586102225095,36.25361608769565,41.28233149982263,0.0,40.065274894955124,32.588411526296504],
        [7.476863368658625,30.20290851150377,19.67800205368987,21.969812728485095,39.92604806684896,29.388448287942442,14.440339969662265,40.747003481215216,34.46789822108997,27.118132994701906,37.06964496981317,37.22700213839987,43.0664381600624,9.145695099943945,47.31390905797804,11.7777899604807,30.158659615713884,23.41343241925344,40.065274894955124,0.0,7.476863368658625],
        [0.0,31.930334597371342,24.610070612639934,29.446676097143722,47.40291143550759,36.865311656601065,6.96347660100364,48.22386684987384,26.99103485243134,34.594996363360536,29.59278160115454,38.95442822426744,44.79386424592997,1.6688317312853194,49.04133514384561,13.505216046348268,31.886085701581457,21.686006333385873,32.588411526296504,7.476863368658625,0.0]
    ],
    "vertex_count": 21
}