{
    "drone_dist": [
        [0.0,3996.387136114118,4163.048196026511,5072.72814033375,5120.205376664,2353.259294113868,3882.112258699973,1351.6285614740577,1371.0028038877758,1461.4884015071702,2898.424351140667,3084.0563034081624,4023.276564997855,4960.689887497639,1245.888265095686,3370.2334646647355,5036.826464400493,5143.266269978012,3047.090692070723,3070.7309615220915,4492.514447661451,2021.5871589804074,3779.089501746305,1257.1478180823867,4849.487675945412,1485.6543463772337,3848.193314498041,1247.0661620969036,3867.1125316364864,2226.752946663818,4471.242769737568,1660.5767983712735,1421.7196583293075,3153.0671437402375,4019.4622310162754,4734.591815622075,1583.6936363628865,3736.0016646433505,3996.4870631008243,1969.1609358203923,2973.8804762160357,1331.2495069785168,2938.930548627213,406.35827279495123,3003.041547835585,265.3944719120875,2238.3654228755167,2647.752024298761,1584.604635157726,1464.6878468592204,4531.590843907666,1890.6371293353934,3103.840174443772,3214.157779707146,1056.845929891059,1118.0070262671393,1774.0210836547546,2944.3485128236753,1094.956030157941,3391.208840525527,612.1369135564285,2316.0352233100452,833.8544517388591,4123.862480324079,4176.8838665328785,2703.3086484860796,3304.586464766721,4082.777048259683,3078.934123237888,2970.390842452548,4464.464370515003,1895.6801539910543,3561.4356431305832,2881.985828989785,1891.088316521905,3126.805726976166,4467.94307254991,3157.711304652089,2177.856337793421,4655.228403354651,3458.6795121588048,3430.7223745455813,2386.444638137714,772.9368750121438,2553.8037798783635,3136.5992986145066,3709.3450638967015,4625.387229156244,1227.494137539145,1146.2976449468295,2297.0917510456566,840.7187755418321,2057.4793898360545,3858.7683655122796,2671.8156352580745,3044.8900806819374,3444.606874680172,2508.6022169945327,2747.5539752730583,3468.5099240950863,0.0],
        [3996.387136114118,0.0,600.8796764619207,3078.228793256075,3236.815665528511,4681.748576903856,2926.3468909186636,4582.618148901672,4204.427767929764,3127.361280228807,2883.609293861684,4037.9733325871116,4185.643646965107,3340.883995165312,4616.624940452473,711.8408144067931,4043.6600601454893,3840.482771243645,4570.496603933165,2653.4642876676744,3459.8359481244,2122.9929607762965,1232.8066183822045,4087.5815936265617,874.0213016042384,3789.02216292494,2889.075387431643,3524.296539966796,3062.8796000197685,2409.9088010978935,2912.330437657485,2536.9500855541883,3179.5878856426207,2708.198598045114,1126.390607584935,2657.712056792862,3935.7293334775354,2950.821876447642,2042.855209999091,2168.0585478174958,4700.228681561703,2718.165586043771,4955.323455057252,3645.399455355127,2797.3456516888145,3772.2541648110864,1978.1197811198147,1563.1792813330578,2712.103764716051,3389.838418417444,1592.9938230525852,3053.747482023407,4012.199659546626,868.0149501598827,2956.169315580981,3794.960997734649,3212.557338344056,2696.423508105592,3618.990132712985,867.6814153189924,3418.6370192789923,2274.8666248966388,3931.2561735277723,3282.9019770521445,2011.911848942339,4086.989686718388,762.7817910462259,2825.338272921413,1437.4733943690449,1562.5084601965675,4150.8647417978555,2101.9918512273302,1101.8229090268258,1543.957418833202,2128.6948079097892,3043.8611600182326,4034.1269807952895,2225.351518817822,1876.2162540899087,4116.598079797176,3675.203040305785,1772.8634358037214,2961.5945618766345,3302.513493352365,1468.5886186191076,3815.530056173636,447.1775517350363,3717.18690898497,3661.205012943539,4548.523163234531,2207.0908980161817,3269.8633539520188,2048.2860064335878,299.36920554983465,1325.8645155145985,1320.0932180051457,1917.9003968117381,3159.9891097236628,3846.5159003023527,1461.4828670981196,3996.387136114118],
        [4163.048196026511,600.8796764619207,0.0,2491.8754437212724,2653.413165669296,4530.550011073282,2464.7046816913507,4576.349615193027,4173.758125262893,3476.3154180144893,2591.727886311032,3743.4580120107707,3769.729139768449,2773.4312102951244,4630.0410417740695,814.0832260101361,3505.3779268640274,3282.256136863831,4311.495629615479,2330.4766860117943,2944.5735629128394,2176.084640242962,781.7301460021065,4070.537142467096,1076.5541565285887,3734.113114974813,2431.1360958395776,3857.4438554904764,2609.2018599803855,2305.2774240223844,2371.1303299640836,2854.430393192438,3525.1810177025286,2368.3193915400384,590.9959368259684,2078.712450034767,4308.74785728404,2512.7764495239435,1530.7406673608994,2492.9759516573117,4460.283731830814,2963.872612645991,4739.0685765796925,3845.7227991933046,2486.1049472104364,3920.5651051929226,2351.09255953862,1977.832623893247,2734.5161003526546,3350.2583332095915,993.3023826177001,2954.4237223743567,3713.537245988231,958.2998746149909,3166.4565570133727,3798.2042237378087,3611.188638287507,2398.3787219659102,3933.041612092504,778.6997706686656,3622.305747240161,2712.469304565534,4211.958771788049,2803.565769900719,1467.915402897147,3851.0727968080478,1209.193607550841,2329.758633140031,1251.9942884412221,2068.578715259702,3678.8088470712128,2290.225084287707,1681.97248503517,2027.9278084309217,2273.2322730576625,2710.489182192047,3554.545883242627,1895.9321242345327,1985.705083668653,3620.9871705567352,3308.740989281021,1396.9732594401557,2767.7849891245405,3528.8680340190094,1619.3850895346043,3503.062798484921,498.50434091596867,3201.4928538672634,3650.2399715519077,4572.128000417655,2634.356434641867,3509.094241051022,2368.1303830969755,891.1769863594673,1583.1581777656045,1816.165203621342,1529.9118339362267,2937.7237175093796,3594.279453791898,1104.435339562958,4163.048196026511],
        [5072.72814033375,3078.228793256075,2491.8754437212724,0.0,171.36944626052994,4147.357753388807,1284.3325780353332,4779.51950488457,4358.695659233484,5077.138238752288,2251.920067214816,2892.0208076504177,2257.757830350604,430.1954584962656,4900.616946744586,2848.841799304006,1256.4968695796813,922.1667043044587,3486.792771481797,2023.0042081173935,1035.397190841255,3278.657732312174,1961.8032201181356,4330.182239621399,3386.3582815990167,3927.437871081281,1303.902036695407,5360.019499978297,1371.061754234293,2864.3859200386073,633.2017922408933,4465.74532057591,5109.276962323628,1953.00793274661,1967.300201323027,436.3523555244134,5890.517998006706,1448.6404424657937,1236.0169081386623,4197.207173701737,3693.5646468835316,4352.326612089591,4027.9128951704993,4922.242908516278,2123.7173711102005,4808.87358856223,4201.33031862205,3994.0269925546418,3515.263275899834,3709.364086675306,1521.0056018300547,3228.3322244663495,2850.5233830185553,2865.6284425558642,4406.129262518066,4196.066726901565,5344.888694659781,2155.7147223611623,5365.466832800178,2600.315263753432,4749.537865146899,4663.2792839963895,5500.280929069989,1255.0219241673271,1149.0923432394845,3248.650989425848,3450.3233390419687,1029.6244731734691,2390.3484886151773,4262.051070088357,1844.9584240624483,3705.7652874710766,4069.363096493928,4179.2313884192745,3581.5835566936016,2100.0380400085664,1702.300469910069,1931.690209321556,3322.0680613544496,1645.267923335358,2230.8833823598934,1830.51127436576,2755.3343407938723,4745.631179330421,3222.325583443907,2638.8784397478225,2768.6520309598577,1190.5099446603751,4031.7474757906944,4891.7725240287555,4569.405616893673,4769.859925787846,4087.933316096344,3344.085590432874,3409.2340684725004,4020.967051901821,1747.0890288132016,2725.5013511511625,2992.8321477634076,1995.4869811433855,5072.72814033375],
        [5120.205376664,3236.815665528511,2653.413165669296,171.36944626052994,0.0,4114.7642962541595,1283.9176680791697,4781.863276823027,4364.6266717542385,5169.279222104627,2269.855532708705,2843.9591274515356,2163.75189772388,300.39386094222175,4906.420922276194,2989.2923277286854,1102.035243066473,758.8582255566647,3429.4514478117503,2056.031553855352,945.5183934474029,3363.224098556792,2104.3478361380003,4341.721882102733,3556.0135279442484,3940.0837380893527,1308.480545484409,5443.926973380991,1353.8465757136953,2925.9210508782276,650.4679995899288,4563.411078514262,5200.127167528901,1980.6905771753713,2121.168183295736,582.112563182748,5976.529766293649,1446.4717200654445,1354.5770648137402,4302.967197776431,3637.716479052525,4437.527883478887,3971.9349561960726,4982.025977126498,2146.176902418222,4857.44189176128,4315.615102154384,4119.660097182154,3575.061115288222,3737.307828260076,1687.814089628719,3260.326256452543,2802.447445487373,3000.4641119224198,4481.532256641135,4218.996542348248,5443.877429392852,2186.793754041772,5444.7866023575325,2738.1329676648465,4814.236428111658,4780.211929188757,5569.277548673455,1204.7461230016813,1284.5218149236384,3213.5733319192227,3592.712074210486,1046.3950515401607,2504.4400563534564,4396.457944065524,1727.1657332171703,3800.7869924872784,4217.6752839412375,4311.497427666079,3672.3809618559167,2101.2674001944274,1586.4001679939313,1999.7582390531863,3419.187254687491,1516.0886025304442,2181.3482373533266,1937.0428603043435,2779.698240287033,4816.099603223294,3335.7285931423603,2596.23507461713,2919.4371858059676,1072.9724649539398,4055.9289013010525,4901.071219846357,4685.969236447848,4842.902877994013,4195.6980527286705,3499.753919290554,3530.9991733993297,4157.419471026195,1844.8241584858342,2735.307293048822,2963.479818645044,2118.704837696592,5120.205376664],
        [2353.259294113868,4681.748576903856,4530.550011073282,4147.357753388807,4114.7642962541595,0.0,2881.819304658223,1117.8245452765957,984.5788218716251,3550.1710278960372,2076.957018812739,1303.2563220569168,2248.6484484389116,3856.670814542898,1272.8709332811375,3972.265681537646,3556.191548609781,3801.3879653745357,879.2849719039087,2369.3088543457957,3225.647577137837,2690.8816676714882,3834.5107591332626,1111.1025298536872,5526.053369226958,1084.1366562619858,2871.6150328640915,3492.592409521343,2778.7174587909853,2272.604138136961,3526.007848426596,3376.377100426031,3532.531493603633,2386.0718177855347,4102.225596941087,3981.9320300289314,3914.7686649718335,2720.3588920187385,3545.803991305874,3482.051478020178,718.0175210470231,2980.629765142151,589.0777598078793,2580.589414124214,2213.308218990289,2232.016835382349,3731.4283616042876,3977.0231832064896,2151.61604744658,1444.3367195903488,4371.368016522928,1640.272545106864,1343.0680543343024,3822.419443298458,2741.770419817355,1353.499153790498,3917.1753901423876,2254.3642168088104,3368.867814211385,3833.4555720499793,2617.6897566146745,4052.7517515164614,3179.1389864522557,2913.0264658802976,3743.8061296060014,901.806480628448,4262.535551356348,3152.7126805713815,3287.009877613653,4399.776675326016,2794.2055341080036,3014.5718133751357,4798.942779717081,4282.673813797519,2879.1721817815087,2113.505728635656,2863.845056937394,2743.646936277722,2983.753183324871,3044.8161090919107,1950.0588889600826,3238.698103055976,1767.515127389689,2768.206822663773,3359.5640370537994,1526.8423127391038,4257.120840303645,3233.566611548988,1357.3253625640257,1341.803370124358,3988.9071826734194,2849.379263238362,3491.5946826439977,4695.880258450994,3629.8209946076313,4340.104889881163,3152.569256544719,1629.928730720838,1155.2086785896845,3468.005576997051,2353.259294113868],
        [3882.112258699973,2926.3468909186636,2464.7046816913507,1284.3325780353332,1283.9176680791697,2881.819304658223,0.0,3498.8873858140546,3080.802066557431,4102.82650753455,994.911176121361,1674.5318872730254,1335.3999300597334,1084.4842474314519,3622.650765125429,2427.1387147790774,1311.0834832432267,1301.1669554687044,2288.7517766580813,820.2729940360658,679.1272374126308,2296.898929905365,1701.1769492266253,3058.275245384088,3529.5036799385166,2657.0932269535133,43.74213382625466,4331.915653911733,151.72546623993716,1761.406133857883,651.939232514715,3539.7396505068727,4126.233954254713,731.9729145014908,1877.849878226229,1106.8763058674626,4869.478314108943,164.3480597588691,964.248161868243,3338.9927072897435,2487.273685481863,3345.954663317219,2817.967671898413,3778.7074580235035,880.2696894734011,3623.180247725168,3414.6758501477943,3323.5632292131463,2387.4690665097505,2467.907577917165,1812.2422665373308,1999.83879719471,1634.041523619171,2370.4691599140797,3342.3883866318934,2942.539092781044,4412.831041039567,940.199252646421,4311.683878986337,2171.173649658847,3628.77429421295,3887.0178747455043,4393.408713682736,373.7600504417708,1104.3615218175564,1992.2219247354408,3006.4657495488345,272.65754706747293,1720.6779962005623,3677.1559439903476,1224.646291901094,2781.141720630628,3675.940979075631,3573.001476673714,2631.1732962098413,817.7930594953657,1111.3081362690548,941.2589929126855,2428.0907990715764,1213.23134636536,1044.0688995646826,1189.8753527313909,1509.843054827844,3652.242673816451,2470.936533460166,1410.4008316051331,2506.50322558565,899.6347589235963,2781.0410116449943,3617.201108503963,3792.294967761725,3689.1471475034396,3249.2282461161026,3115.0808956262613,2727.613935323227,3470.275429768637,1045.2183572203642,1452.097941012817,1727.7324740852735,1489.4873904418846,3882.112258699973],
        [1351.6285614740577,4582.618148901672,4576.349615193027,4779.51950488457,4781.863276823027,1117.8245452765957,3498.8873858140546,0.0,429.8724434195318,2728.366255746475,2538.4029559552187,2206.461816766574,3198.85539744499,4560.4738016116125,157.01601469475264,3882.342502317104,4416.617834220671,4608.223251657112,1951.9288960249055,2799.2070937413596,3982.5143980963985,2460.762128594815,3997.472347026623,507.5924492673579,5455.939134530995,886.3778631512524,3476.69747423793,2580.5267763194465,3432.5613146626124,2295.5651446249676,4146.623555824259,2726.479266204071,2698.5720540212906,2851.4883957165903,4264.947506782149,4530.45166291671,2933.895914357155,3335.6245900168374,3934.9487872292957,2933.0977160241605,1821.1396309696318,2329.8157561520175,1697.6306447428626,1668.0060585720396,2673.262542121875,1312.4532904549442,3206.285329153692,3541.9227169374894,1870.5380541193674,1232.4050135672644,4659.127710281783,1682.4256553746004,2238.8127990242137,3721.441129281076,2048.2564817231114,787.7117424417684,3073.752381033644,2666.191237745719,2436.44929845673,3812.1337664294488,1775.2481315988184,3424.56215451627,2181.885692391684,3631.6637902436923,4134.047645884251,1773.6258120834086,4017.2744363233733,3750.149350011574,3342.877485543711,3933.892053660037,3715.955727387298,2609.2819457780965,4439.235193440806,3826.392832481727,2520.0199024878084,2681.0980841363294,3759.0567763261515,3061.9309436376316,2723.33741626652,3947.77952312736,2760.1725410371014,3485.4668169135834,2067.58108897566,1946.878590131423,3133.7360711936353,2357.2205266952133,4206.505295558849,4046.7310091664563,926.8134743727851,228.03045559476837,3380.3334620378964,2029.8012657493196,2979.983688263205,4525.051936358426,3351.0751711921725,3936.8158650537766,3442.1692498008365,2056.895784686743,1934.1443705841966,3637.0502470723673,1351.6285614740577],
        [1371.0028038877758,4204.427767929764,4173.758125262893,4358.695659233484,4364.6266717542385,984.5788218716251,3080.802066557431,429.8724434195318,0.0,2603.9583456282035,2113.0883402303252,1869.116441823387,2857.537797736781,4148.457771108526,541.9615441332862,3498.684982428489,4035.6792330666485,4213.716598486663,1709.372663482004,2371.0851774384732,3581.376848352676,2092.0726922533167,3579.026172365039,144.81490139636367,5075.503635859029,457.81821745000667,3057.497801955453,2518.635232322009,3019.0792050352106,1880.5286362435677,3726.3531992855833,2507.469412645669,2581.798490037785,2424.77351725343,3847.381410439042,4103.944411628157,2930.9791739161574,2918.2183397511603,3505.1129854684987,2672.130305726119,1615.2771042387365,2106.032373989039,1568.164451578972,1601.664313057459,2247.077183744779,1249.6949444844379,2938.7653462747726,3244.907843912029,1501.5529802901272,823.5600275563645,4233.040834813474,1257.162069022565,1897.8447082333328,3338.8340613147834,1841.5676735215104,453.46340992603507,2965.357669588137,2237.8336403325557,2390.3010155811326,3416.1395088264753,1655.8331517005822,3202.0422456876527,2194.636462252884,3226.1493202939296,3704.254032861205,1446.299774803589,3668.419314146083,3329.0713318425496,2933.0397437083298,3650.4623215332686,3358.4577887664295,2291.7711387830027,4124.414927376747,3538.851784926246,2186.7029761199706,2263.4390851928733,3392.4997019375583,2632.372221895174,2365.9631346055194,3582.149055254999,2382.1888740754825,3059.260624708939,1638.1657425788426,1814.9736213833207,2772.8330474904596,1992.9688542132435,3817.5441543065417,3656.4846737528137,550.1422570188524,542.5228512867386,3148.7556739639217,1897.70502714405,2704.8777452254867,4161.537128584956,3005.5729111685732,3632.3848762586535,3013.943070373245,1633.6274183187745,1571.1167157723385,3216.766507208103,1371.0028038877758],
        [1461.4884015071702,3127.361280228807,3476.3154180144893,5077.138238752288,5169.279222104627,3550.1710278960372,4102.82650753455,2728.366255746475,2603.9583456282035,0.0,3261.020436103517,3888.820180870375,4674.457516121777,5088.610790655127,2652.928572523591,2671.895323970804,5393.223055575883,5401.064335992601,4053.13225297468,3310.154916693426,4777.280393966506,1815.0696465534554,3364.0592555732405,2462.6531196445694,3889.677030882211,2496.097868480629,4061.2706143495134,405.61570659170775,4142.320210718071,2357.915375364841,4563.313184572165,636.5438666518297,55.56520641874063,3406.206153439085,3541.2167648973564,4672.5648926518015,842.6232234651452,3993.728142726792,3862.3473604636456,984.3961322828362,4040.6073885720166,762.201144884415,4096.860978300828,1076.123839264574,3314.101754682841,1420.261801627416,1149.6322629224935,1575.9305367326701,1816.143560939837,2242.6939049518473,4127.996906436063,2429.243241742059,3894.691690662444,2549.036885048028,864.4732377117809,2196.77817083649,370.9510125191041,3217.11309049921,535.1193946228838,2800.234117219264,955.4239396330839,985.6386470430775,913.4938859209927,4427.652964720166,3999.700121972365,3606.7618051380523,2366.3206573843986,4226.071460401234,2736.095976091985,1755.027747014979,4999.890574821466,1372.9385112418095,2392.712698826067,1702.227847044463,1496.9714480996913,3526.241677796329,4961.873293668694,3198.4431041636303,1758.8102039354724,5132.54161719796,4047.971288923848,3256.0407521327297,2841.5603471080335,789.6157711300392,1951.1808602049682,3845.4500648763706,2978.890005699032,4970.068530194487,2206.828101826703,2553.238412923866,1007.2282118767597,706.5530541671254,1109.5352260272996,2910.2027537562426,1900.1203596799805,1912.6279067004764,3330.296786767401,3048.5854144448995,3546.787665361196,3159.5345269876852,1461.4884015071702],
        [2898.424351140667,2883.609293861684,2591.727886311032,2251.920067214816,2269.855532708705,2076.957018812739,994.911176121361,2538.4029559552187,2113.0883402303252,3261.020436103517,0.0,1156.9120400257225,1503.481213017071,2079.360104560449,2654.0395278236147,2231.15494014496,2169.681033982585,2247.3050643902743,1721.765995987156,292.6639842668651,1597.0362557822064,1541.579921930081,1835.331308648499,2079.1466566875,3650.609157276434,1676.1082532452199,965.257652334062,3444.5585526633363,968.86055335505,922.4388984196329,1623.137261278376,2756.1001693007956,3277.002495544109,318.1890500818126,2091.0478168724003,1992.5944585753405,3979.540673422721,841.5020099823801,1469.8951940734182,2626.2242150453503,1879.1648812221244,2499.5488289169984,2175.063544454428,2819.86885676319,138.91078264346427,2642.676665471784,2763.0076785333035,2784.897818529085,1468.1334314899416,1473.0317094026661,2299.8010605951495,1009.2274363619272,1129.6529489058773,2116.8128448973944,2447.795124249627,1949.4879573576068,3597.085125646049,193.7154762282659,3406.1830968014933,2021.227766547081,2686.107312036896,3219.0001305178944,3451.5751574870746,1228.943172989781,1668.8176611376548,1281.8496281446066,2704.7298414071392,1224.8213906307851,1455.2392406868623,3189.1261381110817,1746.0682700330478,2041.8653673422336,3353.7816453862665,3073.4412473555553,1877.6626307049069,266.4429774491996,1701.461233964393,702.6730248918608,1755.3072957237289,1871.6411347946196,884.9041875196464,1212.6047921885527,515.6646118106296,2728.4230716593643,1944.7048061116488,933.2039183127063,2436.5349034576934,1748.7944699118277,1787.1091046214372,2641.7636600807687,3128.099804275515,2773.9746831236002,2559.9885057110605,2985.5741727546615,2237.4788218616845,3027.8640016629975,1103.7961550005518,484.4482375866621,1014.0499675040634,1487.8033738040501,2898.424351140667],
        [3084.0563034081624,4037.9733325871116,3743.4580120107707,2892.0208076504177,2843.9591274515356,1303.2563220569168,1674.5318872730254,2206.461816766574,1869.116441823387,3888.820180870375,1156.9120400257225,0.0,992.5156444991611,2574.4637835357416,2357.307855645863,3374.206019250734,2257.106974646941,2498.236588721914,616.9349612846136,1414.0446547469562,1932.6301117905894,2446.915903841083,2977.436088424684,1917.8515797630291,4806.392937694859,1602.5477143199203,1674.275335370267,3966.244087592904,1549.8759101602066,1844.6336288371344,2290.0930144456092,3510.326042660963,3889.7651465491244,1385.339393142922,3224.9377096816675,2778.4761158356628,4468.8254445379525,1524.9436256279366,2489.650470157835,3477.9971028595387,812.7428173261353,3172.0684534321513,1144.107957795926,3158.7516816750363,1257.353744024009,2875.935991153743,3668.5126681661795,3778.475878846876,2119.402972007481,1685.3115293058331,3359.1704935144617,1475.4817146263379,41.52261513585066,3251.599490833654,3024.6703615493193,1969.2554388402907,4253.867941247274,1348.1478716949207,3884.3594404694923,3172.9986759162134,3101.3266538084818,4086.5106705226726,3814.789385827466,1639.869082954169,2674.011535459162,434.14384991074684,3813.6316841434773,1945.9015245876342,2604.1677119633005,4200.352434863847,1516.2024211464438,2909.230429279171,4442.142052659832,4081.337412547045,2745.1773418453186,1047.6650281130878,1572.4714698512043,1847.6859246683196,2714.67322499976,1757.70061462968,662.611532588868,2352.5565946543325,1197.8860853926317,3201.932339935136,2988.736134011799,266.16428071452054,3591.2441837094284,1930.6345166246565,1858.7801894921993,2389.7456104654293,4003.5385006308634,3268.839817042318,3440.8856113697134,4129.798896041156,3284.729958419943,4069.8848170862893,2230.9999632372724,960.9645374121116,345.60017510221775,2639.1368648731527,3084.0563034081624],
        [4023.276564997855,4185.643646965107,3769.729139768449,2257.757830350604,2163.75189772388,2248.6484484389116,1335.3999300597334,3198.85539744499,2857.537797736781,4674.457516121777,1503.481213017071,992.5156444991611,0.0,1866.8275726005083,3349.8234822807713,3609.383350417342,1346.0031491676157,1645.9602685195382,1411.8320521238693,1613.0150740729302,1222.4872920021453,3035.397449726457,2991.6501803758592,2899.2517772569677,4843.310180000611,2562.202449973662,1361.1213380385711,4803.715370944705,1183.9247015880412,2408.722729417234,1762.3883420163422,4218.754029377301,4683.206168908366,1533.2159553714425,3192.1601323383675,2283.634010690508,5324.513828938744,1260.2899367928853,2298.344672301216,4117.22710213968,1617.622920285195,3925.3107337396223,1934.866576932227,4055.585997573918,1516.360177410777,3799.7180326050325,4263.930809193279,4284.902497153153,2859.194673040363,2577.644336752457,3144.4472272027106,2258.3034860638613,961.1933637803075,3520.6841283890435,3824.6234746237606,2922.977952603725,5026.908362650262,1631.8501985922178,4739.481186654678,3369.5108288418305,3970.68902043244,4715.78923410197,4711.838020313351,1086.3764039274029,2438.2458995075895,1425.4775903643858,4140.222481765394,1547.834648785664,2842.197064988165,4683.808392544924,551.5031421081137,3532.227423293242,4804.176912948829,4569.466076080237,3366.4432986778684,1253.3485923309202,645.3463154083155,1994.0144113992317,3258.2290036190752,810.1977806740898,632.4499465003395,2412.782585019575,1836.7878509595796,4050.305389821846,3437.256219833369,887.0463833968903,3748.144199383768,1114.8276992086744,2797.5274517636685,3381.6945149838048,4625.92853191042,4109.4185702050145,4056.577156961457,4341.1624331648045,3726.034391709242,4512.401648496722,2267.9571388038594,1626.0769289024395,1293.3725899197545,2724.1742022265007,4023.276564997855],
        [4960.689887497639,3340.883995165312,2773.4312102951244,430.1954584962656,300.39386094222175,3856.670814542898,1084.4842474314519,4560.4738016116125,4148.457771108526,5088.610790655127,2079.360104560449,2574.4637835357416,1866.8275726005083,0.0,4689.0583271921005,3032.743054224371,833.7840091989027,524.7319555009464,3151.4199770057185,1890.2948096866373,654.9507253886778,3274.348962776788,2162.043613195174,4132.726652340064,3722.086320116318,3733.5560239732763,1115.4645378423904,5346.5768180116365,1129.7148884493208,2797.983732445375,526.6184859059634,4495.631980480465,5116.814449771959,1807.8386135238354,2215.0678519187063,710.5477560197394,5882.180953974871,1240.2622855719706,1366.5441533541057,4253.244888970589,3360.517987611892,4345.280701931607,3694.2519492500023,4842.703494285924,1963.4883778972358,4700.220219758001,4285.003170511048,4117.231887804191,3440.4185166207303,3552.38179947037,1843.3699032334719,3083.285735007775,2533.0499830329163,3027.9162002395933,4370.8083636079555,4025.5282238642367,5376.5684691536935,2016.461283699217,5338.814577191449,2775.8096973115626,4683.6485108367215,4754.35049392504,5444.455944009681,944.811913138272,1339.9377607537886,2954.885061166295,3638.6722556303444,882.8004315871943,2484.22151134407,4416.307997249796,1426.9735172020812,3730.414107761982,4280.100988399769,4325.763417980271,3594.0906461296636,1889.6597552486128,1286.04558285466,1893.289314337921,3355.0271192401215,1218.7723203923551,1912.8722407898513,1907.6018269695157,2594.290806727211,4695.564086876459,3307.476694720815,2332.302457512165,2995.9369218721718,772.599751401919,3864.6550476092793,4688.089667761315,4659.505963269107,4726.88655793328,4150.763055752278,3591.0147348372425,3521.494170438723,4183.784296133728,1798.4246411657289,2530.052919696254,2711.1474988294176,2124.745170187324,4960.689887497639],
        [1245.888265095686,4616.624940452473,4630.0410417740695,4900.616946744586,4906.420922276194,1272.8709332811375,3622.650765125429,157.01601469475264,541.9615441332862,2652.928572523591,2654.0395278236147,2357.307855645863,3349.8234822807713,4689.0583271921005,0.0,3921.4099786512043,4559.30994912349,4746.098371804859,2108.9177053903663,2909.311232300728,4117.290786214771,2493.803715030535,4069.0341212135404,588.3210038314351,5490.60683293792,985.7098934051587,3599.4360142505766,2486.191764070343,3559.9917564030025,2366.210509438715,4268.309425187152,2685.3917197441606,2620.7711403605904,2964.6636744184093,4335.0868389863,4643.668305876145,2821.5281941368808,3459.972296619186,4033.3587201535083,2908.3844514393086,1977.82225146491,2293.21527863556,1850.3540120345003,1582.9395265795551,2787.451744402222,1232.68096230844,3183.297952982895,3531.444316250006,1907.608239851108,1304.2669306084845,4742.78380497491,1769.273034750116,2389.1490437092857,3760.0358792966426,2007.4119278103453,831.9137951676955,2991.493759272813,2775.7268488546806,2338.289381905765,3861.0234745537914,1706.0578547597652,3381.8198275184673,2068.9880696321416,3764.1082818778336,4231.664131594867,1925.2550598685345,4033.2033177336266,3870.9930794615307,3405.3541455389523,3915.8896150775154,3864.3007924001327,2612.7213932165,4435.544944001963,3810.5921365779473,2532.1930145125393,2805.1743526547025,3905.4434823602887,3158.068646996866,2748.1681874003557,4094.4469274556086,2903.0930566478664,3570.2891717465072,2173.792712549945,1879.8937165543493,3159.2173939040745,2503.314945286193,4249.087376357892,4186.1625794933825,984.4400518829121,100.2732697285149,3341.4071688585445,1962.019253730059,2961.328938661683,4549.169970043696,3366.671100513822,3928.9122470845105,3532.235252648525,2175.391753378469,2080.0016403268223,3711.5463862829297,1245.888265095686],
        [3370.2334646647355,711.8408144067931,814.0832260101361,2848.841799304006,2989.2923277286854,3972.265681537646,2427.1387147790774,3882.342502317104,3498.684982428489,2671.895323970804,2231.15494014496,3374.206019250734,3609.383350417342,3032.743054224371,3921.4099786512043,0.0,3645.599463608278,3494.2070813608934,3887.7179039148996,2026.0115709521824,3028.311325225477,1430.2870420686402,887.7348792020745,3384.1705825663753,1577.2469634733645,3079.4014146432683,2386.1917242712607,3048.2227034017365,2549.2979004544422,1699.732867325533,2549.0747624019723,2045.1516497045782,2719.6770151441965,2091.8373659499516,952.4296809876764,2412.6206031061283,3508.904868017508,2421.3761170832877,1668.628498247917,1687.5017209876587,4010.065908804325,2150.729878370683,4257.392155973914,3042.0537149376923,2158.5477263296343,3133.983371954663,1566.0753500987826,1232.5710815601392,2013.910337706197,2681.427666816952,1546.6587334284159,2342.131442770587,3350.797683750711,161.6062629835881,2358.8425501771762,3095.4616317919695,2825.27430515357,2051.281142923438,3120.78245609369,260.453509982829,2817.3168807050174,1963.1953415179237,3397.897459703636,2798.0582462203674,1705.4194733159932,3397.792134600698,605.9294965335187,2379.163251215462,778.2473024680108,1425.8800053209945,3639.55166389107,1483.8422015213885,1260.0099546509493,1355.2390995487772,1480.211791887873,2415.381604578883,3534.855379663449,1616.888191268188,1205.0513619955063,3639.6905229087456,3061.6591972446768,1237.2648030071862,2265.547320035275,2719.0986138101603,816.6284562546556,3163.471334337385,339.30108058556056,3280.809866215473,2958.194038563043,3856.130175872047,1878.412808403681,2697.4140949791513,1562.3601964500704,755.5929843520996,772.6896026549732,1178.2200808509929,1382.4238375543844,2471.5924222144126,3164.6393838797503,945.1855929676291,3370.2334646647355],
        [5036.826464400493,4043.6600601454893,3505.3779268640274,1256.4968695796813,1102.035243066473,3556.191548609781,1311.0834832432267,4416.617834220671,4035.6792330666485,5393.223055575883,2169.681033982585,2257.106974646941,1346.0031491676157,833.7840091989027,4559.30994912349,3645.599463608278,0.0,366.2539072102011,2749.990215343369,2083.3383226344745,636.1729352030317,3599.219514183188,2822.5331737727984,4049.2550702509493,4499.4236097385765,3671.1885373853543,1354.5622318005383,5602.639364824172,1252.598391610003,3036.9516262872908,1134.3204462871843,4843.195855342651,5414.047410171579,1987.556324286219,2924.4705573966985,1516.048638088955,6139.489293374491,1402.257133431724,2004.3720087076254,4649.457547304562,2958.0946581001026,4632.487519470224,3279.29430958085,4985.111574517605,2092.9061244219965,4788.776403377313,4724.90604194655,4621.251371896757,3632.7545320228,3576.9227970739903,2628.4768010700263,3154.259450714306,2218.807781391168,3612.702824767436,4606.813488451537,4004.3605833302895,5711.573699628558,2181.7152020869503,5571.039938141539,3385.1690090608213,4855.5822825413925,5197.42346056546,5620.768300332679,966.0060751295061,2038.0484650420099,2682.3993324742987,4244.107651495482,1275.3623469382703,2996.5573988901083,4960.985793372556,803.4138622486007,4088.2771172320954,4905.608292271676,4860.597623282451,3935.8792837464566,1920.5125256744243,701.9122095958044,2251.83969167635,3738.688323870276,543.1653213487281,1656.447487209525,2433.3266006699864,2662.338907386889,4896.919531488859,3774.412446494237,2065.8625349718786,3663.2896764494562,423.57944503929076,3856.1551646375483,4576.160188937439,5102.6264784545465,4940.70478635477,4560.267075319696,4271.782706616533,4022.6830280756594,4744.467711226716,2299.1123832980147,2528.505342064723,2485.7691410164434,2703.031188025069,5036.826464400493],
        [5143.266269978012,3840.482771243645,3282.256136863831,922.1667043044587,758.8582255566647,3801.3879653745357,1301.1669554687044,4608.223251657112,4213.716598486663,5401.064335992601,2247.3050643902743,2498.236588721914,1645.9602685195382,524.7319555009464,4746.098371804859,3494.2070813608934,366.2539072102011,0.0,3025.3976593450334,2115.3186086593737,650.7543010788349,3590.3547514963907,2640.9298452627845,4215.972654863121,4244.0159865979895,3827.539870279392,1341.6814802502704,5633.079721201236,1284.460521466028,3062.308389600366,945.1478325625604,4829.497006443376,5425.326381929616,2023.1744397484738,2714.373605803452,1234.1544736207732,6170.644491676959,1425.5418860716845,1828.2010666189553,4612.1180924212185,3235.1849855679952,4645.8192371227215,3562.279341828961,5063.4491272906125,2152.41805646649,4889.160887360269,4666.660753901898,4530.633620248839,3683.1755579546566,3697.7082479075834,2365.4210302546285,3252.6557636772714,2458.3218644725994,3476.4254630267756,4643.011810531459,4146.1785633987465,5706.165006808505,2227.6506220942274,5612.043688155721,3234.668293333498,4920.776787008534,5138.945247925359,5686.443863768187,1019.4055926146505,1829.5201746259029,2911.510553734966,4098.658600849998,1190.3385311490863,2894.2387688181866,4850.134578141239,1126.2824312359076,4066.810800912646,4750.3055155044,4754.688898864886,3921.1372067106618,2017.8021723747254,1005.5190301500425,2213.812442214632,3703.3629281571225,875.6282290203548,1864.0894087041388,2319.2129946337595,2756.854567082791,4949.465328295757,3699.2055992269497,2285.3411030611865,3480.921120716627,568.3435599212844,3992.074467792091,4756.186845103939,5043.880057631944,4987.934576129738,4516.243688686577,4082.7115035290744,3931.475727115935,4624.60557693806,2195.505601704091,2650.0760458951218,2695.2475710598237,2565.018712299696,5143.266269978012],
        [3047.090692070723,4570.496603933165,4311.495629615479,3486.792771481797,3429.4514478117503,879.2849719039087,2288.7517766580813,1951.9288960249055,1709.372663482004,4053.13225297468,1721.765995987156,616.9349612846136,1411.8320521238693,3151.4199770057185,2108.9177053903663,3887.7179039148996,2749.990215343369,3025.3976593450334,0.0,1996.572870322792,2500.321397499088,2820.3268051484047,3556.7394869423238,1799.8196439910341,5363.191433675549,1592.5658645445437,2289.633559110716,4069.8141025771033,2160.9200987338463,2266.1917820645167,2895.345716483066,3757.218627699828,4045.749505193676,1978.3494332761275,3810.3100542865695,3389.9546519117666,4539.891112247333,2140.8878724748774,3101.521144755486,3781.0071865558584,210.15764547193962,3387.9001081386664,542.8360403772506,3198.8807050551018,1836.0510818015716,2877.4715568967795,3997.9562908125217,4161.298293777311,2395.006548946662,1812.335915317791,3968.33390242082,1764.2681222151175,656.349338788332,3755.3842960022675,3197.3303764716325,1946.4628975677506,4423.85061448875,1915.4806929478339,3967.042445524934,3702.8185509892796,3184.945249159251,4383.225857147598,3838.028036500389,2231.771329451033,3287.7662580722745,504.9809125470963,4284.703840507022,2559.2120809550806,3133.2644251111105,4588.455933177114,1963.305185268719,3241.062499681564,4888.280593288837,4468.852865893009,3084.219544934664,1648.3755508813083,2048.6843613840874,2423.6150521909176,3104.9036358453955,2220.9232285301523,1259.5302606786738,2932.9366726750022,1635.347532260218,3310.9216727080075,3421.881917675614,883.0979780085001,4126.578066131053,2466.1486409872737,1881.380455294728,2164.1246089642973,4306.89407743563,3385.800146315521,3761.8608911754463,4640.455481998663,3713.702259295135,4482.30183685413,2818.132463985931,1417.4561614959387,723.9837174920668,3208.759398313622,3047.090692070723],
        [3070.7309615220915,2653.4642876676744,2330.4766860117943,2023.0042081173935,2056.031553855352,2369.3088543457957,820.2729940360658,2799.2070937413596,2371.0851774384732,3310.154916693426,292.6639842668651,1414.0446547469562,1613.0150740729302,1890.2948096866373,2909.311232300728,2026.0115709521824,2083.3383226344745,2115.3186086593737,1996.572870322792,0.0,1475.423458933686,1529.801281876215,1563.7409391178785,2327.946492020616,3397.3697011059203,1925.3351727468348,783.2888083650306,3523.5413821336197,836.0445543301184,953.8901272850889,1405.5650210606693,2770.2032457333094,3330.7251871303197,96.53093356920967,1814.1695056877907,1736.0027049849734,4060.9849970820324,690.5325577520747,1179.007968645945,2603.563958364071,2160.3497857948873,2549.168161084195,2461.2281552689205,2958.854014090203,161.63371342124927,2809.954539584254,2713.531668550672,2690.327619297975,1568.3053218805394,1686.6536685947733,2007.557139323656,1205.5597924708306,1383.4282242739941,1924.0977508740184,2530.1783726660074,2175.96121194372,3631.8439701581815,134.07230283018714,3498.194554289353,1801.7460130221696,2808.6664710429186,3179.5170315937858,3573.5515012977153,1118.7605453340477,1378.4783857012148,1569.1606903559207,2533.2420941815917,1012.8625595147265,1248.5698054834656,3079.7160154641756,1766.9391957739324,2027.5536707439228,3193.8547501921207,2967.1687035096525,1869.1679764479686,390.8329322945819,1699.8566550645262,434.99687010441835,1704.3938984179729,1853.9462368792576,1036.6978995564252,938.8229880849271,738.5753739497547,2834.226695923249,1834.8993119040063,1173.173246909083,2206.846343443359,1660.004264890885,2010.8164214377618,2891.751381146886,3086.4447855374247,2872.7422165156377,2525.775434540399,2774.3260977717464,2119.097145597256,2901.878710004043,821.6077555411051,762.7710102205012,1298.8378675401439,1227.0261174255745,3070.7309615220915],
        [4492.514447661451,3459.8359481244,2944.5735629128394,1035.397190841255,945.5183934474029,3225.647577137837,679.1272374126308,3982.5143980963985,3581.376848352676,4777.280393966506,1597.0362557822064,1932.6301117905894,1222.4872920021453,654.9507253886778,4117.290786214771,3028.311325225477,636.1729352030317,650.7543010788349,2500.321397499088,1475.423458933686,0.0,2974.8347952052986,2229.1768872469875,3578.342762989174,3971.434164582247,3186.566403510351,722.1362583457266,4998.599538477157,639.7536089824303,2427.5557243293806,619.8257894248961,4218.188733145709,4799.737130532005,1381.5800291117596,2355.6720060273606,1113.2917037969596,5536.11736469434,785.42224092326,1418.6638398296507,4017.639587404926,2709.8822182232393,4018.6536603078403,3043.058368323447,4414.82252512459,1504.5477159721336,4238.467048449247,4089.730140619213,3985.622768779666,3040.0355638092406,3048.2223946767963,2134.246265563968,2601.901469109802,1891.4672063034698,2988.784574917536,4005.600994727884,3500.270048600726,5090.13048663097,1583.3540833676686,4973.414470836081,2768.355801436141,4274.62171918438,4562.344580280955,5040.4968746131735,368.6520130308367,1484.2184104143164,2325.7797279299184,3622.5482829845655,649.278159282894,2363.8098254932115,4327.943768123801,842.0980781188896,3460.193442016312,4287.30229391279,4226.732446530517,3309.795904127527,1367.5096048547548,698.366301631405,1617.529905660968,3106.710717634241,700.3315343608842,1275.6978699382303,1805.4529743408702,2106.1005055989735,4306.659761091892,3138.246791821865,1698.8487601745571,3064.748535556989,257.45567827046614,3344.9455428270917,4123.755094853924,4467.495730331921,4346.815824743923,3927.067083720189,3675.5758346970997,3387.303894346295,4113.568735759001,1668.6352097956592,2001.9293355945442,2092.8112740952897,2083.342583050347,4492.514447661451],
