{
    "drone_dist": [
        [0.0,3961.2636553731795,314.0440980873432,2245.094361778096,4219.810661236379,2151.644881489327,4591.256014938161,3398.5028460774556,2524.2566433928023,837.3804252411715,3007.680926123354,733.4367040735648,3500.0031987717166,3725.065817318743,836.8427236876198,1740.5625099409353,4695.918146305205,3266.725067127645,2287.3682274269627,4532.115117741477,549.6293616728522,1420.0892038529894,4196.274772580626,3523.171137009395,1257.9686329702968,1911.67960690721,5308.619409869916,4833.848662084223,1372.5990189566705,5454.368560183469,4837.241380841955,1581.0657157303867,4433.052071032457,2805.247947754142,3594.9702616823347,3843.7538099033145,4133.52082076938,5192.0030370036,4951.634769953586,4645.06144157035,3577.3938453954825,3368.404767149789,3145.9252978862037,3863.683103758276,4326.636212708583,3041.6710288766935,3344.080205109177,2234.330365226985,3534.1197854435377,3804.026536057508,0.0],
        [3961.2636553731795,0.0,4214.072298658785,1792.6581529520747,2830.9393606487315,2523.252000422655,1822.591231144825,955.3461354711345,2838.295335982112,4075.4029287894896,1101.209735031401,4012.446485983575,781.2407778103891,291.6073721832677,3136.535416266151,2423.1813242256467,1206.9891926832825,1621.4660961047093,2057.0332332419202,995.5268774842317,3412.4052704206288,3213.037847488458,1167.772732742011,2569.5835573748527,2715.4311678990503,2073.685716349974,2434.867329892415,898.2776797228672,4104.662294147409,2052.329283033364,4358.743127887905,2396.3603949579538,3972.045998261995,2220.098072332841,1877.9843424545563,3780.401060254054,4047.3827716215237,1347.282873330647,1689.4408881067743,4146.107925412865,2057.776764901412,2768.582094913948,1077.004016176937,2281.8895615500555,558.116506798855,3536.852827659238,2414.4527429468008,2011.5173655670126,1168.9182999658867,3497.331703642905,3961.2636553731795],
        [314.0440980873432,4214.072298658785,0.0,2467.4761405262093,4295.837511870555,2465.3934133131784,4752.149418028953,3684.135243898868,2580.0657510176807,681.6921476545815,3286.933749048706,602.4602605259157,3780.160655461137,3985.903132676824,1121.8107550104967,2043.7082675518207,4901.8152527040465,3429.001389481218,2456.7035397724194,4814.812048772429,814.305824512403,1471.9887696272046,4388.888071366717,3605.0828317020146,1535.3977058396058,2186.4909693433383,5457.101474801457,5076.718944260925,1225.5858794921464,5639.762380243712,4814.029971598282,1819.826494596156,4423.029044981618,3118.3492812649433,3733.9029231396717,3825.718182162251,4103.424606597689,5419.932829992387,5136.064090630268,4630.191334776794,3702.2193846201285,3430.6855280764466,3359.7228844237006,3974.020010469976,4596.318714425944,3021.4363481368187,3438.135429500619,2535.2333165818063,3828.9700174839513,3810.380120577138,314.0440980873432],
        [2245.094361778096,1792.6581529520747,2467.4761405262093,0.0,2549.3723986908853,1685.4851878981822,2458.974388827712,1563.928936632142,1480.9313027811165,2282.9615473182503,1151.6904818165292,2221.7376895917664,1578.8525956643625,1608.6826590366402,1476.5819634679472,1178.2454008182847,2455.889811741077,1204.6279552780136,512.6075526434506,2565.856487363923,1701.1137953995083,1449.9570285549619,1978.8842262938567,1924.8423119742436,1099.3043634475691,682.6845282996087,3203.3760902499266,2621.3555824055693,2335.4253688959207,3241.389940517156,3744.723358355574,674.5024609539529,3302.9549636039205,1922.8879076260334,1623.9585193465,2873.205142409059,3192.708253444653,2952.4573036318866,2744.39784173842,3519.1299683386537,1691.3762956170233,1942.250776372043,903.4220191471392,2027.1125201799587,2251.1122565597657,2307.969858799249,1702.1308834371807,1156.8208417575456,1830.8630543302563,2669.446971983361,2245.094361778096],
        [4219.810661236379,2830.9393606487315,4295.837511870555,2549.3723986908853,0.0,4225.584096914295,1367.8186331647003,3444.0109281779496,1721.2540178762604,3756.5536537718926,3219.162962999601,3772.7841692961506,3329.9975011249576,2940.692950194904,3724.8468299569595,3721.971408086526,2175.361905697921,1445.5766525807942,2149.4626744866455,3804.429613054034,3798.639847349679,2823.916378443684,1764.7567376032916,698.310207468312,3483.9402417228766,3230.761603224642,1633.5772495422138,2970.7339959368433,3408.6801269146617,2270.5954484218905,1545.795269092581,3039.7883489788333,1208.566731110055,4347.365092601284,1030.8400517051443,1287.2150907126513,1425.8218624564397,2860.7762453149517,1931.930197528999,1347.1572566635434,894.1832411798179,875.7750641008587,2111.5044702960645,577.4837188832105,3352.878548053433,1652.015368049499,896.5116994944467,3668.2740713465887,3751.8487965300073,1007.6595437153042,4219.810661236379],
        [2151.644881489327,2523.252000422655,2465.3934133131784,1685.4851878981822,4225.584096914295,0.0,3910.8142301022517,1647.698801460082,3037.4212995222993,2737.779925662219,1425.8433491824421,2630.987562990356,1807.5530216547224,2233.066808478874,1450.4082078818847,619.9704769650343,3620.4722915583347,2822.6881998005492,2154.1310669205245,2711.8080819500765,1750.5944489462113,2451.6679638278083,3304.3816945692024,3610.311767445153,1205.50966292217,1026.4540057370086,4647.409817555289,3401.449005803579,3094.3651402195223,4481.495610639654,5410.695762077734,1423.8061395831317,4967.926025731691,659.3237935950249,3256.3224482589894,4501.267343682268,4823.763308077593,3870.183953623433,4034.2136489941486,5186.527596734364,3349.1137642123026,3617.672529238712,2281.799788625532,3685.307118880357,2664.3274343041758,3846.0807715092333,3387.6028103598064,581.6522532148574,1638.030788901507,4322.5205694511615,2151.644881489327],
        [4591.256014938161,1822.591231144825,4752.149418028953,2458.974388827712,1367.8186331647003,3910.8142301022517,0.0,2670.711391787907,2453.9959311166876,4357.954545880762,2603.4057635278277,4339.800023830035,2515.848705168254,2032.272919632918,3905.0915354063322,3562.711814283771,847.0168991793453,1324.7633593800242,2303.9227363699633,2681.722815938429,4080.2878701982236,3370.505635224273,666.108405911444,1571.724382749203,3553.907735274001,3079.996332977211,746.9786136376024,1681.30419826699,4153.021772102384,996.7577524820473,2864.1465939603795,3111.055216700649,2568.2332896353264,3821.9136449228486,1060.2579166913167,2620.1785808096724,2789.4830894050388,1501.678678037736,573.0502567523885,2685.5872866102177,1161.4939755349908,1849.3128542209583,1639.6892992428511,1073.1066167569495,2245.6891841193346,2771.096813897404,1582.181990130215,3330.3504904175884,2942.3301697886445,2325.60746244292,4591.256014938161],
        [3398.5028460774556,955.3461354711345,3684.135243898868,1563.928936632142,3444.0109281779496,1647.698801460082,2670.711391787907,0.0,2955.0606347524313,3690.8809280885275,423.5414830276312,3608.555637527637,174.76300701123907,675.1561416994309,2563.61662335718,1703.2500696578377,2152.4255959139323,2040.2252072088309,2011.0595457066152,1135.8128201390152,2870.8189500870994,2982.4254642073756,2005.8252814909147,3019.7663443468687,2149.6831340147655,1506.8816554894672,3339.818149337188,1777.8264463126156,3843.350489260544,3005.5495076229377,4893.976470099948,1963.411532258444,4474.625124205197,1270.0648094042524,2417.8033085100424,4169.697489787336,4468.66937394286,2267.3123090949375,2622.7990083470236,4671.021380037035,2575.0817788051595,3152.4699115777207,1356.4390689812878,2867.2802699308963,1017.5723722390064,3751.7506416960227,2822.465711431044,1224.3316051434713,311.83047833673294,3914.8123069825588,3398.5028460774556],
        [2524.2566433928023,2838.295335982112,2580.0657510176807,1480.9313027811165,1721.2540178762604,3037.4212995222993,2453.9959311166876,2955.0606347524313,0.0,2038.1016712020507,2577.1267172111534,2051.775289615648,2924.173755052391,2772.382332725811,2145.1448446939767,2437.7243610306978,2914.387920049392,1325.2029287907276,972.1575281709428,3783.054423270154,2153.0037182596348,1109.9940216609882,2350.703184861393,1045.338323716203,2013.7567569632956,2024.4962876111172,3060.542181037341,3437.4939694296363,1731.049068255368,3440.165179966892,2441.466732209435,1638.203924675891,2006.4341929647096,3381.578205356513,1402.2429716258719,1480.606998738274,1801.8971836780456,3584.164045799782,2961.311790046206,2227.150625902865,1294.373686593064,850.7952995742003,1765.5063020603536,1482.04226021216,3384.99929605014,828.0485668761295,917.520008842444,2585.9365131826166,3249.156200875864,1349.9763638474537,2524.2566433928023],
        [837.3804252411715,4075.4029287894896,681.6921476545815,2282.9615473182503,3756.5536537718926,2737.779925662219,4357.954545880762,3690.8809280885275,2038.1016712020507,0.0,3272.628029448382,112.50035878179094,3758.715992864902,3880.444305241205,1287.6019045470896,2208.3171357283,4611.743313179285,3058.6960265742,2134.8845369149208,4789.302335168151,993.9988334951294,987.6108903158504,4071.686371237182,3082.4558189832123,1610.391081502755,2196.6552752351477,5031.0298358165455,4892.482596964432,545.7406582529975,5291.638788711639,4164.555980922424,1730.1211041675658,3784.937353821779,3355.38446281588,3308.995243329182,3183.655902087357,3451.2039246251516,5185.63124199851,4790.2391893904605,3987.4787598712487,3250.879525481918,2881.4918688751727,3117.982377421926,3492.7014518492338,4515.847574109916,2382.714506120067,2937.450472597228,2661.7737047812743,3883.0241566756267,3190.2130936092876,837.3804252411715],
        [3007.680926123354,1101.209735031401,3286.933749048706,1151.6904818165292,3219.162962999601,1425.8433491824421,2603.4057635278277,423.5414830276312,2577.1267172111534,3272.628029448382,0.0,3191.9153487427175,493.3499066951786,814.3652589297321,2170.8783839144176,1356.2121105450103,2211.031726762388,1781.2505016295954,1617.8638948794064,1529.311154380488,2472.628787445281,2559.739392246365,1957.095242748582,2736.893541799198,1751.8798307756097,1101.3261330515897,3312.8312967323004,1991.1135321616139,3419.831128979814,3074.5439235033964,4617.913819633901,1543.329368772227,4189.654286675849,1218.8657614615652,2188.9357567565885,3848.6272504993717,4155.092311355527,2448.1391129895296,2647.4475545036294,4392.7970852817625,2330.8543522797054,2843.741381402379,1108.2378398275005,2642.998553403648,1335.3185414303105,3386.756648775054,2529.275400024978,914.7307775867492,679.9833284700295,3605.6824391691093,3007.680926123354],
        [733.4367040735648,4012.446485983575,602.4602605259157,2221.7376895917664,3772.7841692961506,2630.987562990356,4339.800023830035,3608.555637527637,2051.775289615648,112.50035878179094,3191.9153487427175,0.0,3679.8046541192793,3812.5101090733965,1181.6215271100934,2107.3122996968164,4573.820125146421,3033.2947456385714,2096.4534111769967,4712.287707365756,884.5458174486499,976.1501208627849,4037.9536018850977,3093.076968651112,1513.6187912522073,2109.702343519625,5020.4146390257865,4837.391418719473,640.7264577395948,5265.2067926330665,4220.540745583405,1652.0216700577873,3835.3877086005045,3251.593717489859,3295.831574665971,3235.6520194346,3508.3878539153407,5138.805396449432,4762.865795298628,4040.1290225599555,3243.665001304981,2899.4106355972413,3068.98610412632,3493.167901693306,4445.496636158714,2432.5482203297474,2941.8754500864484,2565.1858989218736,3795.812124649288,3232.7329841157334,733.4367040735648],
        [3500.0031987717166,781.2407778103891,3780.160655461137,1578.8525956643625,3329.9975011249576,1807.5530216547224,2515.848705168254,174.76300701123907,2924.173755052391,3758.715992864902,493.3499066951786,3679.8046541192793,0.0,504.15088735604604,2663.3413090339495,1828.407251166056,1980.945628533802,1946.9192883643937,1999.165822713513,1036.2560077558046,2965.864821946799,3016.766862595337,1849.9448718079725,2930.995378165265,2244.959273311762,1594.663094942116,3176.548094994252,1606.9051555690885,3888.207288493083,2832.438897615815,4797.5369212346095,2028.608135666976,4382.915428412682,1444.5403967360082,2309.609332254785,4096.9223095292145,4391.223844584778,2094.1501663889153,2453.8637093001007,4575.893644895793,2471.8977929955054,3075.8619128982436,1268.5931667484028,2755.077325156851,867.4529986548581,3708.1690755196705,2739.4354328276113,1360.739094665051,431.20756533434735,3836.1543208106946,3500.0031987717166],
        [3725.065817318743,291.6073721832677,3985.903132676824,1608.6826590366402,2940.692950194904,2233.066808478874,2032.272919632918,675.1561416994309,2772.382332725811,3880.444305241205,814.3652589297321,3812.5101090733965,504.15088735604604,0.0,2894.3759641029724,2150.5770046375583,1477.293835709069,1637.9587206683534,1929.251822834818,1010.8284810969755,3178.2626399484016,3051.3239790037637,1367.0299480163824,2614.2518730021648,2471.800132750539,1823.004439023763,2677.7220285176872,1177.2589194918567,3940.9299187137167,2331.29548097715,4445.869480214533,2176.9362868474022,4045.6491164731165,1932.5153091957134,1948.0530006540992,3812.525913441207,4092.091982089734,1637.130848142975,1949.9448206187947,4228.6442485405505,2121.6631426224217,2791.2209106628384,1015.2369841743657,2375.853416014736,644.2291049532076,3508.6719076355685,2441.750665491774,1727.7974651372128,915.2081959664854,3537.730601723367,3725.065817318743],
        [836.8427236876198,3136.535416266151,1121.8107550104967,1476.5819634679472,3724.8468299569595,1450.4082078818847,3905.0915354063322,2563.61662335718,2145.1448446939767,1287.6019045470896,2170.8783839144176,1181.6215271100934,2663.3413090339495,2894.3759641029724,0.0,941.7716100739173,3928.8034859221552,2596.9322006681923,1634.359651435221,3696.1509243158166,317.6992376047927,1202.1686817437142,3454.5127234692513,3031.4657057933728,422.7845855133775,1075.8434991108488,4640.630458461877,4017.160584349548,1666.7792218905608,4717.238599235098,4576.3607350092825,802.812940135108,4146.727118149745,2071.8460634948406,2968.8697378090733,3594.298852789466,3907.092033630526,4391.7773470003895,4218.9129863098715,4366.523742934503,2983.261029507516,2930.0994313702245,2377.608935343225,3296.1962164820657,3491.0617500424096,2830.7388681390844,2828.602064553926,1423.1458103750529,2708.049764096712,3492.574694037736,836.8427236876198],
        [1740.5625099409353,2423.1813242256467,2043.7082675518207,1178.2454008182847,3721.971408086526,619.9704769650343,3562.711814283771,1703.2500696578377,2437.7243610306978,2208.3171357283,1356.2121105450103,2107.3122996968164,1828.407251166056,2150.5770046375583,941.7716100739173,0.0,3396.1059699494663,2372.6389277981166,1597.5713141555589,2836.1627930789523,1258.9950929445097,1837.4710353127523,3005.845769573609,3078.510189368535,613.3073671672026,497.50819182847556,4309.077304150512,3321.4581777059616,2519.14517693512,4238.199533487501,4838.025735929175,808.5723117966882,4395.629998698505,1156.8291940468064,2798.422484616395,3911.0449701568214,4233.5679211338265,3749.573681160538,3763.454745185317,4615.614572854017,2869.6187102441095,3061.177663611093,1926.8853951520377,3205.3210651700556,2689.110813194363,3237.637725101494,2857.0173723095736,495.8390259489609,1804.3798045035817,3744.5452830738022,1740.5625099409353],
        [4695.918146305205,1206.9891926832825,4901.8152527040465,2455.889811741077,2175.361905697921,3620.4722915583347,847.0168991793453,2152.4255959139323,2914.387920049392,4611.743313179285,2211.031726762388,4573.820125146421,1980.945628533802,1477.293835709069,3928.8034859221552,3396.1059699494663,0.0,1606.648880260634,2477.5148939499354,1909.1480763418003,4155.606464110704,3648.2200646154897,564.0937965811397,2224.298788574673,3533.5226686961482,2960.1681890047007,1270.8067749990703,838.1933407174615,4500.703828432923,863.5354966953314,3699.019043529036,3129.597088898197,3383.880268573866,3398.098935293039,1562.2098906625636,3372.6676486131773,3572.687233954322,705.2393804745751,494.44797347453704,3513.6255011966764,1723.2376455729404,2489.412094727441,1552.4753421179196,1769.9880441272671,1502.1624549208775,3395.127273689935,2165.9908208876486,3063.980245850325,2375.7563471851113,3074.6284224370283,4695.918146305205],
        [3266.725067127645,1621.4660961047093,3429.001389481218,1204.6279552780136,1445.5766525807942,2822.6881998005492,1324.7633593800242,2040.2252072088309,1325.2029287907276,3058.6960265742,1781.2505016295954,3033.2947456385714,1946.9192883643937,1637.9587206683534,2596.9322006681923,2372.6389277981166,1606.648880260634,0.0,979.7632909579411,2612.036150958503,2759.3628721753225,2076.5690168468263,1044.3855186226042,985.0549811392882,2267.700054900633,1875.3507098710438,2047.3221546064694,2120.432650506503,2904.7121410217114,2232.954597070115,2853.7514533162853,1816.6029713102337,2436.16656941427,2904.1641088956576,434.06245819619033,2174.577540944838,2456.7079411643235,2261.795636879206,1732.1012235118294,2630.9268663243083,551.9091585881691,1153.7621089621834,684.338790231365,877.1594100555033,2179.4650984905666,1931.754707914219,803.9355523322286,2251.439945326493,2351.870652021004,1901.5470222289516,3266.725067127645],
        [2287.3682274269627,2057.0332332419202,2456.7035397724194,512.6075526434506,2149.4626744866455,2154.1310669205245,2303.9227363699633,2011.0595457066152,972.1575281709428,2134.8845369149208,1617.8638948794064,2096.4534111769967,1999.165822713513,1929.251822834818,1634.359651435221,1597.5713141555589,2477.5148939499354,979.7632909579411,0.0,2928.232690180498,1781.227759424822,1188.682194163715,1943.766716482118,1485.7991398474035,1343.6978469897579,1128.3646747747414,3025.5182470727577,2798.858283275427,2071.2958387730064,3184.9949957762665,3257.1097650851125,893.5004566568093,2814.4143912692166,2431.988912559374,1334.629792711506,2367.2072624242696,2687.935856668984,3058.5593134429196,2681.251383858155,3032.6418202697555,1353.9674193218846,1465.7891795176367,1012.1891859203079,1675.6448937080527,2568.8130276793295,1797.3096694601966,1266.39021120651,1653.3692613136836,2295.6987105822873,2172.6828433114097,2287.3682274269627],
        [4532.115117741477,995.5268774842317,4814.812048772429,2565.856487363923,3804.429613054034,2711.8080819500765,2681.722815938429,1135.8128201390152,3783.054423270154,4789.302335168151,1529.311154380488,4712.287707365756,1036.2560077558046,1010.8284810969755,3696.1509243158166,2836.1627930789523,1909.1480763418003,2612.036150958503,2928.232690180498,0.0,4000.6632261013347,4015.597965839869,2076.3333209249176,3565.1040882293096,3279.4159354804983,2630.512584751358,3176.4224962598087,1167.4566270362825,4897.522977861223,2613.2830285317928,5341.460657463267,3060.2724696911473,4961.250189202826,2198.052393366009,2871.7205677356915,4775.744244180244,5042.665930560406,1653.0410231859764,2395.167022068574,5131.412759350595,3052.1558076269557,3762.394936853674,2022.2421124431696,3266.879379277459,451.5577509396557,4511.583804252186,3408.712668821224,2350.474729071923,1073.7842648446808,4492.852114307626,4532.115117741477],
        [549.6293616728522,3412.4052704206288,814.305824512403,1701.1137953995083,3798.639847349679,1750.5944489462113,4080.2878701982236,2870.8189500870994,2153.0037182596348,993.9988334951294,2472.628787445281,884.5458174486499,2965.864821946799,3178.2626399484016,317.6992376047927,1258.9950929445097,4155.606464110704,2759.3628721753225,1781.227759424822,4000.6632261013347,0.0,1112.420868133602,3663.5988609362416,3100.5974825782637,721.3339417509718,1372.334793563004,4806.388384338839,4284.219353093243,1418.2152984560646,4924.454500897656,4549.074503768873,1033.0496775279962,4128.388894408485,2381.5971240827425,3107.590432129833,3557.9589601504886,3862.9705913995817,4643.956177227981,4422.914595351985,4345.793444781037,3104.5996444083034,2972.9381567389446,2603.8135269344048,3404.705355318869,3784.1752913543432,2773.0765414357043,2908.393418153152,1740.6429723417,3021.734178268213,3481.7552252085707,549.6293616728522],
        [1420.0892038529894,3213.037847488458,1471.9887696272046,1449.9570285549619,2823.916378443684,2451.6679638278083,3370.505635224273,2982.4254642073756,1109.9940216609882,987.6108903158504,2559.739392246365,976.1501208627849,3016.766862595337,3051.3239790037637,1202.1686817437142,1837.4710353127523,3648.2200646154897,2076.5690168468263,1188.682194163715,4015.597965839869,1112.420868133602,0.0,3100.444366074211,2134.514967246679,1256.4351918656644,1612.2194566318328,4045.161776213906,3984.642556976487,891.624804318569,4308.788753399491,3444.0646576080976,1100.7226046450364,3029.245573187855,2962.8504116665395,2321.8146705492095,2450.877012238264,2752.739541293216,4245.35612759644,3808.6278734971397,3244.6147894509113,2267.5177126676567,1959.6822669535813,2197.3461841794747,2519.8868474404067,3695.414917526562,1661.2468802683366,1973.5003912490604,2174.5578067550373,3221.126131430914,2390.953926537966,1420.0892038529894],
        [4196.274772580626,1167.772732742011,4388.888071366717,1978.8842262938567,1764.7567376032916,3304.3816945692024,666.108405911444,2005.8252814909147,2350.703184861393,4071.686371237182,1957.095242748582,4037.9536018850977,1849.9448718079725,1367.0299480163824,3454.5127234692513,3005.845769573609,564.0937965811397,1044.3855186226042,1943.766716482118,2076.3333209249176,3663.5988609362416,3100.444366074211,0.0,1703.8644305780585,3074.4831335555855,2541.983572341825,1355.8978961005275,1224.8756494541983,3944.5757474532347,1262.733302556738,3310.319720470318,2651.7012711255957,2960.8488714656987,3175.296558211573,1017.0503253853298,2886.2929165488927,3109.2475917813913,1245.7450764618034,766.6789540173769,3110.9020345971053,1187.144403983968,1959.493091023749,1091.5925307027003,1286.308717455861,1629.0798865304753,2851.8121932650984,1624.6721303437753,2729.208612732063,2276.2237525154474,2589.2370231206096,4196.274772580626],
        [3523.171137009395,2569.5835573748527,3605.0828317020146,1924.8423119742436,698.310207468312,3610.311767445153,1571.724382749203,3019.7663443468687,1045.338323716203,3082.4558189832123,2736.893541799198,3093.076968651112,2930.995378165265,2614.2518730021648,3031.4657057933728,3078.510189368535,2224.298788574673,985.0549811392882,1485.7991398474035,3565.1040882293096,3100.5974825782637,2134.514967246679,1703.8644305780585,0.0,2803.6251891238726,2596.3775843510216,2075.9078053822464,2917.8187399680014,2764.9524107947577,2564.5529142707796,1881.0211910744829,2365.5735894131562,1455.4445647381547,3793.0956514271916,708.4768300118792,1213.4841898869313,1479.276289564612,2929.0012694267007,2131.7845400244078,1656.0237125851365,526.8091329164738,277.6978672440665,1664.1217483226412,502.2924987027546,3122.2125183895996,1199.4868696164879,222.71218723927066,3071.472433500102,3331.593367550917,927.7482167494907,3523.171137009395],
        [1257.9686329702968,2715.4311678990503,1535.3977058396058,1099.3043634475691,3483.9402417228766,1205.50966292217,3553.907735274001,2149.6831340147655,2013.7567569632956,1610.391081502755,1751.8798307756097,1513.6187912522073,2244.959273311762,2471.800132750539,422.7845855133775,613.3073671672026,3533.5226686961482,2267.700054900633,1343.6978469897579,3279.4159354804983,721.3339417509718,1256.4351918656644,3074.4831335555855,2803.6251891238726,0.0,653.7111647127368,4295.834522960551,3598.5399725600146,1905.8379620592261,4335.558692997406,4453.261852863204,453.3953079313794,4015.4742710100013,1769.948148935,2661.306147408756,3491.99295354112,3811.6091713408805,3979.742303110992,3840.91489382684,4236.543472725289,2694.9002446765658,2735.9731934775014,1988.1805690620454,3019.113629517948,3068.8171674323457,2768.296485823488,2590.8395456787716,1051.6014449106592,2306.4314174758365,3358.3683637366103,1257.9686329702968],
        [1911.67960690721,2073.685716349974,2186.4909693433383,682.6845282996087,3230.761603224642,1026.4540057370086,3079.996332977211,1506.8816554894672,2024.4962876111172,2196.6552752351477,1101.3261330515897,2109.702343519625,1594.663094942116,1823.004439023763,1075.8434991108488,497.50819182847556,2960.1681890047007,1875.3507098710438,1128.3646747747414,2630.512584751358,1372.334793563004,1612.2194566318328,2541.983572341825,2596.3775843510216,653.7111647127368,0.0,3826.9546807292872,2963.9764548929834,2405.9662705242276,3788.4292420130637,4384.293456677391,512.4662377099534,3941.51808562673,1386.5377100378773,2300.926327495184,3478.2889283777868,3800.5649534699637,3362.8443222933706,3305.2695996042958,4160.21657261866,2373.4040754598936,2593.4286025700876,1453.4520139112772,2709.4068730533268,2415.2313055934155,2843.303491206225,2374.0669387607727,580.1851599485124,1686.4011514577114,3296.290843738497,1911.67960690721],
        [5308.619409869916,2434.867329892415,5457.101474801457,3203.3760902499266,1633.5772495422138,4647.409817555289,746.9786136376024,3339.818149337188,3060.542181037341,5031.0298358165455,3312.8312967323004,5020.4146390257865,3176.548094994252,2677.7220285176872,4640.630458461877,4309.077304150512,1270.8067749990703,2047.3221546064694,3025.5182470727577,3176.4224962598087,4806.388384338839,4045.161776213906,1355.8978961005275,2075.9078053822464,4295.834522960551,3826.9546807292872,0.0,2054.5008053975494,4786.900966920445,776.475987400376,2902.533408296611,3850.596923837937,2705.153043493703,4530.5703596161675,1725.9682202256424,2913.03941941893,3009.592291132019,1702.8068940236967,781.3358670656916,2766.8881536938466,1782.8348213975587,2344.325634748074,2384.351525929419,1587.6198635122296,2772.8404762307423,3235.434381320209,2148.6801103560947,4068.3358234365924,3592.5463238407574,2640.260986041493,5308.619409869916],
        [4833.848662084223,898.2776797228672,5076.718944260925,2621.3555824055693,2970.7339959368433,3401.449005803579,1681.30419826699,1777.8264463126156,3437.4939694296363,4892.482596964432,1991.1135321616139,4837.391418719473,1606.9051555690885,1177.2589194918567,4017.160584349548,3321.4581777059616,838.1933407174615,2120.432650506503,2798.858283275427,1167.4566270362825,4284.219353093243,3984.642556976487,1224.8756494541983,2917.8187399680014,3598.5399725600146,2963.9764548929834,2054.5008053975494,0.0,4870.1496181147195,1447.350807170472,4509.526602468718,3257.3425624989472,4175.592394872163,3040.8014212431626,2215.7417843914204,4110.0035086433045,4333.831074465826,508.9272167183123,1281.325206057535,4317.067137444639,2393.6091404582794,3163.6688258702875,1787.3931156614146,2511.125259554117,855.1982401090822,4029.3157615958094,2818.1150873866645,2905.047689798446,1911.0003154902936,3813.3413294895263,4833.848662084223],
        [1372.5990189566705,4104.662294147409,1225.5858794921464,2335.4253688959207,3408.6801269146617,3094.3651402195223,4153.021772102384,3843.350489260544,1731.049068255368,545.7406582529975,3419.831128979814,640.7264577395948,3888.207288493083,3940.9299187137167,1666.7792218905608,2519.14517693512,4500.703828432923,2904.7121410217114,2071.2958387730064,4897.522977861223,1418.2152984560646,891.624804318569,3944.5757474532347,2764.9524107947577,1905.8379620592261,2405.9662705242276,4786.900966920445,4870.1496181147195,0.0,5119.092102538101,3678.9533549516073,1901.3678795733376,3316.479722544697,3675.6164572154526,3092.8120236835684,2713.5264934620245,2964.690249353292,5116.522264605377,4625.552206031196,3511.7898137080288,3008.4204119800124,2536.884347155543,3083.1153809475677,3213.030823315361,4584.714185107304,1926.4045439710935,2648.568831529142,2929.220559051629,4066.650071519124,2750.356928943912,1372.5990189566705],
        [5454.368560183469,2052.329283033364,5639.762380243712,3241.389940517156,2270.5954484218905,4481.495610639654,996.7577524820473,3005.5495076229377,3440.165179966892,5291.638788711639,3074.5439235033964,5265.2067926330665,2832.438897615815,2331.29548097715,4717.238599235098,4238.199533487501,863.5354966953314,2232.954597070115,3184.9949957762665,2613.2830285317928,4924.454500897656,4308.788753399491,1262.733302556738,2564.5529142707796,4335.558692997406,3788.4292420130637,776.475987400376,1447.350807170472,5119.092102538101,0.0,3646.702234036924,3914.4293428318374,3416.4019285761174,4258.703176164501,2038.515403571627,3554.895426906781,3688.884676743799,1008.0695801603644,503.7619771105315,3497.668453819989,2153.6007151922518,2842.2276293910313,2348.590519758168,2063.2345720623684,2260.4364248799156,3762.449643992736,2578.7057036155434,3921.316272264605,3214.4985740962984,3267.567755494087,5454.368560183469],
        [4837.241380841955,4358.743127887905,4814.029971598282,3744.723358355574,1545.795269092581,5410.695762077734,2864.1465939603795,4893.976470099948,2441.466732209435,4164.555980922424,4617.913819633901,4220.540745583405,4797.5369212346095,4445.869480214533,4576.3607350092825,4838.025735929175,3699.019043529036,2853.7514533162853,3257.1097650851125,5341.460657463267,4549.074503768873,3444.0646576080976,3310.319720470318,1881.0211910744829,4453.261852863204,4384.293456677391,2902.533408296611,4509.526602468718,3678.9533549516073,3646.702234036924,0.0,4060.1597662987406,442.78051807305826,5651.35503993398,2498.430909729667,994.0999144652058,714.3649425199866,4365.030585473812,3397.995137708588,226.3468098177843,2328.566412604916,1804.7959672379022,3537.783609656952,2076.882483894551,4890.329098226524,1795.9563531283286,2091.1719696754935,4901.505136577996,5205.609976781605,1096.1486546949448,4837.241380841955],
        [1581.0657157303867,2396.3603949579538,1819.826494596156,674.5024609539529,3039.7883489788333,1423.8061395831317,3111.055216700649,1963.411532258444,1638.203924675891,1730.1211041675658,1543.329368772227,1652.0216700577873,2028.608135666976,2176.9362868474022,802.812940135108,808.5723117966882,3129.597088898197,1816.6029713102337,893.5004566568093,3060.2724696911473,1033.0496775279962,1100.7226046450364,2651.7012711255957,2365.5735894131562,453.3953079313794,512.4662377099534,3850.596923837937,3257.3425624989472,1901.3678795733376,3914.4293428318374,4060.1597662987406,0.0,3619.3697717394107,1874.6620910408149,2207.9774653488475,3117.146811034067,3439.1236614809127,3611.047772268879,3416.194253449206,3840.238730164769,2242.2233291475372,2312.845399791517,1577.2732863940032,2567.556320408838,2801.3288525766543,2430.223708748583,2150.0320143936415,1076.9172340955467,2170.104317052556,2964.1117591844663,1581.0657157303867],
        [4433.052071032457,3972.045998261995,4423.029044981618,3302.9549636039205,1208.566731110055,4967.926025731691,2568.2332896353264,4474.625124205197,2006.4341929647096,3784.937353821779,4189.654286675849,3835.3877086005045,4382.915428412682,4045.6491164731165,4146.727118149745,4395.629998698505,3383.880268573866,2436.16656941427,2814.4143912692166,4961.250189202826,4128.388894408485,3029.245573187855,2960.8488714656987,1455.4445647381547,4015.4742710100013,3941.51808562673,2705.153043493703,4175.592394872163,3316.479722544697,3416.4019285761174,442.78051807305826,3619.3697717394107,0.0,5211.900162634851,2098.849935781708,602.9900344613563,413.2479094714805,4066.7767385498664,3122.2837173464445,221.08511122464094,1923.9925208486663,1364.9458610511642,3118.3815349805795,1696.4161803485001,4511.51347899581,1402.8476305394984,1660.4447376559385,4459.638398701356,4786.449839616928,657.152017936203,4433.052071032457],
        [2805.247947754142,2220.098072332841,3118.3492812649433,1922.8879076260334,4347.365092601284,659.3237935950249,3821.9136449228486,1270.0648094042524,3381.578205356513,3355.38446281588,1218.8657614615652,3251.593717489859,1444.5403967360082,1932.5153091957134,2071.8460634948406,1156.8291940468064,3398.098935293039,2904.1641088956576,2431.988912559374,2198.052393366009,2381.5971240827425,2962.8504116665395,3175.296558211573,3793.0956514271916,1769.948148935,1386.5377100378773,4530.5703596161675,3040.8014212431626,3675.6164572154526,4258.703176164501,5651.35503993398,1874.6620910408149,5211.900162634851,0.0,3332.0316113399,4795.978456135005,5115.0985817961355,3535.4410995731473,3851.46947188666,5425.081138184533,3453.5585441585486,3846.9748483130925,2274.075585954828,3781.183606952503,2235.473848848093,4208.056117601409,3573.6413593645684,806.5732357653277,1152.9890722345056,4587.535474183503,2805.247947754142],
        [3594.9702616823347,1877.9843424545563,3733.9029231396717,1623.9585193465,1030.8400517051443,3256.3224482589894,1060.2579166913167,2417.8033085100424,1402.2429716258719,3308.995243329182,2188.9357567565885,3295.831574665971,2309.609332254785,1948.0530006540992,2968.8697378090733,2798.422484616395,1562.2098906625636,434.06245819619033,1334.629792711506,2871.7205677356915,3107.590432129833,2321.8146705492095,1017.0503253853298,708.4768300118792,2661.306147408756,2300.926327495184,1725.9682202256424,2215.7417843914204,3092.8120236835684,2038.515403571627,2498.430909729667,2207.9774653488475,2098.849935781708,3332.0316113399,0.0,1919.448380192849,2173.6853219921504,2259.5722078605163,1560.0129376423533,2280.622454030213,182.42211474119458,948.0244990792171,1080.881720117265,454.06279783695203,2425.2520573020056,1835.2875678807823,607.6879264748862,2685.4990904923343,2727.177536241714,1629.2815369639925,3594.9702616823347],
        [3843.7538099033145,3780.401060254054,3825.718182162251,2873.205142409059,1287.2150907126513,4501.267343682268,2620.1785808096724,4169.697489787336,1480.606998738274,3183.655902087357,3848.6272504993717,3235.6520194346,4096.9223095292145,3812.525913441207,3594.298852789466,3911.0449701568214,3372.6676486131773,2174.577540944838,2367.2072624242696,4775.744244180244,3557.9589601504886,2450.877012238264,2886.2929165488927,1213.4841898869313,3491.99295354112,3478.2889283777868,2913.03941941893,4110.0035086433045,2713.5264934620245,3554.895426906781,994.0999144652058,3117.146811034067,602.9900344613563,4795.978456135005,1919.448380192849,0.0,322.58665579635266,4075.0776270037923,3192.562921815075,804.5727866962031,1737.0395320128441,1023.0994764472192,2831.4055489086672,1604.9952349923847,4334.474878564267,804.3879650822645,1370.8572179428768,4020.085053690374,4479.637118533218,298.06904959217854,3843.7538099033145],
        [4133.52082076938,4047.3827716215237,4103.424606597689,3192.708253444653,1425.8218624564397,4823.763308077593,2789.4830894050388,4468.66937394286,1801.8971836780456,3451.2039246251516,4155.092311355527,3508.3878539153407,4391.223844584778,4092.091982089734,3907.092033630526,4233.5679211338265,3572.687233954322,2456.7079411643235,2687.935856668984,5042.665930560406,3862.9705913995817,2752.739541293216,3109.2475917813913,1479.276289564612,3811.6091713408805,3800.5649534699637,3009.592291132019,4333.831074465826,2964.690249353292,3688.884676743799,714.3649425199866,3439.1236614809127,413.2479094714805,5115.0985817961355,2173.6853219921504,322.58665579635266,0.0,4269.2828447202055,3356.8414605537287,561.2452380598975,1991.9951508698387,1316.2235911546027,3123.268558398273,1823.0984470604658,4597.976834274732,1093.6662982486225,1654.2243846300453,4341.137979229827,4779.418691796538,555.491848140543,4133.52082076938],
        [5192.0030370036,1347.282873330647,5419.932829992387,2952.4573036318866,2860.7762453149517,3870.183953623433,1501.678678037736,2267.3123090949375,3584.164045799782,5185.63124199851,2448.1391129895296,5138.805396449432,2094.1501663889153,1637.130848142975,4391.7773470003895,3749.573681160538,705.2393804745751,2261.795636879206,3058.5593134429196,1653.0410231859764,4643.956177227981,4245.35612759644,1245.7450764618034,2929.0012694267007,3979.742303110992,3362.8443222933706,1702.8068940236967,508.9272167183123,5116.522264605377,1008.0695801603644,4365.030585473812,3611.047772268879,4066.7767385498664,3535.4410995731473,2259.5722078605163,4075.0776270037923,4269.2828447202055,0.0,988.3138734246019,4187.217869930735,2424.385915664256,3192.8973851431524,2070.655817431335,2474.218987653946,1363.9215173411706,4094.6769772469893,2865.8137933731614,3355.1955664262,2414.725465805174,3777.158437372353,5192.0030370036],
        [4951.634769953586,1689.4408881067743,5136.064090630268,2744.39784173842,1931.930197528999,4034.2136489941486,573.0502567523885,2622.7990083470236,2961.311790046206,4790.2391893904605,2647.4475545036294,4762.865795298628,2453.8637093001007,1949.9448206187947,4218.9129863098715,3763.454745185317,494.44797347453704,1732.1012235118294,2681.251383858155,2395.167022068574,4422.914595351985,3808.6278734971397,766.6789540173769,2131.7845400244078,3840.91489382684,3305.2695996042958,781.3358670656916,1281.325206057535,4625.552206031196,503.7619771105315,3397.995137708588,3416.194253449206,3122.2837173464445,3851.46947188666,1560.0129376423533,3192.562921815075,3356.8414605537287,988.3138734246019,0.0,3228.7748270234174,1688.0006725019891,2408.3333361548657,1857.6914970026749,1638.5216349604464,1995.0436314709254,3330.389042829991,2123.377411645816,3466.0824126418747,2857.3791478715957,2898.379673899649,4951.634769953586],
        [4645.06144157035,4146.107925412865,4630.191334776794,3519.1299683386537,1347.1572566635434,5186.527596734364,2685.5872866102177,4671.021380037035,2227.150625902865,3987.4787598712487,4392.7970852817625,4040.1290225599555,4575.893644895793,4228.6442485405505,4366.523742934503,4615.614572854017,3513.6255011966764,2630.9268663243083,3032.6418202697555,5131.412759350595,4345.793444781037,3244.6147894509113,3110.9020345971053,1656.0237125851365,4236.543472725289,4160.21657261866,2766.8881536938466,4317.067137444639,3511.7898137080288,3497.668453819989,226.3468098177843,3840.238730164769,221.08511122464094,5425.081138184533,2280.622454030213,804.5727866962031,561.2452380598975,4187.217869930735,3228.7748270234174,0.0,2109.1205232859693,1578.683698412126,3314.644009923943,1864.7722325466423,4680.678441741552,1608.758016821028,1865.365964337476,4675.942690010489,4982.733188957857,878.192776712282,4645.06144157035],
        [3577.3938453954825,2057.776764901412,3702.2193846201285,1691.3762956170233,894.1832411798179,3349.1137642123026,1161.4939755349908,2575.0817788051595,1294.373686593064,3250.879525481918,2330.8543522797054,3243.665001304981,2471.8977929955054,2121.6631426224217,2983.261029507516,2869.6187102441095,1723.2376455729404,551.9091585881691,1353.9674193218846,3052.1558076269557,3104.5996444083034,2267.5177126676567,1187.144403983968,526.8091329164738,2694.9002446765658,2373.4040754598936,1782.8348213975587,2393.6091404582794,3008.4204119800124,2153.6007151922518,2328.566412604916,2242.2233291475372,1923.9925208486663,3453.5585441585486,182.42211474119458,1737.0395320128441,1991.9951508698387,2424.385915664256,1688.0006725019891,2109.1205232859693,0.0,772.5945230362439,1226.8734750663443,336.5820386124791,2606.313601640132,1672.131589869758,443.68138747385365,2784.8131429552986,2885.6208110380308,1446.9347528889434,3577.3938453954825],
        [3368.404767149789,2768.582094913948,3430.6855280764466,1942.250776372043,875.7750641008587,3617.672529238712,1849.3128542209583,3152.4699115777207,850.7952995742003,2881.4918688751727,2843.741381402379,2899.4106355972413,3075.8619128982436,2791.2209106628384,2930.0994313702245,3061.177663611093,2489.412094727441,1153.7621089621834,1465.7891795176367,3762.394936853674,2972.9381567389446,1959.6822669535813,1959.493091023749,277.6978672440665,2735.9731934775014,2593.4286025700876,2344.325634748074,3163.6688258702875,2536.884347155543,2842.2276293910313,1804.7959672379022,2312.845399791517,1364.9458610511642,3846.9748483130925,948.0244990792171,1023.0994764472192,1316.2235911546027,3192.8973851431524,2408.3333361548657,1578.683698412126,772.5945230362439,0.0,1808.9692478146296,779.559055402954,3325.131277392112,922.2189319826232,354.8055773131299,3098.853222239048,3463.2990752235996,762.8678308006564,3368.404767149789],
