{
    "drone_dist": [
        [0.0,4719.120114679651,2529.0404071196044,5330.129593340415,3207.2324465051715,2961.225216429129,1319.8048126273952,4063.1231139824513,4103.173447870233,3054.3671516101954,4502.662782260294,491.5722238943793,2111.6214952055852,3668.918450838433,577.784620832748,4259.866467178706,2868.2507393450396,5139.953582243349,4592.003297565513,2269.1682062204327,4621.079805033125,1024.4983488791945,4014.9873778724323,4400.451816791956,3045.6108925609196,3095.5855687326666,5119.22616706149,3392.0411712873874,1170.8219453349816,3139.8050857558314,1476.6091417341686,2962.6443514427333,2085.064473514277,3182.898158063918,5169.495247087603,3218.531014836105,4686.958909276244,2116.708267793568,5559.667621972922,1679.9238105315176,2536.048649169378,3866.1109069350423,2935.8509075997504,4767.7466440787475,3256.2623790828547,5666.374543628654,5457.140392972885,4230.43846872468,3854.609536308979,3940.0080057023747,3059.6032999922695,873.2431699839342,2457.462959820885,3128.7857890420823,3971.6693608021715,1431.5304600277627,3147.142040866192,3195.6145294094936,3732.1490959165426,800.7922999548858,4441.5131394301925,1504.7863791762784,2099.5715109438074,3316.720965464017,4564.572855218557,4152.057199199302,4472.188173500951,4056.5871341581546,2809.4417997202954,2584.419989544414,3175.537604904475,636.3341141371873,3780.6763876927234,3534.312931716345,4596.149553060052,2294.822789518194,5122.994378819664,3734.7195003242978,2390.207687834007,3927.609264355726,0.0],
        [4719.120114679651,0.0,2825.3303862578155,628.7845528050622,2460.0209774961136,2283.352706216611,3401.024388711211,2735.5998574431574,1324.1358992448008,2454.663926934853,2231.114214791789,4526.724779470209,3583.0506047662057,3170.31901132025,4380.309128496227,725.6428870473071,3354.7771286112825,1111.6675319530875,2336.4381142421553,2760.2929473345453,1890.1106425368814,4673.4291162247155,998.3306089742644,1387.4012682355578,3035.5167227244337,3178.91539296384,511.47829539091776,1342.01859540301,3765.28478882822,2160.7819739074484,3641.085961598014,2362.635455851165,2762.562079031439,3332.922567742655,1014.3841449572367,1941.3525109540876,414.3856778001998,2900.4847510947598,1030.9930837635843,3968.807587029021,3429.2955521958,2122.603033773642,3275.2437985925376,2218.091491097742,1795.042276301846,951.3693895673684,1231.4171602807098,588.0225030471873,884.6142324403173,1822.8086047307072,2140.9977496914057,4055.302011737357,2581.9343576116503,3246.53659027685,1269.2677153410684,3936.8468431527936,2468.003074321639,1615.2352816815753,2925.3366566782083,4635.012886625435,3054.031107030787,4016.83276859802,3343.7960519180133,2751.0197264395783,661.5435330039882,1205.5999819493632,3223.474819161294,2097.452244504817,1926.5578068125624,3239.339227638027,2075.80714028129,4085.0820833968633,4140.622808510513,1819.7598120297066,359.4200469467816,3118.2078849059108,452.82382657626624,1050.0141737683482,2354.879110374616,3636.339339240079,4719.120114679651],
        [2529.0404071196044,2825.3303862578155,0.0,3442.8417903176273,680.2280857248609,2455.7181170361955,1581.9604966553554,1563.1298431645612,2936.1487405461,2721.792887936834,3813.123855889127,2140.6106099352974,762.5225963883577,3761.0554435395516,2001.572144195525,2713.5411753210583,770.4387938296331,2842.961671483885,2063.686927773329,2129.3541959574763,3710.71983613958,3052.0539987607085,2606.5111537381918,3251.9903925587923,678.1998134794477,3331.482920615819,3061.8577098490273,1620.5195701637156,1358.6524599916315,2546.2508191235033,2366.372278072611,2537.1649933638087,736.010930275699,985.075573819748,3638.3094320015375,903.9002812300189,2989.76113711105,490.08883700535614,3386.8161040551427,2882.294036710741,661.2360428406872,3236.864353740422,753.5980830227489,2245.624446132133,2322.1175331826694,3664.3609671376244,3169.499489054985,2565.499802853163,1986.9768804905582,1476.6443784812245,700.6509306523258,1665.7101841874105,392.0982717172072,884.7219322497807,2758.7191525808917,1269.4474249687783,621.7218038786156,1961.5296644729774,1283.824944788122,2891.2785270072145,4240.048924532662,1302.4452709071172,2628.8903369571112,3200.127568195563,3001.7573138567436,1860.5894341431056,4358.0084864756345,3383.4065826576584,1228.8420483321968,2961.5616014057823,2506.844565218894,1973.270689780052,1914.1663862996616,1143.814985840016,2566.711821664503,307.1819676397284,3278.0083575493964,2203.8354032852426,1521.589310783693,1734.773845290846,2529.0404071196044],
        [5330.129593340415,628.7845528050622,3442.8417903176273,0.0,3043.367949423662,2768.7041466644887,4010.487019158329,3213.728636915392,1653.473375381532,2902.115073173477,2368.238802692317,5148.828139405391,4202.920130196672,3478.8412193503523,5002.865606020884,1163.4571813464454,3943.2650373762553,1261.8904971559966,2722.8630626492486,3306.4624013520383,1992.393675164408,5241.275403522283,1452.0805037041955,1592.6420674323115,3616.5249680914867,3576.1015150458443,536.3340643997792,1967.3440689521717,4391.773242097439,2625.8220307773763,4204.337554763606,2837.5367594293634,3390.609269738216,3900.0805139798535,826.9052323643928,2550.2014991891238,706.0289196488488,3528.8516292456875,827.7368873888937,4500.950968750515,4034.8915123089773,2426.108104145452,3860.3473078803895,2564.0066529524674,2295.1497419865977,422.96453529137597,1213.0640316707297,1119.018419811288,1512.7180580466527,2341.5861952829678,2752.023142625581,4679.917893973722,3208.4040471799112,3818.455438962839,1660.4891759638267,4565.4556828580135,3056.4671072003553,2181.08966938085,3444.19196430595,5214.522432546119,3221.0927926174413,4644.845599091685,3861.2792739333045,3129.827452697811,935.6293459475816,1731.3928049090662,3390.32973069697,2354.813027749405,2549.902031208832,3704.0389483723156,2545.2887925183622,4698.054275199877,4667.011847044308,2401.4530700896476,891.0948164122882,3738.6811238610985,216.49577162967813,1615.867478718286,2951.8488487676864,4139.723326077497,5330.129593340415],
        [3207.2324465051715,2460.0209774961136,680.2280857248609,3043.367949423662,0.0,2682.4190348820425,2190.6912948713816,946.5958217645663,2872.4786984463713,2960.585073198835,3837.7894932402937,2820.374679674496,1336.9309422510598,4011.4840538899375,2681.7207843124006,2519.1207286523504,900.7245762178378,2271.1379378772244,1384.8021486083467,2516.560083183325,3670.826506057355,3686.8753102561327,2484.04522645419,3164.8088678118584,575.5376913807542,3651.4561290715055,2602.6104899054735,1496.7805536205915,2037.7709335143538,2731.7416776214914,2920.96125222408,2775.1748243152897,1279.0067082982614,888.5045785074575,3376.761278230758,599.2816651201925,2702.9424737142517,1118.8709419950972,2859.7679700025847,3428.7170444194267,1041.7957934519593,3327.9849164459515,817.0083215169401,1565.6053155313816,2428.7503933804746,3205.2687995215542,2593.4844717746005,2333.5264315769236,1729.4618420431666,847.0573880879991,480.88690855679437,2345.807888357268,841.6683278262958,794.4033112735756,2697.31479329416,1930.4767359838913,62.389171836551675,2021.5024395288249,773.5856221683058,3537.5704990234008,4381.278412395621,1947.4579419914742,3086.556577883372,3443.605026359856,2772.475058177685,1345.326251476743,4516.422250247022,3447.104048700128,1353.046548087262,3349.4408900554727,2674.324785142167,2640.602896356266,1787.8230341954754,642.0918274177166,2152.365688256549,952.624710407313,2905.9005145617302,2084.2626926660264,1848.0559613263833,1417.1887723768214,3207.2324465051715],
        [2961.225216429129,2283.352706216611,2455.7181170361955,2768.7041466644887,2682.4190348820425,0.0,1779.2737955976543,3528.37378267637,1222.346012114124,278.7642870309866,1579.3102932991023,2973.3800402962615,2932.994785757036,1329.1686915768641,2853.2833825557127,1606.2417068605102,3225.9855413737014,3176.7688376133997,3595.3381158551797,692.064678465281,1660.7425118436636,2582.337084857416,1316.895602211496,1479.4202946361634,3072.256510379781,1030.0459177295422,2787.5529978168943,1455.4410768801129,2453.858435137007,179.79253167374074,1570.7370194521786,99.16263121967185,1830.3955351724487,3411.4653654276412,2353.0068121676113,2160.6696248058224,2062.703424949312,2125.7284221702703,3305.3208591831235,1761.0253535425704,3071.4913588721183,932.6235702876909,3202.808529444152,3628.7192193439523,490.22882894085234,3176.7001106426496,3411.393241897168,1695.82545059279,1713.6757690864958,2766.2754888184722,2207.815995334137,2626.8766570429952,2063.965351106163,3306.43664242117,1141.19311353526,2856.4372177704445,2637.9931498257447,813.8699465266894,3450.9749428106197,2607.9651570299998,1803.1265469323482,2985.0758793634172,1108.373090663456,761.2143070126368,1853.5203570371496,2487.1850148051712,1909.874915674969,1119.3565057553194,1330.0737228654514,959.4556344989912,235.5153550511173,2411.6615467556867,4357.196747186097,2385.9256414999727,2358.2851704286545,2581.22946754866,2553.3834531775437,1273.1660650745926,954.3944183335882,4084.7136299515328,2961.225216429129],
        [1319.8048126273952,3401.024388711211,1581.9604966553554,4010.487019158329,2190.6912948713816,1779.2737955976543,0.0,3126.3770020764964,2831.5460005328914,1940.2890639325312,3358.491174767731,1212.197894369018,1578.6744179200002,2783.335463987615,1082.7545094388943,2946.509265119371,2195.949780238314,3876.048846175677,3534.592676643057,1122.528068482699,3420.0545011398167,1504.28870647529,2709.1830644163206,3140.6492298696508,2235.304421079013,2238.8515647582344,3809.775546964121,2081.5746299783455,733.0796913312381,1947.6119175531064,833.3861917927696,1806.7534803355961,920.36621172864,2485.8224826550027,3867.2590017871535,2037.5177943463548,3368.9863618812724,1092.853795069685,4261.861677932115,1341.4015560859293,1908.9264650161224,2711.7277766617144,2226.472618675764,3677.108202518993,1990.636071218531,4349.695127512625,4186.020181296434,2911.49733780777,2542.41395783031,2793.2832452151774,1915.1781033772131,850.7299677528966,1354.4370536461274,2400.5599670456545,2688.8060893827424,1204.2456107520306,2128.3799382146353,1885.9382997936004,2865.5243714784574,1376.4098363142355,3467.4628459606565,1340.7738386337592,1292.5940282672123,2311.9465350432893,3253.217599934955,2908.794910803351,3535.626328866374,2898.5700362573957,1505.4565510674572,1752.6174732570587,1965.2261532177051,692.580476386777,3312.271556634555,2362.223803551321,3288.707203030308,1476.3963587649598,3803.1917018424915,2416.8762694001152,1075.8140058695826,3265.915770340658,1319.8048126273952],
        [4063.1231139824513,2735.5998574431574,1563.1298431645612,3213.728636915392,946.5958217645663,3528.37378267637,3126.3770020764964,0.0,3490.9940770294215,3806.517420705365,4502.738169089461,3640.424505768302,2023.9035981364486,4846.185261084732,3511.0042481290247,3021.4664355189534,1319.1908232454382,2137.7418314251995,709.7783526300046,3436.3018106463246,4279.339392329909,4612.428484167398,3067.682724781724,3745.410385401664,1042.803154544179,4529.9012906135595,2698.163540604065,2180.191814882035,2896.7562735967226,3552.1890393843246,3867.369978423918,3625.0012356416764,2222.5227580966466,1064.8254865292802,3738.9415840812617,1368.3852948951208,3073.435561033607,2039.5661549705815,2785.920181051722,4375.295150752239,1619.5306445741749,4064.1269455950855,1226.079380369342,948.3374270700675,3209.4870065102905,3254.2243432567566,2413.987299686815,2806.9999978128976,2243.5499493721377,933.0233002142425,1353.463436080654,3190.3340122786685,1786.3519917964827,1056.0179328406666,3327.550159913922,2695.883833938937,1007.4288430976129,2792.8126426875347,388.7255762777519,4454.215932108353,5133.366817633346,2678.1959967334437,4021.6260914417794,4282.742883862021,3213.7678625000044,1534.9234782284782,5279.728281681941,4157.412297511357,2212.383319174379,4261.045048808324,3485.387914745053,3531.4489050412394,1503.900537789736,1170.258694055614,2381.0357643473844,1768.623825459754,3132.3215087305402,2703.43512631419,2760.538696797093,940.5339793121291,4063.1231139824513],
        [4103.173447870233,1324.1358992448008,2936.1487405461,1653.473375381532,2872.4786984463713,1222.346012114124,2831.5460005328914,3490.9940770294215,0.0,1289.9856621766237,1022.2070658296159,4042.513500176368,3595.315190522017,1851.6185994034845,3908.964610729362,612.6403758468144,3646.43356450947,2402.7000980528987,3311.6693350000514,1872.5192855784653,798.9981517435347,3801.5839260491766,432.64442581642305,323.8597237715158,3396.843044759536,1924.0846181883323,1823.8806839580861,1376.006307022505,3402.959774002694,1052.726573457744,2779.144643552499,1267.3125301336315,2539.6945390184787,3738.2735734628477,1132.5557371065152,2273.3178682756884,978.4608244239957,2785.2540794376428,2332.48096369351,2980.5648435851103,3597.3832489834967,799.0938193726341,3593.0221008867984,3263.2833109498533,846.919025189926,2075.9846989918246,2553.9501267029195,816.7955382678435,1257.2196366987582,2579.383268238414,2415.8861079852277,3634.75407582663,2576.663744426131,3635.99530566994,177.83643554311436,3719.861724091899,2850.972295970654,1020.3797091827774,3549.08263758223,3817.860069638187,1770.7341998237691,3832.1226080526385,2326.557887843088,1476.4230538856068,722.1907779981636,2075.300178538015,1936.718753036436,782.2219940079809,1723.691454117845,2092.0144476183195,986.8496074282733,3511.2434328100603,4660.042097259687,2346.2436360215356,1548.6902804880635,3160.993411698405,1450.7183787506767,794.7017067031411,1787.4994482431657,4257.850367905107,4103.173447870233],
        [3054.3671516101954,2454.663926934853,2721.792887936834,2902.115073173477,2960.585073198835,278.7642870309866,1940.2890639325312,3806.517420705365,1289.9856621766237,0.0,1448.5146925915676,3107.7771855466513,3175.140931293866,1051.6509329463272,2995.116800490528,1752.0806913138233,3492.212524909626,3393.0325641446016,3864.8530835222246,819.1271305642796,1590.3403961180954,2583.646313473603,1464.4021201031317,1502.4759733068752,3345.0508880346238,772.5024026654784,2964.278372688979,1718.428843619815,2640.195877914991,303.9549961020265,1613.2082783271928,186.30849681631273,2079.011473859631,3683.0231100935857,2417.008507997476,2439.078080372208,2198.9693611189523,2376.6937114844736,3484.0494926389433,1720.7187333932632,3329.298862473248,814.8413168318715,3471.2747800229017,3893.181973091481,701.8748455351805,3317.7195002462136,3615.055126924497,1867.9213477649153,1948.369748189247,3037.66154205789,2486.410848699212,2790.9201030770337,2330.8371312278373,3578.181232893654,1244.8413739572288,3061.2292309516183,2915.8403673001344,1070.8958882887323,3729.533969873736,2633.14030124922,1565.699784219281,3192.4607134140037,1072.416517211886,483.8066658557763,1971.395672881547,2740.619596289744,1661.6678473826637,1004.9081751331242,1608.59647960834,804.4960090824994,390.42019342825455,2537.3394581566604,4627.671604906907,2661.627540414374,2559.4614554633517,2836.913093746673,2689.671450578679,1482.9794354292387,1208.4068103840375,4361.249497274212,3054.3671516101954],
        [4502.662782260294,2231.114214791789,3813.123855889127,2368.238802692317,3837.7894932402937,1579.3102932991023,3358.491174767731,4502.738169089461,1022.2070658296159,1448.5146925915676,0.0,4546.935875316698,4403.705603789564,1308.722014771092,4429.668618540297,1591.6271730571873,4556.950552763272,3341.6099533836873,4333.265411420318,2254.217956370198,381.41950122356127,3976.624209194445,1454.6948424425386,846.686566864645,4334.634242655989,1676.4790504956138,2685.4070766046966,2350.3307856320757,4025.9576556156185,1414.7571182312638,3051.196933986172,1555.8936545070758,3304.3012496414517,4679.72252205618,1598.3341027405374,3243.542364551737,1828.516614472453,3581.1322701307295,3154.507336260367,3082.6012825344324,4467.622116556553,646.7717429429332,4513.024910139059,4280.71158889532,1504.1673661205323,2772.977762252146,3445.9919200152517,1811.5800778503165,2278.3127412520657,3598.180894940029,3366.832215003404,4206.012518453414,3432.1300069776526,4575.436281559384,1176.8666614191498,4410.1500912638085,3810.306734037533,1853.5509699666538,4542.014818707558,4049.6768616333147,853.5738873153997,4534.641708665921,2470.2492137038594,1274.7054246720986,1570.0822109008081,3096.353782129054,1022.312675279232,461.47376122243344,2585.222487940995,2066.9345643620486,1409.9946649070744,3980.0486540401835,5616.385705167654,3346.648546942784,2511.9458739871748,4001.586325846988,2207.9524646698696,1799.3192659363092,2453.3613288269958,5242.091804255327,4502.662782260294],
        [491.5722238943793,4526.724779470209,2140.6106099352974,5148.828139405391,2820.374679674496,2973.3800402962615,1212.197894369018,3640.424505768302,4042.513500176368,3107.7771855466513,4546.935875316698,0.0,1652.372426364512,3836.136161277985,148.14833581689868,4129.1688564584865,2410.4114256296857,4854.16817605613,4199.668485962556,2293.049242767812,4625.807985739768,1456.0885389826653,3904.0079431296754,4352.646189475412,2609.055874600018,3266.084652318818,4895.647849919272,3185.48280809952,805.076748759812,3146.303146450069,1640.9965425617056,2991.1093149402923,1800.6415442550979,2723.866296808744,5062.392981932678,2898.699960153778,4535.887159858202,1773.938791928195,5311.76151460618,1959.9563812980718,2078.2508658155657,3901.3693741542293,2482.7193377854896,4385.9768708827605,3202.784808711556,5462.4182114146415,5176.475729773402,4075.009076118384,3647.045556320729,3590.7539357694445,2725.301765342696,490.8023508616458,2125.308532554123,2675.535886584318,3897.4466448520725,964.9318364915512,2762.3125336974404,3080.3073974589292,3296.8553505954833,1230.4808823065998,4577.0851703516355,1025.230222528343,2259.394484015464,3428.1082132855254,4438.461412565743,3857.2084683339776,4624.935201371229,4090.2949099454822,2600.1953897627523,2753.0257532486817,3169.345368456775,574.888448949345,3293.499765156007,3203.6988033542334,4371.358458501815,1882.6695167598193,4948.129584864124,3589.454067434845,2270.736182918621,3456.407708262054,491.5722238943793],
        [2111.6214952055852,3583.0506047662057,762.5225963883577,4202.920130196672,1336.9309422510598,2932.994785757036,1578.6744179200002,2023.9035981364486,3595.315190522017,3175.140931293866,4403.705603789564,1652.372426364512,0.0,4167.118498576478,1537.347457192433,3431.9444686274896,758.144707650123,3583.9187934757992,2641.8031743192278,2460.1853831055155,4343.071192297636,2848.42226447656,3299.6200614126465,3917.149534128322,981.1012964349662,3676.928233046059,3824.143960292052,2340.995018424527,1023.5141384605876,3054.3297722626444,2410.9894934056038,3000.0554003663606,1106.2372746912743,1072.1404334062263,4369.503463655818,1665.960342289455,3732.2011764279637,822.5808405334404,4141.97286823645,2911.8637770470173,425.8802965787275,3793.6883917668365,831.3740136650295,2850.755905666959,2899.783197522691,4426.830398248256,3909.491070620186,3297.529932260556,2732.8942122793846,2180.827910820389,1462.487997717299,1256.0662613571983,1035.4944298923974,1023.800394094092,3420.622666320258,688.0027485521418,1291.8762609111172,2586.1893299866933,1661.708692395433,2652.609349370953,4735.556120245878,654.972516572608,2827.83677939714,3630.0757348766133,3728.0930560953684,2613.3452303812533,4836.712133595635,3956.0955572938956,1873.0268409262408,3240.3358550870926,3031.276034972226,1686.5596969904745,1758.0178073538655,1890.5456688317042,3328.8987167969576,465.0710424159192,4035.284133039949,2904.9781960796045,1981.1606992041668,1821.7086648468396,2111.6214952055852],
        [3668.918450838433,3170.31901132025,3761.0554435395516,3478.8412193503523,4011.4840538899375,1329.1686915768641,2783.335463987615,4846.185261084732,1851.6185994034845,1051.6509329463272,1308.722014771092,3836.136161277985,4167.118498576478,0.0,3747.193193005927,2446.6278386826525,4530.40785109011,4216.3225063558675,4864.586397530349,1713.584479680371,1648.6547457474994,2945.1900451057345,2195.15126985101,1892.7205491535296,4393.303853146226,573.4989446332391,3674.4153480562854,2713.756655293814,3514.4406566572457,1294.4665888849254,2203.916576571697,1237.7530149181264,3092.3618181974834,4729.474874414617,2804.8223971438633,3482.027533186777,2827.9051199248424,3391.6517202631685,4184.09256416423,2053.1485462992628,4352.41434971116,1055.8193698201724,4513.209601913546,4873.507060289064,1659.0081079540894,3900.666324416075,4393.038071220702,2622.044531704651,2863.1440296587757,4047.896095369712,3536.0638284371075,3606.8207080431634,3372.153977787265,4624.949303685076,1905.0316612955057,3970.205132850784,3967.161212476085,2069.0374989722295,4779.205435789973,3067.237912729902,807.4760296520337,4105.557660685919,1578.90208694823,567.9813399681431,2566.9251160033436,3692.6499057994088,807.6014872263332,1131.7604266241524,2658.7539659514705,1086.7476847830992,1364.4001052086758,3265.1636363525413,5672.010629844389,3690.3663445704015,3358.565270053254,3857.846105791194,3286.6764514647143,2358.8816548743143,2239.916571782045,5412.791476878549,3668.918450838433],
        [577.784620832748,4380.309128496227,2001.572144195525,5002.865606020884,2681.7207843124006,2853.2833825557127,1082.7545094388943,3511.0042481290247,3908.964610729362,2995.116800490528,4429.668618540297,148.14833581689868,1537.347457192433,3747.193193005927,0.0,3987.480076427967,2295.117464842522,4706.467245836596,4062.828943032023,2177.8506749408502,4501.467192233222,1477.0979613300394,3764.4842163391295,4220.540587389813,2483.8215486627314,3179.6185814032256,4747.932435323819,3038.8230986173194,658.9630221676846,3024.7285570171844,1564.5725379897654,2873.9665662120537,1652.496425972892,2609.4260585381276,4922.510295578878,2752.1318358165718,4392.200529839167,1628.209941697167,5163.628489218361,1913.6252913984015,1962.7183271386675,3783.39794464212,2364.868057687934,4247.191813124132,3071.4535025617406,5315.292905337219,5028.658839750671,3931.201266386913,3500.1526094869055,3447.02686637893,2579.6931952928235,344.0741380671055,1979.1033386972006,2557.858364435787,3762.2715768250673,854.3119021819734,2623.2360278976935,2941.231840771122,3171.5633955860562,1254.500732076068,4478.963342153291,927.9226842733412,2175.230436209864,3326.8421008252285,4297.016779360116,3709.682841958487,4530.840233143471,3971.724704640752,2453.7528966251716,2668.165778217979,3045.5221058045363,483.9529753619671,3206.4134082531305,3058.0316016533375,4223.672758673448,1748.6682352728799,4802.603282238233,3446.8204022307445,2132.8114434588433,3350.4785104805737,577.784620832748],
        [4259.866467178706,725.6428870473071,2713.5411753210583,1163.4571813464454,2519.1207286523504,1606.2417068605102,2946.509265119371,3021.4664355189534,612.6403758468144,1752.0806913138233,1591.6271730571873,4129.1688564584865,3431.9444686274896,2446.6278386826525,3987.480076427967,0.0,3359.9806236252666,1790.0820824032064,2768.713569606375,2154.3448459824936,1296.6896947557714,4097.921615119378,289.5853622951753,757.0365889489915,3076.599535853288,2459.6322662358593,1235.0038457705928,1093.6360598106883,3418.4616790674963,1467.763084302279,3060.2466318587603,1677.2748030187813,2464.7288271195216,3405.888565635724,950.677827831565,1930.9372717765575,458.8062348798612,2664.331877428738,1752.090303513346,3340.1634598447718,3363.632524811416,1404.1943239426141,3294.595447815982,2700.0152233868725,1132.1095079052254,1570.8141155120884,1947.5203880423533,223.41092226690202,796.2874162110735,2091.10123301598,2103.829343715177,3683.5815070913836,2396.63285731035,3308.4713040064103,543.6327674667326,3667.617069559539,2508.959276685073,1065.3150326188613,3128.053886531061,4083.007404765728,2376.784208570663,3765.7828794621123,2698.3653037904382,2027.4825182576176,310.31273495574885,1535.7898381451512,2544.115208759466,1394.6872817916756,1599.5955779146218,2548.751255039868,1385.6270259248092,3639.0771940734735,4292.785471372627,1930.4508864885465,936.7740626969502,2974.940179573374,947.5867100671987,546.949222168218,1870.91726177815,3846.7637912179443,4259.866467178706],
        [2868.2507393450396,3354.7771286112825,770.4387938296331,3943.2650373762553,900.7245762178378,3225.9855413737014,2195.949780238314,1319.1908232454382,3646.43356450947,3492.212524909626,4556.950552763272,2410.4114256296857,758.144707650123,4530.40785109011,2295.117464842522,3359.9806236252666,0.0,3136.2060592306457,1987.7266165366093,2883.0549591639137,4433.855817055183,3566.9045534488864,3288.9714721780224,3954.5857258984433,342.1724660565965,4093.3434262388823,3502.137306164764,2288.214961907806,1752.1269390804564,3314.487429464045,3020.1694193609583,3307.6031104295043,1469.0959906958176,314.7670051866029,4248.625172394963,1436.9173881013094,3580.0275719602096,1181.433312935916,3743.0876814949047,3534.241153548597,332.4024553018993,3994.233565534813,97.50633914621645,2213.0180925946797,3078.3244229218767,4103.942206315074,3452.288798000614,3188.805411273367,2588.2535244620244,1701.3123237273892,1256.2418910325496,2006.4607024844859,1162.026955921278,271.76717014470023,3468.65870280145,1445.6773386788996,887.3309416624795,2703.761069080817,937.8031697611952,3379.9669222990497,5006.918289704015,1402.2617679482303,3349.5604459755896,3970.2369436490126,3629.7588189856574,2242.261948456434,5126.549170120655,4135.532191120714,1974.949048995634,3708.23253628419,3273.2610505599023,2417.1167845506084,1154.466449796709,1541.907138297782,3052.170771723877,727.9699121519602,3802.8328542497525,2883.4691082458676,2290.509230293162,1084.7751812862266,2868.2507393450396],
        [5139.953582243349,1111.6675319530875,2842.961671483885,1261.8904971559966,2271.1379378772244,3176.7688376133997,3876.048846175677,2137.7418314251995,2402.7000980528987,3393.0325641446016,3341.6099533836873,4854.16817605613,3583.9187934757992,4216.3225063558675,4706.467245836596,1790.0820824032064,3136.2060592306457,0.0,1539.665611831233,3510.0815960317873,3001.522493958469,5296.767720334595,2022.2720552593362,2496.1955750174147,2794.059369045488,4153.019000571838,740.6768896726604,1870.072103421389,4051.690927929603,3089.2814719571743,4307.381210050244,3267.9141017067946,3060.574572684369,3011.4722729279392,2015.954848409191,1971.0132425072352,1522.2022335269985,3093.277348500287,649.1853176205982,4710.511572099525,3312.7739311360365,3189.6675507117775,3042.3652982392346,1348.4796462260065,2694.669975373535,1161.8044093697702,326.65956978715946,1597.2455950248007,1480.6861225921436,1435.3164187014515,2162.060849369815,4363.7881387809375,2740.8859431769615,2950.436245237917,2317.985304074135,4093.253790968472,2306.0963281100762,2396.8678608233413,2440.787846812272,5217.143632480513,4157.362094236296,4140.390955568087,4136.566427475421,3752.3249597212325,1773.0993005377957,998.6445915461579,4326.116610295499,3184.466395411679,2389.8623175818043,4128.496412446936,3002.676642050567,4509.76723535076,3639.9118770503514,1699.1733876737658,858.4453930293356,3149.417605629029,1284.4854387691528,1910.0586714098797,2959.1075282556276,3077.3888628829927,5139.953582243349],
        [4592.003297565513,2336.4381142421553,2063.686927773329,2722.8630626492486,1384.8021486083467,3595.3381158551797,3534.592676643057,709.7783526300046,3311.6693350000514,3864.8530835222246,4333.265411420318,4199.668485962556,2641.8031743192278,4864.586397530349,4062.828943032023,2768.713569606375,1987.7266165366093,1539.665611831233,0.0,3639.041958990986,4063.646338569249,5038.767165735897,2879.03871935359,3522.6816399240674,1678.1916937921437,4623.471298901886,2188.7539909177417,2152.1869085291837,3422.1991749534745,3583.460634274491,4202.766504897371,3694.4543073835766,2614.3722746567246,1759.4268606932917,3349.5565797747995,1553.6556875469144,2718.960482861237,2494.2608765243676,2183.8888926296754,4691.426488775048,2262.817084787142,3979.1497762584863,1891.264269773399,239.22447809815438,3205.788954550806,2695.3037165076043,1779.9470551014008,2545.5331271252758,2065.0420521880715,833.1732613443597,1630.3861520921819,3729.0296203451912,2184.7578777006934,1737.403048331122,3166.198757693825,3286.1560452017793,1445.1583167607755,2800.589922113142,1090.0230606736027,4900.678066129852,5041.488884880974,3285.914709667384,4258.987012074141,4319.019709423544,2903.3435668455263,1237.3186579578598,5198.287280318852,4042.4045404698322,2366.126187512804,4426.248066846563,3506.968313648725,4021.6031721055347,2173.5122069348927,1252.517965179974,1978.3504801743054,2319.3384804341094,2678.9420003051387,2569.595867021781,2968.5949584001637,1595.1373356508143,4592.003297565513],
        [2269.1682062204327,2760.2929473345453,2129.3541959574763,3306.4624013520383,2516.560083183325,692.064678465281,1122.528068482699,3436.3018106463246,1872.5192855784653,819.1271305642796,2254.217956370198,2293.049242767812,2460.1853831055155,1713.584479680371,2177.8506749408502,2154.3448459824936,2883.0549591639137,3510.0815960317873,3639.041958990986,0.0,2352.477626563741,1946.7671722489551,1876.3531238493626,2151.720607330157,2795.533433965709,1219.8550098376986,3239.7223764134615,1653.358781622305,1832.6983663925357,870.764268888542,912.0527688948837,699.2989162530679,1416.2347415631125,3114.273274374331,2985.2504308727825,2101.4375774556593,2610.738550910081,1711.9361878562506,3742.9777017669735,1212.6822334846208,2673.6875866113287,1609.586055845551,2879.119879455063,3716.4040099064905,1043.7839613808417,3695.0708779731413,3780.2210406566182,2192.789747042832,2035.4612417613412,2811.713658642247,2083.444798018963,1972.6450068738018,1759.4633348557825,3013.0866284292633,1763.6916374408208,2270.0558155080516,2462.3240484026223,1148.5708629801597,3285.160586910805,1948.133403324801,2353.4014159350572,2403.8860724890533,636.0330439369199,1203.5791385650352,2434.1461096578846,2680.4781461640164,2430.4503145605922,1799.2056126388486,1273.8727266704022,837.0481297712961,910.0817323770165,1726.1060722934224,4036.9667413678517,2386.9826684934255,2759.8130244293666,2180.5919730923147,3090.190993075547,1710.2946128521726,677.4327343919608,3846.961269111808,2269.1682062204327],
        [4621.079805033125,1890.1106425368814,3710.71983613958,1992.393675164408,3670.826506057355,1660.7425118436636,3420.0545011398167,4279.339392329909,798.9981517435347,1590.3403961180954,381.41950122356127,4625.807985739768,4343.071192297636,1648.6547457474994,4501.467192233222,1296.6896947557714,4433.855817055183,3001.522493958469,4063.646338569249,2352.477626563741,0.0,4167.741724269898,1211.8738642927285,541.0023186117696,4191.06314674755,1953.9602320046422,2327.649375355269,2174.0673823976235,4053.0257740791008,1483.5400931174574,3201.714402984686,1659.8933517618302,3261.3634413435793,4533.537850434733,1216.9152775154118,3071.8213779873204,1480.388946863436,3523.9218361578733,2786.7099652916722,3287.940942212285,4371.043658006402,786.372453854837,4383.072587399169,3996.516311045332,1469.9390326008797,2394.1781798834295,3090.767734101402,1520.0642867716108,2036.9588985882174,3359.7563034955974,3211.705934181887,4256.022076273423,3341.328067321725,4430.77625349221,973.517965754991,4408.992492883497,3648.608025246977,1758.3855199298575,4346.395176146745,4223.0911200924575,1233.4290493804672,4528.251943543882,2653.232599494215,1521.685722832324,1229.850846855417,2827.942829228688,1401.3156329456142,607.4770480113812,2485.814271993036,2292.3822189906264,1456.4869595087018,4069.315698819393,5458.0480117699235,3142.483556188186,2189.034103892211,3921.5605691006126,1837.6641576918896,1592.9047348011168,2446.2050151028416,5056.315867999678,4621.079805033125],
        [1024.4983488791945,4673.4291162247155,3052.0539987607085,5241.275403522283,3686.8753102561327,2582.337084857416,1504.28870647529,4612.428484167398,3801.5839260491766,2583.646313473603,3976.624209194445,1456.0885389826653,2848.42226447656,2945.1900451057345,1477.0979613300394,4097.921615119378,3566.9045534488864,5296.767720334595,5038.767165735897,1946.7671722489551,4167.741724269898,0.0,3822.406820500722,4060.055443479737,3669.7443330256683,2392.547993784021,5130.979605771675,3440.4449025262275,1824.9197613185563,2757.842043766503,1037.757226958473,2550.1903700333996,2424.3975898552285,3875.565014024116,4925.71896571641,3533.2982374413973,4552.0629565260415,2573.3334128488773,5615.968992916471,901.6203736181843,3247.5086206424103,3382.5305072095243,3616.2650723323304,5180.602099074568,2988.9926164655817,5619.447896946241,5593.616290129897,4122.807620124707,3878.661107045209,4292.0395092279305,3418.055755225455,1629.7843174346265,2856.4736544765615,3803.027027463167,3704.314029427057,2236.465755799603,3624.48714914005,3062.3188754362604,4329.5769467720065,226.1420719636811,3749.2120676193053,2343.5334622772457,1514.5094723297034,2713.5152908438245,4380.688407033733,4362.543578833897,3749.1920072462276,3567.5798374059027,2908.898396094913,1922.0818713016179,2816.819962764129,1165.1139945284567,4595.755493278013,3857.7649970910975,4627.332832589215,2892.7149299896737,5025.814253695006,3629.6496305901896,2348.5859139704457,4651.519922615244,1024.4983488791945],
        [4014.9873778724323,998.3306089742644,2606.5111537381918,1452.0805037041955,2484.04522645419,1316.895602211496,2709.1830644163206,3067.682724781724,432.64442581642305,1464.4021201031317,1454.6948424425386,3904.0079431296754,3299.6200614126465,2195.15126985101,3764.4842163391295,289.5853622951753,3288.9714721780224,2022.2720552593362,2879.03871935359,1876.3531238493626,1211.8738642927285,3822.406820500722,0.0,684.3938692942572,3023.7284514714524,2180.5873126166616,1509.8058624001817,1000.8906725977721,3214.4207009606753,1178.4366489125966,2785.4444613877686,1387.6944511199586,2289.5523935466367,3361.0356288999333,1158.6618113290792,1885.892308410514,746.3562924728935,2509.6182901551556,2029.071166185509,3055.1336499621657,3264.911530332201,1172.5889125082258,3230.0037106919917,2832.1835121137187,845.7627713035452,1860.3936961159316,2201.7372256126864,427.2563447644859,827.5423368254347,2151.029135020985,2041.6798123056308,3469.205291288808,2266.9179115138886,3260.5168129218937,301.53725351398293,3489.2888459640753,2466.880904780424,824.0523013212735,3138.967015579813,3813.035839963137,2190.3687917479397,3593.2805721299546,2411.418603651068,1754.5834275326274,559.1556342852066,1642.8395829571173,2354.1306107639984,1191.2888830715863,1435.6933453643787,2259.6066243256896,1096.1040422959513,3400.5830752580596,4270.587812180932,1934.1194378591722,1163.932827380334,2851.3392490831,1236.5408851164984,405.54065813073584,1634.983559169906,3852.0779188032634,4014.9873778724323],
        [4400.451816791956,1387.4012682355578,3251.9903925587923,1592.6420674323115,3164.8088678118584,1479.4202946361634,3140.6492298696508,3745.410385401664,323.8597237715158,1502.4759733068752,846.686566864645,4352.646189475412,3917.149534128322,1892.7205491535296,4220.540587389813,757.0365889489915,3954.5857258984433,2496.1955750174147,3522.6816399240674,2151.720607330157,541.0023186117696,4060.055443479737,684.3938692942572,0.0,3698.135710492348,2055.878475971637,1854.8629618286911,1673.1779102950807,3722.474646602283,1302.4415081620434,3049.0108253632015,1510.600441385838,2863.546626855581,4037.633260525602,939.2759878210778,2565.8246322520445,992.129590437919,3108.3696436285713,2340.52357027523,3218.30648293577,3913.0469104049425,853.8889212452857,3898.967073806014,3456.958244889824,1150.285611409264,2012.1226579746708,2610.0513283005685,980.1567160417967,1501.8611153464085,2822.6300588739896,2715.824595685428,3950.622372555341,2895.9772746655303,3936.2280958585093,496.5271444526144,4043.023333307615,3145.9844183388154,1344.229271940969,3823.087048579852,4087.055351430057,1669.3847689878046,4155.639993355037,2565.3644832225423,1602.1430349278455,729.2441325175936,2286.9601558713325,1839.279079300967,763.2100100818205,2044.6510617883587,2287.115781938172,1247.3892581494902,3815.855940771312,4952.288322746522,2618.2035833611103,1665.7859490911092,3480.8051828873417,1410.2039171807523,1080.6170943670916,2105.652320098145,4536.468564071501,4400.451816791956],
        [3045.6108925609196,3035.5167227244337,678.1998134794477,3616.5249680914867,575.5376913807542,3072.256510379781,2235.304421079013,1042.803154544179,3396.843044759536,3345.0508880346238,4334.634242655989,2609.055874600018,981.1012964349662,4393.303853146226,2483.8215486627314,3076.599535853288,342.1724660565965,2794.059369045488,1678.1916937921437,2795.533433965709,4191.06314674755,3669.7443330256683,3023.7284514714524,3698.135710492348,0.0,3985.399133373853,3167.988376145292,2025.090908605605,1892.9273838872616,3145.5679497123465,3036.182596795638,3158.909007917534,1414.1787874878585,345.61622711787777,3947.6622908950803,1145.6634279617465,3275.241609177622,1157.8186666759389,3402.0859285015567,3552.5957766886427,584.8403564463845,3793.695558149599,249.1806920449622,1897.1384544836615,2880.5468512900497,3768.5533137630705,3110.1508026778934,2897.212358137812,2293.696548659419,1359.2921067732007,982.4142771533285,2173.1752611595425,1036.6118495074218,240.83210368807815,3219.80332517404,1656.3782940535955,572.5392642603232,2489.869417960159,687.8391951614401,3495.288446003476,4826.669736463736,1635.514296974037,3306.4220357617673,3827.679159702231,3337.4927380193603,1906.5766985556052,4953.207696543391,3925.828957237451,1775.9388516698937,3630.7769714054643,3097.494669010835,2546.7892709426974,1291.5377663512022,1216.6980137127734,2725.889756475771,777.1814876627246,3480.994960572359,2619.739191138475,2165.567962157328,1056.9736877365394,3045.6108925609196],
        [3095.5855687326666,3178.91539296384,3331.482920615819,3576.1015150458443,3651.4561290715055,1030.0459177295422,2238.8515647582344,4529.9012906135595,1924.0846181883323,772.5024026654784,1676.4790504956138,3266.084652318818,3676.928233046059,573.4989446332391,3179.6185814032256,2459.6322662358593,4093.3434262388823,4153.019000571838,4623.471298901886,1219.8550098376986,1953.9602320046422,2392.547993784021,2180.5873126166616,2055.878475971637,3985.399133373853,0.0,3690.3924434107516,2485.1912600912888,2971.9017168008518,1073.502199209812,1631.1303410161179,930.9629300654804,2632.1975706871754,4312.806168401853,2995.0822328822023,3162.752939688933,2886.8511605620884,2929.5505761064264,4209.565315955525,1493.8773564716855,3892.2089988995563,1214.45947597894,4084.6000939385995,4658.760125748718,1472.133489650172,3997.7743272315056,4364.766727474775,2599.3947182735465,2719.38658199031,3792.91119608237,3188.894281510868,3049.4063797176464,2950.8982621434498,4209.925165120234,1924.6595918868536,3436.350985269964,3602.31415656666,1840.524966772992,4424.940236149991,2505.0837235210242,1360.7746531735447,3572.493656676717,1007.0795417646451,453.7441561415128,2641.155177597166,3512.4002083005003,1377.9754347730163,1359.9893623242801,2317.688872492019,513.8657071568698,1158.6045981576478,2696.67271493615,5244.851321635301,3404.2747622830548,3310.512816359546,3398.348399571967,3370.1358518800243,2245.57801953064,1820.8499760843351,5025.551684995257,3095.5855687326666],
