{
    "drone_dist": [
        [0.0,2645.8987686959063,1577.817284774166,4472.016984283512,4199.354694128664,3117.8519128231846,219.85127607165316,3769.3055164779184,2995.497481695894,3967.431664189591,1687.6418242080395,2657.138326092583,3708.3416385306573,3837.853874339582,3127.033638283838,3457.828350275058,4762.280404037982,3544.661930384413,3342.5397414395884,3871.7876208327666,4357.440008014765,663.7537513320208,2841.386320777488,3667.2034004606535,2482.710587517674,4480.482985219887,2180.0840423804125,3052.4576678387834,324.64190822940327,2796.7095702934566,1526.9681182971035,1602.6259521113761,2298.322853140466,1927.476628954507,2806.8807258032916,3274.534877947564,1714.9572751754943,1505.458806532244,3244.5736171132403,5070.130014829388,1703.895352991303,3343.0600729337957,4512.790131468722,3124.4543021285795,3313.4698589798804,3000.8276476971832,1408.7062721252394,1603.7362476740104,3352.5639606967075,3897.766469919762,0.0],
        [2645.8987686959063,0.0,3425.6633979354956,3550.8396339219375,1705.8857492162213,3180.7831201914714,2643.5762908558168,1153.6605988196918,2196.5624696480872,3311.1231852340993,1195.0216686488602,1003.6152294608745,3019.5563846138357,3275.604417679496,2673.2615320068116,824.1048889127912,2123.6723790183564,1225.1965949550743,1838.8150769828762,3011.5955136784837,1841.4280044854938,3104.842059789628,378.6451322856227,2724.0478471128567,2731.570134220236,3854.4965264828816,2629.78857839695,2314.25919711868,2965.6935820139147,1551.9964791684388,1147.5842447607954,2165.176880897932,682.0592866745562,1526.3225217982888,1433.3190173597548,661.0347808927091,1996.8271025949987,2937.037281848044,843.4020127824353,2451.952711905065,972.9740760417359,1154.2483271710935,1867.1342958649052,1452.1537079214002,3194.8014121820706,499.77948528037183,1880.0382029085793,2500.6106545399844,3312.510830173069,3284.904063122269,2645.8987686959063],
        [1577.817284774166,3425.6633979354956,0.0,3742.4016894499373,5127.491218363884,2141.3139197178266,1793.007995451212,4351.183724105665,4440.964219887589,3183.6754519393044,2897.5980027764585,3826.788620373712,3005.0301925241106,3029.305824622188,4641.154978640995,4109.304688305249,5470.017554671446,4566.454846190262,3234.6904895805346,3227.923152229632,4739.555631895761,1002.1313732041283,3455.034758584058,3125.0755159000005,4045.4579257916425,3585.048048064515,3746.117549171507,4514.2717836952015,1464.3214709950926,2770.0534908388195,2349.2603625696734,1362.773980161132,3364.10079635342,2052.956927781604,4089.996368262294,4083.4275430714597,1565.7867767488783,545.6855790050034,4207.398076808229,5561.545475640467,2724.321697853295,3641.5901791161364,5177.16264766557,4358.787814892456,2384.839762477288,3589.4199352451246,2875.5416961017177,3174.86778924112,2366.1761309238195,3104.55361134447,1577.817284774166],
        [4472.016984283512,3550.8396339219375,3742.4016894499373,0.0,4644.675939739237,1626.4763195395979,4641.532192753166,3399.042998249685,5712.417469545008,560.8261581440042,4264.093431291951,4544.617428432251,767.6035272008133,718.0201186173667,6158.664215426335,3467.4676073132587,4299.055376218259,4558.052865095813,1719.0092937143945,612.0208542825853,3098.6054603515604,4361.671064805165,3216.2362658244683,871.1582578548337,6015.067291179402,502.502557278215,5816.486207739582,5828.074316798402,4628.21849092075,2061.5187141166534,3566.541563298536,2871.428914848549,4121.9272893861325,2702.7215293040595,4974.857051467618,3816.7537295930274,2762.3971431768036,3309.4067903684113,4229.446189937765,3828.6050073437596,3883.404795219971,2570.629415547723,4012.355016355019,4997.229389580586,1378.5835984974267,3186.543265429246,4817.0697613565135,5444.105494721796,1433.1440078732287,640.459357531579,4472.016984283512],
        [4199.354694128664,1705.8857492162213,5127.491218363884,4644.675939739237,0.0,4706.776588716073,4147.423653042923,1245.9384819635088,2355.4277928913043,4571.707166160415,2534.5732070570907,1641.976880366264,4313.592241715943,4581.76896772699,2824.1988804939037,1230.813766241072,917.9461740862491,695.5447913583557,3015.265359264689,4228.6726447855435,1758.1510069160142,4732.954027132378,1770.0822029996175,3958.139162068058,3316.5294966533,5052.9086463585145,3374.2733878677973,2446.045429330184,4523.873599039526,2980.570833185027,2805.4133258544325,3865.6974225299127,1902.8392110469756,3205.4348440599606,1764.3383050004466,1064.7229877737661,3690.789801764319,4642.8900265228585,955.3271845378873,1678.595091041539,2508.9277481705135,2116.175308836019,936.7780297154393,1450.3447515269872,4668.816369518165,1688.9334413183897,3076.4319609033555,3528.3206997244697,4795.670777388291,4568.392228580638,4199.354694128664],
        [3117.8519128231846,3180.7831201914714,2141.3139197178266,1626.4763195395979,4706.776588716073,0.0,3315.921787399892,3572.6797598771145,5059.959694147422,1066.8755278319545,3436.398981626034,4033.2282412440786,959.3387657319963,908.9591950318701,5429.993421792214,3483.4187999689298,4677.104436306092,4384.177910915265,1855.6457319824929,1202.8912185861532,3618.3903597792455,2870.6777496141735,2972.341631470091,1221.984351769552,5096.601010076372,1446.0016064558527,4847.815278670783,5165.11130090716,3207.0315607645634,1727.9753656899418,2677.268895186582,1580.5114614902639,3540.079975615366,1791.967064049699,4431.87091140409,3686.2465446492724,1567.796084655498,1763.5932258329472,4006.967503034586,4464.400055459677,3084.4894143323354,2667.1911603652798,4364.303061542709,4564.980593379186,248.04789827863615,3026.0460293515625,3824.3720157428843,4377.346719809001,237.0369383354469,987.3950773009644,3117.8519128231846],
        [219.85127607165316,2643.5762908558168,1793.007995451212,4641.532192753166,4147.423653042923,3315.921787399892,0.0,3782.5098093736806,2835.144804539707,4144.880154323941,1616.5436216511016,2572.660406155381,3880.8553544596703,4018.263660229329,2944.23252795623,3463.611421768247,4745.011211852475,3480.73102297322,3458.558777136946,4037.6352281146305,4395.300624451894,851.8890123248773,2864.3444032063544,3825.4051638010214,2281.533695807648,4664.355562170157,1977.6511668873984,2886.8589053537503,432.4593081740973,2912.8689519513014,1558.8783651237966,1780.7543798632896,2245.216024170211,2051.570830831143,2692.5136324923833,3255.192760394284,1879.3393566611287,1723.6232819649135,3196.1551237673375,5085.486906073386,1681.410159479365,3405.8839860681915,4504.769773337613,3018.5692029062907,3506.842601629408,3024.781859651564,1259.8468705433545,1399.2264188275053,3549.5759087515394,4076.4884642528773,219.85127607165316],
        [3769.3055164779184,1153.6605988196918,4351.183724105665,3399.042998249685,1245.9384819635088,3572.6797598771145,3782.5098093736806,0.0,2947.1992186708794,3342.4101167275708,2335.1407613723077,1831.40692551755,3093.940668811897,3361.615616710177,3449.9775156303363,338.1603208711524,1140.8311399742015,1313.3060958777794,1798.084497578989,2995.468820351058,755.980095152185,4176.7936900193035,935.042236285311,2730.9809741280924,3697.9810805785937,3812.18156035177,3651.217533601854,3060.3167459945635,4083.3889073933524,1858.1662375726567,2244.790420136466,3004.3292534165644,1747.1454620580018,2308.7489621170366,2183.0062432429954,729.1378159457587,2808.0476075923743,3824.2254512749105,1127.1813885815873,1303.0180033245047,2125.2338865777924,911.373599523283,834.3725915668181,2017.8067640184527,3506.0319596286904,781.2390814167392,3009.244374647732,3604.265625696481,3635.2536343676834,3343.485390231764,3769.3055164779184],
        [2995.497481695894,2196.5624696480872,4440.964219887589,5712.417469545008,2355.4277928913043,5059.959694147422,2835.144804539707,2947.1992186708794,0.0,5415.0383292726965,1649.9442290508437,1197.2803393090053,5116.462235833203,5355.591925670231,502.8106481752501,2657.4974928463093,3256.6983368883944,1757.0938023118056,4021.4926071910154,5144.981947702343,3696.093159294486,3656.3313966096666,2566.365562768631,4860.223487496866,1034.6600052380156,5972.545541917191,1202.0533080572093,117.86933411612017,3267.32261756484,3659.911560649367,2396.8855416468814,3638.1439905553734,1591.3512634903138,3268.4666527688337,780.5652532283299,2227.8327100782185,3561.510101253327,4137.587431953535,1822.7904392020184,3948.144030097753,1978.1158229033629,3329.7370851083774,3186.872839548666,951.0877986699213,5139.22143403129,2650.439031308272,1588.9154794629567,1617.3721864335394,5239.319257936521,5377.587353102812,2995.497481695894],
        [3967.431664189591,3311.1231852340993,3183.6754519393044,560.8261581440042,4571.707166160415,1066.8755278319545,4144.880154323941,3342.4101167275708,5415.0383292726965,0.0,3898.355950906013,4278.658607929127,299.3167873776165,158.02789250624662,5841.017051022289,3355.9497062203404,4335.472707933142,4402.47853648315,1559.3749260349807,353.4915768259069,3165.7325011900025,3824.9765056753395,3008.4873911573927,613.8545591868424,5639.015713222954,561.5975700194755,5424.413798157489,5528.363378965847,4108.30064322099,1765.728919663559,3171.8487194112517,2365.227625632974,3827.4195435963106,2279.191945753019,4704.47970279601,3662.654982281983,2274.1326103977526,2758.7843159605213,4052.2759772650697,3956.354971416551,3520.039467731749,2456.991741412442,4034.4792729005567,4762.377172286751,819.4225262218521,3005.888063354579,4410.490607788738,5021.46445886813,881.7229516284079,79.64650013825363,3967.431664189591],
        [1687.6418242080395,1195.0216686488602,2897.5980027764585,4264.093431291951,2534.5732070570907,3436.398981626034,1616.5436216511016,2335.1407613723077,1649.9442290508437,3898.355950906013,0.0,973.4242663033637,3599.905148166865,3819.413012036753,1993.737735224359,1998.2798055595374,3181.907355074052,1864.1880294863297,2680.4082175721387,3666.7379177752914,3036.449427280877,2278.7951978082524,1522.8077392867233,3393.5048538898945,1751.5252381516182,4459.9008854333115,1570.5479615149059,1747.135545775713,2008.9644550822952,2217.103564743109,759.1306013161636,1988.4883650494887,642.2222362749673,1659.1793954211953,1192.4030179539848,1708.4616413420922,1913.848168314833,2532.948116385747,1589.271504578094,3615.3610586576888,380.6893134173595,2245.4155554053873,2967.715090547356,1473.2649755577338,3534.256964380254,1672.579286613083,688.6085807149866,1328.328609086586,3626.94399631744,3851.480437898733,1687.6418242080395],
        [2657.138326092583,1003.6152294608745,3826.788620373712,4544.617428432251,1641.976880366264,4033.2282412440786,2572.660406155381,1831.40692551755,1197.2803393090053,4278.658607929127,973.4242663033637,0.0,3982.7988045525753,4231.473940957982,1684.1104619886833,1514.7309418056886,2409.8548909700544,947.3844429227541,2839.3095793921343,3992.2629411009793,2587.0851748210266,3251.6393245350146,1369.6884842512175,3705.3499028110355,1868.0913757688284,4829.8296839576715,1842.2735870471226,1315.1494804636764,2976.1511051282096,2513.136027879354,1516.7845648167104,2768.816294321047,502.0865040968457,2263.5558785479157,430.63797037925616,1103.4862570708572,2646.8794774661706,3419.480172706186,785.1932379522085,2980.322982623084,1107.782581450639,2132.9839966755603,2254.8443310163275,550.0007904322575,4081.474212975508,1454.0948271144043,1437.0402318576992,1903.2363339857618,4191.003022948797,4246.973567548152,2657.138326092583],
        [3708.3416385306573,3019.5563846138357,3005.0301925241106,767.6035272008133,4313.592241715943,959.3387657319963,3880.8553544596703,3093.940668811897,5116.462235833203,299.3167873776165,3599.905148166865,3982.7988045525753,0.0,268.1807805280794,5541.769105508003,3091.342032120878,4113.867644202595,4124.101193095276,1298.6785381318186,243.8949420871805,2963.2609781159867,3595.537981434968,2722.9876602312756,376.0669939076548,5341.774071703172,860.5806721897427,5128.837433656776,5229.663837655231,3861.0171742821126,1470.9201482872547,2875.5699516472023,2106.359413053474,3529.4853174882746,1986.3744791095069,4407.96046255781,3386.3340040364674,2003.8258508406448,2554.0848778904333,3770.1022614471863,3773.529427330321,3221.344181349736,2197.5158423662397,3809.0123211300624,4469.725632500177,729.9405499943259,2725.8796634355153,4116.601374502532,4730.784273650739,828.4049815080581,265.3844481823043,3708.3416385306573],
        [3837.853874339582,3275.604417679496,3029.305824622188,718.0201186173667,4581.76896772699,908.9591950318701,4018.263660229329,3361.615616710177,5355.591925670231,158.02789250624662,3819.413012036753,4231.473940957982,268.1807805280794,0.0,5774.505440697359,3359.268970183047,4376.64841438768,4388.881195295765,1566.838186802673,425.31193099747935,3219.6550218106468,3682.015579901527,2984.5774606718905,636.6244036910367,5553.680328946276,655.3583637235303,5333.9531115680065,5468.005041763913,3972.3847127530807,1724.2303884010248,3084.929186153252,2237.527779705562,3772.3610346853625,2185.5694219099164,4654.8879680819055,3651.9883996982567,2154.436959677429,2609.5604432568357,4033.249283113393,4022.7821683569064,3442.9534513494036,2465.6965085458337,4072.712303214207,4723.775867420166,661.4207086383241,2990.379266591709,4316.456498419568,4920.995119910202,725.0341199420799,79.12975153095725,3837.853874339582],
        [3127.033638283838,2673.2615320068116,4641.154978640995,6158.664215426335,2824.1988804939037,5429.993421792214,2944.23252795623,3449.9775156303363,502.8106481752501,5841.017051022289,1993.737735224359,1684.1104619886833,5541.769105508003,5774.505440697359,0.0,3159.131626211845,3733.898255278264,2249.371723275794,4482.635904576202,5581.9742953958,4198.823785481586,3789.9582495225795,3047.215711490671,5299.424763452738,803.1651862051515,6401.002017192969,1067.0214658097823,391.88111320648505,3368.4896986131016,4099.125427498595,2752.814123380867,3956.3898815365096,2041.7138900074726,3647.3206365066894,1277.9505458243932,2729.9365551007677,3899.227104273066,4385.710264543071,2325.507293978998,4438.896165427437,2350.9470683701466,3815.8461388312585,3676.238375901929,1449.4667191792455,5523.8667140053885,3137.722086860076,1768.0581897807642,1600.2992896911578,5618.735226801481,5800.226967965206,3127.033638283838],
        [3457.828350275058,824.1048889127912,4109.304688305249,3467.4676073132587,1230.813766241072,3483.4187999689298,3463.611421768247,338.1603208711524,2657.4974928463093,3355.9497062203404,1998.2798055595374,1514.7309418056886,3091.342032120878,3359.268970183047,3159.131626211845,0.0,1361.570440274729,1116.849140933853,1796.5757123189744,3018.170013305252,1079.2219772640015,3885.9267148071035,656.0865831946584,2742.25412270089,3375.917259559063,3852.56501196763,3321.5064694865873,2772.440732014142,3774.650667395875,1755.455041577515,1939.6310639635499,2780.3028898734347,1409.4452950306556,2090.457850305747,1884.0714470672235,431.40383590367054,2589.7592227220634,3591.951081125294,861.2448489259423,1627.9345531985439,1797.0736121669531,901.9476971939949,1077.4002726201443,1747.9455168234563,3439.503050745997,521.932577956337,2671.2340286415065,3266.652654949454,3566.797218401478,3348.9883767825695,3457.828350275058],
        [4762.280404037982,2123.6723790183564,5470.017554671446,4299.055376218259,917.9461740862491,4677.104436306092,4745.011211852475,1140.8311399742015,3256.6983368883944,4335.472707933142,3181.907355074052,2409.8548909700544,4113.867644202595,4376.64841438768,3733.898255278264,1361.570440274729,0.0,1523.1801842261543,2850.435082151597,3982.2135104961635,1205.604659037874,5226.5208923115515,2017.4921989070403,3740.079652989317,4187.599481291525,4753.988367916932,4219.2435650411235,3351.5134310187645,5084.207425802125,2983.8594318236733,3270.0080466578474,4134.1320841508095,2541.8357523076706,3440.3735412446713,2614.4079700995594,1489.8242446390714,3940.3661995526163,4949.860416129216,1633.1288916450728,797.9547044651695,3064.021218206519,2014.0332648926787,313.1302010881459,2327.171351673236,4591.916955102398,1880.6152073759,3796.3188489243034,4311.322364869486,4721.90759689058,4348.028088064768,4762.280404037982],
        [3544.661930384413,1225.1965949550743,4566.454846190262,4558.052865095813,695.5447913583557,4384.177910915265,3480.73102297322,1313.3060958777794,1757.0938023118056,4402.47853648315,1864.1880294863297,947.3844429227541,4124.101193095276,4388.881195295765,2249.371723275794,1116.849140933853,1523.1801842261543,0.0,2855.313951449019,4077.002994283965,2013.517979408393,4102.4808613421,1419.6559866975108,3793.9299334551292,2664.4702640183623,4920.1799303467515,2701.194824341299,1859.4566533445175,3868.11447000035,2697.846064462577,2218.999375141209,3367.222738442592,1250.1540945778881,2748.6742764366572,1092.2151937122273,742.2570628257902,3208.5507524330255,4107.261678323419,381.83276729537744,2191.050660214139,1881.1807712427612,1989.809950063869,1430.3361412667261,810.8069908482584,4380.287539542889,1398.5699244012574,2383.6237060522276,2834.6287014842096,4502.006963846851,4387.282440681116,3544.661930384413],
        [3342.5397414395884,1838.8150769828762,3234.6904895805346,1719.0092937143945,3015.265359264689,1855.6457319824929,3458.558777136946,1798.084497578989,4021.4926071910154,1559.3749260349807,2680.4082175721387,2839.3095793921343,1298.6785381318186,1566.838186802673,4482.635904576202,1796.5757123189744,2850.435082151597,2855.313951449019,0.0,1224.0736223886815,1762.7573744034303,3469.6736717877075,1497.5094227466252,945.7515583523938,4416.947002224146,2065.09287906778,4250.7559116965585,4138.373712906687,3584.079367407567,546.0102290831903,2080.3798401500126,1944.3130084143816,2441.3785398398923,1416.5071965272348,3269.9037718518202,2113.2364791500413,1754.7386775089867,2694.709748355348,2516.452200026229,2610.2588278121643,2308.221972862749,899.097808383807,2540.445363339893,3279.7462878743577,1747.2515095602002,1470.0780850582314,3304.7025394610964,3955.687667763507,1877.20406040627,1553.434989144812,3342.5397414395884],
        [3871.7876208327666,3011.5955136784837,3227.923152229632,612.0208542825853,4228.6726447855435,1202.8912185861532,4037.6352281146305,2995.468820351058,5144.981947702343,353.4915768259069,3666.7379177752914,3992.2629411009793,243.8949420871805,425.31193099747935,5581.9742953958,3018.170013305252,3982.2135104961635,4077.002994283965,1224.0736223886815,0.0,2812.626945197645,3788.120216871921,2696.083961350468,287.5486717071802,5415.874802949255,845.577481501231,5212.6940950275,5259.5928087750945,4037.260818104372,1485.070607165593,2960.4024808843483,2275.685377326415,3553.8681829175816,2091.2608960661933,4420.681590588668,3335.5199560341557,2158.531727698057,2765.516278434376,3732.427985975901,3606.392798140716,3286.315965256103,2117.098443000418,3681.5819526470304,4463.603734951067,973.5742052370466,2684.6544588963416,4209.484346535797,4834.0994279594615,1069.8071593223874,376.2998786139162,3871.7876208327666],
        [4357.440008014765,1841.4280044854938,4739.555631895761,3098.6054603515604,1758.1510069160142,3618.3903597792455,4395.300624451894,755.980095152185,3696.093159294486,3165.7325011900025,3036.449427280877,2587.0851748210266,2963.2609781159867,3219.6550218106468,4198.823785481586,1079.2219772640015,1205.604659037874,2013.517979408393,1762.7573744034303,2812.626945197645,0.0,4698.761005420034,1543.2938539013628,2587.1947252100013,4452.734897637246,3561.106054685338,4400.660031964956,3808.0955030654322,4660.062842257638,2032.9139930517788,2836.8171392668764,3377.027033209868,2477.6529995082906,2695.2684924333034,2936.669800201154,1485.0944097986128,3173.817827555132,4197.136164299242,1873.3168321583591,853.5681173548187,2787.9524809407676,1097.9711611689117,938.5793768433767,2758.4482525697754,3502.676701284229,1383.7626595581457,3720.4801456623395,4331.5211881129335,3632.059764736096,3184.6832495127915,4357.440008014765],
        [663.7537513320208,3104.842059789628,1002.1313732041283,4361.671064805165,4732.954027132378,2870.6777496141735,851.8890123248773,4176.7936900193035,3656.3313966096666,3824.9765056753395,2278.7951978082524,3251.6393245350146,3595.537981434968,3682.015579901527,3789.9582495225795,3885.9267148071035,5226.5208923115515,4102.4808613421,3469.6736717877075,3788.120216871921,4698.761005420034,0.0,3242.127689739268,3622.3244213900357,3132.959099879448,4296.379794704731,2828.7680196984534,3714.8924257086487,468.45974493523215,2938.5556075292834,1957.260346687114,1555.2246109805353,2853.2173670448906,2082.5126813090924,3434.9616097216544,3756.7194746305904,1725.368226183681,1119.891941031603,3779.6988205316993,5460.084847069161,2225.4007208664334,3633.75085223392,4959.482832879054,3741.9089022269372,3092.8130038756735,3395.962266471585,2067.80571671435,2249.84818457087,3107.308951038779,3749.8362724032377,663.7537513320208],
        [2841.386320777488,378.6451322856227,3455.034758584058,3216.2362658244683,1770.0822029996175,2972.341631470091,2864.3444032063544,935.042236285311,2566.365562768631,3008.4873911573927,1522.8077392867233,1369.6884842512175,2722.9876602312756,2984.5774606718905,3047.215711490671,656.0865831946584,2017.4921989070403,1419.6559866975108,1497.5094227466252,2696.083961350468,1543.2938539013628,3242.127689739268,0.0,2409.3454023353784,3107.4418991452912,3541.5730206096646,2999.203435568142,2684.209351486689,3152.848336106957,1279.0034212373625,1314.5383664455353,2134.814779655985,1057.2911250345394,1452.4680261949916,1796.068542362425,717.4882608529148,1948.4631325568341,2941.017054598529,1052.1105401500854,2229.780538115449,1247.2969650769846,775.604170281339,1732.1375958295303,1783.1295060058267,2961.563220238436,160.60726370546496,2211.38007835998,2845.2849475167477,3084.0167912896018,2987.8651878241294,2841.386320777488],
        [3667.2034004606535,2724.0478471128567,3125.0755159000005,871.1582578548337,3958.139162068058,1221.984351769552,3825.4051638010214,2730.9809741280924,4860.223487496866,613.8545591868424,3393.5048538898945,3705.3499028110355,376.0669939076548,636.6244036910367,5299.424763452738,2742.25412270089,3740.079652989317,3793.9299334551292,945.7515583523938,287.5486717071802,2587.1947252100013,3622.3244213900357,2409.3454023353784,0.0,5144.192336528906,1132.3041140408493,4945.45189625069,4975.05223986271,3847.591132718088,1200.7632158811778,2696.527117734386,2085.8935175465535,3268.920190065597,1842.923863713024,4133.9849994579645,3053.025529572608,1952.9147844858642,2638.4982005960564,3447.4342642039323,3398.7463362357107,3012.837328620895,1843.1473350026008,3436.099810113283,4176.056532143505,1024.6966528650735,2399.843560748247,3947.7187769012285,4577.564099691991,1140.6721146449029,612.7533690778708,3667.2034004606535],
        [2482.710587517674,2731.570134220236,4045.4579257916425,6015.067291179402,3316.5294966533,5096.601010076372,2281.533695807648,3697.9810805785937,1034.6600052380156,5639.015713222954,1751.5252381516182,1868.0913757688284,5341.774071703172,5553.680328946276,803.1651862051515,3375.917259559063,4187.599481291525,2664.4702640183623,4416.947002224146,5415.874802949255,4452.734897637246,3132.959099879448,3107.4418991452912,5144.192336528906,0.0,6199.807072009899,304.99754331556375,993.8777591472158,2687.368368023621,3967.4214370899626,2468.7753667079537,3550.551886662776,2050.1772380980183,3372.0467505686897,1576.2769741644097,2971.3122738827938,3531.0951760287253,3857.65752851873,2629.4013326119602,4823.935083528527,2132.0919426686555,3879.2422637928767,4077.543832488951,1866.7570103479138,5221.351690916187,3228.6153733608644,1276.4939415836882,883.9911846260924,5303.182828583338,5589.334523564133,2482.710587517674],
        [4480.482985219887,3854.4965264828816,3585.048048064515,502.502557278215,5052.9086463585145,1446.0016064558527,4664.355562170157,3812.18156035177,5972.545541917191,561.5975700194755,4459.9008854333115,4829.8296839576715,860.5806721897427,655.3583637235303,6401.002017192969,3852.56501196763,4753.988367916932,4920.1799303467515,2065.09287906778,845.577481501231,3561.106054685338,4296.379794704731,3541.5730206096646,1132.3041140408493,6199.807072009899,0.0,5983.697723694621,6086.236198210985,4604.321962735276,2317.3199765743307,3732.022673508823,2884.295956245917,4383.456508536153,2836.611975449097,5256.956734638886,4178.243622944575,2807.3039730822575,3202.829768944057,4577.436329852533,4310.71877739251,4081.6345765305205,2950.6236660156146,4461.330086529918,5306.6469442862945,1209.1066409928667,3529.6380569426074,4968.15515968348,5575.330699230094,1218.9304111016554,611.4938010851639,4480.482985219887],
        [2180.0840423804125,2629.78857839695,3746.117549171507,5816.486207739582,3374.2733878677973,4847.815278670783,1977.6511668873984,3651.217533601854,1202.0533080572093,5424.413798157489,1570.5479615149059,1842.2735870471226,5128.837433656776,5333.9531115680065,1067.0214658097823,3321.5064694865873,4219.2435650411235,2701.194824341299,4250.7559116965585,5212.6940950275,4400.660031964956,2828.7680196984534,2999.203435568142,4945.45189625069,304.99754331556375,5983.697723694621,0.0,1186.843942458384,2382.4347436774283,3783.1948461019333,2253.818651931298,3289.714768766768,1949.9212540723988,3148.498868408493,1610.9984154612573,2933.096084742021,3280.12354346026,3568.9511784407628,2622.7925256991425,4821.564119611195,1946.4894695426317,3761.985341534646,4087.9676910211956,1929.881268347549,4980.218355646723,3129.5592376391405,1024.7210112004443,579.2215733356073,5058.37241665506,5372.333972537435,2180.0840423804125],
        [3052.4576678387834,2314.25919711868,4514.2717836952015,5828.074316798402,2446.045429330184,5165.11130090716,2886.8589053537503,3060.3167459945635,117.86933411612017,5528.363378965847,1747.135545775713,1315.1494804636764,5229.663837655231,5468.005041763913,391.88111320648505,2772.440732014142,3351.5134310187645,1859.4566533445175,4138.373712906687,5259.5928087750945,3808.0955030654322,3714.8924257086487,2684.209351486689,4975.05223986271,993.8777591472158,6086.236198210985,1186.843942458384,0.0,3318.2391242147,3774.556412255905,2497.9461912723177,3733.6847506910603,1706.4771043980181,3374.2901135318252,897.7659985165294,2342.382459658743,3660.501398917607,4220.217143874278,1934.8706335265117,4049.9505394274643,2081.537992325006,3447.5689771900484,3287.8166303051917,1057.669515236676,5246.688825373747,2768.2535022279512,1650.9171365237085,1634.792956252146,5346.002136927339,5490.485845022063,3052.4576678387834],
        [324.64190822940327,2965.6935820139147,1464.3214709950926,4628.21849092075,4523.873599039526,3207.0315607645634,432.4593081740973,4083.3889073933524,3267.32261756484,4108.30064322099,2008.9644550822952,2976.1511051282096,3861.0171742821126,3972.3847127530807,3368.4896986131016,3774.650667395875,5084.207425802125,3868.11447000035,3584.079367407567,4037.260818104372,4660.062842257638,468.45974493523215,3152.848336106957,3847.591132718088,2687.368368023621,4604.321962735276,2382.4347436774283,3318.2391242147,0.0,3040.458251497083,1838.7920233879902,1762.8357913610828,2622.530463020209,2168.5161550746643,3114.281639989683,3597.265116655655,1900.443561113766,1507.1687091365766,3569.1575442474004,5382.561614222641,2027.8972607481805,3632.1754151868977,4832.827164664428,3436.0928555827927,3416.2500935641774,3311.634440344019,1691.4913740100842,1803.4722793004742,3443.828556252125,4035.9964473280015,324.64190822940327],
        [2796.7095702934566,1551.9964791684388,2770.0534908388195,2061.5187141166534,2980.570833185027,1727.9753656899418,2912.8689519513014,1858.1662375726567,3659.911560649367,1765.728919663559,2217.103564743109,2513.136027879354,1470.9201482872547,1724.2303884010248,4099.125427498595,1755.455041577515,2983.8594318236733,2697.846064462577,546.0102290831903,1485.070607165593,2032.9139930517788,2938.5556075292834,1279.0034212373625,1200.7632158811778,3967.4214370899626,2317.3199765743307,3783.1948461019333,3774.556412255905,3040.458251497083,0.0,1567.920232635013,1439.1470280863152,2068.8430401699975,871.9782094507352,2939.70838136761,1977.4477265469445,1241.8020601036715,2224.812218658997,2330.7498334017087,2883.1047892133492,1837.7997485176404,975.8093420708055,2671.132678709231,2999.6512828049417,1692.3096426242769,1310.9123408199064,2810.715013762853,3456.1876729609435,1817.6344531889754,1735.8179926992818,2796.7095702934566],
        [1526.9681182971035,1147.5842447607954,2349.2603625696734,3566.541563298536,2805.4133258544325,2677.268895186582,1558.8783651237966,2244.790420136466,2396.8855416468814,3171.8487194112517,759.1306013161636,1516.7845648167104,2875.5699516472023,3084.929186153252,2752.814123380867,1939.6310639635499,3270.0080466578474,2218.999375141209,2080.3798401500126,2960.4024808843483,2836.8171392668764,1957.260346687114,1314.5383664455353,2696.527117734386,2468.7753667079537,3732.022673508823,2253.818651931298,2497.9461912723177,1838.7920233879902,1567.920232635013,0.0,1264.6287366858792,1028.7878266546702,906.6231600037795,1848.0985828173586,1801.6938837368011,1167.8304832429917,1910.8222629727406,1866.7440427067256,3543.925899843872,427.16540826833943,1862.7779415830676,3006.9283739529637,2064.9085511975236,2777.258775751443,1473.8652448940227,1251.8275776822059,1890.3717181101574,2868.618845675879,3121.123749328173,1526.9681182971035],
        [1602.6259521113761,2165.176880897932,1362.773980161132,2871.428914848549,3865.6974225299127,1580.5114614902639,1780.7543798632896,3004.3292534165644,3638.1439905553734,2365.227625632974,1988.4883650494887,2768.816294321047,2106.359413053474,2237.527779705562,3956.3898815365096,2780.3028898734347,4134.1320841508095,3367.222738442592,1944.3130084143816,2275.685377326415,3377.027033209868,1555.2246109805353,2134.814779655985,2085.8935175465535,3550.551886662776,2884.295956245917,3289.714768766768,3733.6847506910603,1762.8357913610828,1439.1470280863152,1264.6287366858792,0.0,2270.2895320433486,695.9037288013232,3112.4594430764923,2803.626647975557,203.491160102326,823.5001064021143,2991.401161275409,4199.519376800313,1691.263993790311,2279.126082141614,3835.599924310895,3318.7962116297285,1747.1912489589943,2258.3835857294234,2274.0984736411137,2802.092235838407,1805.0296057698113,2296.1718728629908,1602.6259521113761],
        [2298.322853140466,682.0592866745562,3364.10079635342,4121.9272893861325,1902.8392110469756,3540.079975615366,2245.216024170211,1747.1454620580018,1591.3512634903138,3827.4195435963106,642.2222362749673,502.0865040968457,3529.4853174882746,3772.3610346853625,2041.7138900074726,1409.4452950306556,2541.8357523076706,1250.1540945778881,2441.3785398398923,3553.8681829175816,2477.6529995082906,2853.2173670448906,1057.2911250345394,3268.920190065597,2050.1772380980183,4383.456508536153,1949.9212540723988,1706.4771043980181,2622.530463020209,2068.8430401699975,1028.7878266546702,2270.2895320433486,0.0,1763.7214119440941,893.408991971859,1080.5739870664809,2145.4961663398653,2938.9602755934015,951.1864201136492,3001.504691800056,642.8622593237568,1830.4299317784307,2334.374439937732,1050.8194404663518,3595.3392220186843,1181.016541280358,1273.7301350939954,1857.2108630578953,3702.6308446549365,3791.8626254437513,2298.322853140466],
        [1927.476628954507,1526.3225217982888,2052.956927781604,2702.7215293040595,3205.4348440599606,1791.967064049699,2051.570830831143,2308.7489621170366,3268.4666527688337,2279.191945753019,1659.1793954211953,2263.5558785479157,1986.3744791095069,2185.5694219099164,3647.3206365066894,2090.457850305747,3440.3735412446713,2748.6742764366572,1416.5071965272348,2091.2608960661933,2695.2684924333034,2082.5126813090924,1452.4680261949916,1842.923863713024,3372.0467505686897,2836.611975449097,3148.498868408493,3374.2901135318252,2168.5161550746643,871.9782094507352,906.6231600037795,695.9037288013232,1763.7214119440941,0.0,2649.369625299192,2140.716301267771,500.0042016607229,1518.2300181942753,2367.707056390248,3509.561509705298,1296.7250045249984,1600.15417047309,3140.671229239416,2806.246811571718,1876.5510758031016,1569.2118031031189,2131.559248974434,2745.427890253268,1972.5835002945457,2225.12255453571,1927.476628954507],
        [2806.8807258032916,1433.3190173597548,4089.996368262294,4974.857051467618,1764.3383050004466,4431.87091140409,2692.5136324923833,2183.0062432429954,780.5652532283299,4704.47970279601,1192.4030179539848,430.63797037925616,4407.96046255781,4654.8879680819055,1277.9505458243932,1884.0714470672235,2614.4079700995594,1092.2151937122273,3269.9037718518202,4420.681590588668,2936.669800201154,3434.9616097216544,1796.068542362425,4133.9849994579645,1576.2769741644097,5256.956734638886,1610.9984154612573,897.7659985165294,3114.281639989683,2939.70838136761,1848.0985828173586,3112.4594430764923,893.408991971859,2649.369625299192,0.0,1457.330445939679,3005.087250801579,3715.8301396332654,1071.8694229747257,3251.5583002863445,1422.9066498006723,2553.1735598652112,2501.8623023388973,347.06541482881676,4488.748146397091,1873.6904661757815,1465.921452501485,1797.2263405314613,4595.900143052198,4671.691761869564,2806.8807258032916],
        [3274.534877947564,661.0347808927091,4083.4275430714597,3816.7537295930274,1064.7229877737661,3686.2465446492724,3255.192760394284,729.1378159457587,2227.8327100782185,3662.654982281983,1708.4616413420922,1103.4862570708572,3386.3340040364674,3651.9883996982567,2729.9365551007677,431.40383590367054,1489.8242446390714,742.2570628257902,2113.2364791500413,3335.5199560341557,1485.0944097986128,3756.7194746305904,717.4882608529148,3053.025529572608,2971.3122738827938,4178.243622944575,2933.096084742021,2342.382459658743,3597.265116655655,1977.4477265469445,1801.6938837368011,2803.626647975557,1080.5739870664809,2140.716301267771,1457.330445939679,0.0,2626.8603539254223,3588.823985260359,436.32121676320634,1924.0981887461085,1574.279571125267,1251.6478156314245,1260.0726633421043,1317.1701797469423,3668.0964193091745,667.1888198101127,2353.8882281176934,2919.790606226462,3792.041641807768,3648.773295013986,3274.534877947564],
        [1714.9572751754943,1996.8271025949987,1565.7867767488783,2762.3971431768036,3690.789801764319,1567.796084655498,1879.3393566611287,2808.0476075923743,3561.510101253327,2274.1326103977526,1913.848168314833,2646.8794774661706,2003.8258508406448,2154.436959677429,3899.227104273066,2589.7592227220634,3940.3661995526163,3208.5507524330255,1754.7386775089867,2158.531727698057,3173.817827555132,1725.368226183681,1948.4631325568341,1952.9147844858642,3531.0951760287253,2807.3039730822575,3280.12354346026,3660.501398917607,1900.443561113766,1241.8020601036715,1167.8304832429917,203.491160102326,2145.4961663398653,500.0042016607229,3005.087250801579,2626.8603539254223,0.0,1025.1014722206517,2830.294403247227,3997.3595174709203,1593.7353701170541,2075.8770796193394,3640.4132157714407,3196.296253976904,1710.775424742648,2068.183521999166,2257.1826162442103,2814.5270251731185,1781.527111934824,2208.4695669702296,1714.9572751754943],
        [1505.458806532244,2937.037281848044,545.6855790050034,3309.4067903684113,4642.8900265228585,1763.5932258329472,1723.6232819649135,3824.2254512749105,4137.587431953535,2758.7843159605213,2532.948116385747,3419.480172706186,2554.0848778904333,2609.5604432568357,4385.710264543071,3591.951081125294,4949.860416129216,4107.261678323419,2694.709748355348,2765.516278434376,4197.136164299242,1119.891941031603,2941.017054598529,2638.4982005960564,3857.65752851873,3202.829768944057,3568.9511784407628,4220.217143874278,1507.1687091365766,2224.812218658997,1910.8222629727406,823.5001064021143,2938.9602755934015,1518.2300181942753,3715.8301396332654,3588.823985260359,1025.1014722206517,0.0,3740.0438605399318,5022.451450337976,2311.956867535843,3099.247590944484,4653.653941556402,3962.3393458673245,1993.9748351260419,3070.45071895445,2624.004762980231,3019.2638976276517,1998.7009311861757,2681.2780643097344,1505.458806532244],
        [3244.5736171132403,843.4020127824353,4207.398076808229,4229.446189937765,955.3271845378873,4006.967503034586,3196.1551237673375,1127.1813885815873,1822.7904392020184,4052.2759772650697,1589.271504578094,785.1932379522085,3770.1022614471863,4033.249283113393,2325.507293978998,861.2448489259423,1633.1288916450728,381.83276729537744,2516.452200026229,3732.427985975901,1873.3168321583591,3779.6988205316993,1052.1105401500854,3447.4342642039323,2629.4013326119602,4577.436329852533,2622.7925256991425,1934.8706335265117,3569.1575442474004,2330.7498334017087,1866.7440427067256,2991.401161275409,951.1864201136492,2367.707056390248,1071.8694229747257,436.32121676320634,2830.294403247227,3740.0438605399318,0.0,2199.2281517294473,1554.6088970564385,1676.0663670378738,1469.6608817506196,891.6048390913496,4007.2425225287184,1047.799798984318,2169.618861423293,2679.583576383617,4128.085984590456,4034.327713208816,3244.5736171132403],
        [5070.130014829388,2451.952711905065,5561.545475640467,3828.6050073437596,1678.595091041539,4464.400055459677,5085.486906073386,1303.0180033245047,3948.144030097753,3956.354971416551,3615.3610586576888,2980.322982623084,3773.529427330321,4022.7821683569064,4438.896165427437,1627.9345531985439,797.9547044651695,2191.050660214139,2610.2588278121643,3606.392798140716,853.5681173548187,5460.084847069161,2229.780538115449,3398.7463362357107,4823.935083528527,4310.71877739251,4821.564119611195,4049.9505394274643,5382.561614222641,2883.1047892133492,3543.925899843872,4199.519376800313,3001.504691800056,3509.561509705298,3251.5583002863445,1924.0981887461085,3997.3595174709203,5022.451450337976,2199.2281517294473,0.0,3424.9100951986215,1930.9176713373135,763.4760642093928,3000.0093519811794,4341.189989273473,2071.512993701067,4274.9864804530325,4842.460459769948,4469.936547602834,3982.0497098253613,5070.130014829388],
        [1703.895352991303,972.9740760417359,2724.321697853295,3883.404795219971,2508.9277481705135,3084.4894143323354,1681.410159479365,2125.2338865777924,1978.1158229033629,3520.039467731749,380.6893134173595,1107.782581450639,3221.344181349736,3442.9534513494036,2350.9470683701466,1797.0736121669531,3064.021218206519,1881.1807712427612,2308.221972862749,3286.315965256103,2787.9524809407676,2225.4007208664334,1247.2969650769846,3012.837328620895,2132.0919426686555,4081.6345765305205,1946.4894695426317,2081.537992325006,2027.8972607481805,1837.7997485176404,427.16540826833943,1691.263993790311,642.8622593237568,1296.7250045249984,1422.9066498006723,1574.279571125267,1593.7353701170541,2311.956867535843,1554.6088970564385,3424.9100951986215,0.0,1924.0125324189994,2824.2302022935405,1651.0471807725853,3173.0983252971337,1405.1462551142558,1012.7648992128775,1665.996590028272,3269.0823703582396,3473.9680323975977,1703.895352991303],
        [3343.0600729337957,1154.2483271710935,3641.5901791161364,2570.629415547723,2116.175308836019,2667.1911603652798,3405.8839860681915,911.373599523283,3329.7370851083774,2456.991741412442,2245.4155554053873,2132.9839966755603,2197.5158423662397,2465.6965085458337,3815.8461388312585,901.9476971939949,2014.0332648926787,1989.809950063869,899.097808383807,2117.098443000418,1097.9711611689117,3633.75085223392,775.604170281339,1843.1473350026008,3879.2422637928767,2950.6236660156146,3761.985341534646,3447.5689771900484,3632.1754151868977,975.8093420708055,1862.7779415830676,2279.126082141614,1830.4299317784307,1600.15417047309,2553.1735598652112,1251.6478156314245,2075.8770796193394,3099.247590944484,1676.0663670378738,1930.9176713373135,1924.0125324189994,0.0,1700.9060539198097,2502.9627070600286,2595.236864063214,679.4970154397957,2926.8670299073606,3573.502285811482,2724.6131812647545,2452.4067868775323,3343.0600729337957],
