{
    "drone_dist": [
        [0.0,38.82522633930591,21.10535299235618,39.92319529608242,34.95054921688101,41.730185880554295,40.0469335259026,21.255213794430595,33.8367021642386,27.934161894166564,32.50805642145016,38.27767463512533,25.984340814373923,28.679096274532064,36.11154479328901,32.13188067848774,10.23996788556443,39.82132369050197,5.992408480050454,32.34619979741678,0.0],
        [38.82522633930591,0.0,49.20771332393568,25.901233732579378,7.156015850883438,18.9965399547752,26.05242298754696,17.964670677470924,15.671876468867525,16.516168003409323,28.62810146582133,17.115402517054964,26.584251284732208,43.81515944532628,7.665412084274223,24.45312007351131,37.54232193485583,7.833589138081016,33.671009518031696,12.98948978738979,38.82522633930591],
        [21.10535299235618,49.20771332393568,0.0,58.47647870739287,48.09647644047128,43.24528990893765,58.620991505755285,35.544325679027075,37.620745739299885,44.24118673342446,52.18887104784178,40.70836602567966,25.165846247093043,49.71777771954477,43.57673866201199,50.94874009637044,31.341786204100462,53.0953066767838,25.691166828815078,38.10524322810638,21.10535299235618],
        [39.92319529608242,25.901233732579378,58.47647870739287,0.0,19.35843912297791,44.10522584998829,0.1679475204594339,24.276809075444827,38.3599609457592,15.39985879234886,8.925257639737676,41.47032526174913,44.24397345730308,26.23928202835351,31.936706457930427,7.798129709057945,32.3176475919051,18.638412396233306,34.0385947257391,34.93417741826519,39.92319529608242],
        [34.95054921688101,7.156015850883438,48.09647644047128,19.35843912297791,0.0,24.763677264909074,19.517805541408045,13.724926067705212,19.577799922561134,9.722010219342437,21.481139284874136,22.251348809409436,28.061988967750036,36.86500380034907,12.608274640945618,17.310402855594482,32.14945771267291,5.0372577630008,29.34811293522567,16.277429387075724,34.95054921688101],
        [41.730185880554295,18.9965399547752,43.24528990893765,44.10522584998829,24.763677264909074,0.0,44.26613317599305,27.0233073733538,8.187856204854999,31.35427193180148,44.903325876074085,3.5754605106697617,18.225103016409292,56.90376202905048,12.169298122811835,40.955616824737035,45.019492607151946,26.82073738991757,38.63460055288961,10.91136109126252,41.730185880554295],
        [40.0469335259026,26.05242298754696,58.620991505755285,0.1679475204594339,19.517805541408045,44.26613317599305,0.0,24.438369685556587,38.52605156085778,15.564569438257315,8.976653108401834,41.633690764984884,44.4106274466952,26.24435028968734,32.09779858928386,7.918238300921758,32.41764367135824,18.778602710934777,34.16578066981286,35.10048110317583,40.0469335259026],
        [21.255213794430595,17.964670677470924,35.544325679027075,24.276809075444827,13.724926067705212,27.0233073733538,24.438369685556587,0.0,19.115296621293613,9.010312109270792,20.77624373377047,23.537706101726386,20.587439244393103,29.929552953467297,17.31211849254434,17.8492651511536,19.793714293311755,18.66957333433497,15.800268327876692,16.112053367119216,21.255213794430595],
        [33.8367021642386,15.671876468867525,37.620745739299885,38.3599609457592,19.577799922561134,8.187856204854999,38.52605156085778,19.115296621293613,0.0,24.444553800524734,38.03756625311176,4.612719718386618,12.6835287388743,49.044236336447796,8.040295480462357,34.27717199048824,36.83313788293101,22.86912398625019,30.513696675069948,3.44090841571656,33.8367021642386],
        [27.934161894166564,16.516168003409323,44.24118673342446,15.39985879234886,9.722010219342437,31.35427193180148,15.564569438257315,9.010312109270792,24.444553800524734,0.0,13.604324993530563,28.234304951693474,28.90744745683033,27.305490363233755,19.671755375336637,9.877142438357872,23.34084843020397,13.333950490449476,21.99226908034404,21.035543402855463,27.934161894166564],
        [32.50805642145016,28.62810146582133,52.18887104784178,8.925257639737676,21.481139284874136,44.903325876074085,8.976653108401834,20.77624373377047,38.03756625311176,13.604324993530563,0.0,41.82749330235049,41.35786764022274,17.81531440272752,33.03451062376746,4.179971871934317,24.06262969336166,22.806500021137204,26.87074536481381,34.63608453256352,32.50805642145016],
        [38.27767463512533,17.115402517054964,40.70836602567966,41.47032526174913,22.251348809409436,3.5754605106697617,41.633690764984884,23.537706101726386,4.612719718386618,28.234304951693474,41.82749330235049,0.0,15.545596673605543,53.449736036196086,9.725659572995816,37.946235282202395,41.44549282381505,24.81071376107583,35.08926012306947,7.454941476805087,38.27767463512533],
        [25.984340814373923,26.584251284732208,25.165846247093043,44.24397345730308,28.061988967750036,18.225103016409292,44.4106274466952,20.587439244393103,12.6835287388743,28.90744745683033,41.35786764022274,15.545596673605543,0.0,47.91466968268301,19.692674794546175,38.366068340904285,32.118781567713,32.46907280241696,24.726003545864682,13.943101410232066,25.984340814373923],
        [28.679096274532064,43.81515944532628,49.71777771954477,26.23928202835351,36.86500380034907,56.90376202905048,26.24435028968734,29.929552953467297,49.044236336447796,27.305490363233755,17.81531440272752,53.449736036196086,47.91466968268301,0.0,46.26085953307355,21.292024625711704,18.48117036960526,39.42506114923286,25.344585321157318,46.00335120698296,28.679096274532064],
        [36.11154479328901,7.665412084274223,43.57673866201199,31.936706457930427,12.608274640945618,12.169298122811835,32.09779858928386,17.31211849254434,8.040295480462357,19.671755375336637,33.03451062376746,9.725659572995816,19.692674794546175,46.26085953307355,0.0,29.00231497369952,36.878033596962155,15.145348428193786,31.70389151830101,5.751312619679801,36.11154479328901],
        [32.13188067848774,24.45312007351131,50.94874009637044,7.798129709057945,17.310402855594482,40.955616824737035,7.918238300921758,17.8492651511536,34.27717199048824,9.877142438357872,4.179971871934317,37.946235282202395,38.366068340904285,21.292024625711704,29.00231497369952,0.0,24.640339213126026,18.692054072230988,26.263973250918202,30.85313918158815,32.13188067848774],
        [10.23996788556443,37.54232193485583,31.341786204100462,32.3176475919051,32.14945771267291,45.019492607151946,32.41764367135824,19.793714293311755,36.83313788293101,23.34084843020397,24.06262969336166,41.44549282381505,32.118781567713,18.48117036960526,36.878033596962155,24.640339213126026,0.0,36.49054563294472,7.54276022818552,34.51936697228483,10.23996788556443],
        [39.82132369050197,7.833589138081016,53.0953066767838,18.638412396233306,5.0372577630008,26.82073738991757,18.778602710934777,18.66957333433497,22.86912398625019,13.333950490449476,22.806500021137204,24.81071376107583,32.46907280241696,39.42506114923286,15.145348428193786,18.692054072230988,36.49054563294472,0.0,34.13547587442793,19.812351363955315,39.82132369050197],
        [5.992408480050454,33.671009518031696,25.691166828815078,34.0385947257391,29.34811293522567,38.63460055288961,34.16578066981286,15.800268327876692,30.513696675069948,21.99226908034404,26.87074536481381,35.08926012306947,24.726003545864682,25.344585321157318,31.70389151830101,26.263973250918202,7.54276022818552,34.13547587442793,0.0,28.563789340527308,5.992408480050454],
        [32.34619979741678,12.98948978738979,38.10524322810638,34.93417741826519,16.277429387075724,10.91136109126252,35.10048110317583,16.112053367119216,3.44090841571656,21.035543402855463,34.63608453256352,7.454941476805087,13.943101410232066,46.00335120698296,5.751312619679801,30.85313918158815,34.51936697228483,19.812351363955315,28.563789340527308,0.0,32.34619979741678],
        [0.0,38.82522633930591,21.10535299235618,39.92319529608242,34.95054921688101,41.730185880554295,40.0469335259026,21.255213794430595,33.8367021642386,27.934161894166564,32.50805642145016,38.27767463512533,25.984340814373923,28.679096274532064,36.11154479328901,32.13188067848774,10.23996788556443,39.82132369050197,5.992408480050454,32.34619979741678,0.0]
    ],
    "end_depot": 20,
    "start_depot": 0,
    "truck_dist": [
        [0.0,40.10627317863943,25.767623907706792,56.26979040194769,41.117221311501794,55.473110896220646,56.4571546852899,24.44057971975902,43.9596002528836,36.795120057249676,45.901506040351805,50.44022346024075,36.66091031837963,32.68261300355546,41.34931544017307,45.3203480872221,12.261631108692082,47.89543453049448,8.195508573603009,40.14624158850753,0.0],
        [40.10627317863943,0.0,65.87389708634622,32.870785337609945,10.069513870532784,19.967981425195376,33.01675576127379,20.001120807403744,21.201290441026167,23.12150246070516,40.069335696430656,20.45571063641146,37.58643394908465,61.51768578257477,10.134262112571434,34.186599501951235,45.20539548015516,7.877766371458939,35.343696273150556,18.178378409966378,40.10627317863943],
        [25.767623907706792,65.87389708634622,0.0,82.03741430965448,66.88484521920859,45.905915661150836,82.22477859299669,50.20820362746581,44.672606645320045,62.56274396495647,71.66912994805858,45.41818644993475,28.287463137261568,58.450236911262245,55.73963497377478,71.08797199492889,38.02925501639887,73.66305843820126,33.9631324813098,47.695518676379834,25.767623907706792],
        [56.26979040194769,32.870785337609945,82.03741430965448,0.0,22.80127146707716,50.84345287222466,0.18736428334221245,31.829210682188666,39.32994222888761,19.474670344698012,10.368284361595883,45.810565436244765,53.74995117239291,28.646900444964828,36.719657416177085,10.949442314725584,44.0081592932556,24.993018966151006,48.07428182834468,35.51658356451154,56.26979040194769],
        [41.117221311501794,10.069513870532784,66.88484521920859,22.80127146707716,0.0,28.042181405147502,22.947241890741008,16.67664159174277,22.212238573888534,13.051988590172375,29.99982182589787,23.009293969167604,38.59738208194702,51.448171912041985,13.918385949099925,24.117085631418448,35.13588160962238,6.778213218992686,32.92171273789879,19.189326542828738,41.117221311501794],
        [55.473110896220646,19.967981425195376,45.905915661150836,50.84345287222466,28.042181405147502,0.0,50.98942329588851,37.97378834201846,11.51351064333705,41.094169995319874,58.04200323104537,5.032887435979895,18.812200577841022,79.49035331718949,14.123795456047576,52.15926703656595,63.178063014769876,27.757142777050426,53.31636380776527,15.326869307713121,55.473110896220646],
        [56.4571546852899,33.01675576127379,82.22477859299669,0.18736428334221245,22.947241890741008,50.98942329588851,0.0,32.01657496553088,39.47591265255146,19.662034628040225,10.555648644938096,45.95653585990861,53.93731545573512,28.50093002130098,36.86562783984093,11.136806598067796,44.19552357659782,25.138989389814853,48.26164611168689,35.66255398817539,56.4571546852899],
        [24.44057971975902,20.001120807403744,50.20820362746581,31.829210682188666,16.67664159174277,37.97378834201846,32.01657496553088,0.0,26.46027769868141,12.354540337490654,21.460926320592783,32.940900906038564,21.920740490204246,41.51656497517103,23.849992885970885,20.879768367463083,25.20427467275142,23.454854810735455,16.245071146156015,22.64691903430534,24.44057971975902],
        [43.9596002528836,21.201290441026167,44.672606645320045,39.32994222888761,22.212238573888534,11.51351064333705,39.47591265255146,26.46027769868141,0.0,29.580659351982824,46.52849258770832,6.480623207357154,16.38514350805848,67.97684267385245,11.067028328454734,40.64575639322889,51.66455237143283,28.990451792881217,41.80285316442822,3.8133586643760715,43.9596002528836],
        [36.795120057249676,23.12150246070516,62.56274396495647,19.474670344698012,13.051988590172375,41.094169995319874,19.662034628040225,12.354540337490654,29.580659351982824,0.0,16.947833235725497,36.06128255933998,34.2752808276949,38.396183321869614,26.9703745392723,11.065097041246073,24.533488948557594,15.24373608924622,28.59961148364667,25.767300687606756,36.795120057249676],
        [45.901506040351805,40.069335696430656,71.66912994805858,10.368284361595883,29.99982182589787,58.04200323104537,10.555648644938096,21.460926320592783,46.52849258770832,16.947833235725497,0.0,53.009115795065476,43.38166681079703,21.448350086144117,43.918207774997796,5.882736194479424,33.63987493165972,32.19156932497172,37.7059974667488,42.71513392333225,45.901506040351805],
        [50.44022346024075,20.45571063641146,45.41818644993475,45.810565436244765,23.009293969167604,5.032887435979895,45.95653585990861,32.940900906038564,6.480623207357154,36.06128255933998,53.009115795065476,0.0,17.13072331267319,74.4574658812096,10.321448523840026,47.12637960058605,58.14517557878999,28.24487198826651,48.283476371785376,10.293981871733227,50.44022346024075],
        [36.66091031837963,37.58643394908465,28.287463137261568,53.74995117239291,38.59738208194702,18.812200577841022,53.93731545573512,21.920740490204246,16.38514350805848,34.2752808276949,43.38166681079703,17.13072331267319,0.0,60.67815273934846,27.452171836513216,42.800508857667324,44.365862436928865,45.3755953009397,34.50416322992425,19.408055539118273,36.66091031837963],
        [32.68261300355546,61.51768578257477,58.450236911262245,28.646900444964828,51.448171912041985,79.49035331718949,28.50093002130098,41.51656497517103,67.97684267385245,38.396183321869614,21.448350086144117,74.4574658812096,60.67815273934846,0.0,65.36655786114191,27.33108628062354,20.420981894863377,53.639919411115834,26.173989509424217,64.16348400947638,32.68261300355546],
        [41.34931544017307,10.134262112571434,55.73963497377478,36.719657416177085,13.918385949099925,14.123795456047576,36.86562783984093,23.849992885970885,11.067028328454734,26.9703745392723,43.918207774997796,10.321448523840026,27.452171836513216,65.36655786114191,0.0,38.035471580518376,49.05426755872231,17.923423464426484,39.192568351717696,8.044116297394941,41.34931544017307],
        [45.3203480872221,34.186599501951235,71.08797199492889,10.949442314725584,24.117085631418448,52.15926703656595,11.136806598067796,20.879768367463083,40.64575639322889,11.065097041246073,5.882736194479424,47.12637960058605,42.800508857667324,27.33108628062354,38.035471580518376,0.0,33.05871697853002,26.308833130492292,37.124839513619094,36.832397728852825,45.3203480872221],
        [12.261631108692082,45.20539548015516,38.02925501639887,44.0081592932556,35.13588160962238,63.178063014769876,44.19552357659782,25.20427467275142,51.66455237143283,24.533488948557594,33.63987493165972,58.14517557878999,44.365862436928865,20.420981894863377,49.05426755872231,33.05871697853002,0.0,37.32762910869623,9.86169920700461,47.851193707056765,12.261631108692082],
        [47.89543453049448,7.877766371458939,73.66305843820126,24.993018966151006,6.778213218992686,27.757142777050426,25.138989389814853,23.454854810735455,28.990451792881217,15.24373608924622,32.19156932497172,28.24487198826651,45.3755953009397,53.639919411115834,17.923423464426484,26.308833130492292,37.32762910869623,0.0,39.69992595689147,25.967539761821428,47.89543453049448],
        [8.195508573603009,35.343696273150556,33.9631324813098,48.07428182834468,32.92171273789879,53.31636380776527,48.26164611168689,16.245071146156015,41.80285316442822,28.59961148364667,37.7059974667488,48.283476371785376,34.50416322992425,26.173989509424217,39.192568351717696,37.124839513619094,9.86169920700461,39.69992595689147,0.0,37.98949450005215,8.195508573603009],
        [40.14624158850753,18.178378409966378,47.695518676379834,35.51658356451154,19.189326542828738,15.326869307713121,35.66255398817539,22.64691903430534,3.8133586643760715,25.767300687606756,42.71513392333225,10.293981871733227,19.408055539118273,64.16348400947638,8.044116297394941,36.832397728852825,47.851193707056765,25.967539761821428,37.98949450005215,0.0,40.14624158850753],
        [0.0,40.10627317863943,25.767623907706792,56.26979040194769,41.117221311501794,55.473110896220646,56.4571546852899,24.44057971975902,43.9596002528836,36.795120057249676,45.901506040351805,50.44022346024075,36.66091031837963,32.68261300355546,41.34931544017307,45.3203480872221,12.261631108692082,47.89543453049448,8.195508573603009,40.14624158850753,0.0]
    ],
    "vertex_count": 21
}