{
    "drone_dist": [
        [0.0,3750.410799643674,3976.7040306315403,3914.8091313932723,987.0798675407804,1631.7562982161458,1140.4899539663388,517.1147256756021,528.3044908506077,4196.999483204494,2793.546653110666,2239.3700463255204,3195.1626314583464,2009.6543681268101,1951.6515695341402,1366.3546146857489,2621.67860682614,3781.266847171087,4482.285208404145,3121.4656332612894,946.6964649191322,3507.457053276146,2752.563021804345,3050.2253837063536,3828.077073946883,2881.021281609096,3585.9704890034286,4804.313716823146,2313.363123578588,288.0723224913783,3357.456157907664,4261.964843723722,1708.527246314599,1633.733250705945,3104.7807937059097,5348.301621543529,2942.061858531684,4367.382002535594,2615.83344480199,3954.1999850930697,2119.4622843359707,3278.8641019044976,1884.7121731382583,4427.128082384265,2641.942903865234,5200.61981758904,3930.3337000429983,3023.2682084161834,3143.1643932818442,851.5831900230517,4528.772525246942,5133.453715513095,2178.9593610613238,1322.2784685108022,515.3072525129372,2172.7828012881914,1723.1756490937073,4297.954152085043,3470.2037574098044,1182.9941007876926,5278.936177085671,1194.2967009509705,2541.895550064706,4673.3300782498645,2985.9821967584303,3047.7660232177873,2476.727655416934,3837.919735080381,429.56514697960404,1328.9538613287832,775.2394910958378,2557.9675318312657,2064.4107774450295,2869.405557559863,1460.0724544898064,2458.4729371328353,1134.5828234457895,2168.4792444897234,1666.7194422702903,2348.4417382186025,0.0],
        [3750.410799643674,0.0,1130.296659243309,557.2870308005068,3063.9336589991494,5059.0435608261205,4435.576099866901,3457.412177882954,4036.7988749724436,456.52493327655566,2950.2912151173864,2100.432262442699,3238.183596158418,2535.1737480441516,1829.069040803722,2388.3971023951003,3330.096468429419,1481.0844418936995,1458.0855416888112,632.7683882460772,4078.462005182392,1201.4672615399506,2461.3241522188555,1523.8511469434188,211.29896940401818,2218.4737050391063,2907.5419473003076,4117.924711869445,2384.6548140491373,3478.1981674889857,2653.1028233779075,3626.5306218302094,2043.1707686248428,2341.3077154140897,3144.667688280733,1598.003630449265,1490.3119870790674,755.1731335926581,2231.5871305021633,245.14208653740835,1666.9238912484545,929.4462460415892,2977.924880765693,1244.0171712720414,1907.727491477198,1466.521946879097,216.6528101771068,1141.9641804403054,3626.229792518914,3823.350821529221,3571.9508795955207,1404.1217497588636,1649.1970326081096,3361.3116624748764,4265.703454048277,2832.7434064601202,3343.6371660940804,3232.4251980617983,327.515739107068,2570.1021461276137,1535.9090727484122,3668.231381598339,2385.119489133224,4068.9315033652906,1306.2043551208722,2264.2556467109057,1428.7669752437666,3370.200789773852,3337.632930896902,2425.004021814024,4049.949831304149,1193.7634829633282,1933.345978346463,1497.4594499723228,2426.457002730055,3092.8188187922538,2732.1071893018416,2729.615471892096,2100.1287117231655,3141.8565776761475,3750.410799643674],
        [3976.7040306315403,1130.296659243309,0.0,589.2975058290966,3532.803655376666,4995.173742747699,4389.8863821053465,3569.4057424221323,4127.84635845746,1286.9407278782155,2308.030003687152,1857.9934544703417,2470.8119769704554,2260.9035384350486,2076.5145236773287,2661.914135560179,2748.0067188240087,462.1320788276538,513.3414626616201,1270.4443175791653,4041.501274409937,490.3627699326233,1862.9228482476426,2533.30019996322,1327.0515716483908,3196.2969304464636,2002.3527140060262,3063.612914339233,2003.1641243425602,3743.9286332735996,1809.6235130752316,2619.548548513539,2412.283130545263,2915.798055445305,4128.861885607475,1918.7723883698307,2466.6754978504405,845.2300388277313,1736.1383494135673,1275.974824029111,1918.2473359661562,729.4616815927384,3716.3718228013827,468.66778305808054,1498.6926517105514,1956.1463820640704,1257.3742277928593,957.5249972206674,2900.065725503225,3800.303376317478,2511.373662157428,1560.9599247212402,1827.947880794872,3211.564703746768,4474.245545149194,3643.580492315418,4037.0673655916994,2182.0949970564375,1337.3661627993436,2838.4564257454217,1744.2033746216928,4218.474675940675,1893.6855630376178,3030.711562719323,2281.3980933404946,1555.1261498756944,1518.2887216539589,2433.559341583882,3547.2726753335132,2763.821018619256,4063.2134053554387,1719.6154059904995,2608.3543471211815,1142.6382329325734,2520.2932431544878,3961.059178981355,3168.887951654216,3539.1239629117867,2518.929319485181,3984.9750149438655,3976.7040306315403],
        [3914.8091313932723,557.2870308005068,589.2975058290966,0.0,3339.0245612563467,5092.37097227599,4473.299440223716,3562.3369357308407,4137.950455416106,717.619190516725,2676.0019710307506,1998.1324810530032,2905.8380225103506,2431.7966206796527,1963.6831397970495,2554.4246951158407,3090.9905391743,993.9872542174351,909.0149700105892,895.3210280248403,4117.25121146561,802.2384713712502,2198.276782506215,2042.0330283872227,743.1525907970738,2727.3992459018405,2502.198135148032,3635.4450916204655,2224.394074731718,3658.868213378921,2275.4465050496015,3171.1052731314094,2248.4227579410617,2657.8418938194613,3659.999984290741,1576.1447188552725,1992.8083698760902,470.8604374240197,2011.0885112081908,686.6773657398061,1796.0014648266533,712.684923561438,3382.255956696104,709.0188321232373,1715.0012733944914,1540.9091935851889,668.2321431378067,987.0021489604097,3318.473312192216,3866.306952632473,3084.5838629339933,1275.2434687647087,1739.0641111702655,3335.9066328766844,4426.209864050995,3269.919978009002,3729.5986253213355,2750.486143336545,816.5421245697728,2737.6882067900447,1445.5639203626665,3988.7028467708683,2171.5098921526896,3596.306759707912,1805.8359704212235,1942.9660147027298,1456.2866482051897,2952.1416257299156,3489.012218208119,2624.799265235744,4113.113964313854,1444.9835471683537,2292.675563343648,1302.1627890262964,2503.0340324705667,3557.949000487331,2986.702139685972,3165.36402522103,2332.488878127036,3595.907357167688,3914.8091313932723],
        [987.0798675407804,3063.9336589991494,3532.803655376666,3339.0245612563467,0.0,2617.7844869506816,2096.9133029198056,1133.3326650846664,1493.9202495395152,3483.947808807161,2984.004025106183,2105.496264765093,3427.1410676039477,2070.592767881979,1472.5806435835948,947.0556356159292,2960.075541421414,3445.731628541565,4045.5665120425497,2468.86541369261,1838.4067220396876,3114.555198285636,2778.855117997879,2127.047998445922,3100.6322689838294,1897.7064283226623,3666.909206841926,5007.351400370357,2317.499917135042,727.6882103549763,3392.8518373240295,4434.6507236283815,1121.2204951768063,746.7391121166852,2156.6031160046787,4635.669074372326,2030.3598380908406,3755.3632843055007,2562.0930920066135,3236.6705916432074,1620.3768093778472,2803.805421225338,938.5102377994274,3943.968084542291,2463.1846986300015,4457.025726864163,3216.1889830646783,2591.01570411434,3499.691101688083,1658.4019808569512,4639.727241850282,4468.036056476933,1724.2657616854362,1821.170098098583,1418.1623401394802,1205.129706246733,899.0752206387368,4358.923748785696,2754.0109124362607,823.2725956321559,4595.402359225016,713.1275008128088,2547.4866530516133,4888.3144740724265,2103.7466076718024,2991.053459395611,2031.5268984186623,4011.7872769070964,822.7645290108537,800.975880119486,1693.3728870613875,1898.4091439140313,1192.7449745030926,2550.5501612533153,1289.4853286224659,1525.7728851706202,365.7259802225565,1190.2509906986431,1015.6683378296873,1428.2964544383312,987.0798675407804],
        [1631.7562982161458,5059.0435608261205,4995.173742747699,5092.37097227599,2617.7844869506816,0.0,623.4684727461598,1661.626249689815,1136.7655515606907,5515.566669042819,3118.6189372513677,3137.740285645601,3367.096011187272,2742.636081240058,3242.420135328516,2749.1128313830236,2744.883943643678,4682.7535115054925,5457.385051119685,4431.819957245372,980.6966602777144,4504.843630503347,3329.9010798039044,4614.16025402546,5176.918201836695,4504.066645940234,3934.202942561662,4811.7823691264075,3026.3955668711424,1896.3493328738052,3809.4981307601734,4375.517174795901,3119.132454553482,3214.578143401592,4720.17612929427,6630.299931454437,4497.72094535631,5562.849683099674,3329.907069358747,5287.216921628429,3397.9568327814136,4391.859307472092,3507.5653512383815,5463.825122809225,3505.2281371515583,6524.242741355559,5260.660671786643,4116.030877131977,3107.624661642943,1235.6933850001144,4715.682344242019,6363.473612448871,3409.9293321578625,1784.7441057295064,1311.2459818714387,3800.864607542788,3306.6125570494605,4588.379913525637,4823.492298207678,2589.575766843341,6526.885095639223,2710.6155811829576,3195.0976395256557,4672.572257476573,4514.799364876136,3682.03025635681,3652.744618518292,4002.091951245634,1890.7735852457345,2782.1600619937562,1025.6231350620017,3918.670963886149,3616.4689325721642,3856.8127054866427,2633.5026118120923,4070.355509089116,2719.1714072272684,3799.468481512867,3122.774225895492,3955.5753228972276,1631.7562982161458],
        [1140.4899539663388,4435.576099866901,4389.8863821053465,4473.299440223716,2096.9133029198056,623.4684727461598,0.0,1061.926770691587,612.2681130812881,4892.0995072098995,2614.952223924441,2532.1430353915766,2910.5714681426302,2150.1760130187763,2619.951651857696,2136.086036659978,2282.6729092522432,4090.6671444009576,4859.243487864616,3808.4439512591666,357.4322336422527,3899.644860095416,2775.9360910290197,4022.998574564391,4553.825913491225,3952.653728251655,3442.617527660433,4430.790154407585,2442.8860924609817,1369.9009726244753,3290.8901205976654,3955.697584086723,2505.588816987031,2639.653520860108,4240.4654085354,6007.760282589733,3904.1025081942103,4943.453893406875,2751.80665629875,4663.834909379997,2774.877563533376,3775.4002084973213,3018.2797733651146,4858.203990409549,2908.1683319270833,5900.828349703633,4637.258432368122,3500.0483929305665,2706.827990856234,612.2290862338949,4279.111427651676,5743.010681902792,2786.473105627603,1191.914917917906,991.2137049670289,3299.2806625765083,2862.525854588009,4121.521254479665,4200.728862244685,1981.6701781158922,5905.642719666107,2308.849598784275,2624.621500375225,4292.393763208724,3913.295904274552,3123.4765522960647,3030.64703165721,3561.2912551326813,1319.290141741866,2178.1848837502216,421.72429363590743,3297.434083208915,3026.5453533984037,3248.750080182166,2010.1463860855345,3596.4117280031355,2152.907638499141,3287.1632913862823,2515.294772261967,3487.726006069667,1140.4899539663388],
        [517.1147256756021,3457.412177882954,3569.4057424221323,3562.3369357308407,1133.3326650846664,1661.626249689815,1061.926770691587,0.0,579.6032640237897,3911.8036444311624,2276.5463372819286,1774.9248935402386,2678.739369445333,1510.110370671896,1628.6470130742484,1094.6843842744072,2110.4847814661202,3340.842427446931,4066.5104575185737,2824.7706549507734,744.0047993438255,3089.414501864952,2247.4815920782357,2961.0730049622516,3557.8633276048695,2912.256756394559,3071.6705575395326,4288.447990628726,1817.252012467344,501.0891542890274,2847.4755405317906,3744.9784343216215,1463.894678765408,1585.2669033634913,3283.2878394432983,5049.483585192887,2842.3219773240694,4025.356358933285,2124.89111597395,3675.64362126046,1792.7229935579637,2895.6483423782456,2070.906884858762,4028.8589865409535,2177.972150403043,4922.225711954115,3650.1551167730263,2629.629209159037,2636.5610523036376,531.6703643303332,4012.058245808896,4810.039990155135,1828.5949529506079,819.9410684309572,929.103015619098,2326.1326167931525,1999.082029868164,3783.461228694829,3200.5959104286794,929.3475862288194,4964.04511175101,1572.106623183592,2042.021550110609,4157.876821103003,2854.1644012263487,2551.894235094436,2106.774670391625,3320.8331975882215,311.8544791488368,1120.5371199112637,640.9665287890622,2286.030940358328,1964.7563062292031,2440.1409218087783,1060.6174975112783,2658.4040892024586,1111.4104468062935,2298.8500104070818,1461.6412205466247,2561.614448995229,517.1147256756021],
        [528.3044908506077,4036.7988749724436,4127.84635845746,4137.950455416106,1493.9202495395152,1136.7655515606907,612.2681130812881,579.6032640237897,0.0,4490.971676512093,2645.25555887761,2303.8680195942516,3006.837892447642,1989.7020324417913,2208.198993237737,1665.9977485180575,2397.613601649921,3879.6146195646716,4619.377656624664,3404.1025532179415,461.74514714611087,3643.81374250376,2697.4164808676805,3484.6205748778807,4135.7690561933705,3369.44101134777,3467.2775605042143,4593.582312176117,2298.3064765370927,766.6809361855874,3270.9920461662314,4076.953835281692,2032.6417585811055,2079.308225001257,3629.819572194782,5629.083869958865,3370.1956206043706,4602.222612845137,2611.8229538008814,4254.319692325632,2372.3205169125454,3465.122683877928,2408.217808912349,4590.389111308036,2702.7259018406753,5501.2637398813695,4228.934794288065,3196.4717308806003,2887.4733287980325,483.1095891839963,4371.443974046782,5388.6207663377045,2407.0161348131824,1121.6044158505094,529.5133092125903,2692.0441882915256,2251.076669309018,4171.877525938405,3778.1837161891167,1494.122371501019,5543.179327220007,1707.7091705514572,2510.263281977023,4458.396508789328,3395.434418043366,3023.324141394232,2681.7123294715816,3661.916449023657,759.0761142995474,1675.4505702291106,281.5426772877852,2862.766591252651,2487.7615371571887,2991.038702160259,1634.9164229874746,2984.8613111632176,1582.7283799113582,2683.0428636233705,2019.8800402888726,2875.7195357850105,528.3044908506077],
        [4196.999483204494,456.52493327655566,1286.9407278782155,717.619190516725,3483.947808807161,5515.566669042819,4892.0995072098995,3911.8036444311624,4490.971676512093,0.0,3335.4912314914945,2537.2595612957016,3594.614919869506,2973.929780362302,2284.1022442454578,2838.3795762863365,3731.4658944201874,1710.8750327797673,1464.3643525752707,1087.3527978447942,4534.978893362496,1502.5977889052479,2849.2885217410553,1769.7828209231373,385.60414673572654,2461.3842204516473,3214.3200112474947,4348.143075250573,2808.672685494919,3922.417182103409,2979.476028199763,3888.522032503907,2488.505024369785,2750.4426080540766,3361.0220904137277,1155.0552740707951,1765.6219813287744,587.9395830827992,2635.093823238214,247.28250172131172,2122.677449632679,1310.5800114027518,3328.8874666245183,1228.0070293404026,2318.3252681862646,1010.6764366642884,268.42742708627185,1552.2180508444997,3997.0866858191275,4279.873614621245,3796.4245100876146,1005.8654776208723,2105.699622740989,3814.09386287013,4712.07315914856,3157.3040911972107,3704.8523227321643,3464.3699121759296,732.1354226494587,3019.223301847915,1115.478216358978,4065.7436712216218,2792.092310876772,4311.436125538461,1594.2833205169745,2622.982261281341,1881.2165628340158,3667.24547524002,3787.0991432232404,2869.2269299847217,4506.185299149834,1639.1404422883393,2327.1844053848517,1902.1892617160117,2882.9272509365665,3385.017262684997,3160.932489127246,3056.777493783319,2539.3416454608337,3445.970257588321,4196.999483204494],
        [2793.546653110666,2950.2912151173864,2308.030003687152,2676.0019710307506,2984.004025106183,3118.6189372513677,2614.952223924441,2276.5463372819286,2645.25555887761,3335.4912314914945,0.0,1100.6337901057314,447.84515179270255,923.9803727294866,1943.0719731916624,2122.900677435117,452.3568429591756,1875.5978626947515,2642.616533567482,2513.336857728101,2341.6706326104563,1887.1126480840005,489.11988717392467,3529.291891472914,3146.569142128663,3915.5744736383394,829.5888469021668,2034.5329800461445,762.5705716998083,2705.867478451028,697.315477096397,1474.84832028864,2222.7488512630293,2831.64474912629,4673.471769209038,4211.001279863188,3405.775049136321,3097.741435602141,743.4778857433881,3189.932248383538,1946.302282950417,2027.61333048559,3700.7725944315184,2735.603090294724,1071.6731369382737,4211.027256625948,3162.0165208228686,1813.0974223098094,696.7307612572346,2179.0128169104205,1736.4135249343958,3864.1149166157056,1835.3590716894234,1523.759871525996,3145.834860994521,3818.44195082879,3835.433169311481,1526.978909978327,2895.9938837771683,2184.1427619154915,4046.6202602602416,3651.396620123809,618.6491400804566,1910.5917358233137,3289.2629054958975,752.963987822778,1779.3959030739363,1048.5928237354012,2458.7155857283396,2291.7392501273216,2449.6997645887564,2360.2286796689186,2871.3530157462974,1458.197585347409,1723.3103668072126,4204.781884332606,2692.56943909126,3738.95969549178,2349.915316735083,4158.385705768852,2793.546653110666],
        [2239.3700463255204,2100.432262442699,1857.9934544703417,1998.1324810530032,2105.496264765093,3137.740285645601,2532.1430353915766,1774.9248935402386,2303.8680195942516,2537.2595612957016,1100.6337901057314,0.0,1526.8065655304824,437.46254021542984,852.516726428717,1165.744554416877,1341.8848840922526,1576.6026761408834,2330.499948672562,1553.6915259953187,2185.205969251305,1367.6547401789744,724.819960440559,2439.9842942482014,2269.3295164417445,2815.9826676887005,1598.2062992990711,2980.734261052839,346.72794627465896,2055.8538331137656,1308.4282540008692,2401.78991434648,1166.6248410254598,1796.5775225589887,3592.2298538396803,3570.7965140179076,2314.616534902538,2466.1904113407395,467.61256023981593,2345.16532845004,845.6806662888093,1285.4859768948515,2689.770692754717,2326.5123377438513,403.3834564875706,3507.9624239441027,2316.725188646003,1012.0823342811402,1779.7646556187178,1947.37996937377,2563.9306821649734,3271.286129528525,736.06526500411,1356.3222759866949,2702.7287458296046,2772.10523772694,2878.0909543262633,2266.6928120109264,1963.490998720145,1284.7737517828625,3443.469594576961,2813.7888084650676,505.68217238881124,2874.3441593484185,2207.5776795602624,886.1217278748475,734.1950101985916,1997.1003860111064,1825.5747484767664,1327.523179233658,2214.9828056365754,1286.8898719793297,1782.8656085047521,720.086631191816,834.2051808302676,3156.268175928119,1765.7206194125993,2686.0226719155567,1300.2718198187597,3121.372014986676,2239.3700463255204],
        [3195.1626314583464,3238.183596158418,2470.8119769704554,2905.8380225103506,3427.1410676039477,3367.096011187272,2910.5714681426302,2678.739369445333,3006.837892447642,3594.614919869506,447.84515179270255,1526.8065655304824,0.0,1371.6925789532509,2376.6586949060656,2570.7455688236473,627.9709932475447,2014.916628791911,2734.8934932436473,2854.3630586535346,2667.5572480777478,2103.726312327028,842.5360872673697,3930.2785404340125,3441.6753264260255,4341.297389592903,624.2537441115392,1610.7511881974435,1198.9232484353577,3124.3104241525198,675.0050340425904,1071.2643072714343,2665.5020440637722,3277.6885292996535,5112.729069026059,4389.583582451125,3809.0116112467,3296.3993972749895,1122.7114563376224,3470.8682200072317,2369.816344195668,2308.816781107264,4148.472586957171,2861.2636465579862,1433.9871330356953,4415.9154985233035,3443.7042906554107,2125.3662824747294,438.1587261830656,2529.8624603706803,1371.6839598195681,4029.2515415021967,2254.4570670919243,1894.9292449933137,3520.049964881432,4264.174452739163,4282.290098148801,1221.4768269649583,3218.5604075119354,2630.8217694310706,4212.608639734985,4088.563357082028,1026.6913721350609,1482.1984283255822,3684.3080875324617,974.2395622485666,2169.9102464853313,656.1307965897919,2877.9824974508874,2739.5840435025466,2791.6751228810763,2755.252439044986,3306.8532383547513,1780.6644402669835,2170.924627277045,4650.4604962438225,3139.257776216879,4183.891295213666,2793.802091928434,4605.07328405359,3195.1626314583464],
        [2009.6543681268101,2535.1737480441516,2260.9035384350486,2431.7966206796527,2070.592767881979,2742.636081240058,2150.1760130187763,1510.110370671896,1989.7020324417913,2973.929780362302,923.9803727294866,437.46254021542984,1371.6925789532509,0.0,1099.9176591745274,1199.699884513678,1027.5815973913063,1941.1798220674416,2715.009730428128,1975.9297912512943,1813.9447660125459,1772.2845632540848,746.4344866490339,2765.06853959228,2700.8066675500877,3069.2257232652046,1613.9785738880635,2936.760216299274,309.1390852422416,1871.1422710359109,1360.9861083789385,2364.6252717895227,1328.4278029943878,1918.5471593361697,3781.005286411168,4006.0559152847713,2636.8413255474875,2898.3753280246674,622.1276494114568,2779.5616554228886,1150.674449848238,1719.2708182870547,2778.7668363619123,2728.985200569605,763.8024129456393,3945.259244400002,2751.1614062186136,1447.5230059153005,1527.9428159658946,1590.1167218860628,2582.4897094983694,3702.910430510118,1067.905983602835,959.3514149225929,2432.932951904659,2905.109146363066,2912.4519355487773,2320.561140175753,2388.0265511522434,1262.1256817240476,3876.2565178407644,2752.4671897201633,532.3958722304973,2818.1551909290683,2548.5790647276826,1042.075542550581,1142.6948423747065,1941.2290368873382,1626.9786730790024,1368.3789510004412,1865.3310181703996,1654.2692595277363,2000.6744170253219,1140.5596468349604,799.3702020772696,3291.2734793586646,1770.2048783635462,2828.8085600420723,1448.9635071065165,3240.9879528602482,2009.6543681268101],
        [1951.6515695341402,1829.069040803722,2076.5145236773287,1963.6831397970495,1472.5806435835948,3242.420135328516,2619.951651857696,1628.6470130742484,2208.198993237737,2284.1022442454578,1943.0719731916624,852.516726428717,2376.6586949060656,1099.9176591745274,0.0,593.1848861870427,2124.077735876812,1973.492334724329,2589.672547765079,1196.7537872483226,2264.8154464264953,1643.853479436774,1573.0839165605155,1677.3421694018232,1935.9553055115782,1977.810585910885,2425.607774239233,3816.1005791976636,1180.5190215779858,1695.918064720666,2128.129174934254,3238.3429219509985,367.81357545749677,987.4437703039321,2739.7669705281337,3421.264786914836,1548.1740872382038,2416.126988256457,1302.1603905986706,2050.0045447828275,167.81265933982343,1354.1335006430802,1883.8751523976416,2506.68031408003,1093.6093343706423,3294.763403869207,2024.0876480506217,1123.9093821423014,2603.5533929851167,2009.5801427499364,3375.414150895789,3188.9426412941525,251.87787425481127,1631.871300352673,2464.2825470212924,1936.675945207316,2118.4657358374952,3062.3323216563094,1581.2830303910735,775.3420625412675,3339.4724501947485,2176.951341975373,1358.1158439145715,3714.117601425015,1477.2879843386752,1674.9193689325775,561.2313875945415,2841.5833398007453,1527.5835963801712,687.6396003860333,2225.527311804953,682.918224497481,930.5556689246666,1089.3076312565688,617.1267548869035,2317.4061898893156,1106.9483541694467,1846.6203196870197,498.9357919927284,2290.218289899723,1951.6515695341402],
        [1366.3546146857489,2388.3971023951003,2661.914135560179,2554.4246951158407,947.0556356159292,2749.1128313830236,2136.086036659978,1094.6843842744072,1665.9977485180575,2838.3795762863365,2122.900677435117,1165.744554416877,2570.7455688236473,1199.699884513678,593.1848861870427,0.0,2182.8920467323283,2529.176174655644,3174.1832895414313,1757.3866274329457,1792.0101561598221,2216.3212968182124,1861.1382990641193,1930.2842647965083,2475.8291151571434,2029.7940180051476,2749.1165762073533,4112.977136670464,1407.3633195226785,1104.5675696605372,2466.8917864933014,3535.6500171972652,370.04138588315385,746.2859715041786,2630.0647446304492,3986.1653491493253,1805.0466979112018,3002.956267066691,1628.8000650614547,2598.043281905585,759.6913309109851,1944.181451435048,1579.5244229328143,3097.3579678409556,1516.2120947515643,3846.0644260602767,2573.4120400777656,1705.2414847855912,2708.5137012854366,1543.2005233644254,3720.442822955375,3767.1639435798993,835.115057853383,1330.072329380359,1881.0842617204303,1719.9789054597848,1724.6041663543515,3429.9128839406917,2117.574327886884,183.6300172435044,3913.399181971729,1659.8161794015086,1629.7436680721146,3999.3801940224275,1791.5420126805182,2051.6020650120536,1143.7406614553754,3118.7182492964644,949.2676287128976,168.93370411701315,1723.4942032873257,1201.360221511435,971.7580170747474,1620.903566953474,405.8852025652291,2104.185177208616,600.0149205958816,1650.7561865259102,393.38093375169024,2047.4793465666157,1366.3546146857489],
        [2621.67860682614,3330.096468429419,2748.0067188240087,3090.9905391743,2960.075541421414,2744.883943643678,2282.6729092522432,2110.4847814661202,2397.613601649921,3731.4658944201874,452.3568429591756,1341.8848840922526,627.9709932475447,1027.5815973913063,2124.077735876812,2182.8920467323283,0.0,2322.1948054970885,3093.101846516854,2851.9071819231594,2044.32650922102,2313.718149309267,894.1343381236353,3772.9859531987067,3519.7130852663604,4096.73442161619,1197.9934053407264,2196.7665177605945,999.1158791837522,2578.787425084317,1127.1553807788043,1684.6039407537708,2351.4484095698663,2921.9778903556016,4797.740724060884,4640.579535869102,3646.074419942704,3523.42802009998,1098.5695478403984,3572.9260734648124,2160.5199047811884,2421.030032245771,3752.351392455637,3181.690843668645,1423.9016814166748,4630.758688262661,3544.674539732006,2188.1723323743827,540.0901810301542,1916.9232566253886,1997.6876894660545,4298.640025866344,2064.481843935446,1302.9872081575347,2917.320228955076,3902.710409103291,3842.455757137759,1845.2073131350326,3248.417496256719,2207.1444241075415,4480.522213035917,3586.768971685873,946.1169764682674,2062.426746287838,3546.1678305998603,1196.7901005175488,2067.787106208418,1280.2151361556903,2336.603402984263,2347.194534760194,2173.46018203822,2628.7231046400007,3027.5949964520037,1833.1250676570355,1777.6287441166414,4287.072038734376,2707.525926879237,3831.6672689572106,2467.8793950614704,4228.660564888469,2621.67860682614],
        [3781.266847171087,1481.0844418936995,462.1320788276538,993.9872542174351,3445.731628541565,4682.7535115054925,4090.6671444009576,3340.842427446931,3879.6146195646716,1710.8750327797673,1875.5978626947515,1576.6026761408834,2014.916628791911,1941.1798220674416,1973.492334724329,2529.176174655644,2322.1948054970885,0.0,787.1358929700497,1442.2344930005881,3750.6079772451017,373.8991243244861,1453.5012327485606,2740.208308824578,1689.6254348087332,3365.739563234371,1540.6403252931832,2644.7068148298313,1658.9578822030173,3569.0178045026573,1349.6838589854412,2177.903516545532,2332.9617937136836,2895.615530144665,4286.23458799452,2376.74181818101,2656.680353765121,1305.8187855920016,1367.195149291164,1663.3786879791762,1832.3596105283361,772.6067303312509,3745.2100389152138,860.0167689158382,1184.5436816703582,2418.271456039227,1641.282940309233,882.1138272468992,2446.91883755032,3518.58606584948,2095.484003366686,2014.4029653400437,1722.3374643931647,2900.5307318625687,4262.7716717459725,3710.0551308105787,4037.2791476050543,1758.8813652543354,1621.0373883346604,2695.0364552156343,2197.750895968344,4149.853002870527,1517.0871199654925,2603.022867644692,2478.4273998164817,1125.5364144652465,1419.3288494162862,1975.4957964044684,3355.8906727124886,2652.2180610876567,3788.9567660048774,1769.1919912275598,2646.562299604095,915.4387012515791,2324.367565697369,4051.380268638536,3080.2695524266896,3607.406572192086,2453.3123998611204,4061.2461170446795,3781.266847171087],
        [4482.285208404145,1458.0855416888112,513.3414626616201,909.0149700105892,4045.5665120425497,5457.385051119685,4859.243487864616,4066.5104575185737,4619.377656624664,1464.3643525752707,2642.616533567482,2330.499948672562,2734.8934932436473,2715.009730428128,2589.672547765079,3174.1832895414313,3093.101846516854,787.1358929700497,0.0,1734.4636170399644,4514.878770660103,977.1707257919414,2236.96973816408,2947.600503042833,1623.5728171224523,3627.947767357434,2194.6843727979485,3056.4399565036124,2440.2640851236592,4252.790122363196,2059.8939334932393,2686.1141773896047,2925.331020116776,3421.925443436627,4561.659173314627,1755.0315657147644,2893.4315127562595,895.9082118499055,2153.0820959531025,1535.5515422672586,2431.5880664418546,1241.7761436135718,4208.775172804022,237.76549547488824,1952.2407570953806,1864.1724445343305,1524.6261023266466,1469.046830065422,3172.589909107955,4277.855231189252,2510.453409639601,1376.7542422563276,2340.773254203368,3672.9076870604163,4976.800319614103,4123.533812391081,4536.427374311884,2209.749536355882,1724.1959121036919,3350.0775108612575,1553.321830290391,4729.456184999147,2303.984745898798,3046.694515369069,2706.453556572913,1901.0414425378387,2030.8803874280065,2578.079491344409,4053.193215941468,3277.067721122542,4544.453230999819,2217.563215521778,3102.5126027515234,1628.3440255097105,3023.5619042731983,4429.953742190739,3681.876848898893,4018.825997807932,3031.1948997016057,4459.751937299301,4482.285208404145],
        [3121.4656332612894,632.7683882460772,1270.4443175791653,895.3210280248403,2468.86541369261,4431.819957245372,3808.4439512591666,2824.7706549507734,3404.1025532179415,1087.3527978447942,2513.336857728101,1553.6915259953187,2854.3630586535346,1975.9297912512943,1196.7537872483226,1757.3866274329457,2851.9071819231594,1442.2344930005881,1734.4636170399644,0.0,3451.7443956587053,1078.562005720487,2030.6186104433516,1298.0326301138684,749.336757850097,1934.805672809224,2627.2030031729823,3939.5780159151027,1868.2328452658826,2851.5937762949516,2344.4679218094902,3405.734630816791,1417.451758193094,1769.3804889939233,2864.0858027373247,2229.091929290407,1215.903054351734,1286.9583040671157,1771.5187195495464,855.3984035215176,1035.717796326171,684.4954194807583,2490.4652062731193,1573.0958691919247,1441.9906272050619,2098.023792581751,828.91383479389,747.928159554747,3207.1299362996915,3196.421071145421,3414.5711301767205,2016.8454433256288,1025.3445534733153,2754.1309649473947,3636.739582147379,2390.779044811112,2834.6847113159893,3072.139389867742,413.1203218486614,1939.6694849891226,2158.16729085882,3102.1050173850067,1911.9024899994217,3871.5088599712835,1036.312322546181,1905.6829173144808,837.4567952079709,3094.5793849877527,2706.599492341702,1799.7218329797909,3419.7888183326527,573.8600137359468,1397.364082722519,1074.8929956731333,1798.31856377697,2696.1348200841308,2126.1640535527654,2286.0347672369326,1482.4908757148298,2725.3410600573625,3121.4656332612894],
        [946.6964649191322,4078.462005182392,4041.501274409937,4117.25121146561,1838.4067220396876,980.6966602777144,357.4322336422527,744.0047993438255,461.74514714611087,4534.978893362496,2341.6706326104563,2185.205969251305,2667.5572480777478,1813.9447660125459,2264.8154464264953,1792.0101561598221,2044.32650922102,3750.6079772451017,4514.878770660103,3451.7443956587053,0.0,3551.583349845364,2465.082452533655,3694.831171689818,4197.616287931159,3655.4781281764604,3171.1908623598224,4225.493540581716,2112.1432807284077,1126.1184909553638,3001.9564333329777,3728.4800400305835,2160.2662816104175,2329.0438588290394,3994.535359988747,5650.370631245688,3574.1404388530173,4587.2220507374905,2423.78334478155,4307.101881506459,2418.8063764408994,3420.786587967759,2773.535470131953,4509.4222748608,2566.462002302411,5543.550991850332,4280.475334259412,3145.7674010534965,2505.0833136345136,255.38986591291487,4039.1763245606053,5386.288093046293,2429.298473424776,864.0941109802927,969.3590734460067,3042.9295976537364,2653.3922902576087,3862.776484894084,3844.9972723583646,1643.458399253185,5548.621567307958,2140.9744673583755,2302.617691403276,4088.4590292080393,3576.8768069244143,2807.7803982041055,2673.4025472771423,3323.0781065888477,1029.188796868422,1843.1967836684753,180.37059763089022,2943.629077580261,2701.506465077047,2899.3661675232247,1653.6068268544602,3358.348407133306,1853.5913352395614,3022.7939511800514,2175.87355862816,3254.8832522188654,946.6964649191322],
        [3507.457053276146,1201.4672615399506,490.3627699326233,802.2384713712502,3114.555198285636,4504.843630503347,3899.644860095416,3089.414501864952,3643.81374250376,1502.5977889052479,1887.1126480840005,1367.6547401789744,2103.726312327028,1772.2845632540848,1643.853479436774,2216.3212968182124,2313.718149309267,373.8991243244861,977.1707257919414,1078.562005720487,3551.583349845364,0.0,1420.1046400658115,2375.653540948937,1412.7498756307853,2994.2591385594437,1715.295510579097,2925.5720388395234,1520.5554109514394,3282.095644427227,1477.044118131937,2425.604202316072,1995.3506647445859,2540.426023867163,3913.2226781263435,2326.868997838842,2289.172186341579,1210.778607260198,1265.7797830125978,1410.632394596099,1494.5466813588878,400.3592830333255,3380.308584075779,958.9840046372716,1012.0695575593294,2324.9647674147054,1385.664886992933,526.6245147982114,2518.3053348674666,3310.9997372341754,2384.767942642806,1988.568949687317,1392.085793118713,2721.410518740186,4000.1976962033045,3339.4790702062924,3678.843409354018,2042.8984471407146,1293.8655624412145,2388.300569230238,2169.3881358714575,3812.673647687674,1425.596690937596,2871.872399383731,2112.7555535419065,1144.8308957335787,1083.1899297283048,2173.6984094410113,3078.8229259767027,2329.569939558224,3574.822067763462,1397.3931990050087,2278.4012280121033,654.0906342324746,2047.8011227555578,3678.7933727699374,2748.8895637165456,3236.548078707258,2111.0608616098043,3689.8635280621097,3507.457053276146],
        [2752.563021804345,2461.3241522188555,1862.9228482476426,2198.276782506215,2778.855117997879,3329.9010798039044,2775.9360910290197,2247.4815920782357,2697.4164808676805,2849.2885217410553,489.11988717392467,724.819960440559,842.5360872673697,746.4344866490339,1573.0839165605155,1861.1382990641193,894.1343381236353,1453.5012327485606,2236.96973816408,2030.6186104433516,2465.082452533655,1420.1046400658115,0.0,3088.5689345677574,2657.4516044880615,3514.791327440437,888.857176807588,2259.000016345074,462.59423187162673,2617.5041401527074,618.1928103648837,1680.129940648025,1890.9960684294433,2519.440942400369,4311.348027904625,3746.896671284804,2967.877162345843,2629.3414019481447,281.811539912135,2701.2667469433795,1547.3075089887543,1540.0095114278226,3409.8765164302176,2306.941454201279,594.5252357176812,3737.1867670206807,2673.311578146443,1324.1433918416544,1176.9370716941667,2265.408677622305,1861.5152165246125,3406.882526885613,1427.2107164319254,1603.8102638246105,3162.0037691272046,3496.8126588283594,3584.671696333518,1583.5374350681468,2409.135755239677,1957.0143059814095,3588.3718290735856,3474.8936752334266,231.72372161367676,2150.7182355984655,2841.8745142737484,354.06065611474537,1327.5557479999763,1272.4385949617701,2373.4043424539686,2027.7488661659445,2543.064238471255,1913.0639707135558,2500.8209159223134,969.6156053740018,1489.4094609482922,3881.077864007204,2455.853599593897,3410.841400381008,2024.1954110600266,3845.61682406352,2752.563021804345],
        [3050.2253837063536,1523.8511469434188,2533.30019996322,2042.0330283872227,2127.047998445922,4614.16025402546,4022.998574564391,2961.0730049622516,3484.6205748778807,1769.7828209231373,3529.291891472914,2439.9842942482014,3930.2785404340125,2765.06853959228,1677.3421694018232,1930.2842647965083,3772.9859531987067,2740.208308824578,2947.600503042833,1298.0326301138684,3694.831171689818,2375.653540948937,3088.5689345677574,0.0,1424.4463443417064,696.6627827473671,3818.149232362171,5176.67283228539,2786.6868509831697,2763.230166542175,3521.7085207032787,4623.178685484617,1587.9400631173885,1416.5230216452744,1621.2089773762925,2799.916514185988,129.37455706119252,2265.4699609677336,2807.6184569380753,1558.1672345977838,1615.0849978124375,1978.210836075991,1663.9961028040368,2750.2377790143787,2506.2822601418,2566.2843350575445,1552.3386595772708,1982.9854226811613,4217.793343480715,3454.8386666992587,4668.369893539981,2751.2189653784862,1708.6590577007803,3238.7761700978663,3528.6452468737066,1438.7839614998322,2053.813926175781,4328.606966359296,1225.9213066575317,2057.2858209857477,2826.5406494096674,2534.7794710086578,2912.2978878402823,5097.801994191828,264.50771201526,3058.5589283891104,1761.6520443917657,4276.860801628131,2725.7267377635376,1854.2270372794458,3601.8179151440318,1176.1083511523102,997.6959326554729,2240.762995634446,2213.654852355256,1623.2143361414385,1915.9428754571434,1346.6822366419822,1536.9033310807226,1693.4573803617095,3050.2253837063536],
        [3828.077073946883,211.29896940401818,1327.0515716483908,743.1525907970738,3100.6322689838294,5176.918201836695,4553.825913491225,3557.8633276048695,4135.7690561933705,385.60414673572654,3146.569142128663,2269.3295164417445,3441.6753264260255,2700.8066675500877,1935.9553055115782,2475.8291151571434,3519.7130852663604,1689.6254348087332,1623.5728171224523,749.336757850097,4197.616287931159,1412.7498756307853,2657.4516044880615,1424.4463443417064,0.0,2120.834813824198,3117.68110981268,4328.4047913123695,2563.419684573428,3551.164975991694,2861.696247008213,3837.8174096215603,2120.381506201576,2365.581876460058,3036.1659635427063,1535.4209663184915,1407.4615020920126,845.7980307784853,2422.1668860940686,141.49302717329005,1778.9634612064349,1133.4154137274522,2949.5510105047724,1400.5739992327558,2095.8856287674757,1372.587056349435,129.37047282745093,1334.2770837048565,3826.03324149861,3942.227693404789,3781.9907854031335,1388.9804783757666,1774.280201003958,3502.4270938121444,4342.569833258289,2785.1878604925714,3323.4787141251895,3442.762999471807,358.3118917666276,2654.973140306891,1501.0784889466618,3680.1494272265854,2573.7285729189916,4279.887289366056,1230.0315077235778,2468.426704911912,1576.8630788605356,3580.756682170909,3422.3919322375687,2499.1712467534226,4161.482377772537,1274.4914837230206,1941.5803569571056,1690.0725095458574,2544.101869234137,3024.8402857332626,2780.5545452134825,2683.716976682491,2165.509674546388,3081.2880724560364,3828.077073946883],
        [2881.021281609096,2218.4737050391063,3196.2969304464636,2727.3992459018405,1897.7064283226623,4504.066645940234,3952.653728251655,2912.256756394559,3369.44101134777,2461.3842204516473,3915.5744736383394,2815.9826676887005,4341.297389592903,3069.2257232652046,1977.810585910885,2029.7940180051476,4096.73442161619,3365.739563234371,3627.947767357434,1934.805672809224,3655.4781281764604,2994.2591385594437,3514.791327440437,696.6627827473671,2120.834813824198,0.0,4309.415195576225,5691.763558916324,3154.058651061127,2608.2380427678822,4008.7908736699464,5124.923308602883,1763.3261137571312,1338.4661988552932,933.8797333891708,3457.0556092463157,734.740844148858,2962.0669344836174,3234.300796418921,2253.8040650881226,1971.4812681670212,2593.9231839464724,1179.8664094980732,3436.416068227944,2963.394357574368,3211.4382690694947,2248.462230809242,2554.370490279295,4581.347413393587,3437.077716938137,5204.561563693115,3431.6120975616564,2088.216203512643,3354.474132146512,3308.8550157957557,893.5042883594534,1553.7679242218019,4870.481536687196,1914.407096083511,2104.789438018956,3497.7836363296774,2123.349591585082,3314.9988965593934,5603.10579726139,921.7825509787243,3541.481653855628,2225.643454953648,4754.261768988289,2633.9247748417943,1905.3580275333952,3534.6690252643953,1670.3146050760542,1078.135360139775,2763.4754777813773,2390.4475966561886,972.8171348836054,1802.2165170112921,829.2806842143787,1665.7567966762613,1063.2121487637528,2881.021281609096],
