{
    "drone_dist": [
        [0.0,6.64296684926141,36.81402872568491,42.42209244893209,33.1131660475457,32.18016339747589,29.55687247410901,22.927901232668194,11.840807393399745,40.837114375273515,7.270400071040979,27.485636842887455,48.447401736305004,36.503220963417405,39.65492988455668,42.57719196390552,8.55726790735218,45.03380371835475,13.55167778719271,27.183012497702734,27.462008872143528,29.27700403414241,29.226712048002952,20.21651947966697,50.59433988901117,9.901252001294603,41.42659413435438,41.275990762127606,37.349549645372385,35.10405724159665,32.726048177814235,49.37388212588958,38.55290222860389,29.76556184897989,17.8397383624777,30.30300232967268,40.89004987289776,45.39573333408991,26.753144109933032,20.951349614677042,0.0],
        [6.64296684926141,0.0,43.439366704833354,49.043889906546134,39.49139315877099,38.56751794734647,35.10793026091265,27.09539159830781,18.090787293619925,47.39634262425214,13.801008027450699,34.04190501836827,54.698422617252305,42.09088946688206,45.874085252253174,48.9669072686824,13.964020444194661,50.96383474176088,17.449465064825297,33.470182819695225,29.849748524762255,33.06966332347029,34.75379518604402,25.796237953776494,56.897982800284474,12.952967117433728,46.41788332899961,47.890534287161735,43.19866613002985,41.532643032662165,37.34088555400231,55.9745826361734,45.19253782970587,34.95225158443292,19.830902086692294,36.94005468993759,46.32238478042063,52.038629772662205,32.81900350660753,27.478641764793405,6.64296684926141],
        [36.81402872568491,43.439366704833354,0.0,5.614326760990812,14.002377827178975,9.046610000248636,19.666207011227193,32.94642672458919,26.019331028223956,10.48983263061622,30.03943801082651,9.865638552463052,22.037335354818918,19.54830552090398,12.073406871676692,15.909115865109166,32.1868314178578,24.654982375034887,34.44627933279149,16.96977709425062,41.855492631888204,36.0287387207817,19.92237221389664,22.74854969292515,22.673160560827903,35.42946129011892,32.577163618722,8.270053660661944,22.406988530009922,7.3237189505413784,32.09064590275016,15.15784215732516,4.612335914721691,27.345100718946927,40.074035601088696,6.601266365405436,22.53973119291001,9.10227925852855,19.71708669057041,17.821338168653316,36.81402872568491],
        [42.42209244893209,49.043889906546134,5.614326760990812,0.0,17.43612505156109,13.054247191980785,23.272130726247028,37.68524507978214,31.53386830217715,10.793422178262528,35.65182184416248,15.279247722711075,21.259773944056963,21.555818258488596,12.631389905572398,16.198706286057483,37.740971662719005,25.367849700024273,39.80519968833436,21.53825764452112,46.445340010182974,40.22758672931402,23.584414932749684,27.671601843085117,21.264570509898636,40.79237488207396,34.88840760045832,7.838463476335789,24.82453501708976,10.398025761832114,35.73034595724246,11.703228161303278,6.209520486240475,31.257640188888686,45.27840523842233,12.200628195764192,23.57871075118128,4.631800109085189,24.183180745135655,23.248810857623145,42.42209244893209],
        [33.1131660475457,39.49139315877099,14.002377827178975,17.43612505156109,0.0,19.796995228570193,28.85458896077818,21.258782486306167,25.652633177716208,9.254338226201156,25.857087793343656,15.686104219758517,15.507096026622884,31.331987231725936,25.617800109348636,9.475598691163833,25.977667417439662,13.985651295143672,25.85062653383538,6.164391270466002,29.56009862223915,22.94347852257208,28.951325436080168,27.305360669074606,17.527268673834584,35.625397575391005,18.888225082842503,11.264898318559213,8.943739549203139,19.848709576783712,18.305800313142157,17.97699303882601,11.228085434727227,13.860979227174582,30.178322024967347,11.584388656205004,35.138131942594065,17.28548869476778,7.9049228238230675,12.420186419768958,33.1131660475457],
        [32.18016339747589,38.56751794734647,9.046610000248636,13.054247191980785,19.796995228570193,0.0,10.619723629975043,34.286061098721724,20.485953872802174,19.183181862700522,26.30527779468685,5.990881795765571,30.736392758645678,11.540985420472248,8.029488118082876,24.31795074900671,29.513736667619714,32.48090242740755,33.19730716857602,20.121644632789216,43.3050574229002,38.68520888038485,10.876904540540894,14.93091575284003,31.562566206573532,28.76322229061816,38.58931494394401,17.254869488854688,28.738780185630713,3.0695443691589066,36.08285136577251,24.064333523784256,13.50501733089957,31.044512226104217,39.41346569954155,8.274538977930169,15.437955918724052,17.47965066854886,22.78557508302673,17.439891615670415,32.18016339747589],
        [29.55687247410901,35.10793026091265,19.666207011227193,23.272130726247028,28.85458896077818,10.619723629975043,0.0,38.66712006836942,18.144185121460115,29.66896056764576,25.64583829148809,13.172579475369735,41.152922791800016,6.982960099359748,13.291541173914327,34.617763382121844,29.845621566853218,42.31904993640192,34.88284370916106,27.450680243189257,47.2808140815081,44.08851034827358,0.40166156406809167,9.349392609968975,42.09213850286575,23.1761537130451,46.94963775182441,27.85679599242092,37.651863502182195,12.885009717199157,42.836170961032174,34.604850967384884,24.095168705464182,37.81794969684705,41.3116926964215,17.53347433296975,11.350398381504052,27.840046968214743,29.73401283175121,22.35650134025624,29.55687247410901],
        [22.927901232668194,27.09539159830781,32.94642672458919,37.68524507978214,21.258782486306167,34.286061098721724,38.66712006836942,0.0,24.302994482566138,30.48001367733001,18.269652652875283,28.32549843230617,32.89312069092054,44.04795132393744,42.053112556722496,29.145104499065656,14.594039700680025,27.25155719274811,9.65070073823612,16.152810437081182,9.039248777690855,6.493870496987533,38.53659496146127,31.866831981740557,35.38973205271696,30.838182699645063,19.792213748135406,32.476188326831945,19.772059531725866,35.974909336513086,10.40115616575002,39.015496407065605,31.74540225455455,9.60790514822972,10.174797531222369,27.378757119575546,48.61983499233186,38.36736615592031,13.594048298501649,16.914929939069218,22.927901232668194],
        [11.840807393399745,18.090787293619925,26.019331028223956,31.53386830217715,25.652633177716208,20.485953872802174,18.144185121460115,24.302994482566138,0.0,31.794191505061114,7.73121699599183,16.281833153682886,41.07066127069423,24.969593268346255,27.829933898478398,34.649514169461185,12.227419891124365,39.12991969509353,17.912658759953437,20.717862934059607,31.731171127199143,30.61873700565716,17.849179491832352,9.077247369262368,42.91168106844549,10.035466801356964,38.77525232428279,31.635073122952548,32.121253734302066,23.471609035924264,31.734218311225703,39.771587917130596,28.469478675145638,27.438971445080508,24.152993551889985,19.828462434685218,29.476716002485567,34.956461762137984,21.482360481772663,13.517603217397603,11.840807393399745],
        [40.837114375273515,47.39634262425214,10.48983263061622,10.793422178262528,9.254338226201156,19.183181862700522,29.66896056764576,30.48001367733001,31.794191505061114,0.0,33.597344006283,17.76291013449403,11.574729125285792,30.03676175738203,22.228892765373725,5.541615949544074,34.40286230599145,14.63540362393915,34.870309380177765,15.11429645181325,38.604811855225904,31.70817139346892,29.8818390055953,30.99290740825969,12.434129441226768,41.78259501174207,24.34665377586898,2.973318783562353,14.530630877341194,17.803408852298183,26.41926538376312,8.8401339284145,5.8943654243177575,22.530035789185764,39.402544441324174,13.019705018442338,32.9495521022132,8.84499174493068,17.139938923509934,19.925518735401003,40.837114375273515],
        [7.270400071040979,13.801008027450699,30.03943801082651,35.65182184416248,25.857087793343656,26.30527779468685,25.64583829148809,18.269652652875283,7.73121699599183,33.597344006283,0.0,21.114854874563825,41.23163709829825,32.31867373771341,34.111585144870475,35.31489396940499,4.578159946012109,38.021760742131285,10.505248549647066,19.974229489059905,24.729439640649655,24.76073455776099,25.37503163594919,16.781603566952434,43.355673835616486,12.622587075111241,35.29189528943576,34.11109692841239,30.42848676248171,29.07418703368556,27.133742077542028,42.18030106675049,31.49833833142593,23.588159052543684,16.54178377606732,23.459280566478206,36.897777876521076,38.414164743015874,19.70780553586959,13.689965152589604,7.270400071040979],
        [27.485636842887455,34.04190501836827,9.865638552463052,15.279247722711075,15.686104219758517,5.990881795765571,13.172579475369735,28.32549843230617,16.281833153682886,17.76291013449403,21.114854874563825,0.0,28.796146965232367,16.472851774123427,13.9564540409549,22.132180256727118,23.963114137678986,29.29932343300809,27.342849811895114,14.751684738323693,37.334112199172,32.868929181168916,13.265286255063655,13.305384724921549,30.056498790521825,25.564876750391473,33.928620275442235,16.68683598536371,24.48872198833276,8.197039209249361,30.610019633722104,24.507369045856404,13.077846010554428,25.54993834343775,33.49992783198724,4.772172184590521,20.78640782479736,18.946926134505258,17.284536345279992,11.452881645830328,27.485636842887455],
        [48.447401736305004,54.698422617252305,22.037335354818918,21.259773944056963,15.507096026622884,30.736392758645678,41.152922791800016,32.89312069092054,41.07066127069423,11.574729125285792,41.23163709829825,28.796146965232367,0.0,41.58030059396718,33.49619429337374,6.678211148264676,40.917730499487206,7.045065321889195,39.77068499804881,21.26446329276885,39.308313768176646,31.76428670204807,41.3509993402132,41.70475666361889,2.5191221872915137,51.07984047126306,19.3136450366687,13.936586571144838,13.16760558158378,29.36031545990678,25.3790656674471,12.110541011527504,17.425411387214393,23.420403469595264,42.885181000020914,24.03445375877538,44.35047421354452,17.64138227732007,21.992077971947346,27.92602569381505,48.447401736305004],
        [36.503220963417405,42.09088946688206,19.54830552090398,21.555818258488596,31.331987231725936,11.540985420472248,6.982960099359748,44.04795132393744,24.969593268346255,30.03676175738203,32.31867373771341,16.472851774123427,41.58030059396718,0.0,9.331833431166613,35.404613456643965,36.37275973426715,43.86458868954828,41.134699270420484,31.214258287979078,52.882682698240785,49.05677131244112,7.340128634809742,16.32034240877886,42.11684449737756,30.075724441984423,50.07722012746562,27.71057639779509,40.27536070454645,12.238353412195128,47.07669874033992,33.25893108424427,24.157030224649436,42.016052041538764,47.55686069110419,19.77224255114967,4.647452663244603,26.159561914836758,33.75571438092137,27.254818289074397,36.503220963417405],
        [39.65492988455668,45.874085252253174,12.073406871676692,12.631389905572398,25.617800109348636,8.029488118082876,13.291541173914327,42.053112556722496,27.829933898478398,22.228892765373725,34.111585144870475,13.9564540409549,33.49619429337374,9.331833431166613,0.0,27.758052933136423,37.4699230788405,36.673646285946234,41.22679396804823,27.19230936045647,51.09062088999525,46.14462177788266,13.681863425068697,20.878518621448087,33.74142263956975,35.18407210252303,44.445739039260246,19.58380791960243,34.31800755953614,6.1247241117587095,43.03637893199697,24.25695013170465,16.407261910363857,38.07777332686764,47.43622764892551,15.02552388654334,10.952977142990115,17.124177224213913,29.943795946602847,25.333803544803335,39.65492988455668],
        [42.57719196390552,48.9669072686824,15.909115865109166,16.198706286057483,9.475598691163833,24.31795074900671,34.617763382121844,29.145104499065656,34.649514169461185,5.541615949544074,35.31489396940499,22.132180256727118,6.678211148264676,35.404613456643965,27.758052933136423,0.0,35.41488166693103,9.172235240646884,34.932770027031616,15.569894378553585,36.54636293872001,29.257640270587686,34.80330274602688,35.03165095647275,8.267482979021963,44.680971176855394,19.774754629908394,8.384488099710554,10.77828260876674,23.170081832246684,23.376678688422274,10.591429271108748,11.3731371746711,20.25268423233231,38.73239661265183,17.378408815196558,38.432118736828585,13.546314587133955,16.833836813646876,21.768225787138682,42.57719196390552],
        [8.55726790735218,13.964020444194661,32.1868314178578,37.740971662719005,25.977667417439662,29.513736667619714,29.845621566853218,14.594039700680025,12.227419891124365,34.40286230599145,4.578159946012109,23.963114137678986,40.917730499487206,36.37275973426715,37.4699230788405,35.41488166693103,0.0,37.00677409362922,6.009369176374331,19.844994995321017,20.34090710623077,21.04804783277243,29.59476553902116,21.19829169846144,43.17593896741391,16.436249927065965,32.88123292491432,35.29251356412879,29.235315763876937,32.11275562682238,24.185891061654797,43.17524561564645,33.0562459668817,21.244070075611305,11.965657634220523,25.600233381758848,40.98979792563909,40.0780785021567,18.948015859984892,14.737898561879462,8.55726790735218],
        [45.03380371835475,50.96383474176088,24.654982375034887,25.367849700024273,13.985651295143672,32.48090242740755,42.31904993640192,27.25155719274811,39.12991969509353,14.63540362393915,38.021760742131285,29.29932343300809,7.045065321889195,43.86458868954828,36.673646285946234,9.172235240646884,37.00677409362922,0.0,35.01577791793051,18.451617840833634,32.92618061339149,25.34641782111339,42.4564892274569,41.29096446874923,9.388840047546935,48.91667283488182,12.268685106466858,17.54076684764166,7.815345509030293,31.728981661283356,18.838885553064216,18.31213859925931,20.283686450884105,17.64365328548488,37.404959885797176,24.785588744195287,47.157247914180715,22.58083146422682,18.313955234600357,25.618371791544313,45.03380371835475],
        [13.55167778719271,17.449465064825297,34.44627933279149,39.80519968833436,25.85062653383538,33.19730716857602,34.88284370916106,9.65070073823612,17.912658759953437,34.870309380177765,10.505248549647066,27.342849811895114,39.77068499804881,41.134699270420484,41.22679396804823,34.932770027031616,6.009369176374331,35.01577791793051,0.0,19.76950040868852,14.350940653832106,15.800104489228845,34.664957358942885,26.655263656436347,42.164650641733935,22.305972368437832,29.127824895284526,36.226588017768485,27.220689058702778,35.52452565343243,19.920851349148744,43.706287565506315,34.53480860977779,17.975309449830732,6.430759669866423,28.05351278247712,45.78065842414235,41.541859921654535,18.104414837495664,16.64139571416924,13.55167778719271],
        [27.183012497702734,33.470182819695225,16.96977709425062,21.53825764452112,6.164391270466002,20.121644632789216,27.450680243189257,16.152810437081182,20.717862934059607,15.11429645181325,19.974229489059905,14.751684738323693,21.26446329276885,31.214258287979078,27.19230936045647,15.569894378553585,19.844994995321017,18.451617840833634,19.76950040868852,0.0,24.936157775970372,19.127485601801304,27.462773549065645,23.99563640442144,23.429782791913212,30.465199744982527,19.644059152427687,16.667869272896674,11.491812616119423,21.08888517858377,15.961642964902522,23.94223309391704,15.609461258244053,10.932717585601676,24.39027146854721,12.169781419985213,35.4475450516708,22.354205590960575,2.776987134281373,7.2066976594109535,27.183012497702734],
        [27.462008872143528,29.849748524762255,41.855492631888204,46.445340010182974,29.56009862223915,43.3050574229002,47.2808140815081,9.039248777690855,31.731171127199143,38.604811855225904,24.729439640649655,37.334112199172,39.308313768176646,52.882682698240785,51.09062088999525,36.54636293872001,20.34090710623077,32.92618061339149,14.350940653832106,24.936157775970372,0.0,7.579860636681424,47.1258511946626,39.94728597317749,41.82567866932855,36.62218005207536,22.821878657561726,40.82151456952026,26.264850191420155,45.01413968535083,14.114758836933609,46.832522562041845,40.40428212610764,16.295635513458294,10.019488617791954,36.39961270236514,57.482014971540366,46.83200772590485,22.262183732949133,25.89687669573322,27.462008872143528],
        [29.27700403414241,33.06966332347029,36.0287387207817,40.22758672931402,22.94347852257208,38.68520888038485,44.08851034827358,6.493870496987533,30.61873700565716,31.70817139346892,24.76073455776099,32.868929181168916,31.76428670204807,49.05677131244112,46.14462177788266,29.257640270587686,21.04804783277243,25.34641782111339,15.800104489228845,19.127485601801304,7.579860636681424,0.0,43.99113905377778,37.83256256885363,34.279296922719425,37.33144581930814,15.591074082839079,34.09756981297843,18.79427535435189,40.019898604250365,6.549814928720329,39.678771461390575,34.06833883129624,9.178158980092856,14.418341309697093,31.158592197317976,53.540092495714035,40.1870605519712,16.352413353099454,21.830369627868233,29.27700403414241],
        [29.226712048002952,34.75379518604402,19.92237221389664,23.584414932749684,28.951325436080168,10.876904540540894,0.40166156406809167,38.53659496146127,17.849179491832352,29.8818390055953,25.37503163594919,13.265286255063655,41.3509993402132,7.340128634809742,13.681863425068697,34.80330274602688,29.59476553902116,42.4564892274569,34.664957358942885,27.462773549065645,47.1258511946626,43.99113905377778,0.0,9.012867066138794,42.30944093856821,22.794183885082315,46.987120864904256,28.096875920583713,37.728826817110864,13.191431704099504,42.79745325900197,34.88913589141597,24.332228531975407,37.78598406716928,41.092156585992875,17.673625348809146,11.668662151579454,28.144395108373224,29.723660914801442,22.286772897325335,29.226712048002952],
        [20.21651947966697,25.796237953776494,22.74854969292515,27.671601843085117,27.305360669074606,14.93091575284003,9.349392609968975,31.866831981740557,9.077247369262368,30.99290740825969,16.781603566952434,13.305384724921549,41.70475666361889,16.32034240877886,20.878518621448087,35.03165095647275,21.19829169846144,41.29096446874923,26.655263656436347,23.99563640442144,39.94728597317749,37.83256256885363,9.012867066138794,0.0,43.13594150325453,14.320463404603533,43.463104625421586,29.990687173646485,35.28712189322646,17.966974788343215,37.77454056234054,37.7354181784522,26.353846000174777,33.00456397589098,33.00923681249707,17.980652117507518,20.673557452177253,31.797341389393086,25.659685702849938,17.394810387954127,20.21651947966697],
        [50.59433988901117,56.897982800284474,22.673160560827903,21.264570509898636,17.527268673834584,31.562566206573532,42.09213850286575,35.38973205271696,42.91168106844549,12.434129441226768,43.355673835616486,30.056498790521825,2.5191221872915137,42.11684449737756,33.74142263956975,8.267482979021963,43.17593896741391,9.388840047546935,42.164650641733935,23.429782791913212,41.82567866932855,34.279296922719425,42.30944093856821,43.13594150325453,0.0,52.940709504226426,21.61894647559642,14.420353412175315,15.68099597759336,29.97309896487881,27.88414135755054,11.085815754310374,18.08814511694098,25.932080649295763,45.36150145868584,25.284852068808785,44.66786689286074,17.300656583730895,24.29308019670753,29.92849729716186,50.59433988901117],
        [9.901252001294603,12.952967117433728,35.42946129011892,40.79237488207396,35.625397575391005,28.76322229061816,23.1761537130451,30.838182699645063,10.035466801356964,41.78259501174207,12.622587075111241,25.564876750391473,51.07984047126306,30.075724441984423,35.18407210252303,44.680971176855394,16.436249927065965,48.91667283488182,22.305972368437832,30.465199744982527,36.62218005207536,37.33144581930814,22.794183885082315,14.320463404603533,52.940709504226426,0.0,47.55104167505763,41.511074785183126,41.69723879601778,31.832373344330165,39.68942645193413,49.6165426583915,38.22903929008578,35.9171007746105,27.402272603078067,29.532483258196123,34.047894423754826,44.49061800415959,30.920645237581702,23.33705490270775,9.901252001294603],
        [41.42659413435438,46.41788332899961,32.577163618722,34.88840760045832,18.888225082842503,38.58931494394401,46.94963775182441,19.792213748135406,38.77525232428279,24.34665377586898,35.29189528943576,33.928620275442235,19.3136450366687,50.07722012746562,44.445739039260246,19.774754629908394,32.88123292491432,12.268685106466858,29.127824895284526,19.644059152427687,22.821878657561726,15.591074082839079,46.987120864904256,43.463104625421586,21.61894647559642,47.55104167505763,0.0,27.283953699722634,10.175564267085443,38.73597472991439,9.46657418192604,30.03366114543456,28.96422319073403,11.709278460656257,29.564814835892136,30.317991253314446,53.99141017194307,33.093817476549546,17.805537359978498,26.1209306731814,41.42659413435438],
        [41.275990762127606,47.890534287161735,8.270053660661944,7.838463476335789,11.264898318559213,17.254869488854688,27.85679599242092,32.476188326831945,31.635073122952548,2.973318783562353,34.11109692841239,16.68683598536371,13.936586571144838,27.71057639779509,19.58380791960243,8.384488099710554,35.29251356412879,17.54076684764166,36.226588017768485,16.667869272896674,40.82151456952026,34.09756981297843,28.096875920583713,29.990687173646485,14.420353412175315,41.511074785183126,27.283953699722634,0.0,17.38765246399595,15.553407393100008,29.021880287837263,8.150627261521842,3.771063803325918,24.93889800902916,41.0574298302626,12.129662787611514,30.414383402193263,6.120939837808827,18.946863698464682,20.602111384296627,41.275990762127606],
        [37.349549645372385,43.19866613002985,22.406988530009922,24.82453501708976,8.943739549203139,28.738780185630713,37.651863502182195,19.772059531725866,32.121253734302066,14.530630877341194,30.42848676248171,24.48872198833276,13.16760558158378,40.27536070454645,34.31800755953614,10.77828260876674,29.235315763876937,7.815345509030293,27.220689058702778,11.491812616119423,26.264850191420155,18.79427535435189,37.728826817110864,35.28712189322646,15.68099597759336,41.69723879601778,10.175564267085443,17.38765246399595,0.0,28.692472311120362,12.666926432152986,21.369010198096433,18.823174624413223,10.25359673585757,29.845617178581236,20.52377212804558,44.05258780431649,23.372965984556394,10.803196842257707,18.66632116816233,37.349549645372385],
        [35.10405724159665,41.532643032662165,7.3237189505413784,10.398025761832114,19.848709576783712,3.0695443691589066,12.885009717199157,35.974909336513086,23.471609035924264,17.803408852298183,29.07418703368556,8.197039209249361,29.36031545990678,12.238353412195128,6.1247241117587095,23.170081832246684,32.11275562682238,31.728981661283356,35.52452565343243,21.08888517858377,45.01413968535083,40.019898604250365,13.191431704099504,17.966974788343215,29.97309896487881,31.832373344330165,38.73597472991439,15.553407393100008,28.692472311120362,0.0,36.97184298775011,21.77824308329784,11.936026068441636,31.993220851416492,41.64037643975731,8.919437809310795,15.470997768137297,14.955119917325725,23.833054727650715,19.357903889762405,35.10405724159665],
        [32.726048177814235,37.34088555400231,32.09064590275016,35.73034595724246,18.305800313142157,36.08285136577251,42.836170961032174,10.40115616575002,31.734218311225703,26.41926538376312,27.133742077542028,30.610019633722104,25.3790656674471,47.07669874033992,43.03637893199697,23.376678688422274,24.185891061654797,18.838885553064216,19.920851349148744,15.961642964902522,14.114758836933609,6.549814928720329,42.79745325900197,37.77454056234054,27.88414135755054,39.68942645193413,9.46657418192604,29.021880287837263,12.666926432152986,36.97184298775011,0.0,33.93230589206244,29.521100655545368,5.0606569528498495,20.102848625000608,28.067164565041246,51.37447168722671,35.14164473229658,13.32939075148224,20.636677449567927,32.726048177814235],
        [49.37388212588958,55.9745826361734,15.15784215732516,11.703228161303278,17.97699303882601,24.064333523784256,34.604850967384884,39.015496407065605,39.771587917130596,8.8401339284145,42.18030106675049,24.507369045856404,12.110541011527504,33.25893108424427,24.25695013170465,10.591429271108748,43.17524561564645,18.31213859925931,43.706287565506315,23.94223309391704,46.832522562041845,39.678771461390575,34.88913589141597,37.7354181784522,11.085815754310374,49.6165426583915,30.03366114543456,8.150627261521842,21.369010198096433,21.77824308329784,33.93230589206244,0.0,11.451431702906842,30.56747735474737,48.15324116239154,20.130318736732566,35.15486465705177,7.132775922377124,25.881194910762684,28.58326747249956,49.37388212588958],
        [38.55290222860389,45.19253782970587,4.612335914721691,6.209520486240475,11.228085434727227,13.50501733089957,24.095168705464182,31.74540225455455,28.469478675145638,5.8943654243177575,31.49833833142593,13.077846010554428,17.425411387214393,24.157030224649436,16.407261910363857,11.3731371746711,33.0562459668817,20.283686450884105,34.53480860977779,15.609461258244053,40.40428212610764,34.06833883129624,24.332228531975407,26.353846000174777,18.08814511694098,38.22903929008578,28.96422319073403,3.771063803325918,18.823174624413223,11.936026068441636,29.521100655545368,11.451431702906842,0.0,25.063148330793986,39.7331149281543,8.700593406465895,27.064881511536335,7.03676443713544,18.171124954773976,18.328484209411247,38.55290222860389],
        [29.76556184897989,34.95225158443292,27.345100718946927,31.257640188888686,13.860979227174582,31.044512226104217,37.81794969684705,9.60790514822972,27.438971445080508,22.530035789185764,23.588159052543684,25.54993834343775,23.420403469595264,42.016052041538764,38.07777332686764,20.25268423233231,21.244070075611305,17.64365328548488,17.975309449830732,10.932717585601676,16.295635513458294,9.178158980092856,37.78598406716928,33.00456397589098,25.932080649295763,35.9171007746105,11.709278460656257,24.93889800902916,10.25359673585757,31.993220851416492,5.0606569528498495,30.56747735474737,25.063148330793986,0.0,19.768584289557282,23.077266178989856,46.3178387103229,31.040104496268516,8.272902620318108,15.723614366691075,29.76556184897989],
        [17.8397383624777,19.830902086692294,40.074035601088696,45.27840523842233,30.178322024967347,39.41346569954155,41.3116926964215,10.174797531222369,24.152993551889985,39.402544441324174,16.54178377606732,33.49992783198724,42.885181000020914,47.55686069110419,47.43622764892551,38.73239661265183,11.965657634220523,37.404959885797176,6.430759669866423,24.39027146854721,10.019488617791954,14.418341309697093,41.092156585992875,33.00923681249707,45.36150145868584,27.402272603078067,29.564814835892136,41.0574298302626,29.845617178581236,41.64037643975731,20.102848625000608,48.15324116239154,39.7331149281543,19.768584289557282,0.0,33.84896178581327,52.20353055662702,46.64684995792914,22.273446835577616,22.458751101928577,17.8397383624777],
        [30.30300232967268,36.94005468993759,6.601266365405436,12.200628195764192,11.584388656205004,8.274538977930169,17.53347433296975,27.378757119575546,19.828462434685218,13.019705018442338,23.459280566478206,4.772172184590521,24.03445375877538,19.77224255114967,15.02552388654334,17.378408815196558,25.600233381758848,24.785588744195287,28.05351278247712,12.169781419985213,36.39961270236514,31.158592197317976,17.673625348809146,17.980652117507518,25.284852068808785,29.532483258196123,30.317991253314446,12.129662787611514,20.52377212804558,8.919437809310795,28.067164565041246,20.130318736732566,8.700593406465895,23.077266178989856,33.84896178581327,0.0,23.70406418370283,15.171633995167554,14.918272664472834,11.421112273994208,30.30300232967268],
        [40.89004987289776,46.32238478042063,22.53973119291001,23.57871075118128,35.138131942594065,15.437955918724052,11.350398381504052,48.61983499233186,29.476716002485567,32.9495521022132,36.897777876521076,20.78640782479736,44.35047421354452,4.647452663244603,10.952977142990115,38.432118736828585,40.98979792563909,47.157247914180715,45.78065842414235,35.4475450516708,57.482014971540366,53.540092495714035,11.668662151579454,20.673557452177253,44.66786689286074,34.047894423754826,53.99141017194307,30.414383402193263,44.05258780431649,15.470997768137297,51.37447168722671,35.15486465705177,27.064881511536335,46.3178387103229,52.20353055662702,23.70406418370283,0.0,28.028662985050445,38.04539335869986,31.780263037142372,40.89004987289776],
        [45.39573333408991,52.038629772662205,9.10227925852855,4.631800109085189,17.28548869476778,17.47965066854886,27.840046968214743,38.36736615592031,34.956461762137984,8.84499174493068,38.414164743015874,18.946926134505258,17.64138227732007,26.159561914836758,17.124177224213913,13.546314587133955,40.0780785021567,22.58083146422682,41.541859921654535,22.354205590960575,46.83200772590485,40.1870605519712,28.144395108373224,31.797341389393086,17.300656583730895,44.49061800415959,33.093817476549546,6.120939837808827,23.372965984556394,14.955119917325725,35.14164473229658,7.132775922377124,7.03676443713544,31.040104496268516,46.64684995792914,15.171633995167554,28.028662985050445,0.0,24.781230878802138,25.359007184186968,45.39573333408991],
        [26.753144109933032,32.81900350660753,19.71708669057041,24.183180745135655,7.9049228238230675,22.78557508302673,29.73401283175121,13.594048298501649,21.482360481772663,17.139938923509934,19.70780553586959,17.284536345279992,21.992077971947346,33.75571438092137,29.943795946602847,16.833836813646876,18.948015859984892,18.313955234600357,18.104414837495664,2.776987134281373,22.262183732949133,16.352413353099454,29.723660914801442,25.659685702849938,24.29308019670753,30.920645237581702,17.805537359978498,18.946863698464682,10.803196842257707,23.833054727650715,13.32939075148224,25.881194910762684,18.171124954773976,8.272902620318108,22.273446835577616,14.918272664472834,38.04539335869986,24.781230878802138,0.0,8.337730707465791,26.753144109933032],
        [20.951349614677042,27.478641764793405,17.821338168653316,23.248810857623145,12.420186419768958,17.439891615670415,22.35650134025624,16.914929939069218,13.517603217397603,19.925518735401003,13.689965152589604,11.452881645830328,27.92602569381505,27.254818289074397,25.333803544803335,21.768225787138682,14.737898561879462,25.618371791544313,16.64139571416924,7.2066976594109535,25.89687669573322,21.830369627868233,22.286772897325335,17.394810387954127,29.92849729716186,23.33705490270775,26.1209306731814,20.602111384296627,18.66632116816233,19.357903889762405,20.636677449567927,28.58326747249956,18.328484209411247,15.723614366691075,22.458751101928577,11.421112273994208,31.780263037142372,25.359007184186968,8.337730707465791,0.0,20.951349614677042],
        [0.0,6.64296684926141,36.81402872568491,42.42209244893209,33.1131660475457,32.18016339747589,29.55687247410901,22.927901232668194,11.840807393399745,40.837114375273515,7.270400071040979,27.485636842887455,48.447401736305004,36.503220963417405,39.65492988455668,42.57719196390552,8.55726790735218,45.03380371835475,13.55167778719271,27.183012497702734,27.462008872143528,29.27700403414241,29.226712048002952,20.21651947966697,50.59433988901117,9.901252001294603,41.42659413435438,41.275990762127606,37.349549645372385,35.10405724159665,32.726048177814235,49.37388212588958,38.55290222860389,29.76556184897989,17.8397383624777,30.30300232967268,40.89004987289776,45.39573333408991,26.753144109933032,20.951349614677042,0.0]
    ],
    "end_depot": 40,
    "start_depot": 0,
    "truck_dist": [
        [0.0,9.152078760348989,49.63074862139405,57.06838309596105,46.67031519670745,39.194801371670664,31.903580177293037,23.20478030873725,13.244180516378957,57.66070329268375,10.27817723354227,35.68205001824786,67.84438117497044,38.66702284191506,45.79841636512077,60.0661954506908,10.046509160136345,61.344945317107886,15.047926029750851,38.074579178979846,34.3648390933629,30.437960216770826,31.7540934772638,22.12915375552978,71.09158050593577,13.995438964037191,50.11696721973196,57.89550689932872,50.35349412742353,43.44079085424826,36.96268963426662,69.42216495831937,53.50543170603535,36.652408198855895,23.626503655350042,41.25280473052039,44.80112147960979,62.469934170482404,36.74792151937751,29.627043632044035,0.0],
        [9.152078760348989,0.0,58.78282738174303,66.22046185631004,55.82239395705644,48.346880132019656,36.15909623308227,32.35685906908624,22.396259276727946,66.81278205303275,19.430255993891258,44.83412877859685,76.99645993531944,43.35488019460246,54.950495125469764,69.21827421103978,19.198587920485334,70.49702407745687,21.020350070819248,47.22665793932884,32.24411481021314,37.22014795423296,35.61108368704558,27.255003214912406,80.24365926628477,16.11616324718695,59.26904598008095,67.04758565967771,59.50557288777252,52.59286961459726,46.114768394615595,78.57424371866837,62.65751046638434,45.80448695920489,21.505779372200283,50.40488349086938,46.92184576275955,71.62201293083139,45.900000279726505,38.77912239239302,9.152078760348989],
        [49.63074862139405,58.78282738174303,0.0,7.437634474567009,19.579811121871046,10.43594724972338,22.623731148660763,38.37450021271819,36.38656810501509,12.473692525219397,39.352571387851775,13.948698603146187,25.28936314510126,22.94016004887523,16.638736023377117,19.93242044238122,39.584239461257695,32.840735491165375,37.762477310923785,21.03334536100519,50.09170188640273,46.164823009810654,23.171743694697458,31.527824166830626,23.82387698208671,50.074900161063056,46.06850084772239,8.275345654881509,31.68002381472442,8.304103887475726,43.57911644824906,19.79141633692533,5.247296082179631,36.42899595837656,40.78197160380296,8.377943890873656,29.07425868656996,12.839185549088356,24.729734753662164,20.00370498935001,49.63074862139405],
        [57.06838309596105,66.22046185631004,7.437634474567009,0.0,22.358825943905558,17.87358172429039,30.061365623227772,41.1535150347527,43.82420257958209,15.252707347253905,46.79020586241878,21.386333077713196,28.068377967135767,22.865581661707587,13.859721201342609,22.711435264415726,47.02187393582471,35.61975031319988,45.20011178549079,23.812360183039697,52.87071670843724,48.94383783184516,30.609378169264467,38.96545864139763,26.602891804121217,57.51253463563006,48.8475156697569,11.054360476916017,34.45903863675893,13.627592241712787,46.358131270283565,12.353781862358323,8.026310904214139,39.20801078041107,48.21960607836997,15.815578365440665,26.29524386453545,5.401551074521347,27.508749575696672,27.441339463917018,57.06838309596105],
        [46.67031519670745,55.82239395705644,19.579811121871046,22.358825943905558,0.0,26.98071039116179,35.756528506124255,23.465534887970207,33.426134680328495,10.990388095976297,36.39213796316518,19.270852590222994,21.17406597826299,42.519971170746274,36.218547145248166,13.395880253983345,36.62380603657111,14.674630120400433,34.80204388623719,8.595736017727605,30.511890764531685,26.585011887939608,35.60704180609501,28.567390742144035,24.421265309228314,47.11446673637646,26.488689725851344,11.304465466989539,12.100212692853374,27.883915009346772,23.999305326378014,22.751849761611922,14.332515039691417,16.849184836505515,37.821538179116374,15.461135191983024,48.65406980844101,18.653371789502827,9.922393677329937,17.04327156466342,46.67031519670745],
        [39.194801371670664,48.346880132019656,10.43594724972338,17.87358172429039,26.98071039116179,0.0,12.187783898937383,45.775399482008936,25.950620855291707,19.87459179451014,28.916624138128395,7.709857800938799,32.690262414392,15.539260779584488,9.237836754086374,27.33331971167196,29.87471113370318,40.241634760456115,38.17568809208143,28.434244630295932,57.49260115569348,53.565722279101394,12.735796444974078,21.091876917107246,31.896779134265106,39.63895291133967,53.46940011701314,18.70070552765806,39.08092308401517,4.245989482577603,50.9800157175398,30.227363586648714,14.310630334364685,43.82989522766731,46.75426571768062,11.519575199178767,21.673359417279215,23.275132798811736,32.130634022952904,22.732304128013006,39.194801371670664],
        [31.903580177293037,36.15909623308227,22.623731148660763,30.061365623227772,35.756528506124255,12.187783898937383,0.0,54.5512175969714,21.65657466813339,30.653685819950468,32.180179421469006,16.48567591590126,41.466080529354464,7.195783961520185,18.79139889238749,36.109137826634424,38.65052924866564,49.017452875418584,46.95150620704389,37.2100627452584,66.26841927065594,62.341540394063856,0.5480125460366949,9.774426421763255,44.084563033202485,27.45116901240229,62.2452182319756,30.88848942659544,47.85674119897763,16.433773381514985,59.75583383250227,42.4151474855861,26.498414233302068,52.60571334262977,55.53008383264308,20.29539331414123,12.897541302316753,35.46291669774912,40.906452137915366,31.508122242975467,31.903580177293037],
        [23.20478030873725,32.35685906908624,38.37450021271819,41.1535150347527,23.465534887970207,45.775399482008936,54.5512175969714,0.0,32.894642928838,34.4559229839465,22.37103817550239,38.06554168107013,44.639600866233195,61.31466026159342,55.01323623609531,36.86141514195354,15.900688348305755,38.14016500837064,11.33650899826699,17.341154851713004,11.717201673684542,7.790322797092465,54.401730896942155,44.776791175208146,47.88680019719852,36.64307638371555,26.912186910994713,34.69072659059147,27.148713818686286,46.678604100193915,13.757909325529363,46.21738464958212,33.12720413053856,13.44762789011865,14.356003291146168,34.25582428283016,67.44875889928815,39.26515386174515,13.644765459056027,23.04309535399593,23.20478030873725],
        [13.244180516378957,22.396259276727946,36.38656810501509,43.82420257958209,33.426134680328495,25.950620855291707,21.65657466813339,32.894642928838,0.0,44.41652277630479,10.523604753335611,22.4378695018689,54.60020065859149,28.420017332755418,32.55423584874181,46.82201493431184,16.99395458053225,48.10076480072893,25.294931538910497,24.830398662600892,44.61184460252255,40.68496572593047,21.507087968104155,11.882148246370136,57.847399989556806,13.688332056047965,40.588643563842204,44.65132638294976,37.10931361104458,30.19661033786931,38.099259164368874,56.177984441940424,40.26125118965639,30.949138674496375,33.873509164509684,28.00862421414143,34.55411597045014,49.22575365410344,23.50374100299856,16.382863115665078,13.244180516378957],
        [57.66070329268375,66.81278205303275,12.473692525219397,15.252707347253905,10.990388095976297,19.87459179451014,30.653685819950468,34.4559229839465,44.41652277630479,0.0,47.38252605914148,21.978653274435892,12.815670619881864,35.413852574094626,29.11242854859651,7.458727917161822,47.614194132547404,20.367042965945977,45.79243198221349,19.586124113703903,39.56701111351102,33.691130484591255,31.201698365987163,39.55777883812033,13.430877213252018,58.10485483235276,33.59480832250299,4.198346870337888,19.206331289505023,20.777796412695125,31.10542392302966,11.761461665635625,7.226396443039766,23.955303433157166,48.81192627509267,16.40789856216336,41.54795121178935,11.547253192851178,20.912781773306236,28.033659660639714,57.66070329268375],
        [10.27817723354227,19.430255993891258,39.352571387851775,46.79020586241878,36.39213796316518,28.916624138128395,32.180179421469006,22.37103817550239,10.523604753335611,47.38252605914148,0.0,25.403872784705587,57.56620394142817,38.943622086091025,35.5202391315785,49.78801821714853,6.470349827196639,51.06676808356562,14.771326785574885,27.79640194543758,34.088239849186934,30.161360972594856,32.03069272143976,22.405752999705747,60.8134032723935,14.272038208213157,39.838789986189695,47.61732966578646,40.075316893881265,33.162613620706,27.575654411033263,59.143987724777105,43.22725447249308,26.37423096531363,23.349904411174077,30.97462749697812,45.07772072378576,52.19175693694014,26.469744285835247,19.348866398501766,10.27817723354227],
        [35.68205001824786,44.83412877859685,13.948698603146187,21.386333077713196,19.270852590222994,7.709857800938799,16.48567591590126,38.06554168107013,22.4378695018689,21.978653274435892,25.403872784705587,0.0,32.16233115672259,23.249118580523287,16.947694555025173,24.384145432442942,25.63554085811151,32.531776959517316,30.465830291142627,20.724386829357133,49.78274335475467,45.8558644781626,16.336189215872025,17.57912556368444,35.40953048768792,36.126201557916865,45.75954231607433,22.213456881080866,31.371065283076366,8.613062419123782,43.27015791660101,33.74011494007152,17.823381687787492,36.1200374267285,39.04440791674182,5.570754712272532,29.383217218218014,26.787884152234543,24.42077622201411,15.022446327074206,35.68205001824786],
