{
    "drone_dist": [
        [0.0,1994.2303709411533,2399.680755181412,2725.4016031230576,2534.0833167408964,1251.7653558453585,3143.038680696996,3302.7358609459525,4561.8650032993,3654.2225644031764,3714.6004029242054,3044.5237697178304,2744.12718127549,2467.3410859242485,1741.3261185948465,2348.978911895514,3193.8117757383825,4780.793522530014,2949.0591300101682,3184.093092656419,4093.3051042698607,3102.119293586871,2195.398577925642,3440.1438165359714,4003.9488695539594,1837.830021449728,2203.3309006042637,1692.663667054094,2403.0504015048687,3200.765992430534,1437.9390119127609,5025.637001766009,3179.4465171797274,3617.2372946013893,3224.7742431520523,4653.942578876792,2436.7754399564906,3675.609324708171,4820.781954355703,2718.5552294503,1283.8866726982455,5135.331204962382,4207.577753489308,4033.9257718033323,848.104219838741,2768.737941769352,3749.727779148136,3349.9431742395136,684.460754819791,1692.8926960232031,3220.355331910936,1384.3870564079846,2668.8577786444025,687.3705856000049,4153.232750888494,3906.9320720402015,2369.8998878533625,3008.4597284084593,2080.4836012351025,3576.5982495281137,1876.8749239986355,3180.661026628576,1213.1207475442286,4142.7353159202175,1689.4867645542233,2071.1962488053896,3095.55475896019,1404.2444443805505,3045.334607246731,295.57998130057683,188.33443798070903,3083.7959696645644,4249.569423141967,3525.7152617729557,1917.7088817214967,1074.4103662993466,2478.525109716686,4571.387127090418,3308.4748954265533,3417.239893721426,5193.222235798662,1439.113439165776,4679.042576366962,4379.777300797723,1736.457856037297,4590.576271034562,4372.373378576451,1394.302239833916,3659.007267905234,1304.204731162217,0.0],
        [1994.2303709411533,0.0,879.697247783905,2686.065029022872,1165.7243121528466,2255.385586900734,1825.1121357251407,1316.052233564179,4485.651499790504,2661.4780949520555,1975.661634846114,3150.3162265002193,766.7688471839477,955.528391962409,3320.3322485597464,3434.186905832236,1202.569496537172,3871.98801340433,2122.7140231874473,2057.0130984918796,4024.47688641939,1516.4081073609143,2903.7799794274374,2835.032068691334,2268.5260079351915,2160.635547048044,214.3086476342884,1186.6286426479746,1477.9991533032487,1277.3960079198155,969.6322599554884,3270.58295744015,1481.0570856511013,4062.7926299676847,2846.258706983477,3281.0893016831938,1316.9736379627855,3227.3846700386785,4771.754228722859,3314.1567223945926,876.4042820998119,3641.2724185641414,3418.8711884477025,3307.9575752499118,1588.4491624156303,3521.0775501169474,1796.5762266254064,2711.4822162731703,2290.938368170271,1480.7194115212815,1443.4979785277255,3048.4964827007257,691.0833758878608,2650.2071766398794,2297.1616012894424,2646.3371444561826,1091.545964665074,1062.4154347600872,578.4887931071164,1686.26336024009,1554.9046532730745,3820.1592486663803,1536.098505091614,2735.159776278252,3387.279591661399,224.55659802618408,1610.6566503845452,2441.219833702994,1750.655684768539,2265.87358985366,2115.1300610089206,2544.870757142913,4309.190273676486,1854.1138016559923,739.4266582163743,1418.3530979490295,586.1403840616792,4328.938841285635,3482.400827501741,2549.872579764782,3527.674958911748,639.6906152318178,3686.989448329065,3657.4988361886076,3066.6337785607357,4709.564729254922,3432.0577874827973,605.3341868729709,1681.4163107673057,2415.79261285873,1994.2303709411533],
        [2399.680755181412,879.697247783905,0.0,3564.24308760507,1976.2317949252683,2985.1431900924963,2580.090688339087,1241.8097607060265,5361.180663120258,3456.3412711527376,2475.021646607799,4027.454226348703,818.5852292361606,80.18127955182077,3963.4887235143165,4207.617671464061,1197.5640883738645,4646.406460261556,2971.343093835839,2851.3113490722503,4902.051577276692,721.6049569878113,3723.423318705172,3689.344224206611,2741.110793776929,2998.555715550906,794.5066177928704,2047.9165064411304,2343.676664842107,962.091065899152,984.9956820412848,3654.044734395751,2080.5642610636546,4930.417037385941,3719.104968022168,3918.8345034317554,2167.2550113694015,4089.982425917615,5647.282382399009,4158.7457442359755,1117.6419169102353,4200.675610398309,4231.0022784329585,4134.0630931963,2263.7867548626796,4350.900310505896,2003.3986104591336,3564.9588349247574,2869.5150067230143,2335.250577275475,1981.0128782350457,3652.9308069689278,1097.9765481057393,3087.036114037201,2632.1856566924903,3363.058827882711,1933.4883983430193,1433.9516617582965,1442.66265839318,2041.6189598218984,2424.448549732893,4668.469821926047,2307.2388968986356,3385.4806729882775,3988.3649036492307,655.146319038833,2320.4109534630684,3179.4590409616576,2520.1903730105896,2694.5266154049054,2562.07190787146,3411.745745098578,5188.61830597854,2423.256161956866,1619.1238867692994,2153.932211607709,517.5944263751067,5196.04567612259,4359.305829092507,3375.0770011218997,3976.994442234274,1389.0449362323855,4445.137243053226,4476.032046244809,3772.8678474111907,5589.151817398361,4211.158257198482,1248.1861675819948,1817.9775852288901,3136.0059143951785,2399.680755181412],
        [2725.4016031230576,2686.065029022872,3564.24308760507,0.0,1840.2695908716116,1576.220627208425,1781.674178332184,3509.6949375815566,1898.2272549453373,1520.9452030778743,2712.551457785208,467.38278962527517,3185.818211635011,3641.049081841579,2330.0566717704896,1644.1614599900352,3385.425224442552,2280.0867081190518,1071.970221696389,1517.91758918811,1420.0001114766023,4177.454861886693,1011.4227357941817,953.8969973520938,2874.4462512105333,888.754353476625,2811.1830762654326,1542.2460247501765,1341.1252056903263,3701.996262466737,3178.671233218714,3647.400889434658,2391.72131794395,1428.262642960567,602.8190027682592,2691.5477702341045,1561.6738688056791,1009.3711251196918,2176.200966144177,975.396570995099,2926.1428843523504,3249.681531614745,1692.8131779536145,1499.2484269909046,1932.2028243085972,1264.2643696499838,3325.5065552505007,937.7501797327975,2242.5354724282975,1292.598985488683,2554.3584076041393,2376.719358740893,2843.140062163919,2840.202401484007,3260.9142445425314,2020.1534559963025,1776.935733562142,2874.121035469899,2155.9317842880196,2997.1028444856684,1158.4920525366115,1350.0806650896354,1605.0051271519367,2380.9909415549328,2562.8888160132215,2910.2287197841924,2019.4949489532894,1530.5342841215593,1730.0646742605418,2730.2514002036896,2637.9474995457144,707.4367408198066,1654.880033356032,2484.769302626322,1948.9969118039066,1798.3366111509408,3204.260691620945,1855.268262235792,799.0382801378659,1244.4120227033932,3592.9246888518,2275.1587894945183,2264.8404403139016,1790.6942151654464,1877.9443496676015,2045.9242870098076,1962.5210152275072,2471.1451858842665,3398.81608209951,1629.5512203586416,2725.4016031230576],
        [2534.0833167408964,1165.7243121528466,1976.2317949252683,1840.2695908716116,0.0,2154.801401404519,684.194450496233,1670.8263545373577,3454.406085628788,1496.0886561226189,1223.5844698359024,2297.181264758017,1402.5778040428868,2040.7987686976514,3285.79018842032,3064.2735415442257,1547.9048663095507,2706.556052688643,1012.4073663768467,891.293152492268,3017.901515914813,2462.7246756838435,2419.5324203016803,1730.51317786697,1497.043345536572,1694.0475834235021,1184.5647965088758,913.1832879841737,502.790760967411,1886.4192136329707,2043.0945220005567,2505.3033995396704,715.8488408896499,3268.174175758705,1818.7349366664535,2205.891731489021,282.17637759399634,2143.8771262251403,3738.2998348133942,2686.4066968805905,1863.146968045882,2637.0112736021,2259.6239645390333,2158.062165634088,1788.2235554083836,2946.806665098082,1570.4258326752195,1605.9397408028196,2513.88064291638,1104.4996354295529,827.4500184010592,3119.1562875808863,1038.9143632171078,3046.875072483992,1732.4688836430155,1514.7299234497975,166.86565126571335,1034.488431551202,616.3387233626781,1276.1755814681187,1022.0035969775394,3146.6758036669275,1505.2705424625767,1666.1306350449004,3431.5957521538116,1363.901873895097,562.8018479179457,2285.220473084171,598.8022991741408,2728.2551822588007,2577.6804910188444,1489.915957080995,3333.2359634117524,1011.6454158431322,644.4763146760166,1536.4360823122277,1511.9053870661623,3253.9021353199064,2619.179240164792,1398.889099723289,2659.154515668253,1214.3535240686763,2524.6086500001693,2502.101475241736,2913.418803356187,3735.598780701932,2266.4698357078382,1378.3622372992597,1601.0729547873793,2312.36021115506,2534.0833167408964],
        [1251.7653558453585,2255.385586900734,2985.1431900924963,1576.220627208425,2154.801401404519,0.0,2565.9115552225476,3488.615563901157,3334.2097068127046,2802.304488309473,3363.9181063249916,1828.8209796477418,2989.508573697913,3064.3405356745334,1134.833035132671,1240.8649875320186,3361.986018405294,3794.7621692077055,2122.3074731247234,2480.5457014365347,2873.752313648619,3699.93795413845,947.2676062753761,2426.4880998243125,3618.328654186362,726.0601883079559,2457.584396859527,1271.079304425039,1797.2072785200385,3522.606648570099,2230.6036328336154,4581.704190613588,2870.6174947943628,2368.1786679997517,2141.9001983732887,3927.793801183548,1937.6493833363147,2577.5331913899204,3585.928835590684,1470.4579709720047,1987.372249782783,4460.909958122689,3204.5019152150326,3016.8358223546647,735.5147388248406,1545.9212390192201,3670.643664471919,2361.914384316243,671.3103719849698,1051.5076891948559,2974.371243280362,979.4797299375313,2765.346420464126,1264.0126180777593,3886.26747254932,3177.7735524530426,1998.4227771653304,2994.5483561025203,1998.7776630680123,3409.500250177079,1166.9848090304192,1946.5313859220405,730.2608829049,3483.085919371464,1278.7388355681508,2433.0686082917337,2640.5109998924195,196.56258754178663,2473.9092289661,1185.84954672708,1121.7710807114674,2087.3185880669666,3009.360603568315,3139.384537712577,1752.1790878998288,840.0077799093292,2839.592908510085,3373.4084283578686,2071.5756495396395,2530.9855188235915,4653.280548904906,1625.93458178112,3737.536675583263,3337.795732284078,814.1335637469997,3342.5258274050843,3426.3852481402914,1738.8381434492119,3650.1625002583046,164.48585720158445,1251.7653558453585],
        [3143.038680696996,1825.1121357251407,2580.090688339087,1781.674178332184,684.194450496233,2565.9115552225476,0.0,2000.2395966171139,3075.1882041892004,893.8494638552847,931.0323392177675,2179.9291947863658,1897.6346782357195,2637.186283571989,3656.7867845409537,3265.2471179705512,1897.177117537339,2066.3514632946626,721.7635366947537,333.0365235294771,2683.9812184306606,2976.97679295866,2593.2470650703863,1321.380126718225,1114.2986465175654,1965.267121751479,1810.16141444579,1457.1733455026567,777.1670264300695,2296.3462745679194,2725.98179633992,2019.3379328230758,694.2655419678528,3144.0086327291583,1536.7831974025387,1532.6592078768438,706.3475111344816,1742.6196286778986,3349.228308972439,2735.539767330618,2547.2159873583355,1992.656010419122,1678.2744637448548,1612.1737501330279,2345.843427403782,3018.374820230223,1599.5342072813528,1207.6427696714077,3029.1241565811165,1549.1092651815466,867.9806073749032,3545.2345496566136,1534.375106147372,3598.5614075880544,1480.8753197665746,830.7267575333341,818.4373250210084,1364.0421251891303,1297.9779110484724,1263.0286626079387,1403.8112800756799,3131.0316695374936,2018.4871225064292,1003.262685631557,3833.2518747102645,2007.4427927491486,305.44981750605194,2658.8004271503987,97.84530920212639,3310.24079584925,3164.9731457585835,1207.9597295329052,3024.039564529101,703.5496325365981,1316.1429438063005,2095.1532291404637,2083.057007968771,2820.9030511999226,2466.4156219981232,893.456199169614,2096.1160848050213,1889.5392469472142,1868.939029617048,1930.146133784792,3244.4912629551436,3416.273545445844,1631.536417703754,2059.73033944441,1714.553622683791,2708.7016807178647,3143.038680696996],
        [3302.7358609459525,1316.052233564179,1241.8097607060265,3509.6949375815566,1670.8263545373577,3488.615563901157,2000.2395966171139,0.0,5059.49392290701,2873.6106540641704,1496.3939473192222,3967.970888621209,560.0960567046184,1238.398215380476,4592.917245489551,4588.250451973504,128.98808321890232,3942.1563919871014,2620.3729277969355,2329.2801804194405,4646.134782174077,1177.5138379605664,3989.843936527681,3303.5334914296013,1700.8551957549203,3234.6195160570114,1102.8824401784177,2269.571249093574,2168.714722188518,376.1103653843666,2073.010535674872,2490.613916469234,1323.2039873394845,4937.953241844782,3456.8681906093225,2997.495758797717,1948.0213997030055,3727.058442298355,5337.792349661961,4318.28570551189,2092.13512068035,3169.247828851591,3648.6338346254042,3603.005960238563,2875.6196203111413,4563.210373453598,817.0304602174797,3183.6803646094036,3597.3938957752316,2555.0673302920504,1159.7132777918982,4340.708932415021,726.7992470134109,3965.218873399867,1479.483840415288,2609.7010863930727,1738.9007961739583,649.8803690106524,1505.0312645618146,976.2165900527417,2554.6128518240507,4796.081836996694,2758.559446182581,2515.695052038023,4677.892810919094,1238.1885527960715,1695.001813966593,3661.437737622686,1984.5054624349611,3579.0459837452518,3429.3244404022685,3121.313536596656,4973.976536338691,1544.1277976964718,1757.3533439629541,2677.7646722594104,866.7770662435097,4818.664545571297,4289.696148030296,2892.603379177124,2850.7888783931917,1936.9644688418093,3711.6658021244148,3902.3332846461826,4301.322131212606,5373.692313913239,3538.1231076846043,1921.2429542154196,609.0715629746843,3652.7479388721936,3302.7358609459525],
        [4561.8650032993,4485.651499790504,5361.180663120258,1898.2272549453373,3454.406085628788,3334.2097068127046,3075.1882041892004,5059.49392290701,0.0,2288.2113385463076,3868.7123485587454,1518.7742118604472,4856.790770626077,5434.017520933789,3697.2073059910203,2756.0591370702164,4948.444827752521,1916.6539346762804,2449.9361897092667,2742.156780941278,478.23727929167575,5911.215049599793,2464.3334565493474,1756.8318893423107,3899.236551400478,2744.5824453755854,4576.683766973818,3410.2642464640735,3023.2373123153216,5323.527826449741,5066.040124302587,4281.477119639418,3769.355227428075,1301.6079500830037,1644.5307177903615,3030.2727443830795,3216.5362717535277,1333.547491865568,286.11250981345313,2004.308914878668,4816.0529442259185,3492.0178614770516,1685.6058715099527,1614.084669963204,3810.954326494089,2135.518331034722,4644.833263562296,1875.8510134004314,3997.6533257227115,3181.896246164255,3942.8947149604455,3886.1655027517804,4491.42612865717,4550.574622561324,4337.0766340808395,2750.764990775088,3452.9623005060485,4411.487391748677,3919.3580604595313,4311.7944199502135,3032.94670299442,1787.05703141134,3497.9896726266893,3065.889666876048,3948.3622847037814,4708.85303000224,3378.3675106677415,3225.7419498584845,3079.0406005011596,4520.039849077768,4450.401952155817,1965.341691871259,390.85395482373934,3690.2006937684905,3751.2081762535845,3693.088088919584,4945.201627182254,382.66863851256164,1265.9976193817236,2188.3607639829265,4041.971511818038,4147.5982858115385,2103.3332580813903,1501.4743289671708,3299.485734905203,467.24038779598595,1987.6059661340616,4347.506569003451,4780.545261667327,3332.936725892381,4561.8650032993],
        [3654.2225644031764,2661.4780949520555,3456.3412711527376,1520.9452030778743,1496.0886561226189,2802.304488309473,893.8494638552847,2873.6106540641704,2288.2113385463076,0.0,1581.4742530620906,1767.3564769957827,2791.2814300304212,3516.4928817230925,3764.874808949823,3161.9140557296205,2776.6196024574942,1216.2272152404007,706.2741870578852,606.2326950508569,1956.6946144649824,3870.771732792795,2510.565219419328,663.3712124458965,1620.0225243335212,2093.587910174313,2673.224890538041,1999.3984503858612,1309.352307476087,3183.0128433053255,3500.328561205033,2189.0888732246613,1550.6880476935135,2633.7667785804697,1019.0687257557886,1174.2222024526466,1383.5667113395327,1009.8588597164569,2547.228642338575,2475.6995358858294,3295.019577042438,1731.2769486349225,784.4276320524782,730.9018418488585,2809.829998096262,2763.293942245696,2370.466086923116,612.1729454026946,3384.711590110825,1961.9575637213002,1717.7443969402802,3739.045235851994,2427.1371453379825,3989.0959018756953,2055.570207033993,530.7179295280675,1582.0307211056195,2249.400198724477,2099.231426277389,2042.9419272535308,1779.5071365243814,2756.1157097566875,2447.996976025225,896.0506761885899,3977.9157142285126,2859.033372148945,1189.6210759689184,2835.6245729627144,939.9937962234443,3764.7971454519134,3634.6527500900665,814.0354114957169,2307.9847888028326,1412.2462531041,2047.5986804733975,2580.781273927407,2968.070245152448,1993.4955109255843,1973.0163866500707,282.2974006358884,2086.5451878363556,2600.534466476881,1056.143217238203,1036.5847456239865,3319.044707500649,2676.8197024747037,776.0373315996617,2791.2127739751254,2520.5082755746375,2912.5297186198327,3654.2225644031764],
        [3714.6004029242054,1975.661634846114,2475.021646607799,2712.551457785208,1223.5844698359024,3363.9181063249916,931.0323392177675,1496.3939473192222,3868.7123485587454,1581.4742530620906,0.0,3103.943726788535,1665.5607014605127,2508.311354253903,4486.298256284252,4169.485404993959,1440.334572803175,2495.427861144973,1647.3292118488507,1217.5743998694963,3519.1396699227007,2647.2502269429515,3501.3166997567696,2163.1060273766834,295.6550378709095,2833.6938505195317,1859.851923170699,2136.767070552074,1589.92600373369,1862.0689651595703,2945.146344205634,1318.0637101692723,535.3535205764891,4060.118905310117,2430.991912438807,1501.9202778078914,1427.0519549332066,2564.380552543643,4128.692020972059,3664.8787533827694,2834.7852862949867,1726.253784923441,2292.6405932445323,2292.267386329843,3005.323088539824,3946.477422656432,816.5160566097607,2064.29888837049,3736.366699889086,2313.369383189788,532.1994754483278,4335.713452928375,1394.0315029000315,4259.481571461695,551.9540264635634,1187.0369959074794,1388.800100696206,1041.6695091564322,1648.090934210436,528.8578101252835,2205.1102512151942,4061.454167825592,2728.838182717462,1028.4070909947075,4642.656939070481,2078.099182802642,738.3331148412932,3482.138708892738,989.704304176105,3927.7972745353745,3774.9952221598355,2114.4899313740384,3867.6533214441665,233.47958122302413,1797.6459849399034,2755.0271967281356,1961.7333067096636,3572.887535196165,3381.223225342062,1705.0507193278022,1552.02267621345,2309.4570833090966,2255.4141208471256,2540.366834942545,4095.5520772449877,4247.042909437821,2121.6357845381617,2424.628273922679,999.189180992425,3517.6782575335383,3714.6004029242054],
        [3044.5237697178304,3150.3162265002193,4027.454226348703,467.38278962527517,2297.181264758017,1828.8209796477418,2179.9291947863658,3967.970888621209,1518.7742118604472,1767.3564769957827,3103.943726788535,0.0,3652.0960570396073,4104.617066150425,2378.42372388045,1552.414550293744,3844.5818820553977,2287.543773342087,1458.3272817127522,1889.5886971052719,1048.899114103515,4644.438799356476,1043.8780242161347,1120.28619394956,3242.581494947057,1228.8011037440565,3277.792028242496,1995.5289419370285,1801.6652432343217,4166.358493616158,3611.7496616994363,3948.0093335904367,2818.989254739991,975.6663527251076,749.1136906300327,2899.1353186685024,2021.0710333347483,984.197720725429,1784.1153763912994,766.3360385667889,3357.099202484428,3453.3764448014413,1732.4437307048372,1543.734838200833,2296.5842871713603,1035.542242566859,3752.9578117393194,1155.1865189041137,2498.2984641238927,1733.340876775561,2985.485094856253,2493.3244308927774,3307.699190368857,3071.064651914011,3645.266482220215,2292.949908269466,2240.051853425259,3328.6705623600346,2623.1505096510064,3420.86614133365,1611.8889524304418,990.1973693821479,1995.5416954813566,2659.469466196497,2624.8814734694242,3374.1997478237645,2437.1590217100866,1738.1339876523975,2138.745007713239,3012.6561903668335,2937.1373186603732,1005.5118563311917,1231.862125642863,2881.7019206132504,2414.5073878503954,2192.3826069546485,3671.43366427438,1546.6389171545097,332.223592368195,1514.742062944331,3852.1339245978434,2722.277279695294,2322.8874917433272,1764.6862909056617,1938.6192126563385,1609.3888990036407,2043.5218265322196,2915.199243723697,3836.1549532687054,1844.2245318318292,3044.5237697178304],
        [2744.12718127549,766.7688471839477,818.5852292361606,3185.818211635011,1402.5778040428868,2989.508573697913,1897.6346782357195,560.0960567046184,4856.790770626077,2791.2814300304212,1665.5607014605127,3652.0960570396073,0.0,845.0926544286191,4075.267838085595,4130.1481995739005,461.34915422016127,3941.665624368882,2410.386077930671,2202.1605526122808,4419.680610203682,1079.8004813312975,3559.767327963164,3123.3925426335436,1925.6236506088494,2803.841483307401,552.4923188993259,1819.9549338403394,1862.7353215968328,540.883227240996,1531.1956695961715,2838.3340533321903,1314.2275563093217,4605.253055783447,3220.3872636309693,3133.6163398981244,1652.699828138477,3541.2928748106688,5140.431647205659,3925.9176272432915,1535.5863387758416,3391.5347230063053,3575.5726301906825,3501.4688789997317,2347.355200544255,4155.579884297777,1206.5013836360727,2999.4854094043776,3057.188546011034,2114.8192534919644,1193.2012266520987,3810.9409861946765,368.48059169732545,3409.585508937783,1817.9128715512636,2626.9767398490544,1421.1352296385794,625.5167313065323,1064.5604302552606,1223.1410982146901,2143.198101567374,4418.754046991424,2260.853270698463,2610.917304008945,4149.33646389129,678.2168031124467,1610.3191652408486,3169.151113962897,1855.439276524174,3022.067580229703,2873.1167191513337,2892.4815137102933,4731.826675841928,1632.9846295809366,1309.8885199091442,2162.927975963105,338.1252687294597,4649.782155824077,3981.3081834572436,2755.4691564443597,3158.4119500896322,1400.3883223610276,3727.210863402359,3826.836173573324,3803.5883830712323,5134.558701858826,3515.8967204831824,1369.003935239368,1039.3083433408794,3152.3393406366317,2744.12718127549],
        [2467.3410859242485,955.528391962409,80.18127955182077,3641.049081841579,2040.7987686976514,3064.3405356745334,2637.186283571989,1238.398215380476,5434.017520933789,3516.4928817230925,2508.311354253903,4104.617066150425,845.0926544286191,0.0,4039.5214457753827,4287.414908546519,1202.2077576635493,4703.034680633771,3039.1687368689118,2912.1797772270065,4975.741736061062,645.7660998550863,3803.5898988193976,3757.6895630485533,2770.667702675194,3078.4594517284218,862.6472400053206,2126.706815836847,2414.828664197193,941.0961489231032,1045.4518915799463,3672.1586690222025,2125.1115559966343,5009.102905404514,3791.3068632216427,3961.0901051607902,2236.1576192407006,4159.734382219976,5720.098943033399,4238.585553667986,1187.390697682666,4234.552000033649,4292.75066202493,4197.806978625768,2342.198295075356,4431.0108133568765,2014.0158188128405,3633.216167530014,2943.971183744164,2414.49670139803,2020.878500011311,3727.6176036678467,1141.6153510022123,3154.54054964581,2649.7321608563657,3414.4943813124396,2001.7075374486462,1466.6524744641602,1514.8035832809812,2065.103403527518,2502.692365110965,4748.227786224423,2387.3013055655783,3430.001276068147,4062.663183077933,731.0446661301708,2373.8026835722167,3258.7703221865486,2578.962539341614,2762.4919858849416,2631.294242864505,3482.592168264171,5263.511517297009,2463.148431982026,1694.783075739167,2233.6369781885164,562.2912353925861,5266.55613748729,4436.544814438922,3439.2074243949583,4000.5654863894088,1469.2246172217035,4499.94253039882,4538.525132061594,3851.1528357120837,5664.265290461449,4268.68144326453,1327.852152257375,1824.2774368746814,3214.9192086804255,2467.3410859242485],
        [1741.3261185948465,3320.3322485597464,3963.4887235143165,2330.0566717704896,3285.79018842032,1134.833035132671,3656.7867845409537,4592.917245489551,3697.2073059910203,3764.874808949823,4486.298256284252,2378.42372388045,4075.267838085595,4039.5214457753827,0.0,958.4222303147706,4468.162152456516,4606.235951370987,3134.125551242786,3532.6240493621626,3302.058210724523,4685.032112352902,1342.8203693303585,3276.6647197180037,4733.3063883267905,1704.9668165435082,3530.2245641231702,2405.492507045786,2904.519849698832,4597.629735763523,3088.6348477085035,5675.782448696176,4001.014043529176,2475.0324412791583,2932.624025551312,4927.862614832441,3059.585949538147,3311.008208533457,3897.4505055704535,1701.8803262062377,2878.8736108515604,5476.134532804764,4021.7392980952586,3827.9229724317197,1732.530919609503,1570.9028533457022,4804.624095867648,3242.1057442515216,1111.9457587494824,2181.295510362162,4107.883513511137,364.27530948188456,3876.2019377947586,1238.1921709094252,5014.558897424011,4195.476842979167,3131.2926306453487,4121.698953463556,3121.02065895153,4544.228694647067,2281.30928425015,1966.0349879121009,1846.6449263162415,4523.779421404011,251.40272732974924,3475.6426256164573,3755.9943541667176,1004.2173886857623,3568.6305041483333,1492.2035213544198,1553.204274197072,2980.0970682218276,3319.78180577401,4259.015562260887,2878.420113661913,1915.286810407897,3892.8044146119787,3846.338915182588,2490.3441377906347,3483.5585796828395,5719.124868895183,2680.669740982105,4594.482458271272,4103.889194512491,452.1622115057981,3559.700376854853,4290.523550759852,2754.765598952371,4780.437203345299,974.1855410074555,1741.3261185948465],
        [2348.978911895514,3434.186905832236,4207.617671464061,1644.1614599900352,3064.2735415442257,1240.8649875320186,3265.2471179705512,4588.250451973504,2756.0591370702164,3161.9140557296205,4169.485404993959,1552.414550293744,4130.1481995739005,4287.414908546519,958.4222303147706,0.0,4459.391670917183,3837.8967448554745,2628.8945580442796,3067.1967566049293,2382.3317004247583,4915.25155146493,673.0905568018204,2586.3691350129643,4378.737693119657,1372.5773572026937,3624.438593846507,2319.240688754839,2600.5318822599356,4670.538868382127,3470.798393692767,5236.881401962545,3746.550587413958,1516.8029955873646,2215.931952111624,4334.70463115123,2797.800500892933,2531.339816315346,2946.700915567575,803.6101449919454,3228.235504718953,4892.599429776403,3273.1859373260263,3081.2742783465255,1976.1100489422129,620.606314981067,4634.5471993582,2580.6074734857957,1665.7552428193753,2034.161969130977,3882.5858502188976,1218.0169767826644,3862.808453662223,2041.823563436668,4718.911669771922,3647.4947643541236,2935.598925547982,4030.1376430039445,3084.704616822646,4336.092384232911,2057.3848247517058,1007.6133594007149,1905.1926147135237,4001.1837227025326,1205.4527635845338,3627.699516864632,3433.6438310738176,1044.5799342805747,3190.82660489487,2174.943951780466,2177.826633719583,2348.1480017283698,2373.5617927152834,3936.034962019235,2832.616739891348,2054.0162145709514,4019.7462312250736,2929.6485018133567,1595.6357790216618,2882.482918076212,5215.6123759791835,2827.3942373615278,3861.297203487251,3316.84571204315,650.0276065829919,2602.3630492671437,3571.270786525814,2959.724489937463,4653.3677805093175,1111.7204563298262,2348.978911895514],
        [3193.8117757383825,1202.569496537172,1197.5640883738645,3385.425224442552,1547.9048663095507,3361.986018405294,1897.177117537339,128.98808321890232,4948.444827752521,2776.6196024574942,1440.334572803175,3844.5818820553977,461.34915422016127,1202.2077576635493,4468.162152456516,4459.391670917183,0.0,3861.015905158376,2505.6894296131086,2224.142667978037,4531.966935478026,1210.2683759319323,3860.9077020518152,3193.637585245876,1660.4509574743795,3105.6462591245577,990.9239162650804,2140.8289171952056,2044.3026190082446,423.9506696216007,1989.2870385028596,2489.2183334501883,1229.1784437835843,4813.662514686591,3340.5585964826223,2941.8685305789213,1823.9115635022492,3617.0137002914544,5227.576728934895,4190.3532741293075,1996.7547766411208,3134.4450364420472,3554.648135298751,3504.51162201263,2753.3265624843652,4434.7772705199095,817.388336597512,3073.090125906443,3477.702151508036,2426.124166440978,1070.6713866315142,4218.14138077422,598.597581862007,3852.7766694228903,1470.1662824609182,2528.776576461816,1612.8723484530599,537.1029806186737,1376.5007989119028,932.3575656546744,2425.7743110095125,4668.9247452277305,2632.0967504749033,2449.70775062605,4554.996998593744,1137.066112028069,1592.726558927421,3534.1948383173967,1877.7213309017582,3467.9771811789583,3317.5621030303705,3005.4137018741903,4858.21950732563,1470.816698232983,1628.798290192648,2553.3192362974733,785.0804883170156,4711.841145445443,4167.08405587557,2787.6394975690896,2838.2676946165825,1817.5615456454266,3633.0972419676873,3808.334671769699,4174.3769568155585,5258.474100758119,3452.4492848771556,1807.8023306531575,622.2222259487564,3526.190356655576,3193.8117757383825],
        [4780.793522530014,3871.98801340433,4646.406460261556,2280.0867081190518,2706.556052688643,3794.7621692077055,2066.3514632946626,3942.1563919871014,1916.6539346762804,1216.2272152404007,2495.427861144973,2287.543773342087,3941.665624368882,4703.034680633771,4606.235951370987,3837.8967448554745,3861.015905158376,0.0,1868.0382935764303,1815.6031538302539,1840.8251226549364,5012.278246782767,3270.035744777446,1368.3945883627098,2404.8768222408894,3069.0338736418857,3873.199561471826,3178.6392439916167,2512.46521181492,4281.152063217152,4715.742839677385,2487.491826457561,2643.5370793209904,2832.670526080914,1678.2889241313826,1225.785501923781,2599.0156652275896,1307.0524447159482,2079.635801826087,3051.7362271567513,4507.824842836393,1603.8975526176926,591.133746830139,782.4686548162323,3933.083974866959,3308.1285495862985,3309.64030800543,1440.8109766104853,4429.095412043924,3098.432633396829,2792.329145514857,4653.847090705872,3587.050240332896,5038.651048993362,2820.442520322522,1332.5321296116742,2797.7599352131697,3359.66331926439,3314.0971248925152,3017.2158026731263,2912.880304797883,3146.0163580812273,3568.0832551919807,1487.4143202025975,4841.831490951706,4064.916988917933,2334.9517933608313,3784.1030402742726,2129.3685415124846,4858.547032225349,4739.655450699347,1714.4238939418915,2139.6661338907006,2401.7017756205255,3262.4645469998572,3720.9774455530373,4146.8527220995775,1535.3724704274587,2325.262466779257,1389.621807608807,2187.545089783675,3810.2306507309186,248.55702148072487,529.5961864290136,4154.80632332602,2382.606575350081,440.52827627251713,4003.180372804459,3494.112909078407,3875.8555960642666,4780.793522530014],
        [2949.0591300101682,2122.7140231874473,2971.343093835839,1071.970221696389,1012.4073663768467,2122.3074731247234,721.7635366947537,2620.3729277969355,2449.9361897092667,706.2741870578852,1647.3292118488507,1458.3272817127522,2410.386077930671,3039.1687368689118,3134.125551242786,2628.8945580442796,2505.6894296131086,1868.0382935764303,0.0,447.43877901193616,2026.3136931159113,3475.0545736208487,1957.7480419847273,719.4475001715911,1802.4773586968884,1434.8460181799037,2176.908013846853,1311.0653325796682,664.5229506521174,2874.1687059823703,2881.8568324205853,2608.291653208697,1381.5350425823533,2422.993012953768,839.8909881070796,1806.6719310661256,806.2926382605183,1131.6779374776117,2732.214674715991,2040.2917122771996,2661.3398399800403,2346.4214016484484,1338.952439392712,1202.8689907874616,2103.866060863399,2327.0349050913487,2308.999310495726,594.7863154264356,2685.814968459948,1256.2901588730047,1553.01246188647,3078.1946278454734,2043.5381063218715,3287.726605031767,2192.4436362961965,1062.6462790720857,1037.9422359166235,1970.518532353136,1544.3540985501784,1973.9006362856258,1073.3661719563445,2416.3220322315883,1741.7484927378898,1392.3411702610251,3334.8754693662345,2336.764138434497,990.3895412819236,2172.587274511257,686.0487649429108,3058.763765561313,2928.3790191063385,503.81658370788637,2354.062883776246,1423.5655242257233,1438.4650969910729,1876.574544600456,2521.5730323768403,2241.543741158171,1746.208615001268,478.64166613253934,2599.685837935632,1958.678399842472,1739.8012118505203,1560.0338426849007,2698.3091139811563,2753.345104290644,1440.3565083822102,2156.5138591091286,2408.454120029304,2242.259424545244,2949.0591300101682],
        [3184.093092656419,2057.0130984918796,2851.3113490722503,1517.91758918811,891.293152492268,2480.5457014365347,333.0365235294771,2329.2801804194405,2742.156780941278,606.2326950508569,1217.5743998694963,1889.5886971052719,2202.1605526122808,2912.1797772270065,3532.6240493621626,3067.1967566049293,2224.142667978037,1815.6031538302539,447.43877901193616,0.0,2352.502161143561,3281.6464910203413,2394.601647984249,988.812267566964,1357.7327526423628,1827.7154028364673,2067.0595878959707,1494.8527235577446,782.6411412664206,2618.376257204728,2912.7862239846904,2171.306266977042,1027.2817814213927,2842.548174798259,1218.2710242382827,1476.8177499410624,806.0210048979397,1409.6415023924724,3016.36774979241,2487.671671409305,2715.958939759337,1988.7014498713,1381.4580287195781,1299.3257230399229,2357.641429282444,2774.473566369792,1925.0881255438599,876.3160913755364,2998.159459739121,1522.4239125668864,1200.9521795533703,3452.2662760354788,1835.2928336403772,3586.656550115911,1755.7172614938554,723.9417589356611,986.2187477323928,1688.8847024529666,1499.6060033075466,1588.6219128021999,1354.8128435907493,2858.0258708138344,2009.4667250861712,1002.8464622949825,3723.5964785624597,2253.111557360829,637.0749110955313,2551.2178146638616,348.8227086690195,3325.4846508419714,3186.3667833152035,897.163912103433,2693.7800172296743,1002.0935746811559,1466.6404500769515,2114.4293089202147,2366.5081580588767,2489.842091385767,2163.6488744223802,563.5019305665573,2186.5758391683057,2031.580179272574,1638.568376622669,1629.5882338215597,3105.225085253544,3084.8427648074908,1375.3346191929297,2215.891106349651,2045.4456050955298,2612.1655475367506,3184.093092656419],
        [4093.3051042698607,4024.47688641939,4902.051577276692,1420.0001114766023,3017.901515914813,2873.752313648619,2683.9812184306606,4646.134782174077,478.23727929167575,1956.6946144649824,3519.1396699227007,1048.899114103515,4419.680610203682,4975.741736061062,3302.058210724523,2382.3317004247583,4531.966935478026,1840.8251226549364,2026.3136931159113,2352.502161143561,0.0,5465.123274316282,2028.9291575930083,1365.194708795207,3576.4332763592624,2270.0534554540977,4121.645483155098,2936.3698748039137,2572.2069977723904,4897.562010314078,4589.9543502621345,4050.296675671105,3376.6063394879325,1047.3493800203507,1199.295402522114,2833.636712769793,2771.4062681286778,954.759576893898,758.2179846892666,1600.18204293189,4339.453110376673,3334.7846076078577,1475.0762422111864,1357.480111659567,3335.242225786968,1768.7178064185455,4273.308958194209,1476.3583195348103,3540.734139011202,2704.934983532134,3550.4755730995184,3468.6878436823577,4056.7888903283288,4103.121294975314,4010.9210555822897,2453.6387290215685,3006.943609100941,3996.425889195586,3462.5108446884515,3937.6865285802614,2557.715448480522,1470.5724433489431,3020.305130059119,2791.6958472302026,3553.3469906672567,4248.30428238525,2982.590573669581,2773.0360694990163,2678.6919801447134,4059.0854307685663,3985.5799861083133,1529.789009746552,351.6039502944695,3327.9797248019354,3287.6906117051185,3215.2183151346335,4495.560345771417,547.3981348047441,823.7791771739461,1816.6363078100524,3848.9044680041034,3673.742319931178,1983.2365444737675,1349.9588730907774,2888.7208773839834,732.340610144652,1804.4012477350432,3873.1234823288632,4397.947598854336,2879.9873441966306,4093.3051042698607],
        [3102.119293586871,1516.4081073609143,721.6049569878113,4177.454861886693,2462.7246756838435,3699.93795413845,2976.97679295866,1177.5138379605664,5911.215049599793,3870.771732792795,2647.2502269429515,4644.438799356476,1079.8004813312975,645.7660998550863,4685.032112352902,4915.25155146493,1210.2683759319323,5012.278246782767,3475.0545736208487,3281.6464910203413,5465.123274316282,0.0,4412.00916343824,4192.073098613027,2870.4691505132846,3674.7796175088515,1367.7554374619647,2702.830459871337,2893.507541196936,801.5228038562128,1668.0887192675118,3656.93583251454,2371.5882790959804,5572.252286772826,4268.284949864347,4146.216665842386,2694.892733472666,4606.601801082551,6196.17559036015,4830.279718494576,1828.5349349345213,4343.382106043225,4655.142229539072,4580.967539214229,2982.7694346567323,5033.875239732644,1990.6021861551808,4067.681564953509,3589.5733475980364,2997.1077302228373,2233.2375558186714,4373.292468607982,1446.4687827969426,3788.1849922768306,2654.4449285647343,3689.1394485074857,2458.715997030484,1657.622599668537,2021.9808969945227,2142.4469673882513,3067.0915481820803,5336.565584016028,3010.7809004731885,3642.8285793039076,4708.152638449098,1302.73309070385,2687.15312339377,3893.2803284870497,2935.201751579142,3397.672276774002,3269.4867578685516,3946.3729996418015,5767.578241475428,2658.643044165372,2234.2029076316244,2864.6349613725474,974.101554597118,5716.59690880728,4976.446563912855,3833.215135389117,4025.339549962442,2088.5325553339435,4793.451831510463,4906.553036861658,4491.917200670352,6170.23132390762,4590.052739146235,1961.0999647981919,1778.4631758501178,3852.5234884607307,3102.119293586871],
        [2195.398577925642,2903.7799794274374,3723.423318705172,1011.4227357941817,2419.5324203016803,947.2676062753761,2593.2470650703863,3989.843936527681,2464.3334565493474,2510.565219419328,3501.3166997567696,1043.8780242161347,3559.767327963164,3803.5898988193976,1342.8203693303585,673.0905568018204,3860.9077020518152,3270.035744777446,1957.7480419847273,2394.601647984249,2028.9291575930083,4412.00916343824,0.0,1965.2343815434879,3707.172535100429,756.6749496223457,3080.2644362822875,1740.4544726180384,1943.5497149483688,4100.113116522662,3086.961679052883,4564.9516703394165,3088.7986187739134,1421.8671152095455,1606.8543208553622,3684.7851037898904,2147.160919059268,1969.8807394562602,2698.2462314808117,523.380344954735,2833.523482031139,4241.448592998992,2689.824687538964,2496.00406936593,1608.7510467987445,634.2991953699172,3988.5760364134003,1946.1136722222827,1566.9052284992993,1444.9482232151292,3229.4699494043766,1451.4765827481922,3270.3198324161544,2091.119879553474,4051.722284958121,2985.378205709778,2299.497158571,3409.391631590991,2498.973817724136,3683.7351762312214,1436.5168986803135,1008.2884980502722,1433.0241583303086,3335.799229396379,1585.8214781770687,3110.413709913706,2767.272308119574,794.8457038836541,2519.8487453622997,2100.3637448230093,2055.329424306192,1700.6127889375634,2114.459361470617,3267.8414949186754,2250.3122963533474,1612.3156062014261,3482.075818726768,2559.4333089676074,1205.3400986984275,2229.1831638860212,4549.614181585111,2335.118351917213,3269.55260098018,2763.0953914009892,897.0891170737548,2423.1682079898906,2970.379829996705,2492.606849540897,4017.524066182381,899.4977860153853,2195.398577925642],
