{
    "drone_dist": [
        [0.0,3137.8758319256385,1982.268170621099,3521.1244808997308,2455.381874181206,2932.2596525277577,3658.473115913677,507.6050367330191,3511.234460408385,558.5935304016499,3702.40220902055,3737.3777264556757,2423.848412393283,2731.5672383099095,679.0069184129203,1584.3282881551638,2165.5946612752577,1108.073244241801,5062.574616903976,4464.767436702284,3887.7613114971537,3010.89799576402,4128.3653980508325,1337.7355724564875,850.1945229901982,3373.6932692548166,4066.2029073121234,3357.6720133534113,2959.2657182739995,2339.39920529122,4836.761530596315,2244.6033106584173,4084.6305231086035,4599.228643009971,2908.20325569902,4335.6291425006175,3151.753900016916,4371.240513677771,4028.6860015517477,2904.464860659218,3094.2798886160995,2489.2470553553835,2965.9528378663576,559.9876474680582,1527.5338634435059,2378.428276429012,1599.8946446948871,4087.7781031863556,4344.310667995991,4646.395816941981,2847.0574097533604,4060.305471184313,4232.985818443752,1964.937422495627,1796.6325385962082,363.2070967133981,2593.8998228486885,3374.649516502578,3558.9324719127762,2008.5108247990363,4726.717283028346,2114.8782138763195,1032.8932859005026,5365.191731159361,4790.580487924519,4465.604687740339,2492.759959359186,2007.79681535369,2288.723655908272,2446.2078905936037,4237.543381745955,3932.959922552562,3073.306003566426,5115.312058468625,4228.416514588254,3623.198269475639,4235.619999506219,3920.525763806284,3885.2411242762682,3881.521258886978,3556.45150353333,4189.013310754604,3847.9830761371263,3219.1574414645684,3947.1292651071226,4310.304747050139,2042.6286088526228,1964.3982698110126,2529.3241027139084,980.3659065478566,0.0],
        [3137.8758319256385,0.0,3666.8240388472095,2201.2007040247963,3604.823122063049,790.320744679331,4060.1985104852174,2778.1296771290918,514.308900490426,3240.1485200178404,2656.7846420890855,3341.4395976897667,4281.657685089737,575.4990862159627,2691.8709683246316,1858.4677517491311,1172.9454796025927,3715.6478402701255,3047.2901013492765,1387.1174221110793,865.0084024858868,532.62750917693,1188.592367123134,2757.7381748646594,2333.480088972537,3719.4224015762843,4765.203716564072,3554.747810977701,231.14301864458722,803.4795748037917,3914.9154737407935,1661.106448108665,2800.943459833523,2285.000997646587,456.7417148793687,1212.810598496048,2422.9328637917492,1404.134249587141,4307.722068163448,4390.571414784642,1435.8202956296452,2001.9191917898709,359.7797474808916,2873.129462151026,1646.4718453295056,2967.1398877287465,1768.2827161704552,3707.428478857154,3347.4118253376446,3001.069572006594,2441.96972127017,2090.7228023059374,4789.467025334769,3784.354040107876,2692.4012005620775,3169.362198917615,2434.4398809618674,4867.659993594869,725.5147525896012,2894.6900392544685,4109.697655838352,1470.4697341998547,3646.2468828618003,3356.614642515441,3918.005349044369,1366.4608897743933,754.1193489058567,2213.2332912586007,3708.714331417045,3789.775023860098,2328.6562467928775,800.3615086328294,1959.4588425007867,3672.2902934114363,2765.2768518681337,3154.7182750506386,2937.2983247220764,3303.7542606242932,4790.803343255186,4020.967333364069,3396.874014308611,1211.601000613189,3142.5074371294295,4249.740532323035,995.0935425852106,4363.4807080407445,1099.1295564029726,1174.5859214704615,1442.5730218855235,2357.0628551591553,3137.8758319256385],
        [1982.268170621099,3666.8240388472095,0.0,2726.4374018122567,592.0354993267761,3889.623822053822,1828.0004671738595,2340.9457064905246,4167.938704333369,2539.773269695179,2650.8213844195725,2283.0088684860248,620.274943844305,3551.0157752216696,1570.6967830321578,1869.234631711745,2501.129815868359,1079.1812790033114,4214.4566580207475,4635.535701911144,4531.743123046637,3268.286023406793,4849.745103694579,1000.3678210033228,2346.469150977943,1630.5418442622056,2110.6179335111005,1697.184351541648,3597.253931158021,2974.8847624595596,3398.345300081265,2058.273616615979,3036.137841558747,4055.897784151081,3252.7968997561843,4624.328012079704,2179.228878487916,4411.186053990132,2188.610859764012,942.5157487734707,2777.9003231810107,1906.3597067396204,3692.162582252908,2464.9589129279257,2271.2203553015966,1025.035959234537,2958.9897479908486,2527.619297972889,3051.9064817686767,3657.184770312282,1862.246458444482,3447.6603648884643,2295.6140327526055,151.64727597292983,981.4170134069033,2345.4741317990843,1644.226907668617,1440.5410346602935,4325.603189795227,842.2419595178263,3156.8395247357194,2198.7703453611025,1108.6348390066285,4457.236625761246,3335.27343295881,4992.883264341912,3355.5550224526314,1492.5297001754464,337.32075499357944,488.33048744142735,3526.9963816452005,4310.095532729557,2413.7809518530953,3908.3158245944824,3242.8226920222646,2251.048401528682,3148.4443900940223,2533.2238552497743,1909.117021781919,2119.2706851267017,2028.3750503073188,4277.035770677268,2535.2292594484156,1253.295986443299,4654.550461509605,2515.8579511127373,2860.4361005432115,2724.281493299871,2358.560825498018,2612.7832914996893,1982.268170621099],
        [3521.1244808997308,2201.2007040247963,2726.4374018122567,0.0,2326.053950664302,2903.251931299442,2154.3277537705635,3465.265418288638,2643.8938852007445,3927.4127562930094,459.9549877948951,1235.632406886252,3195.945507327599,2550.8935642674337,2846.7557314923133,1994.8933734312461,1764.3512425727013,3408.2586010259606,1563.8362663162084,2372.6551658858134,2863.476322709879,1677.2271031199066,3192.129711400237,2352.050484791731,3102.114514526221,1876.985245013481,2866.7241140993815,1683.2160951496135,2320.353422330936,2137.9553106025432,1735.9237149020107,1327.9104408480362,658.377449536357,1338.942688730984,1794.8278828890057,2493.0747976311845,560.5333913204615,2059.4024883801367,2299.1326412786707,3020.414261040806,783.8355546631174,1034.990982341674,2483.865966878596,3615.4811290178163,2308.622567019819,1705.5801404752356,3068.006032166099,1553.6687444376396,1158.8518929539964,1131.3679851931277,864.1910124676767,735.4035163912814,2825.23581970111,2877.8539486050963,1949.670067601549,3763.677464055013,1095.8075867403186,3377.640284090005,2891.31384687667,1930.4290171292898,1908.5433573659673,1563.7348800644922,3376.2980188870265,1853.1879545232218,1730.962560621204,3056.4871042729274,2536.1826200383234,1543.0133426486175,2562.830576270442,2552.3054403655105,802.4694927109209,2370.6552980212573,453.98193934963996,1685.0913304293276,731.4921195098001,1061.0956943347487,815.1537039639355,1132.661548961879,2987.42677212433,2002.6801100741584,1383.853159456019,2006.7732799787327,967.5210437767707,2639.4126556203873,3032.791287079353,2266.018230017789,2361.183757456772,2278.5535738547105,1150.5248776232274,3307.062715937504,3521.1244808997308],
        [2455.381874181206,3604.823122063049,592.0354993267761,2326.053950664302,0.0,3943.4762093086147,1247.5323151614991,2749.5731534757115,4117.686562134437,3012.0995957557225,2178.2620147781977,1721.4625215421702,875.4023438440895,3582.9111992853345,1939.953392027192,1957.8221469673758,2487.004284395704,1655.4597394805562,3741.8561498784284,4423.2802998351135,4462.388577752891,3151.816805319495,4792.312304629656,1252.1194267913272,2673.1949379200933,1038.5197686492152,1616.6983057207747,1111.1736381411315,3572.1130226033497,2997.0908741649473,2822.425846536175,1944.7110956509753,2547.530504581077,3664.6628804202687,3163.878443410142,4446.5717548380335,1765.6920710634188,4169.45477662394,1613.5815681258268,787.0806343770843,2524.657192862437,1675.8600090465359,3687.560778609889,2886.871019602435,2413.7553161805645,672.6604647268433,3190.556229104456,1944.1413978474327,2505.714232070236,3164.344316183338,1482.2621544716462,3060.8107430219034,1777.6883381936013,715.6812236060276,991.824279498682,2814.6061863993677,1317.0211455617678,1267.706137779993,4301.472530163202,735.1012171118211,2568.436815500003,2151.4793741267968,1676.2781104608428,3966.199823948176,2757.6650090352814,4872.774336284863,3413.49921328032,1396.9182314950365,280.6806268002841,226.2521909500189,3109.6352890201497,4170.431402894234,2083.4939533284773,3364.360524823681,2763.0603686127392,1709.6037641502294,2646.2805122746413,1979.2868525605645,1467.0658105529544,1529.337629468741,1458.3964461543897,4054.3145173848666,1998.1219255059837,797.3557265911488,4599.6756256291,1932.0168617014608,2947.3110661361457,2808.951346265707,2201.048313486637,2947.167979634108,2455.381874181206],
        [2932.2596525277577,790.320744679331,3889.623822053822,2903.251931299442,3943.4762093086147,0.0,4582.242969326873,2490.883739150783,743.7564516976315,2899.0284562388238,3345.9689295833546,3965.669681272294,4509.004682015585,377.218796284664,2642.0694537519857,2021.1579597757132,1473.3046873919955,3713.4270232062895,3837.095570069819,2007.4571071427567,1049.5672715071034,1243.4076493883763,1220.2529191763467,2908.238647305367,2082.6167596780992,4232.743230362954,5262.87335379973,4085.75897171559,600.7599711154593,951.8429905221595,4636.488393908603,2082.417958289518,3530.854018629434,3074.555712087627,1111.9472328372926,1770.4701438319923,3037.2710398838453,2108.0918968994733,4863.453197508871,4709.472978957626,2119.939612139231,2495.391173890037,439.1163040798197,2549.343899906921,1646.9480640116294,3362.102761685162,1366.243787152271,4347.276143568619,4061.478094962661,3773.2112951004706,2990.8137976291746,2868.004952276829,5314.345241564296,3985.8764352033927,2967.5529150660586,2873.8512987428808,2926.206114526127,5207.489045032466,672.100747543002,3209.245537239839,4798.284893491168,1820.0336535895813,3636.824240358163,4146.869112341057,4633.810301815355,1646.449232095143,534.3725360084348,2562.395520187969,3996.047674503418,4100.954418663242,3106.9323793118583,1374.4987585151928,2598.623582827402,4440.042543426027,3514.8944229783633,3780.188355788478,3674.0901817207346,3961.8161567500847,5249.8108889377045,4588.477413917891,3983.4170294905675,1923.7647523731875,3806.1764361128467,4658.486209654146,1057.614817031388,4959.961019243646,1034.0436339382209,1167.364476886216,1962.5274824021374,2014.8208399311154,2932.2596525277577],
        [3658.473115913677,4060.1985104852174,1828.0004671738595,2154.3277537705635,1247.5323151614991,4582.242969326873,0.0,3895.7916931303307,4563.026656900937,4207.301139690118,1790.2405980780868,1003.5920072395633,1858.255531470155,4205.222965951254,3081.101163703594,2812.5357520788225,3128.0129830480255,2901.9403441520826,3161.9491546313952,4517.595857650792,4853.4102881906465,3540.8737422777735,5191.321434402298,2363.470753379764,3743.0247685541754,351.2781071708234,719.1905053393233,506.0691928098899,4096.797034017069,3645.600976171266,1825.7123330931279,2505.704764836561,2027.4390517623608,3352.0661285606716,3604.3236249078986,4616.113119832351,1697.3453488602484,4210.979857742868,370.5017774632839,1370.2209837669461,2704.271858819619,2087.639656605314,4240.961186725268,4041.87300858309,3287.1844643304107,1371.6195322862889,4127.960708756708,967.5543811842392,1724.0854649912262,2554.1669383131057,1618.3498836852957,2818.788301279524,732.5016752383625,1931.3124383125303,1964.2079165382427,4009.7853803088283,1656.177271626648,1473.937071885933,4785.705171943627,1701.4741794672757,1470.6386951798725,2785.0898067379867,2923.789989741334,3306.409614139547,1752.272582521246,5143.42735016077,4089.0632913934533,2118.523662758722,1492.8074596770323,1354.65725670068,2768.78302253842,4436.483565316266,2161.667604448564,2518.992838312613,2247.314710669023,1130.3115446775737,2056.018976194,1242.5718316725824,845.6493069541342,342.4418533406467,780.3302672702886,4147.169757804751,1357.92932665589,790.024620177994,5012.07911732,688.8606481286131,3699.9191188240766,3569.1775002314334,2634.7757096564305,4014.823764451681,3658.473115913677],
        [507.6050367330191,2778.1296771290918,2340.9457064905246,3465.265418288638,2749.5731534757115,2490.883739150783,3895.7916931303307,0.0,3111.3402157318205,486.75991146965225,3704.169851265847,3848.4091029414003,2838.1963044927734,2325.3147418715203,815.8300999891163,1470.9743652649797,1927.8787964366825,1581.7519000062953,4964.08122085899,4140.133467754224,3480.8818131152016,2721.3692303906964,3702.6315587276954,1532.3900598982868,447.43840896991514,3587.500524717181,4365.021875724681,3545.588987096301,2582.943005052256,2001.155035381334,4909.997203750906,2143.6818242927343,4069.2801655110525,4436.11933658604,2603.464239758031,3989.19591061618,3164.3902845956404,4077.6091257498233,4261.949979410849,3281.004617653834,2943.112715020044,2462.412397711913,2570.024920316079,154.5747055433924,1266.6102272299413,2555.9025094178774,1132.2404484766466,4218.738567333336,4387.289549203698,4596.362688966775,2886.3278793457926,3932.957616472487,4515.6692365051595,2348.0165222154064,1953.0913544230516,391.71685822324457,2648.7136070866122,3768.1064831959675,3136.6012908490416,2200.2027426762857,4844.592085259812,1956.6368147786425,1503.1057240553328,5275.445457139673,4870.136307396729,4069.086733179538,2088.303836158276,2036.8001142287355,2620.639357976777,2775.200691527917,4128.2654916376405,3578.4744825559874,3011.30686084122,5113.3421395020405,4190.955623514064,3715.5855750058913,4225.150217762159,4005.1618987074007,4209.099976127184,4086.737467720235,3696.3383723701572,3889.8623332208067,3914.253740179227,3537.436374242349,3527.2469921436846,4518.702650036659,1681.6071264680627,1627.9848053595115,2389.045581825795,488.8046972430509,507.6050367330191],
        [3511.234460408385,514.308900490426,4167.938704333369,2643.8938852007445,4117.686562134437,743.7564516976315,4563.026656900937,3111.3402157318205,0.0,3550.202249230145,3103.4850955373945,3817.7178120965077,4784.726747982348,786.2202980006472,3120.397334671619,2336.8703924288357,1667.3698544624858,4166.258217830733,3310.6492640341025,1276.3100677260234,381.6764622906455,1022.4463519802474,681.8722167900952,3241.998379040174,2678.31107043519,4224.4733150937955,5270.949619816075,4057.0848356062793,583.2443300738372,1238.2043963744213,4325.4198897587075,2174.8269181430496,3211.3708139623654,2519.225164267851,967.6971499354854,1029.6503473896228,2908.7855334173514,1415.8151885743073,4802.736162185372,4902.947151020332,1904.01052516737,2514.093891004267,545.3659006248967,3189.2257700765263,2074.8970593178915,3481.4015179308694,2026.699014169936,4175.061039768661,3768.6867651352377,3343.8869947228873,2944.982655959516,2432.88543665304,5290.4254748018175,4282.468761935587,3197.6506666528685,3501.9377389655933,2945.483230210258,5381.299385210764,253.40733939934466,3404.78593359235,4547.001770554474,1977.3275374465707,4094.357328357066,3606.009202904063,4334.050213865807,957.7465227809445,1023.1819235035955,2724.371242465138,4217.84754311361,4301.069951418134,2663.6227525538957,648.6916059610787,2440.5029285466003,4019.2506760836873,3151.770999613019,3631.4895132090287,3338.620493808853,3764.3555986723445,5301.310240722249,4513.652278203497,3886.2235197933633,1244.5330358524134,3601.062639450341,4763.687712304991,486.61423637450156,4846.271764829787,1480.5700633744982,1582.4304070871228,1954.967319480369,2658.0222914191504,3511.234460408385],
        [558.5935304016499,3240.1485200178404,2539.773269695179,3927.4127562930094,3012.0995957557225,2899.0284562388238,4207.301139690118,486.75991146965225,3550.202249230145,0.0,4147.786839561675,4242.4190445301365,2965.981176224911,2764.964467552555,1162.4103573210964,1939.1935233384834,2414.635250566635,1620.3904979125552,5438.84123422389,4611.177099709252,3913.1138569398117,3203.250725522804,4118.395952008513,1864.4051854042134,927.2454274411211,3916.2048152151383,4624.248910524123,3892.306134625701,3038.3272837940563,2474.7320676704826,5325.171105079212,2613.4560338428014,4519.776750414413,4920.462790426372,3082.8637847866125,4452.882053351706,3602.435220107566,4556.658773336532,4577.017016424601,3457.6646987859726,3424.7047109885125,2912.2198360087573,3014.5667307393305,367.8114469323116,1753.3684748184294,2906.5412477237896,1533.77807273117,4602.307659069737,4815.563641343396,5058.665017569751,3312.427297831966,4412.172275968837,4789.778878679539,2518.833260642345,2313.2256533437026,197.76916701562908,3066.9080169067875,3922.3344998834605,3558.2329029119405,2539.79771898469,5236.510740190005,2436.9121278379025,1551.0870379132061,5748.570833003592,5282.174520335206,4506.440563751944,2531.2962256737624,2462.6551276716173,2847.312655889571,3004.8009358269055,4604.4114440102385,4039.896136489224,3474.0952969962586,5560.571458094651,4648.920657079022,4119.131216700908,4674.206263781425,4413.256364452878,4443.775759707321,4422.395246062927,4073.6893259207163,4367.985074933723,4331.085971842798,3777.7301523438955,3948.9737914287634,4852.617976567493,2150.0985527421044,2104.4572012193225,2867.7952421445,892.1802326881312,558.5935304016499],
        [3702.40220902055,2656.7846420890855,2650.8213844195725,459.9549877948951,2178.2620147781977,3345.9689295833546,1790.2405980780868,3704.169851265847,3103.4850955373945,4147.786839561675,0.0,816.7474233929114,3052.4593070971287,2987.8169845235934,3023.4555950354907,2254.1533282386044,2134.000671010425,3451.0968118741966,1566.225685293642,2792.2504013685043,3322.4487620093428,2129.8707229541014,3650.2105971096785,2449.7698733783686,3372.66386725012,1552.4134123933593,2486.0928345870393,1358.986564396571,2769.345041705178,2546.8035359400305,1316.698829982457,1622.0711842519459,396.7368173184125,1574.0460456945516,2242.7617645124565,2928.5424706476524,551.6040609390892,2469.7625042252444,1892.1397922880226,2802.3158727651294,1228.3737195850504,1243.5537195872464,2932.0289808840325,3857.4242052710665,2620.171751587806,1633.7159768234649,3417.881740073202,1103.2546696478682,739.8988272497362,1012.2732093327544,873.0360474399396,1029.1197271715344,2424.0895174691855,2801.565277518128,2008.4991645140817,3973.5194029950367,1133.4891590773616,3110.7384811500656,3350.4839740573207,1926.0491556029783,1454.686911185701,1889.7393043090824,3429.325414136186,1807.899644758079,1302.933461755226,3502.7580899871605,2959.0551091495995,1694.6370510844254,2438.7753559988305,2400.7763189769476,990.3461931624093,2823.4896429757014,786.0106828310453,1413.8101094316967,592.2208408544066,661.823778306281,536.7367049206468,679.4511656065953,2634.849231826185,1598.8708035937268,1010.0874005837193,2433.164199250128,514.6844397377072,2361.798675797098,3492.0216546108154,1828.4368215251106,2745.4727085236163,2651.7287612852797,1511.706039034826,3596.298115654738,3702.40220902055],
        [3737.3777264556757,3341.4395976897667,2283.0088684860248,1235.632406886252,1721.4625215421702,3965.669681272294,1003.5920072395633,3848.4091029414003,3817.7178120965077,4242.4190445301365,816.7474233929114,0.0,2547.4690719708947,3593.4402224775945,3080.492503977911,2513.6742707472854,2607.8620978319777,3245.9988874587057,2175.9142022578008,3602.5108291138317,4067.6129829076935,2808.919965158745,4401.233404068083,2404.568342922511,3590.5276785121728,837.477591639963,1677.4880484385333,667.7645996219335,3421.4936244368464,3086.92654601739,1130.2013698739818,2006.5430435335702,1023.8562503888847,2353.5367422329778,2900.903556662489,3728.6091660727534,928.4446175961658,3283.089248064758,1075.4410958933756,2188.0844318540903,1913.7788028942468,1563.2994384111055,3578.3434721925396,4002.5104501265796,2952.527592156823,1393.9459372452575,3796.633823994301,395.10110056929227,796.3107948017855,1568.4902567787349,1041.6317191020548,1840.0243749949443,1607.7460376290337,2422.852738404801,1941.9766548824534,4053.1484653831913,1227.429508359024,2416.1310909804647,4056.7350327110976,1758.7866487640244,996.1836225168651,2299.8921814532027,3243.157637056341,2344.9383069568335,1073.7806286123298,4289.392402544418,3523.77949175368,1834.4146299830038,2001.8010898738926,1918.7730662855677,1772.3630518741845,3597.3461454753524,1382.1957048963518,1650.6145600000584,1244.2423436094598,186.7572983169024,1058.6141414738363,266.84703859346837,1846.7658793154749,783.0896339023055,274.1768048898023,3239.680284440471,354.7868919246288,1673.9789885138762,4233.940518825208,1035.3683020772692,3221.87377357905,3107.3799226676715,2019.5718624070832,3843.2782360919887,3737.3777264556757],
        [2423.848412393283,4281.657685089737,620.274943844305,3195.945507327599,875.4023438440895,4509.004682015585,1858.255531470155,2838.1963044927734,4784.726747982348,2965.981176224911,3052.4593070971287,2547.4690719708947,0.0,4171.245524388124,2118.0475891673677,2489.1882477655768,3118.906065121198,1369.0199551838598,4614.130868872905,5215.673329967655,5146.658092061122,3872.9084570768223,5466.335841735362,1610.8601531429586,2899.9228971939738,1771.9683950954966,1918.1312018504789,1896.2538841338512,4215.724792482473,3595.061483286249,3605.163614835212,2657.971898981024,3417.9496090797593,4534.858422654358,3862.7619021874766,5216.013882383396,2636.5362298706245,4979.295228705113,2175.6327042056255,573.3697044943673,3335.9067982890588,2467.3442625495586,4311.882466268269,2947.6432647322836,2885.2201040688387,1506.6111346854957,3547.3724631566442,2714.8066850453397,3342.20501398313,4032.11165389589,2342.8418472036105,3929.2361734856204,2133.955830998498,531.2384118967492,1590.2478578358061,2780.639830475598,2155.2830889862794,964.2501749061623,4944.662162293865,1417.1200889294607,3302.367799683951,2811.8163824398757,1427.7058412986448,4833.18361116224,3536.2338359216483,5599.795757837733,3975.099407232617,2090.4127749726645,637.39656439319,651.6830475556217,3983.490496234676,4911.667259039322,2930.0811861050174,4198.078545532745,3635.1246947101145,2558.167275805964,3512.0051623972477,2811.9000115054446,1655.583501088,2190.699069692003,2275.640301130122,4852.557621448854,2847.331155533947,1111.9141453525117,5271.268789863386,2528.241977046428,3478.745675827307,3342.983494851501,2948.8493921577265,3157.80293448283,2423.848412393283],
        [2731.5672383099095,575.4990862159627,3551.0157752216696,2550.8935642674337,3582.9111992853345,377.218796284664,4205.222965951254,2325.3147418715203,786.2202980006472,2764.964467552555,2987.8169845235934,3593.4402224775945,4171.245524388124,0.0,2375.2761459418034,1682.9234715899897,1102.8640253057333,3437.664029653251,3561.9837134643944,1935.6130598441562,1157.3396716109687,922.5747192289284,1404.406508040744,2581.96242553054,1893.9784806793878,3855.841228020869,4886.903091618618,3708.554996972112,344.9557035829306,585.8204512861886,4286.5928013047605,1706.9264336502893,3187.3354091727024,2821.6131001128892,779.2704328891133,1733.110567067043,2665.383907597787,1976.5404595208688,4486.316215909688,4353.779351751872,1767.2468671063798,2118.2168150148127,255.44129866945738,2403.2849028671217,1346.4857025597055,2992.5932200620337,1248.2470045347713,3976.6944823070744,3709.7005118249563,3459.4415270518284,2614.0988629575713,2564.6716294201256,4937.389568737404,3652.5010732047667,2614.328015273842,2715.7710167199234,2549.283546613517,4849.027751455434,835.6760430433301,2850.2987387928465,4437.025262531406,1448.4750623184068,3363.1245429174046,3876.587566458314,4281.602245158587,1743.8878589542485,238.80989105992452,2195.608118690621,3644.469586929506,3745.3226750708477,2803.7727050202498,1317.853752382367,2231.872858469105,4119.808470666924,3182.5663153088526,3408.354502351094,3333.6024655968017,3594.837393449718,4876.398217506998,4211.648917904752,3607.740412608798,1784.7411734064085,3440.5951791624175,4289.564179017255,1218.4200155619792,4584.3872706570855,730.4951991502393,851.7070525206984,1586.2271802185758,1872.899347048747,2731.5672383099095],
        [679.0069184129203,2691.8709683246316,1570.6967830321578,2846.7557314923133,1939.953392027192,2642.0694537519857,3081.101163703594,815.8300999891163,3120.397334671619,1162.4103573210964,3023.4555950354907,3080.492503977911,2118.0475891673677,2375.2761459418034,0.0,959.5431441009077,1610.679782684958,1072.795382702766,4394.536610428977,3950.9593167534663,3502.069229015594,2480.7024720588593,3775.33239710755,717.9269143836424,781.8893672505534,2776.13728761448,3552.83460645687,2740.9085263346883,2543.484151322613,1892.0555911615102,4169.150543278218,1592.2011880984114,3405.718848414974,3956.281294165468,2397.402364020949,3850.099464528158,2472.9478404254755,3824.8145530957504,3447.9890150676492,2512.3276847233255,2454.990765514514,1813.0770915386665,2582.61837910255,960.772400666745,1047.4292712355254,1751.7565115368714,1468.2227549221047,3440.0152631237215,3669.635198613702,3969.6898593106794,2169.985641317665,3404.102009765522,3700.895793092193,1601.0814275886016,1153.33175560121,972.789099025137,1918.484095808374,3010.8297781148394,3209.5992534468287,1390.2442641267232,4074.189056059082,1497.3948459033966,995.3185886818299,4694.601822175357,4124.676970007283,4052.926584081273,2143.560483690291,1328.8247660731056,1827.4675702116865,1978.9911744598978,3574.4149414970557,3463.625618228904,2401.392629544416,4436.523813351451,3550.7110061394833,2959.4561899244236,3556.6178968379204,3254.928008805228,3404.2067594758887,3278.0193098065497,2911.889660324806,3650.1076090463025,3177.372197717656,2732.3993866693527,3585.2303131840663,3709.6868105393414,1646.9266969542768,1538.1227542534575,1891.536974931576,1043.2306262982693,679.0069184129203],
        [1584.3282881551638,1858.4677517491311,1869.234631711745,1994.8933734312461,1957.8221469673758,2021.1579597757132,2812.5357520788225,1470.9743652649797,2336.8703924288357,1939.1935233384834,2254.1533282386044,2513.6742707472854,2489.1882477655768,1682.9234715899897,959.5431441009077,0.0,698.1906409567143,1880.1739800149157,3500.812061820272,3028.469627977828,2711.9794000384773,1562.651222007781,3015.80634035204,906.399444412949,1118.511783616488,2467.4557540723763,3421.3207294991607,2368.879306894283,1755.6632844143178,1113.7064573349958,3506.5671272217446,674.2652200345177,2607.9224964187188,3014.9313860853945,1500.7219209159814,2950.877164559942,1730.1929416397961,2882.1267281833525,3148.5072413244825,2702.471611280137,1509.968191780555,1013.0233532251556,1835.8747745974995,1620.6603365424833,475.5995080829977,1462.613450191554,1318.082376352135,2903.5940854586747,2960.967011091952,3125.6485268047695,1489.005489876994,2482.393101651008,3517.5171909001265,1969.6100671134675,966.3775069272101,1784.5073598306988,1286.878262432854,3206.3143235937578,2474.1277087169137,1227.6822791318664,3495.913502107125,537.9505994965962,1816.10308735046,3809.6293916579475,3473.8499039474814,3220.6879910432026,1486.8394687612415,703.1496020923305,1982.7558598645953,2096.2805551239485,2668.2089438258595,2584.363760970683,1540.9240330751345,3653.761917394323,2722.361093798762,2357.8770378595877,2765.1673515700277,2629.3338442497193,3352.834572059594,2917.363782163362,2415.208339538163,2712.6346801293716,2518.2985661069015,2717.4878114560106,2820.724419011141,3337.895650421441,998.1039670803156,860.2263083413557,945.0992919477338,1348.263017120379,1584.3282881551638],
        [2165.5946612752577,1172.9454796025927,2501.129815868359,1764.3512425727013,2487.004284395704,1473.3046873919955,3128.0129830480255,1927.8787964366825,1667.3698544624858,2414.635250566635,2134.000671010425,2607.8620978319777,3118.906065121198,1102.8640253057333,1610.679782684958,698.1906409567143,0.0,2577.0865889092097,3117.306451683249,2342.467646687215,2035.0631550524886,871.996881108281,2349.235763107623,1586.3906289626186,1498.2454948123063,2776.967758857172,3797.0409920235275,2640.110515874238,1097.4086837600003,522.4097377773656,3448.147177581141,623.9737795728103,2421.329870473406,2525.4836796189743,802.7709221133196,2255.2132421897486,1704.3025842094473,2216.402372465226,3425.622137586799,3264.0883387581002,1078.701566097429,1061.6089131317133,1202.5198376466358,2058.9373252417377,661.2709760675682,1889.750804060329,1307.398052176422,3001.360620764313,2873.64346629104,2842.326917403192,1581.3406308353956,2067.0084036909557,3857.6662033862694,2615.1150057083655,1536.6349384738764,2293.228693312396,1476.589685107621,3754.5914308458728,1827.7642376577073,1758.7622308273646,3525.39497609199,347.07061495021156,2511.9010017387704,3436.1210253996433,3429.5334098680337,2527.5999971916044,962.5252948130211,1094.1163684373198,2564.1290847664086,2656.970198928686,2283.567568139075,1886.177163886953,1348.9130857019647,3443.9066866302173,2482.1354011797234,2429.6183436158035,2579.0199671753826,2655.656092080089,3777.2502267751083,3161.3951699324207,2581.7853788917637,2039.9078216896792,2515.8812492497614,3186.7005153577343,2153.931437394418,3553.1396529499502,617.7007621487135,517.7419066643507,622.3219944983879,1641.2373350441335,2165.5946612752577],
        [1108.073244241801,3715.6478402701255,1079.1812790033114,3408.2586010259606,1655.4597394805562,3713.4270232062895,2901.9403441520826,1581.7519000062953,4166.258217830733,1620.3904979125552,3451.0968118741966,3245.9988874587057,1369.0199551838598,3437.664029653251,1072.795382702766,1880.1739800149157,2577.0865889092097,0.0,4964.873834083762,4903.580122228394,4547.282566406083,3442.185725236956,4830.640364006397,1088.5987339390736,1773.3203377157304,2681.943622779117,3173.4713777925726,2723.065818453895,3584.525087278189,2928.951647047553,4376.045071287365,2370.6152626167204,3847.7773034158977,4662.6449241517,3379.7806081088424,4831.044071684569,2919.6314154377305,4740.378818626744,3265.3746590970795,1901.4057083867174,3222.467617026133,2420.6143106612667,3635.7205760986553,1662.7437707372744,2094.881772819936,1866.1761907613711,2514.0190365157678,3535.174665012544,3968.0563575076967,4458.385133253207,2587.394019505514,4069.8831445605515,3366.3434247014297,1002.052229250316,1459.0590075364573,1445.815533221471,2331.2720344350946,2333.2357381185334,4268.635838263286,1530.4382145876095,4176.011698989036,2378.5065761023,80.71428588321437,5238.1857224386285,4318.139030164764,5082.078172997296,3209.1219523151276,1906.3217594883142,1416.4351953312014,1566.187273948007,4198.175521083971,4462.025126714247,3011.3670796781958,4805.43805707586,4032.215271078632,3179.4073517450533,3980.2808731475297,3475.7836976084927,2950.8234081622018,3181.8174066553115,3013.5432031141017,4578.038898368803,3447.124284483831,2316.380108994693,4638.613978272452,3587.467824912792,2707.2316611629644,2591.2055367127814,2694.8744525065867,1989.568422890872,1108.073244241801],
        [5062.574616903976,3047.2901013492765,4214.4566580207475,1563.8362663162084,3741.8561498784284,3837.095570069819,3161.9491546313952,4964.08122085899,3310.6492640341025,5438.84123422389,1566.225685293642,2175.9142022578008,4614.130868872905,3561.9837134643944,4394.536610428977,3500.812061820272,3117.306451683249,4964.873834083762,0.0,2399.2079492694147,3359.8497956972897,2650.8056756963097,3618.2828315058164,3915.6390052579095,4571.308066688466,3009.535323493388,3770.1060371879,2828.946889897261,3245.4281111112987,3338.3440484010457,1678.620863672605,2827.2116840918734,1197.8633554144853,799.6719350927642,2801.365375005321,2646.7923372049418,2054.2956185337084,2081.004778943671,3132.280742424317,4331.868178213482,2041.5494229049687,2592.8778673195047,3400.478517205582,5109.5131424744195,3741.984401603205,3192.796452685328,4399.068879564069,2236.2972096832236,1458.0165036205397,608.129486828195,2385.496624607589,1051.1630506646031,3642.8354135646423,4365.571174375859,3506.123552167754,5285.005276371192,2636.33264272141,4590.891476393225,3556.444449829478,3462.510568856483,2100.6631181394882,3011.565382827859,4935.389017627811,320.4141363861115,1736.1063977309364,3262.704218193194,3637.4692798518627,3105.6425785818024,4004.552270376169,3962.822469869805,837.5661396695326,2773.8422004963604,1995.4509118865976,972.9137988683112,979.0061744584367,2100.8797357043873,1122.5201779568774,1921.7970116941149,3985.3021352535106,2881.0255707901188,2438.5598304872847,2172.622668965831,1827.0651158658195,3845.3856444179846,3524.3816067527864,2924.8305322833326,3632.0147932502396,3586.779286358309,2577.671766935871,4746.999963039466,5062.574616903976],
        [4464.767436702284,1387.1174221110793,4635.535701911144,2372.6551658858134,4423.2802998351135,2007.4571071427567,4517.595857650792,4140.133467754224,1276.3100677260234,4611.177099709252,2792.2504013685043,3602.5108291138317,5215.673329967655,1935.6130598441562,3950.9593167534663,3028.469627977828,2342.467646687215,4903.580122228394,2399.2079492694147,0.0,1122.40108636452,1470.6448511251813,1289.0478577817905,3858.996679994227,3692.8498657028917,4220.435195927834,5234.206047152011,4030.7392569597982,1608.8246782846231,2139.1472016102825,3771.9222464002155,2592.321701915437,2737.482869920454,1621.673432928606,1558.7149497261814,279.7404528886026,2834.4443869005468,337.37772925314573,4671.439772957457,5194.643987947215,1901.9151007020594,2752.780709544628,1684.567037919094,4243.37633673128,2939.9937063185534,3750.6710822101045,3155.3990898327975,3887.2829095563825,3290.2596640798665,2633.715844701369,3007.9678213614047,1836.1483429768587,5197.829988538242,4772.180095460881,3666.127141785701,4528.800905649868,3116.1594858359963,5619.029991036534,1450.2971135680625,3800.799787402048,4090.8552496415527,2528.439547591446,4842.0340292212295,2645.6805207150414,3801.167569175191,866.6192740107173,2137.4846191086885,3147.577557524847,4593.068634200508,4636.444401837014,2006.9779617151423,632.9839515411472,2397.9429440038557,3274.8746326025575,2597.6976742506763,3432.3765553736894,2818.7308680697347,3464.268486818123,5337.176911619942,4375.139618629103,3755.0709027417392,373.694406990864,3302.3915640046503,4916.75749787156,1253.5019627474526,4619.928479996517,2461.080912920899,2513.75838169965,2279.803559518867,3736.0938121749227,4464.767436702284],
        [3887.7613114971537,865.0084024858868,4531.743123046637,2863.476322709879,4462.388577752891,1049.5672715071034,4853.4102881906465,3480.8818131152016,381.6764622906455,3913.1138569398117,3322.4487620093428,4067.6129829076935,5146.658092061122,1157.3396716109687,3502.069229015594,2711.9794000384773,2035.0631550524886,4547.282566406083,3359.8497956972897,1122.40108636452,0.0,1326.6422792046683,338.03221816313106,3615.6032740281466,3051.2743153702268,4520.395913738636,5566.6427622876645,4347.621095506284,963.0357436118111,1618.6193218351916,4497.096411206844,2517.7508991975856,3391.7203986450154,2560.24993206831,1298.7788210412325,846.5024395927396,3176.973861645794,1342.4913816946573,5077.767488613742,5249.0357404634215,2161.957211523679,2834.4528389831494,924.277779196042,3554.6017952283496,2456.51040218885,3817.178481243959,2383.2386853231847,4412.004338652798,3955.1375040749112,3459.9457189641275,3240.7097030461623,2563.4834514233116,5575.63647043192,4648.750267719554,3557.2617943018395,3870.4991993521103,3260.442188444173,5721.738842522237,384.3575434757618,3757.159491070462,4746.173671546785,2335.258421573382,4475.5581676530655,3639.9133945967556,4511.405123424504,598.2728628231961,1395.9155716760918,3074.944573243551,4571.760031615016,4650.45613892429,2783.3091939023784,586.3652570045779,2706.138153564842,4132.173062565939,3309.816497827162,3882.95614283211,3508.7472049327766,3994.5792775668415,5610.112534294785,4785.423140006864,4154.623484460961,1204.188032899215,3829.8005933745694,5089.406068061744,171.95329693129497,5101.679283451427,1861.3642285729716,1964.0721101136044,2278.778587761577,3021.490100802432,3887.7613114971537],
        [3010.89799576402,532.62750917693,3268.286023406793,1677.2271031199066,3151.816805319495,1243.4076493883763,3540.8737422777735,2721.3692303906964,1022.4463519802474,3203.250725522804,2129.8707229541014,2808.919965158745,3872.9084570768223,922.5747192289284,2480.7024720588593,1562.651222007781,871.996881108281,3442.185725236956,2650.8056756963097,1470.6448511251813,1326.6422792046683,0.0,1663.412051576082,2420.1785468458384,2276.1243633138743,3203.2416264562366,4249.9015933528435,3034.8715261305624,647.4564442941055,761.5303220364586,3401.6484632338,1216.6450519115183,2291.4590447097244,1935.0800096027172,151.63233735036863,1390.2824785239925,1891.794402372856,1361.1562549713622,3781.2902377808136,3938.7849190968805,904.8268333662933,1508.2510575151077,811.9558248621427,2837.6535039377372,1483.5743397856338,2497.80624208364,1861.3911099777797,3174.9777281588026,2830.0385155435315,2537.6554886718027,1923.2263291402617,1642.5693561149074,4267.9870530810595,3394.945353846355,2286.8690287000636,3102.7574913634344,1933.9238657949886,4404.060421813447,1251.771424877888,2463.937089602826,3584.2009674545875,1086.994955801406,3378.692339170988,2967.9210107672757,3401.93219997731,1727.5547688729011,987.8985784005631,1783.4205510291474,3277.875989121652,3346.956100619767,1881.558145385185,1043.9358296787557,1427.1175935614833,3200.3902079643426,2271.488087332883,2622.2136243518676,2432.6400149174037,2772.3105317878812,4285.831576298586,3493.102441894206,2867.2865737333364,1178.1387992584719,2611.5518317075184,3763.4339818118815,1477.802106014202,3832.0120228491633,1093.145670804385,1106.5133670428154,955.2041421599271,2361.060266025205,3010.89799576402],
        [4128.3653980508325,1188.592367123134,4849.745103694579,3192.129711400237,4792.312304629656,1220.2529191763467,5191.321434402298,3702.6315587276954,681.8722167900952,4118.395952008513,3650.2105971096785,4401.233404068083,5466.335841735362,1404.406508040744,3775.33239710755,3015.80634035204,2349.235763107623,4830.640364006397,3618.2828315058164,1289.0478577817905,338.03221816313106,1663.412051576082,0.0,3921.686830660664,3283.4939915064074,4858.425844840322,5904.659338329781,4685.562857550607,1260.1431719416285,1910.1332893353485,4808.578122893991,2847.745415332423,3708.247458197128,2819.9340405125827,1630.882907739748,1011.1347183411507,3513.61849968928,1557.9088813074104,5414.598589487429,5578.4821390359575,2498.2573703559015,3170.4677019302976,1194.9423236292705,3766.44815416069,2735.8414420937793,4150.107782606712,2584.7726155091073,4742.86812253427,4272.58771192703,3751.27799532773,3578.735678656701,2865.0108375940354,5913.251271277045,4964.319530757252,3878.661763739179,4088.600489169806,3597.334306360738,6053.480658085256,569.8620921409268,4083.2472923357773,5066.687547662369,2657.5400874812303,4757.497393520953,3888.202458647018,4824.911380134369,534.0401062445821,1641.424203395109,3401.809188453301,4897.0958959141235,4978.2732547731885,3079.1954526282807,862.7385278524441,3042.774372413507,4419.952314455478,3618.770610007343,4216.951376897061,3821.528384706092,4324.254892384027,5947.826510713103,5121.960616269085,4490.93240632696,1446.0552387005066,4159.2852351374695,5424.997456296704,195.3725627833979,5435.815662556227,2128.5136788531468,2239.8541868931798,2613.8949040912466,3231.669815259916,4128.3653980508325],
