{
    "drone_dist": [
        [0.0,42.95532844485293,15.665125967625617,3.1670706046997417,3.5360872048636236,13.16226245635365,32.67619243442367,15.084180950715735,23.448178449867278,11.693235536213809,41.55813963886563,23.282025111912684,12.600855716844649,7.362026557149479,8.033990311859615,9.691857249718662,9.291334849636934,13.48931067771693,15.929777524435822,43.5775293983617,43.98261487430722,37.66345667413755,32.93480552990364,5.890854313576273,12.103609611543135,12.174487992962813,47.38057665623222,23.450748297100787,40.23491062517986,25.510913164963938,30.128388831087392,17.7836278193976,31.404195518934547,14.904840834089354,24.85486690433504,7.9935674358939535,18.52328455686931,42.96442546460918,18.78942323888307,9.914541715672923,0.0],
        [42.95532844485293,0.0,38.42732955818168,39.91152859273688,40.372457780548146,31.16081471015367,11.360741223047464,30.36967070322299,20.00759442595757,35.98341692369732,33.59702487872389,54.49280995940497,36.26208283880519,46.68569036570812,35.069299052783904,48.611094863236424,35.74570939741876,48.19216036510575,52.25077682006014,3.843224598950364,2.767047658136986,29.08357222597886,35.98298517652961,46.6506199453769,32.56838634003219,44.360432527474266,28.479040022372452,28.39739650244653,10.917253102744434,33.36215991088986,15.13058839544155,42.425687679219855,36.29771016991593,37.4764927551923,56.85151776329299,47.61027344480924,30.50058945201225,9.249795395538213,33.056890390326934,50.374560171113295,42.95532844485293],
        [15.665125967625617,38.42732955818168,0.0,15.33990481538156,16.889884132413464,19.56265079554656,27.067165404747215,9.377275280424682,19.28769640946558,22.486997459364936,49.09988193455616,38.79841977941985,4.310846314007915,12.735336685514454,15.346084070714866,25.34601194523733,19.277479194638374,28.98558643754589,31.59477422517947,40.3782143078443,40.3093043787266,44.266853296639844,42.51466561952823,14.010235156920304,9.311266802417745,7.073493782341692,52.22601692731979,11.356727777403929,32.01320580854989,34.89892185598461,30.322733349372605,31.357038075115202,41.28595218671685,1.3172930222151917,40.46686438671206,23.644138214505983,7.933920677671483,41.808657340408324,5.727002725209461,25.3101353408883,15.665125967625617],
        [3.1670706046997417,39.91152859273688,15.33990481538156,0.0,1.5500219173258811,10.023591482958555,29.783012573526886,12.943073772182979,20.582029847207018,9.140243642165187,38.88892530171214,23.577356039044137,11.672198659573153,9.760904198890309,4.890983741128502,10.955409377036052,6.3958822371106026,13.819574066347377,16.876218510341218,40.46674283009669,40.89075729926425,34.849946191867986,30.548205684833928,8.59370684962087,9.973052401920183,13.30275953761793,44.436077580958504,21.711512099376588,37.527207585826424,23.003768844181415,26.965062163342377,16.475846822337672,29.065818341822126,14.37323624871493,25.364301028295788,9.372130769590418,16.81892429896083,39.802304865057465,17.538734557111155,11.771533671709582,3.1670706046997417],
        [3.5360872048636236,40.372457780548146,16.889884132413464,1.5500219173258811,0.0,9.894237674127469,30.465681229088084,14.196970131233307,21.320672173064178,8.179653555890658,38.03901533420641,22.050610863782502,13.200759802390193,10.718575595625405,5.348435253687035,9.672287468634186,5.7909891364280375,12.314105425119996,15.461445121816203,40.78605576298563,41.25582200351773,34.12739482455971,29.504093413202334,9.372676408184567,11.26008570416239,14.700864332475915,43.859649130107364,23.063096512339374,38.37253286733797,22.03028509553133,27.07782093904091,15.019227993858294,27.993458825855242,15.920019014764245,23.85799949705451,8.156791996285321,18.19577908493016,39.911146311850544,19.011020138693254,10.68704449747379,3.5360872048636236],
        [13.16226245635365,31.16081471015367,19.56265079554656,10.023591482958555,9.894237674127469,0.0,22.195249294847688,11.965248908450977,13.763571555259569,5.50794001573588,30.10321343659787,25.682474813222555,15.260680685004152,19.298915050120048,5.574630485471001,17.457155358744682,4.597398685996077,17.596495663837857,21.585728770530924,31.239223452061417,31.80174118637832,25.636502602132637,22.961162180010717,18.42405346144996,10.44037217801434,20.855655758222554,34.77047194775955,20.37985945230435,30.715376635730667,15.336320788956627,17.27261856142645,14.679640163858188,21.723654391209138,18.2697594815675,27.915940889876193,16.461060534240666,16.487888151819643,30.07658303784343,18.664569856367592,19.22751350407374,13.16226245635365],
        [32.67619243442367,11.360741223047464,27.067165404747215,29.783012573526886,30.465681229088084,22.195249294847688,0.0,19.20893983751004,9.233045040388205,27.531719977852678,34.73800998211681,47.29263941630094,24.998184607516546,35.74515683372812,25.121786369188293,39.39189830461874,26.56712704553627,39.77881050916613,43.78005429709319,13.62250350451688,13.366579850115158,29.54884119894206,33.84306899418918,35.85848772639007,21.59970958944982,33.07862049233491,32.79504963411995,17.25636679156495,8.826636396688254,29.016931486129113,11.302224706029978,35.45165076315026,33.628505516602374,26.124350670350015,49.608401258396206,38.19576891643358,19.13986593001191,16.469774130955777,21.715549492514313,40.91520346896678,32.67619243442367],
        [15.084180950715735,30.36967070322299,9.377275280424682,12.943073772182979,14.196970131233307,11.965248908450977,19.20893983751004,0.0,10.489603198896882,16.387967422244866,40.171814151135706,35.503007275540725,6.044645125326664,16.655398444244394,9.970316819087834,23.86379351459605,13.569348777730447,26.129305987154744,29.569885682452682,31.890190511400693,31.972929269765817,35.213748416733836,34.29093116646095,16.97992745663197,2.9891569055013507,14.097641422285008,42.89781112513034,9.051341428272798,25.743601579800995,26.872463991697014,21.005675670502338,25.905626919312184,33.209891338425834,8.120135845464997,37.51157220253766,22.30936186300985,4.574440348952096,32.821773731379544,6.767509804081422,24.69241424008915,15.084180950715735],
        [23.448178449867278,20.00759442595757,19.28769640946558,20.582029847207018,21.320672173064178,13.763571555259569,9.233045040388205,10.489603198896882,0.0,19.26356587741677,33.98199410975301,39.40289597185131,16.50679923003273,26.687116099190522,15.999421569953023,30.45613190775108,17.825284456639306,31.2558360346462,35.176826749800135,21.4019016783496,21.506118463887965,28.732174527300298,30.445313733148094,26.71029939085858,12.560872779648516,24.585708388118917,34.73319758082082,12.104405079251809,17.152543485928497,24.142393320514554,11.70843352140746,27.999102451556563,29.802136319781983,18.168976782621897,41.65709196409626,29.18517990952553,11.773161551485567,22.520969460291433,14.683326687710881,31.871981209015644,23.448178449867278],
        [11.693235536213809,35.98341692369732,22.486997459364936,9.140243642165187,8.179653555890658,5.50794001573588,27.531719977852678,16.387967422244866,19.26356587741677,0.0,29.864907001055002,20.17872722604912,18.24959989256225,18.86013200831098,7.144480574924884,12.933791499403183,3.2224235670859747,12.294128794839189,16.336278646471207,35.724843157744786,36.394746572532064,26.03987433240944,21.410880660854257,17.552301366458313,14.208663819837414,22.08716430057553,35.946880027730934,25.237244238057865,36.138369030557534,13.870951884248031,21.461049361838977,9.533944689962516,19.940055958340483,21.284924349366705,22.408132137462793,12.280264033870107,20.95640438288012,33.97738416687746,22.74985098332751,14.981484478271334,11.693235536213809],
        [41.55813963886563,33.59702487872389,49.09988193455616,38.88892530171214,38.03901533420641,30.10321343659787,34.73800998211681,40.171814151135706,33.98199410975301,29.864907001055002,0.0,36.12264523784207,44.92927305701767,48.649587537346726,35.460558239951695,39.95265928371801,32.51851458165335,36.251038161490484,39.27147311200081,30.421431672159454,31.725714042106105,5.279669257158213,10.012546437359335,47.406752554859104,39.79831160642292,50.95057691295237,9.97741392448242,45.81530148204211,41.78860678526074,16.212504962040263,23.64005120424619,27.511453067038662,11.646104528720148,47.78259048148363,38.06595297918761,40.17813140875784,43.87166772535934,25.06642672976544,46.66827180724232,42.28769278452795,41.55813963886563],
        [23.282025111912684,54.49280995940497,38.79841977941985,23.577356039044137,22.050610863782502,25.682474813222555,47.29263941630094,35.503007275540725,39.40289597185131,20.17872722604912,36.12264523784207,0.0,35.249200918384034,29.08719030424634,25.536227861395986,14.053569767602815,22.226586145691247,9.815433471606378,8.159576233753599,53.473999559221575,54.36813907643299,35.0296645911557,26.21743787916962,27.252271908839507,32.79670424049218,35.16361726834397,45.317952307117764,44.554246290022434,56.042644769123896,23.009113268682356,39.37587628563351,12.06737282802485,24.680828154650104,37.90622669313032,2.3593549471901247,15.669586174234306,39.8624258981544,50.46948207005933,40.98119148974673,15.170115704034334,23.282025111912684],
        [12.600855716844649,36.26208283880519,4.310846314007915,11.672198659573153,13.200759802390193,15.260680685004152,24.998184607516546,6.044645125326664,16.50679923003273,18.24959989256225,44.92927305701767,35.249200918384034,0.0,11.70465729553264,11.106113302493808,22.22634991064812,15.056231716895791,25.484071578640116,28.37489113274745,37.890175795699975,37.94097554832351,40.154947212209485,38.21883536402204,12.490606943025691,5.163136700337994,8.102655867927803,48.34452397006952,11.479512464723625,30.91672459539258,30.595561476540237,26.92762390987267,27.265661295150956,36.9816920120612,3.0487286180078534,37.025065770839326,20.54509088750157,6.819476048925754,38.86286365823641,6.267497864336241,22.4967228148865,12.600855716844649],
        [7.362026557149479,46.68569036570812,12.735336685514454,9.760904198890309,10.718575595625405,19.298915050120048,35.74515683372812,16.655398444244394,26.687116099190522,18.86013200831098,48.649587537346726,29.08719030424634,11.70465729553264,0.0,13.735548556270661,15.035069745977546,16.141316271804143,19.644800382198373,21.133039013731626,47.81983353304299,48.05587581592678,44.572533515435474,40.2225936647534,1.8352389172289634,14.14950376193218,6.610324266419118,54.02469329348351,23.116989366813495,42.344201671075005,32.73003885773091,35.238058494863694,25.01974543956634,38.71048301065079,12.583379570443267,30.325416609703655,13.454165159186518,18.52231137036303,47.90931201440868,17.619148070917465,14.18327122663494,7.362026557149479],
        [8.033990311859615,35.069299052783904,15.346084070714866,4.890983741128502,5.348435253687035,5.574630485471001,25.121786369188293,9.970316819087834,15.999421569953023,7.144480574924884,35.460558239951695,25.536227861395986,11.106113302493808,13.735548556270661,0.0,14.609855884334124,3.9567263283933034,16.271125295379797,19.884590863835815,35.57972078604287,36.01273612746064,31.116686082883014,27.811659784463984,12.926516408949858,7.381582762699719,15.55021751657783,40.3427566874052,19.020951377284305,33.095882096745015,20.14201964584039,22.108140112614944,16.31856753361607,26.453650764139816,14.140455503783274,27.562925382903952,13.244391033461255,14.400076581024514,34.939266992144745,15.871501811785679,15.8933431712991,8.033990311859615],
        [9.691857249718662,48.611094863236424,25.34601194523733,10.955409377036052,9.672287468634186,17.457155358744682,39.39189830461874,23.86379351459605,30.45613190775108,12.933791499403183,39.95265928371801,14.053569767602815,22.22634991064812,15.035069745977546,14.609855884334124,0.0,12.900258047465895,4.934788058023691,6.2749887081157825,48.55617191063163,49.17697819613064,37.04951572034125,30.299420243708074,13.199905278711926,20.912409143888567,21.169069288412985,47.404570450073955,32.66448112939669,47.60630043038137,23.94657810040409,34.35370133644999,12.784996066366434,28.642685440584422,24.596411690518284,15.37909750126018,1.7025205336210083,27.763665404144124,46.91105825464322,28.326550223048176,2.3356503907195254,9.691857249718662],
        [9.291334849636934,35.74570939741876,19.277479194638374,6.3958822371106026,5.7909891364280375,4.597398685996077,26.56712704553627,13.569348777730447,17.825284456639306,3.2224235670859747,32.51851458165335,22.226586145691247,15.056231716895791,16.141316271804143,3.9567263283933034,12.900258047465895,0.0,13.473177860305665,17.354966187979404,35.8327057710184,36.3990546461258,28.454518951166172,24.387874354143385,14.98177302407877,11.19826722069842,18.96846586772572,38.09230413833131,22.55234023590925,34.940990830329554,16.76662800415893,21.81093632795798,12.422064634813632,22.96072824540421,18.08440835389481,24.353928806741283,11.867051910527996,18.098533975238965,34.57582193824498,19.736843531839234,14.63299823685889,9.291334849636934],
        [13.48931067771693,48.19216036510575,28.98558643754589,13.819574066347377,12.314105425119996,17.596495663837857,39.77881050916613,26.129305987154744,31.2558360346462,12.294128794839189,36.251038161490484,9.815433471606378,25.484071578640116,19.644800382198373,16.271125295379797,4.934788058023691,13.473177860305665,0.0,4.058624811035006,47.748255732765,48.48232674524273,33.77953352985605,26.387988184961962,17.818514267948185,23.315832881208625,25.489847582541337,44.23737725776392,35.14640171177659,48.304214183246074,20.667708821919387,33.42825610660423,8.740125453061568,24.722765834359542,28.10429798717072,11.54498845774655,6.262262303022095,30.359651684315757,45.56920261431999,31.315729130063517,6.882830958884826,13.48931067771693],
        [15.929777524435822,52.25077682006014,31.59477422517947,16.876218510341218,15.461445121816203,21.585728770530924,43.78005429709319,29.569885682452682,35.176826749800135,16.336278646471207,39.27147311200081,8.159576233753599,28.37489113274745,21.133039013731626,19.884590863835815,6.2749887081157825,17.354966187979404,4.058624811035006,0.0,51.79565426388087,52.5353243766382,37.12584640809562,29.297179843529904,19.30620364494905,26.681630885426088,27.393266463920998,47.602064470216675,38.51105052018725,52.26512487749811,24.117612257898177,37.47518795188184,11.975323345132448,27.642525222538747,30.818505912298804,9.193536282815822,7.973691359852561,33.656102467594025,49.56250175066349,34.39383232316092,7.04308758608205,15.929777524435822],
        [43.5775293983617,3.843224598950364,40.3782143078443,40.46674283009669,40.78605576298563,31.239223452061417,13.62250350451688,31.890190511400693,21.4019016783496,35.724843157744786,30.421431672159454,53.473999559221575,37.890175795699975,47.81983353304299,35.57972078604287,48.55617191063163,35.8327057710184,47.748255732765,51.79565426388087,0.0,1.3145590845808228,26.135443085538437,33.558219972860265,47.64138851804805,33.85020678306222,45.98164758316346,24.817519280953164,30.87883527507714,14.665621711913406,31.641422422695555,14.320471539863409,41.44965653633635,34.0137564521413,39.35281648511562,55.83109346964312,47.66848173634199,32.51759143810006,5.57054854686403,35.20510217206579,50.43317037025969,43.5775293983617],
        [43.98261487430722,2.767047658136986,40.3093043787266,40.89075729926425,41.25582200351773,31.80174118637832,13.366579850115158,31.972929269765817,21.506118463887965,36.394746572532064,31.725714042106105,54.36813907643299,37.94097554832351,48.05587581592678,36.01273612746064,49.17697819613064,36.3990546461258,48.48232674524273,52.5353243766382,1.3145590845808228,0.0,27.414939089542727,34.75927788466727,47.92666298913639,34.02108402458963,46.04182758288205,26.113267110424655,30.586322548992314,13.683518151420309,32.69378011419762,15.089237424172254,42.32548727476849,35.18855474394787,39.311725368072125,56.72667798881806,48.25450234814193,32.41485264113063,6.876823638366408,35.05383910448868,51.02086954365948,43.98261487430722],
        [37.66345667413755,29.08357222597886,44.266853296639844,34.849946191867986,34.12739482455971,25.636502602132637,29.54884119894206,35.213748416733836,28.732174527300298,26.03987433240944,5.279669257158213,35.0296645911557,40.154947212209485,44.572533515435474,31.116686082883014,37.04951572034125,28.454518951166172,33.77953352985605,37.12584640809562,26.135443085538437,27.414939089542727,0.0,9.297078296764,43.43340971017415,34.9998261651072,46.468105864285604,10.47625485296712,40.614039807807764,36.796473375810095,13.13602410893163,18.391774729227468,25.15965496556773,10.566516887427198,42.95106674806155,37.14257809913899,37.083597427968556,38.79847388859422,21.018799710007332,41.625906102802155,39.37606685890506,37.66345667413755],
        [32.93480552990364,35.98298517652961,42.51466561952823,30.548205684833928,29.504093413202334,22.961162180010717,33.84306899418918,34.29093116646095,30.445313733148094,21.410880660854257,10.012546437359335,26.21743787916962,38.21883536402204,40.2225936647534,27.811659784463984,30.299420243708074,24.387874354143385,26.387988184961962,29.297179843529904,33.558219972860265,34.75927788466727,9.297078296764,0.0,38.825428627280786,33.295079626787114,43.31147109810932,19.17270278547405,41.3035627586214,42.037590870888486,7.671490476905701,22.69522342012432,17.661713451092474,1.6652783485498923,41.21555246160033,28.228091960554103,30.663512789839142,38.47440926059405,28.960502618843364,41.036600431914074,32.6242211799689,32.93480552990364],
        [5.890854313576273,46.6506199453769,14.010235156920304,8.59370684962087,9.372676408184567,18.42405346144996,35.85848772639007,16.97992745663197,26.71029939085858,17.552301366458313,47.406752554859104,27.252271908839507,12.490606943025691,1.8352389172289634,12.926516408949858,13.199905278711926,14.98177302407877,17.818514267948185,19.30620364494905,47.64138851804805,47.92666298913639,43.43340971017415,38.825428627280786,0.0,14.29997298813156,8.291386671178437,53.01970238503204,23.969443625865395,42.72347176139954,31.39396977997554,34.76973186578865,23.34513131670345,37.29281491806522,13.722892673302614,28.497349998219022,11.620302627060454,19.249095680720202,47.51923727109893,18.595341561941648,12.374098499084687,5.890854313576273],
        [12.103609611543135,32.56838634003219,9.311266802417745,9.973052401920183,11.26008570416239,10.44037217801434,21.59970958944982,2.9891569055013507,12.560872779648516,14.208663819837414,39.79831160642292,32.79670424049218,5.163136700337994,14.14950376193218,7.381582762699719,20.912409143888567,11.19826722069842,23.315832881208625,26.681630885426088,33.85020678306222,34.02108402458963,34.9998261651072,33.295079626787114,14.29997298813156,0.0,12.531185109110304,43.20821202545612,11.83830789552304,28.49735314479428,25.72638564361763,22.125214554717605,23.619677623888723,32.11121618274486,7.9951744859698275,34.76104203220138,19.34451409077568,7.065733246662494,34.38086633397436,8.545211609418548,21.709154053055943,12.103609611543135],
        [12.174487992962813,44.360432527474266,7.073493782341692,13.30275953761793,14.700864332475915,20.855655758222554,33.07862049233491,14.097641422285008,24.585708388118917,22.08716430057553,50.95057691295237,35.16361726834397,8.102655867927803,6.610324266419118,15.55021751657783,21.169069288412985,18.96846586772572,25.489847582541337,27.393266463920998,45.98164758316346,46.04182758288205,46.468105864285604,43.31147109810932,8.291386671178437,12.531185109110304,0.0,55.261339813214704,18.3337633922372,38.68938847121815,35.653941660193595,34.65628008079503,29.708046856839722,41.91322560570856,7.440905897125546,36.547214519457675,19.511302797710137,14.369571899511017,46.83040745059629,12.66191410325012,20.5804828111566,12.174487992962813],
        [47.38057665623222,28.479040022372452,52.22601692731979,44.436077580958504,43.859649130107364,34.77047194775955,32.79504963411995,42.89781112513034,34.73319758082082,35.946880027730934,9.97741392448242,45.317952307117764,48.34452397006952,54.02469329348351,40.3427566874052,47.404570450073955,38.09230413833131,44.23737725776392,47.602064470216675,24.817519280953164,26.113267110424655,10.47625485296712,19.17270278547405,53.01970238503204,43.20821202545612,55.261339813214704,0.0,46.828962095120055,38.23096320170983,23.57352628074689,23.12961973069257,35.63467130891609,20.6514462195405,50.932759038935835,47.3737619562285,47.365571755655324,45.904375175527385,19.255565459572257,48.831322001100624,49.7217352485424,47.38057665623222],
        [23.450748297100787,28.39739650244653,11.356727777403929,21.711512099376588,23.063096512339374,20.37985945230435,17.25636679156495,9.051341428272798,12.104405079251809,25.237244238057865,45.81530148204211,44.554246290022434,11.479512464723625,23.116989366813495,19.020951377284305,32.66448112939669,22.55234023590925,35.14640171177659,38.51105052018725,30.87883527507714,30.586322548992314,40.614039807807764,41.3035627586214,23.969443625865395,11.83830789552304,18.3337633922372,46.828962095120055,0.0,20.882991172252034,34.2959376441118,23.743192664497716,34.76979982205713,40.42509797535968,10.905414485138373,46.55729726322628,31.058489133167857,4.927912085870521,33.3009756669176,5.671990143239049,33.30040215297495,23.450748297100787],
        [40.23491062517986,10.917253102744434,32.01320580854989,37.527207585826424,38.37253286733797,30.715376635730667,8.826636396688254,25.743601579800995,17.152543485928497,36.138369030557534,41.78860678526074,56.042644769123896,30.91672459539258,42.344201671075005,33.095882096745015,47.60630043038137,34.940990830329554,48.304214183246074,52.26512487749811,14.665621711913406,13.683518151420309,36.796473375810095,42.037590870888486,42.72347176139954,28.49735314479428,38.68938847121815,38.23096320170983,20.882991172252034,0.0,37.655465110247135,19.352037842461783,44.25167871481233,41.959589985468995,31.326753646527898,58.34750915130179,46.31904643656152,24.32013480440032,19.583124922265707,26.305972305277347,48.98845599187473,40.23491062517986],
        [25.510913164963938,33.36215991088986,34.89892185598461,23.003768844181415,22.03028509553133,15.336320788956627,29.016931486129113,26.872463991697014,24.142393320514554,13.870951884248031,16.212504962040263,23.009113268682356,30.595561476540237,32.73003885773091,20.14201964584039,23.94657810040409,16.76662800415893,20.667708821919387,24.117612257898177,31.641422422695555,32.69378011419762,13.13602410893163,7.671490476905701,31.39396977997554,25.72638564361763,35.653941660193595,23.57352628074689,34.2959376441118,37.655465110247135,0.0,18.663222222911383,12.152249370992674,6.387954766955748,33.605667697484456,25.27954267186463,24.05508663647361,31.169330310207382,27.95621497294421,33.63847510415926,26.278430200567367,25.510913164963938],
        [30.128388831087392,15.13058839544155,30.322733349372605,26.965062163342377,27.07782093904091,17.27261856142645,11.302224706029978,21.005675670502338,11.70843352140746,21.461049361838977,23.64005120424619,39.37587628563351,26.92762390987267,35.238058494863694,22.108140112614944,34.35370133644999,21.81093632795798,33.42825610660423,37.47518795188184,14.320471539863409,15.089237424172254,18.391774729227468,22.69522342012432,34.76973186578865,22.125214554717605,34.65628008079503,23.12961973069257,23.743192664497716,19.352037842461783,18.663222222911383,0.0,27.31183168179239,22.612371861629672,29.10144575408478,41.735118824115546,33.54243829921743,23.280680558787957,12.839115734385086,26.22231685301155,36.29697761863438,30.128388831087392],
        [17.7836278193976,42.425687679219855,31.357038075115202,16.475846822337672,15.019227993858294,14.679640163858188,35.45165076315026,25.905626919312184,27.999102451556563,9.533944689962516,27.511453067038662,12.06737282802485,27.265661295150956,25.01974543956634,16.31856753361607,12.784996066366434,12.422064634813632,8.740125453061568,11.975323345132448,41.44965653633635,42.32548727476849,25.15965496556773,17.661713451092474,23.34513131670345,23.619677623888723,29.708046856839722,35.63467130891609,34.76979982205713,44.25167871481233,12.152249370992674,27.31183168179239,0.0,15.996637719298848,30.23543770337647,14.425862688495473,13.393297956083622,30.46603353220798,38.616061025812186,32.15867970889504,15.074779364269299,17.7836278193976],
        [31.404195518934547,36.29771016991593,41.28595218671685,29.065818341822126,27.993458825855242,21.723654391209138,33.628505516602374,33.209891338425834,29.802136319781983,19.940055958340483,11.646104528720148,24.680828154650104,36.9816920120612,38.71048301065079,26.453650764139816,28.642685440584422,22.96072824540421,24.722765834359542,27.642525222538747,34.0137564521413,35.18855474394787,10.566516887427198,1.6652783485498923,37.29281491806522,32.11121618274486,41.91322560570856,20.6514462195405,40.42509797535968,41.959589985468995,6.387954766955748,22.612371861629672,15.996637719298848,0.0,39.99328643859681,26.722429743495674,29.018821606830397,37.457479698908074,29.57939280013041,39.970264715861866,30.966261688925965,31.404195518934547],
        [14.904840834089354,37.4764927551923,1.3172930222151917,14.37323624871493,15.920019014764245,18.2697594815675,26.124350670350015,8.120135845464997,18.168976782621897,21.284924349366705,47.78259048148363,37.90622669313032,3.0487286180078534,12.583379570443267,14.140455503783274,24.596411690518284,18.08440835389481,28.10429798717072,30.818505912298804,39.35281648511562,39.311725368072125,42.95106674806155,41.21555246160033,13.722892673302614,7.9951744859698275,7.440905897125546,50.932759038935835,10.905414485138373,31.326753646527898,33.605667697484456,29.10144575408478,30.23543770337647,39.99328643859681,0.0,39.616185413124036,22.89837164348559,7.0693228248888085,40.68251816881962,5.237029370852304,24.664993229430642,14.904840834089354],
        [24.85486690433504,56.85151776329299,40.46686438671206,25.364301028295788,23.85799949705451,27.915940889876193,49.608401258396206,37.51157220253766,41.65709196409626,22.408132137462793,38.06595297918761,2.3593549471901247,37.025065770839326,30.325416609703655,27.562925382903952,15.37909750126018,24.353928806741283,11.54498845774655,9.193536282815822,55.83109346964312,56.72667798881806,37.14257809913899,28.228091960554103,28.497349998219022,34.76104203220138,36.547214519457675,47.3737619562285,46.55729726322628,58.34750915130179,25.27954267186463,41.735118824115546,14.425862688495473,26.722429743495674,39.616185413124036,0.0,17.049232920438264,41.82281855208358,52.80830532513166,42.85034187052372,16.21061725182055,24.85486690433504],
        [7.9935674358939535,47.61027344480924,23.644138214505983,9.372130769590418,8.156791996285321,16.461060534240666,38.19576891643358,22.30936186300985,29.18517990952553,12.280264033870107,40.17813140875784,15.669586174234306,20.54509088750157,13.454165159186518,13.244391033461255,1.7025205336210083,11.867051910527996,6.262262303022095,7.973691359852561,47.66848173634199,48.25450234814193,37.083597427968556,30.663512789839142,11.620302627060454,19.34451409077568,19.511302797710137,47.365571755655324,31.058489133167857,46.31904643656152,24.05508663647361,33.54243829921743,13.393297956083622,29.018821606830397,22.89837164348559,17.049232920438264,0.0,26.148816532583126,46.192934228190424,26.663563675853958,2.7666200162296537,7.9935674358939535],
        [18.52328455686931,30.50058945201225,7.933920677671483,16.81892429896083,18.19577908493016,16.487888151819643,19.13986593001191,4.574440348952096,11.773161551485567,20.95640438288012,43.87166772535934,39.8624258981544,6.819476048925754,18.52231137036303,14.400076581024514,27.763665404144124,18.098533975238965,30.359651684315757,33.656102467594025,32.51759143810006,32.41485264113063,38.79847388859422,38.47440926059405,19.249095680720202,7.065733246662494,14.369571899511017,45.904375175527385,4.927912085870521,24.32013480440032,31.169330310207382,23.280680558787957,30.46603353220798,37.457479698908074,7.0693228248888085,41.82281855208358,26.148816532583126,0.0,34.18532457585633,2.9435067933897714,28.374845142279685,18.52328455686931],
        [42.96442546460918,9.249795395538213,41.808657340408324,39.802304865057465,39.911146311850544,30.07658303784343,16.469774130955777,32.821773731379544,22.520969460291433,33.97738416687746,25.06642672976544,50.46948207005933,38.86286365823641,47.90931201440868,34.939266992144745,46.91105825464322,34.57582193824498,45.56920261431999,49.56250175066349,5.57054854686403,6.876823638366408,21.018799710007332,28.960502618843364,47.51923727109893,34.38086633397436,46.83040745059629,19.255565459572257,33.3009756669176,19.583124922265707,27.95621497294421,12.839115734385086,38.616061025812186,29.57939280013041,40.68251816881962,52.80830532513166,46.192934228190424,34.18532457585633,0.0,37.02414242868594,48.929063754836385,42.96442546460918],
        [18.78942323888307,33.056890390326934,5.727002725209461,17.538734557111155,19.011020138693254,18.664569856367592,21.715549492514313,6.767509804081422,14.683326687710881,22.74985098332751,46.66827180724232,40.98119148974673,6.267497864336241,17.619148070917465,15.871501811785679,28.326550223048176,19.736843531839234,31.315729130063517,34.39383232316092,35.20510217206579,35.05383910448868,41.625906102802155,41.036600431914074,18.595341561941648,8.545211609418548,12.66191410325012,48.831322001100624,5.671990143239049,26.305972305277347,33.63847510415926,26.22231685301155,32.15867970889504,39.970264715861866,5.237029370852304,42.85034187052372,26.663563675853958,2.9435067933897714,37.02414242868594,0.0,28.70295998142926,18.78942323888307],
        [9.914541715672923,50.374560171113295,25.3101353408883,11.771533671709582,10.68704449747379,19.22751350407374,40.91520346896678,24.69241424008915,31.871981209015644,14.981484478271334,42.28769278452795,15.170115704034334,22.4967228148865,14.18327122663494,15.8933431712991,2.3356503907195254,14.63299823685889,6.882830958884826,7.04308758608205,50.43317037025969,51.02086954365948,39.37606685890506,32.6242211799689,12.374098499084687,21.709154053055943,20.5804828111566,49.7217352485424,33.30040215297495,48.98845599187473,26.278430200567367,36.29697761863438,15.074779364269299,30.966261688925965,24.664993229430642,16.21061725182055,2.7666200162296537,28.374845142279685,48.929063754836385,28.70295998142926,0.0,9.914541715672923],
        [0.0,42.95532844485293,15.665125967625617,3.1670706046997417,3.5360872048636236,13.16226245635365,32.67619243442367,15.084180950715735,23.448178449867278,11.693235536213809,41.55813963886563,23.282025111912684,12.600855716844649,7.362026557149479,8.033990311859615,9.691857249718662,9.291334849636934,13.48931067771693,15.929777524435822,43.5775293983617,43.98261487430722,37.66345667413755,32.93480552990364,5.890854313576273,12.103609611543135,12.174487992962813,47.38057665623222,23.450748297100787,40.23491062517986,25.510913164963938,30.128388831087392,17.7836278193976,31.404195518934547,14.904840834089354,24.85486690433504,7.9935674358939535,18.52328455686931,42.96442546460918,18.78942323888307,9.914541715672923,0.0]
    ],
    "end_depot": 40,
    "start_depot": 0,
    "truck_dist": [
        [0.0,49.312851085539556,19.716530352712972,3.489395422352475,4.875990820695359,15.763472819639162,40.67722630762198,21.10781794173849,29.361130753118886,16.39818125565325,58.27512804408856,26.176089071133738,17.233869763162087,10.270617748582797,8.127301369093042,12.554217460499608,12.405147226923672,14.719584205011117,20.108072359207473,46.68317299085226,48.25774308562882,51.97728305938165,46.575536844863436,8.33090743875615,16.893132558150818,13.726753665427461,63.751061098943396,33.139536263749115,53.07840564988026,36.014669479616835,31.93113232347181,23.311010331982345,44.39494924370695,19.389382777590257,29.427513211699008,10.415222362078797,26.17936675346693,45.219437101352995,26.079894438196227,13.806623338958689,0.0],
        [49.312851085539556,0.0,45.57825263243279,46.50486390309517,48.202653374636185,39.41319298011132,13.548389829389912,32.3899660790419,20.06331291696585,47.17669422859075,41.68609607885465,75.4889401566733,40.0102019606912,47.60601743258902,41.373268406453285,61.867068546039164,44.98040041017076,64.03243529055067,69.42092344474703,4.756631555447214,3.7682691773979116,37.67524037482278,49.66241967381796,49.33046739723736,32.716378592259844,49.202987983993225,28.68179931126051,36.75932730491104,14.973090176771754,47.178146587343974,21.102171978943822,58.75274696102022,50.551993543702125,43.74426891471745,78.74036429723856,59.72807344761835,36.40623320941281,9.743202782787225,40.56779178090477,63.119474424498236,49.312851085539556],
        [19.716530352712972,45.57825263243279,0.0,16.908543170268583,18.606332641809605,25.865491133506197,32.02986280304288,13.188286553390896,25.51493971546695,26.500199569520284,68.3771463579556,45.89261942384671,5.568050671741603,18.009696699762436,18.229319682960078,32.27074781321258,22.50716554079071,34.43611455772409,39.82460271192045,50.33488418788001,49.346521809830705,62.07930137324868,56.67755515873048,19.734146664410787,12.86187404017296,9.323621732395694,73.85307941281042,13.423005911036146,33.36187529716729,46.11668779348387,42.03315063733885,33.41302864584938,54.49696755757398,1.833983717715344,49.14404356441197,30.131752714791766,9.172019423019986,55.32145541522002,6.3633640854832585,33.52315369167166,19.716530352712972],
        [3.489395422352475,46.50486390309517,16.908543170268583,0.0,1.6977894715410216,12.274077397286687,37.869239125177586,18.299830759294103,26.5531435706745,12.908785833300772,54.78573262173609,28.984076253578127,14.4258825807177,13.760013170935272,5.131595496641879,15.362204642943997,8.915751804571197,17.527571387455502,22.91605954165186,43.87518580840788,45.44975590318444,48.487887637029175,43.08614142251096,11.820302861108622,14.085145375706428,17.216149087779936,60.261665676590916,30.33154908130473,50.270418467435874,32.52527405726436,28.441736901119338,19.82161490962987,40.905553821354474,16.581395595145867,32.23550039414339,13.223209544523183,23.37137957102254,41.730041679000514,23.27190725575184,16.614610521403076,3.489395422352475],
        [4.875990820695359,48.202653374636185,18.606332641809605,1.6977894715410216,0.0,10.887481998943803,39.567028596718615,19.997620230835125,28.25093304221552,11.522190434957889,53.399137223393204,27.286286782037106,16.12367205225872,15.146608569278156,6.8293849681829,13.664415171402975,7.529156406228314,15.82978191591448,21.21827007011084,45.57297527994889,47.14754537472545,47.10129223868629,41.69954602416808,13.206898259451506,15.78293484724745,18.60274448612282,58.87507027824803,32.02933855284575,51.968207938976896,31.138678658921478,27.100481395692366,18.435019511286985,39.51895842301159,18.27918506668689,30.537710922602372,11.525420072982161,25.069169042563562,40.34344628065763,24.969696727292863,14.916821049862055,4.875990820695359],
        [15.763472819639162,39.41319298011132,25.865491133506197,12.274077397286687,10.887481998943803,0.0,30.777568202193738,12.677204580115301,19.46147264769065,7.763501248479431,42.5116552244494,36.075747176561975,20.297440461764594,26.03409056822196,7.6361714505461205,22.453875565927845,5.567207430059442,24.619242310439354,30.00773046463571,36.783514885424026,38.35808498020059,36.213810239742486,30.812064025224277,24.09438025839531,13.003617093333238,29.49022648506662,47.98758827930423,23.239878158320877,43.17874754445202,20.251196659977673,18.311021001167493,19.339553980908903,28.631476424067785,24.031507415790852,39.327171317127245,20.314880467507034,16.69347171048621,30.6846519077369,20.855030281978166,23.706281444386928,15.763472819639162],
        [40.67722630762198,13.548389829389912,32.02986280304288,37.869239125177586,39.567028596718615,30.777568202193738,0.0,19.569408365883486,11.316095554503088,38.54106945067317,36.347283554912714,66.85331537875572,26.461812131301286,38.97039265467144,32.73764362853571,53.23144376812158,36.344775632253175,55.396810512633095,60.78529866682945,18.305021384837126,17.316659006787823,30.049438570205798,41.02679489590038,40.694842619319786,23.78409374947116,35.65459815460331,41.82321660976754,23.21093747552113,12.401179342258287,38.542521809426404,12.466547201026245,50.11712218310264,41.91636876578455,30.19587908532754,70.10473951932099,51.09244866970077,22.8578433800229,23.291592612177137,27.019401951514855,54.483849646580666,40.67722630762198],
        [21.10781794173849,32.3899660790419,13.188286553390896,18.299830759294103,19.997620230835125,12.677204580115301,19.569408365883486,0.0,12.326653162076054,18.97166108478968,55.1888598045647,47.283907012872234,7.620235881649293,19.400984288787956,13.168235262652223,33.6620354022381,16.775367266369692,35.827402146749606,41.21589030094596,37.14659763448911,36.15823525643981,48.89101481985779,43.48926860533958,21.125434253436303,4.214685383587673,16.81302190495132,60.66479285941953,12.031718322010626,31.97058770814177,32.928401240092974,28.84486408394795,30.547713817219154,41.308681004183086,11.354302835675552,50.5353311534375,31.523040303817286,5.071548811728439,42.13316886182913,8.177825701862865,34.914441280697176,21.10781794173849],
        [29.361130753118886,20.06331291696585,25.51493971546695,26.5531435706745,28.25093304221552,19.46147264769065,11.316095554503088,12.326653162076054,0.0,27.22497389617008,42.862206642488644,55.53721982425263,19.946889043725346,27.654297100168357,21.42154807403262,41.9153482136185,25.028680077750092,44.08071495813,49.46920311232636,24.819944472413063,23.83158209436376,36.56436165778173,31.162615443263526,29.3787470648167,12.653065675293991,29.139675067027376,48.33813969734348,16.696014387945198,23.717274896761374,27.226426254923314,16.518210921871898,38.80102662859956,30.600273211281458,23.680955997751607,58.788643964817894,39.776353115197686,16.342920292446966,29.80651569975307,20.50447886393892,43.16775409207758,29.361130753118886],
        [16.39818125565325,47.17669422859075,26.500199569520284,12.908785833300772,11.522190434957889,7.763501248479431,38.54106945067317,18.97166108478968,27.22497389617008,0.0,41.87694678843532,28.312245928082547,20.93214889777868,26.668799004236043,8.270879886560206,14.690374317448416,3.993034028729575,16.85574106195992,22.24422921615628,44.547016133903455,46.121586228680016,35.579101803728406,30.177355589210194,24.7290886944094,14.756975701202009,30.12493492108071,47.35287984329014,31.003379406800306,50.94224879293146,19.616488223963586,26.074522249646925,11.576052732429474,27.996767988053698,24.666215851804942,31.563670068647813,12.551379219027602,24.04320989651812,38.448153156216335,23.94373758124742,15.942780195907496,16.39818125565325],
        [58.27512804408856,41.68609607885465,68.3771463579556,54.78573262173609,53.399137223393204,42.5116552244494,36.347283554912714,55.1888598045647,42.862206642488644,41.87694678843532,0.0,38.30220268089906,62.80909568621399,68.54574579267135,50.147826674995514,52.77459917384934,45.86998081716489,46.14018486533724,48.11732070426774,39.05641798416737,40.63098807894393,6.297844984706913,11.699591199225122,66.6060354828447,55.51527231778263,72.00188170951603,13.004296767594148,59.55822103043384,45.451650643195364,22.260458564471726,26.34399572061675,34.964117712106216,13.880178800381614,66.54316264024025,39.05143735162009,53.87997345604251,59.205126934935606,32.95755500648024,63.36668550642757,55.83106854404392,58.27512804408856],
        [26.176089071133738,75.4889401566733,45.89261942384671,28.984076253578127,27.286286782037106,36.075747176561975,66.85331537875572,47.283907012872234,55.53721982425263,28.312245928082547,38.30220268089906,0.0,43.40995883429582,30.2435431117723,34.11567175022,14.472396492950281,30.508539746502535,11.456504866122623,9.81511802336868,72.859262061986,74.43383215676256,37.81369978185052,26.602611481673936,28.30383280194565,43.069221629284556,36.56899769145102,46.80714084541278,59.31562533488285,79.254494721014,28.310793569329313,54.386768177729465,16.736193195653073,24.93694661297117,45.565471848723995,3.251424140565267,15.760866709054943,52.35545582460067,66.76039908429888,52.25598350932997,17.528865863144866,26.176089071133738],
