{
    "drone_dist": [
        [0.0,42.79763634510765,27.23283249331167,40.72396776296277,42.166569302382904,26.937198257743955,40.18409915815258,45.05309270360206,15.098960998198356,17.60314273022132,19.411034702310815,22.975517926785287,37.19242828990578,43.111347406186944,39.42786522929311,38.64399903799594,30.389352568851365,39.893848542499654,43.431803237979175,12.168319661516207,45.8353733985091,30.19082545545246,14.227365075922254,18.461839263105798,19.406695375786978,39.260862844161004,15.831646352834982,6.321103713362284,27.23914696470142,30.341621670764244,16.553929016883455,1.4964006089529467,34.329758518547,7.122438471527454,34.18545451879322,38.09282940034435,12.508606837821315,29.176896266422645,3.1454899669620997,44.48078198589401,0.0],
        [42.79763634510765,0.0,37.50455567858358,3.75055095130981,0.738181326355691,16.149608282222115,10.057572007735102,11.27339299528557,42.85857022847069,45.22769952395151,46.56567679796536,24.773394311114423,29.229408942776487,19.915803697029773,10.087334192779018,33.75333974504632,12.445233608047184,6.920441309855939,5.963587625049643,30.694019444189674,5.6493621178898,18.456059174015255,36.57020965864038,40.711867308544385,25.72450416820715,11.045490548638334,51.64813340157574,40.578950844194814,37.06706308705332,33.23952578921077,28.568627679450387,42.37649096132135,8.99405113348776,35.75585223597645,9.500587079476341,16.667814869307882,34.29641298563883,24.6941172658177,44.81990880099186,1.7990592319363596,42.79763634510765],
        [27.23283249331167,37.50455567858358,0.0,37.90354914984534,36.77361852324404,29.14743499264459,29.16001289220399,45.959060508402175,39.99956519370775,13.877419796579213,13.807137347358747,14.654305283895384,14.015908758672863,25.190123036259333,28.683496361278905,13.08462853171065,29.581837646443038,39.2854774071038,41.66760246704198,22.565743115867367,42.80589500902773,19.068395012022574,13.11222987155931,9.769675424814986,30.97959597962584,27.909527921364074,22.480241478835797,20.94913849593075,0.4433456684892608,5.617394704285155,30.47130572080985,25.775284705574897,29.31448314787594,25.418372881314518,28.542532718241095,23.204720451340872,15.96889339772175,12.866580897205795,30.34818905984415,39.220905840785925,27.23283249331167],
        [40.72396776296277,3.75055095130981,37.90354914984534,0.0,3.762821414553027,13.795434317770614,12.486278991509785,8.734364336255332,39.80491490490626,44.545341254874984,45.993974242980634,24.376491154737987,30.884813329018005,22.588966041540917,12.31596153937688,35.4195349886223,10.47334996958957,3.223576672716936,3.7814588630010446,28.78249399329304,5.303269538219135,18.920824915509847,35.6496129601707,40.211049927933736,22.900889668672818,13.249916366782994,50.51152553577527,38.986927140586225,37.47535422803367,34.041077847681436,25.828004054932904,40.41315664086876,8.600341293010938,33.61849345567426,9.361387926759742,18.66329326903213,33.07922000495219,25.331819381984662,42.56830097828365,4.549853411535433,40.72396776296277],
        [42.166569302382904,0.738181326355691,36.77361852324404,3.762821414553027,0.0,15.587776222872765,9.481136151942076,11.714621490022388,42.40094245684599,44.49707498517937,45.83212057709633,24.039000202620635,28.57743944193694,19.414870890066688,9.476631440686432,33.104905845671645,11.845910850701035,6.984028569004221,6.397085273178188,30.050608508651163,6.301693037152572,17.72217087568778,35.84956109215836,39.97728485825149,25.22663759004359,10.435306121324896,50.93527816458277,39.89972824939262,36.33632970136167,32.52341097707863,28.050498300723273,41.73279538634277,8.2778656571393,35.13593931484545,8.771943034837427,16.04320689027418,33.5921062906614,23.96799414126401,44.21093040055282,2.5294441986825857,42.166569302382904],
        [26.937198257743955,16.149608282222115,29.14743499264459,13.795434317770614,15.587776222872765,0.0,16.98157746578789,18.978712021292857,27.2437388546362,32.558344845332506,34.21797589259912,14.494591455752944,27.375989558119706,24.76431803973989,16.276616337052264,31.44313499513647,3.8950931870896057,13.117783741297673,16.57613714111764,15.111460946862366,18.90870849678711,13.58847533580835,23.40028854506434,28.770947572230043,9.929420461157251,16.641569170290026,37.57657084394883,25.539795030407337,28.778304154415224,26.956086043468268,12.577387466804858,26.66179189634865,8.99537110018255,19.825886209057558,9.342608233585764,19.086104026347968,20.30926173065226,18.861464880021956,28.783565565119144,17.734916525065362,26.937198257743955],
        [40.18409915815258,10.057572007735102,29.16001289220399,12.486278991509785,9.481136151942076,16.98157746578789,0.0,21.084718548278463,43.78731867815205,38.84104102024038,39.90281815778142,18.726765098704387,19.389752926646526,10.11375851736337,0.7641441624886376,23.87456150788045,13.373310625680881,15.397465682346057,15.804221847335807,28.204449105950555,15.674174347173308,11.15603729865854,31.030027194927705,34.044701647525066,26.674820054870278,1.2506266375203958,46.183742641395106,36.6311889948949,28.716682616547274,24.342551401277145,28.97393532126205,39.43976976985022,8.22309288096378,33.649542952484204,7.687594244700732,6.738934992367573,29.62122349612953,16.39521529957507,42.70238097956733,11.356512244106241,40.18409915815258],
        [45.05309270360206,11.27339299528557,45.959060508402175,8.734364336255332,11.714621490022388,18.978712021292857,21.084718548278463,0.0,41.18558122687333,51.3501721392346,52.93458286422685,31.872286961134296,39.595843968261576,31.113666785018527,20.976487184551875,44.12749462692657,16.865225842259765,6.677556483294149,5.318111084300662,33.82308350444866,6.612418306339591,27.24376065419739,42.24216912078938,47.308238674389386,25.896246966806153,21.922610866634432,56.551720708054525,44.38129592794461,45.5415696551951,42.408539967989,28.896762641620384,45.003275811358826,16.82899485565623,37.98612863033239,17.676663310554474,27.3891679452803,39.2684151430506,33.66818530347639,46.4197680904301,10.629017045856989,45.05309270360206],
        [15.098960998198356,42.85857022847069,39.99956519370775,39.80491490490626,42.40094245684599,27.2437388546362,43.78731867815205,41.18558122687333,0.0,32.47419618959125,34.34476590800876,31.053666593132647,47.01071388669,49.64478319003682,43.040049582466146,49.50975220987304,31.134452688072297,37.87304238382479,41.389733184330915,18.561159160496505,44.10504640520486,36.389063911246296,27.113578398511027,32.50663628063571,17.31603938583037,43.213250098202906,30.642318923300433,20.621922263992456,39.89703893624483,41.78692373650804,14.815816137748422,16.443734183481496,36.18115668591024,14.592068775997726,36.41656909754736,44.001909202565784,24.034387354117012,37.909613618263045,13.218698172153935,44.2239458314111,15.098960998198356],
        [17.60314273022132,45.22769952395151,13.877419796579213,44.545341254874984,44.49707498517937,32.558344845332506,38.84104102024038,51.3501721392346,32.47419618959125,0.0,1.9505628879381745,20.50306013704143,27.46889642757613,37.40447043667647,38.208729295010144,26.960702379320015,34.549037060486455,45.00493372002137,48.05320266513023,19.83622110788933,49.81475864432618,27.707422954874932,9.167393823693299,4.897119674308371,29.914260618123976,37.6413507644335,8.61115377147279,11.914159789016814,14.134245483599674,19.05774766539535,28.128030966879667,16.15292235448296,36.28165311382331,19.470546765770212,35.728056872908375,34.098168285647354,12.59153639841617,23.13548004723571,20.266721583641516,47.02594663272097,17.60314273022132],
        [19.411034702310815,46.56567679796536,13.807137347358747,45.993974242980634,45.83212057709633,34.21797589259912,39.90281815778142,52.93458286422685,34.34476590800876,1.9505628879381745,0.0,21.795656104784648,27.67213384820709,38.01056319429552,39.288963068314,26.842644801459976,36.099869184847115,46.541342358796584,49.53913698218887,21.733054498658703,51.24492973592079,28.816678363065336,10.894667979263058,5.882057989491709,31.802816270646733,38.68925148805292,8.924664420450878,13.826224686821693,14.111743157629903,19.210129114070252,30.04999374048585,17.976775895870677,37.656389360951486,21.420218306685197,37.076358883003785,34.9442382051784,14.417896463893264,23.958278675144655,22.0037405068655,48.361453903152665,19.411034702310815],
        [22.975517926785287,24.773394311114423,14.654305283895384,24.376491154737987,24.039000202620635,14.494591455752944,18.726765098704387,31.872286961134296,31.053666593132647,20.50306013704143,21.795656104784648,0.0,16.07116978842547,20.13857855522959,18.039416809516144,19.131052373219894,15.14169610779028,25.27429708424733,28.024343083195163,12.610241058951766,29.56331788867192,7.691428282205082,12.305233651528743,15.938591304233285,17.813963777706956,17.597313296451368,27.483713336746952,18.412305331210703,14.283749673806822,12.930039392147064,18.235114563748645,21.94833158508091,15.906850499545582,17.648732611288406,15.295882389439068,15.300290901323296,11.17672092928542,6.856908975902983,25.877257998090535,26.568003285719666,22.975517926785287],
        [37.19242828990578,29.229408942776487,14.015908758672863,30.884813329018005,28.57743944193694,27.375989558119706,19.389752926646526,39.595843968261576,47.01071388669,27.46889642757613,27.67213384820709,16.07116978842547,0.0,12.215136759852683,19.2091594988562,4.5366808695779195,25.913662984079913,33.19106552451246,34.55646288889237,28.45669443463503,34.87592771605725,13.842548551482745,23.545025908364973,22.828573595182267,33.41993892906609,18.266332213793167,36.033228169581555,31.485891576759496,13.656599876694228,8.465513163047346,34.187758435733876,35.91179770339117,23.213005585438072,33.07001065151744,22.31737442682512,12.650901486430232,24.689876136046678,9.312102828564917,40.29858932689332,30.6758808492551,37.19242828990578],
        [43.111347406186944,19.915803697029773,25.190123036259333,22.588966041540917,19.414870890066688,24.76431803973989,10.11375851736337,31.113666785018527,49.64478319003682,37.40447043667647,38.01056319429552,20.13857855522959,12.215136759852683,0.0,10.37785706209218,16.09301329803622,21.80924781190964,25.507062078262795,25.80419810222376,32.1329012228182,25.375112118049266,13.327487323495367,31.319222753664945,32.522490053324795,33.469558318067584,9.514547294488667,45.609176033234235,38.376599391518226,24.7746185745888,19.646889526919548,35.214128271976,42.08340732571203,17.262111176844616,37.47476800883763,16.48245755127536,5.748498096224801,31.11321269553741,14.60724414406779,45.98613241009582,20.965646659912874,43.111347406186944],
        [39.42786522929311,10.087334192779018,28.683496361278905,12.31596153937688,9.476631440686432,16.276616337052264,0.7641441624886376,20.976487184551875,43.040049582466146,38.208729295010144,39.288963068314,18.039416809516144,19.2091594988562,10.37785706209218,0.0,23.715035966161622,12.702202613731604,15.149106652714861,15.726867071013686,27.442768598702024,15.730439381910434,10.506768540611173,30.344563412285385,33.42475125836753,25.942654044037152,0.9586975733936788,45.50889648675732,35.89721307789034,28.240185234935762,23.935493863243053,28.228065883472265,38.68755948676472,7.587039510338375,32.88707877702428,7.01512449710664,6.588749384412499,28.901204511277918,15.879871336623479,41.94190455352708,11.471260815132178,39.42786522929311],
        [38.64399903799594,33.75333974504632,13.08462853171065,35.4195349886223,33.104905845671645,31.44313499513647,23.87456150788045,44.12749462692657,49.50975220987304,26.960702379320015,26.842644801459976,19.131052373219894,4.5366808695779195,16.09301329803622,23.715035966161622,0.0,30.2035064306686,37.70706405563568,39.0931150807697,30.99665079688688,39.401326940358075,18.06308911994725,24.559385154054098,22.680491646797094,36.853464837885156,22.767991343139286,35.564861321573574,32.64360108249003,12.830307477557898,8.387153242165466,37.36332393954983,37.28248965028554,27.69048225886321,35.21995214822941,26.79620729088289,17.13924717944802,26.31262854106416,12.804080762838709,41.78564781906618,35.18584370390849,38.64399903799594],
        [30.389352568851365,12.445233608047184,29.581837646443038,10.47334996958957,11.845910850701035,3.8950931870896057,13.373310625680881,16.865225842259765,31.134452688072297,34.549037060486455,36.099869184847115,15.14169610779028,25.913662984079913,21.80924781190964,12.702202613731604,30.2035064306686,0.0,10.461143360117884,13.651832512593172,18.35203408480016,15.739071166758603,12.149736495712256,25.50021634376791,30.44611538877399,13.818505245472506,13.16509399187295,40.157636259434895,28.514628798529085,29.183434239620354,26.69566579033062,16.466623925609426,30.01679303382337,5.212093025650111,23.3241083735401,5.687499940976036,16.295013219455242,22.734850767079298,18.152888806174552,32.37552102855064,14.098347869511487,30.389352568851365],
        [39.893848542499654,6.920441309855939,39.2854774071038,3.223576672716936,6.984028569004221,13.117783741297673,15.397465682346057,6.677556483294149,37.87304238382479,45.00493372002137,46.541342358796584,25.27429708424733,33.19106552451246,25.507062078262795,15.149106652714861,37.70706405563568,10.461143360117884,0.0,3.5892494359828606,28.22081303878899,6.239776651068462,20.588713521789824,35.960696814876066,40.85252116630892,21.390282880198203,16.05337214530799,50.538095003048355,38.649057083885396,38.86722069726758,35.74862648969748,24.381290083664474,39.697904133456774,10.192477956083573,32.77233242958431,11.055943693498975,21.27881683479401,33.14492851640605,27.008153651676757,41.54208029165372,7.388558482386396,39.893848542499654],
        [43.431803237979175,5.963587625049643,41.66760246704198,3.7814588630010446,6.397085273178188,16.57613714111764,15.804221847335807,5.318111084300662,41.389733184330915,48.05320266513023,49.53913698218887,28.024343083195163,34.55646288889237,25.80419810222376,15.726867071013686,39.0931150807697,13.651832512593172,3.5892494359828606,0.0,31.686568439715053,2.7522517403507822,22.700545104717705,39.083393415308294,43.78904814919523,24.978650192625587,16.67917919032718,53.809451600590705,42.05569313232745,41.24046237567496,37.82225086332009,27.97041640524813,43.21202949151454,12.353945633503367,36.3093647821137,13.13122220434967,22.20491486969123,36.385263885396455,29.11303184600616,45.11104370424316,5.507414905059667,43.431803237979175],
        [12.168319661516207,30.694019444189674,22.565743115867367,28.78249399329304,30.050608508651163,15.111460946862366,28.204449105950555,33.82308350444866,18.561159160496505,19.83622110788933,21.733054498658703,12.610241058951766,28.45669443463503,32.1329012228182,27.442768598702024,30.99665079688688,18.35203408480016,28.22081303878899,31.686568439715053,0.0,33.97928638870721,18.8539677596025,11.33115925847848,17.49262990359431,10.084137954689254,27.34159978041995,23.11214799269081,10.588255030698763,22.375984756561223,23.501021003428015,8.451247323805399,11.682512567484926,22.162074778234494,5.461335782553769,22.020063258142592,26.77030640818423,7.5681099949404445,19.43299718381371,14.511248597053662,32.39919617770174,12.168319661516207],
        [45.8353733985091,5.6493621178898,42.80589500902773,5.303269538219135,6.301693037152572,18.90870849678711,15.674174347173308,6.612418306339591,44.10504640520486,49.81475864432618,51.24492973592079,29.56331788867192,34.87592771605725,25.375112118049266,15.730439381910434,39.401326940358075,15.739071166758603,6.239776651068462,2.7522517403507822,33.97928638870721,0.0,23.742286989373987,40.943435611268775,45.44396991266602,27.587459029317277,16.687706917094623,55.814482065404036,44.24834410097544,42.37243116970192,38.70779000760066,30.56674854349463,45.56978852265234,13.677179612452713,38.71672708315033,14.360413014456578,22.314832432243144,38.38189875199237,30.081376427374156,47.58827645386069,4.412308756171544,45.8353733985091],
        [30.19082545545246,18.456059174015255,19.068395012022574,18.920824915509847,17.72217087568778,13.58847533580835,11.15603729865854,27.24376065419739,36.389063911246296,27.707422954874932,28.816678363065336,7.691428282205082,13.842548551482745,13.327487323495367,10.506768540611173,18.06308911994725,12.149736495712256,20.588713521789824,22.700545104717705,18.8539677596025,23.742286989373987,0.0,19.936481171512813,22.94263397409935,20.77028834708732,9.983560682945425,35.04813784061938,26.001053980489765,18.633540526704547,15.165595471700998,22.190483532113603,29.273828943328684,10.41961667645346,24.24651006349943,9.592391944720731,7.9353488390359175,18.818404735341645,6.4274257462277165,32.95316772758422,20.191899266817575,30.19082545545246],
        [14.227365075922254,36.57020965864038,13.11222987155931,35.6496129601707,35.84956109215836,23.40028854506434,31.030027194927705,42.24216912078938,27.113578398511027,9.167393823693299,10.894667979263058,12.305233651528743,23.545025908364973,31.319222753664945,30.344563412285385,24.559385154054098,25.50021634376791,35.960696814876066,39.083393415308294,11.33115925847848,40.943435611268775,19.936481171512813,0.0,6.161583736610917,21.219073890472146,29.89251915986838,15.202286050671628,8.088496248621597,13.081612433843766,16.195682108267558,19.782377673548105,12.808878117702196,27.57817614929286,12.692502222772802,27.09396688003314,27.146170873482436,3.7631692385815683,16.725838134837204,17.36799558852345,38.36764629622347,14.227365075922254],
        [18.461839263105798,40.711867308544385,9.769675424814986,40.211049927933736,39.97728485825149,28.770947572230043,34.044701647525066,47.308238674389386,32.50663628063571,4.897119674308371,5.882057989491709,15.938591304233285,22.828573595182267,32.522490053324795,33.42475125836753,22.680491646797094,30.44611538877399,40.85252116630892,43.78904814919523,17.49262990359431,45.44396991266602,22.94263397409935,6.161583736610917,0.0,27.336993778549566,32.83590744455963,13.240610710170312,12.18564061365191,9.940794523251908,14.527336485850933,25.943875383970195,16.96616477498613,31.825321034317593,18.45990554554855,31.231178557113743,29.210809437146448,9.924522256437754,18.241734396895556,21.454284339640534,42.5061094856775,18.461839263105798],
        [19.406695375786978,25.72450416820715,30.97959597962584,22.900889668672818,25.22663759004359,9.929420461157251,26.674820054870278,25.896246966806153,17.31603938583037,29.914260618123976,31.802816270646733,17.813963777706956,33.41993892906609,33.469558318067584,25.942654044037152,36.853464837885156,13.818505245472506,21.390282880198203,24.978650192625587,10.084137954689254,27.587459029317277,20.77028834708732,21.219073890472146,27.336993778549566,0.0,26.19891530272281,32.81204981502862,20.076368460213963,30.709131190671343,30.56272452434343,3.010787137724797,19.57065074552925,18.892982964701787,12.592447558143332,19.169711071298984,27.72394380054931,17.489446009609793,24.14945159451913,20.548043470592535,27.181350626802864,19.406695375786978],
        [39.260862844161004,11.045490548638334,27.909527921364074,13.249916366782994,10.435306121324896,16.641569170290026,1.2506266375203958,21.922610866634432,43.213250098202906,37.6413507644335,38.68925148805292,17.597313296451368,18.266332213793167,9.514547294488667,0.9586975733936788,22.767991343139286,13.16509399187295,16.05337214530799,16.67917919032718,27.34159978041995,16.687706917094623,9.983560682945425,29.89251915986838,32.83590744455963,26.19891530272281,0.0,45.02859572538538,35.60126126505824,27.466195296328422,23.101918319689386,28.415719475021447,38.48936452048777,8.146797549840946,32.79685911170989,7.504936723956823,5.635607438371798,28.552670736659106,15.146957204458774,41.81834569679804,12.42104069073513,39.260862844161004],
        [15.831646352834982,51.64813340157574,22.480241478835797,50.51152553577527,50.93527816458277,37.57657084394883,46.183742641395106,56.551720708054525,30.642318923300433,8.61115377147279,8.924664420450878,27.483713336746952,36.033228169581555,45.609176033234235,45.50889648675732,35.564861321573574,40.157636259434895,50.538095003048355,53.809451600590705,23.11214799269081,55.814482065404036,35.04813784061938,15.202286050671628,13.240610710170312,32.81204981502862,45.02859572538538,0.0,12.741924869417852,22.742959413451796,27.65100974221278,30.440534129664265,14.770574212633285,42.657837145600745,20.63359548313689,42.21317163223976,41.94623445250572,17.433345227075105,31.121240772548823,17.441103330421548,53.44044037890341,15.831646352834982],
        [6.321103713362284,40.578950844194814,20.94913849593075,38.986927140586225,39.89972824939262,25.539795030407337,36.6311889948949,44.38129592794461,20.621922263992456,11.914159789016814,13.826224686821693,18.412305331210703,31.485891576759496,38.376599391518226,35.89721307789034,32.64360108249003,28.514628798529085,38.649057083885396,42.05569313232745,10.588255030698763,44.24834410097544,26.001053980489765,8.088496248621597,12.18564061365191,20.076368460213963,35.60126126505824,12.741924869417852,0.0,20.969269788466764,24.284078542624354,17.711431333470795,4.840380922868426,31.739992832180913,8.052067124254918,31.444353684419262,33.71184987519769,7.266745862223947,24.018548520074727,9.405342241072647,42.33413128703186,6.321103713362284],
        [27.23914696470142,37.06706308705332,0.4433456684892608,37.47535422803367,36.33632970136167,28.778304154415224,28.716682616547274,45.5415696551951,39.89703893624483,14.134245483599674,14.111743157629903,14.283749673806822,13.656599876694228,24.7746185745888,28.240185234935762,12.830307477557898,29.183434239620354,38.86722069726758,41.24046237567496,22.375984756561223,42.37243116970192,18.633540526704547,13.081612433843766,9.940794523251908,30.709131190671343,27.466195296328422,22.742959413451796,20.969269788466764,0.0,5.231887322154238,30.236179717564816,25.787469665073022,28.88790928364501,25.309561315544233,28.11410306775698,22.76516454618735,15.862654531089403,12.424929508431399,30.360828937402115,38.78243904357077,27.23914696470142],
        [30.341621670764244,33.23952578921077,5.617394704285155,34.041077847681436,32.52341097707863,26.956086043468268,24.342551401277145,42.408539967989,41.78692373650804,19.05774766539535,19.210129114070252,12.930039392147064,8.465513163047346,19.646889526919548,23.935493863243053,8.387153242165466,26.69566579033062,35.74862648969748,37.82225086332009,23.501021003428015,38.70779000760066,15.165595471700998,16.195682108267558,14.527336485850933,30.56272452434343,23.101918319689386,27.65100974221278,24.284078542624354,5.231887322154238,0.0,30.604312920786956,28.960221588510144,25.584835949588154,27.30569592560239,24.751894740328975,18.074383684668586,18.149814588986104,8.740635957938597,33.48671624950372,34.89334779841886,30.341621670764244],
        [16.553929016883455,28.568627679450387,30.47130572080985,25.828004054932904,28.050498300723273,12.577387466804858,28.97393532126205,28.896762641620384,14.815816137748422,28.128030966879667,30.04999374048585,18.235114563748645,34.187758435733876,35.214128271976,28.228065883472265,37.36332393954983,16.466623925609426,24.381290083664474,27.97041640524813,8.451247323805399,30.56674854349463,22.190483532113603,19.782377673548105,25.943875383970195,3.010787137724797,28.415719475021447,30.440534129664265,17.711431333470795,30.236179717564816,30.604312920786956,0.0,16.806566144963227,21.416310788196792,9.939020385070663,21.620689342147337,29.500150553579136,16.01935722980885,24.87587095579045,17.57826834048195,30.060101518001076,16.553929016883455],
        [1.4964006089529467,42.37649096132135,25.775284705574897,40.41315664086876,41.73279538634277,26.66179189634865,39.43976976985022,45.003275811358826,16.443734183481496,16.15292235448296,17.976775895870677,21.94833158508091,35.91179770339117,42.08340732571203,38.68755948676472,37.28248965028554,30.01679303382337,39.697904133456774,43.21202949151454,11.682512567484926,45.56978852265234,29.273828943328684,12.808878117702196,16.96616477498613,19.57065074552925,38.48936452048777,14.770574212633285,4.840380922868426,25.787469665073022,28.960221588510144,16.806566144963227,0.0,33.8015798109533,7.033998052984485,33.62114275439503,37.145558393032964,11.267554604825872,28.026396100015756,4.573365437677723,44.07976034018783,1.4964006089529467],
        [34.329758518547,8.99405113348776,29.31448314787594,8.600341293010938,8.2778656571393,8.99537110018255,8.22309288096378,16.82899485565623,36.18115668591024,36.28165311382331,37.656389360951486,15.906850499545582,23.213005585438072,17.262111176844616,7.587039510338375,27.69048225886321,5.212093025650111,10.192477956083573,12.353945633503367,22.162074778234494,13.677179612452713,10.41961667645346,27.57817614929286,31.825321034317593,18.892982964701787,8.146797549840946,42.657837145600745,31.739992832180913,28.88790928364501,25.584835949588154,21.416310788196792,33.8015798109533,0.0,27.41667401153361,0.8962548908808464,12.106446689620679,25.329132102421077,16.846843963470466,36.54545453405828,10.790238713188218,34.329758518547],
        [7.122438471527454,35.75585223597645,25.418372881314518,33.61849345567426,35.13593931484545,19.825886209057558,33.649542952484204,37.98612863033239,14.592068775997726,19.470546765770212,21.420218306685197,17.648732611288406,33.07001065151744,37.47476800883763,32.88707877702428,35.21995214822941,23.3241083735401,32.77233242958431,36.3093647821137,5.461335782553769,38.71672708315033,24.24651006349943,12.692502222772802,18.45990554554855,12.592447558143332,32.79685911170989,20.63359548313689,8.052067124254918,25.309561315544233,27.30569592560239,9.939020385070663,7.033998052984485,27.41667401153361,0.0,27.32501001062033,32.17656070467345,9.44949866019567,24.332134869713975,9.131595370037957,37.422383507474564,7.122438471527454],
        [34.18545451879322,9.500587079476341,28.542532718241095,9.361387926759742,8.771943034837427,9.342608233585764,7.687594244700732,17.676663310554474,36.41656909754736,35.728056872908375,37.076358883003785,15.295882389439068,22.31737442682512,16.48245755127536,7.01512449710664,26.79620729088289,5.687499940976036,11.055943693498975,13.13122220434967,22.020063258142592,14.360413014456578,9.592391944720731,27.09396688003314,31.231178557113743,19.169711071298984,7.504936723956823,42.21317163223976,31.444353684419262,28.11410306775698,24.751894740328975,21.620689342147337,33.62114275439503,0.8962548908808464,27.32501001062033,0.0,11.261283050039061,24.93582653453161,16.018661649965047,36.45655315921913,11.299398326290607,34.18545451879322],
        [38.09282940034435,16.667814869307882,23.204720451340872,18.66329326903213,16.04320689027418,19.086104026347968,6.738934992367573,27.3891679452803,44.001909202565784,34.098168285647354,34.9442382051784,15.300290901323296,12.650901486430232,5.748498096224801,6.588749384412499,17.13924717944802,16.295013219455242,21.27881683479401,22.20491486969123,26.77030640818423,22.314832432243144,7.9353488390359175,27.146170873482436,29.210809437146448,27.72394380054931,5.635607438371798,41.94623445250572,33.71184987519769,22.76516454618735,18.074383684668586,29.500150553579136,37.145558393032964,12.106446689620679,32.17656070467345,11.261283050039061,0.0,26.465297349881663,10.986020407900444,40.8787253213031,18.05623210620134,38.09282940034435],
        [12.508606837821315,34.29641298563883,15.96889339772175,33.07922000495219,33.5921062906614,20.30926173065226,29.62122349612953,39.2684151430506,24.034387354117012,12.59153639841617,14.417896463893264,11.17672092928542,24.689876136046678,31.11321269553741,28.901204511277918,26.31262854106416,22.734850767079298,33.14492851640605,36.385263885396455,7.5681099949404445,38.38189875199237,18.818404735341645,3.7631692385815683,9.924522256437754,17.489446009609793,28.552670736659106,17.433345227075105,7.266745862223947,15.862654531089403,18.149814588986104,16.01935722980885,11.267554604825872,25.329132102421077,9.44949866019567,24.93582653453161,26.465297349881663,0.0,16.821555043869143,15.60871322726674,36.0814414605947,12.508606837821315],
        [29.176896266422645,24.6941172658177,12.866580897205795,25.331819381984662,23.96799414126401,18.861464880021956,16.39521529957507,33.66818530347639,37.909613618263045,23.13548004723571,23.958278675144655,6.856908975902983,9.312102828564917,14.60724414406779,15.879871336623479,12.804080762838709,18.152888806174552,27.008153651676757,29.11303184600616,19.43299718381371,30.081376427374156,6.4274257462277165,16.725838134837204,18.241734396895556,24.14945159451913,15.146957204458774,31.121240772548823,24.018548520074727,12.424929508431399,8.740635957938597,24.87587095579045,28.026396100015756,16.846843963470466,24.332134869713975,16.018661649965047,10.986020407900444,16.821555043869143,0.0,32.18776256022368,26.390757308426874,29.176896266422645],
        [3.1454899669620997,44.81990880099186,30.34818905984415,42.56830097828365,44.21093040055282,28.783565565119144,42.70238097956733,46.4197680904301,13.218698172153935,20.266721583641516,22.0037405068655,25.877257998090535,40.29858932689332,45.98613241009582,41.94190455352708,41.78564781906618,32.37552102855064,41.54208029165372,45.11104370424316,14.511248597053662,47.58827645386069,32.95316772758422,17.36799558852345,21.454284339640534,20.548043470592535,41.81834569679804,17.441103330421548,9.405342241072647,30.360828937402115,33.48671624950372,17.57826834048195,4.573365437677723,36.54545453405828,9.131595370037957,36.45655315921913,40.8787253213031,15.60871322726674,32.18776256022368,0.0,46.46606115664879,3.1454899669620997],
        [44.48078198589401,1.7990592319363596,39.220905840785925,4.549853411535433,2.5294441986825857,17.734916525065362,11.356512244106241,10.629017045856989,44.2239458314111,47.02594663272097,48.361453903152665,26.568003285719666,30.6758808492551,20.965646659912874,11.471260815132178,35.18584370390849,14.098347869511487,7.388558482386396,5.507414905059667,32.39919617770174,4.412308756171544,20.191899266817575,38.36764629622347,42.5061094856775,27.181350626802864,12.42104069073513,53.44044037890341,42.33413128703186,38.78243904357077,34.89334779841886,30.060101518001076,44.07976034018783,10.790238713188218,37.422383507474564,11.299398326290607,18.05623210620134,36.0814414605947,26.390757308426874,46.46606115664879,0.0,44.48078198589401],
        [0.0,42.79763634510765,27.23283249331167,40.72396776296277,42.166569302382904,26.937198257743955,40.18409915815258,45.05309270360206,15.098960998198356,17.60314273022132,19.411034702310815,22.975517926785287,37.19242828990578,43.111347406186944,39.42786522929311,38.64399903799594,30.389352568851365,39.893848542499654,43.431803237979175,12.168319661516207,45.8353733985091,30.19082545545246,14.227365075922254,18.461839263105798,19.406695375786978,39.260862844161004,15.831646352834982,6.321103713362284,27.23914696470142,30.341621670764244,16.553929016883455,1.4964006089529467,34.329758518547,7.122438471527454,34.18545451879322,38.09282940034435,12.508606837821315,29.176896266422645,3.1454899669620997,44.48078198589401,0.0]
    ],
    "end_depot": 40,
    "start_depot": 0,
    "truck_dist": [
        [0.0,55.952064642194244,38.17310720769261,54.73463181713879,54.91980061351912,36.37564101128814,46.054558023914225,63.100110440344906,18.040992696284555,23.571562701458333,25.622303760724407,24.827244864862,47.49629225014501,46.16750820953195,45.277678356571094,51.69056275385945,40.15132392180138,54.81414662575881,59.45775628789068,15.275592313548339,62.231282396402506,30.69834442353573,19.64509627288455,26.063181840140704,27.440975897669805,44.29543593283178,16.639098318382437,8.933090107317993,38.09378245499323,41.044588224473344,23.395502922504704,2.107834261155004,43.27830455864167,9.750402331259801,42.516362377819085,38.26288426506322,15.776244251132399,34.33026538662388,4.276073792581876,58.49564921522922,0.0],
        [55.952064642194244,0.0,50.846360251265374,5.162472488374085,1.0322640286751223,19.57642363090611,10.215129569548122,14.250762103124458,44.5292878789533,63.95972970588827,65.80468289430354,34.99122590830176,33.35437301919031,23.088474093436986,10.674386285623157,38.209374725313545,15.800740720392866,9.720604838907548,7.670650611818054,40.67647232864591,6.279217754208261,25.25372021865852,51.60395856756335,57.49788815128885,28.511088744524443,11.656628709362472,72.5911629605767,55.616497294702995,50.224413029110984,43.43927963217328,32.55656171968954,56.1403842971712,12.67376008355258,46.20166231093445,13.435702264375166,18.030052681251888,47.94952708370742,33.060681329533786,57.17819970201144,2.5435845730349698,55.952064642194244],
        [38.17310720769261,50.846360251265374,0.0,49.62892742620991,49.81409622259025,31.269936620359264,40.94885363298535,57.994406049416035,56.21409990397716,14.601544506234276,14.958322643038175,15.855134342963616,17.491987232075065,34.71561824000195,40.171973965642216,13.517455546166847,35.04561953087251,49.70844223482994,54.35205189696181,30.2489488145289,57.125578005473635,25.592640032606855,18.52801093480806,12.109925367551902,37.69093234243305,39.1897315419029,23.19237092292779,29.24001710037461,0.6219472221543896,7.407080619092092,39.01902374914683,36.065272946537604,38.172600167712794,35.64567492572102,37.41065798689021,32.816307570013485,22.396862956560206,17.785678921731588,42.44918100027448,53.38994482430034,38.17310720769261],
        [54.73463181713879,5.162472488374085,49.62892742620991,0.0,5.318210461469604,18.35899080585065,15.377602057922207,9.088289614750373,43.31185505389784,62.74229688083281,64.58725006924809,33.7737930832463,32.13694019413485,28.25094658181107,14.626409283329856,36.991941900258084,14.583307895337406,4.558132350533462,4.723124470751898,39.459039503590446,7.496650579263722,24.036287393603057,50.38652574250789,56.28045532623339,27.293655919468982,15.560969016823961,71.37373013552123,54.39906446964753,49.00698020405552,42.22184680711783,31.33912889463408,54.92295147211574,11.456327258497119,44.984229485878984,12.218269439319705,20.346322637342347,46.73209425865196,31.843248504478325,55.96076687695599,5.220831376723666,54.73463181713879],
        [54.91980061351912,1.0322640286751223,49.81409622259025,5.318210461469604,0.0,18.544159602230987,10.059391596452603,14.406500076219977,43.497023850278175,62.92746567721315,64.77241886562842,33.958961879626635,32.32210899051519,22.932736120341467,9.642122256948035,37.17711069663843,14.768476691717744,9.876342812003067,7.826388584913573,39.644208299970785,7.311481782883384,24.221456189983396,50.57169453888823,56.465624122613725,27.47882471584932,10.62436468068735,71.55889893190157,54.584233266027866,49.19214900043586,42.40701560349816,31.524297691014418,55.10812026849608,11.641496054877457,45.16939828225932,12.403438235700044,16.997788652576766,46.9172630550323,32.02841730085866,56.145935673336325,3.575848601710092,54.91980061351912],
        [36.37564101128814,19.57642363090611,31.269936620359264,18.35899080585065,18.544159602230987,0.0,21.97877412222546,26.72446942905677,29.35638225970218,44.38330607498217,46.22825926339744,15.414802277395648,36.18090268672739,34.85211864611432,21.22758134763311,40.37517319044183,4.010950065942229,18.438505614470674,23.082115276602547,21.1000486977398,25.85564138511437,18.35923820201804,32.02753493665725,37.92146452038274,10.83321469815807,22.162141081127213,53.014739329670576,36.04007366379689,30.647989398204874,29.729198661055715,12.980138088783432,36.56396066626509,10.685814822091746,26.625238680028335,11.698726354230164,26.9474947016456,28.373103452801317,23.01487582320625,37.601776071105334,22.12000820394108,36.37564101128814],
        [46.054558023914225,10.215129569548122,40.94885363298535,15.377602057922207,10.059391596452603,21.97877412222546,0.0,24.46589167267258,51.335156381927646,54.062223087608245,55.90717627602352,25.093719290021728,23.45686640091028,12.873344523888864,0.7768796673431275,28.31186810703352,17.96782405628323,19.93573440845567,17.885780181366176,30.778965710365878,16.17672437248829,15.356213600378489,41.70645194928333,47.600381533008814,32.81198882038353,1.7591220910824426,62.69365634229666,45.71899067642296,40.32690641083096,33.54177301389325,34.140080227097314,46.242877678891176,11.292959300133713,36.30415569265442,10.280047767995296,8.132546062971858,38.05202046542739,23.16317471125376,47.280693083731414,12.441091191315,46.054558023914225],
        [63.100110440344906,14.250762103124458,57.994406049416035,9.088289614750373,14.406500076219977,26.72446942905677,24.46589167267258,0.0,51.67733367710396,71.10777550403893,72.9527286924542,42.13927170645242,40.502418817340974,37.339236196561444,23.71469889808023,45.35742052346421,22.94878651854353,8.285963814586097,6.580111491306404,47.82451812679657,9.310923130715295,32.40176601680918,58.752004365714015,64.64593394943951,35.659134542675105,24.649258631574334,79.73920875872736,62.76454309285366,57.372458827261646,50.58732543032394,39.7046075178402,63.288430095321864,19.82180588170324,53.349708109085114,20.583748062525828,29.43461225209272,55.097572881858085,40.20872712768445,64.3262455001621,14.309120991474039,63.100110440344906],
        [18.040992696284555,44.5292878789533,56.21409990397716,43.31185505389784,43.497023850278175,29.35638225970218,51.335156381927646,51.67733367710396,0.0,41.61255539774289,43.66329645700896,42.86823756114656,65.53728494642957,64.2085009058165,50.58396360733529,69.73155545014401,33.36733232564441,43.39136986251786,48.034979524649735,25.96515108944826,50.80850563316156,47.71562046172022,37.686088969169106,44.10417453642526,18.52316756154411,51.5185233408294,33.02172898104937,26.97408280360255,56.13477515127778,59.08558092075789,17.19507615483033,20.14882695743956,40.04219708179393,20.568424978256143,41.05510861393235,56.30387696134778,33.81723694741696,52.371258082908426,13.76491890370268,47.07287245198827,18.040992696284555],
        [23.571562701458333,63.95972970588827,14.601544506234276,62.74229688083281,62.92746567721315,44.38330607498217,54.062223087608245,71.10777550403893,41.61255539774289,0.0,2.0507410592660746,28.96850379758652,30.605356686697966,47.82898769462486,53.28534342026512,28.11900005240112,48.15898898549541,62.821811689452836,67.46542135158472,23.283257377242368,70.23894746009654,38.70600948722976,12.355771138324922,6.461841554599429,35.448640961363836,52.3031009965258,8.631433254688408,14.638472594140339,14.522219753534898,20.520450073714997,31.403167986198735,21.463728440303328,51.2859696223357,21.044130419486745,50.52402744151311,45.92967702463639,16.010202622180852,30.899048376354486,27.84763649404021,66.50331427892324,23.571562701458333],
        [25.622303760724407,65.80468289430354,14.958322643038175,64.58725006924809,64.77241886562842,46.22825926339744,55.90717627602352,72.9527286924542,43.66329645700896,2.0507410592660746,0.0,30.813456986001793,32.45030987511324,49.67394088304013,55.130296608680396,27.59530816899,50.00394217391069,64.6667648778681,69.31037453999998,25.12821056565764,72.08390064851181,40.55096267564503,14.200724326740195,8.306794743014702,37.29359414977911,54.148054184941074,10.64156747595959,16.689213653406412,15.580269865192564,22.36540326213027,33.248121174614006,23.5144694995694,53.130922810750974,23.09487147875282,52.36898062992839,47.774630213051665,17.855155810596123,32.74400156476976,29.898377553306283,68.34826746733852,25.622303760724407],
        [24.827244864862,34.99122590830176,15.855134342963616,33.7737930832463,33.958961879626635,15.414802277395648,25.093719290021728,42.13927170645242,42.86823756114656,28.96850379758652,30.813456986001793,0.0,22.669047385283015,21.34026334466995,24.3168396226786,26.863317888997454,19.19048518790889,33.85330789186632,38.496917553998195,16.903086471698295,41.27044366251002,9.737505689643239,16.612732659261596,22.50666224298709,24.345069999602444,23.334597198939285,37.599937052274925,20.625271386401234,15.233187120809227,16.21734335961134,25.673161406316225,22.719410603706997,22.317465824749178,22.299812582890414,21.55552364392659,16.96117322704987,12.958301175405667,9.503020521761878,29.103318657443875,37.53481048133673,24.827244864862],
