{
    "drone_dist": [
        [0.0,1838.2675774603154,1808.7934251020954,889.9749848124898,2108.0607451046094,2929.9699705169364,627.052292256755,2850.0546468031503,1936.5257410828253,2544.858909465756,1424.2028268201063,391.8096063777776,1722.1279206256452,3154.585027231212,2419.626835016389,2038.717365132361,2327.96003432896,1011.375839846487,2131.8624842513814,3460.3942136764103,3116.7741415522282,1054.7239842506465,1907.5015122531147,1329.0347428048842,3313.358236062968,1212.3665022118112,3285.705016553206,2032.7032296381117,1677.865647039384,2594.380925404304,764.8386944634543,2398.8616235623354,1696.3389774838317,2640.507697809447,2886.642797317471,2918.2226459460635,1405.5334200038117,3600.721570511723,3962.8006107998335,3926.7075051347506,2928.58595710261,1877.1776874388856,1593.2682449368267,3678.9543311514863,2724.477369977332,587.8873180831903,2511.4020357157715,2216.0109003731845,2945.477962527857,1950.9988356583872,2115.8542544228503,3714.762003273599,2031.1143564432164,1452.9638681756649,3500.6356734616093,1400.5825114762179,3557.225346527428,3047.316777395295,1048.8964989884093,1058.2621655352798,0.0],
        [1838.2675774603154,0.0,3567.3837488034246,2588.7611518988583,768.0659898923448,3772.8541718647652,1830.3447994098508,1888.9448039561662,3505.56255454986,2109.0948797774063,1392.694302052857,1642.2275080815964,3128.4228850788854,3614.829129449639,1051.6696820366453,1830.6661813533754,1060.1478787108708,1499.1028633980939,1906.7741166222195,4263.485922073115,4906.994654945916,988.5689328876031,1782.3623715841723,1176.083099035067,3047.006169234667,1934.85934776519,2754.506609603216,3861.815858427752,1592.0008738004808,1497.7273312380344,2593.5041467722376,4224.579209973722,2133.067540691799,2426.9228948890545,2545.07965841904,4742.7856926193945,3201.195323923136,3011.2528171194867,4686.413641788493,4269.376990494576,4423.386555225398,1388.916931830121,1716.4766261999405,4499.788474287403,2822.548969863856,1870.3605977497002,4320.195887599994,4054.276262828089,4720.079257181086,1508.7178879930905,3755.059984053024,3172.2582684620093,3115.6582874645637,1071.9785648976217,2990.7358269039687,2046.2005538288706,3114.594264131699,4515.040130267641,1339.3816670579454,1422.3262823205582,1838.2675774603154],
        [1808.7934251020954,3567.3837488034246,0.0,979.3035385679392,3619.908944441753,2366.756398400725,1771.3109302314033,3973.335211092353,648.4950465532727,3398.9853778334677,3160.2887974857035,2155.478136081875,1008.331818622593,2969.858593169531,3871.11295632403,2949.7033815656096,3751.528996370999,2728.420976689737,3007.639244568004,2782.7207609883744,1343.999596483152,2863.4153849997015,3565.264279798594,3109.3015274394356,3791.9085431701124,2001.798679134769,3992.162556089575,1077.0652191098611,2718.4234122789294,3862.084216172911,1258.9323515513552,804.8073829613628,3175.5445333936736,3286.9775370217412,3551.799617837972,1262.3670877544148,1230.4871387258097,4283.992337063471,3266.766040062234,3664.83177315468,1399.7242713879791,3058.108207260662,2541.8797807138208,2926.3588421295813,3065.7121858971254,2163.610429402631,803.3727904462949,923.0080729841752,1152.6977363547296,3065.692517443203,528.1563441698995,4336.160197925849,1600.5538595892258,3245.13245077383,4139.934272339241,2064.5583560580753,4127.78222071363,1539.1549938477858,2809.5269989483645,2796.151834248714,1808.7934251020954],
        [889.9749848124898,2588.7611518988583,979.3035385679392,0.0,2662.6556653813927,2301.0025883261487,804.805207741629,3128.021823407005,1050.9886063748743,2636.141500434971,2307.154704531393,1272.2470176226009,915.4008827776995,2698.7509004649846,2929.1456536551477,2146.21964299793,2814.621242648107,1884.6302770846492,2220.073244429234,2810.9827883054345,2322.17649497514,1929.592265801441,2769.420300854226,2219.0023433440715,3204.7722914504034,1162.055572197422,3308.548279376755,1570.7897509093084,1858.3509347120607,2968.6229007904208,710.4777531578442,1692.7691827886813,2479.8866280593747,2605.449646681909,2872.4386794041675,2197.362332874615,1202.416993824849,3617.6445108859793,3321.760055612815,3463.6784154403413,2044.8726965618953,2170.1610472804796,1701.0688035694977,3009.1484683979324,2515.4743307711497,1371.9539378874567,1753.7857355371875,1627.0050843453262,2131.7708115651944,2198.0451736102937,1227.6289962460755,3698.307284174184,1379.3946326050527,2341.7864749882287,3489.4265807213856,1282.7355482381424,3507.778675352109,2166.9529000166117,1935.757350749447,1939.1235295393667,889.9749848124898],
        [2108.0607451046094,768.0659898923448,3619.908944441753,2662.6556653813927,0.0,3334.896931212763,1857.88367260216,1120.8796655997633,3419.8644789433024,1410.05645994238,2091.999263063674,2045.9969044481795,2984.0897905113866,3055.735265888239,332.34252416588726,1249.299128980438,298.52349433203443,2099.702703405728,1302.7131632304247,3785.6456258822072,4956.995088640108,1571.646238612304,2527.5291897807506,1862.1608444376966,2330.4666285664725,1718.204458396719,2004.6847580282142,4113.513456755537,1138.7867056138602,730.5582833658333,2863.948397777551,4354.5204912183735,2822.3055367972884,1757.8623807814038,1836.2848164707023,4859.727487913437,3512.9227521913294,2250.849382837928,4164.981851635154,3648.390707953235,4246.018604357958,820.8503641928357,1312.658856575234,4018.457772938672,2208.0404102184466,2330.7371029330907,4412.590940487013,4250.544379631596,4753.107323886717,917.6726737914493,3700.424654845028,2413.851706277274,2826.296550285556,1786.3248770014911,2238.440503602138,1761.718939244866,2368.0156580997855,4318.404103374809,1951.8880756097285,2037.113877783611,2108.0607451046094],
        [2929.9699705169364,3772.8541718647652,2366.756398400725,2301.0025883261487,3334.896931212763,0.0,2364.0220566510548,2951.0328322658997,1719.781915801837,2231.792247136549,4229.714615700595,3293.4756764856893,1454.0900771362105,747.644579608948,3396.470563461001,2111.27551097697,3267.989077923938,3879.8195371016236,2085.224331585196,531.6762223301299,3086.6735568862896,3664.8641394108786,4759.812428020889,4058.638388832394,2002.9679710983357,1923.0319407159582,2411.914332138775,3439.28308332682,2211.9422120693966,3091.044623496996,3010.565069163499,3047.3038136013292,4624.050368679075,1903.2162099484588,2071.6243033333976,3308.163352598832,3392.0697065830277,2600.7868661730818,1033.8421882900209,1311.3770621294125,1654.6117781750334,2514.95764434364,2063.0529762354186,758.6162745098471,1411.242261085597,3515.038214286176,2918.0071241688047,3275.934338289752,2874.866932240398,2427.417491107114,1932.8430191683444,2571.2783185548037,923.5890128780552,4123.617688603907,2440.265528125434,1764.9650807083674,2353.0726753856775,1620.9025325885248,3859.9377132702525,3900.3092446900982,2929.9699705169364],
        [627.052292256755,1830.3447994098508,1771.3109302314033,804.805207741629,1857.88367260216,2364.0220566510548,0.0,2392.707219614725,1679.441250371373,1992.7787320854266,1876.278393312613,942.291330401554,1338.6377179249025,2537.6924422044485,2127.773426636437,1484.159994776881,2015.6065253664383,1515.7980670606385,1571.6363933539328,2895.5277728928518,3114.518736913495,1354.8531050985987,2399.880283740677,1723.3494010717143,2709.3706063706013,588.1698194656688,2716.972352466856,2309.0487525021726,1146.549278713913,2196.306112649624,1152.2135321902238,2496.9089631369634,2275.0103813227306,2048.2764199822886,2302.8139359298734,3002.1066382408735,1797.7161934158282,3032.371760425456,3389.331352353944,3307.440551881523,2625.114030365629,1414.854729827948,1026.2645893332085,3120.9676251951105,2101.718328590022,1202.2705384079,2556.923418786104,2409.8113903626418,2917.3531466720383,1462.5901760643503,1924.7163717336573,3136.698626328147,1504.5001186681,1810.2259343179069,2922.7628650237184,774.5217834991896,2968.858229910876,2727.4643312623652,1501.2208254689622,1537.7891795974376,627.052292256755],
        [2850.0546468031503,1888.9448039561662,3973.335211092353,3128.021823407005,1120.8796655997633,2951.0328322658997,2392.707219614725,0.0,3600.201896717198,720.1297815161485,3170.650422460016,2912.6079375134914,3122.095742566764,2453.9834224917236,879.76626392617,1033.997926781725,834.2359403617281,3112.0862561723598,994.6004800300869,3293.7866431512457,5237.375227515008,2601.791513814973,3632.456907928979,2937.645371403808,1389.020455929908,1980.3839805120795,964.6168863706616,4688.70780742083,1269.866148091852,395.04044774161616,3533.3194153478225,4766.9936776222075,3882.226218322738,1061.0080275692624,980.2166743316194,5233.878500045705,4186.346596031786,1160.1128272844614,3569.719354661604,2874.4930822752963,4233.219988931733,980.9080781232306,1435.4957247028967,3506.5841722338514,1577.287107804084,3221.6903371351054,4773.306008824859,4751.8868870470305,5018.600495828105,932.589326095365,3902.8204873650016,1327.8756576541182,2758.2398904667716,2879.263204130875,1178.6590598102778,1909.855853825196,1324.434668984735,4271.94005260744,2978.8034251174167,3061.9063365422066,2850.0546468031503],
        [1936.5257410828253,3505.56255454986,648.4950465532727,1050.9886063748743,3419.8644789433024,1719.781915801837,1679.441250371373,3600.201896717198,0.0,2968.476356126995,3357.645953689109,2322.366164012873,480.1673661969658,2342.2240885723713,3631.1097229965203,2566.4489259745296,3504.0827609345147,2935.607565139322,2608.896219046525,2136.3401272902793,1646.4533140800008,2955.5383468938353,3818.4203252692114,3263.7253543938496,3249.9639478915237,1711.5334911423547,3496.4409853767315,1725.0048484895233,2398.944854756827,3545.6183942068988,1615.3333313774654,1364.6128737419454,3505.0098192366836,2805.3153984785545,3062.2514191138807,1721.968864140851,1787.9536321133596,3773.9906257708276,2624.5609345037096,3022.1530470226967,993.92860556071,2756.473462547232,2211.9441584466063,2285.607027979072,2522.628654452935,2414.340671731789,1279.644108278825,1558.390490891321,1424.694499936182,2740.134958465048,303.8642157473737,3810.455808702966,1007.2253386049475,3381.573202338397,3623.50208336976,1717.5223121944612,3596.0846962127293,1117.5070324954509,2984.8712937207756,2989.8013988006305,1936.5257410828253],
        [2544.858909465756,2109.0948797774063,3398.9853778334677,2636.141500434971,1410.05645994238,2231.792247136549,1992.7787320854266,720.1297815161485,2968.476356126995,0.0,3187.81421756893,2699.3634429415824,2488.4178784824994,1765.534091079877,1320.1969709462048,509.0661446047555,1214.6166648168382,3032.953205998267,422.01797461877476,2587.4844233231547,4614.663847617378,2574.5840060682335,3697.4184242440588,2958.835214640369,939.9072226005998,1477.6035649858425,749.5486134537175,4205.962428791754,867.879963584583,905.1862781670172,3141.1712974476413,4202.443504408258,3842.5642063185605,371.68943699423295,436.80582124346677,4646.459182946519,3774.1597917080435,1060.9270690882468,2889.366775001833,2267.447572470948,3540.77196821678,784.3886439664184,966.5589605792597,2805.1789334960727,881.4520365680188,3011.487039662995,4186.780159281272,4229.190543230752,4393.157377758105,668.2683503565668,3272.3224079375796,1188.5248449024716,2074.332301940311,2937.843382298073,978.1087827685285,1358.3576703226056,1065.7425992800597,3573.0307928529915,2924.830018370943,3000.950445526217,2544.858909465756],
        [1424.2028268201063,1392.694302052857,3160.2887974857035,2307.154704531393,2091.999263063674,4229.714615700595,1876.278393312613,3170.650422460016,3357.645953689109,3187.81421756893,0.0,1035.3595238361763,3137.666265178822,4309.86157079189,2410.641524446765,2765.3956116760937,2389.2794777711892,431.8927702996477,2860.2410261482983,4759.437019315756,4390.034238691365,621.4193449160744,538.5626516259026,233.23452618172212,4102.682705237556,2331.835709784169,3914.2482334373412,3059.906819994184,2418.242982733064,2802.3722241600403,1929.8981039659313,3611.927193115214,740.3811379698354,3422.8630584959633,3610.259959261613,4117.057884499649,2355.803026968669,4204.620808313393,5244.029844548919,5052.519322010918,4351.000211226074,2403.548937320576,2443.8382575260557,4988.273712548206,3684.1269434151386,1004.9889459505944,3767.5497227888736,3336.104698433121,4245.262537600495,2520.1503971809066,3521.67190250726,4352.395820547362,3380.201952217541,323.9983481430879,4151.234010921765,2512.1352541058545,4251.479488161177,4470.8795081004055,379.5730622582034,368.32212798500484,1424.2028268201063],
        [391.8096063777776,1642.2275080815964,2155.478136081875,1272.2470176226009,2045.9969044481795,3293.4756764856893,942.291330401554,2912.6079375134914,2322.366164012873,2699.3634429415824,1035.3595238361763,0.0,2113.6251554949085,3476.3639778784022,2372.8920954015216,2207.2469773093385,2298.1318664658243,619.566492600688,2303.670750356821,3824.978416425081,3434.0133600367894,739.4839157180779,1516.0747970349844,955.6910294919812,3525.1885471112428,1495.4014814494694,3448.5320058131915,2241.1466205864695,1837.9627516989779,2616.8164614192133,994.2495597140777,2687.4729884172775,1333.6772787665705,2840.9031776774013,3072.700192995587,3204.615726090766,1563.850712401092,3760.120122380839,4323.500048844553,4243.359923005962,3315.642180036693,1972.9964115649423,1789.0903349172172,4046.7369980387084,2982.1726899521473,313.0032658401581,2818.7621951077367,2464.705201012894,3273.1271011465583,2064.1151743763903,2491.5671957807467,3885.4381909576987,2406.2346461435895,1089.6670534631337,3672.7922456778233,1686.2920757145216,3743.078997964717,3435.6691301416304,664.1960734712925,668.0105699584155,391.8096063777776],
        [1722.1279206256452,3128.4228850788854,1008.331818622593,915.4008827776995,2984.0897905113866,1454.0900771362105,1338.6377179249025,3122.095742566764,480.1673661969658,2488.4178784824994,3137.666265178822,2113.6251554949085,0.0,1983.5436029016382,3180.6724352699134,2088.871181246497,3052.0554756169186,2732.905286734165,2129.784140024868,1935.9941726804743,2126.2943118515245,2675.190202113155,3629.618877147573,3016.5570683084793,2796.392161009413,1266.207661713564,3025.739618154392,2033.3244470256004,1934.0529753756725,3076.0513396502756,1599.5826114143642,1791.5591494816206,3380.7032049959425,2330.435928436151,2589.448756473273,2184.862333790899,1938.084668717615,3307.8022966204985,2444.023911556303,2707.932221449137,1295.2351695677396,2293.6435432333956,1745.9455889847386,2120.2249062371056,2068.480540468324,2262.0446835415187,1733.3019188700546,1927.0706088337126,1904.7515142785971,2271.6767592268043,784.0255990126672,3350.070545599776,599.1685195146569,3120.154883971036,3159.348219791492,1252.675653781367,3138.021606018566,1391.4361905000828,2758.5698679378024,2776.051948711184,1722.1279206256452],
        [3154.585027231212,3614.829129449639,2969.858593169531,2698.7509004649846,3055.735265888239,747.644579608948,2537.6924422044485,2453.9834224917236,2342.2240885723713,1765.534091079877,4309.86157079189,3476.3639778784022,1983.5436029016382,0.0,3047.201313745214,1809.8280944978044,2927.7778558985365,4011.1300262795016,1753.0774845984206,868.1771664430308,3807.8030034777294,3706.5303001360207,4848.376477031034,4113.355096421971,1315.8330033673735,1992.4728545995345,1765.9516571774977,4016.5465125498504,2026.0034120036646,2668.6563666183347,3398.3708441588865,3702.008441415537,4801.418905963875,1399.1522826033056,1497.01901832464,4002.770235089208,3869.01844810897,1913.1046340369185,1124.7365851044426,774.3847541666129,2399.5938834425906,2252.308856672858,1927.0125452384543,1061.6471614559377,884.0857738601096,3738.4312542042094,3592.74654783467,3892.3748017630355,3592.046398344769,2143.4327921943514,2590.9572313238064,1863.7390885865825,1386.1608175316042,4151.33460871727,1755.3073744496319,1805.1230691561868,1651.1850553731404,2368.4571134962357,3961.6791704433067,4015.405527877519,3154.585027231212],
        [2419.626835016389,1051.6696820366453,3871.11295632403,2929.1456536551477,332.34252416588726,3396.470563461001,2127.773426636437,879.76626392617,3631.1097229965203,1320.1969709462048,2410.641524446765,2372.8920954015216,3180.6724352699134,3047.201313745214,0.0,1285.207064818651,131.8752988443483,2430.5092911700817,1316.1290835921154,3819.417780172699,5199.513108610641,1901.9390083469684,2830.765149362721,2182.71115172027,2192.3476538507066,1919.5930264148503,1819.483522899058,4408.841207977973,1269.4704969107677,488.74689757444554,3169.1358212910704,4621.45390233966,3144.6539545239275,1687.7336894938887,1718.387060604092,5121.06897269029,3821.4697461689584,2037.6355781981404,4168.9489000367475,3587.405228953902,4416.876683157275,914.8280617572852,1455.6036964484597,4047.934220961476,2174.344865416255,2660.3972936411674,4669.510751801556,4533.664166868799,4991.643341806604,979.2665545655183,3919.068017589431,2204.529941891099,2968.4205276217353,2100.0789371668548,2044.9575195343064,1934.839871292214,2184.223923469533,4481.224156872597,2281.64109479093,2366.922230765248,2419.626835016389],
        [2038.717365132361,1830.6661813533754,2949.7033815656096,2146.21964299793,1249.299128980438,2111.27551097697,1484.159994776881,1033.997926781725,2566.4489259745296,509.0661446047555,2765.3956116760937,2207.2469773093385,2088.871181246497,1809.8280944978044,1285.207064818651,0.0,1156.8533876243166,2575.568978954213,97.20961110086526,2542.547312417482,4203.684121465064,2144.9853730353993,3288.771024235116,2542.0583485416764,1342.8101417153298,984.1640785817799,1247.6298087019425,3716.9232957133927,369.4720062790183,1026.4786129386673,2633.7519259389305,3748.3179892813687,3390.6893507045543,657.9906147739166,867.9736697324112,4207.256881525979,3269.636073201035,1562.2526493587957,2915.701134822296,2438.971160124305,3230.563257710658,445.35333766859276,458.49014033149604,2773.7353180751297,991.9418530791409,2517.843043058534,3746.572276444335,3754.3835592782607,3984.714287545295,333.60556047056986,2868.9083679056735,1680.4618573008456,1755.0064301887173,2538.509841846453,1467.0103208285834,886.5546878375368,1536.393719745788,3278.9518490569726,2478.003070525626,2550.438010416861,2038.717365132361],
        [2327.96003432896,1060.1478787108708,3751.528996370999,2814.621242648107,298.52349433203443,3267.989077923938,2015.6065253664383,834.2359403617281,3504.0827609345147,1214.6166648168382,2389.2794777711892,2298.1318664658243,3052.0554756169186,2927.7778558985365,131.8752988443483,1156.8533876243166,0.0,2386.212410553785,1190.3749022888426,3694.1486246269646,5077.402674604827,1860.0079778488232,2825.835966509376,2158.9042033487644,2104.414899925982,1792.6246207909774,1748.8465626090447,4304.951294927548,1137.9604685366508,439.7487993548731,3071.8913622624555,4505.956622656428,3117.8887758471533,1578.6805284615402,1622.6160654367554,5003.7032859673245,3725.9683106984166,1980.4717355572116,4048.117957432545,3479.115310785536,4285.89835561905,782.9590557515389,1324.354112131842,3923.3115713447464,2058.4899827074714,2590.8661307442603,4551.06295853132,4424.05600694392,4868.751390490738,848.1659482703567,3792.996338400793,2145.731428086104,2836.6322967669103,2084.622643205275,1978.481281170789,1804.895263829147,2113.769528309671,4349.862947170948,2240.8453536858483,2325.8871898017587,2327.96003432896],
        [1011.375839846487,1499.1028633980939,2728.420976689737,1884.6302770846492,2099.702703405728,3879.8195371016236,1515.7980670606385,3112.0862561723598,2935.607565139322,3032.953205998267,431.8927702996477,619.566492600688,2732.905286734165,4011.1300262795016,2430.5092911700817,2575.568978954213,2386.212410553785,0.0,2672.483989240949,4411.3062626254905,3962.5445211052893,529.1581595468956,897.7206623122576,437.9012192649153,3917.840865995336,2019.0143247106498,3776.0385213735226,2656.0828171628923,2213.0733137124716,2768.3830106685004,1500.6725484949557,3188.620416609592,816.4786463114667,3230.881295760999,3438.920068558096,3696.652340423101,1952.7329225767958,4077.5696139214415,4903.924940783189,4767.390472660015,3929.502782408315,2259.6635122956923,2208.497772742482,4636.611270712878,3442.279192400762,576.5995988092069,3340.603910818014,2922.1287829810526,3815.5988255636657,2368.301664080582,3093.6485857028865,4216.713823249164,3008.299624708451,595.1116697988475,4009.3263089644333,2206.065226568346,4097.386636478022,4051.0307832088247,161.06916586428102,87.76299815475144,1011.375839846487],
        [2131.8624842513814,1906.7741166222195,3007.639244568004,2220.073244429234,1302.7131632304247,2085.224331585196,1571.6363933539328,994.6004800300869,2608.896219046525,422.01797461877476,2860.2410261482983,2303.670750356821,2129.784140024868,1753.0774845984206,1316.1290835921154,97.20961110086526,1190.3749022888426,2672.483989240949,0.0,2503.7751088237474,4250.119585911086,2240.1455533089884,3382.6351337271835,2636.3516683031935,1246.2835747339886,1059.045029438898,1153.8562021756172,3790.757015788271,466.28994720630004,1023.8013078935645,2719.248221587912,3808.3371260166746,3487.470508474434,562.6298877249866,770.8517879107195,4262.429629794756,3352.369924286089,1468.883542947669,2865.5801063877184,2366.1065773033465,3249.1253432845583,517.8816303125595,545.4874815051161,2733.169490803578,918.0117100077247,2614.050706425432,3801.882935767774,3822.0929607457824,4030.286392226465,399.53330233639593,2912.132797402772,1585.287156312477,1772.4095604954846,2631.1914404108934,1371.627403759416,950.158963484376,1439.6498751744557,3293.6398034767053,2574.42250968561,2647.059413555796,2131.8624842513814],
        [3460.3942136764103,4263.485922073115,2782.7207609883744,2810.9827883054345,3785.6456258822072,531.6762223301299,2895.5277728928518,3293.7866431512457,2136.3401272902793,2587.4844233231547,4759.437019315756,3824.978416425081,1935.9941726804743,868.1771664430308,3819.417780172699,2542.547312417482,3694.1486246269646,4411.3062626254905,2503.7751088237474,0.0,3333.651662003462,4190.841137238313,5290.324515293704,4586.392125149102,2178.2166515449107,2445.468982455175,2633.8960690232316,3859.655041347654,2684.110550777439,3477.3496658161534,3517.5683362321033,3403.503799598321,5155.11069013935,2232.790881950341,2355.5816466421415,3606.058365964875,3867.3304752189006,2771.5873702480962,510.77761916096995,1074.4488294641278,1841.6103627559844,2965.5703869856206,2547.294701645658,236.40372700489598,1717.0727481127608,4044.738674347384,3251.308154696398,3667.3742075259056,3134.8677657943495,2869.3524791139844,2308.123062073468,2711.0540904060026,1443.259444477226,4648.947319473089,2615.724289661004,2281.904970765191,2504.132523538255,1769.9468617901077,4390.476655532306,4431.391101196244,3460.3942136764103],
        [3116.7741415522282,4906.994654945916,1343.999596483152,2322.17649497514,4956.995088640108,3086.6735568862896,3114.518736913495,5237.375227515008,1646.4533140800008,4614.663847617378,4390.034238691365,3434.0133600367894,2126.2943118515245,3807.8030034777294,5199.513108610641,4203.684121465064,5077.402674604827,3962.5445211052893,4250.119585911086,3333.651662003462,0.0,4162.902141701026,4735.73405688609,4370.387970053631,4857.44632549917,3301.091408413964,5131.467370304656,1519.673832194279,4010.281970672442,5160.343114459145,2462.5860216709193,804.9468048776697,4273.233860639369,4447.245418397699,4701.099054714819,446.3330945213302,2130.4831433386566,5401.007244108964,3721.0790632861285,4370.386381985487,1498.5989288044625,4360.50714406753,3827.0987203902055,3391.8358227432877,4136.395330666403,3386.0545578983765,623.1095725858506,1172.3310255670726,223.30241418380575,4356.251389101931,1342.8029976824553,5427.162125408032,2610.861900361339,4514.809580402456,5247.4467839670215,3336.1670124908037,5209.526378306423,1592.004479872924,4063.8400187448565,4038.1895757597704,3116.7741415522282],
        [1054.7239842506465,988.5689328876031,2863.4153849997015,1929.592265801441,1571.646238612304,3664.8641394108786,1354.8531050985987,2601.791513814973,2955.5383468938353,2574.5840060682335,621.4193449160744,739.4839157180779,2675.190202113155,3706.5303001360207,1901.9390083469684,2144.9853730353993,1860.0079778488232,529.1581595468956,2240.1455533089884,4190.841137238313,4162.902141701026,0.0,1153.6367100316788,407.85026776974047,3483.9885333839666,1747.7268057214117,3307.259887322487,2974.019997748931,1796.8243227028374,2249.531552425154,1733.727061093682,3424.730526700231,1283.704931304582,2802.75188455109,2993.6380902957017,3942.57313385976,2286.75458051798,3602.1273494856546,4666.55508471274,4442.147905142227,3936.165383909083,1791.6329453277933,1824.7982816133278,4422.615214791596,3064.386871036856,904.9908559212988,3551.2106831962296,3203.7256155274395,3996.2831106658687,1906.318991785763,3156.148595676044,3746.815205382237,2848.411731308241,459.6819276836224,3543.2653792411684,1921.1739399947644,3639.8098895532203,4047.449361940577,380.9042646379224,465.8806458102797,1054.7239842506465],
        [1907.5015122531147,1782.3623715841723,3565.264279798594,2769.420300854226,2527.5291897807506,4759.812428020889,2399.880283740677,3632.456907928979,3818.4203252692114,3697.4184242440588,538.5626516259026,1516.0747970349844,3629.618877147573,4848.376477031034,2830.765149362721,3288.771024235116,2825.835966509376,897.7206623122576,3382.6351337271835,5290.324515293704,4735.73405688609,1153.6367100316788,0.0,748.283382180888,4620.475941481013,2868.639234506891,4413.773355125409,3329.6401374215334,2947.011017077258,3252.8858658481267,2309.849758469465,3940.7752243497284,581.5719175685539,3944.711893271147,4124.517500884513,4429.98223035239,2636.630681692585,4697.806372908447,5777.39560181448,5590.818671947552,4811.74353755094,2913.651782324751,2978.4294861555177,5518.03861906058,4217.90597895699,1410.4045527522342,4113.489332989044,3632.4040960406105,4606.9139718453025,3032.345830160298,3961.2843958916383,4849.23083848532,3900.0686670254695,761.5468851642801,4651.607029903604,3049.7971620369003,4756.918843111322,4935.696785819363,899.8747152679571,863.5477617501328,1907.5015122531147],
        [1329.0347428048842,1176.083099035067,3109.3015274394356,2219.0023433440715,1862.1608444376966,4058.638388832394,1723.3494010717143,2937.645371403808,3263.7253543938496,2958.835214640369,233.23452618172212,955.6910294919812,3016.5570683084793,4113.355096421971,2182.71115172027,2542.0583485416764,2158.9042033487644,437.9012192649153,2636.3516683031935,4586.392125149102,4370.387970053631,407.85026776974047,748.283382180888,0.0,3876.7561763169992,2147.725097164262,3683.1685896265285,3089.621198719747,2198.798221656252,2570.182156302871,1909.3586368030387,3605.683979872547,962.6058636843211,3198.7786712377265,3382.8668345273736,4117.192733965574,2387.2556572957783,3972.6571992835284,5065.702995551041,4849.955642953447,4253.598006621258,2174.447061606575,2231.4411542300663,4817.056045967044,3470.222915527422,997.123094769592,3750.5235968147213,3349.6921523689048,4216.668035961352,2291.745101636956,3443.7419250657167,4120.947882711408,3226.364570636063,157.4374444005412,3920.3415185372237,2323.9035169783997,4021.642546393802,4369.844859491011,308.00785797562764,351.2887734292504,1329.0347428048842],
        [3313.358236062968,3047.006169234667,3791.9085431701124,3204.7722914504034,2330.4666285664725,2002.9679710983357,2709.3706063706013,1389.020455929908,3249.9639478915237,939.9072226005998,4102.682705237556,3525.1885471112428,2796.392161009413,1315.8330033673735,2192.3476538507066,1342.8101417153298,2104.414899925982,3917.840865995336,1246.2835747339886,2178.2166515449107,4857.44632549917,3483.9885333839666,4620.475941481013,3876.7561763169992,0.0,2131.3059579683304,486.16792293741173,4727.435926898091,1705.588026625919,1721.9691571167232,3808.0063584888253,4586.680867309375,4733.325988777266,687.6393872958107,503.1507057731441,4971.916881031863,4398.910148085666,599.3455702474015,2332.3780487009617,1526.5509431678745,3575.895558449594,1711.2052725372034,1736.1087632962895,2352.7324564066093,728.0121052850249,3830.94918352814,4526.562370829161,4687.945741912291,4634.689094981141,1590.5380578503143,3541.295279970991,577.6060812184711,2250.5320989999136,3864.1417784228474,440.0376835775697,1962.2227505147332,356.7882577081357,3571.458481228557,3820.7043703576765,3893.246186716971,3313.358236062968],
        [1212.3665022118112,1934.85934776519,2001.798679134769,1162.055572197422,1718.204458396719,1923.0319407159582,588.1698194656688,1980.3839805120795,1711.5334911423547,1477.6035649858425,2331.835709784169,1495.4014814494694,1266.207661713564,1992.4728545995345,1919.5930264148503,984.1640785817799,1792.6246207909774,2019.0143247106498,1059.045029438898,2445.468982455175,3301.091408413964,1747.7268057214117,2868.639234506891,2147.725097164262,2131.3059579683304,0.0,2172.2888370198243,2732.781194568412,716.8205458450633,1862.215737427828,1686.2718780703296,2788.8476098683714,2810.8353009653283,1484.4908547093146,1745.8143251876925,3264.157560141607,2303.8104249454627,2485.805910073366,2918.836415707075,2752.988102799855,2534.7507615052427,1059.8466327145436,545.0174325243842,2678.5639199989328,1513.5544758242797,1775.3070971817224,2804.8280171758565,2775.2705218890987,3088.284530342972,1063.9634788267028,2001.012239930695,2580.1960436953264,1181.8340031860148,2204.48074550316,2367.5235651199387,190.9250094826496,2403.520372890163,2613.678185282163,1974.594128672801,2025.3916100164904,1212.3665022118112],
        [3285.705016553206,2754.506609603216,3992.162556089575,3308.548279376755,2004.6847580282142,2411.914332138775,2716.972352466856,964.6168863706616,3496.4409853767315,749.5486134537175,3914.2482334373412,3448.5320058131915,3025.739618154392,1765.9516571774977,1819.483522899058,1247.6298087019425,1748.8465626090447,3776.0385213735226,1153.8562021756172,2633.8960690232316,5131.467370304656,3307.259887322487,4413.773355125409,3683.1685896265285,486.16792293741173,2172.2888370198243,0.0,4866.291277389962,1613.6678472872557,1333.2362246933947,3855.291921889929,4795.761720209659,4582.227628524454,708.3250307929536,441.07071135758696,5210.233813516185,4475.585904553767,315.5203120033963,2812.2801005461465,2011.5456795973446,3921.7085056645087,1517.639659462429,1695.535695025942,2818.0353364650564,1030.3782296309857,3760.448887526522,4756.264985096939,4860.288769957495,4908.182302632867,1407.7677210531929,3795.943890620765,440.6842550525238,2525.5233327013248,3652.2683062987453,238.16338359578677,2028.344011966639,364.9935775122001,3929.7924680438973,3663.983226801634,3741.4514578163376,3285.705016553206],
        [2032.7032296381117,3861.815858427752,1077.0652191098611,1570.7897509093084,4113.513456755537,3439.28308332682,2309.0487525021726,4688.70780742083,1725.0048484895233,4205.962428791754,3059.906819994184,2241.1466205864695,2033.3244470256004,4016.5465125498504,4408.841207977973,3716.9232957133927,4304.951294927548,2656.0828171628923,3790.757015788271,3859.655041347654,1519.673832194279,2974.019997748931,3329.6401374215334,3089.621198719747,4727.435926898091,2732.781194568412,4866.291277389962,0.0,3421.970637463889,4505.354662760986,1269.452668948649,741.5907588931569,2822.7810689161774,4159.333366782242,4427.159267130467,1136.717827194967,704.1727577522256,5171.701195102675,4341.705308329209,4729.306844762877,2351.429556350464,3718.8819615110574,3269.786023071377,4000.635638108196,4014.823077708119,2097.4505376103284,966.0769710644635,348.653745849526,1466.7196135132504,3756.2729011283254,1572.7794091755718,5243.563449013668,2632.1369862646034,3244.260569252526,5038.1052792516,2849.4541802243193,5045.699548892324,2488.953436769977,2784.460834390034,2740.111751605904,2032.7032296381117],
        [1677.865647039384,1592.0008738004808,2718.4234122789294,1858.3509347120607,1138.7867056138602,2211.9422120693966,1146.549278713913,1269.866148091852,2398.944854756827,867.879963584583,2418.242982733064,1837.9627516989779,1934.0529753756725,2026.0034120036646,1269.4704969107677,369.4720062790183,1137.9604685366508,2213.0733137124716,466.28994720630004,2684.110550777439,4010.281970672442,1796.8243227028374,2947.011017077258,2198.798221656252,1705.588026625919,716.8205458450633,1613.6678472872557,3421.970637463889,0.0,1150.1545582341078,2298.580195953239,3505.117834424193,3029.1596930555133,1018.1164828750224,1236.9656083597886,3980.787636621265,2943.069384750459,1927.293762224517,3095.954493991066,2706.736391510416,3149.167021221551,360.7682503946879,188.62130201692096,2919.6500164460113,1282.2029205418812,2148.8197009267774,3521.254569791944,3482.1602731625194,3795.45690352013,347.33082331821726,2695.4148450892512,2048.4774476359844,1700.3042624691404,2205.1034488735745,1835.3719597094407,681.7901139921648,1905.8601432600722,3211.995994058271,2120.030491395133,2190.7127139270256,1677.865647039384],
        [2594.380925404304,1497.7273312380344,3862.084216172911,2968.6229007904208,730.5582833658333,3091.044623496996,2196.306112649624,395.04044774161616,3545.6183942068988,905.1862781670172,2802.3722241600403,2616.8164614192133,3076.0513396502756,2668.6563666183347,488.74689757444554,1026.4786129386673,439.7487993548731,2768.3830106685004,1023.8013078935645,3477.3496658161534,5160.343114459145,2249.531552425154,3252.8858658481267,2570.182156302871,1721.9691571167232,1862.215737427828,1333.2362246933947,4505.354662760986,1150.1545582341078,0.0,3309.3385989558637,4640.977568043815,3522.6294872259205,1276.2777301210574,1265.9498186592161,5123.865551714415,3965.872167951982,1549.2157041252415,3793.180910799182,3158.015071152227,4252.955108319588,804.123549138403,1334.8438820974488,3699.3263007846026,1785.020700280712,2920.2931515900723,4665.451339617605,4594.6975687961,4945.610864352402,805.6527227480423,3843.681501318737,1715.9151469834835,2779.5208510715547,2504.598927589761,1556.913475259041,1828.7379225165673,1697.4766568063649,4303.922694424095,2629.413412621251,2713.5958752026436,2594.380925404304],
        [764.8386944634543,2593.5041467722376,1258.9323515513552,710.4777531578442,2863.948397777551,3010.565069163499,1152.2135321902238,3533.3194153478225,1615.3333313774654,3141.1712974476413,1929.8981039659313,994.2495597140777,1599.5826114143642,3398.3708441588865,3169.1358212910704,2633.7519259389305,3071.8913622624555,1500.6725484949557,2719.248221587912,3517.5683362321033,2462.5860216709193,1733.727061093682,2309.849758469465,1909.3586368030387,3808.0063584888253,1686.2718780703296,3855.291921889929,1269.452668948649,2298.580195953239,3309.3385989558637,0.0,1698.535638920122,1921.4583306776747,3170.7121970102653,3431.813872086865,2213.4825371969464,656.6318777833329,4169.774574786798,4028.207755496841,4166.881152383236,2577.9162509460225,2552.4255339235465,2175.264381951473,3712.1375920820838,3148.9880462106153,924.9119368415476,1841.5806080754267,1472.2075701846634,2315.3692719379983,2608.799942484744,1694.6500015003553,4266.387846366544,2089.7358101832365,2056.050924777767,4053.538674443571,1846.5627676304032,4088.972325171252,2711.006612964821,1602.0932322490435,1575.6466098806643,764.8386944634543],
        [2398.8616235623354,4224.579209973722,804.8073829613628,1692.7691827886813,4354.5204912183735,3047.3038136013292,2496.9089631369634,4766.9936776222075,1364.6128737419454,4202.443504408258,3611.927193115214,2687.4729884172775,1791.5591494816206,3702.008441415537,4621.45390233966,3748.3179892813687,4505.956622656428,3188.620416609592,3808.3371260166746,3403.503799598321,804.9468048776697,3424.730526700231,3940.7752243497284,3605.683979872547,4586.680867309375,2788.8476098683714,4795.761720209659,741.5907588931569,3505.117834424193,4640.977568043815,1698.535638920122,0.0,3470.4025678945873,4091.223432589934,4355.670319427803,519.3634460444842,1325.7012105459203,5086.112828841412,3855.1931901766166,4358.540687751838,1726.7373246675177,3837.315578250896,3332.380639127311,3513.4231816450374,3859.1434760997904,2612.7096010220203,227.2872261102763,397.51700366265726,726.9365149406415,3851.5594604906064,1115.4388931133662,5135.559107991411,2366.3478758446267,3753.7941832476517,4940.9570088585715,2861.9351692261057,4925.65547132376,1856.9393157938182,3297.8336699198376,3266.911638240725,2398.8616235623354],
        [1696.3389774838317,2133.067540691799,3175.5445333936736,2479.8866280593747,2822.3055367972884,4624.050368679075,2275.0103813227306,3882.226218322738,3505.0098192366836,3842.5642063185605,740.3811379698354,1333.6772787665705,3380.7032049959425,4801.418905963875,3144.6539545239275,3390.6893507045543,3117.8887758471533,816.4786463114667,3487.470508474434,5155.11069013935,4273.233860639369,1283.704931304582,581.5719175685539,962.6058636843211,4733.325988777266,2810.8353009653283,4582.227628524454,2822.7810689161774,3029.1596930555133,3522.6294872259205,1921.4583306776747,3470.4025678945873,0.0,4046.681142135371,4252.342894856444,3943.2461333388455,2147.9218122231964,4880.619618302437,5655.502249242932,5563.803283138835,4487.338530066954,3064.5882668028585,3024.25938037685,5374.833613022556,4255.7176273489295,1121.6763854376845,3656.041211269697,3140.2225224315266,4159.721337921589,3175.7989801575163,3612.313514027286,5022.624678260708,3727.2253236670795,1062.7802386204673,4816.817408072542,3000.310084290074,4908.010143566184,4617.307087041072,918.2444179543853,841.716262120215,1696.3389774838317],
        [2640.507697809447,2426.9228948890545,3286.9775370217412,2605.449646681909,1757.8623807814038,1903.2162099484588,2048.2764199822886,1061.0080275692624,2805.3153984785545,371.68943699423295,3422.8630584959633,2840.9031776774013,2330.435928436151,1399.1522826033056,1687.7336894938887,657.9906147739166,1578.6805284615402,3230.881295760999,562.6298877249866,2232.790881950341,4447.245418397699,2802.75188455109,3944.711893271147,3198.7786712377265,687.6393872958107,1484.4908547093146,708.3250307929536,4159.333366782242,1018.1164828750224,1276.2777301210574,3170.7121970102653,4091.223432589934,4046.681142135371,0.0,267.85235733176813,4512.126474194558,3781.2949186410683,1012.7523694648053,2521.3007193982667,1900.441432582866,3294.913857022826,1053.0517786465186,1053.1857474017017,2446.4687336430875,517.1674881566952,3148.088838414273,4056.354058934198,4152.047951789085,4224.243238225521,930.7158570902233,3106.9612649279406,1096.698614732505,1857.1987077236613,3191.9723736940527,885.3503082421607,1330.4591758646898,920.7017121304737,3316.207339994431,3135.3337939803473,3207.208565287785,2640.507697809447],
        [2886.642797317471,2545.07965841904,3551.799617837972,2872.4386794041675,1836.2848164707023,2071.6243033333976,2302.8139359298734,980.2166743316194,3062.2514191138807,436.80582124346677,3610.259959261613,3072.700192995587,2589.448756473273,1497.01901832464,1718.387060604092,867.9736697324112,1622.6160654367554,3438.920068558096,770.8517879107195,2355.5816466421415,4701.099054714819,2993.6380902957017,4124.517500884513,3382.8668345273736,503.1507057731441,1745.8143251876925,441.07071135758696,4427.159267130467,1236.9656083597886,1265.9498186592161,3431.813872086865,4355.670319427803,4252.342894856444,267.85235733176813,0.0,4772.989692322545,4045.771412047271,745.2723696645673,2599.4747513257835,1898.5410783352784,3521.3127473388217,1211.8288857841342,1293.8423760588103,2558.022558959293,660.5103912568189,3382.164576779429,4318.152046475542,4419.294504757934,4477.915562195053,1092.261226520177,3362.880738288135,834.8147352990432,2101.745616565622,3366.5497408208967,621.7278096967385,1595.4630069025175,671.4026409419333,3536.6069657035364,3336.686581421141,3410.919627590165,2886.642797317471],
