{
    "drone_dist": [
        [0.0,1321.580643479672,2919.987918051362,3241.6400824059524,2633.85226384587,1652.4324160998556,1837.2039722787058,1965.9985353244829,1925.487296949756,2281.789586564937,1104.240930784637,1623.1310017494893,2505.4020985889247,2712.1121983758026,1990.6076949445057,1846.945083537122,1209.770779012745,1449.7445381630932,1744.7177460255198,1307.1741429286556,2108.1389290154716,2569.5007491454326,1441.636504517499,2299.0250230045126,2493.018376267193,2877.13823818641,882.29376644946,2470.298247147415,2668.5640643694715,1773.6191506463113,2150.629947346248,2102.542877450001,2002.614613405162,3324.3758446822367,1791.0084597641494,3066.5135375789887,1121.6809066026606,2581.0438680299435,1510.6080505806742,2610.802283226704,1427.873508332319,1943.3185547931478,2055.183360796834,514.0917961521675,1864.1265310583747,1853.7152718538903,2804.9840776331694,2435.89665357096,3020.6726271132925,1955.453503706026,1427.8288458649376,2207.398035106433,2166.0222571501085,522.0733855910593,2301.1394104184565,2751.375055065697,2490.289777059412,2247.8456625658187,611.9560680661597,2525.1674319951885,0.0],
        [1321.580643479672,0.0,2659.889820773508,2725.1700202529523,3202.588937171297,2874.8806526450885,2538.4473493658643,1615.7871223363716,3233.009512714952,3252.2902148947724,1721.6728783521273,2944.7104206040876,3691.7703607866215,1597.9069869372552,2796.8830601695668,868.5711996462801,1700.3936605289437,1989.9149874478105,2112.7468595543155,987.1528413814193,3389.4317393771007,3337.412876650896,550.0175339434871,1461.3342897888783,1334.810691102507,2012.0030166518306,1796.8057338805902,2059.7421083256745,1734.2885541372752,2987.1696790610326,3187.1298374307785,798.9621440506328,1434.6334249745673,2379.257965602544,2826.1206853955796,2472.868857124146,1556.9873106414746,3789.9391808241103,809.7784752559252,2946.2432710426147,2565.616787357906,1551.857237491839,2594.466325247292,947.8245470257801,2897.8393263444855,1305.4563780673632,1718.849295287533,3604.626379446644,2281.719534187497,920.1237894346324,2697.5592601992366,1615.4639000754958,3349.061683294589,848.2261856733865,3252.7629392777144,2235.6517802991007,1418.756539451821,3091.13953764384,1474.0608242001897,3555.893703083725,1321.580643479672],
        [2919.987918051362,2659.889820773508,0.0,617.1606340174407,1807.2597082941354,3217.415352925783,4744.250972765912,4263.21523314963,3857.7092852551723,2712.358380729563,3951.3536280079156,3882.347836272146,5198.559645114528,2005.8817258805154,4910.481848767335,1915.2490114581385,1816.599864326421,4293.291981354676,4530.019936608754,1768.6510484837179,4614.667564614153,5489.477834612097,3209.7979824498643,4070.0619122451667,2117.96553637532,1369.8487021472752,3797.342189741502,4719.370972341405,1545.5669373942899,3247.9415939301866,2844.470389321839,3002.4206778281878,1239.598374872036,4832.229466685043,2683.448440520874,740.1586152732783,1845.7010898370506,5228.034591686028,1850.229757483031,1255.2071252483909,2833.786149976312,4202.902095490626,1622.0079534163501,3056.324997606878,2708.079029441243,3964.41087893373,4104.580054704688,5161.062853519215,1072.7500721736178,3499.13242231984,4079.459644702434,1097.7475521400884,3354.049436950925,2922.6238252564053,5197.000216483592,613.7675273937633,3875.1654135922113,5165.9067837401935,2386.901804013901,3028.047263646995,2919.987918051362],
        [3241.6400824059524,2725.1700202529523,617.1606340174407,0.0,2424.3479371838066,3750.731434431982,5017.858213503833,4338.406018332987,4379.711368251846,3309.970990757428,4199.921149987083,4365.406119619344,5628.2901636663455,1704.08429563212,5211.098576076869,1887.4184295224886,2254.7780738027827,4530.497139627012,4735.126661033495,1978.642230300585,5077.027957628719,5789.109359363527,3265.44710568682,4039.489284587831,1883.6068849678709,998.212396776617,4094.4329391840115,4759.745824766501,1254.9876191199508,3791.4915579735093,3431.3982107479433,2902.5125771544085,1316.6869391270523,4698.971506980121,3246.862273920723,285.78015026605186,2252.2586567055314,5669.669062826087,1948.8656395512764,1872.3636108551757,3358.3573953897244,4272.654265982151,2210.1809368912313,3288.74360132179,3277.153457457011,4015.9868608662255,3971.311128212446,5581.616231637042,633.9423278013543,3471.814726114275,4502.846695491514,1118.107973507721,3925.924750711856,3150.2706891231533,5542.444666616555,502.6789054318544,3777.9070081994555,5480.50777488947,2770.994625141339,3631.1722714588777,3241.6400824059524],
        [2633.85226384587,3202.588937171297,1807.2597082941354,2424.3479371838066,0.0,1934.0307409878637,4334.6247149541505,4515.496819152746,2555.981235835009,1073.6828432129682,3718.02891678337,2761.297272093894,4187.516704747826,3403.0665140199544,4393.472195504401,2870.407014593593,1538.5831926006465,4052.775970200147,4365.65227111882,2257.0167382337722,3514.4153141912893,4930.063859537972,3663.785141251057,4627.5002512287565,3390.526525756964,2962.4402968494646,3422.783328309592,5023.013274193403,3012.565882827072,1902.919529094858,1275.0204742758788,3864.8950848330337,2293.9273735538854,5581.46908974491,1312.3976244848902,2505.256557211774,1676.9757485178252,4168.779634220115,2566.8909568315908,552.4139122824209,1672.4947078239115,4477.225504505066,613.3028238985585,3035.9760856818502,1291.7838225667592,4317.246339960329,4912.031852210279,4187.8967724332715,2772.9085194082922,4118.307720513093,3191.365294709405,2320.806027116248,1831.4212878789426,2948.7860543764577,4499.246600888594,2256.519334004643,4619.098246016689,4579.10717504377,2037.0819646614443,1321.3570565435673,2633.85226384587],
        [1652.4324160998556,2874.8806526450885,3217.415352925783,3750.731434431982,1934.0307409878637,0.0,2753.423312630878,3534.222172056362,649.1084643345057,1003.0524202207957,2401.818272749832,841.4765895063437,2263.6244093941627,3920.7539948788826,2720.444962850889,3099.118286208144,1599.716621146724,2663.8110043841075,2998.771593120015,2373.24409805881,1583.1048960059163,3187.943215844904,3087.5864537639063,3945.3618169452793,3771.414411740358,3815.9461053370565,2032.3006209238067,4016.459967126772,3709.7668368868426,123.77109214112099,781.5043315806166,3673.7035585259064,2897.3793923126104,4971.108737339358,622.0205287165159,3693.1990529541595,1675.7997423434647,2237.5064805403717,2709.1422443967435,2263.6678627258825,398.76164732661505,3525.216098404447,1667.6116345885898,2164.9198730813064,645.4430436904686,3476.617024064895,4455.134570133339,2273.00176059912,3807.2475176906773,3603.1150903915195,1369.258376232629,3051.5939228620714,526.9410874132057,2168.2018867895167,2695.9531073648836,3367.6231735906067,4139.998883697672,2841.0989042072265,1429.146091471032,1071.3797811086658,1652.4324160998556],
        [1837.2039722787058,2538.4473493658643,4744.250972765912,5017.858213503833,4334.6247149541505,2753.423312630878,0.0,1643.5417184007795,2544.3637371714003,3695.8040373572767,831.3315178187327,2096.89581240719,1677.7656075575842,4136.319366147759,304.5352833534586,3357.3903666408805,3035.708227716166,557.9187608552394,624.3807634138496,3039.6707422009354,1871.7484382677878,799.2851894203014,2200.506580228191,2387.4815287212496,3871.392701127186,4495.035942436234,955.7126724141278,1887.1656497351069,4238.542731771779,2863.123788128423,3498.5481085506035,3022.7597861608688,3721.6070036643514,3204.915611826858,3209.020657850077,4814.620577335022,2956.733969765362,1825.3187665315725,3129.232428796247,4401.900508958637,2783.0311753150904,1693.223418035596,3808.6698005427165,1736.9187363854287,3269.1814200776907,1874.110131730583,3066.922830832667,1560.1181726859686,4708.459679815532,2486.071892660318,1475.339730488,3928.7331606093894,3236.9812420788776,1875.971782122858,845.0977043136046,4517.360774565217,2831.2599712981123,586.7810911548555,2427.503257214354,3822.103495452323,1837.2039722787058],
        [1965.9985353244829,1615.7871223363716,4263.21523314963,4338.406018332987,4515.496819152746,3534.222172056362,1643.5417184007795,0.0,3609.832587598472,4247.344317603943,1240.2911083524073,3192.953224937178,3267.408967642793,3022.516274235896,1947.1967899959495,2460.3018343712824,2986.452606961646,1187.7976443721614,1020.6912634032175,2522.5321697323166,3280.5071141665926,2311.5903919390407,1073.3973811468263,757.4150225011482,2747.374440238297,3566.525492510223,1596.1520919787733,508.75975399580744,3274.0855272408335,3657.959098817231,4110.048805797574,1689.3885246474815,3048.9963489796583,1600.143356263498,3754.034674909803,4081.309949036134,2855.787819643934,3406.064802781314,2417.613658957264,4377.435394070662,3374.0500956281758,73.67984744896845,3908.2990800399166,1492.0205471024499,3826.6852503646896,349.86312133551456,1433.6340635220495,3153.861332035925,3867.3114011806015,1040.7541000142207,2676.5154730857676,3231.237851619509,4061.044543715263,1567.7760756539476,2488.4803976434155,3851.1544787286966,1229.4606599521442,2211.9785228907576,2499.506024985481,4482.032581540926,1965.9985353244829],
        [1925.487296949756,3233.009512714952,3857.7092852551723,4379.711368251846,2555.981235835009,649.1084643345057,2544.3637371714003,3609.832587598472,0.0,1550.88186573221,2393.8169492595566,448.505361389679,1712.0933662532118,4430.967003370117,2442.9967355576446,3583.432180391561,2180.3726896418952,2588.624907658776,2912.335983930493,2882.0101456388584,1022.7512484342246,2831.59015212535,3350.3415591541134,4121.529814866971,4258.867189652813,4387.057212872041,2022.2526725935918,4057.5809097355077,4258.688265310403,654.7225435963073,1323.5332524082637,4024.114135043897,3459.9838478151746,5135.950616795129,1256.2945820727061,4309.565595938322,2235.7234432518458,1661.7281516530586,3198.281310144775,2908.978967902087,1024.1011985025025,3614.10604649272,2316.5601347603006,2403.696791656396,1266.6091421558317,3614.992882011161,4690.324874225952,1742.5784150270047,4403.808321271519,3855.6567572145595,1069.2630497003554,3626.8364076279618,834.7794683569471,2442.740452475911,2301.5143788548044,3981.336023963625,4379.800072053108,2502.335227770368,1887.914107366935,1505.689467195134,1925.487296949756],
        [2281.789586564937,3252.2902148947724,2712.358380729563,3309.970990757428,1073.6828432129682,1003.0524202207957,3695.8040373572767,4247.344317603943,1550.88186573221,0.0,3233.5246083502357,1838.2209498289599,3245.5220986742233,3915.7332233368284,3691.326734435098,3205.895589844247,1615.5371604260968,3532.521604704169,3864.9686057389704,2484.0335990757903,2557.2216199792356,4178.581006291834,3597.9636996235745,4531.957155505834,3831.1919450347878,3632.514499586906,2885.051720249889,4749.988783329042,3604.186524246288,931.0922602341984,228.00423078253382,4017.284007439874,2798.091360158781,5544.0402020598995,501.3487813316654,3326.908696272542,1747.7713472224061,3206.626370707038,2835.2606001517747,1542.374060021963,920.0559040922454,4225.083334919831,1103.6767039388403,2775.2238999588676,433.2283913939142,4124.7871451475075,4947.730367903194,3262.8433501286545,3527.5640659513524,4101.994408010645,2366.3366522145816,2896.483829162442,766.8966595965614,2732.6927122070147,3695.587607601609,3030.208021088106,4636.106793314934,3829.403187502489,1815.5532797915498,341.06362440495974,2281.789586564937],
        [1104.240930784637,1721.6728783521273,3951.3536280079156,4199.921149987083,3718.02891678337,2401.818272749832,831.3315178187327,1240.2911083524073,2393.8169492595566,3233.5246083502357,0.0,1965.361064802301,2133.841412386402,3317.793389791869,1075.6266563113625,2527.715417864837,2311.0989488568675,347.53934312814965,647.8735645143016,2221.739431049215,2054.849047120627,1627.609170112945,1442.714461823664,1869.661549407299,3056.4544488352362,3663.819233957198,374.6864574391319,1664.926575815432,3408.4738572272463,2523.293695320268,3064.2035723816657,2273.3421384866638,2896.8325488038345,2825.7250842895223,2732.3557279750817,3990.9232797860636,2215.057542130922,2259.071889368444,2298.9409815162358,3714.9385911796517,2318.787809209841,1257.6260786846706,3152.395626641702,911.6760373643557,2800.617867375026,1330.7137635448096,2522.3268765998337,2029.079130985806,3878.409310643259,1813.2890790572872,1436.2839100707522,3103.4612191062583,2923.830229286261,1050.585872424118,1543.6948209910047,3698.138392033925,2245.0124347010096,1369.493778311256,1716.0026619213857,3420.586216396882,1104.240930784637],
        [1623.1310017494893,2944.7104206040876,3882.347836272146,4365.406119619344,2761.297272093894,841.4765895063437,2096.89581240719,3192.953224937178,448.505361389679,1838.2209498289599,1965.361064802301,0.0,1426.5169891211892,4245.776632746765,2003.055538958526,3383.6524753384383,2117.1805789880127,2146.6457178777255,2467.8862879211338,2717.4809459733347,759.3089451941323,2413.4937667361783,3007.0287241196224,3733.9032104533935,4053.966412426877,4271.049725078664,1598.1217570486124,3630.2174522609644,4116.321188212905,907.8943532090292,1612.557165692842,3721.1519076903533,3343.5516963554733,4739.541945892893,1452.3902843721166,4267.036600698561,2144.567627783963,1410.5791239662617,3008.9900266318487,3048.1161373963096,1110.173080452918,3200.898485342296,2431.399233494498,2065.6563491214865,1483.3916476718623,3217.2857957537944,4323.139460561835,1432.0816975240048,4324.776090467924,3502.0921070005334,623.0931687619586,3524.474224878567,1204.5392566543467,2122.345635863221,1896.0138008900174,3936.407469156878,4016.4675946949874,2077.1792164200383,1715.1667706063292,1856.6077325609601,1623.1310017494893],
        [2505.4020985889247,3691.7703607866215,5198.559645114528,5628.2901636663455,4187.516704747826,2263.6244093941627,1677.7656075575842,3267.408967642793,1712.0933662532118,3245.5220986742233,2133.841412386402,1426.5169891211892,0.0,5204.281502554742,1408.7834957814018,4345.313925202111,3385.7856865454237,2081.809725777462,2280.95725522452,3793.9467498181275,690.0559318972624,1467.2962293780395,3541.290163754637,3973.4234573965173,4971.652630585497,5375.126103567247,1918.957868332349,3559.892767452334,5173.430829066614,2317.364306036477,3017.701269798759,4359.288548431164,4477.1553345518,4858.857281189461,2878.7232234572866,5492.849247708283,3376.5881729383213,151.9937827805059,4016.005003503758,4457.465730147704,2526.860072301479,3305.9747641917807,3835.183637392414,2745.7344119431073,2908.2181610848484,3436.976984540866,4641.621811855663,118.2885179877905,5492.8035856893175,3945.1046250031864,1125.5625462435123,4675.672629823635,2546.5369971049518,2857.8061492383263,948.9938851304668,5165.561593212747,4373.859076306408,1262.8471379300695,2863.5970487798413,3217.698939336943,2505.4020985889247],
        [2712.1121983758026,1597.9069869372552,2005.8817258805154,1704.08429563212,3403.0665140199544,3920.7539948788826,4136.319366147759,3022.516274235896,4430.967003370117,3915.7332233368284,3317.793389791869,4245.776632746765,5204.281502554742,0.0,4393.413981334237,867.3603670082078,2359.1888206991425,3586.539813293138,3691.367642118895,1551.1584438404136,4813.893720771869,4935.177882657889,2010.8360658604265,2542.5893776240605,275.8879315820391,709.9460393485659,3362.8415337940896,3352.6055748205913,462.5175489734718,4007.5419938280256,3942.0088672378306,1370.9497879608755,1127.4379364519905,3050.3387808979105,3635.2131628805014,1420.5589675519182,2258.013167452153,5287.713092913741,1237.1966088341014,2938.19866338971,3538.795060652906,2949.8519125577004,2918.2903655037194,2487.0521235091737,3693.2853697067453,2674.0029503457913,2335.896652718451,5126.925371262711,1078.7271950734496,2018.5092587044314,4139.532836890858,1083.290422277457,4286.27509944063,2361.9276756460295,4838.8023636778325,1394.8261215072978,2192.0919660563545,4687.026866307905,2545.14005873505,4255.631032896137,2712.1121983758026],
        [1990.6076949445057,2796.8830601695668,4910.481848767335,5211.098576076869,4393.472195504401,2720.444962850889,304.5352833534586,1947.1967899959495,2442.9967355576446,3691.326734435098,1075.6266563113625,2003.055538958526,1408.7834957814018,4393.413981334237,0.0,3597.929793444182,3163.491669096534,844.6644354523387,926.9693710046233,3238.7221293242187,1678.6988852779662,579.3243998528961,2483.3576854572443,2692.000559876595,4131.683176569019,4726.848522636557,1117.3261674309158,2176.89432741877,4477.07809529542,2823.2977913419995,3485.0955457886644,3309.660889160963,3928.581388203363,3501.7672434157644,3217.0402343906267,5017.346825838919,3095.5305724211735,1559.0229898905181,3351.535361972141,4497.232144976641,2793.614564262596,1997.4338735210022,3891.6669631112973,1955.4190015414279,3272.9382468818694,2178.0525749010076,3371.4521912685664,1290.4986225403732,4926.993419915682,2784.022492935389,1383.0404069106405,4136.131943176147,3180.2499106588666,2093.2414761588225,541.38790126449,4713.437602649742,3135.221746023177,295.6937313933036,2556.4952509079476,3791.5446779158638,1990.6076949445057],
        [1846.945083537122,868.5711996462801,1915.2490114581385,1887.4184295224886,2870.407014593593,3099.118286208144,3357.3903666408805,2460.3018343712824,3583.432180391561,3205.895589844247,2527.715417864837,3383.6524753384383,4345.313925202111,867.3603670082078,3597.929793444182,0.0,1597.8740174037678,2822.1388838962807,2969.609335212785,736.0088538632928,3946.6282828886847,4155.23807290501,1387.9116856914425,2166.895902546547,675.5629226641905,1148.087195961855,2533.3701408347065,2872.552594641871,881.3834480850771,3192.802627588097,3201.65487022986,1095.9364414240206,688.7922498598775,2925.440890979988,2872.042415076245,1623.378238785034,1477.6223545317064,4425.839653077648,390.0680906399392,2492.4989232803414,2728.9156761425334,2392.8180970157914,2312.771081490142,1656.46639509559,2935.434544515993,2131.7390608297756,2202.06509653124,4270.426110229185,1414.2316832646998,1595.639587951884,3273.461837125658,819.8806072416837,3496.114135747779,1524.8940466039203,4018.9483211714155,1416.7130409223264,1961.6310766197494,3887.638474579135,1695.7441436909342,3539.04029015608,1846.945083537122],
        [1209.770779012745,1700.3936605289437,1816.599864326421,2254.7780738027827,1538.5831926006465,1599.716621146724,3035.708227716166,2986.452606961646,2180.3726896418952,1615.5371604260968,2311.0989488568675,2117.1805789880127,3385.7856865454237,2359.1888206991425,3163.491669096534,1597.8740174037678,0.0,2657.8637527278356,2944.0737615064068,869.1745010215552,2822.2707427780447,3736.3950025153104,2131.7376324430793,3095.140604931748,2243.210947915554,2216.457081700977,2081.1886936817205,3492.066935267505,2115.2668330614106,1672.4275190514156,1603.789931567632,2427.158329767085,1299.1069012342593,4065.965404469372,1279.5156902834237,2149.9235472196233,143.44512502864424,3420.543741784134,1221.1632365013863,1416.3303779951948,1204.0128109158288,2945.492829140458,926.1284865007497,1528.7177531534962,1340.5900920303004,2779.422986706925,3419.171325093022,3345.7844399465594,2224.0312565734853,2601.334117103138,2263.9846367405585,1452.4387720671157,1928.3133975530527,1428.2652349560979,3404.051652920998,1819.3298675726542,3116.9724024216957,3400.321940085479,608.4738546347686,1944.393079828219,1209.770779012745],
        [1449.7445381630932,1989.9149874478105,4293.291981354676,4530.497139627012,4052.775970200147,2663.8110043841075,557.9187608552394,1187.7976443721614,2588.624907658776,3532.521604704169,347.53934312814965,2146.6457178777255,2081.809725777462,3586.539813293138,844.6644354523387,2822.1388838962807,2657.8637527278356,0.0,335.1098550004833,2554.702599509267,2117.117901746194,1350.9734622101232,1642.7601146825364,1896.7360326810208,3319.835943844113,3965.715278638713,647.893947229441,1533.22870955712,3703.3054345964756,2782.703588185809,3354.9407637071668,2466.398936612994,3222.1165949051606,2785.8293397934585,3032.905774380517,4316.322086694457,2562.5065748942047,2219.0817687334006,2614.291307951777,4059.5560092124533,2613.39290831023,1224.372673803236,3492.707297261369,1243.3812711712892,3099.3609204854297,1365.8187029778485,2571.0417903511275,1969.3632649379144,4192.415219078285,1943.2084791937407,1567.9129682384428,3427.819597094865,3177.9677931695464,1381.0215255353432,1363.7247032766777,4028.0977760561036,2317.7901158577715,1137.9692234860952,2060.897296482894,3703.7273077939903,1449.7445381630932],
        [1744.7177460255198,2112.7468595543155,4530.019936608754,4735.126661033495,4365.65227111882,2998.771593120015,624.3807634138496,1020.6912634032175,2912.335983930493,3864.9686057389704,647.8735645143016,2467.8862879211338,2280.95725522452,3691.367642118895,926.9693710046233,2969.609335212785,2944.0737615064068,335.1098550004833,0.0,2772.6076925733396,2389.239187279775,1324.0187093185336,1696.6642713423973,1769.8948981161873,3419.3438099577083,4117.69596750305,980.0110757865767,1281.0911156270643,3845.3056283507776,3117.5198972705894,3688.8052547204124,2491.5617407774207,3419.7147632818665,2584.217499109886,3364.8601585938322,4510.0589509705615,2841.9157915439937,2424.996637804241,2797.2175384663647,4353.999600997401,2946.4228563048937,1072.644036563532,3797.6167613746616,1475.383928780564,3431.746684429569,1269.2278333221238,2449.29233746223,2164.748526019332,4364.343049690867,1913.9912501490278,1877.0039728699458,3622.571972168453,3512.3068317120906,1607.5511539959427,1468.357185769312,4232.635739824219,2223.1940414260453,1193.0082586221101,2356.3305931549266,4038.44679245945,1744.7177460255198],
        [1307.1741429286556,987.1528413814193,1768.6510484837179,1978.642230300585,2257.0167382337722,2373.24409805881,3039.6707422009354,2522.5321697323166,2882.0101456388584,2484.0335990757903,2221.739431049215,2717.4809459733347,3793.9467498181275,1551.1584438404136,3238.7221293242187,736.0088538632928,869.1745010215552,2554.702599509267,2772.6076925733396,0.0,3332.3864963805295,3815.1129665632843,1511.9834361045769,2448.27884770795,1400.2460412226628,1582.6459173679498,2125.4254770977614,2999.503922649781,1401.9998492919974,2463.603381023044,2470.5487590228413,1609.1447232599412,696.8361063962109,3349.612754467984,2137.23147654029,1778.66012230169,743.6596944616834,3858.890295472418,352.34434666330674,1964.2761799436532,1997.3729396897334,2466.754247627309,1664.3409382141554,1311.507560643253,2201.323020233298,2247.2036096927104,2662.571211425561,3730.8395767022544,1713.6686706382548,1903.1238520432123,2685.7478200714577,903.2271672297161,2760.846385508535,1173.6937021070728,3594.817399131987,1477.6950182798948,2377.8649831666203,3513.165691159294,1003.4950003554954,2813.566328611305,1307.1741429286556],
        [2108.1389290154716,3389.4317393771007,4614.667564614153,5077.027957628719,3514.4153141912893,1583.1048960059163,1871.7484382677878,3280.5071141665926,1022.7512484342246,2557.2216199792356,2054.849047120627,759.3089451941323,690.0559318972624,4813.893720771869,1678.6988852779662,3946.6282828886847,2822.2707427780447,2117.117901746194,2389.239187279775,3332.3864963805295,0.0,1937.27761272239,3338.451967102737,3921.1391832967197,4600.286205326897,4910.379005722032,1748.1179806224923,3650.08690264013,4732.26979548442,1631.3026767991573,2329.2757981409254,4119.692718748807,3992.1461032518628,4876.869746325324,2202.515630755011,4962.420140806637,2832.1530299817464,654.5036885711182,3591.4086511470887,3807.3192220344486,1869.4671894239812,3305.128719070269,3189.8133930139097,2451.463781694782,2228.5467863085632,3383.6276025733914,4560.790820008413,722.0560725437748,4994.281049596033,3793.9357723350613,692.31408666175,4182.5947227650195,1857.5034951572231,2541.320661200291,1387.7426488843294,4632.2791031804445,4270.699559858855,1647.413796542448,2353.71296334376,2528.414706690908,2108.1389290154716],
        [2569.5007491454326,3337.412876650896,5489.477834612097,5789.109359363527,4930.063859537972,3187.943215844904,799.2851894203014,2311.5903919390407,2831.59015212535,4178.581006291834,1627.609170112945,2413.4937667361783,1467.2962293780395,4935.177882657889,579.3243998528961,4155.23807290501,3736.3950025153104,1350.9734622101232,1324.0187093185336,3815.1129665632843,1937.27761272239,0.0,2986.098214978952,3069.0035586282565,4669.678394921101,5290.474174452779,1696.3374032773527,2436.3126470625684,5036.081010679085,3282.1136411076855,3964.9578119248586,3800.3564394272266,4503.181318763899,3777.2090132971016,3719.148819119049,5593.411374315426,3671.244746361485,1615.2196776282274,3919.9252340443695,5055.303229650519,3301.442958127952,2371.8760888055185,4444.461862347352,2524.2548570087615,3770.819139516232,2588.372513080929,3743.528191765165,1358.9330728613795,5497.664789985894,3237.217544977724,1820.3102955278275,4710.674296734432,3615.2212381788822,2662.807220799233,549.8744419386637,5290.8861700451325,3535.335354416348,351.5773363844042,3130.711093091632,4251.102581687253,2569.5007491454326],
        [1441.636504517499,550.0175339434871,3209.7979824498643,3265.44710568682,3663.785141251057,3087.5864537639063,2200.506580228191,1073.3973811468263,3350.3415591541134,3597.9636996235745,1442.714461823664,3007.0287241196224,3541.290163754637,2010.8360658604265,2483.3576854572443,1387.9116856914425,2131.7376324430793,1642.7601146825364,1696.6642713423973,1511.9834361045769,3338.451967102737,2986.098214978952,0.0,963.8092363941973,1735.8591044017016,2507.3262383878355,1625.1101072683498,1509.7247602720747,2218.994614034899,3206.9585252577135,3505.0735927457927,830.7786498978473,1983.5513942163172,1949.421571187932,3139.516829851885,3007.9297625386102,1990.188858688378,3655.18836052847,1359.5817494677801,3447.3250948550585,2826.991099680676,1007.208429733587,3050.8022003110805,946.6526028788458,3212.9798570991393,755.7196951804801,1369.319240451747,3443.309093218822,2798.522316940649,515.7484156134758,2653.6249594919304,2161.3873821578927,3591.7020408508383,920.5284674698237,2980.5038486037374,2780.00911975457,1053.9559171288963,2778.4411995831974,1782.6163408420769,3880.318356368667,1441.636504517499],
        [2299.0250230045126,1461.3342897888783,4070.0619122451667,4039.489284587831,4627.5002512287565,3945.3618169452793,2387.4815287212496,757.4150225011482,4121.529814866971,4531.957155505834,1869.661549407299,3733.9032104533935,3973.4234573965173,2542.5893776240605,2692.000559876595,2166.895902546547,3095.140604931748,1896.7360326810208,1769.8948981161873,2448.27884770795,3921.1391832967197,3069.0035586282565,963.8092363941973,0.0,2278.8831473542887,3167.1092660792187,2181.6507799721803,851.6105964296098,2869.9173411582565,4067.8445199337407,4425.6046645666,1173.6648310133944,2830.4863875175547,1025.8005443418758,4060.6621051508823,3764.9033917435495,2953.8156946408394,4106.915652584508,2245.233270821197,4401.642445328668,3722.289453892105,698.7174663910237,4014.5763891184,1785.0956278142246,4134.382618087915,539.3852873933961,679.54710012008,3862.7334488817824,3502.200599657495,571.5702197028139,3277.631988331334,2984.0042538496,4463.635761749987,1805.1261306196086,3231.861826434519,3581.8788470204736,485.30410766991935,2962.8983603996207,2719.936379935905,4801.847117212023,2299.0250230045126],
        [2493.018376267193,1334.810691102507,2117.96553637532,1883.6068849678709,3390.526525756964,3771.414411740358,3871.392701127186,2747.374440238297,4258.867189652813,3831.1919450347878,3056.4544488352362,4053.966412426877,4971.652630585497,275.8879315820391,4131.683176569019,675.5629226641905,2243.210947915554,3319.835943844113,3419.3438099577083,1400.2460412226628,4600.286205326897,4669.678394921101,1735.8591044017016,2278.8831473542887,0.0,917.3405127402091,3113.456174243872,3082.226418391509,631.8241147945384,3863.343054092897,3842.248447773782,1105.3261829503472,1096.8697632384187,2827.4947242289663,3522.6073162325424,1597.8276138085628,2131.451806337718,5058.791778499174,1063.5783036781322,2953.4293446514253,3397.5958747478107,2674.8014944024335,2874.7661669101776,2240.9751904601158,3583.7138879215213,2399.1215866844204,2105.3687122333067,4891.735720906417,1278.5117666540104,1747.843101924089,3920.292819017551,1104.4260395590982,4158.757087282479,2119.431828431986,4583.568053910918,1521.4554418699586,1943.9748476115242,4425.938269324424,2371.285888922641,4168.54539525385,2493.018376267193],
        [2877.13823818641,2012.0030166518306,1369.8487021472752,998.212396776617,2962.4402968494646,3815.9461053370565,4495.035942436234,3566.525492510223,4387.057212872041,3632.514499586906,3663.819233957198,4271.049725078664,5375.126103567247,709.9460393485659,4726.848522636557,1148.087195961855,2216.457081700977,3965.715278638713,4117.69596750305,1582.6459173679498,4910.379005722032,5290.474174452779,2507.3262383878355,3167.1092660792187,917.3405127402091,0.0,3640.5005113068282,3941.822048987524,297.25246999172924,3885.5717079696815,3697.5820449424787,1998.8094741535342,928.7742464393261,3744.154455917922,3432.279454049995,718.381169559967,2151.454861063466,5441.404268864847,1382.9407043118595,2450.776863622713,3419.1734708079043,3496.276454690417,2561.7305345563786,2772.955004245869,3480.6713651111595,3226.140956042908,3022.7075561016313,5310.119217447858,368.809503343433,2616.1171982337437,4268.339305878569,764.5760285439101,4110.706436325274,2636.53905889007,5127.106741620011,763.0406895657438,2855.9096571293953,5013.16079599551,2562.13932276921,3972.4095371903336,2877.13823818641],
        [882.29376644946,1796.8057338805902,3797.342189741502,4094.4329391840115,3422.783328309592,2032.3006209238067,955.7126724141278,1596.1520919787733,2022.2526725935918,2885.051720249889,374.6864574391319,1598.1217570486124,1918.957868332349,3362.8415337940896,1117.3261674309158,2533.3701408347065,2081.1886936817205,647.893947229441,980.0110757865767,2125.4254770977614,1748.1179806224923,1696.3374032773527,1625.1101072683498,2181.6507799721803,3113.456174243872,3640.5005113068282,0.0,2035.336123570497,3402.7267437507494,2153.1067772634774,2709.257748374504,2440.331128529331,2818.4888211440707,3163.0618706384985,2385.176155702117,3903.698353807975,2001.0226774879147,2030.4097431359353,2258.280281688705,3458.728586855938,1966.42148867395,1607.0275993195314,2876.1952973187385,877.5857419301351,2451.8449904051276,1648.942347192886,2813.2286227274826,1824.1040103883947,3824.2615442972547,2053.86417586314,1096.4443392261967,3025.9559304655554,2552.5327061612657,1008.7294461800618,1487.375728751154,3597.5788824790625,2522.681763597383,1387.7732517266281,1473.6075494692736,3060.950439390359,882.29376644946],
        [2470.298247147415,2059.7421083256745,4719.370972341405,4759.745824766501,5023.013274193403,4016.459967126772,1887.1656497351069,508.75975399580744,4057.5809097355077,4749.988783329042,1664.926575815432,3630.2174522609644,3559.892767452334,3352.6055748205913,2176.89432741877,2872.552594641871,3492.066935267505,1533.22870955712,1281.0911156270643,2999.503922649781,3650.08690264013,2436.3126470625684,1509.7247602720747,851.6105964296098,3082.226418391509,3941.822048987524,2035.336123570497,0.0,3645.621343244501,4139.9621511368205,4609.061325887009,1984.929426560099,3491.9922435867475,1341.2091249388777,4255.009812731739,4494.990443867559,3360.282970456215,3704.9603731756706,2869.1550163048273,4877.625388249792,3870.0417822376894,546.6679867047139,4415.058130767426,2000.5821189618623,4327.364701691968,755.4003425864771,1420.721033995089,3443.105415430186,4259.749102479577,1334.3843631466639,3084.4354589323243,3666.0796048624666,4543.305279202859,2076.164584107434,2709.7338280652525,4281.518221517833,1319.7928716926913,2407.9868674543504,3008.2283943378616,4979.674462875687,2470.298247147415],
        [2668.5640643694715,1734.2885541372752,1545.5669373942899,1254.9876191199508,3012.565882827072,3709.7668368868426,4238.542731771779,3274.0855272408335,4258.688265310403,3604.186524246288,3408.4738572272463,4116.321188212905,5173.430829066614,462.5175489734718,4477.07809529542,881.3834480850771,2115.2668330614106,3703.3054345964756,3845.3056283507776,1401.9998492919974,4732.26979548442,5036.081010679085,2218.994614034899,2869.9173411582565,631.8241147945384,297.25246999172924,3402.7267437507494,3645.621343244501,0.0,3786.7151403588223,3651.381853364787,1702.2665641082078,819.3479745204645,3458.2500138036607,3366.224622201831,969.4896281196726,2034.2388303212635,5245.343160215773,1159.0855047176221,2525.96956427538,3317.317455893395,3203.5010231826527,2564.544377019279,2529.0445018381665,3419.1536478566823,2932.5001598554827,2734.4433112355323,5104.397531317739,647.6720734133745,2319.0539453155725,4077.639805890942,710.0840769050334,4035.3138433043073,2394.7330232618897,4890.021455341664,933.2151824027491,2562.046885223795,4765.760513091728,2401.200274044689,3945.24656036203,2668.5640643694715],
        [1773.6191506463113,2987.1696790610326,3247.9415939301866,3791.4915579735093,1902.919529094858,123.77109214112099,2863.123788128423,3657.959098817231,654.7225435963073,931.0922602341984,2523.293695320268,907.8943532090292,2317.364306036477,4007.5419938280256,2823.2977913419995,3192.802627588097,1672.4275190514156,2782.703588185809,3117.5198972705894,2463.603381023044,1631.3026767991573,3282.1136411076855,3206.9585252577135,4067.8445199337407,3863.343054092897,3885.5717079696815,2153.1067772634774,4139.9621511368205,3786.7151403588223,0.0,704.7729596738948,3785.6556310267065,2971.5326030899214,5093.62481330852,602.6797692963279,3742.6020542850256,1755.4580546290924,2283.8321134787166,2802.741021641379,2258.0257113128546,469.8353554111062,3648.9865834314132,1675.1133323302129,2286.5668592246816,612.0964861680529,3600.055846148336,4575.043700470173,2332.381781195906,3866.752478003023,3722.607615323918,1461.8200298527809,3121.007278841959,403.346017833233,2288.185850010572,2783.387918084851,3419.0285239196974,4259.830042645735,2936.8787991849754,1533.8520384231483,969.8841076199712,1773.6191506463113],
        [2150.629947346248,3187.1298374307785,2844.470389321839,3431.3982107479433,1275.0204742758788,781.5043315806166,3498.5481085506035,4110.048805797574,1323.5332524082637,228.00423078253382,3064.2035723816657,1612.557165692842,3017.701269798759,3942.0088672378306,3485.0955457886644,3201.65487022986,1603.789931567632,3354.9407637071668,3688.8052547204124,2470.5487590228413,2329.2757981409254,3964.9578119248586,3505.0735927457927,4425.6046645666,3842.248447773782,3697.5820449424787,2709.257748374504,4609.061325887009,3651.381853364787,704.7729596738948,0.0,3964.836801502019,2836.9907782909036,5443.687192626723,365.6024659861432,3431.579641782685,1727.258274529113,2978.6279362446103,2822.8859926137116,1714.2975431924774,746.1523289893589,4090.8957607337184,1222.8662797203394,2653.7445937694065,292.09450309043444,4002.518216547464,4864.742616744963,3035.5215206197427,3613.826853538616,4014.364534916425,2149.0560617846786,2949.297912180158,556.5093201357074,2620.946250842683,3477.0679827319705,3126.215701004046,4551.266209160332,3616.707936792941,1726.6035848277756,376.245576083214,2150.629947346248],
        [2102.542877450001,798.9621440506328,3002.4206778281878,2902.5125771544085,3864.8950848330337,3673.7035585259064,3022.7597861608688,1689.3885246474815,4024.114135043897,4017.284007439874,2273.3421384866638,3721.1519076903533,4359.288548431164,1370.9497879608755,3309.660889160963,1095.9364414240206,2427.158329767085,2466.398936612994,2491.5617407774207,1609.1447232599412,4119.692718748807,3800.3564394272266,830.7786498978473,1173.6648310133944,1105.3261829503472,1998.8094741535342,2440.331128529331,1984.929426560099,1702.2665641082078,3785.6556310267065,3964.836801502019,0.0,1784.728055393938,1830.7493529788817,3607.321424040792,2622.181659942715,2286.3357270500665,4469.168091779714,1306.8056646337475,3540.058157559333,3360.6340893056395,1615.7282561331947,3273.1303244672954,1672.9363944807362,3678.043441991494,1340.293150438371,1106.1295567869008,4263.725900722144,2341.6600008361142,656.2005520769765,3428.632308041196,1904.858663871067,4145.102528543754,1600.5082512851309,3810.7329307842915,2469.011373233999,877.8043624237148,3604.0516745632463,2266.498473402109,4329.281185320194,2102.542877450001],
        [2002.614613405162,1434.6334249745673,1239.598374872036,1316.6869391270523,2293.9273735538854,2897.3793923126104,3721.6070036643514,3048.9963489796583,3459.9838478151746,2798.091360158781,2896.8325488038345,3343.5516963554733,4477.1553345518,1127.4379364519905,3928.581388203363,688.7922498598775,1299.1069012342593,3222.1165949051606,3419.7147632818665,696.8361063962109,3992.1461032518628,4503.181318763899,1983.5513942163172,2830.4863875175547,1096.8697632384187,928.7742464393261,2818.4888211440707,3491.9922435867475,819.3479745204645,2971.5326030899214,2836.9907782909036,1784.728055393938,0.0,3613.8725350187533,2547.419995216222,1094.314354209275,1225.748383731749,4537.143503336951,636.1030040368098,1863.380167939112,2502.8754874010574,2985.949793478733,1791.5973522643567,1985.5673996289856,2600.9856038451853,2739.2332176309105,2890.8571678920007,4417.226678705348,1018.7344490643516,2259.677673660711,3361.4076484752645,207.55646492600187,3215.999146837011,1846.5011459014827,4291.264846295578,815.6325620560189,2648.0056525042037,4205.57440363833,1639.3335958669643,3138.8942027300227,2002.614613405162],
        [3324.3758446822367,2379.257965602544,4832.229466685043,4698.971506980121,5581.46908974491,4971.108737339358,3204.915611826858,1600.143356263498,5135.950616795129,5544.0402020598995,2825.7250842895223,4739.541945892893,4858.857281189461,3050.3387808979105,3501.7672434157644,2925.440890979988,4065.965404469372,2785.8293397934585,2584.217499109886,3349.612754467984,4876.869746325324,3777.2090132971016,1949.421571187932,1025.8005443418758,2827.4947242289663,3744.154455917922,3163.0618706384985,1341.2091249388777,3458.2500138036607,5093.62481330852,5443.687192626723,1830.7493529788817,3613.8725350187533,0.0,5078.284978190272,4414.429628556936,3922.934967063807,4999.789762142126,3094.789186552793,5313.343220856579,4745.840821436431,1571.9507131570927,4972.102504487071,2810.3219348577054,5151.965083216645,1522.3130914296985,729.3778497312686,4743.960759383865,4105.73956058605,1464.8655685107744,4257.026002780442,3735.1231094197487,5489.383958772922,2826.321490809294,4039.602836796729,4287.58393843954,974.9794289372996,3743.20944107164,3728.78893411204,5819.776163485097,3324.3758446822367],
        [1791.0084597641494,2826.1206853955796,2683.448440520874,3246.862273920723,1312.3976244848902,622.0205287165159,3209.020657850077,3754.034674909803,1256.2945820727061,501.3487813316654,2732.3557279750817,1452.3902843721166,2878.7232234572866,3635.2131628805014,3217.0402343906267,2872.042415076245,1279.5156902834237,3032.905774380517,3364.8601585938322,2137.23147654029,2202.515630755011,3719.148819119049,3139.516829851885,4060.6621051508823,3522.6073162325424,3432.279454049995,2385.176155702117,4255.009812731739,3366.224622201831,602.6797692963279,365.6024659861432,3607.321424040792,2547.419995216222,5078.284978190272,0.0,3220.6978273811624,1394.4403785472714,2856.9966295006084,2488.7881802455745,1655.9355432764648,426.00430637251674,3733.4338152497203,1083.4724258565457,2291.234240211628,73.72152978064508,3640.687746660019,4499.722050197191,2883.170853840807,3375.708032167459,3649.032239377172,1925.0318381075767,2674.0530529420057,684.9200647463164,2256.3728748618737,3252.4671035215943,2904.8563218290524,4186.101512967927,3368.2929798161726,1361.9611808175516,741.4939533544921,1791.0084597641494],
