{
    "drone_dist": [
        [0.0,23.665174731181335,15.183182678660751,38.09140277135837,12.415678076618628,15.498783594442301,45.92464013408687,32.31037834356942,48.29366896033144,23.829273029929844,49.49128988392421,50.50782919670413,57.90000014325376,17.429582790101346,43.80443562804379,32.046315973887545,31.93382979545778,55.32174121418828,16.360725547086542,18.347751463300753,0.0],
        [23.665174731181335,0.0,8.611975139356456,14.430343658647045,12.328939554329665,20.092005773644836,48.5252552043215,32.86005784570961,34.80487336085964,2.057659707853445,40.73563548738526,33.60188519444432,42.0223228172285,6.7923502773799305,20.27793643136451,8.863164030555813,37.70151905692949,36.98902972053539,7.939510157201137,5.836201764297073,23.665174731181335],
        [15.183182678660751,8.611975139356456,0.0,22.965097285752144,4.05948362868503,13.637719403469662,45.05636289721241,29.44106001885999,37.54454988982681,9.197254765387056,41.4720303753114,38.03295081420076,46.08804270694003,4.101819516966572,28.888650287397546,17.340266578900657,32.75981276009449,42.226866951606574,1.7207604552075535,4.525866538429726,15.183182678660751],
        [38.09140277135837,14.430343658647045,22.965097285752144,0.0,26.402816945389823,32.2722691704723,54.902166199117126,40.30695521400255,32.390732363027965,14.563556553723105,41.13520590289255,28.058857691322675,36.29046712897146,20.992598839846913,6.685369356021283,7.280925916120536,46.776087719141124,29.353837784245105,22.037027652712332,20.02662631152526,38.09140277135837],
        [12.415678076618628,12.328939554329665,4.05948362868503,26.402816945389823,0.0,10.053109992696609,42.15360261887252,26.750396706451948,37.4989577965443,13.148162189657631,40.41739397936461,38.81055612520076,46.57222458131407,8.012260710615351,32.533770893390866,21.171170399344987,29.408191423924833,43.36149818714367,4.401769815973005,8.550543181523679,12.415678076618628],
        [15.498783594442301,20.092005773644836,13.637719403469662,32.2722691704723,10.053109992696609,0.0,32.44929562133021,17.522739412587608,33.52537931959014,21.53706415407721,34.01344555721283,36.784693317067166,43.5202329778187,17.73807483276874,38.87055958997937,28.64406479129129,19.383654962646396,42.04250887149073,13.03453578206563,18.07163351281502,15.498783594442301],
        [45.92464013408687,48.5252552043215,45.05636289721241,54.902166199117126,42.15360261887252,32.44929562133021,0.0,15.726562438348504,31.54835688505428,50.481450566346,22.444046105438815,39.20804947208547,39.84650616582369,48.91758099349633,61.15577525438969,54.92816192283609,14.07507848130211,44.422462581131526,43.905740514719376,48.94634767326603,45.92464013408687],
        [32.31037834356942,32.86005784570961,29.44106001885999,40.30695521400255,26.750396706451948,17.522739412587608,15.726562438348504,0.0,24.554246061305655,34.795673199698804,20.156452955019198,30.872468211582657,34.738297703489486,33.24238717659914,46.80256060880226,39.60217250080182,7.855619818419064,36.57480626857619,28.234646049727047,33.24518369193384,32.31037834356942],
        [48.29366896033144,34.80487336085964,37.54454988982681,32.390732363027965,37.4989577965443,33.52537931959014,31.54835688505428,24.554246061305655,0.0,36.720793098724286,10.414765336940636,7.78359740983769,10.366475388064906,39.495247314427154,36.86134204966556,36.259514638444514,32.1827933250683,12.889005379567164,35.82710964200437,38.89417286579387,48.29366896033144],
        [23.829273029929844,2.057659707853445,9.197254765387056,14.563556553723105,13.148162189657631,21.53706415407721,50.481450566346,34.795673199698804,36.720793098724286,0.0,42.76946838039592,35.30888914983697,43.75924888135521,6.468885063484406,19.979478088062077,8.23265680363614,39.487994329019,38.53370036358266,8.888497374270532,5.515195010358026,23.829273029929844],
        [49.49128988392421,40.73563548738526,41.4720303753114,41.13520590289255,40.41739397936461,34.01344555721283,22.444046105438815,20.156452955019198,10.414765336940636,42.76946838039592,0.0,18.090116644406308,17.408152932778147,44.205872442334844,46.22132710619725,43.92295816429321,26.63339566763986,22.651536704255243,39.83444578954254,43.78759359920172,49.49128988392421],
        [50.50782919670413,33.60188519444432,38.03295081420076,28.058857691322675,38.81055612520076,36.784693317067166,39.20804947208547,30.872468211582657,7.78359740983769,35.30888914983697,18.090116644406308,0.0,8.497879369662458,39.21944627717947,31.51019162984984,33.13628103178451,38.68929370781579,5.71210219494589,36.331163431441915,38.479767140932026,50.50782919670413],
        [57.90000014325376,42.0223228172285,46.08804270694003,36.29046712897146,46.57222458131407,43.5202329778187,39.84650616582369,34.738297703489486,10.366475388064906,43.75924888135521,17.408152932778147,8.497879369662458,0.0,47.48841755388009,39.247442652943505,41.58958314901896,42.219197545714835,8.096133739149296,44.3730808624967,46.77716536161955,57.90000014325376],
        [17.429582790101346,6.7923502773799305,4.101819516966572,20.992598839846913,8.012260710615351,17.73807483276874,48.91758099349633,33.24238717659914,39.495247314427154,6.468885063484406,44.205872442334844,39.21944627717947,47.48841755388009,0.0,26.42544503107485,14.631668538779593,36.8021922174052,43.01308324137438,5.011950431029497,0.9683352640998045,17.429582790101346],
        [43.80443562804379,20.27793643136451,28.888650287397546,6.685369356021283,32.533770893390866,38.87055958997937,61.15577525438969,46.80256060880226,36.86134204966556,19.979478088062077,46.22132710619725,31.51019162984984,39.247442652943505,26.42544503107485,0.0,11.816051902955786,53.39125189256831,31.671688959274995,28.133701488476554,25.48445279903084,43.80443562804379],
        [32.046315973887545,8.863164030555813,17.340266578900657,7.280925916120536,21.171170399344987,28.64406479129129,54.92816192283609,39.60217250080182,36.259514638444514,8.23265680363614,43.92295816429321,33.13628103178451,41.58958314901896,14.631668538779593,11.816051902955786,0.0,45.235039781658486,35.258879192096266,16.79591339185865,13.701050640205612,32.046315973887545],
        [31.93382979545778,37.70151905692949,32.75981276009449,46.776087719141124,29.408191423924833,19.383654962646396,14.07507848130211,7.855619818419064,32.1827933250683,39.487994329019,26.63339566763986,38.68929370781579,42.219197545714835,36.8021922174052,53.39125189256831,45.235039781658486,0.0,44.38290396737106,31.866844419241072,36.99622322361856,31.93382979545778],
        [55.32174121418828,36.98902972053539,42.226866951606574,29.353837784245105,43.36149818714367,42.04250887149073,44.422462581131526,36.57480626857619,12.889005379567164,38.53370036358266,22.651536704255243,5.71210219494589,8.096133739149296,43.01308324137438,31.671688959274995,35.258879192096266,44.38290396737106,0.0,40.5583681997184,42.21161123319902,55.32174121418828],
        [16.360725547086542,7.939510157201137,1.7207604552075535,22.037027652712332,4.401769815973005,13.03453578206563,43.905740514719376,28.234646049727047,35.82710964200437,8.888497374270532,39.83444578954254,36.331163431441915,44.3730808624967,5.011950431029497,28.133701488476554,16.79591339185865,31.866844419241072,40.5583681997184,0.0,5.1293844019257735,16.360725547086542],
        [18.347751463300753,5.836201764297073,4.525866538429726,20.02662631152526,8.550543181523679,18.07163351281502,48.94634767326603,33.24518369193384,38.89417286579387,5.515195010358026,43.78759359920172,38.479767140932026,46.77716536161955,0.9683352640998045,25.48445279903084,13.701050640205612,36.99622322361856,42.21161123319902,5.1293844019257735,0.0,18.347751463300753],
        [0.0,23.665174731181335,15.183182678660751,38.09140277135837,12.415678076618628,15.498783594442301,45.92464013408687,32.31037834356942,48.29366896033144,23.829273029929844,49.49128988392421,50.50782919670413,57.90000014325376,17.429582790101346,43.80443562804379,32.046315973887545,31.93382979545778,55.32174121418828,16.360725547086542,18.347751463300753,0.0]
    ],
    "end_depot": 20,
    "start_depot": 0,
    "truck_dist": [
        [0.0,26.304646509833606,17.8675813189717,42.71937725676914,16.362968389108044,20.713663854637563,47.11587380749835,38.85003225239608,68.08982379398755,24.590329358897137,67.06811512505794,71.23748425452513,81.88220386321751,17.669058939654857,45.744129314878805,32.495943373667416,32.373771968731724,77.562369027485,20.21305544485968,18.409429765609474,0.0],
        [26.304646509833606,0.0,8.783402675895807,16.414730746935533,14.323705428851703,27.858899923824197,65.39337583925452,44.74572716826796,41.78517728415394,2.3513918543390666,40.763468615224355,44.93283774469151,55.57755735338391,9.117876346100196,21.08307188483861,10.898586899637877,53.06547470454798,51.25772251765141,9.432081497195085,7.8952167442241326,26.304646509833606],
        [17.8675813189717,8.783402675895807,0.0,24.85179593779744,5.5403027529558955,19.07549724792839,56.60997316335871,35.96232449237216,50.22224247501585,11.134794530234874,49.200533806086256,53.36990293555342,64.01462254424581,5.760758879734411,29.866474560734417,19.681989575533684,44.282072028652166,59.69478770851332,2.345474125887982,6.377565061074012,17.8675813189717],
        [42.71937725676914,16.414730746935533,24.85179593779744,0.0,26.44914359491066,39.98433808988315,77.51881400531347,56.87116533432692,38.139999063040854,18.129047897872002,52.83322149526839,28.51810699775598,39.16282660644838,25.53260709303573,8.957633718779654,10.22343388310172,65.19091287060692,34.84299177071588,22.50632181190946,24.309947491159665,42.71937725676914],
        [16.362968389108044,14.323705428851703,5.5403027529558955,26.44914359491066,0.0,13.535194494972494,51.069670410402814,30.422021739416266,51.7268554048795,16.67509728319077,50.70514673594991,54.874515865417074,65.51923547410948,11.301061632690306,35.40677731369031,25.22229232848958,38.74176927569627,61.19940063837697,4.891623931656618,11.917867814029908,16.362968389108044],
        [20.713663854637563,27.858899923824197,19.07549724792839,39.98433808988315,13.535194494972494,0.0,37.53447591543032,18.136368397758517,47.37615993934998,30.210291778163263,46.35445127042039,50.523820399887555,61.16854000857995,24.8362561276628,48.94197180866281,38.757486823462074,25.20657478072378,56.84870517284745,18.42681842662911,25.4530623090024,20.713663854637563],
        [47.11587380749835,65.39337583925452,56.60997316335871,77.51881400531347,51.069670410402814,37.53447591543032,0.0,20.64764867098655,39.378814942272626,67.74476769359359,24.685592510045083,49.92684845103777,44.3485107044515,62.37073204309312,86.47644772409313,76.2919627388924,15.628132393940376,54.951990795269566,55.96129434205943,62.987538224432726,47.11587380749835],
        [38.85003225239608,44.74572716826796,35.96232449237216,56.87116533432692,30.422021739416266,18.136368397758517,20.64764867098655,0.0,29.239791541591458,47.09711902260703,28.218082872661874,32.38745200212904,43.032171610821436,41.72308337210657,65.82879905310658,55.64431406790584,8.319747536280008,38.71233677508893,35.313645671072884,42.33988955344617,38.85003225239608],
        [68.08982379398755,41.78517728415394,50.22224247501585,38.139999063040854,51.7268554048795,47.37615993934998,39.378814942272626,29.239791541591458,0.0,43.49949443509041,14.693222432227538,10.548033508765148,13.792380069229974,50.903053630254135,47.09763278182051,36.913147796619775,36.602082380429565,15.57317585299694,47.876768349127865,49.680394028378075,68.08982379398755],
        [24.590329358897137,2.3513918543390666,11.134794530234874,18.129047897872002,16.67509728319077,30.210291778163263,67.74476769359359,47.09711902260703,43.49949443509041,0.0,43.0591751835485,46.64715489562798,57.291874504320376,7.4035591951637265,21.153799955981665,8.54719504529881,55.416866558887044,52.97203966858788,11.783473351534152,6.180899593287663,24.590329358897137],
        [67.06811512505794,40.763468615224355,49.200533806086256,52.83322149526839,50.70514673594991,46.35445127042039,24.685592510045083,28.218082872661874,14.693222432227538,43.0591751835485,0.0,25.241255940992687,19.662918194406416,49.881344961324544,61.79085521404804,51.60637022884731,35.58037371149998,30.266398285224476,46.855059680198266,48.65868535944848,67.06811512505794],
        [71.23748425452513,44.93283774469151,53.36990293555342,28.51810699775598,54.874515865417074,50.523820399887555,49.92684845103777,32.38745200212904,10.548033508765148,46.64715489562798,25.241255940992687,0.0,10.644719608692398,54.05071409079171,36.54959927305536,38.7415408808577,39.749742840967144,6.324884772959894,51.02442880966544,52.82805448891564,71.23748425452513],
        [81.88220386321751,55.57755735338391,64.01462254424581,39.16282660644838,65.51923547410948,61.16854000857995,44.3485107044515,43.032171610821436,13.792380069229974,57.291874504320376,19.662918194406416,10.644719608692398,0.0,64.69543369948411,42.12793701964163,49.3862604895501,50.39446244965954,10.603480090818064,61.669148418357835,63.47277409760804,81.88220386321751],
        [17.669058939654857,9.117876346100196,5.760758879734411,25.53260709303573,11.301061632690306,24.8362561276628,62.37073204309312,41.72308337210657,50.903053630254135,7.4035591951637265,49.881344961324544,54.05071409079171,64.69543369948411,0.0,28.55735915114539,15.30917320993401,50.04283090838658,60.375598863751605,6.4094377010336885,1.2226596018760638,17.669058939654857],
        [45.744129314878805,21.08307188483861,29.866474560734417,8.957633718779654,35.40677731369031,48.94197180866281,86.47644772409313,65.82879905310658,47.09763278182051,21.153799955981665,61.79085521404804,36.54959927305536,42.12793701964163,28.55735915114539,0.0,13.248185941211382,74.14854658938658,31.818239712606214,30.515153382033695,27.334699549269327,45.744129314878805],
        [32.495943373667416,10.898586899637877,19.681989575533684,10.22343388310172,25.22229232848958,38.757486823462074,76.2919627388924,55.64431406790584,36.913147796619775,8.54719504529881,51.60637022884731,38.7415408808577,49.3862604895501,15.30917320993401,13.248185941211382,0.0,63.96406160418585,45.066425653817596,20.330668396832962,14.086513608057945,32.495943373667416],
        [32.373771968731724,53.06547470454798,44.282072028652166,65.19091287060692,38.74176927569627,25.20657478072378,15.628132393940376,8.319747536280008,36.602082380429565,55.416866558887044,35.58037371149998,39.749742840967144,50.39446244965954,50.04283090838658,74.14854658938658,63.96406160418585,0.0,46.074627613927035,43.633393207352896,50.65963708972618,32.373771968731724],
        [77.562369027485,51.25772251765141,59.69478770851332,34.84299177071588,61.19940063837697,56.84870517284745,54.951990795269566,38.71233677508893,15.57317585299694,52.97203966858788,30.266398285224476,6.324884772959894,10.603480090818064,60.375598863751605,31.818239712606214,45.066425653817596,46.074627613927035,0.0,57.349313582625335,59.152939261875545,77.562369027485],
        [20.21305544485968,9.432081497195085,2.345474125887982,22.50632181190946,4.891623931656618,18.42681842662911,55.96129434205943,35.313645671072884,47.876768349127865,11.783473351534152,46.855059680198266,51.02442880966544,61.669148418357835,6.4094377010336885,30.515153382033695,20.330668396832962,43.633393207352896,57.349313582625335,0.0,7.02624388237329,20.21305544485968],
        [18.409429765609474,7.8952167442241326,6.377565061074012,24.309947491159665,11.917867814029908,25.4530623090024,62.987538224432726,42.33988955344617,49.680394028378075,6.180899593287663,48.65868535944848,52.82805448891564,63.47277409760804,1.2226596018760638,27.334699549269327,14.086513608057945,50.65963708972618,59.152939261875545,7.02624388237329,0.0,18.409429765609474],
        [0.0,26.304646509833606,17.8675813189717,42.71937725676914,16.362968389108044,20.713663854637563,47.11587380749835,38.85003225239608,68.08982379398755,24.590329358897137,67.06811512505794,71.23748425452513,81.88220386321751,17.669058939654857,45.744129314878805,32.495943373667416,32.373771968731724,77.562369027485,20.21305544485968,18.409429765609474,0.0]
    ],
    "vertex_count": 21
}