{
    "drone_dist": [
        [0.0,26.508053514514394,30.747917173141808,32.94096323714702,45.82775081017922,13.396115500779432,27.787864063292176,25.321799123654213,26.401345718057577,49.17138231886296,8.879724547239347,15.60777588612773,34.406231082862675,9.555858033725379,11.725649468136126,13.785303820642085,23.74480306254349,20.978622332392295,30.045672161423155,35.1637293363764,0.0],
        [26.508053514514394,0.0,15.958961329203927,26.83214323633339,34.536298489082526,19.148347978471016,9.745895272456654,37.14009070890248,22.44014378070323,27.219758055282735,27.19409530203759,25.18199798289234,8.864779382184587,27.224574444529317,37.7691937896634,13.633847312507672,3.1747255839536863,33.85267986138735,3.5571760618046544,12.118266880553989,26.508053514514394],
        [30.747917173141808,15.958961329203927,0.0,42.46966875585303,50.44290507184822,30.13127512995475,25.69267291791344,49.29197027758979,37.43234887083002,40.55542998860141,35.56538545753239,36.61771444351518,21.970979483201024,35.88445942847337,42.29193689957649,17.966323985717672,17.62653483667061,45.368036355607444,16.7806254908794,26.712481462351224,30.747917173141808],
        [32.94096323714702,26.83214323633339,42.46966875585303,0.0,13.143468457752078,19.81135354561144,17.360055362394377,20.82495124938395,6.629707193871175,25.456411205186726,25.903073936660057,18.38443471724897,25.625852122702494,25.31487707579911,38.27595778663127,30.34438594405563,24.843195660770284,20.832950966346118,27.512827318079275,21.34134118261343,32.94096323714702],
        [45.82775081017922,34.536298489082526,50.44290507184822,13.143468457752078,0.0,32.50444204340064,24.96628532007239,32.32031447125741,19.453674036810146,20.3325005456548,39.036357028828355,31.52782078904522,29.976964240545335,38.45327730060871,51.40112606562704,41.484541416294675,33.511763983180806,33.226890969420374,33.92469046499736,24.884555233135266,45.82775081017922],
        [13.396115500779432,19.148347978471016,30.13127512995475,19.81135354561144,32.50444204340064,0.0,16.312472055264987,19.161128079534027,13.19105580749804,36.80178740591701,8.938305135290602,6.493113219193139,24.815197092515852,8.731546845372021,21.45279385675725,13.222076342752954,15.974210567594021,15.300274430285434,22.15117290142786,24.088340774306122,13.396115500779432],
        [27.787864063292176,9.745895272456654,25.69267291791344,17.360055362394377,24.96628532007239,16.312472055264987,0.0,30.910144873375295,13.94555394220719,21.509071148396007,25.250505728904752,20.685266195790497,9.58060470973649,25.032054488177515,37.54371738142971,18.34181129830786,8.577434744162849,28.40814654603077,10.164414917514733,7.7799939558561855,27.787864063292176],
        [25.321799123654213,37.14009070890248,49.29197027758979,20.82495124938395,32.32031447125741,19.161128079534027,30.910144873375295,0.0,18.279523614437956,45.85363046698319,16.533424242342527,12.684854583012365,40.48480622870214,15.896696083074541,23.804734442768133,32.039333585032374,34.08667504778131,4.376988527630007,39.548849270734536,37.85817946520601,25.321799123654213],
        [26.401345718057577,22.44014378070323,37.43234887083002,6.629707193871175,19.453674036810146,13.19105580749804,13.94555394220719,18.279523614437956,0.0,27.981619763731587,19.757415059070546,12.46137123604355,23.289354876458354,19.21404968464998,32.4101326567229,24.05200662196857,19.992382410388238,16.978478626880754,23.83345699012209,19.956056994511275,26.401345718057577],
        [49.17138231886296,27.219758055282735,40.55542998860141,25.456411205186726,20.3325005456548,36.80178740591701,21.509071148396007,45.85363046698319,27.981619763731587,0.0,45.50107133156219,39.400187936185745,18.886178475826053,45.144534574717476,58.238238882922424,39.392730526571704,28.193225167701755,44.95400622367641,24.65202834602121,15.199088607275199,49.17138231886296],
        [8.879724547239347,27.19409530203759,35.56538545753239,25.903073936660057,39.036357028828355,8.938305135290602,25.250505728904752,16.533424242342527,19.757415059070546,45.50107133156219,0.0,7.578866345992576,33.580649977033524,0.6902693721959027,12.84387487576399,17.59969365698851,24.061456928741617,12.164188984890977,30.446143213490345,33.0249992679633,8.879724547239347],
        [15.60777588612773,25.18199798289234,36.61771444351518,18.38443471724897,31.52782078904522,6.493113219193139,20.685266195790497,12.684854583012365,12.46137123604355,39.400187936185745,7.578866345992576,0.0,29.892420782195888,6.959782477814904,19.96793990852137,19.441184669749752,22.036458707024778,8.828747869611245,27.948300178338975,28.325581148275003,15.60777588612773],
        [34.406231082862675,8.864779382184587,21.970979483201024,25.625852122702494,29.976964240545335,24.815197092515852,9.58060470973649,40.48480622870214,23.289354876458354,18.886178475826053,33.580649977033524,29.892420782195888,0.0,33.46921269595336,45.16546940595656,22.28482761141392,10.85316035843442,37.895307500296134,5.824882742779541,5.106308202757766,34.406231082862675],
        [9.555858033725379,27.224574444529317,35.88445942847337,25.31487707579911,38.45327730060871,8.731546845372021,25.032054488177515,15.896696083074541,19.21404968464998,45.144534574717476,0.6902693721959027,6.959782477814904,33.46921269595336,0.0,13.296649695579056,17.927678639180943,24.07918703023351,11.523324095346608,30.441125580078673,32.81119445725113,9.555858033725379],
        [11.725649468136126,37.7691937896634,42.29193689957649,38.27595778663127,51.40112606562704,21.45279385675725,37.54371738142971,23.804734442768133,32.4101326567229,58.238238882922424,12.84387487576399,19.96793990852137,45.16546940595656,13.296649695579056,0.0,25.489871806928885,34.84235907413262,20.317835244507858,41.25142926020421,45.23724218628261,11.725649468136126],
        [13.785303820642085,13.633847312507672,17.966323985717672,30.34438594405563,41.484541416294675,13.222076342752954,18.34181129830786,32.039333585032374,24.05200662196857,39.392730526571704,17.59969365698851,19.441184669749752,22.28482761141392,17.927678639180943,25.489871806928885,0.0,11.50197338552053,27.907084498069867,17.16004653776102,24.349043953844696,13.785303820642085],
        [23.74480306254349,3.1747255839536863,17.62653483667061,24.843195660770284,33.511763983180806,15.974210567594021,8.577434744162849,34.08667504778131,19.992382410388238,28.193225167701755,24.061456928741617,22.036458707024778,10.85316035843442,24.07918703023351,34.84235907413262,11.50197338552053,0.0,30.73694368091784,6.435961861570018,13.012798231778909,23.74480306254349],
        [20.978622332392295,33.85267986138735,45.368036355607444,20.832950966346118,33.226890969420374,15.300274430285434,28.40814654603077,4.376988527630007,16.978478626880754,44.95400622367641,12.164188984890977,8.828747869611245,37.895307500296134,11.523324095346608,20.317835244507858,27.907084498069867,30.73694368091784,0.0,36.46725371506347,35.704714032177826,20.978622332392295],
        [30.045672161423155,3.5571760618046544,16.7806254908794,27.512827318079275,33.92469046499736,22.15117290142786,10.164414917514733,39.548849270734536,23.83345699012209,24.65202834602121,30.446143213490345,27.948300178338975,5.824882742779541,30.441125580078673,41.25142926020421,17.16004653776102,6.435961861570018,36.46725371506347,0.0,10.011505799943604,30.045672161423155],
        [35.1637293363764,12.118266880553989,26.712481462351224,21.34134118261343,24.884555233135266,24.088340774306122,7.7799939558561855,37.85817946520601,19.956056994511275,15.199088607275199,33.0249992679633,28.325581148275003,5.106308202757766,32.81119445725113,45.23724218628261,24.349043953844696,13.012798231778909,35.704714032177826,10.011505799943604,0.0,35.1637293363764],
        [0.0,26.508053514514394,30.747917173141808,32.94096323714702,45.82775081017922,13.396115500779432,27.787864063292176,25.321799123654213,26.401345718057577,49.17138231886296,8.879724547239347,15.60777588612773,34.406231082862675,9.555858033725379,11.725649468136126,13.785303820642085,23.74480306254349,20.978622332392295,30.045672161423155,35.1637293363764,0.0]
    ],
    "end_depot": 20,
    "start_depot": 0,
    "truck_dist": [
        [0.0,37.20637486295435,34.129286375609006,33.100525378129106,48.56565892319242,15.241601334219236,38.215776983773026,35.64484195953324,27.234607593222687,66.47362861270594,12.276645804758774,19.26956161951008,48.65496080039938,13.167025472839153,14.849285547027142,18.106690475954473,33.519091820561215,29.455734267863107,42.236680078110766,49.124895855827546,0.0],
        [37.20637486295435,0.0,22.35863188692679,37.68740577923366,47.50240512113918,21.96477352873511,13.745765045346609,40.23172236063779,30.12779386738392,29.267253749751603,34.563841257834284,26.441184144017473,11.448585937445038,34.16363173889136,52.055660409981485,19.099684386999872,3.6872830423931298,34.042614668967644,5.030305215156417,12.314773311722153,37.20637486295435],
        [34.129286375609006,22.35863188692679,0.0,60.046037666160444,69.86103700806596,38.197419228153635,36.1043969322734,62.590354247564576,52.486425754310716,47.36379765570164,39.2221580927901,46.21507390754141,27.467301676857,40.11253776087049,48.97857192263615,19.719381728541137,24.920215153600004,56.40124655589444,22.303563640883443,34.67340519864894,34.129286375609006],
        [33.100525378129106,37.68740577923366,60.046037666160444,0.0,15.785034498481204,21.84861843800681,23.94164073388704,29.340818703847177,7.55961191184973,33.69300418799473,30.138090819591156,22.015433705774345,32.57873598930344,29.737881300648233,47.62990997173836,40.32665593761931,35.12582251256043,29.235922932154704,37.742474025277,25.3726324675115,33.100525378129106],
        [48.56565892319242,47.50240512113918,69.86103700806596,15.785034498481204,0.0,33.32405758897319,33.75664007579256,45.125853202328386,21.331051329969736,22.49723935236433,45.92312531807236,37.80046820425555,42.39373533120896,45.522915799129436,63.41494447021957,50.14165527952483,44.94082185446596,45.02095743063591,47.557473367182524,35.18763180941702,48.56565892319242],
        [15.241601334219236,21.96477352873511,38.197419228153635,21.84861843800681,33.32405758897319,0.0,22.974175649553793,24.392935019410942,14.289006526157081,51.23202727848671,12.599067729099174,8.017654679387778,33.41335946618015,12.198858210156253,30.090886881246377,18.478037499612494,18.27749048634198,18.203827327740807,26.995078743891526,33.883294521608306,15.241601334219236],
        [38.215776983773026,13.745765045346609,36.1043969322734,23.94164073388704,33.75664007579256,22.974175649553793,0.0,34.77597126290899,16.382028822037313,28.25785162893292,35.57324337865296,27.450586264836158,10.439183816626354,35.173033859710046,53.065062530800176,20.109086507818557,11.184181778673395,34.67107549121651,13.800833291389957,10.909118872054517,38.215776983773026],
        [35.64484195953324,40.23172236063779,62.590354247564576,29.340818703847177,45.125853202328386,24.392935019410942,34.77597126290899,0.0,23.794801872358647,63.03382289184191,23.36819615477447,16.375280340023163,45.21515507953535,22.47781648669409,28.263756020319903,42.87097251902344,37.67013909396457,6.189107691670135,40.28679060668114,45.68509013496351,35.64484195953324],
        [27.234607593222687,30.12779386738392,52.486425754310716,7.55961191184973,21.331051329969736,14.289006526157081,16.382028822037313,23.794801872358647,0.0,39.23902101948326,24.592073988102626,16.469416874285816,25.01912407745371,24.191864469159704,42.08389314024983,32.76704402576958,27.566210600710708,23.689906100666175,30.18286211342727,21.89028826260486,27.234607593222687],
        [66.47362861270594,29.267253749751603,47.36379765570164,33.69300418799473,22.49723935236433,51.23202727848671,28.25785162893292,63.03382289184191,39.23902101948326,0.0,63.83109500758588,55.70843789376907,19.896495978844634,63.43088548864296,81.32291415973309,48.36693813675147,32.95453679214474,62.92892712014944,25.060234014818192,17.3487327568784,66.47362861270594],
        [12.276645804758774,34.563841257834284,39.2221580927901,30.138090819591156,45.92312531807236,12.599067729099174,35.57324337865296,23.36819615477447,24.592073988102626,63.83109500758588,0.0,8.122657113816809,46.012427195279315,0.8903796680803797,17.491819152147205,19.502776364248966,30.87655821544115,17.179088463104335,39.5941464729907,46.48236225070748,12.276645804758774],
        [19.26956161951008,26.441184144017473,46.21507390754141,22.015433705774345,37.80046820425555,8.017654679387778,27.450586264836158,16.375280340023163,16.469416874285816,55.70843789376907,8.122657113816809,0.0,37.889770081462515,7.722447594873888,25.614476265964015,26.495692179000272,22.753901101624344,10.186172648353029,31.47148935917389,38.359705136890675,19.26956161951008],
        [48.65496080039938,11.448585937445038,27.467301676857,32.57873598930344,42.39373533120896,33.41335946618015,10.439183816626354,45.21515507953535,25.01912407745371,19.896495978844634,46.012427195279315,37.889770081462515,0.0,45.6122176763364,63.50424634742653,30.54827032444491,15.135868979838168,45.11025930784287,6.418280722288621,7.206103521791942,48.65496080039938],
        [13.167025472839153,34.16363173889136,40.11253776087049,29.737881300648233,45.522915799129436,12.198858210156253,35.173033859710046,22.47781648669409,24.191864469159704,63.43088548864296,0.8903796680803797,7.722447594873888,45.6122176763364,0.0,17.892028671090124,20.393156032329347,30.47634869649823,16.288708795023954,39.19393695404778,46.082152731764566,13.167025472839153],
        [14.849285547027142,52.055660409981485,48.97857192263615,47.62990997173836,63.41494447021957,30.090886881246377,53.065062530800176,28.263756020319903,42.08389314024983,81.32291415973309,17.491819152147205,25.614476265964015,63.50424634742653,17.892028671090124,0.0,32.955976022981616,48.36837736758836,22.074648328649765,57.0859656251379,63.97418140285469,14.849285547027142],
        [18.106690475954473,19.099684386999872,19.719381728541137,40.32665593761931,50.14165527952483,18.478037499612494,20.109086507818557,42.87097251902344,32.76704402576958,48.36693813675147,19.502776364248966,26.495692179000272,30.54827032444491,20.393156032329347,32.955976022981616,0.0,15.412401344606742,36.6818648273533,24.12998960215629,31.018205379873073,18.106690475954473],
        [33.519091820561215,3.6872830423931298,24.920215153600004,35.12582251256043,44.94082185446596,18.27749048634198,11.184181778673395,37.67013909396457,27.566210600710708,32.95453679214474,30.87655821544115,22.753901101624344,15.135868979838168,30.47634869649823,48.36837736758836,15.412401344606742,0.0,31.481031402294434,8.717588257549547,15.605804035266331,33.519091820561215],
        [29.455734267863107,34.042614668967644,56.40124655589444,29.235922932154704,45.02095743063591,18.203827327740807,34.67107549121651,6.189107691670135,23.689906100666175,62.92892712014944,17.179088463104335,10.186172648353029,45.11025930784287,16.288708795023954,22.074648328649765,36.6818648273533,31.481031402294434,0.0,38.69197858555425,45.58019436327103,29.455734267863107],
        [42.236680078110766,5.030305215156417,22.303563640883443,37.742474025277,47.557473367182524,26.995078743891526,13.800833291389957,40.28679060668114,30.18286211342727,25.060234014818192,39.5941464729907,31.47148935917389,6.418280722288621,39.19393695404778,57.0859656251379,24.12998960215629,8.717588257549547,38.69197858555425,0.0,12.3698415577655,42.236680078110766],
        [49.124895855827546,12.314773311722153,34.67340519864894,25.3726324675115,35.18763180941702,33.883294521608306,10.909118872054517,45.68509013496351,21.89028826260486,17.3487327568784,46.48236225070748,38.359705136890675,7.206103521791942,46.082152731764566,63.97418140285469,31.018205379873073,15.605804035266331,45.58019436327103,12.3698415577655,0.0,49.124895855827546],
        [0.0,37.20637486295435,34.129286375609006,33.100525378129106,48.56565892319242,15.241601334219236,38.215776983773026,35.64484195953324,27.234607593222687,66.47362861270594,12.276645804758774,19.26956161951008,48.65496080039938,13.167025472839153,14.849285547027142,18.106690475954473,33.519091820561215,29.455734267863107,42.236680078110766,49.124895855827546,0.0]
    ],
    "vertex_count": 21
}