{
    "drone_dist": [
        [0.0,1863.7911291690618,3086.4525372273038,718.3735042318478,1387.3675822390746,1223.6148596835553,1207.5587679636865,3669.3506863448392,1390.8362910062808,2485.6211177214373,3474.224042126597,3577.2989733490563,3149.567195767918,1497.2247617325554,3900.642853248502,3580.9800504072514,4124.782452002531,2581.080782060939,2115.283886708302,1616.9236588722727,2452.385702730603,3891.84178266862,3172.382457210442,2335.5901402146383,1313.7946819061756,2106.826196634953,1804.8085418459386,4134.536120797081,2158.3779745105508,2599.1117449779968,4650.806280715668,1978.0814860438043,4406.550437744211,3409.052989120941,729.295610113339,1807.313065910982,4268.146563754136,1034.839699102198,5574.924746678342,1122.91593929367,823.4134609948607,4154.183837208908,4740.547649875113,3688.087807255978,3176.948728240701,2468.090393606785,2264.526552162601,4969.01753223452,1759.4656369456857,2565.8478265462227,3569.54116263981,2704.046194120438,3154.7212145774115,1675.0853346222984,3155.0118118897594,686.473313821947,3984.5320340394173,2013.2752117111675,2641.8466624591365,3085.9987031067303,2801.62616224218,3056.878412540506,1934.1169099921442,2902.653656385003,3820.2680053480058,864.952980371796,5057.405242607794,2505.833893608499,4592.0727330391155,1576.0959246788511,3355.04689297283,1604.8178533424013,4237.295831457638,2934.3840502420367,2071.2699573662417,4495.694430938962,3400.674646158852,3569.804294061726,2527.5000246784957,4369.976219699225,2438.6946231616676,780.886028601937,3436.0272312290654,2897.3472683873247,3767.705306699015,3033.907745821719,3351.627475101173,3525.8612707660354,2259.319487145314,4775.943581035059,3231.8675909373273,1402.1738889953222,4409.34856328522,2027.2689662317773,924.8498362845679,1717.3777563023964,4555.743581319063,4643.069248334982,3814.9159397728436,2738.6883665201044,0.0],
        [1863.7911291690618,0.0,4933.13642391347,2581.3640853629013,1152.1295171817744,682.0939477414811,1633.3959739313866,5203.85691344663,816.2074233004139,3280.3349273662593,4601.910401696403,4528.708951596965,2666.1434428007497,1981.9657291052793,4304.296561197744,4372.046130946712,5621.955115619174,2710.0490952881632,2833.800599088119,846.0451696900174,2566.3106645739445,3615.1227874072965,4978.300960408679,1663.2584166232466,1971.850157120779,2424.2344112498904,2516.187815149307,4209.397220161928,1440.2260514230793,2421.873834637337,5771.666342066393,3835.8347895589263,4458.721008221802,4820.185919201838,1208.192517893144,2825.3040564679536,4723.039546130934,2843.399040878648,6837.382551078393,2921.044047283021,2556.916154900449,4938.9714321105685,6191.298446168486,4570.325819003514,3782.3874780449296,2473.65687190364,4104.523100581922,6083.495101917861,2972.6355792452446,3533.494420520637,3481.4041713897523,4309.947245123517,2727.2282480973604,3536.68510886011,3946.767344200635,1738.9022573154793,5359.675422721699,3766.344744776458,4486.290478062635,4519.389083704787,4164.814301946588,3700.4343629567006,3797.688334170724,4023.4855466118743,4706.76544528461,1005.6107552254964,6423.134247684443,3751.832775801168,4332.039662709922,2731.874449587357,4319.065685098615,3461.424376838676,4980.456000102906,2422.3765132844555,1606.606076315714,5255.930403008696,4299.43236488518,5037.79000595267,4074.143755492281,5443.637159174841,4148.909887759199,1478.3603114053535,5094.524529976992,4074.5920654616425,4882.48623988954,4803.252327713831,4743.066400208268,4344.255262705908,4095.7938959243115,5475.456173136387,4734.956172646727,463.2946266794928,4785.618577592494,3887.8325265953354,2397.0383545401987,288.43667823043177,4379.332396850606,4936.044163507924,3862.5893305610466,4436.023797376405,1863.7911291690618],
        [3086.4525372273038,4933.13642391347,0.0,2374.3717346593307,4146.273526372725,4263.1817728508195,3684.820521590271,1961.0327224976559,4313.36093433625,3360.608497956431,3017.575628533856,3439.66240895768,5186.1719014051,3631.5949058963038,4570.841593884511,3749.8591258565093,2322.4662872462995,4258.905701695095,3411.178450936929,4487.062089159112,4221.777473545107,5471.640440688612,454.42152920968067,4826.630360502166,3472.4145309804953,3891.1052002370366,3396.5179092042445,5194.714104177733,4750.996509450671,4577.640358826275,3666.5366295122576,1118.062840720383,5411.994757508286,2259.965277545017,3733.9522330027876,2982.061896693287,4716.007179533652,2094.5646660100992,3993.2829253048512,2022.9959351319137,2400.99376878057,4068.3666834789897,2867.8477251691183,3629.294500551729,3881.8782608837973,4339.10989856363,830.192371735551,3896.5695669870597,2679.906768656785,3087.203956091657,5036.742133183327,1522.4881053655083,5136.779420558631,1514.465658199842,3564.1225602320587,3290.1696537761654,2616.469304643888,1317.5441308045283,447.12385200099567,2108.3881917658737,2265.9935225644053,3772.1827492222583,1209.207197403418,2853.6038748606516,3687.241683428845,3949.252009356962,3335.278135712706,2531.61154499219,5959.167146563649,2819.166072783712,3319.719709566216,1484.6562727733526,4196.064352121405,5072.8885039343495,4544.669801083463,4324.535156978394,3466.433698458044,2142.5417819685285,1749.1007581062972,3598.1539029682854,1197.7078060099436,3550.850683778401,1383.260997750838,2729.5989059841277,3175.9416460827592,715.2886174351922,2299.2752589115507,3673.530665158233,842.0529827175474,4623.546091143166,1919.797061498563,4478.175354710784,4933.769794588263,1082.8873920623616,2679.7189742127284,4750.715688549761,5825.344007118634,5223.129287574122,5022.482764834232,1146.9013553408702,3086.4525372273038],
        [718.3735042318478,2581.3640853629013,2374.3717346593307,0.0,1984.7684232276135,1931.8639415877503,1661.9945905732218,3143.336275228856,2056.8222485143046,2463.903560247342,3188.824189327635,3378.067729863169,3555.607236491319,1825.4720865578429,3934.726700535991,3460.6073785943604,3608.816178006282,2838.1588666470125,2188.6134978919927,2267.051372147374,2731.5697588395096,4184.7135915758845,2484.7442599443225,2865.4633292743715,1626.6088483721844,2361.302677267808,1945.1229449794528,4287.498486248212,2718.953489459765,2960.6698169039887,4319.747694864027,1261.5144303582001,4554.876632202806,2965.9089394065036,1416.783765686286,1778.3761714199484,4260.9399170997885,437.8408267217537,5151.892730666926,527.0279732162298,484.2214630595041,4005.2127375793266,4237.040346056715,3516.8452696516783,3173.539963353502,2784.09065451408,1559.5817620547446,4631.978389053802,1614.7892866514144,2442.760979835464,3816.1041622509574,2166.34558894306,3543.4694673317067,966.640601408549,3065.2150478752997,1136.0929457513855,3540.8627642776737,1390.2542437297423,1932.1249580444032,2644.406938880662,2421.710201604287,3046.4097896713656,1216.4058597432002,2660.4689189095407,3639.533306179267,1583.0689762859765,4592.234002831012,2225.8051948609736,4846.46853180196,1516.3264131656904,3163.536710401732,889.9524531258886,4103.7760611152025,3365.4621059517144,2584.2254380834534,4343.088655558105,3239.2931427044923,3086.5855850642306,2042.2439872877476,4071.910993891115,1834.1748095171722,1344.993513186,2839.530131139689,2623.1737418159273,3473.8072443943356,2371.8275879681837,2922.774666475296,3395.847136885016,1557.104657833917,4640.045499906927,2739.836266264676,2120.316120695405,4428.533236262132,1309.2705180161736,871.153250503601,2426.173376331488,4781.965377239151,4686.224999829557,3996.066159784091,2133.6699642415433,718.3735042318478],
        [1387.3675822390746,1152.1295171817744,4146.273526372725,1984.7684232276135,0.0,675.5195691267074,520.0396697986962,4137.576833514197,344.1207151370734,2128.3947473136836,3455.92276141257,3376.6498906289416,1899.891244093758,831.9673358811417,3220.397286412768,3226.4368139472112,4536.434872664651,1650.6075333071487,1681.7028133674028,369.9888419861399,1503.0645680494817,2768.7147518667452,4110.9727035251635,972.4415290968698,846.3683841299671,1299.5703978969618,1365.661667213264,3224.4233026700517,776.5913498951434,1467.101398681995,4621.1796529171825,3122.856934949863,3487.9212373285086,3719.653242780238,726.0781222638213,1696.9409974456976,3633.8939760832754,2089.7686879210096,5694.539809062771,2145.5477460262073,1764.8698011162344,3797.5743170933415,5086.2368838697175,3420.143305580717,2650.6118108292476,1442.6063030370692,3324.84068302986,4932.310403711862,1877.2188763416514,2384.260233188042,2540.7221698891904,3296.2648797695383,1929.3134682639545,2929.5721552996074,2798.315563157409,871.9804495369702,4243.5352033458075,2879.328111347738,3704.9787416374465,3430.543776690039,3063.7974842314543,2562.574313322401,3133.390070990327,2881.637822596394,3556.843052861205,962.9293213056751,5297.100275032089,2633.733915158416,3496.117232133883,1638.3284848322598,3166.98001100579,2760.963982937946,3843.8480166536237,1661.7128763942874,742.2472343035977,4119.184736820087,3147.9270937474284,3950.612609731681,3039.2741145271943,4292.09010966089,3207.723407145015,639.7753741076452,4091.0329902412554,2938.9420047232234,3734.1492783133826,3895.197380039504,3638.5355305942,3196.525753225975,3308.490668463427,4348.2114580278485,3665.0973151752432,942.0492913493321,3716.727333061709,3188.346122220764,1472.2752478902582,867.1031286904849,3503.941882378341,3892.675805191644,2878.768535643286,3475.2076567757053,1387.3675822390746],
        [1223.6148596835553,682.0939477414811,4263.1817728508195,1931.8639415877503,675.5195691267074,0.0,1044.1251771725783,4539.014597823969,377.4319053410581,2730.5440126751223,4003.9047290657923,3969.006102533498,2515.7479158622764,1428.4071011582168,3888.9331374103867,3849.2417120841014,4963.716345099083,2325.815302583476,2284.843103785743,590.4943705845468,2178.269329092169,3417.0105939129726,4299.00697393074,1525.8416569232154,1375.2169920317615,1960.0697278972316,1951.9204794011323,3898.511105462444,1298.7292026588361,2130.7243711638735,5185.810073433444,3174.5450756042615,4161.05471108496,4171.503702350043,529.840762701048,2212.1546712875606,4300.211489554458,2169.7625228188276,6226.553974667823,2245.3642496420107,1877.6909372252924,4426.568793349778,5542.2551646173215,4027.8781669819004,3296.0546921379955,2117.3788024910514,3433.4028970831682,5501.22527094264,2331.375212807684,2951.5589088465786,3207.9874085830083,3634.365587638484,2556.0147255081256,2896.111969282751,3415.454900042574,1061.8175906069523,4720.0621648954375,3084.7150515839153,3816.0659979201882,3865.431620175348,3518.78772360196,3201.552950612491,3145.9247347422624,3419.189035018676,4165.249853123973,439.68525234868724,5790.026405582337,3120.1642173060577,4145.24162974485,2092.3969645647903,3753.260962561398,2800.2546488422354,4479.656401331399,2271.101014182211,1357.2968344611197,4754.1145745096965,3748.665507664108,4381.559271166588,3403.297480029387,4865.865415555836,3467.0699432640868,806.7984025588387,4416.317715158026,3459.9871010852576,4290.281691357574,4121.536857020719,4097.0481571978935,3814.0250115678805,3423.58531690345,4992.770067483077,4072.412243731355,295.9419641663239,4387.874082955512,3229.37633122257,1717.75791633727,494.3802504979306,4162.0322063488575,4567.041392711458,3552.3785678284685,3754.7790037385757,1223.6148596835553],
        [1207.5587679636865,1633.3959739313866,3684.820521590271,1661.9945905732218,520.0396697986962,1044.1251771725783,0.0,3617.7790190394444,820.8123239766016,1687.1561180624499,2972.242246749371,2925.123987440373,1943.4151060297745,395.8974841758074,2911.8260101089345,2809.487499095523,4018.5028316524645,1433.3576885464515,1242.6566314613572,889.9144383965682,1293.2041344384454,2700.0162416515527,3624.7917984567157,1208.7773079428068,338.5246011103896,993.0110413885408,908.0221472012336,3023.6427686962206,1085.2942062616553,1395.5791592583225,4148.740377458568,2701.181043671266,3294.2684824328985,3204.2113235631623,791.5733152323584,1192.2488382879242,3312.6104780710257,1680.7765288224575,5204.8196868660525,1723.7266401743989,1353.7370809355614,3388.7215082959005,4572.64845738535,2984.253372980563,2274.5517650690476,1284.4584386974334,2874.1404452375637,4462.920150222566,1358.8099094624563,1911.1698118849965,2403.3107840653124,2779.696687556379,1947.2141454058487,2557.3485325726465,2374.385288071,540.7196788333393,3733.532361707369,2396.344591131872,3249.2928666901007,2912.5942586833103,2548.0065623948576,2173.8654082153316,2731.4754823476296,2391.3878335171976,3121.6495907264275,1151.357420749326,4792.430186105836,2123.5626605776233,3411.3748873418162,1119.2299597582073,2709.9175179460017,2352.7571593727544,3445.6696041891964,1732.9664978822238,924.5248717651746,3719.134067748997,2704.5911150903335,3432.6837967741744,2520.585153080781,3825.763439749854,2706.168943905599,462.19775851481273,3574.7432063693464,2441.1961407363474,3255.5853817195393,3398.883840181814,3124.111342953938,2772.5167846381846,2855.2126656887162,3964.923845784571,3145.3662633329504,1338.9901193162505,3419.336692457212,2770.86189800013,1007.5756365760146,1358.258981291394,3389.373356956628,3621.3292927875978,2688.5400950700027,2967.80184417966,1207.5587679636865],
        [3669.3506863448392,5203.85691344663,1961.0327224976559,3143.336275228856,4137.576833514197,4539.014597823969,3617.7790190394444,0.0,4421.8458716468185,2423.483423938605,1380.9495219758703,1836.6239858572785,4411.456900944837,3366.162199608328,3116.158655461038,2222.473199771238,467.3567673213948,3469.712828596665,2720.981391491818,4506.933858747726,3502.039088191653,4360.037583950709,1510.2316256117438,4448.766270254261,3297.3237213236407,3294.7397012339325,2904.1967998336468,3835.4881223340585,4469.141439251411,3894.0701508588004,1714.8948042176746,2364.3120855545803,3993.5482311120263,559.6958263616115,4056.2669711322756,2484.0956197271535,3127.569808058044,2709.8740453349815,2124.5973304781396,2618.4303564874876,2847.5533350333017,2345.333388083678,1098.7606958960937,2013.347018103991,2620.1277521375164,3649.515340369969,2041.3277485705407,1935.6756458877824,2262.9493356833623,2069.5291167050837,3932.1113395956527,977.076108159478,4334.730081927546,2785.3504736588334,2237.7816555615323,3482.344781219051,661.1569698094551,1795.559391016292,1971.5335157418642,735.8209469671332,1118.6003021867698,2554.2539305463256,2545.097101216538,1583.2319824332485,2018.6161524164354,4392.006338115155,1498.3860223586787,1579.4902819066924,4662.016196129229,2499.857875450201,1818.3245271418605,2522.2768399240676,2471.471455261607,4388.81034468507,4214.370338462881,2531.461756051687,1970.6467619759337,291.9858946673706,1147.9001876699667,1691.4241894773097,1360.9014208908984,3732.219865285362,580.694533856147,1457.849412235839,1409.8117749651049,1267.4383435673687,650.7622264945081,2156.788661141707,2012.5247768644035,2805.911804763917,472.66469535486425,4819.381493866046,3349.031368418845,2401.1913011797005,2846.007422179421,4949.458617382395,4491.581993093681,3626.532816097141,3771.554860306394,1100.7034668451283,3669.3506863448392],
        [1390.8362910062808,816.2074233004139,4313.36093433625,2056.8222485143046,344.1207151370734,377.4319053410581,820.8123239766016,4421.8458716468185,0.0,2468.6806937027027,3785.779896492313,3716.228048247196,2138.4253627039707,1166.7404791071515,3557.1094948614814,3570.006190887963,4830.502347564322,1978.2823328390662,2021.5108179539116,240.30962122303478,1831.073825692806,3041.1667796893757,4309.417850344714,1152.4298880119063,1158.3927365434567,1641.8404308652819,1700.859680263653,3537.659072763233,927.8766765146482,1761.237657897529,4955.865089818944,3255.6552014229082,3798.108761100156,4020.841169720212,664.1009789640724,2012.7648344143684,3971.93060592796,2227.032105466337,6021.875242266472,2292.745292349614,1912.7559597164777,4141.574662711,5390.628175324032,3762.151294683405,2994.4665320312606,1760.7952054345008,3484.9532085532396,5268.06263237595,2172.7889390032947,2717.4744003895817,2839.3304842015773,3554.4067125713523,2178.6173408372265,3020.6372478158273,3141.23472486274,1027.977183615273,4553.612714726038,3080.2493379741727,3867.8955830971295,3725.2942782913815,3364.6239269035186,2906.689441286548,3247.795681240772,3207.9415912432614,3898.986946363153,761.8007810046518,5613.242504894437,2943.924217807605,3769.316678683244,1932.0498363453605,3505.290368784619,2885.583315000905,4187.966523510313,1893.9424768285244,980.1761628731163,4463.3051103349935,3488.788661543424,4245.036873605559,3306.6363052964352,4628.571886737468,3433.4022921265937,763.5424262659405,4346.364977584197,3260.643087699917,4066.296829158527,4109.43870422145,3941.8167899957994,3539.613314032403,3471.493056841526,4691.925556519666,3950.540321212605,610.3371596304718,4050.797933277601,3316.5208674616088,1675.8989173980376,537.5169085087725,3788.299056426713,4221.3528885384,3190.7171638295326,3710.3438603845893,1390.8362910062808],
        [2485.6211177214373,3280.3349273662593,3360.608497956431,2463.903560247342,2128.3947473136836,2730.5440126751223,1687.1561180624499,2423.483423938605,2468.6806937027027,0.0,1381.9990346013267,1248.5259698957111,1992.835408699827,1305.6444852368356,1472.6113414035383,1129.7476453208355,2712.373594299581,1046.2294220112344,447.35539697303835,2456.0916974601655,1085.266897841833,2112.817384628478,3099.3980237522223,2115.090078547665,1366.1077313458375,948.087712127352,779.4265055321397,1916.4802718422673,2189.4064952142326,1475.3896113931414,2506.0726122024957,2798.025175555394,2167.115968089706,1891.9930106124973,2419.528113435472,692.3731487951712,1802.022505982949,2157.8279057507793,3610.259972846876,2122.0587481823154,1979.7201747240797,1711.6580854436781,3160.197071920856,1297.3695504043785,709.9082276461753,1235.007377744274,2756.237180969541,2812.4263549505904,873.901254700052,354.3196098277105,1676.5932690225054,1943.739081167076,1919.8487999307563,2927.906350793313,692.8459893642296,1906.72283994556,2303.5918539478894,2141.2969248568047,3028.8651236775727,1698.9081559222595,1330.4532743244092,583.4613578505325,2926.365121987726,875.7604786424795,1434.7231083646072,2798.2302104652995,3284.0573473513355,896.9614114921272,2619.8619949851513,950.2657348138138,1042.0482012366422,2605.2586441505987,1778.863810411638,1965.8009518761455,1928.2329401157651,2047.9750156479352,1020.3697206744399,2163.916669287533,1664.5739243745193,2170.8618090992877,2164.269713152712,2041.7668214529458,2628.4416722358487,982.106475707631,1638.3101819304547,2796.4999933598165,1798.7991863386324,1088.0366292866895,2723.461673309016,2310.8687412863956,1991.1606148839949,3024.3615753436206,1964.7946429616939,2876.003017481746,1626.7208326037407,2994.1252759158947,2504.213585856621,2223.488592765518,1689.4547962361642,2286.251647638267,2485.6211177214373],
        [3474.224042126597,4601.910401696403,3017.575628533856,3188.824189327635,3455.92276141257,4003.9047290657923,2972.242246749371,1380.9495219758703,3785.779896492313,1381.9990346013267,0.0,457.7484014258308,3231.5374684643198,2624.3067641136995,1735.9071784335456,842.0762451441676,1497.796792818528,2354.0584759377853,1801.1893510281054,3802.001277707228,2426.4760267923493,3036.699033340924,2622.5233188066545,3492.8051655086533,2634.4444351763004,2329.923645047927,2092.81963461208,2460.2551553282756,3571.405405229301,2800.955414441508,1189.3178023092053,2942.101469952455,2612.87737403083,843.7846598760827,3614.743196632991,1793.2211299625967,1761.7401525661692,2774.7821330289357,2240.3788307687378,2701.434160672601,2751.886527412727,1050.7982615371898,1828.9427910546958,641.2102709270229,1313.5739191279504,2576.582045791161,2734.524451052904,1507.8883773281161,1731.467669780532,1075.8184921394777,2623.6715681374662,1526.2307421803366,3145.0584935602114,3250.168286517353,935.1536012400895,3046.5491320352685,1004.6609854414613,2216.6120779648686,2848.170948813165,909.625460708362,845.9759121915303,1279.1322922672869,3115.4206268164294,587.2346433310581,674.4470175738767,3989.726252352573,1906.7011084809537,972.7421628629997,3289.604131956869,1949.8490902617696,462.1389980762031,2922.7495540598047,1178.5155272738957,3258.1790295014075,3310.2151710285493,1321.961622208484,604.1375673610307,1089.4993559818297,1393.1167508675046,895.7736578714374,1959.9910248345764,3242.6534262246278,1827.4562614971326,576.9949963097962,293.9811242753783,2315.784578478488,769.7024534547089,778.2619398413179,2699.164316867053,1628.6073108898797,1137.7909958734708,4299.6640593038255,1984.08481990434,3006.589026741974,2549.8186529859827,4321.076055110464,3115.4836616382913,2267.4724568437377,2419.2074488436288,1886.5777426373832,3474.224042126597],
        [3577.2989733490563,4528.708951596965,3439.66240895768,3378.067729863169,3376.6498906289416,3969.006102533498,2925.123987440373,1836.6239858572785,3716.228048247196,1248.5259698957111,457.7484014258308,0.0,2916.4132207414864,2550.958512459047,1285.35086621072,396.2942383751968,1923.981974857391,2099.0670613620314,1694.9639465599626,3703.6276270969634,2192.3116381736786,2634.1231544346183,3057.103782666929,3289.2973952221882,2595.5021778139935,2161.9898221519343,2019.1429035612769,2016.455743228561,3393.6155915093527,2544.1856697293747,1277.043939832762,3276.818352475396,2160.150484339037,1301.3418691812917,3625.899168029879,1804.3805895240698,1306.375047140378,2986.7488608853564,2411.755820922074,2922.065335846992,2916.4936051632085,662.7949449806349,2185.691117104965,189.94935543362521,964.2700246516852,2338.2679700607073,3099.14370665963,1573.431284458172,1819.3389144971538,1031.4699019777183,2235.6589753560697,1927.7737559347402,2825.731350200845,3550.132028409149,631.0220047500562,3079.897943070544,1410.828065289107,2547.1310213385896,3243.6208455015067,1343.1458605359112,1202.419421711787,965.6341108055668,3443.5839133698273,727.0876223261259,271.01214309399865,4005.2180674743445,2186.8273858728567,1170.7410392050015,2847.358621968588,2007.0246450962068,222.74681539992872,3217.413942744683,782.4973836936692,2970.135823030941,3135.98980120611,981.1766620248954,243.54972054588907,1545.7798091475856,1757.6330236719225,933.9622195784858,2339.1201354828245,3247.8384256898994,2282.37518957944,798.7425239487036,518.0598811403598,2747.068709607671,1225.8031656376857,343.7533484830556,3063.564930469348,1288.2347893894585,1588.0120904142511,4264.107471465589,1528.6626051214198,3345.4353305173768,2658.677549450156,4242.630169794327,2669.56215305641,1813.5827720873388,1998.3377162630682,2297.7884264398213,3577.2989733490563],
        [3149.567195767918,2666.1434428007497,5186.1719014051,3555.607236491319,1899.891244093758,2515.7479158622764,1943.4151060297745,4411.456900944837,2138.4253627039707,1992.835408699827,3231.5374684643198,2916.4132207414864,0.0,1731.5335292610935,2058.3039043547406,2582.474832849271,4672.790852371757,956.3876588934029,1793.0482336363723,1942.739489946363,967.3549543778108,955.9513464762317,4993.829083664379,1010.8881100491609,1929.938974464255,1300.3219679513595,1797.2152084305628,1678.7751112910923,1241.3876618567124,617.3327575889813,4144.979106804338,4391.237064738395,1888.3463228456342,3869.7623901356005,2605.32714478798,2204.3541586225792,2450.1141757795754,3465.148983986223,5293.188908494994,3479.1797349381995,3162.3999496810898,3002.565487274306,5060.45463093186,2849.1761240995256,1952.5002508797932,847.527047926285,4463.922616400732,4402.603950917636,2506.4825351054496,2344.3645766463055,941.7807658123254,3892.250123286269,96.71831676805307,4357.538068026227,2305.3828347522194,2479.9564682838013,4223.357926317242,3880.1052314139897,4797.954348151326,3691.2990002102447,3322.705778330524,1959.5821264774772,4467.662064102747,2836.8265473817987,2956.2137701547426,2860.9814587997457,5102.218708447635,2879.598649921725,1665.9755868951856,2379.1005836099353,2788.8253674213524,4094.2271353478304,2984.297426076676,246.48307320930027,1163.1787563179455,3232.1309949367455,2681.6486648068217,4144.662110718785,3605.7733664777597,3801.960047719359,4029.2996671287656,2379.6033254490794,4612.929405429633,2956.6380248328346,3418.8300919142457,4707.652459232694,3776.0419817938923,2600.1836172347967,4436.5670098003475,3349.3520918698946,3983.9695120308356,2709.343363552054,2426.9090214939743,4468.2033994660305,2751.525214213522,2422.285328868892,1721.6216087365876,2487.8540190105355,1362.166008235609,4204.869975027617,3149.567195767918],
        [1497.2247617325554,1981.9657291052793,3631.5949058963038,1825.4720865578429,831.9673358811417,1428.4071011582168,395.8974841758074,3366.162199608328,1166.7404791071515,1305.6444852368356,2624.3067641136995,2550.958512459047,1731.5335292610935,0.0,2520.03462992398,2420.8346529216847,3746.2065785080817,1085.6364439735346,858.5135952671675,1181.0277705156218,955.1774690537025,2400.018775326847,3523.612874566443,1196.3088046557677,198.90129738953303,620.0357479925539,534.2233788639495,2660.190084082165,1145.7444591110707,1136.5092113413127,3789.8071132235505,2722.3406756715963,2931.9368362278005,2920.639520230349,1180.302909057641,888.0456708140669,2918.67694061994,1748.6132214812696,4863.574069670871,1772.1011851949017,1436.7482461645516,2998.5021540306407,4278.9070186800645,2602.3836240805895,1878.9182361443973,977.2404701156232,2848.671987884473,4101.541889327069,1112.256250852236,1552.3296818798294,2072.53832840544,2586.471297124442,1717.9975247828058,2642.8257209398766,1987.2950276719728,811.884046889172,3429.825405593806,2317.9935812798412,3210.4715716713317,2644.0948302522856,2268.803825251889,1779.1138243877044,2778.248556617535,2052.078022362274,2739.614869378969,1545.5838917360024,4474.94639017472,1825.3361357257709,3095.264021286602,889.5253675611062,2338.964317719671,2399.3861120448346,3053.3000274729225,1550.4786465756235,918.3763060623334,3327.266591217678,2325.837762155315,3161.9896469443875,2313.119787624157,3461.865135087571,2575.091286567799,826.8547885654142,3377.397058630449,2113.4470650198336,2902.1825974396934,3275.1098415080414,2836.452758708291,2385.971977532305,2825.7615938957583,3570.6599310698193,2894.3957494196966,1720.6160813927868,3028.5620346245582,2796.536475652162,1034.2495974870103,1698.5463344396992,3059.16270652233,3235.217285897677,2331.393247382509,2814.5570608574117,1497.2247617325554],
        [3900.642853248502,4304.296561197744,4570.841593884511,3934.726700535991,3220.397286412768,3888.9331374103867,2911.8260101089345,3116.158655461038,3557.1094948614814,1472.6113414035383,1735.9071784335456,1285.35086621072,2058.3039043547406,2520.03462992398,0.0,893.8401583710832,3203.712651860621,1594.833958769753,1786.4328364774326,3462.1657740447863,1737.9859000740666,1477.5500978236744,4229.478496336792,2766.988949909043,2652.5965182100863,1932.1092790929883,2099.755103417508,739.0971765338014,2941.576997045774,1940.7617119426104,2254.013020865728,4191.7605285758755,877.786266240174,2569.6285479720673,3700.337387743681,2157.2161631969375,420.0719159153936,3628.069334512853,3371.570492031416,3589.0864703766115,3450.8346099135033,1034.8948803679914,3405.91313049535,1124.2567810104106,768.6925172503195,1837.1022225574243,4092.8530680889444,2460.4496747687913,2341.8747697312806,1579.6514238800269,1169.454932197221,3053.2962870212855,1961.6827083768721,4368.780447016146,1010.9250962000676,3266.3126315580353,2683.859803988873,3489.7188029993154,4308.481150299278,2555.2613832363577,2313.037638297114,896.7698512453958,4335.78643306741,1718.2867010786092,1164.560925986896,4062.871439934815,3318.11461814498,2065.7276467191905,1568.4776210321597,2418.6303408263993,1308.6320493032574,4039.400911438107,978.8357288824893,2201.460264842209,2721.7961563635804,1196.2275812411312,1153.8500551659247,2824.3184642603105,2824.2730265797595,1938.4918272781736,3398.145385585189,3340.9674793257113,3529.3012783151667,1845.3035953596084,1775.0074236660798,3915.33595414077,2487.672827510699,959.8598921674289,4058.081594822478,1291.0638492132898,2827.4619111693914,4162.442942662602,510.48847160336084,4267.569980392273,3086.4421761201484,4019.9970717789447,1386.1770411290292,751.5524852311073,810.0400281409667,3428.5428745534055,3900.642853248502],
        [3580.9800504072514,4372.046130946712,3749.8591258565093,3460.6073785943604,3226.4368139472112,3849.2417120841014,2809.487499095523,2222.473199771238,3570.006190887963,1129.7476453208355,842.0762451441676,396.2942383751968,2582.474832849271,2420.8346529216847,893.8401583710832,0.0,2320.2638133266014,1823.6110562387332,1567.5000757140556,3533.479776227641,1932.4713963685408,2247.0962573663846,3385.1339538418415,3037.6935501593584,2494.0052811692935,1960.2787383919579,1905.3975102623963,1621.113224462415,3161.622419788902,2259.0400322125765,1564.2386111175488,3494.887625143734,1771.078408513641,1678.1204482355513,3549.275565602064,1775.019173734152,966.1501159378819,3095.4557376934354,2712.47596978387,3039.5770622295036,2984.6016479689774,581.9718137527707,2569.5773116095615,270.26886283879054,647.5685810741148,2071.8285007065656,3348.42791914071,1833.897984982305,1855.1778025988874,1023.860030323152,1857.4194511831154,2227.8612522345297,2489.4367209917145,3732.175790014703,436.91080948473,3030.635337018675,1806.5280683053004,2770.256178084687,3523.98060096822,1684.6392991367265,1485.6493225338131,690.15029830879,3653.7139387083866,924.0541208503075,375.61097282058796,3927.944967950226,2543.2646422540324,1341.293446873862,2451.762368728108,2007.915867201483,432.6282015692134,3398.004216368402,656.4033519500623,2655.7140838331197,2909.936805837471,920.0396074387781,283.4725281239981,1930.7099039275429,2027.273100383489,1220.007230706637,2611.300600309242,3171.463859338735,2646.9543387769636,1033.1020630846888,906.5574362846033,3072.215683544187,1597.8920713305117,76.76534594839636,3312.9576219567225,1195.050330352126,1946.710505269656,4140.9922341840565,1184.6589233905693,3566.890389009371,2683.5918714202635,4083.8816850229814,2275.135811215659,1473.8066350813053,1605.0818915178245,2603.0082708970544,3580.9800504072514],
        [4124.782452002531,5621.955115619174,2322.4662872462995,3608.816178006282,4536.434872664651,4963.716345099083,4018.5028316524645,467.3567673213948,4830.502347564322,2712.373594299581,1497.796792818528,1923.981974857391,4672.790852371757,3746.2065785080817,3203.712651860621,2320.2638133266014,0.0,3750.8676752355477,3050.348226805524,4904.0749332867035,3797.6050561821985,4533.947268640487,1868.2690723038352,4788.562371444914,3691.423500046166,3621.611298733835,3262.7776068324215,3939.0311957280255,4824.423481500265,4186.9578823916,1471.7009331249642,2817.502740561842,4070.41848310694,832.1078078398077,4490.31002476505,2858.4700760458854,3153.328542403053,3174.4932636156327,1689.7770452957616,3083.277161399603,3304.8372420491132,2326.190590289393,631.5003602336086,2079.5667708521783,2802.9399163366766,3947.371355403726,2486.4202488496294,1635.2024149579106,2659.699702109653,2360.1485444719856,4118.002284719718,1442.6218965062822,4591.264951074866,3244.023490226523,2419.557325978327,3912.820816228144,526.1920022189979,2262.4961453670294,2386.2495304341865,1105.9230029789537,1477.413255268064,2755.309084343798,2996.9709869283674,1841.3826954031638,2053.647897427692,4832.39942589893,1046.7912204420288,1928.059495591889,4770.105228688657,2899.67921319488,1959.2296370716708,2986.2642741417812,2445.2385158660545,4670.789006543187,4566.26079600629,2453.945005080296,2101.317456366482,585.8309092230255,1597.7279091266507,1539.399196308387,1826.0202090773848,4157.843216587441,957.3746868636767,1730.2691955422763,1431.827444038665,1664.1121529448692,921.9189551750419,2263.985258909959,2458.9832977178976,2699.429776301561,897.5693496411468,5247.575154358178,3369.6604661507017,2851.1265514903853,3285.981749359218,5362.256191644525,4589.880534185702,3633.7222838264493,3915.3027397006217,1558.8664429592527,4124.782452002531],
        [2581.080782060939,2710.0490952881632,4258.905701695095,2838.1588666470125,1650.6075333071487,2325.815302583476,1433.3576885464515,3469.712828596665,1978.2823328390662,1046.2294220112344,2354.0584759377853,2099.0670613620314,956.3876588934029,1085.6364439735346,1594.833958769753,1823.6110562387332,3750.8676752355477,0.0,848.6737861306907,1870.0096276903992,147.54692769437676,1347.2481051309949,4049.4627502989856,1220.8722940323817,1268.0076818060909,480.1510266525282,926.5133524859776,1593.2827387674129,1367.471002800213,447.5130219836255,3369.4144752685957,3524.8565164022143,1862.7394623369278,2935.972558221253,2215.288472328667,1285.3784151911632,2014.2703322823227,2669.330298493796,4510.341568672951,2667.6804994344643,2395.827988340556,2334.6887935491077,4172.237242178484,2071.3431183399357,1178.2565665912095,252.7265898934979,3564.649855468363,3652.1048917296325,1585.057453288184,1400.3184164298564,990.0535898238501,2937.1398674159273,891.9351503321461,3543.0465931858394,1468.2781026885903,1897.158630683146,3322.5116437343736,2966.845051424923,3884.0313778441787,2743.8369815692436,2371.5241405266415,1140.7178443909083,3618.4527730897958,1909.486896744521,2195.1330642389707,2551.8364289194915,4254.7018045846435,1924.7999900701616,2018.6320368784575,1491.5339423541154,1938.4875053628807,3255.7864686409325,2350.3991333502854,920.5334153882949,1133.759962198123,2620.944322661081,1855.9648692237447,3208.952502121079,2651.023928471677,3023.710860727964,3088.077216085043,1893.2380566645313,3657.254775593388,2023.262871088283,2572.0174964705916,3759.3310024276248,2842.5165447733425,1821.3363059227866,3535.536281201691,2806.726921939375,3034.7814032653428,2587.9475733254576,2077.4922081642253,3603.078150975404,1980.221512684788,2426.621311759953,1974.8340785274547,2243.1325647202207,1255.508496781216,3254.236997102612,2581.080782060939],
        [2115.283886708302,2833.800599088119,3411.178450936929,2188.6134978919927,1681.7028133674028,2284.843103785743,1242.6566314613572,2720.981391491818,2021.5108179539116,447.35539697303835,1801.1893510281054,1694.9639465599626,1793.0482336363723,858.5135952671675,1786.4328364774326,1567.5000757140556,3050.348226805524,848.6737861306907,0.0,2012.9019723090573,827.7620969994539,2115.595196450296,3202.404905245525,1738.6479917461108,928.0360110372169,573.7965188294762,339.18044269567974,2100.8420232081926,1787.8238669985797,1210.261559869491,2945.8210876084413,2713.595650187288,2366.959184726648,2219.0740956211503,1988.5950652510573,460.0568822515017,2154.5426153625085,1940.3833976095498,4039.1648756546833,1921.7697593021906,1712.6379088545068,2147.8598682394795,3535.106606747895,1743.9168995868122,1070.2095824281485,962.3091874191194,2730.019656378989,3254.4103275547054,747.6612064003357,728.3537615465208,1702.1067181837323,2105.9580605098013,1735.508896174161,2775.903342622701,1131.837444956449,1499.0890227216473,2677.111018416096,2125.985575478695,3041.0183109237228,1985.29071922758,1603.105903389002,956.6209558912509,2820.254219156152,1255.354020674024,1881.1794889441082,2365.5899532200715,3688.116923741322,1142.683167863519,2711.26920073049,704.1586426734832,1485.9814872573104,2470.935696543689,2208.6870468401435,1716.0498943482203,1526.8475158777183,2480.682935746176,1467.7250007293096,2481.476832758075,1818.8216066037758,2613.240910898831,2239.8401322244013,1613.0946824520631,2849.70188703729,1340.3017498665454,2068.432074444743,2914.6825091375017,2128.4670129616093,1529.8603387790104,2699.945105992157,2734.3973175261976,2265.278290625493,2578.1615332574975,2294.3234541266334,2792.2286671762868,1321.437750662799,2547.975482095542,2624.60617411977,2532.44446250057,1821.132940230607,2412.0547380131575,2115.283886708302],
        [1616.9236588722727,846.0451696900174,4487.062089159112,2267.051372147374,369.9888419861399,590.4943705845468,889.9144383965682,4506.933858747726,240.30962122303478,2456.0916974601655,3802.001277707228,3703.6276270969634,1942.739489946363,1181.0277705156218,3462.1657740447863,3533.479776227641,4904.0749332867035,1870.0096276903992,2012.9019723090573,0.0,1724.9570493851,2863.089626898658,4465.042338723634,941.0631597357249,1212.7134540479651,1579.926676053974,1709.2405181063814,3398.401525837241,711.542111017559,1610.4872108292918,4958.502253575593,3445.0778087740746,3654.217842167409,4085.5568240906396,895.9380725124297,2058.5054512099796,3880.197020565853,2412.599411043598,6042.225371905349,2473.887266102116,2092.4439709602084,4097.171282307882,5450.531121663169,3737.622569902486,2937.913315148602,1639.0064100754616,3661.6244205593293,5267.283224811084,2245.6675843591047,2727.2035743914234,2685.250778911976,3665.3521435403854,1988.9614745336771,3226.411396615185,3111.794524526869,1197.700394142877,4605.54259066768,3233.421448484521,4043.4679879545047,3798.3219201269535,3430.122859558688,2857.8982901592017,3445.0021325288035,3232.681808810004,3873.403984155021,998.045844590441,5655.08826801326,2996.7598629417553,3589.7919193884377,2007.297768387875,3497.9226847933714,3078.0450704364844,4136.6789912177965,1696.6304539014309,803.9077225196984,4412.09745586357,3470.883905394171,4318.308247819468,3409.0817060674226,4626.015329292036,3570.235291642466,942.6744241186653,4459.941936873871,3294.266108420462,4076.628553743349,4254.657878332275,4003.753741121706,3507.8928569438667,3646.6663087185398,4629.7416093743095,4034.3893982518307,768.1498952978309,3947.425175831075,3508.045707404665,1824.6426249654444,558.9222385192961,3617.7091111744476,4105.497696433779,3050.8352688963437,3840.296434586673,1616.9236588722727],
        [2452.385702730603,2566.3106645739445,4221.777473545107,2731.5697588395096,1503.0645680494817,2178.269329092169,1293.2041344384454,3502.039088191653,1831.073825692806,1085.266897841833,2426.4760267923493,2192.3116381736786,967.3549543778108,955.1774690537025,1737.9859000740666,1932.4713963685408,3797.6050561821985,147.54692769437676,827.7620969994539,1724.9570493851,0.0,1455.4269452670385,4026.538163524352,1105.2287548956372,1142.3966340303627,372.2092873833354,851.5025781994651,1737.7963318834147,1239.470106630512,392.15269153622233,3466.988888617322,3457.9656087271665,2006.5503072899144,2976.3311581324506,2071.9819590646753,1240.0260022334337,2156.8843315887552,2579.282522913398,4603.736072354891,2581.7986416002764,2297.80812543608,2455.210469852353,4234.90102226708,2174.3195036843517,1291.8311921797142,150.65576942945978,3511.4742528019055,3754.0600392823685,1542.066580118978,1438.4592120044729,1117.5619627645049,2932.4171817084334,915.0019776026627,3459.8381316597224,1561.7038713752756,1766.8867159463823,3381.403675916397,2920.426439103085,3838.6030140607804,2771.3342848573866,2394.545843198726,1244.3500152215358,3545.733741590637,1958.8165316302113,2300.816757718378,2406.2502803576103,4331.65143450104,1941.1342522829036,2140.9936992330813,1428.7207781478821,2023.1850644796004,3179.081295035888,2475.2554638696356,893.6026442321506,999.4429108528066,2747.25608826,1948.7637900100963,3247.1266051376274,2645.4073397584925,3121.8261417984554,3061.9495078027553,1754.2765981104037,3666.966516339036,2067.3572062450385,2654.0782691982317,3741.133415493332,2883.3351417121526,1926.035713961269,3483.182851886971,2939.2607797352707,3059.3178455804823,2440.6163470624674,2223.183423112367,3535.824708122695,1881.4295404400902,2282.222540048511,2104.5398415100317,2390.475380827727,1398.2572148723166,3239.5278950470206,2452.385702730603],
