{
    "drone_dist": [
        [0.0,29.914671217208124,11.860874449064166,41.33499178902104,50.297641786218236,46.827839636221405,35.25763248579076,10.382793206289413,21.679244361059943,33.53138437571517,37.94641240521416,42.72541005743831,35.75939395663309,29.704260342077145,26.60627742376955,33.167507904476636,34.124135970405945,32.03107294937459,39.113121322246336,31.229451862850038,51.52540404028878,45.52785769603214,27.137607625467133,40.23721002897937,11.105012148656785,14.183007813513095,30.61795580911431,38.025720482224486,16.58946480657604,11.902290551754508,25.80579611611541,7.264593168288236,25.25337310158034,16.03065526468252,25.437972222921736,31.660626497212892,27.36513869770265,28.55329340055819,15.01140743796251,27.718852139836383,0.0],
        [29.914671217208124,0.0,19.904123977320637,17.975736265658796,36.93380748815243,31.430082206204315,6.021577524837269,31.49701122937561,22.470182463663296,8.147505580529865,33.85424668475623,37.02711657968892,9.23916580169119,44.84253453243362,14.269794944875844,16.637475040527452,49.44344511531421,26.174609515727376,9.298012299758478,3.5417081221129187,35.55139701856288,34.485944578830576,6.178432966548967,26.42670107400158,39.63811273607775,40.58818764013163,36.27885341141207,8.221018577558155,16.07252220086354,38.30809170246224,10.27331385128153,23.012870055921223,9.10362406597577,17.83375429113103,25.18745159403509,15.290367697836198,11.25335016757542,40.085784501169876,19.749213275558525,10.064325427839796,29.914671217208124],
        [11.860874449064166,19.904123977320637,0.0,34.6296863924582,48.07853757106097,43.61563928094947,25.766960663949572,18.748480800518593,21.68964814940646,22.099203103651945,38.58242866830867,43.098515492823765,24.35921047872419,37.54302443486129,21.892698992304304,28.243633712040793,42.280065616528155,31.258685606556853,28.621851813942975,22.0647063575557,48.31826065596417,43.96568767201158,15.941756129729466,37.18866865444609,22.910565187480803,25.49005541857163,34.58341513969469,28.108057962491536,4.765954196542163,23.104119895859437,14.072537754566868,4.8640833643385,13.686428654912227,4.2744132688954615,25.954946201341862,26.544756717338934,21.293702166676525,34.81853118163881,3.9024234022465487,15.973711214545279,11.860874449064166],
        [41.33499178902104,17.975736265658796,34.6296863924582,0.0,20.98238355736439,15.30317335052012,13.323394306556134,38.349825171954315,23.741561149335926,24.29927588243635,24.487947223777656,25.570990336537548,23.988987876599648,44.11898286919508,15.095306586374644,9.4153180915173,47.873035305599636,19.411947397656043,17.574856489245732,14.481986798979896,18.574439596539513,20.303134184196384,24.13670500384931,13.002384716376017,48.36821029619236,47.61609023772565,32.38029042614724,14.486582316506155,32.121997384316906,45.78407547439307,28.215197614002655,35.94790618821966,26.957934726781463,34.00917268484311,23.36727920988061,10.345442240626049,13.97559322368854,38.475960442516005,35.82186844178283,28.016429644222956,41.33499178902104],
        [50.297641786218236,36.93380748815243,48.07853757106097,20.98238355736439,0.0,5.693470842748831,33.65016552551705,43.178249268472385,28.63489804378021,44.3698793766749,15.202080623378153,11.894377588269224,44.43411627251023,39.01838725906411,26.393946937002198,20.86159280107146,41.00276253492577,18.39216037562089,38.48747771628539,33.4724757258364,4.302878391649565,5.192549847027214,42.60980661355831,11.021631660979974,53.277766659788234,50.74875057333637,26.820509960693922,35.32385862642951,47.28477036231754,49.729887208314516,46.39096370354499,47.401709280457254,44.94219238399421,49.06672079403214,25.199430274456596,22.512218173271194,27.88737563548223,33.71606866384279,50.5492492085629,46.720876290215735,50.297641786218236],
        [46.827839636221405,31.430082206204315,43.61563928094947,15.30317335052012,5.693470842748831,0.0,27.987622684356513,40.55299654631564,25.449205715157778,38.75573557750612,15.287510356271914,13.613797815336286,38.776654903127735,39.03362366999183,21.736434646786062,15.75502769761426,41.61388457868527,15.845590156139496,32.79410370381246,27.939474423955705,4.734482463873013,6.405004205326159,37.20848592251573,6.597752124940877,50.82591391016159,48.707978373152116,26.519844106798296,29.63112149356805,42.48182030813625,47.46242132508986,41.057423600022204,43.33910082679339,39.63030273069722,44.30181804418203,22.562718330773748,17.453032430281763,22.88691909103193,33.46460127966722,45.86227084379391,41.30625257215722,46.827839636221405],
        [35.25763248579076,6.021577524837269,25.766960663949572,13.323394306556134,33.65016552551705,27.987622684356513,0.0,35.719499327557976,24.60614750306936,10.975903490802736,33.05107551831025,35.57280749721169,10.790911062736054,47.14225212035292,15.216145721051767,15.019228752525217,51.557219661851946,25.892967247327135,6.037962391732904,4.094444387781933,31.70852825005215,31.933897420604165,11.841467930582365,23.894700304608296,44.48245053736193,45.0196130311354,37.38208984575131,3.2363502897314786,22.070519313334408,42.82238456338709,15.875249566544865,28.58153490174353,14.874290409524665,23.84622936762099,26.484273189628066,14.171621377339862,12.183558241620235,42.01640912279291,25.760918534596414,15.276940222064805,35.25763248579076],
        [10.382793206289413,31.49701122937561,18.748480800518593,38.349825171954315,43.178249268472385,40.55299654631564,35.719499327557976,0.0,15.353365001762795,37.14800592043076,29.486201396244088,34.2318555233372,39.18665917234947,19.497403770263894,23.322528271834145,29.20858883249323,24.057749222633255,24.862540196162204,40.69354259462117,31.66048617696976,45.07010261679632,38.13164609887136,30.715165032782007,34.16784259195741,10.324262878265959,9.401622743998734,20.790629225026134,38.84447615336051,22.664832567066004,7.43616675437813,30.725381775053926,14.118767675879688,29.741926878415338,22.89763318847743,18.04242819028324,28.03376438741473,25.179657134413006,18.185857050069266,22.589237750976995,32.56203428324019,10.382793206289413],
        [21.679244361059943,22.470182463663296,21.68964814940646,23.741561149335926,28.63489804378021,25.449205715157778,24.60614750306936,15.353365001762795,0.0,30.08705050660584,17.011839385646226,21.66235348137952,31.58713835971111,22.556598205165102,9.68263162170508,14.348737411274191,27.053158773225732,10.37117483576147,30.441214340973897,21.066423653413025,30.073417050222783,23.85235873384672,24.713629311460092,18.94771027073084,25.674686975298727,24.210117738152988,14.348750871670221,27.832264685314914,22.80053677257582,22.609173807520488,26.766279003893306,19.65618462697745,25.337094014770948,24.154567438935505,4.265801535966952,13.473963639826989,12.486800751184584,17.622257468687543,25.063245804026643,28.11077166655304,21.679244361059943],
        [33.53138437571517,8.147505580529865,22.099203103651945,24.29927588243635,44.3698793766749,38.75573557750612,10.975903490802736,37.14800592043076,30.08705050660584,0.0,41.9965392083181,45.108309444900506,2.2652456752135266,52.09402213021362,22.370702176179808,24.587307092191384,56.778725029253174,34.320814416013306,8.890025859644659,11.147489746712637,42.614000824041035,42.26414132777162,6.490550331350295,34.17833217955731,44.10857640194746,45.74562041560208,44.155439632679986,10.635307684445944,17.4371587820457,43.37910021911355,8.36960149859209,26.276579319938207,8.428218381174572,18.705329048954464,33.08697491295825,23.32885400437212,19.387268409648858,47.587655188773944,20.463385183572058,6.736234486297518,33.53138437571517],
        [37.94641240521416,33.85424668475623,38.58242866830867,24.487947223777656,15.202080623378153,15.287510356271914,33.05107551831025,29.486201396244088,17.011839385646226,41.9965392083181,0.0,4.783278657894474,42.83135881172731,23.947264634834976,19.953146705999647,18.05269245576517,26.334983031478952,7.886617691391821,38.94968669217717,31.05629906003988,18.474423675976837,10.089211246847777,38.16475592694307,12.027166373086096,39.14677220520854,36.19651762524885,11.621745734435883,35.754551849817766,39.158680515331156,35.428368810024764,41.189813746085676,36.653556796990586,39.68149277024707,40.68537680710175,12.802632462295236,18.929001672572245,22.713279903267612,18.541109647703948,41.77817788202873,42.1098864477097,37.94641240521416],
        [42.72541005743831,37.02711657968892,43.098515492823765,25.570990336537548,11.894377588269224,13.613797815336286,35.57280749721169,34.2318555233372,21.66235348137952,45.108309444900506,4.783278657894474,0.0,45.76245814089518,27.32819068142558,23.614044992508575,20.6358858382731,29.126005983648067,11.957637590230233,41.292018652612754,34.010834422797714,15.74694356072756,7.394334830078765,41.71948936527523,12.571148700877025,43.80512591718591,40.7411859351452,15.545923155727069,38.05170193274983,43.46261029319363,40.0544552294285,44.94171392979872,41.318517980497084,43.43203780805289,45.0412152140053,17.501673028138008,21.786186585117452,26.149564617555207,22.234593277012642,46.201831074657505,45.74218549235319,42.72541005743831],
        [35.75939395663309,9.23916580169119,24.35921047872419,23.988987876599648,44.43411627251023,38.776654903127735,10.790911062736054,39.18665917234947,31.58713835971111,2.2652456752135266,42.83135881172731,45.76245814089518,0.0,53.77395180742053,23.483558544456987,25.14358450740969,58.42901590825723,35.26513161671384,7.4975122661474645,11.780259487677018,42.47598163132842,42.57801247374853,8.657466775271969,34.50202776817025,46.29246382108766,47.86309280656691,45.5062084069405,9.788309320876765,19.7019627369058,45.503788809401556,10.613145182058473,28.51000309654589,10.69295899049252,20.96735314113634,34.41639653759673,23.994803930704283,20.43282219211121,49.16055436948101,22.719358475412633,8.930860039404907,35.75939395663309],
        [29.704260342077145,44.84253453243362,37.54302443486129,44.11898286919508,39.01838725906411,39.03362366999183,47.14225212035292,19.497403770263894,22.556598205165102,52.09402213021362,23.947264634834976,27.32819068142558,53.77395180742053,0.0,32.02502431976457,35.06294387879887,4.790354722410764,25.056421264912924,52.99777829804502,43.61765219125063,42.42168341428083,34.00465542315163,46.20476127981579,34.38346587517889,23.89416647689374,19.406149880934475,12.532734828389788,50.359340724722266,40.77506160178131,20.241805242974994,47.390224330391995,33.26682492623581,46.13176478771189,41.408714280771754,21.10206673532944,34.78509150403382,34.975199258740695,5.710334294682397,41.44544770518503,49.022515242348874,29.704260342077145],
        [26.60627742376955,14.269794944875844,21.892698992304304,15.095306586374644,26.393946937002198,21.736434646786062,15.216145721051767,23.322528271834145,9.68263162170508,22.370702176179808,19.953146705999647,23.614044992508575,23.483558544456987,32.02502431976457,0.0,6.609499956544479,36.37518203840243,12.105421934672801,21.19340041786696,12.07608082195111,26.428860452850994,22.69979083192464,18.21162465648372,15.397302602139744,33.27573438159059,32.65698505060725,22.27801323859251,18.395557925974654,20.896709492468215,30.757196419591143,21.32809663770535,22.005806052718587,19.818288902566984,22.67280746924914,11.282145157468179,5.054566686516043,3.1054151812932664,26.81692944174719,24.170263376279287,22.172161074610752,26.60627742376955],
        [33.167507904476636,16.637475040527452,28.243633712040793,9.4153180915173,20.86159280107146,15.75502769761426,15.019228752525217,29.20858883249323,14.348737411274191,24.587307092191384,18.05269245576517,20.6358858382731,25.14358450740969,35.06294387879887,6.609499956544479,0.0,39.01601233693526,11.279386858228108,20.897207740675327,13.442743811677348,20.327048348494305,17.919350613698096,21.926149457557155,9.962689096476565,39.36924150880169,38.376099475639144,23.811998747392842,17.70870099810001,26.787141118425904,36.6195699629559,25.593213957239314,28.591010860299573,24.126821140312973,28.626951850702692,14.078254856810442,1.7143106222892095,7.144901417696729,29.500614395410185,30.240918057724492,26.04163558133723,33.167507904476636],
        [34.124135970405945,49.44344511531421,42.280065616528155,47.873035305599636,41.00276253492577,41.61388457868527,51.557219661851946,24.057749222633255,27.053158773225732,56.778725029253174,26.334983031478952,29.126005983648067,58.42901590825723,4.790354722410764,36.37518203840243,39.01601233693526,0.0,28.559796314575937,57.46010219398101,48.11212795122504,44.658954371037304,36.17770779590854,50.936708979923054,37.462227372020074,27.49794259757029,22.898587732422154,15.624611435988081,54.7591175478942,45.55521749905827,24.047806189655677,52.16653475991897,37.95228416752717,50.90120031639487,46.17202656226135,25.2653385086804,38.85868910906001,39.374066382311646,9.58104884133179,46.181934718784255,53.79058031833327,34.124135970405945],
        [32.03107294937459,26.174609515727376,31.258685606556853,19.411947397656043,18.39216037562089,15.845590156139496,25.892967247327135,24.862540196162204,10.37117483576147,34.320814416013306,7.886617691391821,11.957637590230233,35.26513161671384,25.056421264912924,12.105421934672801,11.279386858228108,28.559796314575937,0.0,31.89526257072157,23.545046763187802,20.244462491190845,13.502824236737865,30.308480775010526,9.883136883099617,35.06688868111541,32.862589184437525,12.985206723001106,28.781677577672266,31.505741069038297,31.642845183909625,33.30354726852726,29.788795273249747,31.795394596900785,33.09247248986723,6.825654728080038,11.760368860345748,14.951484815170986,19.350142454910568,34.279806414773695,34.23481341910109,32.03107294937459],
        [39.113121322246336,9.298012299758478,28.621851813942975,17.574856489245732,38.48747771628539,32.79410370381246,6.037962391732904,40.69354259462117,30.441214340973897,8.890025859644659,38.94968669217717,41.292018652612754,7.4975122661474645,52.99777829804502,21.19340041786696,20.897207740675327,57.46010219398101,31.89526257072157,0.0,9.413547205859382,36.13299976128405,37.23201966855308,12.986362523693694,29.307178075500392,48.93560974657007,49.84747055948757,43.40579984698632,3.249159878073634,24.362139735853095,47.58077337694164,16.363348344338444,32.09758777456705,15.857771768270736,25.93988746667512,32.47432316652987,20.147938831967224,18.126783176656176,47.943636631725525,27.82237221161636,15.121604108512619,39.113121322246336],
        [31.229451862850038,3.5417081221129187,22.0647063575557,14.481986798979896,33.4724757258364,27.939474423955705,4.094444387781933,31.66048617696976,21.066423653413025,11.147489746712637,31.05629906003988,34.010834422797714,11.780259487677018,43.61765219125063,12.07608082195111,13.442743811677348,48.11212795122504,23.545046763187802,9.413547205859382,0.0,32.02579442224224,31.158323340974327,9.65812350492321,23.078654838883804,40.38839657323545,40.94320809374153,34.34883471927745,7.187733754538719,18.658508248201677,38.738281994603874,13.733225701233316,24.64681743656889,12.491293307207876,20.49345250933219,23.31018994313637,12.227132273291897,8.970665883998938,38.62756495658885,22.391780241969716,13.60097859474592,31.229451862850038],
        [51.52540404028878,35.55139701856288,48.31826065596417,18.574439596539513,4.302878391649565,4.734482463873013,31.70852825005215,45.07010261679632,30.073417050222783,42.614000824041035,18.474423675976837,15.74694356072756,42.47598163132842,42.42168341428083,26.428860452850994,20.327048348494305,44.658954371037304,20.244462491190845,36.13299976128405,32.02579442224224,0.0,8.482222453618895,41.45264396079023,11.321553824754188,55.306252240185856,53.054439052331524,30.031015094177068,33.06097986231675,47.10419191789772,51.88260930753304,45.36605724448973,48.07335024094396,43.96292313275347,48.9347551783958,27.035990917396663,22.03672190324481,27.47190668828437,36.981057801676265,50.51654686959694,45.524408804857245,51.52540404028878],
        [45.52785769603214,34.485944578830576,43.96568767201158,20.303134184196384,5.192549847027214,6.405004205326159,31.933897420604165,38.13164609887136,23.85235873384672,42.26414132777162,10.089211246847777,7.394334830078765,42.57801247374853,34.00465542315163,22.69979083192464,17.919350613698096,36.17770779590854,13.502824236737865,37.23201966855308,31.158323340974327,8.482222453618895,0.0,39.83791405673591,8.086115604740659,48.17642547287423,45.587381075354806,21.70631734345323,33.99630316282342,43.52147932283635,44.599935723839856,43.441273617614314,42.97862422629767,41.95819913648052,45.25031133459207,20.240634172169226,19.436567273302074,24.58724263129395,28.63014182619555,46.64096763657123,43.9506001288026,45.52785769603214],
        [27.137607625467133,6.178432966548967,15.941756129729466,24.13670500384931,42.60980661355831,37.20848592251573,11.841467930582365,30.715165032782007,24.713629311460092,6.490550331350295,38.16475592694307,41.71948936527523,8.657466775271969,46.20476127981579,18.21162465648372,21.926149457557155,50.936708979923054,30.308480775010526,12.986362523693694,9.65812350492321,41.45264396079023,39.83791405673591,0.0,31.872683459200076,37.635289057744224,39.258241487606966,39.01059189555276,13.216559814801531,11.465504560297285,36.89009681846558,4.096535509638116,19.907112565413428,3.046204456239436,12.973542295294685,28.095292686395915,20.40985825782567,15.573149702712888,41.92870752787272,14.84425082771739,4.117227745886715,27.137607625467133],
        [40.23721002897937,26.42670107400158,37.18866865444609,13.002384716376017,11.021631660979974,6.597752124940877,23.894700304608296,34.16784259195741,18.94771027073084,34.17833217955731,12.027166373086096,12.571148700877025,34.50202776817025,34.38346587517889,15.397302602139744,9.962689096476565,37.462227372020074,9.883136883099617,29.307178075500392,23.078654838883804,11.321553824754188,8.086115604740659,31.872683459200076,0.0,44.47425818055161,42.54107461121235,21.917729717277744,26.06069690102086,36.27317478794488,41.19625203849803,35.555648950678496,36.77904487026987,34.08765732012676,38.06308505817026,16.320308611060465,11.562028872144056,16.887589323328704,28.694099596275922,39.56689948499868,35.98971977595309,40.23721002897937],
        [11.105012148656785,39.63811273607775,22.910565187480803,48.36821029619236,53.277766659788234,50.82591391016159,44.48245053736193,10.324262878265959,25.674686975298727,44.10857640194746,39.14677220520854,43.80512591718591,46.29246382108766,23.89416647689374,33.27573438159059,39.36924150880169,27.49794259757029,35.06688868111541,48.93560974657007,40.38839657323545,55.306252240185856,48.17642547287423,37.635289057744224,44.47425818055161,0.0,4.625075804355577,29.301253820470265,47.466046768009996,27.585130204481594,3.8955419711122055,36.674309609462966,18.158239902576597,36.007353743204135,27.11925389120439,28.273618940396258,38.12103240257059,34.84558131564793,24.892121254870887,26.112757667519645,38.58670267231343,11.105012148656785],
        [14.183007813513095,40.58818764013163,25.49005541857163,47.61609023772565,50.74875057333637,48.707978373152116,45.0196130311354,9.401622743998734,24.210117738152988,45.74562041560208,36.19651762524885,40.7411859351452,47.86309280656691,19.406149880934475,32.65698505060725,38.376099475639144,22.898587732422154,32.862589184437525,49.84747055948757,40.94320809374153,53.054439052331524,45.587381075354806,39.258241487606966,42.54107461121235,4.625075804355577,0.0,25.771977323954687,48.11274878070606,29.97641735484926,2.3989580633457095,38.74599719500931,20.62901312632803,37.93204655412832,29.762574181532102,26.220766273638304,37.275547538580305,34.57610472892569,20.826100551538648,28.981003916560322,40.639061568304456,14.183007813513095],
        [30.61795580911431,36.27885341141207,34.58341513969469,32.38029042614724,26.820509960693922,26.519844106798296,37.38208984575131,20.790629225026134,14.348750871670221,44.155439632679986,11.621745734435883,15.545923155727069,45.5062084069405,12.532734828389788,22.27801323859251,23.811998747392842,15.624611435988081,12.985206723001106,43.40579984698632,34.34883471927745,30.031015094177068,21.70631734345323,39.01059189555276,21.917729717277744,29.301253820470265,25.771977323954687,0.0,40.484849417271896,36.53537056980206,25.430416559446087,41.11050726315757,31.406611081713606,39.6851409721553,37.67458833973291,11.091513518685328,23.881162789847703,25.38163198253447,6.956421934970924,38.2847102757719,42.45788837492563,30.61795580911431],
        [38.025720482224486,8.221018577558155,28.108057962491536,14.486582316506155,35.32385862642951,29.63112149356805,3.2363502897314786,38.84447615336051,27.832264685314914,10.635307684445944,35.754551849817766,38.05170193274983,9.788309320876765,50.359340724722266,18.395557925974654,17.70870099810001,54.7591175478942,28.781677577672266,3.249159878073634,7.187733754538719,33.06097986231675,33.99630316282342,13.216559814801531,26.06069690102086,47.466046768009996,48.11274878070606,40.484849417271896,0.0,24.143236125611228,45.895177378110716,17.01540860693686,31.204588414029796,16.241990252261903,25.841772545569196,29.64139518490455,17.021765220969876,15.388158048264648,45.209732640482244,27.75342869837133,16.08014918540313,38.025720482224486],
        [16.58946480657604,16.07252220086354,4.765954196542163,32.121997384316906,47.28477036231754,42.48182030813625,22.070519313334408,22.664832567066004,22.80053677257582,17.4371587820457,39.158680515331156,43.46261029319363,19.7019627369058,40.77506160178131,20.896709492468215,26.787141118425904,45.55521749905827,31.505741069038297,24.362139735853095,18.658508248201677,47.10419191789772,43.52147932283635,11.465504560297285,36.27317478794488,27.585130204481594,29.97641735484926,36.53537056980206,24.143236125611228,0.0,27.579654162785616,9.315917162796067,9.432008696934783,9.009004080331515,1.8880309493098422,26.97512792474477,25.07395278089096,19.649110239640752,37.57013194340513,3.7396692916492866,11.212198305452333,16.58946480657604],
        [11.902290551754508,38.30809170246224,23.104119895859437,45.78407547439307,49.729887208314516,47.46242132508986,42.82238456338709,7.43616675437813,22.609173807520488,43.37910021911355,35.428368810024764,40.0544552294285,45.503788809401556,20.241805242974994,30.757196419591143,36.6195699629559,24.047806189655677,31.642845183909625,47.58077337694164,38.738281994603874,51.88260930753304,44.599935723839856,36.89009681846558,41.19625203849803,3.8955419711122055,2.3989580633457095,25.430416559446087,45.895177378110716,27.579654162785616,0.0,36.350394575669206,18.241463775236358,35.542205783736065,27.3776691831318,24.906172121159315,35.46299937347684,32.57042109744758,21.017228155574465,26.616865610161234,38.24444151066702,11.902290551754508],
        [25.80579611611541,10.27331385128153,14.072537754566868,28.215197614002655,46.39096370354499,41.057423600022204,15.875249566544865,30.725381775053926,26.766279003893306,8.36960149859209,41.189813746085676,44.94171392979872,10.613145182058473,47.390224330391995,21.32809663770535,25.593213957239314,52.16653475991897,33.30354726852726,16.363348344338444,13.733225701233316,45.36605724448973,43.441273617614314,4.096535509638116,35.555648950678496,36.674309609462966,38.74599719500931,41.11050726315757,17.01540860693686,9.315917162796067,36.350394575669206,0.0,18.561602087691895,1.5100528895042065,10.410582934470252,30.447840751889508,24.01628869873263,18.936223526743635,43.45712547269287,12.119863108247392,1.9139845600518794,25.80579611611541],
        [7.264593168288236,23.012870055921223,4.8640833643385,35.94790618821966,47.401709280457254,43.33910082679339,28.58153490174353,14.118767675879688,19.65618462697745,26.276579319938207,36.653556796990586,41.318517980497084,28.51000309654589,33.26682492623581,22.005806052718587,28.591010860299573,37.95228416752717,29.788795273249747,32.09758777456705,24.64681743656889,48.07335024094396,42.97862422629767,19.907112565413428,36.77904487026987,18.158239902576597,20.62901312632803,31.406611081713606,31.204588414029796,9.432008696934783,18.241463775236358,18.561602087691895,0.0,17.989147578061445,9.138496484037706,23.853679374319267,26.958620228221776,22.093629183625197,30.93816371105693,8.533843745114202,20.475538798320315,7.264593168288236],
        [25.25337310158034,9.10362406597577,13.686428654912227,26.957934726781463,44.94219238399421,39.63030273069722,14.874290409524665,29.741926878415338,25.337094014770948,8.428218381174572,39.68149277024707,43.43203780805289,10.69295899049252,46.13176478771189,19.818288902566984,24.126821140312973,50.90120031639487,31.795394596900785,15.857771768270736,12.491293307207876,43.96292313275347,41.95819913648052,3.046204456239436,34.08765732012676,36.007353743204135,37.93204655412832,39.6851409721553,16.241990252261903,9.009004080331515,35.542205783736065,1.5100528895042065,17.989147578061445,0.0,10.3263757468897,28.984819395023607,22.540537571691697,17.437187385660764,42.127440649371835,12.136377043616834,2.8940086258356694,25.25337310158034],
        [16.03065526468252,17.83375429113103,4.2744132688954615,34.00917268484311,49.06672079403214,44.30181804418203,23.84622936762099,22.89763318847743,24.154567438935505,18.705329048954464,40.68537680710175,45.0412152140053,20.96735314113634,41.408714280771754,22.67280746924914,28.626951850702692,46.17202656226135,33.09247248986723,25.93988746667512,20.49345250933219,48.9347551783958,45.25031133459207,12.973542295294685,38.06308505817026,27.11925389120439,29.762574181532102,37.67458833973291,25.841772545569196,1.8880309493098422,27.3776691831318,10.410582934470252,9.138496484037706,10.3263757468897,0.0,28.36835092246847,26.912995016482714,21.49534996468606,38.414583656818124,1.9157633497790343,12.249344104816384,16.03065526468252],
        [25.437972222921736,25.18745159403509,25.954946201341862,23.36727920988061,25.199430274456596,22.562718330773748,26.484273189628066,18.04242819028324,4.265801535966952,33.08697491295825,12.802632462295236,17.501673028138008,34.41639653759673,21.10206673532944,11.282145157468179,14.078254856810442,25.2653385086804,6.825654728080038,32.47432316652987,23.31018994313637,27.035990917396663,20.240634172169226,28.095292686395915,16.320308611060465,28.273618940396258,26.220766273638304,11.091513518685328,29.64139518490455,26.97512792474477,24.906172121159315,30.447840751889508,23.853679374319267,28.984819395023607,28.36835092246847,0.0,13.691968688680996,14.367618781509778,15.684529760503946,29.310477496579228,31.683746795855356,25.437972222921736],
        [31.660626497212892,15.290367697836198,26.544756717338934,10.345442240626049,22.512218173271194,17.453032430281763,14.171621377339862,28.03376438741473,13.473963639826989,23.32885400437212,18.929001672572245,21.786186585117452,23.994803930704283,34.78509150403382,5.054566686516043,1.7143106222892095,38.85868910906001,11.760368860345748,20.147938831967224,12.227132273291897,22.03672190324481,19.436567273302074,20.40985825782567,11.562028872144056,38.12103240257059,37.275547538580305,23.881162789847703,17.021765220969876,25.07395278089096,35.46299937347684,24.01628869873263,26.958620228221776,22.540537571691697,26.912995016482714,13.691968688680996,0.0,5.436523769233292,29.29896855097325,28.526822415783393,24.518810687328994,31.660626497212892],
        [27.36513869770265,11.25335016757542,21.293702166676525,13.97559322368854,27.88737563548223,22.88691909103193,12.183558241620235,25.179657134413006,12.486800751184584,19.387268409648858,22.713279903267612,26.149564617555207,20.43282219211121,34.975199258740695,3.1054151812932664,7.144901417696729,39.374066382311646,14.951484815170986,18.126783176656176,8.970665883998938,27.47190668828437,24.58724263129395,15.573149702712888,16.887589323328704,34.84558131564793,34.57610472892569,25.38163198253447,15.388158048264648,19.649110239640752,32.57042109744758,18.936223526743635,22.093629183625197,17.437187385660764,21.49534996468606,14.367618781509778,5.436523769233292,0.0,29.83402965105817,23.132147110409807,19.619482275773844,27.36513869770265],
        [28.55329340055819,40.085784501169876,34.81853118163881,38.475960442516005,33.71606866384279,33.46460127966722,42.01640912279291,18.185857050069266,17.622257468687543,47.587655188773944,18.541109647703948,22.234593277012642,49.16055436948101,5.710334294682397,26.81692944174719,29.500614395410185,9.58104884133179,19.350142454910568,47.943636631725525,38.62756495658885,36.981057801676265,28.63014182619555,41.92870752787272,28.694099596275922,24.892121254870887,20.826100551538648,6.956421934970924,45.209732640482244,37.57013194340513,21.017228155574465,43.45712547269287,30.93816371105693,42.127440649371835,38.414583656818124,15.684529760503946,29.29896855097325,29.83402965105817,0.0,38.6870025173883,44.99445231335468,28.55329340055819],
        [15.01140743796251,19.749213275558525,3.9024234022465487,35.82186844178283,50.5492492085629,45.86227084379391,25.760918534596414,22.589237750976995,25.063245804026643,20.463385183572058,41.77817788202873,46.201831074657505,22.719358475412633,41.44544770518503,24.170263376279287,30.240918057724492,46.181934718784255,34.279806414773695,27.82237221161636,22.391780241969716,50.51654686959694,46.64096763657123,14.84425082771739,39.56689948499868,26.112757667519645,28.981003916560322,38.2847102757719,27.75342869837133,3.7396692916492866,26.616865610161234,12.119863108247392,8.533843745114202,12.136377043616834,1.9157633497790343,29.310477496579228,28.526822415783393,23.132147110409807,38.6870025173883,0.0,13.913687986644728,15.01140743796251],
        [27.718852139836383,10.064325427839796,15.973711214545279,28.016429644222956,46.720876290215735,41.30625257215722,15.276940222064805,32.56203428324019,28.11077166655304,6.736234486297518,42.1098864477097,45.74218549235319,8.930860039404907,49.022515242348874,22.172161074610752,26.04163558133723,53.79058031833327,34.23481341910109,15.121604108512619,13.60097859474592,45.524408804857245,43.9506001288026,4.117227745886715,35.98971977595309,38.58670267231343,40.639061568304456,42.45788837492563,16.08014918540313,11.212198305452333,38.24444151066702,1.9139845600518794,20.475538798320315,2.8940086258356694,12.249344104816384,31.683746795855356,24.518810687328994,19.619482275773844,44.99445231335468,13.913687986644728,0.0,27.718852139836383],
        [0.0,29.914671217208124,11.860874449064166,41.33499178902104,50.297641786218236,46.827839636221405,35.25763248579076,10.382793206289413,21.679244361059943,33.53138437571517,37.94641240521416,42.72541005743831,35.75939395663309,29.704260342077145,26.60627742376955,33.167507904476636,34.124135970405945,32.03107294937459,39.113121322246336,31.229451862850038,51.52540404028878,45.52785769603214,27.137607625467133,40.23721002897937,11.105012148656785,14.183007813513095,30.61795580911431,38.025720482224486,16.58946480657604,11.902290551754508,25.80579611611541,7.264593168288236,25.25337310158034,16.03065526468252,25.437972222921736,31.660626497212892,27.36513869770265,28.55329340055819,15.01140743796251,27.718852139836383,0.0]
    ],
    "end_depot": 40,
    "start_depot": 0,
    "truck_dist": [
        [0.0,30.13124147320107,15.87163741547964,53.94873489803288,71.11136674463052,66.06612014376387,37.90650413896616,10.632776727386766,30.615555636025995,40.498812224813534,52.28672322519708,58.93935892996836,42.87600477570315,33.164830664658574,35.9956705885929,45.222856545740584,39.753311390128665,45.163437499569056,40.90537351583038,34.20180861390967,72.74885589917025,64.24274662012965,32.01511572169416,56.73867108481039,15.420625586013912,19.984699313746237,38.154721814053474,39.24021994418834,21.856965114142927,16.661379085662702,33.056050599955284,9.010339250395994,31.466543688647945,21.90130016036541,35.62667333984552,42.85472481953714,35.5358616097964,30.42149112848299,20.969328908714232,35.54352562858051,0.0],
        [30.13124147320107,0.0,24.26956931480481,24.25221329446846,41.41484514106611,36.36959854019946,8.20998253540175,40.25788201163639,31.764344418668873,10.367570751612467,42.21259086905992,43.43813059413614,12.744763302502083,63.29607213785964,19.172240808054312,17.678916106812302,69.88455286332973,33.630267308892016,10.774132042629306,4.505287010345253,43.052334295605824,34.54622501656524,8.532120818421568,27.04214948124598,45.55186705921498,50.115940786947306,50.60404389861282,9.54369834062392,21.170457966903648,46.792620558863774,14.231213811404885,24.7606919474424,12.805034567022812,23.840168837911985,35.12333606006702,17.159614704218463,14.804657654932726,56.68522432994688,26.3841279592048,13.163907962924762,30.13124147320107],
        [15.87163741547964,24.26956931480481,0.0,48.521782609273274,65.68441445587092,60.63916785500427,32.47955185020656,25.99827795391496,25.188603347266387,24.627174809333894,46.85977093643747,53.51240664120875,27.00436736022351,49.036468080138214,30.56871829983329,39.795904256980975,55.624948805608305,39.73648521080945,31.807748417274336,28.77485632515006,67.32190361041063,58.81579433137004,16.143478306214522,51.31171879605078,31.292263001493552,35.85633672922587,36.3444398408914,33.81326765542873,5.985327698663287,32.53301650114234,17.18441318447564,6.861298165083646,15.594906273168306,6.029662744885769,30.19972105108591,37.42777253077753,30.108909321036787,42.42562027222545,5.097691493234592,19.67188821310087,15.87163741547964],
        [53.94873489803288,24.25221329446846,48.521782609273274,0.0,24.2067120360214,17.93162580466922,16.04223075906671,43.31595817064611,24.14303620389047,29.27985400158351,34.591282654281514,35.81682237935774,27.132383043888833,55.674763923081244,17.95306430943998,10.0576078920339,62.263244648551336,26.008959094113614,18.395440257407706,19.74692628412321,18.80012100113736,26.80425037318339,32.78433411289003,18.175265409314015,56.9231081395079,52.237824434128434,42.98273568383442,14.708514953844542,45.42267126137211,51.555517874733326,38.483427105873346,49.01290524191086,37.05724786149128,48.09238213238045,27.502027845288612,11.094010078495742,18.412873288236483,49.06391611516848,50.636341253673265,37.41612125739322,53.94873489803288],
        [71.11136674463052,41.41484514106611,65.68441445587092,24.2067120360214,0.0,6.275086231352178,34.08965208282926,60.47859001724376,40.49581110860453,46.44248584818116,18.82464351943345,12.172007814662173,44.57278355330188,45.328035464047005,35.11569615603763,25.888510198889946,43.751038804838345,25.947929245061466,42.6021522934291,36.90955813072085,5.860729832999839,6.868620124500874,49.94696595948767,14.372695659820135,74.08573998610555,69.40045628072608,32.95664493057705,38.467908419156615,62.58530310796975,68.71814972133097,55.646058952470995,66.1755370885085,54.21987970808892,65.2550139789781,35.484693404785006,28.25664192509339,35.57550513483413,40.68987561614753,67.7989731002709,54.57875310399087,71.11136674463052],
        [66.06612014376387,36.36959854019946,60.63916785500427,17.93162580466922,6.275086231352178,0.0,28.159616004797712,55.43334341637711,35.45056450773788,41.39723924731451,16.659656849612293,17.885196574688514,39.24976828961983,40.28278886318036,30.070449555170978,20.8432635980233,44.33161884388211,20.90268264419482,36.32706606207693,31.864311529854206,6.682735755406361,8.87262456851417,44.90171935862102,9.327449058953484,69.0404933852389,64.35520967985943,27.9113983297104,32.19282218780444,57.5400565071031,63.67290312046432,50.60081235160435,61.13029048764186,49.17463310722227,60.209767378111444,30.439446803918358,23.211395324226743,30.53025853396748,35.644629015280884,62.75372649940426,49.53350650312422,66.06612014376387],
        [37.90650413896616,8.20998253540175,32.47955185020656,16.04223075906671,34.08965208282926,28.159616004797712,0.0,42.51951384366585,34.025976250698335,13.237623242516797,44.47422270108939,45.699762426165606,11.090152284822121,65.5577039698891,21.433872640083777,19.940547938841767,72.1461846953592,35.89189914092148,8.51250021059984,4.450188844970998,34.842351760204075,36.68719041999126,16.742103353823317,28.058205456121883,47.81349889124444,52.37757261897677,52.86567573064229,4.378256336327355,29.380440502305397,49.05425239089323,22.441196346806635,32.970674482844146,21.01501710242456,32.05015137331374,37.38496789209648,19.421246536247928,17.06628948696219,58.94685616197634,34.594110494606554,21.37389049832651,37.90650413896616],
        [10.632776727386766,40.25788201163639,25.99827795391496,43.31595817064611,60.47859001724376,55.43334341637711,42.51951384366585,0.0,19.98277890863923,50.62545276324886,41.65394649781031,48.30658220258159,53.002645314138476,23.038190126223252,25.362893861206132,34.590079818353814,29.626670851693348,34.530660772182294,51.0320140542657,38.06932499869485,62.116079171783475,53.60996989274288,42.14175626012948,46.10589435742363,13.607149968861787,9.858058775310916,27.52194508666671,46.897770179993216,31.983605652578248,8.23955970408721,43.1826911383906,19.136979788831315,41.59318422708327,32.027940698800734,24.99389661245875,32.22194809215037,25.453224356703664,19.78871440109623,31.095969447149553,45.670166167015836,10.632776727386766],
        [30.615555636025995,31.764344418668873,25.188603347266387,24.14303620389047,40.49581110860453,35.45056450773788,34.025976250698335,19.98277890863923,0.0,42.13191517028134,21.671167589171084,28.32380329394236,44.509107721170956,31.53172771919077,12.592103610614561,14.607300909714585,38.12020844466086,14.547881863543065,42.538476461298174,29.57578740572734,42.13330026314424,33.62719098410366,33.64821866716197,26.1231154487844,33.589928877501016,28.90464517212155,18.83969947994395,38.40423258702569,23.49006805961073,28.22233861272644,34.68915354542308,25.679725979903978,33.09964663411575,24.759202870373564,5.011117703819522,14.60472971445041,16.959686763736148,24.920879911278007,27.30316199166638,37.176628574048316,30.615555636025995],
        [40.498812224813534,10.367570751612467,24.627174809333894,29.27985400158351,46.44248584818116,41.39723924731451,13.237623242516797,50.62545276324886,42.13191517028134,0.0,52.580161620672385,53.8057013457486,2.3771925508896157,73.6636428894721,29.53981155966678,28.04648685842477,80.2521236149422,43.99783806050448,12.565819809584578,12.556127764554,48.07997500272087,44.793129339574264,8.483696503119374,36.16414437570489,55.919437810827446,60.48351153855977,60.97161465022529,14.571339047738968,18.64184711067061,57.160191310476236,9.203573104289836,31.48847297441754,9.03226853616559,18.812528130796935,45.49090681167948,27.52718545583093,25.172228406545194,67.05279508155934,21.35648725208975,8.136267255809713,40.498812224813534],
        [52.28672322519708,42.21259086905992,46.85977093643747,34.591282654281514,18.82464351943345,16.659656849612293,44.47422270108939,41.65394649781031,21.671167589171084,52.580161620672385,0.0,6.652635704771276,54.957354171562,26.50339194461356,23.040350061005608,24.533674762247614,27.671961994269818,8.582323560167902,52.98672291168923,40.024033856118386,20.462132673973162,11.956023394932576,44.09646511755301,16.4160172449675,55.2610964666721,50.57581276129263,14.1320014111436,48.85247903741674,43.76065958853631,49.89350620189752,45.137399995814135,47.35089356907506,43.547893084506796,46.43037045954465,16.66004988535156,25.052976164841454,27.407933214127194,21.865232096714085,48.97432958083746,47.62487502443936,52.28672322519708],
        [58.93935892996836,43.43813059413614,53.51240664120875,35.81682237935774,12.172007814662173,17.885196574688514,45.699762426165606,48.30658220258159,28.32380329394236,53.8057013457486,6.652635704771276,0.0,56.18289389663822,33.15602764938484,24.26588978608183,25.75921448732384,31.57903099017617,13.775921430399293,54.212262636765445,41.24957358119461,17.47084017633618,9.012572006174347,45.32200484262923,17.641556970043723,61.91373217144337,57.22844846606391,20.784637115914876,50.07801876249296,50.413295293307584,56.546141906668794,46.36293972089035,54.00352927384633,44.773432809583014,53.083006164315925,23.312685590122836,26.278515889917678,28.633472939203415,28.51786780148536,55.62696528560874,48.850414749515586,58.93935892996836],
