{
    "drone_dist": [
        [0.0,933.1109089363762,819.2784940162828,1709.472820246808,1089.4570621464993,1631.3886544434251,1370.1421834639684,1454.9498476771098,1301.1640964860612,1872.7506363859723,983.2459344928492,2292.811338779601,1982.3151149652538,1914.8247191171233,2630.2226522089622,2701.168889635191,2991.230642219206,1836.3467187047368,2932.851241362177,2100.5230841171715,305.81219304071544,2353.232711323812,2810.3413949342507,2914.1653930006964,1997.138187721708,2151.145683200945,2298.571874823358,2609.4583082144363,1046.0650398808668,2811.8794254949403,1852.3228555980777,1415.2364645703574,2141.630046924257,1463.2799375030752,2399.248647152433,522.2023919244,744.413624285005,651.2658597425967,2648.0730823046874,1818.2503967335153,1843.4732262045477,390.87275008074914,2355.299752939466,2761.960240028289,1574.426671341302,2939.94855217039,2954.1303919926327,1970.0289574144235,1424.9504754488771,3186.953485284852,0.0],
        [933.1109089363762,0.0,1464.780472550007,780.6480720759871,552.7211479785688,1748.0804537976182,2303.229744098913,522.725469812932,1741.706693178055,1990.989171724925,127.35918772726026,2523.519905205823,2484.5610396678185,2437.74454054688,1917.8793273159743,3621.90812693598,2367.563941742906,1471.1945319304602,3829.3386061151314,2931.988896771981,651.1027980961765,2978.420391421049,2079.7764996315295,2366.8315028935085,1109.7566944938267,2384.0071045241302,2320.4871041783704,2740.829229814091,1528.0926506495805,2667.608682289999,2570.7977507768996,2308.7066177236316,2822.390882624863,950.2794740959129,1504.1140437000024,1140.4102642680662,1193.6255521949565,603.4368094457712,3574.909666942821,976.0173471462273,1848.6962415741036,1265.4583727368022,1554.326383430266,1891.6257422124052,2464.366180293152,3819.9569370851627,2292.1723125082553,2902.945748340283,703.8739599905163,3368.541453476052,933.1109089363762],
        [819.2784940162828,1464.780472550007,0.0,2205.3349957649793,1278.0758310823087,1035.4077995666908,1281.8826689543114,1916.205440343321,2030.562426622696,2668.585186107475,1565.2241692376444,3048.124455017378,2626.0398169545997,1095.548270095951,3343.418984825672,2648.6144438515857,3746.1426313054153,2638.547856047444,2978.534982548068,2371.533927340981,896.4970004787276,2878.9780180296957,3515.300701745141,3692.721700494288,2286.3952264501736,1414.0119772297835,1678.4421155803796,1900.6921225855174,1784.2044691217666,3628.9327261633616,1107.2255939172705,1019.7953912567341,2626.4170803108195,2223.2847519490865,2957.4159545797843,337.0206671345221,1531.6892559074097,887.3859496391946,2334.4731770179283,2059.490728134498,1294.5498862286863,514.3911634016338,3011.9918075946557,3353.050545143428,1147.4350452391168,3038.0908323935782,3693.599569388053,1830.7259631113225,2109.4543895616953,3938.004238638458,819.2784940162828],
        [1709.472820246808,780.6480720759871,2205.3349957649793,0.0,1013.9990789359259,2251.4511666714584,3078.442839589225,292.0253598970536,2278.613472598819,2293.8778481066192,730.0566506333472,2848.321447657046,2992.438467047953,3089.856266609794,1416.9910333982311,4377.002623622814,1932.4119281900416,1473.757883255134,4561.757421319274,3625.525009687913,1431.7336076419456,3539.9715226735393,1538.5809755569132,2018.247590134776,616.470307715753,2891.982769720157,2701.6309772231175,3162.4639320558113,2113.33349391472,2683.728770191282,3297.918845038703,3087.244899100588,3424.409189492577,1001.3179660470738,762.1585080224446,1896.362809429169,1819.8130712308557,1318.1499182570356,4354.985801844183,677.7540926540737,2271.32985896738,2045.5602342138588,968.3669243528653,1171.6606300931878,3242.0503481354326,4539.074720651188,1818.3244511136627,3675.840346728169,648.4101555896216,3600.008049918163,1709.472820246808],
        [1089.4570621464993,552.7211479785688,1278.0758310823087,1013.9990789359259,0.0,1260.148115535703,2371.273309309627,728.5281737897658,2182.604403298359,2516.595371231466,673.6663032046001,3035.8329960369183,2921.041611867278,2078.7996005174864,2357.6004301089597,3745.1168157405223,2839.8984188422105,2020.339264127845,4004.858946376721,3189.6223248554493,792.4142248834389,3369.8894748714015,2502.9623799331425,2867.3450224956937,1009.4520844349282,1904.0874160714313,1787.8909823648976,2223.64475460578,1946.508815879525,3220.3223642588637,2326.948765238215,2255.4099116976654,3184.411825388675,1494.6222462817743,1772.9213869581613,1023.740219894557,1601.194520523809,460.0435455809653,3568.2860710744967,788.8918398121956,1324.5006162629618,1287.4457543214123,1945.2433029861818,2184.669811672561,2398.5678653047144,4021.2009784099323,2748.5575664046864,2969.8244462789785,1211.6337851542858,3896.5330866965905,1089.4570621464993],
        [1631.3886544434251,1748.0804537976182,1035.4077995666908,2251.4511666714584,1260.148115535703,0.0,2279.83097383319,1978.2278767942255,2932.040977134978,3471.0336876903775,1875.2563677129226,3919.351595807536,3591.4631277745175,1019.2719140255801,3617.7243590182175,3598.2716895720228,4096.468313844081,3189.084742185932,3959.4023403097294,3405.3768911278853,1513.159280721407,3892.5345704790257,3762.4201433163566,4111.954685143416,2044.7908060848047,643.9593507364688,668.700710017469,1010.2287629402906,2677.0929855673376,4325.412384462733,1509.4638998267478,1913.4070016605392,3647.878020476101,2687.3162549202816,2991.3962837496815,1147.294462890876,2369.4926677276862,1217.0511991763497,3140.9423222587834,1805.1801988752536,266.3804122144677,1484.4744530101302,3201.932911876433,3404.808488898299,1995.4044508121594,4034.9912070058394,4007.87801283259,2775.786936088157,2447.5827943407603,4812.584095113834,1631.3886544434251],
        [1370.1421834639684,2303.229744098913,1281.8826689543114,3078.442839589225,2371.273309309627,2279.83097383319,0.0,2824.6526535296302,1706.6251928006047,2457.413621945766,2349.725832811322,2615.0952306371205,1958.9504454655544,1853.6786530818758,3855.767014765868,1384.3805503579865,4130.341073066442,2887.5494020472183,1696.925284269295,1205.0914239114259,1661.8151172275518,1961.6710728971323,4041.8858761135807,3993.1268418671334,3343.7813940811457,2485.6661848350154,2869.4418284019503,2977.823279720324,1566.496453641438,3505.7334797857548,1373.337954063134,510.0911271258903,1679.9936389717295,2671.753608613868,3749.1142954714383,1380.6872697533192,1565.3453744724195,1912.4499690470645,1300.1489846181262,3146.9103583204137,2545.7645579736673,1084.2215458417472,3650.428298758229,4092.8814658744454,585.0028548416716,1758.5324283660536,4126.438448523411,602.4715843844049,2730.4540342526902,3412.4077393229445,1370.1421834639684],
        [1454.9498476771098,522.725469812932,1916.205440343321,292.0253598970536,728.5281737897658,1978.2278767942255,2824.6526535296302,0.0,2153.886872968914,2262.8095493152746,503.9454698241703,2814.720289536257,2885.4981538670577,2800.0330248370424,1654.415286138802,4143.583020810901,2155.6734531346865,1536.3227297624853,4345.249274532238,3432.1154875513794,1166.519266828583,3411.908687772099,1789.5845853646304,2215.087018222192,645.0414269632001,2621.058058934542,2455.4208544931753,2909.705060029721,1966.237904489765,2763.486432217704,3006.5649656869205,2812.34962163264,3277.2501387490447,1020.5944611437318,1053.835609229362,1611.010188315942,1651.4948127629461,1028.8296533008934,4090.8579980400254,595.273547512071,2013.0658556460578,1775.4797841536108,1224.7561095628598,1462.0298722693683,2965.8222951941125,4331.286599505505,2052.2417226685648,3424.978035749618,666.0646197040675,3607.4518117912953,1454.9498476771098],
        [1301.1640964860612,1741.706693178055,2030.562426622696,2278.613472598819,2182.604403298359,2932.040977134978,1706.6251928006047,2153.886872968914,0.0,751.0627400718898,1686.6826124450072,1020.0399205454447,743.2563007575818,3078.2042130301024,2459.6067584260973,2521.469169305762,2601.2234471813936,1377.7433033604473,2553.8525101091536,1531.648013858871,1477.7913840740036,1261.5999345852285,2641.5168961876393,2413.714451690584,2798.2325837956737,3428.818531714936,3599.6503911751174,3899.483831346692,255.14090611790402,1799.4296307441048,2832.5622874910346,2088.1410772444574,1160.2174590374723,1424.6459443560477,2694.567679694722,1799.761988562044,588.7311805102386,1854.0924710499319,2879.8332133974654,2704.8616011307954,3143.4680889953506,1516.1960924819696,2415.3448768774347,2924.1109868997046,2223.783246207201,2474.6981636464625,2635.6773879961033,2111.3761068784793,1679.9550235111844,1907.4649121749296,1301.1640964860612],
        [1872.7506363859723,1990.989171724925,2668.585186107475,2293.8778481066192,2516.595371231466,3471.0336876903775,2457.413621945766,2262.8095493152746,751.0627400718898,0.0,1896.0493908847889,554.5254799578557,957.5343924580367,3749.056456452642,2025.2690133121048,3176.9056070227084,2038.23736381537,977.3449324810034,3144.4531079938647,2129.1086088601824,1959.2724586401737,1543.878237045061,2189.992359969498,1810.3283074023275,2887.493524732329,4021.2652925052384,4125.267440904829,4469.42760366975,932.4686822886883,1048.3853119153728,3552.000766771844,2833.2268148039548,1577.7496954062203,1299.872986476339,2497.1981964628344,2394.5709081798377,1136.9855853400727,2295.193107265594,3606.6407120023628,2855.7576947892476,3653.234605808817,2164.342943145612,2116.9914668766464,2628.509480378114,2971.5700913097367,3035.9837670368033,2106.070001364063,2842.5834235404764,1645.481320165742,1379.9377203466522,1872.7506363859723],
        [983.2459344928492,127.35918772726026,1565.2241692376444,730.0566506333472,673.6663032046001,1875.2563677129226,2349.725832811322,503.9454698241703,1686.6826124450072,1896.0493908847889,0.0,2434.348988404305,2427.0245194430936,2554.504416800917,1800.2616492839798,3649.6015340189024,2244.416778881976,1347.1787722642844,3843.8403547018183,2928.3703656441603,720.3283438283459,2934.7124836332164,1964.579010673122,2240.647835353117,1127.4746941548963,2510.697218152617,2447.0307987397887,2868.133883540314,1483.8145138904295,2548.7499588982005,2672.4160971131573,2379.8242916294944,2788.7308116296567,824.236310581304,1424.7427257580707,1235.9050125066256,1158.5424107331185,719.7352337157818,3631.262118857143,1018.2531309258814,1975.657587389999,1334.6102924020965,1447.3568432116126,1803.180937868782,2536.886379410419,3828.0476651741033,2171.283835300751,2946.186220699717,579.2367612784986,3270.218405901776,983.2459344928492],
        [2292.811338779601,2523.519905205823,3048.124455017378,2848.321447657046,3035.8329960369183,3919.351595807536,2615.0952306371205,2814.720289536257,1020.0399205454447,554.5254799578557,2434.348988404305,0.0,754.449532708267,4097.542106210206,2482.0947360775876,3089.6683378127705,2408.5001490567315,1493.800780579791,2981.3520384152785,2018.2969768124738,2424.0883333522925,1238.4959362597278,2632.9566813394445,2152.150921139775,3441.5379719290627,4438.137182377002,4582.543650636293,4901.980692170802,1264.00557410177,1086.88647096797,3832.0701739200795,3049.682302679143,1365.2648490788156,1852.855244208278,3027.5435021461876,2804.9118126102658,1550.143582862725,2779.8017014391066,3636.429473216812,3406.4187600066857,4117.100590021982,2534.1579910200403,2626.503719987253,3130.749579692169,3172.4102609672145,2846.4749551316518,2500.8392750618923,2899.506542933333,2199.912597019353,894.166669940119,2292.811338779601],
        [1982.3151149652538,2484.5610396678185,2626.0398169545997,2992.438467047953,2921.041611867278,3591.4631277745175,1958.9504454655544,2885.4981538670577,743.2563007575818,957.5343924580367,2427.0245194430936,754.449532708267,0.0,3601.3580310521634,2965.705125937459,2335.456394536005,2995.460331849712,1888.0941703207889,2240.2005633189256,1264.0873271099285,2193.5680377394788,593.8109535053128,3135.7977665312433,2763.628772697485,3530.5395441493333,4040.0506165773736,4259.657000685777,4524.635777762584,975.0614525369762,1823.7640577014586,3258.8505337682955,2430.9806963835617,632.8926526324773,2076.2038002902073,3340.1499868192445,2444.5351556446685,1320.3033566505837,2574.768243186172,2897.0071793254415,3444.458818923567,3817.7087305918235,2122.46906126626,3007.789516489675,3522.929722248433,2536.9412559831585,2114.5744688466925,3063.1102999036884,2175.6916161017025,2370.873888963011,1455.405073647256,1982.3151149652538],
        [1914.8247191171233,2437.74454054688,1095.548270095951,3089.856266609794,2078.7996005174864,1019.2719140255801,1853.6786530818758,2800.0330248370424,3078.2042130301024,3749.056456452642,2554.504416800917,4097.542106210206,3601.3580310521634,0.0,4354.74562105658,2958.724559419479,4787.916979010653,3722.509591011258,3368.8997770826672,3058.764659149059,1961.9324507368733,3752.0020302387334,4517.499807517212,4754.548402263038,2994.9137164027534,760.3538975870473,1268.391411853409,1195.2598927185225,2842.2827196512894,4722.867940758842,615.4806174687658,1362.5903475206055,3478.3666764116842,3283.7514075041167,3850.9324074244173,1413.4291493012267,2615.7064813529064,1834.942689032445,2339.406259847557,2752.9027611036427,1209.5378560450279,1585.2865293441123,3984.0686216849176,4261.514985011863,1366.5434531109668,3483.00710375555,4722.784147581638,2180.179443181386,3126.753030993025,4976.993934734635,1914.8247191171233],
        [2630.2226522089622,1917.8793273159743,3343.418984825672,1416.9910333982311,2357.6004301089597,3617.7243590182175,3855.767014765868,1654.415286138802,2459.6067584260973,2025.2690133121048,1800.2616492839798,2482.0947360775876,2965.705125937459,4354.74562105658,0.0,4943.926222455566,527.8078300097707,1089.091597143159,5010.300287313038,3990.6627866342965,2453.4781791245964,3558.9935700255032,186.74199504362414,693.0454987303766,1913.3466415703062,4261.624632736694,4109.364103643278,4563.93240585674,2435.7492383890244,1798.4788393329193,4445.36230479097,4026.677027238531,3554.2282656121347,1186.7672208433366,912.6824904684,3007.2401518281813,2309.032176885235,2519.8383559525814,5149.133287546344,2059.998294045444,3666.36361516712,3020.059161916354,467.3878962589361,753.3540924542568,4186.197425460471,4934.304732213117,401.6091278811893,4397.099238448615,1234.502583405327,2946.097064478423,2630.2226522089622],
        [2701.168889635191,3621.90812693598,2648.6144438515857,4377.002623622814,3745.1168157405223,3598.2716895720228,1384.3805503579865,4143.583020810901,2521.469169305762,3176.9056070227084,3649.6015340189024,3089.6683378127705,2335.456394536005,2958.724559419479,4943.926222455566,0.0,5121.504552848845,3885.3663281939776,440.7149617753894,1071.381460658871,3004.329356319367,1963.3113992874241,5129.527326314436,4934.180347138345,4697.271564226293,3684.8040105928476,4130.707099012604,4150.876335243557,2509.1287985946183,4149.576811858051,2359.5589421472137,1685.9060207814673,1748.7263133516788,3806.5592986335514,4991.948382870769,2765.0148704773633,2663.67912894785,3285.0908812702733,864.1363951886225,4510.511830442943,3863.7287361285753,2459.278314231857,4820.224583217715,5299.215584548383,1621.9967794382396,609.4972744705923,5150.371973999966,823.2807838552926,3943.423882309536,3648.823606020929,2701.168889635191],
        [2991.230642219206,2367.563941742906,3746.1426313054153,1932.4119281900416,2839.8984188422105,4096.468313844081,4130.341073066442,2155.6734531346865,2601.2234471813936,2038.23736381537,2244.416778881976,2408.5001490567315,2995.460331849712,4787.916979010653,527.8078300097707,5121.504552848845,0.0,1249.1932942758563,5144.133460598698,4119.608267264577,2849.675669480451,3576.979650976421,485.3952390271251,280.75696479776315,2440.9480356191607,4738.968137688024,4609.252587384733,5058.366764898325,2627.8608104487453,1538.1652711114525,4834.705599781637,4351.272990195986,3613.703307947899,1529.0112615532266,1429.7328078401029,3409.2819687017864,2565.043290521151,2960.414788436932,5404.122696607029,2584.3331546545933,4158.950509295659,3381.4951234710697,995.1438896040177,1202.0258180148949,4509.30328700604,5050.375707379853,159.45936345586566,4639.887634963435,1665.6974193420483,2717.8091661305307,2991.230642219206],
        [1836.3467187047368,1471.1945319304602,2638.547856047444,1473.757883255134,2020.339264127845,3189.084742185932,2887.5494020472183,1536.3227297624853,1377.7433033604473,977.3449324810034,1347.1787722642844,1493.800780579791,1888.0941703207889,3722.509591011258,1089.091597143159,3885.3663281939776,1249.1932942758563,0.0,3931.591912110027,2909.0048563596297,1763.1058441970551,2481.80832275733,1267.5864814669665,1108.5141861119616,2090.1641019767317,3807.331372176532,3786.880191594513,4194.826779772897,1381.6417065436165,1227.7239703650564,3685.783803085017,3134.4876396205336,2466.6576602408886,530.6598067646556,1535.0279629593078,2310.2749286934913,1323.785707618744,1977.0065583780058,4155.635223265965,2117.8831307000096,3312.1118702841914,2216.123261483469,1139.7480259887855,1651.3469893906272,3290.3943661081303,3850.4250749118523,1265.77229800246,3390.8011609309674,870.6941838563889,2148.8497063218874,1836.3467187047368],
        [2932.851241362177,3829.3386061151314,2978.534982548068,4561.757421319274,4004.858946376721,3959.4023403097294,1696.925284269295,4345.249274532238,2553.8525101091536,3144.4531079938647,3843.8403547018183,2981.3520384152785,2240.2005633189256,3368.8997770826672,5010.300287313038,440.7149617753894,5144.133460598698,3931.591912110027,0.0,1024.6258587206105,3238.658890132128,1782.5756788283197,5193.444189548412,4939.243754600968,4925.089825445521,4082.7579372832606,4514.468076439519,4555.942939728999,2585.372186532871,4062.6503248650083,2777.9832723159984,2060.7684996727803,1616.0879196579506,3911.847397416073,5135.7644827180075,3059.9612442355074,2788.007977531856,3546.637522102288,1294.7854943580521,4751.08624528963,4225.7359194158635,2733.9822182242315,4926.587552747056,5419.701668189718,2014.514631476936,193.98170802239315,5186.272864745415,1197.8201582381027,4083.6288553707795,3448.5485545410916,2932.851241362177],
        [2100.5230841171715,2931.988896771981,2371.533927340981,3625.525009687913,3189.6223248554493,3405.3768911278853,1205.0914239114259,3432.1154875513794,1531.648013858871,2129.1086088601824,2928.3703656441603,2018.2969768124738,1264.0873271099285,3058.764659149059,3990.6627866342965,1071.381460658871,4119.608267264577,2909.0048563596297,1024.6258587206105,0.0,2398.948522741685,943.7124065782438,4172.992495317053,3916.2739882291658,4041.312344805635,3675.592099759822,4029.3036002943904,4170.641657979127,1580.1434675529508,3081.1245282713935,2559.091165402646,1705.084646286759,695.0489361565575,2911.9888598540283,4156.084209698877,2354.2742163580738,1815.4113815018927,2747.266462655617,1704.539993819596,3889.1827285054437,3666.0171032483618,2000.1565481566156,3922.9576716180545,4422.61580679433,1741.8940938472902,945.4892867046548,4161.836567174437,1090.8280403467083,3107.673056252387,2611.0836755415135,2100.5230841171715],
        [305.81219304071544,651.1027980961765,896.4970004787276,1431.7336076419456,792.4142248834389,1513.159280721407,1661.8151172275518,1166.519266828583,1477.7913840740036,1959.2724586401737,720.3283438283459,2424.0883333522925,2193.5680377394788,1961.9324507368733,2453.4781791245964,3004.329356319367,2849.675669480451,1763.1058441970551,3238.658890132128,2398.948522741685,0.0,2603.692149365568,2628.157095500475,2798.878483771612,1693.0071215877138,2086.8693078594165,2166.24707228502,2517.3060467889245,1226.7832680459771,2830.2593915276034,1992.1452752933556,1660.1645101751214,2405.608436245406,1328.0098850134148,2145.033936678836,559.8366348788653,891.2511611266468,382.58738846682434,2924.8875442271246,1512.4603083661448,1695.8170024489136,615.3081529256355,2142.6935778606894,2521.343979210227,1816.8533103436846,3245.2572597613002,2798.444063173578,2263.7285694859534,1223.6242021769738,3313.076208768882,305.81219304071544],
        [2353.232711323812,2978.420391421049,2878.9780180296957,3539.9715226735393,3369.8894748714015,3892.5345704790257,1961.6710728971323,3411.908687772099,1261.5999345852285,1543.878237045061,2934.7124836332164,1238.4959362597278,593.8109535053128,3752.0020302387334,3558.9935700255032,1963.3113992874241,3576.979650976421,2481.80832275733,1782.5756788283197,943.7124065782438,2603.692149365568,0.0,3728.3422194505533,3338.6149172896103,4054.8516364233024,4275.1456285781405,4552.0670676466,4769.389978091121,1451.2299994751554,2323.6858893259914,3328.8674796994596,2468.271647077837,282.30512054471563,2652.987097195809,3921.8705759000345,2756.178178610009,1786.3635186161534,2984.999413096323,2648.1683921368294,3951.234127815044,4135.274754931881,2408.8786303296747,3598.5991530967294,4113.609325307255,2543.0115715630727,1631.5118804073243,3649.288700154565,2007.7598629357394,2933.257112660189,1685.5156865582917,2353.232711323812],
        [2810.3413949342507,2079.7764996315295,3515.300701745141,1538.5809755569132,2502.9623799331425,3762.4201433163566,4041.8858761135807,1789.5845853646304,2641.5168961876393,2189.992359969498,1964.579010673122,2632.9566813394445,3135.7977665312433,4517.499807517212,186.74199504362414,5129.527326314436,485.3952390271251,1267.5864814669665,5193.444189548412,4172.992495317053,2628.157095500475,3728.3422194505533,0.0,712.6210971673229,1999.6399046579593,4406.297243059735,4239.212804841396,4697.55096658758,2620.9687786026907,1897.5868360205368,4619.007888855631,4209.654357021854,3729.1642132912707,1371.921287560229,958.9106793575776,3179.7330926147856,2495.773398838874,2682.9485363245244,5335.613554133934,2161.121298394899,3802.347535072628,3199.627713977771,570.5463407625674,718.2910625641667,4369.234572719014,5116.05144850054,330.5246039655163,4583.807406943127,1405.9975224932348,3060.572220876804,2810.3413949342507],
        [2914.1653930006964,2366.8315028935085,3692.721700494288,2018.247590134776,2867.3450224956937,4111.954685143416,3993.1268418671334,2215.087018222192,2413.714451690584,1810.3283074023275,2240.647835353117,2152.150921139775,2763.628772697485,4754.548402263038,693.0454987303766,4934.180347138345,280.75696479776315,1108.5141861119616,4939.243754600968,3916.2739882291658,2798.878483771612,3338.6149172896103,712.6210971673229,0.0,2564.0596128244188,4750.404801852046,4651.16990030132,5090.96051724465,2462.1501398261894,1257.9416884186758,4765.874379115487,4241.384460340662,3387.9987609926866,1471.4173110837087,1602.716131543727,3357.685883113865,2431.556127940003,2944.412814539439,5251.740711698359,2687.2351657097797,4191.781465865636,3301.124509631012,1138.4080608270804,1425.486752684852,4397.783851827427,4839.142294262545,423.00691617407887,4484.0109244365885,1664.490038233714,2437.7382891476514,2914.1653930006964],
        [1997.138187721708,1109.7566944938267,2286.3952264501736,616.470307715753,1009.4520844349282,2044.7908060848047,3343.7813940811457,645.0414269632001,2798.2325837956737,2887.493524732329,1127.4746941548963,3441.5379719290627,3530.5395441493333,2994.9137164027534,1913.3466415703062,4697.271564226293,2440.9480356191607,2090.1641019767317,4925.089825445521,4041.312344805635,1693.0071215877138,4054.8516364233024,1999.6399046579593,2564.0596128244188,0.0,2651.9919357236026,2365.778320871096,2838.746406344375,2606.7260487323065,3298.281606084736,3310.9048220408013,3260.770227295223,3915.2116440422496,1608.8614872992482,1068.948263779548,2028.8832375888892,2285.745146617753,1445.6952663593268,4569.025505986096,242.04449716761107,1994.1345314950304,2264.219587997026,1445.9971285841775,1455.6649317068109,3405.8635381160952,4922.465077134353,2309.555725782937,3945.9970602974668,1250.5131606868554,4210.387789487065,1997.138187721708],
        [2151.145683200945,2384.0071045241302,1414.0119772297835,2891.982769720157,1904.0874160714313,643.9593507364688,2485.6661848350154,2621.058058934542,3428.818531714936,4021.2652925052384,2510.697218152617,4438.137182377002,4040.0506165773736,760.3538975870473,4261.624632736694,3684.8040105928476,4738.968137688024,3807.331372176532,4082.7579372832606,3675.592099759822,2086.8693078594165,4275.1456285781405,4406.297243059735,4750.404801852046,2651.9919357236026,0.0,523.8494108658256,496.5384358819093,3177.486436148196,4916.70912363182,1372.8798923706925,2033.4247195121734,4014.0031469974983,3314.8882359546014,3626.062397480349,1633.5525546384047,2894.971329423742,1830.4541372043968,3096.421753541542,2416.6769892556435,663.4777050263455,1921.8846007790416,3845.273955091802,4038.8496530967795,2068.2445043216935,4185.015345632164,4651.399887361323,2885.6255620413094,3086.0384580419427,5331.683125511463,2151.145683200945],
        [2298.571874823358,2320.4871041783704,1678.4421155803796,2701.6309772231175,1787.8909823648976,668.700710017469,2869.4418284019503,2455.4208544931753,3599.6503911751174,4125.267440904829,2447.0307987397887,4582.543650636293,4259.657000685777,1268.391411853409,4109.364103643278,4130.707099012604,4609.252587384733,3786.880191594513,4514.468076439519,4029.3036002943904,2166.24707228502,4552.0670676466,4239.212804841396,4651.16990030132,2365.778320871096,523.8494108658256,0.0,473.3683051468238,3344.5980953288645,4951.662367000195,1869.6777628399213,2453.7494760308277,4303.331517500194,3270.6615984342343,3395.7944225077104,1815.1499652855155,3033.8436152616127,1844.46628220871,3584.5287031880544,2144.99709995797,477.1855152645692,2147.763020800682,3669.694013013716,3801.9678354083744,2508.8226468863622,4604.897873264344,4507.661948627379,3317.9938399778102,2999.5130930869304,5474.831785740425,2298.571874823358],
        [2609.4583082144363,2740.829229814091,1900.6921225855174,3162.4639320558113,2223.64475460578,1010.2287629402906,2977.823279720324,2909.705060029721,3899.483831346692,4469.42760366975,2868.133883540314,4901.980692170802,4524.635777762584,1195.2598927185225,4563.93240585674,4150.876335243557,5058.366764898325,4194.826779772897,4555.942939728999,4170.641657979127,2517.3060467889245,4769.389978091121,4697.55096658758,5090.96051724465,2838.746406344375,496.5384358819093,473.3683051468238,0.0,3646.4120431403267,5335.521938087838,1807.8083932964973,2517.4682475516215,4509.275980016705,3687.2945327831535,3864.743291879672,2099.772286563453,3353.526364608364,2226.901581484074,3526.4568394078465,2616.8269914955067,899.7189790860467,2402.855771994305,4129.205470580589,4272.092302127148,2543.529115166069,4663.493866845559,4960.518407169322,3361.3844323548437,3431.4776774742354,5796.144287984947,2609.4583082144363],
        [1046.0650398808668,1528.0926506495805,1784.2044691217666,2113.33349391472,1946.508815879525,2677.0929855673376,1566.496453641438,1966.237904489765,255.14090611790402,932.4686822886883,1483.8145138904295,1264.00557410177,975.0614525369762,2842.2827196512894,2435.7492383890244,2509.1287985946183,2627.8608104487453,1381.6417065436165,2585.372186532871,1580.1434675529508,1226.7832680459771,1451.2299994751554,2620.9687786026907,2462.1501398261894,2606.7260487323065,3177.486436148196,3344.5980953288645,3646.4120431403267,0.0,1968.4884738807104,2620.774776155541,1908.619222061334,1312.574010354917,1331.906140361471,2584.3855294562068,1546.6772229933192,345.3444470941318,1605.1806400340076,2792.3683638161556,2500.009787055058,2888.3637143576334,1270.4924446736097,2343.478712043609,2842.5450280085192,2051.248788465791,2524.190677535756,2647.0970629453172,2023.3379001997005,1545.548895403908,2155.422626407293,1046.0650398808668],
        [2811.8794254949403,2667.608682289999,3628.9327261633616,2683.728770191282,3220.3223642588637,4325.412384462733,3505.7334797857548,2763.486432217704,1799.4296307441048,1048.3853119153728,2548.7499588982005,1086.88647096797,1823.7640577014586,4722.867940758842,1798.4788393329193,4149.576811858051,1538.1652711114525,1227.7239703650564,4062.6503248650083,3081.1245282713935,2830.2593915276034,2323.6858893259914,1897.5868360205368,1257.9416884186758,3298.281606084736,4916.70912363182,4951.662367000195,5335.521938087838,1968.4884738807104,0.0,4571.329748488312,3876.3358786526264,2447.9594065421134,1754.0831168069126,2577.6962813864207,3328.440928533506,2118.8731055395097,3110.836947061132,4635.773521052571,3340.8238333315585,4474.482210623273,3143.73935366668,2107.41736918148,2540.8384791280464,4016.8200999094242,3931.4003351163046,1668.7805656453388,3877.327103487852,2098.319436142019,1179.838196705676,2811.8794254949403],
        [1852.3228555980777,2570.7977507768996,1107.2255939172705,3297.918845038703,2326.948765238215,1509.4638998267478,1373.337954063134,3006.5649656869205,2832.5622874910346,3552.000766771844,2672.4160971131573,3832.0701739200795,3258.8505337682955,615.4806174687658,4445.36230479097,2359.5589421472137,4834.705599781637,3685.783803085017,2777.9832723159984,2559.091165402646,1992.1452752933556,3328.8674796994596,4619.007888855631,4765.874379115487,3310.9048220408013,1372.8798923706925,1869.6777628399213,1807.8083932964973,2620.774776155541,4571.329748488312,0.0,863.2730243383793,3048.511327287773,3306.211585300427,4055.458320384543,1440.0766196285717,2457.445641863866,1983.1452822530832,1724.1649616975687,3073.259867839422,1740.710391658424,1469.7643967483264,4119.185845631355,4454.989415304489,819.6153106397074,2901.2700603185735,4788.718554792248,1605.3305265068925,3213.1223698312115,4684.386071972009,1852.3228555980777],
        [1415.2364645703574,2308.7066177236316,1019.7953912567341,3087.244899100588,2255.4099116976654,1913.4070016605392,510.0911271258903,2812.34962163264,2088.1410772444574,2833.2268148039548,2379.8242916294944,3049.682302679143,2430.9806963835617,1362.5903475206055,4026.677027238531,1685.9060207814673,4351.272990195986,3134.4876396205336,2060.7684996727803,1705.084646286759,1660.1645101751214,2468.271647077837,4209.654357021854,4241.384460340662,3260.770227295223,2033.4247195121734,2453.7494760308277,2517.4682475516215,1908.619222061334,3876.3358786526264,863.2730243383793,0.0,2187.221833032378,2843.4990533562404,3804.3204237977716,1232.1186688605487,1825.1332042758843,1817.8333401008708,1317.9010876927548,3044.298323438588,2178.402067098863,1045.2140921682924,3769.4245256638337,4174.640723804255,159.69478556123056,2154.064159549082,4329.953220259341,865.9388263341889,2838.727970882484,3875.1824341999095,1415.2364645703574],
        [2141.630046924257,2822.390882624863,2626.4170803108195,3424.409189492577,3184.411825388675,3647.878020476101,1679.9936389717295,3277.2501387490447,1160.2174590374723,1577.7496954062203,2788.7308116296567,1365.2648490788156,632.8926526324773,3478.3666764116842,3554.2282656121347,1748.7263133516788,3613.703307947899,2466.6576602408886,1616.0879196579506,695.0489361565575,2405.608436245406,282.30512054471563,3729.1642132912707,3387.9987609926866,3915.2116440422496,4014.0031469974983,4303.331517500194,4509.275980016705,1312.574010354917,2447.9594065421134,3048.511327287773,2187.221833032378,0.0,2581.8291661512903,3853.0899654366185,2520.1924149040856,1630.5425424153086,2783.5435568716675,2394.143046778924,3798.354199422002,3894.51739624632,2168.44304936002,3557.008283935936,4069.772425199996,2260.873651308535,1484.1170287317098,3674.8144476128755,1735.0112676264716,2838.6597453072545,1916.064461886258,2141.630046924257],
        [1463.2799375030752,950.2794740959129,2223.2847519490865,1001.3179660470738,1494.6222462817743,2687.3162549202816,2671.753608613868,1020.5944611437318,1424.6459443560477,1299.872986476339,824.236310581304,1852.855244208278,2076.2038002902073,3283.7514075041167,1186.7672208433366,3806.5592986335514,1529.0112615532266,530.6598067646556,3911.847397416073,2911.9888598540283,1328.0098850134148,2652.987097195809,1371.921287560229,1471.4173110837087,1608.8614872992482,3314.8882359546014,3270.6615984342343,3687.2945327831535,1331.906140361471,1754.0831168069126,3306.211585300427,2843.4990533562404,2581.8291661512903,0.0,1271.5433517066788,1887.4372575661973,1145.038900766834,1488.9605717854645,3968.123651197737,1611.4562584143616,2798.12084505395,1853.9936590812108,1015.4974014663413,1510.6401440603388,3002.7697408793597,3855.430257803124,1491.7533089681783,3222.182378579165,359.54880663446943,2601.5475458565993,1463.2799375030752],
        [2399.248647152433,1504.1140437000024,2957.4159545797843,762.1585080224446,1772.9213869581613,2991.3962837496815,3749.1142954714383,1053.835609229362,2694.567679694722,2497.1981964628344,1424.7427257580707,3027.5435021461876,3340.1499868192445,3850.9324074244173,912.6824904684,4991.948382870769,1429.7328078401029,1535.0279629593078,5135.7644827180075,4156.084209698877,2145.033936678836,3921.8705759000345,958.9106793575776,1602.716131543727,1068.948263779548,3626.062397480349,3395.7944225077104,3864.743291879672,2584.3855294562068,2577.6962813864207,4055.458320384543,3804.3204237977716,3853.0899654366185,1271.5433517066788,0.0,2640.9390931515495,2348.0933933940405,2072.691153359673,5042.220444633523,1260.1724683743496,2988.7175262579417,2759.1583143439325,479.77426580170106,413.6216351279961,3961.565891836693,5092.764981506705,1284.2147431058063,4335.5979621616525,1052.1802160930515,3648.062145741146,2399.248647152433],
        [522.2023919244,1140.4102642680662,337.0206671345221,1896.362809429169,1023.740219894557,1147.294462890876,1380.6872697533192,1611.010188315942,1799.761988562044,2394.5709081798377,1235.9050125066256,2804.9118126102658,2444.5351556446685,1413.4291493012267,3007.2401518281813,2765.0148704773633,3409.2819687017864,2310.2749286934913,3059.9612442355074,2354.2742163580738,559.8366348788653,2756.178178610009,3179.7330926147856,3357.685883113865,2028.8832375888892,1633.5525546384047,1815.1499652855155,2099.772286563453,1546.6772229933192,3328.440928533506,1440.0766196285717,1232.1186688605487,2520.1924149040856,1887.4372575661973,2640.9390931515495,0.0,1262.5971415454324,590.8535398904488,2544.795319825535,1812.5561165010931,1380.9023204676107,357.0478981751495,2680.496131899697,3031.902320522349,1377.2691150786561,3099.218349941672,3356.60166528838,1967.8202066581518,1773.740662860496,3698.740441114325,522.2023919244],
        [744.413624285005,1193.6255521949565,1531.6892559074097,1819.8130712308557,1601.194520523809,2369.4926677276862,1565.3453744724195,1651.4948127629461,588.7311805102386,1136.9855853400727,1158.5424107331185,1550.143582862725,1320.3033566505837,2615.7064813529064,2309.032176885235,2663.67912894785,2565.043290521151,1323.785707618744,2788.007977531856,1815.4113815018927,891.2511611266468,1786.3635186161534,2495.773398838874,2431.556127940003,2285.745146617753,2894.971329423742,3033.8436152616127,3353.526364608364,345.3444470941318,2118.8731055395097,2457.445641863866,1825.1332042758843,1630.5425424153086,1145.038900766834,2348.0933933940405,1262.5971415454324,0.0,1265.6360323598144,2845.519886162354,2168.8694501351074,2571.328497907131,1030.5682403016933,2156.7282609342533,2637.8941689816384,1978.0294985854578,2745.9796618260957,2563.6179704611745,2088.724223826178,1296.3211479091685,2443.9476902549777,744.413624285005],
        [651.2658597425967,603.4368094457712,887.3859496391946,1318.1499182570356,460.0435455809653,1217.0511991763497,1912.4499690470645,1028.8296533008934,1854.0924710499319,2295.193107265594,719.7352337157818,2779.8017014391066,2574.768243186172,1834.942689032445,2519.8383559525814,3285.0908812702733,2960.414788436932,1977.0065583780058,3546.637522102288,2747.266462655617,382.58738846682434,2984.999413096323,2682.9485363245244,2944.412814539439,1445.6952663593268,1830.4541372043968,1844.46628220871,2226.901581484074,1605.1806400340076,3110.836947061132,1983.1452822530832,1817.8333401008708,2783.5435568716675,1488.9605717854645,2072.691153359673,590.8535398904488,1265.6360323598144,0.0,3123.355346970545,1237.7923539319765,1367.9406137228657,828.2498690055488,2156.0000462534545,2472.069247081483,1965.6509290924882,3565.6696423008502,2890.2615930673182,2512.045578319031,1295.1902013064807,3662.994205610803,651.2658597425967],
        [2648.0730823046874,3574.909666942821,2334.4731770179283,4354.985801844183,3568.2860710744967,3140.9423222587834,1300.1489846181262,4090.8579980400254,2879.8332133974654,3606.6407120023628,3631.262118857143,3636.429473216812,2897.0071793254415,2339.406259847557,5149.133287546344,864.1363951886225,5404.122696607029,4155.635223265965,1294.7854943580521,1704.539993819596,2924.8875442271246,2648.1683921368294,5335.613554133934,5251.740711698359,4569.025505986096,3096.421753541542,3584.5287031880544,3526.4568394078465,2792.3683638161556,4635.773521052571,1724.1649616975687,1317.9010876927548,2394.143046778924,3968.123651197737,5042.220444633523,2544.795319825535,2845.519886162354,3123.355346970545,0.0,4356.733159825587,3395.982493339101,2317.334682474524,4950.55899932089,5391.128326228728,1187.989079127841,1472.5425759754944,5408.286409848832,769.708373993473,4029.9518191972484,4305.426555590483,2648.0730823046874],
        [1818.2503967335153,976.0173471462273,2059.490728134498,677.7540926540737,788.8918398121956,1805.1801988752536,3146.9103583204137,595.273547512071,2704.8616011307954,2855.7576947892476,1018.2531309258814,3406.4187600066857,3444.458818923567,2752.9027611036427,2059.998294045444,4510.511830442943,2584.3331546545933,2117.8831307000096,4751.08624528963,3889.1827285054437,1512.4603083661448,3951.234127815044,2161.121298394899,2687.2351657097797,242.04449716761107,2416.6769892556435,2144.99709995797,2616.8269914955067,2500.009787055058,3340.8238333315585,3073.259867839422,3044.298323438588,3798.354199422002,1611.4562584143616,1260.1724683743496,1812.5561165010931,2168.8694501351074,1237.7923539319765,4356.733159825587,0.0,1761.530062458918,2063.5815502997334,1596.1399427338101,1660.0010999420356,3187.119559495944,4755.346400984966,2460.4364745669186,3747.9572531346466,1253.328783309025,4202.703582046966,1818.2503967335153],
        [1843.4732262045477,1848.6962415741036,1294.5498862286863,2271.32985896738,1324.5006162629618,266.3804122144677,2545.7645579736673,2013.0658556460578,3143.4680889953506,3653.234605808817,1975.657587389999,4117.100590021982,3817.7087305918235,1209.5378560450279,3666.36361516712,3863.7287361285753,4158.950509295659,3312.1118702841914,4225.7359194158635,3666.0171032483618,1695.8170024489136,4135.274754931881,3802.347535072628,4191.781465865636,1994.1345314950304,663.4777050263455,477.1855152645692,899.7189790860467,2888.3637143576334,4474.482210623273,1740.710391658424,2178.402067098863,3894.51739624632,2798.12084505395,2988.7175262579417,1380.9023204676107,2571.328497907131,1367.9406137228657,3395.982493339101,1761.530062458918,0.0,1726.7611247254758,3235.4027858668146,3399.5900997202607,2258.025282319172,4301.291480054527,4062.1000381610042,3041.4865728980444,2534.1236610980136,5007.947113249938,1843.4732262045477],
        [390.87275008074914,1265.4583727368022,514.3911634016338,2045.5602342138588,1287.4457543214123,1484.4744530101302,1084.2215458417472,1775.4797841536108,1516.1960924819696,2164.342943145612,1334.6102924020965,2534.1579910200403,2122.46906126626,1585.2865293441123,3020.059161916354,2459.278314231857,3381.4951234710697,2216.123261483469,2733.9822182242315,2000.1565481566156,615.3081529256355,2408.8786303296747,3199.627713977771,3301.124509631012,2264.219587997026,1921.8846007790416,2147.763020800682,2402.855771994305,1270.4924446736097,3143.73935366668,1469.7643967483264,1045.2140921682924,2168.44304936002,1853.9936590812108,2759.1583143439325,357.0478981751495,1030.5682403016933,828.2498690055488,2317.334682474524,2063.5815502997334,1726.7611247254758,0.0,2737.3255649219172,3131.5136467463103,1202.4788340432333,2764.3916170097277,3344.994315317964,1684.4379018800305,1808.6746118065307,3423.6543366553774,390.87275008074914],
