{
    "drone_dist": [
        [0.0,2478.3027738659575,251.1632771444406,1473.0833768714613,1798.8117997441966,1719.4771712108845,2215.686592724006,2958.134831542348,1906.3275578611754,995.282200171702,2711.054506688324,2671.1967262628605,2419.7417018679193,1284.2626844727647,3812.3509726786233,1412.9662751216204,2536.2286285211358,2079.7442071975834,2233.0413187636227,1488.2060813991964,1582.3746219365255,1085.3368654674439,3739.0253550902326,3235.471698218109,3250.943165739831,1825.5959593674468,2010.0528807107248,909.9765833302786,1655.364124242479,2438.5403557557033,2343.7036948190585,1333.0450863277372,2608.6578457742876,2586.7633180901453,2394.3441767955587,1628.989489457033,2618.789534087697,2946.4461878453076,2659.138506122719,2121.279861001474,2388.052114639441,1527.3055022795234,3093.058974056975,2974.194885959241,2704.2402261076736,3205.1350314094248,2306.401121381528,2808.160981419459,1102.9738425147561,2616.0038872983737,748.3960049376155,1164.6206258305735,1470.2463540626468,1320.2840308250359,2242.1660508043356,2707.468820505539,2546.341072591284,917.0450192746099,2382.676924285312,2757.205347224497,3591.5218945981433,2112.311977236677,1019.1317123706968,1287.0031663785253,2066.3351120833227,938.9214428623916,2607.267503283729,1109.5245625901107,1549.6961102618718,1039.7500434484646,0.0],
        [2478.3027738659575,0.0,2723.750703281804,3835.687738535054,4276.40938455335,3250.7345703300134,2563.9324988242365,3067.7519025962238,1577.6503072455127,2971.8694568423293,3601.5619337111566,3223.5253967061776,4739.530123608409,1649.598907178568,3715.0343242841855,3741.5811730550568,1972.7331501238448,4039.1251105204415,4683.019305538355,3934.2952016419567,2775.0491588259433,3559.099565467037,3558.168433424886,883.0794702999964,3412.366459078285,3086.0561384266584,4361.991970012984,2350.22545842273,2624.567714970137,3351.0366159993423,2543.5678728877565,1720.4275810377983,917.3931818269652,811.2505647691793,2131.4917409746777,4020.5692104829463,788.5121882506822,2252.320912094803,3552.472963692494,2312.2571037786447,2646.800793899835,3856.124641160699,1107.9490665005562,2481.0881295833906,3370.8729866629883,762.8804992019978,660.4033849668791,2973.8454416731984,1709.6815277066357,3584.327287578481,2091.9337287226313,1921.047725876363,1463.4969875974239,3536.851439831258,776.7157832775157,439.8874780621045,1017.9053819608187,1818.2239121767623,944.5630170119334,3316.1202279641384,1143.2757188198216,2640.334655383852,2587.7451128899606,3493.6703965892266,4391.264205990039,1543.3224135015512,852.1165755049798,2013.7008016689244,3266.928749153334,3168.821365428932,2478.3027738659575],
        [251.1632771444406,2723.750703281804,0.0,1233.4737708827467,1552.7537781841672,1750.3585401051653,2375.025306564012,3108.329341130114,2069.2122563171292,883.9606732766116,2786.920290644772,2788.322145702707,2239.6679246592953,1458.3024470409139,3958.915129953548,1251.7361788520004,2749.240440462535,2000.496263531976,2009.1238179206437,1271.7810774655256,1576.3583648846422,852.0342429273594,3893.964979684578,3469.5411925528556,3387.774682069797,1896.0373608102993,1825.6028060974352,968.3958305904804,1679.5726862400027,2523.119007023631,2510.1545491365773,1493.8864402318397,2821.683971317352,2836.901849302642,2511.9875479560446,1383.5413301497267,2838.337985268288,3154.849502204543,2626.0177323982775,2209.3949970557264,2547.048645086732,1362.0420862122814,3308.7096141128263,3169.7916574854185,2807.324330583567,3453.9536189875416,2530.585418632539,2958.406263887302,1337.8788144915081,2685.5883898770853,958.1839047485001,1376.0239592586797,1657.0628807710564,1115.7854162755016,2492.3952538362823,2957.9123501658087,2753.0840406685056,1098.7058925417123,2592.088165595007,2870.2655680961393,3831.3674318069966,2259.457065991467,1017.960597822751,1086.301300234118,1889.8656786995382,1187.7989813848064,2857.0793792230293,1234.1564158814092,1444.9699794497312,876.6155750778665,251.1632771444406],
        [1473.0833768714613,3835.687738535054,1233.4737708827467,0.0,818.1592725432803,2600.4959868446067,3504.357944590777,4203.134299512347,2807.229892780995,974.8917793404904,3692.1054495756903,3808.545808415291,2060.886258797519,2315.210000700123,5031.940233008214,1486.3284778959298,3965.697433722583,2424.23110539132,1489.287617050451,1106.0284160347564,1714.4266986297373,854.5263646557992,4989.033017587259,4489.197589680611,4444.502649000957,2839.9654055120595,1706.9190267717115,1590.5259226980206,1916.4064818823606,3465.8991603367367,3651.0861148103213,2298.2719865124964,3739.3856514966105,4044.117766870624,3008.93587405063,200.18383345089418,3789.4802857966115,4363.701249331525,2404.9650905033186,2613.572870345314,3672.0489962554802,1526.186759223582,4224.097675998043,4358.185518048143,3789.4376347487073,4589.756773642862,3517.0880852477367,4056.057755631343,2571.3381022356766,3576.859612592512,2183.6930806558635,2598.3324471021638,2535.604910119807,423.3557557677986,3699.7469450041012,4119.97822859048,3641.8747732190996,2040.2309729672354,3501.2782636898323,3877.2238567249283,4885.201984131796,3366.4786989478575,1422.2180303499663,459.1315744506731,1811.4012168440588,2359.2850331385066,4066.8969702040426,1968.6137244253732,1162.3884549570325,740.5631739886306,1473.0833768714613],
        [1798.8117997441966,4276.40938455335,1552.7537781841672,818.1592725432803,0.0,2313.253159553211,3414.7269957698963,4040.442283976453,3463.3524992073426,1694.115153282884,3364.750952457694,3579.018591454396,1286.8150316319588,2908.582148775861,4819.32741645318,1040.856200419344,4026.008386439268,1883.2174245081337,671.8575781679309,579.640370529196,2493.437231320439,742.2031748239153,4804.28164704623,5011.771662969076,4229.35985230495,2602.7981026385,991.5270822047172,2235.826863484568,2685.089924303731,3182.3116754880893,3571.122614472632,2914.308638920292,4324.353007259936,4343.436745899824,3746.6452675865553,675.2768737817667,4355.21154651482,4390.890613655871,3222.629470541258,3366.5882846257523,3568.882050480518,1018.81626387852,4813.757711141821,4336.218936008552,3524.1362202950327,5002.756324600207,4058.520735204229,3902.1066624541045,2784.7479848800212,3244.2944720130977,2357.9667891669587,2733.1068458296136,3124.552997609133,1225.2311755469175,4002.3586081319827,4499.94497816904,4241.765441346673,2583.1042059948845,4088.878622766168,3631.5462750899005,5381.107775165559,3254.914171555677,2119.2757927102825,1253.8666327652982,1098.7785937931312,2737.3448019659077,4359.50865671899,2599.303430830731,1973.7875120934002,1468.8004345043666,1798.8117997441966],
        [1719.4771712108845,3250.7345703300134,1750.3585401051653,2600.4959868446067,2313.253159553211,0.0,1244.0573973870542,1751.6908575042796,3401.881169475099,2628.527847820758,1091.7101928632019,1267.230390936896,1886.0375594971783,2800.4676061118594,2506.6157068361103,1277.5612824303057,2052.8664316147415,883.5764545996109,2236.7038783937564,1734.0735997041045,3300.720101212463,1758.6113290446274,2497.00517739647,4131.692534351583,1917.518436366052,315.3073027819658,1674.8211414766786,2622.4679021767374,3372.6387856383567,875.271251033455,1398.482023212266,2882.811588737803,3783.427822762748,2890.7643448868275,3993.0057176174387,2642.727572448222,3736.9693429538142,2318.0235164897695,4370.039465951644,3781.2118533656644,1362.127231348002,1325.1244987482248,4206.500677291225,2188.972206220049,1212.9680449041168,3772.3362552901976,3414.590599421216,1622.926822846249,1587.20944274626,977.4216261564137,1349.0135612230852,1342.818583259341,2917.893608295677,2703.9947939292433,2625.368837900671,3247.8736664113053,3773.7908619233785,2462.407354074126,3605.9044722762455,1318.303287971458,4363.13257765526,1068.5286900721228,2736.702850111734,2690.3336422255725,1633.3190500999217,2040.4590890365916,2885.928553583682,2753.4934443019933,3185.50763497647,2578.668370192967,1719.4771712108845],
        [2215.686592724006,2563.9324988242365,2375.025306564012,3504.357944590777,3414.7269957698963,1244.0573973870542,0.0,748.396135932968,3285.969530146676,3209.369826053238,1052.4698554528827,666.2417555890172,3130.0770504751595,2802.2560646311176,1602.6428062653747,2431.5207194136074,869.2360454069155,2106.017222835574,3444.383638493864,2855.1341726979285,3664.0043159380316,2748.7245983597127,1523.4227399537335,3420.76835880246,1069.5161732076836,934.3526674620643,2903.3490471417117,2949.183676613247,3663.351602303732,836.8933531801762,158.2481030446054,2905.7064171420775,3318.306697246689,1970.1143048910633,3948.2011393541015,3597.564017390989,3231.889964020558,1077.4066725964365,4744.794919011035,3859.326876176456,172.38913186438523,2503.1424046223697,3647.7921652888213,948.7324524490396,807.0974201962094,2888.878603404845,2945.642791777473,600.1255245679065,1378.4108673826197,1057.23493561533,1504.1659939094372,1155.8063766768546,2828.6527030870257,3481.1137327091474,1809.053941989803,2411.5716937958982,3353.8485629505212,2567.373312793453,3203.3599173817365,762.3275707981763,3551.2872697729126,175.59812515558238,3142.640451110575,3454.998097760315,2869.5664616771974,1955.6575141398166,1951.3393185795087,2917.4003228072356,3756.5706519358528,3246.533375070228,2215.686592724006],
        [2958.134831542348,3067.7519025962238,3108.329341130114,4203.134299512347,4040.442283976453,1751.6908575042796,748.396135932968,0.0,3973.908913966359,3953.0485425643437,1001.4634391289942,541.147442252384,3576.4757993819867,3521.148386963083,854.9865241911755,3019.6127388972163,1115.559641632662,2507.2796694513795,3985.801278363642,3466.5124717290564,4410.49595000781,3415.052349727212,787.7653964181453,3872.3321602660067,352.521573895249,1444.9181182547966,3414.720377628923,3696.311517898204,4405.934076241291,983.1542318939808,647.5060577787237,3626.079187117727,3896.6629903234098,2357.76629620411,4641.485858921492,4283.129993118016,3796.1319611102103,1021.9741038096428,5489.414735452069,4576.419076331449,578.9704756097874,3074.403153351422,4174.5945238468785,766.9521140878529,687.6380368614471,3242.4542887463062,3534.892982041036,150.03728383654183,2109.4320811019916,1085.5806389806994,2252.4747849565547,1898.6137442798497,3531.303024756848,4205.179431411688,2291.0369485639358,2829.7889249979507,3949.072444173846,3302.879040664057,3809.5141597361294,553.2262721799582,3931.2711722896306,848.8894031451582,3890.970374202328,4180.814602740874,3363.4584487878287,2681.200989854271,2328.7647134281983,3654.630504856892,4502.514496230055,3983.207295528832,2958.134831542348],
        [1906.3275578611754,1577.6503072455127,2069.2122563171292,2807.229892780995,3463.3524992073426,3401.881169475099,3285.969530146676,3973.908913966359,0.0,1834.4078373426607,4153.3204890228,3922.309817911645,4308.843258285495,625.320913912722,4765.374609784449,3314.315297126657,3060.582049368296,3947.8075280489347,4026.1514548597906,3318.784459663958,1328.4777274896833,2876.200273228063,4636.246191634773,1858.8299645951104,4322.887205435454,3380.3411842940213,3894.477756333033,1229.6916346605965,1137.6599385344125,3869.691561569845,3340.3668878437793,575.5269112179571,1016.4262300243894,2251.9108286242763,669.3359623475521,3007.287269095759,1111.7041243135884,3443.15512892111,1976.35695532002,738.0742897016014,3428.6442690178515,3426.9704476159686,1464.9321805172783,3608.3603006316966,4023.5366971850017,2270.1710180631344,966.1815373038951,3843.1571157241574,1945.3403645198173,4092.006668313159,2056.554826268189,2203.61016108243,484.96521589707805,2419.287560248754,2020.0180003596342,2009.2776423912906,892.0067294988355,992.6309861366645,796.9070404381044,4020.1590952692304,2291.9029943833298,3278.6228608182823,1386.8567951358918,2376.291943289223,3958.880569643123,1388.0409604869765,2292.2406969381796,865.5991611020345,1919.6241780378903,2067.4423979028315,1906.3275578611754],
        [995.282200171702,2971.8694568423293,883.9606732766116,974.8917793404904,1694.115153282884,2628.527847820758,3209.369826053238,3953.0485425643437,1834.4078373426607,0.0,3670.8074363168303,3660.17101974478,2757.938185003019,1374.8581895788425,4807.464851860448,1903.0599879524264,3471.5461819775824,2776.281203843917,2322.0955649593834,1715.8911916301977,830.5143464412765,1284.843621111733,4732.763447077358,3561.1418825383016,4245.838808945786,2779.945652518786,2352.950034409515,638.8138383245084,1002.9793802150552,3406.074145945857,3334.8321253001186,1344.4340630540007,2785.2095117112813,3298.7525482283554,2054.098323638634,1175.0546875976345,2843.9496014039487,3888.4757890425826,1783.107358411748,1672.8214886841552,3381.6387853614315,1991.4519607313257,3265.5143516425574,3938.065564341682,3685.7126956427624,3734.4278232954634,2587.6916621156233,3803.113726327736,2006.4176582669681,3569.519986714815,1721.0298846693383,2123.538154188826,1593.0275556827303,590.0705270723329,2962.8696586895026,3299.925996376247,2682.114722111163,1154.4725802325281,2547.5635018126864,3744.3463232328995,3969.6008881650114,3107.5918585003164,447.76732410137345,546.3424654522978,2441.849738913997,1625.1218488128814,3327.2059073077935,1013.4915815958774,561.3421046719959,234.60458842042016,995.282200171702],
        [2711.054506688324,3601.5619337111566,2786.920290644772,3692.1054495756903,3364.750952457694,1091.7101928632019,1052.4698554528827,1001.4634391289942,4153.3204890228,3670.8074363168303,0.0,488.0542700456039,2691.757845817015,3604.379126915265,1533.7673193140283,2324.63294605898,1864.7447853194378,1625.7031075410873,3187.0184223782658,2786.8620164732624,4280.723200082268,2847.907025086961,1571.7055776056948,4466.710735575392,991.6072409606212,890.8907201833498,2598.4057469290433,3575.814918675627,4324.990108136668,284.94849172070576,1117.969454878725,3699.9258838090877,4313.7645571803805,3021.8269995815754,4793.0309282604085,3731.250546055749,4237.248025792956,1932.191249161471,5365.485780348986,4642.67886239032,1019.6564260637699,2350.565908015968,4669.531864921221,1708.563648606338,319.32406480891507,3940.193411716279,3937.651676910786,946.4634233950944,2210.1807310932304,120.97314778624167,2156.984804891574,1949.9806088398536,3674.7027642532607,3788.220703060134,2857.153962099508,3463.632286829986,4336.487638582749,3309.9697984581694,4178.744453726516,449.3644774708285,4603.72939093382,961.2663505838242,3723.4660082870237,3772.812641060635,2529.9916995388967,2768.9977950779776,3002.3194122890313,3637.8977754364496,4231.887758022248,3642.350537713647,2711.054506688324],
        [2671.1967262628605,3223.5253967061776,2788.322145702707,3808.545808415291,3579.018591454396,1267.230390936896,666.2417555890172,541.147442252384,3922.309817911645,3660.17101974478,488.0542700456039,0.0,3047.584737913868,3412.0561899465133,1240.5243710714706,2544.791616397114,1401.792183746831,1975.864940682704,3481.6897278890465,3000.4504678328103,4196.121919981199,2991.665199871171,1231.8268987763222,4072.193204469074,650.4054831033575,980.4217780260461,2903.332140427847,3481.0105258781055,4216.548055341882,444.68305973822584,684.9403960105526,3512.848362290849,3984.4312179045637,2595.7243510237754,4578.471512185807,3871.822011268105,3898.085305702593,1445.287092411097,5283.700433325668,4466.1076396826875,581.4680266263474,2590.1752899147295,4312.070446578366,1220.6162686676344,172.56165373882908,3509.316148482611,3611.497284630463,463.59127748982775,1986.9097923532952,554.5035770834947,2027.1038280221094,1741.6233225175745,3455.7293596299733,3851.7406643035397,2460.8778116728868,3050.3964949394885,4019.0660898540286,3150.114736110926,3867.6320725290366,98.02730873278661,4183.386450022053,643.7100776072896,3653.6779367288827,3831.2434085887917,2847.0245069757493,2563.7427699374084,2573.174620439858,3492.8764338433484,4219.060383284016,3662.9574968318443,2671.1967262628605],
        [2419.7417018679193,4739.530123608409,2239.6679246592953,2060.886258797519,1286.8150316319588,1886.0375594971783,3130.0770504751595,3576.4757993819867,4308.843258285495,2757.938185003019,2691.757845817015,3047.584737913868,0.0,3695.8942186957115,4225.286446252956,1014.8308074015819,3917.9645790955637,1072.5323955524896,698.3788802989653,1042.1005290474861,3588.451882227812,1482.0158569145754,4254.813899748639,5570.849721413077,3666.9128334223637,2198.0452855824847,415.67720434633014,3154.8053787127546,3753.5885127097013,2604.7003026114603,3284.3699867376577,3733.5543046763614,5014.061601131993,4582.913944422684,4720.670911309631,1950.2051039220055,5012.258292072855,4202.337259157433,4439.596207043693,4381.56273848188,3244.989341230929,898.5490465199252,5491.843762539095,4074.001390651886,2938.923507253985,5384.737355376112,4691.395087696369,3463.80978822832,3053.9797280571033,2575.564274301259,2649.32951921477,2896.039069396365,3888.704423466437,2422.1010525264355,4271.049292247341,4855.312719557006,4959.4846559078305,3332.1440280411166,4793.620587412814,3068.3013830440723,5882.506326644612,2954.563890754223,3115.1236852540383,2440.4027808119604,354.60649968992175,3245.187464537376,4587.527684558783,3464.7552284119743,3156.231926868193,2567.5741746279846,2419.7417018679193],
        [1284.2626844727647,1649.598907178568,1458.3024470409139,2315.210000700123,2908.582148775861,2800.4676061118594,2802.2560646311176,3521.148386963083,625.320913912722,1374.8581895788425,3604.379126915265,3412.0561899465133,3695.8942186957115,0.0,4342.925958257874,2695.5783757223458,2710.43053859732,3323.875076979405,3442.4161914640245,2721.3081913071355,1150.4720768398863,2284.485646306151,4226.737189031495,2186.2893708281913,3862.6012997892094,2799.5620910265716,3282.872267116415,736.0455162035743,1035.75928586174,3319.4677880185855,2875.8795569269305,106.7532021190967,1426.2882211476913,2138.898202436707,1196.6732739918923,2512.1341963641535,1474.4738608857353,3116.5848637470226,2085.667408041608,1057.0708467722764,2956.251526305361,2809.069286911571,1913.705029635268,3247.7916914450543,3499.585412561055,2407.535145907732,1213.0035093931958,3382.7351001759334,1427.0743489221945,3535.306513380749,1467.9484981474895,1671.3345648411546,220.40338722616067,1962.1865307191867,1842.5794792059291,2026.5339582797953,1335.5796578601937,367.91670521134796,1188.471802738041,3508.8680501328386,2596.603009164252,2772.846055291642,955.3185602806989,1918.281227159909,3344.308678426784,848.7399786819913,2174.6791483326165,369.7069520445056,1617.8050591323172,1594.2848918877432,1284.2626844727647],
        [3812.3509726786233,3715.0343242841855,3958.915129953548,5031.940233008214,4819.32741645318,2506.6157068361103,1602.6428062653747,854.9865241911755,4765.374609784449,4807.464851860448,1533.7673193140283,1240.5243710714706,4225.286446252956,4342.925958257874,0.0,3783.7899401370432,1755.3735322063137,3157.046699954441,4702.033101773251,4240.514573348552,5259.809130801387,4226.175314061147,174.80396486632455,4451.853545367251,591.0493438565703,2220.0471019152806,4117.3456999911605,4546.875409856212,5250.026854804789,1650.6023105203788,1492.2221521926242,4448.833919962307,4590.751473277467,2941.4505641982655,5434.705765611324,5102.879813452628,4479.2109162785455,1476.3589377487565,6335.605565002751,5393.155943270507,1431.8974561358623,3826.3185002455007,4817.488063148628,1234.6415732904034,1305.9008738910395,3751.823971253877,4244.184895691306,1004.650121480189,2947.6844747438236,1649.7970055169812,3106.7351797941874,2746.4168562662576,4338.489382128683,5049.765460676848,2951.528426739072,3413.6682242544184,4657.5214965042005,4140.78573230393,4529.5258265532875,1190.0069826930608,4442.187106087745,1700.8091410584047,4744.097355268519,5026.439851577527,4053.9869581604107,3512.3218340348467,2906.1246359894635,4493.600586620136,5357.439795265387,4834.751497587929,3812.3509726786233],
        [1412.9662751216204,3741.5811730550568,1251.7361788520004,1486.3284778959298,1040.856200419344,1277.5612824303057,2431.5207194136074,3019.6127388972163,3314.315297126657,1903.0599879524264,2324.63294605898,2544.791616397114,1014.8308074015819,2695.5783757223458,3783.7899401370432,0.0,3120.0086712797784,939.3267630677336,1037.3289833463755,462.232403903264,2716.8544018311,662.8080744488913,3773.906011641358,4562.728665146055,3195.052978524937,1575.384523943049,620.8116529169457,2201.8229750222395,2858.6781316138386,2142.4353554270715,2589.6613407283057,2739.036352005312,3999.4311668876585,3639.008436555721,3760.3283769857244,1470.954009196617,3997.492620354233,3454.982286396079,3668.7610195242037,3443.5148587900835,2576.1987891362246,116.33171607323044,4477.016728863591,3372.305128890338,2485.057597377953,4406.390219854761,3676.885234408893,2885.1473432723096,2081.3103542447125,2204.359768000819,1662.6541008209545,1953.3596739653553,2883.1198921537416,1725.8420363698006,3315.0854964529985,3880.3362530463705,3945.8492537064403,2329.339263660795,3779.6287782747545,2594.486914096527,4882.755757800833,2264.2411608746747,2198.9580119543502,1728.9706892038705,660.3349845366879,2233.3461756966276,3647.4330253753033,2485.845643352202,2384.421823506832,1754.8415106841014,1412.9662751216204],
        [2536.2286285211358,1972.7331501238448,2749.240440462535,3965.697433722583,4026.008386439268,2052.8664316147415,869.2360454069155,1115.559641632662,3060.582049368296,3471.5461819775824,1864.7447853194378,1401.792183746831,3917.9645790955637,2710.43053859732,1755.3735322063137,3120.0086712797784,0.0,2933.943847875211,4155.604278165422,3501.3803288258546,3745.72930466543,3309.710013114354,1607.4985546619855,2758.575571379439,1449.0857640901695,1761.6538152771404,3651.0883153731043,3065.8927283552775,3695.056367101771,1688.037261466582,757.6130944805334,2816.9934606176557,2836.1041070969377,1242.2673143549405,3726.8600622323115,4091.0526591867283,2726.28083962516,419.10241656502023,4777.92529481493,3729.838031051892,848.8395554168228,3207.3825703797515,3080.259895499401,548.0992450754652,1571.1903037504871,2132.652629526067,2488.983910393981,1046.1095107660415,1465.8205522256224,1892.8898158588963,1791.638072020778,1373.5137164256785,2667.987630746461,3856.297606120578,1200.6754862717887,1714.950333157406,2902.166800447893,2579.130118994832,2775.2641932496804,1478.2709607625375,2818.754910272577,1029.4548420553997,3293.9252569181886,3823.231759775349,3631.140766009461,1945.3522666931813,1213.2347152941963,2926.408519484039,3975.0211185600133,3563.53229500786,2536.2286285211358],
        [2079.7442071975834,4039.1251105204415,2000.496263531976,2424.23110539132,1883.2174245081337,883.5764545996109,2106.017222835574,2507.2796694513795,3947.8075280489347,2776.281203843917,1625.7031075410873,1975.864940682704,1072.5323955524896,3323.875076979405,3157.046699954441,939.3267630677336,2933.943847875211,0.0,1581.9847456269608,1349.9719503331937,3558.112709102914,1597.1654247229458,3183.2465591839605,4909.375243969259,2594.978378367914,1175.226106558494,992.923403591014,2965.551242830201,3676.3152061050932,1532.436337375114,2255.128506064427,3388.29380896626,4475.810496314291,3746.212995501245,4471.895532861547,2398.19585013356,4447.0042564946425,3183.3815819878573,4558.346851044039,4198.043842807447,2205.9018979318416,902.2683450070256,4925.835894906141,3036.069531240797,1866.543967966613,4607.898648449169,4120.83495463426,2398.1529252138475,2333.3262947325525,1507.860976420577,1998.8517102404326,2120.3412726762635,3479.807610308472,2658.506911006631,3464.2435944529434,4078.682759591777,4447.437257943851,2960.2982164101395,4277.912848052332,1995.7689875391654,5170.94871713007,1931.265004336465,3011.5623436458104,2659.154547099254,913.7623897971986,2680.322059332069,3744.1080288890153,3188.5508714262273,3288.457242795652,2654.589167309946,2079.7442071975834],
        [2233.0413187636227,4683.019305538355,2009.1238179206437,1489.287617050451,671.8575781679309,2236.7038783937564,3444.383638493864,3985.801278363642,4026.1514548597906,2322.0955649593834,3187.0184223782658,3481.6897278890465,698.3788802989653,3442.4161914640245,4702.033101773251,1037.3289833463755,4155.604278165422,1581.9847456269608,0.0,749.0895403470914,3138.5433228940187,1160.4008571199438,4711.3584475882135,5466.20913746277,4123.876076920107,2549.3548045391503,590.1934384785816,2815.2296573961553,3323.1141744114907,3052.977773868216,3602.5144967550123,3461.48582479451,4830.022487152967,4647.04188411978,4358.821074917826,1344.4605917106164,4847.370864213231,4484.106969092682,3894.187416628887,3990.828820716646,3580.9728849196244,948.6310085274257,5317.563251580911,4391.009519867481,3396.9237915775893,5378.298649188864,4538.147269617207,3859.2881808668853,3078.2904091423075,3066.76974879108,2650.3586002605075,2973.1087850324916,3651.126997961514,1890.1360532388142,4316.092525695012,4859.316076543677,4758.510907720285,3096.07728591895,4599.180574021025,3517.907978795851,5812.499914102883,3273.260304977738,2727.3327307717063,1916.4578486807075,670.6211408733806,3143.860132803492,4657.834428493784,3161.742074792339,2639.120442249449,2106.299904757773,2233.0413187636227],
        [1488.2060813991964,3934.2952016419567,1271.7810774655256,1106.0284160347564,579.640370529196,1734.0735997041045,2855.1341726979285,3466.5124717290564,3318.784459663958,1715.8911916301977,2786.8620164732624,3000.4504678328103,1042.1005290474861,2721.3081913071355,4240.514573348552,462.232403903264,3501.3803288258546,1349.9719503331937,749.0895403470914,0.0,2546.3944956457362,447.67306032757244,4227.094927566778,4718.294000448468,3650.8504841211957,2025.8736429948865,640.2776645642595,2132.960942987425,2712.1208295899332,2602.67655047023,3012.5044907255337,2747.6782842847324,4092.5333785918174,3916.171941321171,3695.6328765514645,1054.3855875915892,4106.14674521664,3853.466119100393,3418.855533776,3347.4068080928805,3005.657594480996,454.10724084654083,4578.731061260671,3786.209984231525,2944.527980581455,4632.824575803877,3794.59979287478,3329.5719487290276,2345.8756725180297,2666.5916936052563,1916.1041783740852,2258.4020583531787,2925.283206906623,1414.584331204439,3581.787165636089,4115.884678011052,4024.861468007849,2367.5812048654666,3863.648006356485,3052.275432615403,5063.422495663618,2692.038595442806,2078.5585315055687,1427.2490995220235,735.3015484047568,2394.7709856993697,3928.539572792303,2460.763070174905,2129.769293188358,1528.5772785332786,1488.2060813991964],
        [1582.3746219365255,2775.0491588259433,1576.3583648846422,1714.4266986297373,2493.437231320439,3300.720101212463,3664.0043159380316,4410.49595000781,1328.4777274896833,830.5143464412765,4280.723200082268,4196.121919981199,3588.451882227812,1150.4720768398863,5259.809130801387,2716.8544018311,3745.72930466543,3558.112709102914,3138.5433228940187,2546.3944956457362,0.0,2113.4180598021985,5163.612165829308,3182.4983635474237,4730.5695550541795,3402.331037626005,3183.0166468074767,716.1178164952763,214.46736262528455,4003.258711577624,3767.601745579683,1063.9002624823615,2344.7374003029954,3287.307961709227,1325.7329081454843,1906.0872281775428,2435.810554561169,4162.5532398489295,1087.9203990420376,915.8808770664818,3831.6180913851463,2810.0417652961937,2786.9089240127173,4260.486443502265,4248.252486159098,3519.3801211309037,2249.432157930806,4263.629737057053,2324.860742968212,4189.866734112171,2171.7995038013173,2513.4064878101913,1313.5101689907003,1291.4064328700706,2983.6479846447505,3168.9892879112504,2220.0560840266016,1169.7371205665197,2121.396055552524,4287.209087816248,3613.1249915645935,3593.0987584699355,564.1212460040617,1255.463683018781,3271.119833458941,1800.390299250027,3322.4810309622762,836.5604222653686,625.6200251186616,1032.9414710283645,1582.3746219365255],
        [1085.3368654674439,3559.099565467037,852.0342429273594,854.5263646557992,742.2031748239153,1758.6113290446274,2748.7245983597127,3415.052349727212,2876.200273228063,1284.843621111733,2847.907025086961,2991.665199871171,1482.0158569145754,2284.485646306151,4226.175314061147,662.8080744488913,3309.710013114354,1597.1654247229458,1160.4008571199438,447.67306032757244,2113.4180598021985,0.0,4194.402011750868,4319.753468162739,3635.738061158122,2013.852114068155,1071.5694909016327,1685.3796194372796,2273.262723445549,2630.649379619596,2901.798328125782,2307.169869468096,3670.2110800735422,3602.2881778285596,3248.039566987376,884.2162377934781,3689.397961986846,3685.4660613654273,3022.976001435312,2901.4405032946474,2910.2156220382126,729.7916365686581,4158.135660050701,3647.2556078058433,2960.8767655863944,4275.555501952117,3382.5558450353124,3271.2365634564876,2042.5647121305863,2731.2769533235332,1616.159003085398,1995.964881297122,2491.6614905625524,1063.1104879423094,3261.8231860173028,3767.712171158946,3598.1170573351183,1935.8885204471812,3438.9637226101763,3055.203532629081,4676.649986302475,2598.1221656762254,1633.5346174496829,1066.2594997670321,1157.8087550442688,2015.928869687277,3618.009794038018,2015.8453159909639,1733.9212967769602,1113.1338099422696,1085.3368654674439],
        [3739.0253550902326,3558.168433424886,3893.964979684578,4989.033017587259,4804.28164704623,2497.00517739647,1523.4227399537335,787.7653964181453,4636.246191634773,4732.763447077358,1571.7055776056948,1231.8268987763222,4254.813899748639,4226.737189031495,174.80396486632455,3773.906011641358,1607.4985546619855,3183.2465591839605,4711.3584475882135,4227.094927566778,5163.612165829308,4194.402011750868,0.0,4286.665126462607,588.8822123952139,2201.4859496977137,4130.3135352158715,4453.049331883511,5147.909365532894,1659.8214456695166,1402.0600007233957,4333.001176664552,4439.252338172935,2779.3678777006908,5305.452938458198,5066.244289697113,4326.113707689078,1312.9058164488056,6234.977948762284,5273.346103181062,1351.1259328373626,3821.3631697895603,4658.45507018627,1077.3150357332786,1318.453425875003,3582.360591476526,4095.8070486954953,936.8897772526309,2844.092288999266,1683.4431844139372,3022.711435025014,2651.806897457218,4215.736222294062,4992.725484660675,2798.4664171059635,3250.4272714234107,4508.391332005245,4034.6047448233485,4382.711631018,1193.8983918596198,4272.126899911389,1635.4461532917528,4654.978218527787,4968.187242381544,4070.704149779075,3402.6809603797697,2743.5423595715883,4387.785480398494,5278.9647017422185,4767.814918410778,3739.0253550902326],
        [3235.471698218109,883.0794702999964,3469.5411925528556,4489.197589680611,5011.771662969076,4131.692534351583,3420.76835880246,3872.3321602660067,1858.8299645951104,3561.1418825383016,4466.710735575392,4072.193204469074,5570.849721413077,2186.2893708281913,4451.853545367251,4562.728665146055,2758.575571379439,4909.375243969259,5466.20913746277,4718.294000448468,3182.4983635474237,4319.753468162739,4286.665126462607,0.0,4207.422285239127,3969.120001149084,5183.106580436738,2922.3332273959722,2996.1335056155153,4222.039241625092,3387.9034209141178,2223.1869831026947,850.9187413748953,1519.480284499925,2191.772873169192,4682.927457822515,747.2321531554165,2975.7113185894136,3745.0422970830673,2499.399512532257,3491.518294148591,4678.498022584031,567.3440433889762,3224.4813125007663,4224.933713115948,780.8896958954753,973.7934039220088,3790.9285505051957,2576.081589622078,4454.396489123009,2938.4489096505094,2797.0363412221714,1968.9034857074928,4147.718881341338,1612.0275591086458,1044.6424753233966,986.2729023015264,2452.057768681206,1062.0827653908414,4162.400482908532,435.0259906865119,3507.0911282866637,3135.7340905188053,4103.817225473995,5219.161067530434,2332.000443431613,1551.8251187151511,2550.9622516573904,3751.3393079483344,3778.9288700906945,3235.471698218109],
        [3250.943165739831,3412.366459078285,3387.774682069797,4444.502649000957,4229.35985230495,1917.518436366052,1069.5161732076836,352.521573895249,4322.887205435454,4245.838808945786,991.6072409606212,650.4054831033575,3666.9128334223637,3862.6012997892094,591.0493438565703,3195.052978524937,1449.0857640901695,2594.978378367914,4123.876076920107,3650.8504841211957,4730.5695550541795,3635.738061158122,588.8822123952139,4207.422285239127,0.0,1629.0923081993046,3542.0098170899223,4014.9664649581273,4732.590154169528,1071.3769922767783,986.9870056676791,3967.0374098219527,4247.222286230828,2689.44952946979,4989.8555391574955,4513.32915749948,4145.698071962781,1299.8790152967563,5813.009300654116,4918.912519935102,907.8741730824967,3239.4721493453344,4519.959083190042,1036.2577017824046,729.5728911500709,3561.7744914708496,3886.334600180448,480.5304498064524,2444.5973378814724,1099.873274464247,2563.400773178793,2225.31308767151,3877.368579835407,4470.477752583967,2635.8870899758804,3163.2887771112255,4300.622039792142,3636.00644321724,4161.587677017497,605.9845941476058,4252.845497737103,1142.208454688731,4203.4308992688475,4448.098212676245,3481.949441913862,3019.4896791693504,2659.0249227792297,3986.5393827597213,4799.843019964884,4264.3813330032735,3250.943165739831],
        [1825.5959593674468,3086.0561384266584,1896.0373608102993,2839.9654055120595,2602.7981026385,315.3073027819658,934.3526674620643,1444.9181182547966,3380.3411842940213,2779.945652518786,890.8907201833498,980.4217780260461,2198.0452855824847,2799.5620910265716,2220.0471019152806,1575.384523943049,1761.6538152771404,1175.226106558494,2549.3548045391503,2025.8736429948865,3402.331037626005,2013.852114068155,2201.4859496977137,3969.120001149084,1629.0923081993046,0.0,1989.8551921501555,2704.3639983112876,3455.9763159848035,633.8523000595452,1086.9876072416794,2888.923594254048,3678.734837621405,2666.7891711378816,3996.1608399121033,2896.1038333835318,3621.9222881245537,2011.0219510222553,4483.886132330909,3813.7763481104507,1047.73399110496,1629.6610427502976,4082.2573296291835,1875.9623844849705,949.4784645510828,3564.7441688678055,3304.857266517288,1312.9697663010134,1487.5502676904878,791.1865368455084,1331.7356830680894,1228.2120912793412,2895.7029235433283,2910.072621773947,2421.639137968507,3047.453518828133,3680.2178007948105,2481.2900690075912,3514.8514518543125,1041.4093467213636,4176.850456185436,758.8444161022785,2842.0446669533744,2892.8830189943933,1948.5983883354124,1996.3285077698981,2658.6756882863365,2794.227596724274,3341.001044548299,2753.3532740567325,1825.5959593674468],
        [2010.0528807107248,4361.991970012984,1825.6028060974352,1706.9190267717115,991.5270822047172,1674.8211414766786,2903.3490471417117,3414.720377628923,3894.477756333033,2352.950034409515,2598.4057469290433,2903.332140427847,415.67720434633014,3282.872267116415,4117.3456999911605,620.8116529169457,3651.0883153731043,992.923403591014,590.1934384785816,640.2776645642595,3183.0166468074767,1071.5694909016327,4130.3135352158715,5183.106580436738,3542.0098170899223,1989.8551921501555,0.0,2739.5054915755436,3344.8012989538274,2470.6328377211553,3060.623606799258,3319.360246832993,4610.634676745101,4242.32181478382,4305.386554238313,1618.536683916706,4611.9119660980805,3960.191301659328,4056.376450447612,3967.8996913232427,3032.2244424978394,505.8678210816852,5090.506559214668,3852.0813343005684,2813.635101430727,5022.53788670986,4292.598904832055,3291.782370629795,2693.9358336320797,2478.3817226105953,2279.516794399846,2553.159455437379,3477.2420566138267,2045.1951147108239,3922.8835864668704,4495.260843937025,4553.541913975975,2920.011370562382,4388.392582988801,2936.4151782204635,5503.4268156782455,2729.734867931196,2702.749602546536,2060.3745920422807,107.44769260536192,2852.8117734807197,4249.1852519966715,3049.236433252863,2768.425554096426,2168.6480706905154,2010.0528807107248],
        [909.9765833302786,2350.22545842273,968.3958305904804,1590.5259226980206,2235.826863484568,2622.4679021767374,2949.183676613247,3696.311517898204,1229.6916346605965,638.8138383245084,3575.814918675627,3481.0105258781055,3154.8053787127546,736.0455162035743,4546.875409856212,2201.8229750222395,3065.8927283552775,2965.551242830201,2815.2296573961553,2132.960942987425,716.1178164952763,1685.3796194372796,4453.049331883511,2922.3332273959722,4014.9664649581273,2704.3639983112876,2739.5054915755436,0.0,751.9850161611739,3296.4179099228304,3054.7649459018758,708.9330848904517,2151.158629203027,2735.6296454966146,1565.8812127604972,1789.4055209924022,2206.731928203996,3484.645189188041,1802.7772778472968,1243.0717591801108,3117.3456093850064,2307.095946804521,2634.2910572186197,3569.159885853159,3535.4096919567737,3112.9523893542205,1948.9405835037057,3549.0705777171434,1622.9039859645193,3487.772047987232,1455.7736841804697,1801.3480498780775,954.4217624829271,1226.8959092162183,2410.269702909034,2696.210836854364,2051.6289106263343,553.815334864799,1913.153819223305,3572.478977680667,3331.5060610700925,2877.023211066783,246.89296139928535,1183.0069851465996,2814.6865924754084,1131.3384927589325,2767.0177004425245,378.2831532185235,955.8409609320681,860.4797367743871,909.9765833302786],
        [1655.364124242479,2624.567714970137,1679.5726862400027,1916.4064818823606,2685.089924303731,3372.6387856383567,3663.351602303732,4405.934076241291,1137.6599385344125,1002.9793802150552,4324.990108136668,4216.548055341882,3753.5885127097013,1035.75928586174,5250.026854804789,2858.6781316138386,3695.056367101771,3676.3152061050932,3323.1141744114907,2712.1208295899332,214.46736262528455,2273.262723445549,5147.909365532894,2996.1335056155153,4732.590154169528,3455.9763159848035,3344.8012989538274,751.9850161611739,0.0,4044.6038880588085,3759.8715415586958,939.834655484718,2153.2563235164675,3171.709110918259,1111.96739795111,2110.038755597499,2248.901829810646,4108.980226632614,1088.052656208923,703.6447173126569,3828.3847239542138,2955.628562219617,2587.628301174322,4219.022458003264,4276.887106975929,3359.888190525281,2076.6130425536335,4260.765069479697,2303.8175550484534,4238.170403792751,2189.778306775885,2507.88499385982,1175.0402477082757,1494.550763245533,2878.3353980319207,3028.583942345778,2026.0843929048308,1119.3827362238821,1934.0511510773924,4309.338211346564,3428.545764967453,3602.053826276757,665.1384013453052,1457.3580875836944,3430.1754642623255,1756.7375532223966,3208.083631745241,768.8226436511261,840.0046749119545,1217.8580769461003,1655.364124242479],
        [2438.5403557557033,3351.0366159993423,2523.119007023631,3465.8991603367367,3182.3116754880893,875.271251033455,836.8933531801762,983.1542318939808,3869.691561569845,3406.074145945857,284.94849172070576,444.68305973822584,2604.7003026114603,3319.4677880185855,1650.6023105203788,2142.4353554270715,1688.037261466582,1532.436337375114,3052.977773868216,2602.67655047023,4003.258711577624,2630.649379619596,1659.8214456695166,4222.039241625092,1071.3769922767783,633.8523000595452,2470.6328377211553,3296.4179099228304,4044.6038880588085,0.0,930.4391222232634,3414.9783252505817,4045.3042906684946,2800.2369096473626,4508.442771467441,3514.775420076345,3971.6143262037044,1809.707777328407,5089.103549925805,4357.8955437452305,841.9283971635765,2179.506432794974,4409.124295445082,1609.3707534951598,344.7889348215776,3719.035647747327,3668.8791118336394,889.7005348497661,1927.72021984094,234.14175668062236,1872.8944126442743,1666.8706481831127,3390.574634145594,3543.697158937599,2617.9097657192583,3231.733942755001,4065.047605521425,3025.3863333765844,3906.0608099839546,466.1300963150481,4373.678254832211,718.8442119964203,3447.642749182926,3526.671568824436,2411.0755121245807,2484.6789509977316,2783.0663925580393,3354.097636973269,3967.4141101879845,3385.173121567957,2438.5403557557033],
