{
    "drone_dist": [
        [0.0,3187.7230396792834,3788.1518589297534,2936.0156100935933,1287.2516454102454,3811.289164240659,3864.1228367293684,1701.017114170148,4542.446379292245,4478.27396068687,2789.500288828532,4983.385747124889,2396.6197468488467,1845.8652367852496,5225.770742891197,2131.5017191094094,2163.5219981256637,2845.3782041186737,2985.877820575406,1453.48631918375,3003.5460044895735,2519.922451452917,1702.8255460098587,2536.0670278580405,4070.8785936374884,3159.909766509379,2761.0114486641,5448.922428351406,2276.899815884696,1279.3641474226565,4211.300421183855,4964.690413301462,4641.523523352998,3207.7381604349025,4771.458273617591,1372.4045670698238,3788.0677397570894,2604.4512571193072,2598.6015793764736,2454.681318262128,1018.8989923620429,2112.1468083371788,2839.800554498003,3079.899658379683,4256.836210279277,1549.0225314103084,2901.623035629268,986.4764466883078,1402.3259898141728,4313.781312723324,0.0],
        [3187.7230396792834,0.0,4309.071905309315,3897.585247642691,2787.8040115386452,1118.905405629971,759.0417451189384,1685.362987197988,3223.667574826494,2433.7128288743233,940.5534905619322,2634.3114948860275,1257.1522629467909,2648.3782537795396,2736.5196023140725,1984.1144157553024,3954.0607450505413,1600.2852400511665,1118.6509037598385,2426.922596163444,4106.988946986427,1140.18299200995,2938.5065635937935,3520.8248005844785,3925.429035960132,903.5296399486477,4047.4202980643845,3055.3671141837017,1096.544495333765,2033.0905948856732,4224.932919679764,2202.6602552442732,1838.4025037692898,3678.4566370800603,1938.7234822498003,2018.967951182162,1007.5347890507195,2129.2089674106246,3732.825308492995,914.0064956279405,3919.0449415267435,1191.7224578307867,3891.888707037839,2932.350744422251,1159.499235709306,1931.6635921815875,1312.7075416176062,3659.6885340331687,2629.3114116770494,5000.2117960021415,3187.7230396792834],
        [3788.1518589297534,4309.071905309315,0.0,872.0971246402731,2569.0557996970447,5423.593375469753,4396.6139961432345,4295.59909270787,2311.8673794853257,3166.047378384658,4789.144490899471,3715.7934211363654,3127.5350061580243,2140.7799376874204,4019.431159733806,5029.121635766399,1844.301939428863,5322.543453223883,5074.132738339928,4725.650514915802,894.5007478087693,3209.1117998846557,2130.122961006197,1252.829274463057,844.0749583966901,3485.162622437088,1162.9809317061947,3999.638951831987,4377.560080404378,4117.956767644763,684.6860129477901,4297.633905883838,4212.6431549592335,670.8541744918562,4317.823666966045,4250.25925921849,3923.644247000074,2190.550270962427,1208.40034772509,4403.084196628342,3295.0397729162464,3449.314912309478,982.0181974212563,1381.3446525283634,4559.737715825456,4388.858704051242,5158.856868192884,3036.9435791253095,2535.158928728551,691.5010849880392,3788.1518589297534],
        [2936.0156100935933,3897.585247642691,872.0971246402731,0.0,1763.0691325967116,4980.737656391147,4127.634900492,3605.816780244876,2659.215985333966,3290.0718129231705,4234.883957542552,3875.691293883757,2650.9967002117633,1426.3860428505286,4183.12339186684,4330.6049302600995,996.5980975890765,4707.750158502417,4519.387679231946,3959.3145565602163,223.6123025404928,2758.7633649900094,1333.0963443155379,442.69637983732906,1442.985248340163,3171.900490570882,366.64800163484495,4232.597652377914,3776.293434725247,3379.908756464676,1440.0433074907755,4329.041136129644,4173.561774224059,539.9173803333123,4293.085525231046,3515.937335733601,3710.771014389645,1799.9246344504227,339.07635723347414,3831.5986320663037,2425.424964108425,2890.209682629797,115.46863619603256,1216.9520800099947,4358.693139860495,3668.5204343369674,4576.830019457134,2164.8465914299845,1760.953707716589,1391.8845873379898,2936.0156100935933],
        [1287.2516454102454,2787.8040115386452,2569.0557996970447,1763.0691325967116,0.0,3710.986016831189,3295.2017160292435,1948.4168210340317,3317.824159482477,3406.6396706543387,2794.399532600621,3958.161825162771,1637.3328570196318,570.48433853455,4229.840128198788,2639.757510342805,1287.5670258597395,3134.041507341575,3061.0281273584023,2204.083890930328,1881.330372919958,1778.3098564702057,439.03848752838985,1329.4683575697031,2787.492523133867,2408.2396179272514,1684.191280164267,4409.06112746501,2274.508162176802,1657.5092645387595,2940.162473050896,4092.7785691671584,3814.723768772402,1951.3956496325654,3947.533487466504,1795.29408590209,3060.3643234977817,1446.9758998647403,1446.0392393887835,2386.1183760288577,1330.5540376434817,1599.4696235668794,1685.3961425141615,1800.0605818649522,3640.651049442983,1962.717743049875,3065.2837987943303,1008.8682605188852,184.2166410759374,3153.52539214855,1287.2516454102454],
        [3811.289164240659,1118.905405629971,5423.593375469753,4980.737656391147,3710.986016831189,0.0,1395.8835820256847,2118.946238559712,4257.0831385832,3362.1679098156296,1023.7441602655354,3422.857786252584,2330.22679698453,3668.957470140273,3442.3956277030643,2008.4515697114375,4946.664975678328,1284.281810583332,880.8770833419109,2674.9354636297862,5184.6497482996765,2228.708757206695,3930.9182710202394,4587.954821543319,5041.285965152922,2003.1156786316092,5106.162390860729,3777.3801643683505,1538.953420348576,2538.3304097258374,5342.243692931779,2802.6396756413433,2472.001082792066,4786.817152664508,2526.2795592701877,2465.571304533174,1882.8661338276472,3237.4318989834637,4794.688298980457,1374.286593855463,4683.606952740089,2144.6720765140294,4967.335715962964,4049.4057465942305,1620.4264000312862,2312.23121529032,1048.7396105476746,4467.37072820103,3573.8771867292917,6115.031308408187,3811.289164240659],
        [3864.1228367293684,759.0417451189384,4396.6139961432345,4127.634900492,3295.2017160292435,1395.8835820256847,0.0,2436.2568977048495,2917.1397636859415,1974.2430446160865,1652.9100546994077,2036.820381717117,1662.1355292038727,3044.6503958438375,2084.547580636241,2733.0316682935927,4351.064566047329,2274.2336764025194,1771.048427495356,3184.406969017648,4347.51809199061,1522.1225717600885,3363.552677188147,3800.6294777840635,3881.6668871381726,960.8418762126365,4333.256757004806,2415.7090851944786,1855.297303182618,2766.4108241676963,4193.861160478736,1491.9187152334948,1134.4889270627873,3819.2140287994152,1218.053025164146,2762.4281446522577,522.4496446494207,2330.604937524687,4019.0196384067513,1672.9042164295874,4515.989884077855,1775.0580114612064,4142.63654349616,3026.5448434386535,404.34240487444004,2684.160700518961,1979.7882670139384,4234.600928410683,3121.5719535223807,5075.187457783339,3864.1228367293684],
        [1701.017114170148,1685.362987197988,4295.59909270787,3605.816780244876,1948.4168210340317,2118.946238559712,2436.2568977048495,0.0,4117.804152557467,3664.2688217159334,1095.2579151076407,4037.1667974035495,1546.059430631855,2181.2940187015483,4211.57714721621,733.9754624495555,3231.2243250539796,1212.56239085656,1285.365588801275,770.3125752044349,3762.735499750171,1588.8471509223227,2311.971652641744,3164.566832328458,4237.873005001803,2044.5130715742428,3599.529630763712,4496.824300257661,619.0354580708057,421.75843749886013,4476.8304650133005,3783.611900163273,3425.7140205911214,3626.9061817739425,3542.1182914753495,352.28049607436003,2536.694054459416,2327.196907584574,3327.0789007434632,811.2883948879578,2629.918326092356,1092.672819563394,3550.8132058658985,3120.2078306241347,2840.1678035310947,249.33501747299036,1214.2923324595718,2460.4709258785483,1881.6680648870652,4948.888157355223,1701.017114170148],
        [4542.446379292245,3223.667574826494,2311.8673794853257,2659.215985333966,3317.824159482477,4257.0831385832,2917.1397636859415,4117.804152557467,0.0,1063.4347804942959,4046.7176218316145,1491.4355940789567,2572.9784658258377,2752.5431303210316,1774.7316949920646,4769.623425192614,3490.5791352591086,4708.185701811063,4290.553831668293,4809.2832663195895,2847.4262036584296,2546.6766194032593,3010.8099599718207,2657.3679552401804,1490.223188007912,2339.6994673231025,3017.2716500492356,1703.2256806807256,3863.2113709318364,4170.828818047515,1761.725695665389,2207.771705466657,2253.915203073527,2124.7958671808874,2320.8621346571344,4262.729284375868,2397.180129180853,1949.864083336915,2813.157440924822,3784.320404931562,4560.867532655859,3026.6180973646856,2750.3869215992568,1616.190127773423,2893.5645296275316,4317.622290260361,4453.39109662383,4235.40548845903,3165.6052740741097,2812.400202904513,4542.446379292245],
        [4478.27396068687,2433.7128288743233,3166.047378384658,3290.0718129231705,3406.6396706543387,3362.1679098156296,1974.2430446160865,3664.2688217159334,1063.4347804942959,0.0,3340.2965230971126,590.3350644921228,2179.8536412321587,2900.565848419281,895.2430598079015,4224.257498585699,3939.4614829923357,4012.3537666897428,3548.6090890411624,4415.1063213793905,3504.178436153841,2099.300379372359,3216.7139376641658,3153.6548552923714,2419.6346274966736,1656.9541115461245,3612.5629383866785,1007.8979695927358,3277.9772442026588,3819.3900601739692,2721.1265071258913,1162.8612961333583,1191.2239424179827,2805.2184224781777,1257.9459576054207,3883.2230409811636,1481.921869955409,1964.9849537126856,3349.2081009612325,3158.0224769744873,4730.9728128465395,2603.536987252285,3357.224530324712,2086.464105965868,1881.2893506403802,3894.133531523618,3734.374166628134,4404.071160721332,3229.2615767434354,3748.707799097382,4478.27396068687],
        [2789.500288828532,940.5534905619322,4789.144490899471,4234.883957542552,2794.399532600621,1023.7441602655354,1652.9100546994077,1095.2579151076407,4046.7176218316145,3340.2965230971126,0.0,3571.586794541142,1678.421317071295,2847.019501417866,3677.0312766641987,1111.2275415427573,4066.337764337649,672.210244593093,285.5162910996194,1695.0134676075945,4423.052261708466,1625.6057539901476,3069.031335252493,3815.037553078339,4541.747014421615,1716.3259294944808,4309.211992918019,3995.695516271575,534.1500697683812,1514.704897931392,4821.386535984629,3132.5050276983097,2769.351414543435,4126.159843053324,2863.705710157968,1442.8998471160012,1947.2371627165023,2622.406794305018,4008.2130865318986,411.189141460633,3680.4058756005215,1347.8762958262298,4204.361591600428,3465.638527501429,2026.9520474797673,1294.158460172085,407.18770616356284,3478.9178874232243,2677.3165439141753,5474.43474791503,2789.500288828532],
        [4983.385747124889,2634.3114948860275,3715.7934211363654,3875.691293883757,3958.161825162771,3422.857786252584,2036.820381717117,4037.1667974035495,1491.4355940789567,590.3350644921228,3571.586794541142,0.0,2627.281676268384,3467.352893426636,307.849346955325,4537.949107261616,4528.4275661605325,4234.566022224514,3747.2438834055533,4802.1282600677705,4088.3476932734175,2528.458375682391,3788.29642852164,3743.979434227777,2939.628612822575,1992.8062772419687,4200.990356133786,468.28704230995567,3590.4428950894317,4235.02559572687,3230.2983681418305,794.1684562102573,996.1516649984775,3384.2491315904504,999.8774472693531,4285.694056434499,1627.9615161913055,2528.2026002731545,3939.2050074298495,3449.143808112883,5287.114373545739,3020.7868334386712,3944.5751632534884,2675.7127267713445,1829.2084605220366,4276.567852025628,3945.8542186238724,4961.79176876474,3778.1310555785985,4272.695830590378,4983.385747124889],
        [2396.6197468488467,1257.1522629467909,3127.5350061580243,2650.9967002117633,1637.3328570196318,2330.22679698453,1662.1355292038727,1546.059430631855,2572.9784658258377,2179.8536412321587,1678.421317071295,2627.281676268384,0.0,1405.0635126784346,2849.4194190723524,2205.7577559910687,2716.7896598888487,2270.3544015402526,1960.1258909998426,2261.259313776175,2856.7204391671307,140.984365375333,1711.8627605252761,2265.5727780711572,2867.9489011896226,787.0991231076056,2790.7328972661016,3095.5561817301023,1346.834840318941,1645.4224106042489,3143.986065013795,2569.7209004539113,2254.331453367131,2474.234900510541,2385.8221535696066,1719.1517892568224,1439.103525630617,945.2569804169749,2476.4778316477596,1320.4760940541642,2899.7171551405127,453.7084170824997,2640.2682275635793,1787.696430399508,2003.4505983378654,1754.018339593029,2067.2483761751973,2602.60665692341,1461.1753815568532,3817.1225054626257,2396.6197468488467],
        [1845.8652367852496,2648.3782537795396,2140.7799376874204,1426.3860428505286,570.48433853455,3668.957470140273,3044.6503958438375,2181.2940187015483,2752.5431303210316,2900.565848419281,2847.019501417866,3467.352893426636,1405.0635126784346,0.0,3749.479989202667,2909.282442633606,1311.899537240575,3288.425846511924,3128.251967127087,2586.651992423407,1593.8294468012105,1537.9975392082038,334.57548029421025,987.9565058687884,2257.4624314102903,2104.4765983465722,1462.6807051169844,3908.0081326592117,2366.799514634168,1978.1416590670067,2434.742326212261,3671.478649963695,3420.044820860698,1486.6022149188955,3551.6962106970964,2111.419936951064,2737.236612864756,939.4918502469378,1166.7409467893776,2437.8539021895094,1840.4284026086948,1528.2937378363351,1377.8488520349679,1234.142762624257,3354.4468103894537,2255.2230801376436,3170.646637729921,1511.962794599647,446.5163901266185,2774.728879843717,1845.8652367852496],
        [5225.770742891197,2736.5196023140725,4019.431159733806,4183.12339186684,4229.840128198788,3442.3956277030643,2084.547580636241,4211.57714721621,1774.7316949920646,895.2430598079015,3677.0312766641987,307.849346955325,2849.4194190723524,3749.479989202667,0.0,4678.930594629726,4828.407753127896,4330.006052681854,3834.398917824778,4980.422001692046,4396.00394163862,2742.7938714580614,4073.270305726457,4047.958453082717,3237.1637303432963,2172.6253115340237,4507.518232389275,335.36350272151986,3736.934631033859,4430.761002597037,3524.5728551722405,676.4680416013623,971.0907436083478,3692.0902204921754,933.676745908941,4474.2796968466155,1732.8955241022904,2810.065950716184,4244.284908736857,3586.055740380131,5560.163893382437,3224.635841407312,4251.560623458618,2981.6738166692085,1824.793776442656,4454.697998156731,4037.9118785880923,5236.179976832694,4048.5044285466515,4569.725280316389,5225.770742891197],
        [2131.5017191094094,1984.1144157553024,5029.121635766399,4330.6049302600995,2639.757510342805,2008.4515697114375,2733.0316682935927,733.9754624495555,4769.623425192614,4224.257498585699,1111.2275415427573,4537.949107261616,2205.7577559910687,2909.282442633606,4678.930594629726,0.0,3906.490235731063,783.2870551658816,1135.3900775005056,730.5461864029762,4482.289386898742,2222.9725093631873,3023.394103025023,3888.4401955737694,4963.883567166588,2569.1733958815103,4310.451876661305,4983.485203206626,948.9207673768365,990.6018816926744,5206.804567154126,4181.5475893144,3817.2918560654794,4360.70018519396,3921.1583275443795,854.8669152223621,2953.2403672653463,3041.3106086742246,4045.263011731805,1093.103566640877,3133.759058921281,1757.8526224987722,4272.393480022437,3846.536843042056,3120.4545457049626,678.3660612928809,960.9582305536637,3017.827946098321,2590.1390367743943,5680.435339708044,2131.5017191094094],
        [2163.5219981256637,3954.0607450505413,1844.301939428863,996.5980975890765,1287.5670258597395,4946.664975678328,4351.064566047329,3231.2243250539796,3490.5791352591086,3939.4614829923357,4066.337764337649,4528.4275661605325,2716.7896598888487,1311.899537240575,4828.407753127896,3906.490235731063,0.0,4421.579884593137,4337.926263025,3404.8960388478613,955.2796401417916,2849.866215484028,1017.912663884524,834.2872039980726,2423.001436908598,3402.147231135905,685.0997890341097,4930.910184192396,3554.0473433974494,2916.5247210631924,2436.538685171291,4855.337262033536,4639.630290938481,1483.4005280682074,4768.1963545638,3053.381969467139,4020.1598526407224,2115.105128013906,712.1512389784183,3655.7335766029873,1475.0691377086107,2803.7447379209675,881.1323696753554,1896.9734985125551,4649.211771744455,3228.2562036096224,4349.615211381515,1260.4461441534359,1389.2322786079915,2230.930402329804,2163.5219981256637],
        [2845.3782041186737,1600.2852400511665,5322.543453223883,4707.750158502417,3134.041507341575,1284.281810583332,2274.2336764025194,1212.56239085656,4708.185701811063,4012.3537666897428,672.210244593093,4234.566022224514,2270.3544015402526,3288.425846511924,4330.006052681854,783.2870551658816,4421.579884593137,0.0,504.7270222882952,1507.5217162349581,4882.022155444836,2238.2777603245436,3465.8964920818594,4274.651048867642,5135.206801324666,2385.39254980374,4742.009800257879,4652.282822366676,945.5323633841483,1601.5611344091612,5404.823533207959,3765.2432521832793,3404.987991464542,4653.125037399393,3492.234466720578,1485.9980921624683,2607.166659263719,3198.2587441555997,4454.087294277025,951.0567629864692,3818.293298475452,1883.0643401851132,4665.316705191695,4038.728858721378,2624.4696293456436,1302.5931424669623,294.472925349622,3666.0725791944647,3047.011674833765,5998.666149022349,2845.3782041186737],
        [2985.877820575406,1118.6509037598385,5074.132738339928,4519.387679231946,3061.0281273584023,880.8770833419109,1771.048427495356,1285.365588801275,4290.553831668293,3548.6090890411624,285.5162910996194,3747.2438834055533,1960.1258909998426,3128.251967127087,3834.398917824778,1135.3900775005056,4337.926263025,504.7270222882952,0.0,1794.6155453225397,4706.798229475206,1903.1873389106488,3345.306936203982,4098.580131893206,4819.819862719599,1952.141469299526,4590.816348463074,4158.791296820224,787.3518482147068,1706.6166238478204,5101.2520354444005,3262.7083163252323,2903.3408787810426,4411.467141035345,2989.0773887774913,1619.1827632853265,2119.502533559459,2904.8925137606034,4290.804737105153,690.4041012336831,3904.0827806650404,1633.2858666387506,4488.159513003089,3747.795047405635,2119.8017276629503,1454.7611411788164,211.3679645551546,3714.7055746021133,2948.74164892163,5759.681745078508,2985.877820575406],
        [1453.48631918375,2426.922596163444,4725.650514915802,3959.3145565602163,2204.083890930328,2674.9354636297862,3184.406969017648,770.3125752044349,4809.2832663195895,4415.1063213793905,1695.0134676075945,4802.1282600677705,2261.259313776175,2586.651992423407,4980.422001692046,730.5461864029762,3404.8960388478613,1507.5217162349581,1794.6155453225397,0.0,4085.1623607977904,2322.114004026047,2626.3728106952276,3519.3959797762996,4779.635574185019,2810.7927754110074,3885.0943321724867,5263.326782823975,1331.784411532782,647.9702365760053,4992.01973203154,4552.606394275767,4193.8515207644705,4072.878916755244,4309.169539447721,546.5563666247255,3305.6007217712236,2939.7975033273506,3648.979192944379,1520.1883004501674,2471.112825966959,1817.1939056721192,3886.6519415810744,3673.1695158186094,3586.3472103591153,525.8448953457444,1648.8673834130161,2394.810234387603,2200.2235725921437,5342.379692317207,1453.48631918375],
        [3003.5460044895735,4106.988946986427,894.5007478087693,223.6123025404928,1881.330372919958,5184.6497482996765,4347.51809199061,3762.735499750171,2847.4262036584296,3504.178436153841,4423.052261708466,4088.3476932734175,2856.7204391671307,1593.8294468012105,4396.00394163862,4482.289386898742,955.2796401417916,4882.022155444836,4706.798229475206,4085.1623607977904,0.0,2967.170758183078,1464.5638853032865,608.6969855173231,1568.8036596376364,3390.6960245511314,270.2751601362834,4439.578300810384,3956.187004574107,3520.4098444445126,1524.4601016942459,4549.807557919269,4396.3855817408685,723.1887531404797,4515.637624081119,3657.355037570353,3933.171192569181,2018.2763230586615,437.89487703595177,4017.56023648014,2422.0413980132407,3082.142706176459,218.78922147615793,1437.3561313198145,4581.031468181017,3814.695784769758,4758.692106517258,2182.1543154273777,1897.7345646955162,1311.5366884060493,3003.5460044895735],
        [2519.922451452917,1140.18299200995,3209.1117998846557,2758.7633649900094,1778.3098564702057,2228.708757206695,1522.1225717600885,1588.8471509223227,2546.6766194032593,2099.300379372359,1625.6057539901476,2528.458375682391,140.984365375333,1537.9975392082038,2742.7938714580614,2222.9725093631873,2849.866215484028,2238.2777603245436,1903.1873389106488,2322.114004026047,2967.170758183078,0.0,1848.1285574321546,2381.0370420531676,2916.6573021881886,650.8735208795285,2908.7159060313597,2996.3098482217674,1333.9463740756078,1720.1707940011888,3198.967249151713,2444.7711871821457,2124.7741788281924,2562.4045852266227,2255.7643027109025,1785.4438320328431,1301.0568217272141,1019.0083206196314,2593.742004955703,1287.6564726290658,3038.465549412994,505.30517812306937,2751.8122384863354,1854.1700157255384,1862.4694275146317,1807.0599292915056,2022.1177585233015,2742.434727232062,1602.0266878839384,3900.013016934075,2519.922451452917],
        [1702.8255460098587,2938.5065635937935,2130.122961006197,1333.0963443155379,439.03848752838985,3930.9182710202394,3363.552677188147,2311.971652641744,3010.8099599718207,3216.7139376641658,3069.031335252493,3788.29642852164,1711.8627605252761,334.57548029421025,4073.270305726457,3023.394103025023,1017.912663884524,3465.8964920818594,3345.306936203982,2626.3728106952276,1464.5638853032865,1848.1285574321546,0.0,895.001016662042,2369.510930050403,2430.4036929913527,1287.847830944786,4224.611564908688,2568.623803282488,2056.0455788898644,2510.371863298431,4004.966450696172,3754.605647463378,1515.018777381427,3886.237757368848,2193.1379995595985,3067.1484213230283,1264.6450125966462,1026.7170547648998,2657.854206541523,1552.3450251572792,1786.8039356050147,1261.3920281125743,1435.7724622967962,3680.133915949613,2352.3406139897656,3370.9308210436147,1225.42023252294,433.79439451887447,2720.200746696321,1702.8255460098587],
        [2536.0670278580405,3520.8248005844785,1252.829274463057,442.69637983732906,1329.4683575697031,4587.954821543319,3800.6294777840635,3164.566832328458,2657.3679552401804,3153.6548552923714,3815.037553078339,3743.979434227777,2265.5727780711572,987.9565058687884,4047.958453082717,3888.4401955737694,834.2872039980726,4274.651048867642,4098.580131893206,3519.3959797762996,608.6969855173231,2381.0370420531676,895.001016662042,0.0,1650.1848014949794,2839.9326744922464,532.8238089218753,4131.236091108372,3347.6075496657477,2937.38887289994,1721.1684470585203,4128.414667396366,3942.8878740290133,711.7765054590242,4067.2398755709423,3073.341856517699,3411.410843208132,1475.444993329339,218.82431840914177,3409.140292633945,2120.145955982245,2475.9341035578136,390.8223184592744,1079.0597045191166,4056.2938490245624,3225.8461819085496,4150.008889641862,1833.4443843013448,1319.7616759069715,1825.2030930027233,2536.0670278580405],
        [4070.8785936374884,3925.429035960132,844.0749583966901,1442.985248340163,2787.492523133867,5041.285965152922,3881.6668871381726,4237.873005001803,1490.223188007912,2419.6346274966736,4541.747014421615,2939.628612822575,2867.9489011896226,2257.4624314102903,3237.1637303432963,4963.883567166588,2423.001436908598,5135.206801324666,4819.819862719599,4779.635574185019,1568.8036596376364,2916.6573021881886,2369.510930050403,1650.1848014949794,0.0,3043.963770640827,1803.0800053253222,3191.3078449375357,4198.951356137383,4140.338443229966,314.59965905899173,3575.961998943076,3534.388211820797,944.7326124190046,3628.473159683467,4262.252880384774,3378.036743359864,1940.244163917631,1713.9953751657474,4187.60555596752,3767.5164985783817,3260.5670310700107,1555.6195103610542,1117.669399538781,3986.1965589864453,4374.244331653004,4934.707766781139,3472.622754309608,2699.6585594147004,1333.0970225336512,4070.8785936374884],
        [3159.909766509379,903.5296399486477,3485.162622437088,3171.900490570882,2408.2396179272514,2003.1156786316092,960.8418762126365,2044.5130715742428,2339.6994673231025,1656.9541115461245,1716.3259294944808,1992.8062772419687,787.0991231076056,2104.4765983465722,2172.6253115340237,2569.1733958815103,3402.147231135905,2385.39254980374,1952.141469299526,2810.7927754110074,3390.6960245511314,650.8735208795285,2430.4036929913527,2839.9326744922464,3043.963770640827,0.0,3372.6281299815623,2452.600364414888,1621.5679939496083,2260.542759963604,3348.54603049824,1812.8481841460527,1481.9360366644057,2884.3711574269837,1611.571072645628,2301.692573470632,653.5411931470154,1372.460364638288,3058.2612010867983,1502.5246322319301,3685.92077143803,1071.8161890992296,3184.251325415416,2104.731207273937,1249.9956801763637,2284.9815713046446,2120.654708236447,3386.387886778277,2227.9937773275205,4171.750269683121,3159.909766509379],
        [2761.0114486641,4047.4202980643845,1162.9809317061947,366.64800163484495,1684.191280164267,5106.162390860729,4333.256757004806,3599.529630763712,3017.2716500492356,3612.5629383866785,4309.211992918019,4200.990356133786,2790.7328972661016,1462.6807051169844,4507.518232389275,4310.451876661305,685.0997890341097,4742.009800257879,4590.816348463074,3885.0943321724867,270.2751601362834,2908.7159060313597,1287.847830944786,532.8238089218753,1803.0800053253222,3372.6281299815623,0.0,4568.9872715062575,3827.9417185236093,3337.4660389028154,1779.8139107415484,4624.106100300501,4451.702094326962,905.3909668534657,4574.194490770036,3475.054582791452,3940.589485624529,2006.4617776691557,315.62735722905506,3900.4128093012723,2154.1503194206207,2980.7386500365587,266.9274335588856,1526.8991748664869,4586.331784684731,3637.5866587121022,4632.051939799624,1919.5004286706937,1720.3865632551372,1565.4601332338555,2761.0114486641],
        [5448.922428351406,3055.3671141837017,3999.638951831987,4232.597652377914,4409.06112746501,3777.3801643683505,2415.7090851944786,4496.824300257661,1703.2256806807256,1007.8979695927358,3995.695516271575,468.28704230995567,3095.5561817301023,3908.0081326592117,335.36350272151986,4983.485203206626,4930.910184192396,4652.282822366676,4158.791296820224,5263.326782823975,4439.578300810384,2996.3098482217674,4224.611564908688,4131.236091108372,3191.3078449375357,2452.600364414888,4568.9872715062575,0.0,4038.2082698816826,4700.625023932385,3464.6867084033315,1004.9716013103837,1306.4151183174495,3724.407481439709,1267.3739512729787,4749.6685299354085,2048.7079727167,2971.21447629364,4319.446601399524,3891.926781500412,5735.749855441015,3487.5000235263587,4308.0783769884365,3054.192542368508,2160.1380676075673,4737.546709675139,4361.038756859346,5409.371952665151,4230.299144443242,4515.574976348196,5448.922428351406],
        [2276.899815884696,1096.544495333765,4377.560080404378,3776.293434725247,2274.508162176802,1538.953420348576,1855.297303182618,619.0354580708057,3863.2113709318364,3277.9772442026588,534.1500697683812,3590.4428950894317,1346.834840318941,2366.799514634168,3736.934631033859,948.9207673768365,3554.0473433974494,945.5323633841483,787.3518482147068,1331.784411532782,3956.187004574107,1333.9463740756078,2568.623803282488,3347.6075496657477,4198.951356137383,1621.5679939496083,3827.9417185236093,4038.2082698816826,0.0,1018.9546204053677,4464.555147468709,3259.9074198279422,2897.032974456586,3708.528476411624,3006.5650656663297,970.0022213913779,2020.0497359357014,2259.261846411387,3533.282857751294,192.87982761748393,3149.5189842230725,940.0309726987125,3738.362569802678,3097.055727206589,2255.8852166941565,852.9131499885186,804.135450092169,2945.046977727902,2165.564778798026,5054.929055720929,2276.899815884696],
        [1279.3641474226565,2033.0905948856732,4117.956767644763,3379.908756464676,1657.5092645387595,2538.3304097258374,2766.4108241676963,421.75843749886013,4170.828818047515,3819.3900601739692,1514.704897931392,4235.02559572687,1645.4224106042489,1978.1416590670067,4430.761002597037,990.6018816926744,2916.5247210631924,1601.5611344091612,1706.6166238478204,647.9702365760053,3520.4098444445126,1720.1707940011888,2056.0455788898644,2937.38887289994,4140.338443229966,2260.542759963604,3337.4660389028154,4700.625023932385,1018.9546204053677,0.0,4358.847487466417,4048.236680764778,3697.6568252106254,3457.9366131553743,3819.2637783250952,137.78576523186658,2809.126059432575,2291.8890093830423,3082.5149789081674,1206.3200713557178,2219.981528965211,1217.47922741002,3314.8518669300747,3030.362075740138,3170.2900403585368,314.79860578975,1628.7579604764796,2065.7290693918394,1622.6789260789076,4750.036682422846,1279.3641474226565],
        [4211.300421183855,4224.932919679764,684.6860129477901,1440.0433074907755,2940.162473050896,5342.243692931779,4193.861160478736,4476.8304650133005,1761.725695665389,2721.1265071258913,4821.386535984629,3230.2983681418305,3143.986065013795,2434.742326212261,3524.5728551722405,5206.804567154126,2436.538685171291,5404.823533207959,5101.2520354444005,4992.01973203154,1524.4601016942459,3198.967249151713,2510.371863298431,1721.1684470585203,314.59965905899173,3348.54603049824,1779.8139107415484,3464.6867084033315,4464.555147468709,4358.847487466417,0.0,3880.3896543635487,3845.110289007149,1013.3999401728604,3937.8499865886865,4483.943642512149,3691.4645420711468,2206.5971974847407,1746.0400756329295,4460.455650189903,3836.15612343429,3524.6281221290888,1555.504243673935,1368.3468274426093,4300.671023692173,4603.121229904305,5210.940339697005,3554.3807927665193,2868.2309758349697,1051.1997102624402,4211.300421183855],
        [4964.690413301462,2202.6602552442732,4297.633905883838,4329.041136129644,4092.7785691671584,2802.6396756413433,1491.9187152334948,3783.611900163273,2207.771705466657,1162.8612961333583,3132.5050276983097,794.1684562102573,2569.7209004539113,3671.478649963695,676.4680416013623,4181.5475893144,4855.337262033536,3765.2432521832793,3262.7083163252323,4552.606394275767,4549.807557919269,2444.7711871821457,4004.966450696172,4128.414667396366,3575.961998943076,1812.8481841460527,4624.106100300501,1004.9716013103837,3259.9074198279422,4048.236680764778,3880.3896543635487,0.0,364.37403700532724,3881.0906900159785,277.55274461800377,4074.458515339321,1247.0066739439885,2755.208345784726,4337.653276121139,3093.882676888462,5413.771407878578,2883.661958494085,4382.335593772359,3112.451456094516,1183.6978243195176,4031.804339902355,3470.919398490222,5099.020004319504,3908.580371583409,4899.734426872828,4964.690413301462],
        [4641.523523352998,1838.4025037692898,4212.6431549592335,4173.561774224059,3814.723768772402,2472.001082792066,1134.4889270627873,3425.7140205911214,2253.915203073527,1191.2239424179827,2769.351414543435,996.1516649984775,2254.331453367131,3420.044820860698,971.0907436083478,3817.2918560654794,4639.630290938481,3404.987991464542,2903.3408787810426,4193.8515207644705,4396.3855817408685,2124.7741788281924,3754.605647463378,3942.8878740290133,3534.388211820797,1481.9360366644057,4451.702094326962,1306.4151183174495,2897.032974456586,3697.6568252106254,3845.110289007149,364.37403700532724,0.0,3752.248255689906,132.84208091466166,3720.624182524488,890.0038972695245,2526.0125410787364,4156.3904042890445,2730.124659625861,5126.0349485527995,2546.975727129958,4218.85574812949,2964.8810047933994,853.7413001610506,3674.3079536339174,3110.8532089111895,4815.758805961009,3630.7099008514615,4839.546876021417,4641.523523352998],
        [3207.7381604349025,3678.4566370800603,670.8541744918562,539.9173803333123,1951.3956496325654,4786.817152664508,3819.2140287994152,3626.9061817739425,2124.7958671808874,2805.2184224781777,4126.159843053324,3384.2491315904504,2474.234900510541,1486.6022149188955,3692.0902204921754,4360.70018519396,1483.4005280682074,4653.125037399393,4411.467141035345,4072.878916755244,723.1887531404797,2562.4045852266227,1515.018777381427,711.7765054590242,944.7326124190046,2884.3711574269837,905.3909668534657,3724.407481439709,3708.528476411624,3457.9366131553743,1013.3999401728604,3881.0906900159785,3752.248255689906,0.0,3866.534582127327,3589.0094392686497,3368.9511811585453,1549.7343953999011,771.754142787333,3737.13270831749,2831.783339738579,2783.1348609598685,641.3897635292591,801.5927811029537,4014.04322078188,3724.379415346903,4492.4846830133265,2544.3433989379305,1898.3853945609076,1348.483310990492,3207.7381604349025],
        [4771.458273617591,1938.7234822498003,4317.823666966045,4293.085525231046,3947.533487466504,2526.2795592701877,1218.053025164146,3542.1182914753495,2320.8621346571344,1257.9459576054207,2863.705710157968,999.8774472693531,2385.8221535696066,3551.6962106970964,933.676745908941,3921.1583275443795,4768.1963545638,3492.234466720578,2989.0773887774913,4309.169539447721,4515.637624081119,2255.7643027109025,3886.237757368848,4067.2398755709423,3628.473159683467,1611.571072645628,4574.194490770036,1267.3739512729787,3006.5650656663297,3819.2637783250952,3937.8499865886865,277.55274461800377,132.84208091466166,3866.534582127327,0.0,3840.2225713269404,1010.152250748069,2655.3886959814163,4280.17411592744,2837.1214333902903,5258.8243019024485,2674.4784872510986,4339.78514776936,3082.1935575951825,906.5972883736994,3791.0129226950266,3197.8066942227324,4948.597879428279,3763.5126482726632,4939.218199827253,4771.458273617591],
        [1372.4045670698238,2018.967951182162,4250.25925921849,3515.937335733601,1795.29408590209,2465.571304533174,2762.4281446522577,352.28049607436003,4262.729284375868,3883.2230409811636,1442.8998471160012,4285.694056434499,1719.1517892568224,2111.419936951064,4474.2796968466155,854.8669152223621,3053.381969467139,1485.9980921624683,1619.1827632853265,546.5563666247255,3657.355037570353,1785.4438320328431,2193.1379995595985,3073.341856517699,4262.252880384774,2301.692573470632,3475.054582791452,4749.6685299354085,970.0022213913779,137.78576523186658,4483.943642512149,4074.458515339321,3720.624182524488,3589.0094392686497,3840.2225713269404,0.0,2830.727160109807,2400.248035407595,3219.465084907672,1161.4905304885701,2332.295214968472,1280.2321859234826,3451.4411137515312,3150.057442740016,3166.770193553374,185.4242537205954,1529.220519662228,2187.6417394452383,1759.6371069405488,4884.467702756045,1372.4045670698238],
        [3788.0677397570894,1007.5347890507195,3923.644247000074,3710.771014389645,3060.3643234977817,1882.8661338276472,522.4496446494207,2536.694054459416,2397.180129180853,1481.921869955409,1947.2371627165023,1627.9615161913055,1439.103525630617,2737.236612864756,1732.8955241022904,2953.2403672653463,4020.1598526407224,2607.166659263719,2119.502533559459,3305.6007217712236,3933.171192569181,1301.0568217272141,3067.1484213230283,3411.410843208132,3378.036743359864,653.5411931470154,3940.589485624529,2048.7079727167,2020.0497359357014,2809.126059432575,3691.4645420711468,1247.0066739439885,890.0038972695245,3368.9511811585453,1010.152250748069,2830.727160109807,0.0,1937.1143712316941,3630.12964461105,1860.660179419647,4338.754837446031,1678.8904577615888,3735.0795007142224,2569.1842311729424,647.9847460475874,2785.025222687423,2317.9501617332235,4039.88766358791,2879.4585692210203,4595.084933021498,3788.0677397570894],
        [2604.4512571193072,2129.2089674106246,2190.550270962427,1799.9246344504227,1446.9758998647403,3237.4318989834637,2330.604937524687,2327.196907584574,1949.864083336915,1964.9849537126856,2622.406794305018,2528.2026002731545,945.2569804169749,939.4918502469378,2810.065950716184,3041.3106086742246,2115.105128013906,3198.2587441555997,2904.8925137606034,2939.7975033273506,2018.2763230586615,1019.0083206196314,1264.6450125966462,1475.444993329339,1940.244163917631,1372.460364638288,2006.4617776691557,2971.21447629364,2259.261846411387,2291.8890093830423,2206.5971974847407,2755.208345784726,2526.0125410787364,1549.7343953999011,2655.3886959814163,2400.248035407595,1937.1143712316941,0.0,1694.2688045861535,2254.6270491459322,2766.413206380163,1320.3379310029893,1812.1039853497207,843.4388780305111,2581.0360243344426,2488.2041740610066,3007.046646917864,2439.2240071561114,1274.168488360472,2881.737777731649,2604.4512571193072],
        [2598.6015793764736,3732.825308492995,1208.40034772509,339.07635723347414,1446.0392393887835,4794.688298980457,4019.0196384067513,3327.0789007434632,2813.157440924822,3349.2081009612325,4008.2130865318986,3939.2050074298495,2476.4778316477596,1166.7409467893776,4244.284908736857,4045.263011731805,712.1512389784183,4454.087294277025,4290.804737105153,3648.979192944379,437.89487703595177,2593.742004955703,1026.7170547648998,218.82431840914177,1713.9953751657474,3058.2612010867983,315.62735722905506,4319.446601399524,3533.282857751294,3082.5149789081674,1746.0400756329295,4337.653276121139,4156.3904042890445,771.754142787333,4280.17411592744,3219.465084907672,3630.12964461105,1694.2688045861535,0.0,3600.6233562888688,2097.5013954028273,2674.4579240732314,242.71453295172202,1265.576465612821,4275.094770377684,3377.034259261713,4336.907983001438,1830.3659985776935,1459.8403673683604,1721.3319123858137,2598.6015793764736],
        [2454.681318262128,914.0064956279405,4403.084196628342,3831.5986320663037,2386.1183760288577,1374.286593855463,1672.9042164295874,811.2883948879578,3784.320404931562,3158.0224769744873,411.189141460633,3449.143808112883,1320.4760940541642,2437.8539021895094,3586.055740380131,1093.103566640877,3655.7335766029873,951.0567629864692,690.4041012336831,1520.1883004501674,4017.56023648014,1287.6564726290658,2657.854206541523,3409.140292633945,4187.60555596752,1502.5246322319301,3900.4128093012723,3891.926781500412,192.87982761748393,1206.3200713557178,4460.455650189903,3093.882676888462,2730.124659625861,3737.13270831749,2837.1214333902903,1161.4905304885701,1860.660179419647,2254.6270491459322,3600.6233562888688,0.0,3309.335015974167,953.998058536475,3799.0099110242554,3097.2936906780023,2071.617363000419,1045.7370762404007,755.9573136745155,3095.582385520339,2266.9418312659373,5085.523525814194,2454.681318262128],
        [1018.8989923620429,3919.0449415267435,3295.0397729162464,2425.424964108425,1330.5540376434817,4683.606952740089,4515.989884077855,2629.918326092356,4560.867532655859,4730.9728128465395,3680.4058756005215,5287.114373545739,2899.7171551405127,1840.4284026086948,5560.163893382437,3133.759058921281,1475.0691377086107,3818.293298475452,3904.0827806650404,2471.112825966959,2422.0413980132407,3038.465549412994,1552.3450251572792,2120.145955982245,3767.5164985783817,3685.92077143803,2154.1503194206207,5735.749855441015,3149.5189842230725,2219.981528965211,3836.15612343429,5413.771407878578,5126.0349485527995,2831.783339738579,5258.8243019024485,2332.295214968472,4338.754837446031,2766.413206380163,2097.5013954028273,3309.335015974167,0.0,2747.8345882411677,2313.5132678641717,2966.418776581972,4884.807777650655,2516.083760031837,3844.209546679972,328.50270066933007,1512.9068670217682,3705.2975800319127,1018.8989923620429],
        [2112.1468083371788,1191.7224578307867,3449.314912309478,2890.209682629797,1599.4696235668794,2144.6720765140294,1775.0580114612064,1092.672819563394,3026.6180973646856,2603.536987252285,1347.8762958262298,3020.7868334386712,453.7084170824997,1528.2937378363351,3224.635841407312,1757.8526224987722,2803.7447379209675,1883.0643401851132,1633.2858666387506,1817.1939056721192,3082.142706176459,505.30517812306937,1786.8039356050147,2475.9341035578136,3260.5670310700107,1071.8161890992296,2980.7386500365587,3487.5000235263587,940.0309726987125,1217.47922741002,3524.6281221290888,2883.661958494085,2546.975727129958,2783.1348609598685,2674.4784872510986,1280.2321859234826,1678.8904577615888,1320.3379310029893,2674.4579240732314,953.998058536475,2747.8345882411677,0.0,2863.3606608235045,2157.0248017756267,2156.8129684657592,1304.3613417262527,1709.559868830277,2477.1307696107842,1446.7326963329983,4131.5358098350935,2112.1468083371788],
