{
    "drone_dist": [
        [0.0,30.51683417769708,35.373728806564635,28.289726759736112,34.15075283804537,29.325672459904954,20.777699159876974,29.2417161123378,35.218588285526934,15.421824714984284,30.25498303716923,9.052540597558519,18.077423973961213,16.50584490709329,34.00872894342624,15.568096627028787,35.176524028057656,27.626603333284933,14.924334749839092,27.58974817789255,28.460358216917214,28.845789627943905,5.711525966864031,23.751037747516314,11.467532120569452,27.00557945258824,27.946318419086815,12.488273922183774,20.883274675130032,21.051604245011085,13.339251889764968,39.068340003963534,27.233818430479698,20.76815487973224,27.45415547924063,19.895401779024645,32.589803456738224,31.699288333291165,22.751234651734638,6.387712800718361,0.0],
        [30.51683417769708,0.0,31.695792917018483,6.269787647939443,38.9331224201845,2.1867152131431,30.15084839515681,37.57438693532596,39.16547753810083,43.258716494944984,53.31171634499572,32.3246160895511,18.572010530184354,14.030600361009327,19.929950521655353,20.787015168505707,32.48955097082844,54.35977217193692,18.700546732765883,8.460621505205307,24.735622673881927,12.252198949902567,32.319979985667466,36.389091989804236,20.303296827030916,52.1654841897453,3.787085838188793,41.86350402076828,15.887569520329956,44.638731432742105,30.155160982998698,32.39427969525224,45.23156825873258,12.371971823531256,51.4290198708108,34.35203435782819,57.00832804437626,22.716806889167554,22.519064245693897,31.635653161089195,30.51683417769708],
        [35.373728806564635,31.695792917018483,0.0,25.464575024036396,10.263231684588103,29.578957455553024,15.673571915686436,13.205917171775752,9.70892146367183,36.39184067089828,35.853197626168914,43.46385944872726,40.0269004463422,29.234093463569298,12.995003735024834,40.022544351873655,1.148272136706661,41.51815027698324,37.15789777593372,23.325473650422765,8.060809225427032,19.448347461960562,31.709795962999387,17.572634232786683,34.95912748438101,37.76009702646019,33.40762861462561,38.29834669571883,19.553385803191173,31.48397070206994,23.1549980178936,4.2164789406089005,25.599449996556675,23.438517195483932,35.74879100604977,19.576178798737576,40.128278744165534,9.033414470599366,13.492747014194146,41.08491095784885,35.373728806564635],
        [28.289726759736112,6.269787647939443,25.464575024036396,0.0,32.70692929465303,4.118285782865712,24.530280733595152,31.52841598047271,32.91770653796984,39.507308731972266,48.311547225135406,31.819942455476475,20.28236062963338,12.321327321479034,14.115136186638129,21.86856842038729,26.24076900488107,50.02716477162006,19.25984718145436,2.198922334750732,18.47468525449937,6.075944352186363,29.0489104308111,30.724596397948467,19.703519964242425,47.551762909635194,8.273741916421844,38.63073114136309,10.476220709686814,39.97360535385401,25.523072115991912,26.32717209487105,39.78442796308909,7.932033646808457,46.62102305225278,28.995880683153434,52.1575093761002,16.52717115276044,16.56785867772566,30.639127449762352,28.289726759736112],
        [34.15075283804537,38.9331224201845,10.263231684588103,32.70692929465303,0.0,36.7480067721591,13.555316308047486,5.403186959667664,1.2427759733869663,30.820332095568542,26.856916282433627,43.02167713987437,43.281854957926576,32.99183696701235,22.37768294158723,42.60800679277268,9.118756123956029,33.46186453648107,39.965646433497994,30.509003894686447,14.328003874051674,27.145028463959527,29.320051184787598,11.40381551236526,37.04038984148258,29.51450768827838,39.89087030270063,33.621394964267814,24.299788853926614,24.33344901128554,20.82476773235538,13.60011765156191,16.84610768899146,28.502252050954873,27.27572118233382,14.862466442114613,31.047219280856766,17.763642628625373,17.123007497332782,40.42108635596326,34.15075283804537],
        [29.325672459904954,2.1867152131431,29.578957455553024,4.118285782865712,36.7480067721591,0.0,28.046539025294166,35.39919380447424,36.98418206307326,41.64675998678233,51.367593663171625,31.698329224596353,18.638442434191283,12.834901521887142,18.001741765100842,20.641744527437442,30.358696235999236,52.59547567723719,18.34256555064884,6.294863223165815,22.560732070836472,10.159018632176872,30.822657641013507,34.28004142823939,19.562960531746153,50.32251240713209,4.685512238714468,40.400533571446786,13.795076240541905,42.77579435633487,28.279764065621674,30.36970227535245,43.17417255849745,10.433386715549638,49.53376548374835,32.30811631070901,55.105032859787045,20.625168889664543,20.352060747868425,30.842368121365272,29.325672459904954],
        [20.777699159876974,30.15084839515681,15.673571915686436,24.530280733595152,13.555316308047486,28.046539025294166,0.0,9.281167915451814,14.547043947640537,21.028546632809878,24.513946377142165,29.530608846498914,30.490433174658214,20.91931734510412,20.2661010340507,29.513684061422847,15.18806141412119,28.108992400232026,27.02331938297041,22.533660443941784,11.288563729285809,20.552955376475683,16.38277560992772,6.241519562696822,23.84936761622689,24.847892231272226,30.034364955178976,22.657857927972685,14.264511513901558,17.590935118028753,7.69325617812401,19.786972111990952,15.313115025524041,18.089363868245083,23.37181422243369,5.039975618505773,28.631895879665862,15.972195091284451,8.431541185186248,26.957397552850434,20.777699159876974],
        [29.2417161123378,37.57438693532596,13.205917171775752,31.52841598047271,5.403186959667664,35.39919380447424,9.281167915451814,0.0,6.634669257948907,25.433990986706124,22.661175325967342,38.21226180939944,39.72956268913616,29.897835912317085,23.313720413779077,38.79347662925374,12.192351769468306,28.67919482783764,36.28585604865954,29.373564778946445,14.195978599732745,26.5001228998021,24.211543884387194,6.012777671223643,33.13044805078946,24.81234154725363,38.03504902324274,28.220441090695996,22.09977105306068,19.164262143595366,15.918905318831035,17.189323719405,12.41721878162779,26.229379785648053,22.696080260986914,9.595087807304125,26.930928942442495,18.529121488829684,15.077382317956868,35.579807699708056,29.2417161123378],
        [35.218588285526934,39.16547753810083,9.70892146367183,32.91770653796984,1.2427759733869663,36.98418206307326,14.547043947640537,6.634669257948907,0.0,32.05948917650054,27.972784484868477,44.057517257601425,44.01147787856647,33.63609495935892,22.157197743604012,43.40039151753408,8.561438932118,34.6527177424159,40.73007245426184,30.718864299225096,14.461905429399684,27.259689687437888,30.44394379648342,12.624618233479824,37.863339187952,30.697278524665585,40.23474718309312,34.84566594133852,24.780742180768186,25.568877540892945,21.909643805254078,12.799095319251451,18.013999597129715,28.977646315126464,28.44437376828582,16.04348436243778,32.14529089451254,17.630450332189362,17.632962853656007,41.46683141574631,35.218588285526934],
        [15.421824714984284,43.258716494944984,36.39184067089828,39.507308731972266,30.820332095568542,41.64675998678233,21.028546632809878,25.433990986706124,32.05948917650054,0.0,15.9533546366922,22.214210618151014,33.425909774216464,29.64246031833118,40.33108709427796,30.978935411023585,35.736062909994224,12.204868716537506,30.1278032463693,38.16483730968939,32.08600176399664,37.95885525606363,11.221069701224511,19.54714566995774,26.48543938984602,11.945191167729542,41.39530675549311,4.2196748769382415,29.773788274233418,8.30051593003394,15.017856717861179,40.58997137935014,17.141121736690625,31.58434222989124,12.941316651911858,16.83664177531035,17.53016705687438,36.54970082572266,27.697161924479385,19.966032085030466,15.421824714984284],
        [30.25498303716923,53.31171634499572,35.853197626168914,48.311547225135406,26.856916282433627,51.367593663171625,24.513946377142165,22.661175325967342,27.972784484868477,15.9533546366922,0.0,37.96034076240467,47.40586313263978,41.20878134714983,44.38548902215368,45.27855991049875,34.85261342321515,8.34956939167086,43.87488445530716,46.49558342284066,35.02865562098703,44.95547802399885,24.933614451438867,19.209927985636295,40.126528822026685,4.927773375167742,52.33881634333224,20.12915837072927,37.838158669024,9.359392568096256,23.261949442951767,39.84482467061691,10.254971694127688,40.945908723153174,3.035862579105701,19.57800276062657,4.283221361191657,39.774532903378315,32.928732756242894,35.57338250495198,30.25498303716923],
        [9.052540597558519,32.3246160895511,43.46385944872726,31.819942455476475,43.02167713987437,31.698329224596353,29.530608846498914,38.21226180939944,44.057517257601425,22.214210618151014,37.96034076240467,0.0,15.5197314657243,19.528446551047324,40.29766595769563,12.687503510979617,43.381494843447335,33.9916867780793,13.846613009581526,31.714954030097804,36.082992878643616,33.915157882892856,14.616200724746376,32.79135825483091,12.167852943965679,34.159358332484054,29.04740287485387,18.350388022737782,26.83105548787744,29.12374987834162,22.293796738294223,46.92638658537393,36.01390628748143,25.418561035891617,35.01577348149,28.93517564544122,39.74071963633287,38.73073914557607,30.294708503988385,2.6677605554072943,9.052540597558519],
        [18.077423973961213,18.572010530184354,40.0269004463422,20.28236062963338,43.281854957926576,18.638442434191283,30.490433174658214,39.72956268913616,44.01147787856647,33.425909774216464,47.40586313263978,15.5197314657243,0.0,10.80136839652847,32.47894364188237,2.8417827728189953,40.359207608291165,45.611001293313436,3.611958518082297,21.096073927487232,31.96657499667616,24.542989512349422,22.62136673077931,35.85470467279287,7.3156219920442025,44.671878891118595,14.879606403112208,30.53825272853482,20.532944861951606,38.046478549317776,25.86774167736862,42.45585219507602,42.30688264229,17.063789418598898,44.80833672568702,32.42362915107993,50.175728129153306,32.74605442332819,26.869159453183343,15.887480605109717,18.077423973961213],
        [16.50584490709329,14.030600361009327,29.234093463569298,12.321327321479034,32.99183696701235,12.834901521887142,20.91931734510412,29.897835912317085,33.63609495935892,29.64246031833118,41.20878134714983,19.528446551047324,10.80136839652847,0.0,22.216548419083626,11.16065664760997,29.585593842943297,41.195276063211644,8.247901883857862,12.217201110347041,21.17332720829089,14.826892230106699,18.509994994767634,26.800612242872397,7.541934861109225,39.4026984382126,11.767259959225985,27.95377341602003,9.735740191869017,32.08825959589853,18.116977597212713,31.67229959164153,34.44970333352476,6.5678096797693275,38.994304013038885,23.816868311685965,44.56756892142292,22.04870101079249,16.20848571792653,18.322847215226233,16.50584490709329],
        [34.00872894342624,19.929950521655353,12.995003735024834,14.115136186638129,22.37768294158723,18.001741765100842,20.2661010340507,23.313720413779077,22.157197743604012,40.33108709427796,44.38548902215368,40.29766595769563,32.47894364188237,22.216548419083626,0.0,33.31592249429823,14.023846009865858,48.37245273958608,30.42507487657422,12.306279650564903,9.388609180781028,8.276565744289362,32.29852977293449,25.19186695201982,29.40203672242984,45.08866731210355,22.38865081926972,40.93932715646661,13.466610975594056,37.850387310611154,25.35428591732178,12.672606173331936,34.489825540693495,15.648749030954837,43.51696631330428,25.291391580230318,48.60479610794195,4.784657558829562,12.634064056916785,38.4038075780732,34.00872894342624],
        [15.568096627028787,20.787015168505707,40.022544351873655,21.86856842038729,42.60800679277268,20.641744527437442,29.513684061422847,38.79347662925374,43.40039151753408,30.978935411023585,45.27855991049875,12.687503510979617,2.8417827728189953,11.16065664760997,33.31592249429823,0.0,40.2763226752021,43.18175960301329,2.9158625772911373,22.445295280026414,31.994654699616277,25.632787413209734,20.37845771151892,34.60424374064323,5.7025697725350355,42.38364556589036,17.193262562916008,27.961247406922574,20.77394467350077,35.929492522306155,24.340544532465774,42.68270934000852,40.61024854623334,17.693563405021983,42.618696645765475,31.050308125276153,47.92245447870313,33.18067568286877,26.655314977550564,13.061072753524972,15.568096627028787],
        [35.176524028057656,32.48955097082844,1.148272136706661,26.24076900488107,9.118756123956029,30.358696235999236,15.18806141412119,12.192351769468306,8.561438932118,35.736062909994224,34.85261342321515,43.381494843447335,40.359207608291165,29.585593842943297,14.023846009865858,40.2763226752021,0.0,40.620027128529046,37.428589777689325,24.085375523550166,8.460683020207377,20.259690850409896,31.36805580270199,16.74305605003319,35.13633337519031,36.837395432937235,34.11154027417938,37.740973075020406,19.961130162328963,30.655278931349134,22.758567708192373,5.047585013248537,24.60374735700195,23.920016039153325,34.80027630527725,18.90116528969993,39.12327196034211,9.920311744363467,13.652597561210117,40.970699549827415,35.176524028057656],
        [27.626603333284933,54.35977217193692,41.51815027698324,50.02716477162006,33.46186453648107,52.59547567723719,28.108992400232026,28.67919482783764,34.6527177424159,12.204868716537506,8.34956939167086,33.9916867780793,45.611001293313436,41.195276063211644,48.37245273958608,43.18175960301329,40.620027128529046,0.0,42.27730644899256,48.44538698234672,39.293601881353155,47.57246339264009,23.18037103752017,24.03460075454534,38.60342033849152,4.013366677506087,52.828569685597984,15.662404007017882,39.78125116071,10.524377778791608,24.53301958084485,45.667602829220314,16.68938142490797,42.25063198704101,6.441440574390522,23.103780971687424,6.913450787206118,44.034061440205264,36.11965634789307,31.91199599373663,27.626603333284933],
        [14.924334749839092,18.700546732765883,37.15789777593372,19.25984718145436,39.965646433497994,18.34256555064884,27.02331938297041,36.28585604865954,40.73007245426184,30.1278032463693,43.87488445530716,13.846613009581526,3.611958518082297,8.247901883857862,30.42507487657422,2.9158625772911373,37.428589777689325,42.27730644899256,0.0,19.716560397531143,29.119967147541804,22.80384406440102,19.184588685988388,32.30093929865003,3.748355654305177,41.227163695146885,15.273265757655627,27.411094750668976,17.86448185636573,34.5169221772427,22.26054585916705,39.78298506153624,38.69497291754978,14.791146920262468,41.30703881769092,28.840345527699284,46.70557684513091,30.265374528538583,23.83079843590428,13.663577481137146,14.924334749839092],
        [27.58974817789255,8.460621505205307,23.325473650422765,2.198922334750732,30.509003894686447,6.294863223165815,22.533660443941784,29.373564778946445,30.718864299225096,38.16483730968939,46.49558342284066,31.714954030097804,21.096073927487232,12.217201110347041,12.306279650564903,22.445295280026414,24.085375523550166,48.44538698234672,19.716560397531143,0.0,16.277584271042247,4.076220511847122,27.945297634937305,28.698721785548035,19.743353245192274,45.873980286877554,10.213580413263657,37.483690508338114,8.699878877133735,38.29299751607428,23.912698282121134,24.301589160872744,37.82270182538014,6.85760160158825,44.875518351796664,27.087542764570667,50.388969895264836,14.432054513906076,14.46420781258031,30.368803289596897,27.58974817789255],
        [28.460358216917214,24.735622673881927,8.060809225427032,18.47468525449937,14.328003874051674,22.560732070836472,11.288563729285809,14.195978599732745,14.461905429399684,32.08600176399664,35.02865562098703,36.082992878643616,31.96657499667616,21.17332720829089,9.388609180781028,31.994654699616277,8.460683020207377,39.293601881353155,29.119967147541804,16.277584271042247,0.0,12.817359412933037,25.51943883892058,15.821522375302742,27.017186159470054,35.89572981654956,26.006910200944244,33.25465275301963,11.50708595597955,28.807912503979008,17.535835259589508,10.906887599176882,25.101335809014056,15.467114167983,34.24410703054819,16.204395250395045,39.262174238546734,4.763069584846628,5.788356756734686,33.81882961573404,28.460358216917214],
        [28.845789627943905,12.252198949902567,19.448347461960562,6.075944352186363,27.145028463959527,10.159018632176872,20.552955376475683,26.5001228998021,27.259689687437888,37.95885525606363,44.95547802399885,33.915157882892856,24.542989512349422,14.826892230106699,8.276565744289362,25.632787413209734,20.259690850409896,47.57246339264009,22.80384406440102,4.076220511847122,12.817359412933037,0.0,28.393952979704956,26.514572775524854,22.311943612742834,44.74942286512467,14.277162563978584,37.72967385502302,8.288557412221977,37.20642761737039,23.19814639298996,20.256651675835343,35.82807936923065,8.500654892843746,43.5590635494202,25.383021781750074,48.97872614297943,10.46763277334538,12.154530270585209,32.32554486240973,28.845789627943905],
        [5.711525966864031,32.319979985667466,31.709795962999387,29.0489104308111,29.320051184787598,30.822657641013507,16.38277560992772,24.211543884387194,30.44394379648342,11.221069701224511,24.933614451438867,14.616200724746376,22.62136673077931,18.509994994767634,32.29852977293449,20.37845771151892,31.36805580270199,23.18037103752017,19.184588685988388,27.945297634937305,25.51943883892058,28.393952979704956,0.0,18.494745832125595,15.469666604857773,22.051322913373596,30.277245892896588,9.593949803229275,20.114298990937844,15.618112939078626,8.689933954495135,35.6314204965545,21.522483738954776,21.149477235218814,22.24190279490863,14.674805791878995,27.559746391422593,29.3212085611453,20.130671681136015,11.95711052617023,5.711525966864031],
        [23.751037747516314,36.389091989804236,17.572634232786683,30.724596397948467,11.40381551236526,34.28004142823939,6.241519562696822,6.012777671223643,12.624618233479824,19.54714566995774,19.209927985636295,32.79135825483091,35.85470467279287,26.800612242872397,25.19186695201982,34.60424374064323,16.74305605003319,24.03460075454534,32.30093929865003,28.698721785548035,15.821522375302742,26.514572775524854,18.494745832125595,0.0,28.901946882166477,20.39286208616082,36.25483578360776,22.22188279195851,20.504557518318705,13.913863332678929,10.664118795886006,21.76825644671628,9.392580972466734,24.315129937156584,18.56493921389414,3.8561867692128957,23.453763733973805,20.56461231965724,14.371493013341524,30.133739387670737,23.751037747516314],
        [11.467532120569452,20.303296827030916,34.95912748438101,19.703519964242425,37.04038984148258,19.562960531746153,23.84936761622689,33.13044805078946,37.863339187952,26.48543938984602,40.126528822026685,12.167852943965679,7.3156219920442025,7.541934861109225,29.40203672242984,5.7025697725350355,35.13633337519031,38.60342033849152,3.748355654305177,19.743353245192274,27.017186159470054,22.311943612742834,15.469666604857773,28.901946882166477,0.0,37.49852997095554,17.23238597110848,23.90378411938369,16.24102919518492,30.768605502145846,18.68189951327669,37.850665190188785,35.0421459299312,13.888920998060795,37.561681728513,25.35814653275168,42.967524512166804,28.678636358865297,21.484927807580835,11.333788552915184,11.467532120569452],
        [27.00557945258824,52.1654841897453,37.76009702646019,47.551762909635194,29.51450768827838,50.32251240713209,24.847892231272226,24.81234154725363,30.697278524665585,11.945191167729542,4.927773375167742,34.159358332484054,44.671878891118595,39.4026984382126,45.08866731210355,42.38364556589036,36.837395432937235,4.013366677506087,41.227163695146885,45.873980286877554,35.89572981654956,44.74942286512467,22.051322913373596,20.39286208616082,37.49852997095554,0.0,50.863677280467385,15.952140341194443,37.17561126517561,7.5810927085145625,22.055915890561707,41.88261629238435,12.704456960661618,39.90723458841941,2.4651813927712833,19.80893512496366,5.602581571455561,40.654287075109906,33.04610867854427,31.892093555055336,27.00557945258824],
        [27.946318419086815,3.787085838188793,33.40762861462561,8.273741916421844,39.89087030270063,4.685512238714468,30.034364955178976,38.03504902324274,40.23474718309312,41.39530675549311,52.33881634333224,29.04740287485387,14.879606403112208,11.767259959225985,22.38865081926972,17.193262562916008,34.11154027417938,52.828569685597984,15.273265757655627,10.213580413263657,26.006910200944244,14.277162563978584,30.277245892896588,36.25483578360776,17.23238597110848,50.863677280467385,0.0,39.69716132725063,15.95240893220393,43.42601887423284,29.076972321435402,34.513735520466,44.76332843948724,11.946407854497963,50.29372727456198,33.87887687246145,55.88311591706331,24.611977467052416,22.99906105313855,28.5328756096913,27.946318419086815],
        [12.488273922183774,41.86350402076828,38.29834669571883,38.63073114136309,33.621394964267814,40.400533571446786,22.657857927972685,28.220441090695996,34.84566594133852,4.2196748769382415,20.12915837072927,18.350388022737782,30.53825272853482,27.95377341602003,40.93932715646661,27.961247406922574,37.740973075020406,15.662404007017882,27.411094750668976,37.483690508338114,33.25465275301963,37.72967385502302,9.593949803229275,22.22188279195851,23.90378411938369,15.952140341194443,39.69716132725063,0.0,29.445445522402736,12.385799866447888,15.738670105921075,42.439458431129786,20.999882915023807,30.71846360436083,17.104435569383458,19.06921246067866,21.47842066733602,37.4926248311486,28.39445469002725,16.252034495999908,12.488273922183774],
        [20.883274675130032,15.887569520329956,19.553385803191173,10.476220709686814,24.299788853926614,13.795076240541905,14.264511513901558,22.09977105306068,24.780742180768186,29.773788274233418,37.838158669024,26.83105548787744,20.532944861951606,9.735740191869017,13.466610975594056,20.77394467350077,19.961130162328963,39.78125116071,17.86448185636573,8.699878877133735,11.50708595597955,8.288557412221977,20.114298990937844,20.504557518318705,16.24102919518492,37.17561126517561,15.95240893220393,29.445445522402736,0.0,29.594891075989853,15.25477130338085,21.941378967480958,29.393182825606488,4.20263446529117,36.18148284840129,18.55404469399205,41.703432326548274,12.457274436405921,7.184250467720324,24.960618737986234,20.883274675130032],
        [21.051604245011085,44.638731432742105,31.48397070206994,39.97360535385401,24.33344901128554,42.77579435633487,17.590935118028753,19.164262143595366,25.568877540892945,8.30051593003394,9.359392568096256,29.12374987834162,38.046478549317776,32.08825959589853,37.850387310611154,35.929492522306155,30.655278931349134,10.524377778791608,34.5169221772427,38.29299751607428,28.807912503979008,37.20642761737039,15.618112939078626,13.913863332678929,30.768605502145846,7.5810927085145625,43.42601887423284,12.385799866447888,29.594891075989853,0.0,14.496935261563232,35.68204863214999,9.02791330171397,32.35181244422041,6.909278243139693,12.604123191454573,12.480341589903793,33.53647349289327,25.617863077192517,26.637667657231045,21.051604245011085],
        [13.339251889764968,30.155160982998698,23.1549980178936,25.523072115991912,20.82476773235538,28.279764065621674,7.69325617812401,15.918905318831035,21.909643805254078,15.017856717861179,23.261949442951767,22.293796738294223,25.86774167736862,18.116977597212713,25.35428591732178,24.340544532465774,22.758567708192373,24.53301958084485,22.26054585916705,23.912698282121134,17.535835259589508,23.19814639298996,8.689933954495135,10.664118795886006,18.68189951327669,22.055915890561707,29.076972321435402,15.738670105921075,15.25477130338085,14.496935261563232,0.0,27.162228217120948,16.53099772177503,17.85498167720415,21.277277379250826,6.872739060254539,26.86128195002551,21.762506968437776,12.732174343470513,19.661429839429047,13.339251889764968],
        [39.068340003963534,32.39427969525224,4.2164789406089005,26.32717209487105,13.60011765156191,30.36970227535245,19.786972111990952,17.189323719405,12.799095319251451,40.58997137935014,39.84482467061691,46.92638658537393,42.45585219507602,31.67229959164153,12.672606173331936,42.68270934000852,5.047585013248537,45.667602829220314,39.78298506153624,24.301589160872744,10.906887599176882,20.256651675835343,35.6314204965545,21.76825644671628,37.850665190188785,41.88261629238435,34.513735520466,42.439458431129786,21.941378967480958,35.68204863214999,27.162228217120948,0.0,29.606423494930166,25.52398428135628,39.83662406065375,23.784850876100784,44.10826023544786,10.000401029633032,16.664398994288362,44.61551167381441,39.068340003963534],
        [27.233818430479698,45.23156825873258,25.599449996556675,39.78442796308909,16.84610768899146,43.17417255849745,15.313115025524041,12.41721878162779,18.013999597129715,17.141121736690625,10.254971694127688,36.01390628748143,42.30688264229,34.44970333352476,34.489825540693495,40.61024854623334,24.60374735700195,16.68938142490797,38.69497291754978,37.82270182538014,25.101335809014056,35.82807936923065,21.522483738954776,9.392580972466734,35.0421459299312,12.704456960661618,44.76332843948724,20.999882915023807,29.393182825606488,9.02791330171397,16.53099772177503,29.606423494930166,0.0,32.94630209978884,10.430551428734482,10.894648070704426,14.53407971394864,29.80155997486696,23.674067875352364,33.38954020774728,27.233818430479698],
        [20.76815487973224,12.371971823531256,23.438517195483932,7.932033646808457,28.502252050954873,10.433386715549638,18.089363868245083,26.229379785648053,28.977646315126464,31.58434222989124,40.945908723153174,25.418561035891617,17.063789418598898,6.5678096797693275,15.648749030954837,17.693563405021983,23.920016039153325,42.25063198704101,14.791146920262468,6.85760160158825,15.467114167983,8.500654892843746,21.149477235218814,24.315129937156584,13.888920998060795,39.90723458841941,11.946407854497963,30.71846360436083,4.20263446529117,32.35181244422041,17.85498167720415,25.52398428135628,32.94630209978884,0.0,39.100592208645914,22.05217810003415,44.67170242378796,15.700642534331324,11.385808220473503,23.873053665991137,20.76815487973224],
        [27.45415547924063,51.4290198708108,35.74879100604977,46.62102305225278,27.27572118233382,49.53376548374835,23.37181422243369,22.696080260986914,28.44437376828582,12.941316651911858,3.035862579105701,35.01577348149,44.80833672568702,38.994304013038885,43.51696631330428,42.618696645765475,34.80027630527725,6.441440574390522,41.30703881769092,44.875518351796664,34.24410703054819,43.5590635494202,22.24190279490863,18.56493921389414,37.561681728513,2.4651813927712833,50.29372727456198,17.104435569383458,36.18148284840129,6.909278243139693,21.277277379250826,39.83662406065375,10.430551428734482,39.100592208645914,0.0,18.344990512572608,5.589525653496898,39.00710443966812,31.690862020301445,32.65610092933457,27.45415547924063],
        [19.895401779024645,34.35203435782819,19.576178798737576,28.995880683153434,14.862466442114613,32.30811631070901,5.039975618505773,9.595087807304125,16.04348436243778,16.83664177531035,19.57800276062657,28.93517564544122,32.42362915107993,23.816868311685965,25.291391580230318,31.050308125276153,18.90116528969993,23.103780971687424,28.840345527699284,27.087542764570667,16.204395250395045,25.383021781750074,14.674805791878995,3.8561867692128957,25.35814653275168,19.80893512496366,33.87887687246145,19.06921246067866,18.55404469399205,12.604123191454573,6.872739060254539,23.784850876100784,10.894648070704426,22.05217810003415,18.344990512572608,0.0,23.649250144667587,20.933585086366193,13.369383536358834,26.27763256888667,19.895401779024645],
        [32.589803456738224,57.00832804437626,40.128278744165534,52.1575093761002,31.047219280856766,55.105032859787045,28.631895879665862,26.930928942442495,32.14529089451254,17.53016705687438,4.283221361191657,39.74071963633287,50.175728129153306,44.56756892142292,48.60479610794195,47.92245447870313,39.12327196034211,6.913450787206118,46.70557684513091,50.388969895264836,39.262174238546734,48.97872614297943,27.559746391422593,23.453763733973805,42.967524512166804,5.602581571455561,55.88311591706331,21.47842066733602,41.703432326548274,12.480341589903793,26.86128195002551,44.10826023544786,14.53407971394864,44.67170242378796,5.589525653496898,23.649250144667587,0.0,44.0139186415416,37.01844334365622,37.48839882331095,32.589803456738224],
        [31.699288333291165,22.716806889167554,9.033414470599366,16.52717115276044,17.763642628625373,20.625168889664543,15.972195091284451,18.529121488829684,17.630450332189362,36.54970082572266,39.774532903378315,38.73073914557607,32.74605442332819,22.04870101079249,4.784657558829562,33.18067568286877,9.920311744363467,44.034061440205264,30.265374528538583,14.432054513906076,4.763069584846628,10.46763277334538,29.3212085611453,20.56461231965724,28.678636358865297,40.654287075109906,24.611977467052416,37.4926248311486,12.457274436405921,33.53647349289327,21.762506968437776,10.000401029633032,29.80155997486696,15.700642534331324,39.00710443966812,20.933585086366193,44.0139186415416,0.0,9.194909190422306,36.63124925088019,31.699288333291165],
        [22.751234651734638,22.519064245693897,13.492747014194146,16.56785867772566,17.123007497332782,20.352060747868425,8.431541185186248,15.077382317956868,17.632962853656007,27.697161924479385,32.928732756242894,30.294708503988385,26.869159453183343,16.20848571792653,12.634064056916785,26.655314977550564,13.652597561210117,36.11965634789307,23.83079843590428,14.46420781258031,5.788356756734686,12.154530270585209,20.130671681136015,14.371493013341524,21.484927807580835,33.04610867854427,22.99906105313855,28.39445469002725,7.184250467720324,25.617863077192517,12.732174343470513,16.664398994288362,23.674067875352364,11.385808220473503,31.690862020301445,13.369383536358834,37.01844334365622,9.194909190422306,0.0,28.034949389162183,22.751234651734638],
        [6.387712800718361,31.635653161089195,41.08491095784885,30.639127449762352,40.42108635596326,30.842368121365272,26.957397552850434,35.579807699708056,41.46683141574631,19.966032085030466,35.57338250495198,2.6677605554072943,15.887480605109717,18.322847215226233,38.4038075780732,13.061072753524972,40.970699549827415,31.91199599373663,13.663577481137146,30.368803289596897,33.81882961573404,32.32554486240973,11.95711052617023,30.133739387670737,11.333788552915184,31.892093555055336,28.5328756096913,16.252034495999908,24.960618737986234,26.637667657231045,19.661429839429047,44.61551167381441,33.38954020774728,23.873053665991137,32.65610092933457,26.27763256888667,37.48839882331095,36.63124925088019,28.034949389162183,0.0,6.387712800718361],
        [0.0,30.51683417769708,35.373728806564635,28.289726759736112,34.15075283804537,29.325672459904954,20.777699159876974,29.2417161123378,35.218588285526934,15.421824714984284,30.25498303716923,9.052540597558519,18.077423973961213,16.50584490709329,34.00872894342624,15.568096627028787,35.176524028057656,27.626603333284933,14.924334749839092,27.58974817789255,28.460358216917214,28.845789627943905,5.711525966864031,23.751037747516314,11.467532120569452,27.00557945258824,27.946318419086815,12.488273922183774,20.883274675130032,21.051604245011085,13.339251889764968,39.068340003963534,27.233818430479698,20.76815487973224,27.45415547924063,19.895401779024645,32.589803456738224,31.699288333291165,22.751234651734638,6.387712800718361,0.0]
    ],
    "end_depot": 40,
    "start_depot": 0,
    "truck_dist": [
        [0.0,36.671980627429406,50.014138427487644,29.13289081689856,46.514896151280446,33.834638830449784,28.859370409257046,38.932505688319544,48.20697713923943,21.482767053418122,38.599836505157384,11.247247420709558,25.544274610268324,19.417608893102862,44.36309219213584,21.857957973762304,49.74448553226024,38.4993684484931,21.05923368383896,28.78619777689585,39.78181047772437,33.58882224442837,5.731464512057212,30.433453112168873,15.962537928488942,36.29590505147658,35.412803729427765,17.642712505816757,25.78024767254407,25.93129689984318,17.98091357183071,55.08960691351851,27.336524172601802,22.240715650370984,35.67818965874808,25.528606694180063,43.577026929866335,43.21913155128325,31.595923498696436,8.006244702617277,0.0],
        [36.671980627429406,0.0,35.582330813560056,7.539089810530848,49.668606145082954,2.8373417969796253,42.200299027992415,50.61529168392093,49.19337339132581,58.154747680847535,75.27181713258679,34.00071250450643,23.79103421590146,17.254371734326547,21.609627108338966,25.39182411816864,37.18368808661602,75.1713490759225,21.34626499142481,10.332974826365334,30.55711883136942,13.521382821943131,42.40344513948662,50.885654319944955,20.709442698940467,72.96788567890599,5.205623097301531,54.314693133246166,22.263609718262032,62.60327752727259,42.37794497007569,32.4523134077771,63.80270451695047,17.489095506143936,72.35017028617749,48.50178468969092,80.24900755729576,24.764150026218637,30.594565500823023,32.48798786802659,36.671980627429406],
        [50.014138427487644,35.582330813560056,0.0,28.04324100302921,14.086275331522899,32.74498901658043,21.154768018230598,15.032960870360869,13.611042577765751,46.25168247319755,39.68948631902674,61.26138584819721,51.05170755959223,37.05874198166139,17.487307414022748,52.65249746185941,1.6013572730559655,43.36154099967688,48.606938335115586,25.249355987194722,10.232327949763278,22.060947991616924,44.32262085417269,19.580685315318775,47.149532214735856,38.13096041677397,34.32315391555842,50.819536805985926,24.233890754943573,35.388547031946715,32.03322485565694,5.075468486030864,28.220373703390415,27.77342277711666,36.76783947261743,24.48553173330758,44.66667674373569,10.818180787341419,18.41821492879121,58.020383130104925,50.014138427487644],
        [29.13289081689856,7.539089810530848,28.04324100302921,0.0,42.12951633455211,4.701748013551223,34.66120921746156,43.076201873390076,41.65428358079496,50.61565787031668,67.73272732205595,38.667895715958274,28.458217427353304,14.465251849422462,16.942443896887116,30.059007329620485,29.644598276085173,67.63225926539167,26.01344820287666,2.793885015834486,23.018029020838572,6.168173949179652,34.86435532895577,43.34656450941411,24.55604208249693,65.42879586837515,9.872806308753379,46.77560332271532,14.724519907731185,55.06418771674174,34.838855159544835,27.66895861826979,56.26361470641962,9.95000569561309,64.81108047564663,40.96269487916007,72.7099177467649,17.22506021568779,23.055475690292177,35.42689299786599,29.13289081689856],
        [46.514896151280446,49.668606145082954,14.086275331522899,42.12951633455211,0.0,46.83126434810333,17.6555257420234,7.582390462960904,1.692080987958981,42.75244019699035,28.054651869746294,57.76214357199001,47.55246528338503,33.55949970545419,31.573582745545647,49.15325518565221,12.484918058466933,39.862298723469685,45.10769605890839,39.33563131871762,19.111487313713535,36.147223323139826,40.82337857796549,16.081443039111576,43.650289938528665,34.631718140566775,48.40942924708131,47.32029452977873,27.404996426820922,31.889304755739516,28.53398257944974,17.216292737305857,19.178371978678648,32.17951063893902,31.20058621478517,20.986289457100384,31.50712141112136,24.904456118864317,19.07404064425993,54.52114085389773,46.514896151280446],
        [33.834638830449784,2.8373417969796253,32.74498901658043,4.701748013551223,46.83126434810333,0.0,39.362957231012786,47.7779498869413,46.35603159434618,55.317405883867906,72.43447533560717,35.230728103551975,25.021049814947006,14.417029937346921,20.37961150929342,26.621839717214186,34.346346289636394,72.33400727894288,22.57628059047036,7.495633029385709,27.719777034389793,10.684041024963506,39.56610334250699,48.04831252296533,21.11887447009063,70.13054388192637,6.4356386963470795,51.47735133626654,19.42626792128241,59.76593573029296,39.54060317309606,31.106126230676093,60.96536271997084,14.65175370916431,69.51282848919786,45.66444289271129,77.41166576031611,21.92680822923901,27.757223703843398,31.989725385459696,33.834638830449784],
        [28.859370409257046,42.200299027992415,21.154768018230598,34.66120921746156,17.6555257420234,39.362957231012786,0.0,10.073135279062498,19.34760672998238,25.096914454966942,33.07151810459439,40.10661782996661,31.072593010831326,24.945927293665864,24.1052756284551,31.497729443628813,20.885115123003192,32.97105004793009,27.452170316884988,31.867324201627078,11.64318019662299,28.67891620604928,23.16785283594209,8.685355291952543,25.99476419650526,30.767586650913582,40.941122129990774,29.664768787755325,19.936689309730376,20.402978499280177,10.878456837426338,26.230236504261466,21.60240548895806,24.711203521848475,30.149871258185076,6.301485661698507,38.04870852930334,17.43614900177377,11.605733527169386,36.86561511187432,28.859370409257046],
        [38.932505688319544,50.61529168392093,15.032960870360869,43.076201873390076,7.582390462960904,47.7779498869413,10.073135279062498,0.0,9.274471450919885,35.17004973402944,24.65652544866587,50.17975310902911,39.97007482042413,33.360919949594376,32.52026828438362,41.57086472269131,13.431603597304903,32.279908260508776,37.525305595947486,40.28231685755559,20.058172852551508,37.093908861977795,33.24098811500458,8.499052576150671,36.067899475567756,27.04932767760587,49.35611478591928,39.73790406681782,28.35168196565889,24.30691429277861,20.951592116488836,18.16297827614383,13.187412833029544,33.12619617777699,23.618195751824263,13.403898994139482,29.633715873374822,25.851141657702286,20.0207261830979,46.93875039093682,38.932505688319544],
        [48.20697713923943,49.19337339132581,13.611042577765751,41.65428358079496,1.692080987958981,46.35603159434618,19.34760672998238,9.274471450919885,0.0,44.44452118494932,29.746732857705275,59.45422455994899,49.244546271344014,35.25158069341317,31.0983499917885,50.845336173611194,12.009685304709786,41.554379711428666,46.79977704686737,38.86039856496048,18.636254559956388,35.67199056938267,42.51545956592447,17.773524027070557,45.34237092648764,36.323799128525756,47.93419649332417,49.01237551773771,26.929763673063775,33.5813857436985,30.226063567408723,16.74105998354871,20.87045296663763,31.70427788518187,32.89266720274415,22.678370445059365,33.19920239908034,24.42922336510717,18.598807890502783,56.21322184185671,48.20697713923943],
        [21.482767053418122,58.154747680847535,46.25168247319755,50.61565787031668,42.75244019699035,55.317405883867906,25.096914454966942,35.17004973402944,44.44452118494932,0.0,17.117069451739265,27.598027309386993,47.02704166368645,40.90037594652098,40.600636237845734,43.340725027180426,45.98202957797014,17.016601395074975,42.542000737257084,47.8217728544822,36.01935452343426,44.6333648589044,15.75130254136091,26.67099715787877,37.445304981907064,14.813137998058462,56.895570782845894,4.567854332788382,35.891137962585496,10.86313544125083,15.776802710771843,51.327150959228405,23.574068218311698,40.665652174703595,14.195422605329956,21.76615073988996,22.094259876448216,39.45667559699315,27.833467544406336,25.66675981282094,21.482767053418122],
        [38.599836505157384,75.27181713258679,39.68948631902674,67.73272732205595,28.054651869746294,72.43447533560717,33.07151810459439,24.65652544866587,29.746732857705275,17.117069451739265,0.0,44.71509676112626,64.14411111542572,58.01744539826025,57.17679373304949,60.457794478919695,38.088129045970774,11.80764685372339,59.65907018899635,64.93884230622146,44.714698301217375,61.75043431064367,32.868371993100176,24.386162812641842,54.56237443364633,6.577066270820481,74.01264023458515,20.95712399934063,53.00820741432476,12.668539605314209,32.89387216251111,42.8195037248097,11.469112615636327,57.782721626442864,3.1459343450388744,26.77003244289588,4.977190424708951,50.50766710636816,44.677251631763774,42.783829264560204,38.599836505157384],
        [11.247247420709558,34.00071250450643,61.26138584819721,38.667895715958274,57.76214357199001,35.230728103551975,40.10661782996661,50.17975310902911,59.45422455994899,27.598027309386993,44.71509676112626,0.0,19.429014354299454,24.202643866535816,55.610339612845394,15.742697717793432,60.9917329529698,44.61462870446197,14.943973427870088,40.03344519760541,51.029057898433926,44.83606966513793,16.938764994024517,41.68070053287843,14.111853633461346,42.41116530744546,29.297543473458894,23.75797276178563,37.02749509325363,32.04655715581205,29.228160992540264,66.33685433422806,38.58377159331136,33.48796307108054,41.79344991471695,36.775854114889626,49.69228718583521,54.46637897199281,42.843170919406,3.2410027180922807,11.247247420709558],
