{
    "drone_dist": [
        [0.0,50.95396361725815,11.896592937043541,46.859659273690845,45.734172001703534,34.211839763341104,36.55843215991529,5.53720543183073,37.47108145903497,8.746688067848906,23.851876736243693,12.25504652083213,48.57531954631952,32.23147120446569,36.72892185181518,37.51147587655717,25.29707724794817,7.050270840750951,43.69070054848283,23.96339592484625,43.967820958712046,18.88455871467737,43.16216422383335,10.49140687933195,7.2542364584335415,21.611029216439885,45.3050224023645,34.44883778199663,32.36097153317428,51.357136622014394,0.0],
        [50.95396361725815,0.0,40.34289817246735,6.921393525630161,5.784349820913679,19.233235914206585,23.332146534128476,46.175078818579905,27.91274177795575,52.992351256159495,33.02739060135309,45.530174917703846,8.342972088475697,20.635742144063432,37.26177808722089,16.662149711149837,36.39037035164368,49.541431252475064,13.256599118503798,27.12502761311752,22.153595957681834,33.23842962112945,34.54882642969972,47.60664487569847,43.93086683973117,31.04424596924647,25.93828089230624,19.766997258964288,20.253062901530722,20.64665208291852,50.95396361725815],
        [11.896592937043541,40.34289817246735,0.0,35.66355184067764,35.503269805229515,22.627835952459876,29.9792121180009,9.582130246082706,25.778919998203094,12.820629099182936,19.63893754915632,7.006395801825663,37.17445722107887,23.658958021365983,26.220431066493955,28.847820734762994,14.508671205843534,9.237164296145028,32.050507343901884,14.588727107449968,32.080997045775284,12.381822088277469,32.09256380999984,8.13328966882021,4.929369835316344,9.863614976523223,33.52407455464924,22.763328563437188,23.627510107324998,39.460918831018574,11.896592937043541],
        [46.859659273690845,6.921393525630161,35.66355184067764,0.0,7.7536802369710145,13.431341258783723,24.472405869724525,42.45971743468567,21.018442389786525,47.99624440775941,31.659164063092582,40.2541155280338,2.809714753970169,19.385797287114016,30.36640232526699,16.987161762617575,30.12571609889484,44.69694281870218,6.335333328125356,23.77573807850894,15.348465272093502,30.334421965886648,27.67947474403889,42.446796340704005,39.66746639382852,25.978022242590882,19.224425839396133,13.72659557941083,18.893381330380222,14.968016732937524,46.859659273690845],
        [45.734172001703534,5.784349820913679,35.503269805229515,7.7536802369710145,0.0,15.926471608658023,17.863875608916796,40.818669930929346,26.51934805436552,48.27300036367392,27.24719982331763,41.071016774254794,10.395057923272276,14.877971003073567,35.71240148451245,10.928885330586025,33.13355929076011,44.73928891445941,12.957046986931468,21.787234690948917,22.23842832884664,27.690703734641158,34.115794525116236,43.04001284346744,38.82921194953278,26.597930148897536,26.246722859980004,16.717639865075313,14.509515862713878,22.708346006545394,45.734172001703534],
        [34.211839763341104,19.233235914206585,22.627835952459876,13.431341258783723,15.926471608658023,0.0,22.904522148327924,30.305666245197017,12.5344215841329,34.673563184012544,23.95788080585332,26.85103509815164,14.615582684584798,14.68479836550746,20.817640496356322,16.420985182996823,17.264838872245104,31.464948946397765,9.484365796799958,13.432453424299934,12.966590387079522,19.98147745951636,21.246990270045355,29.074195101029513,26.957855447282387,12.784436585572484,16.341119094464784,1.1618274639536088,14.166523849203974,18.712764821126697,34.211839763341104],
        [36.55843215991529,23.332146534128476,29.9792121180009,24.472405869724525,17.863875608916796,22.904522148327924,0.0,31.038451094853453,35.35790133512859,42.00157775281438,13.187425834270226,36.89035095051026,27.278208562488295,8.518547910346571,42.80574769413412,7.566370206133432,35.27812601860705,38.31035385060118,27.021793282025353,16.302219752363975,34.828024734235825,18.085213042929,44.12878352461992,38.08026518222491,31.164293448653787,25.134575766095796,38.6576489465997,24.06537488967559,8.959171338150194,38.12928435682548,36.55843215991529],
        [5.53720543183073,46.175078818579905,9.582130246082706,42.45971743468567,40.818669930929346,30.305666245197017,31.038451094853453,0.0,35.140897496936475,12.88734574364098,18.322594297326514,13.099625526288241,44.3397398034922,26.966072531152758,35.76025366234592,32.21870663319322,24.056641440063274,9.913164706049672,39.764884842016926,19.053695919487563,40.99167940036348,13.532807317292356,41.66946859955085,12.23515170337439,4.8727397582098035,18.230220784802412,42.74205355251407,30.68091654643125,27.126987088648196,48.14689055517539,5.53720543183073],
        [37.47108145903497,27.91274177795575,25.778919998203094,21.018442389786525,26.51934805436552,12.5344215841329,35.35790133512859,35.140897496936475,0.0,34.88039440203959,34.444902532283116,26.853662241159427,20.474683900987458,26.984790052039955,9.34916179972541,28.94262294470127,13.22912335118423,32.5796620214348,14.72245460104495,23.28706074272858,8.093782765686832,28.742795410122923,8.803288335835035,29.26410368601644,30.704927493677467,17.495080103742957,7.956043011620675,11.378925187789672,26.491115601249764,15.567103371868605,37.47108145903497],
        [8.746688067848906,52.992351256159495,12.820629099182936,47.99624440775941,48.27300036367392,34.673563184012544,42.00157775281438,12.88734574364098,34.88039440203959,0.0,30.23995981775453,8.112135998114946,49.28380759954611,36.3000163293168,32.068509829812314,41.54370471604219,21.746285567282396,3.704416040997223,43.839840221157324,27.31644733052222,42.25798085494026,23.924292929270273,39.0469389682483,5.719824318714208,10.89561180870764,22.03370903108654,42.83162967028379,34.61699362827891,36.306279148672964,49.88425227775969,8.746688067848906],
        [23.851876736243693,33.02739060135309,19.63893754915632,31.659164063092582,27.24719982331763,23.95788080585332,13.187425834270226,18.322594297326514,34.444902532283116,30.23995981775453,0.0,26.582845756255967,34.20460566780881,12.452084366721827,39.54004202308778,16.700294766603598,29.443801326675935,26.664558130987675,31.650718337752142,11.158728593619282,36.90659839524122,7.501847078552311,42.967736047816786,27.220562677731365,19.396638638717253,18.957296011098173,40.07019787261823,24.918557338441246,12.888040966530957,42.315112710983605,23.851876736243693],
        [12.25504652083213,45.530174917703846,7.006395801825663,40.2541155280338,41.071016774254794,26.85103509815164,36.89035095051026,13.099625526288241,26.853662241159427,8.112135998114946,26.582845756255967,0.0,41.41677645668995,30.23954660778408,24.777230538562154,35.31713265657812,13.852655920996648,5.897863104494529,35.87524515614176,21.13733130611217,34.15410653480192,19.385680208823995,31.508239165728057,2.4136703662728154,8.645404213776002,14.499921890908505,34.8097051697335,26.71847204590996,30.15776013310189,41.77585524399682,12.25504652083213],
        [48.57531954631952,8.342972088475697,37.17445722107887,2.809714753970169,10.395057923272276,14.615582684584798,27.278208562488295,44.3397398034922,20.474683900987458,49.28380759954611,34.20460566780881,41.41677645668995,0.0,22.02815041388383,29.749504308737734,19.782319380638633,30.5973638099992,46.07769744913253,5.97393128042766,25.91216034451049,13.997498912590629,32.54312203703685,26.447597132568166,43.66662535697086,41.34423661816831,27.37389518553398,17.66901876469014,14.700112376029807,21.524973229028546,12.539235916742673,48.57531954631952],
        [32.23147120446569,20.635742144063432,23.658958021365983,19.385797287114016,14.877971003073567,14.68479836550746,8.518547910346571,26.966072531152758,26.984790052039955,36.3000163293168,12.452084366721827,30.23954660778408,22.02815041388383,0.0,34.28856081941564,5.29416773584242,27.017858129403265,32.60934228003356,20.294025246607735,9.10514658579811,27.15158458916127,13.452134014781683,35.78130914065153,31.75261948749169,25.889122517559596,17.255709153500693,30.822242495536003,15.832170641200987,0.5470329223595158,31.362835565228135,32.23147120446569],
        [36.72892185181518,37.26177808722089,26.220431066493955,30.36640232526699,35.71240148451245,20.817640496356322,42.80574769413412,35.76025366234592,9.34916179972541,32.068509829812314,39.54004202308778,24.777230538562154,29.749504308737734,34.28856081941564,0.0,37.03790282921574,11.711776372082728,30.6565665555595,24.061545856100405,28.697028660513762,16.492311685931174,32.83482938458008,7.262751670809764,27.008648176566656,30.93733357299637,20.78992156116963,14.43406436834401,19.738328969729814,33.84910128955573,23.029457492684728,36.72892185181518],
        [37.51147587655717,16.662149711149837,28.847820734762994,16.987161762617575,10.928885330586025,16.420985182996823,7.566370206133432,32.21870663319322,28.94262294470127,41.54370471604219,16.700294766603598,35.31713265657812,19.782319380638633,5.29416773584242,37.03790282921574,0.0,30.98417879066194,37.8597784352359,19.512211097551386,14.259198223200638,27.60603056644586,18.688465629361126,37.58078454745055,36.90528585162871,31.179221054413826,21.844031078269154,31.517234500403916,17.569039527135832,5.239411396727087,30.592308588249274,37.51147587655717],
        [25.29707724794817,36.39037035164368,14.508671205843534,30.12571609889484,33.13355929076011,17.264838872245104,35.27812601860705,24.056641440063274,13.22912335118423,21.746285567282396,29.443801326675935,13.852655920996648,30.5973638099992,27.017858129403265,11.711776372082728,30.98417879066194,0.0,19.70992397731727,24.669310163585425,19.50382761600672,20.971554670142158,22.243721007722776,17.86512758464119,16.232743696128342,19.250546683936257,10.605945775478185,21.141183291704063,16.631908389881865,26.69707027450239,28.608169895993207,25.29707724794817],
        [7.050270840750951,49.541431252475064,9.237164296145028,44.69694281870218,44.73928891445941,31.464948946397765,38.31035385060118,9.913164706049672,32.5796620214348,3.704416040997223,26.664558130987675,5.897863104494529,46.07769744913253,32.60934228003356,30.6565665555595,37.8597784352359,19.70992397731727,0.0,40.74554739571982,23.647476570146,39.686837067871124,20.24068604274117,37.40588002480265,3.687057160542327,7.2714029977466685,18.724143006448084,40.52845393274477,31.475483527014944,32.621138395085964,47.264918912212465,7.050270840750951],
        [43.69070054848283,13.256599118503798,32.050507343901884,6.335333328125356,12.957046986931468,9.484365796799958,27.021793282025353,39.764884842016926,14.72245460104495,43.839840221157324,31.650718337752142,35.87524515614176,5.97393128042766,20.294025246607735,24.061545856100405,19.512211097551386,24.669310163585425,40.74554739571982,0.0,22.153390212589798,9.292249347229115,28.84423787223824,21.431313313023786,38.1717392165898,36.436468064664055,22.18734854111867,13.290441133027686,9.29170897956642,19.751522419429588,11.136729524742702,43.69070054848283],
        [23.96339592484625,27.12502761311752,14.588727107449968,23.77573807850894,21.787234690948917,13.432453424299934,16.302219752363975,19.053695919487563,23.28706074272858,27.31644733052222,11.158728593619282,21.13733130611217,25.91216034451049,9.10514658579811,28.697028660513762,14.259198223200638,19.50382761600672,23.647476570146,22.153390212589798,0.0,26.155127415380292,6.6947831539884985,31.82560667988466,22.65741979341935,17.203609570371825,8.99502370991876,29.113144319281194,14.252234381390315,9.046242198147645,32.13406966197035,23.96339592484625],
        [43.967820958712046,22.153595957681834,32.080997045775284,15.348465272093502,22.23842832884664,12.966590387079522,34.828024734235825,40.99167940036348,8.093782765686832,42.25798085494026,36.90659839524122,34.15410653480192,13.997498912590629,27.15158458916127,16.492311685931174,27.60603056644586,20.971554670142158,39.686837067871124,9.292249347229115,26.155127415380292,0.0,32.44858112945676,12.451267774670736,36.56352118237535,36.909888446544784,22.776134520301277,4.033768498973232,11.988611118705393,26.610082868017628,7.648844548008604,43.967820958712046],
        [18.88455871467737,33.23842962112945,12.381822088277469,30.334421965886648,27.690703734641158,19.98147745951636,18.085213042929,13.532807317292356,28.742795410122923,23.924292929270273,7.501847078552311,19.385680208823995,32.54312203703685,13.452134014781683,32.83482938458008,18.688465629361126,22.243721007722776,20.24068604274117,28.84423787223824,6.6947831539884985,32.44858112945676,0.0,36.90322560498464,20.268459483732077,13.080739299172656,12.045389323776712,35.164896389994325,20.72142446499409,13.637382004869911,38.68946905962287,18.88455871467737],
        [43.16216422383335,34.54882642969972,32.09256380999984,27.67947474403889,34.115794525116236,21.246990270045355,44.12878352461992,41.66946859955085,8.803288335835035,39.0469389682483,42.967736047816786,31.508239165728057,26.447597132568166,35.78130914065153,7.262751670809764,37.58078454745055,17.86512758464119,37.40588002480265,21.431313313023786,31.82560667988466,12.451267774670736,36.90322560498464,0.0,33.81377743796172,36.957813467403774,25.145608484260514,9.124323335122078,20.085466505040685,35.28477927247338,17.41223477186023,43.16216422383335],
        [10.49140687933195,47.60664487569847,8.13328966882021,42.446796340704005,43.04001284346744,29.074195101029513,38.08026518222491,12.23515170337439,29.26410368601644,5.719824318714208,27.220562677731365,2.4136703662728154,43.66662535697086,31.75261948749169,27.008648176566656,36.90528585162871,16.232743696128342,3.687057160542327,38.1717392165898,22.65741979341935,36.56352118237535,20.268459483732077,33.81377743796172,0.0,8.337783415473337,16.566416894981984,37.22008003602256,28.978685808673912,31.703593979491895,44.18250111535868,10.49140687933195],
        [7.2542364584335415,43.93086683973117,4.929369835316344,39.66746639382852,38.82921194953278,26.957855447282387,31.164293448653787,4.8727397582098035,30.704927493677467,10.89561180870764,19.396638638717253,8.645404213776002,41.34423661816831,25.889122517559596,30.93733357299637,31.179221054413826,19.250546683936257,7.2714029977466685,36.436468064664055,17.203609570371825,36.909888446544784,13.080739299172656,36.957813467403774,8.337783415473337,0.0,14.385073644595742,38.43100435106426,27.19764318285758,25.954216396468095,44.22693116942227,7.2542364584335415],
        [21.611029216439885,31.04424596924647,9.863614976523223,25.978022242590882,26.597930148897536,12.784436585572484,25.134575766095796,18.230220784802412,17.495080103742957,22.03370903108654,18.957296011098173,14.499921890908505,27.37389518553398,17.255709153500693,20.78992156116963,21.844031078269154,10.605945775478185,18.724143006448084,22.18734854111867,8.99502370991876,22.776134520301277,12.045389323776712,25.145608484260514,16.566416894981984,14.385073644595742,0.0,24.72731140220656,12.89977886743902,17.028620090178133,29.93072034496589,21.611029216439885],
        [45.3050224023645,25.93828089230624,33.52407455464924,19.224425839396133,26.246722859980004,16.341119094464784,38.6576489465997,42.74205355251407,7.956043011620675,42.83162967028379,40.07019787261823,34.8097051697335,17.66901876469014,30.822242495536003,14.43406436834401,31.517234500403916,21.141183291704063,40.52845393274477,13.290441133027686,29.113144319281194,4.033768498973232,35.164896389994325,9.124323335122078,37.22008003602256,38.43100435106426,24.72731140220656,0.0,15.27464816222498,30.2861671999898,8.604077738074018,45.3050224023645],
        [34.44883778199663,19.766997258964288,22.763328563437188,13.72659557941083,16.717639865075313,1.1618274639536088,24.06537488967559,30.68091654643125,11.378925187789672,34.61699362827891,24.918557338441246,26.71847204590996,14.700112376029807,15.832170641200987,19.738328969729814,17.569039527135832,16.631908389881865,31.475483527014944,9.29170897956642,14.252234381390315,11.988611118705393,20.72142446499409,20.085466505040685,28.978685808673912,27.19764318285758,12.89977886743902,15.27464816222498,0.0,15.315985953374193,17.986567597191808,34.44883778199663],
        [32.36097153317428,20.253062901530722,23.627510107324998,18.893381330380222,14.509515862713878,14.166523849203974,8.959171338150194,27.126987088648196,26.491115601249764,36.306279148672964,12.888040966530957,30.15776013310189,21.524973229028546,0.5470329223595158,33.84910128955573,5.239411396727087,26.69707027450239,32.621138395085964,19.751522419429588,9.046242198147645,26.610082868017628,13.637382004869911,35.28477927247338,31.703593979491895,25.954216396468095,17.028620090178133,30.2861671999898,15.315985953374193,0.0,30.81751093183102,32.36097153317428],
        [51.357136622014394,20.64665208291852,39.460918831018574,14.968016732937524,22.708346006545394,18.712764821126697,38.12928435682548,48.14689055517539,15.567103371868605,49.88425227775969,42.315112710983605,41.77585524399682,12.539235916742673,31.362835565228135,23.029457492684728,30.592308588249274,28.608169895993207,47.264918912212465,11.136729524742702,32.13406966197035,7.648844548008604,38.68946905962287,17.41223477186023,44.18250111535868,44.22693116942227,29.93072034496589,8.604077738074018,17.986567597191808,30.81751093183102,0.0,51.357136622014394],
        [0.0,50.95396361725815,11.896592937043541,46.859659273690845,45.734172001703534,34.211839763341104,36.55843215991529,5.53720543183073,37.47108145903497,8.746688067848906,23.851876736243693,12.25504652083213,48.57531954631952,32.23147120446569,36.72892185181518,37.51147587655717,25.29707724794817,7.050270840750951,43.69070054848283,23.96339592484625,43.967820958712046,18.88455871467737,43.16216422383335,10.49140687933195,7.2542364584335415,21.611029216439885,45.3050224023645,34.44883778199663,32.36097153317428,51.357136622014394,0.0]
    ],
    "end_depot": 30,
    "start_depot": 0,
    "truck_dist": [
        [0.0,71.0496864293142,16.319251279501948,66.17522530617401,63.12925502402234,48.29696334249351,42.77747416500145,6.142672002066978,48.82419311281897,12.368262745647186,25.4503453850409,12.831125145605832,68.69432320098292,42.293727786106444,41.31465333259525,48.99884935766701,30.16534639904483,9.030821043168352,61.64539461652663,32.87858129102156,59.753765333960644,24.045155075516984,51.50625691792128,12.314211440051004,10.23602625082215,30.26777060139842,59.83740939147843,48.50872623785608,42.73877083427618,70.57082919235003,0.0],
        [71.0496864293142,0.0,54.73043514981225,8.48828636606147,7.920431405291865,22.75272308682069,28.27221226431275,64.90701442724723,32.62314751773805,70.86212052853054,45.5993410442733,59.39916893208168,11.561255580636296,28.755958643207762,43.505264269736585,22.050837071647187,40.88434003026937,66.82394280929253,16.21832716026434,38.171105138292646,29.222693139407603,47.00453135379722,44.780544640192275,62.77324799088524,60.81366017849206,40.78191582791578,34.92669000811813,22.54096019145812,28.310915595038026,29.194848521833,71.0496864293142],
        [16.319251279501948,54.73043514981225,0.0,49.85597402667206,46.81000374452039,31.977712062991564,33.12806604940008,10.176579277434971,32.50494183331702,16.13168537871828,26.22973230048519,8.739684727378714,52.375071921480966,25.974476506604493,27.390726292483407,32.679598078165064,15.142282861547574,12.093507659480274,45.32614333702468,16.559330011519606,43.43451405445869,15.713988894810639,35.187005638419336,8.222771021823887,6.0832250286798,13.948519321896471,43.51815811197649,32.18947495835413,26.41951955477423,54.251577912848084,16.319251279501948],
        [66.17522530617401,8.48828636606147,49.85597402667206,0.0,10.533811251139763,17.878261963680494,25.501814438208378,60.032553304107026,24.134861151676574,65.98765940539033,40.72487992113311,54.524707808941486,3.072969214574826,23.881497520067562,35.01697790367511,17.17637594850699,36.00987890712918,61.949481686152325,7.730040794202871,33.29664401515245,20.734406773346134,42.130070230657026,36.2922582741308,57.898786867745045,55.93919905535186,35.90745470477559,26.43840364205666,17.666499068317922,23.436454471897825,20.70656215577153,66.17522530617401],
        [63.12925502402234,7.920431405291865,46.81000374452039,10.533811251139763,0.0,16.950165759567984,20.351780859020884,56.986583021955354,34.66867240281634,62.94168912323867,37.67890963898144,51.478737526789814,13.60678046571459,20.835527237915898,45.55078915481488,14.130405666355323,33.30234572387904,58.90351140400066,18.263852045342635,30.25067373300078,31.268218024485897,39.084099948505354,46.82606952527057,54.852816585593374,52.893228773200185,32.86148442262392,36.97221489319642,18.57953452941151,20.39048418974616,31.240373406911292,63.12925502402234],
        [48.29696334249351,22.75272308682069,31.977712062991564,17.878261963680494,16.950165759567984,0.0,31.918168946636598,42.15429134042654,17.718506643248354,48.109397441709845,25.0198351977217,36.64644584526099,20.397359858489402,19.88083924098153,28.600623395246892,23.21217061763303,18.13161694344868,44.07121972247184,13.348431274033118,15.418382051471955,14.318052264917913,24.25180826697653,29.875903765702585,40.020524904064544,38.06093709167136,18.02919274109509,20.02204913362844,1.629368769843527,19.24804644585332,22.27386584985652,48.29696334249351],
        [42.77747416500145,28.27221226431275,33.12806604940008,25.501814438208378,20.351780859020884,31.918168946636598,0.0,36.63480216293448,49.63667558988495,42.58990826421778,17.327128779960553,41.8677507767788,28.574783652783204,12.037329705655065,60.51879234188349,8.705998329003565,48.270348910947654,38.551730544979776,33.23185523241125,20.821543112320043,46.23622121155451,18.73231908948447,61.79407271233919,41.35083707122397,32.5414479141793,33.271626269751195,51.94021808026504,33.54753771648012,12.670122500783275,46.20837659397991,42.77747416500145],
        [6.142672002066978,64.90701442724723,10.176579277434971,60.032553304107026,56.986583021955354,42.15429134042654,36.63480216293448,0.0,42.68152111075199,17.225100056450785,19.307673382973924,17.68796245640943,62.551651198915934,36.151055784039464,36.33900402151413,42.85617735560004,24.090560590578292,13.887658353971954,55.50272261445966,26.73590928895458,53.61109333189366,17.902483073450007,45.363584915854304,17.171048750854606,5.543612224594634,24.125098599331444,53.69473738941146,42.36605423578911,36.5960988322092,64.42815719028306,6.142672002066978],
        [48.82419311281897,32.62314751773805,32.50494183331702,24.134861151676574,34.66867240281634,17.718506643248354,49.63667558988495,42.68152111075199,0.0,48.6366272120353,42.73834184097005,37.17367561558645,21.06189193710175,37.599345884229884,10.882116751998538,40.93067726088138,18.65884671377414,44.598449492797286,16.404820357473703,28.815132477564905,10.929572221141672,32.22259843529551,12.157397122454231,40.54775467439,38.58816686199682,18.556422511420546,11.013216278659467,16.089137873404827,36.96655308910167,21.746636079531065,48.82419311281897],
        [12.368262745647186,70.86212052853054,16.13168537871828,65.98765940539033,62.94168912323867,48.109397441709845,42.58990826421778,17.225100056450785,48.6366272120353,0.0,34.50655462790525,11.46295159644885,68.50675730019924,42.10616188532278,41.12708743181158,48.811283456883345,29.977780498261158,4.038177719238006,61.45782871574296,32.69101539023789,59.56619943317697,23.99081122223071,51.31869101713761,8.088872537645297,11.681487831856153,30.08020470061475,59.649843490694764,48.32116033707241,42.551204933492514,70.38326329156637,12.368262745647186],
        [25.4503453850409,45.5993410442733,26.22973230048519,40.72487992113311,37.67890963898144,25.0198351977217,17.327128779960553,19.307673382973924,42.73834184097005,34.50655462790525,0.0,34.9694170278639,43.24397781594202,16.84338240106554,53.62045859296859,23.548503972626115,41.37201516203277,31.169112925426425,36.195049231485726,13.92320936340515,39.337887462639614,10.515743405674549,54.895738963424286,34.45250332230907,22.825066796049104,26.3732925208363,45.04188433135014,26.649203967565228,17.288425449235277,45.12048380730913,25.4503453850409],
        [12.831125145605832,59.39916893208168,8.739684727378714,54.524707808941486,51.478737526789814,36.64644584526099,41.8677507767788,17.68796245640943,37.17367561558645,11.46295159644885,34.9694170278639,0.0,57.043805703750394,30.643210288873924,29.66413583536273,37.3483318604345,18.514828901812308,7.424773877210844,49.99487711929411,21.228063793789037,48.103247836728116,24.453673622189353,39.855739420688764,3.374079058803553,12.144350231814798,18.6172531041659,48.18689189424592,36.85820874062357,31.08825333704366,58.92031169511751,12.831125145605832],
        [68.69432320098292,11.561255580636296,52.375071921480966,3.072969214574826,13.60678046571459,20.397359858489402,28.574783652783204,62.551651198915934,21.06189193710175,68.50675730019924,43.24397781594202,57.043805703750394,0.0,26.40059541487647,31.944008689100286,19.868785323779637,38.528976801938086,64.46857958096123,7.048928584456284,35.81574190996136,17.661437558771308,44.649168125465934,33.219289059555976,60.41788476255395,58.458296950160765,38.4265525995845,23.365434427481834,20.18559696312683,25.955552366706733,17.633592941196703,68.69432320098292],
        [42.293727786106444,28.755958643207762,25.974476506604493,23.881497520067562,20.835527237915898,19.88083924098153,12.037329705655065,36.151055784039464,37.599345884229884,42.10616188532278,16.84338240106554,30.643210288873924,26.40059541487647,0.0,48.48146263622842,6.705121571560573,36.23301920529259,38.06798416608476,21.19452552675618,9.415146495084885,34.19889150589944,18.248572710589457,49.75674300668412,34.017289347677476,32.057701535284295,21.234296564096134,39.90288837460997,21.51020801082506,0.6327927951282106,34.17104688832484,42.293727786106444],
        [41.31465333259525,43.505264269736585,27.390726292483407,35.01697790367511,45.55078915481488,28.600623395246892,60.51879234188349,36.33900402151413,10.882116751998538,41.12708743181158,53.62045859296859,29.66413583536273,31.944008689100286,48.48146263622842,0.0,51.81279401287992,12.248443430935831,37.08890971257357,27.28693710947224,39.69724922956344,18.43911200136539,43.10471518729405,10.191603585326032,33.03821489416628,31.0786270817731,27.24716607213229,18.522756058883186,26.971254625403365,47.84866984110021,29.256175859754784,41.31465333259525],
        [48.99884935766701,22.050837071647187,32.679598078165064,17.17637594850699,14.130405666355323,23.21217061763303,8.705998329003565,42.85617735560004,40.93067726088138,48.811283456883345,23.548503972626115,37.3483318604345,19.868785323779637,6.705121571560573,51.81279401287992,0.0,39.56435058194409,44.77310573764534,24.525856903407682,16.12026806664546,37.530222882550945,24.953694282150032,53.088074383335616,40.72241091923805,38.76282310684486,24.565627940747632,43.23421975126147,24.84153938747656,6.2600785233908365,37.50237826497634,48.99884935766701],
        [30.16534639904483,40.88434003026937,15.142282861547574,36.00987890712918,33.30234572387904,18.13161694344868,48.270348910947654,24.090560590578292,18.65884671377414,29.977780498261158,41.37201516203277,18.514828901812308,38.528976801938086,36.23301920529259,12.248443430935831,39.56435058194409,0.0,25.939602779023154,31.480048217481798,27.44880579862761,29.588418934915808,30.85627175635821,21.34091051887645,21.888907960615864,19.92932014822268,14.99872264119646,29.672062992433602,18.343379838811252,35.60022641016438,40.4054827933052,30.16534639904483],
        [9.030821043168352,66.82394280929253,12.093507659480274,61.949481686152325,58.90351140400066,44.07121972247184,38.551730544979776,13.887658353971954,44.598449492797286,4.038177719238006,31.169112925426425,7.424773877210844,64.46857958096123,38.06798416608476,37.08890971257357,44.77310573764534,25.939602779023154,0.0,57.419650996504956,28.65283767099988,55.52802171393896,20.653369519751877,47.2805132978996,4.05069481840729,8.344046129377318,26.042026981376743,55.61166577145676,44.282982617834406,38.51302721425451,66.34508557232836,9.030821043168352],
        [61.64539461652663,16.21832716026434,45.32614333702468,7.730040794202871,18.263852045342635,13.348431274033118,33.23185523241125,55.50272261445966,16.404820357473703,61.45782871574296,36.195049231485726,49.99487711929411,7.048928584456284,21.19452552675618,27.28693710947224,24.525856903407682,31.480048217481798,57.419650996504956,0.0,28.766813325505073,13.004365979143262,37.60023954100964,28.562217479927934,53.36895617809766,51.40936836570448,31.37762401512821,18.708362847853788,13.136668378670546,20.56173273162797,12.976521361568658,61.64539461652663],
        [32.87858129102156,38.171105138292646,16.559330011519606,33.29664401515245,30.25067373300078,15.418382051471955,20.821543112320043,26.73590928895458,28.815132477564905,32.69101539023789,13.92320936340515,21.228063793789037,35.81574190996136,9.415146495084885,39.69724922956344,16.12026806664546,27.44880579862761,28.65283767099988,28.766813325505073,0.0,26.875184042939082,8.833426215504574,40.972529600019136,24.60214285259259,22.642555040199408,12.450083157431152,31.11867496794499,15.630144946834527,9.860189543254622,37.69224790132847,32.87858129102156],
        [59.753765333960644,29.222693139407603,43.43451405445869,20.734406773346134,31.268218024485897,14.318052264917913,46.23622121155451,53.61109333189366,10.929572221141672,59.56619943317697,39.337887462639614,48.103247836728116,17.661437558771308,34.19889150589944,18.43911200136539,37.530222882550945,29.588418934915808,55.52802171393896,13.004365979143262,26.875184042939082,0.0,35.708610258443656,15.557851500784672,51.477326895531675,49.517739083138494,29.48599473256222,5.703996868710526,12.688683495074386,33.56609871077123,10.817063858389393,59.753765333960644],
        [24.045155075516984,47.00453135379722,15.713988894810639,42.130070230657026,39.084099948505354,24.25180826697653,18.73231908948447,17.902483073450007,32.22259843529551,23.99081122223071,10.515743405674549,24.453673622189353,44.649168125465934,18.248572710589457,43.10471518729405,24.953694282150032,30.85627175635821,20.653369519751877,37.60023954100964,8.833426215504574,35.708610258443656,0.0,44.37999555774974,23.936759916634525,13.809128824694834,15.857549115161753,35.79225431596144,24.4635711623391,18.693615758759194,46.52567411683305,24.045155075516984],
        [51.50625691792128,44.780544640192275,35.187005638419336,36.2922582741308,46.82606952527057,29.875903765702585,61.79407271233919,45.363584915854304,12.157397122454231,51.31869101713761,54.895738963424286,39.855739420688764,33.219289059555976,49.75674300668412,10.191603585326032,53.088074383335616,21.34091051887645,47.2805132978996,28.562217479927934,40.972529600019136,15.557851500784672,44.37999555774974,0.0,43.22981847949231,41.270230667099135,28.522446442587984,9.853854632074146,28.246534995859058,49.12395021155591,19.064572274428752,51.50625691792128],
        [12.314211440051004,62.77324799088524,8.222771021823887,57.898786867745045,54.852816585593374,40.020524904064544,41.35083707122397,17.171048750854606,40.54775467439,8.088872537645297,34.45250332230907,3.374079058803553,60.41788476255395,34.017289347677476,33.03821489416628,40.72241091923805,21.888907960615864,4.05069481840729,53.36895617809766,24.60214285259259,51.477326895531675,23.936759916634525,43.22981847949231,0.0,11.62743652625997,21.991332162969453,51.56097095304946,40.23228779942711,34.46233239584721,62.294390753921064,12.314211440051004],
        [10.23602625082215,60.81366017849206,6.0832250286798,55.93919905535186,52.893228773200185,38.06093709167136,32.5414479141793,5.543612224594634,38.58816686199682,11.681487831856153,22.825066796049104,12.144350231814798,58.458296950160765,32.057701535284295,31.0786270817731,38.76282310684486,19.92932014822268,8.344046129377318,51.40936836570448,22.642555040199408,49.517739083138494,13.809128824694834,41.270230667099135,11.62743652625997,0.0,20.031744350576272,49.60138314065628,38.27269998703393,32.50274458345403,60.33480294152788,10.23602625082215],
        [30.26777060139842,40.78191582791578,13.948519321896471,35.90745470477559,32.86148442262392,18.02919274109509,33.271626269751195,24.125098599331444,18.556422511420546,30.08020470061475,26.3732925208363,18.6172531041659,38.4265525995845,21.234296564096134,27.24716607213229,24.565627940747632,14.99872264119646,26.042026981376743,31.37762401512821,12.450083157431152,29.48599473256222,15.857549115161753,28.522446442587984,21.991332162969453,20.031744350576272,0.0,29.569638790080013,18.240955636457663,20.601503768967923,40.30305859095161,30.26777060139842],
        [59.83740939147843,34.92669000811813,43.51815811197649,26.43840364205666,36.97221489319642,20.02204913362844,51.94021808026504,53.69473738941146,11.013216278659467,59.649843490694764,45.04188433135014,48.18689189424592,23.365434427481834,39.90288837460997,18.522756058883186,43.23421975126147,29.672062992433602,55.61166577145676,18.708362847853788,31.11867496794499,5.703996868710526,35.79225431596144,9.853854632074146,51.56097095304946,49.60138314065628,29.569638790080013,0.0,18.392680363784912,39.27009557948176,10.733419800871598,59.83740939147843],
        [48.50872623785608,22.54096019145812,32.18947495835413,17.666499068317922,18.57953452941151,1.629368769843527,33.54753771648012,42.36605423578911,16.089137873404827,48.32116033707241,26.649203967565228,36.85820874062357,20.18559696312683,21.51020801082506,26.971254625403365,24.84153938747656,18.343379838811252,44.282982617834406,13.136668378670546,15.630144946834527,12.688683495074386,24.4635711623391,28.246534995859058,40.23228779942711,38.27269998703393,18.240955636457663,18.392680363784912,0.0,20.87741521569685,22.062102954493948,48.50872623785608],
        [42.73877083427618,28.310915595038026,26.41951955477423,23.436454471897825,20.39048418974616,19.24804644585332,12.670122500783275,36.5960988322092,36.96655308910167,42.551204933492514,17.288425449235277,31.08825333704366,25.955552366706733,0.6327927951282106,47.84866984110021,6.2600785233908365,35.60022641016438,38.51302721425451,20.56173273162797,9.860189543254622,33.56609871077123,18.693615758759194,49.12395021155591,34.46233239584721,32.50274458345403,20.601503768967923,39.27009557948176,20.87741521569685,0.0,33.53825409319663,42.73877083427618],
        [70.57082919235003,29.194848521833,54.251577912848084,20.70656215577153,31.240373406911292,22.27386584985652,46.20837659397991,64.42815719028306,21.746636079531065,70.38326329156637,45.12048380730913,58.92031169511751,17.633592941196703,34.17104688832484,29.256175859754784,37.50237826497634,40.4054827933052,66.34508557232836,12.976521361568658,37.69224790132847,10.817063858389393,46.52567411683305,19.064572274428752,62.294390753921064,60.33480294152788,40.30305859095161,10.733419800871598,22.062102954493948,33.53825409319663,0.0,70.57082919235003],
        [0.0,71.0496864293142,16.319251279501948,66.17522530617401,63.12925502402234,48.29696334249351,42.77747416500145,6.142672002066978,48.82419311281897,12.368262745647186,25.4503453850409,12.831125145605832,68.69432320098292,42.293727786106444,41.31465333259525,48.99884935766701,30.16534639904483,9.030821043168352,61.64539461652663,32.87858129102156,59.753765333960644,24.045155075516984,51.50625691792128,12.314211440051004,10.23602625082215,30.26777060139842,59.83740939147843,48.50872623785608,42.73877083427618,70.57082919235003,0.0]
    ],
    "vertex_count": 31
}