{
    "drone_dist": [
        [0.0,1524.9840346689864,714.013445848983,704.1285924239306,2793.7415601343805,4656.270395844577,2013.2035757389283,3833.916457147042,3582.9082680892393,2466.5882993450673,1339.0413624980647,2300.229154307059,2687.475814685786,1263.1724991239169,3566.1135926678276,1329.495859481348,2356.3179685903565,1772.3158168923146,1960.8524723525704,3681.016712254809,3070.9918031282555,2274.3157256877594,2125.6317700745913,3533.7000668647097,2359.694129641909,2260.9169028891583,2323.014288914962,2822.2812237435064,1224.3643424249196,912.5692111304362,2492.215777937436,5034.307723583097,4749.505405691801,1710.1445130013303,377.3507690742822,1791.2266535046813,2938.3867771099817,1860.4320395187751,1340.010879492039,593.2732255062865,909.1071730703081,3059.286557626366,2972.6239085723396,3833.809959593848,2484.9906393325214,2802.6115062491626,1526.2320459319303,1070.5516209993968,1803.8659369330258,1151.2354477146114,1162.8000967430096,2310.2436324789587,1520.0341733402001,3381.9926826496685,1051.4039018788378,4809.509629523606,3720.4285530827106,1319.7824143831742,1801.7237068378076,1921.226150515006,0.0],
        [1524.9840346689864,0.0,2208.5583850347407,2139.302491661697,3736.3448991194664,5536.758167470906,1104.6786238992756,4451.621330945658,3757.3656903614487,1785.9461472324876,2634.1926450343844,3465.92700234262,4058.6378687622205,826.665725360384,3532.5241493446288,1116.3480483668827,3834.6055165938933,3232.731644897175,2656.4265834032976,4051.353265615914,4267.3614131013255,1953.5527924331616,3215.1846358954463,4950.537052739443,3845.4143886202546,1541.2932292646733,3837.217910833817,2289.679264266769,2748.439899245437,2058.2324325578056,2375.729164062538,6024.448105381551,5604.347478829369,3005.458356967886,1901.77768768021,3309.0311626639636,3721.4679856095454,3325.2948411363955,361.72244928938136,2078.7537537054673,1015.9119476466495,3858.5357965451967,4480.106175568441,4053.0709097469075,3885.0431408981394,2241.4409557252957,404.0405304368304,1210.686594297291,3109.7680380228053,1169.430351566442,2659.742106373978,3834.7043996985067,747.7239528396115,4904.093747585946,2096.2873298980226,5717.215170530041,3664.600658326486,2822.5659188408076,2380.045673507989,1212.5710497190016,1524.9840346689864],
        [714.013445848983,2208.5583850347407,0.0,183.8202707058912,2805.3752583969485,4616.298924469897,2714.6089803988243,3978.4217582662272,3946.343350492032,3125.117927626428,1242.7510482176676,2181.5317364443617,2324.7750480809405,1966.330786078114,4008.810359058672,1748.7771767012032,1851.9481172869291,1059.4134448230438,2219.6474045482423,3955.4823152882864,2865.316227505559,2873.038475716232,2093.230492765626,3082.9643511863223,1840.4038256624717,2933.462531937415,1629.7003889453656,3438.721969799041,634.6018724293781,672.4959584851317,3022.1567621405597,4912.395619654714,4722.713017188275,1535.2734788587545,369.3593379797532,1106.069565332119,3041.989108657656,1146.7781083447785,2049.682096347692,130.71339832853982,1405.971829912083,3144.286399681449,2271.8045987003466,4167.4311991338955,2097.05665688225,3425.850892050559,2147.7778685178273,1455.3398974904883,1601.5928488592988,1550.5843064074063,732.3252651138936,1648.0780962386275,2229.17198547093,2748.603263906318,1299.7248698876526,4747.719314630597,4164.509702071046,614.0810648496017,2146.659634504331,2607.2995493514877,714.013445848983],
        [704.1285924239306,2139.302491661697,183.8202707058912,0.0,2980.030858770484,4796.442691470987,2716.900333686001,4142.684273745877,4076.9263423502384,3160.8565722582116,1417.8588682080965,2362.7305311227087,2504.4161675661776,1966.915371837335,4122.213637580984,1602.9720757551577,2017.350479457404,1095.1151175674147,2362.175811996578,4101.961290917742,3049.1303129498824,2936.2811092842035,2269.0696186340647,3252.1527406835594,2003.169078749391,2960.336647644858,1721.125624148213,3495.8617733621245,799.3026072211918,488.9683649501797,3109.4439720748064,5095.608905651961,4902.22347702404,1717.07808849499,431.38169953931134,1212.0964959580033,3208.796091815576,1186.9534687145213,2008.0684508700597,161.8172835452915,1283.296443165709,3313.2457203827066,2350.1083818130883,4304.151801608555,2275.4493557632736,3479.94769786511,2048.2092153374224,1308.9830925864603,1784.5082731033074,1404.6994247620135,915.1947783400362,1764.1450569152453,2220.820543974875,2873.1153956175162,1432.2736541177285,4928.950594673213,4277.879317684656,707.3841408635976,2273.4833380861396,2624.141051754225,704.1285924239306],
        [2793.7415601343805,3736.3448991194664,2805.3752583969485,2980.030858770484,0.0,1864.0844235381958,3264.0811473855565,1273.577085035197,1923.8457957458616,3053.1421507206724,1562.6395702590617,727.1132653830067,1465.6103994566458,2941.0283372828717,2309.842157114714,4079.4681100834937,2014.7481814827668,3204.3098096208378,1114.054040378439,1599.9555182019444,901.7501027928336,2527.4705306071323,713.6106656999875,2145.9478379913658,2076.7323980990786,3069.3355730580843,3033.7758741137186,2918.367159645658,2432.5803933267252,3456.824285548113,2212.323049256543,2293.1214791289353,1955.7681875008102,1318.268467537916,2667.5337191015715,2780.5670741429794,420.3337788779922,3219.5102015934735,3382.3726596303886,2835.816732215305,3647.1494501808484,429.8726089658537,3472.179294583363,1970.5803239491363,1559.8694621075583,2957.6931799251797,3979.013051809998,3849.5378477443714,1292.4193381151415,3921.182479164404,2165.772659511892,2780.8145962575163,3140.148076828483,3086.045868183846,1764.008647488809,2023.8224167631229,2424.807971039332,2823.146605103972,1408.212474607503,3031.438144542658,2793.7415601343805],
        [4656.270395844577,5536.758167470906,4616.298924469897,4796.442691470987,1864.0844235381958,0.0,4911.364067060274,1323.7238372197696,2581.54532062175,4540.015612474567,3387.132742039978,2436.4142655846404,2677.7870046114413,4719.327271728319,3089.657255489836,5942.108809572154,3378.134117191649,4831.541902953259,2881.288127244502,2050.934888308044,1889.8190480628448,4031.833831508523,2543.691315356311,2758.041035876883,3437.2548409000824,4625.41004427672,4470.0755293293,4248.807259623348,4162.650646247955,5281.648759075788,3614.2095294579585,649.5016630152456,132.36353206492902,3083.6125221209213,4513.235988417964,4368.9806740600425,1815.5271294779395,4824.567446111757,5176.633691824579,4660.95124306652,5509.960164481804,1678.257458330987,4723.867374419143,2392.714709537495,2888.5870336883636,4302.659158640546,5807.611929810122,5713.621263729138,3026.8035097161314,5785.070899937823,3927.385017802166,4194.305168352019,4885.199878003391,4043.9363594041843,3627.2572383228685,202.89794998606433,3118.748486521064,4532.332296683073,3157.6216664149183,4679.476718408619,4656.270395844577],
        [2013.2035757389283,1104.6786238992756,2714.6089803988243,2716.900333686001,3264.0811473855565,4911.364067060274,0.0,3703.6570715542925,2818.0469572690013,684.384530172969,2618.885713975574,3209.9600760085004,3976.6598481540013,750.0317249267092,2521.3186349901894,2175.1051470337084,3945.467416770275,3770.966031607701,2155.229854161552,3188.84449167224,3972.4324548284894,965.5586593779653,2921.415467149872,4890.9101852421945,3973.0622986502926,444.43604622739406,4241.315249686695,1194.4252174178278,3090.251770131322,2814.0582468162015,1422.0482362283553,5464.803088359558,4958.412763521446,2932.703357584271,2349.3433376114453,3712.5051645108783,3133.138223850327,3855.455280457981,889.1150536605408,2601.8638409341565,1951.456915971502,3269.4149911080453,4896.289631010256,3118.799601812118,3855.1659184236482,1143.2223568275513,1508.6518255724022,2195.334687759369,3034.7631586723032,2180.884558925944,2905.3798964190073,4167.78562074059,511.31367029379817,5133.458577473771,2009.101298127686,5105.070718618054,2640.4873605106677,3291.58377482664,1862.0971401392685,233.76658603331916,2013.2035757389283],
        [3833.916457147042,4451.621330945658,3978.4217582662272,4142.684273745877,1273.577085035197,1323.7238372197696,3703.6570715542925,0.0,1267.8901418972428,3269.7942980327507,2754.5394218616416,2000.6565182631043,2656.3390142021594,3625.066914337663,1774.993524619119,5022.446856847015,3266.050619823176,4467.374870417748,1890.1180942104363,740.6102553947063,1919.1642398515112,2780.207595022791,1945.9999013114327,3142.044488687815,3328.6202576809533,3378.90877163814,4304.5076591848465,2945.1124302578596,3672.554535590118,4598.823703682986,2342.209937771447,1962.5222020237998,1328.7610857024551,2566.1263653794936,3784.447107471142,4051.193429366201,942.0742785709812,4486.184878848321,4090.6537599730814,3988.8971264812826,4600.1250965331,860.2816437262355,4721.166211926518,1116.1002423132397,2790.768012805951,3000.8410715456084,4765.3128613273275,4831.046432138426,2552.6680557695026,4889.493453823219,3394.2245911816344,4048.297759751545,3750.859914326033,4254.091760406854,2785.47723611695,1526.360884430537,1816.720084130388,4066.6139374356558,2115.585780449943,3477.6995599611087,3833.916457147042],
        [3582.9082680892393,3757.3656903614487,3946.343350492032,4076.9263423502384,1923.8457957458616,2581.54532062175,2818.0469572690013,1267.8901418972428,0.0,2253.667566097959,2890.6556339533727,2515.7516229258176,3370.1068461881755,2970.241953885216,508.15356782842474,4551.715194920779,3829.900976646118,4689.661785720324,1746.1134544352933,530.6170632584923,2800.514201567688,1852.9914016646678,2316.905321889734,4061.150624134864,3888.155272431646,2420.686645192036,4725.831335965904,1833.7051028117357,3837.009585626051,4462.4574062025695,1399.669299158626,3226.285861345652,2571.9487360691865,2865.7871074925674,3660.738181926981,4352.5668085663965,1510.1427414961033,4732.569088268084,3416.1624379986547,3915.1091259390664,4167.3694157650925,1555.8979010200794,5254.130887108556,300.77252400069784,3427.8003264699632,1894.4463813421066,4124.950260286759,4422.437631058856,2899.544846144155,4459.57729423688,3544.873446180648,4506.970876061631,3011.6495224700193,4980.062553196832,2646.8743709467462,2782.5822067989366,556.783492171704,4217.87481907082,1804.0176503524597,2619.3718031863777,3582.9082680892393],
        [2466.5882993450673,1785.9461472324876,3125.117927626428,3160.8565722582116,3053.1421507206724,4540.015612474567,684.384530172969,3269.7942980327507,2253.667566097959,0.0,2757.184804241686,3152.879341132577,3996.1618510203084,1270.4326234026396,1900.6631256486678,2831.892460720492,4084.175233641911,4154.0734194503275,2008.652652456252,2678.8945591429465,3853.825861059825,526.5861154300227,2856.969988050692,4895.825383605507,4120.701806327164,246.30673063329382,4538.442339196296,512.898544631736,3397.594802134895,3333.9793789582527,928.2481492693295,5129.425466972527,4571.881876914512,3011.820963953449,2756.2763668414746,4025.964139285931,2842.622867522969,4231.816248672419,1540.2225267776164,3026.882631061462,2571.5314092239614,2971.782536523939,5184.299117874645,2551.7803654962318,3912.0064390124917,459.6149216363669,2189.882727731328,2824.8240781330674,3105.650719434639,2820.2047263819395,3171.7024147470006,4427.382218900654,1117.272294622622,5308.264379446907,2169.863344704204,4739.547519058818,2006.7605849597494,3655.8607398597183,1742.124156170264,605.7979246625014,2466.5882993450673],
        [1339.0413624980647,2634.1926450343844,1242.7510482176676,1417.8588682080965,1562.6395702590617,3387.132742039978,2618.885713975574,2754.5394218616416,2890.6556339533727,2757.184804241686,0.0,972.7167887646904,1425.2108761240538,2006.4906069044905,3058.155421066159,2668.4515280489554,1333.7513445760153,1800.330065633461,1159.5475971779456,2809.8028516696936,1731.955857972957,2337.644788019905,851.2585665193462,2326.257795538579,1366.6768346883243,2645.77728542086,1905.1205156203885,2896.8357651120673,952.9575746386246,1897.839715222563,2300.901332469506,3720.226558812071,3490.0949390376445,378.4501272348433,1132.7663179204078,1474.598226271414,1813.1312644150664,1841.9169338605157,2333.9407175401475,1276.2606266592431,2244.98631536955,1909.0020719845204,2508.867962477928,3071.895176092944,1263.3722067462793,2905.9572228968277,2760.818436673322,2406.5741779849714,479.6516326076126,2489.363737199182,661.467109238742,1735.2377087138443,2274.664655060925,2551.1740548324206,609.8177877530364,3526.306509390639,3209.594020639426,1343.2919135366326,1222.1411332824057,2427.598360637148,1339.0413624980647],
        [2300.229154307059,3465.92700234262,2181.5317364443617,2362.7305311227087,727.1132653830067,2436.4142655846404,3209.9600760085004,2000.6565182631043,2515.7516229258176,3152.879341132577,972.7167887646904,0.0,901.6378924762163,2737.234811446035,2829.54186901732,3625.4173519521482,1322.8581994958365,2486.3622763066046,1160.1051345622939,2269.365472191243,801.6707188535842,2651.8984843333,295.90980937212737,1755.232298305286,1383.068116707385,3111.5886295140426,2310.6812461881395,3135.5536528283587,1743.1139651313745,2849.8246533146475,2443.987298903035,2747.857283882474,2545.2978403552515,647.2142417505991,2104.695039231086,2055.87142107404,1105.2897635974452,2498.1634599247336,3133.629307921038,2231.362809144298,3197.191224727448,1149.2341384243653,2771.744647464677,2612.512108347731,916.5518024060292,3163.019864690111,3647.2178198225824,3370.691368072693,595.0239319222511,3451.100917466525,1494.475870610823,2062.022379673516,2976.649347488982,2471.671349733981,1374.9487790516914,2566.233969175735,2962.352121739501,2126.2899639572465,1410.923179223197,2988.8858497941246,2300.229154307059],
        [2687.475814685786,4058.6378687622205,2324.7750480809405,2504.4161675661776,1465.6103994566458,2677.7870046114413,3976.6598481540013,2656.3390142021594,3370.1068461881755,3996.1618510203084,1425.2108761240538,901.6378924762163,0.0,3416.0615514090723,3713.3722662054406,3993.9194460328335,702.104637865583,2217.558164325969,2042.2441259010288,3065.339275900833,802.5093269898408,3511.7379230120096,1178.8435779126899,914.5495725926979,760.1232158981344,3931.1392487535363,1792.4918883940247,4016.0258255085496,1728.447459598267,2978.315764167599,3333.364295746531,2783.4553510701953,2805.2928535375163,1062.5741947241595,2391.7540403642674,1745.5198045140774,1885.38654975261,2195.0969468646517,3758.4192479138396,2416.819103461468,3590.325605004691,1883.690663058858,2092.8716592163596,3434.520345159193,238.49052122210264,4040.323339114007,4170.289086356068,3712.7426124454964,957.4913513814557,3802.97953588339,1598.6756808733487,1516.551088209152,3677.1396472241277,1620.5413690529851,2002.3417070508376,2748.539670922918,3841.3039304534573,2024.999088163285,2269.177019974614,3767.7411492664014,2687.475814685786],
        [1263.1724991239169,826.665725360384,1966.330786078114,1966.915371837335,2941.0283372828717,4719.327271728319,750.0317249267092,3625.066914337663,2970.241953885216,1270.4326234026396,2006.4906069044905,2737.234811446035,3416.0615514090723,0.0,2789.7968716113987,1636.3226948270208,3300.1823256585935,3024.181090834468,1844.5369907397594,3238.20260184738,3531.582038889997,1251.4422713396336,2468.6539450372484,4326.4893282171,3321.7736477634007,1039.9698697594345,3514.463977017331,1707.8740431684191,2367.2898770086254,2081.037161647847,1624.078581809117,5219.255846260923,4784.375917024258,2353.9840924232935,1602.823518913875,2982.7819512215588,2903.974145082212,3109.5494734488657,465.6568401386186,1852.4164447548944,1322.32907422425,3041.5255080975694,4169.957443214854,3261.3492203981546,3268.315316854466,1673.4444183452474,1160.4807545123117,1581.7261108029736,2458.9019376284705,1590.2354685248529,2203.2019732768385,3455.6948300251647,277.9047845388876,4455.521182959783,1413.745964546383,4902.051105630546,2930.524845213618,2549.5527266342388,1562.0401046588715,679.9579209742133,1263.1724991239169],
        [3566.1135926678276,3532.5241493446288,4008.810359058672,4122.213637580984,2309.842157114714,3089.657255489836,2521.3186349901894,1774.993524619119,508.15356782842474,1900.6631256486678,3058.155421066159,2829.54186901732,3713.3722662054406,2789.7968716113987,0.0,4413.306570680583,4114.13727316769,4833.433238905048,1899.864125231914,1038.7587990239304,3206.1789403867906,1581.140861172506,2598.114106682362,4455.402977144553,4169.628947477263,2096.7461367314295,4942.549790186741,1433.5080784704655,3979.1056260666387,4469.4248751074365,1165.894723301909,3734.4012014735176,3079.1994010063536,3092.82853698645,3694.7935476575935,4532.753609417412,1914.5143398944444,4884.619600868715,3210.193604204155,3961.661352282817,4054.1738587112177,1981.5879179032572,5503.117702207541,740.3771590057875,3745.6902974336936,1495.3018761098535,3917.573493310264,4314.204629612664,3141.138165490653,4341.151858391142,3690.9115574837074,4740.977273693936,2786.4812409231145,5300.089539933087,2720.816287096208,3290.609603163002,155.70924174918545,4344.866518802237,1878.3489674522928,2345.3811005202015,3566.1135926678276],
        [1329.495859481348,1116.3480483668827,1748.7771767012032,1602.9720757551577,4079.4681100834937,5942.108809572154,2175.1051470337084,5022.446856847015,4551.715194920779,2831.892460720492,2668.4515280489554,3625.4173519521482,3993.9194460328335,1636.3226948270208,4413.306570680583,0.0,3590.6938013770127,2580.675968290958,3134.749410214725,4754.844923120535,4400.33459733707,2887.2486363818293,3437.2429888924617,4807.4307564670335,3583.147770412101,2586.1735870678635,3283.1777494518774,3312.289864681587,2380.9925793791576,1291.1614383344827,3251.4606832228037,6346.424082089228,6028.952870921711,3039.2327126663126,1603.049940253296,2800.7668612966722,4175.75327346838,2674.0202404508077,1291.9770671707367,1629.6818651112362,432.39190277931726,4304.428172002846,3874.7847468630544,4832.219807047729,3781.421906971626,3270.8777304872306,767.4850415007616,294.0072257173213,3131.9781420420745,198.361588531506,2414.972726696285,3356.719477240953,1718.3620785284395,4469.4142457863945,2315.4917695293434,6103.097021846737,4557.372876432883,2297.019058490535,2912.3136635690885,2229.5576393867586,1329.495859481348],
        [2356.3179685903565,3834.6055165938933,1851.9481172869291,2017.350479457404,2014.7481814827668,3378.134117191649,3945.467416770275,3266.050619823176,3829.900976646118,4084.175233641911,1333.7513445760153,1322.8581994958365,702.104637865583,3300.1823256585935,4114.13727316769,3590.6938013770127,0.0,1545.8795160699221,2288.962779332564,3590.949598907638,1493.9056681614527,3645.298728008889,1518.1524528389346,1239.1894563825163,62.67419885875749,3978.77171910557,1092.4650142225992,4190.271118241578,1218.4634512363932,2458.1714950751534,3551.469727503811,3478.7646783412074,3504.99768387187,1090.9679351042912,2010.548359965427,1076.9732842574908,2418.0478045808413,1514.200133365242,3574.5800027324735,1964.0202867334365,3217.6887570061044,2444.5975083188396,1457.6322233476196,3934.958177687836,495.06680917396426,4204.8526734010375,3881.2796560186052,3299.540758070215,1012.208317489712,3393.7350946412744,1194.3029230125321,817.7573872453013,3574.939383238478,1234.421799426238,1940.6446120537144,3450.6196305117955,4253.492748169466,1432.9297619813026,2451.0839301340784,3758.985946911472,2356.3179685903565],
        [1772.3158168923146,3232.731644897175,1059.4134448230438,1095.1151175674147,3204.3098096208378,4831.541902953259,3770.966031607701,4467.374870417748,4689.661785720324,4154.0734194503275,1800.330065633461,2486.3622763066046,2217.558164325969,3024.181090834468,4833.433238905048,2580.675968290958,1545.8795160699221,0.0,2949.2450240015005,4600.076706226126,2951.4707183684163,3860.5874276793015,2524.580496032439,2712.515002025326,1501.0764860811469,3972.90097196526,740.3908888032489,4433.182103310385,854.9853394913412,1290.0012071031222,3951.567229996193,4996.078596368791,4952.4164860203055,1904.8713516855667,1421.6591147193283,472.0932291578493,3535.008788962728,94.11627882281056,3100.014942044642,1179.5529811252911,2331.3127995945106,3607.10275653413,1294.1142089268062,4871.654315920855,1983.495785511608,4425.900177405918,3119.8799594708935,2297.2253196933257,1914.8160534411952,2390.154309072214,1145.7922127912743,908.5203216333618,3288.373789240519,1974.8253268068804,2142.564436544515,4926.375308258545,4987.149118758048,505.14562614807386,2959.773795520953,3656.1346997896853,1772.3158168923146],
        [1960.8524723525704,2656.4265834032976,2219.6474045482423,2362.175811996578,1114.054040378439,2881.288127244502,2155.229854161552,1890.1180942104363,1746.1134544352933,2008.652652456252,1159.5475971779456,1160.1051345622939,2042.2441259010288,1844.5369907397594,1899.864125231914,3134.749410214725,2288.962779332564,2949.2450240015005,0.0,1741.3207185618714,1847.8349544260018,1497.7017166859755,867.7261030447619,2915.250544274861,2338.8255556685976,1991.4943961557312,3046.4960502716435,1976.351352145871,2094.7634053211295,2781.2709835226574,1291.720715113412,3375.1814370187426,2951.9151739352237,1217.4323419517575,1963.990325071884,2633.7155727451327,1068.130662288905,2995.6979459482504,2297.246004609634,2201.353782340537,2710.692735280664,1204.1160499732073,3622.3266288042646,1951.1159477669526,2002.4560858829852,2003.0877033553463,2929.829934370665,2940.972478317951,1281.3117570457787,2999.537880564061,1803.4549296655625,2853.5862172367956,2031.150584985715,3514.599333393027,936.7199491035344,3060.809052259958,2050.6193549478867,2472.5801203884153,294.3088193881599,1923.8497058208902,1960.8524723525704],
        [3681.016712254809,4051.353265615914,3955.4823152882864,4101.961290917742,1599.9555182019444,2050.934888308044,3188.84449167224,740.6102553947063,530.6170632584923,2678.8945591429465,2809.8028516696936,2269.365472191243,3065.339275900833,3238.20260184738,1038.7587990239304,4754.844923120535,3590.949598907638,4600.076706226126,1741.3207185618714,0.0,2422.3983551058413,2230.266256898621,2120.536873374586,3683.1174723202075,3651.6628012076935,2820.7131283847675,4554.235389881463,2299.7816286194397,3761.9244059049306,4521.603331841556,1774.2073610191337,2695.8330556934725,2042.368030953345,2716.289629323644,3705.093406550295,4226.8570822585625,1181.5722967699028,4633.351087881765,3698.2473904749186,3941.578223495765,4350.90928611222,1187.1443228816877,5040.618679918352,401.77934021794005,3154.0760191533727,2358.677262366821,4398.294846430045,4597.787992296273,2731.580645108695,4644.410348143179,3471.162304378723,4318.083910690742,3318.2298010096215,4685.872647088073,2677.5887399971116,2252.035845253199,1076.1099674228471,4153.090557524213,1880.992711199332,2975.5205916185014,3681.016712254809],
        [3070.9918031282555,4267.3614131013255,2865.316227505559,3049.1303129498824,901.7501027928336,1889.8190480628448,3972.4324548284894,1919.1642398515112,2800.514201567688,3853.825861059825,1731.955857972957,801.6707188535842,802.5093269898408,3531.582038889997,3206.1789403867906,4400.33459733707,1493.9056681614527,2951.4707183684163,1847.8349544260018,2422.3983551058413,0.0,3336.50253235661,1063.6221104573367,1262.852010875464,1554.2893816072337,3838.1996975991156,2586.1043731592745,3771.677314483732,2339.5808939872445,3537.3840137365896,3065.456388112583,2065.978401900003,2014.8412935592323,1365.8913081027442,2842.7532597529835,2484.9097281823447,1294.0455580629919,2940.3148927746247,3933.722569834837,2933.691393396962,3975.8398866182397,1247.0803775029633,2891.0162068142104,2813.076629585317,1000.8337037900048,3806.5952812716487,4447.057329274456,4137.684799398071,1280.4493869604164,4221.087440214031,2140.3207015839876,2311.6570813870935,3765.302849817498,2341.21199329528,2176.186150126543,1975.6261103181737,3316.6618103232017,2686.880149680056,2128.282924814007,3746.3573302787586,3070.9918031282555],
        [2274.3157256877594,1953.5527924331616,2873.038475716232,2936.2811092842035,2527.4705306071323,4031.833831508523,965.5586593779653,2780.207595022791,1852.9914016646678,526.5861154300227,2337.644788019905,2651.8984843333,3511.7379230120096,1251.4422713396336,1581.140861172506,2887.2486363818293,3645.298728008889,3860.5874276793015,1497.7017166859755,2230.266256898621,3336.50253235661,0.0,2356.5443649481654,4402.704283970468,3685.5763772374034,598.7365755999236,4180.57587678592,573.7817901683534,3062.602098623319,3178.366396567115,457.3864557925096,4613.718061391397,4068.0344025578406,2559.6998891311155,2512.467806358053,3684.709311509481,2317.616781980142,3932.1770987143254,1640.983314621255,2789.6130885243847,2565.1006157498996,2447.594859475405,4815.139053174921,2153.6782449974485,3441.0346878387804,573.0947267471593,2343.264142285496,2826.161946483059,2648.6526296241987,2839.3514882026234,2814.875073771615,4047.797011680847,1210.8390168815488,4877.312290342906,1781.7375488674063,4230.129043225687,1711.2025446482378,3356.063961342219,1243.9744057904784,769.5569362720493,2274.3157256877594],
        [2125.6317700745913,3215.1846358954463,2093.230492765626,2269.0696186340647,713.6106656999875,2543.691315356311,2921.415467149872,1945.9999013114327,2316.905321889734,2856.969988050692,851.2585665193462,295.90980937212737,1178.8435779126899,2468.6539450372484,2598.114106682362,3437.2429888924617,1518.1524528389346,2524.580496032439,867.7261030447619,2120.536873374586,1063.6221104573367,2356.5443649481654,0.0,2048.3217460824744,1574.9567913965666,2816.6194500983984,2433.876543938528,2844.0719497315026,1729.039450245995,2748.542626857465,2156.0292874799866,2910.047759446973,2643.720821684064,620.4141765919532,1969.7236053690349,2122.1991211548793,1010.4304564881179,2547.153945680506,2876.4204841443157,2127.006191214164,3005.9180526439686,1086.884614265067,2938.758670546554,2439.754589110064,1162.5717345259723,2870.6433718708054,3414.126832754786,3193.1412993901326,616.4946355718415,3269.668166860294,1456.4115795817531,2201.2066106549078,2701.7709386948495,2708.030806514752,1144.013840478068,2689.368060801788,2736.1063143599317,2122.1852318333044,1115.04570581859,2698.792803773226,2125.6317700745913],
        [3533.7000668647097,4950.537052739443,3082.9643511863223,3252.1527406835594,2145.9478379913658,2758.041035876883,4890.9101852421945,3142.044488687815,4061.150624134864,4895.825383605507,2326.257795538579,1755.232298305286,914.5495725926979,4326.4893282171,4455.402977144553,4807.4307564670335,1239.1894563825163,2712.515002025326,2915.250544274861,3683.1174723202075,1262.852010875464,4402.704283970468,2048.3217460824744,0.0,1262.0735765694963,4838.3988319266255,2093.043634956349,4890.649971796206,2452.9793621573026,3697.3028272587835,4196.813651218102,2645.1252394715175,2890.1884838035753,1972.8235334563847,3210.213415140852,2266.0297185366703,2551.77204096786,2662.3822019122745,4659.0015208010145,3190.4003765855455,4420.5602332357175,2509.743832733211,2110.298723839292,4075.371413010713,1065.6343723947775,4918.249833759046,5041.433325831706,4519.0655249960655,1868.1348116018605,4612.128238571737,2392.9860890373097,1840.0393972797197,4589.343175494231,1307.6578440879025,2913.5208494967537,2762.273836465573,4570.5714069223195,2666.6750926775576,3158.9038850638512,4681.158813739172,3533.7000668647097],
        [2359.694129641909,3845.4143886202546,1840.4038256624717,2003.169078749391,2076.7323980990786,3437.2548409000824,3973.0622986502926,3328.6202576809533,3888.155272431646,4120.701806327164,1366.6768346883243,1383.068116707385,760.1232158981344,3321.7736477634007,4169.628947477263,3583.147770412101,62.67419885875749,1501.0764860811469,2338.8255556685976,3651.6628012076935,1554.2893816072337,3685.5763772374034,1574.9567913965666,1262.0735765694963,0.0,4012.4526327331387,1032.870889080737,4232.661890539322,1205.907388249946,2438.078625773767,3597.3735928294923,3533.017679887719,3564.339074630994,1135.6836240303273,2009.718741092475,1034.4046030144416,2479.449003395594,1466.910371513031,3589.5824056102506,1954.6022528487608,3214.2257015069445,2506.59645386185,1395.5020531759642,3994.7245850030013,556.594238991203,4246.581161446637,3885.616926120641,3291.303305844238,1059.735280417326,3385.800370067196,1196.894202116127,757.5744049882163,3597.201482883762,1191.938073278549,1971.2519091247007,3508.504641756448,4309.454253951441,1405.1812655207832,2496.76617970676,3788.6334845442293,2359.694129641909],
        [2260.9169028891583,1541.2932292646733,2933.462531937415,2960.336647644858,3069.3355730580843,4625.41004427672,444.43604622739406,3378.90877163814,2420.686645192036,246.30673063329382,2645.77728542086,3111.5886295140426,3931.1392487535363,1039.9698697594345,2096.7461367314295,2586.1735870678635,3978.77171910557,3972.90097196526,1991.4943961557312,2820.7131283847675,3838.1996975991156,598.7365755999236,2816.6194500983984,4838.3988319266255,4012.4526327331387,0.0,4383.635874978253,750.5852616138709,3236.4954082371714,3114.6854307604704,1047.670972133696,5201.05254476438,4663.653118097159,2921.8212301823223,2564.1035922497426,3864.9951095969145,2889.5099048612597,4052.750800801714,1294.3203782445398,2830.9540373269588,2330.331386887998,3022.220313272305,5033.496314729705,2720.908976874516,3833.720407618468,700.5982789665885,1945.0474637860573,2582.404104734499,3018.99224726658,2576.3929881077247,3022.067460588365,4283.945579414095,873.6178875296797,5193.822704084189,2046.0021784007358,4822.879082218878,2210.5669582107284,3478.884347783535,1710.8555328784648,364.8134351731179,2260.9169028891583],
        [2323.014288914962,3837.217910833817,1629.7003889453656,1721.125624148213,3033.7758741137186,4470.0755293293,4241.315249686695,4304.5076591848465,4725.831335965904,4538.442339196296,1905.1205156203885,2310.6812461881395,1792.4918883940247,3514.463977017331,4942.549790186741,3283.1777494518774,1092.4650142225992,740.3908888032489,3046.4960502716435,4554.235389881463,2586.1043731592745,4180.57587678592,2433.876543938528,2093.043634956349,1032.870889080737,4383.635874978253,0.0,4751.963935671129,1151.4837227657085,2002.5686127350177,4194.64836133832,4550.583992569887,4597.20978397903,1860.2328536197376,1947.5837126331924,533.5137173618623,3413.30617185369,659.0580577475301,3661.2408425603203,1760.1395599640673,2999.8952245208056,3459.5309703396574,655.5000804001521,4868.742129665119,1585.7423563923749,4753.643503352002,3768.8439621978164,2993.9797631671154,1829.088690087043,3088.64637039554,1368.2218930572892,276.559732080032,3789.118131017534,1234.9350528604105,2400.3957704587842,4539.640186605446,5090.93354577583,1017.6733882548866,3127.147912717924,4097.64339101825,2323.014288914962],
        [2822.2812237435064,2289.679264266769,3438.721969799041,3495.8617733621245,2918.367159645658,4248.807259623348,1194.4252174178278,2945.1124302578596,1833.7051028117357,512.898544631736,2896.8357651120673,3135.5536528283587,4016.0258255085496,1707.8740431684191,1433.5080784704655,3312.289864681587,4190.271118241578,4433.182103310385,1976.351352145871,2299.7816286194397,3771.677314483732,573.7817901683534,2844.0719497315026,4890.649971796206,4232.661890539322,750.5852616138709,4751.963935671129,0.0,3636.2838476555053,3716.8055200611466,707.0062075452622,4860.74570887606,4268.355960996475,3100.3221947391316,3075.5771200855006,4257.936391867422,2649.3448118814713,4505.248591443496,2026.2198592140212,3351.933646929352,3028.1561058599736,2768.5276010745306,5384.318090764202,2123.909371003182,3961.26474471402,61.79468294920834,2692.80849219616,3285.757912386787,3185.1901337153217,3287.980736215482,3387.3790276518966,4615.439294311144,1594.459216693307,5424.362192504245,2351.903875561609,4450.9170906639165,1525.8425968877732,3928.9045456391527,1753.8590256846317,1086.4240743724567,2822.2812237435064],
        [1224.3643424249196,2748.439899245437,634.6018724293781,799.3026072211918,2432.5803933267252,4162.650646247955,3090.251770131322,3672.554535590118,3837.009585626051,3397.594802134895,952.9575746386246,1743.1139651313745,1728.447459598267,2367.2898770086254,3979.1056260666387,2380.9925793791576,1218.4634512363932,854.9853394913412,2094.7634053211295,3761.9244059049306,2339.5808939872445,3062.602098623319,1729.039450245995,2452.9793621573026,1205.907388249946,3236.4954082371714,1151.4837227657085,3636.2838476555053,0.0,1254.6176471921171,3120.530920801752,4404.675983817921,4276.449921864734,1114.316706592063,850.4499757659968,628.6483090166496,2732.057251569681,906.3090470560594,2541.157648211437,751.3744143834381,2024.7266308402013,2815.3103843045924,1806.0714707600184,4023.7438393143198,1494.3088995015144,3633.85120315498,2735.07134453206,2088.1607158758384,1148.9267060100553,2183.099002087763,292.36253352625306,1095.3488210634048,2643.268688268204,2158.1074412833964,1305.7971497347912,4278.313167300371,4132.644666026944,394.66150046161994,2107.786664266847,2946.518732958991,1224.3643424249196],
        [912.5692111304362,2058.2324325578056,672.4959584851317,488.9683649501797,3456.824285548113,5281.648759075788,2814.0582468162015,4598.823703682986,4462.4574062025695,3333.9793789582527,1897.839715222563,2849.8246533146475,2978.315764167599,2081.037161647847,4469.4248751074365,1291.1614383344827,2458.1714950751534,1290.0012071031222,2781.2709835226574,4521.603331841556,3537.3840137365896,3178.366396567115,2748.542626857465,3697.3028272587835,2438.078625773767,3114.6854307604704,2002.5686127350177,3716.8055200611466,1254.6176471921171,0.0,3404.7671641602883,5584.535936320444,5386.414091308816,2205.007387818393,818.7880872886597,1545.72569064241,3671.176611040018,1383.1333606463204,2010.1342955638177,621.5825743799465,1079.1716674952797,3779.485909785932,2584.0339780463974,4702.32124703666,2746.3987415026813,3693.7482214649126,1878.5668131018222,1011.1168169354988,2273.328094706954,1102.5822198587236,1400.2289393636402,2099.217176303735,2303.441434351181,3210.567585425947,1844.564969007825,5415.7540975562,4624.315897371571,1058.278686090032,2662.4796228713176,2759.916107135748,912.5692111304362],
        [2492.215777937436,2375.729164062538,3022.1567621405597,3109.4439720748064,2212.323049256543,3614.2095294579585,1422.0482362283553,2342.209937771447,1399.669299158626,928.2481492693295,2300.901332469506,2443.987298903035,3333.364295746531,1624.078581809117,1165.894723301909,3251.4606832228037,3551.469727503811,3951.567229996193,1291.720715113412,1774.2073610191337,3065.456388112583,457.3864557925096,2156.0292874799866,4196.813651218102,3597.3735928294923,1047.670972133696,4194.64836133832,707.0062075452622,3120.530920801752,3404.7671641602883,0.0,4209.492488744554,3644.4103074456702,2461.849440318981,2678.33733547905,3724.8947590527187,1954.8682864759842,4015.7403875584837,2046.9319839357765,2954.4638832666064,2901.7326876054562,2078.05871328111,4809.194954738658,1699.9425612603284,3291.8260990573726,745.383015284857,2755.6828978743188,3162.8072076196217,2539.700058278775,3185.5404715606574,2851.935274014964,4035.760303165715,1628.05306154219,4784.64273687382,1814.7372995442784,3814.343495369212,1306.7920270739023,3447.7816330723554,1100.6328424573142,1219.7579440393076,2492.215777937436],
        [5034.307723583097,6024.448105381551,4912.395619654714,5095.608905651961,2293.1214791289353,649.5016630152456,5464.803088359558,1962.5222020237998,3226.285861345652,5129.425466972527,3720.226558812071,2747.857283882474,2783.4553510701953,5219.255846260923,3734.4012014735176,6346.424082089228,3478.7646783412074,4996.078596368791,3375.1814370187426,2695.8330556934725,2065.978401900003,4613.718061391397,2910.047759446973,2645.1252394715175,3533.017679887719,5201.05254476438,4550.583992569887,4860.74570887606,4404.675983817921,5584.535936320444,4209.492488744554,0.0,692.2326729165044,3383.2328053327815,4852.550840192265,4525.029600596346,2334.488533897431,4977.138366709961,5667.962705176138,4971.4368255481495,5914.6235990027735,2197.1895580063238,4717.144358874411,3041.781102050981,3013.8689042133747,4913.078477159878,6272.134488688915,6102.986693632448,3311.3778898770556,6179.714187619749,4196.613601687279,4274.741624108174,5402.4167269712125,3952.675270093372,4038.4884948170784,457.65652050324354,3766.3575695966783,4752.157162428683,3662.1607148619273,5231.45008445703,5034.307723583097],
        [4749.505405691801,5604.347478829369,4722.713017188275,4902.22347702404,1955.7681875008102,132.36353206492902,4958.412763521446,1328.7610857024551,2571.9487360691865,4571.881876914512,3490.0949390376445,2545.2978403552515,2805.2928535375163,4784.375917024258,3079.1994010063536,6028.952870921711,3504.99768387187,4952.4164860203055,2951.9151739352237,2042.368030953345,2014.8412935592323,4068.0344025578406,2643.720821684064,2890.1884838035753,3564.339074630994,4663.653118097159,4597.20978397903,4268.355960996475,4276.449921864734,5386.414091308816,3644.4103074456702,692.2326729165044,0.0,3192.136979383596,4613.309289313072,4490.9530073275355,1883.9598941853542,4946.455726921555,5243.5850002614725,4765.261015768362,5597.11981975849,1747.8355670832368,4854.6969691615195,2370.968143404315,3014.5815221036924,4323.107972457931,5881.03431987154,5803.6015490181,3137.455324566557,5873.967763153757,4038.256051213357,4321.622518614757,4944.8133081681535,4176.289636518832,3715.7707969723415,237.48767994231594,3101.7639899072174,4648.157543842296,3224.3022091429857,4727.360298816858,4749.505405691801],
        [1710.1445130013303,3005.458356967886,1535.2734788587545,1717.07808849499,1318.268467537916,3083.6125221209213,2932.703357584271,2566.1263653794936,2865.7871074925674,3011.820963953449,378.4501272348433,647.2142417505991,1062.5741947241595,2353.9840924232935,3092.82853698645,3039.2327126663126,1090.9679351042912,1904.8713516855667,1217.4323419517575,2716.289629323644,1365.8913081027442,2559.6998891311155,620.4141765919532,1972.8235334563847,1135.6836240303273,2921.8212301823223,1860.2328536197376,3100.3221947391316,1114.316706592063,2205.007387818393,2461.849440318981,3383.2328053327815,3192.136979383596,0.0,1478.7242246405176,1511.3555836171572,1630.4749389353092,1929.1964976585823,2698.7577577649267,1588.7301778379954,2618.217132914233,1706.4446883545738,2411.0464216005957,3015.1100599656515,922.6532241404403,3115.836019164371,3138.5386243872567,2773.3133762793022,105.12783709706679,2857.705558155198,852.384003808621,1648.7262408322451,2616.6043350304863,2325.355719759465,940.6973223873985,3212.6817343059433,3238.851817041065,1505.3636356570933,1361.2171311049926,2731.056655449302,1710.1445130013303],
        [377.3507690742822,1901.77768768021,369.3593379797532,431.38169953931134,2667.5337191015715,4513.235988417964,2349.3433376114453,3784.447107471142,3660.738181926981,2756.2763668414746,1132.7663179204078,2104.695039231086,2391.7540403642674,1602.823518913875,3694.7935476575935,1603.049940253296,2010.548359965427,1421.6591147193283,1963.990325071884,3705.093406550295,2842.7532597529835,2512.467806358053,1969.7236053690349,3210.213415140852,2009.718741092475,2564.1035922497426,1947.5837126331924,3075.5771200855006,850.4499757659968,818.7880872886597,2678.33733547905,4852.550840192265,4613.309289313072,1478.7242246405176,0.0,1415.09202949657,2861.8409343836597,1506.7261901852191,1713.727839113595,277.5607985698187,1210.6435465414859,2973.5395301994417,2598.683669312937,3893.9762890242323,2178.378430348425,3061.514981880142,1887.5499461047602,1321.0753522904772,1562.3913605639957,1411.2635346663756,819.0846242368947,1933.0565471182563,1868.957180623187,3008.49083400486,1027.5232725674955,4656.14836380519,3850.3889205635937,951.8925784905456,1856.9176292506559,2238.7266659868023,377.3507690742822],
