{
    "drone_dist": [
        [0.0,2666.21332895351,1450.2832333979525,4285.701959280266,2961.729534567688,409.0126042495382,1431.4608676240146,2528.7828726665475,495.3800043580132,3709.358581768782,4081.536178265218,3004.0316942771738,4689.409529488796,3729.6056345408724,691.4368113189017,2811.5831571220674,1733.9882110611952,554.2323830641104,4537.472082134417,5071.286270120583,3430.3650334598165,3947.3310425658915,959.613580359135,5263.664238731108,1546.594809367671,3026.772146614843,3798.9637897138477,3322.5316245568606,2155.4805759339984,3880.35800523436,3521.24447645436,3192.4668443580863,1853.8708948652916,3688.506833801607,3319.9297494541106,3433.2917773101863,3064.9483565155474,1857.7025842502921,1253.174853830928,2641.0799668406166,874.8817688849455,4107.880543216637,2335.6528247605142,5213.41233598053,4037.0617166201378,1210.1944705132214,2177.0514944826286,3806.3991826680067,3626.7896612906684,3755.3172561222896,3179.4683768781347,3610.259912571169,1903.6583105288548,3814.2010452409013,1559.6080194937356,3763.2026576958033,3565.703829759481,2912.7142973335467,3113.051302372648,4423.584795798586,0.0],
        [2666.21332895351,0.0,3626.8568625915855,2943.2965310635577,3558.514359073391,2968.5355674183647,2478.2982400820547,3780.8082465136617,2266.9801890010576,2551.678555588888,5355.0221031057135,670.9031435257066,3457.2337804230897,2556.8863248195053,3289.986485313799,4753.542778276621,1996.174635490554,2228.7941970509237,3366.175600499555,4312.695422040229,4002.9305393094805,2091.438275390941,3018.351599471241,4465.299606146845,3137.0167197503333,3300.5556665857334,2812.2575740775997,730.8529721497554,4008.5676508155884,2343.9972634566907,4207.722134061999,2869.693981259356,4073.921193218104,4169.400487344704,3923.90213424018,4941.178333403629,1293.9055159708537,2077.5716501856177,1599.8137524167987,1011.0864988698631,3517.552592853633,4826.056182852951,3487.508579808079,4366.224107516191,4418.789549430444,3647.3961352652395,2741.041922723096,2755.83186825897,1304.8508820761992,1421.07078991443,2285.9295510252655,4931.939077761162,763.5788322510923,2181.291444614571,3729.744741846839,2491.6193925255284,5324.452653961512,2009.4473783410995,914.5041441576374,3057.5230059785818,2666.21332895351],
        [1450.2832333979525,3626.8568625915855,0.0,4229.493584237852,2128.7234012948347,1602.8668789815997,1306.5589480324832,1406.8250789399851,1513.0097752117715,3670.995467661575,2734.668995126752,3734.7839791157294,4508.933661063613,3694.465029794229,926.2430652724898,1361.3320339647548,1889.635752392183,1521.4173314072152,4346.281845517695,4583.012619637531,2491.2118520512026,4231.951376467726,619.5573585729323,4774.465690656322,738.0980436647424,2373.524545065033,3647.2920610887036,4139.070652484316,753.4218568507014,4005.9444821563775,2501.1839863832065,2840.009349018519,451.75849084743766,2749.562303337898,2387.0227894960663,2047.3217331654755,3520.304511982493,1919.9938044656296,2028.4298206525386,3199.343497366614,1482.8309232493477,2987.3355421930523,1358.0825897899692,4755.925642635351,3093.224683117094,449.5048697651904,1733.5206991851744,3687.583754999492,4225.95611468096,4341.868619559897,3151.01384826966,2276.7959137998355,2908.276574051532,4005.0376164741156,112.76031121221104,3773.0926443462845,2121.3723982102597,2988.9537875394776,3753.642746871275,4357.337423872235,1450.2832333979525],
        [4285.701959280266,2943.2965310635577,4229.493584237852,0.0,2549.5784000217454,4694.333603326578,3035.730994018172,3322.922943526123,3798.1798859312453,579.2116101880623,4212.591787687457,2300.514643331239,514.363314733004,557.8631555064482,4555.454129074587,4599.746143219978,2566.752558881198,3738.573376912676,447.1175707119953,1490.9759930447572,2662.6600620444638,998.3089838672945,3888.567592418933,1602.5334501902328,3491.469812406357,2145.2770060245894,603.6756589000357,2548.773902540474,4063.957758446505,604.9799109134434,2878.552015260024,1466.6958103795625,4522.104831161148,2632.4667769473335,2667.1492981459487,4204.344880061593,1656.300677596111,2462.0738839790165,3127.064180239249,2040.2964135615348,5079.038692757673,3253.6739808599277,3129.7486468997436,1489.4617973153927,2649.9865523424814,4543.832978186848,2501.1482491731626,547.1787754160249,1911.4735869741342,1884.2971734781881,1116.5264978715397,3985.8213460080256,3129.660890991116,780.3955498589985,4273.601005732218,530.1010843150817,4760.515580512492,1373.6701198605026,2055.0809591233697,138.0576869839495,4285.701959280266],
        [2961.729534567688,3558.514359073391,2128.7234012948347,2549.5784000217454,0.0,3312.1778547781296,1585.0678637461233,840.1636939831225,2636.3755991921716,2117.8032634974934,1865.9365647634315,3270.711656308756,2662.214356482465,2139.961292561106,2839.583582493006,2080.0952234368174,1692.190449043371,2593.207931254634,2505.163798086712,2501.943691121668,493.5459624286104,2988.015610505161,2120.81734023582,2688.1331587314644,1509.758022942316,407.42770744727903,1955.1033953320914,3707.60536626271,1675.6629870081563,2593.7099692771712,660.9334301381591,1114.2986366171358,2253.153280286647,735.9494215938736,391.1680278677568,1680.52044580483,2708.4656263377583,1563.914345630624,2457.300839051664,2657.807491603665,3449.2792401429056,1295.8233154472337,773.5325202842249,2684.9677982791272,1078.502187811913,2555.9553460457937,904.6449685779647,2027.702981869226,3436.9330790122235,3509.1359415180777,1770.037807594452,1521.568311117733,3147.2431133157147,2680.772248103955,2120.820623074552,2259.336021717189,2221.120109991698,1831.145237846033,3146.182957566905,2648.186800159066,2961.729534567688],
        [409.0126042495382,2968.5355674183647,1602.8668789815997,4694.333603326578,3312.1778547781296,0.0,1818.1917875598924,2818.2309221146083,899.317095357604,4118.197177320499,4313.330310836049,3352.827246458589,5098.295603406302,4138.404212512418,698.4019011820776,2943.0276388937123,2142.4699735793024,958.7842954591712,4946.20465207107,5470.538692155446,3769.679249555237,4342.493863734078,1231.2618020615066,5663.278269640134,1849.2666639110714,3400.9939215499608,4207.629476874552,3649.3614805814223,2346.7859666779377,4284.911775460104,3846.623313861235,3592.7349613873726,1949.7479141820784,4030.269902608074,3659.1355192192395,3641.334194136983,3451.3512670640457,2265.0526643446124,1640.5085576111164,3021.1593530326736,558.7423987237282,4415.988210177302,2649.805582723655,5614.71031299743,4380.67366791797,1264.4238641072518,2558.8977406268164,4215.33652378005,3989.7799026251973,4118.9684910268925,3588.477788785418,3846.531127375316,2215.2384132818106,4215.907245779943,1702.3553885886256,4171.3762889544505,3716.29162589763,3321.135557269578,3475.4980457401302,4832.241902269526,409.0126042495382],
        [1431.4608676240146,2478.2982400820547,1306.5589480324832,3035.730994018172,1585.0678637461233,1818.1917875598924,0.0,1404.4179149437687,1055.7840760303388,2460.172128875277,3048.177162515612,2477.291545054834,3380.1554374122475,2482.733480251078,1530.8271055483885,2276.7151929882243,584.3862032548332,1010.1975866556967,3221.295397204178,3661.520963900505,2073.622138941131,2937.640667410494,855.7953607631126,3854.9320904476626,670.1697834973913,1601.315913613847,2489.7729816862625,2899.894389025549,1534.8390480703504,2743.2021994096294,2201.756113091113,1792.0061050888942,1707.0611828109595,2321.011565997948,1965.825625819226,2529.3872029890135,2215.393543528854,618.5232119882796,998.8012030900533,1912.1639700695016,2092.2465419013665,2824.6315904011594,1131.2244963713313,3811.4180761031785,2660.8700160761778,1533.6197783048676,746.7422851340527,2514.043326663108,2929.8995192716184,3043.2013755723437,1924.4007523641956,2588.7648930002338,1852.6244913660457,2725.8652767006574,1385.1126595288865,2544.8113622175506,2861.8408504513113,1721.309998700078,2471.49665672917,3169.8477426183035,1431.4608676240146],
        [2528.7828726665475,3780.8082465136617,1406.8250789399851,3322.922943526123,840.1636939831225,2818.2309221146083,1404.4179149437687,0.0,2323.882918382528,2840.8709416925726,1644.5082765188165,3633.38254952235,3479.3787397988367,2864.176440588018,2240.9244885056937,1277.440666381203,1785.769151167335,2295.837631361691,3319.7771629025237,3336.1865648960797,1101.5248534355846,3629.719757993609,1587.3977194657841,3520.3119296890086,982.7929619781135,1202.6083100469268,2719.8369519302228,4074.847623579257,844.7774407462407,3282.5915714062494,1094.5841009872747,1856.9275162040328,1446.878768520082,1353.2144574693077,1003.9768794988959,1160.7584132196546,3179.0957611066233,1706.25882084723,2400.912941723298,3018.383901694139,2842.228508619115,1605.6882906959756,293.41390833617305,3521.039331673797,1691.1393758557201,1854.6802810759907,1085.7970247235617,2783.9249589161595,3928.531397128276,4019.010375185457,2413.218493741705,1184.70174112045,3227.1914517659075,3341.668384717535,1372.731871994915,2973.2392035475796,1594.8700739385538,2386.29101400375,3558.5086124849754,3431.275260925381,2528.7828726665475],
        [495.3800043580132,2266.9801890010576,1513.0097752117715,3798.1798859312453,2636.3755991921716,899.317095357604,1055.7840760303388,2323.882918382528,0.0,3223.4311909798016,3939.819337715283,2548.7207755633744,4209.731405929066,3243.3285171539997,1024.2662652787487,2832.3345333874036,1263.4124259228802,59.61832982867093,4059.5629864283146,4628.008096212476,3120.734769333268,3453.00659851658,910.0768021745237,4819.144422040576,1362.3713398633365,2651.100920283644,3322.1420175817807,2889.133605094977,2117.7479018818135,3385.9197544739654,3235.944164072229,2750.646581035167,1957.9270239738883,3371.7995009955484,3011.7304356328978,3335.4575058487158,2575.5353310249325,1394.6722842106844,768.5761423307677,2156.9998030178253,1355.2368906765969,3846.483279330653,2092.316499615283,4764.256923427943,3714.129422299399,1415.07183515678,1794.225393449537,3326.3924848802712,3155.497272305437,3283.1667894270736,2696.7995063358176,3468.1572229395606,1506.687330049629,3318.87547874185,1625.4636526659156,3273.8461510387783,3545.0420040729928,2424.5287711318447,2643.589675407508,3936.180178916475,495.3800043580132],
        [3709.358581768782,2551.678555588888,3670.995467661575,579.2116101880623,2117.8032634974934,4118.197177320499,2460.172128875277,2840.8709416925726,3223.4311909798016,0.0,3883.722299780969,1955.3778073937528,1008.1439957475046,23.759599076836285,3977.1259955670494,4116.276015248482,1987.7542111917958,3163.8620983435676,875.6398651646724,1761.3186221224541,2314.0471686287065,958.6567723107441,3314.3943817722625,1914.5224733235045,2934.138763531558,1711.0754176252271,292.1316621360322,2276.575528731551,3544.869212846491,502.49612270679313,2540.0151278805934,1003.7044638606089,3978.18664216504,2334.6923025251167,2298.285567017606,3796.676422419415,1265.8137967147836,1882.9651940320427,2565.4148456222774,1582.7097062820274,4499.886884905363,2997.0432174726852,2626.131786618818,1817.8871271312348,2423.6947900467803,3974.8790387442987,1953.2863688370433,214.5363103465037,1722.8176994001526,1735.2154905866528,537.670856344075,3609.993735131473,2638.8660301185573,641.2964782931439,3719.2745230277246,147.35186191024818,4338.246714625414,801.4612597482443,1724.1965436306666,716.1186721633912,3709.358581768782],
        [4081.536178265218,5355.0221031057135,2734.668995126752,4212.591787687457,1865.9365647634315,4313.330310836049,3048.177162515612,1644.5082765188165,3939.819337715283,3883.722299780969,0.0,5121.554836370265,4174.245285357048,3903.594339862798,3658.8686037318384,1629.9256308220142,3385.1634184752593,3916.9767011003064,4039.8347026657775,3604.3215289813265,1569.765532293845,4805.758909575854,3122.0573075625266,3742.0932507921852,2577.6369334526885,2231.6078298194448,3667.349052723106,5561.379897465975,1981.6076309074429,4381.059576332404,1344.014064349438,2913.939038302026,2519.5459265637883,1582.1915134929243,1593.3449622225107,712.0673119156917,4574.139743688382,3285.6449062849942,4042.1870672611294,4504.424670885152,4208.503582295987,1058.3479833907822,1920.290902766413,3795.2501227211073,1648.3186961166607,3153.342241532269,2614.18585236697,3750.736960287693,5302.0712791267315,5372.311432750986,3610.314452116724,472.4175109595202,4849.889271101805,4490.14818980916,2651.352021891122,4030.6092075387824,1040.8896563481344,3694.968110540402,5007.081503110107,4282.6127157445335,4081.536178265218],
        [3004.0316942771738,670.9031435257066,3734.7839791157294,2300.514643331239,3270.711656308756,3352.827246458589,2477.291545054834,3633.38254952235,2548.7207755633744,1955.3778073937528,5121.554836370265,0.0,2814.6917734957096,1957.3886598103795,3559.2233390704514,4724.851438233905,1918.1842116300795,2500.1405806057087,2732.9368069662255,3710.7092991563436,3673.8653285627756,1421.566028109903,3160.574779420022,3854.5240616803635,3146.413144331497,2960.0048617710577,2231.466550585497,442.0980612518485,3997.8947675470645,1696.496306068571,3891.561638655435,2430.76635105806,4164.326412141803,3808.721597923882,3607.7217877386142,4784.611832748459,695.4907981935016,1955.2067785298984,1796.6679741044356,618.5829491618076,3877.588909215241,4484.317435556001,3343.5517465608755,3751.084546995186,4022.499424832811,3833.9128458809637,2551.451126394943,2166.530281131523,676.1285197334662,802.8668584489336,1775.8934022117742,4728.2952087578315,1188.089334967776,1527.6181638677945,3827.8758595992936,1878.1480143998645,5219.482252802536,1542.6825997155743,247.49573154876427,2409.155310356347,3004.0316942771738],
        [4689.409529488796,3457.2337804230897,4508.933661063613,514.363314733004,2662.214356482465,5098.295603406302,3380.1554374122475,3479.3787397988367,4209.731405929066,1008.1439957475046,4174.245285357048,2814.6917734957096,0.0,992.0689557957029,4910.556433035386,4741.56228545102,2956.7180578962807,4150.396972857187,162.8424261039698,1052.9249037681736,2680.7236565611447,1484.5104344325885,4220.418113150195,1133.334185983776,3774.0988131022705,2277.1086614999435,893.4737975857138,3056.139370755601,4266.186463136013,1118.4937866060195,2878.92249670888,1674.0756545235188,4766.339150190914,2600.6008150754383,2706.2088919051926,4252.865253129463,2168.5174207930872,2840.0419461203605,3569.901101442743,2543.819278532432,5455.447221855463,3162.4490416681565,3320.478860590178,1015.0064231468801,2549.51033109539,4851.829501472859,2777.611886112102,883.3442194084151,2408.355364602243,2372.469103729633,1514.4174462102142,4001.240206480624,3625.6950885401825,1291.6059139632534,4542.541190449818,1005.8087958292865,4819.941272631337,1803.197324864916,2569.038330030036,413.3654635469609,4689.409529488796],
        [3729.6056345408724,2556.8863248195053,3694.465029794229,557.8631555064482,2139.961292561106,4138.404212512418,2482.733480251078,2864.176440588018,3243.3285171539997,23.759599076836285,3903.594339862798,1957.3886598103795,992.0689557957029,0.0,3999.145631034127,4139.6725036714115,2008.900315923748,3183.7500894689642,861.4490142713508,1756.9308249363792,2334.006333276415,943.9036315354748,3337.084161074502,1908.6206994577021,2957.654834340835,1733.1290887450784,299.52194752015697,2275.1457551276835,3568.600065842829,485.11919845789157,2559.779336932984,1026.0011421523266,4001.888053846462,2353.08204413432,2318.831481538551,3818.594419747042,1269.2600342822964,1904.6482201419053,2583.349298708638,1591.2408154504424,4521.182819929737,3014.448796126129,2649.712282091209,1811.1039352184941,2439.760645862592,3997.9409784836525,1976.989054133132,218.39298466886777,1716.6567358438817,1727.3561460716128,559.6773795818818,3631.0963895341656,2650.542469441523,627.5570441160306,3742.8369347136477,129.4507072814766,4360.5474087016955,820.5086800930952,1725.0857552099533,695.0514031870432,3729.6056345408724],
        [691.4368113189017,3289.986485313799,926.2430652724898,4555.454129074587,2839.583582493006,698.4019011820776,1530.8271055483885,2240.9244885056937,1024.2662652787487,3977.1259955670494,3658.8686037318384,3559.2233390704514,4910.556433035386,3999.145631034127,0.0,2247.467986130074,2005.3771268407424,1066.424550770593,4751.961912509191,5155.664149000337,3263.7688988162618,4352.297581353643,729.3672103965007,5349.477094557008,1330.3109053134826,2995.756917369455,4019.216050699309,3910.323052860733,1679.134511427258,4220.185615777639,3311.7615834306935,3308.3941335436252,1251.6889145812609,3526.3469924843766,3154.5664588294158,2973.563809026321,3520.6903261102993,2096.6822923216496,1763.1774845831699,3126.3040863873102,610.1406984448336,3846.133597790925,2116.4868752889597,5313.841976090785,3877.007583203004,566.3085486623352,2206.3299719297,4041.1861561602495,4145.20981208178,4270.91850788264,3439.4780887585675,3198.021617920189,2528.022703919395,4179.598714026274,1018.3908326615227,4052.5879577227415,3023.448986749004,3210.074492473967,3638.514431521588,4690.9625009775755,691.4368113189017],
        [2811.5831571220674,4753.542778276621,1361.3320339647548,4599.746143219978,2080.0952234368174,2943.0276388937123,2276.7151929882243,1277.440666381203,2832.3345333874036,4116.276015248482,1629.9256308220142,4724.851438233905,4741.56228545102,4139.6725036714115,2247.467986130074,0.0,2807.950226767379,2830.5615504336915,4583.6962443914,4504.424167896723,2180.985401138471,4880.493055026249,1923.3688182532985,4678.888896802625,1618.4456914227653,2467.6703517741907,3996.9438918810215,5157.455683867197,747.375844020997,4550.179019478348,2064.7252986154326,3134.2409156006393,1001.5813019376419,2377.2546435136383,2114.9535556590595,932.1821511514627,4353.755617177885,2772.9645508717604,3208.975557431643,4129.84873002586,2719.11834533106,2287.288588401609,1499.9698068031335,4695.0526706221035,2647.585835561385,1689.2081740020396,2271.4592834691002,4061.351941422404,5100.095853656413,5200.224829971454,3675.194986601984,1270.3088123099888,4096.327387111568,4601.003069657966,1252.900903188354,4247.041684236983,781.869027943203,3620.6695940530176,4686.966886139773,4706.931484988052,2811.5831571220674],
        [1733.9882110611952,1996.174635490554,1889.635752392183,2566.752558881198,1692.190449043371,2142.4699735793024,584.3862032548332,1785.769151167335,1263.4124259228802,1987.7542111917958,3385.1634184752593,1918.1842116300795,2956.7180578962807,2008.900315923748,2005.3771268407424,2807.950226767379,0.0,1205.096191955945,2803.9387394652963,3375.441559565928,2178.87479179786,2374.9732170956345,1399.5177344944245,3565.161366116046,1238.434192841488,1562.2885635258174,2065.2574157684207,2349.507418574068,2079.9642467700105,2215.4435571433423,2351.436300883518,1508.1263391810055,2290.6762756274425,2395.5163995482476,2081.936899840005,2945.44487751308,1631.1248908437392,145.78610975328766,794.6955203345159,1336.3460203740692,2512.564293333146,2987.259447554846,1492.8428153276734,3506.7062778948602,2705.9756353740727,2091.3857651398425,796.256505773472,2074.5258812448064,2347.40263451941,2459.751586484746,1452.5199023289742,2948.723369692717,1472.18259608137,2181.197515922556,1969.4133624022982,2053.793590684221,3335.26946503609,1206.2530170038815,1896.6979535933713,2703.870155299527,1733.9882110611952],
        [554.2323830641104,2228.7941970509237,1521.4173314072152,3738.573376912676,2593.207931254634,958.7842954591712,1010.1975866556967,2295.837631361691,59.61832982867093,3163.8620983435676,3916.9767011003064,2500.1405806057087,4150.396972857187,3183.7500894689642,1066.424550770593,2830.5615504336915,1205.096191955945,0.0,4000.3249069320614,4571.384728954864,3078.9067231099293,3395.1213087689066,912.0543729790639,4762.393114798354,1341.0227758767087,2602.0834374077326,3262.992123380588,2844.4048701753504,2110.8655294103805,3326.627973151761,3196.844720527119,2694.488403320218,1968.745731750926,3328.9481588976373,2970.171707653345,3318.540923296703,2519.396483408726,1337.0229440070889,715.0218227147204,2102.3832358439818,1411.0437779345373,3809.660793017286,2060.1034770032975,4707.10829399571,3670.3415103165285,1440.569670070547,1745.3872920805607,3267.063959752568,3103.4924460550656,3230.953852401105,2637.361967874446,3445.7671569374766,1470.5512994938463,3259.974800477293,1633.4799695421254,3214.227990052518,3537.1105302932197,2364.9196679011343,2592.1244993839036,3876.5749265031745,554.2323830641104],
        [4537.472082134417,3366.175600499555,4346.281845517695,447.1175707119953,2505.163798086712,4946.20465207107,3221.295397204178,3319.7771629025237,4059.5629864283146,875.6398651646724,4039.8347026657775,2732.9368069662255,162.8424261039698,861.4490142713508,4751.961912509191,4583.6962443914,2803.9387394652963,4000.3249069320614,0.0,1050.3348029036854,2534.649183478497,1443.9513868224828,4060.111301368075,1155.9161257863602,3611.608216459826,2117.9451688661893,738.7673646538158,2992.7032702724987,4104.467918963129,1045.1671453611884,2735.9390891311014,1511.2528095960495,4603.586289314359,2462.2583994643405,2557.293289716383,4104.7549042143555,2073.3009723971504,2685.6098687837075,3427.8413272489865,2434.573274093406,5299.052948456085,3036.9422789003142,3158.9205646089767,1042.39717088457,2424.404469216596,4689.999048099192,2615.219754770256,735.0824910321513,2358.5432215097385,2330.953580967503,1367.7138672896383,3857.6235508092204,3507.9574759301586,1223.511599332261,4379.746291267238,889.6590407653769,4670.8136390862965,1661.842083215448,2489.2421783191435,385.45851903029575,4537.472082134417],
        [5071.286270120583,4312.695422040229,4583.012619637531,1490.9759930447572,2501.943691121668,5470.538692155446,3661.520963900505,3336.1865648960797,4628.008096212476,1761.3186221224541,3604.3215289813265,3710.7092991563436,1052.9249037681736,1756.9308249363792,5155.664149000337,4504.424167896723,3375.441559565928,4571.384728954864,1050.3348029036854,0.0,2324.7554452252566,2488.679616189619,4430.595315062771,193.82202883269866,3888.667489404931,2209.7716771953865,1506.721779006196,4004.9439228311044,4177.093521568374,2065.819451844608,2465.998299634011,1879.0650383545296,4750.350132201333,2152.968101577438,2390.0021934069737,3846.1034255570116,3025.973780161645,3237.429919103884,4101.565571246867,3332.2866088819123,5742.969773796861,2546.6110738930483,3261.3231130397467,193.42389974245123,1970.1582057373066,4981.518060598077,2949.5621307907486,1557.7263230902488,3391.8644205497676,3371.7333549998716,2107.2802458749798,3541.138989427263,4347.084971980791,2246.724484735551,4591.059859460834,1832.8180641557879,4413.103344322089,2418.7727193544256,3474.1132604961535,1434.5134118707028,5071.286270120583],
        [3430.3650334598165,4002.9305393094805,2491.2118520512026,2662.6600620444638,493.5459624286104,3769.679249555237,2073.622138941131,1101.5248534355846,3120.734769333268,2314.0471686287065,1569.765532293845,3673.8653285627756,2680.7236565611447,2334.006333276415,3263.7688988162618,2180.985401138471,2178.87479179786,3078.9067231099293,2534.649183478497,2324.7554452252566,0.0,3239.20023161641,2559.0577769534434,2497.9916123739895,1937.9366919985546,713.9109209339938,2102.565281566168,4104.089158079012,1933.8107931089296,2811.395937872139,228.78516298837107,1352.1644804873263,2546.3507016595713,262.5895080169014,110.55983904128797,1574.1544456034162,3074.4097265046557,2047.3643749563043,2949.3885437848344,3070.714345678614,3873.4817972285286,823.8948270204401,1149.8510611082997,2516.1627003689814,613.6080662117676,2932.9741796377684,1396.76002611792,2184.6731490152697,3779.9050482696166,3841.1118878348607,2058.949342969432,1326.05839607748,3623.33046106129,2922.4771294649754,2466.6014194661816,2460.8801658156203,2143.4975654746568,2177.7163160032324,3531.1463995257236,2742.1092481182277,3430.3650334598165],
        [3947.3310425658915,2091.438275390941,4231.951376467726,998.3089838672945,2988.015610505161,4342.493863734078,2937.640667410494,3629.719757993609,3453.00659851658,958.6567723107441,4805.758909575854,1421.566028109903,1484.5104344325885,943.9036315354748,4352.297581353643,4880.493055026249,2374.9732170956345,3395.1213087689066,1443.9513868224828,2488.679616189619,3239.20023161641,0.0,3774.3821973747,2599.8226518986644,3521.406571430896,2591.2008404323224,1232.8266908629128,1592.1119679593269,4244.142738487351,468.9533283656078,3467.4185044692017,1892.7879448831252,4594.695339136977,3279.471515213633,3212.7130304883717,4663.0784529746215,926.5182316576991,2319.1484641319676,2703.669752573923,1373.938963367009,4800.332038510709,3948.6165029016797,3382.0740856323932,2485.61783413503,3381.1446938582417,4465.136293347397,2622.953679037988,1145.0387445537497,926.6351400899442,888.3531313472246,1223.8651190004637,4504.769068329904,2449.4734299897186,319.57304164418065,4299.005348914299,815.8114597151965,5184.8382746712405,1267.9567272493366,1177.0177018562583,1072.3833427544196,3947.3310425658915],
        [959.613580359135,3018.351599471241,619.5573585729323,3888.567592418933,2120.81734023582,1231.2618020615066,855.7953607631126,1587.3977194657841,910.0768021745237,3314.3943817722625,3122.0573075625266,3160.574779420022,4220.418113150195,3337.084161074502,729.3672103965007,1923.3688182532985,1399.5177344944245,912.0543729790639,4060.111301368075,4430.595315062771,2559.0577769534434,3774.3821973747,0.0,4624.352609025772,622.9989323915092,2266.549087716345,3334.33998499328,3553.4220568717897,1221.0926582732825,3596.3800479751367,2623.3633229893985,2594.7774804565697,1071.2667407395977,2821.282091059355,2448.9564292507284,2479.4748980732893,3004.061779168029,1463.2069106908557,1418.5661713172726,2652.651780016801,1333.5539429748992,3185.276411536978,1423.872146691018,4590.746953702406,3172.4820119435963,693.9208803433318,1483.7171448838026,3362.281719515297,3684.1343722775214,3804.1135939627347,2779.4661460223283,2650.6706922813714,2292.106334367668,3573.7965928927174,729.2137464904649,3400.449072490717,2647.298855226667,2575.2471730928883,3197.466540447429,4021.9496604173146,959.613580359135],
        [5263.664238731108,4465.299606146845,4774.465690656322,1602.5334501902328,2688.1331587314644,5663.278269640134,3854.9320904476626,3520.3119296890086,4819.144422040576,1914.5224733235045,3742.0932507921852,3854.5240616803635,1133.334185983776,1908.6206994577021,5349.477094557008,4678.888896802625,3565.161366116046,4762.393114798354,1155.9161257863602,193.82202883269866,2497.9916123739895,2599.8226518986644,4624.352609025772,0.0,4081.5585907955665,2400.9842856098494,1669.8515097836025,4137.149706157153,4362.360292880441,2191.248046102032,2632.362326091481,2071.233410156348,4938.391798715328,2318.2902440023363,2566.2607488769536,4005.5700676771226,3174.782142086924,3427.6881579104615,4287.1835086781075,3492.6170896845956,5936.752296400003,2683.7918846955636,3449.8726715290836,120.68117196277994,2119.972774977629,5174.080901842079,3143.383887835615,1715.8849619038335,3512.6187574419428,3486.7842397074114,2281.1016098938,3695.2825763938963,4517.9883493067355,2371.587151440238,4781.731727181797,1977.322727022023,4570.656715446058,2593.084620638901,3615.4758866441853,1532.8625189289571,5263.664238731108],
        [1546.594809367671,3137.0167197503333,738.0980436647424,3491.469812406357,1509.758022942316,1849.2666639110714,670.1697834973913,982.7929619781135,1362.3713398633365,2934.138763531558,2577.6369334526885,3146.413144331497,3774.0988131022705,2957.654834340835,1330.3109053134826,1618.4456914227653,1238.434192841488,1341.0227758767087,3611.608216459826,3888.667489404931,1937.9366919985546,3521.406571430896,622.9989323915092,4081.5585907955665,0.0,1691.6841820631564,2909.5501016460903,3570.00614323805,871.8742379767526,3277.932689563739,2000.4852709011416,2109.3971875393704,1073.9423502831849,2200.3950489207264,1828.095959430638,1982.4780298005594,2856.1397921708094,1238.9371798933498,1597.8836623261489,2574.4202591363473,1940.3466192637084,2567.8632301053026,801.3189214794098,4056.416511969282,2551.5375785949927,1095.0560638271188,996.811734852896,2949.5039793446003,3583.1062061715347,3693.295920813035,2416.9948423444375,2105.829654520921,2481.033852246713,3283.9986813944565,786.6037985454681,3037.9573195023995,2247.7559260793537,2266.4624568030285,3134.6631348224414,3619.2396299860316,1546.594809367671],
        [3026.772146614843,3300.5556665857334,2373.524545065033,2145.2770060245894,407.42770744727903,3400.9939215499608,1601.315913613847,1202.6083100469268,2651.100920283644,1711.0754176252271,2231.6078298194448,2960.0048617710577,2277.1086614999435,1733.1290887450784,2995.756917369455,2467.6703517741907,1562.2885635258174,2602.0834374077326,2117.9451688661893,2209.7716771953865,713.9109209339938,2591.2008404323224,2266.549087716345,2400.9842856098494,1691.6841820631564,0.0,1548.8171193481921,3390.2825807549193,2008.7375966884028,2189.843762696777,934.3268380813078,708.2562122282346,2553.2497043991243,870.518997584984,653.6581399230404,2085.8931024142094,2364.6269327506643,1420.9607859260366,2354.694124457919,2358.0389784950153,3598.478647005365,1529.3211193396849,1067.8606436036323,2384.434090814845,1151.6798314507182,2777.7576340576657,856.8877848224733,1620.7100778472693,3078.4724390193746,3144.4153002870707,1380.94458637643,1913.568396798066,2959.14221525019,2281.2376427095646,2381.647649539705,1853.1754054274666,2628.495978012918,1471.7264436820653,2818.160397529157,2246.2201041962485,3026.772146614843],
        [3798.9637897138477,2812.2575740775997,3647.2920610887036,603.6756589000357,1955.1033953320914,4207.629476874552,2489.7729816862625,2719.8369519302228,3322.1420175817807,292.1316621360322,3667.349052723106,2231.466550585497,893.4737975857138,299.52194752015697,4019.216050699309,3996.9438918810215,2065.2574157684207,3262.992123380588,738.7673646538158,1506.721779006196,2102.565281566168,1232.8266908629128,3334.33998499328,1669.8515097836025,2909.5501016460903,1548.8171193481921,0.0,2562.8794912820176,3462.039987825079,766.0219937322396,2324.614035810366,863.1664368470389,3928.370057198416,2100.8149330963993,2097.14364121452,3621.2187439040154,1537.7478814834635,1947.0064091984589,2702.939774670122,1825.664500384195,4562.021385163051,2750.832398653903,2526.3768877242946,1580.4925788983473,2165.974405048106,3975.617901777899,1914.3530471968638,88.38655689043485,2014.9394525269772,2026.8071445519397,641.1523305458124,3416.0199147654043,2852.481789307849,920.9043314829012,3687.3766184806796,420.2513852948368,4172.557511467456,947.4857600734949,2004.5059118236386,719.0731572566989,3798.9637897138477],
        [3322.5316245568606,730.8529721497554,4139.070652484316,2548.773902540474,3707.60536626271,3649.3614805814223,2899.894389025549,4074.847623579257,2889.133605094977,2276.575528731551,5561.379897465975,442.0980612518485,3056.139370755601,2275.1457551276835,3910.323052860733,5157.455683867197,2349.507418574068,2844.4048701753504,2992.7032702724987,4004.9439228311044,4104.089158079012,1592.1119679593269,3553.4220568717897,4137.149706157153,3570.00614323805,3390.2825807549193,2562.8794912820176,0.0,4426.90240888053,1947.9773260227269,4323.449527555993,2839.5433449188895,4574.065642395523,4232.37800366011,4040.192983620001,5226.619989357884,1066.9967661193232,2391.9529896315817,2160.3628257784094,1060.4595443118635,4188.600375942819,4910.46278696089,3784.699001670477,4028.708885843842,4436.506054040234,4215.910904951386,2993.415749034125,2490.928945871519,684.5311057721747,772.5302530207795,2163.343277089077,5169.835620154625,1437.0165170506623,1769.2041040924375,4234.881898726364,2181.282900258629,5659.740784472002,1952.6448057781085,584.16543223348,2643.465529128409,3322.5316245568606],
        [2155.4805759339984,4008.5676508155884,753.4218568507014,4063.957758446505,1675.6629870081563,2346.7859666779377,1534.8390480703504,844.7774407462407,2117.7479018818135,3544.869212846491,1981.6076309074429,3997.8947675470645,4266.186463136013,3568.600065842829,1679.134511427258,747.375844020997,2079.9642467700105,2110.8655294103805,4104.467918963129,4177.093521568374,1933.8107931089296,4244.142738487351,1221.0926582732825,4362.360292880441,871.8742379767526,2008.7375966884028,3462.039987825079,4426.90240888053,0.0,3946.879501605087,1893.9503809496782,2605.99306869698,623.8099688033911,2176.158000036751,1841.3905263533675,1295.5284596533968,3659.1424309491417,2056.314886563435,2462.135157018546,3411.50289361103,2229.607594801273,2307.544265222888,946.1023022917881,4360.599091028219,2500.880874488285,1177.2918016913513,1622.0629986998447,3517.5040039861024,4399.661791940739,4504.214788165058,3068.0772779321615,1526.3663300199455,3349.047837398175,3979.9934332653615,671.0434403935193,3666.337939348771,1427.6778103729334,2976.303356560973,3971.0050986619412,4180.801160123624,2155.4805759339984],
        [3880.35800523436,2343.9972634566907,4005.9444821563775,604.9799109134434,2593.7099692771712,4284.911775460104,2743.2021994096294,3282.5915714062494,3385.9197544739654,502.49612270679313,4381.059576332404,1696.496306068571,1118.4937866060195,485.11919845789157,4220.185615777639,4550.179019478348,2215.4435571433423,3326.627973151761,1045.1671453611884,2065.819451844608,2811.395937872139,468.9533283656078,3596.3800479751367,2191.248046102032,3277.932689563739,2189.843762696777,766.0219937322396,1947.9773260227269,3946.879501605087,0.0,3038.2119595760364,1482.4483096755864,4341.801131127751,2836.7638248488706,2792.095592122115,4274.184069509252,1067.0807175211673,2134.774691196937,2671.6606090309733,1475.2746350511609,4707.661931682627,3499.4757587392296,3051.4125966560773,2081.5330926688052,2924.2086232317674,4276.027269938028,2330.246142899464,677.8533506112533,1326.9135785882054,1314.2480792138065,878.9918972000593,4098.172423032707,2574.106528734956,180.92140919471152,4063.761445961711,355.67552450857613,4808.3403850206705,1022.0776158763499,1450.5892866480556,713.6856343057862,3880.35800523436],
        [3521.24447645436,4207.722134061999,2501.1839863832065,2878.552015260024,660.9334301381591,3846.623313861235,2201.756113091113,1094.5841009872747,3235.944164072229,2540.0151278805934,1344.014064349438,3891.561638655435,2878.92249670888,2559.779336932984,3311.7615834306935,2064.7252986154326,2351.436300883518,3196.844720527119,2735.9390891311014,2465.998299634011,228.78516298837107,3467.4185044692017,2623.3633229893985,2632.362326091481,2000.4852709011416,934.3268380813078,2324.614035810366,4323.449527555993,1893.9503809496782,3038.2119595760364,0.0,1580.949088132713,2515.367085007358,314.59791863661746,284.6494347110337,1392.4683224368603,3298.1935884877867,2224.444012874998,3108.879369935874,3285.599899830886,3918.8517036612125,635.9115201585623,1199.6854823288684,2658.915066099914,607.4150319043163,2948.373867257888,1559.447445373663,2407.4766309415245,4006.49920836758,4068.5284996810265,2287.4495416602085,1122.4064817503724,3808.1318524905523,3150.465355868032,2466.545168566601,2687.008037460287,1963.080882703382,2402.8113987937554,3752.3722841163103,2954.7480591675803,3521.24447645436],
        [3192.4668443580863,2869.693981259356,2840.009349018519,1466.6958103795625,1114.2986366171358,3592.7349613873726,1792.0061050888942,1856.9275162040328,2750.646581035167,1003.7044638606089,2913.939038302026,2430.76635105806,1674.0756545235188,1026.0011421523266,3308.3941335436252,3134.2409156006393,1508.1263391810055,2694.488403320218,1511.2528095960495,1879.0650383545296,1352.1644804873263,1892.7879448831252,2594.7774804565697,2071.233410156348,2109.3971875393704,708.2562122282346,863.1664368470389,2839.5433449188895,2605.99306869698,1482.4483096755864,1580.949088132713,0.0,3092.6751051370943,1423.9307247914478,1320.5942713721583,2794.1021472273314,1779.1981783139313,1366.5103549971868,2267.1436971286807,1871.208545999728,3882.8712805929326,2106.115954099875,1665.8941049498592,2022.2741350846857,1598.4515358145936,3197.4427046490414,1119.32589325384,927.4505095706795,2449.735768640021,2502.697954173878,712.7157772695117,2616.6258050936685,2676.4948835057776,1579.2261585447745,2870.425159816973,1145.0731844064157,3334.5507715866615,888.299067678809,2256.0125659241676,1578.186218355764,3192.4668443580863],
        [1853.8708948652916,4073.921193218104,451.75849084743766,4522.104831161148,2253.153280286647,1949.7479141820784,1707.0611828109595,1446.878768520082,1957.9270239738883,3978.18664216504,2519.5459265637883,4164.326412141803,4766.339150190914,4001.888053846462,1251.6889145812609,1001.5813019376419,2290.6762756274425,1968.745731750926,4603.586289314359,4750.350132201333,2546.3507016595713,4594.695339136977,1071.2667407395977,4938.391798715328,1073.9423502831849,2553.2497043991243,3928.370057198416,4574.065642395523,623.8099688033911,4341.801131127751,2515.367085007358,3092.6751051370943,0.0,2793.0102037477727,2450.560787365407,1810.3650411997844,3919.616673701221,2305.779445772833,2477.143780022211,3616.079572955902,1722.1656523341474,2927.1719829528156,1489.4639403282777,4930.213266001946,3121.5520897266333,688.8405382968231,2024.9008744981516,3975.732305413204,4636.8770530512775,4750.22186831431,3472.8270984162396,2087.776709423546,3358.9809072627027,4353.668673364253,344.59450636309776,4088.884149950211,1782.5989226938789,3336.4652171019143,4173.598180278761,4645.496984350837,1853.8708948652916],
        [3688.506833801607,4169.400487344704,2749.562303337898,2632.4667769473335,735.9494215938736,4030.269902608074,2321.011565997948,1353.2144574693077,3371.7995009955484,2334.6923025251167,1582.1915134929243,3808.721597923882,2600.6008150754383,2353.08204413432,3526.3469924843766,2377.2546435136383,2395.5163995482476,3328.9481588976373,2462.2583994643405,2152.968101577438,262.5895080169014,3279.471515213633,2821.282091059355,2318.2902440023363,2200.3950489207264,870.518997584984,2100.8149330963993,4232.37800366011,2176.158000036751,2836.7638248488706,314.59791863661746,1423.9307247914478,2793.0102037477727,0.0,372.33760196667765,1698.4164563550537,3186.7845002694685,2260.0223297722123,3175.3160890601107,3215.730183009594,4136.039367318403,682.6721156669275,1412.0094908863064,2346.0553496814996,351.20010061095405,3192.545266120778,1626.644166684337,2186.307715906243,3872.8509912759773,3926.6163060982835,2136.522911341076,1412.9763233945764,3822.1753540622108,2960.2940152669416,2722.7417169217474,2481.9969195415442,2268.2418324798236,2287.194120340072,3653.6619027612373,2700.6135967091386,3688.506833801607],
        [3319.9297494541106,3923.90213424018,2387.0227894960663,2667.1492981459487,391.1680278677568,3659.1355192192395,1965.825625819226,1003.9768794988959,3011.7304356328978,2298.285567017606,1593.3449622225107,3607.7217877386142,2706.2088919051926,2318.831481538551,3154.5664588294158,2114.9535556590595,2081.936899840005,2970.171707653345,2557.293289716383,2390.0021934069737,110.55983904128797,3212.7130304883717,2448.9564292507284,2566.2607488769536,1828.095959430638,653.6581399230404,2097.14364121452,4040.192983620001,1841.3905263533675,2792.095592122115,284.6494347110337,1320.5942713721583,2450.560787365407,372.33760196667765,0.0,1547.6537608090257,3018.241379666688,1952.1396579730008,2848.4492634314943,3001.173800204355,3764.38653258585,910.1175042157095,1041.924746001322,2580.262194407713,723.5340144277858,2827.6396558143606,1295.8129793575702,2177.4553413140784,3730.7365330107323,3794.9316744115376,2020.132678789352,1319.5266494277773,3532.0329259622367,2897.679525052511,2364.1997000730375,2444.3952201283378,2113.748397657217,2124.909552272383,3470.1711476029877,2751.136766157419,3319.9297494541106],
