{
    "drone_dist": [
        [0.0,2341.7749032135666,4459.575119876493,3319.9466764415115,5281.804216247519,3070.838547094756,2857.290710554399,3992.641154115079,2877.022453254393,3028.104058051589,3850.320844024638,4472.373873650602,1795.908607890577,2811.003595180811,4205.933666487906,2913.422608748834,3309.0326505523944,1213.9344170467768,2370.8795874343327,3817.265971285145,4214.908532820977,3030.294476017942,266.9164757063642,3887.1391915306467,4145.1366332712105,1939.4114069048812,3316.2880207711487,3041.2426726350654,4543.984439380228,3893.4611813237366,2428.7119981675905,2917.0316087676374,1446.5597513595644,3814.6407492578137,2314.511111976075,2382.1761114599913,896.5735116943187,3608.9853631783153,3729.5514379015403,2950.8598282681523,4863.702113493437,656.4577218224704,4255.051635353759,1735.8284299414834,4514.253901875599,4777.354979584138,1777.5675052246356,3046.202883770315,4215.087571009651,2680.2085534803105,0.0],
        [2341.7749032135666,0.0,2981.417942035932,2666.432852993205,2950.787797735329,2159.8917283266564,1541.0714533772746,2376.4293792456224,1948.7667238881745,2231.580654213095,2901.651877228736,3284.1081168577143,787.8547205117235,2549.8917899656826,2030.5528025293793,720.0084298210583,2765.3251567284215,1664.6369817478187,876.1032366161511,1665.3489691274426,1878.2829226503618,1380.999368229965,2598.954566314059,2977.14772561851,2004.247312608542,2975.954214279218,1280.2704143164037,763.3025515136773,3106.20411933932,2155.9748092713767,2441.3552636483205,1098.041210835222,3386.2685326138653,1575.8375647041712,661.8226435717119,1938.9187664642868,1563.1645071770856,1573.2326121695237,1592.082267836915,907.8944632403275,3808.4735305723134,2756.9772850587583,2043.433931571414,1281.912024965967,2185.1516270421116,2646.3860616627226,3721.7556980864892,1999.2961892790145,3114.940267049745,1092.7695751499637,2341.7749032135666],
        [4459.575119876493,2981.417942035932,0.0,1516.0248383926014,3574.0308102231143,5071.252077476641,1635.7641694448635,614.6811112218488,4878.748108890729,5162.392757701886,993.1088963449108,586.9570759377841,3695.4716486838365,2078.031152682684,3848.230871639581,3289.7912796876917,1643.3116055889238,4423.7047539751475,3836.1124856396013,1769.609151797871,2644.6066921810525,4142.979885696079,4708.905234327584,1041.2813571392785,3918.4824194864873,3528.482094547141,1796.4359289465774,2442.6689164693435,135.29950326311138,875.4308771105426,5416.019079072654,3847.8220826154347,4619.4476058669225,2039.8833425203943,2458.896896562721,2162.3243757864534,3596.97525173644,1599.4656456060877,1764.7919109753511,3551.4319258965243,1063.9445234935806,4454.831038386386,1884.8646752672182,2736.121316842803,3218.9018344453307,1641.330889175721,4824.607581018603,4892.564552194058,706.7311393672452,1967.7015503381915,4459.575119876493],
        [3319.9466764415115,2666.432852993205,1516.0248383926014,0.0,4447.48432537787,4803.112379114349,1175.9391056598656,1452.1417205548046,4583.764495762636,4859.991151792992,588.0044968512435,1255.0425128710256,3150.338390132211,591.4355377153234,4248.745382210504,3249.3981031615986,153.07319933416068,3640.6617908537964,3516.681304119624,2369.7711777974746,3302.4230742371983,4036.583772428623,3538.2083106539976,596.3466199695188,4280.487966125522,2049.195203048662,2033.5018323362033,2511.8289212827804,1530.4356802554873,1608.1808693666121,4854.955678123632,3742.956539367337,3190.918407139556,2601.9405771516876,2006.0442977816285,961.9378344305575,2573.729404662173,2065.633948548651,2307.5904543665056,3499.0601771983484,1556.1821612219724,3161.2156829453556,2722.3685616430585,1795.609025756305,3880.7136835494675,2804.8880266596484,3362.4759240889475,4653.265976772024,981.2119284310446,1619.7073035813157,3319.9466764415115],
        [5281.804216247519,2950.787797735329,3574.0308102231143,4447.48432537787,0.0,3555.6655549296092,3444.419056631238,3156.4512057270044,3506.604325321562,3692.0727730160106,4261.786152717509,4151.519766861194,3543.137015744646,4703.5827368746495,1385.9006132527013,2398.2312391786954,4597.812119291245,4396.818971498031,3099.7290023292962,2080.503353990078,1198.6092415587982,2715.2516692460763,5532.643328756038,4343.271540901054,1501.4613449411258,5678.7350191186,2498.462590640665,2361.187616501493,3692.5835053973456,2913.1198900625714,4470.3624948574225,2619.7277588349402,6295.797552502114,1870.844525902749,3216.041727827342,4274.747109400696,4508.3776879475345,2390.5695264815167,2148.8652148529695,2442.6438479298695,4630.8966123289265,5704.065860644974,1747.630706326081,4024.5920003182705,767.5578158997184,1974.2273655635202,6619.756176419773,3383.192012708111,4183.576599918524,3176.6900646441964,5281.804216247519],
        [3070.838547094756,2159.8917283266564,5071.252077476641,4803.112379114349,3555.6655549296092,0.0,3700.5895880133457,4456.685668089259,225.86923678960753,136.72163276573548,5061.536954730576,5424.289516331508,1724.5487658052728,4606.9539377786705,2169.765039909849,1802.775042027079,4890.231328497875,1858.0963085147225,1288.8659464488626,3473.479019729538,3093.568410781705,985.926130205394,3209.025450053653,5136.870689801072,2054.652264737262,4601.839275468263,3281.5002057080897,2637.1241155781013,5201.9474153200335,4207.100308830317,1030.7026739753437,1250.920784202693,4501.210629097897,3263.0901097339934,2805.3590641405185,3984.096536555505,2862.860890508465,3520.637472478366,3433.9101047926056,1554.6732128702974,5955.637294571139,3715.083393772357,3679.070493892612,3172.010734752541,2949.3176717698766,4317.333046244751,4840.654366129265,190.80723802197917,5267.578767013623,3252.381165138748,3070.838547094756],
        [2857.290710554399,1541.0714533772746,1635.7641694448635,1175.9391056598656,3444.419056631238,3700.5895880133457,0.0,1135.3818890808316,3487.851644267917,3769.5985203014184,1361.6523540263397,1801.5725735490537,2143.1317598681585,1269.5918012666034,3093.1926955470403,2079.040930539433,1299.529189618381,2804.2705404763283,2413.6767686690773,1400.6881748628473,2255.0238187316572,2884.1661242677737,3114.4613739051097,1436.3219744501237,3118.6127236357597,2357.745042714974,947.3094374729077,1341.0283652010044,1737.448446597233,1060.8021910633677,3881.2375122395515,2586.9961593173302,3257.05335188509,1575.5924043615453,908.1669647669563,862.1446411737027,1976.3211376369,1091.3030380295481,1319.085061000724,2332.4931539714244,2302.1888184219365,2938.988887916761,1831.9130111655877,1121.4653971598582,2805.736396305978,2143.117729450609,3522.214664065307,3540.180026040117,1601.5749485197728,454.2797739034508,2857.290710554399],
        [3992.641154115079,2376.4293792456224,614.6811112218488,1452.1417205548046,3156.4512057270044,4456.685668089259,1135.3818890808316,0.0,4264.6831495472725,4548.216102210971,1120.1002366640678,1067.909035248475,3105.265803939678,1915.7713570815922,3288.1387093902117,2676.038605199487,1602.4137259573024,3861.701727432997,3225.2056520477863,1208.861946879952,2130.1467657398375,3529.365608064724,4249.74764727824,1197.931644208493,3351.6840510323113,3292.1192304080228,1182.9815233955258,1828.7173114697637,746.6090293275604,277.15133986320484,4815.654637649144,3233.753890920217,4307.448199170668,1480.4137597445258,1882.5601590512865,1824.7919038644488,3109.459044252944,1002.1231569593282,1189.619105265641,2938.04582549475,1602.7210528414407,4055.215530920685,1414.1552826702468,2256.8153779004024,2716.9688219063214,1363.0603723581182,4544.047166160029,4277.891125399286,1038.3308459606349,1399.6527042895227,3992.641154115079],
        [2877.022453254393,1948.7667238881745,4878.748108890729,4583.764495762636,3506.604325321562,225.86923678960753,3487.851644267917,4264.6831495472725,0.0,284.2969295183389,4849.370480188654,5221.755940608423,1498.680252300273,4382.695073038388,2125.124243142856,1630.6062240580156,4669.524073436828,1663.1098027765802,1074.2015420639987,3307.0555461007607,2974.790340230933,853.4884844752191,3024.331400161861,4924.097458358804,2013.737842167139,4380.798303065111,3094.607951334794,2453.274295740604,5008.592278510928,4018.666068534564,989.619895310891,1091.5349085580917,4300.20083923936,3105.1446888988985,2589.3693848500425,3759.943454408948,2643.1576134247052,3341.0015310753593,3263.8907210029606,1392.1355214301896,5751.201041599678,3516.5893153933675,3531.2598532668635,2946.3616583993385,2869.869746884655,4171.990164279155,4641.161676316661,182.20268911169907,5060.973689309289,3041.4912793542508,2877.022453254393],
        [3028.104058051589,2231.580654213095,5162.392757701886,4859.991151792992,3692.0727730160106,136.72163276573548,3769.5985203014184,4548.216102210971,284.2969295183389,0.0,5131.232658022571,5505.970599371066,1754.6282828948467,4648.86613266883,2306.177843704661,1907.0603944106801,4943.852249293435,1820.173274822721,1356.1295014250807,3581.679754533843,3219.724318806788,1105.312445756249,3156.779000393608,5205.652208051099,2191.176136114973,4600.988590417527,3376.914578350625,2734.579765416059,5292.372212474083,4301.45670351226,911.1176074504053,1360.846876941169,4465.219920082361,3375.4159133080775,2869.367035582872,4026.718029609923,2860.122932264919,3621.1218487956567,3540.156768737769,1663.6760937291904,6035.2197635699695,3676.7628865623806,3795.8910917347025,3205.089058789324,3083.041185320087,4435.274639481996,4802.540714890547,317.6498967901094,5344.6516166277715,3324.116448594584,3028.104058051589],
        [3850.320844024638,2901.651877228736,993.1088963449108,588.0044968512435,4261.786152717509,5061.536954730576,1361.6523540263397,1120.1002366640678,4849.370480188654,5131.232658022571,0.0,667.0631256334628,3483.530527157326,1179.437726455787,4249.54043542745,3397.982228531902,683.723751574997,4063.977534744732,3775.2449729817,2236.4831550670456,3183.1959611726775,4226.021345410394,4078.2444932019425,84.80503622401932,4296.700696403384,2635.506694271327,2018.913162430007,2592.6587469618953,981.0766583058527,1348.8143124120368,5216.06385421678,3926.6811635676336,3778.5848693196976,2495.487000269177,2266.5668700203087,1468.228771002327,3061.5270519006663,1963.2554707925524,2192.724652376431,3658.155180726515,1017.9142042713922,3728.9810802639213,2514.16728930984,2236.696377033919,3772.5470201938765,2469.4220599795685,3949.721286413554,4899.678791862341,393.2212828071989,1809.7278430730107,3850.320844024638],
        [4472.373873650602,3284.1081168577143,586.9570759377841,1255.0425128710256,4151.519766861194,5424.289516331508,1801.5725735490537,1067.909035248475,5221.755940608423,5505.970599371066,667.0631256334628,0.0,3940.24605178189,1846.4550633876481,4356.044424216093,3682.1237494182938,1343.9481977264627,4593.24393131206,4157.355535108709,2276.007235371981,3185.3157692058044,4531.8830804282925,4707.490551582068,669.0905517088419,4419.150006200515,3300.8843098721295,2209.0763930847015,2840.696499566306,491.8815999976573,1344.7958763763904,5677.759716973719,4232.712697232038,4445.5511401199965,2547.7816393461108,2696.1554494815055,2097.307492521391,3654.4210851164826,2063.2124750128314,2257.3948664920613,3945.7589431640567,541.3681096365158,4381.234449437142,2441.8480524181364,2807.1102790733157,3767.4467024088367,2228.1244945859303,4615.772294083046,5252.378810580875,273.8434532796215,2208.744014048706,4472.373873650602],
        [1795.908607890577,787.8547205117235,3695.4716486838365,3150.338390132211,3543.137015744646,1724.5487658052728,2143.1317598681585,3105.265803939678,1498.680252300273,1754.6282828948467,3483.530527157326,3940.24605178189,0.0,2900.2930718336015,2410.696328073385,1145.5251251676834,3221.986848389342,895.5945991494458,608.0242249580708,2452.582487309652,2574.9579212968833,1300.2311507170502,2026.5525622707135,3551.5726981919224,2349.2500014511306,2934.1390977730143,2059.089677435353,1543.1976851616628,3814.3907160730987,2903.652919503031,1738.1618048122266,1136.668220492285,3058.4154360032803,2352.469263854407,1245.656328484814,2280.4014490811346,1244.8111606551158,2356.1551010958174,2379.8721880341136,1155.9714519262996,4445.302092631316,2332.509920268983,2821.4674874784127,1450.5114912840077,2780.4637434830597,3431.72909354193,3404.74512546815,1610.9754647293425,3744.6073465743816,1737.5654134254041,1795.908607890577],
        [2811.003595180811,2549.8917899656826,2078.031152682684,591.4355377153234,4703.5827368746495,4606.9539377786705,1269.5918012666034,1915.7713570815922,4382.695073038388,4648.86613266883,1179.437726455787,1846.4550633876481,2900.2930718336015,0.0,4331.563340079065,3205.8835616376846,523.2178672882185,3268.6320091604575,3344.1694679203674,2634.639346773571,3520.813343395978,3928.798557271484,3014.3622651741043,1184.5929079178056,4347.445727314937,1460.5602394050475,2213.940735873868,2569.746785724023,2104.6597259130576,2015.26840922133,4541.894250881946,3647.8720633680873,2600.088710464704,2832.862432985497,1900.2773774118323,623.0165826339162,2136.3715776660197,2321.3064288317623,2559.827780630353,3436.8211172855326,2123.8008109189577,2600.0407606353274,3035.9257318383266,1462.525861403823,4075.2548879896367,3217.8707900193926,2771.977958870088,4472.47341067179,1572.6347498864072,1634.9414698352605,2811.003595180811],
        [4205.933666487906,2030.5528025293793,3848.230871639581,4248.745382210504,1385.9006132527013,2169.765039909849,3093.1926955470403,3288.1387093902117,2125.124243142856,2306.177843704661,4249.54043542745,4356.044424216093,2410.696328073385,4331.563340079065,0.0,1329.8548220075925,4382.994722731235,3183.4069771783484,1871.5664626431603,2082.1418606905345,1264.5044450619323,1367.6229315624,4436.600652236338,4334.266315945793,118.72135634310729,4992.193221937562,2235.5105336002657,1761.8971836630099,3982.187056716261,3011.3097909260196,3098.6182463657733,1337.9980194234804,5392.040750053323,1810.4054041732923,2523.8890655035298,3785.1990247741637,3548.001389297292,2304.2623324496517,2098.8522618078896,1255.074606834466,4888.83246893907,4714.248687453852,2032.5038965485433,3285.7668602290087,861.691150944338,2575.819919975433,5732.633342877615,1997.9250334986236,4299.428180947544,2696.622146730837,4205.933666487906],
        [2913.422608748834,720.0084298210583,3289.7912796876917,3249.3981031615986,2398.2312391786954,1802.775042027079,2079.040930539433,2676.038605199487,1630.6062240580156,1907.0603944106801,3397.982228531902,3682.1237494182938,1145.5251251676834,3205.8835616376846,1329.8548220075925,0.0,3363.3779705476463,2006.7518497813005,765.7783968334371,1676.9431958948178,1497.9579090816503,853.3733555246954,3155.5177418393246,3478.7583465530647,1293.6317292126962,3695.647539154609,1493.3609896511166,847.3833345472717,3422.566799884409,2418.03662059532,2378.6204519552284,558.8752521839389,4062.645584474801,1483.9960104525824,1310.6105366129923,2611.814765635411,2219.7710390764705,1719.6205355894165,1633.3565494839374,263.6359120652538,4221.214176816417,3394.311816154668,1927.461548957453,2000.6628808070948,1637.8390421192184,2569.1566535690827,4402.8878824932435,1617.4783724410925,3552.448906949846,1629.7813839349033,2913.422608748834],
        [3309.0326505523944,2765.3251567284215,1643.3116055889238,153.07319933416068,4597.812119291245,4890.231328497875,1299.529189618381,1602.4137259573024,4669.524073436828,4943.852249293435,683.723751574997,1343.9481977264627,3221.986848389342,523.2178672882185,4382.994722731235,3363.3779705476463,0.0,3680.640942863321,3606.759731344294,2519.1828360653144,3449.5749058258725,4140.606721328998,3520.233551564199,675.2761128934171,4412.743110922098,1958.6065920755525,2174.885551372354,2639.5586460713357,1650.0256911517588,1761.0697118057662,4913.625867820308,3848.836210873375,3114.886516496337,2749.254370001998,2103.5885802791677,988.3218602414591,2589.8307830515437,2213.9043786961606,2456.048611820798,3610.3656195867957,1600.5895775797733,3120.6974994495245,2874.525236644269,1839.088720659311,4026.416552974534,2956.9441312448525,3274.284686123869,4743.52425573127,1071.9812044817718,1735.9201984907024,3309.0326505523944],
        [1213.9344170467768,1664.6369817478187,4423.7047539751475,3640.6617908537964,4396.818971498031,1858.0963085147225,2804.2705404763283,3861.701727432997,1663.1098027765802,1820.173274822721,4063.977534744732,4593.24393131206,895.5945991494458,3268.6320091604575,3183.4069771783484,2006.7518497813005,3680.640942863321,0.0,1314.0458668381364,3324.820034121893,3466.6193590153434,1898.9768459093443,1370.802220595918,4121.787609353417,3105.6010605384654,2875.6646056703403,2900.146602194843,2427.453340137386,4533.351667734818,3687.6661040408917,1339.8999395515903,1847.857773126913,2645.11125269549,3239.571770234153,1982.0907946066836,2693.112204705959,1184.3377862407053,3202.3266751517367,3248.293260714226,1961.5118172444975,5066.105080308971,1857.3941334352755,3707.7524561577984,1845.0729212477836,3642.41515898961,4308.616161518701,2983.191380341056,1833.0260401685957,4370.975901759788,2462.519190720394,1213.9344170467768],
        [2370.8795874343327,876.1032366161511,3836.1124856396013,3516.681304119624,3099.7290023292962,1288.8659464488626,2413.6767686690773,3225.2056520477863,1074.2015420639987,1356.1295014250807,3775.2449729817,4157.355535108709,608.0242249580708,3344.1694679203674,1871.5664626431603,765.7783968334371,3606.759731344294,1314.0458668381364,0.0,2365.7124544528524,2263.050503256967,692.9542063765331,2586.987040694569,3849.8995266371876,1797.6005798954086,3517.1925986009282,2078.7119221310872,1461.183627255071,3963.5447970400905,2990.339796351419,1646.9563137965222,547.3901896988216,3664.8148771050664,2204.9840521474007,1516.5035173369358,2721.9180608099937,1850.992130617625,2347.7240586338376,2308.8587061389962,657.2456535843999,4683.583040694902,2931.1453954394333,2663.1999515122334,1947.0224877861435,2357.87077054116,3300.574791085486,4011.2952076191837,1136.8201098301925,3990.8538723727847,1968.1287807122999,2370.8795874343327],
        [3817.265971285145,1665.3489691274426,1769.609151797871,2369.7711777974746,2080.503353990078,3473.479019729538,1400.6881748628473,1208.861946879952,3307.0555461007607,3581.679754533843,2236.4831550670456,2276.007235371981,2452.582487309652,2634.639346773571,2082.1418606905345,1676.9431958948178,2519.1828360653144,3324.820034121893,2365.7124544528524,0.0,947.2813304376278,2498.749045949229,4084.092937038945,2320.608033840357,2149.635240353255,3732.466543949587,520.8570723945284,918.6837587623347,1904.3164909706238,933.5391275588826,4012.580949236514,2222.5593172326976,4525.310911367524,271.89012163439304,1504.7399836037418,2258.540175644036,2934.72022070624,313.37219761413974,90.39530184328389,1918.8342858514986,2806.938448938464,4072.573701070728,455.4505099152527,2227.0220088468136,1536.1879624007454,985.1384042987228,4819.284005990051,3285.587231300941,2235.1956354868407,1245.0949825012967,3817.265971285145],
        [4214.908532820977,1878.2829226503618,2644.6066921810525,3302.4230742371983,1198.6092415587982,3093.568410781705,2255.0238187316572,2130.1467657398375,2974.790340230933,3219.724318806788,3183.1959611726775,3185.3157692058044,2574.9579212968833,3520.813343395978,1264.5044450619323,1497.9579090816503,3449.5749058258725,3466.6193590153434,2263.050503256967,947.2813304376278,0.0,2121.3028411761607,4474.53166987712,3267.176373420331,1357.9246413330604,4483.862696169043,1307.762978868478,1200.357601577547,2775.4072289522405,1861.9841995015577,3835.3762895958093,1914.263083350665,5139.239157041365,700.5149042635514,2043.0957148797338,3077.45547354454,3394.459997480187,1238.5330225048106,998.5612098235583,1648.236023542906,3703.505306223273,4585.137889934401,777.437304068873,2847.2247812877313,589.667775818942,1318.1606855559887,5456.407555069143,2903.684027910742,3166.77244169089,1978.1918299726324,4214.908532820977],
        [3030.294476017942,1380.999368229965,4142.979885696079,4036.583772428623,2715.2516692460763,985.926130205394,2884.1661242677737,3529.365608064724,853.4884844752191,1105.312445756249,4226.021345410394,4531.8830804282925,1300.2311507170502,3928.798557271484,1367.6229315624,853.3733555246954,4140.606721328998,1898.9768459093443,692.9542063765331,2498.749045949229,2121.3028411761607,0.0,3232.5784508866764,4305.264760311761,1269.6172345183318,4199.270882348728,2346.559409108812,1700.7558678235068,4275.85704118351,3270.5648419614586,1762.69148945561,299.9971544961096,4352.48513905756,2281.3035092356613,2040.7012045328377,3313.800398167774,2543.9421124456658,2566.448071344898,2463.7327316957712,591.8181563217279,5069.916987127654,3609.9822195030783,2693.2766816437693,2588.4963331859467,2040.5002147041712,3331.4151856398953,4699.098994966458,795.3316998732124,4396.023926466196,2429.9556902514423,3030.294476017942],
        [266.9164757063642,2598.954566314059,4708.905234327584,3538.2083106539976,5532.643328756038,3209.025450053653,3114.4613739051097,4249.74764727824,3024.331400161861,3156.779000393608,4078.2444932019425,4707.490551582068,2026.5525622707135,3014.3622651741043,4436.600652236338,3155.5177418393246,3520.233551564199,1370.802220595918,2586.987040694569,4084.092937038945,4474.53166987712,3232.5784508866764,0.0,4112.331851757835,4372.577166518018,2041.2492865999827,3583.1827402547174,3304.568970733491,4791.051171085094,4154.614809834185,2498.308878989243,3134.3480568974114,1384.4029720203584,4080.358842972975,2581.4275124683004,2612.1822234887386,1161.7985991083913,3875.738071700667,3996.4130046897794,3182.422987586223,5088.045435297521,632.7794902069451,4521.5463693169295,1993.5789348544931,4765.158410478861,5044.193041176867,1694.164628565725,3197.9882326681677,4447.6036687094875,2945.0131710599635,266.9164757063642],
        [3887.1391915306467,2977.14772561851,1041.2813571392785,596.3466199695188,4343.271540901054,5136.870689801072,1436.3219744501237,1197.931644208493,4924.097458358804,5205.652208051099,84.80503622401932,669.0905517088419,3551.5726981919224,1184.5929079178056,4334.266315945793,3478.7583465530647,675.2761128934171,4121.787609353417,3849.8995266371876,2320.608033840357,3267.176373420331,4305.264760311761,4112.331851757835,0.0,4381.3070513762605,2633.4828235386435,2103.358390992277,2675.4040593752766,1019.552466923737,1430.1518470163778,5282.295257854825,4006.0772910567675,3784.45783086896,2579.929174575988,2339.1909329438868,1506.874469141423,3107.6467075947435,2047.9337054066516,2277.173868583911,3738.6098264939405,976.6199353376509,3752.3885626918873,2595.7412846023285,2289.51785293331,3856.5880118253626,2542.564087501198,3948.94162621115,4975.786040321932,399.11711229530255,1886.0641976754634,3887.1391915306467],
        [4145.1366332712105,2004.247312608542,3918.4824194864873,4280.487966125522,1501.4613449411258,2054.652264737262,3118.6127236357597,3351.6840510323113,2013.737842167139,2191.176136114973,4296.700696403384,4419.150006200515,2349.2500014511306,4347.445727314937,118.72135634310729,1293.6317292126962,4412.743110922098,3105.6010605384654,1797.6005798954086,2149.635240353255,1357.9246413330604,1269.6172345183318,4372.577166518018,4381.3070513762605,0.0,4974.608532827578,2278.970220102561,1780.9466787506576,4052.8594577993595,3074.571162581535,2990.254030359827,1257.7967868749174,5349.620140311263,1878.679670800067,2519.9331868845643,3792.5906940388613,3504.3676981692092,2361.481021874511,2162.183007090063,1197.4264263744774,4953.879533073462,4663.136045246211,2119.4378018846655,3269.987951264893,976.3988744611357,2673.3911872977055,5691.436027671021,1884.1211850853165,4356.250677420519,2713.4348775094677,4145.1366332712105],
        [1939.4114069048812,2975.954214279218,3528.482094547141,2049.195203048662,5678.7350191186,4601.839275468263,2357.745042714974,3292.1192304080228,4380.798303065111,4600.988590417527,2635.506694271327,3300.8843098721295,2934.1390977730143,1460.5602394050475,4992.193221937562,3695.647539154609,1958.6065920755525,2875.6646056703403,3517.1925986009282,3732.466543949587,4483.862696169043,4199.270882348728,2041.2492865999827,2633.4828235386435,4974.608532827578,0.0,3232.0884359234065,3340.870062849852,3561.7182604873,3332.7351151884955,4212.056653975806,3974.5360530805146,1184.2018773887676,3864.112832840586,2495.5180658480804,1504.7741697660406,1740.951628973722,3433.6976839090976,3645.6225062790563,3859.996598089412,3529.078152914793,1457.651499254678,4177.791678449676,1706.8335363100773,4965.440219018241,4490.988430302445,1315.8018207115947,4517.178883892736,3027.6939777842344,2514.740232398151,1939.4114069048812],
        [3316.2880207711487,1280.2704143164037,1796.4359289465774,2033.5018323362033,2498.462590640665,3281.5002057080897,947.3094374729077,1182.9815233955258,3094.607951334794,3376.914578350625,2018.913162430007,2209.0763930847015,2059.089677435353,2213.940735873868,2235.5105336002657,1493.3609896511166,2174.885551372354,2900.146602194843,2078.7119221310872,520.8570723945284,1307.762978868478,2346.559409108812,3583.1827402547174,2103.358390992277,2278.970220102561,3232.0884359234065,0.0,646.5144705933928,1929.3325777809348,926.0339466998985,3705.4702951260374,2051.5655796148008,4005.099271324527,636.3713422865368,1002.5344359255091,1781.8934706442635,2427.819204629701,303.34871338360614,430.47679564318014,1755.1061022222425,2750.412291701069,3554.9611887718697,976.1359409163595,1706.2826645197188,1864.4042205633368,1461.8008762943405,4300.59293793752,3100.5652402515507,2106.986433818351,727.8075534592344,3316.2880207711487],
        [3041.2426726350654,763.3025515136773,2442.6689164693435,2511.8289212827804,2361.187616501493,2637.1241155781013,1341.0283652010044,1828.7173114697637,2453.274295740604,2734.579765416059,2592.6587469618953,2840.696499566306,1543.1976851616628,2569.746785724023,1761.8971836630099,847.3833345472717,2639.5586460713357,2427.453340137386,1461.183627255071,918.6837587623347,1200.357601577547,1700.7558678235068,3304.568970733491,2675.4040593752766,1780.9466787506576,3340.870062849852,646.5144705933928,0.0,2575.2881262549436,1572.2699079786669,3104.278632737988,1405.1580919509502,3941.762293390156,812.5475896416922,855.6315705855403,2034.1665648297696,2200.541816419997,890.6984381815437,853.971119883378,1109.8783519194383,3381.036379324178,3387.2911304354425,1280.3024233258484,1664.5029885541787,1627.1833851837373,1889.7621545702157,4261.877063045955,2455.2376495319054,2721.216506813998,934.873564638393,3041.2426726350654],
        [4543.984439380228,3106.20411933932,135.29950326311138,1530.4356802554873,3692.5835053973456,5201.9474153200335,1737.448446597233,746.6090293275604,5008.592278510928,5292.372212474083,981.0766583058527,491.8815999976573,3814.3907160730987,2104.6597259130576,3982.187056716261,3422.566799884409,1650.0256911517588,4533.351667734818,3963.5447970400905,1904.3164909706238,2775.4072289522405,4275.85704118351,4791.051171085094,1019.552466923737,4052.8594577993595,3561.7182604873,1929.3325777809348,2575.2881262549436,0.0,1009.9038683457348,5538.123728749223,3980.3570277556732,4666.789983844521,2174.378042999287,2574.830760354452,2225.521368705714,3687.8835427239264,1734.5445326073993,1899.9583851108796,3684.4366268686144,939.6617901179254,4522.942861271385,2012.968834609131,2827.2767920860915,3347.9700797339215,1748.7368148516418,4864.329512388589,5023.716455197132,655.3085980117523,2082.6013620949852,4543.984439380228],
        [3893.4611813237366,2155.9748092713767,875.4308771105426,1608.1808693666121,2913.1198900625714,4207.100308830317,1060.8021910633677,277.15133986320484,4018.666068534564,4301.45670351226,1348.8143124120368,1344.7958763763904,2903.652919503031,2015.26840922133,3011.3097909260196,2418.03662059532,1761.0697118057662,3687.6661040408917,2990.339796351419,933.5391275588826,1861.9841995015577,3270.5648419614586,4154.614809834185,1430.1518470163778,3074.571162581535,3332.7351151884955,926.0339466998985,1572.2699079786669,1009.9038683457348,0.0,4597.205642086481,2976.693084560746,4300.717647598915,1204.6663782098979,1706.3559774757525,1837.299264846962,3001.2756887960354,727.4299549653289,912.6020984668551,2678.771297501089,1879.845159941434,3999.4989563633767,1165.6469446825784,2164.6419724872303,2450.362823337103,1205.1533109733512,4552.712434466546,4026.5116434366937,1305.1274733120729,1242.6236425683062,3893.4611813237366],
        [2428.7119981675905,2441.3552636483205,5416.019079072654,4854.955678123632,4470.3624948574225,1030.7026739753437,3881.2375122395515,4815.654637649144,989.619895310891,911.1176074504053,5216.06385421678,5677.759716973719,1738.1618048122266,4541.894250881946,3098.6182463657733,2378.6204519552284,4913.625867820308,1339.8999395515903,1646.9563137965222,4012.580949236514,3835.3762895958093,1762.69148945561,2498.308878989243,5282.295257854825,2990.254030359827,4212.056653975806,3705.4702951260374,3104.278632737988,5538.123728749223,4597.205642086481,0.0,1923.653636122084,3869.3030263068545,3848.7243697173253,2981.8178411643676,3940.6212726545314,2518.3850944160745,3984.326907226499,3954.9047063121725,2190.222392023578,6183.344971896848,3083.3660025399313,4302.328666069953,3083.8332511995063,3802.5627994558477,4942.278514852279,4189.8599283915855,1149.0576670010394,5482.595485543239,3471.7821727165865,2428.7119981675905],
        [2917.0316087676374,1098.041210835222,3847.8220826154347,3742.956539367337,2619.7277588349402,1250.920784202693,2586.9961593173302,3233.753890920217,1091.5349085580917,1360.846876941169,3926.6811635676336,4232.712697232038,1136.668220492285,3647.8720633680873,1337.9980194234804,558.8752521839389,3848.836210873375,1847.857773126913,547.3901896988216,2222.5593172326976,1914.263083350665,299.9971544961096,3134.3480568974114,4006.0772910567675,1257.7967868749174,3974.5360530805146,2051.5655796148008,1405.1580919509502,3980.3570277556732,2976.693084560746,1923.653636122084,0.0,4191.653943686081,2014.714023349451,1753.3024962460386,3036.3348311526715,2360.481601172775,2277.4994753148894,2183.5839123928336,303.85104440623184,4770.479255955647,3468.9112476908967,2440.1433477139963,2334.3582120371134,1905.799401838513,3081.3087311424956,4537.533379709434,1063.321360905642,4096.0817806479145,2132.982492359012,2917.0316087676374],
        [1446.5597513595644,3386.2685326138653,4619.4476058669225,3190.918407139556,6295.797552502114,4501.210629097897,3257.05335188509,4307.448199170668,4300.20083923936,4465.219920082361,3778.5848693196976,4445.5511401199965,3058.4154360032803,2600.088710464704,5392.040750053323,4062.645584474801,3114.886516496337,2645.11125269549,3664.8148771050664,4525.310911367524,5139.239157041365,4352.48513905756,1384.4029720203584,3784.45783086896,5349.620140311263,1184.2018773887676,4005.099271324527,3941.762293390156,4666.789983844521,4300.717647598915,3869.3030263068545,4191.653943686081,0.0,4602.559263882039,3098.0862091137496,2483.7101071852926,1845.4118128943603,4254.242900286474,4435.100992353969,4161.361983349343,4702.261249245105,790.6869662850136,4980.743722487481,2307.657620285163,5542.853590250382,5386.350694705807,346.6270058386498,4463.756841011734,4171.732640306016,3281.773501367407,1446.5597513595644],
        [3814.6407492578137,1575.8375647041712,2039.8833425203943,2601.9405771516876,1870.844525902749,3263.0901097339934,1575.5924043615453,1480.4137597445258,3105.1446888988985,3375.4159133080775,2495.487000269177,2547.7816393461108,2352.469263854407,2832.862432985497,1810.4054041732923,1483.9960104525824,2749.254370001998,3239.571770234153,2204.9840521474007,271.89012163439304,700.5149042635514,2281.3035092356613,4080.358842972975,2579.929174575988,1878.679670800067,3864.112832840586,636.3713422865368,812.5475896416922,2174.378042999287,1204.6663782098979,3848.7243697173253,2014.714023349451,4602.559263882039,0.0,1527.690638723476,2417.8969015317584,2947.808660046571,538.9181333622975,302.7668675878333,1713.009259150589,3078.8136079363276,4110.8458617407005,469.09489533405525,2294.98574816338,1283.4633045566932,1096.3569362617409,4906.188907274024,3073.716342029539,2504.326063660129,1351.1325060386764,3814.6407492578137],
        [2314.511111976075,661.8226435717119,2458.896896562721,2006.0442977816285,3216.041727827342,2805.3590641405185,908.1669647669563,1882.5601590512865,2589.3693848500425,2869.367035582872,2266.5668700203087,2696.1554494815055,1245.656328484814,1900.2773774118323,2523.8890655035298,1310.6105366129923,2103.5885802791677,1982.0907946066836,1516.5035173369358,1504.7399836037418,2043.0957148797338,2040.7012045328377,2581.4275124683004,2339.1909329438868,2519.9331868845643,2495.5180658480804,1002.5344359255091,855.6315705855403,2574.830760354452,1706.3559774757525,2981.8178411643676,1753.3024962460386,3098.0862091137496,1527.690638723476,0.0,1301.2116184215424,1430.0605549706895,1298.906259516798,1416.2848689201144,1536.6814161985294,3206.343317667003,2583.1554369477153,1948.8128920339013,808.87614826522,2481.63714677525,2464.3261146134123,3413.4024210044995,2650.7037801336933,2506.723523858396,492.8823005079844,2314.511111976075],
        [2382.1761114599913,1938.9187664642868,2162.3243757864534,961.9378344305575,4274.747109400696,3984.096536555505,862.1446411737027,1824.7919038644488,3759.943454408948,4026.718029609923,1468.228771002327,2097.307492521391,2280.4014490811346,623.0165826339162,3785.1990247741637,2611.814765635411,988.3218602414591,2693.112204705959,2721.9180608099937,2258.540175644036,3077.45547354454,3313.800398167774,2612.1822234887386,1506.874469141423,3792.5906940388613,1504.7741697660406,1781.8934706442635,2034.1665648297696,2225.521368705714,1837.299264846962,3940.6212726545314,3036.3348311526715,2483.7101071852926,2417.8969015317584,1301.2116184215424,0.0,1612.0821840762262,1951.6438112092449,2174.9321387542577,2834.985740227886,2483.272984056936,2299.0713529217987,2693.691704615197,857.2480405631662,3604.1055574987467,2986.227699077973,2720.7638885487004,3849.4848509340923,1835.5876125656878,1113.7251070159107,2382.1761114599913],
        [896.5735116943187,1563.1645071770856,3596.97525173644,2573.729404662173,4508.3776879475345,2862.860890508465,1976.3211376369,3109.459044252944,2643.1576134247052,2860.122932264919,3061.5270519006663,3654.4210851164826,1244.8111606551158,2136.3715776660197,3548.001389297292,2219.7710390764705,2589.8307830515437,1184.3377862407053,1850.992130617625,2934.72022070624,3394.459997480187,2543.9421124456658,1161.7985991083913,3107.6467075947435,3504.3676981692092,1740.951628973722,2427.819204629701,2200.541816419997,3687.8835427239264,3001.2756887960354,2518.3850944160745,2360.481601172775,1845.4118128943603,2947.808660046571,1430.0605549706895,1612.0821840762262,0.0,2717.4500667295783,2846.075155125315,2316.6611087653873,4079.3164893911694,1195.7081400043403,3378.064735390566,860.8726571187267,3745.170619610433,3886.6693509199326,2188.2398648111657,2784.1909533095404,3407.386014213011,1783.6442427176694,896.5735116943187],
        [3608.9853631783153,1573.2326121695237,1599.4656456060877,2065.633948548651,2390.5695264815167,3520.637472478366,1091.3030380295481,1002.1231569593282,3341.0015310753593,3621.1218487956567,1963.2554707925524,2063.2124750128314,2356.1551010958174,2321.3064288317623,2304.2623324496517,1719.6205355894165,2213.9043786961606,3202.3266751517367,2347.7240586338376,313.37219761413974,1238.5330225048106,2566.448071344898,3875.738071700667,2047.9337054066516,2361.481021874511,3433.6976839090976,303.34871338360614,890.6984381815437,1734.5445326073993,727.4299549653289,3984.326907226499,2277.4994753148894,4254.242900286474,538.9181333622975,1298.906259516798,1951.6438112092449,2717.4500667295783,0.0,242.31978039587403,1975.784779755414,2601.8685394145423,3829.6590783969696,744.1417418520504,1971.1232545329724,1822.3280729747453,1169.3274233101583,4541.908587371366,3336.542210902154,1995.2722818508207,975.2462728684919,3608.9853631783153],
        [3729.5514379015403,1592.082267836915,1764.7919109753511,2307.5904543665056,2148.8652148529695,3433.9101047926056,1319.085061000724,1189.619105265641,3263.8907210029606,3540.156768737769,2192.724652376431,2257.3948664920613,2379.8721880341136,2559.827780630353,2098.8522618078896,1633.3565494839374,2456.048611820798,3248.293260714226,2308.8587061389962,90.39530184328389,998.5612098235583,2463.7327316957712,3996.4130046897794,2277.173868583911,2162.183007090063,3645.6225062790563,430.47679564318014,853.971119883378,1899.9583851108796,912.6020984668551,3954.9047063121725,2183.5839123928336,4435.100992353969,302.7668675878333,1416.2848689201144,2174.9321387542577,2846.075155125315,242.31978039587403,0.0,1879.7514634560484,2791.7249093764913,3982.533931575035,545.7351916003128,2136.626902087762,1584.5307147381832,1065.5666945291562,4729.374473787387,3246.879689131392,2206.0939326176313,1155.2466999710966,3729.5514379015403],
        [2950.8598282681523,907.8944632403275,3551.4319258965243,3499.0601771983484,2442.6438479298695,1554.6732128702974,2332.4931539714244,2938.04582549475,1392.1355214301896,1663.6760937291904,3658.155180726515,3945.7589431640567,1155.9714519262996,3436.8211172855326,1255.074606834466,263.6359120652538,3610.3656195867957,1961.5118172444975,657.2456535843999,1918.8342858514986,1648.236023542906,591.8181563217279,3182.422987586223,3738.6098264939405,1197.4264263744774,3859.996598089412,1755.1061022222425,1109.8783519194383,3684.4366268686144,2678.771297501089,2190.222392023578,303.85104440623184,4161.361983349343,1713.009259150589,1536.6814161985294,2834.985740227886,2316.6611087653873,1975.784779755414,1879.7514634560484,0.0,4484.837265373106,3466.46200718511,2143.116027415738,2183.3944238280405,1701.9163174602684,2784.9584853940646,4504.823455250703,1367.1720199596139,3815.5778512392803,1880.9552392978715,2950.8598282681523],
        [4863.702113493437,3808.4735305723134,1063.9445234935806,1556.1821612219724,4630.8966123289265,5955.637294571139,2302.1888184219365,1602.7210528414407,5751.201041599678,6035.2197635699695,1017.9142042713922,541.3681096365158,4445.302092631316,2123.8008109189577,4888.83246893907,4221.214176816417,1600.5895775797733,5066.105080308971,4683.583040694902,2806.938448938464,3703.505306223273,5069.916987127654,5088.045435297521,976.6199353376509,4953.879533073462,3529.078152914793,2750.412291701069,3381.036379324178,939.6617901179254,1879.845159941434,6183.344971896848,4770.479255955647,4702.261249245105,3078.8136079363276,3206.343317667003,2483.272984056936,4079.3164893911694,2601.8685394145423,2791.7249093764913,4484.837265373106,0.0,4716.400726298442,2948.2244835223723,3250.2009385684837,4280.915188859457,2676.683368466742,4840.100537404451,5785.22800794674,700.8247495980166,2724.642573471633,4863.702113493437],
        [656.4577218224704,2756.9772850587583,4454.831038386386,3161.2156829453556,5704.065860644974,3715.083393772357,2938.988887916761,4055.215530920685,3516.5893153933675,3676.7628865623806,3728.9810802639213,4381.234449437142,2332.509920268983,2600.0407606353274,4714.248687453852,3394.311816154668,3120.6974994495245,1857.3941334352755,2931.1453954394333,4072.573701070728,4585.137889934401,3609.9822195030783,632.7794902069451,3752.3885626918873,4663.136045246211,1457.651499254678,3554.9611887718697,3387.2911304354425,4522.942861271385,3999.4989563633767,3083.3660025399313,3468.9112476908967,790.6869662850136,4110.8458617407005,2583.1554369477153,2299.0713529217987,1195.7081400043403,3829.6590783969696,3982.533931575035,3466.46200718511,4716.400726298442,0.0,4523.905380091104,1863.4987572139637,4940.563850496737,4992.54897528112,1125.8301465084626,3682.3682943926187,4112.748465148049,2860.8335322851785,656.4577218224704],
