{
    "drone_dist": [
        [0.0,26.582091322914536,34.32975426307656,22.407997171661755,28.65454874269643,28.722008076297374,9.510193083184587,18.630871259088348,40.10666368151141,15.349696340741811,19.84024382569717,35.56654628706705,38.931017989057885,22.574437817960707,9.401104711756833,34.185581994658335,7.324965075640454,7.764264479277219,21.50868171555088,35.246331862057886,0.0],
        [26.582091322914536,0.0,8.68713447951596,16.553260502573096,4.416353084473017,14.08804778705453,19.32825447661644,21.230664992716836,28.069610464935753,16.754460855319127,30.83420052579215,9.057511806540724,15.150923205447443,11.163414068795761,32.939530203098585,35.633051826174345,32.839972147283255,23.989371158810442,5.6214243693315575,8.692852345155172,26.582091322914536],
        [34.32975426307656,8.68713447951596,0.0,18.971112195946375,5.686176810120248,20.524370690197653,26.084505104547524,29.752910793694646,32.87557052295399,25.439408620327402,39.44318233533782,5.975714533691547,15.370208541159785,14.377145725225487,41.31020960901104,43.116287186226415,40.95471279427954,32.48116352616859,14.274481588684944,3.836312801449656,34.32975426307656],
        [22.407997171661755,16.553260502573096,18.971112195946375,0.0,14.609880490867264,28.888488834184507,12.96556846774305,29.344516908005183,43.337751628347846,23.4509230549066,36.64115867646383,23.541931369406193,31.498674560104007,5.389925873387682,31.544555339063965,46.53851903181622,29.724827282773987,25.038858789878166,16.514554062751394,21.97330514263574,22.407997171661755],
        [28.65454874269643,4.416353084473017,5.686176810120248,14.609880490867264,0.0,18.344219543428558,20.435923607402767,25.378992060566933,32.02848321747381,20.575219358586168,34.84001012681149,8.958657529414566,17.179144576924735,9.484329316174435,35.788633119547455,40.048270991025234,35.333189901144536,27.067907649137197,9.337722299867815,7.589034828660621,28.65454874269643],
        [28.722008076297374,14.08804778705453,20.524370690197653,28.888488834184507,18.344219543428558,0.0,25.719596455528244,13.754938584026743,14.44948976898481,13.592659668350603,22.964505179613777,16.441478520689035,12.88645782943517,23.826309124295886,31.183724237506258,22.79093536450726,32.564856609958575,22.62683482184103,12.39031711917149,17.968271884574264,28.722008076297374],
        [9.510193083184587,19.32825447661644,26.084505104547524,12.96556846774305,20.435923607402767,25.719596455528244,0.0,20.26008771445467,39.14318621858957,14.874184341659744,25.364887608364725,28.337568048146753,33.44132323850462,13.246014687292375,18.582100091886787,37.58452978251541,16.832412891569145,12.839807699217888,15.322442247306789,27.621866385795286,9.510193083184587],
        [18.630871259088348,21.230664992716836,29.752910793694646,29.344516908005183,25.378992060566933,13.754938584026743,20.26008771445467,0.0,21.832631285464323,5.896174247772735,9.816759597291291,27.68799012719725,26.484260469771527,25.85182260032337,18.245477943571384,17.451476170698935,20.290357570736163,11.062062837829709,16.125969106062136,28.53244927073137,18.630871259088348],
        [40.10666368151141,28.069610464935753,32.87557052295399,43.337751628347846,32.02848321747381,14.44948976898481,39.14318621858957,21.832631285464323,0.0,25.022898196192216,27.226336230802197,27.516970609751134,19.5352491216798,38.25755381520975,39.77163071833654,17.848966313070225,42.067877146702536,32.81650117289465,26.832829852758792,29.525573125472295,40.10666368151141],
        [15.349696340741811,16.754460855319127,25.439408620327402,23.4509230549066,20.575219358586168,13.592659668350603,14.874184341659744,5.896174247772735,25.022898196192216,0.0,14.359963314191154,24.33616327024895,25.08592830434025,20.07281019093994,17.947503517670835,23.26770068314039,19.034243125223636,9.090643172771161,11.252909679184237,24.811558140128223,15.349696340741811],
        [19.84024382569717,30.83420052579215,39.44318233533782,36.64115867646383,34.84001012681149,22.964505179613777,25.364887608364725,9.816759597291291,27.226336230802197,14.359963314191154,0.0,37.50435466069898,35.84819218237089,34.00435408909519,14.558563589900396,15.236511485498786,17.750503517799135,12.78515958803175,25.50463358613486,38.33591584827779,19.84024382569717],
        [35.56654628706705,9.057511806540724,5.975714533691547,23.541931369406193,8.958657529414566,16.441478520689035,28.337568048146753,27.68799012719725,27.516970609751134,24.33616327024895,37.50435466069898,0.0,9.398400289535257,18.438555255695082,41.482608985067095,39.22229478162929,41.627795198573686,32.420374608895095,14.168660659958764,2.16078874527482,35.56654628706705],
        [38.931017989057885,15.150923205447443,15.370208541159785,31.498674560104007,17.179144576924735,12.88645782943517,33.44132323850462,26.484260469771527,19.5352491216798,25.08592830434025,35.84819218237089,9.398400289535257,0.0,26.144203928348954,43.03254255339232,33.941495159737116,43.921228637117544,34.07692001098663,18.121083003974384,11.555318317375553,38.931017989057885],
        [22.574437817960707,11.163414068795761,14.377145725225487,5.389925873387682,9.484329316174435,23.826309124295886,13.246014687292375,25.85182260032337,38.25755381520975,20.07281019093994,34.00435408909519,18.438555255695082,26.144203928348954,0.0,31.07526878129615,42.60676803046342,29.804046649266557,23.476128188513247,11.589387787409214,17.019986439806143,22.574437817960707],
        [9.401104711756833,32.939530203098585,41.31020960901104,31.544555339063965,35.788633119547455,31.183724237506258,18.582100091886787,18.245477943571384,39.77163071833654,17.947503517670835,14.558563589900396,41.482608985067095,43.03254255339232,31.07526878129615,0.0,29.794946011913492,3.4743147141429964,9.088752881483115,27.407449475998927,41.56396904672433,9.401104711756833],
        [34.185581994658335,35.633051826174345,43.116287186226415,46.53851903181622,40.048270991025234,22.79093536450726,37.58452978251541,17.451476170698935,17.848966313070225,23.26770068314039,15.236511485498786,39.22229478162929,33.941495159737116,42.60676803046342,29.794946011913492,0.0,32.961118926686645,26.522908717763617,31.67982959663726,40.749938185212166,34.185581994658335],
        [7.324965075640454,32.839972147283255,40.95471279427954,29.724827282773987,35.333189901144536,32.564856609958575,16.832412891569145,20.290357570736163,42.067877146702536,19.034243125223636,17.750503517799135,41.627795198573686,43.921228637117544,29.804046649266557,3.4743147141429964,32.961118926686645,0.0,9.946708496651285,27.460161118884802,41.52850229676614,7.324965075640454],
        [7.764264479277219,23.989371158810442,32.48116352616859,25.038858789878166,27.067907649137197,22.62683482184103,12.839807699217888,11.062062837829709,32.81650117289465,9.090643172771161,12.78515958803175,32.420374608895095,34.07692001098663,23.476128188513247,9.088752881483115,26.522908717763617,9.946708496651285,0.0,18.409435061913715,32.5581218390433,7.764264479277219],
        [21.50868171555088,5.6214243693315575,14.274481588684944,16.514554062751394,9.337722299867815,12.39031711917149,15.322442247306789,16.125969106062136,26.832829852758792,11.252909679184237,25.50463358613486,14.168660659958764,18.121083003974384,11.589387787409214,27.407449475998927,31.67982959663726,27.460161118884802,18.409435061913715,0.0,14.157102754195314,21.50868171555088],
        [35.246331862057886,8.692852345155172,3.836312801449656,21.97330514263574,7.589034828660621,17.968271884574264,27.621866385795286,28.53244927073137,29.525573125472295,24.811558140128223,38.33591584827779,2.16078874527482,11.555318317375553,17.019986439806143,41.56396904672433,40.749938185212166,41.52850229676614,32.5581218390433,14.157102754195314,0.0,35.246331862057886],
        [0.0,26.582091322914536,34.32975426307656,22.407997171661755,28.65454874269643,28.722008076297374,9.510193083184587,18.630871259088348,40.10666368151141,15.349696340741811,19.84024382569717,35.56654628706705,38.931017989057885,22.574437817960707,9.401104711756833,34.185581994658335,7.324965075640454,7.764264479277219,21.50868171555088,35.246331862057886,0.0]
    ],
    "end_depot": 20,
    "start_depot": 0,
    "truck_dist": [
        [0.0,32.89986942595529,45.178403274833414,31.266033851310233,37.87438472349703,34.493334562841184,13.413641765372418,26.0542145096036,54.29526761914589,19.6383743579348,26.23182625382338,43.08047730378217,39.18923116586731,31.831926331201487,11.990577063660073,47.68640261721539,10.297126172803566,10.977457676409458,24.99608678511767,44.16698007138064,0.0],
        [32.89986942595529,0.0,12.278533848878125,23.352761032629893,4.974515297541737,16.30504849860112,19.48622766058287,28.976014939228016,36.10698155490583,23.64997169227336,42.857873318074006,10.18060787782688,20.482794654520717,15.751289626222418,44.89044648961536,40.8569441432021,43.19699559875885,33.150924740519514,7.903782640837621,11.267110645425353,32.89986942595529],
        [45.178403274833414,12.278533848878125,0.0,22.940186854639784,7.304018551336387,23.72805673670753,31.764761509460996,41.254548788106135,36.519555732895945,35.92850554115149,55.136407166952125,8.186393283756495,20.895368832510826,15.338715448232307,57.16898033849348,53.135477992080226,55.47552944763698,45.42945858939764,20.182316489715745,5.330254677278596,45.178403274833414],
        [31.266033851310233,23.352761032629893,22.940186854639784,0.0,19.576182331213506,39.65780953123102,17.852392085937815,31.218689477993433,59.45974258753573,24.802849326324633,41.22403774342895,31.126580138396278,43.83555568715061,7.601471406407477,43.25661091497031,52.850877585605225,41.5631600241138,31.51708916587446,22.497750011283806,28.27044153191838,31.266033851310233],
        [37.87438472349703,4.974515297541737,7.304018551336387,19.576182331213506,0.0,20.081627200017508,24.46074295812461,33.95053023676975,39.88356025632222,28.6244869898151,47.83238861561574,11.550397807182772,24.259373355937107,11.974710924806029,49.8649617871571,45.83145944074384,48.17151089630059,38.12544003806126,12.878297938379358,8.694259200704874,37.87438472349703],
        [34.493334562841184,16.30504849860112,23.72805673670753,39.65780953123102,20.081627200017508,0.0,35.474027965062604,17.526492051398606,19.80193305630471,14.854960204906382,31.408350430244596,21.630130765656286,17.738884627741424,32.05633812482354,33.440923601785954,29.407421255372697,33.36222037759351,23.515876886431727,17.16005951994721,22.716633533254758,34.493334562841184],
        [13.413641765372418,19.48622766058287,31.764761509460996,17.852392085937815,24.46074295812461,35.474027965062604,0.0,27.03490791182502,55.27596102136731,20.61906776015622,27.2125196560448,29.66683553840975,39.651774120982196,18.41828456582907,25.40421882903249,48.66709601943681,23.710767938175984,13.664697079936644,18.313968445115393,30.753338306008224,13.413641765372418],
        [26.0542145096036,28.976014939228016,41.254548788106135,31.218689477993433,33.95053023676975,17.526492051398606,27.03490791182502,0.0,28.241053109542293,6.4158401516687995,13.881858378845989,39.156622817054895,35.26537667914003,27.90807184447421,20.310731134223985,21.632188107611796,24.923100324355925,15.076756833194143,21.072232298390393,40.24312558465337,26.0542145096036],
        [54.29526761914589,36.10698155490583,36.519555732895945,59.45974258753573,39.88356025632222,19.80193305630471,55.27596102136731,28.241053109542293,0.0,34.656893261211096,28.06344136532251,28.333162449139444,22.78457153852179,51.85827118112825,48.55178424376628,24.361734344592335,53.16415343389822,43.31780994273643,36.961992576251916,31.189301055617342,54.29526761914589],
        [19.6383743579348,23.64997169227336,35.92850554115149,24.802849326324633,28.6244869898151,14.854960204906382,20.61906776015622,6.4158401516687995,34.656893261211096,0.0,19.207901625800638,33.83057957010024,29.93933343218538,22.58202859751956,21.240474797342,28.048028259280596,19.547023906485492,9.500953048246153,15.746189051435742,34.917082337698716,19.6383743579348],
        [26.23182625382338,42.857873318074006,55.136407166952125,41.22403774342895,47.83238861561574,31.408350430244596,27.2125196560448,13.881858378845989,28.06344136532251,19.207901625800638,0.0,53.038481195900886,49.147235057986016,41.7899302233202,20.488342878443767,21.454576363392015,25.100712068575703,15.254368577413922,34.95409067723638,54.12498396349936,26.23182625382338],
        [43.08047730378217,10.18060787782688,8.186393283756495,31.126580138396278,11.550397807182772,21.630130765656286,29.66683553840975,39.156622817054895,28.333162449139444,33.83057957010024,53.038481195900886,0.0,12.708975548754331,23.5251087319888,55.071054367442244,51.03755202102898,53.37760347658573,43.331532618346394,18.0843905186645,2.8561386064778995,43.08047730378217],
        [39.18923116586731,20.482794654520717,20.895368832510826,43.83555568715061,24.259373355937107,17.738884627741424,39.651774120982196,35.26537667914003,22.78457153852179,29.93933343218538,49.147235057986016,12.708975548754331,0.0,36.23408428074313,51.17980822952738,47.146305883114124,49.48635733867087,39.44028648043154,21.337805675866804,15.56511415523223,39.18923116586731],
        [31.831926331201487,15.751289626222418,15.338715448232307,7.601471406407477,11.974710924806029,32.05633812482354,18.41828456582907,27.90807184447421,51.85827118112825,22.58202859751956,41.7899302233202,23.5251087319888,36.23408428074313,0.0,43.822503394861556,45.24940617919775,42.12905250400505,32.08298164576571,14.89627860487633,20.668970125510903,31.831926331201487],
        [11.990577063660073,44.89044648961536,57.16898033849348,43.25661091497031,49.8649617871571,33.440923601785954,25.40421882903249,20.310731134223985,48.55178424376628,21.240474797342,20.488342878443767,55.071054367442244,51.17980822952738,43.822503394861556,0.0,41.94291924183578,4.61236919013194,11.739521749095847,36.98666384877774,56.15755713504072,11.990577063660073],
        [47.68640261721539,40.8569441432021,53.135477992080226,52.850877585605225,45.83145944074384,29.407421255372697,48.66709601943681,21.632188107611796,24.361734344592335,28.048028259280596,21.454576363392015,51.03755202102898,47.146305883114124,45.24940617919775,41.94291924183578,0.0,46.555288431967725,36.708944940805935,32.95316150236448,52.124054788627454,47.68640261721539],
        [10.297126172803566,43.19699559875885,55.47552944763698,41.5631600241138,48.17151089630059,33.36222037759351,23.710767938175984,24.923100324355925,53.16415343389822,19.547023906485492,25.100712068575703,53.37760347658573,49.48635733867087,42.12905250400505,4.61236919013194,46.555288431967725,0.0,10.04607085823934,35.293212957921234,54.46410624418421,10.297126172803566],
        [10.977457676409458,33.150924740519514,45.42945858939764,31.51708916587446,38.12544003806126,23.515876886431727,13.664697079936644,15.076756833194143,43.31780994273643,9.500953048246153,15.254368577413922,43.331532618346394,39.44028648043154,32.08298164576571,11.739521749095847,36.708944940805935,10.04607085823934,0.0,25.247142099681895,44.41803538594487,10.977457676409458],
        [24.99608678511767,7.903782640837621,20.182316489715745,22.497750011283806,12.878297938379358,17.16005951994721,18.313968445115393,21.072232298390393,36.961992576251916,15.746189051435742,34.95409067723638,18.0843905186645,21.337805675866804,14.89627860487633,36.98666384877774,32.95316150236448,35.293212957921234,25.247142099681895,0.0,19.170893286262974,24.99608678511767],
        [44.16698007138064,11.267110645425353,5.330254677278596,28.27044153191838,8.694259200704874,22.716633533254758,30.753338306008224,40.24312558465337,31.189301055617342,34.917082337698716,54.12498396349936,2.8561386064778995,15.56511415523223,20.668970125510903,56.15755713504072,52.124054788627454,54.46410624418421,44.41803538594487,19.170893286262974,0.0,44.16698007138064],
        [0.0,32.89986942595529,45.178403274833414,31.266033851310233,37.87438472349703,34.493334562841184,13.413641765372418,26.0542145096036,54.29526761914589,19.6383743579348,26.23182625382338,43.08047730378217,39.18923116586731,31.831926331201487,11.990577063660073,47.68640261721539,10.297126172803566,10.977457676409458,24.99608678511767,44.16698007138064,0.0]
    ],
    "vertex_count": 21
}