{
    "drone_dist": [
        [0.0,14.117903974027971,5.6031047709481525,23.01883982231205,40.22672351780393,8.308806890330812,34.71541716809964,38.51843044744915,30.252515445229424,29.189913319280645,37.68320950148229,23.141580630974826,41.3911771633431,49.082397143655506,35.622034913837794,35.13214338160973,38.50016288219581,31.862924523510138,21.53258680147861,3.4661168914014926,29.353368414057826,43.666579540308646,26.809676585873895,8.82989746698439,10.186040333573697,42.46477139284076,14.653765108209432,7.554103348545802,10.768920060411299,34.53235953121466,0.0],
        [14.117903974027971,0.0,10.207948405777836,28.393422375883002,26.76265139973748,9.705149271102291,22.168929679587308,40.948680202474776,39.00701737579905,24.235673828585302,23.660861196692014,11.74403670090441,27.6524971542203,43.69940961106427,35.86889934631762,31.10139661974064,39.86834005394006,27.24842657808114,18.912583464591922,11.814648282195302,29.227474696032893,39.03011123919817,15.23713080098887,6.221668488361888,13.489468044575428,41.284208710719874,23.075011666792605,8.72353667212956,13.725434222401365,20.423544227493096,14.117903974027971],
        [5.6031047709481525,10.207948405777836,0.0,20.78197457771474,35.125706476170336,2.77460768325264,29.356345856106135,35.41049187089443,29.946577225893996,23.95517583121668,33.043142507119974,17.724213583795745,36.4415260831419,43.9714424765076,31.73173682727555,30.14989055499023,35.0183416592915,26.72634229299089,16.518345014336337,6.041946078533276,25.221707951513913,38.655877571508334,21.357651387321333,4.048777010164948,5.877496781966189,38.25233325130003,13.755728871331064,7.6428955520352995,13.150951410703735,30.135486043164548,5.6031047709481525],
        [23.01883982231205,28.393422375883002,20.78197457771474,0.0,43.7100043270437,19.44384184056881,36.52270844668571,15.935844776548729,12.27178614592435,19.20208052757554,44.677415682589505,27.39368474244401,45.926030845994795,33.708682797738916,15.240245296534798,20.89693394250461,16.62142132494201,19.90922242012421,14.18604364787438,25.758706343740496,11.487618278036027,28.10833009882199,29.37016529509301,23.166604173156806,15.31891941369147,22.594277361776296,8.936930802040203,28.395610400232698,33.43225021787259,43.20970766299857,23.01883982231205],
        [40.22672351780393,26.76265139973748,35.125706476170336,43.7100043270437,0.0,33.11234269193042,7.22498732778542,48.229079508093726,55.98151510763653,26.705500767586457,6.551060235230383,17.86701615667755,2.6471852931474604,35.5237758472575,41.17170499987942,30.878462526239886,45.720822821467294,28.19511132967688,29.52397134296399,38.45051273282743,36.72704479079276,34.01588509103253,14.786101210732886,31.409488125077267,34.71872850772013,42.27871973075876,43.39890571146616,35.450431967034916,39.70337162231649,9.961947617639566,40.22672351780393],
        [8.308806890330812,9.705149271102291,2.77460768325264,19.44384184056881,33.11234269193042,0.0,27.1044141812905,33.483570045475275,29.4269377109942,21.20763745998055,31.425519937291984,15.458676540968732,34.55629790696279,41.24196896889728,29.47045386881703,27.465145709155717,32.92337984561274,24.000715224085866,13.855801242738814,8.71516632426208,22.888052026781118,35.95497664570604,19.02196334145026,3.770805570489259,4.124935006628694,35.83396029727392,13.385520444012068,9.606572275838701,15.444217572686279,28.72413583913903,8.308806890330812],
        [34.71541716809964,22.168929679587308,29.356345856106135,36.52270844668571,7.22498732778542,27.1044141812905,0.0,41.24897233206756,48.79138324277103,19.620200888969524,10.532257521105828,11.64846194669741,9.630400476717934,30.70652929999397,34.2461053654746,24.248683187185648,38.823488667560646,21.30382276572083,22.34105376517943,33.352954529573324,29.583509564536122,28.372274244271424,8.146129678367585,25.921293958140474,28.25085565114478,35.86459614078331,36.555997526995085,30.843451909000795,35.745540768961135,11.882464548358376,34.71541716809964],
        [38.51843044744915,40.948680202474776,35.41049187089443,15.935844776548729,48.229079508093726,33.483570045475275,41.24897233206756,0.0,18.874694442911974,21.680466674607274,51.18752122410713,35.844185143673826,50.79135961745939,24.831307222893543,7.123473641815957,17.94162153097634,3.0463393397901735,20.051772854248277,22.540439925974816,40.94122421223451,12.3396952257981,20.41898066949319,36.303999025698786,36.88333730705358,29.560292914655342,10.666308687868597,24.871496343506024,42.999332330448375,48.492914830644615,50.86869041414309,38.51843044744915],
        [30.252515445229424,39.00701737579905,29.946577225893996,12.27178614592435,55.98151510763653,29.4269377109942,48.79138324277103,18.874694442911974,0.0,30.946853480382057,56.85604445850473,39.490694807812126,58.19485359484458,42.22542021639881,22.491928775544277,31.241962097671756,21.23342422692583,31.138744779851656,26.457687625767946,33.554290793513125,21.811863669109215,37.012906829521405,41.604465073474486,33.1716850979274,25.517728439347017,28.896198412799762,16.190851711116796,37.028505401589165,41.00406242206761,55.24674768577118,30.252515445229424],
        [29.189913319280645,24.235673828585302,23.95517583121668,19.20208052757554,26.705500767586457,21.20763745998055,19.620200888969524,21.680466674607274,30.946853480382057,0.0,29.522097308966224,15.446842292937578,29.219826632880356,20.065698972230308,14.799951521157295,6.884588681800373,19.395243295569184,3.0127530466345784,7.866704996634409,29.90497855382857,10.07687243907,14.959973985245407,15.004858181528492,22.991112073394284,19.211008531054386,17.99118766005004,22.959514084623535,29.900954864534725,35.95136973769671,29.394883344261963,29.189913319280645],
        [37.68320950148229,23.660861196692014,33.043142507119974,44.677415682589505,6.551060235230383,31.425519937291984,10.532257521105828,51.18752122410713,56.85604445850473,29.522097308966224,0.0,17.428298017961374,5.328892470124018,40.96337387254536,44.307698651460534,34.640398102144886,48.90316543882437,31.50336538472648,30.710948524632382,35.46409109110403,39.181482678888756,38.873354365073915,15.398000463841226,29.088080035634924,33.73184983159035,46.32006952114712,43.036158039632085,32.03005902415105,35.5889888804792,3.9174424611819307,37.68320950148229],
        [23.141580630974826,11.74403670090441,17.724213583795745,27.39368474244401,17.86701615667755,15.458676540968732,11.64846194669741,35.844185143673826,39.490694807812126,15.446842292937578,17.428298017961374,0.0,19.580992182482834,33.17073584947183,29.54393663389914,22.08613566013593,34.02501693919566,18.25461334670435,13.837701634136572,22.01131257732348,23.5054487027955,29.073088859904793,3.6952470665621107,14.42128876949713,16.852572853292738,33.43586988039608,25.753524705856123,19.96603412593157,25.410939685532618,15.829025437438677,23.141580630974826],
        [41.3911771633431,27.6524971542203,36.4415260831419,45.926030845994795,2.6471852931474604,34.55629790696279,9.630400476717934,50.79135961745939,58.19485359484458,29.219826632880356,5.328892470124018,19.580992182482834,0.0,38.087716680377234,43.74811313466682,33.50097883962861,48.30548369447692,30.774090537604845,31.750047823326067,39.43774223757014,39.209460719457496,36.65000355398123,16.74498492629073,32.62373401306384,36.39370865574676,44.92073934924367,45.282001761483286,36.24889612865846,40.200223500574964,9.17804152468974,41.3911771633431],
        [49.082397143655506,43.69940961106427,43.9714424765076,33.708682797738916,35.5237758472575,41.24196896889728,30.70652929999397,24.831307222893543,42.22542021639881,20.065698972230308,40.96337387254536,33.17073584947183,38.087716680377234,0.0,19.733535557741092,14.044418462519383,21.859470062138094,17.24548202606505,27.54992163942759,49.95192635905604,22.329656401610727,5.668874294901403,31.047549440851135,43.028581984296764,38.95285174218121,14.242198789227343,40.51010967748721,49.92377964440119,55.966393865245834,42.57097547375245,49.082397143655506],
        [35.622034913837794,35.86889934631762,31.73173682727555,15.240245296534798,41.17170499987942,29.47045386881703,34.2461053654746,7.123473641815957,22.491928775544277,14.799951521157295,44.307698651460534,29.54393663389914,43.74811313466682,19.733535557741092,0.0,10.854793104983528,4.595994620688548,12.976656274316197,16.98858905381507,37.59582893758636,6.66935871201174,14.61617162026381,29.669666411217786,32.53425362897486,25.886177976610547,7.360159229142671,23.5317767249093,39.07341446367677,44.86444312494405,44.164083438505195,35.622034913837794],
        [35.13214338160973,31.10139661974064,30.14989055499023,20.89693394250461,30.878462526239886,27.465145709155717,24.248683187185648,17.94162153097634,31.241962097671756,6.884588681800373,34.640398102144886,22.08613566013593,33.50097883962861,14.044418462519383,10.854793104983528,0.0,15.155531922046976,3.8904245045222448,13.636947066783405,36.1741847655295,9.549798253099347,8.535203785523493,21.148442156138493,29.565710735059735,24.96756912837045,11.742744680128041,26.771568578668376,36.48059933633928,42.52915879350106,35.03662689653361,35.13214338160973],
        [38.50016288219581,39.86834005394006,35.0183416592915,16.62142132494201,45.720822821467294,32.92337984561274,38.823488667560646,3.0463393397901735,21.23342422692583,19.395243295569184,48.90316543882437,34.02501693919566,48.30548369447692,21.859470062138094,4.595994620688548,15.155531922046976,0.0,17.532823935265917,21.135026541929943,40.725677425159454,10.732750019335102,17.377021976967107,34.23893153448165,36.17129529254441,29.140862761873553,7.80654098241422,25.437822639889703,42.51383632180601,48.16384391966592,48.749109570843366,38.50016288219581],
        [31.862924523510138,27.24842657808114,26.72634229299089,19.90922242012421,28.19511132967688,24.000715224085866,21.30382276572083,20.051772854248277,31.138744779851656,3.0127530466345784,31.50336538472648,18.25461334670435,30.774090537604845,17.24548202606505,12.976656274316197,3.8904245045222448,17.532823935265917,0.0,10.353368779250873,32.71373450789241,9.488959348928358,12.014733097724752,17.50402808698058,25.914568622782642,21.780347096299945,15.30092466532316,24.668108701537925,32.83018654172353,38.88215919568046,31.65072618517779,31.862924523510138],
        [21.53258680147861,18.912583464591922,16.518345014336337,14.18604364787438,29.52397134296399,13.855801242738814,22.34105376517943,22.540439925974816,26.457687625767946,7.866704996634409,30.710948524632382,13.837701634136572,31.750047823326067,27.54992163942759,16.98858905381507,13.636947066783405,21.135026541929943,10.353368779250873,0.0,22.550491340483706,10.407786348281684,22.158199921796474,15.319660913740817,16.229845847872312,11.426978547630162,22.510680215711407,15.688946480036929,23.08701774456647,29.10171490723304,29.567209205089775,21.53258680147861],
        [3.4661168914014926,11.814648282195302,6.041946078533276,25.758706343740496,38.45051273282743,8.71516632426208,33.352954529573324,40.94122421223451,33.554290793513125,29.90497855382857,35.46409109110403,22.01131257732348,39.43774223757014,49.95192635905604,37.59582893758636,36.1741847655295,40.725677425159454,32.71373450789241,22.550491340483706,0.0,31.152302401091493,44.669346394555646,25.706217521487307,7.689955532415519,11.727587115100546,44.22147900012266,17.7274136987087,4.194880241021132,7.681284402598366,32.1492294571735,3.4661168914014926],
        [29.353368414057826,29.227474696032893,25.221707951513913,11.487618278036027,36.72704479079276,22.888052026781118,29.583509564536122,12.3396952257981,21.811863669109215,10.07687243907,39.181482678888756,23.5054487027955,39.209460719457496,22.329656401610727,6.66935871201174,9.549798253099347,10.732750019335102,9.488959348928358,10.407786348281684,31.152302401091493,0.0,16.687912503785444,24.080684838149363,25.88619419033003,19.42489740076097,13.111427103485305,18.42539258025854,32.47664150431883,38.31662971110649,38.65964842017645,29.353368414057826],
        [43.666579540308646,39.03011123919817,38.655877571508334,28.10833009882199,34.01588509103253,35.95497664570604,28.372274244271424,20.41898066949319,37.012906829521405,14.959973985245407,38.873354365073915,29.073088859904793,36.65000355398123,5.668874294901403,14.61617162026381,8.535203785523493,17.377021976967107,12.014733097724752,22.158199921796474,44.669346394555646,16.687912503785444,0.0,27.383721976631907,37.92907454587035,33.502600424533924,10.419968995841346,34.8419800577529,44.84428485913348,50.896185850459375,40.01376212172707,43.666579540308646],
        [26.809676585873895,15.23713080098887,21.357651387321333,29.37016529509301,14.786101210732886,19.02196334145026,8.146129678367585,36.303999025698786,41.604465073474486,15.004858181528492,15.398000463841226,3.6952470665621107,16.74498492629073,31.047549440851135,29.669666411217786,21.148442156138493,34.23893153448165,17.50402808698058,15.319660913740817,25.706217521487307,24.080684838149363,27.383721976631907,0.0,18.11214139748423,20.113254592314178,32.800469235372574,28.613027805785098,23.605316429406898,28.954963996951516,14.579060753671861,26.809676585873895],
        [8.82989746698439,6.221668488361888,4.048777010164948,23.166604173156806,31.409488125077267,3.770805570489259,25.921293958140474,36.88333730705358,33.1716850979274,22.991112073394284,29.088080035634924,14.42128876949713,32.62373401306384,43.028581984296764,32.53425362897486,29.565710735059735,36.17129529254441,25.914568622782642,16.229845847872312,7.689955532415519,25.88619419033003,37.92907454587035,18.11214139748423,0.0,7.864990536714114,38.6239919053535,17.074883781868177,6.91690494200235,12.968549181584148,26.119673766716087,8.82989746698439],
        [10.186040333573697,13.489468044575428,5.877496781966189,15.31891941369147,34.71872850772013,4.124935006628694,28.25085565114478,29.560292914655342,25.517728439347017,19.211008531054386,33.73184983159035,16.852572853292738,36.39370865574676,38.95285174218121,25.886177976610547,24.96756912837045,29.140862761873553,21.780347096299945,11.426978547630162,11.727587115100546,19.42489740076097,33.502600424533924,20.113254592314178,7.864990536714114,0.0,32.50244289633469,9.747440238183001,13.440611472649667,19.02643129778477,31.345258520436154,10.186040333573697],
        [42.46477139284076,41.284208710719874,38.25233325130003,22.594277361776296,42.27871973075876,35.83396029727392,35.86459614078331,10.666308687868597,28.896198412799762,17.99118766005004,46.32006952114712,33.43586988039608,44.92073934924367,14.242198789227343,7.360159229142671,11.742744680128041,7.80654098241422,15.30092466532316,22.510680215711407,44.22147900012266,13.111427103485305,10.419968995841346,32.800469235372574,38.6239919053535,32.50244289633469,0.0,30.847020148268196,45.36047567368662,51.27707601776366,46.77908762620277,42.46477139284076],
        [14.653765108209432,23.075011666792605,13.755728871331064,8.936930802040203,43.39890571146616,13.385520444012068,36.555997526995085,24.871496343506024,16.190851711116796,22.959514084623535,43.036158039632085,25.753524705856123,45.282001761483286,40.51010967748721,23.5317767249093,26.771568578668376,25.437822639889703,24.668108701537925,15.688946480036929,17.7274136987087,18.42539258025854,34.8419800577529,28.613027805785098,17.074883781868177,9.747440238183001,30.847020148268196,0.0,20.94561907859779,25.36164335598547,40.86536526166269,14.653765108209432],
        [7.554103348545802,8.72353667212956,7.6428955520352995,28.395610400232698,35.450431967034916,9.606572275838701,30.843451909000795,42.999332330448375,37.028505401589165,29.900954864534725,32.03005902415105,19.96603412593157,36.24889612865846,49.92377964440119,39.07341446367677,36.48059933633928,42.51383632180601,32.83018654172353,23.08701774456647,4.194880241021132,32.47664150431883,44.84428485913348,23.605316429406898,6.91690494200235,13.440611472649667,45.36047567368662,20.94561907859779,0.0,6.0519889388242225,28.57350926066441,7.554103348545802],
        [10.768920060411299,13.725434222401365,13.150951410703735,33.43225021787259,39.70337162231649,15.444217572686279,35.745540768961135,48.492914830644615,41.00406242206761,35.95136973769671,35.5889888804792,25.410939685532618,40.200223500574964,55.966393865245834,44.86444312494405,42.52915879350106,48.16384391966592,38.88215919568046,29.10171490723304,7.681284402598366,38.31662971110649,50.896185850459375,28.954963996951516,12.968549181584148,19.02643129778477,51.27707601776366,25.36164335598547,6.0519889388242225,0.0,31.88774877682582,10.768920060411299],
        [34.53235953121466,20.423544227493096,30.135486043164548,43.20970766299857,9.961947617639566,28.72413583913903,11.882464548358376,50.86869041414309,55.24674768577118,29.394883344261963,3.9174424611819307,15.829025437438677,9.17804152468974,42.57097547375245,44.164083438505195,35.03662689653361,48.749109570843366,31.65072618517779,29.567209205089775,32.1492294571735,38.65964842017645,40.01376212172707,14.579060753671861,26.119673766716087,31.345258520436154,46.77908762620277,40.86536526166269,28.57350926066441,31.88774877682582,0.0,34.53235953121466],
        [0.0,14.117903974027971,5.6031047709481525,23.01883982231205,40.22672351780393,8.308806890330812,34.71541716809964,38.51843044744915,30.252515445229424,29.189913319280645,37.68320950148229,23.141580630974826,41.3911771633431,49.082397143655506,35.622034913837794,35.13214338160973,38.50016288219581,31.862924523510138,21.53258680147861,3.4661168914014926,29.353368414057826,43.666579540308646,26.809676585873895,8.82989746698439,10.186040333573697,42.46477139284076,14.653765108209432,7.554103348545802,10.768920060411299,34.53235953121466,0.0]
    ],
    "end_depot": 30,
    "start_depot": 0,
    "truck_dist": [
        [0.0,18.533536113474256,6.773523846161573,28.5711667560056,46.020984875781515,10.55229894956388,35.80438131177301,50.68026370448519,32.9128112569524,40.313511168681785,47.43601578914628,23.476221411580028,49.27677680751007,68.66046597766963,49.378403209372976,49.39336499067697,52.07557677853312,44.40127330949127,30.132225612950567,4.5755456239599,41.16685181025822,61.372425778491845,27.66715854023108,9.743195190911642,14.38458180179013,59.54951722605362,16.226795416918787,10.50517174158847,11.047098889606989,44.814626670445875,0.0],
        [18.533536113474256,0.0,14.421487858173203,34.13553610485481,27.48744876230726,13.364248854997454,26.16564144853657,43.254735819526765,51.44634737042666,32.88798328372336,28.902479675672026,16.0506935266216,30.743240694035812,61.234938092711204,41.95287532441455,41.967837105718544,44.65004889357469,36.975745424532846,22.70669772799214,13.957990489514357,33.741323925299795,53.94689789353342,20.24163065527265,8.790340922562613,17.76240594159115,52.12398934109519,31.42371742292898,9.3672594525941,17.908890163268847,26.28109055697162,18.533536113474256],
        [6.773523846161573,14.421487858173203,0.0,21.797642909844026,41.90893662048046,3.7787751034023067,31.692333056471952,43.90673985832362,37.02485951225346,33.53998732252021,43.32396753384523,18.689980962167503,45.16472855220901,61.886942131508064,42.6048793632114,42.6198411445154,45.302052932371545,37.62774946332971,23.358701766788997,8.532021742884485,34.39332796409665,54.59890193233027,21.811798982098495,5.631146935610589,7.611057955628558,52.77599337989204,17.002229564755776,8.715255413797244,17.25688612447199,40.70257841514482,6.773523846161573],
        [28.5711667560056,34.13553610485481,21.797642909844026,0.0,61.62298486716207,20.77128724985735,51.40638130315356,22.109096948479596,17.31081126557185,24.485855934989978,63.038015780526834,38.40402920884911,64.87877679889061,40.089299221664035,20.80723645336738,20.971403316679854,23.504410022527523,23.284372468530105,20.00126905983587,30.32966465272851,12.595685054252627,32.80125902248625,41.5258472287801,25.345195182292194,16.373130163263653,30.97835047004802,12.344371339086813,30.51289832364127,39.05452903431602,60.41662666182643,28.5711667560056],
        [46.020984875781515,27.48744876230726,41.90893662048046,61.62298486716207,0.0,40.851697617304715,10.216603564008508,65.9922101540111,78.93379613273392,37.13712893217209,9.15589798574971,23.218955658312957,3.2557919317285524,35.827662038535834,56.00256988508452,40.65158155048221,61.91624791526338,38.338612398631966,41.6217158073262,41.44543925182162,51.36240664671991,39.167832932061536,20.097137638381966,36.27778968486987,45.24985470389841,53.790709261909825,58.91116618523624,35.515813134193046,43.926560705176975,14.036577237831473,46.020984875781515],
        [10.55229894956388,13.364248854997454,3.7787751034023067,20.77128724985735,40.851697617304715,0.0,30.635094053296207,40.127964754921315,38.0820985154292,29.7612122191179,42.26672853066948,17.632741958991758,44.10748954903327,58.108167028105754,38.8261042598091,38.841066041113095,41.52327782896924,33.848974359927396,19.579926663386686,12.310796846286792,30.614552860694346,50.82012682892797,20.75455997892275,4.573907932434841,4.398157086593697,48.99721827648974,18.059468567931525,12.494030517199551,21.0356612278743,39.645339411969076,10.55229894956388],
        [35.80438131177301,26.16564144853657,31.692333056471952,51.40638130315356,10.216603564008508,30.635094053296207,0.0,55.775606590002596,68.71719256872541,26.920525368163577,11.631634477373275,13.002352094304449,13.47239549573706,35.06929664417464,45.78596632107601,30.434977986473704,51.69964435125487,28.122008834623454,31.405112243317685,35.34966723021791,41.1458030827114,28.951229368053028,9.880534074373458,26.061186120861365,35.0332511398899,43.57410569790132,48.69456262122773,35.53290090113067,44.07453161180541,14.184548144459917,35.80438131177301],
        [50.68026370448519,43.254735819526765,43.90673985832362,22.109096948479596,65.9922101540111,40.127964754921315,55.775606590002596,0.0,23.345739075512462,28.85508122183902,67.40724106737588,42.77325449569815,69.24800208573966,30.164548115475274,9.989640268926584,25.34062860352889,4.075962238747727,27.653597755379142,24.37049434668491,52.43876160120811,14.629803507291191,26.824377221949568,45.89507251562914,42.86973708800721,36.295681902695065,12.201500892101281,34.45346828756641,52.62199527212086,61.16362598279561,64.78585194867546,50.68026370448519],
        [32.9128112569524,51.44634737042666,37.02485951225346,17.31081126557185,78.93379613273392,38.0820985154292,68.71719256872541,23.345739075512462,0.0,41.79666720056183,80.34882704609868,55.71484047442096,82.18958806446247,43.10613409419808,22.9312262476494,38.282214582251704,24.74105214956039,40.59518373410195,37.31208032540772,37.488356880912306,27.571389486014006,39.76596320067238,58.83665849435195,42.656006447864044,33.6839414288355,32.21499259708089,20.022629947497677,43.41798299854087,43.959910146559395,77.72743792739828,32.9128112569524],
        [40.313511168681785,32.88798328372336,33.53998732252021,24.485855934989978,37.13712893217209,29.7612122191179,26.920525368163577,28.85508122183902,41.79666720056183,0.0,38.55215984553685,16.837289757101754,40.39292086390064,28.346954808987853,18.865440952912437,9.079853821995192,24.77911898309129,4.087762140809495,10.181285555731215,42.07200906540469,14.225277714547827,21.05891460981006,17.03999129379012,32.5029845522038,25.92892936689165,19.236006057371835,24.086715751762995,42.255242736317456,50.7968734469922,35.93077072683644,40.313511168681785],
        [47.43601578914628,28.902479675672026,43.32396753384523,63.038015780526834,9.15589798574971,42.26672853066948,11.631634477373275,67.40724106737588,80.34882704609868,38.55215984553685,0.0,24.633986571677724,7.307926435697148,44.3731655365528,57.417600798449286,42.06661246384698,63.33127882862814,39.753643311996726,43.03674672069096,42.860470165186385,52.77743756008468,40.5828638454263,21.512168551746733,37.69282059823464,46.66488561726318,55.20574017527459,60.32619709860101,36.93084404755781,36.38891689953929,4.880679252081762,47.43601578914628],
        [23.476221411580028,16.0506935266216,18.689980962167503,38.40402920884911,23.218955658312957,17.632741958991758,13.002352094304449,42.77325449569815,55.71484047442096,16.837289757101754,24.633986571677724,0.0,26.47474759004151,45.1842445660896,32.78361422677156,25.917143579096944,38.69729225695042,20.92505189791125,18.402760149013236,25.234719308302942,28.143450988406954,37.89620436691182,4.190937128651051,15.665694795102048,22.030899045585453,36.07329581447359,35.69221052692328,25.4179529792157,33.95958368989045,22.012597452977317,23.476221411580028],
        [49.27677680751007,30.743240694035812,45.16472855220901,64.87877679889061,3.2557919317285524,44.10748954903327,13.47239549573706,69.24800208573966,82.18958806446247,40.39292086390064,7.307926435697148,26.47474759004151,0.0,39.08345397026438,59.25836181681307,43.907373482210765,65.17203984699194,41.59440433036052,44.87750773905475,44.70123118355017,54.618198578448464,42.42362486379009,23.35292957011052,39.533581616598426,48.50564663562696,57.04650119363838,62.16695811696479,38.7716050659216,42.078589155124405,12.18860568777891,49.27677680751007],
        [68.66046597766963,61.234938092711204,61.886942131508064,40.089299221664035,35.827662038535834,58.108167028105754,35.06929664417464,30.164548115475274,43.10613409419808,28.346954808987853,44.3731655365528,45.1842445660896,39.08345397026438,0.0,20.17490784654869,19.26710098699266,26.088585876727546,24.259192668178358,38.52824036471907,70.41896387439255,27.49361416741141,7.288040199177791,40.99330743743856,60.84993936119166,54.275884175879504,17.96304722337399,52.433670560750855,70.6021975453053,79.14382825598005,49.25384478863455,68.66046597766963],
        [49.378403209372976,41.95287532441455,42.6048793632114,20.80723645336738,56.00256988508452,38.8261042598091,45.78596632107601,9.989640268926584,22.9312262476494,18.865440952912437,57.417600798449286,32.78361422677156,59.25836181681307,20.17490784654869,0.0,15.350988334602306,5.913678030178857,17.66395748645256,19.246177596422413,51.13690110609589,8.211551399114754,16.834736953022986,35.90543224670255,41.567876592895,34.99382140758285,10.171114016680637,33.15160779245419,51.32013477700865,59.8617654876834,54.79621167974888,49.378403209372976],
        [49.39336499067697,41.967837105718544,42.6198411445154,20.971403316679854,40.65158155048221,38.841066041113095,30.434977986473704,25.34062860352889,38.282214582251704,9.079853821995192,42.06661246384698,25.917143579096944,43.907373482210765,19.26710098699266,15.350988334602306,0.0,21.264666364781164,4.992091681185697,19.26113937772641,51.151862887399886,10.710825096237699,11.97906078781487,21.726206450445893,41.58283837419899,35.008783188886845,13.139127711427609,33.16656957375819,51.33509655831264,59.876727268987395,39.44522334514657,49.39336499067697],
        [52.07557677853312,44.65004889357469,45.302052932371545,23.504410022527523,61.91624791526338,41.52327782896924,51.69964435125487,4.075962238747727,24.74105214956039,24.77911898309129,63.33127882862814,38.69729225695042,65.17203984699194,26.088585876727546,5.913678030178857,21.264666364781164,0.0,23.577635516631414,21.943351165582552,53.83407467525603,10.908724968274896,22.748414983201844,41.81911027688141,44.26505016205514,37.690994976742985,8.125538653353555,35.848781361614336,54.01730834616879,62.55893905684354,60.70988970992774,52.07557677853312],
        [44.40127330949127,36.975745424532846,37.62774946332971,23.284372468530105,38.338612398631966,33.848974359927396,28.122008834623454,27.653597755379142,40.59518373410195,4.087762140809495,39.753643311996726,20.92505189791125,41.59440433036052,24.259192668178358,17.66395748645256,4.992091681185697,23.577635516631414,0.0,14.26904769654071,46.15977120621419,13.02379424808795,16.971152469000565,18.241474760249996,36.5907466930133,30.016691507701147,15.45209686327786,28.174477892572494,46.343004877126944,54.8846355878017,37.13225419329632,44.40127330949127],
        [30.132225612950567,22.70669772799214,23.358701766788997,20.00126905983587,41.6217158073262,19.579926663386686,31.405112243317685,24.37049434668491,37.31208032540772,10.181285555731215,43.03674672069096,18.402760149013236,44.87750773905475,38.52824036471907,19.246177596422413,19.26113937772641,21.943351165582552,14.26904769654071,0.0,31.890723509673478,11.034626197307658,31.240200165541275,21.524578168944227,22.321698996472588,15.747643811160437,29.417291613103046,17.289450377910043,32.07395718058624,40.615587891260986,40.41535760199055,30.132225612950567],
        [4.5755456239599,13.957990489514357,8.532021742884485,30.32966465272851,41.44543925182162,12.310796846286792,35.34966723021791,52.43876160120811,37.488356880912306,42.07200906540469,42.860470165186385,25.234719308302942,44.70123118355017,70.41896387439255,51.13690110609589,51.151862887399886,53.83407467525603,46.15977120621419,31.890723509673478,0.0,42.92534970698114,63.13092367521476,29.425656436953993,9.569024513200892,16.14307969851304,61.30801512277653,17.985293313641698,5.929626117628569,8.724864381587507,40.23908104648598,4.5755456239599],
        [41.16685181025822,33.741323925299795,34.39332796409665,12.595685054252627,51.36240664671991,30.614552860694346,41.1458030827114,14.629803507291191,27.571389486014006,14.225277714547827,52.77743756008468,28.143450988406954,54.618198578448464,27.49361416741141,8.211551399114754,10.710825096237699,10.908724968274896,13.02379424808795,11.034626197307658,42.92534970698114,0.0,20.20557396823362,31.265269008337945,33.35632519378024,26.782270008468096,18.38266541579539,24.94005639333944,43.10858337789389,51.650214088568646,50.15604844138427,41.16685181025822],
        [61.372425778491845,53.94689789353342,54.59890193233027,32.80125902248625,39.167832932061536,50.82012682892797,28.951229368053028,26.824377221949568,39.76596320067238,21.05891460981006,40.5828638454263,37.89620436691182,42.42362486379009,7.288040199177791,16.834736953022986,11.97906078781487,22.748414983201844,16.971152469000565,31.240200165541275,63.13092367521476,20.20557396823362,0.0,33.70526723826077,53.561899162013866,46.98784397670171,14.622876329848289,45.14563036157306,63.314157346127516,71.85578805680225,41.965804589456766,61.372425778491845],
        [27.66715854023108,20.24163065527265,21.811798982098495,41.5258472287801,20.097137638381966,20.75455997892275,9.880534074373458,45.89507251562914,58.83665849435195,17.03999129379012,21.512168551746733,4.190937128651051,23.35292957011052,40.99330743743856,35.90543224670255,21.726206450445893,41.81911027688141,18.241474760249996,21.524578168944227,29.425656436953993,31.265269008337945,33.70526723826077,0.0,19.8566319237531,25.152717065516445,33.69357162352786,38.814028546854274,29.60889010786675,38.150520818541494,18.890779433046326,27.66715854023108],
        [9.743195190911642,8.790340922562613,5.631146935610589,25.345195182292194,36.27778968486987,4.573907932434841,26.061186120861365,42.86973708800721,42.656006447864044,32.5029845522038,37.69282059823464,15.665694795102048,39.533581616598426,60.84993936119166,41.567876592895,41.58283837419899,44.26505016205514,36.5907466930133,22.321698996472588,9.569024513200892,33.35632519378024,53.561899162013866,19.8566319237531,0.0,8.972065019028538,51.73899060957564,22.633376500366367,9.752258184113652,18.2938888947884,35.07143147953423,9.743195190911642],
        [14.38458180179013,17.76240594159115,7.611057955628558,16.373130163263653,45.24985470389841,4.398157086593697,35.0332511398899,36.295681902695065,33.6839414288355,25.92892936689165,46.66488561726318,22.030899045585453,48.50564663562696,54.275884175879504,34.99382140758285,35.008783188886845,37.690994976742985,30.016691507701147,15.747643811160437,16.14307969851304,26.782270008468096,46.98784397670171,25.152717065516445,8.972065019028538,0.0,45.16493542426348,13.661311481337828,16.326313369425804,24.86794408010055,44.043496498562774,14.38458180179013],
        [59.54951722605362,52.12398934109519,52.77599337989204,30.97835047004802,53.790709261909825,48.99721827648974,43.57410569790132,12.201500892101281,32.21499259708089,19.236006057371835,55.20574017527459,36.07329581447359,57.04650119363838,17.96304722337399,10.171114016680637,13.139127711427609,8.125538653353555,15.45209686327786,29.417291613103046,61.30801512277653,18.38266541579539,14.622876329848289,33.69357162352786,51.73899060957564,45.16493542426348,0.0,43.32272180913483,61.49124879368929,70.03287950436403,52.584351056574185,59.54951722605362],
        [16.226795416918787,31.42371742292898,17.002229564755776,12.344371339086813,58.91116618523624,18.059468567931525,48.69456262122773,34.45346828756641,20.022629947497677,24.086715751762995,60.32619709860101,35.69221052692328,62.16695811696479,52.433670560750855,33.15160779245419,33.16656957375819,35.848781361614336,28.174477892572494,17.289450377910043,17.985293313641698,24.94005639333944,45.14563036157306,38.814028546854274,22.633376500366367,13.661311481337828,43.32272180913483,0.0,23.39535305104319,26.710157695229206,57.7048079799006,16.226795416918787],
        [10.50517174158847,9.3672594525941,8.715255413797244,30.51289832364127,35.515813134193046,12.494030517199551,35.53290090113067,52.62199527212086,43.41798299854087,42.255242736317456,36.93084404755781,25.4179529792157,38.7716050659216,70.6021975453053,51.32013477700865,51.33509655831264,54.01730834616879,46.343004877126944,32.07395718058624,5.929626117628569,43.10858337789389,63.314157346127516,29.60889010786675,9.752258184113652,16.326313369425804,61.49124879368929,23.39535305104319,0.0,8.541630710674747,34.309454928857406,10.50517174158847],
        [11.047098889606989,17.908890163268847,17.25688612447199,39.05452903431602,43.926560705176975,21.0356612278743,44.07453161180541,61.16362598279561,43.959910146559395,50.7968734469922,36.38891689953929,33.95958368989045,42.078589155124405,79.14382825598005,59.8617654876834,59.876727268987395,62.55893905684354,54.8846355878017,40.615587891260986,8.724864381587507,51.650214088568646,71.85578805680225,38.150520818541494,18.2938888947884,24.86794408010055,70.03287950436403,26.710157695229206,8.541630710674747,0.0,33.76752778083889,11.047098889606989],
        [44.814626670445875,26.28109055697162,40.70257841514482,60.41662666182643,14.036577237831473,39.645339411969076,14.184548144459917,64.78585194867546,77.72743792739828,35.93077072683644,4.880679252081762,22.012597452977317,12.18860568777891,49.25384478863455,54.79621167974888,39.44522334514657,60.70988970992774,37.13225419329632,40.41535760199055,40.23908104648598,50.15604844138427,41.965804589456766,18.890779433046326,35.07143147953423,44.043496498562774,52.584351056574185,57.7048079799006,34.309454928857406,33.76752778083889,0.0,44.814626670445875],
        [0.0,18.533536113474256,6.773523846161573,28.5711667560056,46.020984875781515,10.55229894956388,35.80438131177301,50.68026370448519,32.9128112569524,40.313511168681785,47.43601578914628,23.476221411580028,49.27677680751007,68.66046597766963,49.378403209372976,49.39336499067697,52.07557677853312,44.40127330949127,30.132225612950567,4.5755456239599,41.16685181025822,61.372425778491845,27.66715854023108,9.743195190911642,14.38458180179013,59.54951722605362,16.226795416918787,10.50517174158847,11.047098889606989,44.814626670445875,0.0]
    ],
    "vertex_count": 31
}