{
    "drone_dist": [
        [0.0,996.1828414540785,1876.1154657626485,3707.1090426264477,4746.269630295779,1497.713706868752,4335.119483851157,3495.7248827265607,4163.162749794321,3221.9039842771604,1818.5668888694,3378.17200601198,4111.431225391753,1622.2479998726083,2961.981487238682,2832.468517168043,2528.0379582164664,3562.545890398653,3452.5299128183774,478.83465472309,4577.2643918161,2870.227663409448,1627.6781623111249,404.6695247053717,959.1252795395598,4623.617356066542,3690.087991310597,4885.110364763728,2009.7023733844908,2264.366838421024,1900.7170582398473,3795.626954797985,2099.1835953868954,1763.0115530653138,3283.7495639963217,2716.5804116966488,5770.56226532468,478.2065616217615,4069.7995273033303,2332.2981162493347,713.434818923999,894.4615528477452,2565.1148824756715,599.5634901706962,2199.126302424363,1757.5557488357147,3371.1283824428906,3599.532053564575,2016.8598585336522,918.4687602860666,3643.9066453419646,2851.9010322292092,4884.3928755855795,2038.05238461163,1328.382920437605,2806.2191643126775,1916.3867420758993,4089.8180863280527,3844.5835949878187,4524.082351979802,4166.103610837977,3359.49886337379,1596.6651643828473,4451.303187746956,3186.87094067389,1183.139670555449,2739.828861726108,3196.681519566573,1028.966671334035,3462.672470358677,3755.093577443281,849.4174562600209,3034.5516500354297,4929.356508606451,4833.376852723857,2883.793234430752,4715.233728129907,2281.2844470841005,1781.5927601509698,3218.5114145039984,1528.114870146208,1929.427607664295,3832.296825767063,3505.2759120252313,2126.356916333899,5606.587053014814,4559.763247743171,988.4853169962644,2245.161556131418,4786.167880948327,3670.2034308703574,1130.187979775038,4120.915658364661,4801.666599919762,1510.5702333167558,2115.9242232850247,1604.7562995933974,701.1763814279823,684.2762782289284,2719.1176233459396,0.0],
        [996.1828414540785,0.0,2140.562546739535,3440.129418227205,4475.353011053243,1807.0377132012306,3713.472878899955,2734.459974378323,3685.1910554811934,2278.171126646083,2472.4389903741067,2664.8504104056333,3504.8492622737413,795.9511735263263,2481.429436341375,2704.921714952208,1840.7236987308115,3222.3291412003987,3008.9697907905675,705.6018945119966,3805.506767814616,1899.4135102717953,2324.540543388312,600.2148961226308,1384.3840024439783,3906.6119355303827,3199.7000900701833,4213.754963775239,2310.1724107390987,3007.830309763309,2368.0558692030795,2935.8077361478317,1103.0356206074075,844.1079417598065,2810.185404827209,2887.1468173789176,5582.379414375291,834.8593601915246,3509.3526258292286,1674.9294507059485,338.21606483307744,790.7459566771512,3287.3789096396627,1222.53205029921,1363.9100818008335,1894.9711892493378,3276.699383092446,3124.935542454564,1245.4082304563253,694.9618336379793,3828.856321198244,2737.7747917098022,4020.0059902252847,1163.8143013286738,1900.9657219737448,1926.561432273255,2351.2910624400433,3352.1859634558455,2921.1678668676095,3627.5347136579917,4229.666921678324,3262.209242529796,1180.0764445767375,4476.402739347234,3880.5212858001423,1809.6469957035224,1934.7830980175884,3711.0699169268987,473.42211892717677,3015.534811090973,3026.2827136910905,1301.3806949518976,2444.322463238528,4431.468124345634,4180.2019735069225,3472.986193583547,4202.916748161858,2374.586321548661,797.015356302981,3530.3488294759736,1780.8734981943173,2430.0657815827435,3048.4413289769846,3588.1716713287924,2599.4001022174793,5442.4082179933175,4281.6745153036845,1449.465784001985,1284.6642804010994,4077.4464568019785,2989.636679112486,304.06129400280565,3309.353407743432,4712.248758200062,2045.5197875923755,1804.5873469843964,641.0263837461027,567.793096120287,668.8001922977592,2576.95296707272,996.1828414540785],
        [1876.1154657626485,2140.562546739535,0.0,2138.7643064227477,3101.8110841301796,378.6809453738889,3289.0002287417024,2915.6177988751383,2864.694632272336,3296.830171000058,925.5654525375782,2704.445479509969,3063.6219992120978,2926.6660144836505,1904.4749393458658,1212.035975703231,2067.767851321619,2120.2633418261007,2202.8680582703714,2223.698920013986,3855.055860182482,3161.3011346415265,990.2074829019712,1862.4868300742075,917.2563741796919,3757.047146025627,2481.7529370775087,3885.9045104156153,174.36659408490087,1442.336686409898,470.13016205992983,3443.645032393168,2832.973732590563,2914.1827789948184,2125.514038672252,842.4243696403512,4012.1848322952833,2294.5959138925796,2935.270042277428,1901.7124398837543,1868.6762489749601,2626.1618147718964,1592.3017052859782,1281.0425589825056,2235.6480378513916,312.18332162555794,1633.3122835223808,2378.188675613943,2006.0614111277641,2594.412830933662,1770.1613368507979,1208.8157761060988,4408.187001411012,2251.7481479130383,734.1961555333452,2739.1425662783363,398.5405116796192,3343.139519710199,3720.997466568881,4202.795089080611,2299.303154916691,1625.6559176675323,1314.7000591734372,2593.1283170516426,2029.3708701000755,879.1066716748702,2479.4505495854582,1633.422511233194,1700.5243680488938,2217.42913761649,3041.624946763694,1027.427912955806,2176.211276856899,3590.9677014430695,3799.4285978809953,1497.7439561338947,3419.3376572758584,500.01964549717957,2738.085871473526,1395.7089672614618,367.59154283025094,563.8158877942408,3248.023077111598,1640.9582872647895,609.4529721569348,3833.202105864487,2934.058144298307,890.0457447063802,2651.378064098324,3882.3994392351983,2857.360820461531,2440.3517352941385,3569.1782472006194,2994.043799349076,606.4918345449316,1148.2145053906468,2291.346458745943,1609.6895219488706,1518.65392322803,1147.9068209574634,1876.1154657626485],
        [3707.1090426264477,3440.129418227205,2138.7643064227477,0.0,1044.6506888202669,2411.9887018148424,1580.1655145494963,2014.3049053377158,925.1116760040766,3030.270460069527,2994.1109735566292,1794.502773848123,1422.7654854854466,4024.925544038633,1123.1027362401458,930.2804758900829,1948.7923560490183,324.89229166590064,731.307736250192,3878.299080009463,2417.9091044108895,3193.3804816304523,3106.2603997700235,3507.4470833400737,2851.122262671339,2163.4415404400147,860.4008398511229,2109.358870138191,2136.555444394775,3376.361066476638,2514.528185412171,2603.6065247742827,3456.9381974430935,3882.2096924618854,908.5944082280828,1595.6992720857993,2146.544386150884,3991.058198694169,1212.8414806732435,1984.8406680590967,3340.702558974,4176.826659150534,3392.3980771781303,3201.8495261469584,2534.3362472093854,2061.312939052118,657.2492167758136,806.7205962322197,2445.7249545498084,4101.901223613867,1667.2824932251426,930.1624986427984,3147.3327576568295,2716.923864920215,2861.6785314535155,2584.58263939527,2439.058697625538,2024.2548047675118,3063.217939340322,3170.9947384873767,1437.1008934555134,652.2924215711771,2263.7323567253693,1482.078620834345,3534.3494506731195,2991.9702465158643,2264.5068085211915,2783.303940834499,2991.454042352181,740.135012887118,1892.0785531925026,2939.9166171669053,1406.5595447563733,1514.9147153189383,1997.4488091021099,2970.353961316701,1391.5318901021817,1641.3559177504949,3604.2050932591833,2028.2409567615946,2333.2251319730885,2587.491240594714,2184.571959250524,1256.110726547263,2494.043508430556,2018.031545987074,854.5714475654491,2861.2705692850714,3052.212078613247,2217.636010166805,1656.768038068292,3715.3658286041295,2429.805467864726,1406.4206116493285,2745.25464881904,1644.9428940979108,3157.122250259433,3143.386171609048,3099.7811328375374,1016.6930450328845,3707.1090426264477],
        [4746.269630295779,4475.353011053243,3101.8110841301796,1044.6506888202669,0.0,3407.3997984054013,1801.8598820817745,2676.3357494272523,1177.8785955933547,3793.8754600814227,3890.225368292244,2501.9865667230197,1771.9126305978455,5032.717547681909,2068.0791573262914,1932.083554153032,2882.675621816918,1260.7644170031383,1563.7658903509744,4922.948280775218,2672.033148350253,4032.6744765913177,4027.3015202577167,4551.9607471294175,3872.0676534320705,2336.539515300531,1510.0823229501102,2104.4713206890196,3070.071138436936,4195.535921932947,3425.3536467071676,3190.4940864040364,4412.009757453589,4876.543246563738,1777.1387860990435,2424.2704774972467,1156.0601047291586,5035.602540247718,1573.1310114588937,2953.6688053576445,4384.011811384981,5218.959100742028,4156.390297441056,4229.1888379393195,3487.056222589527,3066.0953877503975,1476.4363049689896,1527.6760674579618,3428.3726780178013,5142.639393937342,2095.1973799407683,1921.2435457407896,3420.561755727201,3684.741006193459,3835.3786622170837,3428.7445851980756,3354.1212174790603,2447.2835791086113,3674.225241567151,3583.0799222071496,1542.399958379769,1482.1072660773345,3303.230748056245,1366.6040285210872,4172.253653871634,3975.006766898606,3131.0565054613726,3380.5958111505556,4031.726375791608,1563.841503341043,2453.3168074050473,3964.8145388615867,2271.22322782943,1149.9810588767739,1988.1359614688301,3654.386748787576,1205.4780097448306,2603.160222917364,4592.103745943306,2622.613041656759,3335.3144078877995,3486.7754046014197,2729.2858250162767,1797.4283169723399,3361.774452277334,1072.193654772568,194.13620654590852,3877.409216861883,3987.1604873024044,2310.6369724692413,2251.52811010459,4745.38074009616,2884.9107013846356,879.9018726565976,3702.231895058443,2687.743316592279,4159.662804359943,4188.02217317595,4144.223885693334,2035.114973025723,4746.269630295779],
        [1497.713706868752,1807.0377132012306,378.6809453738889,2411.9887018148424,3407.3997984054013,0.0,3432.2163127122317,2934.0634085983825,3068.7402779605104,3181.650725527049,898.4683522901004,2739.328048804219,3203.296288801584,2600.5930155884025,2012.5481843699808,1483.581172464693,2020.6211934593546,2353.231490463725,2379.066797816291,1848.6963914928847,3927.434892647281,2999.91377094648,879.1058782253593,1491.6765654424617,538.6695430648358,3862.599854541191,2653.0038408556247,4025.834826010669,524.7815878525238,1471.628185996471,592.2507377967139,3422.9900680015558,2583.5059306113294,2606.865896204826,2272.262448700607,1219.3356368144239,4354.023806178481,1917.2682986075856,3095.569506640154,1835.6618501995756,1518.362652101787,2255.0743055180365,1681.0270396331255,904.1468606633979,2084.8573504324963,356.4476520771616,1957.7341868410426,2550.6753610384244,1849.3751646728965,2226.96579937128,2148.618995032039,1489.2779807131913,4432.132328335436,2066.16293664533,479.7872265600154,2635.06409637526,557.9927475609051,3412.303949556913,3656.8845253803297,4189.675733624163,2673.3688170968244,1948.539697626125,1139.6537115035546,2964.1258729424935,2195.322604431714,586.2172000349626,2406.7677021919067,1912.2144900854169,1389.7275655729557,2392.7156406535314,3095.8971993366836,648.7709913102133,2239.4970384153003,3814.8559572347053,3946.930049070471,1713.5767269216922,3630.06597200635,821.2217414689713,2452.033945492034,1758.1235374298074,97.53511528946093,672.8401848583649,3276.1640318363243,2013.5860528841347,810.6597961944691,4179.058174268194,3233.0452516941386,513.8951273477442,2450.423644504028,3998.8049221821348,2931.724611620483,2101.6124190334162,3596.6248366227187,3348.7296766556997,445.49223221100493,1165.861963116713,2025.522342332175,1259.2158249834429,1164.2423996286036,1397.3955097352639,1497.713706868752],
        [4335.119483851157,3713.472878899955,3289.0002287417024,1580.1655145494963,1801.8598820817745,3432.2163127122317,0.0,1144.5220104203497,694.1189648568518,2256.3636492909654,4213.415772607057,1096.6992405568637,229.82257550504474,4028.8200871475183,1427.974046189344,2197.1654726907796,1872.843709506357,1353.1041546462893,1104.3267800762574,4333.917637323776,883.4789828956922,2604.1711860665937,4270.413278939701,4018.5817514294786,3706.778406634112,586.7475940933249,829.7588644966486,596.9283026363402,3354.068954870009,4691.583496850438,3741.1116853017134,1492.2846757582577,3238.237669841103,3817.0306518040725,1164.4579303659357,3018.157833508567,2826.126130950141,4464.4299563160985,379.5634890942595,2043.7707012095266,3760.067250209747,4503.9752655255925,4769.775725494782,3983.5837240977444,2413.2073673862983,3088.7123797251525,2201.396188145863,930.5246072401302,2475.3948592029565,4405.557804477403,3246.595806209041,2225.251799670009,1635.8954543039854,2634.5354178149314,3911.7709742810016,2077.9363388382435,3664.007389438758,686.8184302307843,1966.8492614483823,1783.1931747800772,2967.1130581165207,2192.2221439650266,2739.27743203961,2934.459237791179,5009.031839741698,4001.594295273989,1881.3019043559962,4299.075420440867,3379.3255064557516,1088.9818343647817,834.5160466133963,3762.0165071531947,1300.7967371875923,926.5822011793117,515.0747103865829,4430.490912326753,713.9730706969459,2860.510320908884,3525.539667854452,3567.922575788282,3336.608182081142,3829.0577552148397,1038.2483354212852,2831.8847106820313,3792.608742006146,2807.453466677574,1684.0009551435887,3743.3023513725707,2791.272187498332,642.1901726273765,754.0779688450529,3910.572829328421,1111.9974435353474,2622.3080195596453,3852.007119295906,2312.1003898411745,3200.3701346119574,3653.073203244327,3652.870202215274,2202.2031121070213,4335.119483851157],
        [3495.7248827265607,2734.459974378323,2915.6177988751383,2014.3049053377158,2676.3357494272523,2934.0634085983825,1144.5220104203497,0.0,1515.772594443964,1139.7589532874529,3810.766394989506,237.59044023183384,1013.3208330932088,2941.3251674948456,1126.770516940644,2149.377594267338,979.7023624679518,1692.0974079865334,1285.562470310302,3405.1893231814165,1082.1613586524165,1461.4982290730175,3813.075766820932,3134.8735864639107,3057.3810641205455,1179.6822811748455,1198.5207213356937,1520.7732490031128,3032.0495635596844,4355.641795736183,3385.147853940942,605.4218675084503,2119.2009820247954,2717.2478005826074,1142.7586326132957,2952.6957534020526,3801.559026190612,3538.162271473382,1149.5823388213353,1181.4886540650537,2846.402854505743,3511.2324437701254,4502.119446189064,3260.4761118296274,1375.2672499282708,2643.6219670244404,2434.2181931135383,1220.739447179815,1499.9334397731584,3406.920841805116,3491.4953965336767,2192.096282844212,1498.3033993893482,1588.7428875473738,3387.402647757326,943.6336641558288,3314.123211519014,620.8565055057263,1049.0435596815873,1306.3124261428095,3427.8663043957113,2419.7734478291336,1972.2066195436034,3496.1666777385153,4869.701949545546,3437.8071027079245,805.717840527696,4269.493248146068,2479.5058997118936,1275.6104366202924,319.18838826118747,3084.435864530084,780.0671713027737,2047.914853824682,1511.9776439403977,4295.43364953773,1818.9786764792293,2613.641151671503,2430.689054144309,3635.7992176378666,2837.377824949884,3479.1248938910917,347.0515861490331,3075.271140668968,3502.8717580501993,3744.0331940408423,2511.489366954814,3108.8160922704797,1677.7172458176462,1353.4206037836796,433.98643634044026,2889.571521083429,663.6772576346596,3355.5876234797784,3379.3010552201717,1777.24741218924,2159.3971946108463,2794.638988313135,2818.568014700321,2087.9172078506854,3495.7248827265607],
        [4163.162749794321,3685.1910554811934,2864.694632272336,925.1116760040766,1177.8785955933547,3068.7402779605104,694.1189648568518,1515.772594443964,0.0,2649.514079429838,3770.879689890175,1364.0413794235528,605.5776737123904,4125.45391460516,1213.457624518247,1686.9077662119735,1912.8661003901402,769.9148116161817,712.4246694466921,4238.157766717676,1573.3457694326592,2925.622798110912,3854.6316563520495,3892.507010321746,3422.113810440457,1278.2931208099901,485.52014324434657,1185.4832241311767,2900.775998316798,4205.631358910442,3289.6377884407166,2012.9638097496359,3414.0489082796266,3939.5390593777843,884.5270863439029,2463.693621660506,2286.140954607241,4363.004761098757,397.20947190139674,2035.6815563689274,3668.7508287707888,4467.570047943597,4251.850875502458,3737.2031081685977,2513.1895410467005,2713.384802760158,1574.3140451652696,566.2546627399767,2510.1184373303304,4377.859367801181,2586.200434613569,1705.4463976522663,2323.811887343244,2727.894921046219,3543.913631713313,2338.577005388548,3212.2358590262347,1280.078778951519,2496.911306998135,2432.1820457662925,2275.9369321387026,1567.4303868182367,2589.2487953094947,2240.6434850927512,4436.487589976828,3653.485653704201,2070.082569128164,3698.641631168136,3291.8020195096556,701.5071514521497,1277.2146217837624,3493.363970104441,1271.8927065425592,766.4668008501677,1072.6816819377814,3865.1252913718613,562.7995648389102,2395.553039300086,3647.252872163615,2949.3649393228116,2978.335767763846,3371.666637914664,1551.4104715633505,2179.5969227944665,3307.588204871687,2234.3057509699106,1032.1897614366526,3447.7073025461395,2971.5327672606695,1309.911394198563,1084.1784828649422,3921.0589537593264,1716.648786414885,1949.5147870299818,3457.4356044749015,2054.0159829901418,3259.182175367309,3519.494982019337,3500.2210469015918,1723.9710814560995,4163.162749794321],
        [3221.9039842771604,2278.171126646083,3296.830171000058,3030.270460069527,3793.8754600814227,3181.650725527049,2256.3636492909654,1139.7589532874529,2649.514079429838,0.0,4075.5451832848867,1292.1188946413472,2148.006117423829,2182.2073074539044,1963.1679620276004,2904.0475544600936,1288.2300090701426,2706.9042681420337,2308.7239185202347,2982.5277985908683,1878.5384958479037,443.5288073915096,4018.889198505772,2820.1106471429453,3106.849445954985,2126.0863881798996,2289.4510670709105,2517.4193885368413,3449.7752174567618,4652.2084135706455,3733.9083528858973,868.3732156913849,1317.7551560976149,1933.9084367229298,2121.6878985361627,3597.4299437015798,4931.089446054523,3109.4126267333286,2289.2336150145,1413.146757826916,2509.68575986045,2952.1966133559686,4857.72863237879,3186.4965739771133,1113.5636511447199,2987.917990165386,3321.39774108063,2289.16095811553,1347.1468473289078,2842.6132405600247,4309.356410221954,2950.1501823104277,1833.0064119485367,1208.0319241035475,3554.8758407562714,560.5103806543897,3675.663105114911,1619.3425789535513,658.0545652338667,1391.097964250189,4370.739661956663,3305.5155760297384,2048.424021415962,4485.601126838545,5326.169837869562,3553.8589160365245,861.8097436191325,4848.4832605518895,2222.479491765103,2302.5847925145645,1425.9074863305852,3093.193496634198,1632.5259385231834,3176.037844217571,2540.1530065560155,4784.250306292658,2950.8078349968737,3150.455499302083,1693.4188398368076,4325.982006320676,3096.2193729485907,3825.355542139368,1238.9819102750914,3917.5181078553883,3905.619528258557,4865.462202095265,3621.5546634800776,3171.60390331622,995.089014553907,2295.0262478468608,1573.3944539310107,2318.339649103137,1337.158988098144,4419.7591416623845,3606.0103445076393,2201.0452862307484,1637.302449601338,2564.942777266224,2626.652311591935,2806.923951748533,3221.9039842771604],
        [1818.5668888694,2472.4389903741067,925.5654525375782,2994.1109735566292,3890.225368292244,898.4683522901004,4213.415772607057,3810.766394989506,3770.879689890175,4075.5451832848867,0.0,3607.4739040939958,3988.552737244099,3257.1373148395874,2827.8768848213494,2092.063802448218,2915.577746198167,3013.886469884755,3122.8771094423573,2275.9661992104616,4773.890274988641,3877.621629745851,209.48689869220644,1998.5974097380638,1096.8777654751457,4681.884909778024,3402.168681186219,4810.342255184569,870.125273679858,578.4926793157165,482.1055936378331,4314.574178927407,3390.401337488413,3312.9721176912462,3050.6030853953516,1471.9245315299106,4688.338852334828,2296.1307467779156,3857.2668327194333,2732.8926291292173,2142.860504342441,2702.224025446974,823.5531322318564,1289.1315528067723,2972.115667152492,1168.1699888363296,2418.7346701245924,3298.5876665576357,2736.168812437694,2708.170595582638,2184.4207649280515,2080.2660546541565,5308.331757939311,2937.3833403909794,575.6836785322322,3531.824264386234,559.1717901565424,4260.512108499351,4555.219275575396,5079.936214832687,2825.6718555143016,2414.813707678741,2028.1359622327336,3139.99302334371,1408.6948904890805,667.9063501337,3305.076054872091,1403.544128781307,2136.702571941965,3137.625872267002,3953.548522438636,1171.6504815121336,3089.3147513150184,4480.859425769976,4722.847554725235,1066.6998310712236,4319.182705518915,1375.5759908299117,3205.853770799861,1633.6824001762723,989.6496358342175,406.89554301069563,4148.872983225457,2223.6460748553222,540.377348979741,4496.347949858919,3737.6652732193866,1028.8564774079314,3307.2739997249105,4807.908415170822,3775.5207883910352,2735.2491851109903,4470.170515329228,3634.66272272198,472.98974615755304,2033.5556792157654,2822.1118072740805,1906.2319492243037,1805.4889675334146,2046.908825501384,1818.5668888694],
        [3378.17200601198,2664.8504104056333,2704.445479509969,1794.502773848123,2501.9865667230197,2739.328048804219,1096.6992405568637,237.59044023183384,1364.0413794235528,1292.1188946413472,3607.4739040939958,0.0,927.6154542703567,2934.933969138828,890.522673754099,1912.634083597211,850.5080731235837,1470.592903426815,1063.428365623093,3317.429659965236,1215.6930189666411,1565.566680791416,3617.043524340509,3029.877672463921,2890.1079436453383,1249.6518934841947,1002.5917296253947,1550.3236024506691,2816.0891316565285,4146.345785212274,3174.5264409192923,842.1101276782192,2142.7159331411003,2720.908112893501,910.9460977998527,2718.7927392596835,3639.909160731063,3449.937667040238,1025.9813620779528,1046.4160191106332,2750.588543242765,3450.488744041309,4286.227880862601,3110.660213644389,1329.197738182572,2439.3065068777355,2199.112796827469,1013.2157729089546,1419.6580468904722,3348.663388367903,3254.5988843261994,1955.1886365901205,1703.7591787687659,1549.303808658701,3199.421880554196,997.3271750524358,3102.499543203539,713.136423727227,1275.040646119641,1537.5938705154954,3199.3595402102274,2184.5582981414063,1822.4698484891,3274.5937633310673,4644.121833921276,3256.630801080098,784.8823593909677,4036.780697038572,2376.403574036278,1054.3707902296458,378.2045533699905,2923.2691219090184,547.8778719887638,1958.488796420815,1523.3899365054813,4068.4926067592237,1724.8561112274529,2388.6778419980315,2429.864713016218,3399.1864472515945,2642.1315571058944,3268.2597641765237,543.9042743495221,2838.850674504661,3285.9382639009705,3573.3855133190746,2330.9977837552215,2938.861841395145,1695.2984989162298,1417.0188079570532,342.63871603812316,2841.0515442510996,864.7826808217806,3152.790069528604,3183.4592348657666,1575.8855231048476,2119.6643587031367,2679.4460189652646,2695.963261810791,1852.7021985352872,3378.17200601198],
        [4111.431225391753,3504.8492622737413,3063.6219992120978,1422.7654854854466,1771.9126305978455,3203.296288801584,229.82257550504474,1013.3208330932088,605.5776737123904,2148.006117423829,3988.552737244099,927.6154542703567,0.0,3842.5564084009306,1198.1527942869616,1986.1473213615186,1666.3542743081234,1171.0695094608031,890.8124294237937,4117.637950911504,996.9029461012317,2471.855764371101,4043.497267851409,3798.635120930106,3477.1971139142124,752.9750137238706,623.6105236565776,823.4440573605295,3131.2361812352583,4470.875291602968,3517.552842799075,1438.6658703060673,3067.2552818454956,3635.6708797530623,938.1585831910946,2812.3399797105517,2845.489288478223,4247.668768943118,217.27596972112676,1831.546891019591,3543.430940284428,4295.595098158006,4553.591446052888,3755.193948250141,2221.4984846382044,2860.5257879444175,2022.7466696935962,720.5180774904476,2272.2253269504595,4198.289771317113,3080.5216729537556,2015.8227527874287,1737.2441388499929,2442.7797074171285,3682.7600016909337,1922.8245692113678,3440.574101537898,676.1639587300945,1921.7866461096812,1826.774921678732,2836.8637771180047,2012.6721129229386,2514.987636854497,2825.585214993095,4803.773123799096,3772.0524867597524,1704.8741297562756,4102.804298064004,3162.386206801556,875.362176030422,726.6208849033294,3532.7933122665727,1079.0176087761956,1036.2604564329235,744.7328924148048,4224.18075321632,805.8487686584741,2639.998013718,3343.180127701256,3379.635106846713,3107.5736875377843,3605.986662566517,974.7093100527292,2662.188485725199,3572.7957277426704,2810.279514893942,1634.8335707774463,3513.579495106071,2619.4314690783362,840.1114921711957,592.1215999801719,3708.294230563958,1113.6611492021389,2554.7318538906366,3624.141691895479,2082.386741660263,3004.4775439496498,3431.883302577584,3429.990185293208,1985.9673736519635,4111.431225391753],
        [1622.2479998726083,795.9511735263263,2926.6660144836505,4024.925544038633,5032.717547681909,2600.5930155884025,4028.8200871475183,2941.3251674948456,4125.45391460516,2182.2073074539044,3257.1373148395874,2934.933969138828,3842.5564084009306,0.0,2975.4118990215215,3379.287369970057,2213.117727962868,3772.512798908777,3500.828719506531,1177.4848992586794,3946.984858966097,1743.9629562796595,3101.204402769672,1294.558473530732,2176.7938045869564,4113.15317578179,3648.8613470914843,4461.90144708701,3097.959580440538,3780.2574133238004,3164.0064948068616,2981.8410046645536,867.3626590130888,249.73521451201924,3290.3010736113447,3646.891961612529,6168.547357259313,1256.6618875398688,3888.7015014688773,2098.0055163366787,1114.8908237421053,917.177581667947,4065.6580119842283,1984.6567931402112,1623.5906858089945,2668.991874536967,3947.3617588745456,3589.2367976610067,1619.1465705641133,821.9115709495925,4579.880122813008,3416.2896849235867,4012.89298463536,1403.623633746423,2689.614414657152,2018.5719326652284,3146.9100774925378,3555.58019152167,2837.029522496887,3572.44446734079,4941.320327153839,3932.081245047857,1841.6507244919794,5171.665389278281,4665.782534684367,2590.6849163554302,2151.3365961069258,4506.8181784345,1229.662934867261,3504.582722746315,3256.4425472415564,2089.9718348565016,2853.640398772413,4834.634407052693,4448.540918250318,4267.476176619159,4600.318897994275,3127.5757074959756,512.1970774274039,4309.001490361676,2571.0041087832324,3225.778867033715,3206.538624291471,4314.6669217499375,3395.2907617161495,6042.857080246233,4838.860883756834,2240.7078338734977,1273.3782672091913,4288.077257300726,3276.696426148512,523.0773042023905,3414.711450383787,5358.1418175745575,2838.4387010695095,2447.6499715099367,874.157180113973,1361.0372678029605,1461.6857099061144,3250.1964282055815,1622.2479998726083],
        [2961.981487238682,2481.429436341375,1904.4749393458658,1123.1027362401458,2068.0791573262914,2012.5481843699808,1427.974046189344,1126.770516940644,1213.457624518247,1963.1679620276004,2827.8768848213494,890.522673754099,1198.1527942869616,2975.4118990215215,0.0,1022.8680932562315,827.4061839368752,824.6561717462922,529.5137743956154,3024.7452238444776,1955.4683053525857,2082.770596238019,2866.995850454957,2680.847959460309,2281.4219662715345,1855.5196703429335,731.4613771080883,2016.7715362281842,1993.620293954628,3338.5229578164563,2369.966872471714,1724.5303929615602,2348.8342415092566,2811.206420432473,329.9027586801131,1830.998850233051,3217.9502675682475,3149.817874433394,1118.6803265372,885.6913955235467,2455.4188494554483,3258.8427350339803,3453.1499835125364,2569.4109465032475,1423.0908451864402,1677.2264685939747,1362.5162976584618,647.6933338135408,1362.0325240810678,3171.133881296264,2388.1188061154826,1065.933553826357,2554.331191004408,1617.028034932546,2490.7047425927676,1478.529097969336,2294.6534561522844,1448.5781460087658,2123.0984961156514,2425.685344273983,2407.5744205902606,1346.895328528707,1377.4477980641518,2530.409461412347,3777.1742213345183,2575.855603941365,1152.917383138223,3150.791572174293,2079.0996792690203,535.1246051161113,1169.1149446273334,2340.1823435081633,355.5265550478139,1974.714405733093,1942.7088690697483,3198.2868020818123,1755.612071769594,1533.0440680323015,2525.1170848053225,2509.066125746348,1915.9838452768583,2461.619818522835,1415.1772330597526,1980.2070255453623,2454.7488637038487,3109.091954071213,1875.779437126559,2316.4842218886997,1934.1733941557939,1987.3371758952728,963.8847532434662,2728.362433639301,1726.355523708011,2528.197082809725,2441.267691845816,886.0754468021728,2101.302939071919,2308.104371476029,2292.0504935075714,962.982441690248,2961.981487238682],
        [2832.468517168043,2704.921714952208,1212.035975703231,930.2804758900829,1932.083554153032,1483.581172464693,2197.1654726907796,2149.377594267338,1686.9077662119735,2904.0475544600936,2092.063802448218,1912.634083597211,1986.1473213615186,3379.287369970057,1022.8680932562315,0.0,1636.3963776285996,922.8216766919339,1095.359470637868,3052.5231975764764,2893.4751319760867,2936.5912216453744,2190.3678576034195,2675.067901833639,1940.3661609994201,2725.887979082307,1367.4318736883383,2785.9577394152443,1223.9961986228348,2519.466352113268,1609.9607583510494,2746.942517962071,2963.3231176844056,3277.8887643779913,1095.430424125399,834.3687255436843,2940.6174092766696,3156.0232033500833,1822.9873971709978,1575.195555611174,2549.806176217801,3387.55585787867,2577.3234705709842,2299.726162966402,2103.9296728405434,1136.229558362712,571.8370955609283,1267.0028348420321,1943.8602492576053,3324.041841948521,1406.2991827385872,46.15695587799612,3544.387185212084,2234.062486635148,1931.5315397907477,2370.6679842556673,1533.0248132485383,2411.065447602934,3134.6075179127124,3443.781282680411,1585.847930654613,557.2893427917379,1540.6007916665164,1795.2548951886595,2821.447604943884,2061.908723255594,2047.711163418632,2149.821144838866,2235.280680085729,1110.8146943525978,2166.203867768451,2034.357429433019,1375.2726463453937,2389.055336021146,2688.162640952819,2240.8026992437112,2228.6319826077656,720.2928650599981,3025.31434122961,1486.5931051110538,1407.1731712594137,1689.113678936255,2427.9774557196943,1029.2124141934114,1620.7399311347167,2781.78293627342,1753.4111608770304,1945.3531948907282,2624.188622672791,2826.006384594822,1943.220967880923,2999.0464939655308,2731.4255708861415,2011.91153425347,1817.960917987815,936.4434069293088,2553.4437225523643,2327.273365777111,2269.5507935716055,129.0986933868667,2832.468517168043],
        [2528.0379582164664,1840.7236987308115,2067.767851321619,1948.7923560490183,2882.675621816918,2020.6211934593546,1872.843709506357,979.7023624679518,1912.8661003901402,1288.2300090701426,2915.577746198167,850.5080731235837,1666.3542743081234,2213.117727962868,827.4061839368752,1636.3963776285996,0.0,1651.5743117808984,1320.4857067775176,2474.6415486103833,2054.269321388982,1304.1601327647759,2894.6358546927822,2180.2572704351824,2089.543678743614,2098.906183016002,1439.9679590170886,2382.238037371309,2207.964181993525,3479.3009342823034,2525.5095017526173,1405.0291391106177,1529.684699407006,2027.7546309338284,1106.631581694549,2309.2974658316343,4036.7248545873754,2606.612019169783,1686.3126143418021,202.04731186287103,1904.5950426474312,2631.139852359468,3656.086609340284,2281.4210723240762,607.4192723824212,1770.4402170945357,2102.607812631567,1387.2351593471012,607.9167791544445,2532.83300394455,3041.3555065422597,1682.4820901248913,2446.6818606967995,816.5231450576532,2451.5362886529256,738.3986978584513,2460.5316549668355,1561.827098561796,1653.2702834605082,2172.617452325325,3164.804226269623,2086.338808713271,994.8449516508111,3317.2719124753944,4084.8424622060074,2487.8631776696097,428.4199283666723,3571.0609171972646,1528.0689532465392,1321.601656323135,1227.0556650787946,2111.0213266869064,641.0935876222652,2626.6561256412633,2343.2803131417722,3529.1609454231357,2393.514107231061,1871.1001257054347,1736.2042167097961,3037.8717312791428,1926.9457882295003,2619.231839075445,1324.7505937630583,2662.5480380783965,2675.000461251896,3932.7532536702415,2692.301040595141,2143.803826684548,1107.6281994970518,2264.380065044808,1156.4673325026722,2042.9019672315399,1632.0332136532543,3351.031961312737,2463.934181676186,931.889415366137,1351.9055169003245,1828.961798029391,1846.6176856923976,1531.5198161280164,2528.0379582164664],
        [3562.545890398653,3222.3291412003987,2120.2633418261007,324.89229166590064,1260.7644170031383,2353.231490463725,1353.1041546462893,1692.0974079865334,769.9148116161817,2706.9042681420337,3013.886469884755,1470.592903426815,1171.0695094608031,3772.512798908777,824.6561717462922,922.8216766919339,1651.5743117808984,0.0,407.1735775360655,3699.3279136621118,2152.891871509642,2877.5351997046073,3106.619509531635,3335.242200781339,2751.125690856636,1923.0961403195154,568.7815155380886,1916.5469477795116,2144.5314339787856,3437.889547167454,2531.8390877135066,2284.602095664928,3172.189305930468,3619.3829626277716,586.021271459433,1695.7032473441361,2400.408900873655,3816.803124488677,974.5965659705115,1703.597720758847,3147.9295946401517,3976.733487512441,3481.9413366237873,3087.6728350488693,2246.7776871030355,1997.0018240573838,851.6785151903695,499.53132498334537,2173.723242842009,3896.926466725378,1914.6555035285392,938.5802193143271,2868.125449266586,2436.976479096175,2820.0961686594674,2268.084999060292,2454.7155154692123,1733.6842082228677,2741.1378083744657,2869.0396959669133,1745.3993937170428,841.6429859712019,2059.490689821936,1804.3473630500675,3675.7953902259733,2939.2582188999318,1950.6997765396598,2950.7743009391834,2787.0966522742206,416.58712872120344,1581.2327820922494,2832.295608744463,1088.0070831725238,1470.733254158141,1810.8325550423392,3101.600934839396,1305.8169443015736,1639.1982772477154,3336.910970033235,2214.948745492743,2267.380765173235,2611.736890819191,1872.6723027760022,1494.2108420050345,2541.295437552434,2286.3527396679665,1066.710786415685,2768.788547840806,2758.772114253927,1995.2436265315969,1344.6405784160022,3488.0938244761205,2127.8244713184613,1721.0417537965727,2721.096988860832,1458.9606624788162,2900.030912830889,2965.582477034932,2930.3964562117753,972.4177076375562,3562.545890398653],
        [3452.5299128183774,3008.9697907905675,2202.8680582703714,731.307736250192,1563.7658903509744,2379.066797816291,1104.3267800762574,1285.562470310302,712.4246694466921,2308.7239185202347,3122.8771094423573,1063.428365623093,890.8124294237937,3500.828719506531,529.5137743956154,1095.359470637868,1320.4857067775176,407.1735775360655,0.0,3539.12341931663,1822.7648836460503,2497.5274183503584,3191.002844273055,3188.5229144102827,2713.9071599945373,1633.3892781989882,279.3619765945296,1697.5332399411536,2257.899644268315,3590.0982383523897,2646.5203476244956,1880.5356560889977,2850.1384959987154,3331.8133849036567,213.85793406141386,1923.4853784126585,2719.309020599832,3662.3462302561193,736.3332681342082,1404.8751734573284,2973.2558347933477,3783.508967599433,3665.449088794954,3025.570610696329,1926.7624798958152,2026.7014861613966,1197.076495075429,175.86645667917955,1883.7075520094324,3697.0751119093043,2270.5487210678675,1125.4392354286533,2512.6015129237885,2129.076274162687,2857.4756374070425,1888.3092612699288,2569.1339413239666,1370.4187571163402,2334.5063211804863,2483.921661597892,2146.074897906661,1184.50629603921,1887.3112452898847,2211.42858937447,3914.498801371492,2960.4485637077732,1578.7613769498387,3222.6954632621832,2599.7589438309624,15.460207711083772,1188.6680221250917,2783.28894760387,712.5087785177724,1478.658230138783,1604.3699196084972,3334.4591426636075,1271.9791297278439,1759.9018225097695,3043.660262542259,2514.20026847033,2286.456162914681,2732.9037300576338,1477.4849220990925,1848.42104389095,2690.320145142279,2622.2461336743677,1375.0024900457909,2741.278485679881,2423.4375908374896,1730.6627329479095,951.6185746525913,3257.7155082563963,1745.0072088157503,2111.5387426528873,2782.046285782751,1341.6159040392622,2627.1680446144123,2815.4589003541314,2793.1004003300295,1098.0095968321477,3452.5299128183774],
        [478.83465472309,705.6018945119966,2223.698920013986,3878.299080009463,4922.948280775218,1848.6963914928847,4333.917637323776,3405.1893231814165,4238.157766717676,2982.5277985908683,2275.9661992104616,3317.429659965236,4117.637950911504,1177.4848992586794,3024.7452238444776,3052.5231975764764,2474.6415486103833,3699.3279136621118,3539.12341931663,0.0,4483.441459100164,2596.7824720633025,2091.328844032498,378.37321252362773,1322.5461960074147,4566.1233865937065,3755.416948951527,4856.7903424416945,2372.721899270256,2738.4471095903673,2313.2544852858773,3634.8687104318533,1765.9664979718655,1346.0000092939813,3353.7950089511646,3048.042213826211,5987.653237106281,133.00541726487089,4101.133668135859,2292.6221873572026,574.3427781299205,426.6224367570964,3037.7130097157515,1006.0763484938456,2049.3749204704345,2055.5134952941676,3611.6586755780636,3672.0777456888454,1905.3724464437073,440.05876389028987,3989.93355199609,3077.750876504916,4721.222034760777,1858.852379102488,1757.9649707087053,2627.051871103036,2319.783604726089,4017.2601752394703,3626.71617234289,4332.406778698111,4473.660148907372,3598.753264064059,1652.06666437667,4746.56552420153,3657.572170846922,1623.3985001071953,2615.5021934206875,3634.2803097493124,955.5061721425265,3547.607262825124,3686.7700946618957,1213.7934779428817,3041.460454943535,4998.115393771387,4815.796791892265,3335.967074562641,4775.521128649622,2577.3173393779543,1415.1657683140966,3601.5605817274113,1860.0131534966167,2351.721325874241,3727.9598106389726,3814.710538670121,2544.055612048812,5833.128124994695,4732.202230219813,1367.354495620763,1987.953624907144,4734.420464659027,3631.1087525512644,729.89914513892,3997.7913678399873,5054.972258492825,1934.2335754617652,2241.2040940899806,1346.2219103278765,735.0605379742548,783.3179537872397,2931.280421928035,478.83465472309],
        [4577.2643918161,3805.506767814616,3855.055860182482,2417.9091044108895,2672.033148350253,3927.434892647281,883.4789828956922,1082.1613586524165,1573.3457694326592,1878.5384958479037,4773.890274988641,1215.6930189666411,996.9029461012317,3946.984858966097,1955.4683053525857,2893.4751319760867,2054.269321388982,2152.891871509642,1822.7648836460503,4483.441459100164,0.0,2301.690714258011,4799.1853425752,4216.924951172879,4103.5721998381205,356.45607504202894,1587.2066469085873,732.1848012035967,3948.810451869408,5293.033178992946,4322.836202869814,1010.1764616531128,3093.121135386781,3710.8255603593616,1798.712870766852,3727.833720551165,3641.9477089451893,4616.446812207971,1211.8143731145606,2254.356686149901,3927.380856623355,4573.922018412244,5407.420249179485,4326.031705316407,2441.724830047691,3610.7689675855527,3001.1106694425553,1671.0286030091122,2579.6464008571793,4467.985298851743,4067.4877454879756,2928.6672763394804,752.5470592091986,2647.9068467495767,4395.668504190178,1931.1361212232173,4248.104905448938,515.1542654668227,1380.6390808966614,964.7666060589445,3832.8418837094396,2990.056892159844,3037.326778509404,3812.8778507434004,5708.94255829243,4460.449018586457,1870.7757245745174,5039.235817054888,3561.570164617779,1807.7630723319794,840.5619856577206,4138.407949202006,1688.3184342918992,1668.1068303480763,805.3371600354465,5127.969699502709,1508.6506470039299,3484.58946935536,3435.4208328171576,4336.965015936727,3829.9003312358213,4415.079115771648,757.146591263072,3647.041457152151,4409.986837313538,3643.285941402297,2563.068532158645,4151.1400433761655,2674.143705635952,472.71696892543235,998.3940873764839,3944.676187027076,543.2120879173303,3504.3650606195793,4367.631463007768,2762.30301844068,3212.1373083235067,3876.3173009757047,3898.805062739532,2869.8017385030116,4577.2643918161],
