{
    "drone_dist": [
        [0.0,2631.351961338854,1865.3776833768366,1940.7954397917654,1452.5744000410982,709.8421032689125,2287.7109228344552,3031.029212874526,2987.514742205223,2106.755540799658,2062.7299497744116,2021.9021707982315,2763.2064998983324,2520.3484374428726,1921.5828432587612,2145.046576237484,2053.9486114503266,409.68048983726595,1575.39232595977,1792.914819727863,3237.7401422405983,2781.107276458805,1392.1795099188723,2614.336083063684,2185.3676966340427,2829.0246538907586,252.3210765945342,2320.039791296043,1251.3087045193854,2772.7128889894607,525.6795318038274,1344.378996357357,2951.9826534031836,746.273656579175,1902.480490372757,2380.9800740670216,1104.046476782947,2008.5438468091897,2163.4853088291147,2556.1016125541905,3110.806106481542,431.9565166845731,1732.9196538363312,2520.9596741080063,2460.3585766795973,1114.6415530200584,3102.439808932631,1487.5198564119103,2115.4064680485694,3144.8144818577807,1533.9373659679302,3060.6177987563656,2889.4134255822837,583.7919863061833,1232.8511657199977,2245.6090738937096,2945.887338101309,3468.973473008355,1576.1524472991857,2527.824237137348,2671.2203423862525,3257.327627212467,2480.149892384825,1566.2935500861865,1519.1514228435615,2818.930201831846,1777.1190501507938,699.179130088044,1783.6702271991114,1520.6266851130488,2603.643211322398,300.2963721120767,1845.5977148675245,3163.3067482978845,1315.4349083265017,1351.3366250516438,1421.9974258827026,2405.769242348406,1054.9800418922673,2788.7950875996376,2446.972146726665,1212.819441862209,2181.4335421585292,1885.2928104280852,1928.5180279136564,1437.9506410007345,1781.4834973686147,2402.384332758503,722.1600198817265,3074.1523128477797,0.0],
        [2631.351961338854,0.0,2957.2766116286734,780.9844686602725,3850.202726459189,2638.0258308085477,4470.925145297071,2874.6896730588805,3635.729750006321,830.3848195672521,4233.211380542366,2859.3809688699803,3560.867722522921,846.2508108974663,3556.343907025155,4771.066754647973,3179.7238678209364,3033.0463806106472,4168.855873499459,4380.484666761698,1220.8829071092846,203.5049720559234,1357.5323095981191,5163.06202366409,3911.5422319106146,1581.41353423901,2489.198736985279,2175.3532060366542,1744.5004877502192,1259.2481981467295,2326.895913510015,3699.7767872770796,3509.2054887229365,2940.8423608608246,4163.884928217667,3668.4453754495307,3427.795986996265,751.5742747832373,880.4072247234312,5089.11974803038,481.7497813347656,2469.6645161027036,4338.857126641457,1912.3845642492,178.4488371632886,2360.48877438128,987.2392799038014,3079.344825250106,3998.458907048064,3585.209410298463,4142.6624611574725,861.7537007343392,3006.869483395443,3188.841977149339,3635.748056426812,1565.7176025290194,3055.710467649541,3449.3248853831856,2256.9467783981468,3923.349931725298,4781.164728785729,1217.9450498223346,1105.929821204754,2612.5145647079726,2850.398045375147,322.6638775400286,1063.3105307409096,2213.3441041696337,4264.647493500402,2508.407906325999,4531.158552803902,2792.8193225049354,1076.5888075911175,3081.7887116056095,2584.300915888621,1662.0731141710896,2674.0686213932795,2052.6878136751197,2889.4024332876293,2923.8380319532703,4314.68840993549,3681.2432973142454,4446.3438116690995,4490.257816298278,4558.807189012871,1912.0625912416863,3658.676316537691,3562.270438188441,2293.228679240141,2195.282478314813,2631.351961338854],
        [1865.3776833768366,2957.2766116286734,0.0,2680.9483797027897,1671.946132834453,1156.640208346929,1806.0255770512488,4629.331320517519,4787.540525745886,2956.028504429482,1611.3530899215502,249.47010539823418,4578.7975734182555,3362.5389879380405,3786.4607051816183,3189.7804329475302,237.87550694631216,1892.6355959200755,2916.0970237127303,3105.3247332830415,2793.98974302009,3159.8542686039436,2458.551992210192,3899.279201860645,1026.908629974446,3965.439249804201,2047.7961494253072,3827.055291762004,1344.2147611232679,3768.6224597811693,2240.1785235407524,3067.222401846064,4732.80152642562,2607.000361535395,3612.6029659554188,4241.057661984372,2883.2691787156996,2759.567438023959,3052.8186337159464,3882.9351319164434,3317.9687341348276,2228.819948958297,2480.580259338326,3881.3508181073053,2857.337678972434,857.550028236677,2795.70026481749,518.8782119255036,1190.3242849751734,4911.551178361188,2359.353939211087,2836.841440190734,4557.83749780445,2206.62307736904,2939.5072391097947,1576.6532788430704,4616.963257431256,5141.164082654877,705.1474618394486,968.2112119071178,4396.433926792569,2821.720160930739,3468.670220002633,388.3556793353892,3344.731497161825,3264.3434209961642,2731.0650882285017,2354.7441401750743,3311.369190511629,3261.716930460513,1666.0680006345565,1644.9214465085404,1884.9642845053133,4796.269222793321,3099.885883713281,1381.175716449285,458.85260696966935,1300.8964935702982,869.9019215261903,4453.15073037973,4268.1603441419775,2862.9008345429393,3860.036721431016,2585.588833512737,2846.593311763235,1076.5230149950019,955.1888373807867,645.3477984400043,1251.9498126610372,4411.150001962542,1865.3776833768366],
        [1940.7954397917654,780.9844686602725,2680.9483797027897,0.0,3268.6232360036165,2090.2566836066926,3973.21983642282,2365.0112312743267,2989.549574113174,281.7371462170215,3733.440968748567,2647.132120263987,2884.8843731288634,685.3956326272265,2786.0531284555527,4052.3444204442512,2917.3558738227025,2350.0372635952594,3432.6812311583085,3640.400892423875,1839.8546859657704,878.7177873412439,588.1618207084668,4407.124499203652,3529.817208531107,1323.245448502931,1768.5031276280176,1580.8229690769836,1344.2099819295593,1091.6602963052394,1578.681153536454,2929.749664418489,2874.1065668943747,2174.532902392122,3385.193963667766,2929.432060581818,2659.0740112820686,80.10474105532826,383.08579423837097,4330.145940467549,1248.8963778722582,1724.9494228809308,3672.1167613726357,1426.0296559046426,604.5176235979268,1935.1314677562868,1623.5063108770976,2675.6486174936385,3575.7088327982615,2977.712917246465,3473.4542970077296,1521.2302848453241,2435.803261343842,2470.2919292053684,2870.7311634137977,1647.5601214550304,2490.2799084964286,2943.335598240631,1987.690400216859,3637.186662363255,4000.9072066401563,1845.7750058768838,800.7727941011194,2300.4999629889585,2080.626514052952,891.2591176521472,295.024751759552,1451.4223602755444,3502.0952195215773,1747.1908938413305,4114.144223409675,2142.780665520163,936.0586418010905,2567.9799524823966,1808.7092759615086,1299.7765962495973,2311.6852921546392,2117.024690853805,2400.9079145449314,2341.799186243183,3540.78927911611,2923.1895584993763,3666.8266863274475,3824.495216810144,3862.593298704992,1608.4229008268915,3221.1727273264864,3321.7974762150657,1750.8027884215062,1860.5668778906856,1940.7954397917654],
        [1452.5744000410982,3850.202726459189,1671.946132834453,3268.6232360036165,0.0,1214.0828928569945,879.3232109894809,4425.354802663503,4209.768046062144,3477.5215374682402,692.37935311999,1920.2439817446716,3965.9272468142117,3905.161895541056,2919.5733953509816,1548.6930940795933,1697.6355297750868,1110.2745782435634,1441.1257581119976,1581.9913174937953,4129.804167603537,4028.004024018182,2782.057567802744,2297.2750592541743,1201.4522559934553,4273.722564838369,1699.6727862084772,3756.4794146801896,2149.1534185088453,4196.969888604742,1973.463770244993,1914.2352470631151,4205.197550902952,1878.8994786898795,2353.5260920566625,3453.001882571559,1860.820657367991,3344.2650953040775,3547.6248039497486,2298.9946916410713,4305.155245605901,1858.285842867574,820.2216065733155,3972.474929937505,3697.253176131323,1594.0372101647758,4059.657174430947,1165.898015091523,1005.1886071312466,4409.942108215377,736.1881574751122,4057.4888329839264,4250.12896129732,1264.2186421679216,1793.5611533588187,2933.431043246193,4303.373397271174,4812.879913954106,1960.7907328222714,1701.3805721297442,3085.004526435834,4154.719998842902,3897.0792111122996,1674.8898070707667,2781.100449500997,4092.0885492401567,3160.267734042637,2149.0431924422505,1906.1493944795316,2887.1088789358987,1323.6647123520597,1173.6329772432998,2863.232893459282,4537.992420407724,2656.6608489343785,2248.6765675463907,1504.7310033533427,2840.472120551325,1046.2616266911975,4154.817430129485,3142.22805574505,1667.5100173539986,2534.568013769265,914.9886379672544,1195.7570177221498,2115.286339849369,862.697092668609,1823.9615641929677,1557.356180196914,4524.717951814987,1452.5744000410982],
        [709.8421032689125,2638.0258308085477,1156.640208346929,2090.2566836066926,1214.0828928569945,0.0,1885.5432065638684,3625.2152090981094,3672.6786863421144,2320.4876757863362,1646.11332874652,1323.3318125711608,3454.6788113304765,2751.708301745512,2629.9116008362566,2402.510376506448,1344.6001722071808,788.2482902738678,1965.6118414570585,2176.9629220942543,2969.8632994122145,2818.36020992777,1663.259722178899,3009.4255928848365,1574.2484431563348,3206.4461014791655,908.8948943739157,2862.340578695687,945.8632345415581,3083.964451552279,1133.678372648121,1957.0593976218838,3628.6469895786545,1450.480828787608,2514.238578935563,3089.941468422824,1750.4254056668317,2168.3727814968333,2399.745076007086,2971.135708195875,3091.1194164298363,1095.9473976293186,1809.361279005419,2996.3324110520653,2487.687605014344,500.46129105790396,2879.3034475307404,797.0022191819702,1555.482585616403,3815.8076786195325,1631.0059693631608,2867.0218632129495,3514.8112275779863,1100.6776216058977,1833.3280614706425,1829.9709446567185,3572.869861607747,4099.3288290985065,972.6657271693783,1856.7480337346449,3297.137395202233,2993.299681109653,2777.9618354382574,879.2595354701717,2212.0772457500916,2886.648514212081,2020.9023457991602,1275.4314245865141,2288.41014387324,2169.8073473172526,2081.974843583721,503.64211756559666,1656.4311670876107,3774.3118976296055,1985.7130340851302,1048.982416256392,721.6962702850104,1868.7572452889328,379.27150906193526,3411.616973715827,3126.4154843263827,1776.518618164885,2777.938286949505,1951.4776273642544,2108.926720336622,977.1341175512563,1199.6182457718771,1700.4289696310086,345.6263933186762,3548.7547629637493,709.8421032689125],
        [2287.7109228344552,4470.925145297071,1806.0255770512488,3973.21983642282,879.3232109894809,1885.5432065638684,0.0,5294.2542176234965,5087.459793756033,4206.029554416386,239.80509677889793,2037.9882307554344,4842.913816682697,4637.247295745175,3784.060651488331,2046.111634355651,1711.983292669779,1977.1913991046242,2169.416925500922,2256.7135835895465,4549.835752459258,4661.20375870454,3539.490399145572,2817.0165967814255,872.1460443325591,5067.492526472435,2539.482122597758,4606.873991041235,2726.783561648551,4962.924021167392,2813.381478167997,2751.572648348284,5084.138317973097,2757.961030547037,3141.09704875808,4320.684865326335,2724.0916569438805,4051.8622706022657,4284.853548857101,2847.6270456006364,4898.010945682078,2708.602463591727,1373.2735516212845,4802.2871304114815,4333.54811960607,2114.074526501732,4520.050303363561,1444.505055823911,644.7551136936953,5289.066315745636,1408.4954523454574,4540.729980927879,5125.002706676234,2143.52456026397,2637.053533545416,3321.0655522332045,5178.717687896126,5690.101171065439,2340.891660632523,1330.9072885649448,3825.0864503107923,4576.720788591161,4658.079588862839,1988.606211177353,3660.0415792760828,4740.679099725301,3904.224696548404,2986.3729710313214,2645.306880806645,3758.2858340080033,553.5910314724504,1993.4917828529835,3422.665776939688,5411.105525207998,3530.229910371776,2812.848134836512,1863.8134071004804,3103.256954949199,1584.2824061335828,5028.838129393257,3952.0361044900114,2504.4160686719442,3286.1908234695356,1373.2716482150533,1710.4804277964693,2602.947478718927,866.0778666656803,1630.862551543289,2222.417126144196,5356.8648300860805,2287.7109228344552],
        [3031.029212874526,2874.6896730588805,4629.331320517519,2365.0112312743267,4425.354802663503,3625.2152090981094,5294.2542176234965,0.0,1037.5452400747847,2136.8773096895834,5078.8935050838945,4685.428362773856,1138.4752958867753,2036.2716903536243,2023.7520058611756,4368.367716472347,4859.190347221434,3317.4272741652835,3729.4789598406855,3853.961686177727,4092.8239307643503,2809.113869023677,2245.406709519548,4304.56723879739,5192.04424152881,1387.4614490641793,2780.831440459701,820.8812709333229,3373.2250087324283,1702.5639685952751,2516.46124726273,2956.4796528692877,893.727386296263,2577.8187683774104,3046.629053874978,1676.2226399644867,2807.441501469941,2323.803554220257,2050.7866781565194,4200.131979994531,3139.7291526610475,2599.7872900525754,4385.755515295272,964.1567123274364,2764.803368708514,3772.9861353255615,3860.1738261340156,4408.950419506546,5141.448664831001,847.0184166959796,4212.488847900647,3736.26111679086,307.0552682992051,3188.62541073294,3001.2118236576675,3983.3040396248034,305.8111747755555,579.8347667466805,4041.1926220827654,5471.050780391688,3211.736666443698,4091.2429630431293,1771.760943703371,4249.0691916822725,1710.8850362185462,2708.0185782185004,2134.478541272729,2357.295230572109,3487.076458242052,1538.964241548213,5634.634492200394,3331.3207355442705,3256.3179165977476,207.13061635403326,1773.157698468864,3386.505139475965,4180.616602102787,4423.909835336795,4004.483130266621,339.32987535189955,2613.32029525631,3131.770076671945,3218.267280703167,4515.967983482814,4369.990367399183,3689.5635552411013,4798.871536958769,5256.860869084075,3403.9550545664565,856.6356867781784,3031.029212874526],
        [2987.514742205223,3635.729750006321,4787.540525745886,2989.549574113174,4209.768046062144,3672.6786863421144,5087.459793756033,1037.5452400747847,0.0,2824.0198369240575,4897.446088486531,4894.316437719135,250.0997493710584,2849.4377122587925,1383.6851665741617,3802.983598578072,4999.199421702982,3162.672382692048,3221.622683394796,3297.117525625328,4815.979480813853,3612.302493693404,2679.4668368284906,3584.7998358156933,5158.636966778763,2321.433453890922,2764.981523679923,1466.209787349746,3687.7686455041053,2603.4308324822214,2548.9853237851494,2454.2870084616943,145.44077541447814,2346.6170895750806,2367.264548531436,875.2571855660474,2393.848539975744,2971.3665063817725,2759.327295979533,3478.0206431310266,3974.1127310588013,2576.9806429269306,3981.6275915713554,1796.7646780692464,3496.9418031553187,3945.0895354114778,4590.949051528516,4467.4095871385825,5062.167339815282,274.754237354953,3835.979827288825,4477.134917131473,751.044944831084,2948.672129328926,2536.7334304787582,4472.770647195845,734.668760535595,879.0274190692047,4303.469005678601,5515.252939355878,2336.95217750424,4819.119098650472,2589.4199692664893,4434.756192796666,1469.679911340452,3530.944857072565,2711.2023647548617,2434.951231333366,2880.4848555297535,1532.580562264093,5504.426872733255,3271.0210488741163,3764.181647556694,919.7375306698344,1689.2646576584552,3729.485119810684,4328.772627928036,4858.352547892513,4037.611089403542,786.6394621651322,1753.1927946375008,2676.832596509617,2469.7594275712736,4090.905331655684,3881.622144967596,3998.257376208271,4748.823036621742,5370.9927213592,3537.06305819356,1872.375320415782,2987.514742205223],
        [2106.755540799658,830.3848195672521,2956.028504429482,281.7371462170215,3477.5215374682402,2320.4876757863362,4206.029554416386,2136.8773096895834,2824.0198369240575,0.0,3966.5835917943414,2926.5142977757178,2738.3298310526643,431.2303537598583,2747.4039521363857,4179.549329620525,3192.9247803704393,2515.7828529746807,3545.837844507331,3748.2246837041625,1993.325498425727,863.5404665893503,715.1295832054968,4491.7705374693105,3789.127179894479,1042.3171135559428,1913.3302955279623,1380.8866743717151,1615.2674778911237,812.9998914055165,1697.1169807382496,2995.259753055011,2701.9337597298622,2254.3658436104556,3420.51754958921,2839.578338265942,2729.3756574523377,211.33919070067842,101.83575028633739,4410.415170346135,1248.171300488911,1845.0184704738708,3838.3115847695735,1182.0557639459191,676.8591960462737,2195.894813835337,1767.0792508188822,2934.8416157785077,3827.438502614431,2791.377241865346,3639.199018161964,1653.3921035773853,2230.8889265578196,2607.634378028611,2947.1648122456127,1915.0222584887247,2283.2688085853774,2716.700909491261,2265.7398098023477,3908.9068581635483,3997.3952847592436,1995.7843873957252,519.1503667314114,2573.7683593191473,2043.5711899006265,833.3482720873056,331.81394761051496,1551.489639759852,3579.5612584095807,1693.5379965642385,4365.317046090939,2330.544440070111,1212.3194178451306,2342.2687893753887,1790.9220964437086,1575.3694148345085,2579.1439790186073,2389.8499711069094,2644.532034534066,2141.1942772786374,3509.9259719275296,3011.318128184121,3696.3948885015575,3990.547461209493,4008.5462810356485,1886.09750784355,3471.3289031301847,3598.1766084772685,1987.1267486438135,1589.9211755089075,2106.755540799658],
        [2062.7299497744116,4233.211380542366,1611.3530899215502,3733.440968748567,692.37935311999,1646.11332874652,239.80509677889793,5078.8935050838945,4897.446088486531,3966.5835917943414,0.0,1849.8644739066583,4654.598823076514,4397.809429726526,3611.8725331885958,2010.839486391721,1537.7460281519764,1765.5950647118484,2061.8282689038815,2168.880110660087,4329.922358692455,4423.0042539152055,3301.544484152667,2784.356015350367,752.744910573842,4831.767723121904,2314.940470920067,4382.769388869583,2489.502779508648,4724.8744856607345,2588.19857223845,2598.2678417772313,4889.94376306092,2558.793625326583,3014.1669316907505,4145.350036181273,2552.8111182782236,3812.099083984057,4045.6413833949446,2806.250119867427,4662.109017816502,2486.905466463926,1303.5985840458106,4572.353308644854,4095.080519395171,1878.219360071719,4295.429609191085,1222.2754962271147,513.5459972083736,5093.739528663258,1305.9015578493847,4313.718581608977,4915.250641289008,1948.9804521351145,2479.8428535802645,3102.1242895142873,4969.534380490502,5483.609798023554,2118.120066635417,1248.6952439734614,3720.522654665817,4356.613980013762,4419.825494125026,1770.4675696741228,3459.2777290227627,4501.898954848693,3665.389854124205,2760.147075490649,2536.9396221414695,3545.7905123767237,640.7163755527483,1766.3611422578508,3187.561908221309,5199.272405686911,3320.1964613750947,2576.4338095853773,1639.2311907159028,2900.5225145849236,1345.4066521980017,4818.14433895091,3815.646553130578,2350.8971474756113,3175.389932640498,1329.9061409827177,1663.0286344436115,2371.2303727970652,658.1450739850828,1503.5695739695918,1982.6403389078635,5127.160931883261,2062.7299497744116],
        [2021.9021707982315,2859.3809688699803,249.47010539823418,2647.132120263987,1920.2439817446716,1323.3318125711608,2037.9882307554344,4685.428362773856,4894.316437719135,2926.5142977757178,1849.8644739066583,0.0,4692.31410675575,3320.4399977523717,3941.2361455417413,3432.7626591074045,355.91894775237887,2085.8429659134895,3144.108143914084,3336.6239934548803,2608.8865201784265,3062.8487084339527,2478.6727475958414,4136.477498766358,1229.5656290929394,3952.161256716921,2186.1474483706315,3874.474228469904,1340.5590746579594,3738.763989164358,2358.6912491491657,3263.331707160943,4833.285227100565,2767.895481470902,3813.819806922489,4380.86895123071,3069.0774007661053,2724.0204337202736,3025.5939559255544,4118.019643385443,3195.9042477948847,2361.2121582218238,2726.7257879894355,3903.511656729129,2771.7491405882924,950.1862431716344,2625.7309287569105,761.3097133585651,1410.9882002800157,5006.7815430340015,2602.523883025762,2675.3563225963067,4629.594109067563,2401.385254163674,3136.756158497826,1411.1857097475133,4688.898082596132,5210.040798257565,664.8656293659943,1082.8070079832996,4598.333171979844,2636.9028980593575,3443.9745060999053,462.5881184442671,3468.8729958311374,3173.0464204019618,2723.823107542428,2460.0721084642196,3530.012010336555,3362.8012183072133,1862.1462929125337,1823.0811776412788,1802.0934278016787,4858.413688771847,3213.6470005424885,1358.7208040799662,601.7150323210233,1088.5545060607062,1076.8311096077887,4524.7829231696305,4449.083336555315,3066.068385063665,4066.623690824874,2833.2023723581424,3091.184792191776,1043.454193704672,1197.0249015668546,703.5720941462375,1363.6991972342903,4422.444022272619,2021.9021707982315],
        [2763.2064998983324,3560.867722522921,4578.7975734182555,2884.8843731288634,3965.9272468142117,3454.6788113304765,4842.913816682697,1138.4752958867753,250.0997493710584,2738.3298310526643,4654.598823076514,4692.31410675575,0.0,2800.6086400961353,1134.7490642449463,3556.2244971350115,4787.302846824146,2926.2172430804835,2972.1556111169266,3049.339774436803,4721.476434135517,3551.0372692331116,2536.582249989488,3351.8469166605278,4926.8457395599135,2326.626609362968,2545.847177261799,1420.5994087969777,3509.452323452264,2589.932350345243,2338.6250096788276,2204.245946382191,309.71578913109335,2108.5546294809933,2125.884183339793,636.2986577965576,2144.86403696182,2872.838470569167,2680.6246265993504,3245.1565180821863,3920.5349796771916,2358.951132919062,3731.6096022769343,1781.3639976928373,3414.8448931340467,3742.1824481849535,4499.9179394259945,4247.1970664797345,4826.495395071057,504.5183626593766,3586.353441671262,4389.774517219768,833.4962615101973,2706.5692391148727,2286.6857022141307,4322.6014414289,834.5241139437218,1086.1396975161001,4112.302305959601,5290.539118168096,2132.9919277274826,4725.97728719722,2546.5218393334867,4231.29301037071,1244.2011823560051,3477.083712105678,2599.554025564122,2232.738918693083,2634.6795641921717,1341.3974735568731,5264.144646685416,3043.025761095276,3623.1219889683352,1059.1359782510683,1479.4189810887206,3555.902237008721,4120.524834434117,4694.909352471012,3816.1274215517587,838.1897326727606,1541.2168784884082,2426.797654674361,2237.6358702705325,3840.8059082140185,3632.1388604364615,3816.6401257681046,4516.389995444405,5154.725156165903,3331.1993188476185,1930.3905308790759,2763.2064998983324],
        [2520.3484374428726,846.2508108974663,3362.5389879380405,685.3956326272265,3905.161895541056,2751.708301745512,4637.247295745175,2036.2716903536243,2849.4377122587925,431.2303537598583,4397.809429726526,3320.4399977523717,2800.6086400961353,0.0,2972.7011419932564,4562.4910312910815,3598.240440404131,2927.7123973430607,3920.0104993272316,4117.4292036090455,2066.838662007722,774.3691029063472,1130.244614405903,4838.554832392911,4213.806012244916,748.5173106805323,2317.249756849153,1384.4347628209948,2029.1758625109499,448.28149437681213,2087.6396897634827,3331.859504955454,2716.580295121721,2610.301280382115,3724.2688064295194,2992.794618489491,3072.4734979586606,605.5639986911818,358.2251029011782,4753.452790825013,1124.921840558794,2234.8783709211793,4247.441903704574,1080.870252076295,764.2536890285667,2619.3576394651104,1833.0216811865587,3359.472256898437,4255.780748279849,2775.438614222112,4048.413149675992,1706.2363665927176,2186.0399270773582,3002.9802460172027,3293.9802443333874,2218.6399891954798,2232.129683611745,2607.594340969933,2665.3814259105316,4321.189968080441,4253.728472594663,2063.3728109725685,265.39633888337494,2983.91084453908,2284.359541397729,682.5767081712469,746.5761459981806,1932.2740103760905,3923.476639477943,1924.3714076995793,4793.919169807759,2752.646597674804,1557.1706668054217,2242.9983343618023,2061.049950224472,1982.1361261440768,2997.0611768943118,2705.797331367956,3074.7945262344247,2108.806502861603,3736.2811356602515,3367.801579707862,3992.173620883845,4399.36342575344,4405.031974280418,2287.458893091983,3900.1527258233104,4001.3407796696656,2418.1377598974877,1355.047225076009,2520.3484374428726],
        [1921.5828432587612,3556.343907025155,3786.4607051816183,2786.0531284555527,2919.5733953509816,2629.9116008362566,3784.060651488331,2023.7520058611756,1383.6851665741617,2747.4039521363857,3611.8725331885958,3941.2361455417413,1134.7490642449463,2972.7011419932564,0.0,2424.7443680270885,3969.892600111698,1968.8942746239172,1838.376766775409,1915.7127264519788,4567.456722362354,3610.785160247132,2271.123027748879,2282.563290313177,3969.169988359952,2766.253058087958,1763.3849643553378,1826.28663305626,2950.4419885706416,2930.303951445777,1649.0229864351313,1077.659913244275,1427.4843258699502,1181.345702261688,1026.9137818381444,540.4414952986147,1060.0311889908405,2805.921054500716,2728.8841980955763,2177.6010253845852,3995.3377147049173,1603.4203022474296,2611.223138022162,2219.1455923576973,3385.078766643099,3013.157789363095,4371.21533990373,3383.6866040291748,3840.649940742213,1633.200929845944,2475.4839411120474,4283.456238977922,1741.3530110141114,1699.8923051539232,1170.2413044483774,3891.638113037734,1773.3173412397887,2172.0164624418458,3446.395934817033,4379.2082831611915,1301.783470057923,4578.5297212034375,2769.6195463288927,3482.4116288866257,705.9679344938311,3575.298816255532,2495.1196252503455,1621.0867206726336,1507.5453733386043,1055.0857815778345,4238.90678503396,2156.014419382047,3275.9369471323425,2032.94545252524,982.9539471166491,3023.55472889161,3342.9244702779515,4176.1813098306575,2953.868148022987,1685.2153665433814,764.3540950986079,1310.0473981086977,1198.3144561688198,2714.90052234924,2498.342983140905,3222.0702617777224,3558.772345747713,4302.254151966736,2599.702793663288,2595.6062718783955,1921.5828432587612],
        [2145.046576237484,4771.066754647973,3189.7804329475302,4052.3444204442512,1548.6930940795933,2402.510376506448,2046.111634355651,4368.367716472347,3802.983598578072,4179.549329620525,2010.839486391721,3432.7626591074045,3556.2244971350115,4562.4910312910815,2424.7443680270885,0.0,3238.7530364011677,1758.9634904444931,660.9295928401112,514.8649759830085,5335.817676920169,4913.262572497162,3474.657793042833,773.6145842086601,2701.852514511177,4696.250501493975,2285.784992632869,3923.0140115391614,3297.4439406053216,4727.748953730007,2482.633158497824,1412.641372465011,3852.158640984549,1980.061845394466,1462.2526760243784,2932.944046246205,1594.0173223217084,4113.501463081517,4218.8139369286,801.8216564308341,5251.933071290534,2334.760502801933,732.9685970341972,4249.533516095511,4597.821316376529,2890.6702013786908,5219.596646329038,2671.744612097484,2477.2405644954,4057.358754977991,830.4277455276224,5187.651400800457,4115.123345589717,1583.6396892699343,1380.8323999064467,4231.754841266614,4155.3473196605455,4589.372872792731,3336.847216501986,3212.5155915848536,1935.85144043495,5357.4521467672885,4466.284444450717,3119.5545018472267,2682.381109670755,4941.673908668631,3848.919029761603,2631.050052060569,924.6873249024168,2954.2111443597296,2599.5112447760184,2039.5774590189305,3961.9824144546906,4414.510315555193,2724.315531949936,3403.3956082547625,2939.748072697321,4243.945974794859,2426.922895716074,4042.412408657304,2250.905542954367,1263.5822187996937,1472.0221898633695,680.9804510302255,355.4530861395338,3378.447229832613,2405.289299394981,3369.712646121408,2671.626860343264,4749.018144667182,2145.046576237484],
        [2053.9486114503266,3179.7238678209364,237.87550694631216,2917.3558738227025,1697.6355297750868,1344.6001722071808,1711.983292669779,4859.190347221434,4999.199421702982,3192.9247803704393,1537.7460281519764,355.91894775237887,4787.302846824146,3598.240440404131,3969.892600111698,3238.7530364011677,0.0,2047.0114930005982,3009.99122002516,3190.9119477081567,2964.5994676913947,3382.7436059981655,2695.417970208486,3966.751605362001,880.7747271821386,4203.27662960413,2247.6188421892075,4059.252054270754,1581.9172728829699,4005.6584487805785,2450.2268936985815,3212.1650155214656,4947.397828286798,2788.598177336328,3749.4614221307684,4434.53899947116,3040.6964336067385,2995.8249161261588,3289.9195305465996,3956.5388717369933,3530.865769601282,2431.4212875941867,2516.6940753991253,4117.526068322634,3083.677504938062,1086.2392498411448,2979.185478128245,616.8062840085643,1074.4549385980442,5128.295008950088,2411.1329763344506,3026.6495111587838,4783.35857115427,2357.0127439677276,3083.470786234208,1762.508607724309,4842.396339952119,5367.288279052007,936.3632089416321,744.2467075852834,4530.786745442072,2992.598897605713,3706.019780415056,625.8586777173509,3549.1098078623168,3489.187692622352,2968.932737886141,2570.58076230094,3422.3744867777923,3477.572045742211,1508.6982099946815,1817.132936920922,2111.0288999866043,5024.482720691866,3310.1482984961963,1617.7263183796342,679.7566286955285,1442.5456091225628,1023.6044892676529,4678.769568298493,4427.428408505954,2999.43163445211,3988.8808967751834,2611.0397449227466,2889.468863444385,1311.1522028586865,903.0392701887009,407.5181309670879,1470.3641550263944,4648.242595931514,2053.9486114503266],
        [409.68048983726595,3033.0463806106472,1892.6355959200755,2350.0372635952594,1110.2745782435634,788.2482902738678,1977.1913991046242,3317.4272741652835,3162.672382692048,2515.7828529746807,1765.5950647118484,2085.8429659134895,2926.2172430804835,2927.7123973430607,1968.8942746239172,1758.9634904444931,2047.0114930005982,0.0,1229.1578219033308,1446.6243359520531,3587.94306304341,3186.132985328862,1800.8936795762888,2279.6556446896525,2009.2367505299346,3214.2956399167056,622.0813744461461,2649.085510524945,1562.354559663654,3170.832826987069,886.2043715116288,1177.5312511175484,3144.23934264698,818.6629174650919,1730.526725179258,2473.028313563771,993.6931072669228,2418.07847036449,2571.398079125694,2230.700265703428,3511.027860535077,758.4200677749673,1323.2570401902447,2878.786055014699,2863.547009833106,1277.6344908678439,3464.4356979929157,1439.1377443106344,1900.350065231379,3344.8631560197837,1124.2607065178934,3429.7971525790917,3149.670170767355,315.68930255200036,1051.3621619796809,2535.4591979609368,3203.942788164049,3718.729988650631,1753.8684325962909,2410.3643934959946,2514.754940568931,3608.7540380285386,2881.368310085166,1658.9486583038076,1704.160945287489,3226.2020904378296,2185.6986353094107,1061.850022164412,1508.7002808992127,1781.1777219224277,2348.9272509310254,305.6416528829165,2205.6287534511744,3434.351442860656,1554.601488253108,1667.0894791924056,1491.5024975634656,2634.520084723897,1025.3530608493268,3052.729094069533,2380.42792498258,988.693682686254,1990.797331286867,1475.6243930866037,1526.2148681643976,1694.5060716290739,1597.7356001506612,2350.522600336455,959.1935656217375,3427.6346072117053,409.68048983726595],
        [1575.39232595977,4168.855873499459,2916.0970237127303,3432.6812311583085,1441.1257581119976,1965.6118414570585,2169.416925500922,3729.4789598406855,3221.622683394796,3545.837844507331,2061.8282689038815,3144.108143914084,2972.1556111169266,3920.0104993272316,1838.376766775409,660.9295928401112,3009.99122002516,1229.1578219033308,0.0,218.07873116319215,4809.0774075248,4302.381804041261,2849.0592439370466,1050.8905205792034,2641.33391615818,4036.701150934781,1681.1869161225457,3264.147207294744,2791.2195956958803,4073.241892433717,1854.690725351947,779.0157878603306,3258.8547557867087,1323.3697962966858,991.3066764040506,2366.944752154908,936.3234202874305,3490.626901139286,3580.6903456665123,1006.3356207484452,4650.604328316416,1707.8558306157827,829.8624135518959,3588.708003429315,3993.3017154778245,2466.0260805212115,4677.443929560686,2403.8720856010327,2445.1422121136948,3466.3564489273645,760.9771198359031,4635.915376457237,3484.679534738842,993.0065968874532,729.3021979869396,3762.077244954737,3527.1594979077418,3977.2649970549173,2934.71704045847,3135.3608208920855,1658.8600073064315,4829.218857311333,3815.79877847401,2773.162013896276,2031.7849217386606,4323.897200307961,3217.103690943148,1994.3485295333583,476.07490917690046,2295.344343686349,2697.7797099536674,1531.2202815619141,3419.562457621943,3784.7683301055326,2064.3088670266325,2895.700335570376,2594.145226761607,3834.368925703066,2079.6174538121377,3408.1950806339382,1814.0359650384585,605.4836846216053,1116.7916228291906,902.4294694364563,660.0009859228702,2915.8478012953383,2280.926666861616,3214.1484832136925,2184.5746015273085,4089.9765343089953,1575.39232595977],
        [1792.914819727863,4380.484666761698,3105.3247332830415,3640.400892423875,1581.9913174937953,2176.9629220942543,2256.7135835895465,3853.961686177727,3297.117525625328,3748.2246837041625,2168.880110660087,3336.6239934548803,3049.339774436803,4117.4292036090455,1915.7127264519788,514.8649759830085,3190.9119477081567,1446.6243359520531,218.07873116319215,0.0,5027.124715487939,4512.003076698974,3055.362182746421,834.7411780633786,2782.634316830362,4214.056886103522,1894.7292412354132,3420.708196061927,3008.871253032994,4260.033169698474,2061.7318952428177,899.5666749213063,3342.9736289240395,1511.8019726653836,987.9207483996571,2430.8388042373203,1094.6131988227246,3697.2800358555755,3780.8768689871504,794.5220304157046,4862.213431833754,1915.6263621407188,887.0493622456173,3754.636786965756,4204.536116996205,2677.0764642580925,4895.170594482325,2590.168018780532,2577.9635954171463,3548.913033421165,865.1652747974773,4853.239782801808,3600.2588639281566,1210.0315099533595,875.9121016226183,3978.305257099339,3640.523567020527,4076.368500445963,3143.8969477554488,3283.1146749204713,1576.568418117447,5047.249485916631,4007.175040894622,2974.318257264526,2172.453669371897,4531.638541746036,3420.612053949843,2197.363739747673,440.3619949171861,2452.8594718228937,2796.5917410302927,1748.0307116876143,3637.434128413388,3899.6570009357447,2226.4663139625854,3113.429908329816,2794.7196496046545,4045.395677218074,2278.689891951822,3527.63483378574,1802.3300572129365,768.3710480463549,1056.980379704255,925.2898495127301,626.6787304662814,3131.0950961273707,2435.5218810434853,3380.369325630193,2400.8957529216,4246.623349957317,1792.914819727863],
        [3237.7401422405983,1220.8829071092846,2793.98974302009,1839.8546859657704,4129.804167603537,2969.8632994122145,4549.835752459258,4092.8239307643503,4815.979480813853,1993.325498425727,4329.922358692455,2608.8865201784265,4721.476434135517,2066.838662007722,4567.456722362354,5335.817676920169,2964.5994676913947,3587.94306304341,4809.0774075248,5027.124715487939,0.0,1320.7859500638663,2296.912610986392,5852.009407845238,3820.824798641081,2793.905079347479,3178.8628679095177,3371.4058350975506,2040.2755972993498,2467.3150692134113,3103.9905576781957,4495.027428072909,4695.035881159313,3745.546209652517,5014.190029887678,4757.808787372169,4224.743563417505,1848.655186098029,2064.1369086603527,5793.394658609827,1108.1603876040663,3225.1280842819656,4778.78797283709,3129.1157449747943,1330.8988937390677,2536.191875695151,233.95451041591417,3107.6470865994197,3971.9511153628646,4783.315129860567,4597.5507798072695,363.7990971652553,4214.559540768749,3821.272586659315,4406.868774500887,1228.9705338889094,4264.973673514112,4668.819334639511,2212.7580414920576,3672.8903097974107,5705.134691951755,28.26932563021281,2326.6686733176066,2561.245907368645,3872.5282504391835,1443.9448117667557,2131.3177789538436,3043.454706831359,5005.077956320345,3560.9128628772523,4460.030604248994,3297.541089805651,1394.012299603214,4299.951241232018,3585.661277918671,1934.2954162917529,2692.597774643247,1542.9054741637663,3085.304778927146,4128.201822477543,5300.856220116464,4419.617537581718,5302.464963066973,4921.339755413026,5065.704604319054,2015.1125605369039,3684.9980142302306,3270.180569087182,2669.413245986066,3409.744111871552,3237.7401422405983],
        [2781.107276458805,203.5049720559234,3159.8542686039436,878.7177873412439,4028.004024018182,2818.36020992777,4661.20375870454,2809.113869023677,3612.302493693404,863.5404665893503,4423.0042539152055,3062.8487084339527,3551.0372692331116,774.3691029063472,3610.785160247132,4913.262572497162,3382.7436059981655,3186.132985328862,4302.381804041261,4512.003076698974,1320.7859500638663,0.0,1466.4832706368206,5284.548580958056,4110.782074707185,1476.451081011669,2627.795761430495,2146.306961978999,1936.6299759240549,1148.4141209799454,2451.9560481366466,3808.216842684369,3481.914336231215,3053.217408624292,4257.94299188469,3693.6811908398467,3537.725473851829,833.3593831507892,891.6250045720171,5208.204470346853,384.6340266049484,2596.9301542784465,4498.6559939216695,1855.1974755494962,330.76435330595496,2553.7215262710124,1088.0692776774968,3276.1272497922614,4195.11242241294,3546.756444987068,4301.549763764104,956.9936386795083,2959.595377576644,3329.6464030436955,3749.397042096616,1763.7278413216918,3006.1172502972886,3377.8966333148014,2458.862015963983,4126.238433271559,4854.7754130147205,1313.9298579940832,1039.76486043764,2813.514196629084,2906.4923360492194,132.8590326687973,1139.3885903959724,2329.2069449273367,4380.5987828861635,2557.0778228559325,4728.6933908415585,2954.2882482584237,1277.6281872854552,3015.533350125977,2649.970122820314,1856.6067222125896,2872.7095489987933,2248.8136658225094,3078.1218695699426,2881.064469457411,4372.938065359498,3800.797633652391,4537.749677956099,4650.483308659863,4709.595469314384,2111.6309777796946,3853.77866951754,3765.6916124135287,2472.911103011957,2092.5149529537575,2781.107276458805],
        [1392.1795099188723,1357.5323095981191,2458.551992210192,588.1618207084668,2782.057567802744,1663.259722178899,3539.490399145572,2245.406709519548,2679.4668368284906,715.1295832054968,3301.544484152667,2478.6727475958414,2536.582249989488,1130.244614405903,2271.123027748879,3474.657793042833,2695.417970208486,1800.8936795762888,2849.0592439370466,3055.362182746421,2296.912610986392,1466.4832706368206,0.0,3819.011541908673,3192.9888660407573,1548.9931603726236,1199.556126785864,1424.556438732765,1142.1400198839594,1423.463405625178,994.4301883735001,2343.6371851575486,2581.963821080491,1586.9263751354385,2808.293538237954,2479.900361740005,2072.3443241633195,641.9856287914089,772.3549380815257,3741.992445163181,1832.7297274987993,1141.6690254597027,3123.2088173762836,1425.1918791271953,1179.1171218200623,1631.9363700600225,2100.4613759154217,2347.753540764559,3205.7831911442277,2717.364247671684,2924.094726790431,2015.3592301067479,2241.660874688479,1897.0412784594607,2283.0226140290097,1794.5946045849814,2300.1215611248213,2800.098672112899,1819.267783367818,3372.5580860822174,3445.559832191831,2307.646797448071,1119.2519796869,2070.3455682065974,1576.148377167489,1477.572202185012,384.9721822407461,863.319971162996,2914.1160921681335,1276.6242163599356,3738.9333745758468,1623.1130504256528,1086.5734040115244,2432.75284443149,1288.800868423575,1145.0358150978827,2037.5880947869343,2200.3126805660804,2012.3753135076836,2139.2713205928726,3011.1302747833747,2335.063713289052,3092.022064673865,3275.433782217507,3296.0739214795703,1454.3012473063,2847.7856048276526,3102.2269990751197,1350.0599659931834,1953.0818103396011,1392.1795099188723],
