{
    "drone_dist": [
        [0.0,2524.7978330810597,2231.005532296449,1466.0948218121323,2126.5002468523735,887.2373661779594,2389.206159604431,1584.9515049804031,843.9472222851552,2108.3236589692115,1403.0488842488057,2473.772799260037,2311.6824969918966,3477.773572767759,2926.2746881023913,2072.49127745219,1692.818046612648,2453.003316658726,2640.595497018631,3026.6924281254815,3338.268304339331,1680.5658939863768,1319.37395220484,296.8069686423059,3480.6049902708987,1908.7328624142071,3541.174860339361,500.2087424007475,1547.2165786524088,2071.626649259708,3784.414719465518,762.7284692642577,2184.182674746405,971.7987238257919,4194.413781961131,2227.395096203952,2982.131545622122,2202.6172993501145,2502.0947553929177,1841.8060894836874,2160.800075202637,1968.1595820717966,2578.3749313144776,1461.0902085232738,317.4612638786627,3363.1181245637463,1514.7640821520556,2345.8120277209428,3080.9276367679604,1682.5758442899216,1580.8834219404778,2930.9149867577235,1121.8018836141696,2201.619564600913,2056.2577723695795,1807.4223715829442,1183.1379762247352,3602.273436753042,1988.6207636776805,1661.7655177227646,0.0],
        [2524.7978330810597,0.0,1796.1935138319948,3982.8526691346156,4564.908348001295,3315.8496322726883,3023.6998456008128,1091.2479222231154,1754.0716747363983,3748.416554452057,1999.9917201881537,4653.131315112879,1234.0090909174664,4937.524455216698,5438.016003990502,2532.4872138339424,3637.4330589042997,4907.580620947327,4566.779321974367,3174.689819524165,3957.8390425220337,3031.7949364019155,2912.702000815348,2747.4335097268477,4578.288042029207,864.1751118643467,4799.323036763554,2136.672161317969,2457.116058297185,815.0383500256879,4135.377679694145,2853.4139517884423,2044.39694696953,3462.723863415385,6583.7899923866025,3413.4893734126517,4714.669080327842,3680.5130083591334,357.39822083069214,3674.610210858622,1802.933007285267,2713.296245523393,4966.397291864409,3397.631411036798,2246.6569558297056,4378.295438070629,3938.725435242771,1581.1647493136336,5326.476584673197,2852.383893687559,4091.8856709652596,4066.194747935179,1827.823404301265,4252.707692353251,4430.651186090048,4327.710462310289,2489.789181021051,5921.320139203115,999.2985910974697,1040.1838206618686,2524.7978330810597],
        [2231.005532296449,1796.1935138319948,0.0,3521.2748701672836,4280.1012278946355,3102.767852081794,1284.661135678745,1982.2495671562444,1500.3407435236684,2296.3082698893118,2757.485931278109,4704.6045256826865,586.654590550785,3273.722436106577,4649.309095140836,841.6054974721316,3874.6802746967687,4577.017231584514,4845.583007443987,1386.5875676775154,2164.497521190437,3604.315861111801,3320.300125792301,2263.860578725294,2831.4225514932536,1048.2530171660494,3080.9904514238083,2193.18742092732,1072.6029741262885,1009.3107359932742,2349.6012192309695,2925.338132191316,273.3449211900483,2824.78726955689,5448.820563103463,1805.2226246265784,3183.357637209825,2156.370854760847,1473.6772546251811,2353.267595971764,73.63783966239696,1091.2635433726964,3934.290848078449,3627.977397971804,2148.024666197187,2622.9196848891565,3089.3761224808127,272.026268660952,4095.652039935761,1402.8423317111467,3416.5532532791894,2358.0656511613483,1112.5044402329959,4421.736809133389,3438.0353362165597,3814.7601651110517,2983.341924710844,4728.247436083159,844.6761326770193,1079.073718288351,2231.005532296449],
        [1466.0948218121323,3982.8526691346156,3521.2748701672836,0.0,799.4012970326406,743.8136262165692,3231.4791232229536,2987.3194238176616,2297.8399658632115,2346.9252630438637,2488.233968135018,1532.857816377262,3714.2813765650444,3479.004631812432,1563.3928430191738,3102.230768450199,1463.3554259619866,1060.2427017414957,1989.9455648473238,3942.0962006949953,3954.5419791364684,2081.043001186619,1780.680083237243,1300.513759115535,3764.0675811642363,3366.0852595250244,3693.929890508629,1863.7727844481185,2583.3344671410896,3525.9560714210593,4468.990876391341,1330.137621353899,3403.22592193367,720.6143872382464,3039.5845859450533,2790.3624018163714,2837.9629196870505,2548.5049368483,3968.140251673639,2010.1148131038215,3447.7405973478258,2899.955952021677,1593.6972684324746,1422.8853858605655,1736.8477736775892,3727.675324309999,874.255018702399,3688.117128876622,2269.1490715486743,2497.7813432428884,469.59198405204626,3310.3838895449794,2482.0378711240523,1542.2575189291333,1253.740904563766,347.2267179057544,2004.163008727922,2603.9934640179968,3429.0282237792467,3118.77938083747,1466.0948218121323],
        [2126.5002468523735,4564.908348001295,4280.1012278946355,799.4012970326406,0.0,1257.7684121015577,4030.761839978473,3512.2593991506833,2969.908663412072,3110.6383639462583,2845.3187660158756,892.531530188134,4430.067889967417,4155.946523283545,1524.5043577799586,3896.042911237624,1367.4077280864688,346.76161095565817,1460.4334921792858,4741.495336273791,4737.5522254155585,2156.608672940446,1964.240426198303,2022.948842857402,4499.730369904799,4029.0864424333445,4403.18876988918,2431.6084982541233,3372.725103589387,4193.858417668871,5255.5383982324165,1735.7815308331049,4176.850429226299,1517.1891669415763,3118.3851510460245,3579.8298408659766,3498.202333933699,3320.602618967363,4594.003499700362,2777.0006241817796,4206.9779367598185,3697.7208953121344,1986.4967058729542,1466.3304259924382,2346.1427303286728,4478.774774589624,1601.8842164054242,4431.7814526494185,2684.9346940016467,3296.927618652345,1144.7956200085086,4070.9393049164505,3209.9812481447852,1110.5691919355138,1828.3362086726836,658.6309404684835,2305.6704263027714,2857.3851143640463,4115.080195987718,3783.3117018866023,2126.5002468523735],
        [887.2373661779594,3315.8496322726883,3102.767852081794,743.8136262165692,1257.7684121015577,0.0,3083.527318811615,2283.2651374463476,1722.6366500712138,2471.0912031821226,1744.4746201766577,1614.9034760012617,3198.513795349519,3756.8484071076814,2307.0455675327735,2846.297476886938,1038.159131139672,1595.3880112228037,1870.2746346766626,3766.415208608919,3941.6737122937097,1438.6701617182748,1098.6160577091734,858.3937138280013,3914.645402673697,2774.3894459089142,3905.684938824173,1179.2047274500103,2309.514766699954,2939.9714703524833,4427.679235228067,588.0720922573556,3034.4329349817212,774.904433175071,3756.221557240252,2774.6840271882493,3164.962583801404,2630.6130978697615,3336.6722933585147,2146.092447914884,3031.269454221846,2694.205142735451,2234.986820924534,886.6744639578015,1088.4529307812963,3837.8669869115247,1282.62619311452,3228.9315329287724,2864.198372712693,2339.4940139714236,1078.8549094818675,3403.3863506558214,2002.1478300761103,1407.0128621453641,1798.4176277844147,1080.8787629567662,1269.7292384977272,3272.2771545358582,2867.455663936771,2529.527714102681,887.2373661779594],
        [2389.206159604431,3023.6998456008128,1284.661135678745,3231.4791232229536,4030.761839978473,3083.527318811615,0.0,2908.9716762808366,2042.5532535969296,1260.3908546210062,3436.9183496673136,4662.28512696148,1866.6318303558874,1997.208151202304,3971.092484647925,497.56805629980363,4053.6333949400073,4263.115446316615,4952.326686122043,713.1084594359806,1023.687425427026,4039.713129441495,3693.1157750780617,2257.991387537261,1556.547563984654,2189.738803216079,1796.7806384804405,2612.607443012904,868.5517763189021,2209.2761491600413,1405.6672877068352,3150.64744576774,1012.2095257022249,2520.102330514002,4463.787729757291,651.1783946026363,1987.7872549388883,1054.3834414830246,2728.19461737589,1464.7400711429102,1253.5317319299006,433.9706156472703,3113.2671902554057,3835.9935907677636,2479.6069360773754,1354.6110032737213,2539.168661619999,1551.2672182556532,3096.7086664013104,746.395804547256,2965.3895730387762,1074.291787349513,1607.5338501431881,4490.498032549727,2703.876931041953,3441.6407860647832,3468.9811873300414,3727.5225655466297,2026.0244773416132,2109.812891084911,2389.206159604431],
        [1584.9515049804031,1091.2479222231154,1982.2495671562444,2987.3194238176616,3512.2593991506833,2283.2651374463476,2908.9716762808366,0.0,1025.8031685436204,3264.3013952069305,945.6525290134258,3563.0337553736904,1637.39431833566,4585.220542463442,4501.260097781108,2426.0456436693366,2546.3383857256463,3857.8111880678584,3481.0818828329743,3292.3221578092002,3927.387253081798,1967.1208928169233,1824.5061188202128,1852.995160309842,4372.351366940632,1006.562229100498,4531.79549657533,1125.655093660771,2125.7716190101564,1137.6811964357594,4230.643540341696,1782.6866104169458,2133.473369317453,2556.4200289955015,5768.526127319595,3098.667091467001,4231.788221274235,3261.703594903545,1237.2993866784395,3102.783794646599,1947.58449163183,2506.478055817829,4146.359313174582,2306.4270839012233,1274.8923463530743,4199.304032275852,3086.5196165134007,1897.813186019375,4598.644798656106,2479.9418214849534,3161.084225204845,3819.1262282093,1347.8689554543714,3161.523206073947,3615.768374350144,3334.5366761426185,1402.7680848055975,5152.869570859267,1214.1095903206046,904.2278208861507,1584.9515049804031],
        [843.9472222851552,1754.0716747363983,1500.3407435236684,2297.8399658632115,2969.908663412072,1722.6366500712138,2042.5532535969296,1025.8031685436204,0.0,2241.8540911602868,1395.695023941252,3267.0041886130616,1485.3140714439974,3577.0166302130983,3694.18615651311,1608.4393815359206,2385.016641169579,3296.9256368053243,3360.535594565141,2557.661845254243,3062.283754541847,2119.994225827522,1822.4898294076424,1012.3928582514055,3411.100121263971,1068.310326421097,3546.708823492428,692.9158192766081,1191.2099358542773,1229.3165526417004,3432.1892121769374,1442.7367943785716,1524.6353935497418,1719.296604778165,4840.82211339908,2121.550739650593,3206.8577376187914,2250.085336191606,1684.156596033582,2077.501673153803,1437.3992982608363,1613.1200375526296,3219.144700227278,2135.957052034344,668.0741464434046,3252.0390774669913,2184.7809791861037,1564.2203353118673,3618.0645265260687,1501.1062191138412,2352.716202104281,2851.510478112507,449.93203036408823,2950.8781608625654,2683.2324368486934,2633.030185064722,1506.1640258984016,4194.42285899628,1145.4871438171735,820.9849309531223,843.9472222851552],
        [2108.3236589692115,3748.416554452057,2296.3082698893118,2346.9252630438637,3110.6383639462583,2471.0912031821226,1260.3908546210062,3264.3013952069305,2241.8540911602868,0.0,3459.47102123107,3873.4550200169833,2801.823893204262,1372.6990670376083,2769.9029713667,1487.25291509163,3509.129286366849,3279.025703149563,4275.808553595251,1905.1905715659304,1651.6491683125892,3744.7643756255948,3374.1991110856798,1853.6146955238983,1444.9841865437938,2888.085093295888,1447.7809757706245,2526.0111177502977,1306.462180220488,2972.063821294743,2178.184151277484,2764.412125831691,2043.7981728087234,1734.917616605887,3213.38200229975,616.9304923152254,974.3728695719117,231.6254006718612,3528.769838753908,337.3653592862106,2238.912556470401,1217.9269921592704,1872.2564624693164,3340.8974629362956,2342.5163415795655,1385.2459111128192,1512.6302935993212,2562.3979760292623,1844.9183386037776,916.9111870973594,1970.906535861222,963.4684868795136,1962.098908817215,3809.3422400775385,1517.9326466131195,2465.7267902842023,3290.80880290832,2479.0546025901,2794.8348277743185,2715.5225107258716,2108.3236589692115],
        [1403.0488842488057,1999.9917201881537,2757.485931278109,2488.233968135018,2845.3187660158756,1744.4746201766577,3436.9183496673136,945.6525290134258,1395.695023941252,3459.47102123107,0.0,2734.530839789103,2516.8742771989237,4830.857180733681,4051.5165828988966,3001.884481555919,1695.5168303881524,3189.6720877182397,2580.917401883456,3941.8737581863866,4453.869621117267,1031.8032330098988,956.1669804241167,1697.0927072555576,4750.253929142105,1900.1322189865023,4852.967136198289,935.4787783941617,2577.949587097581,2048.9794510035895,4827.6141748913915,1159.8895898282528,2849.6664789931906,2272.4580284592666,5469.5641033743395,3460.297908042078,4369.842960925969,3519.4024982095366,2180.2374951233774,3220.688628211302,2708.447835891864,3005.7088768652743,3891.2092801792805,1478.01043898297,1123.8382631367394,4605.674214446366,2844.9770660352333,2730.2675407260645,4447.941803417466,2852.3374142312346,2781.459987560843,4189.81299949371,1840.6152651327081,2305.2740674260067,3394.730794965293,2821.5010667797587,549.1044287895677,4931.728901947676,2091.4380549468274,1737.8444510669312,1403.0488842488057],
        [2473.772799260037,4653.131315112879,4704.6045256826865,1532.857816377262,892.531530188134,1614.9034760012617,4662.28512696148,3563.0337553736904,3267.0041886130616,3873.4550200169833,2734.530839789103,0.0,4751.263681596556,4998.977119180222,2352.398095765678,4454.550178754471,1039.8817212805725,1006.9172621979787,596.9866475707722,5358.485304449538,5455.307064760241,1814.9186741860167,1778.419912286175,2473.122716037334,5296.665701224291,4263.580973233538,5224.594255060799,2621.9260353718623,3918.286840223674,4431.418551026931,5960.758011758986,1846.0186685609208,4646.707679387934,2170.2267987198497,3935.688392894964,4283.222881195805,4348.7512294505095,4068.5774156949697,4749.270085869783,3536.0985373159097,4634.142004063803,4289.953503523862,2879.021873437875,1262.2607774381127,2600.089541762967,5257.131920008177,2402.7746998577277,4814.639914572372,3577.388206084439,3916.073119616565,1964.2653121328901,4836.282034540117,3595.048596421201,456.91244466392385,2698.391283078078,1515.518832391643,2193.3095764904297,3730.9472212816,4387.423250487295,4029.2963095214673,2473.772799260037],
        [2311.6824969918966,1234.0090909174664,586.654590550785,3714.2813765650444,4430.067889967417,3198.513795349519,1866.6318303558874,1637.39431833566,1485.3140714439974,2801.823893204262,2516.8742771989237,4751.263681596556,0.0,3846.0355594521807,4969.763791338095,1404.5734097269803,3843.3199297517954,4747.049877704781,4820.131583313981,1943.2050216167531,2745.061504845727,3456.2834983975645,3216.3692027868274,2416.520159660668,3417.168424599857,630.9146613118446,3663.3342985349395,2144.552845751391,1513.3480028910958,520.1839784354314,2902.24467495584,2916.763496383594,855.3146662331479,3058.4569289777655,5884.159230633613,2354.8643769748646,3721.5473735131272,2683.496168247838,897.0655579654119,2815.421727966036,613.1442984666137,1633.839973102772,4324.83290742598,3592.1601485101464,2151.1755661363945,3209.224764442177,3404.3504073404415,347.688201395559,4550.780850860902,1887.2677296464108,3679.6258860563025,2937.3176576013334,1233.5830573242579,4424.8234538845245,3808.537174471781,4031.652227194211,2837.8072041128376,5176.628621880424,426.5281007552816,783.9507264201899,2311.6824969918966],
        [3477.773572767759,4937.524455216698,3273.722436106577,3479.004631812432,4155.946523283545,3756.8484071076814,1997.208151202304,4585.220542463442,3577.0166302130983,1372.6990670376083,4830.857180733681,4998.977119180222,3846.0355594521807,0.0,3349.9461344087294,2441.701768717095,4787.070703806014,4242.095447665349,5466.306318015122,2295.061009990488,1538.1091731311556,5092.1538624473405,4721.586690926163,3215.517677917382,702.0351770911311,4076.435660913528,393.69079583130906,3898.285238232647,2501.9884565714024,4128.89926745536,1933.442936000976,4108.563036428597,3000.416360792895,2987.444657781981,3101.267204084506,1525.2154816935533,663.9476467397143,1327.2068970577443,4672.591429235386,1645.5701663730404,3235.8100632014566,2229.5329046665256,2405.538861770921,4641.784178192163,3715.1872840079513,879.6026653563541,2605.3041414028758,3543.5599438473523,1945.5271549867316,2118.663613525143,3034.714041172417,932.1389686248583,3247.7304598475725,5010.415580973185,2342.034676619087,3499.0385911372873,4658.337749029854,2428.519411617649,3944.640797947511,3941.4916200573302,3477.773572767759],
        [2926.2746881023913,5438.016003990502,4649.309095140836,1563.3928430191738,1524.5043577799586,2307.0455675327735,3971.092484647925,4501.260097781108,3694.18615651311,2769.9029713667,4051.5165828988966,2352.398095765678,4969.763791338095,3349.9461344087294,0.0,4026.233110250488,2839.086743868917,1347.0892831212677,2947.0175393826603,4658.094359796848,4375.858350596977,3571.64807131412,3308.746513713318,2690.5824944089595,3879.4049163274167,4735.564738519809,3685.658722791314,3378.136546060823,3594.1335307777954,4883.039160402201,4899.10122547315,2893.3825620032753,4467.422273293798,1975.9232661839271,1594.1290157717099,3370.2155219278266,2706.4478001953375,3001.138462094089,5375.2601640600315,2510.1737062801003,4577.407179144187,3771.532491778633,955.1800171264609,2879.808214285388,3227.9676410516017,3931.472283186337,1566.3446096883433,4865.082472777288,1488.9845338565535,3357.0779614073376,1346.906142458776,3604.4236039394104,3762.358285287667,2633.2901020092518,1267.215847992506,1238.4315807351015,3563.078222859823,1426.5277909020087,4757.378744209449,4493.534531080924,2926.2746881023913],
        [2072.49127745219,2532.4872138339424,841.6054974721316,3102.230768450199,3896.042911237624,2846.297476886938,497.56805629980363,2426.0456436693366,1608.4393815359206,1487.25291509163,3001.884481555919,4454.550178754471,1404.5734097269803,2441.701768717095,4026.233110250488,0.0,3763.2258280216574,4157.145001250764,4694.443211684685,963.6504875978738,1502.0001966083983,3671.6345894027963,3338.769347624558,1992.7284641562296,2045.967230052958,1693.262613508564,2271.9108645252736,2225.8776176032206,536.7827164841348,1717.4612936066314,1828.2013968855126,2832.0924706387623,572.5774068865306,2381.6682508637555,4684.849729003675,964.8399246836341,2344.864687299531,1328.2194908095003,2244.7643942834075,1596.1832058380521,797.3123933519933,271.50378264104353,3234.134487128467,3533.570668080144,2113.207660106644,1847.9757210007099,2512.7878114117893,1113.6314360856088,3319.818107717771,669.7162232478412,2901.320191993735,1540.5975570120756,1161.2693466530711,4241.697756869902,2773.2506920671294,3350.8811721838174,3080.697415882515,3955.021497535452,1533.4560847103069,1613.0810690137114,2072.49127745219],
        [1692.818046612648,3637.4330589042997,3874.6802746967687,1463.3554259619866,1367.4077280864688,1038.159131139672,4053.6333949400073,2546.3383857256463,2385.016641169579,3509.129286366849,1695.5168303881524,1039.8817212805725,3843.3199297517954,4787.070703806014,2839.086743868917,3763.2258280216574,0.0,1672.9724947370485,977.0771764849172,4711.614095495447,4952.200819521544,812.7064989957993,739.4823266997167,1796.2493890903593,4952.184936870603,3312.611668692016,4943.029570195606,1700.994456045144,3233.3498804388055,3479.226369706943,5425.964643574482,950.5423072340249,3858.352207171077,1799.6550483033504,4411.491460773743,3793.97846474871,4183.014903720394,3666.141738104785,3755.1961774724587,3184.0957451688587,3808.1643361177453,3644.3787908074764,3053.68809528639,251.31121712707375,1726.6678913890294,4872.612348117682,2245.5247823073805,3949.0383822095846,3732.501479085334,3321.0091399469834,1922.337696346467,4437.404915508524,2767.574331401326,615.555236091111,2703.568341840704,1669.6551614689806,1158.2636044290552,4044.7208407503763,3455.6561421535343,3089.386675538454,1692.818046612648],
        [2453.003316658726,4907.580620947327,4577.017231584514,1060.2427017414957,346.76161095565817,1595.3880112228037,4263.115446316615,3857.8111880678584,3296.9256368053243,3279.025703149563,3189.6720877182397,1006.9172621979787,4747.049877704781,4242.095447665349,1347.0892831212677,4157.145001250764,1672.9724947370485,0.0,1603.2956915324392,4976.010163782689,4922.858835990424,2475.2269740863594,2299.3175079865664,2332.582402312691,4630.902910192965,4359.840944156193,4512.153132064206,2772.585391482504,3641.8590383001338,4523.77304670988,5445.615570431219,2082.4349163763914,4463.004518189099,1777.416306809931,2928.9961212393914,3780.747545578038,3578.9596635792445,3497.0268840744034,4931.725558264537,2952.020006748182,4503.599957945872,3948.111583452898,1963.8355305115765,1792.335814155871,2682.1518770803236,4625.095944941018,1769.0622041174556,4737.196215954281,2647.4909023962136,3540.071084627155,1314.655163248271,4229.385433671522,3521.007121225974,1328.5349759902062,1900.17234764607,824.0471771095567,2648.3594064357194,2743.0751252263726,4440.644918888829,4113.4329673093025,2453.003316658726],
        [2640.595497018631,4566.779321974367,4845.583007443987,1989.9455648473238,1460.4334921792858,1870.2746346766626,4952.326686122043,3481.0818828329743,3360.535594565141,4275.808553595251,2580.917401883456,596.9866475707722,4820.131583313981,5466.306318015122,2947.0175393826603,4694.443211684685,977.0771764849172,1603.2956915324392,0.0,5629.045578859909,5804.287931721953,1570.549148361164,1657.4260450922354,2704.5289783782227,5715.906553035997,4284.098612846689,5668.012279463782,2678.0261232285416,4159.519724980662,4450.082652343791,6295.506083125546,1920.7018479640478,4820.413652733474,2542.601687311916,4532.286165508695,4633.063657732039,4827.85453803322,4456.405938813649,4705.811675065848,3940.327476892931,4778.258756473457,4556.942288165605,3435.3490293792397,1228.0325502877408,2699.0241267555666,5659.587182179871,2861.4340878026446,4924.755373387771,4135.2738119291835,4209.3538722077255,2448.3936561434084,5230.534104594368,3735.5002519992836,468.0120969479149,3212.1056423415403,2039.2957695958805,2078.3174157763438,4315.097747115713,4430.595757335533,4063.559527442172,2640.595497018631],
        [3026.6924281254815,3174.689819524165,1386.5875676775154,3942.0962006949953,4741.495336273791,3766.415208608919,713.1084594359806,3292.3221578092002,2557.661845254243,1905.1905715659304,3941.8737581863866,5358.485304449538,1943.2050216167531,2295.061009990488,4658.094359796848,963.6504875978738,4711.614095495447,4976.010163782689,5629.045578859909,0.0,865.9759978065553,4635.16092131745,4302.114034235328,2925.180435524845,1687.6370169934871,2425.918126648776,1994.7384864038838,3188.5993781130933,1479.5769167943874,2395.8406055782693,963.0145937400789,3788.5916467841444,1172.4750688522322,3228.321984915487,5047.424861749194,1291.4302488266096,2465.8316093013864,1680.737097694295,2839.965415424155,2148.24788049266,1393.863951828709,1072.394944519266,3777.0188547188127,4486.080416616415,3076.7388576008034,1470.7383077549086,3249.803758172812,1595.5942846415987,3693.348340479836,1447.708360006053,3678.190648878883,1394.1059166861664,2107.7704313743707,5170.945962515193,3392.554788757114,4154.722773751424,4042.224250825431,4312.358577720206,2228.38929952044,2416.265734798593,3026.6924281254815],
        [3338.268304339331,3957.8390425220337,2164.497521190437,3954.5419791364684,4737.5522254155585,3941.6737122937097,1023.687425427026,3927.387253081798,3062.283754541847,1651.6491683125892,4453.869621117267,5455.307064760241,2745.061504845727,1538.1091731311556,4375.858350596977,1502.0001966083983,4952.200819521544,4922.858835990424,5804.287931721953,865.9759978065553,0.0,5011.943222489406,4656.218365979364,3167.3650101093763,866.1453530179733,3158.4448090213637,1189.7903475323847,3607.849184269844,1876.4581480488562,3154.972565373344,527.1865317442104,4088.265804780187,1914.1348031928555,3285.279484142569,4507.9922683031655,1173.0593220239314,1871.0387210894958,1427.5418227581579,3638.0254215510945,1971.4891582136586,2154.907412336319,1449.1674122848183,3438.918055006511,4749.51605139043,3463.3253879063645,661.9180768214487,3153.8064700005534,2402.5060743360277,3207.984783390403,1656.1268885603065,3609.4520468126866,788.975022465411,2630.6065898076386,5336.88646932506,3153.4722659083977,4103.760179377559,4459.618845964102,3789.181060003458,2977.24910082506,3104.7838683775726,3338.268304339331],
        [1680.5658939863768,3031.7949364019155,3604.315861111801,2081.043001186619,2156.608672940446,1438.6701617182748,4039.713129441495,1967.1208928169233,2119.994225827522,3744.7643756255948,1031.8032330098988,1814.9186741860167,3456.2834983975645,5092.1538624473405,3571.64807131412,3671.6345894027963,812.7064989957993,2475.2269740863594,1570.549148361164,4635.16092131745,5011.943222489406,0.0,370.74931072014715,1897.5608438035645,5150.030790927749,2866.441679857448,5191.2232178871545,1449.1208699859253,3176.3147505075412,3024.9167437307383,5443.976787977758,983.6556667333207,3644.578082026559,2184.37880025768,5110.5714461072885,3907.60507768883,4539.783687562142,3862.3245477608007,3204.4056578635336,3447.8666095810254,3545.7385395659417,3609.2197522443985,3654.8784241091653,696.0425938377448,1561.8349278906128,5039.475664414327,2719.470921465657,3624.8067811594774,4299.327962615796,3356.357007350501,2493.8172934613267,4605.551996805638,2557.5368279029394,1361.6544622476374,3236.0062969177384,2352.606967974459,622.3328122129623,4680.965926672746,3040.4312962079994,2673.689802866109,1680.5658939863768],
        [1319.37395220484,2912.702000815348,3320.300125792301,1780.680083237243,1964.240426198303,1098.6160577091734,3693.1157750780617,1824.5061188202128,1822.4898294076424,3374.1991110856798,956.1669804241167,1778.419912286175,3216.3692027868274,4721.586690926163,3308.746513713318,3338.769347624558,739.4823266997167,2299.3175079865664,1657.4260450922354,4302.114034235328,4656.218365979364,370.74931072014715,0.0,1528.5814505858818,4781.546369533672,2650.8423757503456,4820.859272475372,1134.6576355894772,2834.229172672224,2814.3191233170537,5095.021842781493,613.3940354073156,3342.82189884202,1825.9686103189006,4820.144036271051,3543.885383148046,4171.33502176485,3492.966243271047,3048.9117231711575,3077.1620571471044,3258.785962394862,3264.942963495751,3330.6408024697253,528.1660671750516,1225.827613289028,4672.82983476897,2370.463500599379,3360.178021937971,3962.418989320161,3000.0921380116442,2170.507367559077,4238.42508096364,2247.6842231158134,1351.4540540306027,2895.569227775236,2074.8018528696293,423.3149434207983,4364.199236410374,2810.9819264262374,2442.048945613676,1319.37395220484],
        [296.8069686423059,2747.4335097268477,2263.860578725294,1300.513759115535,2022.948842857402,858.3937138280013,2257.991387537261,1852.995160309842,1012.3928582514055,1853.6146955238983,1697.0927072555576,2473.122716037334,2416.520159660668,3215.517677917382,2690.5824944089595,1992.7284641562296,1796.2493890903593,2332.582402312691,2704.5289783782227,2925.180435524845,3167.3650101093763,1897.5608438035645,1528.5814505858818,0.0,3253.003258834472,2075.4011151409927,3296.524509087187,795.1075759188493,1456.4767334885319,2232.291537898618,3632.492114216081,930.5149034710391,2181.496312822858,716.1693921717718,3916.405081966729,2027.6389223971437,2703.015046356732,1964.8162734776097,2696.0583800974528,1572.249136618788,2191.3216270457256,1853.8670374690487,2296.159316943916,1584.131091883342,607.8808876531908,3146.6240870634397,1234.1058554255735,2408.9328208081088,2786.6191528848417,1525.5027662464067,1344.8452525015596,2711.4730185711787,1188.4643138035483,2249.3251128261554,1769.6920208098836,1627.6777633223035,1445.3725657652592,3314.153982852262,2129.9029630129794,1828.823677159913,296.8069686423059],
        [3480.6049902708987,4578.288042029207,2831.4225514932536,3764.0675811642363,4499.730369904799,3914.645402673697,1556.547563984654,4372.351366940632,3411.100121263971,1444.9841865437938,4750.253929142105,5296.665701224291,3417.168424599857,702.0351770911311,3879.4049163274167,2045.967230052958,4952.184936870603,4630.902910192965,5715.906553035997,1687.6370169934871,866.1453530179733,5150.030790927749,4781.546369533672,3253.003258834472,0.0,3736.081371358604,326.2581943508341,3841.879821522081,2246.59036309946,3763.3236186061386,1231.5413519843564,4179.475574609428,2562.0931298674905,3178.4400668591356,3779.4533233954057,1292.0538544704784,1196.9821132578124,1292.203173160218,4284.708476388659,1777.0713460507484,2805.551454104053,1888.8574239364402,2924.2252611795534,4779.106759322317,3672.4124388072796,217.69956362267394,2902.0180088489074,3091.489222754686,2559.2584472614403,1910.2063612915492,3355.7008938599265,560.8582302299977,3026.4668628038607,5250.478377875154,2755.332548442416,3843.2845274219517,4656.765016977912,3087.5736323280416,3579.4104541192187,3636.417353586337,3480.6049902708987],
        [1908.7328624142071,864.1751118643467,1048.2530171660494,3366.0852595250244,4029.0864424333445,2774.3894459089142,2189.738803216079,1006.562229100498,1068.310326421097,2888.085093295888,1900.1322189865023,4263.580973233538,630.9146613118446,4076.435660913528,4735.564738519809,1693.262613508564,3312.611668692016,4359.840944156193,4284.098612846689,2425.918126648776,3158.4448090213637,2866.441679857448,2650.8423757503456,2075.4011151409927,3736.081371358604,0.0,3947.367532924414,1642.6038907287787,1593.1422202076337,167.85003160869286,3386.9290171889384,2417.5659409983805,1257.3766131578232,2770.212906255956,5793.216848333125,2551.5497096202807,3851.9750818074335,2816.640613130041,662.4779675127019,2826.964663320639,1032.826364095125,1858.0365056059482,4189.614777339875,3061.8244581905856,1690.0520688581173,3540.6691282241777,3195.1758064482383,911.6098239398716,4507.263258589161,1988.5445695257101,3404.183234193063,3214.4368471183348,1008.1706373091124,3910.1594931622412,3657.3453031418053,3700.38291295789,2255.8132239191186,5113.6698356494835,213.47347661357512,247.3274909197778,1908.7328624142071],
        [3541.174860339361,4799.323036763554,3080.9904514238083,3693.929890508629,4403.18876988918,3905.684938824173,1796.7806384804405,4531.79549657533,3546.708823492428,1447.7809757706245,4852.967136198289,5224.594255060799,3663.3342985349395,393.69079583130906,3685.658722791314,2271.9108645252736,4943.029570195606,4512.153132064206,5668.012279463782,1994.7384864038838,1189.7903475323847,5191.2232178871545,4820.859272475372,3296.524509087187,326.2581943508341,3947.367532924414,0.0,3930.830797562935,2413.628471292928,3985.03073075432,1551.4857435594836,4211.889219849009,2808.9138896820864,3150.266709014,3493.6651104686653,1433.2492623407445,979.3017260135632,1340.0054445028272,4516.6697579217935,1760.9031714138478,3050.1943328121906,2089.57834247228,2733.516572374903,4782.556785162121,3754.519663486996,530.4632311007377,2821.8198262834185,3345.830429047528,2315.062550187002,2052.4751668598897,3266.3645289102565,733.1724193117137,3184.2660327812287,5206.306459476233,2617.3881051605567,3744.568542685414,4723.787900373643,2815.755788713255,3800.4358281887853,3832.710448406497,3541.174860339361],
        [500.2087424007475,2136.672161317969,2193.18742092732,1863.7727844481185,2431.6084982541233,1179.2047274500103,2612.607443012904,1125.655093660771,692.9158192766081,2526.0111177502977,935.4787783941617,2621.9260353718623,2144.552845751391,3898.285238232647,3378.136546060823,2225.8776176032206,1700.994456045144,2772.585391482504,2678.0261232285416,3188.5993781130933,3607.849184269844,1449.1208699859253,1134.6576355894772,795.1075759188493,3841.879821522081,1642.6038907287787,3930.830797562935,0.0,1744.293370233195,1810.4384927459482,4017.975508924971,776.627897095541,2208.285636264941,1456.5607252776435,4685.523268615523,2559.721914427227,3435.020892538344,2593.1111168956013,2166.8995654681808,2285.363720550318,2129.8807246305796,2179.100580661652,3073.6634495292637,1450.4424375286503,191.72929243938725,3706.89254929812,2010.4768963338995,2251.3169613156047,3581.0527123264833,1968.5823775002286,2043.0915361445611,3283.594589313031,1113.2655562536447,2280.9942818484724,2554.4239770915356,2210.9325773927626,857.0353477970626,4100.732729392335,1767.296608068818,1407.3923433578432,500.2087424007475],
        [1547.2165786524088,2457.116058297185,1072.6029741262885,2583.3344671410896,3372.725103589387,2309.514766699954,868.5517763189021,2125.7716190101564,1191.2099358542773,1306.462180220488,2577.949587097581,3918.286840223674,1513.3480028910958,2501.9884565714024,3594.1335307777954,536.7827164841348,3233.3498804388055,3641.8590383001338,4159.519724980662,1479.5769167943874,1876.4581480488562,3176.3147505075412,2834.229172672224,1456.4767334885319,2246.59036309946,1593.1422202076337,2413.628471292928,1744.293370233195,0.0,1668.3836712797204,2273.6826338828696,2309.446303492033,873.3389121151237,1864.4616076742911,4385.2460027862335,983.724847295379,2260.7916562775517,1223.5202633132878,2224.47201881323,1302.4480905495247,1004.4249073028237,434.8126156842599,2861.7653133177405,3006.6317268760536,1614.6486397036292,2075.8882080235317,2047.9360348023515,1316.3045500058727,3041.4672348481217,395.57602303673815,2410.421078366989,1694.3423369987986,781.280647152994,3705.7388218622364,2368.7525939349107,2844.576479895142,2600.961189423456,3670.47518032303,1489.5422665345577,1441.5579515249879,1547.2165786524088],
        [2071.626649259708,815.0383500256879,1009.3107359932742,3525.9560714210593,4193.858417668871,2939.9714703524833,2209.2761491600413,1137.6811964357594,1229.3165526417004,2972.063821294743,2048.9794510035895,4431.418551026931,520.1839784354314,4128.89926745536,4883.039160402201,1717.4612936066314,3479.226369706943,4523.77304670988,4450.082652343791,2395.8406055782693,3154.972565373344,3024.9167437307383,2814.3191233170537,2232.291537898618,3763.3236186061386,167.85003160869286,3985.03073075432,1810.4384927459482,1668.3836712797204,0.0,3358.834613249234,2585.4059911834734,1241.8481329387573,2922.272686730154,5918.8620793958635,2607.380008664149,3928.8171884866997,2889.4072911505723,556.801565527309,2927.0415266151467,1005.6183854063582,1901.3358272017845,4321.168855784248,3228.5425756700915,1856.69539065654,3563.751350612883,3336.908200981836,835.5816403785451,4622.671693555855,2063.404077622891,3555.6888671500146,3252.005014996853,1137.6658712144524,4077.4506424285023,3790.7037340058923,3858.8315324615482,2416.7645418082584,5233.5536346176805,184.65991301932394,410.55609617089476,2071.626649259708],
        [3784.414719465518,4135.377679694145,2349.6012192309695,4468.990876391341,5255.5383982324165,4427.679235228067,1405.6672877068352,4230.643540341696,3432.1892121769374,2178.184151277484,4827.6141748913915,5960.758011758986,2902.24467495584,1933.442936000976,4899.10122547315,1828.2013968855126,5425.964643574482,5445.615570431219,6295.506083125546,963.0145937400789,527.1865317442104,5443.976787977758,5095.021842781493,3632.492114216081,1231.5413519843564,3386.9290171889384,1551.4857435594836,4017.975508924971,2273.6826338828696,3358.834613249234,0.0,4542.293148260046,2130.66010835094,3790.9549207720756,4979.519783020947,1679.575624366708,2349.385255775853,1952.983170455245,3797.710152596977,2495.850217182314,2356.0316560078963,1838.875635958552,3958.9214430316424,5216.544638875161,3884.905413120203,1070.6135465394755,3676.8821166321145,2554.618208778345,3703.289007763863,2107.846652514967,4131.4654307243945,1299.9216072898373,2987.943175322972,5829.13715319837,3680.305124772163,4625.230811197628,4874.5446856821445,4269.996894782866,3190.8267634137296,3368.3373000834226,3784.414719465518],
        [762.7284692642577,2853.4139517884423,2925.338132191316,1330.137621353899,1735.7815308331049,588.0720922573556,3150.64744576774,1782.6866104169458,1442.7367943785716,2764.412125831691,1159.8895898282528,1846.0186685609208,2916.763496383594,4108.563036428597,2893.3825620032753,2832.0924706387623,950.5423072340249,2082.4349163763914,1920.7018479640478,3788.5916467841444,4088.265804780187,983.6556667333207,613.3940354073156,930.5149034710391,4179.475574609428,2417.5659409983805,4211.889219849009,776.627897095541,2309.446303492033,2585.4059911834734,4542.293148260046,0.0,2908.26689424945,1234.3529631687647,4339.313316260782,2957.2247729945866,3558.88797748369,2888.6049999055626,2918.8003173816683,2464.6695916711055,2858.41723581069,2730.796478845406,2796.822799048756,708.1073530851357,778.4052305210362,4076.367434395886,1794.777995801753,3006.130877783831,3401.664882078534,2436.1675343024344,1653.4653192990409,3640.8792220882456,1817.1078290249263,1508.9497466310954,2333.38776461796,1661.6261425130058,686.7766570288135,3838.2285361600902,2543.7910146290305,2183.8068791614,762.7284692642577],
        [2184.182674746405,2044.39694696953,273.3449211900483,3403.22592193367,4176.850429226299,3034.4329349817212,1012.2095257022249,2133.473369317453,1524.6353935497418,2043.7981728087234,2849.6664789931906,4646.707679387934,855.3146662331479,3000.416360792895,4467.422273293798,572.5774068865306,3858.352207171077,4463.004518189099,4820.413652733474,1172.4750688522322,1914.1348031928555,3644.578082026559,3342.82189884202,2181.496312822858,2562.0931298674905,1257.3766131578232,2808.9138896820864,2208.285636264941,873.3389121151237,1241.8481329387573,2130.66010835094,2908.26689424945,0.0,2694.344139765462,5217.106619153971,1537.4143903408194,2917.2272639263306,1895.7454648692883,1731.481314800294,2119.3103087539594,244.2076903651364,829.886966343486,3724.3329698342345,3615.79786029108,2140.081050220136,2354.8401123646895,2917.9468883175896,543.8738853022357,3858.343377465354,1167.8953508995864,3266.7287417569296,2085.0575204644183,1097.5134189418923,4385.621811996403,3238.9795972052825,3683.5191118326834,3029.0394901271247,4492.46296103057,1066.725611833547,1245.9126445524628,2184.182674746405],
        [971.7987238257919,3462.723863415385,2824.78726955689,720.6143872382464,1517.1891669415763,774.904433175071,2520.102330514002,2556.4200289955015,1719.296604778165,1734.917616605887,2272.4580284592666,2170.2267987198497,3058.4569289777655,2987.444657781981,1975.9232661839271,2381.6682508637555,1799.6550483033504,1777.416306809931,2542.601687311916,3228.321984915487,3285.279484142569,2184.37880025768,1825.9686103189006,716.1693921717718,3178.4400668591356,2770.212906255956,3150.266709014,1456.5607252776435,1864.4616076742911,2922.272686730154,3790.9549207720756,1234.3529631687647,2694.344139765462,0.0,3229.470079140671,2112.9969329863006,2390.243045969884,1914.0923326191203,3402.4873408193,1401.3989243919602,2751.150860347635,2180.533717520149,1624.6702229081195,1661.3016078259366,1286.1774638622046,3117.2353469622926,573.1975544143694,3005.027296890137,2182.6036933617343,1781.5505287256904,634.2011989734652,2687.9724555654743,1827.5116521022198,2075.4059441227832,1122.5485052059573,990.3213234550968,1897.5450327593624,2661.4966806479856,2807.2040822270214,2525.7545478233774,971.7987238257919],
        [4194.413781961131,6583.7899923866025,5448.820563103463,3039.5845859450533,3118.3851510460245,3756.221557240252,4463.787729757291,5768.526127319595,4840.82211339908,3213.38200229975,5469.5641033743395,3935.688392894964,5884.159230633613,3101.267204084506,1594.1290157717099,4684.849729003675,4411.491460773743,2928.9961212393914,4532.286165508695,5047.424861749194,4507.9922683031655,5110.5714461072885,4820.144036271051,3916.405081966729,3779.4533233954057,5793.216848333125,3493.6651104686653,4685.523268615523,4385.2460027862335,5918.8620793958635,4979.519783020947,4339.313316260782,5217.106619153971,3229.470079140671,0.0,3812.609503259233,2636.9540526769424,3409.5572218079124,6454.878352531191,3097.8131081416145,5383.984292754762,4413.351062001554,1623.9499211215764,4429.939730491929,4511.406200550648,3912.1600958599906,2682.304156835329,5700.612286412986,1368.483477452275,4049.5318825688064,2689.3723118456965,3732.4870198660633,4785.072218937213,4227.400271765612,2158.7166511642404,2759.0247907305506,5025.067956357954,736.5859911614677,5765.55304955321,5569.37060669454,4194.413781961131],
