{
    "drone_dist": [
        [0.0,30.433347616934252,30.80015816282005,20.188204175272755,48.222894119170356,8.565484799520645,24.027250550137456,42.724883484371176,46.067835313600284,25.603453937387357,30.678857116474063,27.53047212316152,48.787091433386905,29.91137414047278,6.413050581180981,16.997699979045507,25.38251619969666,41.933791082857496,49.05188158492089,3.3975945568161454,0.0],
        [30.433347616934252,0.0,39.75381715196525,14.419879572374267,18.212982938305764,23.75987020992195,7.975001678360544,39.636456135816104,38.07709221541946,41.67715746238823,12.969680037565125,43.49792332087691,39.98954609237612,9.818647171458977,24.170964565549212,13.932400360783314,43.876157419522386,16.265863904342968,36.22955720191084,31.479331162167448,30.433347616934252],
        [30.80015816282005,39.75381715196525,0.0,26.174357193171975,50.11293301606191,25.800614228199898,32.2690112893195,16.445774201402735,22.67727798226431,8.889058051335907,29.08107233114523,8.817502733139067,25.079415965780388,31.396134871474235,29.222917720159934,30.13598929334978,12.098643442036275,38.88000116123679,28.913169541803263,27.72939007923247,30.80015816282005],
        [20.188204175272755,14.419879572374267,26.174357193171975,0.0,29.647132460088418,11.838784949611204,6.459371379957055,29.99236403564366,30.755227430448695,27.299686268902903,10.497591608177235,29.15292076474439,33.23096559189898,9.949425470825895,13.998077394865977,5.613906689607255,29.456343250273292,21.898761945374925,31.648927541720504,19.95821146974687,20.188204175272755],
        [48.222894119170356,18.212982938305764,50.11293301606191,29.647132460088418,0.0,40.82569190130532,24.326065634015368,43.774662347426336,39.449924702990174,54.54928434498919,21.524852555278198,56.06244373881485,40.282295766441194,20.190967995738596,41.84058258128911,31.272913049322817,57.32576562934755,11.760429454672346,34.54311899801633,48.87376891595361,48.222894119170356],
        [8.565484799520645,23.75987020992195,25.800614228199898,11.838784949611204,40.82569190130532,0.0,16.517467113021596,35.526170538153934,38.24724556263111,22.909265799280636,22.25737641919835,24.94418153042766,40.935648078234216,21.73743837777062,3.592406021354355,9.827512222098315,23.8260465105307,33.729027599342885,40.792900222811966,8.149275602789384,8.565484799520645],
        [24.027250550137456,7.975001678360544,32.2690112893195,6.459371379957055,24.326065634015368,16.517467113021596,0.0,34.131356254656716,33.744658402447705,33.75376474675265,9.524437313336554,35.597497900531394,35.983099794352356,7.1328723883250404,17.615508315519133,7.034914911313137,35.91007971104002,18.507599440943707,33.311861141781826,24.54815270736809,24.027250550137456],
        [42.724883484371176,39.636456135816104,16.445774201402735,29.99236403564366,43.774662347426336,35.526170538153934,34.131356254656716,0.0,6.871228667974955,25.302661625534185,26.73939392443888,25.21873447213441,8.848015227458472,29.84665522958922,39.09807644226826,35.419258045086124,28.544198816529086,32.044872061656335,13.922824933566895,40.26043884959752,42.724883484371176],
        [46.067835313600284,38.07709221541946,22.67727798226431,30.755227430448695,39.449924702990174,38.24724556263111,33.744658402447705,6.871228667974955,0.0,31.358067572499742,25.17930212718186,31.49272403834122,2.7334294513643655,28.332543847622535,41.70833587781047,36.36156243646034,34.67753153815887,27.990441566065538,7.130123744863117,43.94530484416484,46.067835313600284],
        [25.603453937387357,41.67715746238823,8.889058051335907,27.299686268902903,54.54928434498919,22.909265799280636,33.75376474675265,25.302661625534185,31.358067572499742,0.0,33.02846659962669,2.0349208177352542,33.83612763177182,34.72862421487924,25.807773669625085,29.834457214392618,3.3655498833932267,44.02056111552983,37.28613277949325,22.256129441579564,25.603453937387357],
        [30.678857116474063,12.969680037565125,29.08107233114523,10.497591608177235,21.524852555278198,22.25737641919835,9.524437313336554,26.73939392443888,25.17930212718186,33.02846659962669,0.0,34.5650697009609,27.195599785866136,3.1594068017567194,24.48662154397884,14.955718363174535,35.80710122948961,11.859025109668018,23.98722140975943,30.298618213081394,30.678857116474063],
        [27.53047212316152,43.49792332087691,8.817502733139067,29.15292076474439,56.06244373881485,24.94418153042766,35.597497900531394,25.21873447213441,31.49272403834122,2.0349208177352542,34.5650697009609,0.0,33.89412845877073,36.362027395238194,27.835120110827933,31.802719771290366,3.554836431964661,45.38676777163606,37.64365139244116,24.16855508327625,27.53047212316152],
        [48.787091433386905,39.98954609237612,25.079415965780388,33.23096559189898,40.282295766441194,40.935648078234216,35.983099794352356,8.848015227458472,2.7334294513643655,33.83612763177182,27.195599785866136,33.89412845877073,0.0,30.328540179090336,44.38418527039545,38.843888580210894,37.13454333583462,29.056709672005503,6.383308671089248,46.676026172529255,48.787091433386905],
        [29.91137414047278,9.818647171458977,31.396134871474235,9.949425470825895,20.190967995738596,21.73743837777062,7.1328723883250404,29.84665522958922,28.332543847622535,34.72862421487924,3.1594068017567194,36.362027395238194,30.328540179090336,0.0,23.570563770318618,13.432339021086408,37.35288736985311,12.022890358622941,26.973641285505906,29.87970282601055,29.91137414047278],
        [6.413050581180981,24.170964565549212,29.222917720159934,13.998077394865977,41.84058258128911,3.592406021354355,17.615508315519133,39.09807644226826,41.70833587781047,25.807773669625085,24.48662154397884,27.835120110827933,44.38418527039545,23.570563770318618,0.0,10.58956047119561,26.41802502410298,35.584787891911326,44.05199967566859,7.455991476434413,6.413050581180981],
        [16.997699979045507,13.932400360783314,30.13598929334978,5.613906689607255,31.272913049322817,9.827512222098315,7.034914911313137,35.419258045086124,36.36156243646034,29.834457214392618,14.955718363174535,31.802719771290366,38.843888580210894,13.432339021086408,10.58956047119561,0.0,31.511447625907714,25.30356539235681,37.19343713741665,17.656802234421356,16.997699979045507],
        [25.38251619969666,43.876157419522386,12.098643442036275,29.456343250273292,57.32576562934755,23.8260465105307,35.91007971104002,28.544198816529086,34.67753153815887,3.3655498833932267,35.80710122948961,3.554836431964661,37.13454333583462,37.35288736985311,26.41802502410298,31.511447625907714,0.0,46.98519079841718,40.6464240744391,21.986529623352702,25.38251619969666],
        [41.933791082857496,16.265863904342968,38.88000116123679,21.898761945374925,11.760429454672346,33.729027599342885,18.507599440943707,32.044872061656335,27.990441566065538,44.02056111552983,11.859025109668018,45.38676777163606,29.056709672005503,12.022890358622941,35.584787891911326,25.30356539235681,46.98519079841718,0.0,23.72857061092874,41.85695740560335,41.933791082857496],
        [49.05188158492089,36.22955720191084,28.913169541803263,31.648927541720504,34.54311899801633,40.792900222811966,33.311861141781826,13.922824933566895,7.130123744863117,37.28613277949325,23.98722140975943,37.64365139244116,6.383308671089248,26.973641285505906,44.05199967566859,37.19343713741665,40.6464240744391,23.72857061092874,0.0,47.312189743845956,49.05188158492089],
        [3.3975945568161454,31.479331162167448,27.72939007923247,19.95821146974687,48.87376891595361,8.149275602789384,24.54815270736809,40.26043884959752,43.94530484416484,22.256129441579564,30.298618213081394,24.16855508327625,46.676026172529255,29.87970282601055,7.455991476434413,17.656802234421356,21.986529623352702,41.85695740560335,47.312189743845956,0.0,3.3975945568161454],
        [0.0,30.433347616934252,30.80015816282005,20.188204175272755,48.222894119170356,8.565484799520645,24.027250550137456,42.724883484371176,46.067835313600284,25.603453937387357,30.678857116474063,27.53047212316152,48.787091433386905,29.91137414047278,6.413050581180981,16.997699979045507,25.38251619969666,41.933791082857496,49.05188158492089,3.3975945568161454,0.0]
    ],
    "end_depot": 20,
    "start_depot": 0,
    "truck_dist": [
        [0.0,37.89404884423046,41.11870558502277,22.475294442460484,56.441554828561436,10.670394147955761,26.636876793295617,60.406454014682,64.73679615381945,30.011111738557457,34.56066158073571,31.723664144080203,68.51136917013243,30.939702523637465,7.011128530448673,19.04494829418865,26.853996442527688,43.25341305526347,67.23070353816419,3.50179930637411,0.0],
        [37.89404884423046,0.0,52.265949787448754,20.287563806901023,18.547505984330975,32.160136704259195,11.257172050934845,40.0001227290885,44.330464868225974,58.15255025138423,14.15433029514222,60.465334229027384,48.105037884538945,10.533371238043976,30.88292031378179,18.84910055004181,61.714358084885525,22.847081769669984,46.824372252570704,41.18413990116053,37.89404884423046],
        [41.11870558502277,52.265949787448754,0.0,31.97838598054773,70.81345577177973,30.448311437067005,41.008777736513906,19.287748429659224,23.618090568796696,11.107593846465312,40.600610767529545,9.395041440942565,27.392663585109666,43.21831170247063,35.365574937879416,33.41684923740694,14.264709142495079,54.94317068218803,31.46595475750351,37.616906278648656,41.11870558502277],
        [22.475294442460484,20.287563806901023,31.97838598054773,0.0,38.835069791232,11.872572897358172,9.030391755966178,37.93115957222151,42.261501711358974,37.86498644448321,12.085367138275224,40.17777042212636,46.036074727671945,11.239925721922898,16.722163795317133,7.8078627099802524,41.4267942779845,22.964784701640298,44.75540909570371,20.896576094259505,22.475294442460484],
        [56.441554828561436,18.547505984330975,70.81345577177973,38.835069791232,0.0,50.70764268859017,29.80467803526582,57.81692782462302,49.1177494856526,76.70005623571521,30.212845004250187,79.01284021335836,48.283560253107495,27.5951440693091,49.430426298112764,37.396606534372786,80.2618640692165,15.870285089591698,39.347501014276226,59.7316458854915,56.441554828561436],
        [10.670394147955761,32.160136704259195,30.448311437067005,11.872572897358172,50.70764268859017,0.0,20.90296465332435,49.73605986672624,54.0664020058637,25.992413547125036,23.890267432779947,28.30519752476819,57.84097502217667,23.11249861928107,4.91726350081241,13.311036154217383,29.55422138062633,34.83735759899847,56.56030939020843,9.024003196901333,10.670394147955761],
        [26.636876793295617,11.257172050934845,41.008777736513906,9.030391755966178,29.80467803526582,20.90296465332435,0.0,39.30919512408319,43.639537263220646,46.895378200449386,13.463402690136896,49.208162178092536,47.414110279533624,9.842443633038652,19.625748262846944,7.591928499106967,50.45718603395068,22.156154164664656,46.13344464756538,29.926967850225683,26.636876793295617],
        [60.406454014682,40.0001227290885,19.287748429659224,37.93115957222151,57.81692782462302,49.73605986672624,39.30919512408319,0.0,8.699178338970416,30.395342276124538,27.60408282037283,28.68278987060179,9.533367571515523,30.22178375531392,54.65332336753865,45.739022282201766,33.5524575721543,41.94664273503132,18.469426810346796,56.90465470830789,60.406454014682],
        [64.73679615381945,44.330464868225974,23.618090568796696,42.261501711358974,49.1177494856526,54.0664020058637,43.639537263220646,8.699178338970416,0.0,34.72568441526201,30.176134573083754,33.01313200973926,3.7745730163129707,33.797093630182,58.98366550667611,50.06936442133923,37.882799711291774,33.247464396060906,9.77024847137638,61.23499684744535,64.73679615381945],
        [30.011111738557457,58.15255025138423,11.107593846465312,37.86498644448321,76.70005623571521,25.992413547125036,46.895378200449386,30.395342276124538,34.72568441526201,0.0,46.48721123146502,2.3127839776431536,38.50025743157498,49.10491216640611,27.269629937602442,39.303449701342416,3.5618078335012964,60.829771146123505,37.35255522143898,26.509312432183346,30.011111738557457],
        [34.56066158073571,14.15433029514222,40.600610767529545,12.085367138275224,30.212845004250187,23.890267432779947,13.463402690136896,27.60408282037283,30.176134573083754,46.48721123146502,0.0,48.799995209108175,33.95070758939673,3.6209590570982435,28.807530933592357,19.893229848255476,50.049019064966316,14.342559914658489,32.67004195742849,31.058862274361598,34.56066158073571],
        [31.723664144080203,60.465334229027384,9.395041440942565,40.17777042212636,79.01284021335836,28.30519752476819,49.208162178092536,28.68278987060179,33.01313200973926,2.3127839776431536,48.799995209108175,0.0,36.78770502605224,51.41769614404926,29.582413915245596,41.61623367898557,4.869667701552514,63.14255512376666,39.66533919908214,28.221864837706093,31.723664144080203],
        [68.51136917013243,48.105037884538945,27.392663585109666,46.036074727671945,48.283560253107495,57.84097502217667,47.414110279533624,9.533367571515523,3.7745730163129707,38.50025743157498,33.95070758939673,36.78770502605224,0.0,37.57166664649497,62.75823852298908,53.8439374376522,41.65737272760474,32.4132751635158,8.936059238831273,65.00956986375833,68.51136917013243],
        [30.939702523637465,10.533371238043976,43.21831170247063,11.239925721922898,27.5951440693091,23.11249861928107,9.842443633038652,30.22178375531392,33.797093630182,49.10491216640611,3.6209590570982435,51.41769614404926,37.57166664649497,0.0,25.186571876494114,16.272270791157233,52.6667199999074,12.313710531626006,36.29100101452673,32.1365018161824,30.939702523637465],
        [7.011128530448673,30.88292031378179,35.365574937879416,16.722163795317133,49.430426298112764,4.91726350081241,19.625748262846944,54.65332336753865,58.98366550667611,27.269629937602442,28.807530933592357,29.582413915245596,62.75823852298908,25.186571876494114,0.0,12.033819763739977,30.831437771103737,37.50028240812012,61.47757289102084,10.301219587378739,7.011128530448673],
        [19.04494829418865,18.84910055004181,33.41684923740694,7.8078627099802524,37.396606534372786,13.311036154217383,7.591928499106967,45.739022282201766,50.06936442133923,39.303449701342416,19.893229848255476,41.61623367898557,53.8439374376522,16.272270791157233,12.033819763739977,0.0,42.865257534843714,28.58598132278324,52.56327180568397,22.335039351118716,19.04494829418865],
        [26.853996442527688,61.714358084885525,14.264709142495079,41.4267942779845,80.2618640692165,29.55422138062633,50.45718603395068,33.5524575721543,37.882799711291774,3.5618078335012964,50.049019064966316,4.869667701552514,41.65737272760474,52.6667199999074,30.831437771103737,42.865257534843714,0.0,64.3915789796248,40.91436305494028,23.352197136153578,26.853996442527688],
        [43.25341305526347,22.847081769669984,54.94317068218803,22.964784701640298,15.870285089591698,34.83735759899847,22.156154164664656,41.94664273503132,33.247464396060906,60.829771146123505,14.342559914658489,63.14255512376666,32.4132751635158,12.313710531626006,37.50028240812012,28.58598132278324,64.3915789796248,0.0,23.977290482900727,43.861360795899806,43.25341305526347],
        [67.23070353816419,46.824372252570704,31.46595475750351,44.75540909570371,39.347501014276226,56.56030939020843,46.13344464756538,18.469426810346796,9.77024847137638,37.35255522143898,32.67004195742849,39.66533919908214,8.936059238831273,36.29100101452673,61.47757289102084,52.56327180568397,40.91436305494028,23.977290482900727,0.0,63.72890423179008,67.23070353816419],
        [3.50179930637411,41.18413990116053,37.616906278648656,20.896576094259505,59.7316458854915,9.024003196901333,29.926967850225683,56.90465470830789,61.23499684744535,26.509312432183346,31.058862274361598,28.221864837706093,65.00956986375833,32.1365018161824,10.301219587378739,22.335039351118716,23.352197136153578,43.861360795899806,63.72890423179008,0.0,3.50179930637411],
        [0.0,37.89404884423046,41.11870558502277,22.475294442460484,56.441554828561436,10.670394147955761,26.636876793295617,60.406454014682,64.73679615381945,30.011111738557457,34.56066158073571,31.723664144080203,68.51136917013243,30.939702523637465,7.011128530448673,19.04494829418865,26.853996442527688,43.25341305526347,67.23070353816419,3.50179930637411,0.0]
    ],
    "vertex_count": 21
}