{
    "drone_dist": [
        [0.0,2360.8962090137325,2946.7481505349847,2497.2487440291497,808.369125608275,458.12770943273,3012.418769130063,1441.5422633695634,1016.7378224966317,1006.6455780097042,1839.2895998955928,3650.207011303632,1898.1429961928654,3100.095841671275,891.2736125127941,793.6039938780955,1727.323051761444,3289.912170848116,2047.2120018859096,346.324092518479,2502.077574448139,697.1056686565895,2224.4352726977654,1502.9623381604379,3060.930275439348,837.4342232579319,484.6761166714929,1783.0912488074885,1371.7146941695883,2678.12060804647,3378.6341922188694,1958.2503420638945,1562.8141074960108,2988.628160881916,2280.585496453492,1363.6702259896972,3329.197458793551,2532.195942912151,412.5686500230572,3527.750828386008,3320.1656088187383,2649.176393573808,1025.4510047354595,357.3129081490166,3171.4604923055917,1914.3985932678372,340.6942427631259,1864.2546472302813,857.146112863865,2087.8732771770506,0.0],
        [2360.8962090137325,0.0,1188.941293654256,1317.2928965883427,3097.702951080924,2140.0082965818274,1104.2439634305717,3726.469206729686,3020.33479810088,2154.6592031898426,1359.1581574401987,2341.3302606405873,2825.7233449490727,4628.709265990581,1490.1640733762563,3140.305992878604,2299.6495979702563,1330.8720197875953,1766.9047722251512,2544.6792064269666,2304.9493905868344,1959.4890556312341,2567.988274063594,2266.5707909836838,4525.472197456196,2988.707916688536,2212.6972374799693,1571.6266611501562,1808.1292274964,2190.250114346961,1483.3356681051973,3171.4669111505877,1648.0931229830564,4561.854786978492,599.7414907450093,1846.7937382603768,2483.3389984420155,1852.402290280835,2712.305778988187,2292.8595629279253,1428.5838566905722,1102.5840282463594,2232.2515567264004,2004.299430061157,1449.0756291139087,4216.737405579438,2339.235536858611,2112.6141142362853,3004.8602050686327,4407.0864285693515,2360.8962090137325],
        [2946.7481505349847,1188.941293654256,0.0,2500.664703682467,3752.265694560821,2892.867576244687,187.3824212433096,4388.132263138114,3263.631142872368,3088.423452964419,2503.9542003970014,3427.053658849628,3895.8071502454923,5642.736520192892,2245.278554946071,3730.6824197510778,3389.3572595669784,2273.3428176712364,2931.21594961751,3223.8727350490376,3487.0447427294557,2788.895546326015,2104.7611012290295,2164.5288385581907,5553.455561803779,3721.8118331577825,2978.954812288036,2704.4458319931373,2848.6290346826827,3379.169344776612,2435.6314056217775,4206.48211184702,2735.7542112548153,5562.37504034587,1788.2744442080525,2884.749793244778,1435.3369859477161,1108.7267419437783,3191.662839703155,1133.976931322781,2393.787451856481,2256.4143136662287,3166.8972477917,2612.135582484686,2495.889429964346,4557.457351950098,2789.8396190449284,3237.5857155404806,3740.461793212369,4763.671982590815,2946.7481505349847],
        [2497.2487440291497,1317.2928965883427,2500.664703682467,0.0,2991.2201000509563,2090.5138898673986,2398.1055625005088,3528.162009554835,3433.711729349827,1763.0675549016696,672.7259590104716,1220.1150033946296,1969.7078202866016,3769.544014869824,1700.1281838330015,3118.4702913871615,1469.2426132693402,982.2813708237309,751.1520453241535,2504.627048168057,1090.201669371918,1838.5077584933379,3604.0043275442545,3109.21689273709,3643.0794291161155,2780.2330239206826,2119.6376130235067,810.5878776985227,1272.1098841052242,905.2084793920442,998.7899675108481,2364.0654370858865,1032.8308292072206,3731.9560721759804,721.82537194272,1302.6899687868486,3778.010301018984,3083.524183397126,2909.387297492195,3609.917243523468,951.3528489266761,338.2274362055083,1816.6071126404172,2212.644297855315,734.7217124402475,4387.058138632897,2651.6788471962846,1198.9451339387465,2789.793872862751,4543.167497353027,2497.2487440291497],
        [808.369125608275,3097.702951080924,3752.265694560821,2991.2201000509563,0.0,968.3926007775605,3813.262396251339,638.5693551564086,1259.3034589885644,1247.3847990749975,2319.804456514,4035.961765762368,1784.9814877077952,2499.2228838199303,1608.206551182602,216.75888860638798,1849.7694499552426,3879.91822394633,2391.8637899211594,553.0971499758241,2701.488846451406,1191.2035009010015,2890.845898175861,2187.2302797172947,2489.9505112766005,283.3310569916538,908.9621896721983,2197.5014505143654,1733.2282259157978,2940.067061485636,3946.368219769438,1675.293516105475,1967.3617487619388,2376.388855199555,2925.948775574697,1708.506656300932,4097.8234485662915,3315.951157813306,715.8312654607599,4321.8719129071815,3890.7756853529063,3204.9326889181734,1211.5346505842872,1142.7652335188661,3710.508082440549,1487.7388302973884,1045.0042169169292,2074.7929260540186,289.04428403686944,1604.8806135361274,808.369125608275],
        [458.12770943273,2140.0082965818274,2892.867576244687,2090.5138898673986,968.3926007775605,0.0,2930.8445219975656,1587.7842449696398,1474.6257452279174,560.3438310321102,1421.5685327856802,3215.6680125722824,1500.6843570205133,2891.3564515779394,664.3463317592748,1050.548594899274,1278.9984407083355,2934.2659031296425,1597.3065937420247,427.42155944369273,2043.958531429705,253.53621977049036,2510.815244052323,1798.877483614004,2832.8425419566984,852.1333710292676,88.8057888576616,1344.3171042265176,917.9188695431518,2222.2006643689897,3010.5070939710645,1621.0701634235652,1118.9597488617167,2790.612847215605,1960.8679325850792,908.0009735153889,3470.9768899987625,2654.158548064586,854.6734392048365,3605.8712569772033,2953.430825265371,2271.734360146266,591.3889790802571,414.1123652654792,2787.9264911610926,2296.5442834497017,747.9068030009479,1406.670052329723,869.136040068569,2454.5632901858125,458.12770943273],
        [3012.418769130063,1104.2439634305717,187.3824212433096,2398.1055625005088,3813.262396251339,2930.8445219975656,0.0,4451.072030904623,3379.060802617807,3093.459659411783,2447.6305100393465,3284.4367745475065,3870.0775571864333,5636.645949269947,2274.278180860927,3801.7204142831492,3356.0046778159517,2116.5410661265937,2866.461211657976,3277.238265279116,3409.121708446268,2812.128694824877,2279.183275698377,2307.7159632238754,5543.347019623976,3769.426466815264,3015.4105254102815,2653.652590685619,2827.024455514345,3287.4627850534903,2278.335962037612,4191.796100502,2700.3307982141678,5559.798217558347,1696.8829712217505,2864.0298730156314,1611.5449959967066,1291.6237048212713,3275.3306977828656,1282.134228001209,2238.436195359292,2139.089139919631,3172.2689574279175,2670.5756960997937,2351.2534776717252,4667.589750763668,2873.662661732936,3191.448778266054,3787.746416042018,4872.513242930056,3012.418769130063],
        [1441.5422633695634,3726.469206729686,4388.132263138114,3528.162009554835,638.5693551564086,1587.7842449696398,4451.072030904623,0.0,1645.3571052271386,1765.323213223638,2866.2200018708772,4500.501171975291,2042.3939320124841,2225.841744709136,2239.9721101798864,680.2749274819977,2249.2997783184105,4449.663028717516,2874.71141048608,1186.982581627828,3093.8986922607114,1791.7446580588926,3407.2429061272423,2729.982818845425,2253.856901008998,758.7955354177749,1519.622437137171,2720.027113077182,2256.0980131837387,3359.551681201996,4505.376297583885,1813.7525740684518,2495.331287452163,2095.3983307171948,3526.184146467663,2226.1495802341988,4679.422459429643,3914.2033048168196,1270.4952710025468,4927.804088563805,4451.590322319863,3766.2268882969292,1712.3781971382277,1780.957662649346,4258.318488672397,1299.968382951979,1645.1344073169448,2505.520300405551,746.335096811109,1335.9515229428482,1441.5422633695634],
        [1016.7378224966317,3020.33479810088,3263.631142872368,3433.711729349827,1259.3034589885644,1474.6257452279174,3379.060802617807,1645.3571052271386,0.0,2019.1199364482432,2801.85533047022,4620.994391937531,2857.322671535684,3754.189663839784,1739.3300955094994,1066.1921547389943,2737.886583783186,4132.3997175324175,3049.510591643683,1226.4960072295648,3518.411935047768,1706.4673390780845,1815.0161535461632,1221.6505572420226,3748.5362738120753,1486.5406842226216,1498.1477390143268,2772.451016869321,2381.7645253291125,3688.7864232217503,4240.289435599309,2847.0268467042674,2560.3451141482137,3629.6979766449213,3096.436927407988,2375.9696014454025,3192.038332675037,2512.2125514203753,662.7477525789681,3525.693328007972,4180.479206577242,3539.252138459691,2031.4422115247137,1226.9089926937004,4061.693201166749,1298.8248127875945,783.7620482531395,2880.9888273800643,1501.2999915863263,1507.2695510119356,1016.7378224966317],
        [1006.6455780097042,2154.6592031898426,3088.423452964419,1763.0675549016696,1247.3847990749975,560.3438310321102,3093.459659411783,1765.323213223638,2019.1199364482432,0.0,1102.4909759941447,2790.5772892344003,975.8366671369031,2561.417654179277,898.2638205883991,1401.6971408610987,720.7769115755955,2692.444329227086,1146.0677415032812,843.075696789112,1517.6649951077472,408.0873556818312,3011.04864107765,2314.351212665762,2480.774820298463,1019.2548744924457,522.0287055744369,957.2308109498164,491.7125494323145,1724.1369176597982,2742.4222665829843,1171.6688161075892,730.409649230387,2476.511122576376,1825.726442797876,463.78173150881895,3849.919283800246,3030.368147047912,1374.8041528389695,3923.94262593866,2689.4088202448597,2005.838619999757,78.87627113282132,940.994853038499,2493.137665212117,2705.319397471372,1308.2505656596666,874.927584451189,1028.0228474058622,2840.360943367133,1006.6455780097042],
        [1839.2895998955928,1359.1581574401987,2503.9542003970014,672.7259590104716,2319.804456514,1421.5685327856802,2447.6305100393465,2866.2200018708772,2801.85533047022,1102.4909759941447,0.0,1819.1922978062528,1500.3449390167982,3323.983109217688,1101.4820113024343,2445.7470089629946,968.6772587016478,1592.7506580943855,442.0246917777568,1832.6792190718777,1037.4843412391376,1168.6200205312466,3191.4145981303805,2619.2173440538277,3210.888140789835,2113.9379970041978,1448.0245326470347,218.2998201967798,619.2055592893307,1041.7670507653406,1639.9354359964566,1872.1615903725333,384.47854812838676,3269.075823046266,847.1696398096369,653.7732442071406,3607.5748858157112,2842.0089079120985,2251.8144325763947,3532.5982040757904,1586.9813109792542,904.7605954739444,1161.4652355259889,1574.9624327451465,1393.3103608752353,3717.354244449965,2018.234104328181,756.1028415726607,2124.16650602603,3871.6783639633395,1839.2895998955928],
        [3650.207011303632,2341.3302606405873,3427.053658849628,1220.1150033946296,4035.961765762368,3215.6680125722824,3284.4367745475065,4500.501171975291,4620.994391937531,2790.5772892344003,1819.1922978062528,0.0,2621.138917363175,4194.397906100745,2904.3047193976463,4191.2414806677925,2262.8998691300712,1210.569938937085,1644.532071500373,3604.2271697754336,1474.505515616533,2962.9947476478446,4795.9091819252535,4325.623658693554,4049.5138813955427,3792.236968168699,3228.54510848265,1871.4055657309193,2317.4434113265816,1176.4854303718141,1064.821363243817,2998.003703596842,2098.6331846098774,4194.00595056791,1826.3228407361355,2337.1640162841554,4811.014908874089,4189.129920909766,4061.4985417814682,4560.8587785825,1085.9688493445237,1265.9771213226372,2824.5149355300023,3394.1350225198507,933.6075310018405,5489.913663848162,3837.3028229053325,1996.8398794781783,3797.9769754939102,5630.047541977205,3650.207011303632],
        [1898.1429961928654,2825.7233449490727,3895.8071502454923,1969.7078202866016,1784.9814877077952,1500.6843570205133,3870.0775571864333,2042.3939320124841,2857.322671535684,975.8366671369031,1500.3449390167982,2621.138917363175,0.0,1824.7435069720877,1840.0621671040142,1993.9248878206397,531.7543370085469,2948.2325407044095,1219.8183083511292,1631.53089109275,1147.1530974760528,1383.863268947094,3986.6705248243134,3287.071625688287,1710.5494842215005,1501.6716427138392,1438.0340842234862,1282.484666308549,1048.1173406242835,1445.1306497215369,2944.313258990092,396.65478726734136,1177.7556915530117,1774.5034700856083,2347.445421167681,1012.9502863187865,4784.740013632205,3969.458904895434,2194.6612319738056,4818.083582124021,2903.718448744239,2293.4768087294083,921.5746523950916,1904.966511881163,2665.263816353454,3246.1443689260777,2228.405380864073,775.1157944326937,1496.9631716461863,3332.6339358089604,1898.1429961928654],
        [3100.095841671275,4628.709265990581,5642.736520192892,3769.544014869824,2499.2228838199303,2891.3564515779394,5636.645949269947,2225.841744709136,3754.189663839784,2561.417654179277,3323.983109217688,4194.397906100745,1824.7435069720877,0.0,3446.766979221966,2688.2201408844226,2355.5923599783764,4733.44686653782,3029.7536144805817,2754.425578652984,2796.497174268317,2907.402239687342,5322.412942445031,4601.750425507236,150.83238909831616,2312.183138234331,2804.224282468492,3106.5690940505315,2822.238734868825,3090.483340685766,4711.449374327454,1458.0607604259421,2986.8305724217403,131.2035026095451,4170.4867571442965,2783.940483955964,6361.814638194873,5543.785233804737,3190.0347663728962,6474.217768308786,4676.432057593041,4101.139036229047,2484.213445397789,3286.028469377082,4430.178504654909,3464.9211086812084,3426.633730938758,2593.9999240318625,2294.1566517452297,3439.758913433689,3100.095841671275],
        [891.2736125127941,1490.1640733762563,2245.278554946071,1700.1281838330015,1608.206551182602,664.3463317592748,2274.278180860927,2239.9721101798864,1739.3300955094994,898.2638205883991,1101.4820113024343,2904.3047193976463,1840.0621671040142,3446.766979221966,0.0,1653.2160574167565,1443.5892989521708,2416.9093775016427,1436.9643483942402,1055.120875999401,1999.6281429404569,546.7202588362209,2214.5220312629067,1571.6760869563323,3371.9536047387824,1515.6171624696992,745.3252615490655,1130.359476510373,895.8094558342486,2092.93488571153,2514.8908465905856,2069.0749777430474,967.7469731003052,3356.309661003239,1394.7908415062248,914.2119602392045,2953.540481840032,2134.879316632029,1278.450345750066,3029.153221558326,2455.5648152983426,1802.021683598453,971.3908113689324,549.2477790648445,2325.4420187419946,2797.5946079736964,965.0313622928765,1443.2899441596717,1532.8837668321464,2975.748565219673,891.2736125127941],
        [793.6039938780955,3140.305992878604,3730.6824197510778,3118.4702913871615,216.75888860638798,1050.548594899274,3801.7204142831492,680.2749274819977,1066.1921547389943,1401.6971408610987,2445.7470089629946,4191.2414806677925,1993.9248878206397,2688.2201408844226,1653.2160574167565,0.0,2034.9221418589825,3983.807782058718,2547.202309502702,623.2700838667787,2882.92430030719,1291.1071916566052,2752.7110263915147,2062.0771854704517,2684.803263677879,495.49303867122927,1005.5212777176431,2337.095732620993,1877.3276120933756,3113.3281138790976,4057.218231819987,1891.6572164857373,2106.3313045041514,2563.5336340659364,3008.1256854948515,1855.4089762481071,4001.2299108289867,3233.933101687154,592.1511728202113,4247.759720989611,4000.6248350217675,3316.824788370183,1374.0197233767137,1147.746900440765,3828.8798677938103,1306.7339020414233,966.2676683904945,2249.857304105034,503.1288831065325,1438.8462007013102,793.6039938780955],
        [1727.323051761444,2299.6495979702563,3389.3572595669784,1469.2426132693402,1849.7694499552426,1278.9984407083355,3356.0046778159517,2249.2997783184105,2737.886583783186,720.7769115755955,968.6772587016478,2262.8998691300712,531.7543370085469,2355.5923599783764,1443.5892989521708,2034.9221418589825,0.0,2451.523413053417,720.8574413970622,1539.4802583199516,853.4061262668014,1090.7088148097512,3648.244721448089,2975.3205384901494,2242.2812841743457,1581.5783537814793,1242.6485359543378,751.0026289926448,569.8892267764279,1110.2603592104745,2459.969542070343,909.0342529156677,655.8254484396099,2302.6038603437355,1815.7173302415893,541.7674842649968,4340.307595075926,3533.5956681306875,2087.909693477734,4343.050452852882,2415.9395703192913,1783.0694479965598,707.4004702012725,1638.087813393412,2185.0964636207195,3336.9923657875706,2025.8789256690272,279.06736402976077,1583.5747825948843,3452.0992849229747,1727.323051761444],
        [3289.912170848116,1330.8720197875953,2273.3428176712364,982.2813708237309,3879.91822394633,2934.2659031296425,2116.5410661265937,4449.663028717516,4132.3997175324175,2692.444329227086,1592.7506580943855,1210.569938937085,2948.2325407044095,4733.44686653782,2416.9093775016427,3983.807782058718,2451.523413053417,0.0,1732.629439225655,3360.7488082928585,1975.50099378661,2693.6300328990174,3897.7097215147055,3553.5947092933857,4603.208073168471,3692.760305231159,2979.2029942179292,1768.6348152854325,2211.8911274873512,1717.3577457308616,162.45414908266608,3343.701298244459,1975.235115332443,4701.108462722209,1036.9245565163044,2246.04346687948,3693.1846350905635,3151.7474564814984,3690.8804155069356,3398.6386600257747,125.2341129658085,688.3020386676109,2753.493385448688,2964.3770853054025,340.73572401219667,5204.245448113843,3376.6860815631653,2180.448170012473,3704.1976651289074,5374.735552014042,3289.912170848116],
        [2047.2120018859096,1766.9047722251512,2931.21594961751,751.1520453241535,2391.8637899211594,1597.3065937420247,2866.461211657976,2874.71141048608,3049.510591643683,1146.0677415032812,442.0246917777568,1644.532071500373,1219.8183083511292,3029.7536144805817,1436.9643483942402,2547.202309502702,720.8574413970622,1732.629439225655,0.0,1967.7315189344793,599.6945873856054,1350.2654787547397,3596.567599751464,2996.5350466390673,2906.8607882865767,2152.0310174080455,1600.025152633828,309.84115868925636,681.7344166890537,656.7316746427165,1739.1203955526873,1613.2815869452363,490.63631079593193,2987.834627199066,1209.331999611194,697.4029692699424,4049.47019109543,3281.3924869174834,2451.6786366023757,3971.784467810068,1695.1649634901742,1074.078114159309,1180.935764369536,1837.6723053581427,1464.7154220005996,3848.233226078976,2276.256239482866,447.8537709275549,2158.5868578680183,3986.04233566291,2047.2120018859096],
        [346.324092518479,2544.6792064269666,3223.8727350490376,2504.627048168057,553.0971499758241,427.42155944369273,3277.238265279116,1186.982581627828,1226.4960072295648,843.075696789112,1832.6792190718777,3604.2271697754336,1631.53089109275,2754.425578652984,1055.120875999401,623.2700838667787,1539.4802583199516,3360.7488082928585,1967.7315189344793,0.0,2359.7122533472257,669.6636043205849,2568.7750980144283,1847.622640713702,2716.764814079161,507.5603898561148,385.2713891899104,1737.1828244312278,1287.7191505224705,2565.6186435826025,3435.271012359422,1649.4466773621757,1507.431870088793,2642.5465556767904,2387.2174821428753,1270.345834918062,3667.087408375796,2864.976498501082,563.8429354196824,3852.1613495694974,3378.470649561262,2695.4698332144076,836.511529356768,615.127652837799,3209.448691959974,1888.6280233758227,675.7656303839401,1717.213417231755,527.0621052594211,2039.15497729161,346.324092518479],
        [2502.077574448139,2304.9493905868344,3487.0447427294557,1090.201669371918,2701.488846451406,2043.958531429705,3409.121708446268,3093.8986922607114,3518.411935047768,1517.6649951077472,1037.4843412391376,1474.505515616533,1147.1530974760528,2796.497174268317,1999.6281429404569,2882.92430030719,853.4061262668014,1975.50099378661,599.6945873856054,2359.7122533472257,0.0,1816.5997254342901,4185.639955640371,3569.865560830699,2659.0871329126417,2434.843173679237,2026.5125687358793,900.8848737669939,1151.276582834609,302.34904136019577,1933.046316141673,1524.5225697917597,1031.8817757120673,2779.1753332488756,1717.886017641918,1150.490643178797,4642.515556183663,3879.434346739665,2887.877765052882,4549.758279227112,1903.7864915890884,1423.7417896041452,1525.0902319901866,2343.00653604224,1653.6858728741734,4187.537210883647,2767.222357833551,642.7383371048047,2436.9521321888915,4304.952130298259,2502.077574448139],
        [697.1056686565895,1959.4890556312341,2788.895546326015,1838.5077584933379,1191.2035009010015,253.53621977049036,2812.128694824877,1791.7446580588926,1706.4673390780845,408.0873556818312,1168.6200205312466,2962.9947476478446,1383.863268947094,2907.402239687342,546.7202588362209,1291.1071916566052,1090.7088148097512,2693.6300328990174,1350.2654787547397,669.6636043205849,1816.5997254342901,0.0,2602.964333613224,1907.6469746551588,2836.8441865630416,1038.33715878065,285.66031878750584,1091.9375580096043,675.6078885257416,1982.7408178550572,2766.133309857243,1561.865498444506,868.0427880533897,2814.5001407351065,1736.779084655768,669.6133860826105,3468.7631655148093,2648.624809281979,1102.5374454300359,3566.935372478385,2709.5176554380573,2025.9737032048038,466.3392634792319,547.3815714731111,2539.8795654107275,2548.8629431835598,951.8837379791883,1187.4905618433274,1053.2427314732215,2705.1179027398584,697.1056686565895],
        [2224.4352726977654,2567.988274063594,2104.7611012290295,3604.0043275442545,2890.845898175861,2510.815244052323,2279.183275698377,3407.2429061272423,1815.0161535461632,3011.04864107765,3191.4145981303805,4795.9091819252535,3986.6705248243134,5322.412942445031,2214.5220312629067,2752.7110263915147,3648.244721448089,3897.7097215147055,3596.567599751464,2568.7750980144283,4185.639955640371,2602.964333613224,0.0,721.566660446207,5285.302350361879,3023.9767057859603,2587.545504112703,3288.0330421996077,3110.2858453608633,4232.512722194062,4047.4178683474343,4131.804311983065,3163.880429915203,5208.9902139230135,2978.2999049167806,3127.925687371811,1450.9656082811111,1023.0817685745781,2175.1627389894297,1882.0633198513908,3991.214904244516,3536.0110231752474,3066.1598662787073,2096.7691541698446,3980.3389423111157,3006.4329822510404,1895.9481859478146,3656.99175657323,3042.979988954707,3211.7187918022423,2224.4352726977654],
        [1502.9623381604379,2266.5707909836838,2164.5288385581907,3109.21689273709,2187.2302797172947,1798.877483614004,2307.7159632238754,2729.982818845425,1221.6505572420226,2314.351212665762,2619.2173440538277,4325.623658693554,3287.071625688287,4601.750425507236,1571.6760869563323,2062.0771854704517,2975.3205384901494,3553.5947092933857,2996.5350466390673,1847.622640713702,3569.865560830699,1907.6469746551588,721.566660446207,0.0,4563.886280195291,2308.059787612752,1873.2400507747486,2686.897465006123,2457.4262361309757,3647.0525721663353,3690.777768071016,3417.969483455679,2538.416162250394,4488.884464190085,2559.808418946387,2471.161568615564,1977.7462751955456,1297.3818873225287,1474.906517262383,2305.1771941932984,3631.895588537726,3096.6663133507573,2365.52548823112,1386.1442239069029,3580.771837191797,2499.586288147447,1176.289328981893,3008.357394936794,2327.23142961077,2709.006508893024,1502.9623381604379],
        [3060.930275439348,4525.472197456196,5553.455561803779,3643.0794291161155,2489.9505112766005,2832.8425419566984,5543.347019623976,2253.856901008998,3748.5362738120753,2480.774820298463,3210.888140789835,4049.5138813955427,1710.5494842215005,150.83238909831616,3371.9536047387824,2684.803263677879,2242.2812841743457,4603.208073168471,2906.8607882865767,2716.764814079161,2659.0871329126417,2836.8441865630416,5285.302350361879,4563.886280195291,0.0,2289.9590608371172,2746.664087069138,2992.9628682818834,2722.309960193145,2951.521155588581,4578.661558415768,1354.6793059478073,2880.0852122538063,223.75732187835476,4057.9932969627557,2684.350671593751,6299.523137639029,5480.344058536797,3169.786431434158,6401.061510926305,4544.409533940325,3976.0316789051603,2404.504117287735,3232.850024265967,4297.4380506165835,3511.787561481592,3391.519103147701,2474.7312972709256,2272.4899583307424,3495.128672559007,3060.930275439348],
        [837.4342232579319,2988.707916688536,3721.8118331577825,2780.2330239206826,283.3310569916538,852.1333710292676,3769.426466815264,758.7955354177749,1486.5406842226216,1019.2548744924457,2113.9379970041978,3792.236968168699,1501.6716427138392,2312.183138234331,1515.6171624696992,495.49303867122927,1581.5783537814793,3692.760305231159,2152.0310174080455,507.5603898561148,2434.843173679237,1038.33715878065,3023.9767057859603,2308.059787612752,2289.9590608371172,0.0,776.2061539831901,1976.4441499261109,1510.7826614731266,2680.487792678897,3750.9950580354835,1399.4097443347273,1748.7989255485995,2194.0901459876995,2768.8384425733484,1482.9472172390865,4166.618455115512,3368.483486466712,879.9026240743922,4358.942430209492,3696.7018779154005,3010.804390590228,973.5898064161036,1120.8428505277438,3507.2017142499653,1762.5949618182387,1134.8913494758851,1815.566348924125,19.71338553170335,1870.9747723387452,837.4342232579319],
        [484.6761166714929,2212.6972374799693,2978.954812288036,2119.6376130235067,908.9621896721983,88.8057888576616,3015.4105254102815,1519.622437137171,1498.1477390143268,522.0287055744369,1448.0245326470347,3228.54510848265,1438.0340842234862,2804.224282468492,745.3252615490655,1005.5212777176431,1242.6485359543378,2979.2029942179292,1600.025152633828,385.2713891899104,2026.5125687358793,285.66031878750584,2587.545504112703,1873.2400507747486,2746.664087069138,776.2061539831901,0.0,1358.2489215429775,918.3227162859787,2214.7054522420303,3051.697462551803,1544.800166194585,1129.9241081913624,2703.0058162100645,2016.9912569272308,904.7829484198473,3558.5948332851167,2742.1058742669015,861.9259066196049,3694.655959987641,2995.126416719915,2311.373433004161,542.6622535027427,493.1549661933291,2824.4932868004903,2270.653769743144,795.7421299195761,1385.772281872708,792.6294608933417,2423.671534530292,484.6761166714929],
        [1783.0912488074885,1571.6266611501562,2704.4458319931373,810.5878776985227,2197.5014505143654,1344.3171042265176,2653.652590685619,2720.027113077182,2772.451016869321,957.2308109498164,218.2998201967798,1871.4055657309193,1282.484666308549,3106.5690940505315,1130.359476510373,2337.095732620993,751.0026289926448,1768.6348152854325,309.84115868925636,1737.1828244312278,900.8848737669939,1091.9375580096043,3288.0330421996077,2686.897465006123,2992.9628682818834,1976.4441499261109,1358.2489215429775,0.0,465.72870733520966,962.923031236261,1803.112006984227,1656.3168861068214,230.76597080978843,3052.5502826841794,1065.3113011375506,494.0530594936428,3773.031179943708,2994.875621236194,2192.713510048814,3716.6349533374573,1752.7407722824378,1081.9965261705229,1007.6573263964842,1551.5196021036666,1544.742016061919,3625.6663734257427,1993.4782002837906,541.0152842887808,1985.2491260749641,3772.359726835037,1783.0912488074885],
        [1371.7146941695883,1808.1292274964,2848.6290346826827,1272.1098841052242,1733.2282259157978,917.9188695431518,2827.024455514345,2256.0980131837387,2381.7645253291125,491.7125494323145,619.2055592893307,2317.4434113265816,1048.1173406242835,2822.238734868825,895.8094558342486,1877.3276120933756,569.8892267764279,2211.8911274873512,681.7344166890537,1287.7191505224705,1151.276582834609,675.6078885257416,3110.2858453608633,2457.4262361309757,2722.309960193145,1510.7826614731266,918.3227162859787,465.72870733520966,0.0,1307.148463181856,2256.2567698075923,1367.8168627046853,239.39180334146383,2753.8435145339527,1399.575302002988,39.018468585661786,3770.468350641545,2963.9259888032725,1772.5503224404292,3778.9940838092803,2204.1438053263205,1523.7492974849097,544.9237528371623,1191.8110999169905,2003.7106783461861,3172.56047465345,1619.4167329889667,551.077757161994,1519.6921321268692,3314.9756556819602,1371.7146941695883],
        [2678.12060804647,2190.250114346961,3379.169344776612,905.2084793920442,2940.067061485636,2222.2006643689897,3287.4627850534903,3359.551681201996,3688.7864232217503,1724.1369176597982,1041.7670507653406,1176.4854303718141,1445.1306497215369,3090.483340685766,2092.93488571153,3113.3281138790976,1110.2603592104745,1717.3577457308616,656.7316746427165,2565.6186435826025,302.34904136019577,1982.7408178550572,4232.512722194062,3647.0525721663353,2951.521155588581,2680.487792678897,2214.7054522420303,962.923031236261,1307.148463181856,0.0,1662.429551423338,1825.638826243304,1142.6375383946538,3076.0077039415924,1591.6604720071302,1314.4841732018233,4593.928579699804,3854.1043735856483,3075.167654535389,4467.903988167646,1637.347194865684,1220.6033431295257,1741.9125907882385,2487.12430303897,1386.804517128618,4420.056912547087,2922.1902085921524,865.3857827456691,2683.935502512738,4544.861957161276,2678.12060804647],
        [3378.6341922188694,1483.3356681051973,2435.6314056217775,998.7899675108481,3946.368219769438,3010.5070939710645,2278.335962037612,4505.376297583885,4240.289435599309,2742.4222665829843,1639.9354359964566,1064.821363243817,2944.313258990092,4711.449374327454,2514.8908465905856,4057.218231819987,2459.969542070343,162.45414908266608,1739.1203955526873,3435.271012359422,1933.046316141673,2766.133309857243,4047.4178683474343,3690.777768071016,4578.661558415768,3750.9950580354835,3051.697462551803,1803.112006984227,2256.2567698075923,1662.429551423338,0.0,3340.838211965328,2017.577474121103,4683.484797328509,1153.6921619249006,2289.0154627211987,3855.586711162296,3310.911995813588,3783.023009727464,3560.362037209315,60.02073103062748,741.43643040486,2800.5563286540646,3059.612569747564,281.27184914396526,5291.430530475048,3478.1691675382885,2184.914328897967,3761.7692221674106,5458.712438957161,3378.6341922188694],
        [1958.2503420638945,3171.4669111505877,4206.48211184702,2364.0654370858865,1675.293516105475,1621.0701634235652,4191.796100502,1813.7525740684518,2847.0268467042674,1171.6688161075892,1872.1615903725333,2998.003703596842,396.65478726734136,1458.0607604259421,2069.0749777430474,1891.6572164857373,909.0342529156677,3343.701298244459,1613.2815869452363,1649.4466773621757,1524.5225697917597,1561.865498444506,4131.804311983065,3417.969483455679,1354.6793059478073,1399.4097443347273,1544.800166194585,1656.3168861068214,1367.8168627046853,1825.638826243304,3340.838211965328,0.0,1528.9336402856766,1397.6135249158094,2716.5060702034148,1329.982808115884,5021.587290249358,4202.010720794612,2194.383805983355,5087.351697377036,3300.05993099359,2685.588226908136,1101.4882971054756,2035.1804877503869,3061.881509422458,3073.817885639042,2298.3213865470793,1166.4952630901425,1389.845766415278,3138.8168317087348,1958.2503420638945],
        [1562.8141074960108,1648.0931229830564,2735.7542112548153,1032.8308292072206,1967.3617487619388,1118.9597488617167,2700.3307982141678,2495.331287452163,2560.3451141482137,730.409649230387,384.47854812838676,2098.6331846098774,1177.7556915530117,2986.8305724217403,967.7469731003052,2106.3313045041514,655.8254484396099,1975.235115332443,490.63631079593193,1507.431870088793,1031.8817757120673,868.0427880533897,3163.880429915203,2538.416162250394,2880.0852122538063,1748.7989255485995,1129.9241081913624,230.76597080978843,239.39180334146383,1142.6375383946538,2017.577474121103,1528.9336402856766,0.0,2925.2045878450317,1196.5485687003702,271.4418870584583,3732.396231253292,2938.510307981924,1970.4548551079179,3708.224272857893,1965.751699055144,1286.9332944079817,784.2834998540761,1347.0698100958484,1764.3483293367779,3395.651085790306,1785.776846485266,526.026928963095,1757.970063703626,3541.7679085278405,1562.8141074960108],
        [2988.628160881916,4561.854786978492,5562.37504034587,3731.9560721759804,2376.388855199555,2790.612847215605,5559.798217558347,2095.3983307171948,3629.6979766449213,2476.511122576376,3269.075823046266,4194.00595056791,1774.5034700856083,131.2035026095451,3356.309661003239,2563.5336340659364,2302.6038603437355,4701.108462722209,2987.834627199066,2642.5465556767904,2779.1753332488756,2814.5001407351065,5208.9902139230135,4488.884464190085,223.75732187835476,2194.0901459876995,2703.0058162100645,3052.5502826841794,2753.8435145339527,3076.0077039415924,4683.484797328509,1397.6135249158094,2925.2045878450317,0.0,4114.062211628199,2715.275032113236,6261.577690135579,5444.488094391384,3070.4912354710327,6381.115937543513,4647.146893490215,4061.24565049235,2398.7194905181295,3181.754186778541,4402.304453018005,3333.812075893239,3313.0469279551535,2547.9170061801865,2175.866870717071,3309.2027350700355,2988.628160881916],
        [2280.585496453492,599.7414907450093,1788.2744442080525,721.82537194272,2925.948775574697,1960.8679325850792,1696.8829712217505,3526.184146467663,3096.436927407988,1825.726442797876,847.1696398096369,1826.3228407361355,2347.445421167681,4170.4867571442965,1394.7908415062248,3008.1256854948515,1815.7173302415893,1036.9245565163044,1209.331999611194,2387.2174821428753,1717.886017641918,1736.779084655768,2978.2999049167806,2559.808418946387,4057.9932969627557,2768.8384425733484,2016.9912569272308,1065.3113011375506,1399.575302002988,1591.6604720071302,1153.6921619249006,2716.5060702034148,1196.5485687003702,4114.062211628199,0.0,1438.2188997405576,3058.8098153461033,2381.2844534883898,2673.217706793864,2889.6217974592123,1093.6969534368518,560.4524745544119,1897.4692145874017,1944.0316995909584,1021.0017206090071,4191.94751176723,2346.2079264867016,1596.2385920073446,2782.5146455731588,4368.288536675335,2280.585496453492],
        [1363.6702259896972,1846.7937382603768,2884.749793244778,1302.6899687868486,1708.506656300932,908.0009735153889,2864.0298730156314,2226.1495802341988,2375.9696014454025,463.78173150881895,653.7732442071406,2337.1640162841554,1012.9502863187865,2783.940483955964,914.2119602392045,1855.4089762481071,541.7674842649968,2246.04346687948,697.4029692699424,1270.345834918062,1150.490643178797,669.6133860826105,3127.925687371811,2471.161568615564,2684.350671593751,1482.9472172390865,904.7829484198473,494.0530594936428,39.018468585661786,1314.4841732018233,2289.0154627211987,1329.982808115884,271.4418870584583,2715.275032113236,1438.2188997405576,0.0,3799.6923421255597,2992.001282795437,1762.0058236498246,3811.513912617418,2237.1828378942223,1557.785663400026,513.9668317528785,1193.2465238934271,2035.203927627828,3152.8721445829765,1617.3708810298865,539.8190706746252,1491.536861980363,3293.7021353414857,1363.6702259896972],
        [3329.197458793551,2483.3389984420155,1435.3369859477161,3778.010301018984,4097.8234485662915,3470.9768899987625,1611.5449959967066,4679.422459429643,3192.038332675037,3849.919283800246,3607.5748858157112,4811.014908874089,4784.740013632205,6361.814638194873,2953.540481840032,4001.2299108289867,4340.307595075926,3693.1846350905635,4049.47019109543,3667.087408375796,4642.515556183663,3468.7631655148093,1450.9656082811111,1977.7462751955456,6299.523137639029,4166.618455115512,3558.5948332851167,3773.031179943708,3770.468350641545,4593.928579699804,3855.586711162296,5021.587290249358,3732.396231253292,6261.577690135579,3058.8098153461033,3799.6923421255597,0.0,820.1564888968778,3409.310178341679,525.737642607687,3810.7524019657326,3585.866623518202,3920.8542365428025,3085.9253205661744,3891.3590147970835,4436.4051407398365,3052.9825764916313,4258.410454135955,4186.328840581095,4643.92221430844,3329.197458793551],
        [2532.195942912151,1852.402290280835,1108.7267419437783,3083.524183397126,3315.951157813306,2654.158548064586,1291.6237048212713,3914.2033048168196,2512.2125514203753,3030.368147047912,2842.0089079120985,4189.129920909766,3969.458904895434,5543.785233804737,2134.879316632029,3233.933101687154,3533.5956681306875,3151.7474564814984,3281.3924869174834,2864.976498501082,3879.434346739665,2648.624809281979,1023.0817685745781,1297.3818873225287,5480.344058536797,3368.483486466712,2742.1058742669015,2994.875621236194,2963.9259888032725,3854.1043735856483,3310.911995813588,4202.010720794612,2938.510307981924,5444.488094391384,2381.2844534883898,2992.001282795437,820.1564888968778,0.0,2645.8748865859893,1020.8018155928825,3259.9023130695723,2932.18398016891,3101.0272584130503,2274.53161199261,3300.249856311209,3796.879567029601,2273.0033814120197,3463.868313177473,3388.1862611510765,4006.315036033426,2532.195942912151],
        [412.5686500230572,2712.305778988187,3191.662839703155,2909.387297492195,715.8312654607599,854.6734392048365,3275.3306977828656,1270.4952710025468,662.7477525789681,1374.8041528389695,2251.8144325763947,4061.4985417814682,2194.6612319738056,3190.0347663728962,1278.450345750066,592.1511728202113,2087.909693477734,3690.8804155069356,2451.6786366023757,563.8429354196824,2887.877765052882,1102.5374454300359,2175.1627389894297,1474.906517262383,3169.786431434158,879.9026240743922,861.9259066196049,2192.713510048814,1772.5503224404292,3075.167654535389,3783.023009727464,2194.383805983355,1970.4548551079179,3070.4912354710327,2673.217706793864,1762.0058236498246,3409.310178341679,2645.8748865859893,0.0,3662.1916651546826,3724.254791257773,3056.7838644737753,1380.5562683908634,729.3012530661954,3579.756801044062,1519.728800288262,401.9096154139858,2246.2713990430593,897.2967588680874,1701.3892743173674,412.5686500230572],
        [3527.750828386008,2292.8595629279253,1133.976931322781,3609.917243523468,4321.8719129071815,3605.8712569772033,1282.134228001209,4927.804088563805,3525.693328007972,3923.94262593866,3532.5982040757904,4560.8587785825,4818.083582124021,6474.217768308786,3029.153221558326,4247.759720989611,4343.050452852882,3398.6386600257747,3971.784467810068,3852.1613495694974,4549.758279227112,3566.935372478385,1882.0633198513908,2305.1771941932984,6401.061510926305,4358.942430209492,3694.655959987641,3716.6349533374573,3778.9940838092803,4467.903988167646,3560.362037209315,5087.351697377036,3708.224272857893,6381.115937543513,2889.6217974592123,3811.513912617418,525.737642607687,1020.8018155928825,3662.1916651546826,0.0,3520.565087705726,3381.510666040585,3998.8176828257397,3248.0899111105455,3629.1400942728774,4800.96882743538,3283.4491172934045,4229.1637608834,4378.562823548353,5010.095722653744,3527.750828386008],
        [3320.1656088187383,1428.5838566905722,2393.787451856481,951.3528489266761,3890.7756853529063,2953.430825265371,2238.436195359292,4451.590322319863,4180.479206577242,2689.4088202448597,1586.9813109792542,1085.9688493445237,2903.718448744239,4676.432057593041,2455.5648152983426,4000.6248350217675,2415.9395703192913,125.2341129658085,1695.1649634901742,3378.470649561262,1903.7864915890884,2709.5176554380573,3991.214904244516,3631.895588537726,4544.409533940325,3696.7018779154005,2995.126416719915,1752.7407722824378,2204.1438053263205,1637.347194865684,60.02073103062748,3300.05993099359,1965.751699055144,4647.146893490215,1093.6969534368518,2237.1828378942223,3810.7524019657326,3259.9023130695723,3724.254791257773,3520.565087705726,0.0,686.1810771276892,2748.0962197179115,3000.5357388778593,250.61097203333523,5233.213887134911,3418.670216493365,2141.775958987419,3707.5895908566936,5400.8556487647875,3320.1656088187383],
        [2649.176393573808,1102.5840282463594,2256.4143136662287,338.2274362055083,3204.9326889181734,2271.734360146266,2139.089139919631,3766.2268882969292,3539.252138459691,2005.838619999757,904.7605954739444,1265.9771213226372,2293.4768087294083,4101.139036229047,1802.021683598453,3316.824788370183,1783.0694479965598,688.3020386676109,1074.078114159309,2695.4698332144076,1423.7417896041452,2025.9737032048038,3536.0110231752474,3096.6663133507573,3976.0316789051603,3010.804390590228,2311.373433004161,1081.9965261705229,1523.7492974849097,1220.6033431295257,741.43643040486,2685.588226908136,1286.9332944079817,4061.24565049235,560.4524745544119,1557.785663400026,3585.866623518202,2932.18398016891,3056.7838644737753,3381.510666040585,686.1810771276892,0.0,2066.0101653819197,2339.417916466314,523.803613004301,4558.499554178806,2766.858627712246,1519.1449109609032,3021.7971654346543,4723.156601806994,2649.176393573808],
