{
    "drone_dist": [
        [0.0,24.97111937131388,24.58858530417529,41.98963720117863,20.0824318720579,25.335113127860843,14.325581320552994,20.401941750644266,23.944290467535406,38.73336673832475,31.168187343176445,12.936525244958762,40.91198487262913,22.00379814316534,25.79092247904001,23.92146318145167,18.24731494174743,33.407609831819336,1.0094742258797513,39.36989246364536,30.136334592846804,28.124345061386155,37.216447086910264,29.594219625619317,37.145028011322275,22.255631520660287,33.4868688449289,39.03845870270276,17.427309756086032,19.528010111329916,0.0],
        [24.97111937131388,0.0,3.2621338980463186,45.56262099158259,37.47091053183585,40.53288747224559,39.217222872722864,15.196320017564387,1.184183401011069,52.96893491311488,48.27806429165433,18.801808805130985,47.245174349216846,23.768477828457467,0.8538293146547506,32.558444665958135,24.31665188341127,47.72907757308636,25.850088980379297,35.04556390428142,14.213429552206307,28.295019394778766,24.46384928890757,24.755325290658817,40.841894845847925,4.558972179779517,44.235033661679765,48.082059200137735,37.734430509074386,13.506052005346325,24.97111937131388],
        [24.58858530417529,3.2621338980463186,0.0,42.40225159849339,35.45102092069864,38.20808000625992,38.9141585243738,12.311396928046628,2.667029056440118,50.378716151112044,46.023176246271156,20.149804659675237,44.18542971130754,20.883428723412678,3.727852008123554,29.863642173483925,21.765874973129744,45.204669209633906,25.52397269226662,31.783589751350682,11.137996639797112,25.17801978114149,21.387894877623825,21.51724287894239,37.71832659017904,7.071191014173477,41.468561021954834,45.160366795573516,36.07383083022636,15.820952174792325,24.58858530417529],
        [41.98963720117863,45.56262099158259,42.40225159849339,0.0,26.739175838229066,22.152678376758125,47.97767292418636,30.780251414331097,44.61639365559168,20.56428996363038,25.23371661774414,51.110016555727846,4.956386531079841,22.870654026518515,46.12506759970889,18.101913714960908,24.83224875093696,19.678269015115454,42.62596121425032,14.510152118123399,34.169789216643714,17.328742995565705,27.986264683847974,21.2472442002706,5.016746750741683,47.656053596013955,13.36083458059728,9.868165974442118,31.653507058387884,53.01968434987276,41.98963720117863],
        [20.0824318720579,37.47091053183585,35.45102092069864,26.739175838229066,0.0,5.573321402557662,21.547056808765973,24.54524448975444,36.28679080076185,18.66432111523408,11.40256313367176,32.51596435082317,23.979637619939624,18.42857627366261,38.30243023391899,11.493517074400044,14.98545776282522,13.406634029674176,20.246407660660196,30.895039473356416,34.47214388600858,20.942141276491366,36.229557992168445,25.807512045554947,22.90915727676664,36.86493256155409,14.979878352158345,20.734419952558202,4.916637896685377,37.735449310312845,20.0824318720579],
        [25.335113127860843,40.53288747224559,38.20808000625992,22.152678376758125,5.573321402557662,0.0,26.90210412229703,26.51268781031662,39.358959140549025,13.517843228359048,7.890178442021647,37.44432017316255,18.915684973988185,19.105943182819026,41.33563246632078,10.28486039411077,16.639191108224242,8.106898168198668,25.575397058800768,28.43396855657298,35.634787238546835,19.882533960282526,35.79402731075041,25.31499407425012,18.87443196675637,40.450646832115766,9.625618456452525,15.324612225471542,10.153589464432029,42.186329098839515,25.335113127860843],
        [14.325581320552994,39.217222872722864,38.9141585243738,47.97767292418636,21.547056808765973,26.90210412229703,0.0,33.590121403380934,38.21756712883646,38.13906367391423,29.35941281738885,24.194409214964402,45.502886833787336,32.71546689906007,40.024252614711266,30.730945281348863,28.44302999125313,33.68207764759966,13.39815398739325,49.22562148868646,43.85111292490364,37.95843868273366,49.837276501422224,40.92204179937582,43.744377372903244,36.221306539021306,36.49058230822749,42.22147308925911,16.74975567537378,31.85397045957514,14.325581320552994],
        [20.401941750644266,15.196320017564387,12.311396928046628,30.780251414331097,24.54524448975444,26.51268781031662,33.590121403380934,0.0,14.137056098081633,38.20151126673485,34.39999762272296,23.154788789602144,32.14134263226073,8.580255997922508,15.875847129385978,17.626836807795133,9.874045710855782,33.11995023087156,21.403335680528013,22.28228001529254,10.568642348030508,13.466961581230064,16.88470702509641,11.379253649742274,25.923582679773748,16.878031615791393,29.16771219817705,32.887533600698994,26.209278418665203,22.90230277201036,20.401941750644266],
        [23.944290467535406,1.184183401011069,2.667029056440118,44.61639365559168,36.28679080076185,39.358959140549025,38.21756712883646,14.137056098081633,0.0,51.82067214115371,47.09943871225825,18.231458780280956,46.2314480647219,22.695466112757945,2.025859273852838,31.432335160568467,23.170698067923727,46.572758171687546,24.834967378532273,34.31073472918976,13.8035547464646,27.323580829698965,24.05465113815465,23.91546795054336,39.86869001054109,4.471923183926466,43.12044411919123,47.00979851810363,36.559104316330895,13.355066071906181,23.944290467535406],
        [38.73336673832475,52.96893491311488,50.378716151112044,20.56428996363038,18.66432111523408,13.517843228359048,38.13906367391423,38.20151126673485,51.82067214115371,0.0,8.84656852729055,50.960752064621495,15.66387612946966,29.90356133886884,53.73322237139106,20.58605583340382,28.652716366080536,5.445975502202814,38.910678855255874,32.62797242950446,45.957942437430404,28.162683105735525,43.57429464922531,33.82628173561662,20.36808058052617,53.34650748606092,9.887895772719478,10.697035734607075,22.246751345233683,55.60644936232334,38.73336673832475],
        [31.168187343176445,48.27806429165433,46.023176246271156,25.23371661774414,11.40256313367176,7.890178442021647,29.35941281738885,34.39999762272296,47.09943871225825,8.84656852729055,0.0,43.81644096924023,20.915303104180936,26.922880862000003,49.0900211342751,17.838125495360526,24.5259637857696,5.732470371873585,31.21646239567663,34.392329028350034,43.458855363146185,27.112013014708126,43.08823296589981,32.703733371750275,23.282861301161734,47.99944081667419,11.963750585635225,16.174884834394273,13.99914842170863,49.137658631744074,31.168187343176445],
        [12.936525244958762,18.801808805130985,20.149804659675237,51.110016555727846,32.51596435082317,37.44432017316255,24.194409214964402,23.154788789602144,18.231458780280956,50.960752064621495,43.81644096924023,0.0,50.95984289730832,28.730925958044022,19.394970992735775,33.83106633173822,26.27855106170688,45.54532396215995,13.193370697986872,45.20084580330654,29.63077940484813,34.99548453075517,38.98086775245635,34.3966028685358,46.09977284736486,14.556820213520618,44.67136414820609,49.89698958696376,30.294725033433213,7.771741372077104,12.936525244958762],
        [40.91198487262913,47.245174349216846,44.18542971130754,4.956386531079841,23.979637619939624,18.915684973988185,45.502886833787336,32.14134263226073,46.2314480647219,15.66387612946966,20.915303104180936,50.95984289730832,0.0,23.76703211148156,47.86874009976351,17.18265373283219,24.908357842998424,15.233535809207499,41.45358004096309,18.738676007598656,36.84997054177343,19.076742030298444,31.658609027338848,23.80534647048735,6.943975672217391,48.923820782147246,9.469057240783563,5.0095498611256994,28.862122108937644,53.5754277088993,40.91198487262913],
        [22.00379814316534,23.768477828457467,20.883428723412678,22.870654026518515,18.42857627366261,19.105943182819026,32.71546689906007,8.580255997922508,22.695466112757945,29.90356133886884,26.922880862000003,28.730925958044022,23.76703211148156,0.0,24.454867695270107,9.375616571132737,4.29773777632897,24.992860870777932,22.880367089940084,17.37173073446252,16.536195463115543,6.325677576282239,18.10413073425656,8.249377791330541,17.89033350139356,25.168372139123818,20.6560917899423,24.31470066730659,21.36306686908315,30.151078621024286,22.00379814316534],
        [25.79092247904001,0.8538293146547506,3.727852008123554,46.12506759970889,38.30243023391899,41.33563246632078,40.024252614711266,15.875847129385978,2.025859273852838,53.73322237139106,49.0900211342751,19.394970992735775,47.86874009976351,24.454867695270107,0.0,33.29781850084417,25.08086259802663,48.50432075084636,26.665109761157222,35.433846806987006,14.383642001410415,28.885378825953417,24.609429196718366,25.236112488427608,41.429511671777945,4.97264948634555,44.960080214797244,48.762223336281984,38.584003315827324,13.855454689779924,25.79092247904001],
        [23.92146318145167,32.558444665958135,29.863642173483925,18.101913714960908,11.493517074400044,10.28486039411077,30.730945281348863,17.626836807795133,31.432335160568467,20.58605583340382,17.838125495360526,33.83106633173822,17.18265373283219,9.375616571132737,33.29781850084417,0.0,8.414135968352275,15.6175321343959,24.535982248723943,19.4537697143739,25.781480979617594,9.696113484946405,25.52196360151211,15.03377355519582,13.377281833340424,33.34461266734465,11.736427004908043,16.282108486544114,15.80229254691838,36.9170353594628,23.92146318145167],
        [18.24731494174743,24.31665188341127,21.765874973129744,24.83224875093696,14.98545776282522,16.639191108224242,28.44302999125313,9.874045710855782,23.170698067923727,28.652716366080536,24.5259637857696,26.27855106170688,24.908357842998424,4.29773777632897,25.08086259802663,8.414135968352275,0.0,23.440903805219232,19.0697276848853,21.25740054273023,19.48691833347003,9.91851327321418,22.23538976784482,12.54688311600121,19.824682566768253,24.938784924782624,20.14259769651152,24.585692086318936,17.423668016135515,28.710840141368454,18.24731494174743],
        [33.407609831819336,47.72907757308636,45.204669209633906,19.678269015115454,13.406634029674176,8.106898168198668,33.68207764759966,33.11995023087156,46.572758171687546,5.445975502202814,5.732470371873585,45.54532396215995,15.233535809207499,24.992860870777932,48.50432075084636,15.6175321343959,23.440903805219232,0.0,33.61818213310296,29.851448614493062,41.2992234490469,23.925075344219184,39.70759235562689,29.61714734540358,18.170864792662623,47.994277479500546,6.732304713812648,10.445272821403126,17.32848107951375,50.16134114872833,33.407609831819336],
        [1.0094742258797513,25.850088980379297,25.52397269226662,42.62596121425032,20.246407660660196,25.575397058800768,13.39815398739325,21.403335680528013,24.834967378532273,38.910678855255874,31.21646239567663,13.193370697986872,41.45358004096309,22.880367089940084,26.665109761157222,24.535982248723943,19.0697276848853,33.61818213310296,0.0,40.23639855554274,31.14515929347786,28.96616605441513,38.20905229483334,30.525190011258925,37.807549220608315,23.049630504580993,33.88996973333428,39.4786396499636,17.372528820473207,20.013751915890545,1.0094742258797513],
        [39.36989246364536,35.04556390428142,31.783589751350682,14.510152118123399,30.895039473356416,28.43396855657298,49.22562148868646,22.28228001529254,34.31073472918976,32.62797242950446,34.392329028350034,45.20084580330654,18.738676007598656,17.37173073446252,35.433846806987006,19.4537697143739,21.25740054273023,29.851448614493062,40.23639855554274,0.0,21.807268318769708,11.364106505101775,13.863640844012904,10.905357513504484,12.380883019889568,38.09046441211867,23.20670102673488,22.646625050047913,35.24255762284499,45.08191182337092,39.36989246364536],
        [30.136334592846804,14.213429552206307,11.137996639797112,34.169789216643714,34.47214388600858,35.634787238546835,43.85111292490364,10.568642348030508,13.8035547464646,45.957942437430404,43.458855363146185,29.63077940484813,36.84997054177343,16.536195463115543,14.383642001410415,25.781480979617594,19.48691833347003,41.2992234490469,31.14515929347786,21.807268318769708,0.0,18.17665283566848,10.255423256790893,13.04551512306981,29.983657537040965,18.165696875741624,36.29833367691694,38.84760349570482,36.56983014774591,26.624221107592035,30.136334592846804],
        [28.124345061386155,28.295019394778766,25.17801978114149,17.328742995565705,20.942141276491366,19.882533960282526,37.95843868273366,13.466961581230064,27.323580829698965,28.162683105735525,27.112013014708126,34.99548453075517,19.076742030298444,6.325677576282239,28.885378825953417,9.696113484946405,9.91851327321418,23.925075344219184,28.96616605441513,11.364106505101775,18.17665283566848,0.0,15.97725737791571,5.693025513551289,12.546936267376456,30.333180322391293,18.33360069083159,20.68574274632754,24.801390410453546,36.03236611433884,28.124345061386155],
        [37.216447086910264,24.46384928890757,21.387894877623825,27.986264683847974,36.229557992168445,35.79402731075041,49.837276501422224,16.88470702509641,24.05465113815465,43.57429464922531,43.08823296589981,38.98086775245635,31.658609027338848,18.10413073425656,24.609429196718366,25.52196360151211,22.23538976784482,39.70759235562689,38.20905229483334,13.863640844012904,10.255423256790893,15.97725737791571,0.0,10.499220405800877,24.78365950148309,28.387992080471907,33.69311008188824,34.76531392909418,39.45031997318089,36.67773444888939,37.216447086910264],
        [29.594219625619317,24.755325290658817,21.51724287894239,21.2472442002706,25.807512045554947,25.31499407425012,40.92204179937582,11.379253649742274,23.91546795054336,33.82628173561662,32.703733371750275,34.3966028685358,23.80534647048735,8.249377791330541,25.236112488427608,15.03377355519582,12.54688311600121,29.61714734540358,30.525190011258925,10.905357513504484,13.04551512306981,5.693025513551289,10.499220405800877,0.0,16.943610352630056,27.45459514116929,23.97183084286086,25.96955269073344,29.23658868507855,34.19719434452729,29.594219625619317],
        [37.145028011322275,40.841894845847925,37.71832659017904,5.016746750741683,22.90915727676664,18.87443196675637,43.744377372903244,25.923582679773748,39.86869001054109,20.36808058052617,23.282861301161734,46.09977284736486,6.943975672217391,17.89033350139356,41.429511671777945,13.377281833340424,19.824682566768253,18.170864792662623,37.807549220608315,12.380883019889568,29.983657537040965,12.546936267376456,24.78365950148309,16.943610352630056,0.0,42.798600051444375,11.444846491271806,10.279103271455561,27.771203137908856,48.028702410718736,37.145028011322275],
        [22.255631520660287,4.558972179779517,7.071191014173477,47.656053596013955,36.86493256155409,40.450646832115766,36.221306539021306,16.878031615791393,4.471923183926466,53.34650748606092,47.99944081667419,14.556820213520618,48.923820782147246,25.168372139123818,4.97264948634555,33.34461266734465,24.938784924782624,47.994277479500546,23.049630504580993,38.09046441211867,18.165696875741624,30.333180322391293,28.387992080471907,27.45459514116929,42.798600051444375,0.0,45.079540335692144,49.316898236359386,36.53706232553897,8.950742080356209,22.255631520660287],
        [33.4868688449289,44.235033661679765,41.468561021954834,13.36083458059728,14.979878352158345,9.625618456452525,36.49058230822749,29.16771219817705,43.12044411919123,9.887895772719478,11.963750585635225,44.67136414820609,9.469057240783563,20.6560917899423,44.960080214797244,11.736427004908043,20.14259769651152,6.732304713812648,33.88996973333428,23.20670102673488,36.29833367691694,18.33360069083159,33.69311008188824,23.97183084286086,11.444846491271806,45.079540335692144,0.0,5.761332415162627,19.746702680165317,48.36905944556216,33.4868688449289],
        [39.03845870270276,48.082059200137735,45.160366795573516,9.868165974442118,20.734419952558202,15.324612225471542,42.22147308925911,32.887533600698994,47.00979851810363,10.697035734607075,16.174884834394273,49.89698958696376,5.0095498611256994,24.31470066730659,48.762223336281984,16.282108486544114,24.585692086318936,10.445272821403126,39.4786396499636,22.646625050047913,38.84760349570482,20.68574274632754,34.76531392909418,25.96955269073344,10.279103271455561,49.316898236359386,5.761332415162627,0.0,25.47198804708979,53.199065123943925,39.03845870270276],
        [17.427309756086032,37.734430509074386,36.07383083022636,31.653507058387884,4.916637896685377,10.153589464432029,16.74975567537378,26.209278418665203,36.559104316330895,22.246751345233683,13.99914842170863,30.294725033433213,28.862122108937644,21.36306686908315,38.584003315827324,15.80229254691838,17.423668016135515,17.32848107951375,17.372528820473207,35.24255762284499,36.56983014774591,24.801390410453546,39.45031997318089,29.23658868507855,27.771203137908856,36.53706232553897,19.746702680165317,25.47198804708979,0.0,36.23476055461155,17.427309756086032],
        [19.528010111329916,13.506052005346325,15.820952174792325,53.01968434987276,37.735449310312845,42.186329098839515,31.85397045957514,22.90230277201036,13.355066071906181,55.60644936232334,49.137658631744074,7.771741372077104,53.5754277088993,30.151078621024286,13.855454689779924,36.9170353594628,28.710840141368454,50.16134114872833,20.013751915890545,45.08191182337092,26.624221107592035,36.03236611433884,36.67773444888939,34.19719434452729,48.028702410718736,8.950742080356209,48.36905944556216,53.199065123943925,36.23476055461155,0.0,19.528010111329916],
        [0.0,24.97111937131388,24.58858530417529,41.98963720117863,20.0824318720579,25.335113127860843,14.325581320552994,20.401941750644266,23.944290467535406,38.73336673832475,31.168187343176445,12.936525244958762,40.91198487262913,22.00379814316534,25.79092247904001,23.92146318145167,18.24731494174743,33.407609831819336,1.0094742258797513,39.36989246364536,30.136334592846804,28.124345061386155,37.216447086910264,29.594219625619317,37.145028011322275,22.255631520660287,33.4868688449289,39.03845870270276,17.427309756086032,19.528010111329916,0.0]
    ],
    "end_depot": 30,
    "start_depot": 0,
    "truck_dist": [
        [0.0,31.330723805915568,32.68028059249434,48.04202338964499,28.275474822213233,35.271880878872096,19.049136958153944,28.41648495594851,30.410502632562903,54.38765944107541,44.07489527414012,17.660588582841378,50.45280636038717,26.120397522488457,32.19963367806277,28.045860936403585,20.084039876334906,46.70808113643575,1.4262044485358993,46.27522103308236,42.617869198121255,31.92932498893051,51.246788825026755,37.72352021046531,41.45751662252398,25.337698023447793,44.44433497607589,50.95342925782192,24.445407346124004,23.912738419567805,0.0],
        [31.330723805915568,0.0,4.411545264118335,64.3361742147187,44.56962564728694,51.56603170394581,50.37986076406951,21.292334209235936,1.3992046478531037,70.68181026614911,60.36904609921383,26.554639454218712,66.74695718546087,33.20743255031887,0.8689098721472028,44.3400117614773,32.49786482564862,63.00223196150946,32.756928254451466,47.25510661680227,16.632603769893425,40.01072258439612,28.28975429754211,34.420697474377825,57.75166744759769,5.9930257824677735,60.7384858011496,67.24758008289562,40.739558171197714,17.51525062930187,31.330723805915568],
        [32.68028059249434,4.411545264118335,0.0,59.924628950600365,40.1580803831686,47.15448643982748,51.72941755064829,16.8807889451176,3.012340616265231,66.27026500203078,55.957500835095495,27.90419624079749,62.33541192134254,28.795887286200532,5.2500228316255,39.92846649735896,28.086319561530285,58.59068669739112,34.10648504103024,42.843561352683935,12.22105850577509,35.59917732027779,23.878209033423776,30.00915221025949,53.34012218347935,7.3425825690465505,56.32694053703126,62.83603481877729,36.32801290707938,18.864807415880648,32.68028059249434],
        [48.04202338964499,64.3361742147187,59.924628950600365,0.0,32.23741005023244,28.607792273832054,53.952192027904104,43.043840005482764,62.9369695668656,28.381559973322908,35.46466978845855,65.70261197248637,6.581767267149365,31.128741664399833,65.17465178222587,19.996162453241404,31.83830938907008,27.79728657490887,48.105405535454814,17.081067597916427,47.703570444825274,24.325451630322576,36.04641991717659,29.915476740340875,6.58450676712101,66.71358807071512,18.54940536672372,13.648630527236762,38.040619467688366,71.9547618092128,48.04202338964499],
        [28.275474822213233,44.56962564728694,40.1580803831686,32.23741005023244,0.0,6.996406056658868,21.714781977671663,25.75083993643079,43.170420999433844,26.112184618862173,15.799420451926885,45.93606340505461,25.65564278308308,23.454752502970738,45.40810321479411,16.252665841101088,17.418394856817187,18.432606314222518,28.33885696802306,43.60957601356465,39.952224178603544,29.263679969412795,48.58114380550904,35.0578751909476,29.595485267826234,46.94703950328335,16.16886015386266,22.677954435608687,5.803209417455923,52.18821324178104,28.275474822213233],
        [35.271880878872096,51.56603170394581,47.15448643982748,28.607792273832054,6.996406056658868,0.0,28.374421818243526,30.273697494709875,50.16682705609271,19.115778562203307,8.803014395268017,52.93246946171348,22.02602500668269,19.82513472657035,52.40450927145298,12.623048064700699,19.068166878297188,11.43620025756365,35.33526302468193,39.97995823716426,36.32260640220315,25.634062193012404,44.951526029108656,31.42825741454721,25.965867491425847,53.943445559942226,10.058386907108334,15.681548378949818,10.826473532748096,59.18461929843991,35.271880878872096],
        [19.049136958153944,50.37986076406951,51.72941755064829,53.952192027904104,21.714781977671663,28.374421818243526,0.0,47.46562191410246,49.45963959071685,47.490200380446836,37.17743621351154,24.55804764346995,47.370424760754744,45.1695344806424,51.24877063621672,37.96744781877275,39.13317683448885,39.810622075807174,17.622932509618046,65.32435799123631,61.66700615627521,50.978461947084455,70.2959257831807,56.77265716861926,51.3102672454979,44.38683498160174,37.546875915447316,44.055970197193346,17.54794828549543,32.864610134767645,19.049136958153944],
        [28.41648495594851,21.292334209235936,16.8807889451176,43.043840005482764,25.75083993643079,30.273697494709875,47.46562191410246,0.0,19.893129561382832,49.38947605691318,39.076711889977894,23.640400604251653,45.45462297622494,11.915098341082931,22.1308117767431,23.04767755224136,11.205530616412684,41.70989775227352,29.842689404484407,25.962772407566337,14.20138424217275,18.71838837516019,22.830303869078254,13.12836326514189,36.45933323836175,23.669748065232348,39.44615159191366,45.95524587365969,31.554049353886715,28.910921803730034,28.41648495594851],
        [30.410502632562903,1.3992046478531037,3.012340616265231,62.9369695668656,43.170420999433844,50.16682705609271,49.45963959071685,19.893129561382832,0.0,69.282605618296,58.96984145136072,25.634418280866047,65.34775253760778,31.808227902465763,2.2376822153602696,42.94080711362419,31.098660177795516,61.603027313656355,31.8367070810988,45.85590196894917,15.233399122040321,38.611517936543024,26.890549649689007,33.02149282652472,56.352462799744586,5.072804609115108,59.3392811532965,65.84837543504253,39.34035352334461,16.595029455949206,30.410502632562903],
        [54.38765944107541,70.68181026614911,66.27026500203078,28.381559973322908,26.112184618862173,19.115778562203307,47.490200380446836,49.38947605691318,69.282605618296,0.0,10.31276416693529,72.04824802391678,21.79979270617354,37.47437771583025,71.52028783365628,26.34179850467182,38.183945440500494,7.679578304639657,54.45104158688524,39.753725936655115,54.04920649625569,30.671087681752994,44.7252937285995,36.26111279177129,25.739635190916697,73.05922412214554,9.943324464999515,14.732929446086144,29.942252094951403,78.30039786064322,54.38765944107541],
        [44.07489527414012,60.36904609921383,55.957500835095495,35.46466978845855,15.799420451926885,8.803014395268017,37.17743621351154,39.076711889977894,58.96984145136072,10.31276416693529,0.0,61.735483856981496,28.882902521309184,27.16161354889496,61.207523666720995,19.47992557932719,27.871181273565206,7.667383213549677,44.138277419949944,46.83683575179075,43.736442329320404,32.4909397076389,51.80840354373515,38.28513492917371,32.82274500605234,62.74645995521024,16.915264421734825,21.816039261221785,19.62948792801611,67.98763369370792,44.07489527414012],
        [17.660588582841378,26.554639454218712,27.90419624079749,65.70261197248637,45.93606340505461,52.93246946171348,24.55804764346995,23.640400604251653,25.634418280866047,72.04824802391678,61.735483856981496,0.0,68.11339494322854,34.57387030808653,27.423549326365915,45.70644951924496,33.86430258341629,64.36866971927712,17.59720643703155,48.621544374569936,37.8417848464244,41.37716034216379,46.4707044733299,35.78713523214549,59.11810520536535,20.56161367175094,62.104923558917264,68.6140178406633,42.105995928965385,9.039388824916841,17.660588582841378],
        [50.45280636038717,66.74695718546087,62.33541192134254,6.581767267149365,25.65564278308308,22.02602500668269,47.370424760754744,45.45462297622494,65.34775253760778,21.79979270617354,28.882902521309184,68.11339494322854,0.0,33.539524635142016,67.58543475296804,22.406945423983586,34.24909235981226,21.215519307759507,50.516188506197,19.491850568658606,50.11435341556745,26.73623460106476,38.45720288791877,32.326259711083054,8.99528973786319,69.1243710414573,11.967638099574357,7.066863260087397,31.458852200539003,74.36554477995497,50.45280636038717],
        [26.120397522488457,33.20743255031887,28.795887286200532,31.128741664399833,23.454752502970738,19.82513472657035,45.1695344806424,11.915098341082931,31.808227902465763,37.47437771583025,27.16161354889496,34.57387030808653,33.539524635142016,0.0,34.04591011782603,11.13257921115843,6.036357646153551,29.794799411190592,27.546601971024355,20.15482351059391,16.57482878042544,6.803290034077257,25.126391302538305,11.60312268797686,24.544234897278823,35.58484640631528,27.531053250830734,34.04014753257676,29.257961920426663,40.826020144812965,26.120397522488457],
        [32.19963367806277,0.8689098721472028,5.2500228316255,65.17465178222587,45.40810321479411,52.40450927145298,51.24877063621672,22.1308117767431,2.2376822153602696,71.52028783365628,61.207523666720995,27.423549326365915,67.58543475296804,34.04591011782603,0.0,45.17848932898446,33.33634239315579,63.84070952901662,33.625838126598666,48.093584184309435,17.47108133740059,40.84920015190329,29.128231865049276,35.25917504188499,58.59014501510485,6.861935654614976,61.57696336865676,68.0860576504028,41.578035738704884,18.384160501449074,32.19963367806277],
        [28.045860936403585,44.3400117614773,39.92846649735896,19.996162453241404,16.252665841101088,12.623048064700699,37.96744781877275,23.04767755224136,42.94080711362419,26.34179850467182,19.47992557932719,45.70644951924496,22.406945423983586,11.13257921115843,45.17848932898446,0.0,11.842146935828676,18.662220200032163,28.109243082213414,27.35691017246356,27.70740799158387,13.011014128311707,32.32847796440795,18.80520934984651,13.411655686120394,46.71742561747371,16.398474039672305,22.90756832141833,22.05587525855701,51.958599355971394,28.045860936403585],
        [20.084039876334906,32.49786482564862,28.086319561530285,31.83830938907008,17.418394856817187,19.068166878297188,39.13317683448885,11.205530616412684,31.098660177795516,38.183945440500494,27.871181273565206,33.86430258341629,34.24909235981226,6.036357646153551,33.33634239315579,11.842146935828676,0.0,30.50436713586084,21.510244324870804,26.19118115674746,22.533829321786353,11.845285112595608,31.162748948691856,17.63948033413041,25.25380262194907,34.875278681645035,28.24062097550098,34.749715257247004,23.221604274273112,40.11645242014272,20.084039876334906],
        [46.70808113643575,63.00223196150946,58.59068669739112,27.79728657490887,18.432606314222518,11.43620025756365,39.810622075807174,41.70989775227352,61.603027313656355,7.679578304639657,7.667383213549677,64.36866971927712,21.215519307759507,29.794799411190592,63.84070952901662,18.662220200032163,30.50436713586084,0.0,46.77146328224558,39.169452538241075,46.36962819161603,24.82355649408922,44.14102033018547,30.617751715624024,25.15536179250266,65.37964581750587,9.247881208185149,14.148656047672109,22.262673790311744,70.62081955600355,46.70808113643575],
        [1.4262044485358993,32.756928254451466,34.10648504103024,48.105405535454814,28.33885696802306,35.33526302468193,17.622932509618046,29.842689404484407,31.8367070810988,54.45104158688524,44.138277419949944,17.59720643703155,50.516188506197,27.546601971024355,33.625838126598666,28.109243082213414,21.510244324870804,46.77146328224558,0.0,47.70142548161826,44.044073646657154,33.355529437466416,52.67299327356265,39.149724659001215,41.52089876833381,26.76390247198369,44.50771712188572,51.01681140363174,24.508789491933832,23.84935627375798,1.4262044485358993],
        [46.27522103308236,47.25510661680227,42.843561352683935,17.081067597916427,43.60957601356465,39.97995823716426,65.32435799123631,25.962772407566337,45.85590196894917,39.753725936655115,46.83683575179075,48.621544374569936,19.491850568658606,20.15482351059391,48.093584184309435,27.35691017246356,26.19118115674746,39.169452538241075,47.70142548161826,0.0,30.622502846908848,14.345896044151853,18.965352319260163,12.834409142424448,14.014090745738415,49.63252047279869,29.921571330055926,25.020796490568966,49.41278543102057,54.87369421129637,46.27522103308236],
        [42.617869198121255,16.632603769893425,12.22105850577509,47.703570444825274,39.952224178603544,36.32260640220315,61.66700615627521,14.20138424217275,15.233399122040321,54.04920649625569,43.736442329320404,37.8417848464244,50.11435341556745,16.57482878042544,17.47108133740059,27.70740799158387,22.533829321786353,46.36962819161603,44.044073646657154,30.622502846908848,0.0,23.3781188145027,11.657150527648685,17.7880937044844,41.11906367770426,19.010017625889837,44.10588203125617,50.6149763130022,45.75543359605946,28.802396021507562,42.617869198121255],
        [31.92932498893051,40.01072258439612,35.59917732027779,24.325451630322576,29.263679969412795,25.634062193012404,50.978461947084455,18.71838837516019,38.611517936543024,30.671087681752994,32.4909397076389,41.37716034216379,26.73623460106476,6.803290034077257,40.84920015190329,13.011014128311707,11.845285112595608,24.82355649408922,33.355529437466416,14.345896044151853,23.3781188145027,0.0,19.31746383609625,5.794195221534803,17.740944863201566,42.38813644039254,20.727763216753477,27.236857498499504,35.066889386868716,47.62931017889022,31.92932498893051],
        [51.246788825026755,28.28975429754211,23.878209033423776,36.04641991717659,48.58114380550904,44.951526029108656,70.2959257831807,22.830303869078254,26.890549649689007,44.7252937285995,51.80840354373515,46.4707044733299,38.45720288791877,25.126391302538305,29.128231865049276,32.32847796440795,31.162748948691856,44.14102033018547,52.67299327356265,18.965352319260163,11.657150527648685,19.31746383609625,0.0,13.523268614561445,29.46191315005558,30.667168153538526,34.89313912200032,38.95782578535352,54.38435322296497,37.43131564841306,51.246788825026755],
        [37.72352021046531,34.420697474377825,30.00915221025949,29.915476740340875,35.0578751909476,31.42825741454721,56.77265716861926,13.12836326514189,33.02149282652472,36.26111279177129,38.28513492917371,35.78713523214549,32.326259711083054,11.60312268797686,35.25917504188499,18.80520934984651,17.63948033413041,30.617751715624024,39.149724659001215,12.834409142424448,17.7880937044844,5.794195221534803,13.523268614561445,0.0,23.330969973219865,36.79811133037424,26.317788326771776,32.826882608517806,40.86108460840352,42.03928506887192,37.72352021046531],
        [41.45751662252398,57.75166744759769,53.34012218347935,6.58450676712101,29.595485267826234,25.965867491425847,51.3102672454979,36.45933323836175,56.352462799744586,25.739635190916697,32.82274500605234,59.11810520536535,8.99528973786319,24.544234897278823,58.59014501510485,13.411655686120394,25.25380262194907,25.15536179250266,41.52089876833381,14.014090745738415,41.11906367770426,17.740944863201566,29.46191315005558,23.330969973219865,0.0,60.129081303594106,15.907480584317511,11.006705744830551,35.39869468528216,65.37025504209178,41.45751662252398],
        [25.337698023447793,5.9930257824677735,7.3425825690465505,66.71358807071512,46.94703950328335,53.943445559942226,44.38683498160174,23.669748065232348,5.072804609115108,73.05922412214554,62.74645995521024,20.56161367175094,69.1243710414573,35.58484640631528,6.861935654614976,46.71742561747371,34.875278681645035,65.37964581750587,26.76390247198369,49.63252047279869,19.010017625889837,42.38813644039254,30.667168153538526,36.79811133037424,60.129081303594106,0.0,63.11589965714602,69.62499393889203,43.11697202719413,11.522224846834096,25.337698023447793],
        [44.44433497607589,60.7384858011496,56.32694053703126,18.54940536672372,16.16886015386266,10.058386907108334,37.546875915447316,39.44615159191366,59.3392811532965,9.943324464999515,16.915264421734825,62.104923558917264,11.967638099574357,27.531053250830734,61.57696336865676,16.398474039672305,28.24062097550098,9.247881208185149,44.50771712188572,29.921571330055926,44.10588203125617,20.727763216753477,34.89313912200032,26.317788326771776,15.907480584317511,63.11589965714602,0.0,6.509094281746027,19.998927629951886,68.3570733956437,44.44433497607589],
        [50.95342925782192,67.24758008289562,62.83603481877729,13.648630527236762,22.677954435608687,15.681548378949818,44.055970197193346,45.95524587365969,65.84837543504253,14.732929446086144,21.816039261221785,68.6140178406633,7.066863260087397,34.04014753257676,68.0860576504028,22.90756832141833,34.749715257247004,14.148656047672109,51.01681140363174,25.020796490568966,50.6149763130022,27.236857498499504,38.95782578535352,32.826882608517806,11.006705744830551,69.62499393889203,6.509094281746027,0.0,26.508021911697917,74.86616767738971,50.95342925782192],
        [24.445407346124004,40.739558171197714,36.32801290707938,38.040619467688366,5.803209417455923,10.826473532748096,17.54794828549543,31.554049353886715,39.34035352334461,29.942252094951403,19.62948792801611,42.105995928965385,31.458852200539003,29.257961920426663,41.578035738704884,22.05587525855701,23.221604274273112,22.262673790311744,24.508789491933832,49.41278543102057,45.75543359605946,35.066889386868716,54.38435322296497,40.86108460840352,35.39869468528216,43.11697202719413,19.998927629951886,26.508021911697917,0.0,48.358145765691816,24.445407346124004],
        [23.912738419567805,17.51525062930187,18.864807415880648,71.9547618092128,52.18821324178104,59.18461929843991,32.864610134767645,28.910921803730034,16.595029455949206,78.30039786064322,67.98763369370792,9.039388824916841,74.36554477995497,40.826020144812965,18.384160501449074,51.958599355971394,40.11645242014272,70.62081955600355,23.84935627375798,54.87369421129637,28.802396021507562,47.62931017889022,37.43131564841306,42.03928506887192,65.37025504209178,11.522224846834096,68.3570733956437,74.86616767738971,48.358145765691816,0.0,23.912738419567805],
        [0.0,31.330723805915568,32.68028059249434,48.04202338964499,28.275474822213233,35.271880878872096,19.049136958153944,28.41648495594851,30.410502632562903,54.38765944107541,44.07489527414012,17.660588582841378,50.45280636038717,26.120397522488457,32.19963367806277,28.045860936403585,20.084039876334906,46.70808113643575,1.4262044485358993,46.27522103308236,42.617869198121255,31.92932498893051,51.246788825026755,37.72352021046531,41.45751662252398,25.337698023447793,44.44433497607589,50.95342925782192,24.445407346124004,23.912738419567805,0.0]
    ],
    "vertex_count": 31
}