{
    "drone_dist": [
        [0.0,3750.0843162400197,2767.861214435042,3433.913689938348,1400.730999804535,4871.981952982788,3512.176305204834,2965.6772371687057,3993.076742694778,3381.4108419063996,4470.458112457812,3163.22306330162,4465.784078910444,3969.5488596938876,3511.813197917502,954.5835926700746,3241.681966168545,3641.528218545086,3680.14737897562,1367.7025619517144,4533.468795901535,2960.4065895983945,3928.8756251654454,3644.302312327762,2918.603480451864,2017.9629792333444,863.4274980879054,3640.7267692262435,3083.35593597766,187.1802377095221,5605.32192813588,4253.639644051369,2424.762327555113,3113.73944042704,2797.3267787908917,4557.405273081211,2925.3946497935285,469.2624605161377,3294.68420333521,4258.987685521142,434.6394823148073,2233.3106432751006,4488.735152071382,1340.891498128695,5476.675064567293,938.7031288493375,3548.049433332099,349.9367958773582,1435.3665474697389,5416.452758227064,6470.545691348464,726.6824808910808,3013.8900990704374,4724.681476921826,4634.981923939048,4397.727976551144,3547.6979177327653,3023.181443087322,3965.9548066944303,3737.9455259241904,0.0],
        [3750.0843162400197,0.0,1322.339359068397,339.6106498266433,2513.741800183621,1483.8853057990061,462.6775058606524,3611.6484400991244,2001.5844802799536,545.9436928842229,2525.7977061986426,1883.0749072245908,1356.1243896716435,2273.7265821938745,387.01073789050855,3118.223816816969,3135.782927531887,3374.94361297509,1342.204182363005,2400.869029840206,1676.922023090445,2066.4855991366544,2001.6331007560527,396.243210373914,1240.8393037335868,1741.6536203990945,3145.9436703722267,724.9425651722829,1138.2680405420315,3620.9273528766907,2386.9402281018633,943.7235231326296,2127.5839624768805,1807.1401591930814,1174.8579586065225,1075.3656805321602,1833.2891192824707,4084.2620944284713,3289.0747412251426,1071.9373432447512,3427.298376326421,1615.2651473018138,1797.5900632291894,2578.397848457253,2447.1813764574413,3181.2212654026516,1504.5603710927428,4027.492793326646,2326.916724723495,2172.382084526732,2963.1534686697087,3174.1494840978626,1902.1699949952715,1608.7769565399908,3575.670499038644,4313.433437409756,1121.998605147127,3260.6692100116193,216.16184691114836,1132.8325904637659,3750.0843162400197],
        [2767.861214435042,1322.339359068397,0.0,996.7644150336131,1880.7312379541909,2111.477619175959,1406.3151791060052,2340.0630823187926,2850.3981065658613,1331.7499859735378,3435.1554162224475,836.7231879625372,1698.0883202388882,3043.8982101949564,1340.8286628296448,2412.606215750007,1953.8079520606013,2269.15165009891,2201.2189343435575,1605.9671277498267,2835.9472129900096,2386.458098635151,2821.5574952852535,1032.9408502549607,151.0964476677901,898.1215179897227,2401.273910702221,910.3036711383533,1611.6203302696206,2606.6291005439402,2845.239557321334,1508.1812100971229,2128.4209670559244,2247.7284224491914,1345.6193680649317,2385.1769145995945,654.8526246244229,3011.0901933447894,2103.5925885045103,2291.3161145153613,2377.2840215803863,573.3875708355877,2907.616361266892,1930.2939663527168,2742.050783502043,2021.3534022498864,2251.2319733086497,2982.601435562746,1528.8230583454072,2652.019637060862,3705.9363928100947,2090.1665294104255,766.8632665651847,1959.7448093293895,2774.9438563820413,3251.091472428693,1952.7964510077181,2020.3061206286459,1510.576610431377,2078.0091920987365,2767.861214435042],
        [3433.913689938348,339.6106498266433,996.7644150336131,0.0,2235.693343375628,1640.2130726645453,505.5716454519184,3312.710597466872,2100.346964974173,505.5292288767715,2656.162985446349,1624.696678896968,1414.9435163542514,2349.1156953269005,418.961845146421,2837.513568253806,2863.698599054451,3125.583023261711,1424.6868823828122,2097.2062821322893,1902.6014216491944,1989.803505496725,2089.474930803836,321.64796274202286,928.9499912493702,1418.3933014600552,2859.3500187328236,600.8014194026125,1054.0703965763387,3300.2917405719277,2524.3672250118075,1035.2357603836429,1966.870387743016,1757.159348256883,994.592262395469,1388.4673407672592,1546.4440859343108,3758.3052843785326,3016.822973322948,1322.726494766939,3101.8811515650013,1277.3750242038168,2001.417968575406,2299.1546312556816,2541.5863667386875,2845.3388844660917,1548.748819327634,3704.6202456900123,2021.5768717683964,2310.34344074885,3185.3697473148627,2844.388282142404,1626.000401284264,1687.560725212886,3407.975377099936,4081.366064634595,1180.588543000356,2971.597972016249,549.7059345418476,1243.8871293653106,3433.913689938348],
        [1400.730999804535,2513.741800183621,1880.7312379541909,2235.693343375628,0.0,3820.028432874572,2202.32482423447,3197.361715865483,2609.556782031592,2071.3997479105024,3113.2173823144353,2566.4349403775027,3484.0253208119316,2612.749253112375,2218.410892642495,604.6593572538732,3185.574319093804,3590.8798396485067,2280.422937453955,362.06101937606155,3133.716027240969,1606.154345614411,2547.232173136242,2502.7558776417745,2020.238379682472,982.6465655050927,639.8260267833641,2593.1190400400405,1701.1312535765653,1341.3164120540807,4646.881694297264,3189.4086310152193,1068.9513549811227,1727.654178356833,1441.2076437086955,3205.300855017537,2318.4891603137385,1837.9199724273117,3294.1352162198227,2883.495030816099,1258.6826651669915,1316.453874100566,3088.096177776878,65.79378117679741,4585.161798253493,1382.4931933875253,2147.7362551983833,1738.8718436784004,411.2596106109823,4441.268661646307,5403.728586552466,1169.5151510185863,2435.87093650798,3760.7612061509894,4398.376857486586,4517.570835546292,2156.088837777359,3075.788956273446,2722.775229511033,2346.0470077107007,1400.730999804535],
        [4871.981952982788,1483.8853057990061,2111.477619175959,1640.2130726645453,3820.028432874572,0.0,1943.0052565043572,3775.7047349081827,3336.3403877447063,2029.0984689232712,3775.9063804426996,2068.0403094547496,479.6760063758851,3632.0035086529488,1870.744879394236,4407.823323260237,3149.6232126758873,3213.2698371064503,2737.3062945838747,3623.546634002672,2750.4054424531764,3548.2250998094228,3353.008396001592,1334.7171035574456,1963.04306515467,2898.5252365859055,4416.23507401352,1239.2896182703132,2622.034117407583,4714.786812905247,904.4546948589579,630.9183087773882,3596.431318410365,3283.302517796243,2627.6336581731744,1897.4255769695296,2199.015138342143,5122.0718305782675,3285.4392519518597,2183.9497794412937,4488.016932291177,2641.267356750162,2922.249387668908,3880.293987413607,1012.3384364333023,4124.062030516512,2929.3779632437254,5093.946411773137,3544.9161386253927,690.7719158156427,1599.81834747221,4201.642546665686,2182.9006236486107,400.1127306567173,2950.6437834183507,3962.6665827409556,2553.717467767665,3381.039529054825,1357.9334338998542,2511.832492557759,4871.981952982788],
        [3512.176305204834,462.6775058606524,1406.3151791060052,505.5716454519184,2202.32482423447,1943.0052565043572,0.0,3746.315696659912,1598.1630220214388,131.39851882210502,2150.724075114911,2110.014586319559,1812.8865799242353,1853.8591120197432,88.98094334669346,2803.6504977905756,3331.6891178184155,3609.817411543184,923.9654995860008,2145.0158399611923,1431.8316736534773,1605.3344804398414,1589.8135477739843,771.0691832029314,1371.7593517543435,1565.4242707983747,2841.9639130704163,1089.2704408291738,685.6381456629615,3399.0572464455345,2847.0407061980686,1403.6032277758675,1696.0677437036231,1344.4686099055307,784.6281414220708,1074.8531289346158,2009.3659316228186,3879.605390624534,3484.069859733586,894.1529458250097,3225.6533510024883,1530.8991713932207,1514.9617434119627,2268.0593134175206,2909.769446655151,3041.3512933095076,1063.4721379930954,3810.7628199409473,2076.865687983765,2632.715976825409,3388.583416958588,2995.2079701948637,2098.298355282879,2069.4910385519897,3913.546884532133,4573.1597872746615,685.8112047847255,3420.7711975815,603.0907881591829,738.3488704570892,3512.176305204834],
        [2965.6772371687057,3611.6484400991244,2340.0630823187926,3312.710597466872,3197.361715865483,3775.7047349081827,3746.315696659912,0.0,5119.926973715028,3669.9001695445027,5706.652722460873,1786.9175673370037,3299.979292080903,5272.517803663749,3679.5643611344776,3365.7172843056665,661.7885143247746,867.998132580741,4504.000257000265,2840.9711559618613,5175.515085719942,4442.577233575575,5081.8193171153325,3254.0010473662005,2385.023143514841,2624.428091736803,3289.688128431201,2993.3897862228523,3865.4111976106865,2788.794330143795,4085.438457370823,3387.7400649861684,4017.766291907477,4391.837669215225,3550.5746112287225,4686.89961681717,1781.5721867381842,2832.6262582543545,573.1274345489683,4627.388580153742,2574.8666563473093,2403.0948515349055,5242.603938849385,3200.058286212496,3815.283629045326,2086.5942029093967,4519.972465618181,2907.170368125019,2810.931918571342,3978.3429384784627,5104.64442747736,2362.6187870607255,1727.6999247187161,3430.1969609154708,1920.5595715917964,1432.3612986547096,4262.555199441735,395.21187648350354,3769.107378719269,4402.61547390724,2965.6772371687057],
        [3993.076742694778,2001.5844802799536,2850.3981065658613,2100.346964974173,2609.556782031592,3336.3403877447063,1598.1630220214388,5119.926973715028,0.0,1603.2650016771568,587.3081157371009,3642.3483690525895,3329.035875522727,303.7304045553992,1686.8917173218813,3070.843390527101,4800.522018925454,5118.21618122136,675.9037866184083,2775.5764492255116,860.8944701919304,1054.4695446203116,68.69831276252219,2362.66375770237,2863.472410496527,2566.0217802706925,3149.538400652364,2686.2973947727646,1255.1723017141458,3949.0108589528645,4214.590700477607,2913.0616620598203,1573.2365077725328,881.9027525116225,1572.1321300286186,1578.0097636362095,3500.070834102317,4443.291347228482,4948.430632831467,1191.651610899147,3862.5112152665506,2724.5941080888874,700.8251066779409,2663.629987347859,4347.182052302244,3882.7279365492177,601.5988912741902,4338.683394426048,2742.7073323360482,4010.1072669515365,4504.87257559804,3729.63677861718,3604.224429138916,3556.7120100434204,5501.803288307888,6097.580961605902,923.9850490201557,4840.853760798797,2032.1532987965954,869.2967650732714,3993.076742694778],
        [3381.4108419063996,545.9436928842229,1331.7499859735378,505.5292288767715,2071.3997479105024,2029.0984689232712,131.39851882210502,3669.9001695445027,1603.2650016771568,0.0,2168.459624544262,2065.023595038943,1872.9268859396914,1845.708037800198,164.446311793206,2673.053051427479,3272.0398349698553,3560.5399629456283,927.820438641005,2014.0912791512073,1506.1395572515348,1526.8862700142722,1589.332433127987,802.7060306393048,1309.478905142659,1441.4444082592977,2710.9647677615526,1105.1489280237051,593.2169212692074,3268.986525884756,2931.1938385077146,1470.097977662969,1587.3643472424437,1276.422189422054,659.3429228115251,1198.5121892514064,1950.9223100369204,3750.2941362192696,3423.744986586084,994.7158107684982,3096.8098617118226,1420.139396995744,1576.4261003175013,2137.1191463415034,2981.9490340475086,2918.0554393064854,1043.4818921886317,3680.816578011863,1946.1824743952202,2716.491647900912,3496.8229161011595,2868.2143557458403,2044.6032327110436,2135.557915516122,3898.6967075374214,4529.603867308858,679.7840640617641,3351.4226192418027,710.2555794049451,764.7417033155851,3381.4108419063996],
        [4470.458112457812,2525.7977061986426,3435.1554162224475,2656.162985446349,3113.2173823144353,3775.9063804426996,2150.724075114911,5706.652722460873,587.3081157371009,2168.459624544262,0.0,4220.9042955741925,3816.984398633117,501.3370466618169,2238.2499954029604,3528.977439719405,5386.550007167879,5701.559078879052,1244.0822607988534,3308.5619390946945,1073.7495141657846,1511.6233443311958,625.7739241717892,2901.705746790025,3444.927358273821,3142.415493022663,3613.4477901748382,3229.9646953131623,1842.4088229428592,4440.859913273507,4627.57703232103,3404.8126823057123,2050.150095701818,1407.0989504689312,2157.4484763367336,1919.936252995004,4083.2365098141217,4929.377827195921,5534.740338046391,1591.9747715360834,4371.853938883171,3309.549984286433,886.0956448468519,3163.008531021604,4787.336429360854,4424.177795733356,1188.8320697498366,4819.271810006639,3281.4966689989774,4430.3376896045675,4817.156548618138,4257.371247040747,4186.1332538536435,4028.805383191704,6063.844934948373,6679.599959072114,1495.1880230634765,5428.139725162855,2528.7275388431185,1412.4377693574033,4470.458112457812],
        [3163.22306330162,1883.0749072245908,836.7231879625372,1624.696678896968,2566.4349403775027,2068.0403094547496,2110.014586319559,1786.9175673370037,3642.3483690525895,2065.023595038943,4220.9042955741925,0.0,1589.8322119325926,3852.4350702119086,2030.6053087700814,3024.088533333125,1255.9497209415179,1501.083628665643,2977.446808064281,2241.6109748528384,3527.2928108792994,3223.161426942003,3618.694635277049,1501.975667542241,785.3395771259594,1623.3141310734973,2992.240403440533,1216.719819443557,2426.995327791271,2983.007062516409,2578.0154059221954,1612.7245594169162,2952.8703745119387,3080.2056732443716,2177.279988839689,2946.0314142179395,250.6592501018146,3299.337089998665,1408.9025161009788,2941.923433888189,2735.714041753083,1281.5597228147383,3622.8209735610108,2605.369586691194,2386.090950842005,2279.714927157957,3050.374526954964,3303.343155836416,2172.291827738373,2422.0592119966777,3550.705737563084,2438.7640820285064,149.49804466460563,1777.740518813102,1939.5354698833448,2464.6184173720158,2726.3341360159907,1409.7714501863481,2016.6679860867032,2829.470633040311,3163.22306330162],
        [4465.784078910444,1356.1243896716435,1698.0883202388882,1414.9435163542514,3484.0253208119316,479.6760063758851,1812.8865799242353,3299.979292080903,3329.035875522727,1872.9268859396914,3816.984398633117,1589.8322119325926,0.0,3612.3097285689682,1729.9913902602289,4057.592764810582,2679.298787215008,2760.358982583782,2687.898978227329,3260.243374083887,2848.5638919728617,3395.6343822890285,3335.9843395206585,1093.3060394996965,1547.221192464352,2532.118839558529,4058.5667511269953,898.3300706832454,2457.310574614487,4303.2661077327875,1163.1825899247349,416.41871004289266,3375.437164918541,3149.3390929374423,2404.8540164343153,2034.7047211322702,1728.0421367846563,4695.830380870838,2817.423249600189,2247.7973327413174,4071.173294516824,2250.561035804849,3005.5114415228595,3541.5866155377103,1131.0669826082897,3688.552200784851,2858.890874380557,4673.669162223567,3181.5071486977085,960.6424673460855,2018.3017376023358,3780.7212142897583,1707.1848202420538,279.3705183781676,2583.6949109084376,3546.4360621753804,2476.281804196854,2905.780038744251,1296.8873948977903,2470.2863914239133,4465.784078910444],
        [3969.5488596938876,2273.7265821938745,3043.8982101949564,2349.1156953269005,2612.749253112375,3632.0035086529488,1853.8591120197432,5272.517803663749,303.7304045553992,1845.708037800198,501.3370466618169,3852.4350702119086,3612.3097285689682,0.0,1942.826468920732,3029.4446892820138,4982.629267674888,5312.318061488637,932.753271502593,2813.760462431819,1138.7852550600553,1010.2875425976556,278.99516762215455,2623.823208216672,3068.5969528192427,2680.9869202486075,3113.3425151351057,2942.68387896547,1432.656810791869,3939.524710975095,4513.559616323628,3195.9228055758895,1548.843634438784,918.8086229790538,1726.3937431791717,1881.1010293888144,3697.7796751349424,4428.131763437452,5128.377510245813,1495.241517354837,3871.431901003916,2869.5659366319096,965.6067578684201,2662.1535607204537,4641.676890277462,3931.201952854884,807.1533413418883,4318.237444133301,2788.8180759729476,4308.231383868422,4808.356839595931,3760.151691783943,3805.7151803022075,3844.5601617645493,5734.916491160839,6294.942410032597,1169.1226069895113,5008.088257891168,2316.3007817217185,1142.9592398479954,3969.5488596938876],
        [3511.813197917502,387.01073789050855,1340.8286628296448,418.961845146421,2218.410892642495,1870.744879394236,88.98094334669346,3679.5643611344776,1686.8917173218813,164.446311793206,2238.2499954029604,2030.6053087700814,1729.9913902602289,1942.826468920732,0.0,2821.588359803982,3257.0540283365995,3531.1708955964614,1012.8882115756103,2146.6187553735945,1503.9752743484614,1679.8389686308444,1678.7440580599748,682.4228669506911,1300.1548072290614,1546.3538881085647,2857.1206031028846,1000.3054637079454,752.0081702006985,3394.891311212155,2773.9473554620704,1322.513681073841,1751.6265468839129,1422.9078359877487,820.1719804635237,1103.2168299746293,1935.0504075019605,3872.103168822749,3409.662472264667,951.6846428078676,3216.756448646854,1493.1207402264854,1592.43858910671,2283.986369683358,2831.277315388483,3019.1928581234474,1151.711101646249,3805.8736257551727,2076.8641884467097,2559.392816940629,3332.4197600070233,2981.0592759831898,2021.9943141639158,1988.5746332889748,3826.5573080050062,4492.472327524595,774.6391323620365,3350.4764068685845,545.8167537444706,825.8183550365246,3511.813197917502],
        [954.5835926700746,3118.223816816969,2412.606215750007,2837.513568253806,604.6593572538732,4407.823323260237,2803.6504977905756,3365.7172843056665,3070.843390527101,2673.053051427479,3528.977439719405,3024.088533333125,4057.592764810582,3029.4446892820138,2821.588359803982,0.0,3466.1228719551696,3877.5713355176376,2818.1686595545452,806.640096000528,3666.7202316978924,2025.1323250009232,3005.085608248087,3099.0889829338666,2558.383531899311,1528.7515229172936,97.33368095645835,3174.2965282714144,2276.8715386077934,966.813258874202,5220.524506189034,3776.9203432455984,1497.730685027703,2200.6265550704097,2035.0410357746575,3792.272698796193,2773.4298536971573,1422.9888448713887,3555.9981860938583,3457.8987651672123,996.5772465549331,1839.291252681367,3605.0041261429565,539.8274433844102,5144.66896843304,1333.8105242154127,2665.40919647681,1303.9961423937077,883.9726741460322,5017.479205846871,5997.015853691594,1060.274068440643,2884.240128419381,4332.070304459958,4763.566341237578,4752.82298794786,2716.636522135942,3311.978332813615,3327.4258822701963,2904.8533375820607,954.5835926700746],
        [3241.681966168545,3135.782927531887,1953.8079520606013,2863.698599054451,3185.574319093804,3149.6232126758873,3331.6891178184155,661.7885143247746,4800.522018925454,3272.0398349698553,5386.550007167879,1255.9497209415179,2679.298787215008,4982.629267674888,3257.0540283365995,3466.1228719551696,0.0,411.5543160131848,4155.01599878629,2823.8526119460266,4760.717226907089,4234.434645563707,4769.3948056441095,2757.652516320436,1962.5725471783046,2445.2307899069256,3403.1982827589404,2469.8148341098195,3552.0511833771984,3056.1382155977703,3426.4014264695006,2803.034442660838,3865.5797237355905,4143.098094308956,3260.5562657823807,4201.735937206927,1322.3295274296481,3195.9347704881097,153.31279130894814,4186.0835504729985,2819.715843358392,2163.47830016378,4845.815963862273,3201.751106443833,3153.930691777873,2310.054681672069,4199.698838425173,3249.3026470938416,2777.643533000506,3323.2161335313654,4446.434007163542,2563.652930083533,1237.7194332568642,2792.6362785663846,1414.2450123943713,1352.18905146796,3906.5190254848526,295.62351242988876,3272.605825694728,4028.2360425501465,3241.681966168545],
        [3641.528218545086,3374.94361297509,2269.15165009891,3125.583023261711,3590.8798396485067,3213.2698371064503,3609.817411543184,867.998132580741,5118.21618122136,3560.5399629456283,5701.559078879052,1501.083628665643,2760.358982583782,5312.318061488637,3531.1708955964614,3877.5713355176376,411.5543160131848,0.0,4462.18120215139,3229.5895930771017,5028.15271687402,4596.50036932659,5090.3481015878715,2986.0280733130285,2258.137993590308,2826.3815364305806,3814.751569451223,2679.6292773795976,3879.666921615972,3456.768920967689,3380.425409887826,2939.1866919895906,4244.540238673182,4492.214607982022,3600.010649881429,4423.570459353488,1618.3227227314758,3578.746188085559,351.0565555448745,4440.014169898927,3222.6626612927234,2531.88828492602,5123.57758621581,3608.3256079449893,3085.58101548974,2713.802605224955,4520.041374308308,3637.1648997301245,3181.8351867537763,3300.98095744036,4399.666661101089,2970.5040582973324,1517.371537467831,2835.0128785312036,1061.3375998745637,984.4366955196759,4211.827357120539,629.3090906013014,3493.855228803903,4323.260965758934,3641.528218545086],
        [3680.14737897562,1342.204182363005,2201.2189343435575,1424.6868823828122,2280.422937453955,2737.3062945838747,923.9654995860008,4504.000257000265,675.9037866184083,927.820438641005,1244.0822607988534,2977.446808064281,2687.898978227329,932.753271502593,1012.8882115756103,2818.1686595545452,4155.01599878629,4462.18120215139,0.0,2369.74717679241,853.336230223569,1017.8723281087183,665.8599323792424,1692.03540181016,2204.1539142651905,2026.9444452843159,2883.194582629597,2013.1386607514812,670.3212010593459,3608.4073731184576,3632.1577841743388,2271.677942520393,1385.3237799981064,732.6291514043943,1005.5021043065079,1173.8661012531572,2844.461687822483,4106.20498003149,4304.5806902675195,764.3604578436814,3487.0827830057774,2135.583609943683,824.2491692836335,2341.8694309999955,3739.5055476910993,3432.8604058443393,220.4392677365033,4013.7637904712474,2322.6327009755673,3422.639453475878,4019.0557655104153,3315.2639718557234,2945.364053071247,2926.91700061381,4826.511946020225,5438.157257658389,251.1514741020499,4209.727348280952,1397.0345863160533,226.56169989199958,3680.14737897562],
        [1367.7025619517144,2400.869029840206,1605.9671277498267,2097.2062821322893,362.06101937606155,3623.546634002672,2145.0158399611923,2840.9711559618613,2775.5764492255116,2014.0912791512073,3308.5619390946945,2241.6109748528384,3260.243374083887,2813.760462431819,2146.6187553735945,806.640096000528,2823.8526119460266,3229.5895930771017,2369.74717679241,0.0,3217.001101004457,1828.2439926624688,2717.1814992549703,2335.872280263128,1751.9194078300036,728.1558272489189,799.0836586390608,2385.385523681999,1739.7904393982317,1263.5123537183174,4422.027412717346,2993.7274424461034,1309.6248979175498,1902.9617466888815,1438.423907855164,3191.316478482628,1991.7080793580208,1755.2544018233327,2932.0851635453328,2902.4060453181346,1119.462399102953,1032.6578032975672,3191.8827981914765,380.49015702821384,4340.217962939301,1119.1784286960892,2265.506117708823,1675.7368975312424,78.77540250140898,4220.844486929967,5219.127503553736,954.8068475305274,2106.492039358774,3532.988501904207,4047.1833741908986,4155.593460411673,2212.7180480078714,2714.180165676345,2615.405274007188,2401.9755808293216,1367.7025619517144],
        [4533.468795901535,1676.922023090445,2835.9472129900096,1902.6014216491944,3133.716027240969,2750.4054424531764,1431.8316736534773,5175.515085719942,860.8944701919304,1506.1395572515348,1073.7495141657846,3527.2928108792994,2848.5638919728617,1138.7852550600553,1503.9752743484614,3666.7202316978924,4760.717226907089,5028.15271687402,853.336230223569,3217.001101004457,0.0,1766.3131083789726,917.9447467057349,2073.066348609582,2803.3318170514226,2824.1951728733184,3733.5295326493956,2401.260410844567,1488.1220666498753,4460.738002982117,3576.9898346272635,2450.496970805754,2207.8571452307115,1512.0869554523993,1815.1903117991922,860.4685806213029,3438.9548709279075,4958.388032677597,4913.424293526643,613.4803558566012,4335.864988389837,2883.938581960544,188.42706432780628,3195.0547906022985,3754.8084908505493,4262.808637447609,1005.6709278750951,4866.6927568586625,3167.3579876962367,3385.101409632134,3744.042698425905,4156.790141204714,3524.6060621783513,3035.3148615890814,5247.413241526551,5980.476909471631,1012.6813161421379,4852.564771384048,1615.5906465050077,830.3835352824237,4533.468795901535],
        [2960.4065895983945,2066.4855991366544,2386.458098635151,1989.803505496725,1606.154345614411,3548.2250998094228,1605.3344804398414,4442.577233575575,1054.4695446203116,1526.8862700142722,1511.6233443311958,3223.161426942003,3395.6343822890285,1010.2875425976556,1679.8389686308444,2025.1323250009232,4234.434645563707,4596.50036932659,1017.8723281087183,1828.2439926624688,1766.3131083789726,0.0,987.0349873342981,2308.6864605259225,2452.6712312815125,1818.2839451223651,2107.014784843953,2574.289099729786,938.3581252286251,2929.258518298915,4452.3650567610775,2996.49649365818,538.9020613904003,290.043815917333,1067.3875425737629,2185.998925318387,3028.2676763079735,3418.041793976372,4371.801517746625,1780.265890190156,2864.204743248266,2071.4779931146486,1661.659912753148,1653.9431920983102,4508.819340505038,2947.062546968694,804.3046846371421,3308.7114163463384,1811.3363000827408,4238.050159239146,4950.075630540128,2763.201896148487,3146.1586454530634,3661.2378665610345,5159.470543549364,5578.450281887956,1071.8347732592067,4217.789360711636,2197.815905335474,1204.8430676282685,2960.4065895983945],
        [3928.8756251654454,2001.6331007560527,2821.5574952852535,2089.474930803836,2547.232173136242,3353.008396001592,1589.8135477739843,5081.8193171153325,68.69831276252219,1589.332433127987,625.7739241717892,3618.694635277049,3335.9843395206585,278.99516762215455,1678.7440580599748,3005.085608248087,4769.3948056441095,5090.3481015878715,665.8599323792424,2717.1814992549703,917.9447467057349,987.0349873342981,0.0,2357.378583562307,2837.9685822207734,2519.1596027846117,3084.1603466404713,2678.996579876306,1219.7407976711315,3886.0079756098503,4234.926471957067,2919.6883632367,1507.7251411813602,819.9008590030481,1531.9205903326533,1614.8160895353778,3472.7399985869415,4379.887627044527,4916.784226614858,1222.6282578858668,3801.2751742451633,2683.838425256534,762.2830643514086,2600.892872576322,4362.732418486604,3826.1495425380695,570.3278747299287,4274.8064155430375,2685.2843836043394,4029.419372030409,4539.273821360162,3670.757848599015,3578.0140616288504,3566.8190678300703,5486.074516773717,6070.778942208691,909.6473779448211,4806.049781707014,2039.4552686876636,869.052103193467,3928.8756251654454],
        [3644.302312327762,396.243210373914,1032.9408502549607,321.64796274202286,2502.7558776417745,1334.7171035574456,771.0691832029314,3254.0010473662005,2362.66375770237,802.7060306393048,2901.705746790025,1501.975667542241,1093.3060394996965,2623.823208216672,682.4228669506911,3099.0889829338666,2757.652516320436,2986.0280733130285,1692.03540181016,2335.872280263128,2073.066348609582,2308.6864605259225,2357.378583562307,0.0,924.7374363512787,1629.46137915051,3114.782180147764,331.06341989267895,1371.2840021338254,3501.685959293749,2209.503906194618,718.7030118548834,2286.1264552137786,2071.3803964359013,1314.068096642675,1444.0888407193513,1472.525058543323,3944.700670191406,2910.727605812363,1467.8034061983033,3292.234544660862,1433.5760635187899,2191.9331060882005,2564.731724924386,2220.5966805393937,2997.4998834716744,1833.915617680346,3899.2825466795916,2258.425351442797,1996.1198467782935,2901.878399367691,3022.901826804171,1531.9485226824743,1366.3443162690496,3182.636268782614,3919.5068429516723,1456.8130680094478,2894.4439911155914,516.2070682520617,1494.9783625435957,3644.302312327762],
        [2918.603480451864,1240.8393037335868,151.0964476677901,928.9499912493702,2020.238379682472,1963.04306515467,1371.7593517543435,2385.023143514841,2863.472410496527,1309.478905142659,3444.927358273821,785.3395771259594,1547.221192464352,3068.5969528192427,1300.1548072290614,2558.383531899311,1962.5725471783046,2258.137993590308,2204.1539142651905,1751.9194078300036,2803.3318170514226,2452.6712312815125,2837.9685822207734,924.7374363512787,0.0,1038.1330333338549,2548.490790879491,773.4880200122439,1641.6949214653716,2756.927951621966,2694.2407737906865,1363.82696372894,2221.457833160674,2299.0780761082456,1396.8033084105623,2312.952703718368,642.1725790467109,3159.0407880674124,2114.3695391201877,2243.348529598402,2526.895719488673,720.4428258322752,2883.9547215620305,2071.0196388132904,2592.736501515556,2165.6728027424742,2268.551208459658,3131.70780799216,1674.4110188120535,2500.9232442356556,3556.2601310855503,2238.9996035423924,741.2867796619828,1808.648456573286,2708.45809998869,3234.6733308545454,1953.702758155184,2050.4862317055868,1418.7181311272022,2067.8199724752994,2918.603480451864],
        [2017.9629792333444,1741.6536203990945,898.1215179897227,1418.3933014600552,982.6465655050927,2898.5252365859055,1565.4242707983747,2624.428091736803,2566.0217802706925,1441.4444082592977,3142.415493022663,1623.3141310734973,2532.118839558529,2680.9869202486075,1546.3538881085647,1528.7515229172936,2445.2307899069256,2826.3815364305806,2026.9444452843159,728.1558272489189,2824.1951728733184,1818.2839451223651,2519.1596027846117,1629.46137915051,1038.1330333338549,0.0,1526.6239088332363,1659.4416750358173,1356.6264514345107,1881.9438051130633,3694.1059251860165,2269.8415720508665,1420.390889129513,1778.4086939568845,1021.4475616713597,2639.7262359620295,1383.7642589281643,2342.694495987343,2575.727208302847,2409.1699984475727,1685.68117226753,343.35102106968765,2838.164709864812,1032.8910444402347,3616.2194628925795,1476.7090191136172,1986.1579950227526,2286.5670377879337,649.4037580923741,3492.7032951923807,4496.059658090962,1437.6732747294266,1505.0624530413654,2805.142442988118,3521.2793320478986,3797.133858852235,1818.9207844831335,2406.4019652231327,1957.7633823402202,1994.6449392789111,2017.9629792333444],
        [863.4274980879054,3145.9436703722267,2401.273910702221,2859.3500187328236,639.8260267833641,4416.23507401352,2841.9639130704163,3289.688128431201,3149.538400652364,2710.9647677615526,3613.4477901748382,2992.240403440533,4058.5667511269953,3113.3425151351057,2857.1206031028846,97.33368095645835,3403.1982827589404,3814.751569451223,2883.194582629597,799.0836586390608,3733.5295326493956,2107.014784843953,3084.1603466404713,3114.782180147764,2548.490790879491,1526.6239088332363,0.0,3180.0279724002116,2330.2424116597167,870.6167530331458,5220.72770451442,3785.6142385959483,1576.4484666788826,2276.327728227624,2079.6303563033134,3841.408542125222,2741.7266894739523,1330.8035960518846,3490.4431965778103,3512.56250590055,899.8647108450925,1828.1462488367497,3675.178266276522,574.0411977808083,5138.742675561927,1246.4729300265494,2734.523643159609,1213.2774879344488,877.6306440190646,5019.0517099600675,6008.6093586429015,970.9919632397373,2850.810584680519,4331.761924166274,4711.331593991431,4682.385780487144,2775.539909891712,3243.6869064845855,3356.624363974079,2964.441216675448,863.4274980879054],
        [3640.7267692262435,724.9425651722829,910.3036711383533,600.8014194026125,2593.1190400400405,1239.2896182703132,1089.2704408291738,2993.3897862228523,2686.2973947727646,1105.1489280237051,3229.9646953131623,1216.719819443557,898.3300706832454,2942.68387896547,1000.3054637079454,3174.2965282714144,2469.8148341098195,2679.6292773795976,2013.1386607514812,2385.385523681999,2401.260410844567,2574.289099729786,2678.996579876306,331.06341989267895,773.4880200122439,1659.4416750358173,3180.0279724002116,0.0,1645.8020253229815,3487.490767863551,2056.6712488894773,613.3553757510177,2501.500904029701,2351.22006099016,1540.8935592839123,1744.0864696159426,1223.2985729391282,3908.506541757572,2622.091019221518,1793.5150185007924,3265.908776235024,1407.428158372909,2522.224919548314,2651.8927249677004,2023.4452331823634,2929.1103067042536,2146.4746172356795,3873.6743169785304,2306.682017789869,1849.1387355547881,2838.135597213099,2984.8419611924064,1265.8939897715898,1177.5918769342334,2851.7067513285815,3602.050775866321,1773.7184405421458,2623.6137256940783,815.6329789143367,1820.717416659015,3640.7267692262435],
        [3083.35593597766,1138.2680405420315,1611.6203302696206,1054.0703965763387,1701.1312535765653,2622.034117407583,685.6381456629615,3865.4111976106865,1255.1723017141458,593.2169212692074,1842.4088229428592,2426.995327791271,2457.310574614487,1432.656810791869,752.0081702006985,2276.8715386077934,3552.0511833771984,3879.666921615972,670.3212010593459,1739.7904393982317,1488.1220666498753,938.3581252286251,1219.7407976711315,1371.2840021338254,1641.6949214653716,1356.6264514345107,2330.2424116597167,1645.8020253229815,0.0,2996.841790704986,3524.394019074074,2059.4900624851507,1022.5365159705078,705.660652781571,335.18096269728466,1521.0221113262608,2265.9980915665733,3492.229945991469,3698.7136036785832,1182.6599472749424,2858.7588491544516,1476.8059597631734,1486.1485332987563,1765.6716190119503,3572.486233678959,2775.0876782507444,654.5614463364793,3406.983003623567,1686.0536002468216,3309.6999727086068,4070.9998803958147,2670.7912852712866,2375.1361449844726,2723.5192564244253,4332.672204165721,4862.43587181037,475.94341955991786,3586.3510823624506,1288.4397438208887,663.3061857751431,3083.35593597766],
        [187.1802377095221,3620.9273528766907,2606.6291005439402,3300.2917405719277,1341.3164120540807,4714.786812905247,3399.0572464455345,2788.794330143795,3949.0108589528645,3268.986525884756,4440.859913273507,2983.007062516409,4303.2661077327875,3939.524710975095,3394.891311212155,966.813258874202,3056.1382155977703,3456.768920967689,3608.4073731184576,1263.5123537183174,4460.738002982117,2929.258518298915,3886.0079756098503,3501.685959293749,2756.927951621966,1881.9438051130633,870.6167530331458,3487.490767863551,2996.841790704986,0.0,5438.406009221357,4099.523188568222,2390.8043531113585,3067.3714586068468,2701.394890221154,4453.1837132613655,2746.640635383425,497.9454862516514,3110.447477130875,4165.336130020936,248.99937176047362,2081.3788447236807,4423.148862355031,1285.6294019358736,5305.227405882096,751.5950630609369,3485.0732736743203,412.41556098922916,1326.1368380921936,5251.1878151814335,6311.936557307362,544.3490882156424,2833.577067604682,4559.99506763348,4448.224991729891,4220.126004201821,3465.9218496773706,2839.668519890701,3837.060983026641,3655.960129745309,187.1802377095221],
        [5605.32192813588,2386.9402281018633,2845.239557321334,2524.3672250118075,4646.881694297264,904.4546948589579,2847.0407061980686,4085.438457370823,4214.590700477607,2931.1938385077146,4627.57703232103,2578.0154059221954,1163.1825899247349,4513.559616323628,2773.9473554620704,5220.524506189034,3426.4014264695006,3380.425409887826,3632.1577841743388,4422.027412717346,3576.9898346272635,4452.3650567610775,4234.926471957067,2209.503906194618,2694.2407737906865,3694.1059251860165,5220.72770451442,2056.6712488894773,3524.394019074074,5438.406009221357,0.0,1490.8165034427493,4489.2012820865875,4187.748200781467,3517.735912544015,2716.553909019234,2767.1841685522036,5812.680458637948,3539.4658490054253,3041.408049224947,5201.63351125951,3406.538881781992,3756.3528959381647,4704.6228967788065,335.8165792451599,4795.840077500906,3827.999807639256,5798.299611671253,4343.337494370677,214.79988241031492,1021.0834661892117,4907.73487047453,2716.7469615596406,889.1079315715451,2831.1315454360374,3948.3997621136614,3454.607372839868,3696.3094366314017,2261.6185028391596,3405.925297335385,5605.32192813588],
        [4253.639644051369,943.7235231326296,1508.1812100971229,1035.2357603836429,3189.4086310152193,630.9183087773882,1403.6032277758675,3387.7400649861684,2913.0616620598203,1470.097977662969,3404.8126823057123,1612.7245594169162,416.41871004289266,3195.9228055758895,1322.513681073841,3776.9203432455984,2803.034442660838,2939.1866919895906,2271.677942520393,2993.7274424461034,2450.496970805754,2996.49649365818,2919.6883632367,718.7030118548834,1363.82696372894,2269.8415720508665,3785.6142385959483,613.3553757510177,2059.4900624851507,4099.523188568222,1490.8165034427493,0.0,3002.0097448229385,2744.9067323622676,2029.7729884153187,1657.4896058442353,1694.378715698774,4516.427368867542,2949.14430445879,1844.3995134798483,3876.4251921334885,2020.477972143318,2602.9200719508326,3249.5457985096623,1513.1961237180244,3529.2238256842916,2443.973456107218,4483.7925163353975,2915.157612507616,1277.5817449486879,2226.238550048122,3593.4957731118175,1703.204139374756,666.061097572368,2889.4089982911737,3786.2486982340365,2061.4940938314667,3000.4848868989225,880.9863460013116,2053.8714103143307,4253.639644051369],
        [2424.762327555113,2127.5839624768805,2128.4209670559244,1966.870387743016,1068.9513549811227,3596.431318410365,1696.0677437036231,4017.766291907477,1573.2365077725328,1587.3643472424437,2050.150095701818,2952.8703745119387,3375.437164918541,1548.843634438784,1751.6265468839129,1497.730685027703,3865.5797237355905,4244.540238673182,1385.3237799981064,1309.6248979175498,2207.8571452307115,538.9020613904003,1507.7251411813602,2286.1264552137786,2221.457833160674,1420.390889129513,1576.4484666788826,2501.500904029701,1022.5365159705078,2390.8043531113585,4489.2012820865875,3002.0097448229385,0.0,707.8062370776642,972.2826886712506,2486.7531664333155,2736.0545252095308,2880.5698417758517,3995.8883711602875,2104.6899849151723,2326.009899615651,1718.4480559627996,2127.8917062118717,1115.5886945955338,4505.5987795166075,2423.947149363942,1203.6504481395757,2772.3409595767534,1300.759263082191,4274.739526795465,5083.7789623128565,2231.375426253208,2857.396063209348,3651.1507306989233,4888.821438657927,5217.342262356547,1348.84433338643,3821.269936167326,2296.792405510726,1520.7989604819693,2424.762327555113],
        [3113.73944042704,1807.1401591930814,2247.7284224491914,1757.159348256883,1727.654178356833,3283.302517796243,1344.4686099055307,4391.837669215225,881.9027525116225,1276.422189422054,1407.0989504689312,3080.2056732443716,3149.3390929374423,918.8086229790538,1422.9078359877487,2200.6265550704097,4143.098094308956,4492.214607982022,732.6291514043943,1902.9617466888815,1512.0869554523993,290.043815917333,819.9008590030481,2071.3803964359013,2299.0780761082456,1778.4086939568845,2276.327728227624,2351.22006099016,705.660652781571,3067.3714586068468,4187.748200781467,2744.9067323622676,707.8062370776642,0.0,902.9262230754351,1896.9332603317782,2899.19941778645,3562.098843041058,4284.586849715541,1492.4516402823951,2981.4445165224556,1994.4445620749912,1422.9635486180114,1781.8517563935593,4253.975103171028,3017.219489594831,524.5653242112977,3458.403856847398,1874.5915760515115,3973.9281946914784,4667.325285794648,2854.5010397196193,3013.956200947975,3410.868240892897,5005.797234910676,5476.509166642397,783.097504870384,4146.108484716719,1928.0575558802882,915.0845074526584,3113.73944042704],
        [2797.3267787908917,1174.8579586065225,1345.6193680649317,994.592262395469,1441.2076437086955,2627.6336581731744,784.6281414220708,3550.5746112287225,1572.1321300286186,659.3429228115251,2157.4484763367336,2177.279988839689,2404.8540164343153,1726.3937431791717,820.1719804635237,2035.0410357746575,3260.5562657823807,3600.010649881429,1005.5021043065079,1438.423907855164,1815.1903117991922,1067.3875425737629,1531.9205903326533,1314.068096642675,1396.8033084105623,1021.4475616713597,2079.6303563033134,1540.8935592839123,335.18096269728466,2701.394890221154,3517.735912544015,2029.7729884153187,972.2826886712506,902.9262230754351,0.0,1766.0353735529902,1998.5498433038022,3193.616553819834,3404.956504099192,1464.0021760116697,2552.4982014498833,1152.4706550210055,1819.4558653908437,1506.872727551162,3534.225271338761,2448.6757985786962,977.4001905220947,3113.24122760509,1379.6735132434353,3303.415966565435,4137.893008329369,2353.871278146052,2112.3291942844085,2679.7782776730337,4104.736583801372,4584.351613330116,803.3303325682095,3281.6985370496286,1360.8476641118518,985.6180675951841,2797.3267787908917],
