{
    "drone_dist": [
        [0.0,4180.09669015523,1093.1616214647336,4645.570736959278,3615.140503561603,3151.7308022116426,3180.5236346311117,2200.4255347730677,2370.626532407382,796.9927216468758,3112.1808478878847,2857.2308470940397,2424.9139737845016,1221.8378055152455,537.527103514461,2644.382741762068,2492.5179188810757,3829.9498773281152,1991.914351101869,972.3854046215666,4090.9218997493736,3060.8303666223846,4626.794862575132,4201.037544633624,2265.636074474408,869.1382478640334,1874.2902466734704,4282.9347821435085,2890.671757162655,4009.2490637897736,3688.748892183955,4193.8004942578455,5055.851290722318,2327.777059630455,1696.4232053362593,1049.512439224016,2221.2060740748084,1711.4607726750905,1493.958979924737,1317.6993973020578,4338.350141621056,2951.475989173003,2053.0858598800874,3218.1593877936725,5198.434130451267,5391.522721780267,3790.6975446014453,5388.166228683006,2543.395868264042,2329.034428966597,3302.5488790759064,561.5207566875835,4644.632564698323,4656.653132727212,1610.2395788713852,4274.528954200174,4368.544286090706,1501.4899101734231,1931.410477496287,2277.4782864816593,2981.0348319590707,4393.30306953393,4470.466136131276,1118.8303891993296,3838.369770149192,2510.4569581215032,388.7145299475767,4162.51452975728,1176.6583895710962,3895.9262811053854,2982.3413353254446,2769.0418487030606,2051.072889873407,5575.933960415398,3387.449506095684,4250.684777190016,1460.729835767451,2087.6951592008922,5279.185232387233,3319.1013190015087,0.0],
        [4180.09669015523,0.0,3595.619009353901,466.8420543509043,3752.987984480342,2071.622579010285,3003.6961438656676,3249.02519585739,1851.8516254390443,3469.500128412679,3522.8951166122492,2900.7150666043617,1760.2831573793324,3467.884856556575,3736.350673475901,2888.460439589643,2015.94711000507,4544.37264120024,2338.161883945105,3291.3349066268147,3246.1154748609015,1186.1509412204675,1926.4096686919659,4301.190503373806,2073.072134689958,3834.5294807695404,4185.921216657746,3956.433566648667,2550.3003598281152,2417.862755786296,3821.7981985384167,152.37254602130338,901.4850632061009,4149.961988781892,2542.815477023961,3723.6068124249514,1962.2103765257646,3583.593873586391,2901.0085420787877,3028.3466148803955,2331.4162685737515,2846.623048308019,4139.659133605677,4257.5607832262085,1583.6461506182306,2010.2881768793338,1758.7811260534804,1844.3970795771147,2328.3664870079683,2485.122412715067,1010.422524650536,3813.9777451887066,1282.9472392423725,1165.7385160029003,3076.8860610801257,905.2242482646003,1745.5073700269188,3154.990936744263,3105.028297182172,3672.1688001038196,2231.9026776513847,693.2066237332496,357.93805542194957,3066.8089964403184,1656.6165275024566,3138.9635799677435,3983.6079444817424,466.05745066574593,4529.425994349597,486.94979481343034,4006.835709768375,3958.814202780227,2140.662712390059,1764.899656329736,2002.4855289925172,3775.4124605202455,2742.4707175814524,2958.6425130539837,1831.188158943464,3012.9184992731243,4180.09669015523],
        [1093.1616214647336,3595.619009353901,0.0,4057.3033692771305,4089.003979182893,2181.2800829419934,3483.5013233431246,1107.490152365662,2022.1134693394622,1179.7668831426004,3580.5725180329678,1778.0994286801497,1980.3937035558558,1753.112926648373,609.8523510429807,1568.8986291054682,1660.5377979701666,4478.652818203483,1869.9883203877362,1220.386329073211,4366.497452589708,2637.6079613407674,4483.642693453737,4733.922419072521,1527.4962504483058,1632.3269037872592,2692.3772778840935,4716.819362605621,1850.3866890556687,2979.769004051024,4171.506559018462,3573.4615898770553,4496.8786390731975,3077.4850128385383,1097.4805426077176,128.07125278203915,1795.1069243544575,2313.982908121808,696.7082738765139,599.402427486508,4338.920383249581,1876.0387854409828,2833.82223440621,3881.3198212352977,4858.374952716248,5132.086808675401,3681.8529783986583,5080.423197264976,2597.6241183005286,1357.5351161474453,2617.739811595066,1291.7930946304077,4330.1015696841305,4309.02576538181,598.34142105983,3491.450713457878,4210.768767212244,1856.6637161520287,2306.517506990005,2875.7823341654675,1990.8760439397545,3960.0694042413284,3926.4435986222784,1038.343529589413,2915.6615864784717,2899.4519221143223,707.9842609826585,3692.021250295108,2196.6115573783704,3225.0071691239127,3607.6517377601094,3406.8230062694456,1525.8558984917704,5189.433464784104,3362.2849746061324,4643.021159331228,993.6654118357193,2399.5006300074024,4993.4371252528545,3613.616769590535,1093.1616214647336],
        [4645.570736959278,466.8420543509043,4057.3033692771305,0.0,4016.553170662814,2437.320558247476,3300.311746018081,3671.882110207658,2307.866322553759,3930.01394720779,3831.9864922065835,3279.3484544598796,2223.5793264787644,3910.792968880902,4203.189483938777,3285.2395326730775,2459.8925998944746,4817.797607236261,2784.697631461252,3751.0315933211773,3433.3617292624904,1630.4706953779496,1938.8491371173702,4525.417294266175,2532.0684505676486,4285.103515001282,4594.212227936968,4153.364113337634,2931.142939195227,2653.391472685049,4079.903013832896,492.3542690718722,450.54282754958695,4531.170340697267,3009.048679299818,4185.18785747585,2426.195922183693,3999.908688273572,3363.835394171747,3493.1900638699403,2436.555672086253,3217.117302261806,4537.5284124292875,4574.802419015954,1356.8104598394602,1811.926794814067,1970.0285639450651,1610.5369897262522,2715.4425686381883,2917.594352875682,1454.9743263852397,4273.530556034039,1223.4133088838266,1084.1794133393548,3531.3246592644273,1052.5565578403728,1814.8766255817152,3592.095318871564,3515.7792156900127,4052.3205242137833,2612.483153534351,705.4954977846293,253.79977521132167,3531.120649588172,1920.2569720152082,3502.8458278131643,4450.449539998153,663.8669567223245,4972.0266989992515,875.0085297499757,4337.094839501192,4305.349940642074,2607.493183367216,1438.854727406013,2284.979634559618,3966.844420472557,3209.3091077372587,3361.807746285269,1632.3954701019666,3293.373133573874,4645.570736959278],
        [3615.140503561603,3752.987984480342,4089.003979182893,4016.553170662814,0.0,4614.277486719519,796.439396745259,4757.672467139929,2762.841033710994,2975.516495719237,510.94412061008677,5012.837924390542,2965.1928548471087,2420.103845710127,3647.7037268705462,4841.635180364296,3889.6646002863286,804.6748630544203,2469.903875232246,2884.8605244086616,866.5560612898194,2902.5907079979443,2496.533056001188,668.9082663893051,3619.5275565515144,2748.74935898269,1966.1430421247715,673.5512377563679,4780.180607226944,5457.682128936561,86.1778537557587,3883.0675228469822,4161.863250428365,1521.095582909269,3391.6644942755747,4162.087648464883,2959.680147712931,1904.2747750947508,3722.9429373567223,3656.3523795759174,1879.8452827593653,5044.297893696647,1770.88961808536,808.5256866723423,3490.916866937234,3351.5034045570937,2056.042281382906,3508.6733426685255,1799.7363252579346,4225.486431394277,3712.8637559136023,3065.1286352642583,3074.894049928703,3192.649475626531,4085.496807535013,4514.728433848962,2416.217373174745,2237.664654013253,1782.8774538750608,1353.9640813040376,4602.108936142817,3345.094540777636,3763.241164425359,3058.489096204756,4811.716686371482,1192.7715455068544,3791.7891934224026,3360.897914111454,2863.738729902258,3910.845514385117,800.3997814082416,976.8443884314133,3189.12352843381,3903.753090631044,1750.7449645438785,686.8671838912094,3283.5200149060684,1698.4559575649407,3362.2472764483105,749.0629973706858,3615.140503561603],
        [3151.7308022116426,2071.622579010285,2181.2800829419934,2437.320558247476,4614.277486719519,0.0,3828.47168475069,1370.1360173010053,1855.4560471978227,2747.136329453662,4197.842520725198,845.4449914091157,1650.6874695714555,3090.102158857367,2615.435218425859,887.3480541819303,792.8702680912425,5274.306180003865,2244.689121543927,2630.409559861902,4466.0784263002915,1869.1063277362762,3729.1357881022263,5271.198752954675,1095.3027180568354,3264.4832524061926,4084.825651863231,5064.494403579733,505.1185651809962,924.6476629131935,4698.831679912269,1971.2882733478175,2877.320122899303,4282.479161087352,1606.7379211181328,2289.2117393120357,1686.59618084579,3501.208075887704,1662.6451213321975,1840.592758108778,3903.9378312979916,779.7970010568907,4138.562539478513,4791.045612925704,3638.8808742684996,4040.2915288540216,3180.053666243252,3897.5594093402924,2816.4402051938105,828.8491333182858,1183.1422060423124,3054.9991348798344,3247.641644233663,3160.542294321956,1584.8800366695891,1537.8387436165315,3479.6782328457666,2928.138752247967,3177.2951226799746,3884.5325363315806,208.6152651331137,2695.9823080111823,2425.178843860991,2304.129414391239,759.22851410709,3565.2498986223636,2816.6835607303738,2406.168115381467,3990.4800711439952,1586.7474030140522,4496.907596509909,4357.023349613742,1535.9247235807877,3835.7581845356763,3125.73602048691,4921.341316651305,1854.549904491347,3134.42533450874,3866.388445767166,3909.753212137133,3151.7308022116426],
        [3180.5236346311117,3003.6961438656676,3483.5013233431246,3300.311746018081,796.439396745259,3828.47168475069,0.0,4051.6133296429575,1985.0129486332733,2455.6007003630402,539.5431165519957,4259.613360516154,2184.1285764615545,1959.3581513315924,3112.8402631203403,4096.490768664231,3118.337363648903,1549.6820124065016,1741.639427695247,2332.210217025392,910.9182530571416,2107.9102189185082,2016.6113043124988,1442.923501132314,2857.4920405251833,2353.215424455102,1861.4010763120632,1276.9156694303556,4013.460433218957,4663.748770606704,878.0204565540656,3127.354149814617,3489.1931697286755,1543.4971421450034,2681.381989711285,3570.340738324576,2193.587319156503,1552.9892606787078,3042.9999130330352,2998.2705493105946,1470.3323654042674,4285.528509051113,1702.548337594,1284.3337161218221,2953.772522546667,2902.9395641935635,1395.823680001804,3020.007107930495,1027.326455286778,3476.9557837677203,2917.1007696572146,2619.04132246109,2476.1075654021556,2577.2594786034447,3405.6029587773105,3735.460520321937,1867.1997302465384,1699.1890643303102,1250.6715231780395,1158.000929968801,3823.708454505437,2657.86338970762,3046.68698705367,2445.8688716180077,4015.299750843859,683.471506490673,3289.978380707369,2637.410262522661,2664.559074228554,3131.8891246448147,1080.297192344188,1116.6365212211954,2439.119224247843,3378.6779756069386,1015.7326230357945,1172.9283021090137,2604.246625379279,1109.3533037727814,2876.337763956035,138.70470174683547,3180.5236346311117],
        [2200.4255347730677,3249.02519585739,1107.490152365662,3671.882110207658,4757.672467139929,1370.1360173010053,4051.6133296429575,0.0,2201.641650274198,2132.0915127523826,4271.106224976545,714.0604817315653,2061.976291501543,2652.1481794165234,1697.5321721457165,534.9552378550911,1269.8199553219545,5267.135475875285,2310.8054953823184,2101.8952223175593,4858.5498236816975,2605.3038983069955,4575.397597841962,5424.256625086969,1359.9523341779434,2642.603647914449,3657.2591537204657,5327.204434652783,906.0768176365362,1988.876487941062,4843.463523954411,3182.1003898487156,4122.152496337526,3986.1090748951815,1370.48678200035,1166.9367281662396,1952.6955893042768,3185.084034776238,1054.5994426748198,1167.8010812953955,4581.983241777174,819.6748368782096,3771.6286386562933,4700.222395851944,4719.6889115893,5068.260799951326,3864.6455439953124,4966.650284232372,3050.7939970238217,775.4929239738366,2244.8864050903585,2332.5232702299113,4249.340608102262,4192.875267712265,713.0462602682991,2880.627031098514,4304.542330133699,2645.07093391068,3040.467009561525,3700.719089735298,1161.7054798805368,3769.9465516668465,3605.308749582381,1811.1139187475399,2124.42837150913,3580.1410958765755,1815.2695392854816,3478.843822654201,3272.549758607218,2796.917377039891,4410.856819632879,4227.908234215176,1663.6030686450654,4983.487888316845,3654.884994820875,5221.717066217555,1483.2624412570615,3078.7540671753277,4907.6857669362125,4165.724494099981,2200.4255347730677],
        [2370.626532407382,1851.8516254390443,2022.1134693394622,2307.866322553759,2762.841033710994,1855.4560471978227,1985.0129486332733,2201.641650274198,0.0,1626.2113393174634,2342.831340375202,2294.5587078870108,206.57987471620027,1636.1335050406099,1984.7637504680995,2147.5565193097727,1135.1222676759742,3421.423662537514,515.7623119897669,1445.6778621262167,2699.541483036687,691.446421436244,2469.2759686248614,3424.1032911369693,891.511432042751,1985.3934180137542,2470.05934586959,3243.7752183303623,2032.1671977703604,2728.2865417627227,2847.9240419788093,1892.7744210023832,2699.0040736769406,2555.3229116704974,943.074270865632,2143.777736416108,250.73334989652147,1853.2667856446838,1370.3812927335032,1424.416697672239,2393.2249420969733,2312.2252398310548,2470.1707934880965,2956.2467959270894,2867.5893671506215,3116.213262193752,1693.5533127033602,3077.6133917278376,963.1121428128148,1530.284148313692,1181.2068333351626,1967.3444025658844,2325.662158126315,2318.5322015353213,1684.2867324788585,2185.31462022168,2195.374886825287,1347.9387427880454,1430.3764673584446,2112.4237738715406,1839.6867147035023,2024.8187717985243,2114.662718711586,1253.4873597344117,2162.409478782027,1725.090449615517,2230.9364504885143,1792.3904499353202,2692.6799635634493,1668.810485675008,2665.2515693059263,2542.326360409407,546.4554116987989,3225.422787641503,1453.2550050618972,3113.6031086710163,1037.8652832000657,1341.9692412615902,2983.29322989134,2075.8518640819043,2370.626532407382],
        [796.9927216468758,3469.500128412679,1179.7668831426004,3930.01394720779,2975.516495719237,2747.136329453662,2455.6007003630402,2132.0915127523826,1626.2113393174634,0.0,2464.6838100260056,2665.9792949492075,1711.6404071335917,577.5526778924276,672.2498754635195,2452.657299090106,1997.5549672812217,3310.500485488259,1207.5270326676534,182.4307679712825,3364.3797888455483,2316.220679588049,3829.8125622512835,3600.7594803059646,1723.0892624241947,528.2121045902153,1531.5578783757903,3626.442914005121,2602.704565749161,3657.816222846397,3054.8132822604193,3498.0153871045536,4325.2117534590425,1898.9792751837988,1152.3201272757096,1224.8269796925733,1513.4795632753523,1138.6330113389429,1151.3927480686143,991.9899252959495,3549.3981446901203,2743.0884855488184,1661.1267212570867,2708.2311186835454,4414.027125531674,4597.919512742886,2993.7506705135042,4599.060529644414,1750.968156141418,1984.5444825898448,2660.997159522402,347.1755192087774,3858.788113765947,3875.6861186055626,1427.9099894029675,3665.2526078378833,3571.673474056274,756.8815596366406,1212.989111648841,1708.019090777982,2610.414645817404,3631.5844926222635,3740.7285430285474,453.1777520566986,3353.995913581873,1812.4519411925626,834.4274938857671,3413.088163742166,1243.345695393548,3229.9848498189444,2440.172914146903,2235.647478581074,1405.1140236267192,4797.544587380872,2592.9319465361896,3573.467458623068,898.2952223413114,1346.6977698526184,4488.035934226397,2592.5794945935563,796.9927216468758],
        [3112.1808478878847,3522.8951166122492,3580.5725180329678,3831.9864922065835,510.94412061008677,4197.842520725198,539.5431165519957,4271.106224976545,2342.831340375202,2464.6838100260056,0.0,4553.388198723132,2548.5435633483276,1911.1298275322824,3136.8377879161612,4376.313821713523,3452.533297083786,1083.4232762311062,2006.34560833601,2374.2973536888016,1135.9807171989007,2569.0162601994957,2524.549337373826,1158.7446621788542,3173.213742243563,2248.60566303277,1537.34450194232,1170.8688044235234,4334.328474034173,5063.980316409879,591.5884687206541,3642.2843701064166,4027.786357140429,1137.0464577700484,2911.263042994462,3652.4628337715517,2522.246904051439,1404.7301832203775,3229.6212860002533,3157.244183990892,1947.961035067079,4589.660658024375,1352.4011321759494,745.4765111757439,3480.332180409658,3407.2996752531767,1934.8618377744845,3535.738865031621,1389.7928659257013,3764.532146665401,3365.131852903644,2559.363377601249,3011.7224489314553,3114.852738814347,3591.160724542047,4226.095462967389,2391.749194414643,1727.4319465089095,1274.0587160685895,875.9721382909048,4172.138287960137,3195.751933873495,3578.7005278888296,2552.6217627956735,4448.104015051037,692.4171314544075,3282.3137960130016,3168.3208900169593,2412.9845206963982,3624.8644887077267,551.686992484027,632.5924654568549,2734.439360356641,3903.816435661121,1550.7111559441305,1147.5978810060444,2791.5900367073396,1198.1746701811737,3390.8301595265434,590.0527408595606,3112.1808478878847],
        [2857.2308470940397,2900.7150666043617,1778.0994286801497,3279.3484544598796,5012.837924390542,845.4449914091157,4259.613360516154,714.0604817315653,2294.5587078870108,2665.9792949492075,4553.388198723132,0.0,2113.1580092868476,3128.3384015722545,2333.285147120953,215.3962422959773,1176.3326076960227,5596.840423721109,2547.1600160930416,2599.0196397610616,4992.490849075881,2515.101885594093,4457.074287449673,5681.077118008594,1405.2689451043707,3192.3872726871323,4148.176783869914,5530.328653283995,350.4896776328471,1283.6931648149184,5098.944460759371,2807.4905716813437,3721.264771866556,4427.816607491481,1682.3797192550428,1854.1531911922657,2069.152510471269,3622.226887268687,1517.0117237837765,1674.4886520837397,4561.033935835341,106.56563629835968,4239.605397856296,5061.984435868454,4450.145337598191,4837.070135027279,3831.4410445125764,4706.442965205556,3232.9971712642005,788.913643853944,1956.5927852798743,2913.6366240220004,4031.1002572798648,3953.921887032477,1265.7237142373187,2374.558115111941,4196.528378157733,3054.8639647143586,3396.194049044961,4090.3159437673576,668.9538939995924,3499.66865746079,3256.9946878900355,2280.2828906423674,1534.1361072792236,3878.559201255206,2480.821538122486,3206.8950280972717,3867.54850309472,2420.1798955399145,4767.303164470401,4601.121738982272,1823.8592919268744,4665.200630973978,3701.9525261411122,5405.3579112457255,1873.991057744577,3398.702781367157,4666.633504785815,4359.412305077991,2857.2308470940397],
        [2424.9139737845016,1760.2831573793324,1980.3937035558558,2223.5793264787644,2965.1928548471087,1650.6874695714555,2184.1285764615545,2061.976291501543,206.57987471620027,1711.6404071335917,2548.5435633483276,2113.1580092868476,0.0,1779.8695633404632,2006.006603439466,1974.1440976201484,944.0487936495801,3627.6583426303177,688.9822687184,1535.4861286317193,2879.884386597561,662.1702209178245,2551.5818024244268,3624.961811526416,721.1545313039927,2106.5480595024637,2648.120894725,3437.345722361907,1841.0213455333048,2521.719695504126,3050.0685517727247,1786.4181576686976,2630.98364283728,2749.286533686963,883.5934170744202,2105.397135527446,203.9894610533694,2032.5211095741954,1303.545545549036,1381.606415027037,2520.089714863765,2126.3158340672317,2655.858292083628,3162.4125195428296,2879.89249646731,3154.2652918746126,1805.9217180922165,3100.093507465466,1166.0590422443413,1362.372469752432,1010.144364083646,2057.570041929752,2349.7431558804574,2330.090814544608,1591.377281416817,2023.3103604419346,2277.615017960735,1509.214205283118,1622.9967486585283,2311.3163785103484,1639.6317149788342,2002.0183718621506,2045.659328499812,1308.018859598634,1961.501447880462,1931.3371055137377,2254.047074295366,1751.6269685712407,2826.5100976810227,1532.637286762858,2871.1593437382494,2746.732435709183,457.3614177518296,3221.204640530385,1604.2578741188302,3303.951964094406,1025.5579515316124,1541.6590937364128,3013.5235506683302,2271.975108632012,2424.9139737845016],
        [1221.8378055152455,3467.884856556575,1753.112926648373,3910.792968880902,2420.103845710127,3090.102158857367,1959.3581513315924,2652.1481794165234,1636.1335050406099,577.5526778924276,1911.1298275322824,3128.3384015722545,1779.8695633404632,0.0,1241.258141074765,2920.302686499895,2305.0826020072827,2733.0390214282056,1130.930791821167,552.4146556820793,2869.350989044994,2282.3095320346815,3530.162107455629,3033.9533797188396,2007.7833387870282,430.6850255005812,1019.9338060702561,3079.9230150267595,3020.504393896988,4014.138916764015,2497.35589131077,3520.698147309883,4271.790996007581,1338.897811254846,1494.2846720294451,1801.9354496953022,1610.1054926144457,561.413658561072,1621.3797814346322,1486.1830924470164,3177.811515925366,3196.043710796303,1120.0733547869886,2130.822769521824,4215.8753416571935,4347.572710377656,2700.587370132787,4377.089670267461,1429.4835922835323,2395.0196051275975,2786.2251746991096,660.4405246254884,3660.4564780881374,3697.600222860335,1939.3652591971672,3801.5720097124486,3287.497423531291,342.0274392485079,713.9208634163086,1131.10316282728,2980.152916591632,3518.185286953112,3698.204062805945,850.3519801881606,3619.791903041839,1289.176237409944,1371.8727367923045,3334.631942139342,1061.5893003924682,3304.209637477086,1862.9279193017894,1658.0961491529636,1607.552606749209,4619.048805747666,2266.4911145113265,3038.2107941973554,1265.746296955009,880.476434998041,4255.436506286358,2098.0139209043145,1221.8378055152455],
        [537.527103514461,3736.350673475901,609.8523510429807,4203.189483938777,3647.7037268705462,2615.435218425859,3112.8402631203403,1697.5321721457165,1984.7637504680995,672.2498754635195,3136.8377879161612,2333.285147120953,2006.006603439466,1241.258141074765,0.0,2119.111597407436,1971.2930003498493,3969.4389941673135,1685.6800789762656,780.7489069787034,4017.6833657574743,2661.363642437789,4355.933996147271,4272.0722287519375,1759.9589856830414,1047.1288176067446,2114.888086996967,4297.388857850246,2355.3472713269853,3472.116898555938,3727.058917376201,3738.7164571982357,4625.145941943732,2523.3017391822045,1207.5495677131728,608.691046523258,1803.210402072688,1796.7806313708184,962.4807355409667,788.7412175978072,4130.335984277521,2425.2662996133276,2267.948742555283,3363.0878310359976,4849.052106686708,5075.739043720817,3527.72949585565,5052.636162533241,2336.4652648433453,1791.7163162975912,2822.1918334814727,695.9184449657492,4302.170903806084,4301.180400718857,1076.8984773480342,3773.875722140228,4089.392484445105,1421.3278457739862,1879.9373943090027,2370.9708220938696,2443.6742663763052,4003.509204578779,4041.889883456052,762.5156190630645,3308.312697025945,2480.618069991856,248.14503679511733,3757.5512630602093,1587.0169827855377,3423.779053276987,3101.24242101107,2893.919827062968,1595.7245480358292,5210.185807248116,3157.661805344845,4241.726336882297,993.880524414883,2004.2623867956545,4952.028074256306,3248.5314984251927,537.527103514461],
        [2644.382741762068,2888.460439589643,1568.8986291054682,3285.2395326730775,4841.635180364296,887.3480541819303,4096.490768664231,534.9552378550911,2147.5565193097727,2452.657299090106,4376.313821713523,215.3962422959773,1974.1440976201484,2920.302686499895,2119.111597407436,0.0,1056.6858328764172,5412.583807856204,2372.309985245312,2388.1920857622217,4846.858942953611,2416.8065116251805,4375.456322098968,5510.412773609627,1256.233001503673,2978.603076852396,3939.793846511798,5370.392216522909,390.06159366618516,1455.579574036287,4927.804131727741,2804.598929192854,3731.7164406899024,4225.344766839845,1488.0595753937068,1648.3759202326842,1914.7223745132442,3419.3451394850736,1305.243033383552,1460.8187349358848,4452.632574259486,307.42498673754943,4033.7770379482863,4871.793998980525,4415.559780711426,4790.784679501247,3724.236992380671,4669.327498507361,3072.154666279726,620.2537326876184,1915.715969772691,2698.4848764531944,3978.7045034663342,3907.9605369815904,1050.3753543088706,2423.9758054271565,4111.236552138965,2854.3824342563476,3204.2590009851015,3894.5954547554966,687.0333737606048,3462.5423970821957,3246.275870992676,2071.125742966677,1621.3599964533853,3697.26346601186,2269.4260962207513,3169.150625776644,3652.281091379865,2415.9194942401755,4577.632844876958,4408.577908945046,1657.3729498799228,4647.686826947838,3573.6491924716797,5249.394730392135,1671.1415112741793,3212.5265768596014,4623.170948839862,4199.479047554568,2644.382741762068],
        [2492.5179188810757,2015.94711000507,1660.5377979701666,2459.8925998944746,3889.6646002863286,792.8702680912425,3118.337363648903,1269.8199553219545,1135.1222676759742,1997.5549672812217,3452.533297083786,1176.3326076960227,944.0487936495801,2305.0826020072827,1971.2930003498493,1056.6858328764172,0.0,4519.776674575135,1468.3112080664375,1866.9378761550986,3822.562298352648,1364.9423498346925,3332.4523637955663,4553.986877827057,302.4412815383637,2502.836454974628,3293.6132524437467,4378.814975579548,897.3542827260233,1716.149542001223,3975.2337439123703,1967.833268357236,2908.9180811322335,3490.642252739767,845.2351843520084,1784.3410572704963,930.9545412543149,2708.3517206948304,1016.5503125074823,1183.9784521842114,3395.946778932657,1183.784410508077,3345.754451033432,4019.7114763237587,3451.172945351654,3798.861059736743,2667.6296791255554,3697.2219295410346,2092.619233529678,495.742962692473,1006.2032214448168,2321.4311408758313,2980.2160633748035,2923.0650623805805,1090.1713086878678,1831.723408476759,3065.305647425188,2135.515635891326,2390.2484731832105,3097.831890779157,724.2543352876505,2503.3588904527787,2366.55413216513,1546.4307405631832,1360.4020339954784,2801.8212214454966,2197.560275031023,2213.672295445584,3236.4138147474596,1597.1697278110362,3724.6438365245185,3578.2696899778325,746.7589102000576,3723.542192474418,2525.646192341139,4247.325624013188,1099.5174511648843,2355.4087980985187,3637.8938471213046,3210.842732008593,2492.5179188810757],
        [3829.9498773281152,4544.37264120024,4478.652818203483,4817.797607236261,804.6748630544203,5274.306180003865,1549.6820124065016,5267.135475875285,3421.423662537514,3310.500485488259,1083.4232762311062,5596.840423721109,3627.6583426303177,2733.0390214282056,3969.4389941673135,5412.583807856204,4519.776674575135,0.0,3059.277196257811,3258.9122629377252,1584.3099536231136,3643.537656802681,3277.2145354760814,626.5637323366901,4234.703140552069,2971.7066700712994,1993.35206520814,1038.0214978196677,5392.591075825048,6145.956130562161,750.8333155993463,4671.464298193439,4966.534737741504,1517.2295087025243,3930.8068933951877,4533.512299819708,3592.533460929662,2173.25541934472,4214.004042749342,4121.167750110895,2654.261680496245,5638.617919832249,1798.254081726454,611.827306063998,4277.666750500682,4113.8331715293625,2860.385385304895,4282.274926292526,2472.794695449273,4808.931278757258,4444.707750706198,3318.78642339304,3874.86332023207,3994.3687285796423,4568.8678859946185,5284.758438200196,3211.717024542476,2640.642955059178,2226.6780806139723,1603.3398070216826,5242.159497069934,4149.194063608007,4564.247147225186,3489.2542528283416,5530.868414990764,1721.0282570976024,4072.0362550421078,4160.131007325548,2881.9778466642356,4681.352303141356,871.0376481735348,1075.555545007834,3790.689957424517,4685.41873419566,2542.9735303317375,1184.3533258928564,3784.9606060460565,2200.5402376114826,4136.129629010741,1531.457384805282,3829.9498773281152],
        [1991.914351101869,2338.161883945105,1869.9883203877362,2784.697631461252,2469.903875232246,2244.689121543927,1741.639427695247,2310.8054953823184,515.7623119897669,1207.5270326676534,2006.34560833601,2547.1600160930416,688.9822687184,1130.930791821167,1685.6800789762656,2372.309985245312,1468.3112080664375,3059.277196257811,0.0,1025.7714763864958,2561.0078156777226,1154.2990037263469,2670.2839668184824,3138.8028679065064,1177.1297973369722,1502.057567428574,1959.3857811546952,3018.2474032640707,2333.3222636260516,3149.757426323298,2556.08171137148,2389.774656633027,3156.7363460296347,2070.6572825895546,942.1833835466796,1978.2603029378704,570.6433264651635,1343.5564593726579,1326.2259130314874,1313.9181825220376,2473.239211676209,2583.6557980363937,1968.145830365776,2551.4054165110665,3207.5777898265337,3404.04909442431,1843.9555640945955,3396.358516942357,751.0501638761554,1758.418587149964,1693.7735790690688,1530.9672262274953,2653.073121713661,2668.2276498765846,1683.3391129755541,2700.772830490935,2403.871286545249,832.9821219750721,946.0764027574559,1647.3711900174662,2192.5523041949286,2433.094216373187,2577.9139223439197,923.1739224834936,2635.6205610555594,1338.3285167909207,1919.598119728327,2228.0539618598073,2191.8672260970457,2181.4532356442414,2256.336845892623,2112.4279950727837,731.4346346920662,3590.03293628981,1495.3586692835877,2910.9115912235748,901.5974903081561,889.7649407188067,3288.3982582406975,1854.9256921838767,1991.914351101869],
        [972.3854046215666,3291.3349066268147,1220.386329073211,3751.0315933211773,2884.8605244086616,2630.409559861902,2332.210217025392,2101.8952223175593,1445.6778621262167,182.4307679712825,2374.2973536888016,2599.0196397610616,1535.4861286317193,552.4146556820793,780.7489069787034,2388.1920857622217,1866.9378761550986,3258.9122629377252,1025.7714763864958,0.0,3237.0376873456307,2135.054367465028,3656.748734031668,3521.1937086098237,1584.3807267721609,635.9294905199005,1558.380653669813,3526.71587597241,2513.9754738842057,3547.4751188104647,2965.8476333115577,3321.7500984301805,4144.5839292659775,1891.1740728401116,1025.1258774879318,1282.1191676307596,1339.0414488152942,1103.47746275286,1083.3684949930148,939.234546834623,3387.4008395754363,2671.327742029872,1669.9324651004076,2664.0820788764277,4232.860109117229,4419.607840159455,2821.205413034191,4418.939522321687,1587.6231188044,1890.5911565390497,2494.8028987432685,522.6437085340741,3677.8445638837825,3693.9985505974264,1389.8891574620309,3502.672748448929,3397.220029925726,647.8359707699917,1106.102955377846,1656.9711075420355,2502.5298158337223,3449.1952022834703,3560.3403835817035,328.150401811819,3216.645095146261,1706.5661245002025,971.7779836658095,3231.219626452358,1370.7943279734034,3058.453952039178,2388.08055570994,2188.873871994638,1245.0369781221127,4615.6460492326305,2425.8459366445536,3466.020950299248,776.0299413318796,1224.156146855424,4308.579627391276,2467.8014685017315,972.3854046215666],
        [4090.9218997493736,3246.1154748609015,4366.497452589708,3433.3617292624904,866.5560612898194,4466.0784263002915,910.9182530571416,4858.5498236816975,2699.541483036687,3364.3797888455483,1135.9807171989007,4992.490849075881,2879.884386597561,2869.350989044994,4017.6833657574743,4846.858942953611,3822.562298352648,1584.3099536231136,2561.0078156777226,3237.0376873456307,0.0,2625.675648129221,1716.133935538669,1127.266275080583,3591.046745937619,3258.087780971583,2665.9868579188233,721.2356674620723,4717.134630821478,5232.165782229945,876.7277428738302,3389.3231476102305,3508.4001093313836,2272.364468003699,3499.791696960618,4458.30325322147,2934.0465776729197,2441.910200945824,3885.1864606797185,3857.042076903541,1091.885956080458,5005.960222648651,2485.448963475614,1671.5675123431993,2719.9543216582233,2531.9781387500466,1487.4182616454032,2707.0172410390514,1811.279705203312,4228.42794222786,3425.402337357736,3529.402560625641,2366.2908923227847,2496.739673113368,4244.051094940235,4086.0254493509856,1692.0125768247415,2608.7686225304333,2161.589690063614,1980.578471836874,4493.232166219666,2733.315129424467,3186.948191502326,3333.4694197175063,4527.183565362745,1585.4344744580105,4198.779847624967,2810.1322528184887,3520.5084027851935,3494.1617772110435,1615.4436900745272,1751.4494246333948,3206.6505021745143,3117.7694123334586,1355.9511552244405,533.4948076919773,3452.4955606070944,2017.70302681382,2561.536868914858,772.7637542841837,4090.9218997493736],
        [3060.8303666223846,1186.1509412204675,2637.6079613407674,1630.4706953779496,2902.5907079979443,1869.1063277362762,2107.9102189185082,2605.3038983069955,691.446421436244,2316.220679588049,2569.0162601994957,2515.101885594093,662.1702209178245,2282.3095320346815,2661.363642437789,2416.8065116251805,1364.9423498346925,3643.537656802681,1154.2990037263469,2135.054367465028,2625.675648129221,0.0,1971.331486671768,3526.5239374795838,1251.328980174791,2654.9031464284394,3022.2024572589407,3265.2433655443856,2196.3590245198347,2606.8593246218807,2982.0979002347376,1247.8248680929912,2010.5034865040373,3027.6267192083346,1540.2597899221626,2763.4603609346836,860.5704164080477,2412.522423387905,1952.6420252299622,2040.2828956661087,2049.466704917592,2503.523097024691,2990.4384777864025,3263.285857407016,2220.774026606486,2509.8228973867035,1320.3506107164817,2445.1368917411965,1232.5691554643165,1850.1887790194846,812.9554289403811,2655.5239073650805,1697.8238807516939,1671.5921771132794,2216.6659829709774,1681.6909347627254,1702.1633550963288,1969.098409847705,1943.958621188015,2557.0432815675886,1929.6632053301369,1342.3091004315818,1427.818856644119,1942.5329629117223,1918.1637475029354,2068.1699206381336,2908.9240832366536,1101.7044376248227,3343.8970029935595,1100.3489638059755,2989.158801003715,2906.7534577028896,1111.8214378768682,2559.0345228671636,1271.1181879675999,3107.937135754607,1687.1856882630427,1811.3121856085515,2363.5161760665364,2159.8833280017398,3060.8303666223846],
        [4626.794862575132,1926.4096686919659,4483.642693453737,1938.8491371173702,2496.533056001188,3729.1357881022263,2016.6113043124988,4575.397597841962,2469.2759686248614,3829.8125622512835,2524.549337373826,4457.074287449673,2551.5818024244268,3530.162107455629,4355.933996147271,4375.456322098968,3332.4523637955663,3277.2145354760814,2670.2839668184824,3656.748734031668,1716.133935538669,1971.331486671768,0.0,2840.972658526709,3217.376002890322,3960.711209072231,3793.6683413021797,2413.252403144282,4123.278967226081,4277.749862622015,2534.143935622463,2078.263151396158,1889.8500545416305,3541.38314996536,3412.099006149913,4602.244539879643,2710.2672770319477,3336.1893643081007,3839.260592599363,3889.9165730243894,625.0480198390767,4433.865110530012,3662.71936011732,3230.397835273571,1003.9329134539548,886.553123606238,836.3470158914171,1015.4242007084683,2103.2787776953064,3820.9849588889138,2547.8634704211468,4110.387761698468,727.9474618469221,870.3391137264379,4142.254066362591,2831.5962200393537,274.1544780853996,3193.0979369948695,2882.3004941597615,3110.043115215976,3831.6495477369413,1259.216533601627,1729.2681207074245,3593.4506909896127,3514.3591313983397,2541.879992987012,4588.27387612501,1463.8886026905802,4471.256005533583,2330.934794563981,3076.121320730058,3132.306701565752,3001.417750430178,1408.3611476063265,1265.2068242912767,2222.5469940129433,3490.694723773705,2697.793406648139,869.3469799881915,1936.744537466071,4626.794862575132],
        [4201.037544633624,4301.190503373806,4733.922419072521,4525.417294266175,668.9082663893051,5271.198752954675,1442.923501132314,5424.256625086969,3424.1032911369693,3600.7594803059646,1158.7446621788542,5681.077118008594,3624.961811526416,3033.9533797188396,4272.0722287519375,5510.412773609627,4553.986877827057,626.5637323366901,3138.8028679065064,3521.1937086098237,1127.266275080583,3526.5239374795838,2840.972658526709,0.0,4286.121117702318,3331.9993713602785,2446.3371477371097,453.37321232725196,5446.087167000037,6103.61242535226,582.732558392284,4438.055460972702,4624.699209362809,1972.006195971484,4059.5167944131567,4802.549733264149,3625.0267103670226,2495.4277173344117,4386.4988801778545,4315.89024415137,2218.107275320602,5711.846341603207,2246.5455828254103,1083.4056117693588,3843.889681901901,3634.697781207922,2557.13170188653,3820.3127926609877,2461.857361544112,4894.002873105614,4339.389015286699,3662.8142659306063,3491.2244821531394,3619.9885375889853,4748.53251573713,5099.871569710888,2817.3277599346416,2877.6324317911995,2429.192320558889,1923.79914082818,5263.773519799987,3833.6753353282597,4275.1321116370455,3709.806771177057,5443.150954645254,1850.5864410097213,4402.994959755744,3884.86271409205,3352.207912417731,4497.9787771573465,1241.2525576070727,1452.6697388487376,3857.2444120400473,4236.467063650649,2319.6656997054074,632.31919076357,3947.694542620372,2356.7024377576226,3675.9703398275237,1370.34690605306,4201.037544633624],
        [2265.636074474408,2073.072134689958,1527.4962504483058,2532.0684505676486,3619.5275565515144,1095.3027180568354,2857.4920405251833,1359.9523341779434,891.511432042751,1723.0892624241947,3173.213742243563,1405.2689451043707,721.1545313039927,2007.7833387870282,1759.9589856830414,1256.233001503673,302.4412815383637,4234.703140552069,1177.1297973369722,1584.3807267721609,3591.046745937619,1251.328980174791,3217.376002890322,4286.121117702318,0.0,2219.063373451769,2992.264265810294,4125.847182232266,1161.4910200266254,2018.2419706600288,3705.4087124404164,2046.4487799672377,2974.431606047083,3188.5756805656483,578.9859911858523,1655.0023214945247,664.4009283421433,2405.9524934164738,841.6597896185735,989.941650983655,3230.1869196221946,1428.068923301899,3043.400432357017,3727.1393970829545,3422.8087242807565,3744.3976452484635,2508.4907826317663,3660.668356127752,1830.1894101492983,641.3530756388275,1091.1177476550488,2054.6065212251647,2926.0675632688126,2882.5104845179635,1010.1355225047535,2013.9332535588262,2945.8160705106984,1833.3316676234556,2090.768927860145,2798.2557858203154,1019.9491078972355,2490.483697431194,2410.784766748392,1269.983187039001,1632.3358424387695,2514.506285544116,1996.1935264668962,2209.162304283147,2955.166011560293,1698.9674306189302,3431.818743589754,3282.3935136289056,448.57632280543316,3721.860512118914,2325.21709452309,4000.094824896136,831.7422939759708,2060.3849825974767,3590.5535068858917,2955.235342353727,2265.636074474408],
        [869.1382478640334,3834.5294807695404,1632.3269037872592,4285.103515001282,2748.74935898269,3264.4832524061926,2353.215424455102,2642.603647914449,1985.3934180137542,528.2121045902153,2248.60566303277,3192.3872726871323,2106.5480595024637,430.6850255005812,1047.1288176067446,2978.603076852396,2502.836454974628,2971.7066700712994,1502.057567428574,635.9294905199005,3258.087780971583,2654.9031464284394,3960.711209072231,3331.9993713602785,2219.063373451769,0.0,1067.9221581575744,3418.3706670384604,3130.5569935781155,4179.273196272155,2821.460099111706,3878.163111025897,4658.407733136169,1489.0493344892066,1660.6836780304325,1651.624248155956,1921.191081565836,844.5431887652785,1679.2924396743083,1517.8986264560303,3605.40785073024,3270.4137961863694,1225.7362053701727,2360.240267844304,4637.38927183887,4775.702022033581,3130.5811124952543,4802.169422691396,1859.2830782823153,2511.3353330339437,3094.7907475641277,355.52897219884727,4081.315169547033,4114.942734722309,1946.3396058643734,4108.538499080714,3717.401236296485,769.3192314820736,1127.0313720613133,1408.3496241262803,3132.8057467979665,3920.560240911246,4079.9664538948773,960.3755845747556,3850.837503151726,1672.710685257523,1107.575872265879,3726.703166351272,737.6965022511479,3639.18111547309,2117.1299211182295,1904.485482781408,1864.1003150645765,5037.64122722711,2697.17234441389,3391.5894682874873,1410.1153373096342,1301.248234688588,4681.706872693235,2491.731386893251,869.1382478640334],
