{
    "drone_dist": [
        [0.0,3278.9885733489396,3811.993831530253,4723.921338639725,3801.945351322052,3839.438955359915,3909.7484792350356,1213.232682645712,3043.443335370396,3510.44496487602,4466.12212861528,2358.769501855134,1290.622985215996,3265.7837821010958,1499.1990868241837,848.9731798749583,3221.8276022598966,1867.481978952016,1448.8833332817026,4775.334458238944,3542.4686584321203,4495.570199416593,2920.8941563876133,4547.42185842913,3352.0341106643486,3093.9909633186953,2277.3749858708916,518.914239132338,682.1048797105052,3306.6253636083757,1242.1140686659605,1655.9721709701219,2323.4282600870865,4045.476553192808,2204.947169582573,4004.8111103634787,2187.30830298421,971.4534848106753,407.702425723504,1294.3561264289601,4211.591769448087,861.8592516561537,3467.9357385629505,170.29039733561365,4660.607957523751,3086.7124319170684,742.7608339872922,3558.7470744929988,3610.2640803020886,3195.424867406841,0.0],
        [3278.9885733489396,0.0,1922.8107852881567,1447.9352157071896,2207.751453221673,2180.8007111021047,2830.234004004213,2695.477664596894,1672.215490228592,420.93011017281594,1200.5693505393242,3423.911642397851,2827.985938532159,1189.0885139879008,2764.690746593172,2853.959631093515,2137.771724410239,3593.7207037843423,2374.8754051736737,1503.0903977476344,2580.007292063626,1254.3661904590442,407.0661862313133,1606.6143063541842,2193.7205078841644,2939.4500892824108,3291.6338251916964,2800.966163916148,3469.9489160705357,2865.215727830422,2269.0024193085765,4175.502546402428,999.0689539546199,1933.3561692169565,3396.217119226609,2887.447341112517,1335.459853198364,2309.7210391549725,3419.0090906811397,2966.2348296122527,2742.5679123988884,2952.984105632589,3187.304156320997,3412.705035617436,1382.2018236495603,1484.195843024238,3262.7967471538927,1757.0979964350524,1118.9775924749508,630.631926400935,3278.9885733489396],
        [3811.993831530253,1922.8107852881567,0.0,2308.1010904360696,337.1600308353325,285.86860298482935,1014.6470589875981,2716.1128037564995,3525.496981781819,1572.2583346791075,2074.910902528923,4913.949535976911,2743.6251437735054,3099.0529045279845,2562.779002693986,3811.7482980776267,770.0281477642809,3090.2961323818154,2400.7672545566597,2564.945171386168,932.0274297594689,2572.003096059812,2138.7549958182112,3267.9057255445796,4070.7995718131706,4701.328625961025,2522.748584895247,3300.8429620294432,3639.3683031079095,4679.69790151584,3345.604114397645,3910.9346255875903,1943.4444648958465,273.75676382549653,2676.451531522402,1042.8237164802533,1766.1882126450585,3049.6216349423084,4119.858192759014,2839.7883885118454,823.9914094079575,3921.294827911025,1671.953604549392,3875.019100088581,2399.3629053988143,3354.886046650164,4153.675673044712,3675.716488674187,3034.111301492289,2541.7147483830954,3811.993831530253],
        [4723.921338639725,1447.9352157071896,2308.1010904360696,0.0,2644.6201919715404,2588.946751672418,3318.89677431795,4053.9047796253562,2669.0651202405165,1256.4167528925595,278.8284061010096,4665.713064524206,4167.6140580823285,2105.2395552122275,4070.3761701182784,4289.06595096091,2897.3535257343215,4845.624912091611,3717.2456911896315,287.78583962259904,3215.4897770790876,527.7261085662334,1831.2465752231265,1304.2966190019904,3046.7049634302357,3952.9517443408613,4435.416028178794,4239.015546531943,4880.244585834578,3797.3257449436137,3701.2426410518756,5512.555404062806,2415.815966527721,2140.2331403078706,4563.85659997018,3337.5768487200667,2674.564532387753,3756.375008238927,4866.244570017788,4301.503188776318,3039.8821984792926,4385.234176272222,3939.7106580100576,4854.619802200705,171.38592815307436,2473.623055962443,4699.428433683453,2468.2012274337326,1772.8362811856332,1744.9615816078338,4723.921338639725],
        [3801.945351322052,2207.751453221673,337.1600308353325,2644.6201919715404,0.0,65.81657394478158,677.8618979064272,2657.5720483983,3769.791009654259,1878.4115608313405,2412.068785492028,5058.586417548537,2664.0583008086755,3367.762852342048,2470.859734790524,3876.2077839077947,608.7284052859766,2918.7896653517123,2362.923036748662,2902.0813268093248,624.1712227812985,2906.953056666939,2390.314266058879,3595.017572330925,4319.517529640533,4910.417349655706,2322.996600660723,3301.600272443396,3570.442598668324,4903.841012957969,3444.456764551041,3759.2559450981316,2108.915854640061,546.9310395856078,2479.8356749807485,709.6571549305309,1870.6158285757938,3102.38960424001,4131.414133956598,2747.6177292969696,549.438198025564,3984.831211199796,1360.838246388103,3850.8501641646644,2736.52012156678,3606.126240038017,4198.055315467944,3948.4641568765483,3325.398459065017,2814.9117722311316,3801.945351322052],
        [3839.438955359915,2180.8007111021047,285.86860298482935,2588.946751672418,65.81657394478158,0.0,730.5485333957308,2701.707591405202,3755.4463937468804,1844.0476412590847,2358.6878093839327,5068.177209109832,2711.237376628222,3346.4114311428884,2519.580775075271,3900.99333121408,660.8478050494379,2977.540393880499,2403.5987788851203,2848.090876772261,689.7236302096395,2857.8557909036354,2373.160997927063,3551.755087453012,4304.163185144597,4905.422037785889,2384.2317383613345,3337.03659826253,3616.725543978107,4895.1100485237275,3462.516813972683,3816.177012384572,2111.8746813475973,482.6181023853048,2540.860426989688,756.9623727368248,1885.5351350514145,3128.752841444288,4165.545837353296,2796.618757799902,564.7766680014129,4009.8432460381637,1425.7220284044247,3890.5992955956062,2682.8262617414184,3589.8319980783785,4226.601475988007,3926.1079104940804,3296.9652023457643,2791.962908486064,3839.438955359915],
        [3909.7484792350356,2830.234004004213,1014.6470589875981,3318.89677431795,677.8618979064272,730.5485333957308,0.0,2706.553099909577,4321.16841396562,2528.3916636835647,3089.1479176243065,5433.604691877396,2669.511229129217,3958.512787686826,2460.291670434742,4123.355047425217,811.0077203786841,2709.311545507517,2468.566323466284,3578.6393906839335,373.9959599346488,3584.127302712388,2967.431122016898,4264.118813802104,4873.988369445031,5397.061454881095,2072.0527561778863,3443.2617812477856,3565.655600740666,5415.402217854344,3762.0025081650324,3571.006070300909,2572.6731361673164,1191.4859336059947,2228.40466354507,95.10298210794095,2254.7194952927553,3346.8285597599793,4274.313885357283,2722.7061334170626,449.97345254767987,4228.246867645559,831.3281251300781,3929.746004747292,3413.3536801663895,4169.337514459106,4402.123150323279,4541.687846204851,3948.305499240287,3416.3108084694345,3909.7484792350356],
        [1213.232682645712,2695.477664596894,2716.1128037564995,4053.9047796253562,2657.5720483983,2701.707591405202,2706.553099909577,0.0,3112.161714537773,2797.526283369141,3778.3401856152127,3201.7685349185294,172.55956163194955,3120.8191911062663,314.27175441921014,1648.3934518957294,2058.3738652029547,1063.4254362311638,343.5769955549917,4169.580088609757,2343.8032657515123,3947.7034231247812,2437.6437733033504,4205.3177273965375,3566.244129426307,3626.4275336429764,1191.6395904714739,809.3570776662501,924.5320808546927,3770.2389583505674,1580.6298811049692,1481.3690792159546,1706.2961343052302,2969.6011628236556,1174.2007328656302,2801.3812657534268,1380.3649423116572,1026.0591365832756,1599.0169875698225,300.1039312218117,3028.629383829204,1732.0453555076667,2261.3609634173413,1223.2902895509214,4029.531351555174,3077.0122747490404,1807.9399660675824,3573.0142116793463,3378.283776239762,2847.1990884658785,1213.232682645712],
        [3043.443335370396,1672.215490228592,3525.496981781819,2669.0651202405165,3769.791009654259,3755.4463937468804,4321.16841396562,3112.161714537773,0.0,2090.392809852603,2534.985566146536,2053.0808560803243,3282.913999146676,564.8265638917485,3330.469514774071,2285.5129421791084,3541.21887845414,4171.912757128632,2914.185289562313,2545.3702038877377,4011.517701521961,2200.142316810786,1387.2133341522413,1815.4999642298421,552.8895264080144,1301.0309799961217,4117.227286777263,2750.133503525277,3528.6206316012976,1196.1967048335932,1802.2521890693542,4462.131085402852,1811.9766227650723,3576.9221211233844,4167.761305287521,4393.010163594963,2224.646721837187,2223.727144924911,2974.0414648432015,3410.9699027507677,4318.607984704948,2339.286981357276,4479.547014987816,3211.8395775908966,2522.883542738196,199.16781279403662,2649.9132419793646,518.2708720848132,918.1885765217428,1056.50454488418,3043.443335370396],
        [3510.44496487602,420.93011017281594,1572.2583346791075,1256.4167528925595,1878.4115608313405,1844.0476412590847,2528.3916636835647,2797.526283369141,2090.392809852603,0.0,981.8365981246766,3825.3666280823,2912.499708585593,1592.5524020121616,2820.3239558348823,3161.543552068264,1901.0765152943882,3612.6847540229255,2461.382491426183,1387.8755008738358,2313.669157358581,1224.3811002292944,793.8909917927548,1766.0361767578347,2605.8195944438644,3360.3756249544263,3243.503515811337,3012.54893923809,3630.1880702466237,3284.7230736864203,2586.4308687861976,4259.1801054446305,1187.0308474847088,1550.5220707692445,3362.1792151276486,2577.163580909435,1418.2584988705437,2556.0834788815346,3687.104229112769,3047.053653297971,2396.2046287105777,3264.544828321565,2969.1551687197298,3632.6298014262575,1238.9662462948097,1900.409344702321,3565.0240295396707,2147.2666710471785,1472.235644315732,1040.1878835022756,3510.44496487602],
        [4466.12212861528,1200.5693505393242,2074.910902528923,278.8284061010096,2412.068785492028,2358.6878093839327,3089.1479176243065,3778.3401856152127,2534.985566146536,981.8365981246766,0.0,4494.804911754191,3890.801580519081,1970.7740516272681,3792.292063509083,4052.6961441729263,2637.614671816197,4566.819772478704,3440.9656033832243,491.5117113945687,2969.320636087507,566.8263046059087,1594.870149181983,1362.095581947647,2947.6522350810424,3831.3608777645545,4158.698572398718,3977.055006956996,4609.959731703549,3691.5952263770273,3466.3286125995705,5234.9997801135405,2151.0738642459564,1924.472211090892,4286.473391871969,3112.484796200765,2399.9075330627024,3501.2556999163817,4617.950615271061,4024.3861048260273,2830.2864545503767,4150.674312465445,3687.49387756555,4594.370753320841,324.96901219521413,2336.7393684631743,4462.153807963804,2383.8582942689263,1668.865909548738,1560.1973903900835,4466.12212861528],
        [2358.769501855134,3423.911642397851,4913.949535976911,4665.713064524206,5058.586417548537,5068.177209109832,5433.604691877396,3201.7685349185294,2053.0808560803243,3825.3666280823,4494.804911754191,0.0,3353.1864153758274,2588.550467449903,3511.576827016687,1583.543001627358,4628.084897443552,4139.05926105749,3220.7721000743163,4572.825667544403,5068.643702159683,4229.321652784191,3031.4896192511496,3859.189532816854,1925.4340832432779,1116.3337000033246,4393.407531365244,2448.4790432751697,3037.2998534735616,1396.2073760193273,1701.4368934770398,4012.362950687578,2971.6153726658363,5054.717176397923,4368.512130731129,5522.591219640344,3195.600420063021,2214.240284518636,2033.7951492519617,3425.7088742844685,5583.254076895101,1526.9195120870056,5281.302400962947,2502.4464268253732,4532.384380538183,2230.034640550196,1630.8447393871218,2452.076708002173,2965.5532474701913,2935.2808611366563,2358.769501855134],
        [1290.622985215996,2827.985938532159,2743.6251437735054,4167.6140580823285,2664.0583008086755,2711.237376628222,2669.511229129217,172.55956163194955,3282.913999146676,2912.499708585593,3890.801580519081,3353.1864153758274,0.0,3284.5294625130127,211.84376970053663,1789.1051850399156,2058.5840974167972,891.1496212247412,453.68275906687876,4291.208645903284,2313.746319879191,4077.0239992919087,2582.585152143852,4353.17093323358,3738.562981860506,3795.4066095301137,1044.8426610798597,933.6380885486417,907.9520944499983,3941.0937627770372,1746.995530193276,1349.4902281305663,1846.6124887448734,3002.812496241986,1016.0570886387234,2763.7146342201595,1501.5273867104158,1192.620668467775,1688.1442722185047,139.24487662826718,3009.786045245584,1868.462920983557,2178.857078397946,1279.0196221880246,4148.524256340915,3245.905938992631,1924.1404437810208,3741.606885238212,3536.5016382286653,3000.2364390065086,1290.622985215996],
        [3265.7837821010958,1189.0885139879008,3099.0529045279845,2105.2395552122275,3367.762852342048,3346.4114311428884,3958.512787686826,3120.8191911062663,564.8265638917485,1592.5524020121616,1970.7740516272681,2588.550467449903,3284.5294625130127,0.0,3296.1828287261815,2588.88284349583,3210.60894710309,4153.730724293012,2873.783243446198,1988.9622634680377,3674.0671084820856,1644.1477023704797,993.4802664876634,1349.0414556339153,1020.7613262884095,1861.7067945666527,4012.405905223809,2901.003210305253,3668.9663900129026,1737.109491839932,2041.88524982178,4546.93588443038,1594.0483501818485,3121.69654004101,4082.8009376914047,4023.5526613790507,2026.7108397720665,2358.9453224053054,3261.6521750218703,3419.954610192778,3910.987677122098,2659.8716677130487,4205.474330469589,3427.9357815421185,1960.8298350959055,368.3874019936364,2981.2346961377,583.1962747463693,390.34418513351727,559.295717770254,3265.7837821010958],
        [1499.1990868241837,2764.690746593172,2562.779002693986,4070.3761701182784,2470.859734790524,2519.580775075271,2460.291670434742,314.27175441921014,3330.469514774071,2820.3239558348823,3792.292063509083,3511.576827016687,211.84376970053663,3296.1828287261815,0.0,1962.4236498271716,1863.4434153955992,858.5263549365054,422.4275705662124,4205.712433593811,2106.4366817396217,4004.6105493262385,2544.9506261039396,4317.061478994606,3803.4614483253554,3907.753470102186,883.9090237736846,1121.142267176934,1110.0332442314511,4042.125851321763,1873.3752081900016,1446.1476485745552,1804.3458864042725,2825.33455730352,879.9657501756684,2554.324182756093,1429.4225836895996,1320.8027664145523,1894.0788784178317,277.4107777712481,2805.309007942272,2046.3170331688525,1968.9307580246182,1490.564465235702,4059.1838830934907,3281.164915156019,2118.0260800029387,3774.1325910326586,3529.154681742258,2980.0331821488658,1499.1990868241837],
        [848.9731798749583,2853.959631093515,3811.7482980776267,4289.06595096091,3876.2077839077947,3900.99333121408,4123.355047425217,1648.3934518957294,2285.5129421791084,3161.543552068264,4052.6961441729263,1583.543001627358,1789.1051850399156,2588.88284349583,1962.4236498271716,0.0,3355.8325991963707,2555.518859652662,1728.7638444685495,4295.135248470464,3749.481990611024,3987.0654658663393,2458.7661417810536,3920.1757549754825,2539.9043217582393,2245.441719125267,2833.933271394579,867.4870694081188,1492.0318448943642,2458.167180391805,588.4163543944036,2484.6482070920338,2026.8673629130758,4008.9716090305346,2798.409181712145,4217.029610164934,2055.091077042502,778.3439944013297,689.1828143723163,1851.3728927310988,4352.662608335208,109.72319780442888,3836.9516478890337,1014.9643640076492,4200.914822128528,2358.016240460848,410.84737692751713,2803.6018133682182,2959.678560834515,2629.300003505687,848.9731798749583],
        [3221.8276022598966,2137.771724410239,770.0281477642809,2897.3535257343215,608.7284052859766,660.8478050494379,811.0077203786841,2058.3738652029547,3541.21887845414,1901.0765152943882,2637.614671816197,4628.084897443552,2058.5840974167972,3210.60894710309,1863.4434153955992,3355.8325991963707,0.0,2327.957731030451,1774.967056810704,3125.1322783319515,470.9270976493435,3063.6404876315214,2217.686348344941,3667.0926181320824,4093.7261570032347,4590.726135495955,1752.8429225580137,2730.817039351643,2966.0011978700413,4615.192377592044,2967.2062529467153,3159.665510428256,1768.543572792414,1043.395488146405,1906.8832032094003,896.7921107110253,1443.837540326672,2577.5285324412093,3564.0651240009506,2139.855332837493,1000.0474400011843,3462.725374955143,1069.4731268136886,3262.7648649519397,2958.6754377863467,3397.5931363250875,3656.507426370826,3792.270633329149,3239.096738400009,2685.036080814173,3221.8276022598966],
        [1867.481978952016,3593.7207037843423,3090.2961323818154,4845.624912091611,2918.7896653517123,2977.540393880499,2709.311545507517,1063.4254362311638,4171.912757128632,3612.6847540229255,4566.819772478704,4139.05926105749,891.1496212247412,4153.730724293012,858.5263549365054,2555.518859652662,2327.957731030451,0.0,1280.3677586416266,5000.095297880155,2415.628042542287,4818.190846589182,3394.064520945583,5163.9132377621145,4629.668531394886,4661.849981582863,642.3134911885146,1693.711694196759,1230.4756144746837,4817.699530060518,2608.3975012610204,861.8877343176736,2653.747645417213,3363.592289909293,493.42757700454916,2794.3238479691804,2261.907453213091,2059.7113516570475,2269.50325403689,771.0958430080028,3123.2645250468445,2616.7655189884726,2006.0767446022714,1780.571276457126,4848.090347543079,4130.373042871038,2594.483543898857,4624.966219330476,4387.175749757304,3835.632379261604,1867.481978952016],
        [1448.8833332817026,2374.8754051736737,2400.7672545566597,3717.2456911896315,2362.923036748662,2403.5987788851203,2468.566323466284,343.5769955549917,2914.185289562313,2461.382491426183,3440.9656033832243,3220.7721000743163,453.68275906687876,2873.783243446198,422.4275705662124,1728.7638444685495,1774.967056810704,1280.3677586416266,0.0,3838.230930371255,2098.4318748265846,3623.3780741571113,2136.479656951364,3908.5994395571197,3394.6358009521305,3539.358824276731,1239.1938337213646,975.5413812009983,1255.2101718040917,3660.928422065157,1539.6847095159126,1803.1070415899585,1397.839091592618,2648.9402769444305,1265.4519378637851,2563.653562875365,1048.11999183402,1006.5492523327297,1805.7808298725022,591.4148221849349,2762.7085932175887,1824.4416953457244,2109.4742636238852,1488.4989050973177,3696.2064987807303,2861.2186238530307,1954.2750934801575,3353.383249341041,3109.250017163401,2563.7360335018316,1448.8833332817026],
        [4775.334458238944,1503.0903977476344,2564.945171386168,287.78583962259904,2902.0813268093248,2848.090876772261,3578.6393906839335,4169.580088609757,2545.3702038877377,1387.8755008738358,491.5117113945687,4572.825667544403,4291.208645903284,1988.9622634680377,4205.712433593811,4295.135248470464,3125.1322783319515,5000.095297880155,3838.230930371255,0.0,3460.752955620995,345.2282387341062,1857.1019395463957,1048.6979490532792,2885.2421269865135,3808.307133304752,4614.915130024537,4302.9396702792055,4969.68275949167,3638.035349468616,3706.937771144202,5640.139208385433,2496.815794734156,2408.107151386045,4738.6391505824,3600.5561783584485,2790.3255102518146,3804.1335209516947,4894.8033356327405,4427.16212040834,3311.4868509693097,4387.590424051131,4177.8322466511945,4912.210360289964,166.8560449464731,2354.9716142729303,4705.93351064606,2298.16991569476,1631.564385727162,1695.1906813860162,4775.334458238944],
        [3542.4686584321203,2580.007292063626,932.0274297594689,3215.4897770790876,624.1712227812985,689.7236302096395,373.9959599346488,2343.8032657515123,4011.517701521961,2313.669157358581,2969.320636087507,5068.643702159683,2313.746319879191,3674.0671084820856,2106.4366817396217,3749.481990611024,470.9270976493435,2415.628042542287,2098.4318748265846,3460.752955620995,0.0,3431.99390054385,2680.595288289956,4073.093367092177,4564.134056725042,5057.70753898512,1790.7136978705728,3072.211511829705,3215.2757583142843,5084.905135613474,3392.2087855523855,3273.3275532329353,2237.7882779111687,1169.4417305512063,1948.7894821823772,468.2345850018495,1901.4240076630379,2973.1487797266973,3904.0951299210915,2373.239034086343,712.3847802609605,3854.3083610483836,740.1951614695138,3566.034048841506,3293.9933801183306,3866.6638361856053,4028.5671654932853,4256.514750024932,3690.1582941573706,3142.872149365198,3542.4686584321203],
        [4495.570199416593,1254.3661904590442,2572.003096059812,527.7261085662334,2906.953056666939,2857.8557909036354,3584.127302712388,3947.7034231247812,2200.142316810786,1224.3811002292944,566.8263046059087,4229.321652784191,4077.0239992919087,1644.1477023704797,4004.6105493262385,3987.0654658663393,3063.6404876315214,4818.190846589182,3623.3780741571113,345.2282387341062,3431.99390054385,0.0,1575.8870279677176,798.4505409170554,2545.0032464277742,3464.940858308203,4466.790041661048,4033.943795517115,4720.196730204973,3297.603594780758,3400.0179187603853,5426.004109188269,2252.9652445381544,2447.5329207736536,4583.596412068907,3614.8173553046627,2577.505194875475,3524.4532935253005,4599.114638504135,4214.621010509502,3354.349185591711,4077.289909537143,4129.4998422802655,4636.735366764222,357.68797130484955,2009.8718147472105,4397.373138917127,1960.0332913345967,1286.7342214793732,1369.7516281400067,4495.570199416593],
        [2920.8941563876133,407.0661862313133,2138.7549958182112,1831.2465752231265,2390.314266058879,2373.160997927063,2967.431122016898,2437.6437733033504,1387.2133341522413,793.8909917927548,1594.870149181983,3031.4896192511496,2582.585152143852,993.4802664876634,2544.9506261039396,2458.7661417810536,2217.686348344941,3394.064520945583,2136.479656951364,1857.1019395463957,2680.595288289956,1575.8870279677176,0.0,1772.3835784274459,1932.3135777222444,2606.294596782431,3156.3605263123327,2458.805450163146,3158.1470380933088,2557.0246798197345,1871.7337710312174,3916.7599845584737,740.7113142283048,2193.1866481962206,3246.4334330730385,3034.0344366153595,1147.2807582996554,1949.469208501049,3039.9507346926002,2721.82966958553,2937.5354478718077,2556.08400325417,3223.7552274446975,3060.985931474298,1750.3787432161944,1216.9547205815788,2868.7758925639405,1576.1982070975657,1061.8293960357528,484.70514952897054,2920.8941563876133],
        [4547.42185842913,1606.6143063541842,3267.9057255445796,1304.2966190019904,3595.017572330925,3551.755087453012,4264.118813802104,4205.3177273965375,1815.4999642298421,1766.0361767578347,1362.095581947647,3859.189532816854,4353.17093323358,1349.0414556339153,4317.061478994606,3920.1757549754825,3667.0926181320824,5163.9132377621145,3908.5994395571197,1048.6979490532792,4073.093367092177,798.4505409170554,1772.3835784274459,0.0,2013.2631273630195,2957.9702841439803,4893.7396343754435,4137.3215859531965,4877.854606849964,2750.611282553444,3355.765387610951,5680.030160296295,2512.734761537526,3175.2772148084064,4994.057146091001,4304.045256340202,2905.9676747681037,3600.4498279562636,4580.541987738433,4492.384708570603,4074.3617021729046,3996.2488397128627,4735.043183213365,4702.910133970875,1134.3531030272818,1659.7885665797544,4318.940676219006,1429.5436997085576,964.0884918847597,1372.9188275584638,4547.42185842913],
        [3352.0341106643486,2193.7205078841644,4070.7995718131706,3046.7049634302357,4319.517529640533,4304.163185144597,4873.988369445031,3566.244129426307,552.8895264080144,2605.8195944438644,2947.6522350810424,1925.4340832432779,3738.562981860506,1020.7613262884095,3803.4614483253554,2539.9043217582393,4093.7261570032347,4629.668531394886,3394.6358009521305,2885.2421269865135,4564.134056725042,2545.0032464277742,1932.3135777222444,2013.2631273630195,0.0,944.7139956490003,4615.383653793262,3122.390136414228,3894.153953074566,752.799555890247,2139.313490635897,4856.193060659987,2357.5099464621676,4114.409858212978,4657.3465943536885,4945.6614290540265,2763.564168595133,2621.19927067751,3222.6334274306328,3861.2555623786197,4867.909122808095,2573.147358372705,5025.427617954355,3522.316976419392,2888.9565950283118,716.2327222432301,2860.6243968938456,591.334795191314,1279.1429645862386,1565.6816801192292,3352.0341106643486],
        [3093.9909633186953,2939.4500892824108,4701.328625961025,3952.9517443408613,4910.417349655706,4905.422037785889,5397.061454881095,3626.4275336429764,1301.0309799961217,3360.3756249544263,3831.3608777645545,1116.3337000033246,3795.4066095301137,1861.7067945666527,3907.753470102186,2245.441719125267,4590.726135495955,4661.849981582863,3539.358824276731,3808.307133304752,5057.70753898512,3464.940858308203,2606.294596782431,2957.9702841439803,944.7139956490003,0.0,4776.40471795956,3009.997099221446,3725.226383066746,279.98082970289767,2053.4598177386624,4718.352483506729,2824.583664536217,4786.251017577722,4787.46775742762,5477.365474663212,3166.9902940811503,2604.5777909776652,2860.6761877941085,3898.2344573658556,5457.641883159272,2238.1574810740635,5416.468301520678,3258.276628497488,3800.7319519279977,1500.1869784485732,2458.436855688207,1532.497989150994,2181.284482393813,2345.6981356383762,3093.9909633186953],
        [2277.3749858708916,3291.6338251916964,2522.748584895247,4435.416028178794,2322.996600660723,2384.2317383613345,2072.0527561778863,1191.6395904714739,4117.227286777263,3243.503515811337,4158.698572398718,4393.407531365244,1044.8426610798597,4012.405905223809,883.9090237736846,2833.933271394579,1752.8429225580137,642.3134911885146,1239.1938337213646,4614.915130024537,1790.7136978705728,4466.790041661048,3156.3605263123327,4893.7396343754435,4615.383653793262,4776.40471795956,0.0,1975.7759242862937,1725.4682890442984,4900.120979058089,2754.119386683526,1502.8596314795489,2437.1038950619954,2796.2298587781993,158.13181815278202,2155.7054430852745,2011.3433631041576,2203.312770882789,2684.535988923649,995.884533449028,2492.628250086934,2912.8998604638714,1366.8393504496273,2227.2153097227424,4456.362265462345,4046.0609189917855,2955.0642837326195,4528.658062081754,4197.030983741229,3625.6898349915487,2277.3749858708916],
        [518.914239132338,2800.966163916148,3300.8429620294432,4239.015546531943,3301.600272443396,3337.03659826253,3443.2617812477856,809.3570776662501,2750.133503525277,3012.54893923809,3977.055006956996,2448.4790432751697,933.6380885486417,2901.003210305253,1121.142267176934,867.4870694081188,2730.817039351643,1693.711694196759,975.5413812009983,4302.9396702792055,3072.211511829705,4033.943795517115,2458.805450163146,4137.3215859531965,3122.390136414228,3009.997099221446,1975.7759242862937,0.0,778.5043696163178,3190.4901968813615,989.5151258165936,1737.2094181196485,1827.1624934258705,3531.1774676203822,1933.7971580082121,3538.315968030493,1670.5372548956198,542.2573667513128,833.6998666721146,986.047123224594,3726.6253276344646,939.3784662504515,3058.7653529402965,621.2959130084005,4182.693472961053,2765.0835201788113,999.1860244852639,3253.2723235043704,3223.1637106508683,2769.857384905776,518.914239132338],
        [682.1048797105052,3469.9489160705357,3639.3683031079095,4880.244585834578,3570.442598668324,3616.725543978107,3565.655600740666,924.5320808546927,3528.6206316012976,3630.1880702466237,4609.959731703549,3037.2998534735616,907.9520944499983,3668.9663900129026,1110.0332442314511,1492.0318448943642,2966.0011978700413,1230.4756144746837,1255.2101718040917,4969.68275949167,3215.2757583142843,4720.196730204973,3158.1470380933088,4877.854606849964,3894.153953074566,3725.226383066746,1725.4682890442984,778.5043696163178,0.0,3922.8580075590257,1755.3251657400638,993.7139189002127,2472.883443837988,3893.922628043956,1626.8903978158626,3659.136656391473,2223.1920963607654,1313.7261552149625,1060.8301197510589,842.950505319445,3915.3421503803606,1523.5375644919377,3017.7049201299114,562.922638240202,4839.536580003013,3542.324557505862,1424.4259854946356,4031.4130309997313,3980.9305382697717,3505.297128109234,682.1048797105052],
        [3306.6253636083757,2865.215727830422,4679.69790151584,3797.3257449436137,4903.841012957969,4895.1100485237275,5415.402217854344,3770.2389583505674,1196.1967048335932,3284.7230736864203,3691.5952263770273,1396.2073760193273,3941.0937627770372,1737.109491839932,4042.125851321763,2458.167180391805,4615.192377592044,4817.699530060518,3660.928422065157,3638.035349468616,5084.905135613474,3297.603594780758,2557.0246798197345,2750.611282553444,752.799555890247,279.98082970289767,4900.120979058089,3190.4901968813615,3922.8580075590257,0.0,2215.7110500588046,4913.3191136540245,2847.207079528141,4749.15630915504,4919.277010960407,5492.986629737388,3212.5918231918236,2758.27897374969,3092.0999538698793,4049.416384661957,5452.929378375576,2459.1526130087004,5477.218536442556,3473.1314309139184,3640.5939344132257,1391.236513770549,2694.478245653801,1342.3930964812037,2026.3109976592216,2252.6879499765287,3306.6253636083757],
        [1242.1140686659605,2269.0024193085765,3345.604114397645,3701.2426410518756,3444.456764551041,3462.516813972683,3762.0025081650324,1580.6298811049692,1802.2521890693542,2586.4308687861976,3466.3286125995705,1701.4368934770398,1746.995530193276,2041.88524982178,1873.3752081900016,588.4163543944036,2967.2062529467153,2608.3975012610204,1539.6847095159126,3706.937771144202,3392.2087855523855,3400.0179187603853,1871.7337710312174,3355.765387610951,2139.313490635897,2053.4598177386624,2754.119386683526,989.5151258165936,1755.3251657400638,2215.7110500588046,0.0,2726.641241523552,1482.5707967319615,3524.0207669762617,2751.5752163836696,3853.137005433846,1580.5277955925128,554.5815029446846,1224.7794302377283,1845.9354517594002,3947.244552766296,684.3572251096194,3579.876517618502,1409.9000346967075,3612.5156215883135,1845.783608070552,999.2535947914753,2316.790162809163,2401.524804101198,2046.2237284716832,1242.1140686659605],
        [1655.9721709701219,4175.502546402428,3910.9346255875903,5512.555404062806,3759.2559450981316,3816.177012384572,3571.006070300909,1481.3690792159546,4462.131085402852,4259.1801054446305,5234.9997801135405,4012.362950687578,1349.4902281305663,4546.93588443038,1446.1476485745552,2484.6482070920338,3159.665510428256,861.8877343176736,1803.1070415899585,5640.139208385433,3273.3275532329353,5426.004109188269,3916.7599845584737,5680.030160296295,4856.193060659987,4718.352483506729,1502.8596314795489,1737.2094181196485,993.7139189002127,4913.3191136540245,2726.641241523552,0.0,3187.604666007996,4182.316871915806,1350.2324404935769,3656.1859854841846,2850.9862202364925,2240.611712304473,1992.9274246993432,1212.9872632152349,3982.714968851358,2512.140718480279,2859.649955559341,1510.1730584967254,5496.55620911845,4457.58632486824,2384.484908173804,4952.473373148351,4829.599143861152,4314.7667469261105,1655.9721709701219],
        [2323.4282600870865,999.0689539546199,1943.4444648958465,2415.815966527721,2108.915854640061,2111.8746813475973,2572.6731361673164,1706.2961343052302,1811.9766227650723,1187.0308474847088,2151.0738642459564,2971.6153726658363,1846.6124887448734,1594.0483501818485,1804.3458864042725,2026.8673629130758,1768.543572792414,2653.747645417213,1397.839091592618,2496.815794734156,2237.7882779111687,2252.9652445381544,740.7113142283048,2512.734761537526,2357.5099464621676,2824.583664536217,2437.1038950619954,1827.1624934258705,2472.883443837988,2847.207079528141,1482.5707967319615,3187.604666007996,0.0,2086.327888167324,2519.649950310139,2652.7863735098313,432.8467966156163,1373.660115797297,2509.9073445561044,1985.75045533167,2649.057476515042,2134.0815565729376,2668.0401334609855,2446.352859311837,2368.0943905748068,1694.0651525916626,2418.1521802436423,2143.733324936948,1760.0270496804953,1191.5002268519415,2323.4282600870865],
        [4045.476553192808,1933.3561692169565,273.75676382549653,2140.2331403078706,546.9310395856078,482.6181023853048,1191.4859336059947,2969.6011628236556,3576.9221211233844,1550.5220707692445,1924.472211090892,5054.717176397923,3002.812496241986,3121.69654004101,2825.33455730352,4008.9716090305346,1043.395488146405,3363.592289909293,2648.9402769444305,2408.107151386045,1169.4417305512063,2447.5329207736536,2193.1866481962206,3175.2772148084064,4114.409858212978,4786.251017577722,2796.2298587781993,3531.1774676203822,3893.922628043956,4749.15630915504,3524.0207669762617,4182.316871915806,2086.327888167324,0.0,2950.0736042564818,1201.5089602702883,1954.4831879031499,3256.2202721624144,4343.251656717194,3101.823705398181,907.1937681896491,4118.690488254999,1907.6118704966545,4113.9866791043,2245.1816221531785,3398.834671172416,4360.847931729512,3689.4622150091595,3022.7222446912488,2562.4496109697234,4045.476553192808],
        [2204.947169582573,3396.217119226609,2676.451531522402,4563.85659997018,2479.8356749807485,2540.860426989688,2228.40466354507,1174.2007328656302,4167.761305287521,3362.1792151276486,4286.473391871969,4368.512130731129,1016.0570886387234,4082.8009376914047,879.9657501756684,2798.409181712145,1906.8832032094003,493.42757700454916,1265.4519378637851,4738.6391505824,1948.7894821823772,4583.596412068907,3246.4334330730385,4994.057146091001,4657.3465943536885,4787.46775742762,158.13181815278202,1933.7971580082121,1626.8903978158626,4919.277010960407,2751.5752163836696,1350.2324404935769,2519.649950310139,2950.0736042564818,0.0,2311.5293686336845,2099.233265866178,2197.7579358062158,2612.6416949979243,947.7515133679107,2650.218373957803,2873.1636752708323,1512.7125084804243,2144.75372195488,4581.227503392026,4103.370962674457,2898.692787803536,4589.682125060969,4278.829337280684,3710.763593170797,2204.947169582573],
        [4004.8111103634787,2887.447341112517,1042.8237164802533,3337.5768487200667,709.6571549305309,756.9623727368248,95.10298210794095,2801.3812657534268,4393.010163594963,2577.163580909435,3112.484796200765,5522.591219640344,2763.7146342201595,4023.5526613790507,2554.324182756093,4217.029610164934,896.7921107110253,2794.3238479691804,2563.653562875365,3600.5561783584485,468.2345850018495,3614.8173553046627,3034.0344366153595,4304.045256340202,4945.6614290540265,5477.365474663212,2155.7054430852745,3538.315968030493,3659.136656391473,5492.986629737388,3853.137005433846,3656.1859854841846,2652.7863735098313,1201.5089602702883,2311.5293686336845,0.0,2340.440683553638,3440.2700019596477,4369.40616541655,2816.1927469393104,398.47389784737635,4322.043202013568,890.227885561606,4024.60417055025,3435.9301805092928,4239.2870483153265,4496.716678528875,4606.569783295748,4006.2477245206724,3478.8395690356365,4004.8111103634787],
        [2187.30830298421,1335.459853198364,1766.1882126450585,2674.564532387753,1870.6158285757938,1885.5351350514145,2254.7194952927553,1380.3649423116572,2224.646721837187,1418.2584988705437,2399.9075330627024,3195.600420063021,1501.5273867104158,2026.7108397720665,1429.4225836895996,2055.091077042502,1443.837540326672,2261.907453213091,1048.11999183402,2790.3255102518146,1901.4240076630379,2577.505194875475,1147.2807582996554,2905.9676747681037,2763.564168595133,3166.9902940811503,2011.3433631041576,1670.5372548956198,2223.1920963607654,3212.5918231918236,1580.5277955925128,2850.9862202364925,432.8467966156163,1954.4831879031499,2099.233265866178,2340.440683553638,0.0,1314.5435940670566,2435.043056315222,1638.287777019026,2388.129691995876,2164.8110116511375,2269.9321736182374,2287.6377217500717,2649.2861723342044,2116.2455183900265,2414.6587285130004,2573.13627999289,2187.352397415478,1614.4640255584236,2187.30830298421],
        [971.4534848106753,2309.7210391549725,3049.6216349423084,3756.375008238927,3102.38960424001,3128.752841444288,3346.8285597599793,1026.0591365832756,2223.727144924911,2556.0834788815346,3501.2556999163817,2214.240284518636,1192.620668467775,2358.9453224053054,1320.8027664145523,778.3439944013297,2577.5285324412093,2059.7113516570475,1006.5492523327297,3804.1335209516947,2973.1487797266973,3524.4532935253005,1949.469208501049,3600.4498279562636,2621.19927067751,2604.5777909776652,2203.312770882789,542.2573667513128,1313.7261552149625,2758.27897374969,554.5815029446846,2240.611712304473,1373.660115797297,3256.2202721624144,2197.7579358062158,3440.2700019596477,1314.5435940670566,0.0,1138.2073211302156,1293.708221701302,3574.740830147406,885.3027338853974,3090.779231216239,1113.8122334445259,3690.454380640955,2229.935068322578,1104.7339602115474,2721.037003830173,2681.6458119599665,2237.0322826615206,971.4534848106753],
        [407.702425723504,3419.0090906811397,4119.858192759014,4866.244570017788,4131.414133956598,4165.545837353296,4274.313885357283,1599.0169875698225,2974.0414648432015,3687.104229112769,4617.950615271061,2033.7951492519617,1688.1442722185047,3261.6521750218703,1894.0788784178317,689.1828143723163,3564.0651240009506,2269.50325403689,1805.7808298725022,4894.8033356327405,3904.0951299210915,4599.114638504135,3039.9507346926002,4580.541987738433,3222.6334274306328,2860.6761877941085,2684.535988923649,833.6998666721146,1060.8301197510589,3092.0999538698793,1224.7794302377283,1992.9274246993432,2509.9073445561044,4343.251656717194,2612.6416949979243,4369.40616541655,2435.043056315222,1138.2073211302156,0.0,1698.6228740602662,4560.298943432235,649.89599698821,3859.798611591882,498.12185792355024,4790.287596179382,3042.7202984779124,408.58542965882566,3492.242122026233,3625.44949249882,3261.1995756295055,407.702425723504],
        [1294.3561264289601,2966.2348296122527,2839.7883885118454,4301.503188776318,2747.6177292969696,2796.618757799902,2722.7061334170626,300.1039312218117,3410.9699027507677,3047.053653297971,4024.3861048260273,3425.7088742844685,139.24487662826718,3419.954610192778,277.4107777712481,1851.3728927310988,2139.855332837493,771.0958430080028,591.4148221849349,4427.16212040834,2373.239034086343,4214.621010509502,2721.82966958553,4492.384708570603,3861.2555623786197,3898.2344573658556,995.884533449028,986.047123224594,842.950505319445,4049.416384661957,1845.9354517594002,1212.9872632152349,1985.75045533167,3101.823705398181,947.7515133679107,2816.1927469393104,1638.287777019026,1293.708221701302,1698.6228740602662,0.0,3075.587918209174,1925.419729790175,2195.5954846474674,1264.4100607793262,4283.846776287888,3376.9584384456784,1959.189987269398,3873.023028360412,3674.198536980095,3138.988746002078,1294.3561264289601],
        [4211.591769448087,2742.5679123988884,823.9914094079575,3039.8821984792926,549.438198025564,564.7766680014129,449.97345254767987,3028.629383829204,4318.607984704948,2396.2046287105777,2830.2864545503767,5583.254076895101,3009.786045245584,3910.987677122098,2805.309007942272,4352.662608335208,1000.0474400011843,3123.2645250468445,2762.7085932175887,3311.4868509693097,712.3847802609605,3354.349185591711,2937.5354478718077,4074.3617021729046,4867.909122808095,5457.641883159272,2492.628250086934,3726.6253276344646,3915.3421503803606,5452.929378375576,3947.244552766296,3982.714968851358,2649.057476515042,907.1937681896491,2650.218373957803,398.47389784737635,2388.129691995876,3574.740830147406,4560.298943432235,3075.587918209174,0.0,4460.026850741105,1281.065905318198,4245.11415674034,3149.6340321055113,4153.974204081666,4656.503340678318,4490.353071001713,3856.647884135549,3356.0838665699694,4211.591769448087],
        [861.8592516561537,2952.984105632589,3921.294827911025,4385.234176272222,3984.831211199796,4009.8432460381637,4228.246867645559,1732.0453555076667,2339.286981357276,3264.544828321565,4150.674312465445,1526.9195120870056,1868.462920983557,2659.8716677130487,2046.3170331688525,109.72319780442888,3462.725374955143,2616.7655189884726,1824.4416953457244,4387.590424051131,3854.3083610483836,4077.289909537143,2556.08400325417,3996.2488397128627,2573.147358372705,2238.1574810740635,2912.8998604638714,939.3784662504515,1523.5375644919377,2459.1526130087004,684.3572251096194,2512.140718480279,2134.0815565729376,4118.690488254999,2873.1636752708323,4322.043202013568,2164.8110116511375,885.3027338853974,649.89599698821,1925.419729790175,4460.026850741105,0.0,3933.6835983318247,1022.2704189819074,4295.225230450516,2419.1092613640744,323.1323205995216,2856.497130207605,3034.0821729911722,2716.2235555292955,861.8592516561537],
