{
    "drone_dist": [
        [0.0,2968.9408312051983,18.796722751683898,1337.4812621592323,4421.632153608457,1950.612239848141,4678.351322712473,4768.865495002632,2541.207824534211,4850.09194393713,4861.105596054612,2192.206418634941,3085.6864035507356,1715.5811039563446,3312.091477176192,2637.765443995904,3488.2348390221946,3321.6144626100336,3031.0400415726613,3539.748974842635,2022.549872404321,3615.833120446529,1740.127857515967,1697.823273291225,2072.6747742630005,3391.625196181961,1793.6689198126453,3845.6902666219285,1315.3690862010712,1449.342271336677,2107.8094076075663,4247.5094063177485,2372.495654228992,4142.920056381042,2935.096294206423,2389.422227385192,3935.8217826349132,2973.228584132619,1399.7430922286028,2028.9682076699075,2020.6019389031344,3102.960127118788,4460.151534482325,4966.333645763482,4001.205905800927,3859.7428185433632,2575.8577431352564,301.63257058078784,4616.898130253734,1074.914778811951,4158.189610690525,2473.104931501604,1913.1309893760954,859.198565657301,2829.8433792496908,1439.6026079705448,989.5536584285969,3941.9425738890936,2152.8635507786375,1728.1591273727229,0.0],
        [2968.9408312051983,0.0,2984.9900449108613,1648.6103922570733,2304.6163157043343,2225.60387515345,3905.1229916568673,2547.337242914767,3601.100970216688,4839.220677921728,2134.0894135732747,1813.0265947078562,3557.4220268656422,3982.39489555383,3587.679621645959,2300.0555338859185,3374.589435275629,3828.682021124864,1885.874760884834,1875.5935152745235,1874.311696650036,4265.654031729029,2362.0709851169245,1342.4758693035967,4164.286421556293,3933.896053699998,2271.5102897157412,879.3158770439,2637.212035308795,2829.7861701579936,1444.0130249119618,3654.250976742217,624.9437085602389,1251.9847910985116,1662.3937232200185,3685.651416556908,1956.7022551675782,65.34397913863859,2061.3438213920567,1666.9015566849073,1663.2181526756895,1150.2646196227572,3718.473294176697,2112.1079466991528,1315.769689625875,1748.6988769078932,1939.3907309191395,3270.556802984742,2578.5463107247124,1894.6961648072934,4049.964570943516,500.90138662360306,4147.255471438928,2214.126768725245,1492.2423902649962,3927.362688190789,3271.6859290093107,1983.371463969484,2553.4975645281766,2520.907925171098,2968.9408312051983],
        [18.796722751683898,2984.9900449108613,0.0,1352.2852409702612,4440.405309400311,1968.586410407587,4695.429198007347,4787.622203495486,2553.3926378712317,4864.4017549416,4879.127795666198,2210.901324467784,3100.009005120548,1718.2071746489232,3326.9323328443647,2655.7908944693836,3504.369990410213,3335.322868270014,3038.1059899495162,3558.544905864747,2029.0513188654083,3628.2831738328496,1757.6628171708403,1711.7284510809966,2076.458268011744,3405.0290008236016,1811.5191635155377,3861.538559648133,1331.4871922822822,1464.0405280575446,2117.7592165547617,4264.3875791623705,2387.824810016463,4160.051621439773,2953.888658656978,2400.3229455465057,3954.5985303627767,2989.059782860483,1406.3624623650383,2047.7614403604805,2028.9544173965135,3114.2670123517128,4477.282723263472,4983.862333789765,4019.1000676282656,3878.4444565974195,2581.843697444945,285.65492672262684,4635.694412992939,1090.7130452212932,4173.526190107758,2488.8962742516937,1915.4751990186312,877.850974195715,2838.9569694367865,1439.5304885568148,996.9141191254361,3960.7254995171024,2169.8141555256097,1745.0037945872791,18.796722751683898],
        [1337.4812621592323,1648.6103922570733,1352.2852409702612,0.0,3420.5260827364773,1621.5373472994356,4242.638984339746,3744.7382406570346,2830.9026381223025,4773.681028025503,3652.6290106632587,1547.982058047409,3114.7493864174435,2658.164930828471,3263.748595021993,2163.5434250390012,3263.05545785224,3394.0347130717737,1984.9543212489843,2634.5520107332195,1130.3963737812867,3787.2513256839597,1566.9093819429436,376.9960071106096,2931.863969549502,3488.8941997518896,1538.7467254891558,2518.276158375699,1511.4767875212433,1738.5251260114999,965.5986589321359,3864.0368578596062,1038.6554879684006,2862.9777009862687,2085.0878262719257,2799.1990116896955,2953.5199913662395,1647.1706908923898,744.3344950908968,1308.2082618306313,997.9928917898475,1842.5362187071062,4024.720990221035,3708.7252270503714,2787.0986892185715,2824.7978989626436,1633.2904749182205,1637.0322705899791,3654.9482922521224,284.2700608948416,3994.311288999566,1148.107396075683,2848.7516927840397,747.8079587288153,1680.0414145967814,2505.7005142548746,1867.0484557765249,2967.5615340713616,1974.6639185489937,1674.7629984252053,1337.4812621592323],
        [4421.632153608457,2304.6163157043343,4440.405309400311,3420.5260827364773,0.0,2672.6436558381774,2186.221419628306,354.1815757905887,3516.7951809533756,3448.926939786553,1187.121925433741,2280.798379649928,3038.0051200653475,4605.726910528817,2891.258042242564,2122.982638315772,2467.7905359674346,3199.6479502135153,4183.110138821055,912.6372018727886,4085.676399058368,3566.9251998547734,2920.9160621226474,3296.825356025922,4598.17432617747,3284.934868634301,2825.3429928741716,2192.511511094204,3412.197687428935,3475.170075057096,3661.1272737197464,2180.3084443756156,2740.012767265521,1619.1049198677883,1508.8562272756426,3733.9259176205674,486.0927671045792,2363.280401614497,4080.033676294304,2401.7109595767433,3868.5235097669643,3412.474746615585,2090.8258041269874,1589.0065365723647,1175.2953655410086,599.6257773998936,4234.4977950949915,4690.195989950301,276.4989355857666,3534.265353064643,2823.5627090737275,2596.9451828079186,4693.392284548484,3565.442563843144,3795.323760732715,4732.197733855341,4193.253574670488,482.2034647149564,2732.8871018482005,3036.0100855961864,4421.632153608457],
        [1950.612239848141,2225.60387515345,1968.586410407587,1621.5373472994356,2672.6436558381774,0.0,2757.3397485560604,3026.4979194856455,1384.259907039747,3156.45503082271,3412.4716335578573,467.33757308921315,1508.9333135981424,1984.7720096688188,1643.421699380269,687.5177493505342,1661.2728554421624,1791.6481362291659,3463.7994293105853,1760.272822253368,2738.138625480591,2203.7724566233205,248.8725398864568,1826.2575266398844,2061.2245073173076,1890.7178076876403,162.24491669386683,2981.5341569307097,746.7952472430898,807.388700112217,2483.5277922464647,2341.612368347545,1951.9477554170935,2975.4880144605786,1185.2673302971773,1460.547079975914,2200.791977436834,2271.645931070704,2337.2115017329957,558.7188337219519,2578.317626579554,3056.6385064794954,2537.164040835837,3641.99395582934,2649.896220993388,2197.4463245975835,3196.2101551680094,2164.345069702592,2818.0498534991125,1508.15153106382,2386.2330121355903,1930.568542610312,2105.1911054566554,1219.6511976312236,3092.902685042154,2069.372812393205,1523.4607284590527,2197.524879684307,368.5044949756237,373.88200116668764,1950.612239848141],
        [4678.351322712473,3905.1229916568673,4695.429198007347,4242.638984339746,2186.221419628306,2757.3397485560604,0.0,2326.1644140757166,2607.1019279507223,1316.7271446960863,3366.7990183248617,2696.1910218761163,1902.1657171633549,4026.709005613205,1639.3104902443115,2101.703287465706,1267.7842050423255,1858.4942474355212,5698.424669372667,2051.925481367519,5248.482534328828,2006.9004573403236,2943.438599690955,4315.6082806592385,3841.438014648541,1883.4303853821175,2902.687450762432,4154.487862314258,3374.480435311936,3291.2228302591056,4891.357242603374,444.9111884668253,4061.3779005323245,3696.902984276115,2305.950354396983,2869.46065892921,2163.232899721083,3970.4171905969038,4986.953555453568,2934.5050137707926,5050.457753720626,5042.758896226798,220.40758636592824,3773.650396351111,3216.0520113555285,2382.019131531664,5585.337479363912,4855.255250664612,2023.385314618093,4205.47995880034,970.25965938242,3954.8464184271734,4019.9905471780494,3975.14669957104,5291.903352842054,4295.233515938,4007.7708819195486,2132.0111931014526,2526.0623905145376,2951.4555936518013,4678.351322712473],
        [4768.865495002632,2547.337242914767,4787.622203495486,3744.7382406570346,354.1815757905887,3026.4979194856455,2326.1644140757166,0.0,3844.789346398722,3622.7935357781435,1076.5088754147534,2634.474226698562,3342.4626191672983,4954.933780126669,3182.3008604000106,2469.880567166118,2748.324946940134,3490.144323258959,4405.61207565679,1266.7315576622914,4366.800460980319,3842.409317909886,3274.850333475954,3605.0773097162105,4941.631267464366,3571.5353340576166,3179.419818202894,2325.142950547275,3766.358418191906,3828.4531035963887,3938.6903962047472,2381.020381803858,3021.2435082871616,1708.716392592182,1862.4100932556626,4066.7705329556393,837.1751750360265,2602.6299865475303,4389.756608427064,2752.542984172016,4149.805404819053,3621.5137869116797,2260.266574277597,1490.2884542834236,1320.0863998240206,921.7772833684719,4486.299354113764,5039.288010366047,313.86076853737114,3867.7829703343045,3045.2770573656053,2876.0933387705386,5040.153309930372,3911.549279347783,4026.821431156465,5084.6536199678285,4547.382674171379,835.1563781636403,3081.977743794436,3389.2598575249604,4768.865495002632],
        [2541.207824534211,3601.100970216688,2553.3926378712317,2830.9026381223025,3516.7951809533756,1384.259907039747,2607.1019279507223,3844.789346398722,0.0,2377.407854257622,4489.204364873397,1793.4664340948932,708.2414403945933,1431.5860107849699,974.5340185298538,1483.505320057611,1357.8488920086602,846.4713489628758,4778.925523062241,2690.3707590870804,3956.2308162792606,1076.2578131863495,1309.7878552265813,3111.212311512892,1237.1492958505626,890.056826647774,1376.1367589171427,4318.156839868336,1360.5384602121671,1151.7632675177986,3769.9353149844565,2171.301207427517,3329.673776669184,4225.4592877289615,2278.3208422012667,262.66374761812875,3121.441735540102,3649.4319238786493,3452.4396690117846,1939.262715487648,3827.965605236075,4428.286345912876,2423.5755754902852,4783.994896394907,3837.286953140669,3202.0542307164264,4462.039781392892,2607.5863861249904,3568.7490803799537,2632.7659662832184,1809.5577793145121,3313.7276864661535,1413.0989910173348,2193.9419404033415,4427.209898350957,1730.6108085048086,1626.521600779621,3106.2974079247138,1048.6737168144891,1172.844445786603,2541.207824534211],
        [4850.09194393713,4839.220677921728,4864.4017549416,4773.681028025503,3448.926939786553,3156.45503082271,1316.7271446960863,3622.7935357781435,2377.407854257622,0.0,4636.035081701828,3287.046366458985,1764.4060175697539,3749.4141789336268,1548.2037464723444,2664.6320911255493,1524.402974187747,1540.9171411733896,6486.717997670345,3120.4473401861437,5872.588220117642,1369.8981326888647,3258.456773454958,4939.383598489458,3465.3029860824204,1487.4734914759151,3259.545909745221,5240.7633902282005,3558.469469985828,3401.6624006111524,5574.619658394483,1282.272690119623,4855.825797668552,4858.540931817248,3176.838551257317,2601.441344705646,3340.1727530075455,4902.507769341544,5493.507361403712,3525.37253295403,5697.716767793881,5921.9156441355735,1363.0184963483869,5034.668043171665,4378.819746937239,3541.400369200672,6290.292825960397,4954.914948252763,3313.8343776402103,4661.569187714776,798.8914907027148,4775.985397058885,3678.023151625468,4318.541091236805,6089.160335809485,4079.0232348389336,3993.2956687540727,3310.342245899969,2822.4036445744546,3200.8231196463253,4850.09194393713],
        [4861.105596054612,2134.0894135732747,4879.127795666198,3652.6290106632587,1187.121925433741,3412.4716335578573,3366.7990183248617,1076.5088754147534,4489.204364873397,4636.035081701828,0.0,2957.9393728910495,4100.924803084157,5397.212346076278,3987.2333295572626,3015.9951886296167,3588.44773626419,4292.88268417494,3806.8436858488594,1805.8059617463084,4002.3063196207495,4684.190598355432,3644.6508909108443,3416.504645540531,5453.917860494352,4384.996813432277,3541.7058929798154,1578.3621237468283,4093.34805657577,4208.899944238935,3574.530874294137,3365.3455798931996,2728.3744678876924,943.3720150137552,2252.0247554186967,4677.809264204646,1405.289149149056,2170.175352157345,4175.943938371729,2991.509638326873,3794.1925725289916,3007.7486766094253,3277.415549840517,413.83509526944147,865.9910128435243,1289.2385540798823,3991.769841458484,5153.935526557543,1352.6327586023076,3842.8941571479563,3999.308940104142,2585.4028031287007,5514.413545633522,4015.7635052600526,3472.4668861479104,5461.255936458639,4858.10064919017,1427.669786226721,3573.8108212265874,3785.844816960085,4861.105596054612],
        [2192.206418634941,1813.0265947078562,2210.901324467784,1547.982058047409,2280.798379649928,467.33757308921315,2696.1910218761163,2634.474226698562,1793.4664340948932,3287.046366458985,2957.9393728910495,0.0,1781.957294855371,2442.538732723359,1859.0359219546672,627.3059899132627,1762.6497743708178,2062.242095526857,3216.6390741767295,1373.4632344357879,2598.4699149186126,2493.5876940038415,687.317592534155,1659.8788743449359,2528.2159605592697,2166.26369277514,584.0876358666393,2533.109196402073,1147.5772805960837,1250.963647759534,2287.650130918996,2316.6930811826664,1625.3979609881671,2508.711355393619,772.1115612978432,1899.2489922161683,1798.8913758401754,1863.8888585929117,2291.8427572357305,242.7485919822302,2415.8873527394762,2730.9041136617916,2477.689396612545,3178.5370443298675,2184.4442702188744,1771.034271904273,3003.2565457598885,2440.3619679126705,2450.4439747956644,1517.33985623298,2492.744887810968,1578.0709683801035,2568.373038856638,1369.685919343096,2827.878329669245,2506.8836815045593,1926.600467928887,1799.4298815635618,745.1551009985725,833.485912424518,2192.206418634941],
        [3085.6864035507356,3557.4220268656422,3100.009005120548,3114.7493864174435,3038.0051200653475,1508.9333135981424,1902.1657171633549,3342.4626191672983,708.2414403945933,1764.4060175697539,4100.924803084157,1781.957294855371,0.0,2138.365687742968,266.4410905474706,1265.6304687842387,677.736498675677,283.3546138604181,4966.090961212167,2303.0435231095853,4240.4072893009015,711.9290889345006,1552.7338051360782,3335.0792685587307,1939.307815292451,385.319465463507,1576.1085145902173,4171.583334039457,1800.2071990245477,1637.5236022088736,3992.3315867902284,1470.6191986562824,3405.843387773449,3976.1622465057258,2026.4637903933835,969.2096481413508,2698.7806223929992,3613.407307716812,3803.372473485011,1989.3581754243596,4085.437590729362,4512.564781117105,1723.8960312222493,4432.359624071724,3545.6216892014377,2819.3016417876875,4705.0933832641695,3195.159271454516,3048.0023299832847,2966.282111262065,1118.4698710042592,3359.721111415264,2120.460399519315,2586.128970975175,4588.29663717655,2428.4536585878727,2249.0110019272292,2678.5778076879674,1143.9382499087446,1469.4760423359837,3085.6864035507356],
        [1715.5811039563446,3982.39489555383,1718.2071746489232,2658.164930828471,4605.726910528817,1984.7720096688188,4026.709005613205,4954.933780126669,1431.5860107849699,3749.4141789336268,5397.212346076278,2442.538732723359,2138.365687742968,0.0,2404.785532377978,2486.770786918686,2762.9507992012595,2262.468107628822,4601.073565831763,3705.5043969206213,3630.14214483203,2385.276585536961,1755.479722897335,3024.7223155120523,376.61946400867396,2287.6158687618426,1858.884058305876,4825.385536845764,1356.3353139197168,1198.2964794188395,3601.3187803601636,3585.868649087901,3516.387797293032,4916.873519138632,3160.6741410454874,1176.0773408511398,4152.100006119475,4011.833014488543,3023.8820605183755,2447.7209222088113,3575.32623598758,4489.69292341496,3835.409118351829,5619.7158917489105,4622.9663971951095,4170.408782686347,4185.181481888804,1621.094285967258,4715.777530059461,2382.917359407634,3237.611404957022,3560.701124692844,199.3075497353935,1911.470252283217,4330.2062020621215,357.88072774931885,800.1618987347126,4145.015094199383,1872.9718149979924,1611.4182289186033,1715.5811039563446],
        [3312.091477176192,3587.679621645959,3326.9323328443647,3263.748595021993,2891.258042242564,1643.421699380269,1639.3104902443115,3182.3008604000106,974.5340185298538,1548.2037464723444,3987.2333295572626,1859.0359219546672,266.4410905474706,2404.785532377978,0.0,1289.4120078807732,451.6748920464178,308.39221192761926,5070.014857626799,2209.0022411100276,4381.125009149715,711.8990944478909,1720.21482609374,3462.3997412275185,2203.3307451221513,397.83477007722075,1730.3991269750654,4156.95121073057,2011.9373223760285,1863.022253380723,4113.851157340375,1211.7916886285398,3481.617445285235,3921.8119496545087,1999.988135760862,1235.0609700925609,2581.9750764125497,3645.9879963078906,3968.352739318711,2081.1765844686206,4218.159908476333,4582.399120162825,1465.304588718301,4332.474134475135,3477.26754283989,2719.217645523843,4829.554484300469,3432.7584873768565,2881.1679535813028,3132.3267610038297,862.1909145119853,3425.163733127775,2386.146958316538,2773.6980097352102,4685.004035047196,2693.5620534808945,2498.688326588665,2559.6785032655343,1291.5569266146251,1654.5898712613548,3312.091477176192],
        [2637.765443995904,2300.0555338859185,2655.7908944693836,2163.5434250390012,2122.982638315772,687.5177493505342,2101.703287465706,2469.880567166118,1483.505320057611,2664.6320911255493,3015.9951886296167,627.3059899132627,1265.6304687842387,2486.770786918686,1289.4120078807732,0.0,1141.2804299922832,1530.9302552219735,3826.671612306284,1239.7707800967294,3225.663881534498,1968.1337318036803,914.6423928141309,2287.1802191715005,2477.832099988424,1636.0944599180837,846.9365878832424,2910.617119253062,1405.0621235845588,1407.949204807759,2912.407556035117,1705.2010229574482,2210.0342076940638,2756.1938389229313,797.8092689504314,1662.0545095269902,1684.3455384177362,2357.728997107839,2904.5621841475922,869.4132249364296,3043.0266033729204,3302.0138819129065,1881.5126639518926,3301.7204763008585,2355.806035061168,1736.9850615595162,3627.071512394823,2850.734816380338,2229.664527993072,2106.772929350999,1868.2927798356106,2144.6890393653744,2570.497711199361,1883.0503302308293,3432.688973286315,2635.39330306328,2155.4506468996856,1673.9201521203045,617.0859627795866,982.1466786953505,2637.765443995904],
        [3488.2348390221946,3374.589435275629,3504.369990410213,3263.05545785224,2467.7905359674346,1661.2728554421624,1267.7842050423255,2748.324946940134,1357.8488920086602,1524.402974187747,3588.44773626419,1762.6497743708178,677.736498675677,2762.9507992012595,451.6748920464178,1141.2804299922832,0.0,750.5324050343091,4967.102880329888,1844.1689842460332,4352.019121625302,1099.6196245666054,1797.2370978520134,3416.8644086036193,2594.6467467735642,825.125493197889,1781.1082422403367,3873.5091508122164,2172.883066686959,2061.994078190988,4050.2609950709293,824.176491609989,3343.493315934621,3588.182160201633,1731.0650138496426,1620.057978123845,2187.508683547521,3435.8693045836667,3992.1306297245987,2001.2992160578126,4174.878908696497,4423.904395438714,1072.4870431896725,3946.0021364422314,3129.5754534253088,2341.271446570612,4765.890018611546,3640.6052856053475,2443.7108205497466,3168.3288031602224,732.4575013989169,3270.40296893872,2764.5203554083387,2861.8983597773713,4571.7584622288105,3027.5238958114855,2756.4262800695756,2163.274563552154,1358.5578460773743,1770.4162137345545,3488.2348390221946],
        [3321.6144626100336,3828.682021124864,3335.322868270014,3394.0347130717737,3199.6479502135153,1791.6481362291659,1858.4942474355212,3490.144323258959,846.4713489628758,1540.9171411733896,4292.88268417494,2062.242095526857,283.3546138604181,2262.468107628822,308.39221192761926,1530.9302552219735,750.5324050343091,0.0,5249.442097397833,2509.3331340911973,4520.828073623079,437.2129604639141,1829.5756105264948,3617.550941439435,2024.7714466258456,105.21847050451227,1856.0362734435676,4426.307870627042,2054.1351100440215,1880.155622099173,4275.1627191350935,1451.5009965939723,3686.985701586003,4210.06964794504,2273.3341198905264,1088.6472380654475,2887.615479944704,3885.3852960735444,4077.90106505881,2271.673440643273,4367.126050021405,4793.144397030397,1702.682542152917,4635.49407453382,3770.6404840310984,3021.559869685709,4987.593930841449,3416.508959196724,3188.389355727418,3241.132748964455,980.3772808951057,3639.2489814507294,2221.102955360768,2852.717645026391,4871.471811591116,2573.1747112148164,2452.448212327163,2865.644406214813,1425.8726197290916,1740.4587690231858,3321.6144626100336],
        [3031.0400415726613,1885.874760884834,3038.1059899495162,1984.9543212489843,4183.110138821055,3463.7994293105853,5698.424669372667,4405.61207565679,4778.925523062241,6486.717997670345,3806.8436858488594,3216.6390741767295,4966.090961212167,4601.073565831763,5070.014857626799,3826.671612306284,4967.102880329888,5249.442097397833,0.0,3727.0964746954664,1011.9335562620106,5667.066761977415,3476.7498465395656,1669.2700238785658,4897.754518889892,5350.444878799808,3424.725863674012,2234.47307833901,3492.8678053370622,3719.9692920982197,1019.7402962086875,5397.927084387147,1642.694363270347,2864.164365624476,3393.956938037161,4769.458411037369,3841.7811968925284,1824.469275747334,1632.383733205571,2989.1084334540824,1026.7971995923467,799.8591533732385,5498.075171580449,3643.1713622003126,3110.5499452745835,3634.5493747493288,486.89228929630116,3276.228190382796,4458.543842552685,2237.216658992812,5688.044385547542,1743.641171783111,4796.890590295628,2718.916649342403,406.75443304852513,4403.325662396351,3800.957030560884,3868.0818688372483,3832.294041557692,3606.603116713081,3031.0400415726613],
        [3539.748974842635,1875.5935152745235,3558.544905864747,2634.5520107332195,912.6372018727886,1760.272822253368,2051.925481367519,1266.7315576622914,2690.3707590870804,3120.4473401861437,1805.8059617463084,1373.4632344357879,2303.0435231095853,3705.5043969206213,2209.0022411100276,1239.7707800967294,1844.1689842460332,2509.3331340911973,3727.0964746954664,0.0,3442.4683297243773,2917.2352087202457,2008.3984746272833,2574.0751871817756,3715.3499899467056,2605.587207427946,1912.705871802357,2125.8800935678864,2499.695978210519,2563.996198203747,3039.5380994695934,1860.6821746215858,2138.5923282550125,1756.6349025793031,605.9724290801823,2889.055482068034,446.8223269561811,1940.7720191786907,3338.174062068139,1511.0259634547513,3229.2438873122474,3024.7031268242135,1880.8664631704212,2129.3396987857,1288.5874941152485,517.461617771664,3684.676614624965,3800.560677778822,1079.1037151485546,2710.6014819036877,2380.715151233816,2011.2141954197834,3800.341865051559,2690.7846864458324,3322.2312646261475,3822.8429194946857,3280.6557878213243,439.7542837533971,1836.4414457551104,2125.03700991992,3539.748974842635],
        [2022.549872404321,1874.311696650036,2029.0513188654083,1130.3963737812867,4085.676399058368,2738.138625480591,5248.482534328828,4366.800460980319,3956.2308162792606,5872.588220117642,4002.3063196207495,2598.4699149186126,4240.4072893009015,3630.14214483203,4381.125009149715,3225.663881534498,4352.019121625302,4520.828073623079,1011.9335562620106,3442.4683297243773,0.0,4916.989802204601,2696.4468000170305,939.2193491147634,3943.0056180569563,4616.629110643627,2664.815810420084,2554.20483313164,2617.869226786588,2842.730643068355,431.4876868105833,4897.176596331665,1346.2538111949184,3089.027481525683,2981.521764745278,3912.7480097864905,3668.023187866875,1833.7783128499032,622.8585835468963,2356.27912724645,217.16928979357374,1306.3362184893685,5035.559401155267,3940.171360815477,3188.746668570138,3493.065137825001,557.0328855117431,2264.393389543777,4347.763352781616,1330.6300398174478,5084.384971341443,1490.7992419251555,3828.0534178104194,1800.5600976560106,887.7020005459456,3414.1077163705454,2831.8330339733193,3688.9256928019386,3097.5339523504213,2805.004527129423,2022.549872404321],
        [3615.833120446529,4265.654031729029,3628.2831738328496,3787.2513256839597,3566.9251998547734,2203.7724566233205,2006.9004573403236,3842.409317909886,1076.2578131863495,1369.8981326888647,4684.190598355432,2493.5876940038415,711.9290889345006,2385.276585536961,711.8990944478909,1968.1337318036803,1099.6196245666054,437.2129604639141,5667.066761977415,2917.2352087202457,4916.989802204601,0.0,2220.5431575046778,4024.8881100607687,2095.427957271877,332.04037025084,2256.0484492640044,4860.572115467157,2393.8096025843697,2201.7969713916787,4684.565747609534,1652.1918597803167,4116.614473500222,4633.635382574124,2705.6094306206087,1265.746992692872,3280.4206312452643,4322.227080293266,4454.630240364052,2698.5992662363883,4769.296050728419,5223.771837845058,1888.399514465739,5035.77827740821,4188.8158212863855,3424.610602265813,5394.1052274633485,3682.9428692557635,3535.0376241204626,3620.649616838557,1045.4150956377025,4071.5138618390315,2308.702491575745,3212.6641467569693,5292.719676951506,2721.286799928363,2698.09684125705,3257.083257247039,1835.5403576208494,2117.938328379652,3615.833120446529],
        [1740.127857515967,2362.0709851169245,1757.6628171708403,1566.9093819429436,2920.9160621226474,248.8725398864568,2943.438599690955,3274.850333475954,1309.7878552265813,3258.456773454958,3644.6508909108443,687.317592534155,1552.7338051360782,1755.479722897335,1720.21482609374,914.6423928141309,1797.2370978520134,1829.5756105264948,3476.7498465395656,2008.3984746272833,2696.4468000170305,2220.5431575046778,0.0,1815.2014002304923,1854.6099453472207,1923.0850491384926,103.43743141185446,3149.2209727086542,499.26774433685944,565.4939852262728,2476.1924148246017,2518.326337127084,2031.129781667484,3177.9710584557474,1429.3842070046123,1343.1608965741862,2448.0350085122004,2403.7312661957244,2251.5143508076676,717.0274539956364,2551.035626713844,3122.362899912208,2724.2693629458663,3864.562510488426,2868.785629647155,2440.7439291556884,3179.4954073886793,1940.2333655608097,3066.9027708719195,1414.4476275190548,2507.4892373738894,2026.8991062141474,1884.438440059999,1065.8570628324915,3119.520875645979,1826.2660082863636,1274.5906159019935,2445.128007925656,439.712822705392,159.52072193106656,1740.127857515967],
        [1697.823273291225,1342.4758693035967,1711.7284510809966,376.9960071106096,3296.825356025922,1826.2575266398844,4315.6082806592385,3605.0773097162105,3111.212311512892,4939.383598489458,3416.504645540531,1659.8788743449359,3335.0792685587307,3024.7223155120523,3462.3997412275185,2287.1802191715005,3416.8644086036193,3617.550941439435,1669.2700238785658,2574.0751871817756,939.2193491147634,4024.8881100607687,1815.2014002304923,0.0,3289.161546390777,3715.937744214405,1770.1863326510743,2192.6624120753527,1832.2985373595952,2058.6683175501357,661.0271037636936,3959.5011695665385,717.9093317335542,2584.2608551423277,2072.8309803919988,3100.7093579933176,2848.4106859185845,1331.6897136574564,784.8165725227733,1418.0645617444675,758.4545490031181,1468.3833104681107,4101.47040408556,3440.1668129136146,2557.734006017349,2697.201821041167,1370.0439725914332,1994.1553841928849,3545.098007641983,661.2523337545969,4148.845798360211,846.8126508460193,3213.3852619574373,1113.6891673307457,1336.6755742417747,2880.0823054431394,2237.9047639313308,2865.830988473633,2191.904679737113,1940.2399671299477,1697.823273291225],
        [2072.6747742630005,4164.286421556293,2076.458268011744,2931.863969549502,4598.17432617747,2061.2245073173076,3841.438014648541,4941.631267464366,1237.1492958505626,3465.3029860824204,5453.917860494352,2528.2159605592697,1939.307815292451,376.61946400867396,2203.3307451221513,2477.832099988424,2594.6467467735642,2024.7714466258456,4897.754518889892,3715.3499899467056,3943.0056180569563,2095.427957271877,1854.6099453472207,3289.161546390777,0.0,2036.1154458725186,1956.5388400454683,4986.1495029932,1529.7787156622662,1335.725334166872,3888.252864703329,3407.6790541978226,3734.427985521262,5032.039296940105,3202.7409175381754,974.6492046218339,4161.256131741152,4198.31345096959,3346.105808617031,2568.462918904661,3876.0657675918624,4743.205445082321,3660.2697710715247,5699.2356310255445,4710.241881931334,4199.7993046333695,4494.820854162631,1992.510023758643,4687.367481729933,2664.687308265131,3005.09412822853,3766.640243015637,222.7238504945569,2185.137884917855,4611.358932399623,728.108741598073,1118.5754453241527,4151.433494554536,1884.4205751267466,1699.3764772582615,2072.6747742630005],
        [3391.625196181961,3933.896053699998,3405.0290008236016,3488.8941997518896,3284.934868634301,1890.7178076876403,1883.4303853821175,3571.5353340576166,890.056826647774,1487.4734914759151,4384.996813432277,2166.26369277514,385.319465463507,2287.6158687618426,397.83477007722075,1636.0944599180837,825.125493197889,105.21847050451227,5350.444878799808,2605.587207427946,4616.629110643627,332.04037025084,1923.0850491384926,3715.937744214405,2036.1154458725186,0.0,1951.95919134472,4530.409715225545,2134.3798658700916,1955.3443811547497,4374.137088428852,1488.085610595919,3790.703318361296,4311.03448683972,2376.743100832877,1120.8366377617338,2979.760335723231,3990.587665716591,4168.860071312444,2374.650475391685,4464.363642679967,4897.116198116351,1736.6408958757631,4730.0850362355195,3870.0494094817027,3116.6026758713256,5085.94326142717,3479.6392212645173,3268.1103846378123,3332.5265511869916,976.024440842334,3743.5558707487926,2237.365567435546,2938.9812804852063,4973.303767906883,2605.4571943367673,2509.0764200323442,2957.401119810468,1524.0365980225954,1830.275960143323,3391.625196181961],
        [1793.6689198126453,2271.5102897157412,1811.5191635155377,1538.7467254891558,2825.3429928741716,162.24491669386683,2902.687450762432,3179.419818202894,1376.1367589171427,3259.545909745221,3541.7058929798154,584.0876358666393,1576.1085145902173,1858.884058305876,1730.3991269750654,846.9365878832424,1781.1082422403367,1856.0362734435676,3424.725863674012,1912.705871802357,2664.815810420084,2256.0484492640044,103.43743141185446,1770.1863326510743,1956.5388400454683,1951.95919134472,0.0,3052.2535147365256,588.55595667335,667.7057647489917,2430.833134638016,2482.5077833933865,1955.7166197103272,3075.6594606272247,1330.099804241279,1423.354317830302,2350.8997138132177,2314.257829396494,2238.1929419003095,618.4975576914509,2513.4726296455583,3052.178465648457,2682.8554097409383,3761.125489495748,2765.3761142173953,2340.689402441691,3138.3693169641606,2003.8633546744043,2974.7672715243953,1403.1031669412812,2499.208222345018,1946.4791885132606,1987.713566340838,1083.6513887931994,3062.393875959624,1927.2936643938554,1368.179065129567,2348.4642048558107,438.93612831006305,258.00884206194235,1793.6689198126453],
        [3845.6902666219285,879.3158770439,3861.538559648133,2518.276158375699,2192.511511094204,2981.5341569307097,4154.487862314258,2325.142950547275,4318.156839868336,5240.7633902282005,1578.3621237468283,2533.109196402073,4171.583334039457,4825.385536845764,4156.95121073057,2910.617119253062,3873.5091508122164,4426.307870627042,2234.47307833901,2125.8800935678864,2554.20483313164,4860.572115467157,3149.2209727086542,2192.6624120753527,4986.1495029932,4530.409715225545,3052.2535147365256,0.0,3471.1531111244285,3651.436610999314,2149.026616092487,3986.547330810516,1481.051391008841,646.590025420954,2157.1736438506027,4432.35073515541,2012.864196497743,872.4899857820349,2857.661809369283,2434.0520378609863,2363.557353121318,1439.2072489629923,3996.8764394836276,1417.4076206308146,1017.8701158020582,1787.2357433075063,2456.2998895807914,4147.18949879854,2461.6006903112425,2770.8273516871777,4483.116729941873,1372.725268794629,4983.415345411427,3091.753722697526,1918.5273366047975,4787.90309446731,4134.798863039862,2044.0254219563765,3275.222764949959,3308.5659321596318,3845.6902666219285],
        [1315.3690862010712,2637.212035308795,1331.4871922822822,1511.4767875212433,3412.197687428935,746.7952472430898,3374.480435311936,3766.358418191906,1360.5384602121671,3558.469469985828,4093.34805657577,1147.5772805960837,1800.2071990245477,1356.3353139197168,2011.9373223760285,1405.0621235845588,2172.883066686959,2054.1351100440215,3492.8678053370622,2499.695978210519,2617.869226786588,2393.8096025843697,499.26774433685944,1832.2985373595952,1529.7787156622662,2134.3798658700916,588.55595667335,3471.1531111244285,0.0,227.14565143362523,2473.422497406385,2939.397274570616,2210.591948778999,3567.179853653417,1911.4562770199364,1295.2892000840143,2935.801822620536,2669.9228178377716,2094.437605683729,1107.8500925645121,2505.805363900307,3248.437424555175,3157.964055311937,4291.7516613832,3292.4020603174217,2917.784897171953,3141.1390105741416,1481.0931687453374,3563.320514659545,1287.3389446000688,2848.0397411993085,2237.9909712497324,1512.4906328963168,834.2135177681498,3168.8782965275313,1369.6584207349852,781.4461143862591,2934.1049167295096,852.69379837734,430.8488722363085,1315.3690862010712],
        [1449.342271336677,2829.7861701579936,1464.0405280575446,1738.5251260114999,3475.170075057096,807.388700112217,3291.2228302591056,3828.4531035963887,1151.7632675177986,3401.6624006111524,4208.899944238935,1250.963647759534,1637.5236022088736,1198.2964794188395,1863.022253380723,1407.949204807759,2061.994078190988,1880.155622099173,3719.9692920982197,2563.996198203747,2842.730643068355,2201.7969713916787,565.4939852262728,2058.6683175501357,1335.725334166872,1955.3443811547497,667.7057647489917,3651.436610999314,227.14565143362523,0.0,2700.553153206708,2850.8444334790643,2422.0637346286867,3720.095329847755,1992.5834380628426,1072.522231267101,3006.4251238325787,2864.9045988177386,2312.8779119739247,1250.076954616381,2732.360747685117,3469.1372965105647,3077.88442056512,4423.370013067204,3425.7359177912513,3004.638869629399,3367.5843005088104,1579.876621529078,3611.494438906387,1512.1133488635096,2712.7471396533742,2443.901384369218,1339.1713656095724,1052.554372670593,3395.082362319351,1261.9975883809575,750.1627142588532,3002.4541179212442,810.4116460895222,439.20241235803104,1449.342271336677],
        [2107.8094076075663,1444.0130249119618,2117.7592165547617,965.5986589321359,3661.1272737197464,2483.5277922464647,4891.357242603374,3938.6903962047472,3769.9353149844565,5574.619658394483,3574.530874294137,2287.650130918996,3992.3315867902284,3601.3187803601636,4113.851157340375,2912.407556035117,4050.2609950709293,4275.1627191350935,1019.7402962086875,3039.5380994695934,431.4876868105833,4684.565747609534,2476.1924148246017,661.0271037636936,3888.252864703329,4374.137088428852,2430.833134638016,2149.026616092487,2473.422497406385,2700.553153206708,0.0,4554.59773083594,921.4641965608077,2666.6687386102494,2603.1827474817446,3753.2638270043058,3249.8512478417824,1404.7167336953314,787.0848254400563,2049.650271496721,219.69214605185252,1020.8106810656218,4681.497901992165,3521.1020976545797,2757.6767344725017,3070.8075207123625,716.581751914811,2379.6057915110796,3924.9581449936613,1223.657906845964,4780.175106093399,1064.2598298533862,3795.174349614561,1704.4943004602303,732.5936272311623,3421.8545327993606,2802.9485312023567,3271.47073468677,2850.3134886134853,2600.2258632499193,2107.8094076075663],
        [4247.5094063177485,3654.250976742217,4264.3875791623705,3864.0368578596062,2180.3084443756156,2341.612368347545,444.9111884668253,2381.020381803858,2171.301207427517,1282.272690119623,3365.3455798931996,2316.6930811826664,1470.6191986562824,3585.868649087901,1211.7916886285398,1705.2010229574482,824.176491609989,1451.5009965939723,5397.927084387147,1860.6821746215858,4897.176596331665,1652.1918597803167,2518.326337127084,3959.5011695665385,3407.6790541978226,1488.085610595919,2482.5077833933865,3986.547330810516,2939.397274570616,2850.8444334790643,4554.59773083594,0.0,3755.371154973187,3581.6949073002697,2011.4034360423107,2433.945413786147,2058.488673358663,3718.9963201603687,4607.026501656648,2558.1877642644536,4704.411800267926,4773.647334980197,253.51294334851602,3759.58225501787,3100.8969243262795,2262.0352784227402,5257.834658729366,4419.033252693741,2067.815539691684,3811.5156970967028,682.0379388853764,3657.777603264172,3582.906493567162,3561.2581693158713,4993.024319639929,3851.5659322171873,3564.147148992693,2028.5257696630117,2094.782932703382,2519.393833711749,4247.5094063177485],
        [2372.495654228992,624.9437085602389,2387.824810016463,1038.6554879684006,2740.012767265521,1951.9477554170935,4061.3779005323245,3021.2435082871616,3329.673776669184,4855.825797668552,2728.3744678876924,1625.3979609881671,3405.843387773449,3516.387797293032,3481.617445285235,2210.0342076940638,3343.493315934621,3686.985701586003,1642.694363270347,2138.5923282550125,1346.2538111949184,4116.614473500222,2031.129781667484,717.9093317335542,3734.427985521262,3790.703318361296,1955.7166197103272,1481.051391008841,2210.591948778999,2422.0637346286867,921.4641965608077,3755.371154973187,0.0,1872.1092361708772,1755.428567529488,3373.9591244250005,2330.078601999414,614.3103126259989,1448.410122996726,1420.035990815324,1129.104074006134,1108.1319113541904,3858.741383476992,2730.7218804006598,1882.4877007101854,2149.38086907824,1546.853108663508,2673.24367620632,3003.4963748996734,1299.3215715796232,4057.0170335312723,146.71402573238723,3692.593393154792,1666.6444950526904,1238.7808637432588,3424.117371666182,2767.545956657654,2352.1825065480434,2311.5499390482837,2182.2503704127475,2372.495654228992],
        [4142.920056381042,1251.9847910985116,4160.051621439773,2862.9777009862687,1619.1049198677883,2975.4880144605786,3696.902984276115,1708.716392592182,4225.4592877289615,4858.540931817248,943.3720150137552,2508.711355393619,3976.1622465057258,4916.873519138632,3921.8119496545087,2756.1938389229313,3588.182160201633,4210.06964794504,2864.164365624476,1756.6349025793031,3089.027481525683,4633.635382574124,3177.9710584557474,2584.2608551423277,5032.039296940105,4311.03448683972,3075.6594606272247,646.590025420954,3567.179853653417,3720.095329847755,2666.6687386102494,3581.6949073002697,1872.1092361708772,0.0,1960.71556993775,4373.329573257029,1534.559536544381,1276.9122309503323,3313.271838369488,2470.147237218248,2885.920073888924,2064.737303994853,3559.1099396168192,860.2768001507513,481.7935287810466,1321.2724781774446,3052.5829477246516,4442.755745891611,1876.4135495133369,3084.7662932896055,4134.804711701209,1737.649412412403,5057.859255048864,3331.685819009298,2529.696125432585,4926.173640788274,4289.569108882994,1565.6304145380418,3216.8635364062893,3332.6656502078267,4142.920056381042],
        [2935.096294206423,1662.3937232200185,2953.888658656978,2085.0878262719257,1508.8562272756426,1185.2673302971773,2305.950354396983,1862.4100932556626,2278.3208422012667,3176.838551257317,2252.0247554186967,772.1115612978432,2026.4637903933835,3160.6741410454874,1999.988135760862,797.8092689504314,1731.0650138496426,2273.3341198905264,3393.956938037161,605.9724290801823,2981.521764745278,2705.6094306206087,1429.3842070046123,2072.8309803919988,3202.7409175381754,2376.743100832877,1330.099804241279,2157.1736438506027,1911.4562770199364,1992.5834380628426,2603.1827474817446,2011.4034360423107,1755.428567529488,1960.71556993775,0.0,2445.601632361105,1026.9198313516988,1725.7785881220912,2809.9825846818994,906.1446321814622,2775.329854120998,2763.8497697036105,2104.1435060113718,2516.7332765967913,1558.9978845778055,1012.2695499493765,3285.603055484885,3194.7154497605707,1685.0615974999341,2135.104019513995,2388.9226709358286,1650.5621388165066,3269.257608251164,2088.9487572275757,2987.8134334763504,3254.5776788964968,2692.7125197282403,1027.3245554847065,1321.9731028504045,1557.3984565679452,2935.096294206423],
