{
    "drone_dist": [
        [0.0,23.792092965600634,50.729393098882575,37.50067370334105,28.34900262211945,50.05714560728943,37.93065421068816,38.887049773012556,39.91876649115129,45.62580241281342,40.12951817500736,32.08958831702511,19.94496698500708,38.762557335423764,62.0175188661672,17.6896338853855,59.990620571493984,25.611812088310636,13.79312324295301,39.07139845761435,51.61349940351667,27.0421550846037,50.74704501778624,60.30499192662907,36.03706423890595,12.638789588677882,21.19544046957351,44.436039547673964,44.80084056543333,39.42027035028144,34.06366553780797,5.615800578556366,35.21849741084629,21.215342244467156,50.94414947850676,18.14539765791112,46.78316123229158,46.27504354566584,34.083924219405134,8.81094675685113,0.0],
        [23.792092965600634,0.0,30.03595012297295,34.799219543351484,12.929541374385554,31.16581498655761,35.9421930522755,41.1174111924228,44.0127111566636,40.65279166935202,45.37833870887481,29.74772284362795,26.50490862765604,28.340271499500833,48.0530237497766,31.182221606639015,47.270358506825104,28.214428568371073,26.14957386799654,17.100910926390164,41.49257387895561,4.902895436512383,37.42907278310365,46.77213405102465,25.994838902416213,23.908666400232715,6.488890836836455,21.290440067708925,35.74021154500715,46.1175225632024,43.68646374593751,23.99566834615475,28.49519766756282,2.6636450845583175,41.40110038377911,31.517820861007692,33.44111425294861,40.660793721361514,10.735630268866272,19.630478478732865,23.792092965600634],
        [50.729393098882575,30.03595012297295,0.0,34.39975688440106,22.613377859240664,5.392755135674908,35.72172874620677,43.25967862872839,47.0896327869872,33.8245818045343,49.26063598245951,33.41656556142102,41.5270575819687,22.384930761130903,24.623567464043486,49.00283821508429,25.963447603037523,38.38817072778152,45.80713969763366,13.058599127540644,26.553814387229217,25.292410387473755,19.220476273245986,24.34238099403901,23.094350711395734,44.308333966219294,29.791295300873884,12.3595435317366,25.783777883928213,51.37595930551559,52.957862774338096,48.46373480182325,27.72866853414151,31.70382650110069,27.422117431860208,49.090477460521754,17.892137311258725,32.927264658321334,26.219813384467408,43.3156990453622,50.729393098882575],
        [37.50067370334105,34.799219543351484,34.39975688440106,0.0,23.020808300521864,29.971134947803133,1.3786945726743154,8.8642012115426,12.691954654636607,8.255515825536182,14.863249823553438,5.61699963606149,18.10380355562154,12.035806857116864,29.783586889566628,24.279315144357355,26.63141699021789,12.168714728940284,24.857652210156726,32.55655234506326,17.114593287374866,31.88239000514254,20.613038130617458,27.848402298080504,11.997403816677576,25.173273746682266,28.699724822096595,38.677666305505596,11.35320839398316,17.056216466220903,19.827893359239592,32.30345548711317,7.415421618545811,33.68322976677741,16.00410574650022,24.05475973437921,18.52026624207458,9.10520498099066,41.607893992672345,28.9736735301174,37.50067370334105],
        [28.34900262211945,12.929541374385554,22.613377859240664,23.020808300521864,0.0,21.722316171454718,24.288457600356875,30.45194940981144,33.80032481311426,28.047000384447227,35.504312503825936,18.67450606355627,20.767674311561265,15.41366620992219,36.03134763024772,27.642580824784726,34.88151192397037,19.766419251757522,23.76400297598304,12.93201412439858,28.618653150056,9.063974843950158,25.03123393400596,34.596980762847465,13.125891374050827,22.041024853199886,8.731944925370973,19.463373559325902,22.814071842036704,36.77209804416327,35.88752213826154,25.85061082381021,16.108510351913015,12.866872471197196,28.491403570487623,27.81999179212904,20.959925082439767,27.957727303310396,18.610051829646178,20.703043190127502,28.34900262211945],
        [50.05714560728943,31.16581498655761,5.392755135674908,29.971134947803133,21.722316171454718,0.0,31.25102319266088,38.77692676491633,42.602038359447015,28.75357551401713,44.80681721194629,29.593968769796984,38.902927531096154,18.140866393065117,19.900354511880852,46.495821964508096,20.89605985665147,35.19241918356724,43.75218980979952,15.211739303792612,21.170289198288927,26.27394089345381,13.828237399872823,19.41195215124847,19.300090962227124,42.45794264004233,29.77754304085613,16.514069290665407,20.717784607950573,47.0245709763946,49.05086342289303,47.24996308304063,23.722957874254654,32.45902074982616,22.055098504225523,46.538228027533975,12.685563065772502,27.80834746425175,29.120899974090293,42.14773335125423,50.05714560728943],
        [37.93065421068816,35.9421930522755,35.72172874620677,1.3786945726743154,24.288457600356875,31.25102319266088,0.0,7.539611116684543,11.370107956640151,8.228493187648045,13.559053762356259,6.446188439675065,18.3218068351342,13.377252119848265,30.471475546242814,24.191311529458385,27.23995251803584,12.413191006120314,25.05861861078772,33.92924875538676,17.722257139219295,33.10768260799021,21.594478857549504,28.53560265085117,13.375932151312044,25.49498568719552,29.788963025141832,40.05591889758055,12.270645252758127,15.802518448196231,18.836635683574013,32.65680780177416,8.78724111661407,34.770195618736714,16.566124244247526,23.94435069058312,19.657488523937637,9.210868130791516,42.88836302866224,29.49655245970639,37.93065421068816],
        [38.887049773012556,41.1174111924228,43.25967862872839,8.8642012115426,30.45194940981144,38.77692676491633,7.539611116684543,0.0,3.8304995803273396,13.014495707808326,6.033650400467324,11.780337101762322,19.03632035262338,20.899591498658143,36.466484667341895,22.80597385302024,33.004694418878785,14.05100730174163,25.201197365447392,40.98671042951072,23.70832659291396,38.86741551066492,28.57096475088117,34.553038737291274,20.71223751002778,26.27001008757412,34.71527079533798,47.25129328338446,19.24259677496059,8.40577467209003,12.680641852454672,33.326029222215375,16.007870048882616,39.602417659719606,22.45068364883614,22.450544707443765,26.991094612349777,14.247041166125376,48.98437045951449,31.20321877260331,38.887049773012556],
        [39.91876649115129,44.0127111566636,47.0896327869872,12.691954654636607,33.80032481311426,42.602038359447015,11.370107956640151,3.8304995803273396,0.0,16.263357800278364,2.2485583815856884,15.224637753491347,20.4866035348306,24.72560096681911,39.71155709082951,23.040064128925888,36.18133812261856,16.22171218815013,26.12611227899363,44.634351318281,27.046220688604933,42.01314910398381,32.211081551525204,37.81699460142043,24.48768535236347,27.465173272384064,37.55552943718595,50.94649024395548,22.921345996770036,4.8231390048753555,10.289772792251844,34.307124356972636,19.768728413210525,42.36519301653218,25.770102875197185,22.64116275221824,30.754140124700807,17.505951395606843,52.22893343746407,32.71322577164478,39.91876649115129],
        [45.62580241281342,40.65279166935202,33.8245818045343,8.255515825536182,28.047000384447227,28.75357551401713,8.228493187648045,13.014495707808326,16.263357800278364,0.0,18.455672421782925,13.539771169575262,26.358396579144667,13.593062782043456,23.472016152499098,32.41727105742623,19.990780354990676,20.423294272515722,33.112409086101664,35.129699585975594,10.787783376491229,37.11071488351459,16.557699424760703,21.567624701835875,15.14182305142393,33.39406442274034,34.99035714971985,40.57439438308465,8.043361388633105,21.086335847999923,25.63200559071099,40.49878078345624,12.202839336964992,39.914642400319906,9.508253528400111,32.17235100629746,16.11387400846235,1.2426162276634785,46.06672050728157,37.00622394505007,45.62580241281342],
        [40.12951817500736,45.37833870887481,49.26063598245951,14.863249823553438,35.504312503825936,44.80681721194629,13.559053762356259,6.033650400467324,2.2485583815856884,18.455672421782925,0.0,17.071824161778125,21.098488590890312,26.883227753712355,41.87679451194558,22.904901080169118,38.32930919284198,17.31862888308422,26.361885684179576,46.56587625441237,29.24310815905378,43.55571151258898,34.45759091177298,39.98839892392701,26.565542030857497,27.848207371163024,38.89943023934171,52.92043355955538,25.169881400721412,2.6829507905618217,8.8368773454686,34.51505804065238,21.836948235639674,43.645458990924915,27.963796436024612,22.485725254055037,32.996416930507806,19.6975711365826,53.82907893555588,33.246737886986004,40.12951817500736],
        [32.08958831702511,29.74772284362795,33.41656556142102,5.61699963606149,18.67450606355627,29.593968769796984,6.446188439675065,11.780337101762322,15.224637753491347,13.539771169575262,17.071824161778125,0.0,13.204760923025558,11.655775798875421,32.92792462986057,20.06750935183954,30.104908494405286,7.432350353185135,19.894926295498962,29.519126595613493,20.808112395831323,27.199003788230012,22.672655627788178,31.024027446220792,10.33822413644623,19.96946291503967,23.492551215986886,35.927121739699096,14.233113094689841,18.679406157814295,19.54130681594328,27.01244392417674,5.959173616685228,28.46120923039281,19.873894179841972,19.914257157218515,19.731488804599994,14.19714587836193,37.23317966853177,23.473246149032963,32.08958831702511],
        [19.94496698500708,26.50490862765604,41.5270575819687,18.10380355562154,20.767674311561265,38.902927531096154,18.3218068351342,19.03632035262338,20.4866035348306,26.358396579144667,21.098488590890312,13.204760923025558,0.0,22.95105123262597,45.718144294250145,7.6225151405716804,43.08517945971538,5.935128930556939,6.754039209579605,33.68064647741907,33.93462999378739,26.181100101458117,34.96105627639824,43.850865837333764,20.644653902323235,7.312889018976773,20.22469927639888,40.230575312833295,27.23207639497035,21.0158973477268,17.383524320200753,14.479995771359388,17.930534140469852,24.300513051751004,33.04253501361876,7.639531975438578,31.502505857836276,27.163445288614,36.43170085889139,12.234410349008835,19.94496698500708],
        [38.762557335423764,28.340271499500833,22.384930761130903,12.035806857116864,15.41366620992219,18.140866393065117,13.377252119848265,20.899591498658143,24.72560096681911,13.593062782043456,26.883227753712355,11.655775798875421,22.95105123262597,0.0,23.326539602471957,30.466375147368506,21.23787889044885,18.13569722593607,28.957281735907447,21.593000177412577,13.530986210753431,24.298699618099047,12.178289750941662,21.56983048632333,2.751545540937972,28.300201323213592,23.45628532371513,27.274973377644223,7.400406458082404,28.994727134757433,30.94018395822518,34.55438180169634,5.697021351832159,28.085934240079553,13.230522215776775,30.40653432432932,8.552625167407628,13.195760178962109,32.67708295050936,29.99998019437722,38.762557335423764],
        [62.0175188661672,48.0530237497766,24.623567464043486,29.783586889566628,36.03134763024772,19.900354511880852,30.471475546242814,36.466484667341895,39.71155709082951,23.472016152499098,41.87679451194558,32.92792462986057,45.718144294250145,23.326539602471957,0.0,52.94168142537627,3.6938285305330316,40.28507830998192,52.047332619999416,34.33674097982493,12.802958768558819,43.27143416470329,11.289089984089516,1.936008483696266,26.01210862066607,51.54171457271502,44.75975830646333,36.41355300477883,18.72831595934318,44.52912519196401,48.98676123421251,57.88087814108682,27.796172226046856,48.64467731403388,14.032427144423838,52.810679850757936,15.334597267010807,22.23209919237204,48.27000499365626,53.29239369530714,62.0175188661672],
        [17.6896338853855,31.182221606639015,49.00283821508429,24.279315144357355,27.642580824784726,46.495821964508096,24.191311529458385,22.80597385302024,23.040064128925888,32.41727105742623,22.904901080169118,20.06750935183954,7.6225151405716804,30.466375147368506,52.94168142537627,0.0,50.17063999906402,12.659842581965714,5.209642628265619,40.55400012733813,40.85408618334904,31.81100141537534,42.36466395770249,51.050697309337316,28.22387627588038,7.472102231831659,25.432186322992347,47.01269710328819,34.29357754873863,21.915074173944195,16.374071286241204,12.22537109295156,25.268855706321922,28.702062155612026,39.88241195163868,0.45829790709749213,39.00376233341411,33.357192360729684,41.66491568956071,12.955861060048166,17.6896338853855],
        [59.990620571493984,47.270358506825104,25.963447603037523,26.63141699021789,34.88151192397037,20.89605985665147,27.23995251803584,33.004694418878785,36.18133812261856,19.990780354990676,38.32930919284198,30.104908494405286,43.08517945971538,21.23787889044885,3.6938285305330316,50.17063999906402,0.0,37.51727514132539,49.53608542834209,34.53803366038662,9.52115717468284,42.590774833520776,9.85962236315671,2.1799978079949476,23.978453895585517,49.15239207559058,43.553787684180946,37.24629296075529,15.87953652910401,40.99100460000181,45.58562314056538,55.66437545305771,25.258827172072692,47.66601634242406,10.68384267058743,50.019048470396825,13.921991256815717,18.757878241921883,48.3082769446268,51.21170280377357,59.990620571493984],
        [25.611812088310636,28.214428568371073,38.38817072778152,12.168714728940284,19.766419251757522,35.19241918356724,12.413191006120314,14.05100730174163,16.22171218815013,20.423294272515722,17.31862888308422,7.432350353185135,5.935128930556939,18.13569722593607,40.28507830998192,12.659842581965714,37.51727514132539,0.0,12.68911521895995,32.196529612795004,28.240462612869855,26.848042722725975,29.800500875171416,38.3920166326606,16.155990655289806,13.091736241011498,21.72627239564353,38.79092590479108,21.638119595033114,17.905523882706085,16.13569160135889,20.26518340128538,12.714159127144757,26.378179024628135,27.301008129623245,12.525977729331201,26.583910548473085,21.23380217816374,37.23136700098251,17.41683903707372,25.611812088310636],
        [13.79312324295301,26.14957386799654,45.80713969763366,24.857652210156726,23.76400297598304,43.75218980979952,25.05861861078772,25.201197365447392,26.12611227899363,33.112409086101664,26.361885684179576,19.894926295498962,6.754039209579605,28.957281735907447,52.047332619999416,5.209642628265619,49.53608542834209,12.68911521895995,0.0,36.52162842565061,40.50705282432913,27.07310322850365,41.10395465323184,50.207045492783635,26.47276859922188,2.2742625440555755,20.606525612079032,42.85613125360636,33.749288904279865,25.765306045346737,20.838070040389507,8.181306057000157,24.283214640518786,23.627125752286435,39.653093148213586,5.612981996739388,37.4765683675585,33.91467600998731,36.72578338306903,7.814856720640332,13.79312324295301],
        [39.07139845761435,17.100910926390164,13.058599127540644,32.55655234506326,12.93201412439858,15.211739303792612,33.92924875538676,40.98671042951072,44.634351318281,35.129699585975594,46.56587625441237,29.519126595613493,33.68064647741907,21.593000177412577,34.33674097982493,40.55400012733813,34.53803366038662,32.196529612795004,36.52162842565061,0.0,31.569987590320093,12.527986643436535,25.446093408501042,33.47609721883406,20.67713203872465,34.67856506697701,17.879887276249942,6.5990521338211146,27.902474177765406,48.18290984594813,48.1199280810013,37.60503490548064,25.14200836492468,18.966208897960293,31.976050463681496,40.73954126782075,22.2219933844781,34.61816321147065,13.982392024881129,32.52552455951977,39.07139845761435],
        [51.61349940351667,41.49257387895561,26.553814387229217,17.114593287374866,28.618653150056,21.170289198288927,17.722257139219295,23.70832659291396,27.046220688604933,10.787783376491229,29.24310815905378,20.808112395831323,33.93462999378739,13.530986210753431,12.802958768558819,40.85408618334904,9.52115717468284,28.240462612869855,40.50705282432913,31.569987590320093,0.0,37.15871207026106,7.390200083169449,10.874479650493056,16.218822322400523,40.287365035404434,36.92341421654029,35.772059096969116,6.8234620614148405,31.869280224273865,36.187222589749204,47.015659420379436,16.432615985957153,41.44544708842488,1.2904357688277381,40.68427039996263,9.40779078917459,9.546602384835118,44.43716987989247,42.80258732158334,51.61349940351667],
        [27.0421550846037,4.902895436512383,25.292410387473755,31.88239000514254,9.063974843950158,26.27394089345381,33.10768260799021,38.86741551066492,42.01314910398381,37.11071488351459,43.55571151258898,27.199003788230012,26.181100101458117,24.298699618099047,43.27143416470329,31.81100141537534,42.590774833520776,26.848042722725975,27.07310322850365,12.527986643436535,37.15871207026106,0.0,32.77949812200822,42.02847869102846,22.135017147449336,24.944802500481625,6.521511825112411,17.402134782992164,31.674470556995058,44.55501556223754,42.80409094904983,26.355122691264377,25.137275900188683,6.4425119233418,37.14489786543979,32.09479483954633,28.841875919077307,37.01209577299054,10.386986226228856,21.544843137406428,27.0421550846037],
        [50.74704501778624,37.42907278310365,19.220476273245986,20.613038130617458,25.03123393400596,13.828237399872823,21.594478857549504,28.57096475088117,32.211081551525204,16.557699424760703,34.45759091177298,22.672655627788178,34.96105627639824,12.178289750941662,11.289089984089516,42.36466395770249,9.85962236315671,29.800500875171416,41.10395465323184,25.446093408501042,7.390200083169449,32.77949812200822,0.0,9.66818515353668,14.802722245776513,40.47808068815344,33.7194600039751,29.016737645997043,9.35127952609588,36.96214034141674,40.42400193393574,46.68489926438238,17.10017708682054,37.80640338308174,8.384531834124015,42.271192257427614,4.093178741614852,15.416888432987081,38.92252504477455,42.04173660873635,50.74704501778624],
        [60.30499192662907,46.77213405102465,24.34238099403901,27.848402298080504,34.596980762847465,19.41195215124847,28.53560265085117,34.553038737291274,37.81699460142043,21.567624701835875,39.98839892392701,31.024027446220792,43.850865837333764,21.56983048632333,1.936008483696266,51.050697309337316,2.1799978079949476,38.3920166326606,50.207045492783635,33.47609721883406,10.874479650493056,42.02847869102846,9.66818515353668,0.0,24.274779926314306,49.72941651553507,43.31255074043885,35.87279063293967,16.812724321937235,42.636604911187106,47.061055472319744,56.11423184285899,25.93945216580474,47.28640323742685,12.110116477111468,50.91625625725795,13.752868630759865,20.326569814115523,47.34670221549799,51.56174987009942,60.30499192662907],
        [36.03706423890595,25.994838902416213,23.094350711395734,11.997403816677576,13.125891374050827,19.300090962227124,13.375932151312044,20.71223751002778,24.48768535236347,15.14182305142393,26.565542030857497,10.33822413644623,20.644653902323235,2.751545540937972,26.01210862066607,28.22387627588038,23.978453895585517,16.155990655289806,26.47276859922188,20.67713203872465,16.218822322400523,22.135017147449336,14.802722245776513,24.274779926314306,0.0,25.729939215439444,20.901872330598625,26.695717483227785,9.865698534727134,28.50452469844775,29.872681683395943,31.88449241756947,4.731483208480765,25.61092232262747,15.858529342175133,28.189111939140748,11.021474934919157,14.931835253817011,30.926826868520912,27.2870020911467,36.03706423890595],
        [12.638789588677882,23.908666400232715,44.308333966219294,25.173273746682266,22.041024853199886,42.45794264004233,25.49498568719552,26.27001008757412,27.465173272384064,33.39406442274034,27.848207371163024,19.96946291503967,7.312889018976773,28.300201323213592,51.54171457271502,7.472102231831659,49.15239207559058,13.091736241011498,2.2742625440555755,34.67856506697701,40.287365035404434,24.944802500481625,40.47808068815344,49.72941651553507,25.729939215439444,0.0,18.45320853377302,40.947989238244375,33.48438769940014,27.413162136269474,22.756782070477225,7.180116991552917,23.917291906075164,21.37391237696016,39.4895905258636,7.865924505125198,36.75054839094405,34.13077929815684,34.51170370327689,5.712884087478061,12.638789588677882],
        [21.19544046957351,6.488890836836455,29.791295300873884,28.699724822096595,8.731944925370973,29.77754304085613,29.788963025141832,34.71527079533798,37.55552943718595,34.99035714971985,38.89943023934171,23.492551215986886,20.22469927639888,23.45628532371513,44.75975830646333,25.432186322992347,43.553787684180946,21.72627239564353,20.606525612079032,17.879887276249942,36.92341421654029,6.521511825112411,33.7194600039751,43.31255074043885,20.901872330598625,18.45320853377302,0.0,23.463936883249776,30.767177696065,39.62872715149169,37.27609544822244,19.99397923287858,22.78885909437673,4.983538211655144,36.68344612091477,25.73320844132132,29.635986352931916,35.105595435369565,16.291710264384854,15.086038339437538,21.19544046957351],
        [44.436039547673964,21.290440067708925,12.3595435317366,38.677666305505596,19.463373559325902,16.514069290665407,40.05591889758055,47.25129328338446,50.94649024395548,40.57439438308465,52.92043355955538,35.927121739699096,40.230575312833295,27.274973377644223,36.41355300477883,47.01269710328819,37.24629296075529,38.79092590479108,42.85613125360636,6.5990521338211146,35.772059096969116,17.402134782992164,29.016737645997043,35.87279063293967,26.695717483227785,40.947989238244375,23.463936883249776,0.0,32.98314844866521,54.60643675687492,54.68545350704702,43.43374998709708,31.293825345474165,23.562176766479876,36.35458953312051,47.21082198355079,26.384984123865394,39.95054663846676,14.662964230163025,38.43748065036895,44.436039547673964],
        [44.80084056543333,35.74021154500715,25.783777883928213,11.35320839398316,22.814071842036704,20.717784607950573,12.270645252758127,19.24259677496059,22.921345996770036,8.043361388633105,25.169881400721412,14.233113094689841,27.23207639497035,7.400406458082404,18.72831595934318,34.29357754873863,15.87953652910401,21.638119595033114,33.749288904279865,27.902474177765406,6.8234620614148405,31.674470556995058,9.35127952609588,16.812724321937235,9.865698534727134,33.48438769940014,30.767177696065,32.98314844866521,0.0,27.6438876003414,31.107129630403197,40.19287585303563,9.609223521033217,35.45306281785458,6.177240624862952,34.1457874034435,8.130886625906449,7.164660163567421,39.7860046951922,35.990502632617165,44.80084056543333],
        [39.42027035028144,46.1175225632024,51.37595930551559,17.056216466220903,36.77209804416327,47.0245709763946,15.802518448196231,8.40577467209003,4.8231390048753555,21.086335847999923,2.6829507905618217,18.679406157814295,21.0158973477268,28.994727134757433,44.52912519196401,21.915074173944195,40.99100460000181,17.905523882706085,25.765306045346737,48.18290984594813,31.869280224273865,44.55501556223754,36.96214034141674,42.636604911187106,28.50452469844775,27.413162136269474,39.62872715149169,54.60643675687492,27.6438876003414,0.0,6.679828666918424,33.82828886302721,23.776658801095447,44.270541234603975,30.593239725905406,21.477778452098942,35.38160282001873,22.32891077866372,54.89274456046854,32.95495635272999,39.42027035028144],
        [34.06366553780797,43.68646374593751,52.957862774338096,19.827893359239592,35.88752213826154,49.05086342289303,18.836635683574013,12.680641852454672,10.289772792251844,25.63200559071099,8.8368773454686,19.54130681594328,17.383524320200753,30.94018395822518,48.98676123421251,16.374071286241204,45.58562314056538,16.13569160135889,20.838070040389507,48.1199280810013,36.187222589749204,42.80409094904983,40.42400193393574,47.061055472319744,29.872681683395943,22.756782070477225,37.27609544822244,54.68545350704702,31.107129630403197,6.679828666918424,0.0,28.57410837487238,25.329799230086074,41.588529680930115,34.95519877186063,15.918296714749193,38.27645006854937,26.850385680796933,53.184533460046275,28.45597346389199,34.06366553780797],
        [5.615800578556366,23.99566834615475,48.46373480182325,32.30345548711317,25.85061082381021,47.24996308304063,32.65680780177416,33.326029222215375,34.307124356972636,40.49878078345624,34.51505804065238,27.01244392417674,14.479995771359388,34.55438180169634,57.88087814108682,12.22537109295156,55.66437545305771,20.26518340128538,8.181306057000157,37.60503490548064,47.015659420379436,26.355122691264377,46.68489926438238,56.11423184285899,31.88449241756947,7.180116991552917,19.99397923287858,43.43374998709708,40.19287585303563,33.82828886302721,28.57410837487238,0.0,30.584203863459326,21.33207937289582,46.27616735893948,12.683594063872087,42.82089952657258,41.20458493433335,34.685135934009445,5.148904032968339,5.615800578556366],
        [35.21849741084629,28.49519766756282,27.72866853414151,7.415421618545811,16.108510351913015,23.722957874254654,8.78724111661407,16.007870048882616,19.768728413210525,12.202839336964992,21.836948235639674,5.959173616685228,17.930534140469852,5.697021351832159,27.796172226046856,25.268855706321922,25.258827172072692,12.714159127144757,24.283214640518786,25.14200836492468,16.432615985957153,25.137275900188683,17.10017708682054,25.93945216580474,4.731483208480765,23.917291906075164,22.78885909437673,31.293825345474165,9.609223521033217,23.776658801095447,25.329799230086074,30.584203863459326,0.0,27.71244358227717,15.72683198495213,25.171689874202215,13.906060816181798,12.343823521281525,34.53489765383053,26.412362012555636,35.21849741084629],
        [21.215342244467156,2.6636450845583175,31.70382650110069,33.68322976677741,12.866872471197196,32.45902074982616,34.770195618736714,39.602417659719606,42.36519301653218,39.914642400319906,43.645458990924915,28.46120923039281,24.300513051751004,28.085934240079553,48.64467731403388,28.702062155612026,47.66601634242406,26.378179024628135,23.627125752286435,18.966208897960293,41.44544708842488,6.4425119233418,37.80640338308174,47.28640323742685,25.61092232262747,21.37391237696016,4.983538211655144,23.562176766479876,35.45306281785458,44.270541234603975,41.588529680930115,21.33207937289582,27.71244358227717,0.0,41.27143940751976,29.04768943727446,33.76100063023078,40.00183026923943,13.387411310033766,16.9888995236991,21.215342244467156],
        [50.94414947850676,41.40110038377911,27.422117431860208,16.00410574650022,28.491403570487623,22.055098504225523,16.566124244247526,22.45068364883614,25.770102875197185,9.508253528400111,27.963796436024612,19.873894179841972,33.04253501361876,13.230522215776775,14.032427144423838,39.88241195163868,10.68384267058743,27.301008129623245,39.653093148213586,31.976050463681496,1.2904357688277381,37.14489786543979,8.384531834124015,12.110116477111468,15.858529342175133,39.4895905258636,36.68344612091477,36.35458953312051,6.177240624862952,30.593239725905406,34.95519877186063,46.27616735893948,15.72683198495213,41.27143940751976,0.0,39.70371381821604,9.976099592577329,8.266225329237692,44.65401613908746,42.13628878580182,50.94414947850676],
        [18.14539765791112,31.517820861007692,49.090477460521754,24.05475973437921,27.81999179212904,46.538228027533975,23.94435069058312,22.450544707443765,22.64116275221824,32.17235100629746,22.485725254055037,19.914257157218515,7.639531975438578,30.40653432432932,52.810679850757936,0.45829790709749213,50.019048470396825,12.525977729331201,5.612981996739388,40.73954126782075,40.68427039996263,32.09479483954633,42.271192257427614,50.91625625725795,28.189111939140748,7.865924505125198,25.73320844132132,47.21082198355079,34.1457874034435,21.477778452098942,15.918296714749193,12.683594063872087,25.171689874202215,29.04768943727446,39.70371381821604,0.0,38.936455168896444,33.121889295159754,41.97943976862286,13.380983647364934,18.14539765791112],
        [46.78316123229158,33.44111425294861,17.892137311258725,18.52026624207458,20.959925082439767,12.685563065772502,19.657488523937637,26.991094612349777,30.754140124700807,16.11387400846235,32.996416930507806,19.731488804599994,31.502505857836276,8.552625167407628,15.334597267010807,39.00376233341411,13.921991256815717,26.583910548473085,37.4765683675585,22.2219933844781,9.40779078917459,28.841875919077307,4.093178741614852,13.752868630759865,11.021474934919157,36.75054839094405,29.635986352931916,26.384984123865394,8.130886625906449,35.38160282001873,38.27645006854937,42.82089952657258,13.906060816181798,33.76100063023078,9.976099592577329,38.936455168896444,0.0,15.137141070732673,35.3720164795266,38.11394476011047,46.78316123229158],
        [46.27504354566584,40.660793721361514,32.927264658321334,9.10520498099066,27.957727303310396,27.80834746425175,9.210868130791516,14.247041166125376,17.505951395606843,1.2426162276634785,19.6975711365826,14.19714587836193,27.163445288614,13.195760178962109,22.23209919237204,33.357192360729684,18.757878241921883,21.23380217816374,33.91467600998731,34.61816321147065,9.546602384835118,37.01209577299054,15.416888432987081,20.326569814115523,14.931835253817011,34.13077929815684,35.105595435369565,39.95054663846676,7.164660163567421,22.32891077866372,26.850385680796933,41.20458493433335,12.343823521281525,40.00183026923943,8.266225329237692,33.121889295159754,15.137141070732673,0.0,45.80735784235773,37.61104201664673,46.27504354566584],
        [34.083924219405134,10.735630268866272,26.219813384467408,41.607893992672345,18.610051829646178,29.120899974090293,42.88836302866224,48.98437045951449,52.22893343746407,46.06672050728157,53.82907893555588,37.23317966853177,36.43170085889139,32.67708295050936,48.27000499365626,41.66491568956071,48.3082769446268,37.23136700098251,36.72578338306903,13.982392024881129,44.43716987989247,10.386986226228856,38.92252504477455,47.34670221549799,30.926826868520912,34.51170370327689,16.291710264384854,14.662964230163025,39.7860046951922,54.89274456046854,53.184533460046275,34.685135934009445,34.53489765383053,13.387411310033766,44.65401613908746,41.97943976862286,35.3720164795266,45.80735784235773,0.0,30.365398309357165,34.083924219405134],
        [8.81094675685113,19.630478478732865,43.3156990453622,28.9736735301174,20.703043190127502,42.14773335125423,29.49655245970639,31.20321877260331,32.71322577164478,37.00622394505007,33.246737886986004,23.473246149032963,12.234410349008835,29.99998019437722,53.29239369530714,12.955861060048166,51.21170280377357,17.41683903707372,7.814856720640332,32.52552455951977,42.80258732158334,21.544843137406428,42.04173660873635,51.56174987009942,27.2870020911467,5.712884087478061,15.086038339437538,38.43748065036895,35.990502632617165,32.95495635272999,28.45597346389199,5.148904032968339,26.412362012555636,16.9888995236991,42.13628878580182,13.380983647364934,38.11394476011047,37.61104201664673,30.365398309357165,0.0,8.81094675685113],
        [0.0,23.792092965600634,50.729393098882575,37.50067370334105,28.34900262211945,50.05714560728943,37.93065421068816,38.887049773012556,39.91876649115129,45.62580241281342,40.12951817500736,32.08958831702511,19.94496698500708,38.762557335423764,62.0175188661672,17.6896338853855,59.990620571493984,25.611812088310636,13.79312324295301,39.07139845761435,51.61349940351667,27.0421550846037,50.74704501778624,60.30499192662907,36.03706423890595,12.638789588677882,21.19544046957351,44.436039547673964,44.80084056543333,39.42027035028144,34.06366553780797,5.615800578556366,35.21849741084629,21.215342244467156,50.94414947850676,18.14539765791112,46.78316123229158,46.27504354566584,34.083924219405134,8.81094675685113,0.0]
    ],
    "end_depot": 40,
    "start_depot": 0,
    "truck_dist": [
        [0.0,26.550524328555113,62.098136449068676,51.74807667921908,36.28826960787666,64.68874052117702,51.90212519106602,49.509442303545704,48.301595472464626,63.4197313752762,46.8381465072985,44.67078880779985,26.168229870355752,54.57349300821187,86.9449743655176,17.91465691044987,84.56001961847036,34.55532496096833,16.62190372374552,43.76092167923528,72.99251009462616,27.602024125975355,71.03070015583855,84.70041940326415,50.68505440056415,16.44753245389922,23.97576701582151,46.022892366394586,63.35586432602861,43.86610100783336,34.44758996235403,6.644138909504514,49.78937194116473,23.110846852915643,72.02900657617784,18.328035479212197,65.27005606518625,64.58311603166828,40.988492231582946,12.46052420813983,0.0],
        [26.550524328555113,0.0,41.42939112560093,38.15817768358655,15.61952428440892,44.01999519770928,40.10185114007068,50.49254602450617,55.77331870494065,42.75098605180846,58.59649895372972,34.550773324758424,37.07797233451866,33.90474768474414,66.27622904204985,44.012235635836205,63.89127429500262,37.406829120506615,36.75899209747695,23.092176355767542,52.323764771158416,6.933278802507614,50.361954832370806,64.03167407979642,30.016309077096412,33.54742940949459,8.56008271636798,25.35414704292684,42.68711900256087,60.95518406163659,60.22588869969175,30.901369123239952,29.120626617696992,3.439677475639469,51.3602612527101,44.51142708426846,44.601310741718514,43.91437070820055,14.437967903027836,26.520491638162994,26.550524328555113],
        [62.098136449068676,41.42939112560093,0.0,47.534858895050235,25.80986684119201,7.173031886745787,49.47853235153437,59.86922723596986,65.14999991640434,47.8169222697811,67.97318016519341,43.927454536222115,46.45465354598235,30.74979660825775,24.84683791644892,53.3889168472999,29.045912403563754,46.783510331970305,46.13567330894064,18.33721476983339,35.93776203235011,34.496112323093314,25.672216927357898,25.966128517289363,30.601301078810245,45.65060399516945,38.12236943324716,16.07524408267409,36.44207080453866,70.33186527310028,69.60256991115544,55.453997539564156,37.23241106403859,42.965174032317194,37.487636193976726,53.88810829573216,25.10370652072641,46.499832174238406,36.73337181444671,49.637612240928846,62.098136449068676],
        [51.74807667921908,38.15817768358655,47.534858895050235,0.0,28.651519941106503,40.36182700830445,1.943673456484131,12.334368340919614,17.615141021354102,11.671654696057118,20.438321270143167,7.077287871419227,25.579846808863326,16.78506228679249,35.19689768629851,33.83341976876921,32.81194293925128,17.19275171825075,35.126172955473564,45.34383702555312,21.244433415407073,38.07810041186427,21.86264196769234,32.95234272404507,16.933557816239993,35.300544225319854,29.598094967218568,54.39803311025385,11.607787646809527,22.797006378050032,22.067711016105203,45.10393776971456,10.302447831011648,34.71850020794708,20.28092989695876,33.420041200006885,22.43115237432383,12.835039352449208,52.596145586614384,39.28755247107925,51.74807667921908],
        [36.28826960787666,15.61952428440892,25.80986684119201,28.651519941106503,0.0,28.400470913300364,30.595193397590634,40.98588828202612,46.266660962460605,28.93358331583737,49.08984121124967,25.04411558227838,27.57131459203861,18.285223400335216,50.65670475764093,34.50557789335616,48.2717500105937,27.900171378026563,27.252334354996904,16.692317084446618,36.7042404867495,9.426580470757767,34.74243054796189,48.41214979538749,14.396784792687491,24.040771667014546,12.312502592055148,25.746513169147352,27.06759471815195,51.448526319156535,50.71923095721171,29.644130698372145,18.349072110094856,17.155307191125186,35.74073696830118,35.00476934178842,28.981786457309592,28.29484642379163,23.944625645507884,23.827745399736827,36.28826960787666],
        [64.68874052117702,44.01999519770928,7.173031886745787,40.36182700830445,28.400470913300364,0.0,42.30550046478858,52.69619534922407,57.97696802965855,40.64389038303532,60.80014827844762,36.754422649476325,39.28162165923656,23.576764721511964,22.256233844340567,46.77408361072715,21.87288051681797,39.610478445224516,48.066836797431506,20.927818841941743,28.764730145604325,37.08671639520167,18.49918504061211,20.01167888208713,23.42826919206446,48.241208067277796,40.712973505355514,18.665848154782438,29.269038917792876,63.15883338635449,62.42953802440965,58.044601611672505,30.059379177292804,45.55577810442555,30.314604307230937,46.71507640898637,17.930674633980622,39.32680028749262,39.32397588655506,52.228216313037194,64.68874052117702],
        [51.90212519106602,40.10185114007068,49.47853235153437,1.943673456484131,30.595193397590634,42.30550046478858,0.0,10.390694884435483,15.671467564869971,11.517606184210177,18.494647813659036,7.231336383266168,25.733895320710268,18.72873574327662,35.04284917445157,33.987468280616156,32.65789442740434,17.346800230097692,35.2802214673205,47.28751048203725,21.090384903560132,40.0217738683484,23.806315424176475,32.79829421219813,18.877231272724124,35.4545927371668,31.5417684237027,56.34170656673798,13.036461546995707,20.8533329215659,20.124037559621073,45.25798628156151,12.246121287495779,36.66217366443121,20.12688138511182,33.57408971185383,24.37482583080796,12.680990840602266,54.53981904309852,39.44160098292619,51.90212519106602],
        [49.509442303545704,50.49254602450617,59.86922723596986,12.334368340919614,40.98588828202612,52.69619534922407,10.390694884435483,0.0,5.280772680434488,13.910289071730492,8.103952929223553,15.941772699747737,23.341212433189952,29.119430627712102,37.435532061971884,31.594785393095837,35.05057731492465,14.954117342577376,32.887538579800186,57.67820536647274,23.93146520361974,50.41246875278389,34.19701030861196,35.190977099718445,29.267926157159607,33.06190984964648,41.93246330813818,66.73240145117347,23.42715643143119,10.462638037130418,15.061852341191674,42.86530339404119,22.63681617193126,47.0528685488667,22.519564272632135,31.18140682433351,34.76552071524344,15.073673728122582,64.930513927534,37.048918095405874,49.509442303545704],
        [48.301595472464626,55.77331870494065,65.14999991640434,17.615141021354102,46.266660962460605,57.97696802965855,15.671467564869971,5.280772680434488,0.0,17.333077646623234,2.8231802487890647,21.222545380182225,22.133365602108874,34.40020330814659,40.75174598571663,30.38693856201476,36.25842414600573,18.366489584434042,31.679691748719108,62.95897804690723,29.21223788405423,55.69324143321837,39.477782989046446,39.18387139911498,34.548698837594095,31.854063018565405,47.21323598857267,72.01317413160795,28.707929111865678,5.18186535669593,13.854005510110596,41.657456562960114,27.91758885236575,52.33364122930118,27.662363722427617,29.973559993252433,40.046293395677935,18.650167742165937,70.21128660796849,35.841071264324796,48.301595472464626],
        [63.4197313752762,42.75098605180846,47.8169222697811,11.671654696057118,28.93358331583737,40.64389038303532,11.517606184210177,13.910289071730492,17.333077646623234,0.0,20.1562578954123,18.748942567476345,37.25150150492044,17.067125661523356,23.52524299024139,45.50507446482633,21.14028824319416,28.86440641430787,46.79782765153068,45.625900400283996,11.879160237430995,38.36016378659514,22.144705342423208,21.850793752491743,17.21562119097086,46.97219892137697,39.44396435945468,54.680096484984716,11.374851465242443,22.514943003319164,28.972141412922166,56.77559246577168,13.630359434111469,44.286768958524725,10.329286075804383,45.091695896064,22.713215749054697,1.317090095542703,52.87820896134525,50.95920716713637,63.4197313752762],
        [46.8381465072985,58.59649895372972,67.97318016519341,20.438321270143167,49.08984121124967,60.80014827844762,18.494647813659036,8.103952929223553,2.8231802487890647,20.1562578954123,0.0,24.04572562897129,21.51852661921106,37.22338355693566,43.574926234505696,28.92348959684863,38.92726776162965,21.189669833223107,30.21624278355298,65.78215829569629,32.03541813284329,58.51642168200744,42.30096323783551,42.00705164790404,37.37187908638316,30.390614053399275,50.036416237361735,74.83635438039703,31.531109360654742,2.972045499465139,12.390556544944467,40.194007597793984,30.740769101154815,55.15682147809025,30.485543971216682,28.510111028086303,42.86947364446699,21.473347990955002,73.03446685675755,34.377622299158666,46.8381465072985],
        [44.67078880779985,34.550773324758424,43.927454536222115,7.077287871419227,25.04411558227838,36.754422649476325,7.231336383266168,15.941772699747737,21.222545380182225,18.748942567476345,24.04572562897129,0.0,18.5025589374441,13.177657927964365,42.274185557717736,26.756131897349984,39.889230810670504,10.115463846831524,28.048885084054334,41.736432666724994,28.3217212868263,34.47069605303615,26.359911348038693,40.0296305954643,13.32615345741187,28.22325635390063,25.990690608390445,50.79062875142573,18.685075518228754,26.404410736878155,25.675115374933327,38.02664989829534,6.695043472183524,31.111095849118957,27.358217768377987,26.34275332858766,20.599267257386398,19.912327223868434,48.988741227786264,32.21026459966002,44.67078880779985],
