{
    "drone_dist": [
        [0.0,14.922909509394929,42.66145111104591,14.869325631045012,12.94308347446461,15.481864469950933,46.64141208953689,45.055559285029545,26.28482663701829,29.137505593910287,35.055299693205356,21.80900461308093,45.71865910166502,14.842765103882492,8.921721168255877,45.65758697856285,53.42660807367719,38.012810996972284,39.41452943784064,29.925303405999813,39.8135514982073,25.150164898607454,28.694735218188548,40.02221498689468,10.89379333073265,39.67223914638336,13.599538097270544,38.57161058247252,15.992928737370569,49.79507415975824,34.92618989064598,22.755802001164508,37.81065812220513,12.935111585498428,35.38919314739519,18.580499822425562,13.842967055567085,12.083710747701803,20.419736250424837,29.276382331484598,0.0],
        [14.922909509394929,0.0,36.08251209304948,2.484791326458466,25.029582722892428,0.6788381983557839,38.59554259372306,43.027826338914466,22.101259576764463,16.09005775981044,39.79140316839835,7.510115154645193,41.81954263465886,29.07125086049741,6.0509031941228715,48.47279422395604,43.58644979491681,38.544623656541205,45.41090848086613,15.835848027620763,45.377584119851896,30.088708813145736,22.845244668115658,45.442800077746476,18.27427237417294,39.409700522587215,20.128189123801366,39.91100514483181,25.246463149300528,52.24303338798797,35.85592677858776,27.056264562806412,31.699318463995276,2.485200688229979,28.367726175625506,10.164571900281352,2.6848733763646484,2.8708148656820636,30.674337882326864,37.46217909213845,14.922909509394929],
        [42.66145111104591,36.08251209304948,0.0,38.53264587984765,40.86353566535137,35.55582871326125,5.657005254494104,14.081852628078336,16.455952845855197,24.45753358203511,29.234798401467117,38.45258469424567,9.116283507216897,47.718379603893176,38.720119345710714,28.42467325879043,14.688277185599192,18.933197242117338,34.58102620274136,27.89639247220969,33.50548707044662,28.184947162645123,14.029047205990965,33.18666124067145,34.21296208331904,17.16513731655461,32.51206236692071,21.19993001130184,35.96554006746912,29.82468508170214,19.56329837186115,27.288192651546744,4.8667359850775505,35.393613305429675,7.720008104883307,26.23998568682462,38.70703300746949,37.323360379071715,38.80915439358995,36.44298734038898,42.66145111104591],
        [14.869325631045012,2.484791326458466,38.53264587984765,0.0,25.91081165727408,2.976989738535852,40.96978445693004,45.48985453361047,24.565507267378344,17.963289824089465,41.84891164236326,6.939688253460607,44.3042216786041,29.449890038311263,6.057718109707822,50.7229606985006,45.7908847361199,40.89867956900888,47.3763448842916,17.307138125338906,47.38629216088528,32.0449747135795,25.329904311229857,47.4657770565407,19.65471104525299,41.804970252555385,21.697970102901913,42.22530136495954,26.599743246126135,54.528186811939506,38.176370359200696,29.035298607789255,34.17010273529118,4.2579275729965165,30.821855146007067,12.647638579792554,1.0281856194363923,3.3233787067307805,31.96544844640352,39.122545726218426,14.869325631045012],
        [12.94308347446461,25.029582722892428,40.86353566535137,25.91081165727408,0.0,25.381306823322884,45.838078905420446,39.11152978280138,25.129790858244945,35.149548666136546,24.78449551326862,32.521179705350974,41.28342611351159,6.855614046853485,20.007606631735996,35.98719604641795,53.93051220942562,30.669308714730267,28.041746042010583,37.111029575532825,28.677329616106594,16.11043501719616,28.358983474591913,28.962410132100782,8.190610841489036,32.7936752873293,8.676465114603358,30.526109303093538,5.490580395805173,40.16297248820184,27.630438176593334,14.961394834714845,36.144503198975855,22.584340750854903,34.86310534311946,23.483319246368808,24.968381721669633,22.64035021183894,7.8198344742061225,17.205180084809417,12.94308347446461],
        [15.481864469950933,0.6788381983557839,35.55582871326125,2.976989738535852,25.381306823322884,0.0,38.01519978919259,42.65851292538383,21.73349955327277,15.413683369830167,39.72348845410961,7.238777277342638,41.37952898507101,29.532620196782865,6.6494339559541285,48.29460160619287,42.951069012975296,38.29472887950346,45.38459453932806,15.164903486620485,45.331181186813474,30.074823425112182,22.397218313513932,45.38957468899511,18.496561416231263,39.12310550454109,20.28239034118938,39.69144833297764,25.464585865409788,52.04103477520532,35.63320398840267,27.034558675928768,31.201053096131577,2.7989197220074225,27.84561194947133,9.752229621154509,3.307731804121822,3.486374211755076,30.905747574865295,37.564409172510274,15.481864469950933],
        [46.64141208953689,38.59554259372306,5.657005254494104,40.96978445693004,45.838078905420446,38.01519978919259,0.0,18.64189743069942,20.924149763549153,25.18315190805959,34.85991770199495,39.96081350299291,13.14534156934413,52.68737022872835,41.897121407020755,33.47978649802412,9.033590118328338,24.439991315709975,40.1251619719042,28.245108603421297,39.02410583369478,33.71291933177871,18.048731038068766,38.693718513966616,38.84857900358141,22.55360223947584,37.33773371866446,26.673113331796504,41.10343041527479,34.51669585264007,25.196274395721282,32.676367909014004,9.776856682455728,38.2332891909583,11.292517072219681,29.257109773481535,41.271517272902074,40.16435338395088,44.185020415845564,42.0783616767537,46.64141208953689],
        [45.055559285029545,43.027826338914466,14.081852628078336,45.48985453361047,39.11152978280138,42.65851292538383,18.64189743069942,0.0,20.926862070350353,35.43400364054055,19.664861902889186,47.305396887352764,5.621802401739996,45.575980080105204,43.836808781421674,15.094692196130456,26.918687039580206,9.167988754045936,23.515738567609844,39.127368508771646,22.245376179528122,23.44072116746552,20.723314632652233,21.839727548361502,34.71768285500562,6.739862273675736,32.29699763884297,10.575147875223488,33.64468102171435,15.876170048537794,11.78457135301392,24.150197969695547,14.59039342791396,41.61987422674285,18.064709049884453,32.92671445304203,45.36170139420511,43.406324830905504,34.52206200460982,28.979943594570216,45.055559285029545],
        [26.28482663701829,22.101259576764463,16.455952845855197,24.565507267378344,25.129790858244945,21.73349955327277,20.924149763549153,20.926862070350353,0.0,17.501899071963496,22.563087081163687,26.708510834533854,20.085957657046176,31.936789641330417,23.309438823114473,28.27773688249662,28.802075615075424,17.448347976499907,28.777956387683606,21.06050131020988,28.225003446390634,16.20345225405253,3.372974444015757,28.11204379447895,17.92498386618804,17.806384497985402,16.511142068916577,19.266319640809492,20.78626090178412,31.56956810929104,15.344870849566407,13.975534829089153,11.589219188601536,20.750276059717276,9.754728916804925,12.019727795380943,24.45708524805273,22.577273607892796,24.72159245519786,25.600629969286967,26.28482663701829],
        [29.137505593910287,16.09005775981044,24.45753358203511,17.963289824089465,35.149548666136546,15.413683369830167,25.18315190805959,35.43400364054055,17.501899071963496,0.0,39.97193540602491,15.099193083429746,32.361373249428524,40.91646370770728,21.357567100281138,45.44410363202287,28.429222873591797,34.41484584129478,46.17472816238367,3.715810190982221,45.677147379103886,32.44958581976796,15.671003240739791,45.57934509536852,26.989843456770007,34.26491475639303,27.342023573776427,36.4295546082835,32.898123593741296,48.43883798671733,32.66567849983179,29.662232810581177,21.338126415675827,16.944246141558068,17.644765938671213,11.668229503015889,18.61586093738471,18.576999125510724,38.051412735500634,41.63125370846592,29.137505593910287],
        [35.055299693205356,39.79140316839835,29.234798401467117,41.84891164236326,24.78449551326862,39.72348845410961,34.85991770199495,19.664861902889186,22.563087081163687,39.97193540602491,0.0,46.320550279462935,24.29994666157188,29.95249836525921,37.79799498838179,11.26579493123487,43.880277524477194,10.865289174995079,6.21500129785912,43.42056555968176,5.757722510155084,10.06138854493818,25.081301449741094,5.733728493794574,24.33627552368427,13.208489225620555,21.64949704734462,9.095165971233682,19.716516164361614,15.415155282007529,9.675313264339605,12.908026801501565,26.38651349591127,37.59412065981603,27.884041995029996,31.718106776061784,41.29195955868227,38.83478383381706,17.947418781219472,9.93935255531021,35.055299693205356],
        [21.80900461308093,7.510115154645193,38.45258469424567,6.939688253460607,32.521179705350974,7.238777277342638,39.96081350299291,47.305396887352764,26.708510834533854,15.099193083429746,46.320550279462935,0.0,45.316335751634895,36.338586266175746,12.961351383864514,54.321138975206345,43.513416628388875,43.92366458063732,52.12846309512197,13.130320331379862,51.99981741245951,36.89990426648438,26.597295565173237,52.031285497320326,25.734532826165665,44.48610767096192,27.480756553879278,45.50870569670063,32.70102053924541,57.911790249633626,41.457353252635095,33.84616598832792,34.57895067597178,9.987689765828081,30.973433585589387,14.983185413114036,7.966492584589696,9.967702110593434,38.14420807462644,44.671558718066166,21.80900461308093],
        [45.71865910166502,41.81954263465886,9.116283507216897,44.3042216786041,41.28342611351159,41.37952898507101,13.14534156934413,5.621802401739996,20.085957657046176,32.361373249428524,24.29994666157188,45.316335751634895,0.0,47.97250722410988,43.39536072092013,20.706099896202364,21.297717830196515,13.4438439300237,28.68059325985273,35.96947734662438,27.45280485093234,26.397635828065777,18.985004742715738,27.067413901800045,35.95399189055836,11.100918037554463,33.759432230726816,15.309424748543263,35.93886336815855,21.41918300683463,15.379096225733111,26.509904335924894,11.023379336694537,40.693817854370984,14.720074252782453,31.661750542499973,44.302066622543535,42.56246393084955,37.55979748537258,33.058882170136265,45.71865910166502],
        [14.842765103882492,29.07125086049741,47.718379603893176,29.449890038311263,6.855614046853485,29.532620196782865,52.68737022872835,45.575980080105204,31.936789641330417,40.91646370770728,29.95249836525921,36.338586266175746,47.97250722410988,0.0,23.39297809302302,41.21243118248186,60.73725939651862,36.91036807322075,32.24208593671568,42.54748718244663,33.07516058305543,22.25132691043506,35.134071323839976,33.417328080037336,14.493606241010887,39.12233812383138,15.432707899778054,36.55740857816055,12.033729486763953,45.33697333871132,33.93880686899171,21.504689152756427,42.99948911021322,26.775337822025243,41.682435566388854,29.30390854186837,28.440941972419797,26.39219933131227,12.0099016114145,21.132761475137148,14.842765103882492],
        [8.921721168255877,6.0509031941228715,38.720119345710714,6.057718109707822,20.007606631735996,6.6494339559541285,41.897121407020755,43.836808781421674,23.309438823114473,21.357567100281138,37.79799498838179,12.961351383864514,43.39536072092013,23.39297809302302,0.0,47.3713274839981,47.69515129826325,38.22180713610035,43.004818250314806,21.591907352069164,43.141393115298655,27.785572226222428,24.848686807993612,43.26407859467384,14.383176142451422,39.429787750824964,16.7130107762205,39.282770655421785,21.170917732564014,51.33097890483565,35.31516408713303,24.891524307565405,34.059597266868174,4.428634752580172,31.061775981846015,12.64216273339222,5.05537040703825,3.183345085124028,26.410234431561094,34.09218244380477,8.921721168255877],
        [45.65758697856285,48.47279422395604,28.42467325879043,50.7229606985006,35.98719604641795,48.29460160619287,33.47978649802412,15.094692196130456,28.27773688249662,45.44410363202287,11.26579493123487,54.321138975206345,20.706099896202364,41.21243118248186,47.3713274839981,0.0,41.977153145990876,11.059987683886561,11.020549013796145,49.11215523720481,9.707511747438982,20.54317581570455,29.776598841627848,9.247860910648958,34.78454176770474,11.749919350058438,32.07144621511512,9.02690046399665,30.803850511305317,4.1823891091836884,12.958051200093713,22.94472498042398,27.373584677854524,46.49540678686768,30.076667038891248,39.34604772516686,50.301122408451256,47.95582239230811,29.203668207166395,20.7102703984074,45.65758697856285],
        [53.42660807367719,43.58644979491681,14.688277185599192,45.7908847361199,53.93051220942562,42.951069012975296,9.033590118328338,26.918687039580206,28.802075615075424,28.429222873591797,43.880277524477194,43.513416628388875,21.297717830196515,60.73725939651862,47.69515129826325,41.977153145990876,0.0,33.38249942293611,49.07692652255104,30.713528421781238,47.95357666902316,42.55539119208196,25.629574714705917,47.612892237785914,46.56825148145386,31.413831249632004,45.30683021605231,35.58408216876418,49.4313877395083,42.63385857930232,34.223220137677494,41.352547537307245,18.460564380029904,43.671196789793456,19.077400132388046,35.220189141287015,46.25878217756633,45.55350947303105,52.80616951440215,51.0602949460217,53.42660807367719],
        [38.012810996972284,38.544623656541205,18.933197242117338,40.89867956900888,30.669308714730267,38.29472887950346,24.439991315709975,9.167988754045936,17.448347976499907,34.41484584129478,10.865289174995079,43.92366458063732,13.4438439300237,36.91036807322075,38.22180713610035,11.059987683886561,33.38249942293611,0.0,15.694430350551249,38.09492225046955,14.584291695879164,14.659042089645697,18.744042736342617,14.257468581363392,27.264379860699332,2.437844539723386,24.6656506190504,2.3190384875500163,25.179697407541013,14.125498813216367,3.1081388280567195,15.869650447407272,16.917950257316072,36.76140702912756,19.267776051511362,28.96802114325336,40.586565505852725,38.3717990519978,25.553978188633916,19.839354861302827,38.012810996972284],
        [39.41452943784064,45.41090848086613,34.58102620274136,47.3763448842916,28.041746042010583,45.38459453932806,40.1251619719042,23.515738567609844,28.777956387683606,46.17472816238367,6.21500129785912,52.12846309512197,28.68059325985273,32.24208593671568,43.004818250314806,11.020549013796145,49.07692652255104,15.694430350551249,0.0,49.60807329571021,1.3454523751009437,15.331580181408269,31.277457200175675,1.803278538716767,29.05460473916555,17.747965622082077,26.461132406563436,13.521062589582879,23.539793372688393,14.447541052990209,15.292810459960085,18.35474304698313,32.108201995777954,43.14187964053793,33.839985053765076,37.70100768022741,46.76406756410648,44.27397096140066,20.488186241759124,11.109763930382416,39.41452943784064],
        [29.925303405999813,15.835848027620763,27.89639247220969,17.307138125338906,37.111029575532825,15.164903486620485,28.245108603421297,39.127368508771646,21.06050131020988,3.715810190982221,43.42056555968176,13.130320331379862,35.96947734662438,42.54748718244663,21.591907352069164,49.11215523720481,30.713528421781238,38.09492225046955,49.60807329571021,0.0,49.1468072994732,35.60803041551591,19.353144348592874,49.061555949036084,29.060297490900247,37.97124886892763,29.69433747771257,40.09174715104885,35.29641821058535,52.13575699194839,36.29898847888765,32.748797713320826,24.953255802762094,17.19043906217921,21.271426508341015,13.830169719218436,18.107353967709614,18.572444312649942,40.57327990608353,44.6683073454167,29.925303405999813],
        [39.8135514982073,45.377584119851896,33.50548707044662,47.38629216088528,28.677329616106594,45.331181186813474,39.02410583369478,22.245376179528122,28.225003446390634,45.677147379103886,5.757722510155084,51.99981741245951,27.45280485093234,33.07516058305543,43.141393115298655,9.707511747438982,47.95357666902316,14.584291695879164,1.3454523751009437,49.1468072994732,0.0,15.375605253439845,30.63065163278054,0.46152111591570166,29.332264000946306,16.577710499683697,26.703920152242294,12.371679623526889,24.032624772605885,13.216690889506806,14.362496432140501,18.35422246284601,31.145444097831064,43.14041974132246,32.975677756293855,37.45713466772556,46.797864712816775,44.320241866319364,21.228439886335376,11.96625830822078,39.8135514982073],
        [25.150164898607454,30.088708813145736,28.184947162645123,32.0449747135795,16.11043501719616,30.074823425112182,33.71291933177871,23.44072116746552,16.20345225405253,32.44958581976796,10.06138854493818,36.89990426648438,26.397635828065777,22.25132691043506,27.785572226222428,20.54317581570455,42.55539119208196,14.659042089645697,15.331580181408269,35.60803041551591,15.375605253439845,0.0,19.390959140710727,15.48430723536889,14.33329402642221,16.89001905366974,11.629124280589027,14.415703896834508,10.656567822731198,24.704768396910655,11.709178469687032,3.0543092766777096,24.10009702098551,27.810668246188293,24.244608402115954,22.823650663158546,31.43793343779275,28.953172083641206,11.168615382303503,9.401675017552297,25.150164898607454],
        [28.694735218188548,22.845244668115658,14.029047205990965,25.329904311229857,28.358983474591913,22.397218313513932,18.048731038068766,20.723314632652233,3.372974444015757,15.671003240739791,25.081301449741094,26.597295565173237,18.985004742715738,35.134071323839976,24.848686807993612,29.776598841627848,25.629574714705917,18.744042736342617,31.277457200175675,19.353144348592874,30.63065163278054,19.390959140710727,0.0,30.481757030253135,20.953556406410737,18.67406288695853,19.702831231818337,20.769878424806578,24.11990848745075,32.791417231345015,17.07452693958131,17.27883068795877,9.249515263298639,21.81822987581685,6.7576554341057795,12.705788049558095,25.35622175318819,23.717482382980698,28.09455550104074,28.76027008723567,28.694735218188548],
        [40.02221498689468,45.442800077746476,33.18666124067145,47.4657770565407,28.962410132100782,45.38957468899511,38.693718513966616,21.839727548361502,28.11204379447895,45.57934509536852,5.733728493794574,52.031285497320326,27.067413901800045,33.417328080037336,43.26407859467384,9.247860910648958,47.612892237785914,14.257468581363392,1.803278538716767,49.061555949036084,0.46152111591570166,15.48430723536889,30.481757030253135,0.0,29.505310976645454,16.22215695616765,26.866957830029776,12.02886549074905,24.276229524167668,12.775003789211413,14.113485884306,18.443782572026166,30.8736323726193,43.216900704772456,32.74263072554847,37.4517032881617,46.88549648756339,44.412552186706435,21.547665128010724,12.325746589681682,40.02221498689468],
        [10.89379333073265,18.27427237417294,34.21296208331904,19.65471104525299,8.190610841489036,18.496561416231263,38.84857900358141,34.71768285500562,17.92498386618804,26.989843456770007,24.33627552368427,25.734532826165665,35.95399189055836,14.493606241010887,14.383176142451422,34.78454176770474,46.56825148145386,27.264379860699332,29.05460473916555,29.060297490900247,29.332264000946306,14.33329402642221,20.953556406410737,29.505310976645454,0.0,29.031573277007773,2.7133406959462376,27.725713923222475,6.972285846559372,38.91302651465561,24.16208465972047,11.863124992288354,29.376893121854923,15.792182967557569,27.644410348001422,15.336612297555934,18.83880629900501,16.340543749163267,12.410382650038835,19.718636900840774,10.89379333073265],
        [39.67223914638336,39.409700522587215,17.16513731655461,41.804970252555385,32.7936752873293,39.12310550454109,22.55360223947584,6.739862273675736,17.806384497985402,34.26491475639303,13.208489225620555,44.48610767096192,11.100918037554463,39.12233812383138,39.429787750824964,11.749919350058438,31.413831249632004,2.437844539723386,17.747965622082077,37.97124886892763,16.577710499683697,16.89001905366974,18.67406288695853,16.22215695616765,29.031573277007773,0.0,26.485778158714258,4.242153863885512,27.30450593688894,14.224671324100962,5.1837228759159215,17.89545514203447,15.652336343897028,37.73217588668253,18.338734863728778,29.622189499379882,41.546845233806266,39.40240708072693,27.878457946329256,22.27688759228894,39.67223914638336],
        [13.599538097270544,20.128189123801366,32.51206236692071,21.697970102901913,8.676465114603358,20.28239034118938,37.33773371866446,32.29699763884297,16.511142068916577,27.342023573776427,21.64949704734462,27.480756553879278,33.759432230726816,15.432707899778054,16.7130107762205,32.07144621511512,45.30683021605231,24.6656506190504,26.461132406563436,29.69433747771257,26.703920152242294,11.629124280589027,19.702831231818337,26.866957830029776,2.7133406959462376,26.485778158714258,0.0,25.068924774783174,5.607427687587203,36.20109624615522,21.558870232378503,9.156941566170005,27.72525780977678,17.674740216128892,26.26329584986684,15.864168188560939,20.93918518828851,18.42119886748087,10.991472196472694,17.44184892821446,13.599538097270544],
        [38.57161058247252,39.91100514483181,21.19993001130184,42.22530136495954,30.526109303093538,39.69144833297764,26.673113331796504,10.575147875223488,19.266319640809492,36.4295546082835,9.095165971233682,45.50870569670063,15.309424748543263,36.55740857816055,39.282770655421785,9.02690046399665,35.58408216876418,2.3190384875500163,13.521062589582879,40.09174715104885,12.371679623526889,14.415703896834508,20.769878424806578,12.02886549074905,27.725713923222475,4.242153863885512,25.068924774783174,0.0,25.064249819332602,12.403213763107559,4.06107265219425,16.037992852572213,19.236458955003812,38.043989647871605,21.55288136026325,30.526963775307667,41.868146517417664,39.59753764128649,24.94167307120869,18.53123462483157,38.57161058247252],
        [15.992928737370569,25.246463149300528,35.96554006746912,26.599743246126135,5.490580395805173,25.464585865409788,41.10343041527479,33.64468102171435,20.78626090178412,32.898123593741296,19.716516164361614,32.70102053924541,35.93886336815855,12.033729486763953,21.170917732564014,30.803850511305317,49.4313877395083,25.179697407541013,23.539793372688393,35.29641821058535,24.032624772605885,10.656567822731198,24.11990848745075,24.276229524167668,6.972285846559372,27.30450593688894,5.607427687587203,25.064249819332602,0.0,34.9861932173906,22.139957397526548,9.50471846984952,31.343801961258777,22.764465447578967,30.372942783113327,21.466867734765,25.764440553290825,23.2795489695185,5.4656916270191145,13.311599037157766,15.992928737370569],
        [49.79507415975824,52.24303338798797,29.82468508170214,54.528186811939506,40.16297248820184,52.04103477520532,34.51669585264007,15.876170048537794,31.56956810929104,48.43883798671733,15.415155282007529,57.911790249633626,21.41918300683463,45.33697333871132,51.33097890483565,4.1823891091836884,42.63385857930232,14.125498813216367,14.447541052990209,52.13575699194839,13.216690889506806,24.704768396910655,32.791417231345015,12.775003789211413,38.91302651465561,14.224671324100962,36.20109624615522,12.403213763107559,34.9861932173906,0.0,16.456534514694123,27.05902975904836,29.41133898682643,50.320321559663654,32.39738726857359,42.92966991378901,54.13701862725304,51.82236816719871,33.32723316757071,24.68039155773225,49.79507415975824],
        [34.92618989064598,35.85592677858776,19.56329837186115,38.176370359200696,27.630438176593334,35.63320398840267,25.196274395721282,11.78457135301392,15.344870849566407,32.66567849983179,9.675313264339605,41.457353252635095,15.379096225733111,33.93880686899171,35.31516408713303,12.958051200093713,34.223220137677494,3.1081388280567195,15.292810459960085,36.29898847888765,14.362496432140501,11.709178469687032,17.07452693958131,14.113485884306,24.16208465972047,5.1837228759159215,21.558870232378503,4.06107265219425,22.139957397526548,16.456534514694123,0.0,12.78123719722661,16.81931830260877,34.00281197206395,18.64258947010878,26.474449943904993,37.82797825446174,35.570802979807354,22.740387085957643,17.691148091862953,34.92618989064598],
        [22.755802001164508,27.056264562806412,27.288192651546744,29.035298607789255,14.961394834714845,27.034558675928768,32.676367909014004,24.150197969695547,13.975534829089153,29.662232810581177,12.908026801501565,33.84616598832792,26.509904335924894,21.504689152756427,24.891524307565405,22.94472498042398,41.352547537307245,15.869650447407272,18.35474304698313,32.748797713320826,18.35422246284601,3.0543092766777096,17.27883068795877,18.443782572026166,11.863124992288354,17.89545514203447,9.156941566170005,16.037992852572213,9.50471846984952,27.05902975904836,12.78123719722661,0.0,22.9319027416119,24.793761761954304,22.647520553063675,19.813554262557417,28.443799041274,25.96878930244438,11.521020889575864,11.980262769617214,22.755802001164508],
        [37.81065812220513,31.699318463995276,4.8667359850775505,34.17010273529118,36.144503198975855,31.201053096131577,9.776856682455728,14.59039342791396,11.589219188601536,21.338126415675827,26.38651349591127,34.57895067597178,11.023379336694537,42.99948911021322,34.059597266868174,27.373584677854524,18.460564380029904,16.917950257316072,32.108201995777954,24.953255802762094,31.145444097831064,24.10009702098551,9.249515263298639,30.8736323726193,29.376893121854923,15.652336343897028,27.72525780977678,19.236458955003812,31.343801961258777,29.41133898682643,16.81931830260877,22.9319027416119,0.0,30.871799074369726,3.69987718677445,21.706287364990914,34.28581199092656,32.79176148745579,34.42655122280663,32.75550875983407,37.81065812220513],
        [12.935111585498428,2.485200688229979,35.393613305429675,4.2579275729965165,22.584340750854903,2.7989197220074225,38.2332891909583,41.61987422674285,20.750276059717276,16.944246141558068,37.59412065981603,9.987689765828081,40.693817854370984,26.775337822025243,4.428634752580172,46.49540678686768,43.671196789793456,36.76140702912756,43.14187964053793,17.19043906217921,43.14041974132246,27.810668246188293,21.81822987581685,43.216900704772456,15.792182967557569,37.73217588668253,17.674740216128892,38.043989647871605,22.764465447578967,50.320321559663654,34.00281197206395,24.793761761954304,30.871799074369726,0.0,27.679383872163513,9.166103072394716,3.8258703806421863,1.9345000773289949,28.189992300792532,35.041313270021675,12.935111585498428],
        [35.38919314739519,28.367726175625506,7.720008104883307,30.821855146007067,34.86310534311946,27.84561194947133,11.292517072219681,18.064709049884453,9.754728916804925,17.644765938671213,27.884041995029996,30.973433585589387,14.720074252782453,41.682435566388854,31.061775981846015,30.076667038891248,19.077400132388046,19.267776051511362,33.839985053765076,21.271426508341015,32.975677756293855,24.244608402115954,6.7576554341057795,32.74263072554847,27.644410348001422,18.338734863728778,26.26329584986684,21.55288136026325,30.372942783113327,32.39738726857359,18.64258947010878,22.647520553063675,3.69987718677445,27.679383872163513,0.0,18.533589729036684,30.98849577077414,29.610357739005643,33.93974966729269,33.30402678070859,35.38919314739519],
        [18.580499822425562,10.164571900281352,26.23998568682462,12.647638579792554,23.483319246368808,9.752229621154509,29.257109773481535,32.92671445304203,12.019727795380943,11.668229503015889,31.718106776061784,14.983185413114036,31.661750542499973,29.30390854186837,12.64216273339222,39.34604772516686,35.220189141287015,28.96802114325336,37.70100768022741,13.830169719218436,37.45713466772556,22.823650663158546,12.705788049558095,37.4517032881617,15.336612297555934,29.622189499379882,15.864168188560939,30.526963775307667,21.466867734765,42.92966991378901,26.474449943904993,19.813554262557417,21.706287364990914,9.166103072394716,18.533589729036684,0.0,12.65050830880044,11.089691087514048,26.76435997596211,31.435571650750767,18.580499822425562],
        [13.842967055567085,2.6848733763646484,38.70703300746949,1.0281856194363923,24.968381721669633,3.307731804121822,41.271517272902074,45.36170139420511,24.45708524805273,18.61586093738471,41.29195955868227,7.966492584589696,44.302066622543535,28.440941972419797,5.05537040703825,50.301122408451256,46.25878217756633,40.586565505852725,46.76406756410648,18.107353967709614,46.797864712816775,31.43793343779275,25.35622175318819,46.88549648756339,18.83880629900501,41.546845233806266,20.93918518828851,41.868146517417664,25.764440553290825,54.13701862725304,37.82797825446174,28.443799041274,34.28581199092656,3.8258703806421863,30.98849577077414,12.65050830880044,0.0,2.519757757131706,31.10790581284065,38.37750828346362,13.842967055567085],
        [12.083710747701803,2.8708148656820636,37.323360379071715,3.3233787067307805,22.64035021183894,3.486374211755076,40.16435338395088,43.406324830905504,22.577273607892796,18.576999125510724,38.83478383381706,9.967702110593434,42.56246393084955,26.39219933131227,3.183345085124028,47.95582239230811,45.55350947303105,38.3717990519978,44.27397096140066,18.572444312649942,44.320241866319364,28.953172083641206,23.717482382980698,44.412552186706435,16.340543749163267,39.40240708072693,18.42119886748087,39.59753764128649,23.2795489695185,51.82236816719871,35.570802979807354,25.96878930244438,32.79176148745579,1.9345000773289949,29.610357739005643,11.089691087514048,2.519757757131706,0.0,28.64212112677551,35.8584514709115,12.083710747701803],
        [20.419736250424837,30.674337882326864,38.80915439358995,31.96544844640352,7.8198344742061225,30.905747574865295,44.185020415845564,34.52206200460982,24.72159245519786,38.051412735500634,17.947418781219472,38.14420807462644,37.55979748537258,12.0099016114145,26.410234431561094,29.203668207166395,52.80616951440215,25.553978188633916,20.488186241759124,40.57327990608353,21.228439886335376,11.168615382303503,28.09455550104074,21.547665128010724,12.410382650038835,27.878457946329256,10.991472196472694,24.94167307120869,5.4656916270191145,33.32723316757071,22.740387085957643,11.521020889575864,34.42655122280663,28.189992300792532,33.93974966729269,26.76435997596211,31.10790581284065,28.64212112677551,0.0,9.473572017468877,20.419736250424837],
        [29.276382331484598,37.46217909213845,36.44298734038898,39.122545726218426,17.205180084809417,37.564409172510274,42.0783616767537,28.979943594570216,25.600629969286967,41.63125370846592,9.93935255531021,44.671558718066166,33.058882170136265,21.132761475137148,34.09218244380477,20.7102703984074,51.0602949460217,19.839354861302827,11.109763930382416,44.6683073454167,11.96625830822078,9.401675017552297,28.76027008723567,12.325746589681682,19.718636900840774,22.27688759228894,17.44184892821446,18.53123462483157,13.311599037157766,24.68039155773225,17.691148091862953,11.980262769617214,32.75550875983407,35.041313270021675,33.30402678070859,31.435571650750767,38.37750828346362,35.8584514709115,9.473572017468877,0.0,29.276382331484598],
        [0.0,14.922909509394929,42.66145111104591,14.869325631045012,12.94308347446461,15.481864469950933,46.64141208953689,45.055559285029545,26.28482663701829,29.137505593910287,35.055299693205356,21.80900461308093,45.71865910166502,14.842765103882492,8.921721168255877,45.65758697856285,53.42660807367719,38.012810996972284,39.41452943784064,29.925303405999813,39.8135514982073,25.150164898607454,28.694735218188548,40.02221498689468,10.89379333073265,39.67223914638336,13.599538097270544,38.57161058247252,15.992928737370569,49.79507415975824,34.92618989064598,22.755802001164508,37.81065812220513,12.935111585498428,35.38919314739519,18.580499822425562,13.842967055567085,12.083710747701803,20.419736250424837,29.276382331484598,0.0]
    ],
    "end_depot": 40,
    "start_depot": 0,
    "truck_dist": [
        [0.0,19.197374752868964,52.31152638707903,17.41082038813186,17.823374203462983,20.14050851326237,59.9181780031652,47.4213545043236,31.30077049631201,41.12011165760934,47.33113292067689,25.547533267214384,48.765685514349784,15.924477259964732,11.100012592351028,59.539903570783196,71.91258055653061,44.68611262066043,54.81165906184546,41.57605506878233,55.005445636221665,33.26813655087517,35.923636231862375,55.16611583223238,13.864501956608223,45.153584835578336,17.445470250874237,47.046323428503676,22.5280063230378,64.58078664805268,41.330690014763654,29.104739154545,46.10016972841778,17.35890331859695,44.9595183696688,25.98498597488149,16.16200484038547,15.312574319663206,28.764382107590997,41.353442349161355,0.0],
        [19.197374752868964,0.0,38.82458395703252,3.0259873386921594,26.58963104712713,0.9431337603934047,40.72080325029624,56.18761134798775,28.817341328385076,21.922736904740376,56.097389764341045,8.51346851258341,51.21975489063373,32.873133446810954,8.097362160517935,68.30616041444735,52.715205803661654,53.452369464324576,63.577915905509606,22.378680315913368,63.77170247988582,42.034393394539315,27.641320243947735,63.932372675896524,22.63075880027237,53.91984167924248,26.211727094538386,55.81258027216782,31.29426316670195,73.34704349171682,50.0969468584278,37.87099599820915,35.859910829046534,2.9954077697240713,30.753336941182766,12.671439449833164,3.0353699124834925,3.8848004332057577,37.53063895125514,50.1196991928255,19.197374752868964],
        [52.31152638707903,38.82458395703252,0.0,41.85057129572468,56.47975762553594,38.645303982969466,7.606651616086174,17.363027390955228,21.01075589076702,32.72757452341617,37.56324073734663,47.33805246961593,12.39517093360121,65.98728508102101,41.21151379472799,29.481576457414825,19.601054169451587,22.426765410341623,42.177805821520316,37.96270645648363,40.284942659291964,39.73008452667936,16.387890155216652,39.65233806795072,45.59400811314504,19.01097242364029,44.21520372527213,24.703887268305415,50.3024294988241,34.5224595346843,25.26616553797148,38.579548809967264,6.21135665866124,35.82917618730845,8.071247015849755,26.326540412197538,41.10572831647437,37.644973182155226,54.869177466160615,50.28521675794647,52.31152638707903],
        [17.41082038813186,3.0259873386921594,41.85057129572468,0.0,29.61561838581929,3.205267312755213,42.50735761503334,59.21359868667991,31.843328667077238,23.709291269477475,59.12337710303321,8.13671287908252,54.24574222932589,31.086579082073847,6.310807795780834,71.33214775313951,54.501760168398754,56.47835680301674,66.60390324420177,24.16523468065047,66.79768981857796,45.06038073323147,30.667307582639893,66.95836001458869,25.65674613896453,56.94582901793464,29.237714433230543,58.83856761085998,34.32025050539411,76.37303083040898,53.12293419711996,40.89698333690131,38.885898167738695,6.021395108416231,33.77932427987493,15.697426788525323,1.248815547746391,4.205598113569453,40.5566262899473,53.14568653151766,17.41082038813186],
        [17.823374203462983,26.58963104712713,56.47975762553594,29.61561838581929,0.0,26.410351073064078,64.0864092416221,46.72668494566874,35.46900173476891,45.28834289606624,29.507758717213914,35.10309955971054,52.933916752806695,9.507527455485082,23.822035525613003,41.71652936732021,76.08081179498751,34.05299221519431,36.98828485838248,45.744286307239236,37.18207143275868,16.749673098856565,40.09186747031928,37.342741628769396,10.885749512390895,37.46878520189564,12.264553900263799,31.775870357230517,6.177328126711835,46.75741244458969,31.21359208756445,17.900208815568668,50.268400966874694,23.59422327740306,49.1277496081257,30.153217213338394,28.87077540656898,25.410020272249838,10.941007904128014,23.530068145698372,17.823374203462983],
        [20.14050851326237,0.9431337603934047,38.645303982969466,3.205267312755213,26.410351073064078,0.0,39.777669489902834,56.00833137392469,28.638061354322023,20.979603144346967,55.918109790277995,8.692748486646463,51.04047491657067,33.816267207204355,9.04049592091134,68.1268804403843,51.77207204326825,53.273089490261526,63.398635931446556,21.435546555519963,63.59242250582276,41.85511342047626,27.46204026988468,63.753092701833474,22.451478826209318,53.74056170517943,26.032447120475332,55.63330029810477,31.114983192638896,73.16776351765377,49.91766688436475,37.691716024146096,35.68063085498348,2.816127795661018,30.574056967119713,12.49215947577011,3.978503672876897,4.827934193599162,37.35135897719209,49.94041921876245,20.14050851326237],
        [59.9181780031652,40.72080325029624,7.606651616086174,42.50735761503334,64.0864092416221,39.777669489902834,0.0,19.841387350735364,28.617407506853194,30.249214563636038,45.1698923534328,44.859692509835796,14.873530893381348,73.59393669710718,48.818165410814174,34.9335751407641,11.994402553365413,30.0334170264278,49.784457437606484,35.484346496703495,47.89159427537814,47.336736142765545,23.994541771302828,47.25898968403689,53.20065972923121,26.617624039726465,51.82185534135831,32.31053888439159,57.90908111491027,37.00081949446444,32.87281715405766,46.18620042605344,13.818008274747413,42.55927468456825,14.958659633496406,33.93319202828371,43.75617316277973,44.605603683502,62.47582908224679,57.89186837403265,59.9181780031652],
        [47.4213545043236,56.18761134798775,17.363027390955228,59.21359868667991,46.72668494566874,56.00833137392469,19.841387350735364,0.0,27.37027001960267,50.090601914371405,27.81016805747943,64.70107986057116,6.20723180713796,56.23421240115381,53.420015826473616,17.573850844810725,29.35412684931879,12.673692730474425,32.424733141653114,55.325733847438855,30.53186997942477,29.977011846812168,28.546291104040012,29.89926538808352,35.840935433277835,9.257899743773093,34.46213104540493,14.950814588438218,40.549356818956895,17.15943214372907,15.513092858104285,28.826476130100065,20.327700518941214,53.19220357826367,25.43427440680498,43.51617189815458,58.468755707429594,55.00800057311045,45.11610478629342,40.53214407807927,47.4213545043236],
        [31.30077049631201,28.817341328385076,21.01075589076702,31.843328667077238,35.46900173476891,28.638061354322023,28.617407506853194,27.37027001960267,0.0,22.720331894768734,27.28004843595597,37.330809840968485,22.402413562248654,44.976529190254,26.04974580687095,39.488819086062264,40.6118100602186,24.635028135939503,34.76057457712453,27.955463827836187,34.95436115150074,18.719328635912348,4.622865735550366,35.115031347511454,24.583252222378018,25.102500350857404,23.204447834505114,26.995238943782745,29.291673608057078,44.52970216333174,21.279605530042723,17.568792919200245,14.79939923210578,25.821933558661005,13.658747873356786,16.14590187855191,31.098485687826926,27.637730553507783,33.85842157539359,29.274460867179453,31.30077049631201],
        [41.12011165760934,21.922736904740376,32.72757452341617,23.709291269477475,45.28834289606624,20.979603144346967,30.249214563636038,50.090601914371405,22.720331894768734,0.0,50.0003803307247,15.572578390394956,45.12274545701739,54.79587035155133,30.020099065258307,62.209150980831,30.792468898921275,47.35536003070824,57.48090647189326,5.235131933067455,57.674693046269475,35.93738396092297,21.54431081033139,57.83536324228019,34.40259338367535,47.82283224562614,33.02378899580245,49.71557083855148,39.11101476935441,67.25003405810048,43.999937424811456,31.773986564592807,29.76290139543019,23.761208339012384,24.65632750756642,15.13512568272785,24.958106817223864,25.80753733794613,43.67776273669092,44.02268975920916,41.12011165760934],
        [47.33113292067689,56.097389764341045,37.56324073734663,59.12337710303321,29.507758717213914,55.918109790277995,45.1698923534328,27.81016805747943,27.28004843595597,50.0003803307247,0.0,64.61085827692446,34.01739986461739,31.406655660712165,53.32979424282692,12.208770650106299,57.16429490679821,15.136475327005005,7.480526141168562,55.23551226379216,7.674312715544771,14.06299636980173,28.45606952039331,7.834982911555484,33.46663096406867,18.552268313706335,29.88566266980266,12.859353469041212,24.803126597639096,17.249653727375772,12.297075199375145,18.226393766131896,31.351884078685387,53.10198199461698,30.211232719936397,43.42595031450789,58.3785341237829,54.917778989463756,18.5667508130859,12.721976020599843,47.33113292067689],
        [25.547533267214384,8.51346851258341,47.33805246961593,8.13671287908252,35.10309955971054,8.692748486646463,44.859692509835796,64.70107986057116,37.330809840968485,15.572578390394956,64.61085827692446,0.0,59.73322340321714,39.22329196115637,14.447520674863354,76.81962892703075,46.36504728931624,61.96583797690799,72.09138441809301,16.028521801567948,72.28517099246923,50.54786190712272,36.15478875653115,72.44584118847993,31.144227312855783,62.433310191825896,34.7251956071218,64.32604878475124,39.80773167928536,81.86051200430023,58.610415371011214,46.38446451079256,44.37337934162994,11.508876282307481,39.266805453766175,21.184907962416574,9.38552842682891,10.234958947551176,46.04410746383856,58.633167705408916,25.547533267214384],
