{
    "drone_dist": [
        [0.0,29.703908777066577,19.803443824505376,30.25695575466911,21.28566064947184,35.47658918344127,22.319259467978934,25.751269576415908,25.555111590358713,16.957773644542023,31.1325973837385,40.691486801612655,36.122222923558816,13.078911410921028,46.61221582483225,18.017210159538745,19.075161350384498,12.362560688621024,28.695236765157286,19.813972257427565,0.0],
        [29.703908777066577,0.0,45.87119939827318,5.166836001181445,50.98792350860329,46.68885293686687,21.458978736303898,25.905558461086542,36.476491369017275,15.560506105326755,24.149215750727826,24.53810271762119,21.659257516457412,42.178185737087766,22.423142453739416,46.00578064208917,21.44198895424942,40.54666177537012,6.8602035398240195,49.43854871460205,29.703908777066577],
        [19.803443824505376,45.87119939827318,0.0,44.66888604632388,15.526115824192328,25.227076309748245,42.121373393973315,45.384689268998144,20.74850103673313,30.50154305597577,36.35222782046599,47.6857103279912,43.553636636321514,18.798979896659677,57.07016219750044,4.738444997981574,27.20510671532247,21.280554968017793,42.53731287637376,17.296932267316684,19.803443824505376],
        [30.25695575466911,5.166836001181445,44.66888604632388,0.0,51.3223027094581,42.973169126595856,25.61899813548564,30.321066232305125,33.186444008270236,14.26915845448441,19.432102530007057,19.401855418576503,16.503558467042172,43.16405043430285,18.43289149685128,45.33108542168446,18.658703991105913,41.84308710007104,2.389389811869288,50.052148120004624,30.25695575466911],
        [21.28566064947184,50.98792350860329,15.526115824192328,51.3223027094581,0.0,40.732861945739,40.26840819112816,41.920596913871954,35.14763388213963,37.427263614638505,48.11853097117509,58.98405219952282,54.532901329835234,10.367024365551359,66.64759223969463,10.92663782103366,37.02550976681409,13.207847891831337,49.60183651747035,3.080134661778005,21.28566064947184],
        [35.47658918344127,46.68885293686687,25.227076309748245,42.973169126595856,40.732861945739,0.0,54.01168613561677,58.65200143938753,10.947371041706287,33.13244482328288,25.463798632037545,35.04873995259439,32.64645898530294,41.77800875274508,46.95400498769405,29.822863459489806,25.797194494844376,43.45569940560706,40.603864949084006,42.27824152692713,35.47658918344127],
        [22.319259467978934,21.458978736303898,42.121373393973315,25.61899813548564,40.26840819112816,54.01168613561677,0.0,5.1160384978793,43.109035468840204,22.682467080559785,39.172678985516534,43.908457583363706,40.03854648197054,29.952778319617398,43.83606550826618,40.02833279323505,29.891549424632796,27.31655237685754,25.879890360898766,37.77414735527433,22.319259467978934],
        [25.751269576415908,25.905558461086542,45.384689268998144,30.321066232305125,41.920596913871954,58.65200143938753,5.1160384978793,0.0,47.799775094324474,27.75470154143672,44.288717054536306,48.88254119302335,45.07164103192267,31.56064431288686,48.3272191000678,42.8928734544601,34.89633627687015,28.731440514451204,30.73516319300558,39.22395259467441,25.751269576415908],
        [25.555111590358713,36.476491369017275,20.74850103673313,33.186444008270236,35.14763388213963,10.947371041706287,43.109035468840204,47.799775094324474,0.0,22.32080667332267,18.099084825116602,29.155685671459683,25.734710455379997,33.84073575025498,40.17013293996898,24.54210906342706,15.169092043501742,35.023850876327344,30.797073651850436,36.01510786884141,25.555111590358713],
        [16.957773644542023,15.560506105326755,30.50154305597577,14.26915845448441,37.427263614638505,33.13244482328288,22.682467080559785,27.75470154143672,22.32080667332267,0.0,17.04253739983215,24.56431569113972,20.07543829788621,30.03224218100178,29.654491506527926,31.062258575546895,7.511496729556348,29.187218934358715,12.303398050424551,36.40180671312839,16.957773644542023],
        [31.1325973837385,24.149215750727826,36.35222782046599,19.432102530007057,48.11853097117509,25.463798632037545,39.172678985516534,44.288717054536306,18.099084825116602,17.04253739983215,0.0,11.367287293152096,7.636196085748876,43.28720390160399,22.08949674394052,38.952125482048125,12.060588407151398,43.27802205272838,17.3279050338332,48.018614653247475,31.1325973837385],
        [40.691486801612655,24.53810271762119,47.6857103279912,19.401855418576503,58.98405219952282,35.04873995259439,43.908457583363706,48.88254119302335,29.155685671459683,24.56431569113972,11.367287293152096,0.0,4.569298074144418,53.393419422308305,12.127558914609644,50.154586918426844,22.07998051430267,53.042823177083726,18.34752713333061,58.67304014326765,40.691486801612655],
        [36.122222923558816,21.659257516457412,43.553636636321514,16.503558467042172,54.532901329835234,32.64645898530294,40.03854648197054,45.07164103192267,25.734710455379997,20.07543829788621,7.636196085748876,4.569298074144418,0.0,48.834112141417855,14.486491454553873,45.86784164437226,17.563744990407198,48.47367300386732,15.053953026810033,54.172536618575045,36.122222923558816],
        [13.078911410921028,42.178185737087766,18.798979896659677,43.16405043430285,10.367024365551359,41.77800875274508,29.952778319617398,31.56064431288686,33.84073575025498,30.03224218100178,43.28720390160399,53.393419422308305,48.834112141417855,0.0,59.68564480477103,14.508105414385604,31.41266416385506,2.9770164169174818,41.695066670380804,7.8414010608806715,13.078911410921028],
        [46.61221582483225,22.423142453739416,57.07016219750044,18.43289149685128,66.64759223969463,46.95400498769405,43.83606550826618,48.3272191000678,40.17013293996898,29.654491506527926,22.08949674394052,12.127558914609644,14.486491454553873,59.68564480477103,0.0,58.901353400517735,30.04000753912942,58.78936174338875,18.909347095765064,65.87128618026426,46.61221582483225],
        [18.017210159538745,46.00578064208917,4.738444997981574,45.33108542168446,10.92663782103366,29.822863459489806,40.02833279323505,42.8928734544601,24.54210906342706,31.062258575546895,38.952125482048125,50.154586918426844,45.86784164437226,14.508105414385604,58.901353400517735,0.0,28.861375505044812,17.172997106009007,43.3264651812561,12.566297026278646,18.017210159538745],
        [19.075161350384498,21.44198895424942,27.20510671532247,18.658703991105913,37.02550976681409,25.797194494844376,29.891549424632796,34.89633627687015,15.169092043501742,7.511496729556348,12.060588407151398,22.07998051430267,17.563744990407198,31.41266416385506,30.04000753912942,28.861375505044812,0.0,31.27187251810463,16.313280060516895,36.61001572159728,19.075161350384498],
        [12.362560688621024,40.54666177537012,21.280554968017793,41.84308710007104,13.207847891831337,43.45569940560706,27.31655237685754,28.731440514451204,35.023850876327344,29.187218934358715,43.27802205272838,53.042823177083726,48.47367300386732,2.9770164169174818,58.78936174338875,17.172997106009007,31.27187251810463,0.0,40.49875251742764,10.507064513008608,12.362560688621024],
        [28.695236765157286,6.8602035398240195,42.53731287637376,2.389389811869288,49.60183651747035,40.603864949084006,25.879890360898766,30.73516319300558,30.797073651850436,12.303398050424551,17.3279050338332,18.34752713333061,15.053953026810033,41.695066670380804,18.909347095765064,43.3264651812561,16.313280060516895,40.49875251742764,0.0,48.42847233455858,28.695236765157286],
        [19.813972257427565,49.43854871460205,17.296932267316684,50.052148120004624,3.080134661778005,42.27824152692713,37.77414735527433,39.22395259467441,36.01510786884141,36.40180671312839,48.018614653247475,58.67304014326765,54.172536618575045,7.8414010608806715,65.87128618026426,12.566297026278646,36.61001572159728,10.507064513008608,48.42847233455858,0.0,19.813972257427565],
        [0.0,29.703908777066577,19.803443824505376,30.25695575466911,21.28566064947184,35.47658918344127,22.319259467978934,25.751269576415908,25.555111590358713,16.957773644542023,31.1325973837385,40.691486801612655,36.122222923558816,13.078911410921028,46.61221582483225,18.017210159538745,19.075161350384498,12.362560688621024,28.695236765157286,19.813972257427565,0.0]
    ],
    "end_depot": 20,
    "start_depot": 0,
    "truck_dist": [
        [0.0,40.615006237953835,24.24141741863761,42.62927115456075,28.975392520279996,48.73657575429374,27.569221188794334,34.2078522963068,33.37743605188706,23.74004922174939,37.37545149780101,53.35886387167882,47.35834896140203,18.389696911032424,65.27265483932327,18.51483900822727,23.060065746083474,16.51033687549111,40.5682415115783,27.736538370439803,0.0],
        [40.615006237953835,0.0,54.640214120764455,7.0238967369926435,69.59039875823385,59.46344209836441,25.245011786384637,28.121863684194807,44.10430239595774,16.874957016204448,33.99815477104538,32.27740792833907,29.87932732245745,59.00470314898626,24.65764860136942,58.12044711687483,24.72532800500731,57.12534311344495,9.701680177989534,68.35154460839364,40.615006237953835],
        [24.24141741863761,54.640214120764455,0.0,56.65447903737136,16.081434154889465,25.938349530894563,51.81063860743194,58.44926971494441,27.88429224627282,37.76525710456001,51.40065938061163,67.38407175448944,61.38355684421264,26.22507437229799,79.29786272213389,5.72657841041034,37.08527362889409,29.992468611026208,54.59344939438891,20.25752077573395,24.24141741863761],
        [42.62927115456075,7.0238967369926435,56.65447903737136,0.0,71.60466367484075,52.43954536137177,27.259276702991546,30.50488268922877,37.08040565896509,18.889221932811356,26.97425803405273,25.25351119134643,22.855430585464806,61.01896806559317,22.64338368476251,60.13471203348173,19.569205408477274,59.13960803005186,2.6777834409968904,70.36580952500054,42.62927115456075],
        [28.975392520279996,69.59039875823385,16.081434154889465,71.60466367484075,0.0,40.88853416836394,44.3453869718492,42.36783556005495,42.8344768837422,52.715441742029384,66.350844018081,82.33425639195883,76.33374148168203,10.585695609247574,94.24804735960326,11.469951641359003,52.03545826636347,13.911034456136743,69.5436340318583,4.1760866208444885,28.975392520279996],
        [48.73657575429374,59.46344209836441,25.938349530894563,52.43954536137177,40.88853416836394,0.0,76.30579694308807,82.94442805060055,15.359139702406678,45.339188977966344,25.46528732731904,41.445722223594885,35.44520731331808,50.720232707954125,53.359513191239316,30.22173674606647,34.738114093357105,54.48762694668233,49.76176192037488,44.75267911139008,48.73657575429374],
        [27.569221188794334,25.245011786384637,51.81063860743194,27.259276702991546,44.3453869718492,76.30579694308807,0.0,6.638631107512467,60.94665724068139,30.96660796512173,50.84050961576904,49.11976277306273,46.72168216718111,33.75969136260162,49.90266038775406,46.0840601970216,41.56768284973097,31.88033132706031,26.544035022713192,43.106532822009,27.569221188794334],
        [34.2078522963068,28.121863684194807,58.44926971494441,30.50488268922877,42.36783556005495,82.94442805060055,6.638631107512467,0.0,67.58528834819387,37.6052390726342,57.4791407232815,55.7583938805752,53.360313274693574,32.22419534264642,52.77951228556423,52.72269130453407,48.20631395724344,29.00347942925014,33.182666130225655,40.22968092419883,34.2078522963068],
        [33.37743605188706,44.10430239595774,27.88429224627282,37.08040565896509,42.8344768837422,15.359139702406678,60.94665724068139,67.58528834819387,0.0,29.98004927555966,23.516367134338807,39.49977950821662,33.49926459793983,35.36109300554744,51.41357047586106,31.364525242383195,19.378974390950425,39.12848724427566,34.4026222179682,41.595622733902005,33.37743605188706],
        [23.74004922174939,16.874957016204448,37.76525710456001,18.889221932811356,52.715441742029384,45.339188977966344,30.96660796512173,37.6052390726342,29.98004927555966,0.0,19.8739016506473,29.618814649929433,23.618299739652635,42.12974613278182,41.532605617573864,41.24549010067038,10.601074884609236,40.2503860972405,16.82819228982891,51.47658759218919,23.74004922174939],
        [37.37545149780101,33.99815477104538,51.40065938061163,26.97425803405273,66.350844018081,25.46528732731904,50.84050961576904,57.4791407232815,23.516367134338807,19.8739016506473,0.0,15.983412373877815,9.982897463601017,55.76514840883343,27.89720334152225,54.880892376722,14.315385751717535,53.885788373292115,24.29647459305584,65.11198986824081,37.37545149780101],
        [53.35886387167882,32.27740792833907,67.38407175448944,25.25351119134643,82.33425639195883,41.445722223594885,49.11976277306273,55.7583938805752,39.49977950821662,29.618814649929433,15.983412373877815,0.0,6.0005149102768,71.74856078271125,12.33762356509265,70.86430475059981,30.29879812559535,69.86920074716994,22.57572775034954,81.09540224211862,53.35886387167882],
        [47.35834896140203,29.87932732245745,61.38355684421264,22.855430585464806,76.33374148168203,35.44520731331808,46.72168216718111,53.360313274693574,33.49926459793983,23.618299739652635,9.982897463601017,6.0005149102768,0.0,65.74804587243445,17.914305877921237,64.86378984032302,24.298283215318552,63.868685836893135,20.177647144467915,75.09488733184183,47.35834896140203],
        [18.389696911032424,59.00470314898626,26.22507437229799,61.01896806559317,10.585695609247574,50.720232707954125,33.75969136260162,32.22419534264642,35.36109300554744,42.12974613278182,55.76514840883343,71.74856078271125,65.74804587243445,0.0,83.66235175035568,20.49849596188765,41.4497626571159,3.767394238728217,58.957938422610724,9.34684145940738,18.389696911032424],
        [65.27265483932327,24.65764860136942,79.29786272213389,22.64338368476251,94.24804735960326,53.359513191239316,49.90266038775406,52.77951228556423,51.41357047586106,41.532605617573864,27.89720334152225,12.33762356509265,17.914305877921237,83.66235175035568,0.0,82.77809571824426,42.212589093239785,81.78299171481437,24.70441332774496,93.00919320976305,65.27265483932327],
        [18.51483900822727,58.12044711687483,5.72657841041034,60.13471203348173,11.469951641359003,30.22173674606647,46.0840601970216,52.72269130453407,31.364525242383195,41.24549010067038,54.880892376722,70.86430475059981,64.86378984032302,20.49849596188765,82.77809571824426,0.0,40.56550662500447,24.265890200615868,58.073682390499286,14.530942365323611,18.51483900822727],
        [23.060065746083474,24.72532800500731,37.08527362889409,19.569205408477274,52.03545826636347,34.738114093357105,41.56768284973097,48.20631395724344,19.378974390950425,10.601074884609236,14.315385751717535,30.29879812559535,24.298283215318552,41.4497626571159,42.212589093239785,40.56550662500447,0.0,39.57040262157459,17.508175765494826,50.79660411652328,23.060065746083474],
        [16.51033687549111,57.12534311344495,29.992468611026208,59.13960803005186,13.911034456136743,54.48762694668233,31.88033132706031,29.00347942925014,39.12848724427566,40.2503860972405,53.885788373292115,69.86920074716994,63.868685836893135,3.767394238728217,81.78299171481437,24.265890200615868,39.57040262157459,0.0,57.07857838706941,11.226201494948691,16.51033687549111],
        [40.5682415115783,9.701680177989534,54.59344939438891,2.6777834409968904,69.5436340318583,49.76176192037488,26.544035022713192,33.182666130225655,34.4026222179682,16.82819228982891,24.29647459305584,22.57572775034954,20.177647144467915,58.957938422610724,24.70441332774496,58.073682390499286,17.508175765494826,57.07857838706941,0.0,68.3047798820181,40.5682415115783],
        [27.736538370439803,68.35154460839364,20.25752077573395,70.36580952500054,4.1760866208444885,44.75267911139008,43.106532822009,40.22968092419883,41.595622733902005,51.47658759218919,65.11198986824081,81.09540224211862,75.09488733184183,9.34684145940738,93.00919320976305,14.530942365323611,50.79660411652328,11.226201494948691,68.3047798820181,0.0,27.736538370439803],
        [0.0,40.615006237953835,24.24141741863761,42.62927115456075,28.975392520279996,48.73657575429374,27.569221188794334,34.2078522963068,33.37743605188706,23.74004922174939,37.37545149780101,53.35886387167882,47.35834896140203,18.389696911032424,65.27265483932327,18.51483900822727,23.060065746083474,16.51033687549111,40.5682415115783,27.736538370439803,0.0]
    ],
    "vertex_count": 21
}