{
    "drone_dist": [
        [0.0,28.257827823525506,40.298525380374315,39.04669984767386,7.898573562475725,30.828142105041234,5.643245006837938,25.30744906747665,36.21470752343765,32.9420336030679,45.751501223306015,22.74822567356225,42.59154238398691,34.0476999049633,31.658330463573986,3.7918737856623896,14.112570122937784,12.316703573589145,19.21584807458633,11.714007336837977,0.0],
        [28.257827823525506,0.0,12.270238187490307,22.91076061892639,30.50723966558164,2.913099583171211,23.526923131122594,7.641366926064055,16.761782943617767,11.762730296652729,20.629888064262975,23.52426478300003,15.419332053141618,27.15365486623457,20.367442039031594,25.112985319287958,26.624874391097684,32.414570576092295,9.828430881490918,18.115699600578306,28.257827823525506],
        [40.298525380374315,12.270238187490307,0.0,21.51285981462849,41.7332815261556,9.506726317161885,35.30141360592683,18.376574680291196,20.61762622994483,12.711802006198397,11.459605325642125,30.875776108794106,9.941346687906812,29.976632307571908,23.274507622721323,36.98469970691081,38.55493470197314,43.01070733091929,22.073460491284752,30.383080125036546,40.298525380374315],
        [39.04669984767386,22.91076061892639,21.51285981462849,0.0,36.22841099133806,21.225462448990463,33.43550826593644,30.164192375803523,38.88733305129597,11.205309682053967,14.782351588743017,18.826951991937975,31.29573197699575,10.869876789973588,7.748671122660376,35.263433620054904,44.6552621033708,35.18290406392997,28.82823442467103,34.47321297042504,39.04669984767386],
        [7.898573562475725,30.50723966558164,41.7332815261556,36.22841099133806,0.0,32.65717093890662,7.912736071824993,29.43413563760548,41.32066726019856,32.32553672752441,45.26375917270761,18.09550929556245,45.70254100800547,29.398197542737115,28.50982608342463,7.320710119068922,21.895873906346793,4.419748217804121,22.97497880599847,17.284872749301787,7.898573562475725],
        [30.828142105041234,2.913099583171211,9.506726317161885,21.225462448990463,32.65717093890662,0.0,25.932750024149414,10.258708581787637,17.752201120832677,10.03503398140251,17.795350912711175,24.17345008948404,14.011490970879477,26.537668471490317,19.61997485827775,27.576392740331915,29.537961802064174,34.30307582267538,12.702807216920494,20.94815705786631,30.828142105041234],
        [5.643245006837938,23.526923131122594,35.30141360592683,33.43550826593644,7.912736071824993,25.932750024149414,0.0,21.680725227539632,33.427076125123484,27.390127326235135,40.255276610035295,17.73406218556837,38.3822687153412,28.844595401265263,26.108278404574126,1.8582781394382375,15.958573981445479,11.518017008938724,15.26949507493818,9.47780097611733,5.643245006837938],
        [25.30744906747665,7.641366926064055,18.376574680291196,30.164192375803523,29.43413563760548,10.258708581787637,21.680725227539632,0.0,12.484913674489508,19.196169916052014,27.993383484354542,27.21957114173384,17.595027251742447,33.05758837509975,26.63471474371073,22.884731223478447,20.39626237691014,32.25257766482766,6.469554584896466,13.817853616353414,25.30744906747665],
        [36.21470752343765,16.761782943617767,20.61762622994483,38.88733305129597,41.32066726019856,17.752201120832677,33.427076125123484,12.484913674489508,0.0,27.75697366151077,32.05041517860337,39.38067658094074,13.404564648482559,43.91543673830118,37.11095455694712,34.380920837268825,27.42911301499722,44.434599613071285,18.736646701620142,24.528637328159917,36.21470752343765],
        [32.9420336030679,11.762730296652729,12.711802006198397,11.205309682053967,32.32553672752441,10.03503398140251,27.390127326235135,19.196169916052014,27.75697366151077,0.0,12.956979736655203,18.688350978981546,21.525791003830847,17.521212549953074,10.660289823663977,29.234361665580074,35.642886007848304,32.668278223247476,18.878481697110917,25.790436050699373,32.9420336030679],
        [45.751501223306015,20.629888064262975,11.459605325642125,14.782351588743017,45.26375917270761,17.795350912711175,40.255276610035295,27.993383484354542,32.05041517860337,12.956979736655203,0.0,30.485734090203852,20.76856322342851,25.37463796352034,20.115408653529293,42.086880206806825,46.99175515855035,45.44107680202112,29.92383752219713,37.685946294602275,45.751501223306015],
        [22.74822567356225,23.52426478300003,30.875776108794106,18.826951991937975,18.09550929556245,24.17345008948404,17.73406218556837,27.21957114173384,39.38067658094074,18.688350978981546,30.485734090203852,0.0,38.108232555968016,11.391896026239307,11.160728505561062,19.2808500896325,32.56672400470919,16.45479311639941,22.163022513143627,23.13088917233159,22.74822567356225],
        [42.59154238398691,15.419332053141618,9.941346687906812,31.29573197699575,45.70254100800547,14.011490970879477,38.3822687153412,17.595027251742447,13.404564648482559,21.525791003830847,20.76856322342851,38.108232555968016,0.0,39.04593846449025,32.15368328301464,39.81464473462067,37.42744795538905,47.79842973090646,23.375733883933634,31.354503232349426,42.59154238398691],
        [34.0476999049633,27.15365486623457,29.976632307571908,10.869876789973588,29.398197542737115,26.537668471490317,28.844595401265263,33.05758837509975,43.91543673830118,17.521212549953074,25.37463796352034,11.391896026239307,39.04593846449025,0.0,6.948512033160271,30.484567596616568,42.78189712224895,27.31494464283672,29.607361629535323,32.82030886016469,34.0476999049633],
        [31.658330463573986,20.367442039031594,23.274507622721323,7.748671122660376,28.50982608342463,19.61997485827775,26.108278404574126,26.63471474371073,37.11095455694712,10.660289823663977,20.115408653529293,11.160728505561062,32.15368328301464,6.948512033160271,0.0,27.90304804258901,38.43930358078097,27.443071305070067,23.847450388513384,28.259021029499163,31.658330463573986],
        [3.7918737856623896,25.112985319287958,36.98469970691081,35.263433620054904,7.320710119068922,27.576392740331915,1.8582781394382375,22.884731223478447,34.380920837268825,29.234361665580074,42.086880206806825,19.2808500896325,39.81464473462067,30.484567596616568,27.90304804258901,0.0,15.26750276349355,11.35353953373424,16.55423080886136,10.042299016304757,3.7918737856623896],
        [14.112570122937784,26.624874391097684,38.55493470197314,44.6552621033708,21.895873906346793,29.537961802064174,15.958573981445479,20.39626237691014,27.42911301499722,35.642886007848304,46.99175515855035,32.56672400470919,37.42744795538905,42.78189712224895,38.43930358078097,15.26750276349355,0.0,26.262070918911274,17.071100732591535,10.202314816228046,14.112570122937784],
        [12.316703573589145,32.414570576092295,43.01070733091929,35.18290406392997,4.419748217804121,34.30307582267538,11.518017008938724,32.25257766482766,44.434599613071285,32.668278223247476,45.44107680202112,16.45479311639941,47.79842973090646,27.31494464283672,27.443071305070067,11.35353953373424,26.262070918911274,0.0,25.79780694436972,20.99004633288126,12.316703573589145],
        [19.21584807458633,9.828430881490918,22.073460491284752,28.82823442467103,22.97497880599847,12.702807216920494,15.26949507493818,6.469554584896466,18.736646701620142,18.878481697110917,29.92383752219713,22.163022513143627,23.375733883933634,29.607361629535323,23.847450388513384,16.55423080886136,17.071100732591535,25.79780694436972,0.0,8.337029546230028,19.21584807458633],
        [11.714007336837977,18.115699600578306,30.383080125036546,34.47321297042504,17.284872749301787,20.94815705786631,9.47780097611733,13.817853616353414,24.528637328159917,25.790436050699373,37.685946294602275,23.13088917233159,31.354503232349426,32.82030886016469,28.259021029499163,10.042299016304757,10.202314816228046,20.99004633288126,8.337029546230028,0.0,11.714007336837977],
        [0.0,28.257827823525506,40.298525380374315,39.04669984767386,7.898573562475725,30.828142105041234,5.643245006837938,25.30744906747665,36.21470752343765,32.9420336030679,45.751501223306015,22.74822567356225,42.59154238398691,34.0476999049633,31.658330463573986,3.7918737856623896,14.112570122937784,12.316703573589145,19.21584807458633,11.714007336837977,0.0]
    ],
    "end_depot": 20,
    "start_depot": 0,
    "truck_dist": [
        [0.0,29.112502013826365,44.14700841109998,54.70740874725699,9.233901398964289,33.113248197486264,7.761297078881741,30.478897783796167,48.09690993147493,42.92475527939056,58.27841213234487,31.644548073767105,47.87376066245089,47.75007582850179,44.66207380461479,5.2551471411277095,18.503349303741217,14.279059810771415,21.62377605764915,15.208983829157436,0.0],
        [29.112502013826365,0.0,15.034506397273617,25.594906733430626,36.61038570763658,4.000746183659899,25.517803037516753,10.351618599371843,20.720425622802637,13.812253265564195,29.165910118518504,33.17183760227536,20.497276353778595,33.575032203881705,24.246158614298878,26.308756750779132,36.59283191921234,41.65554411944371,12.65315988056339,22.545710814205695,29.112502013826365],
        [44.14700841109998,15.034506397273617,0.0,28.532161144010978,45.275321238027416,11.033760213613718,36.385711332218236,25.38612499664546,26.54878869830371,17.935604750651862,14.131403721244887,41.836773132666195,11.83234082338776,42.23996773427254,32.91109414468971,38.891861269972274,51.627338316485954,50.32047964983455,27.687666277837007,37.58021721147931,44.14700841109998],
        [54.70740874725699,25.594906733430626,28.532161144010978,0.0,48.42171120459028,21.594160549770727,46.946111668375245,35.946525332802466,40.58765123642278,11.78265346786643,20.598149718120737,23.062860673489887,40.36450196739874,13.707806590261562,10.045334942642198,49.452261606129284,62.18773865264296,44.73189749420636,38.24806661399401,48.140617547636325,54.70740874725699],
        [9.233901398964289,36.61038570763658,45.275321238027416,48.42171120459028,0.0,37.593405716016534,11.092582670119832,39.712799182760456,57.33081133043922,36.639057736723856,51.99271458967816,25.358850531100394,57.10766206141518,41.46437828583508,38.37637626194808,10.301628956857456,27.73725070270551,5.045158411807126,30.857677456613438,24.442885228121725,9.233901398964289],
        [33.113248197486264,4.000746183659899,11.033760213613718,21.594160549770727,37.593405716016534,0.0,26.500823045896706,14.352364783031742,19.737405614422684,10.25368922864098,25.165163934858604,34.15485761065531,19.514256345398643,34.55805221226166,25.22917862267883,27.858101056358556,40.593578102872236,42.63856412782367,16.65390606422329,26.546456997865594,33.113248197486264],
        [7.761297078881741,25.517803037516753,36.385711332218236,46.946111668375245,11.092582670119832,26.500823045896706,0.0,28.620216512640628,46.23822866031939,35.16345820050881,50.51711505346313,23.883250994885362,46.015079391295345,39.98877874962005,36.90077672573305,2.5061499377540315,16.644668032585678,16.137741081926958,19.765094786493606,13.350302558001895,7.761297078881741],
        [30.478897783796167,10.351618599371843,25.38612499664546,35.946525332802466,39.712799182760456,14.352364783031742,28.620216512640628,0.0,17.618012147678765,24.163871864936038,39.51752871789034,36.27425107739923,17.792939987869307,36.67744567900557,27.34857208942275,29.411170225903,26.24121331984049,44.757957594567586,8.855121726147019,15.269913954638731,30.478897783796167],
        [48.09690993147493,20.720425622802637,26.54878869830371,40.58765123642278,57.33081133043922,19.737405614422684,46.23822866031939,17.618012147678765,0.0,29.991094843063664,40.6801924195486,53.892263225078,18.955603689527557,54.29545782668434,44.966584237101515,47.02918237358177,29.593560627733716,62.375969742246355,26.473133873825784,32.88792610231749,48.09690993147493],
        [42.92475527939056,13.812253265564195,17.935604750651862,11.78265346786643,36.639057736723856,10.25368922864098,35.16345820050881,24.163871864936038,29.991094843063664,0.0,15.353656852954309,23.901168382014333,29.767945574039622,24.304362983620678,14.97548939403785,37.66960813826285,50.40508518477653,32.949244026339926,26.465413146127585,36.357964079769886,42.92475527939056],
        [58.27841213234487,29.165910118518504,14.131403721244887,20.598149718120737,51.99271458967816,25.165163934858604,50.51711505346313,39.51752871789034,40.6801924195486,15.353656852954309,0.0,33.902761706775955,21.72458873002104,34.3059563083823,24.977082718799473,53.02326499121716,65.75874203773084,48.30290087929424,41.81906999908189,51.7116209327242,58.27841213234487],
        [31.644548073767105,33.17183760227536,41.836773132666195,23.062860673489887,25.358850531100394,34.15485761065531,23.883250994885362,36.27425107739923,53.892263225078,23.901168382014333,33.902761706775955,0.0,53.669113956053955,16.105527754734688,13.017525730847689,26.389400932639397,39.12487797915308,21.66903682071647,27.419129351252213,25.077756874146434,31.644548073767105],
        [47.87376066245089,20.497276353778595,11.83234082338776,40.36450196739874,57.10766206141518,19.514256345398643,46.015079391295345,17.792939987869307,18.955603689527557,29.767945574039622,21.72458873002104,53.669113956053955,0.0,54.07230855766029,44.74343496807747,46.80603310455773,44.0341533077098,62.152820473222306,26.249984604801742,32.66477683329346,47.87376066245089],
        [47.75007582850179,33.575032203881705,42.23996773427254,13.707806590261562,41.46437828583508,34.55805221226166,39.98877874962005,36.67744567900557,54.29545782668434,24.304362983620678,34.3059563083823,16.105527754734688,54.07230855766029,0.0,9.328873589582827,42.494928687374085,55.23040573388776,37.77456457545116,31.290733695238817,41.183284628881125,47.75007582850179],
        [44.66207380461479,24.246158614298878,32.91109414468971,10.045334942642198,38.37637626194808,25.22917862267883,36.90077672573305,27.34857208942275,44.966584237101515,14.97548939403785,24.977082718799473,13.017525730847689,44.74343496807747,9.328873589582827,0.0,39.406926663487084,52.142403710000764,34.68656255156416,28.202731671351817,38.095282604994125,44.66207380461479],
        [5.2551471411277095,26.308756750779132,38.891861269972274,49.452261606129284,10.301628956857456,27.858101056358556,2.5061499377540315,29.411170225903,47.02918237358177,37.66960813826285,53.02326499121716,26.389400932639397,46.80603310455773,42.494928687374085,39.406926663487084,0.0,17.435621745848053,15.346787368664582,20.55604849975598,14.14125627126427,5.2551471411277095],
        [18.503349303741217,36.59283191921234,51.627338316485954,62.18773865264296,27.73725070270551,40.593578102872236,16.644668032585678,26.24121331984049,29.593560627733716,50.40508518477653,65.75874203773084,39.12487797915308,44.0341533077098,55.23040573388776,52.142403710000764,17.435621745848053,0.0,32.78240911451263,23.939672038648943,14.04712110500664,18.503349303741217],
        [14.279059810771415,41.65554411944371,50.32047964983455,44.73189749420636,5.045158411807126,42.63856412782367,16.137741081926958,44.757957594567586,62.375969742246355,32.949244026339926,48.30290087929424,21.66903682071647,62.152820473222306,37.77456457545116,34.68656255156416,15.346787368664582,32.78240911451263,0.0,35.90283586842057,29.48804363992885,14.279059810771415],
        [21.62377605764915,12.65315988056339,27.687666277837007,38.24806661399401,30.857677456613438,16.65390606422329,19.765094786493606,8.855121726147019,26.473133873825784,26.465413146127585,41.81906999908189,27.419129351252213,26.249984604801742,31.290733695238817,28.202731671351817,20.55604849975598,23.939672038648943,35.90283586842057,0.0,9.892550933642305,21.62377605764915],
        [15.208983829157436,22.545710814205695,37.58021721147931,48.140617547636325,24.442885228121725,26.546456997865594,13.350302558001895,15.269913954638731,32.88792610231749,36.357964079769886,51.7116209327242,25.077756874146434,32.66477683329346,41.183284628881125,38.095282604994125,14.14125627126427,14.04712110500664,29.48804363992885,9.892550933642305,0.0,15.208983829157436],
        [0.0,29.112502013826365,44.14700841109998,54.70740874725699,9.233901398964289,33.113248197486264,7.761297078881741,30.478897783796167,48.09690993147493,42.92475527939056,58.27841213234487,31.644548073767105,47.87376066245089,47.75007582850179,44.66207380461479,5.2551471411277095,18.503349303741217,14.279059810771415,21.62377605764915,15.208983829157436,0.0]
    ],
    "vertex_count": 21
}