{
    "drone_dist": [
        [0.0,10.717062983530226,34.004177532589075,39.83123452424956,23.93058882771721,8.874041482213844,40.3364834555016,19.31817272221534,16.946646162053653,6.7088141226519635,33.265942128648184,14.716916665775933,19.340371721881922,14.752273901199773,46.12550508892642,46.13341662879706,36.47724104764474,25.983855247464785,14.041897814797704,20.500144741823906,0.0],
        [10.717062983530226,0.0,29.845245766145336,38.9687208002468,30.574058567854763,4.487742063171408,46.61693061578152,29.277034164116632,12.488809641981362,7.617567576510048,37.74462370664915,4.067901521905925,15.262671327712964,24.058050201302525,47.59737280165169,45.58606501930573,41.598730715505226,17.63377939289263,24.744167463468745,31.164511531012252,10.717062983530226],
        [34.004177532589075,29.845245766145336,0.0,13.528429946389336,30.365805810491267,34.04360850165417,38.33263661084507,40.40769606493201,17.68740325145041,36.15830248699099,27.378680125589394,28.302980400466712,14.96413792619222,35.28649220733136,25.43699463640988,19.301618188803946,31.438490497397023,16.41232481911126,42.35412753805143,46.406365035564605,34.004177532589075],
        [39.83123452424956,38.9687208002468,13.528429946389336,0.0,26.915414070659388,42.550057183312546,28.91988640804961,39.65050454011464,26.605976888891387,43.80706845745595,19.328700366857515,38.53521310540427,23.93821485184866,35.78160227279579,12.008844813753635,6.630885852167667,22.378515681768913,29.141498819726895,44.11895744474526,46.46627217292249,39.83123452424956],
        [23.93058882771721,30.574058567854763,30.365805810491267,26.915414070659388,0.0,31.47680138242532,16.416793710267637,13.469872538750948,24.535529044851717,30.428823956051744,11.111650593613607,33.04236027931684,24.171359870979476,11.716080295444975,27.23383555449237,31.164179150180157,13.119175512172134,34.752916771717494,20.140404494814764,20.458941590020917,23.93058882771721],
        [8.874041482213844,4.487742063171408,34.04360850165417,42.550057183312546,31.47680138242532,0.0,47.81198068901013,28.185307982701705,16.45840229459009,3.5169110512951978,39.63547307405804,7.991555780676377,19.242821018455516,23.446333196264582,50.591515070331816,49.12827673078603,43.26522646055311,22.105077523108964,22.578256253239978,29.095658141262213,8.874041482213844],
        [40.3364834555016,46.61693061578152,38.33263661084507,28.91988640804961,16.416793710267637,47.81198068901013,0.0,26.36468333212299,38.789149642073504,46.844497552587654,11.075631310855208,48.72482933773431,37.65459876845804,27.11866891881315,22.06798389632405,29.745186080046317,6.8946974484222405,47.696943001518115,34.52668221528935,32.458211882223296,40.3364834555016],
        [19.31817272221534,29.277034164116632,40.40769606493201,39.65050454011464,13.469872538750948,28.185307982701705,26.36468333212299,0.0,28.939335053263875,25.783180582511406,24.392086115994104,32.871760839659416,29.868112258118284,5.750222746177463,40.695915331291765,44.38672465505902,25.51512135003549,39.82532767165788,8.414002290651174,6.9908710222117065,19.31817272221534],
        [16.946646162053653,12.488809641981362,17.68740325145041,26.605976888891387,24.535529044851717,16.45840229459009,38.789149642073504,28.939335053263875,0.0,18.4714172739708,28.574396889307348,12.03382485650473,2.786429048337216,23.19552685615524,35.9144970395709,33.23633024573185,32.80630710429806,10.898553193135179,27.956902144980162,33.35005535761462,16.946646162053653],
        [6.7088141226519635,7.617567576510048,36.15830248699099,43.80706845745595,30.428823956051744,3.5169110512951978,46.844497552587654,25.783180582511406,18.4714172739708,0.0,39.290864622241244,11.411262035610871,21.20626361739604,21.435163592116456,51.18242491512336,50.309259550899526,42.70509492281031,25.165919167565097,19.610248527775955,26.121155821250305,6.7088141226519635],
        [33.265942128648184,37.74462370664915,27.378680125589394,19.328700366857515,11.111650593613607,39.63547307405804,11.075631310855208,24.392086115994104,28.574396889307348,39.290864622241244,0.0,39.32410864947767,27.14492905994455,22.72504799137757,16.521910061524245,21.911009807893347,4.347906494814934,36.883597297323725,31.237839971965077,31.32917416082942,33.265942128648184],
        [14.716916665775933,4.067901521905925,28.302980400466712,38.53521310540427,33.04236027931684,7.991555780676377,48.72482933773431,32.871760839659416,12.03382485650473,11.411262035610871,39.32410864947767,0.0,14.606746120288104,27.491857043377646,47.91412644001402,45.162577937070914,43.34648564640718,14.561134672804364,28.699250408439646,35.07620928968508,14.716916665775933],
        [19.340371721881922,15.262671327712964,14.96413792619222,23.93821485184866,24.171359870979476,19.242821018455516,37.65459876845804,29.868112258118284,2.786429048337216,21.20626361739604,27.14492905994455,14.606746120288104,0.0,24.17945560904615,33.530095275799034,30.56828596217359,31.443451739572183,10.592320024298031,29.59706022812628,34.700048851636986,19.340371721881922],
        [14.752273901199773,24.058050201302525,35.28649220733136,35.78160227279579,11.716080295444975,23.446333196264582,27.11866891881315,5.750222746177463,23.19552685615524,21.435163592116456,22.72504799137757,27.491857043377646,24.17945560904615,0.0,38.30470714173478,41.003888802800816,24.78219768297152,34.077532512726734,8.646355647112628,11.133605223952655,14.752273901199773],
        [46.12550508892642,47.59737280165169,25.43699463640988,12.008844813753635,27.23383555449237,50.591515070331816,22.06798389632405,40.695915331291765,35.9144970395709,51.18242491512336,16.521910061524245,47.91412644001402,33.530095275799034,38.30470714173478,0.0,8.800427491472236,17.228919614626502,40.3574359634803,46.94965412934609,47.67749680002916,46.12550508892642],
        [46.13341662879706,45.58606501930573,19.301618188803946,6.630885852167667,31.164179150180157,49.12827673078603,29.745186080046317,44.38672465505902,33.23633024573185,50.309259550899526,21.911009807893347,45.162577937070914,30.56828596217359,41.003888802800816,8.800427491472236,0.0,23.94971162435592,35.40724279827573,49.5191787052821,51.32467598006357,46.13341662879706],
        [36.47724104764474,41.598730715505226,31.438490497397023,22.378515681768913,13.119175512172134,43.26522646055311,6.8946974484222405,25.51512135003549,32.80630710429806,42.70509492281031,4.347906494814934,43.34648564640718,31.443451739572183,24.78219768297152,17.228919614626502,23.94971162435592,0.0,41.22967109946014,32.996022422789785,32.24450506414387,36.47724104764474],
        [25.983855247464785,17.63377939289263,16.41232481911126,29.141498819726895,34.752916771717494,22.105077523108964,47.696943001518115,39.82532767165788,10.898553193135179,25.165919167565097,36.883597297323725,14.561134672804364,10.592320024298031,34.077532512726734,40.3574359634803,35.40724279827573,41.22967109946014,0.0,38.37385708767982,44.0296116417154,25.983855247464785],
        [14.041897814797704,24.744167463468745,42.35412753805143,44.11895744474526,20.140404494814764,22.578256253239978,34.52668221528935,8.414002290651174,27.956902144980162,19.610248527775955,31.237839971965077,28.699250408439646,29.59706022812628,8.646355647112628,46.94965412934609,49.5191787052821,32.996022422789785,38.37385708767982,0.0,6.519659625910691,14.041897814797704],
        [20.500144741823906,31.164511531012252,46.406365035564605,46.46627217292249,20.458941590020917,29.095658141262213,32.458211882223296,6.9908710222117065,33.35005535761462,26.121155821250305,31.32917416082942,35.07620928968508,34.700048851636986,11.133605223952655,47.67749680002916,51.32467598006357,32.24450506414387,44.0296116417154,6.519659625910691,0.0,20.500144741823906],
        [0.0,10.717062983530226,34.004177532589075,39.83123452424956,23.93058882771721,8.874041482213844,40.3364834555016,19.31817272221534,16.946646162053653,6.7088141226519635,33.265942128648184,14.716916665775933,19.340371721881922,14.752273901199773,46.12550508892642,46.13341662879706,36.47724104764474,25.983855247464785,14.041897814797704,20.500144741823906,0.0]
    ],
    "end_depot": 20,
    "start_depot": 0,
    "truck_dist": [
        [0.0,12.517516049925472,43.85664859291295,40.98539833690065,33.687010963423305,10.705089839349046,56.87631212424078,23.957087641953958,23.34860101694366,9.320639475814676,44.80204498548596,17.851443196221194,26.078271075075513,19.967779557059924,54.71887391828432,46.98755260357939,50.27625492214537,36.67192735291701,15.580440942436008,21.769297907624242,0.0],
        [12.517516049925472,0.0,31.33913254298747,47.18794422000285,42.23234126281875,5.967838501559449,65.42164242363623,32.5024179413494,13.950925811017914,10.744932165740018,53.34737528488141,5.333927146295721,16.792980535433568,28.513109856455365,63.264204217679755,55.532882902974826,58.821585221540815,24.154411302991534,28.097956992361482,34.28681395754971,12.517516049925472],
        [43.85664859291295,31.33913254298747,0.0,18.91541053205235,40.61142816392427,37.30697104454692,39.480701351703445,56.98834864912907,20.508047575969282,42.08406470872749,29.503162029306466,30.42772898811674,17.77837751783743,49.90205594665675,34.99167052972926,27.260349215024327,32.30344904043358,22.07053675467776,59.43708953534895,65.62594650053718,43.85664859291295],
        [40.98539833690065,47.18794422000285,18.91541053205235,0.0,37.74017790791197,49.347703759956445,36.60945109569115,54.11709839311678,33.23701840898494,47.963253396422076,26.63191177329417,49.34313952016909,30.39496368456928,47.030805690644456,16.07625999767691,8.344938682971982,29.432198784421274,40.98594728673011,56.56583927933665,62.754696244524894,40.98539833690065],
        [33.687010963423305,42.23234126281875,40.61142816392427,37.74017790791197,0.0,44.39210080277235,23.189301160817482,16.376920485204803,28.281415451800832,43.00765043923798,11.115034022062662,44.38753656298499,25.43936072738518,13.719231406363381,32.26490878130931,42.01794516974291,16.589243958722072,36.030344329546004,21.3744300592544,25.014518336612916,33.687010963423305],
        [10.705089839349046,5.967838501559449,37.30697104454692,49.347703759956445,44.39210080277235,0.0,67.58140196358983,34.662177481303004,16.798923468577637,4.777093664180569,55.50713482483501,11.30176564785517,19.52859352670949,30.67286939640897,65.42396375763337,57.69264244292843,60.98134476149442,30.122249804550982,23.017670743517954,29.852140199145136,10.705089839349046],
        [56.87631212424078,65.42164242363623,39.480701351703445,36.60945109569115,23.189301160817482,67.58140196358983,0.0,32.91922448228683,51.47071661261831,66.19695160005546,12.07426713875482,67.57683772380247,48.62866188820266,36.90853256718086,31.134181969088488,40.88721835752209,7.177252311269877,59.21964549036349,44.56373122007189,37.7292617644447,56.87631212424078],
        [23.957087641953958,32.5024179413494,56.98834864912907,54.11709839311678,16.376920485204803,34.662177481303004,32.91922448228683,0.0,36.480301073159794,33.277727117768634,27.485186619822606,34.65761324151564,39.20997113129164,7.086292702472321,48.641829266514115,58.39486565494771,26.319167280191415,49.803627409133135,11.644506737785052,8.637597851408113,23.957087641953958],
        [23.34860101694366,13.950925811017914,20.508047575969282,33.23701840898494,28.281415451800832,16.798923468577637,51.47071661261831,36.480301073159794,0.0,21.576017132758206,39.3964494738635,16.106121111184155,2.8420547244156538,29.39400837068747,49.313278406661844,41.581957091956916,44.870659410522904,13.323326335973345,38.929041959379674,45.1178989245679,23.34860101694366],
        [9.320639475814676,10.744932165740018,42.08406470872749,47.963253396422076,43.00765043923798,4.777093664180569,66.19695160005546,33.277727117768634,21.576017132758206,0.0,54.12268446130064,16.07885931203574,24.30568719089006,29.2884190328746,64.039513394099,56.30819207939406,59.59689439796005,34.89934346873155,21.633220379983584,28.467689835610766,9.320639475814676],
        [44.80204498548596,53.34737528488141,29.503162029306466,26.63191177329417,11.115034022062662,55.50713482483501,12.07426713875482,27.485186619822606,39.3964494738635,54.12268446130064,0.0,55.50257058504765,36.55439474944784,24.834265428426043,21.156642646691505,30.909679035125105,5.474209936659408,47.14537835160867,32.48946408131706,36.122784471230716,44.80204498548596],
        [17.851443196221194,5.333927146295721,30.42772898811674,49.34313952016909,44.38753656298499,11.30176564785517,67.57683772380247,34.65761324151564,16.106121111184155,16.07885931203574,55.50257058504765,0.0,18.94817583559981,30.668305156621606,65.419399517846,57.68807820314107,60.976780521707056,18.820484156695812,33.4318841386572,39.62074110384544,17.851443196221194],
        [26.078271075075513,16.792980535433568,17.77837751783743,30.39496368456928,25.43936072738518,19.52859352670949,48.62866188820266,39.20997113129164,2.8420547244156538,24.30568719089006,36.55439474944784,18.94817583559981,0.0,32.12367842881932,46.47122368224619,38.73990236754126,42.02860468610725,10.593656277841493,41.65871201751152,47.847568982699755,26.078271075075513],
        [19.967779557059924,28.513109856455365,49.90205594665675,47.030805690644456,13.719231406363381,30.67286939640897,36.90853256718086,7.086292702472321,29.39400837068747,29.2884190328746,24.834265428426043,30.668305156621606,32.12367842881932,0.0,41.55553656404179,51.30857295247539,30.30847536508545,42.717334706660814,9.5350335886922,15.723890553880434,19.967779557059924],
        [54.71887391828432,63.264204217679755,34.99167052972926,16.07625999767691,32.26490878130931,65.42396375763337,31.134181969088488,48.641829266514115,49.313278406661844,64.039513394099,21.156642646691505,65.419399517846,46.47122368224619,41.55553656404179,0.0,9.753036388433598,23.956929657818613,57.06220728440702,51.090570152733996,57.279427117922225,54.71887391828432],
        [46.98755260357939,55.532882902974826,27.260349215024327,8.344938682971982,42.01794516974291,57.69264244292843,40.88721835752209,58.39486565494771,41.581957091956916,56.30819207939406,30.909679035125105,57.68807820314107,38.73990236754126,51.30857295247539,9.753036388433598,0.0,33.70996604625221,49.330885969702095,60.84360654116759,67.03246350635582,46.98755260357939],
        [50.27625492214537,58.821585221540815,32.30344904043358,29.432198784421274,16.589243958722072,60.98134476149442,7.177252311269877,26.319167280191415,44.870659410522904,59.59689439796005,5.474209936659408,60.976780521707056,42.02860468610725,30.30847536508545,23.956929657818613,33.70996604625221,0.0,52.619588288268076,37.963674017976466,33.32249746010362,50.27625492214537],
        [36.67192735291701,24.154411302991534,22.07053675467776,40.98594728673011,36.030344329546004,30.122249804550982,59.21964549036349,49.803627409133135,13.323326335973345,34.89934346873155,47.14537835160867,18.820484156695812,10.593656277841493,42.717334706660814,57.06220728440702,49.330885969702095,52.619588288268076,0.0,52.252368295353016,58.44122526054125,36.67192735291701],
        [15.580440942436008,28.097956992361482,59.43708953534895,56.56583927933665,21.3744300592544,23.017670743517954,44.56373122007189,11.644506737785052,38.929041959379674,21.633220379983584,32.48946408131706,33.4318841386572,41.65871201751152,9.5350335886922,51.090570152733996,60.84360654116759,37.963674017976466,52.252368295353016,0.0,6.834469455627184,15.580440942436008],
        [21.769297907624242,34.28681395754971,65.62594650053718,62.754696244524894,25.014518336612916,29.852140199145136,37.7292617644447,8.637597851408113,45.1178989245679,28.467689835610766,36.122784471230716,39.62074110384544,47.847568982699755,15.723890553880434,57.279427117922225,67.03246350635582,33.32249746010362,58.44122526054125,6.834469455627184,0.0,21.769297907624242],
        [0.0,12.517516049925472,43.85664859291295,40.98539833690065,33.687010963423305,10.705089839349046,56.87631212424078,23.957087641953958,23.34860101694366,9.320639475814676,44.80204498548596,17.851443196221194,26.078271075075513,19.967779557059924,54.71887391828432,46.98755260357939,50.27625492214537,36.67192735291701,15.580440942436008,21.769297907624242,0.0]
    ],
    "vertex_count": 21
}