{
    "drone_dist": [
        [0.0,27.660785345777523,32.61932615198423,27.340357485143574,39.213050195050826,27.47202699065264,28.564364563159867,22.773322316235177,31.5968261508432,20.74263658283697,19.441891580789445,27.002519940966316,21.472668177735308,5.257592721445421,13.70889586929175,34.1237906212697,34.77092711047596,32.59712230108401,13.57690498822169,25.860726280155614,27.108252349642658,26.461315999632532,29.37049432817092,43.23103318176498,24.392664791257438,37.21494532164425,46.62811021488222,35.36602372690785,5.987289945224658,21.18842665247813,0.0],
        [27.660785345777523,0.0,12.023251221403276,5.788584040429915,18.959239606596388,33.462397130576505,29.4505807434727,14.481466575158915,30.46551686710819,22.362064733504166,39.28101835787803,14.491731421486959,23.12616695108408,24.803616714037158,17.600380845859952,7.05073118997804,21.819880315649925,14.124516716192305,33.61397041961923,29.525434726949968,38.561932575095966,3.395173628988961,7.929948432090545,21.605982942108078,3.406568302299892,27.95263261607395,26.81327929157311,7.816583811327886,23.240943903378955,33.58761165434244,27.660785345777523],
        [32.61932615198423,12.023251221403276,0.0,7.040217231545127,7.397918152622484,44.7010861971789,41.11388026764343,11.038371816895916,42.33201665531831,18.516703718558382,48.00398888069485,7.534404121113505,18.856538452795846,31.521759614783694,19.337901720243735,9.266670122343466,33.67644870328731,2.532246778236242,41.895892983851304,40.86794215762948,49.17987629812238,9.552875831980089,19.719400143161685,31.22106170255992,12.384700062967449,39.90538254114453,36.72961173085228,11.317057004901914,26.952109145389503,43.73360009916817,32.61932615198423],
        [27.340357485143574,5.788584040429915,7.040217231545127,0.0,14.408273814515177,37.661251300939284,34.12945602890963,9.587942922322666,35.43504330262776,17.806903937131615,41.45212035500275,8.812876588356783,18.45915821426426,25.517096352036972,15.187489528883619,7.6919381089309296,27.528555942891312,8.725363333448055,35.452315456411604,33.833302149220394,42.18566638337879,2.6528290029485433,13.70746170844042,27.028723990920565,5.359587500366773,33.57340674891017,32.3539021936943,9.581607084485848,22.114620511801153,36.80867494286791,27.340357485143574],
        [39.213050195050826,18.959239606596388,7.397918152622484,14.408273814515177,0.0,52.0383984825184,48.32661797018166,16.655825831913784,49.422378875380964,22.578278007553784,55.24979309771134,12.45566301079275,22.630523287492988,38.535479936085885,25.60443535663099,14.345931534778428,40.0560577780247,6.641083020320861,49.096861568001756,48.18080221421289,56.57612457402646,16.838243176250568,26.23959480045353,35.93773043289939,19.714353265901714,46.40396861585989,41.465070280467046,15.94201300121296,33.37140670162507,51.12709344298498,39.213050195050826],
        [27.47202699065264,33.462397130576505,44.7010861971789,37.661251300939284,52.0383984825184,0.0,5.759452765941818,40.29278102977618,7.966371350096783,43.333923400083954,16.75103196941714,43.349285549803675,44.27823776728864,22.6978454685341,34.04898398151366,39.91720042076686,20.393153940829006,46.19904878696106,16.96012210100045,3.9988140424250256,7.0241350879673865,35.20207784983408,28.09204977134014,32.983625013111066,32.325995982668694,17.55689996911594,33.01929355687538,39.6628874391904,30.298146529507278,7.816780923404048,27.47202699065264],
        [28.564364563159867,29.4505807434727,41.11388026764343,34.12945602890963,48.32661797018166,5.759452765941818,0.0,37.9522389568814,3.1604061695705354,41.98747564961433,21.45938401045752,40.6090970027394,42.94804312179687,23.419988794477828,32.77084131799731,35.538353214064095,14.645579950478853,42.81768067744327,20.314245063861804,3.226478478779694,12.77033126739115,31.56174583029464,23.361643741626985,27.24337355531264,28.774625859221622,12.064299616248494,27.29045279240182,35.081607526347554,30.302174429211654,12.154051433815546,28.564364563159867],
        [22.773322316235177,14.481466575158915,11.038371816895916,9.587942922322666,16.655825831913784,40.29278102977618,37.9522389568814,0.0,39.89357903526548,8.245988798462388,40.08715319967008,4.243293402281045,8.87265350546772,22.821128627237883,9.065573087789042,17.006047062847266,34.57638810433174,10.236652277530467,33.81395094828567,36.86497303201296,43.47144557232008,11.163073201191777,21.705496290859873,36.079136594052336,12.068657366177316,40.059630343083626,41.22487060728987,19.026170605868924,16.838756112411797,37.55471528345424,22.773322316235177],
        [31.5968261508432,30.46551686710819,42.33201665531831,35.43504330262776,49.422378875380964,7.966371350096783,3.1604061695705354,39.89357903526548,0.0,44.328864173470166,24.346927013730877,42.33309888768176,45.29135324739618,26.41800708122823,35.18816287731901,36.19664836139345,13.372355807157188,44.15891723797145,23.443614474153822,6.339037557494654,14.879519458801667,32.81939792291424,23.831274800475367,25.87214937647267,30.12195183220576,9.641743909131621,25.35654754557817,35.5603120202279,33.116233025164824,15.078912349430864,31.5968261508432],
        [20.74263658283697,22.362064733504166,18.516703718558382,17.806903937131615,22.578278007553784,43.333923400083954,41.98747564961433,8.245988798462388,44.328864173470166,0.0,39.81932290811557,10.984732282115834,0.9626237888798276,22.68621635154004,9.287803426565738,25.245361364510558,40.96882628988974,17.045339924663605,33.638183556955745,40.35372595001659,45.31919009448843,19.171101853716905,29.029757926276787,43.792539722267676,19.56346867324018,45.94279213289451,48.77345924483593,27.2717516914652,15.026579400986318,39.21148672474659,20.74263658283697],
        [19.441891580789445,39.28101835787803,48.00398888069485,41.45212035500275,55.24979309771134,16.75103196941714,21.45938401045752,40.08715319967008,24.346927013730877,39.81932290811557,0.0,44.05219161354041,40.62043270537773,17.369619567603664,31.56145528931109,46.330791321505544,34.51293939778881,48.7018509994899,6.2801958953062655,18.31041663816416,11.737048832321316,39.62382037386468,36.935134226961004,46.40409924420788,36.85067439795928,33.42386650612484,47.70395394383683,46.831867204531875,24.803339715628105,9.307503230020394,19.441891580789445],
        [27.002519940966316,14.491731421486959,7.534404121113505,8.812876588356783,12.45566301079275,43.349285549803675,40.6090970027394,4.243293402281045,42.33309888768176,10.984732282115834,44.05219161354041,0.0,11.327276319769348,26.88225663993684,13.300419846592762,15.154751486730992,35.813888313115775,6.221094214296845,37.7950122532819,39.77606964953776,46.913590415332436,11.122027548233252,22.282914432991582,35.826666123595245,12.942356651178654,41.62044157844785,41.1659121643173,17.27306713239629,21.078095318717473,41.09595287827951,27.002519940966316],
        [21.472668177735308,23.12616695108408,18.856538452795846,18.45915821426426,22.630523287492988,44.27823776728864,42.94804312179687,8.87265350546772,45.29135324739618,0.9626237888798276,40.62043270537773,11.327276319769348,0.0,23.535837174620678,10.237023319312824,25.826000607845803,41.892698023132944,17.281453559732228,34.45555439803764,41.30795500700208,46.224733902330364,19.903208349965283,29.878946260506044,44.601405699230206,20.378573626724343,46.88770408849485,49.608009077686084,27.870154545418398,15.817791254961342,40.114238816135476,21.472668177735308],
        [5.257592721445421,24.803616714037158,31.521759614783694,25.517096352036972,38.535479936085885,22.6978454685341,23.419988794477828,22.821128627237883,26.41800708122823,22.68621635154004,17.369619567603664,26.88225663993684,23.535837174620678,0.0,14.192198052009408,31.62302447001095,29.684720859762074,31.90646690871679,11.096897339981053,20.81176348904132,23.134861099602386,24.186795869440033,25.354824596075986,38.63736492700598,21.76473546887414,31.972634326455207,41.791473033115324,32.618682722018924,7.997850634295754,17.04752825750307,5.257592721445421],
        [13.70889586929175,17.600380845859952,19.337901720243735,15.187489528883619,25.60443535663099,34.04898398151366,32.77084131799731,9.065573087789042,35.18816287731901,9.287803426565738,31.56145528931109,13.300419846592762,10.237023319312824,14.192198052009408,0.0,22.731325303286166,32.92371169185973,19.040731733225353,25.288614292013648,31.076437572916426,36.20775605361151,15.230055335195221,22.52834752634004,37.567272324248776,14.2457388545688,37.43283518764374,42.11184737114612,24.400016966674155,7.780959038266797,30.12688709710646,13.70889586929175],
        [34.1237906212697,7.05073118997804,9.266670122343466,7.6919381089309296,14.345931534778428,39.91720042076686,35.538353214064095,17.006047062847266,36.19664836139345,25.245361364510558,46.330791321505544,15.154751486730992,25.826000607845803,31.62302447001095,22.731325303286166,0.0,25.87638204368124,11.798365764778751,40.65536873637629,35.93545038994944,45.30894623188998,7.701310604831299,12.414690855919012,22.030393270072775,9.858473784641426,32.27719009545198,27.557819448984848,2.127625043732563,29.27093704152182,40.4964087869035,34.1237906212697],
        [34.77092711047596,21.819880315649925,33.67644870328731,27.528555942891312,40.0560577780247,20.393153940829006,14.645579950478853,34.57638810433174,13.372355807157188,40.96882628988974,34.51293939778881,35.813888313115775,41.892698023132944,29.684720859762074,32.92371169185973,25.87638204368124,0.0,35.9023887480359,31.544635062124826,17.031325128552897,27.361675695931897,24.9261901597758,13.95926999511596,12.60093007748972,22.874897301396885,6.427680430725202,13.197522815952778,24.71791952217068,33.91933194134516,25.534171513128125,34.77092711047596],
        [32.59712230108401,14.124516716192305,2.532246778236242,8.725363333448055,6.641083020320861,46.19904878696106,42.81768067744327,10.236652277530467,44.15891723797145,17.045339924663605,48.7018509994899,6.221094214296845,17.281453559732228,31.90646690871679,19.040731733225353,11.798365764778751,35.9023887480359,0.0,42.523730630721595,42.422929285301244,50.43173447984406,11.358089992626226,21.948187714657816,33.7332068094924,14.051446112066843,42.07507107971187,39.23613908560522,13.848248597033098,26.785649286801235,44.858809877073384,32.59712230108401],
        [13.57690498822169,33.61397041961923,41.895892983851304,35.452315456411604,49.096861568001756,16.96012210100045,20.314245063861804,33.81395094828567,23.443614474153822,33.638183556955745,6.2801958953062655,37.7950122532819,34.45555439803764,11.096897339981053,25.288614292013648,40.65536873637629,31.544635062124826,42.523730630721595,0.0,17.104774205773005,14.360019284613918,33.72997334890278,31.986229063385206,42.74251448707954,31.01844064734657,31.58995911824865,44.66235571843685,41.288875332620556,18.660403896180707,9.296413945280806,13.57690498822169],
        [25.860726280155614,29.525434726949968,40.86794215762948,33.833302149220394,48.18080221421289,3.9988140424250256,3.226478478779694,36.86497303201296,6.339037557494654,40.35372595001659,18.31041663816416,39.77606964953776,41.30795500700208,20.81176348904132,31.076437572916426,35.93545038994944,17.031325128552897,42.422929285301244,17.104774205773005,0.0,10.469767048873099,31.34351788513541,24.094725098214337,29.53001860100089,28.483658733687122,15.123577983800386,29.973928393578763,35.666731512995526,28.00589218737018,9.006406249206881,25.860726280155614],
        [27.108252349642658,38.561932575095966,49.17987629812238,42.18566638337879,56.57612457402646,7.0241350879673865,12.77033126739115,43.47144557232008,14.879519458801667,45.31919009448843,11.737048832321316,46.913590415332436,46.224733902330364,23.134861099602386,36.20775605361151,45.30894623188998,27.361675695931897,50.43173447984406,14.360019284613918,10.469767048873099,0.0,39.885894889449986,33.99499077909056,39.92831127076178,36.97805336420232,24.516819185356542,40.043414612676486,45.27292922993174,31.121870708975898,6.119744522200223,27.108252349642658],
        [26.461315999632532,3.395173628988961,9.552875831980089,2.6528290029485433,16.838243176250568,35.20207784983408,31.56174583029464,11.163073201191777,32.81939792291424,19.171101853716905,39.62382037386468,11.122027548233252,19.903208349965283,24.186795869440033,15.230055335195221,7.701310604831299,24.9261901597758,11.358089992626226,33.72997334890278,31.34351788513541,39.885894889449986,0.0,11.188073759283952,24.971240165827624,2.907847294222703,30.939230593161646,30.202139845126723,9.19872020333802,21.572291268054915,34.620379043449745,26.461315999632532],
        [29.37049432817092,7.929948432090545,19.719400143161685,13.70746170844042,26.23959480045353,28.09204977134014,23.361643741626985,21.705496290859873,23.831274800475367,29.029757926276787,36.935134226961004,22.282914432991582,29.878946260506044,25.354824596075986,22.52834752634004,12.414690855919012,13.95926999511596,21.948187714657816,31.986229063385206,24.094725098214337,33.99499077909056,11.188073759283952,0.0,15.041272693356198,9.636929860034625,20.207978852391427,19.772840142188308,11.742008945783281,26.269639992709408,29.8260556395998,29.37049432817092],
        [43.23103318176498,21.605982942108078,31.22106170255992,27.028723990920565,35.93773043289939,32.983625013111066,27.24337355531264,36.079136594052336,25.87214937647267,43.792539722267676,46.40409924420788,35.826666123595245,44.601405699230206,38.63736492700598,37.567272324248776,22.030393270072775,12.60093007748972,33.7332068094924,42.74251448707954,29.53001860100089,39.92831127076178,24.971240165827624,15.041272693356198,0.0,24.229520856561383,17.289225481334224,5.536403972992838,20.137996695477074,40.86943140596099,37.72925739613274,43.23103318176498],
        [24.392664791257438,3.406568302299892,12.384700062967449,5.359587500366773,19.714353265901714,32.325995982668694,28.774625859221622,12.068657366177316,30.12195183220576,19.56346867324018,36.85067439795928,12.942356651178654,20.378573626724343,21.76473546887414,14.2457388545688,9.858473784641426,22.874897301396885,14.051446112066843,31.01844064734657,28.483658733687122,36.97805336420232,2.907847294222703,9.636929860034625,24.229520856561383,0.0,28.70463650644375,29.246443173019433,10.974351470453207,19.857915320911026,31.723204392375777,24.392664791257438],
        [37.21494532164425,27.95263261607395,39.90538254114453,33.57340674891017,46.40396861585989,17.55689996911594,12.064299616248494,40.059630343083626,9.641743909131621,45.94279213289451,33.42386650612484,41.62044157844785,46.88770408849485,31.972634326455207,37.43283518764374,32.27719009545198,6.427680430725202,42.07507107971187,31.58995911824865,15.123577983800386,24.516819185356542,30.939230593161646,20.207978852391427,17.289225481334224,28.70463650644375,0.0,15.921768068168866,31.143050937940455,37.318757766929274,24.127511387348935,37.21494532164425],
        [46.62811021488222,26.81327929157311,36.72961173085228,32.3539021936943,41.465070280467046,33.01929355687538,27.29045279240182,41.22487060728987,25.35654754557817,48.77345924483593,47.70395394383683,41.1659121643173,49.608009077686084,41.791473033115324,42.11184737114612,27.557819448984848,13.197522815952778,39.23613908560522,44.66235571843685,29.973928393578763,40.043414612676486,30.202139845126723,19.772840142188308,5.536403972992838,29.246443173019433,15.921768068168866,0.0,25.673732850180652,44.796848971961865,38.66955341455931,46.62811021488222],
        [35.36602372690785,7.816583811327886,11.317057004901914,9.581607084485848,15.94201300121296,39.6628874391904,35.081607526347554,19.026170605868924,35.5603120202279,27.2717516914652,46.831867204531875,17.27306713239629,27.870154545418398,32.618682722018924,24.400016966674155,2.127625043732563,24.71791952217068,13.848248597033098,41.288875332620556,35.666731512995526,45.27292922993174,9.19872020333802,11.742008945783281,20.137996695477074,10.974351470453207,31.143050937940455,25.673732850180652,0.0,30.69930683066955,40.653803853802835,35.36602372690785],
        [5.987289945224658,23.240943903378955,26.952109145389503,22.114620511801153,33.37140670162507,30.298146529507278,30.302174429211654,16.838756112411797,33.116233025164824,15.026579400986318,24.803339715628105,21.078095318717473,15.817791254961342,7.997850634295754,7.780959038266797,29.27093704152182,33.91933194134516,26.785649286801235,18.660403896180707,28.00589218737018,31.121870708975898,21.572291268054915,26.269639992709408,40.86943140596099,19.857915320911026,37.318757766929274,44.796848971961865,30.69930683066955,0.0,25.022306703798392,5.987289945224658],
        [21.18842665247813,33.58761165434244,43.73360009916817,36.80867494286791,51.12709344298498,7.816780923404048,12.154051433815546,37.55471528345424,15.078912349430864,39.21148672474659,9.307503230020394,41.09595287827951,40.114238816135476,17.04752825750307,30.12688709710646,40.4964087869035,25.534171513128125,44.858809877073384,9.296413945280806,9.006406249206881,6.119744522200223,34.620379043449745,29.8260556395998,37.72925739613274,31.723204392375777,24.127511387348935,38.66955341455931,40.653803853802835,25.022306703798392,0.0,21.18842665247813],
        [0.0,27.660785345777523,32.61932615198423,27.340357485143574,39.213050195050826,27.47202699065264,28.564364563159867,22.773322316235177,31.5968261508432,20.74263658283697,19.441891580789445,27.002519940966316,21.472668177735308,5.257592721445421,13.70889586929175,34.1237906212697,34.77092711047596,32.59712230108401,13.57690498822169,25.860726280155614,27.108252349642658,26.461315999632532,29.37049432817092,43.23103318176498,24.392664791257438,37.21494532164425,46.62811021488222,35.36602372690785,5.987289945224658,21.18842665247813,0.0]
    ],
    "end_depot": 30,
    "start_depot": 0,
    "truck_dist": [
        [0.0,28.898751764404373,42.960650378635414,33.37970247363593,53.31036792141256,34.58249142906411,38.922170669607596,31.629587510363358,43.38968364997329,28.85908524139308,24.75453553507615,37.39956585469166,29.699700841112517,7.409760707599428,19.06928872576059,38.481410397773054,48.59814030007081,44.10510134429394,15.969535451209481,34.53033901598241,28.543615936826185,30.4110198645879,35.22028992853643,56.43997438605694,26.327195552324536,52.62588228799109,63.051788144069924,38.332750744649324,8.443218983727252,23.557833612302908,0.0],
        [28.898751764404373,0.0,14.061898614231044,6.851021174078868,24.411616157008186,46.604000153201454,39.711266557926955,20.297001858981105,39.57836778598763,31.624710352156804,53.653287299480525,18.64823635058817,32.69552991274721,29.515200225597486,22.867629265198516,9.582658633368679,22.233386587022476,15.206349579889572,44.868287215613854,40.949063582593354,54.49126395361268,4.557132117366299,8.855536215488097,30.0752206730086,4.07388191343126,29.54746124980499,36.68703443102159,9.43399898024495,25.726525721493342,47.417048757107096,28.898751764404373],
        [42.960650378635414,14.061898614231044,0.0,9.580947904999482,10.349717542777142,60.665898767432495,53.773165172158,11.331062868272056,53.64026640021867,22.06541397485801,67.71518591371157,9.08893997328938,23.13623353544842,43.57709883982853,23.891361652874828,12.31579309287511,35.46028347969655,3.393343407169236,58.930185829844895,55.010962196824394,68.55316256784371,12.549630514047516,20.942860945722863,39.634517050307394,16.63345482631088,43.60935986403603,46.24633080832038,15.321034674007834,34.517431394908165,61.47894737133814,42.960650378635414],
        [33.37970247363593,6.851021174078868,9.580947904999482,0.0,19.930665447776626,51.08495086243302,44.19221726715852,13.445980684902237,44.05931849521919,24.773689178077937,58.13423800871209,11.797215176509305,25.844508738668345,33.996150934829046,16.01660809111965,9.607517889655185,29.084407761101346,10.72539887065801,49.34923792484541,45.43001429182492,58.97221466284424,2.9686826090480345,15.706557389566965,36.92624184708747,7.052506921311398,34.028411959036546,43.53805560510045,12.612759470787909,24.93648348990868,51.89799946633866,33.37970247363593],
        [53.31036792141256,24.411616157008186,10.349717542777142,19.930665447776626,0.0,71.01561631020964,64.12288271493514,21.6807804110492,63.98998394299581,24.45128268001948,78.06490345648871,15.910802066720905,23.61066708030004,53.92681638260567,34.24107919565197,14.82895752363951,45.81000102247369,9.205266577118616,69.27990337262204,65.36067973960154,78.90288011062086,22.89934805682466,31.292578488500006,41.164789173340935,26.983172369088024,53.95907740681317,47.77660293135392,16.851306797041378,44.86714893768531,71.82866491411528,53.31036792141256],
        [34.58249142906411,46.604000153201454,60.665898767432495,51.08495086243302,71.01561631020964,0.0,6.892733595274496,49.33483589916044,8.80719222090918,46.564333630190156,22.616403224433697,55.10481424348873,47.4049492299096,27.172730721464685,36.774537114557674,56.186658786570135,25.205615287735945,61.81034973309102,23.922349047699704,5.6549365706081005,7.887263800411226,48.11626825338498,39.72303782170963,41.2078812461381,44.03244394112161,18.043390858926976,37.01414106180479,56.037999133446405,33.94426343750912,11.024657816761206,34.58249142906411],
        [38.922170669607596,39.711266557926955,53.773165172158,44.19221726715852,64.12288271493514,6.892733595274496,0.0,42.442102303885946,4.467512980365701,44.18212730871606,26.956082464977175,48.21208064821424,45.25294686930647,31.512409962008164,35.425046221757775,49.293925191295635,18.312881692461453,54.91761613781652,28.262028288243183,4.391831653625179,14.779997395685722,41.22353465811048,32.83030422643514,34.3151476508636,37.13971034584712,13.703711618383497,30.121407466530293,49.145265538171905,38.2839426780526,15.364337057304684,38.922170669607596],
        [31.629587510363358,20.297001858981105,11.331062868272056,13.445980684902237,21.6807804110492,49.33483589916044,42.442102303885946,0.0,42.309203531946615,11.327708493175699,56.38412304543951,5.769978344328296,12.398528053766107,32.24603597155647,12.56029878460277,23.053498574557423,42.53038844600358,12.475513833930584,47.59912296157284,43.67989932855234,57.222099699571665,15.739869741614806,29.1525380744692,50.372222531989706,16.223119945549847,46.55813043392386,56.98403629000269,26.058740155690145,23.18636852663611,50.14788450306608,31.629587510363358],
        [43.38968364997329,39.57836778598763,53.64026640021867,44.05931849521919,63.98998394299581,8.80719222090918,4.467512980365701,42.309203531946615,0.0,48.64964028908176,31.423595445342876,48.079181876274916,49.72045984967217,35.97992294237386,39.89255920212348,49.161026419356304,18.17998292052212,54.7847173658772,32.729541268608884,8.85934463399088,14.91289616762505,41.09063588617116,32.69740545449581,34.18224887892427,37.0068115739078,10.030906536182641,29.988508694590966,49.01236676623258,42.751455658418294,19.831850037670385,43.38968364997329],
        [28.85908524139308,31.624710352156804,22.06541397485801,24.773689178077937,24.45128268001948,46.564333630190156,44.18212730871606,11.327708493175699,48.64964028908176,0.0,53.613620776469226,12.976474001568631,1.0708195605904076,29.47553370258619,9.789796515632487,34.38120706773312,53.858096939179276,18.672070567688777,44.828620692602556,40.909397059582055,54.45159743060138,27.067578234790503,40.4802465676449,61.6999310251654,27.550828438725546,57.885838927099556,68.31174478317838,37.386448648865844,20.415866257665826,47.3773822340958,28.85908524139308],
        [24.75453553507615,53.653287299480525,67.71518591371157,58.13423800871209,78.06490345648871,22.616403224433697,26.956082464977175,56.38412304543951,31.423595445342876,53.613620776469226,0.0,62.1541013897678,54.45423637618867,24.13808707388304,43.823824260836744,63.235945932849205,36.63205209544039,68.8596368793701,8.78500008386667,22.564250811351997,16.57752773219577,55.16555539966405,46.7723249679887,48.25716839241717,51.081731087400684,40.65979408336067,51.08569993943951,63.087286279725475,33.19775451880341,11.59174540767249,24.75453553507615],
        [37.39956585469166,18.64823635058817,9.08893997328938,11.797215176509305,15.910802066720905,55.10481424348873,48.21208064821424,5.769978344328296,48.079181876274916,12.976474001568631,62.1541013897678,0.0,14.04729356215904,38.01601431588477,18.330277128931066,21.40473306616449,40.88162293761065,6.705535489602288,53.36910130590114,49.44987767288063,62.992078043899966,14.091104233221873,27.50377256607627,48.72345702359677,14.574354437156913,44.90936492553092,55.33527078160976,24.40997464729721,28.956346870964403,55.917862847394375,37.39956585469166],
        [29.699700841112517,32.69552991274721,23.13623353544842,25.844508738668345,23.61066708030004,47.4049492299096,45.25294686930647,12.398528053766107,49.72045984967217,1.0708195605904076,54.45423637618867,14.04729356215904,0.0,30.316149302305632,10.630412115351929,35.45202662832353,54.928916499769684,19.742890128279186,45.669236292322,41.7500126593015,55.29221303032082,28.13839779538091,41.551066128235306,62.770750585755806,28.621647999315954,58.956658487689964,69.38256434376879,38.45726820945625,21.256481857385268,48.21799783381524,29.699700841112517],
        [7.409760707599428,29.515200225597486,43.57709883982853,33.996150934829046,53.92681638260567,27.172730721464685,31.512409962008164,32.24603597155647,35.97992294237386,29.47553370258619,24.13808707388304,38.01601431588477,30.316149302305632,0.0,19.685737186953702,39.09785885896616,41.18837959247138,44.72154980548706,15.353086990016369,27.120578308382985,24.976063728015195,31.02746832578101,27.810529220937003,49.030213678457514,26.94364401351765,45.21612158039166,55.6420274364705,38.94919920584243,9.059667444920365,17.90184853150961,7.409760707599428],
        [19.06928872576059,22.867629265198516,23.891361652874828,16.01660809111965,34.24107919565197,36.774537114557674,35.425046221757775,12.56029878460277,39.89255920212348,9.789796515632487,43.823824260836744,18.330277128931066,10.630412115351929,19.685737186953702,0.0,25.624125980774835,45.101015852220996,25.035812618533352,35.03882417697007,31.11960054394957,44.66180091496889,18.31049714783222,31.723165480686617,52.94284993820712,18.79374735176726,49.128757840141276,59.5546636962201,28.629367561907557,10.626069742033337,37.587585718463316,19.06928872576059],
        [38.481410397773054,9.582658633368679,12.31579309287511,9.607517889655185,14.82895752363951,56.186658786570135,49.293925191295635,23.053498574557423,49.161026419356304,34.38120706773312,63.235945932849205,21.40473306616449,35.45202662832353,39.09785885896616,25.624125980774835,0.0,30.981043498834183,15.709136500044346,54.450945848982535,50.531722215962034,64.07392258698135,8.07039053318515,16.463620964860496,27.318723957432283,12.154214845448514,39.13011988317366,33.93053771544527,3.005241581132724,30.038191414045798,56.99970739047578,38.481410397773054],
        [48.59814030007081,22.233386587022476,35.46028347969655,29.084407761101346,45.81000102247369,25.205615287735945,18.312881692461453,42.53038844600358,18.17998292052212,53.858096939179276,36.63205209544039,40.88162293761065,54.928916499769684,41.18837959247138,45.101015852220996,30.981043498834183,0.0,36.60473444535508,37.9379979187064,19.550678717127845,33.09287908814717,26.790518704388774,14.517422533973686,16.00226595840215,26.307268500453738,8.149076384339482,14.45364784399911,30.832383845710456,47.95991230851581,26.018663891641587,48.59814030007081],
        [44.10510134429394,15.206349579889572,3.393343407169236,10.72539887065801,9.205266577118616,61.81034973309102,54.91761613781652,12.475513833930584,54.7847173658772,18.672070567688777,68.8596368793701,6.705535489602288,19.742890128279186,44.72154980548706,25.035812618533352,15.709136500044346,36.60473444535508,0.0,60.07463679550342,56.15541316248292,69.69761353350225,13.694081479706044,22.08731191138139,43.02786045747663,17.77790579196941,44.75381082969456,49.63967421548961,18.71437808117707,35.66188236056669,62.623398336996665,44.10510134429394],
        [15.969535451209481,44.868287215613854,58.930185829844895,49.34923792484541,69.27990337262204,23.922349047699704,28.262028288243183,47.59912296157284,32.729541268608884,44.828620692602556,8.78500008386667,53.36910130590114,45.669236292322,15.353086990016369,35.03882417697007,54.450945848982535,37.9379979187064,60.07463679550342,0.0,23.870196634618004,17.883473555461777,46.38055531579738,37.98732488412203,45.77983200469253,42.29673100353402,41.96573990662668,52.391645762705515,54.302286195858805,24.412754434936733,12.897691230938499,15.969535451209481],
        [34.53033901598241,40.949063582593354,55.010962196824394,45.43001429182492,65.36067973960154,5.6549365706081005,4.391831653625179,43.67989932855234,8.85934463399088,40.909397059582055,22.564250811351997,49.44987767288063,41.7500126593015,27.120578308382985,31.11960054394957,50.531722215962034,19.550678717127845,56.15541316248292,23.870196634618004,0.0,13.542200371019327,42.46133168277688,34.06810125110153,35.55294467553,38.37750737051351,18.095543272008676,31.35920449119669,50.383062562838305,33.89211102442742,10.972505403679506,34.53033901598241],
        [28.543615936826185,54.49126395361268,68.55316256784371,58.97221466284424,78.90288011062086,7.887263800411226,14.779997395685722,57.222099699571665,14.91289616762505,54.45159743060138,16.57752773219577,62.992078043899966,55.29221303032082,24.976063728015195,44.66180091496889,64.07392258698135,33.09287908814717,69.69761353350225,17.883473555461777,13.542200371019327,0.0,56.00353205379621,47.61030162212086,49.09514504654933,51.91970774153285,24.94380270380769,44.90140486221602,63.92526293385763,34.035731172935556,7.074215196505584,28.543615936826185],
        [30.4110198645879,4.557132117366299,12.549630514047516,2.9686826090480345,22.89934805682466,48.11626825338498,41.22353465811048,15.739869741614806,41.09063588617116,27.067578234790503,55.16555539966405,14.091104233221873,28.13839779538091,31.02746832578101,18.31049714783222,8.07039053318515,26.790518704388774,13.694081479706044,46.38055531579738,42.46133168277688,56.00353205379621,0.0,13.412668332854397,34.632352790374895,4.0838243122633635,31.059729349988515,41.24416654838788,10.31887041407534,21.967800880860647,48.92931685729062,30.4110198645879],
        [35.22028992853643,8.855536215488097,20.942860945722863,15.706557389566965,31.292578488500006,39.72303782170963,32.83030422643514,29.1525380744692,32.69740545449581,40.4802465676449,46.7723249679887,27.50377256607627,41.551066128235306,27.810529220937003,31.723165480686617,16.463620964860496,14.517422533973686,22.08731191138139,37.98732488412203,34.06810125110153,47.61030162212086,13.412668332854397,0.0,21.2196844575205,12.929418128919357,22.666498918313167,27.83149821553349,16.31496131173677,34.58206193698143,40.536086425615274,35.22028992853643],
        [56.43997438605694,30.0752206730086,39.634517050307394,36.92624184708747,41.164789173340935,41.2078812461381,34.3151476508636,50.372222531989706,34.18224887892427,61.6999310251654,48.25716839241717,48.72345702359677,62.770750585755806,49.030213678457514,52.94284993820712,27.318723957432283,16.00226595840215,43.02786045747663,45.77983200469253,35.55294467553,49.09514504654933,34.632352790374895,21.2196844575205,0.0,34.14910258643986,24.151342342741632,6.611813758012986,24.31348237629956,55.80174639450193,42.020929850043736,56.43997438605694],
        [26.327195552324536,4.07388191343126,16.63345482631088,7.052506921311398,26.983172369088024,44.03244394112161,37.13971034584712,16.223119945549847,37.0068115739078,27.550828438725546,51.081731087400684,14.574354437156913,28.621647999315954,26.94364401351765,18.79374735176726,12.154214845448514,26.307268500453738,17.77790579196941,42.29673100353402,38.37750737051351,51.91970774153285,4.0838243122633635,12.929418128919357,34.14910258643986,0.0,30.335010488374014,40.760916344452845,12.005555192324787,21.65264380806208,44.845492545027255,26.327195552324536],
        [52.62588228799109,29.54746124980499,43.60935986403603,34.028411959036546,53.95907740681317,18.043390858926976,13.703711618383497,46.55813043392386,10.030906536182641,57.885838927099556,40.65979408336067,44.90936492553092,58.956658487689964,45.21612158039166,49.128757840141276,39.13011988317366,8.149076384339482,44.75381082969456,41.96573990662668,18.095543272008676,24.94380270380769,31.059729349988515,22.666498918313167,24.151342342741632,30.335010488374014,0.0,19.957602158408324,38.98146023004994,51.98765429643609,29.068048675688182,52.62588228799109],
        [63.051788144069924,36.68703443102159,46.24633080832038,43.53805560510045,47.77660293135392,37.01414106180479,30.121407466530293,56.98403629000269,29.988508694590966,68.31174478317838,51.08569993943951,55.33527078160976,69.38256434376879,55.6420274364705,59.5546636962201,33.93053771544527,14.45364784399911,49.63967421548961,52.391645762705515,31.35920449119669,44.90140486221602,41.24416654838788,27.83149821553349,6.611813758012986,40.760916344452845,19.957602158408324,0.0,30.925296134312546,62.41356015251493,39.49395453176702,63.051788144069924],
        [38.332750744649324,9.43399898024495,15.321034674007834,12.612759470787909,16.851306797041378,56.037999133446405,49.145265538171905,26.058740155690145,49.01236676623258,37.386448648865844,63.087286279725475,24.40997464729721,38.45726820945625,38.94919920584243,28.629367561907557,3.005241581132724,30.832383845710456,18.71437808117707,54.302286195858805,50.383062562838305,63.92526293385763,10.31887041407534,16.31496131173677,24.31348237629956,12.005555192324787,38.98146023004994,30.925296134312546,0.0,31.488264018202383,56.85104773735205,38.332750744649324],
        [8.443218983727252,25.726525721493342,34.517431394908165,24.93648348990868,44.86714893768531,33.94426343750912,38.2839426780526,23.18636852663611,42.751455658418294,20.415866257665826,33.19775451880341,28.956346870964403,21.256481857385268,9.059667444920365,10.626069742033337,30.038191414045798,47.95991230851581,35.66188236056669,24.412754434936733,33.89211102442742,34.035731172935556,21.967800880860647,34.58206193698143,55.80174639450193,21.65264380806208,51.98765429643609,62.41356015251493,31.488264018202383,0.0,26.961515976429975,8.443218983727252],
        [23.557833612302908,47.417048757107096,61.47894737133814,51.89799946633866,71.82866491411528,11.024657816761206,15.364337057304684,50.14788450306608,19.831850037670385,47.3773822340958,11.59174540767249,55.917862847394375,48.21799783381524,17.90184853150961,37.587585718463316,56.99970739047578,26.018663891641587,62.623398336996665,12.897691230938499,10.972505403679506,7.074215196505584,48.92931685729062,40.536086425615274,42.020929850043736,44.845492545027255,29.068048675688182,39.49395453176702,56.85104773735205,26.961515976429975,0.0,23.557833612302908],
        [0.0,28.898751764404373,42.960650378635414,33.37970247363593,53.31036792141256,34.58249142906411,38.922170669607596,31.629587510363358,43.38968364997329,28.85908524139308,24.75453553507615,37.39956585469166,29.699700841112517,7.409760707599428,19.06928872576059,38.481410397773054,48.59814030007081,44.10510134429394,15.969535451209481,34.53033901598241,28.543615936826185,30.4110198645879,35.22028992853643,56.43997438605694,26.327195552324536,52.62588228799109,63.051788144069924,38.332750744649324,8.443218983727252,23.557833612302908,0.0]
    ],
    "vertex_count": 31
}