{
    "drone_dist": [
        [0.0,10.440752363485146,35.1129146823373,21.376598341637372,1.9353347969124368,6.56483615553648,20.406742007667344,36.74867371437966,30.011313251107058,12.26888054986869,20.05470213102296,20.374788090161545,19.33325008986093,20.04603842517288,18.2017945889595,44.72491515749041,42.20059928566843,16.154053693812116,6.4044764031759716,39.24712263512053,21.823501426970907,20.792410963351173,16.17434047583847,10.824906645163532,46.789396505547856,20.142680448702983,14.619887460953287,10.060749924597374,44.7345932245477,12.135583901721567,0.0],
        [10.440752363485146,0.0,41.034522367853775,29.873612100692405,10.170183628845882,16.388556492266908,15.789254979763271,26.914748555934644,34.15055163515218,21.829519369680852,9.97645688020038,11.261319188614328,23.32046810204518,16.67008063632135,20.133272131098618,40.85646988769638,47.268488714374605,23.050587252735138,4.396917261488491,44.85417484284796,25.90173036193698,22.73745241179212,24.800407693317375,15.112024846179285,45.75059037103573,14.720652014004443,18.35641873381386,17.013495505485064,44.37726981203877,20.45443328639413,10.440752363485146],
        [35.1129146823373,41.034522367853775,0.0,16.49965464365897,33.679298564567546,29.63622446797398,33.42001451148033,55.5049925230355,9.098503960795224,25.25796070594586,45.3016389154321,42.64418874127212,17.99191098199045,31.07180500445153,22.205848244710648,38.37617471679552,7.7833155917073595,18.961663305883384,37.34334092629434,4.25277572734516,15.598192597914009,20.341015480144126,20.44025871515236,25.96579291698802,30.032683315686768,34.972550801857984,22.74043883595314,25.120300855609745,26.60280635532251,41.297091160659164,35.1129146823373],
        [21.376598341637372,29.873612100692405,16.49965464365897,0.0,20.487971249578347,14.990376657596903,28.874548891053458,50.99557483629997,16.610109868225006,9.611847451791457,36.99137982951368,35.42055212959009,13.49393836560592,26.870824582433578,17.66816026936682,44.34028928462117,24.280680853144787,7.91615308821812,25.575016721288346,20.691625509801664,13.417651397328608,17.90091279315858,5.206356242285119,15.976801519566543,40.24374070077986,29.909258880423362,14.953769080921704,12.955931457568234,37.14353110324587,25.168818691746512,21.376598341637372],
        [1.9353347969124368,10.170183628845882,33.679298564567546,20.487971249578347,0.0,6.227834966597256,18.703949413167198,35.819670723071944,28.313827779820663,11.789183360992892,19.351561653778987,19.350652621999203,17.554320535897226,18.2455943660143,16.287829238135284,42.85642565145998,40.65790644442582,14.770622433943943,5.836061963662226,37.77591117818606,20.07342647634986,18.890266067198084,15.289539837506586,8.958227138581584,44.854516839937446,18.525624698909272,12.770716094102841,8.559116822335287,42.80595751675003,13.895342249054869,1.9353347969124368],
        [6.56483615553648,16.388556492266908,29.63622446797398,14.990376657596903,6.227834966597256,0.0,22.348743606097386,41.39139489809144,25.669913771883678,5.704227509448036,25.29359764104566,24.901048114513888,15.87273607146921,21.309634251817215,16.35864251474088,44.78198617448358,37.02787589130561,10.937539757438895,12.022336603221264,33.85351071440998,18.033896570601144,18.56623814368232,9.84074685359863,9.174416877148268,45.0026286056439,22.5755695907864,12.171385089065911,6.121913889784715,42.58370070042092,12.974685778042327,6.56483615553648],
        [20.406742007667344,15.789254979763271,33.42001451148033,28.874548891053458,18.703949413167198,22.348743606097386,0.0,22.53765736479478,24.74156390611798,25.279833605720764,13.52349332504022,10.091585666426418,16.538131589766554,2.348354619427645,11.835063202038846,25.162345097149945,37.76421434253415,20.9959129550598,15.801908930330686,36.35788062923941,18.29962308622624,13.139066180577078,25.312396039119303,14.139204420643305,30.39527486463914,1.6927210490368012,13.936319399951211,18.121092597751026,29.403884638510313,32.54187252383251,20.406742007667344],
        [36.74867371437966,26.914748555934644,55.5049925230355,50.99557483629997,35.819670723071944,41.39139489809144,22.53765736479478,0.0,46.53959991539278,45.77112964618333,16.943326651888366,16.50034543540422,39.07562424199051,24.808688285850394,34.37267586950156,32.16726417729138,58.93238446226224,43.08348840045164,30.367459948387154,58.05655078339004,40.78217277809379,35.5348253489293,46.91212115829446,35.30772494720051,43.39228428070161,21.24740719496347,36.11077717714516,39.01574675183699,44.087677529183125,47.340069802904296,36.74867371437966],
        [30.011313251107058,34.15055163515218,9.098503960795224,16.610109868225006,28.313827779820663,25.669913771883678,24.74156390611798,46.53959991539278,0.0,22.72232913477431,37.21252243510349,34.317685361103,10.949801118554138,22.402431580347347,14.272689855228927,30.403031170436147,13.291073666236061,14.875567696304989,30.92934715166268,11.618120451871704,8.347471420734728,11.997887612869295,18.386209169143573,19.67698523643054,24.052209525843473,26.351341734669425,15.982576754929955,20.086156342190904,20.804036889609172,38.38831838500177,30.011313251107058],
        [12.26888054986869,21.829519369680852,25.25796070594586,9.611847451791457,11.789183360992892,5.704227509448036,25.279833605720764,45.77112964618333,22.72232913477431,0.0,30.240334814756068,29.4291104546806,14.636846665391012,23.81142228237659,16.739399375284346,45.54416007675202,32.89269315046563,8.113342395605368,17.432911040173618,29.5106998741089,16.185298477947722,18.337914145068222,4.821780752841739,11.150382065493119,44.12724110580693,25.835806851134297,12.634259757214068,7.16520998080799,41.412959518859196,16.066566176574863,12.26888054986869],
        [20.05470213102296,9.97645688020038,45.3016389154321,36.99137982951368,19.351561653778987,25.29359764104566,13.52349332504022,16.943326651888366,37.21252243510349,30.240334814756068,0.0,3.6730417696806135,27.39881811372281,15.545011653451498,23.111892742251406,35.79644605627564,50.474732500254746,29.385406471474237,13.654249620383505,48.66433614538829,29.70650302817205,25.216210874431873,32.2996644405099,21.068435678997982,43.21578694660097,11.85781189925232,23.137455454517024,24.17603889323196,42.569218363773516,30.40000431942742,20.05470213102296],
        [20.374788090161545,11.261319188614328,42.64418874127212,35.42055212959009,19.350652621999203,24.901048114513888,10.091585666426418,16.50034543540422,34.317685361103,29.4291104546806,3.6730417696806135,0.0,24.9340367653038,12.236455111372479,20.45987740250953,32.22747694701602,47.514851782133476,27.630669606283348,14.077614743967013,45.86173164192715,27.11272816601385,22.373850165585562,30.977067507054333,19.45668575539111,39.546412634423454,8.40198093483545,21.02281690307647,22.91214965984243,38.92576391140754,31.52376625563367,20.374788090161545],
        [19.33325008986093,23.32046810204518,17.99191098199045,13.49393836560592,17.554320535897226,15.87273607146921,16.538131589766554,39.07562424199051,10.949801118554138,14.636846665391012,27.39881811372281,24.9340367653038,0.0,14.293096944515222,4.703196639466778,31.45736943197702,23.948388674246587,6.8797566332717,19.98717091288663,21.616013585956797,2.6047521722980953,4.409725700530978,11.84557649965806,8.752967943466178,29.52915072399902,17.880862492867937,5.034432210825198,9.831594623938626,26.90956328647957,28.847416598556293,19.33325008986093],
        [20.04603842517288,16.67008063632135,31.07180500445153,26.870824582433578,18.2455943660143,21.309634251817215,2.348354619427645,24.808688285850394,22.402431580347347,23.81142228237659,15.545011653451498,12.236455111372479,14.293096944515222,0.0,9.595110700692068,24.858078035577392,35.45249894715766,19.044804935948257,16.061526863665478,34.01706497461271,15.988167095536202,10.80109825805008,23.513188796016266,12.680805275004602,29.122211628316546,3.9590700897891433,12.013067662549384,16.65389964093208,27.9190866435138,32.14084874593458,20.04603842517288],
        [18.2017945889595,20.133272131098618,22.205848244710648,17.66816026936682,16.287829238135284,16.35864251474088,11.835063202038846,34.37267586950156,14.272689855228927,16.739399375284346,23.111892742251406,20.45987740250953,4.703196639466778,9.595110700692068,0.0,28.828372579252363,27.556660510254137,10.193949554906633,17.38195711401764,25.571362889640458,6.656445676253848,2.6837677245112213,15.084033755261615,7.513880368542165,28.798959979822378,13.191634841264122,4.235547599879398,10.366644861103799,26.586567421065546,29.029353465446896,18.2017945889595],
        [44.72491515749041,40.85646988769638,38.37617471679552,44.34028928462117,42.85642565145998,44.78198617448358,25.162345097149945,32.16726417729138,30.403031170436147,45.54416007675202,35.79644605627564,32.22747694701602,31.45736943197702,24.858078035577392,28.828372579252363,0.0,37.573337793805656,38.31172366547268,40.87026552332861,38.67152848090497,30.956227372956544,27.306387446328145,43.29834983689955,35.60758740006781,12.893788674487443,26.135817895633306,33.02316179450729,39.06817917863492,15.104268312430666,56.66333448827842,44.72491515749041],
        [42.20059928566843,47.268488714374605,7.7833155917073595,24.280680853144787,40.65790644442582,37.02787589130561,37.76421434253415,58.93238446226224,13.291073666236061,32.89269315046563,50.474732500254746,47.514851782133476,23.948388674246587,35.45249894715766,27.556660510254137,37.573337793805656,0.0,26.169961154661333,43.85044825732563,3.7482050130637377,21.36974022623711,25.27627264870872,28.09352676558289,32.460616925682956,27.207697867069268,39.41132494476548,28.941827031648284,32.14130267430749,23.853248953529587,48.95659016173939,42.20059928566843],
        [16.154053693812116,23.050587252735138,18.961663305883384,7.91615308821812,14.770622433943943,10.937539757438895,20.9959129550598,43.08348840045164,14.875567696304989,8.113342395605368,29.385406471474237,27.630669606283348,6.8797566332717,19.044804935948257,10.193949554906633,38.31172366547268,26.169961154661333,0.0,18.978226603289723,23.115627376941482,8.10589299279196,11.059406310707704,4.9974575046776435,8.33126968801948,36.112894151054626,22.000639466600216,7.059745940442064,6.258475224218563,33.34234281305002,23.513635866758204,16.154053693812116],
        [6.4044764031759716,4.396917261488491,37.34334092629434,25.575016721288346,5.836061963662226,12.022336603221264,15.801908930330686,30.367459948387154,30.92934715166268,17.432911040173618,13.654249620383505,14.077614743967013,19.98717091288663,16.061526863665478,17.38195711401764,40.87026552332861,43.85044825732563,18.978226603289723,0.0,41.26846447500602,22.59183436559228,20.058983233431626,20.465674488742344,11.406362237580648,44.53129523842787,15.148487863373436,14.953540315928647,12.822760579171517,42.86780827732733,17.6295123434057,6.4044764031759716],
        [39.24712263512053,44.85417484284796,4.25277572734516,20.691625509801664,37.77591117818606,33.85351071440998,36.35788062923941,58.05655078339004,11.618120451871704,29.5106998741089,48.66433614538829,45.86173164192715,21.616013585956797,34.01706497461271,25.571362889640458,38.67152848090497,3.7482050130637377,23.115627376941482,41.26846447500602,0.0,19.1127069689742,23.48929282462267,24.69300272812351,29.864532986364527,29.16109782603671,37.96239848057119,26.502639090679615,29.220965603888462,25.741611510465738,45.54870228817738,39.24712263512053],
        [21.823501426970907,25.90173036193698,15.598192597914009,13.417651397328608,20.07342647634986,18.033896570601144,18.29962308622624,40.78217277809379,8.347471420734728,16.185298477947722,29.70650302817205,27.11272816601385,2.6047521722980953,15.988167095536202,6.656445676253848,30.956227372956544,21.36974022623711,8.10589299279196,22.59183436559228,19.1127069689742,0.0,5.309336176101078,12.782374501502039,11.337886196194003,28.016928248893965,19.7417090420502,7.639146307548247,12.12085014501403,25.237644266860652,30.97991253938429,21.823501426970907],
        [20.792410963351173,22.73745241179212,20.341015480144126,17.90091279315858,18.890266067198084,18.56623814368232,13.139066180577078,35.5348253489293,11.997887612869295,18.337914145068222,25.216210874431873,22.373850165585562,4.409725700530978,10.80109825805008,2.6837677245112213,27.306387446328145,25.27627264870872,11.059406310707704,20.058983233431626,23.48929282462267,5.309336176101078,0.0,16.056552293557402,10.016195380474413,26.44433323354265,14.651137338024231,6.426530677246742,12.47071024834034,24.11770119261331,31.384436059611943,20.792410963351173],
        [16.17434047583847,24.800407693317375,20.44025871515236,5.206356242285119,15.289539837506586,9.84074685359863,25.312396039119303,46.91212115829446,18.386209169143573,4.821780752841739,32.2996644405099,30.977067507054333,11.84557649965806,23.513188796016266,15.084033755261615,43.29834983689955,28.09352676558289,4.9974575046776435,20.465674488742344,24.69300272812351,12.782374501502039,16.056552293557402,0.0,11.606366489050991,40.73911368883396,26.157644827193078,11.550712809719663,8.12375558764465,37.86205009439648,20.86519752096237,16.17434047583847],
        [10.824906645163532,15.112024846179285,25.96579291698802,15.976801519566543,8.958227138581584,9.174416877148268,14.139204420643305,35.30772494720051,19.67698523643054,11.150382065493119,21.068435678997982,19.45668575539111,8.752967943466178,12.680805275004602,7.513880368542165,35.60758740006781,32.460616925682956,8.33126968801948,11.406362237580648,29.864532986364527,11.337886196194003,10.016195380474413,11.606366489050991,0.0,36.3060197337778,14.771492066579798,3.8232443554601403,3.9853935138580923,34.09393649686692,21.55836480121616,10.824906645163532],
        [46.789396505547856,45.75059037103573,30.032683315686768,40.24374070077986,44.854516839937446,45.0026286056439,30.39527486463914,43.39228428070161,24.052209525843473,44.12724110580693,43.21578694660097,39.546412634423454,29.52915072399902,29.122211628316546,28.798959979822378,12.893788674487443,27.207697867069268,36.112894151054626,44.53129523842787,29.16109782603671,28.016928248893965,26.44433323354265,40.73911368883396,36.3060197337778,0.0,31.845613857547175,32.866261062847,38.890908266968154,3.4350070017166625,57.81418076753677,46.789396505547856],
        [20.142680448702983,14.720652014004443,34.972550801857984,29.909258880423362,18.525624698909272,22.5755695907864,1.6927210490368012,21.24740719496347,26.351341734669425,25.835806851134297,11.85781189925232,8.40198093483545,17.880862492867937,3.9590700897891433,13.191634841264122,26.135817895633306,39.41132494476548,22.000639466600216,15.148487863373436,37.96239848057119,19.7417090420502,14.651137338024231,26.157644827193078,14.771492066579798,31.845613857547175,0.0,14.958389171128196,18.718640093618312,30.939729756671852,32.24523398194087,20.142680448702983],
        [14.619887460953287,18.35641873381386,22.74043883595314,14.953769080921704,12.770716094102841,12.171385089065911,13.936319399951211,36.11077717714516,15.982576754929955,12.634259757214068,23.137455454517024,21.02281690307647,5.034432210825198,12.013067662549384,4.235547599879398,33.02316179450729,28.941827031648284,7.059745940442064,14.953540315928647,26.502639090679615,7.639146307548247,6.426530677246742,11.550712809719663,3.8232443554601403,32.866261062847,14.958389171128196,0.0,6.135196892352048,30.53572490348401,24.957939163069632,14.619887460953287],
        [10.060749924597374,17.013495505485064,25.120300855609745,12.955931457568234,8.559116822335287,6.121913889784715,18.121092597751026,39.01574675183699,20.086156342190904,7.16520998080799,24.17603889323196,22.91214965984243,9.831594623938626,16.65389964093208,10.366644861103799,39.06817917863492,32.14130267430749,6.258475224218563,12.822760579171517,29.220965603888462,12.12085014501403,12.47071024834034,8.12375558764465,3.9853935138580923,38.890908266968154,18.718640093618312,6.135196892352048,0.0,36.46180212627668,19.063357693851447,10.060749924597374],
        [44.7345932245477,44.37726981203877,26.60280635532251,37.14353110324587,42.80595751675003,42.58370070042092,29.403884638510313,44.087677529183125,20.804036889609172,41.412959518859196,42.569218363773516,38.92576391140754,26.90956328647957,27.9190866435138,26.586567421065546,15.104268312430666,23.853248953529587,33.34234281305002,42.86780827732733,25.741611510465738,25.237644266860652,24.11770119261331,37.86205009439648,34.09393649686692,3.4350070017166625,30.939729756671852,30.53572490348401,36.46180212627668,0.0,55.48149891629822,44.7345932245477],
        [12.135583901721567,20.45443328639413,41.297091160659164,25.168818691746512,13.895342249054869,12.974685778042327,32.54187252383251,47.340069802904296,38.38831838500177,16.066566176574863,30.40000431942742,31.52376625563367,28.847416598556293,32.14084874593458,29.029353465446896,56.66333448827842,48.95659016173939,23.513635866758204,17.6295123434057,45.54870228817738,30.97991253938429,31.384436059611943,20.86519752096237,21.55836480121616,57.81418076753677,32.24523398194087,24.957939163069632,19.063357693851447,55.48149891629822,0.0,12.135583901721567],
        [0.0,10.440752363485146,35.1129146823373,21.376598341637372,1.9353347969124368,6.56483615553648,20.406742007667344,36.74867371437966,30.011313251107058,12.26888054986869,20.05470213102296,20.374788090161545,19.33325008986093,20.04603842517288,18.2017945889595,44.72491515749041,42.20059928566843,16.154053693812116,6.4044764031759716,39.24712263512053,21.823501426970907,20.792410963351173,16.17434047583847,10.824906645163532,46.789396505547856,20.142680448702983,14.619887460953287,10.060749924597374,44.7345932245477,12.135583901721567,0.0]
    ],
    "end_depot": 30,
    "start_depot": 0,
    "truck_dist": [
        [0.0,14.115202724479865,35.197119601311606,27.187290280704257,2.731177831851184,8.977924660889954,26.500591860485446,43.21221413411691,36.174395005333274,16.75592677761404,25.126380023986528,22.699900695165404,24.62288111033492,27.146634724783116,25.198281824301624,62.07881370429713,45.668619592126035,16.335344065692905,7.897831410619965,40.37870005701206,27.276463580662767,28.5495876794422,20.458555161274706,14.590431004219845,65.92370714401363,25.139294270805898,19.46129335194695,11.022205341004202,62.58642634101503,15.832746465841844,0.0],
        [14.115202724479865,0.0,49.14371006848701,41.30249300518412,14.293273505589148,23.09312738536982,22.16703998262849,29.097011409637048,36.31364843831909,30.871129502093904,11.011177299506663,13.414081425420605,26.000607383157966,22.81308284692616,20.86472994644467,57.745261826440185,52.53600886762059,30.45054679017277,6.2173713138599,52.19713875691177,28.555596195531134,24.216035801585246,34.573757885754574,18.74948053921125,61.590155266156685,20.805742392948943,21.096626634495912,23.112333795621964,58.25287446315807,20.73856536137511,14.115202724479865],
        [35.197119601311606,49.14371006848701,0.0,21.977090837647317,34.85043656289786,32.83258660694211,46.45605606536303,78.24072147812406,12.830061630167918,30.692702023296732,60.15488736799367,57.72840803917255,23.14310268532904,43.19842388006887,29.769491692725893,47.14696272233816,10.471499990814433,19.226414052070474,42.92633875462711,5.181580455700456,20.588113872955873,27.98792848487814,24.966474442291897,30.394229529275762,30.726587542702042,48.425187338802445,28.047083433991098,26.031376272865046,27.389306739703425,51.02986606715345,35.197119601311606],
        [27.187290280704257,41.30249300518412,21.977090837647317,0.0,27.009219499594973,18.209365619814303,38.61483900206014,70.39950441482117,22.954366241668986,10.431363503090218,52.31367030469079,49.88719097586966,15.301885622026155,35.35720681676598,21.928274629423004,48.85878494063285,32.44859082846175,10.851946215011353,35.08512169132422,27.158671293347776,14.056434816998483,20.146711421575255,6.728735119429551,22.553012465972873,52.70367838034936,40.58397027549955,20.20586637068821,18.190159209562157,49.366397577350746,29.05277522950613,27.187290280704257],
        [2.731177831851184,14.293273505589148,34.85043656289786,27.009219499594973,0.0,8.79985387978067,23.769414028634262,43.3902849152262,33.44321717348209,16.577855996504756,25.30445080509581,22.877971476274688,21.891703278483735,24.415456892931932,22.46710399245044,59.34763587244595,42.93744176027485,16.15727328458362,8.075902191729249,37.90386525132262,24.545285748811583,25.818409847591017,20.280484380165422,11.85925317236866,63.19252931216246,22.408116438954714,16.730115520095765,8.819060290032816,59.85524850916384,18.563924297693028,2.731177831851184],
        [8.977924660889954,23.09312738536982,32.83258660694211,18.209365619814303,8.79985387978067,0.0,24.13605886611595,52.19013879500687,33.809862010963776,7.778002116724085,34.10430468487648,31.677825356055358,22.258348115965422,24.78210173041362,22.833748829932127,59.714280709927635,43.30408659775654,13.60617255487163,16.87575607150992,38.014167062642564,24.91193058629327,26.185054685072704,11.480630500384752,12.225898009850347,63.55917414964415,22.7747612764364,17.096760357577452,8.657672346634705,60.22189334664553,18.19727946021134,8.977924660889954],
        [26.500591860485446,22.16703998262849,46.45605606536303,38.61483900206014,23.769414028634262,24.13605886611595,0.0,31.784665412761033,33.62599443519511,28.18347549896992,13.698831302630648,11.272351973809524,23.31295338003398,3.257632185294156,16.686564372637132,35.57822184381169,49.8483548644966,27.762892787048784,22.066756612407286,49.50948475378779,25.86794219240715,18.468127580484882,31.886103882630586,16.061826536087263,39.4231152835282,1.9691312734394195,18.408972631371928,20.42467979249798,36.085834480529584,42.33333832632729,26.500591860485446],
        [43.21221413411691,29.097011409637048,78.24072147812406,70.39950441482117,43.3902849152262,52.19013879500687,31.784665412761033,0.0,65.41065984795614,59.968140911730956,18.085834110130385,20.51231343895151,55.09761879279502,35.042297598055185,48.471229785398165,33.20608281234471,81.63302027725763,59.547558199809814,35.31438272349695,81.29415016654882,57.652607605168186,50.25279299324592,63.67076929539162,47.846491948848296,48.918358813063655,29.815534139321613,50.19363804413296,52.20934520525901,52.44838757294959,49.83557677101216,43.21221413411691],
        [36.174395005333274,36.31364843831909,12.830061630167918,22.954366241668986,33.44321717348209,33.809862010963776,33.62599443519511,65.41065984795614,0.0,31.6699774273184,47.324825737825755,44.89834640900463,11.551513894998353,30.36836224990095,16.939430062557975,34.31690109217024,16.2223604293015,20.203689456092143,31.740559757255113,15.883490318592678,8.897931424670505,15.157866854710223,25.943749846313565,21.58396400111343,29.749312138680374,35.59512570863453,16.713101653386325,25.15218966432907,26.412031335681757,52.00714147117512,36.174395005333274],
        [16.75592677761404,30.871129502093904,30.692702023296732,10.431363503090218,16.577855996504756,7.778002116724085,28.18347549896992,59.968140911730956,31.6699774273184,0.0,41.88230680160056,39.45582747277945,20.11846353232005,24.925843313675763,20.693864246286754,57.57439612628227,41.16420201411117,11.466287971226258,24.653758188234004,35.87428247899719,22.772046002647897,24.04517010142733,5.726227581004835,12.121648962882656,61.419289565998774,30.15260677240934,14.95687577393208,7.75879570647194,58.08200876300016,20.337164043856713,16.75592677761404],
        [25.126380023986528,11.011177299506663,60.15488736799367,52.31367030469079,25.30445080509581,34.10430468487648,13.698831302630648,18.085834110130385,47.324825737825755,41.88230680160056,0.0,4.592893396372354,37.011784682664626,16.956463487924804,30.38539567526778,48.92407379739193,63.54718616712725,41.461724089679436,17.228548613366563,63.20831605641843,39.56677349503779,32.16695888311553,45.58493518526123,29.76065783871791,52.76896723710844,11.984554363900692,32.107803934002575,34.12351109512863,49.43168643410982,31.749742660881772,25.126380023986528],
        [22.699900695165404,13.414081425420605,57.72840803917255,49.88719097586966,22.877971476274688,31.677825356055358,11.272351973809524,20.51231343895151,44.89834640900463,39.45582747277945,4.592893396372354,0.0,34.58530535384351,14.52998415910368,27.958916346446657,44.33118040101958,61.12070683830613,39.035244760858305,14.80206928454544,60.78183672759731,37.14029416621668,29.740479554294406,43.15845585644011,27.334178509896788,48.17607384073609,9.303220700370105,29.68132460518145,31.697031766307504,44.83879303773747,33.5803797691194,22.699900695165404],
        [24.62288111033492,26.000607383157966,23.14310268532904,15.301885622026155,21.891703278483735,22.258348115965422,23.31295338003398,55.09761879279502,11.551513894998353,20.11846353232005,37.011784682664626,34.58530535384351,0.0,20.055321194739825,6.626389007396849,37.45593259396222,26.53540148446262,8.652175561093792,20.18904586225676,26.196531373753803,2.653582470327848,4.844825799549099,14.392235951315214,10.032450106115075,41.300826033678725,25.2820846534734,5.16158775838797,13.600675769330717,37.96354523068011,40.45562757617677,24.62288111033492],
        [27.146634724783116,22.81308284692616,43.19842388006887,35.35720681676598,24.415456892931932,24.78210173041362,3.257632185294156,35.042297598055185,30.36836224990095,24.925843313675763,16.956463487924804,14.52998415910368,20.055321194739825,0.0,13.428932187342976,34.93217897951402,46.59072267920244,24.505260601754628,22.712799476704955,46.25185256849363,22.610310007112993,15.210495395190726,28.62847169733643,12.804194350793107,38.77707241923053,5.226763458733576,15.151340446077771,17.167047607203823,35.439791616231915,42.97938119062496,27.146634724783116],
        [25.198281824301624,20.86472994644467,29.769491692725893,21.928274629423004,22.46710399245044,22.833748829932127,16.686564372637132,48.471229785398165,16.939430062557975,20.693864246286754,30.38539567526778,27.958916346446657,6.626389007396849,13.428932187342976,0.0,36.880531879995516,33.16179049185947,11.076328414411652,20.764446576223463,32.82292038115065,9.181377819770017,3.351305855140577,15.199539509993453,10.60785082008178,40.725425319712016,18.655695646076552,5.736988472354675,14.176076483297422,37.38814451671341,41.03102829014347,25.198281824301624],
        [62.07881370429713,57.745261826440185,47.14696272233816,48.85878494063285,59.34763587244595,59.714280709927635,35.57822184381169,33.20608281234471,34.31690109217024,57.57439612628227,48.92407379739193,44.33118040101958,37.45593259396222,34.93217897951402,36.880531879995516,0.0,50.539261521471744,46.10810815505601,57.64497845621898,50.20039141076292,34.80235012363437,33.529226024854935,51.84816854527743,47.488382700077295,17.824600057277756,36.93951943349124,42.61752035235018,51.05660836329294,21.354628817163704,77.91156017013898,62.07881370429713],
        [45.668619592126035,52.53600886762059,10.471499990814433,32.44859082846175,42.93744176027485,43.30408659775654,49.8483548644966,81.63302027725763,16.2223604293015,41.16420201411117,63.54718616712725,61.12070683830613,26.53540148446262,46.59072267920244,33.16179049185947,50.539261521471744,0.0,29.697914042884907,46.31863755376069,5.289919535113976,23.980412672089454,31.38022728401172,35.437974433106334,33.78652832840934,32.71466146419399,51.81748613793602,31.439382233124675,34.64641425112183,29.184632704308044,61.50136605796788,45.668619592126035],
        [16.335344065692905,30.45054679017277,19.226414052070474,10.851946215011353,16.15727328458362,13.60617255487163,27.762892787048784,59.547558199809814,20.203689456092143,11.466287971226258,41.461724089679436,39.035244760858305,8.652175561093792,24.505260601754628,11.076328414411652,46.10810815505601,29.697914042884907,0.0,24.23317547631287,24.407994507770933,11.30575803142164,12.578882130201073,5.740060390221423,11.70106625096152,49.953001594772516,29.732024060488204,9.353920155676857,7.338212994550805,46.6157207917739,31.80345201508297,16.335344065692905],
        [7.897831410619965,6.2173713138599,42.92633875462711,35.08512169132422,8.075902191729249,16.87575607150992,22.066756612407286,35.31438272349695,31.740559757255113,24.653758188234004,17.228548613366563,14.80206928454544,20.18904586225676,22.712799476704955,20.764446576223463,57.64497845621898,46.31863755376069,24.23317547631287,0.0,45.97976744305187,22.842628332584606,24.11575243136404,28.35638657189467,12.532109225351348,61.48987189593548,20.705459022727737,15.027458103868788,16.894962481762064,58.152591092936866,20.266581713920004,7.897831410619965],
        [40.37870005701206,52.19713875691177,5.181580455700456,27.158671293347776,37.90386525132262,38.014167062642564,49.50948475378779,81.29415016654882,15.883490318592678,35.87428247899719,63.20831605641843,60.78183672759731,26.196531373753803,46.25185256849363,32.82292038115065,50.20039141076292,5.289919535113976,24.407994507770933,45.97976744305187,0.0,23.641542561380636,31.041357173302902,30.148054897992356,33.44765821770052,32.37579135348516,51.478616027227204,31.100512122415857,29.35649471600786,28.845762593599222,56.211446522853905,40.37870005701206],
        [27.276463580662767,28.555596195531134,20.588113872955873,14.056434816998483,24.545285748811583,24.91193058629327,25.86794219240715,57.652607605168186,8.897931424670505,22.772046002647897,39.56677349503779,37.14029416621668,2.653582470327848,22.610310007112993,9.181377819770017,34.80235012363437,23.980412672089454,11.30575803142164,22.842628332584606,23.641542561380636,0.0,7.399814611922267,17.045818421643062,12.686032576442923,38.64724356335088,27.83707346584657,7.815170228715818,16.254258239658565,35.30996276035226,43.109210046504614,27.276463580662767],
        [28.5495876794422,24.216035801585246,27.98792848487814,20.146711421575255,25.818409847591017,26.185054685072704,18.468127580484882,50.25279299324592,15.157866854710223,24.04517010142733,32.16695888311553,29.740479554294406,4.844825799549099,15.210495395190726,3.351305855140577,33.529226024854935,31.38022728401172,12.578882130201073,24.11575243136404,31.041357173302902,7.399814611922267,0.0,18.318942520422496,13.959156675222356,37.37411946457144,20.437258853924302,9.088294327495252,17.527382338438,34.03683866157283,44.38233414528405,28.5495876794422],
        [20.458555161274706,34.573757885754574,24.966474442291897,6.728735119429551,20.280484380165422,11.480630500384752,31.886103882630586,63.67076929539162,25.943749846313565,5.726227581004835,45.58493518526123,43.15845585644011,14.392235951315214,28.62847169733643,15.199539509993453,51.84816854527743,35.437974433106334,5.740060390221423,28.35638657189467,30.148054897992356,17.045818421643062,18.318942520422496,0.0,15.824277346543322,55.69306198499394,33.85523515607001,13.477131251258658,11.461424090132606,52.355781181995326,26.06339162486155,20.458555161274706],
        [14.590431004219845,18.74948053921125,30.394229529275762,22.553012465972873,11.85925317236866,12.225898009850347,16.061826536087263,47.846491948848296,21.58396400111343,12.121648962882656,29.76065783871791,27.334178509896788,10.032450106115075,12.804194350793107,10.60785082008178,47.488382700077295,33.78652832840934,11.70106625096152,12.532109225351348,33.44765821770052,12.686032576442923,13.959156675222356,15.824277346543322,0.0,51.333276139793796,18.030957809526683,4.870862347727105,4.362853256410716,47.99599533679519,30.423177470061688,14.590431004219845],
        [65.92370714401363,61.590155266156685,30.726587542702042,52.70367838034936,63.19252931216246,63.55917414964415,39.4231152835282,48.918358813063655,29.749312138680374,61.419289565998774,52.76896723710844,48.17607384073609,41.300826033678725,38.77707241923053,40.725425319712016,17.824600057277756,32.71466146419399,49.953001594772516,61.48987189593548,32.37579135348516,38.64724356335088,37.37411946457144,55.69306198499394,51.333276139793796,0.0,40.78441287320774,46.4624137920667,54.90150180300944,3.530028759885945,81.7564536098555,65.92370714401363],
        [25.139294270805898,20.805742392948943,48.425187338802445,40.58397027549955,22.408116438954714,22.7747612764364,1.9691312734394195,29.815534139321613,35.59512570863453,30.15260677240934,11.984554363900692,9.303220700370105,25.2820846534734,5.226763458733576,18.655695646076552,36.93951943349124,51.81748613793602,29.732024060488204,20.705459022727737,51.478616027227204,27.83707346584657,20.437258853924302,33.85523515607001,18.030957809526683,40.78441287320774,0.0,20.378103904811347,22.3938110659374,37.44713207020913,40.97204073664774,25.139294270805898],
        [19.46129335194695,21.096626634495912,28.047083433991098,20.20586637068821,16.730115520095765,17.096760357577452,18.408972631371928,50.19363804413296,16.713101653386325,14.95687577393208,32.107803934002575,29.68132460518145,5.16158775838797,15.151340446077771,5.736988472354675,42.61752035235018,31.439382233124675,9.353920155676857,15.027458103868788,31.100512122415857,7.815170228715818,9.088294327495252,13.477131251258658,4.870862347727105,46.4624137920667,20.378103904811347,0.0,8.439088010942747,43.12513298906808,35.29403981778879,19.46129335194695],
        [11.022205341004202,23.112333795621964,26.031376272865046,18.190159209562157,8.819060290032816,8.657672346634705,20.42467979249798,52.20934520525901,25.15218966432907,7.75879570647194,34.12351109512863,31.697031766307504,13.600675769330717,17.167047607203823,14.176076483297422,51.05660836329294,34.64641425112183,7.338212994550805,16.894962481762064,29.35649471600786,16.254258239658565,17.527382338438,11.461424090132606,4.362853256410716,54.90150180300944,22.3938110659374,8.439088010942747,0.0,51.56422100001083,26.854951806846046,11.022205341004202],
        [62.58642634101503,58.25287446315807,27.389306739703425,49.366397577350746,59.85524850916384,60.22189334664553,36.085834480529584,52.44838757294959,26.412031335681757,58.08200876300016,49.43168643410982,44.83879303773747,37.96354523068011,35.439791616231915,37.38814451671341,21.354628817163704,29.184632704308044,46.6157207917739,58.152591092936866,28.845762593599222,35.30996276035226,34.03683866157283,52.355781181995326,47.99599533679519,3.530028759885945,37.44713207020913,43.12513298906808,51.56422100001083,0.0,78.41917280685686,62.58642634101503],
        [15.832746465841844,20.73856536137511,51.02986606715345,29.05277522950613,18.563924297693028,18.19727946021134,42.33333832632729,49.83557677101216,52.00714147117512,20.337164043856713,31.749742660881772,33.5803797691194,40.45562757617677,42.97938119062496,41.03102829014347,77.91156017013898,61.50136605796788,31.80345201508297,20.266581713920004,56.211446522853905,43.109210046504614,44.38233414528405,26.06339162486155,30.423177470061688,81.7564536098555,40.97204073664774,35.29403981778879,26.854951806846046,78.41917280685686,0.0,15.832746465841844],
        [0.0,14.115202724479865,35.197119601311606,27.187290280704257,2.731177831851184,8.977924660889954,26.500591860485446,43.21221413411691,36.174395005333274,16.75592677761404,25.126380023986528,22.699900695165404,24.62288111033492,27.146634724783116,25.198281824301624,62.07881370429713,45.668619592126035,16.335344065692905,7.897831410619965,40.37870005701206,27.276463580662767,28.5495876794422,20.458555161274706,14.590431004219845,65.92370714401363,25.139294270805898,19.46129335194695,11.022205341004202,62.58642634101503,15.832746465841844,0.0]
    ],
    "vertex_count": 31
}