{
    "drone_dist": [
        [0.0,4529.522132028834,1735.0061496874177,2234.758436045433,3881.618535865506,3048.9057279543376,4913.652834859196,2224.892518049551,1060.8722446846625,2388.7705504113273,2535.6496143365844,2207.546108325612,1171.4701224895584,2470.237786310628,2242.7144200891953,2408.7642634646995,2074.5007822760904,2205.017399068783,919.3069388017052,1898.330948902066,569.2266071884852,2326.880424119573,2747.5859618729637,3883.7414915030163,1201.0717705177105,2117.004813998287,2472.1558285745673,1808.399026554842,2591.994967364549,2433.5005412696214,2438.276051829469,2464.50141294698,2886.5637662814233,1128.4092524160576,3716.507233056334,1789.3403607331798,2994.8110584115284,2432.31698177904,1176.3225307699902,1986.1950550044173,219.6682119243495,2163.713789561723,2601.5895391514264,688.4217286047362,2287.8251018145543,2104.3168758473694,3362.8775920946114,910.4266912196454,4267.807622819863,2012.977215898389,0.0],
        [4529.522132028834,0.0,3435.256955147056,3529.3289119697797,3808.0740274343543,3149.148958487579,765.3741115521542,5929.923563331737,4708.162418709145,2993.2094259433843,2059.1830005417046,2426.9364890456004,4932.382394605764,3047.072221767388,4036.784169176209,5551.182079596147,3807.7172302317263,3536.3278588151175,4616.741615091341,2986.5045417000388,4668.088735583402,5211.242983895857,2774.2371923901615,1308.8878969071898,3372.5766354501884,5136.402650339269,4755.294375501155,2904.2137791144164,5537.337584426593,5513.741900912257,2507.7913852949177,5058.048469902332,3649.8779367011166,3412.1104194670834,2829.5356788760687,4314.91644132116,4872.5700838186585,2184.5125314494617,4616.356894205372,5373.087728709106,4335.458307197164,2820.3094792178913,2086.230306807188,4638.210341088794,4681.180534108606,3487.281704747413,1891.8309753316853,3889.2062427852375,961.5110436822555,3533.781078526242,4529.522132028834],
        [1735.0061496874177,3435.256955147056,0.0,2867.176819918902,2207.75848326098,1316.7772582840096,4018.5210624805177,2494.9182277715972,1355.713418291822,2666.727871630117,1436.7675102561045,1085.9905832177271,1563.7392937897134,740.8501053947641,3163.9170441141646,2156.6161261766265,2893.125662906274,545.6148209526029,1310.5805513306223,2078.744382020018,1520.8874039067796,1845.9094293044318,2896.0884121778454,2448.79721396322,1438.9754169373502,1734.5187996621023,3687.033051634614,1830.7474641392575,2186.971533461833,2129.1140185302893,946.4165544356134,1762.8004175262479,1240.3819919356988,1033.7643976807674,1986.5069120938722,2946.066711985729,1890.6577950656206,1306.0148615773132,1229.4482890170914,1940.4665696683865,1669.0565046147553,622.1660209198873,1355.988671673534,2284.4310691961114,1397.41165654775,422.15477265912114,3026.225707571054,824.7218797252912,3533.328352734964,354.6769781308331,1735.0061496874177],
        [2234.758436045433,3529.3289119697797,2867.176819918902,0.0,4895.57093141377,3896.7984161604686,3572.992691009947,4437.622184255417,3147.2588322164174,536.2167745900192,2347.5766749392533,2310.156569267526,3322.250387977099,3304.3201827482617,509.5533819618462,4503.224313088388,302.7824971833101,3394.1964759159764,2994.0990522484108,853.9130677672629,2744.4116778891857,4328.291456272513,817.7071972822174,3586.729631597079,1455.7249723340854,4138.769681828911,1232.8201708134357,1106.4488277820926,4643.567550304142,4511.608897888876,2813.2705317062255,4377.012908841573,4039.9002001511512,1872.1576826036028,4283.4550716348085,878.1525345804648,4704.740281544309,2354.3837054339547,3194.1588863228026,4113.392251322048,2033.654643805751,2775.5926740792333,2552.714261326801,1814.0617839234594,4085.082477894018,3269.245498190382,1735.9064934090088,2426.2974779040455,2851.2193732060814,3217.7205720824795,2234.758436045433],
        [3881.618535865506,3808.0740274343543,2207.75848326098,4895.57093141377,0.0,1000.3860009525092,4565.039188557463,3588.970009437192,3143.3085149075027,4566.4990943309185,2728.687576160796,2622.6572055487104,3257.135541953956,1598.7884699585434,5267.845772709851,2921.387920144722,4983.872799303883,1684.9797995327206,3189.9742931575174,4046.7352956812388,3521.8113070928525,2584.231000520013,4686.342785259429,2500.0947631181493,3577.589497530245,2672.2155526414926,5850.365899649585,3790.8583776490714,2759.3287684088996,2855.0401999368028,2115.7759946802225,2307.9410248427885,995.3442623659209,3206.149174189104,978.7011041806932,5118.749174877888,1702.6879067677621,2661.259933472104,2974.9266488940266,3051.615652903401,3851.2504558785395,2120.662237373305,2514.898578326849,4480.138834815775,2088.1796963453403,1796.6661785080341,4437.338883233453,2997.5425947797316,4405.223931912324,1882.3745475258129,3881.618535865506],
        [3048.9057279543376,3149.148958487579,1316.7772582840096,3896.7984161604686,1000.3860009525092,0.0,3870.2706465115903,3270.763187657591,2489.0192411994303,3567.0820398024457,1758.607916884387,1625.6506553855527,2651.163656975429,620.6882153402944,4276.213331609726,2703.446962202772,3990.9504354637393,885.8544960869697,2495.921306504646,3046.9385138226944,2777.4567747860856,2340.7895411654677,3694.28308895104,1879.1501246908883,2604.3307333903444,2348.9930250375096,4873.153176660713,2791.3669713484,2613.408537031782,2648.3604719413643,1122.0414769371491,2113.7726182356982,525.0205686763588,2252.1689690391318,737.7966043426378,4148.369182170018,1760.6309124062232,1680.063819038808,2329.3376768496073,2689.4838747855038,2985.3694123109594,1124.8773737331755,1551.4784805629004,3595.091601946687,1777.6058511339008,960.7306230934664,3498.178407387864,2140.1023374730094,3599.5670100966486,1054.7590083459727,3048.9057279543376],
        [4913.652834859196,765.3741115521542,4018.5210624805177,3572.992691009947,4565.039188557463,3870.2706465115903,0.0,6495.634361050833,5224.008121714952,3053.7968743529505,2590.8612079621485,2957.3225206502507,5450.225220077093,3711.639383438092,4060.862329493293,6165.933536521596,3869.919834515954,4183.078482566454,5118.864951292438,3193.544869231189,5124.307754885463,5837.018271272796,2764.3748808318505,2065.29936067241,3719.477886198326,5746.060322721755,4753.631943812366,3171.0774224558563,6170.1633310035,6133.147480274415,3128.4826219117726,5702.926786293693,4358.096949884103,3834.7522046705,3587.481835284647,4419.442396845993,5565.059275285299,2721.6906745595975,5148.798885460943,5955.937850695955,4706.804105142551,3423.219286764349,2665.5758996340237,4922.95423374031,5324.3907830666285,4121.6874786985045,1838.438089779676,4372.050083703665,721.7739320481071,4158.569602665813,4913.652834859196],
        [2224.892518049551,5929.923563331737,2494.9182277715972,4437.622184255417,3588.970009437192,3270.763187657591,6495.634361050833,0.0,1348.845144778908,4511.649233436412,3904.917412809909,3538.5171162136003,1139.536586074394,3009.038679371571,4467.130665591389,703.4654309030611,4296.0022951393885,2505.4588507910453,1490.0989775367307,3950.8277283286625,1693.2473405671913,1006.5624793588156,4844.891673199711,4895.678374044823,3158.9679336844856,931.6593294778343,4636.596228720068,3782.921333760372,925.0919755083768,772.8535153118819,3433.3929255371813,1287.5346374256671,2809.21157438805,2844.218253754606,3993.0148336444886,3997.8395506521597,1964.3562978667117,3774.2528063628715,1375.320686292069,584.3349004677751,2410.218355814287,3113.5376052598053,3846.7250869039117,2824.2911645498343,1523.4295078476348,2511.962016876522,5277.154753538447,2217.295027648451,5965.139418813001,2444.4451174453366,2224.892518049551],
        [1060.8722446846625,4708.162418709145,1355.713418291822,3147.2588322164174,3143.3085149075027,2489.0192411994303,5224.008121714952,1348.845144778908,0.0,3178.6787087871016,2651.8231213905447,2282.6345677504246,226.28050372953973,2034.5373447023037,3240.9558674282916,1369.8416168524975,3038.7191709174745,1606.2768483013767,153.58522576671047,2608.478708150039,502.019715717826,1266.0205909602091,3504.3584639896317,3798.619948114287,1814.5461823930182,1056.462451339954,3527.172471136924,2434.9779525703143,1538.6733484944136,1387.4843144916276,2285.6896339073555,1412.8539794715825,2176.160698068476,1496.533169693983,3219.525174250495,2826.7946484043146,1991.6984455280335,2524.5705739882433,168.54980671852758,966.6370181092261,1187.2821951090616,1961.6874168067686,2629.784720730294,1745.2908536051166,1282.7819396576347,1552.3891253232653,3932.472038385589,875.8457785877615,4659.960302353,1462.0285369792728,1060.8722446846625],
        [2388.7705504113273,2993.2094259433843,2666.727871630117,536.2167745900192,4566.4990943309185,3567.0820398024457,3053.7968743529505,4511.649233436412,3178.6787087871016,0.0,1920.587040918193,1945.889986857258,3374.7950555387315,3002.6867513696584,1044.9433530579229,4493.372512430516,820.5076088063873,3163.776474601423,3029.794557433016,597.7361781985055,2835.810910555847,4281.149702257569,369.83762197473027,3088.946522983255,1376.364161376775,4105.240250743598,1766.9783490642444,836.3229894229577,4610.1440338130715,4493.495248791084,2454.706861450768,4295.220701326091,3767.8450807912795,1761.5843585987043,3888.3669810048737,1367.2943452447762,4548.673886118788,1947.9519544819982,3197.7202343209487,4129.560961324341,2172.6307150798366,2469.0923141888375,2134.217859180893,2103.278914369166,3975.2537263967442,3041.873802078466,1225.7729758860057,2375.0584812225725,2332.756841275613,3003.2138416176754,2388.7705504113273],
        [2535.6496143365844,2059.1830005417046,1436.7675102561045,2347.5766749392533,2728.687576160796,1758.607916884387,2590.8612079621485,3904.917412809909,2651.8231213905447,1920.587040918193,0.0,369.42731195609673,2876.8968232223438,1319.2486067842672,2805.9255376663805,3593.1314804259578,2520.422511913357,1695.2628011043541,2557.8708643468403,1517.5933200280342,2617.248030740359,3277.0574065553947,1979.759824480789,1399.9109419645479,1492.7839314501812,3171.1728047465676,3490.88042112088,1299.6055772355173,3616.0556491460698,3564.6322849124144,670.4909733782116,3171.1726992932663,2094.452021346667,1408.2048792793805,1974.159358966782,2848.3565269429705,3158.0505444885334,131.12374748677954,2566.198185495697,3366.8522288874797,2361.438612388051,882.8209245541705,217.6467073010828,2778.3440586469724,2795.417775308214,1607.9347474853548,1753.614452636546,1832.4254218187218,2099.7774812612915,1624.4896152604194,2535.6496143365844],
        [2207.546108325612,2426.9364890456004,1085.9905832177271,2310.156569267526,2622.6572055487104,1625.6506553855527,2957.3225206502507,3538.5171162136003,2282.6345677504246,1945.889986857258,369.42731195609673,0.0,2507.600972809511,1098.8326597559023,2731.8300420592595,3240.905844795794,2443.379205644479,1402.1977602944748,2189.824489513573,1456.9323759058084,2258.5176869046977,2931.683819585687,2071.0735960990487,1682.2107505476333,1248.2422630189385,2818.5900707615697,3385.132697004709,1210.7798732365695,3272.371836541373,3214.5619880925046,508.89191404974974,2838.4805787993073,1884.5306204681558,1091.2045465370968,1976.5275510766123,2704.6773454893473,2871.49955937046,242.49022689778195,2196.8782058247552,3004.479818821274,2044.4214728580364,593.6673912345957,394.6337638756992,2503.4953689081394,2466.0629106504107,1302.7670929620926,1998.2083873410227,1469.9527571843514,2448.6708547819926,1306.5576193910601,2207.546108325612],
        [1171.4701224895584,4932.382394605764,1563.7392937897134,3322.250387977099,3257.135541953956,2651.163656975429,5450.225220077093,1139.536586074394,226.28050372953973,3374.7950555387315,2876.8968232223438,2507.600972809511,0.0,2223.192116382111,3391.9114389277124,1237.9715500840118,3200.393296374833,1776.2898678381928,352.3015100373455,2811.376945952318,603.4426444784351,1190.4006296641173,3705.821752985101,4011.090425960589,2019.4885918401412,978.3406213837678,3642.5646572319192,2644.690876932167,1428.3063011385486,1264.9873161826745,2500.410736257416,1375.5385552700373,2309.0537404727165,1714.049443261137,3386.1503051680493,2958.0631870451057,2002.1768764758647,2749.360781197568,336.1332271647497,815.0718311025471,1324.889859711343,2175.6610217324865,2852.326985359132,1838.320638168866,1306.9479923727108,1732.3465432206226,4151.248995209919,1098.8991921734134,4885.754784609098,1644.522057995447,1171.4701224895584],
        [2470.237786310628,3047.072221767388,740.8501053947641,3304.3201827482617,1598.7884699585434,620.6882153402944,3711.639383438092,3009.038679371571,2034.5373447023037,3002.6867513696584,1319.2486067842672,1098.8326597559023,2223.192116382111,0.0,3669.201941473664,2537.517286714146,3385.6088149647294,507.7428989847938,2013.6409848083533,2461.284705593859,2253.7675910926596,2185.433451035161,3159.1760460657842,1899.1807561523399,1985.4853856128507,2137.9965704158985,4256.379331066032,2204.2774121682382,2501.2007234328544,2493.628796643503,649.6405259545166,2014.419693341264,786.0153341018707,1631.7523258858666,1246.7578340981681,3529.3817884520104,1870.6045039390494,1214.0581591057964,1888.607566226108,2427.438568995007,2391.192977089832,533.6775840257932,1143.6241352154386,2990.0184435041474,1640.1950415678998,502.30732708075357,3068.315455563097,1560.5397851133368,3337.0648468797913,582.4089010884375,2470.237786310628],
        [2242.7144200891953,4036.784169176209,3163.9170441141646,509.5533819618462,5267.845772709851,4276.213331609726,4060.862329493293,4467.130665591389,3240.9558674282916,1044.9433530579229,2805.9255376663805,2731.8300420592595,3391.9114389277124,3669.201941473664,0.0,4610.708311353076,288.4545999498383,3704.456301890544,3087.944139979526,1288.969037522618,2793.263541352992,4471.824941039545,1296.4874749082264,4079.7837802056524,1724.94344784648,4272.6772462864155,723.5474049815354,1522.723032939554,4770.860436282188,4626.550616201736,3223.911782471864,4550.670509410447,4374.559048053348,2135.4185434902674,4707.611763446605,546.7343946618341,4938.876735350092,2800.7678984570553,3312.2555294744,4202.227804119844,2068.1383197621826,3151.5115090618565,3004.044987726585,1697.6286366389445,4286.873285730696,3579.093934817114,2222.6614595310275,2616.1646802022915,3339.7826314475833,3518.4997303671967,2242.7144200891953],
        [2408.7642634646995,5551.182079596147,2156.6161261766265,4503.224313088388,2921.387920144722,2703.446962202772,6165.933536521596,703.4654309030611,1369.8416168524975,4493.372512430516,3593.1314804259578,3240.905844795794,1237.9715500840118,2537.517286714146,4610.708311353076,0.0,4405.602743066997,2031.4337965780376,1522.7642741318687,3905.944512257118,1839.7211490461546,362.6616816575035,4798.701711652522,4435.721894877074,3117.009908491487,422.32616247936295,4880.465409184333,3705.401473296165,238.4721797392055,69.49530730950458,3045.630785262425,616.4985944770376,2210.669462285883,2746.7504721611226,3402.3176483903867,4191.61155433016,1265.9299699704452,3462.5136260244926,1309.0674027911068,431.51516060640216,2553.2103928802035,2743.010757138448,3500.7094829241023,3074.5244712585136,926.39327735226,2066.9702428719393,5113.207116853236,2119.8862085593887,5689.442272667707,2017.426973651097,2408.7642634646995],
        [2074.5007822760904,3807.7172302317263,2893.125662906274,302.7824971833101,4983.872799303883,3990.9504354637393,3869.919834515954,4296.0022951393885,3038.7191709174745,820.5076088063873,2520.422511913357,2443.379205644479,3200.393296374833,3385.6088149647294,288.4545999498383,4405.602743066997,0.0,3431.264112574244,2885.162594287908,1002.8621225628907,2608.923183450591,4252.120827248913,1119.8852226927474,3805.8559180980646,1455.8064905832478,4056.4140451036815,986.1252609337397,1234.4993442146126,4557.94570885178,4418.413014630796,2935.6966159714448,4319.777787760109,4096.719127616419,1870.093083549092,4419.173491040908,577.4675455662943,4687.8672494129305,2513.5829908572764,3100.2157558531903,4004.2661097476785,1886.2183962753932,2866.0911686428894,2717.334195753769,1590.7155669748877,4045.7100796876553,3305.846679122519,2034.6658845129348,2375.110125638164,3148.242687905882,3247.2864382901885,2074.5007822760904],
        [2205.017399068783,3536.3278588151175,545.6148209526029,3394.1964759159764,1684.9797995327206,885.8544960869697,4183.078482566454,2505.4588507910453,1606.2768483013767,3163.776474601423,1695.2628011043541,1402.1977602944748,1776.2898678381928,507.7428989847938,3704.456301890544,2031.4337965780376,3431.264112574244,0.0,1610.0895145436941,2586.552841527412,1896.756601105685,1681.6301843156734,3368.3429107957536,2406.7440594619598,1980.3419902350236,1630.3148307965978,4232.647476065002,2333.2634890785002,2002.1884450277853,1988.6842559415993,1062.6880130086092,1522.480335480753,700.722553488608,1578.6275938945178,1613.248818371211,3491.6176771503547,1469.3981740960976,1574.2886819874857,1449.2220186412421,1922.6480531527804,2166.801807458846,815.4210141516228,1553.2220436119496,2795.215729697411,1144.967191502478,125.41816453238462,3399.58929654557,1312.8105659003186,3771.8975694383216,198.5023233130919,2205.017399068783],
        [919.3069388017052,4616.741615091341,1310.5805513306223,2994.0990522484108,3189.9742931575174,2495.921306504646,5118.864951292438,1490.0989775367307,153.58522576671047,3029.794557433016,2557.8708643468403,2189.824489513573,352.3015100373455,2013.6409848083533,3087.944139979526,1522.7642741318687,2885.162594287908,1610.0895145436941,0.0,2462.3818758190387,376.3006736906178,1410.6707340492515,3357.6846862280036,3737.527759598668,1669.3682232178094,1202.620429740819,3379.8900723165766,2293.0365091693125,1689.0684699981134,1539.5826039122257,2222.8057536572787,1546.332305704029,2211.143242487636,1362.3421573169426,3219.748226785913,2676.521394743912,2103.8004074560654,2432.2854271263595,262.15168755612046,1120.1377678162419,1037.526116968707,1901.441012493678,2546.3073582046673,1606.525550334217,1393.2703988820642,1545.4498107990669,3799.6636212971716,753.3084540547685,4545.071312652585,1452.906012425955,919.3069388017052],
        [1898.330948902066,2986.5045417000388,2078.744382020018,853.9130677672629,4046.7352956812388,3046.9385138226944,3193.544869231189,3950.8277283286625,2608.478708150039,597.7361781985055,1517.5933200280342,1456.9323759058084,2811.376945952318,2461.284705593859,1288.969037522618,3905.944512257118,1002.8621225628907,2586.552841527412,2462.3818758190387,0.0,2296.315681569256,3687.3248824562124,896.3670747247965,2826.2694042653784,794.5134812452831,3513.816086138579,1977.324764201187,257.14321550266635,4017.984467358592,3904.3145467488735,1959.3596775513715,3698.047474426872,3210.489277835216,1166.1540537780118,3431.991493270269,1378.6557671165183,3954.901813221996,1512.4651712099092,2618.055653503059,3549.729478471947,1678.6762694447732,1929.6361790229896,1715.1467706591447,1747.3503735658674,3377.5441841531733,2463.224466411344,1487.314653725236,1786.0643290284645,2495.3272948613267,2420.1747543927518,1898.330948902066],
        [569.2266071884852,4668.088735583402,1520.8874039067796,2744.4116778891857,3521.8113070928525,2777.4567747860856,5124.307754885463,1693.2473405671913,502.019715717826,2835.810910555847,2617.248030740359,2258.5176869046977,603.4426444784351,2253.7675910926596,2793.263541352992,1839.7211490461546,2608.923183450591,1896.756601105685,376.3006736906178,2296.315681569256,0.0,1763.7293965339347,3179.928657235994,3876.0425316123697,1524.1247712410989,1552.7472183193722,3041.3763912164545,2157.799285820833,2023.3201665285835,1864.2819149212971,2371.728363216161,1914.7467164521463,2533.1931615988196,1296.0620924676011,3486.1638580950557,2354.653509928814,2480.094446734974,2498.5420463035143,638.1082404378847,1418.508375678683,725.1931827130096,2062.528141840725,2636.6768181883995,1246.3708174143196,1769.561820015261,1817.0199509532727,3700.911233097662,792.4062853565719,4518.102008967163,1722.9988508360293,569.2266071884852],
        [2326.880424119573,5211.242983895857,1845.9094293044318,4328.291456272513,2584.231000520013,2340.7895411654677,5837.018271272796,1006.5624793588156,1266.0205909602091,4281.149702257569,3277.0574065553947,2931.683819585687,1190.4006296641173,2185.433451035161,4471.824941039545,362.6616816575035,4252.120827248913,1681.6301843156734,1410.6707340492515,3687.3248824562124,1763.7293965339347,0.0,4572.564398369477,4081.41792526314,2909.5135289465925,212.1788047229086,4790.108817427695,3474.9682377806425,342.4245730789587,310.313332240405,2710.697359749581,282.9726022806841,1849.3476967838594,2521.37119472986,3041.0364537965993,4081.5954671664163,978.1173671527042,3147.233458953342,1165.7780973261874,530.3260405465244,2446.0704375916653,2414.9512018125347,3174.927894255939,3009.9443656025096,563.8959197067499,1723.9845790895479,4839.379895357997,1910.8066174756214,5376.565783796684,1679.922645133507,2326.880424119573],
        [2747.5859618729637,2774.2371923901615,2896.0884121778454,817.7071972822174,4686.342785259429,3694.28308895104,2764.3748808318505,4844.891673199711,3504.3584639896317,369.83762197473027,1979.759824480789,2071.0735960990487,3705.821752985101,3159.1760460657842,1296.4874749082264,4798.701711652522,1119.8852226927474,3368.3429107957536,3357.6846862280036,896.3670747247965,3179.928657235994,4572.564398369477,0.0,3018.160818708989,1690.8721191461195,4403.0021073751905,1996.6773801161266,1097.8762272940094,4905.818581399032,4795.667205533459,2572.3806039401643,4571.498686454584,3938.090511069566,2053.271602640337,3951.2857598264477,1689.7897644431084,4786.492225843359,2030.198533051472,3514.1938784393947,4445.68008571236,2530.1242844280346,2630.4929293390405,2197.3831279130036,2473.068187248195,4240.138324670153,3249.8219929707025,926.3294164273321,2679.3609912027055,2043.3764634976756,3219.6377231253887,2747.5859618729637],
        [3883.7414915030163,1308.8878969071898,2448.79721396322,3586.729631597079,2500.0947631181493,1879.1501246908883,2065.29936067241,4895.678374044823,3798.619948114287,3088.946522983255,1399.9109419645479,1682.2107505476333,4011.090425960589,1899.1807561523399,4079.7837802056524,4435.721894877074,3805.8559180980646,2406.7440594619598,3737.527759598668,2826.2694042653784,3876.0425316123697,4081.41792526314,3018.160818708989,0.0,2892.32435751097,4037.042245798086,4791.601181828178,2644.5038341615686,4390.404585152489,4390.61442859957,1514.7221409761155,3896.5531844472057,2396.0380943592177,2773.402666207927,1522.1925134245296,4197.800640018049,3632.492745733076,1476.2914556293385,3677.8843675526673,4318.175137294085,3725.7788297325305,1837.209167907182,1288.297521004622,4173.95145292509,3528.7652210255505,2386.1114056293172,2386.759781890138,3086.578598502074,1985.2698022333602,2451.2735873691504,3883.7414915030163],
        [1201.0717705177105,3372.5766354501884,1438.9754169373502,1455.7249723340854,3577.589497530245,2604.3307333903444,3719.477886198326,3158.9679336844856,1814.5461823930182,1376.364161376775,1492.7839314501812,1248.2422630189385,2019.4885918401412,1985.4853856128507,1724.94344784648,3117.009908491487,1455.8064905832478,1980.3419902350236,1669.3682232178094,794.5134812452831,1524.1247712410989,2909.5135289465925,1690.8721191461195,2892.32435751097,0.0,2730.533091823579,2272.794386219602,633.6925977171421,3235.9405503715143,3117.4083726122685,1654.2271500308063,2937.020480760654,2657.3075542054867,417.28240033306514,3123.084784204313,1544.0420038140182,3249.2849940351784,1421.0296275355915,1824.1448391069205,2756.0530208236546,989.2374946592882,1499.3814922796898,1621.4027692612017,1292.1774124241103,2633.8878013440135,1855.0849592774216,2182.761146960485,999.8205594752487,3067.1719755878444,1793.5761981548458,1201.0717705177105],
        [2117.004813998287,5136.402650339269,1734.5187996621023,4138.769681828911,2672.2155526414926,2348.9930250375096,5746.060322721755,931.6593294778343,1056.462451339954,4105.240250743598,3171.1728047465676,2818.5900707615697,978.3406213837678,2137.9965704158985,4272.6772462864155,422.32616247936295,4056.4140451036815,1630.3148307965978,1202.620429740819,3513.816086138579,1552.7472183193722,212.1788047229086,4403.0021073751905,4037.042245798086,2730.533091823579,0.0,4582.508996972722,3306.8182820113666,505.80195067166386,400.94013568826887,2629.2716016789473,438.76185307060774,1878.7147143196098,2349.7781926717694,3065.4095708436444,3876.6107037116362,1133.1589372425453,3040.497885421594,961.9636279074833,382.06533361848375,2239.3827895262334,2323.9815366074718,3080.537172972248,2799.100796864794,592.4067422578933,1657.9949909588115,4697.140871572584,1730.7163020502533,5267.151842058187,1604.2952619024572,2117.004813998287],
        [2472.1558285745673,4755.294375501155,3687.033051634614,1232.8201708134357,5850.365899649585,4873.153176660713,4753.631943812366,4636.596228720068,3527.172471136924,1766.9783490642444,3490.88042112088,3385.132697004709,3642.5646572319192,4256.379331066032,723.5474049815354,4880.465409184333,986.1252609337397,4232.647476065002,3379.8900723165766,1977.324764201187,3041.3763912164545,4790.108817427695,1996.6773801161266,4791.601181828178,2272.794386219602,4582.508996972722,0.0,2193.1244275235626,5063.428414078857,4905.656230515653,3861.8699108591313,4905.349866620832,4921.579436278291,2656.170640374841,5349.718396246147,743.3236090395544,5362.422436688546,3475.3726752159214,3626.388814567729,4455.859412422194,2344.562297208284,3756.285915138711,3681.6406474134296,1816.5254397574013,4680.408809607773,4108.764276621623,2920.4778497782067,3039.7808724848182,4035.097505590853,4039.2977873525915,2472.1558285745673],
        [1808.399026554842,2904.2137791144164,1830.7474641392575,1106.4488277820926,3790.8583776490714,2791.3669713484,3171.0774224558563,3782.921333760372,2434.9779525703143,836.3229894229577,1299.6055772355173,1210.7798732365695,2644.690876932167,2204.2774121682382,1522.723032939554,3705.401473296165,1234.4993442146126,2333.2634890785002,2293.0365091693125,257.14321550266635,2157.799285820833,3474.9682377806425,1097.8762272940094,2644.5038341615686,633.6925977171421,3306.8182820113666,2193.1244275235626,0.0,3808.874570710592,3700.86660317898,1709.2623700444478,3474.90922889148,2953.7508230361723,958.7148417661278,3187.3036473728284,1555.692351118597,3712.7624532464147,1282.700228953296,2432.267196363502,3360.840286113412,1590.518203392675,1672.8955521577172,1488.5636158874343,1753.2435902894524,3147.4565496080995,2210.391912222694,1555.9529838134565,1589.6123076482327,2492.4182532136847,2169.21394666714,1808.399026554842],
        [2591.994967364549,5537.337584426593,2186.971533461833,4643.567550304142,2759.3287684088996,2613.408537031782,6170.1633310035,925.0919755083768,1538.6733484944136,4610.1440338130715,3616.0556491460698,3272.371836541373,1428.3063011385486,2501.2007234328544,4770.860436282188,238.4721797392055,4557.94570885178,2002.1884450277853,1689.0684699981134,4017.984467358592,2023.3201665285835,342.4245730789587,4905.818581399032,4390.404585152489,3235.9405503715143,505.80195067166386,5063.428414078857,3808.874570710592,0.0,180.3514999382798,3042.147976239962,499.9753515724467,2106.2156618042013,2853.0444185510155,3293.2699535282104,4365.399870091207,1075.3282855315636,3486.5026946213784,1458.7349135560596,647.7083631267096,2725.9467424045783,2750.3742444340537,3510.660487307959,3266.0168114037238,861.8959006800092,2051.4727778881897,5181.379564750435,2236.1348556358284,5715.805320399441,2011.6012665122125,2591.994967364549],
        [2433.5005412696214,5513.741900912257,2129.1140185302893,4511.608897888876,2855.0401999368028,2648.3604719413643,6133.147480274415,772.8535153118819,1387.4843144916276,4493.495248791084,3564.6322849124144,3214.5619880925046,1264.9873161826745,2493.628796643503,4626.550616201736,69.49530730950458,4418.413014630796,1988.6842559415993,1539.5826039122257,3904.3145467488735,1864.2819149212971,310.313332240405,4795.667205533459,4390.61442859957,3117.4083726122685,400.94013568826887,4905.656230515653,3700.86660317898,180.3514999382798,0.0,3009.9823475388694,552.7653215796146,2152.628347210502,2742.6831824799306,3344.0105456482656,4212.839775868865,1196.7395314437254,3434.243500417108,1318.8328376198515,470.78209886927897,2573.529594059346,2709.933640602269,3468.7338210778125,3103.187061887959,873.2528266749221,2027.5291083113334,5098.013800170124,2118.6651290997725,5662.438549165995,1980.2974235102015,2433.5005412696214],
        [2438.276051829469,2507.7913852949177,946.4165544356134,2813.2705317062255,2115.7759946802225,1122.0414769371491,3128.4826219117726,3433.3929255371813,2285.6896339073555,2454.706861450768,670.4909733782116,508.89191404974974,2500.410736257416,649.6405259545166,3223.911782471864,3045.630785262425,2935.6966159714448,1062.6880130086092,2222.8057536572787,1959.3596775513715,2371.728363216161,2710.697359749581,2572.3806039401643,1514.7221409761155,1654.2271500308063,2629.2716016789473,3861.8699108591313,1709.2623700444478,3042.147976239962,3009.9823475388694,0.0,2575.5496684521404,1424.8378805691325,1399.6177348250583,1487.8695669643037,3164.4495205875255,2505.2290476262997,571.2222594204095,2169.315840058809,2869.1845117032244,2307.3720187457475,325.227194957065,497.40184738592666,2835.262040105263,2196.9803068898723,993.8339051174564,2422.7802993406503,1590.172142840859,2710.562409882941,1030.857532984026,2438.276051829469],
        [2464.50141294698,5058.048469902332,1762.8004175262479,4377.012908841573,2307.9410248427885,2113.7726182356982,5702.926786293693,1287.5346374256671,1412.8539794715825,4295.220701326091,3171.1726992932663,2838.4805787993073,1375.5385552700373,2014.419693341264,4550.670509410447,616.4985944770376,4319.777787760109,1522.480335480753,1546.332305704029,3698.047474426872,1914.7467164521463,282.9726022806841,4571.498686454584,3896.5531844472057,2937.020480760654,438.76185307060774,4905.349866620832,3474.90922889148,499.9753515724467,552.7653215796146,2575.5496684521404,0.0,1608.9487370562056,2535.086987645364,2798.3304382269466,4184.937496755884,699.7119238292175,3043.3291966012303,1288.2972357578292,803.0954312643718,2564.0646637421823,2295.004196363256,3053.676299535742,3152.5184634571506,378.58009017578246,1581.717088560238,4784.604405738886,1950.8677432241739,5268.606379844497,1550.7618223741922,2464.50141294698],
        [2886.5637662814233,3649.8779367011166,1240.3819919356988,4039.9002001511512,995.3442623659209,525.0205686763588,4358.096949884103,2809.21157438805,2176.160698068476,3767.8450807912795,2094.452021346667,1884.5306204681558,2309.0537404727165,786.0153341018707,4374.559048053348,2210.669462285883,4096.719127616419,700.722553488608,2211.143242487636,3210.489277835216,2533.1931615988196,1849.3476967838594,3938.090511069566,2396.0380943592177,2657.3075542054867,1878.7147143196098,4921.579436278291,2953.7508230361723,2106.2156618042013,2152.628347210502,1424.8378805691325,1608.9487370562056,0.0,2265.4436940569344,1191.6955811629293,4182.575715294216,1237.5790690213553,1994.8666989154492,2009.233538250118,2236.1576348450944,2859.888258993692,1307.682074802834,1906.6754960729397,3491.48960571965,1292.5561669404096,819.5721548997166,3847.5854827047438,2007.515572794535,4048.3204845762725,899.1776236692928,2886.5637662814233],
        [1128.4092524160576,3412.1104194670834,1033.7643976807674,1872.1576826036028,3206.149174189104,2252.1689690391318,3834.7522046705,2844.218253754606,1496.533169693983,1761.5843585987043,1408.2048792793805,1091.2045465370968,1714.049443261137,1631.7523258858666,2135.4185434902674,2746.7504721611226,1870.093083549092,1578.6275938945178,1362.3421573169426,1166.1540537780118,1296.0620924676011,2521.37119472986,2053.271602640337,2773.402666207927,417.28240033306514,2349.7781926717694,2656.170640374841,958.7148417661278,2853.0444185510155,2742.6831824799306,1399.6177348250583,2535.086987645364,2265.4436940569344,0.0,2818.5425417860074,1917.5863511459163,2832.582623627657,1308.1184108165314,1480.1679021541386,2404.843845815999,954.8025732888622,1187.4210809663616,1485.5222547001176,1436.5065897781267,2223.8012758522786,1454.077144474928,2437.3238396645625,633.2682419580372,3222.0647903637982,1387.9883728335058,1128.4092524160576],
        [3716.507233056334,2829.5356788760687,1986.5069120938722,4283.4550716348085,978.7011041806932,737.7966043426378,3587.481835284647,3993.0148336444886,3219.525174250495,3888.3669810048737,1974.159358966782,1976.5275510766123,3386.1503051680493,1246.7578340981681,4707.611763446605,3402.3176483903867,4419.173491040908,1613.248818371211,3219.748226785913,3431.991493270269,3486.1638580950557,3041.0364537965993,3951.2857598264477,1522.1925134245296,3123.084784204313,3065.4095708436444,5349.718396246147,3187.3036473728284,3293.2699535282104,3344.0105456482656,1487.8695669643037,2798.3304382269466,1191.6955811629293,2818.5425417860074,0.0,4649.093614888818,2352.078819274404,1940.5486288544053,3061.822716692371,3414.850182927774,3632.180883655572,1632.3347562941906,1757.4686085721899,4219.092388621754,2483.0578045623793,1674.94733203666,3583.1633865077424,2807.2112636227234,3451.5067001948746,1768.2001125959466,3716.507233056334],
        [1789.3403607331798,4314.91644132116,2946.066711985729,878.1525345804648,5118.749174877888,4148.369182170018,4419.442396845993,3997.8395506521597,2826.7946484043146,1367.2943452447762,2848.3565269429705,2704.6773454893473,2958.0631870451057,3529.3817884520104,546.7343946618341,4191.61155433016,577.4675455662943,3491.6176771503547,2676.521394743912,1378.6557671165183,2354.653509928814,4081.5954671664163,1689.7897644431084,4197.800640018049,1544.0420038140182,3876.6107037116362,743.3236090395544,1555.692351118597,4365.399870091207,4212.839775868865,3164.4495205875255,4184.937496755884,4182.575715294216,1917.5863511459163,4649.093614888818,0.0,4625.953704438851,2818.034580552796,2915.81796255556,3773.060639542689,1639.5566221945303,3038.8696469602573,3026.244118080958,1187.5552076343608,3949.2075064456553,3368.0625035675384,2592.498703224769,2299.731148740573,3699.1031135954213,3297.6398252075514,1789.3403607331798],
        [2994.8110584115284,4872.5700838186585,1890.6577950656206,4704.740281544309,1702.6879067677621,1760.6309124062232,5565.059275285299,1964.3562978667117,1991.6984455280335,4548.673886118788,3158.0505444885334,2871.49955937046,2002.1768764758647,1870.6045039390494,4938.876735350092,1265.9299699704452,4687.8672494129305,1469.3981740960976,2103.8004074560654,3954.901813221996,2480.094446734974,978.1173671527042,4786.492225843359,3632.492745733076,3249.2849940351784,1133.1589372425453,5362.422436688546,3712.7624532464147,1075.3282855315636,1196.7395314437254,2505.2290476262997,699.7119238292175,1237.5790690213553,2832.582623627657,2352.078819274404,4625.953704438851,0.0,3039.988795932137,1842.450311107065,1502.8035261781836,3059.2487486571004,2283.607638740187,3002.4458823612217,3678.547340007418,710.5343794906299,1571.497041402181,4868.0584525807335,2329.5933875769065,5207.618223584758,1582.1487457191404,2994.8110584115284],
        [2432.31698177904,2184.5125314494617,1306.0148615773132,2354.3837054339547,2661.259933472104,1680.063819038808,2721.6906745595975,3774.2528063628715,2524.5705739882433,1947.9519544819982,131.12374748677954,242.49022689778195,2749.360781197568,1214.0581591057964,2800.7678984570553,3462.5136260244926,2513.5829908572764,1574.2886819874857,2432.2854271263595,1512.4651712099092,2498.5420463035143,3147.233458953342,2030.198533051472,1476.2914556293385,1421.0296275355915,3040.497885421594,3475.3726752159214,1282.700228953296,3486.5026946213784,3434.243500417108,571.2222594204095,3043.3291966012303,1994.8666989154492,1308.1184108165314,1940.5486288544053,2818.034580552796,3039.988795932137,0.0,2437.353165600313,3235.7542438469895,2262.8823084439177,759.6632665888385,208.3192493082202,2697.7787249367548,2668.0731115886215,1484.3256875608515,1854.258063035793,1711.2431722613464,2229.3519477315454,1498.4879757226327,2432.31698177904],
        [1176.3225307699902,4616.356894205372,1229.4482890170914,3194.1588863228026,2974.9266488940266,2329.3376768496073,5148.798885460943,1375.320686292069,168.54980671852758,3197.7202343209487,2566.198185495697,2196.8782058247552,336.1332271647497,1888.607566226108,3312.2555294744,1309.0674027911068,3100.2157558531903,1449.2220186412421,262.15168755612046,2618.055653503059,638.1082404378847,1165.7780973261874,3514.1938784393947,3677.8843675526673,1824.1448391069205,961.9636279074833,3626.388814567729,2432.267196363502,1458.7349135560596,1318.8328376198515,2169.315840058809,1288.2972357578292,2009.233538250118,1480.1679021541386,3061.822716692371,2915.81796255556,1842.450311107065,2437.353165600313,0.0,931.9878283762638,1281.8340503579216,1844.214520737787,2532.388882370329,1864.5675526605294,1132.017592784778,1400.4554098153872,3904.592618105023,847.7545928754463,4599.200472426067,1311.5740287183148,1176.3225307699902],
        [1986.1950550044173,5373.087728709106,1940.4665696683865,4113.392251322048,3051.615652903401,2689.4838747855038,5955.937850695955,584.3349004677751,966.6370181092261,4129.560961324341,3366.8522288874797,3004.479818821274,815.0718311025471,2427.438568995007,4202.227804119844,431.51516060640216,4004.2661097476785,1922.6480531527804,1120.1377678162419,3549.729478471947,1418.508375678683,530.3260405465244,4445.68008571236,4318.175137294085,2756.0530208236546,382.06533361848375,4455.859412422194,3360.840286113412,647.7083631267096,470.78209886927897,2869.1845117032244,803.0954312643718,2236.1576348450944,2404.843845815999,3414.850182927774,3773.060639542689,1502.8035261781836,3235.7542438469895,931.9878283762638,0.0,2137.9955096218623,2552.9165900555354,3296.3801307482495,2646.6512736885456,965.7096683814485,1932.4944983190653,4810.408094165308,1771.7921886863967,5446.1528447134915,1867.5670921752621,1986.1950550044173],
        [219.6682119243495,4335.458307197164,1669.0565046147553,2033.654643805751,3851.2504558785395,2985.3694123109594,4706.804105142551,2410.218355814287,1187.2821951090616,2172.6307150798366,2361.438612388051,2044.4214728580364,1324.889859711343,2391.192977089832,2068.1383197621826,2553.2103928802035,1886.2183962753932,2166.801807458846,1037.526116968707,1678.6762694447732,725.1931827130096,2446.0704375916653,2530.1242844280346,3725.7788297325305,989.2374946592882,2239.3827895262334,2344.562297208284,1590.518203392675,2725.9467424045783,2573.529594059346,2307.3720187457475,2564.0646637421823,2859.888258993692,954.8025732888622,3632.180883655572,1639.5566221945303,3059.2487486571004,2262.8823084439177,1281.8340503579216,2137.9955096218623,0.0,2047.8795026998591,2439.0391079257265,637.6166911793558,2360.0320962655237,2059.066885424227,3144.2077111470617,854.0864958145715,4056.235707418351,1970.597836641625,219.6682119243495],
        [2163.713789561723,2820.3094792178913,622.1660209198873,2775.5926740792333,2120.662237373305,1124.8773737331755,3423.219286764349,3113.5376052598053,1961.6874168067686,2469.0923141888375,882.8209245541705,593.6673912345957,2175.6610217324865,533.6775840257932,3151.5115090618565,2743.010757138448,2866.0911686428894,815.4210141516228,1901.441012493678,1929.6361790229896,2062.528141840725,2414.9512018125347,2630.4929293390405,1837.209167907182,1499.3814922796898,2323.9815366074718,3756.285915138711,1672.8955521577172,2750.3742444340537,2709.933640602269,325.227194957065,2295.004196363256,1307.682074802834,1187.4210809663616,1632.3347562941906,3038.8696469602573,2283.607638740187,759.6632665888385,1844.214520737787,2552.9165900555354,2047.8795026998591,0.0,760.2995565181221,2605.1041410009043,1917.6858403643103,725.1194697595166,2590.7068065546687,1290.964387235669,2974.111911450712,744.5742723123033,2163.713789561723],
