{
    "drone_dist": [
        [0.0,950.0651514699763,1899.1226423638516,1770.3963475676471,2583.614971196759,833.4076065294568,816.5403826372186,4210.024777030317,2818.4558635312505,4385.6348883787805,365.1746501875784,4058.5838824920393,4114.767961068077,5009.957553676136,1579.7889901286644,2895.3817907150487,3265.108024355806,3869.898333378605,1273.0348244670593,3168.72767972824,784.6638339983483,1546.2079120269182,2483.1985143510924,307.947053653429,1100.6320136036522,3816.485995340228,3207.870754396569,847.512747085663,4444.404491293466,1169.7714363077682,1858.8646062179757,3136.4661851602805,3975.875303893298,3311.6585821776093,2509.843252783269,1155.9564509342874,487.5399972061055,2433.8500285731375,1050.4732875861696,711.167479104244,3284.425403941114,4156.744253844846,2443.6911647412044,1637.2761143287146,3378.2472348990445,2372.092646464462,3818.0979992915977,2145.5138278818317,4015.2511821124785,855.8487107561817,1055.8059245663885,2343.430703587507,3755.6200474318207,3834.087709747802,1414.0986072089543,2870.5082351995247,3415.8817277948733,3366.906968472033,2149.0613558543455,3594.2163685626488,5365.750762103674,3046.968274315962,1364.419672470569,804.8195005643839,1709.4235396277209,1382.254483584065,3512.9678878326417,4213.729162988858,3177.520351215578,3658.8807750124442,3884.1977206940755,1620.2645295922446,1067.7015919558307,3258.694486751306,4774.899905237752,2637.1136875856796,2893.1260266625313,4438.574448919111,1865.9576751298553,3732.5948752802847,0.0],
        [950.0651514699763,0.0,1029.0467510126987,1915.7443237433315,1811.8666832054153,401.9437735492421,1761.4148000032017,3607.558063485456,1868.9072546709901,3668.080333320737,1167.8695525519513,3551.0199589384656,3749.184764708316,4426.624020218724,723.0034487609652,2555.9353711845147,3214.6953262655893,4213.504248402223,1904.9600620006256,2232.063005249479,724.6649974888139,739.9369590412368,2142.7324899582886,914.6411281479457,409.7955898290043,3241.913719376515,2790.2108803107935,1250.0969092965381,4098.530131976541,1966.2260185063335,1114.4773864185877,2626.358462137261,3587.135534549479,2361.6121809685596,2644.4861016295804,1948.1583291712313,1416.001594455802,1605.7251182396576,327.75235591502855,1661.2237800847504,2385.3542242232165,3360.124435287617,2340.6741458585925,1689.0385523194407,2856.1312647716936,1442.9464862485127,2929.9730492795024,1283.7968203087876,3838.8639924573135,546.5522576411112,2003.226789077701,1396.0355510041843,2919.739740421216,2885.6520600516574,1912.9973088511667,3129.014242056182,2834.840844113645,2690.235836738536,2089.9520033221806,2690.574006912604,4765.286699279519,3200.607724110688,414.3565480309802,407.8642852783015,1772.7823419439603,1352.8327625578481,2564.5389969224925,3380.620048245751,3202.0899734980835,2710.2110411771177,3044.3298988943984,1311.0483070325151,1823.444948427762,3081.5987642234227,4099.6430237962395,1687.1279895796372,2354.506907016208,3647.118815735727,2383.7047532259635,3225.893616965755,950.0651514699763],
        [1899.1226423638516,1029.0467510126987,0.0,2020.4425044563673,825.1885264808021,1395.9201684722939,2709.793051030481,2695.70051636985,1184.2434719976268,2674.8053107281435,2173.6600215670983,2724.278541137332,3051.302933708294,3512.6088773202864,319.51717770455036,1984.8151484811196,2891.02247834991,4243.073432541589,2465.9560734427105,1326.1666577028493,1293.4854070239915,1166.6273584821504,1639.1178979542772,1750.6121750228049,806.3463340544985,2365.9275822848895,2103.621313808832,1808.7665862929744,3404.2255922410363,2667.8477342070587,364.4691931542521,1852.917626395967,2874.360081344019,1602.0319651399343,2591.9063163683313,2970.6989985611503,2385.721921237152,1575.3254792604064,1200.6914703642806,2588.500903804231,1982.652622133719,2335.6143561665226,2078.083387786793,1766.5986965438226,2051.714699391361,1078.0433490275925,1919.6383527083935,1268.2459934048009,3330.908086031652,1525.5882364055612,2942.12223855764,671.7288656413061,1890.7009681313168,2045.4812566763121,2354.6593479926078,3148.8198953136157,1972.1540047550682,1745.9177405174394,1930.742446232076,2238.7918227928917,3833.8376695681477,3100.1382185022017,717.5467627100608,1108.302527304354,1834.706583349652,1487.4421141479445,1734.8568938487035,2351.5975773294667,2961.4435204233864,1977.4587766692878,2015.483302374906,1147.1448409402337,2849.1989527062856,2632.2988917691537,3126.5517791280035,1007.3140124415455,1576.341413907236,2623.0896870562747,2763.5024215474095,2414.8615892323082,1899.1226423638516],
        [1770.3963475676471,1915.7443237433315,2020.4425044563673,0.0,2128.8048522652425,2185.209298966453,2133.7461461192393,3026.409809888584,3202.5654003882755,3433.047473809253,2113.52426284728,2721.445712182225,2572.5211120982544,3727.0033696942232,1857.5480760288197,1461.1626507560409,1510.3482469948028,2306.6894674678715,997.1784038927391,3224.5626832678886,1219.984570283766,2627.3026829437986,1165.7258227926277,1467.7677213438433,1591.120409819033,2624.8315487167624,1836.018183149324,927.2208713321636,2861.3829405084903,1399.7897060069013,1695.7334731848457,1937.0495871605567,2472.3876872096857,3589.4993923006955,752.2256776978638,2767.23509333975,2040.4034393331585,3403.127767555636,2234.385291227359,1982.7188267941963,3985.2023647407755,3444.114480417368,786.746867176014,254.85479668761587,2154.720828919568,3035.5141487012706,3483.5514551448673,3065.2148983827547,2304.27026719872,2304.7090162245186,2244.120988115575,2691.795073622268,3224.0783081972513,3958.6128942558503,715.8513982939977,1214.175955555227,2297.6020667868283,2462.571498615858,512.1626777132572,4253.348809335808,4092.7113140040815,1306.1921795576438,2115.316780161797,1515.1945854049018,187.99815853823569,577.691119699349,3674.3367897948033,3612.057536279138,1407.5490626849191,3963.6992231270356,3348.035713282318,881.7489597276194,2728.908991761442,1582.1622815970272,3689.125712329778,3027.616846127391,1806.909528444206,3678.8919681772563,876.2914392761754,2429.988987930218,1770.3963475676471],
        [2583.614971196759,1811.8666832054153,825.1885264808021,2128.8048522652425,0.0,2198.757567556621,3361.9252751534746,1880.9828315165842,1439.3551551322992,1858.213529891914,2897.259256119013,1955.396470640404,2366.865602567143,2693.9051911055985,1093.1940082208064,1494.7199885998746,2530.026943921914,4092.1433574406133,2844.651440282812,1191.5517601527438,1860.9426269886494,1977.2891547983847,1287.4055269598646,2376.1451568422863,1499.2624614317963,1572.8317383863302,1483.582607929843,2266.070858429393,2711.9843263700395,3130.351727880981,725.5301025142298,1170.6026613673523,2184.651592618384,1647.9609156445736,2490.386381805527,3708.8727027289706,3067.2084116420538,2213.7997498483996,2018.0361995973335,3226.0464457841736,2334.2292897717916,1573.214335648507,1868.9611612731767,1906.4316537289578,1324.3469058920186,1638.985296942124,1370.3601240198557,1958.8314412332215,2786.855693616108,2334.271621182094,3578.9274672568863,1118.804609524677,1194.6207564873473,1891.5721399962385,2660.8964262458726,3053.4237251164136,1199.1801436389496,926.0071574503672,1841.1808898519937,2517.0220859881438,3010.668863183172,2910.1954926945996,1540.3421923537373,1781.3606513706777,1947.1622800248535,1743.161909377946,1647.6247299678255,1642.6676301575742,2665.5076259942275,1991.8034953443273,1324.9899088719517,1309.5795018525996,3596.763559168228,2183.523647663495,2302.7530159847374,1333.0835095121397,923.5268030745532,1856.002565394639,2982.8925410891607,1665.5597293868905,2583.614971196759],
        [833.4076065294568,401.9437735492421,1395.9201684722939,2185.209298966453,2198.757567556621,0.0,1578.8012410957601,4008.235938634479,2080.294830627683,4056.905290718536,928.616607276374,3952.4929716805386,4141.997125635779,4827.5653177410395,1105.5661710653267,2941.4104318609466,3553.7718651789564,4449.056466986578,1997.7426604629284,2511.489941226207,965.4673319538473,717.4772731767315,2525.3103722001383,932.5974539427938,801.158107524708,3643.672601258999,3185.276308842786,1400.8614249612986,4490.100280637009,1975.9851856142727,1512.5375607178935,3027.052517889645,3981.7520022488366,2577.8187654145577,2931.1939436868774,1641.5874159496213,1223.4907774729206,1600.9853048446942,245.2696433063271,1507.196447918,2464.729394761495,3731.2747223011515,2682.5419024759854,1978.3684562747294,3257.506269137763,1585.3672348275725,3259.318795586545,1319.7923139965028,4206.175536497548,145.63031789355307,1822.0937156757195,1657.206581465406,3278.528000145332,3121.7956890697387,2061.7767143779815,3384.518865166044,3236.6640309844643,3087.1186018345566,2417.898814089393,2775.6086445452543,5165.2283297702825,3488.192220127669,702.3945300384609,694.6248255272086,2061.57057635238,1650.782899922698,2803.148494969659,3738.2699205613044,3523.6677558572974,2905.0091010268375,3400.6741928650936,1674.3580915817986,1507.4177659049815,3445.170953621186,4493.771586268176,1909.2003522660184,2755.8193825591625,4018.8172550059257,2535.724835866319,3627.12997322486,833.4076065294568],
        [816.5403826372186,1761.4148000032017,2709.793051030481,2133.7461461192393,3361.9252751534746,1578.8012410957601,0.0,4889.6099013414005,3624.6793709023495,5121.617005242977,664.1201776798018,4688.724569372254,4659.147154430954,5668.788818972102,2391.266955493075,3466.309834471067,3629.37447046678,3871.25667365076,1277.3373507929239,3985.213824217804,1507.436392983731,2291.7292233585404,3076.679570665727,986.0440585091317,1905.725565967409,4487.7720886415345,3810.095104358457,1283.080764209905,4968.370753353937,940.3244574254239,2643.3905776332754,3790.4180981207032,4538.096145296263,4119.9177213301955,2787.567445408854,690.6541907832868,355.313197269351,3155.5422582394117,1817.0728908201447,153.8273652109496,4040.3238176569243,4930.099453829894,2899.423155936557,2089.4824626246846,4031.671885480481,3158.2122475547385,4625.804331866193,2893.5808208787744,4437.393999968496,1553.13167078688,243.8957091696271,3157.184565686022,4546.413340360571,4647.059995189716,1537.1040399164012,3011.4751759581,4098.49430468269,4095.8189966125788,2603.9143878320224,4351.461312782454,6030.67139955091,3265.6325373120776,2174.8326021436287,1604.8591484839064,2141.543771490415,1932.0929250783815,4325.9508841954985,5001.542545510922,3490.8011314848627,4462.035956444165,4675.878423113435,2270.7744092554285,714.5857688587499,3711.665449501325,5486.255420114782,3445.263799692317,3568.7358465388884,5208.172953511698,1865.7080539646292,4369.161205119055,816.5403826372186],
        [4210.024777030317,3607.558063485456,2695.70051636985,3026.409809888584,1880.9828315165842,4008.235938634479,4889.6099013414005,0.0,3078.6597282873086,678.4854492553892,4561.589788883326,485.2565821808077,1138.2996552758264,820.0230410027797,2925.838084222332,1583.6005079083943,2315.4614267715774,4009.690333839984,3998.58983330083,2561.660672196989,3426.500255479722,3857.189975624308,1872.97828040059,3942.397375475632,3235.303975431477,405.88730468185037,1209.1434276744717,3630.4350695883086,1327.6560073922105,4377.629756656074,2498.0469354380903,1109.3902407713472,1023.0234274932507,3038.691288390432,2886.2594864781786,5365.93668600688,4658.296619331334,4026.712904389808,3856.040405159418,4739.125251204221,3908.6228616145113,1179.097629766897,2318.0162458533905,2930.0331808404335,876.2071041118301,3440.5933758462006,1935.2471841011375,3807.4627860074684,1936.6957617614194,4150.6709458718315,5068.882396593842,2929.6014495585946,1501.1837007839079,2938.669583305372,3733.320839585914,3298.307583641883,794.298793998257,956.1312963925762,2527.477660269242,3991.8277295240387,1160.779370731616,2984.2197193051884,3396.3274915903958,3466.2820907112055,2915.187521048546,2981.267842676121,2877.885612493578,1462.260723805077,2565.7595448828642,3247.185300358433,1512.992692527472,2618.9942841324937,5274.012910496347,1889.433457840696,682.9758277684529,3043.776910527436,1321.6598996984947,1182.1787317244305,3849.8693157674315,628.7864476325637,4210.024777030317],
        [2818.4558635312505,1868.9072546709901,1184.2434719976268,3202.5654003882755,1439.3551551322992,2080.294830627683,3624.6793709023495,3078.6597282873086,0.0,2785.619052665479,3000.1441636655413,3281.474429787476,3770.6511436631113,3821.404582278425,1407.2280672526504,2922.6804095441817,3929.8198374321687,5389.445243394967,3607.553700981693,611.0067302511258,2388.023342253469,1451.9865353221016,2661.2831380821403,2757.9375679630543,1856.0518464554175,2868.2992269996,2920.751626187701,2935.587964137657,4105.550605176536,3763.711646888585,1513.6548203134416,2597.9953206802006,3588.009972556246,497.5757607659889,3742.162911395342,3711.0934508388045,3274.03926081558,1060.4096651022912,1835.0804080621167,3529.305692073239,894.8890671507017,2257.237283581475,3182.715442480456,2949.418741886141,2723.2410310179844,568.720720051686,1500.5326731957089,1000.8845088482495,4226.174266715308,2153.9024374707146,3867.8050858882657,522.4945373222805,1749.9269245609241,1047.2100359584847,3520.564470252699,4305.504323232481,2556.2679757009746,2183.112665043925,3074.7924277427296,1094.703095790961,4075.4698266745822,4225.94247802177,1454.9101628093526,2130.479105729645,3016.004893776892,2670.7515039842956,735.5355586655778,2129.2916048942193,4038.0202372175313,842.8250699981074,1827.6170189688337,2324.356691988672,3572.2931594072725,3608.6375102296547,3281.0217372606853,186.8425487769228,2361.534239533924,2515.201635662196,3941.628211824612,3030.5744339076914,2818.4558635312505],
        [4385.6348883787805,3668.080333320737,2674.8053107281435,3433.047473809253,1858.213529891914,4056.905290718536,5121.617005242977,678.4854492553892,2785.619052665479,0.0,4718.875283437375,1158.7476600968691,1816.524804068523,1094.0087999891118,2951.373932992691,2070.6591214487403,2927.3823192251225,4640.575775513522,4360.22730023664,2208.7037629700876,3620.2134802557985,3787.367992513663,2269.94769666133,4145.021805275695,3336.1256008173805,921.7507831835513,1723.3842626866149,3911.1796861837306,1996.396126631739,4715.457150462711,2562.827646431326,1510.8593853937098,1695.8584506898426,2646.340185386134,3408.4813572121648,5532.277481260669,4856.824374608505,3805.0639295717374,3874.058479992067,4976.497100795862,3542.357358680227,599.4116611812619,2797.058193092947,3296.782622694997,1329.1139037099422,3228.1425734922564,1438.8583797006486,3632.5552042515124,2609.551019860387,4192.409300918732,5320.0301800865245,2749.915457937992,1055.7402982049919,2446.187179563567,4113.935041298523,3864.384113440261,1143.7044441243265,1026.5060910487077,2962.75308095335,3580.3422535326727,1297.3084920350245,3572.0136688591574,3392.3313487938553,3600.6285556402254,3297.1521839511847,3284.3790969739566,2444.771721529204,859.7571508224677,3168.886052222414,2794.8746260282924,1016.9237261076905,2879.4721147798477,5427.4104474622545,2492.973852047263,495.5316472817684,2790.3201333767415,1630.8257993062446,516.2575365821205,4291.413617597382,1221.8395975166575,4385.6348883787805],
        [365.1746501875784,1167.8695525519513,2173.6600215670983,2113.52426284728,2897.259256119013,928.616607276374,664.1201776798018,4561.589788883326,3000.1441636655413,4718.875283437375,0.0,4418.709597930913,4479.918524223128,5364.868649455093,1855.5809166866754,3260.392413367693,3616.2766414689067,4144.555085508671,1510.5915542458883,3397.5704243583255,1142.866054437481,1633.6960639877923,2847.789503238039,669.309921746722,1399.1703809732612,4170.394152577005,3571.373962060355,1186.3075215421352,4809.525067670074,1317.6908594107285,2172.1374851403784,3494.557669203243,4340.764075212026,3497.460085526667,2843.313696208299,813.5562041347941,318.43340353886197,2491.859326746638,1171.8371636122115,624.9935918596967,3380.738300265198,4468.921293750798,2803.321222629026,1992.7525967729905,3736.0154268600077,2513.949013257743,4089.928684280421,2234.016048618667,4374.543293112729,891.4661776392988,903.2132009676661,2553.384234495255,4052.942116681824,4034.928909552936,1693.7319762946015,3176.4529847242916,3768.0747397817836,3705.307282235194,2507.6299485450413,3691.894335935381,5719.192177532746,3371.6459314416916,1570.0201319593561,1119.3106194008053,2062.7859998775475,1745.725989694595,3714.660719761944,4513.0623879775085,3520.649208113399,3830.476609705051,4180.1767867497,1982.6928912453754,712.6487704876586,3619.723739384385,5116.941335765145,2824.9588550262306,3247.941834882797,4752.924411905397,2120.633648652641,4092.2660765753963,365.1746501875784],
        [4058.5838824920393,3551.0199589384656,2724.278541137332,2721.445712182225,1955.396470640404,3952.4929716805386,4688.724569372254,485.2565821808077,3281.474429787476,1158.7476600968691,4418.709597930913,0.0,662.8476651856624,1005.6664014941026,2912.900237635812,1260.7516067322642,1860.7878568978165,3537.5751149052044,3712.7528714731275,2817.5061812772,3275.8474379251675,3889.092852594164,1615.8247380839073,3775.2628672032843,3158.237877283621,418.6166767209806,890.296193080578,3410.47028574427,899.7628897138878,4105.013271954183,2473.075992721661,930.3451671912297,537.9797688458387,3307.894695530253,2493.4854755920346,5207.903616009567,4484.243230477885,4162.246059603721,3825.1911215814303,4535.916421856257,4145.756854258987,1611.2382407561104,1971.020232641234,2658.431540979599,695.1304027590804,3580.601070533925,2297.07384265361,3914.1867820019415,1451.9118244799786,4097.5236280357185,4852.42124515233,3060.300071425899,1855.8249907892457,3274.869600639217,3436.7422748613317,2869.230580505946,756.931210463706,1098.657506681679,2211.1132564303302,4258.997027308905,1371.2713438195083,2541.945247284606,3391.2404592189264,3358.8275285059476,2631.961264545333,2758.107977283655,3176.8504205644067,1894.0669914045495,2115.5142223433754,3552.1077957452067,1891.8413160413543,2440.261488350425,5126.145649585811,1446.0779098504077,1124.5255928037184,3221.028381908344,1196.8336377424391,1650.4787897922547,3506.585230302113,327.5932795245295,4058.5838824920393],
        [4114.767961068077,3749.184764708316,3051.302933708294,2572.5211120982544,2366.865602567143,4141.997125635779,4659.147154430954,1138.2996552758264,3770.6511436631113,1816.524804068523,4479.918524223128,662.8476651856624,0.0,1387.7827083289144,3184.9839350889674,1221.3042138501694,1400.1297677561354,2978.023686745423,3564.712529447516,3360.3794463340882,3354.403043385849,4187.932532367134,1638.9396575821984,3815.254079205802,3341.6254732097113,1026.8744217968926,962.8097282014896,3380.135920573196,353.54499648987763,3970.8236932932796,2749.4160160973543,1205.5204167789675,182.7466132070041,3854.5683446705666,2174.2305832712154,5234.6300882569685,4498.730224351992,4571.526075506528,4049.261410153761,4505.384473682545,4655.305103267203,2269.8981725987483,1785.875970509834,2572.209928870461,1048.0504542571664,4003.7241333618404,2920.8274200341193,4296.641468109945,816.358202187175,4287.332978250814,4796.1315990946705,3484.921522721667,2481.2786525691245,3873.431917973236,3277.1378078425014,2447.7607388517795,1225.2121910353876,1635.243597296311,2069.3969306113327,4794.549238285983,1715.9423008500896,2093.317242163765,3657.7430169089093,3495.169858071866,2526.6664392565754,2747.591163751509,3748.764070106779,2551.632107778487,1657.605355106818,4125.012987312531,2528.7846768015875,2514.886331261663,5168.757869706377,1060.19045216812,1715.0215590228988,3687.46125629603,1477.159707989956,2312.921708011446,3258.299019130888,767.7535672917201,4114.767961068077],
        [5009.957553676136,4426.624020218724,3512.6088773202864,3727.0033696942232,2693.9051911055985,4827.5653177410395,5668.788818972102,820.0230410027797,3821.404582278425,1094.0087999891118,5364.868649455093,1005.6664014941026,1387.7827083289144,0.0,3745.725071011269,2266.0312438758237,2771.4614076497214,4358.897505150953,4717.382033302217,3268.8127839250315,4225.334237961122,4671.19422595924,2609.880726098236,4735.966094945134,4051.8119030824546,1195.1536538375237,1893.4543394501268,4397.168063364177,1364.7519223981046,5108.04392558048,3317.9641280082105,1879.4416565297117,1378.8886150965518,3723.3375846213835,3475.1947913910803,6164.7775923852805,5450.002025558671,4803.823994294553,4676.05860839129,5516.906230685988,4613.577229432466,1692.8909068300793,2974.2896071517525,3659.7611951618283,1637.6161146838833,4218.85671690085,2531.963333249258,4599.161546443773,2171.5193126093814,4970.207219486154,5839.561555217376,3716.1194715064325,2135.331837173955,3540.1894997030545,4442.137070902229,3810.402970001706,1600.6882599940288,1768.003558071565,3216.779595387973,4665.303694356662,365.9567362408387,3465.294299448565,4215.578367589764,4277.637134521722,3635.3577323686095,3744.648130453345,3531.840986266118,1943.191341707137,3030.209791057359,3886.1911902946063,2107.6511172519304,3404.2051449637784,6076.370611812614,2389.4902060265513,654.3233676005411,3804.245825809697,2117.007375007014,1557.211255160747,4507.624109398645,1306.9764488010007,5009.957553676136],
        [1579.7889901286644,723.0034487609652,319.51717770455036,1857.5480760288197,1093.1940082208064,1105.5661710653267,2391.266955493075,2925.838084222332,1407.2280672526504,2951.373932992691,1855.5809166866754,2912.900237635812,3184.9839350889674,3745.725071011269,0.0,2054.5825585149614,2880.5479459473904,4131.162129848344,2202.5441851577393,1623.9786630817555,999.44682255579,1005.4940146695672,1673.258296178031,1437.326498095008,491.7656449168604,2576.583781592778,2224.17973289423,1534.1609690755558,3538.3815010369917,2380.4301426760408,440.6751168669788,2009.8279448277065,3013.200984542954,1858.8366400612556,2487.9452427742226,2655.2994061315685,2066.2561330948724,1589.0070035359345,931.9182149903311,2271.174675824112,2131.710342077338,2637.4877176213463,2032.6795302751457,1603.202039779688,2225.388416722284,1178.0194774807194,2239.149997077515,1258.091868575161,3391.35852644803,1241.5746575018438,2624.405360745601,885.125468646655,2202.500493079517,2330.140451434792,2114.6698613967546,3030.6317060606616,2173.8093601171213,1990.4648553686468,1846.2264297722902,2408.1440346780596,4076.317524980614,3018.143046810809,478.5482485952929,792.7983996193028,1678.256890242442,1295.5752914640968,2014.327109988857,2663.394930933703,2923.3666798876593,2230.529425289649,2328.4251932676293,1025.15979378352,2535.419265931546,2664.039743812257,3390.981015243132,1222.0206082069292,1731.7403129452039,2924.3487979662755,2543.72208552733,2594.4102097991176,1579.7889901286644],
        [2895.3817907150487,2555.9353711845147,1984.8151484811196,1461.1626507560409,1494.7199885998746,2941.4104318609466,3466.309834471067,1583.6005079083943,2922.6804095441817,2070.6591214487403,3260.392413367693,1260.7516067322642,1221.3042138501694,2266.0312438758237,2054.5825585149614,0.0,1060.257040652865,2730.9006705830443,2452.188824441834,2665.0125915700924,2133.124300496863,3056.744805946777,419.3307755636201,2597.7490674931137,2146.1914460929074,1193.414767950202,376.9735372454955,2183.2358849600128,1559.2507873350303,2845.9911061377984,1642.5741537326132,583.5475469658579,1080.978337751598,3137.223802506052,1339.0786817669307,4022.7293328506603,3288.8387869207804,3557.0619416654804,2866.3167580147096,3312.59101289583,3814.334172371088,2228.807032272406,735.831281198875,1403.8559316656115,742.2687501243862,3026.658794729223,2548.8800135579354,3252.9608257139625,1346.0968387247528,3085.889424592344,3617.2804205718226,2533.0482127586884,2174.6614800583548,3318.328634486026,2176.1059636901778,1822.6929803507367,939.6648209914898,1251.3329203850749,952.4338061442836,4009.0881029524776,2631.8412045596474,1574.513017077875,2509.7640543713633,2281.2069462998525,1373.322974320571,1538.9427950145875,3110.384219881935,2456.519698241792,1238.4125745437132,3469.1478296283326,2275.314239486234,1294.8472241891436,3953.087585273344,688.8609194120341,2260.116862947238,2798.7628050940843,639.60362283552,2411.066373889389,2266.6893933787696,971.8914797103499,2895.3817907150487],
        [3265.108024355806,3214.6953262655893,2891.02247834991,1510.3482469948028,2530.026943921914,3553.7718651789564,3629.37447046678,2315.4614267715774,3929.8198374321687,2927.3823192251225,3616.2766414689067,1860.7878568978165,1400.1297677561354,2771.4614076497214,2880.5479459473904,1060.257040652865,0.0,1721.1047790620578,2405.625794652781,3714.1175563068714,2618.0959733238556,3834.317110122343,1270.15422198209,2958.223454131998,2822.657160595774,2005.9046213299816,1267.5908036891335,2432.7822938240647,1574.958893791206,2810.8576663020795,2528.155625579927,1592.336822074848,1393.290386520869,4177.9877914484305,876.7480970375631,4275.241660313898,3550.6105987820856,4455.405983771507,3541.978224329285,3480.930623289913,4810.871695984963,3200.5267140978426,874.0414660826304,1630.144512684513,1663.639692908193,3965.7372000695427,3598.5123519400345,4132.562438846753,841.092213904863,3688.483241130888,3718.6512681964005,3501.1893881555457,3209.395689659589,4377.244243510646,2119.402828384453,1048.3564025809808,1896.8205768490063,2269.9290970508855,1139.4908911667164,5023.5947995157785,3111.2055810974653,694.2728706892118,3281.3249290860667,2859.1786963856393,1555.9462213898894,1922.9697095699107,4163.5493704018645,3449.9959690773867,258.74838867842766,4517.882991490193,3301.9922248770386,1913.8035918079781,4239.0919195227,436.11888887931417,2983.4397945901087,3791.8236743199727,1698.745336665269,3342.6917809580527,1977.7429846618177,1707.6008710243102,3265.108024355806],
        [3869.898333378605,4213.504248402223,4243.073432541589,2306.6894674678715,4092.1433574406133,4449.056466986578,3871.25667365076,4009.690333839984,5389.445243394967,4640.575775513522,4144.555085508671,3537.5751149052044,2978.023686745423,4358.897505150953,4131.162129848344,2730.9006705830443,1721.1047790620578,0.0,2640.9339749519363,5280.020569987621,3499.066833498856,4933.00169437629,2810.6114455947063,3608.6277258622754,3897.7337130260194,3721.243848261589,2983.3950896010274,3068.5758461983755,3024.2036335744738,2931.01940152412,3887.991011578092,3295.52032361053,3025.8770921404844,5710.50799280181,1651.1977365615421,4560.704226022803,3952.7851306151333,5701.970686996652,4525.114819428862,3756.8044711888824,6225.4004215736995,4920.018461605058,2225.756201246725,2550.4095192923064,3382.903091184455,5301.624769149294,5276.0539361542815,5364.536657341309,2192.6190429929843,4554.811486737894,3850.9142831888475,4906.188820441748,4905.208908266245,5981.266829596596,2456.6655411582637,1100.9431956180968,3614.269226326844,3974.081631816078,2315.8944111901283,6473.659392019511,4666.235978612576,1182.5041925954754,4420.62832468989,3807.763882907021,2469.4979641680648,2883.571257368088,5737.8712084844055,5165.987066861508,1499.6796568713248,6070.666915952591,5003.874683995645,3109.393328065162,4579.989405941063,2156.957619569311,4659.487571430803,5228.623035738505,3363.1177551806627,5063.501924670033,2028.3744836094274,3418.736313953687,3869.898333378605],
        [1273.0348244670593,1904.9600620006256,2465.9560734427105,997.1784038927391,2844.651440282812,1997.7426604629284,1277.3373507929239,3998.58983330083,3607.553700981693,4360.22730023664,1510.5915542458883,3712.7528714731275,3564.712529447516,4717.382033302217,2202.5441851577393,2452.188824441834,2405.625794652781,2640.9339749519363,0.0,3782.1964347582216,1232.6063549552098,2634.102202444477,2125.7014748210368,1069.346735482178,1763.8588840765035,3593.871394839197,2824.031660067548,675.673716422854,3844.8087950335666,408.91661898367704,2236.5336485157686,2895.1326875921013,3468.403265222646,4059.7231558394847,1539.3148637509835,1962.3014624287418,1313.2868044397999,3510.6693304049486,2149.6007910839985,1144.2915829195674,4257.758103641156,4303.3362374962635,1780.1395823897178,1069.8654412895792,3122.651211768219,3293.071235088988,4211.314519423262,3187.1093097043604,3235.7253047635513,2067.834774257114,1326.1300586805667,3086.7573256087326,4017.3925712149626,4509.547681658531,289.85576445072076,1734.6659902727015,3245.228972240052,3356.367647503047,1508.9065934370306,4554.3443755109665,5083.318530446654,1992.4618647055065,2252.4671838469867,1529.9396032583516,1084.2777689465534,1109.3736317242742,4200.70002374891,4438.813952543398,2243.556180220512,4432.576456243398,4146.287090074552,1544.311345796628,1961.8466209811154,2550.8276630332243,4649.235808877108,3421.3327176863504,2731.476147838821,4556.780754502865,612.6149588453586,3415.074477970952,1273.0348244670593],
        [3168.72767972824,2232.063005249479,1326.1666577028493,3224.5626832678886,1191.5517601527438,2511.489941226207,3985.213824217804,2561.660672196989,611.0067302511258,2208.7037629700876,3397.5704243583255,2817.5061812772,3360.3794463340882,3268.8127839250315,1623.9786630817555,2665.0125915700924,3714.1175563068714,5280.020569987621,3782.1964347582216,0.0,2618.4109029257365,1963.0110576622571,2478.9256725363302,3056.2934702110006,2113.570478470273,2398.9875495237443,2590.6308365704203,3132.639599728104,3679.3365928933663,3993.9393128102083,1558.1224220699062,2248.719331506692,3180.1133062150293,494.2164864745574,3663.3424387196965,4152.423934692024,3645.5067194322946,1671.2443268672762,2272.1616312058154,3874.6637608777846,1348.376752724196,1660.383708502724,3054.558993204389,2982.160080233019,2330.9841810897606,1150.8716850987637,889.742377340962,1588.1781262337593,3898.6226745706676,2606.5692553022914,4223.961255141195,855.728020367747,1158.3401340776686,735.6471310901744,3651.560998828998,4229.110844371306,2135.4752696859387,1730.0793592245102,3002.797822110697,1441.495552868241,3505.043450245744,4099.12680436912,1828.2692863594848,2411.147347051297,3037.056567008977,2750.3686849970663,458.3294038017242,1520.3151393552296,3855.9949285934413,804.1875720518303,1226.3460766439996,2350.673514538442,4018.906242156937,3351.3128620746975,2703.5919692228244,687.9827550042506,2050.6586614190683,1911.104642985345,4032.6868884179466,2599.017259794094,3168.72767972824],
        [784.6638339983483,724.6649974888139,1293.4854070239915,1219.984570283766,1860.9426269886494,965.4673319538473,1507.436392983731,3426.500255479722,2388.023342253469,3620.2134802557985,1142.866054437481,3275.8474379251675,3354.403043385849,4225.334237961122,999.44682255579,2133.124300496863,2618.0959733238556,3499.066833498856,1232.6063549552098,2618.4109029257365,0.0,1462.6927195672188,1716.2022111418614,524.8512757744691,533.561303766812,3032.102566068665,2432.7433196490915,557.3597516490605,3690.3426517093035,1381.3266730513196,1154.2239321628888,2352.22333138673,3209.7613261238193,2853.321284681732,1966.058069144995,1939.8198255274506,1238.4793137030001,2308.349781527471,1026.5834221786133,1367.616130998524,3026.445799388519,3424.2212197757735,1758.2866026736558,1015.735500435341,2593.8887263991583,2060.826942881514,3164.0403299982077,1977.0207389876844,3315.992311679438,1088.0039967845535,1719.0656081393445,1871.6585204861722,3052.213130812627,3329.428568397837,1201.6411024873726,2424.086754656615,2632.22472988737,2596.685526501707,1478.7583198321188,3321.9896093123443,4581.394017483582,2522.9043140503477,1026.0684195871104,318.2651838303297,1098.3690904276705,696.5660713884141,3013.7636214748995,3503.458597093604,2571.2491953054146,3222.114310176262,3182.3117074584234,843.308437114588,1851.9119321010464,2552.671352708621,3998.677749586237,2201.215237051553,2108.608743178565,3701.316279065295,1667.006316071174,2949.414014565645,784.6638339983483],
        [1546.2079120269182,739.9369590412368,1166.6273584821504,2627.3026829437986,1977.2891547983847,717.4772731767315,2291.7292233585404,3857.189975624308,1451.9865353221016,3787.367992513663,1633.6960639877923,3889.092852594164,4187.932532367134,4671.19422595924,1005.4940146695672,3056.744805946777,3834.317110122343,4933.00169437629,2634.102202444477,1963.0110576622571,1462.6927195672188,0.0,2667.007301639584,1602.0396407445514,1041.80607957746,3532.419387498338,3228.497453767442,1988.001436409174,4541.458292647514,2661.081398958651,1438.553236251872,3003.496713348116,4014.7935711728437,1940.954263957015,3336.267953731119,2279.7666674092593,1936.8581925686271,891.5147577362252,499.8213123061986,2224.124001915484,1748.737936380394,3379.753514049435,2967.0418670940503,2389.747817763291,3210.9571005290686,910.4211109147345,2790.1173266856226,602.5622257248431,4387.024424765636,744.3977177146593,2534.0917362014084,1126.851131695122,2891.803611724546,2497.637678950218,2652.2811142746673,3840.776795508711,3138.4540041261926,2903.2526181923217,2742.7566229082886,2059.8309641391156,4985.451003820825,3887.5533096211493,554.3028931360542,1144.5114991879404,2472.616117355747,2053.2603464894473,2187.4550550043964,3337.8969042188482,3849.8150540087418,2242.1265283954585,3003.020166401954,1925.2039628462264,2138.0427024902438,3649.1212287375874,4256.282068777626,1301.4421973833719,2725.224232131776,3664.383327284612,3123.5076130865978,3576.8529548807255,1546.2079120269182],
        [2483.1985143510924,2142.7324899582886,1639.1178979542772,1165.7258227926277,1287.4055269598646,2525.3103722001383,3076.679570665727,1872.97828040059,2661.2831380821403,2269.94769666133,2847.789503238039,1615.8247380839073,1638.9396575821984,2609.880726098236,1673.258296178031,419.3307755636201,1270.15422198209,2810.6114455947063,2125.7014748210368,2478.9256725363302,1716.2022111418614,2667.007301639584,0.0,2188.352621235933,1733.0015223847229,1468.1785836079177,733.6079784064829,1795.8139187243398,1978.4429520067094,2506.0783180442436,1282.732672511327,772.4239256090182,1493.8967686340022,2927.7192733357338,1257.4719772378485,3617.4622388756734,2886.161709824672,3213.5201729599617,2456.323108049521,2923.4257305051124,3540.7433179588666,2323.9690312095204,609.574835239206,1057.234203365972,996.9498191206565,2705.3483745186586,2503.1317037254307,2899.5596443616087,1720.0306288716781,2669.4358687186336,3236.966998757211,2232.5539050762623,2176.48437410121,3171.401186402585,1862.9667782148445,1802.57098826807,1131.9148917877965,1328.2545104250732,698.925377992287,3755.708755407458,2975.091034990219,1628.2166882417582,2115.7329947101753,1862.1335103871425,1043.2464444504253,1144.5887353786518,2934.8503733268794,2519.0748642137823,1382.7191708271464,3277.7208878130045,2290.874462506478,876.0321554555917,3544.4568958944733,994.9759886486287,2526.9640123803647,2521.7449982702374,658.7570182314001,2541.3154109555894,2022.2403818459484,1302.972475960852,2483.1985143510924],
        [307.947053653429,914.6411281479457,1750.6121750228049,1467.7677213438433,2376.1451568422863,932.5974539427938,986.0440585091317,3942.397375475632,2757.9375679630543,4145.021805275695,669.309921746722,3775.2628672032843,3815.254079205802,4735.966094945134,1437.326498095008,2597.7490674931137,2958.223454131998,3608.6277258622754,1069.346735482178,3056.2934702110006,524.8512757744691,1602.0396407445514,2188.352621235933,0.0,945.5809044213727,3545.323215235966,2916.6083076036216,553.5284620290412,4142.776063913524,1059.6866247177636,1659.5674167851303,2858.3334717787866,3678.712348747858,3242.147442270923,2211.5052709838797,1432.7463519868058,716.3449308478324,2491.915129511259,1104.9857484092915,850.7627554306194,3298.8549609367597,3944.136286423725,2135.8698210450902,1329.6561875645855,3100.438900445484,2356.607710479126,3654.5327931989573,2182.9090678840357,3707.4171291727757,998.4939400489851,1204.821178382467,2260.551554396645,3562.5719729682546,3745.839820852595,1165.5771963884872,2589.3409524823505,3148.2887984055337,3121.2018114382495,1841.1251110523444,3604.800762952481,5094.039521433795,2753.1359339560527,1313.9016468796956,645.363506913391,1402.3190437570674,1076.4916496909016,3425.9833350132217,4016.679113657711,2873.642063533993,3600.601779683266,3692.2731886392967,1335.1106133809374,1356.1095353135343,2951.256118493059,4521.3120886513425,2572.7029743587927,2621.8167711844594,4222.538961265241,1632.1760427651316,3450.501461405703,307.947053653429],
        [1100.6320136036522,409.7955898290043,806.3463340544985,1591.120409819033,1499.2624614317963,801.158107524708,1905.725565967409,3235.303975431477,1856.0518464554175,3336.1256008173805,1399.1703809732612,3158.237877283621,3341.6254732097113,4051.8119030824546,491.7656449168604,2146.1914460929074,2822.657160595774,3897.7337130260194,1763.8588840765035,2113.570478470273,533.561303766812,1041.80607957746,1733.0015223847229,945.5809044213727,0.0,2861.2911784053217,2384.172082284423,1088.2369303017852,3690.3700358746123,1908.5490413920718,775.9756925139571,2230.2766443662154,3180.759375142314,2325.777062727715,2294.4748294891415,2209.7450236157247,1588.1611049458852,1825.1896657321086,727.5061733404713,1782.5914137304123,2501.745248280212,3069.85358837491,1949.3387744828485,1349.7260454074415,2463.1638209309817,1534.4969682331705,2720.1505847715857,1488.3545546965145,3432.131032587716,946.7501872073706,2136.525945030808,1342.2640775326136,2657.46860510833,2812.680974931805,1712.8159392777807,2802.254863611011,2453.830529212922,2337.4262382672678,1710.2368976599678,2794.2090419796864,4395.612447456935,2846.253828034844,528.6334444157927,301.97005770638674,1432.1705659634574,1014.4082564398753,2494.7144751700125,3116.672608482149,2821.7478447218045,2692.5342106937333,2785.5482594178025,910.8698077296025,2097.7794745885362,2676.707620309196,3751.840703851171,1669.2094267947496,1961.6523837817476,3354.147492068426,2166.172233594869,2831.876052936319,1100.6320136036522],
        [3816.485995340228,3241.913719376515,2365.9275822848895,2624.8315487167624,1572.8317383863302,3643.672601258999,4487.7720886415345,405.88730468185037,2868.2992269996,921.7507831835513,4170.394152577005,418.6166767209806,1026.8744217968926,1195.1536538375237,2576.583781592778,1193.414767950202,2005.9046213299816,3721.243848261589,3593.871394839197,2398.9875495237443,3032.102566068665,3532.419387498338,1468.1785836079177,3545.323215235966,2861.2911784053217,0.0,825.5220787485101,3225.897357738809,1304.312547388897,3972.0208808390526,2141.733956732897,703.5851379795745,867.0470997629569,2889.27802343459,2514.965400258294,4971.9083682519995,4260.565078771047,3765.858220645831,3501.3102988121655,4336.9120262586885,3728.937225159548,1265.7384752079472,1929.23709010755,2524.897648133912,471.2669552765083,3181.9933188368714,1896.196903909866,3526.752570531745,1751.4533377755383,3787.356039456001,4665.296002120451,2663.302505901688,1455.7253453413612,2863.1635154687965,3329.8087543271727,2951.290881056772,407.47673461962205,685.8894464866918,2129.1803584588088,3840.4633323648004,1549.2918133875717,2652.4676315690895,3052.0896726676965,3083.036311510463,2510.9907814855287,2576.1243107462483,2759.594488183316,1542.064646467703,2247.20484329717,3135.1444973451694,1501.9903568591938,2217.9978952220854,4882.224224906791,1571.248227417936,1067.980525573858,2812.4882422890764,923.6810896155209,1356.411879765544,3455.2559003345623,307.78682110687174,3816.485995340228],
