{
    "drone_dist": [
        [0.0,2825.365053561926,2447.417552140922,1524.6093276147387,1854.7873024478884,2253.6140902865372,1551.2880802575373,489.1486318334285,937.5111163436118,1426.994270673866,2074.9793679856416,1515.0822529163531,2201.722371786863,1641.7883415982462,3389.5854447352117,3375.5702260023345,951.4047499628235,3222.0167708024114,2605.6940258916507,1406.8981179461282,3169.6217424212364,2967.572259883159,3333.4356208490885,3434.4175413227695,2742.923467535412,1404.8276666735715,2530.784099406963,1480.3945083553394,770.7880114256996,3563.6069673919096,3348.5274845268073,2660.5344407907182,3809.5135580840233,3966.358505102852,1681.1848823836337,3550.729645640175,904.6942329490632,3085.5566707623093,3266.2557599890574,3113.3660264703494,2556.004690802048,1899.4965336997445,3610.782887330813,2571.1917507507937,1310.9887909709544,898.9097590461488,2800.2928962437986,2121.5315696113676,3830.615568756572,1395.2919686817545,409.25156144151003,2597.9751112260155,2849.4868108503665,1297.007560655536,3297.606697225564,3956.7537361362433,2831.355606571412,3700.1803526821573,1498.2700946371995,1501.5246491874823,2992.962012052636,3639.396244092617,926.2220865273588,1498.259574361006,3746.5853322608377,2095.710056077036,3834.3782386267117,1215.1572303321952,1857.9273143419584,3616.807860598757,0.0],
        [2825.365053561926,0.0,4421.345090934279,3191.1314734219977,3883.1703482698485,1351.2992395063254,3109.700069064282,3278.7150057254134,1940.198513072048,3439.7935208923054,3727.988858959386,2984.9333037705933,3783.924240142639,2023.280163272649,2500.9438758428196,1853.6234264706402,2122.3455530927304,494.66421866556647,2621.250594052627,2174.557889826517,1784.5463164261475,1204.361846261396,1981.5891437176517,2088.4432496618824,1292.5486867519598,3415.2317328167874,2567.6534246747156,3109.9755731350233,2158.9382983887103,967.633346493313,593.362784321409,2828.4938817101483,1724.9801301900254,2700.652206254259,2911.6410980314263,2504.4350192586153,3729.9255089082244,2871.3520283954476,1726.7627916906795,751.7272567909279,3511.9287641636265,1875.588699119097,1588.4793592828676,3543.1419801493425,3708.219493794502,2461.7804358267704,2189.817951474783,1863.6429105491698,2478.7264142984245,3278.5307765189323,2416.1704403687645,3060.614578765088,2857.160658335395,3866.842406490914,1269.9015188308815,2091.3020374570533,2472.6327642264027,1490.785690054367,2228.1889656973776,4065.8539572869095,1826.8211912672707,1847.789433337672,3506.913913896542,2491.7192436782407,1187.8550580475394,4319.7685871793765,1709.2082398706975,2253.346966700833,2794.6775818925385,1173.5193347363177,2825.365053561926],
        [2447.417552140922,4421.345090934279,0.0,1236.495604403971,3992.448752716347,4443.463909857627,3946.2428995226314,2111.938580206368,3129.3769275168447,3690.7027375321377,4351.993670225071,3932.2503947598652,725.4308201053583,4020.6516208296894,5751.866726189874,5590.591631522722,3300.488588582435,4910.337108353064,2385.3755944106874,3813.252904561814,5400.445990173975,5052.236969245229,3680.3668677488945,3718.10058825164,4887.0903496871815,1105.2550913554426,4961.98991639257,1318.16567418959,2537.6612036451747,5358.80023369364,4734.920834976116,5104.469868441542,5874.873085109499,6288.770842536742,1526.4640168556834,5894.072083204916,2259.0624027077397,5518.6677171302545,5464.607603103955,4291.392283655481,4960.142296909926,4245.548119595635,4319.846028905277,4971.5743109828645,1173.416791396463,2087.117740960718,2947.6367422584217,4461.606355793124,6125.756720694269,3723.8147102966286,2644.4594962375445,5044.339813690311,5290.242460094671,1342.5287747640505,4158.021258130715,4402.127739560393,5237.46317283588,4516.119354856253,2194.401412647835,1239.2598463210427,3425.282501464825,4160.530674154852,1589.2306243433388,1931.629847595902,4835.4657779866175,480.28746873598254,5885.054534247318,2192.233025867816,1701.9996188109624,5504.3074208431135,2447.417552140922],
        [1524.6093276147387,3191.1314734219977,1236.495604403971,0.0,3330.5951137175734,3248.147141510149,3072.319471722319,1407.2240517250634,1985.583197993141,2934.988107351537,3592.9051422940447,3028.0778502364865,720.3366802092643,2914.6414372613535,4603.347790642067,4387.117322241774,2207.9381158596057,3677.8394216085057,1532.6724605710965,2737.1925477197656,4202.7400930410595,3829.9293244755972,2700.4225243652186,2763.9729747936503,3675.6461432566975,358.186829094102,3890.765132412496,81.67233678899763,1363.5164206529346,4123.366682272662,3530.248634938644,4063.1955898409356,4645.716735800599,5114.631293579594,404.62500213585895,4733.388631293226,1799.177380506312,4443.521563994242,4258.364153172416,3110.904914336929,4067.459090101059,3112.326177578069,3251.5042671219544,4084.276159476222,852.9329488427435,894.5514479604775,1989.5414646388117,3319.9475312537475,4941.825986967141,2916.969323733089,1578.9993501028478,4050.3622183990897,4235.665649216694,1144.2678312473113,3042.21989245609,3421.749353167346,4129.404508559829,3424.4937358596208,974.7335391235156,1248.069050674758,2398.9060966261204,3144.317472193226,1043.6806515271496,719.3445482822772,3685.947038515559,1161.8662629734438,4654.559856684238,956.3213105583395,657.1427095105015,4267.8409361184,1524.6093276147387],
        [1854.7873024478884,3883.1703482698485,3992.448752716347,3330.5951137175734,0.0,2721.0112790121716,797.7461414262873,1946.3272759940382,2144.412970352857,476.8117712746987,481.3278708416224,921.6842599931124,3942.916411805875,1903.3278957107334,3070.438564590405,3470.023348365553,1853.1866014501231,4107.9175270895785,4436.588180356324,1713.510129785504,3274.221558533378,3404.4169191019478,4989.6970598902035,5100.837394141188,3135.905189198173,3129.2765728905842,2062.4035963974243,3299.1243802882823,2470.710229180262,4269.753053061817,4475.097786268685,1992.4035453994225,4103.47386657103,3680.749671770634,3530.794284254943,3267.898919869234,1739.5678235272046,2447.7395377955295,3420.0214472570074,4423.6052496115235,1299.6294229303385,2131.9100182515804,5100.20296225992,1291.5252090893912,2836.9149710336987,2740.213674174116,4559.446101822809,2267.0431509208815,3644.763985020653,612.3025836688863,2028.6182578915566,1735.2064500193073,2181.566733882353,2652.1712412613388,4754.745424160737,5521.70348799158,2445.582752253659,5128.758452779471,3312.167470669016,2784.6492523771517,4657.869721788034,5204.54375082918,2433.81887994136,3345.1264171232547,5017.836929778695,3545.0826071486017,4147.9238297597485,3028.676498365764,3712.7077337902806,4201.555907840517,1854.7873024478884],
        [2253.6140902865372,1351.2992395063254,4443.463909857627,3248.147141510149,2721.0112790121716,0.0,1923.3037431978794,2741.666969748122,1352.2909997594945,2332.6008343457797,2481.2056747741144,1799.4800365460214,3951.0987261975774,828.6226032699341,1435.8618207792304,1149.793702966853,1315.470225203837,1428.2814911285402,3312.533930711668,1062.1839404795808,956.9852916994042,739.2157693304962,3116.0866182464233,3232.818405592357,492.49782652511595,3341.377704967041,1223.2894948546757,3170.5018712018727,1906.1115700741593,1548.8665928985686,1917.4647364625307,1484.8617406667963,1564.1800377978666,1878.0965326436299,3118.056574961693,1527.3345858782711,3075.1035886067525,1592.637489107795,1028.6454456497825,2065.4906769210424,2171.5219386965528,591.3524825458185,2886.6460509414474,2202.9764466032366,3460.6922864241737,2360.8429017474273,3069.0742265127324,519.2939933978561,1696.1986005020349,2158.200426603969,1898.846160375399,1709.3977475126012,1533.529184963089,3519.601322844553,2543.3658448355873,3381.9639775656915,1189.65963354455,2821.464834121326,2471.8660805009736,3728.144007763316,2869.936549025973,3105.8598328195562,3137.7169345230213,2700.5945363059195,2536.248757592825,4202.692210631203,1593.2864319232756,2335.9783079617587,3111.2089954551357,1498.304562146503,2253.6140902865372],
        [1551.2880802575373,3109.700069064282,3946.2428995226314,3072.319471722319,797.7461414262873,1923.3037431978794,0.0,1836.0756488242314,1505.3703601002821,474.3565078188535,655.1160908846708,125.50947344838134,3752.3615172998166,1108.6817265968014,2390.603036376996,2711.363224066086,1187.8912000477712,3316.1926315948185,3954.6267067227373,935.633118228079,2510.1138068268147,2610.371677383716,4352.81648312546,4467.463171089284,2341.8043505327223,2949.431022964991,1378.207249534939,3024.02806049126,1966.689435901535,3472.0099830780605,3702.9777428039815,1379.866214947887,3327.6496701081346,3008.6536545743957,3188.627314990162,2584.186000244349,1843.8706750786575,1850.8467674260792,2651.8662469258884,3683.3922001800506,1014.2155653188645,1334.2737976388971,4395.86484863561,1026.629899194048,2775.2514344551987,2331.398529656989,3995.064620086674,1474.640167058322,2945.8194969473507,314.90343496607505,1565.3540392976229,1198.6405607210158,1582.089675893106,2665.3260063467173,4045.7380959723046,4837.791332921296,1758.9966775238863,4406.6226547901915,2836.085017436043,2838.6890618842644,4031.2057685169766,4524.6986753375895,2360.0871090281994,2923.6778825997876,4262.364782002728,3545.9213264605214,3370.422006978985,2564.9042938419684,3329.7036541530733,3405.567587640049,1551.2880802575373],
        [489.1486318334285,3278.7150057254134,2111.938580206368,1407.2240517250634,1946.3272759940382,2741.666969748122,1836.0756488242314,0.0,1423.4958600039704,1593.2640300239534,2258.9702927997428,1828.393010850956,1996.6426630268559,2105.9091032288193,3846.0152929307933,3858.9076994168367,1434.023209874953,3689.7771428377364,2722.185648661205,1861.7817423166869,3652.102249891284,3456.7208788495227,3601.516734919632,3694.63699474005,3231.524930089948,1183.1006362966293,2952.5747690727394,1387.7435954407351,1148.8763812859793,4042.4884301165685,3783.5400518362553,3060.2070225400594,4298.5840539455885,4431.621519500604,1670.368141812796,4012.2413718433486,505.4547785275894,3501.460011625871,3751.21085516068,3515.01507797532,2849.110460921336,2370.828912677813,3950.075256269078,2860.1220808711455,939.4125524866993,1086.1859654000082,3005.4907853810555,2592.384591470057,4302.00479998176,1614.1033510967668,880.561257470967,2965.6061610352517,3255.2345345983767,853.7987307813088,3653.7249392216568,4260.436352526082,3271.3540794621053,4058.7928210787695,1689.1226933451985,1048.2935960629782,3263.0687692673023,3947.879840876772,524.0117202008234,1612.0686263004222,4147.299824008645,1712.712798390092,4323.519014704869,1428.1472022785615,1890.846980282894,4101.471424386373,489.1486318334285],
        [937.5111163436118,1940.198513072048,3129.3769275168447,1985.583197993141,2144.412970352857,1352.2909997594945,1505.3703601002821,1423.4958600039704,0.0,1668.494751528787,2156.0379478805494,1404.835888191864,2705.2010171000493,938.8194703856407,2625.8787006112907,2497.401529022896,321.2786643011354,2305.283233947121,2503.8054306478675,804.0275891542615,2297.847114167387,2043.4440653199588,2856.180372204466,2969.485975538083,1831.3155017173362,2024.4620027365977,1926.4852348286338,1914.4085885533075,628.6904468350351,2630.0061002614766,2496.203389359216,2122.091809396304,2887.7105799076267,3160.578639648377,1947.6820856697557,2764.8991686354134,1822.1166815878046,2471.442329263241,2379.6976798893306,2340.6950341630436,2329.105457957782,1127.0040623135708,2964.7220928961838,2353.3610949788035,2109.8008678078295,1096.559146451544,2495.008003907196,1337.2576515482701,3002.584643557502,1542.2229858765925,552.2188161988022,2163.4006848497834,2279.80959386002,2169.8112138072447,2624.0965485253596,3377.850275159729,2145.280069734817,3008.8569429746362,1429.3506852417274,2378.51172238403,2530.229643984253,3060.3568086901123,1787.7260014861417,1585.634558761478,2962.147863573317,2860.9479725761157,2910.1044827199507,1197.7039067575404,2016.030465984631,2679.3070114220454,937.5111163436118],
        [1426.994270673866,3439.7935208923054,3690.7027375321377,2934.988107351537,476.8117712746987,2332.6008343457797,474.3565078188535,1593.2640300239534,1668.494751528787,0.0,665.8573835652793,572.7627969424117,3576.836076990541,1504.411800168798,2864.3614469941303,3175.924573939545,1381.1440178455014,3687.6580409279054,3979.6685060708487,1290.2906642301011,2972.676982924261,3041.3523562206865,4513.0153634568605,4624.264561036472,2773.6262796567785,2762.454940372861,1850.913239188488,2897.2967641337227,2003.421006554247,3877.362291896105,4029.3503999930836,1839.758247114009,3781.3731786509943,3482.292496031013,3108.0065754330903,3058.2436962617735,1491.5094241629126,2310.3259261093103,3112.002487661792,3960.5141578213825,1338.2477789951186,1755.014312674153,4627.398904006636,1341.4914563903496,2519.509061926616,2293.9851410021843,4088.353157156541,1915.4544072505817,3420.1427287032807,175.91717318377735,1564.8797805383845,1634.0280922360303,2040.4618588850144,2369.7361369828905,4282.975219820533,5046.23884296488,2232.6164512732807,4659.486265914102,2853.5235776728086,2525.1459903756577,4181.442643168681,4728.8449107389915,2105.948073189829,2899.083786079219,4560.608855153559,3263.9979621157895,3822.721194817342,2571.4435773664813,3278.5501022839285,3827.8393674942486,1426.994270673866],
        [2074.9793679856416,3727.988858959386,4351.993670225071,3592.9051422940447,481.3278708416224,2481.2056747741144,655.1160908846708,2258.9702927997428,2156.0379478805494,665.8573835652793,0.0,768.789510048611,4241.310153955924,1706.040944369309,2653.890172127148,3112.4986916154035,1840.7763695516123,3901.009098943339,4574.939218144795,1568.1363948580185,2925.4899017472094,3119.1055964956754,5007.150023850136,5121.5891294403555,2853.3801414927884,3427.31825667625,1665.605098140495,3552.7704512406485,2584.91888528361,4015.197687269442,4320.83041696892,1562.2131260480649,3766.0724497815604,3255.2481885515795,3750.523634288658,2851.648121140983,2129.602709623165,2003.0089089603907,3075.5358290874647,4324.280186144551,820.0300311604619,1892.55982256529,5047.059348188354,810.9304591160173,3182.540355302402,2916.291751441093,4638.262343075447,1990.5991595608198,3234.5812053078125,682.0909854228819,2163.3784014578587,1286.5208244661462,1742.1103182728084,3024.331050001012,4696.268094036654,5491.677539012286,2041.4222511560079,5053.391784580996,3450.4225067586963,3172.5135537480055,4684.557920445066,5179.040936230492,2769.998167775346,3517.9897032978624,4893.500836113901,3919.8041584047937,3813.2403311646167,3173.2959041240774,3910.3243678310278,3921.612131976178,2074.9793679856416],
        [1515.0822529163531,2984.9333037705933,3932.2503947598652,3028.0778502364865,921.6842599931124,1799.4800365460214,125.50947344838134,1828.393010850956,1404.835888191864,572.7627969424117,768.789510048611,0.0,3716.0634001403346,983.3842702679779,2305.192316018473,2603.6736947476684,1085.0579338354703,3190.7561828657113,3871.0189157817363,811.4165949867449,2401.0034963615585,2490.008265219862,4244.948445576386,4360.003630349971,2221.4931627947326,2918.755369117468,1298.2692296395785,2977.276285598536,1887.7275955856162,3348.31786187659,3578.2475262982493,1320.1680347839483,3214.0889297343706,2923.261278236794,3130.020855145737,2497.1220843045708,1870.4380377759858,1789.3743650778974,2541.2981423294505,3561.9289558235005,1041.0680349023555,1211.2903043988688,4278.603968659597,1056.8215406640159,2764.94729025012,2266.4620670241247,3898.4977308010916,1355.8250529981115,2853.9699589836455,401.87736756129846,1498.632020549013,1162.557980380948,1522.905668793388,2667.8418031445394,3928.036985908666,4723.02450592893,1674.9986300628243,4287.09270853426,2756.7852719113666,2846.317472695569,3925.154120871084,4410.645761454915,2351.483736496007,2853.127289702023,4139.072720898826,3541.041466636441,3256.2893106765305,2488.9910366855456,3263.820700902036,3283.919747643668,1515.0822529163531],
        [2201.722371786863,3783.924240142639,725.4308201053583,720.3366802092643,3942.916411805875,3951.0987261975774,3752.3615172998166,1996.6426630268559,2705.2010171000493,3576.836076990541,4241.310153955924,3716.0634001403346,0.0,3634.9735410216913,5319.173694535836,5082.455387230221,2927.3405598402746,4277.35480560161,1661.6378288486203,3456.115955659918,4902.129256423247,4508.47981683044,2954.9391702912476,2993.1571161541433,4366.441026372632,814.9094454493971,4610.321331378711,790.9378138947714,2081.131512184099,4737.447070865504,4060.1881646623983,4780.465045576852,5310.476028204058,5823.352544371797,875.2834908231051,5446.480954349589,2295.188369328173,5163.484416002444,4951.959750691946,3601.449255579241,4757.129184529669,3831.5418981087273,3598.121150770329,4772.652835747692,1178.798547378051,1611.2702598323922,2222.2156116109204,4038.0756473855563,5646.974060643972,3575.6199331269777,2293.0660966922687,4761.237252869486,4954.2959507902215,1452.7813330800032,3444.684299893716,3676.8987640920705,4849.556648528229,3797.159748511212,1565.8309995269174,1453.7313972047066,2701.5578841596493,3435.4247070246756,1530.8625100211548,1304.4980523034635,4129.753884719797,942.7945319528109,5316.210165924252,1625.5100436856005,1006.9881802751026,4899.985589961971,2201.722371786863],
        [1641.7883415982462,2023.280163272649,4020.6516208296894,2914.6414372613535,1903.3278957107334,828.6226032699341,1108.6817265968014,2105.9091032288193,938.8194703856407,1504.411800168798,1706.040944369309,983.3842702679779,3634.9735410216913,0.0,1749.005207282262,1796.5797902245056,720.1824668427143,2207.888083188688,3363.3912651267656,258.2261514269354,1586.620521243047,1549.8016654683813,3481.923167651214,3599.7640464009564,1285.7008926767198,2923.485279769602,988.70846117048,2845.711447547965,1566.9432217619533,2373.6100273789393,2615.529496251333,1195.2537134022036,2332.834195578753,2326.1043027288238,2886.2140760323823,1908.9877657872048,2362.3218434608257,1532.8796742794118,1705.5902454146328,2646.914452436231,1576.096238111378,280.0956381566332,3410.2430359978166,1605.1665915046808,2936.5987516465834,2032.4415557625553,3260.8819561704954,493.218802730923,2197.670895314702,1330.461259417126,1376.483752122223,1280.040939209245,1344.028357667242,2938.6940712140827,3057.4823697771094,3879.5764150839323,1218.7833154538998,3391.722272384556,2341.9338624447696,3142.4611736718216,3186.9415791056763,3577.802526120397,2566.6650789572263,2516.5773084087205,3196.421311791817,3713.259989358163,2368.9275214708814,2128.1696063091863,2947.210101291458,2326.0902361764934,1641.7883415982462],
        [3389.5854447352117,2500.9438758428196,5751.866726189874,4603.347790642067,3070.438564590405,1435.8618207792304,2390.603036376996,3846.0152929307933,2625.8787006112907,2864.3614469941303,2653.890172127148,2305.192316018473,5319.173694535836,1749.005207282262,0.0,769.3387509893345,2462.310062963924,2307.2527598211723,4746.102204697729,1984.9139294858862,738.2043040895298,1308.9519530293373,4443.186997639829,4556.035459457057,1221.7354480543318,4648.417528244247,1015.2284568624738,4529.384223066009,3239.99295650321,2100.3775975498984,2931.8963629172504,1094.491381981811,1400.4545026723924,618.1539091008135,4514.629704200375,197.80805237821514,4056.0393149163674,718.8875881072208,846.8675582346002,3250.9453024911577,1954.2355246786763,1507.3595427016078,4085.4689224243302,1980.2074356512887,4684.721485817571,3708.9097256016744,4478.003491232599,1290.2621973617338,583.5824833581514,2702.8759335304126,3116.331261461507,1390.0742310305827,934.4603247885202,4685.671833927065,3770.730331359126,4587.908767464029,631.8103182041682,3966.8502229619917,3890.4592374493873,4888.249016836552,4232.104749187691,4348.565700912403,4315.229697626505,4108.175955661397,3560.0039494597263,5458.886911610374,1455.8870853033302,3732.126173047534,4527.251365773232,1872.6623493567256,3389.5854447352117],
        [3375.5702260023345,1853.6234264706402,5590.591631522722,4387.117322241774,3470.023348365553,1149.793702966853,2711.363224066086,3858.9076994168367,2497.401529022896,3175.924573939545,3112.4986916154035,2603.6736947476684,5082.455387230221,1796.5797902245056,769.3387509893345,0.0,2425.0293108557944,1585.9207147479044,4294.869357908491,2054.791666344949,209.96489949900408,663.0051684147325,3832.619265723248,3940.895199143172,720.9961962994938,4489.891502769825,1466.4108232254052,4308.452665094026,3054.4908534071524,1336.4718902924214,2218.3527233106433,1647.748513685946,679.8535295366426,850.0822369977598,4234.963224351009,695.8425576872436,4153.328424233842,1406.2709415755364,136.41422280643462,2585.8027253434225,2526.220795851858,1516.9242825984202,3407.7520662270117,2555.6058641044942,4607.200410602059,3505.1923048189446,3958.2806958707934,1307.9441451999091,631.3563204645975,3002.4378919827413,3038.0514056514044,1955.0171864051642,1548.1248774030362,4656.806695126953,3111.7456371250423,3906.282582195908,1134.63587164186,3270.2989868448503,3568.690295038621,4864.822533852908,3655.4606648434487,3687.148708446906,4275.815845321854,3809.890693584584,2834.4265680925,5352.30907563944,732.9419721858586,3458.962702621756,4206.163666448931,1103.5683612263451,3375.5702260023345],
        [951.4047499628235,2122.3455530927304,3300.488588582435,2207.9381158596057,1853.1866014501231,1315.470225203837,1187.8912000477712,1434.023209874953,321.2786643011354,1381.1440178455014,1840.7763695516123,1085.0579338354703,2927.3405598402746,720.1824668427143,2462.310062963924,2425.0293108557944,0.0,2442.2016908289797,2819.142730106509,530.0426117273659,2218.596239370295,2044.2832330929473,3166.9973687166316,3281.132797563916,1807.7647322735572,2204.295453781184,1682.9893790783267,2141.663721554373,892.1618706109872,2722.6570992240136,2698.064703367579,1859.415973850067,2879.020473273048,3025.6793228050487,2210.6180458196577,2615.6078409824468,1762.7521564973063,2236.839074245547,2317.32154562805,2587.9952109046326,2013.8862194556382,957.9633537997064,3247.019542655247,2037.5692290988113,2223.748413977128,1341.1145585581685,2816.156818350431,1179.2094266157242,2883.8490471653445,1244.255529345736,656.377374378231,1875.5310263532172,2028.3037541012015,2242.448176373277,2901.948166592788,3672.029224177343,1937.8057077867102,3278.8520370239758,1731.4635566878399,2448.9023622099476,2843.7864788697716,3356.017652055382,1865.0497801558195,1870.6292411869397,3198.229815607011,2996.6028479737324,2906.8950930165597,1486.399903440054,2298.4473525032377,2740.652621346456,951.4047499628235],
        [3222.0167708024114,494.66421866556647,4910.337108353064,3677.8394216085057,4107.9175270895785,1428.2814911285402,3316.1926315948185,3689.7771428377364,2305.283233947121,3687.6580409279054,3901.009098943339,3190.7561828657113,4277.35480560161,2207.888083188688,2307.2527598211723,1585.9207147479044,2442.2016908289797,0.0,3096.7635722953955,2398.6621894681366,1569.1752430646497,1011.7295357036155,2350.581701315259,2448.616532159589,1192.9653642224812,3893.316958030839,2569.4518288124973,3596.4705953465555,2596.9611394688113,479.769663650443,632.8248472396693,2822.3192878560376,1314.5314629319644,2403.0592687405824,3404.320076380533,2273.936452830753,4121.816038850941,2783.1084407954036,1475.836999712914,1054.3667137969328,3583.970620623866,2009.4963087507801,1840.450932687661,3615.555699672098,4169.905163706572,2927.220679765323,2640.4687434446714,1942.6472958261052,2180.213208380755,3518.950857383266,2814.3620648856254,3085.045578469338,2815.653220715595,4316.345588354049,1572.4715370752021,2332.208060932281,2403.1720121770077,1688.9259395438878,2719.0985907725444,4518.178026448782,2240.966316912089,2134.5530832065756,3949.9446712783056,2982.7194574887703,1253.0307619377743,4798.648163063836,1289.4898703295296,2734.044823101929,3289.2794033690143,712.2757982277907,3222.0167708024114],
        [2605.6940258916507,2621.250594052627,2385.3755944106874,1532.6724605710965,4436.588180356324,3312.533930711668,3954.6267067227373,2722.185648661205,2503.8054306478675,3979.6685060708487,4574.939218144795,3871.0189157817363,1661.6378288486203,3363.3912651267656,4746.102204697729,4294.869357908491,2819.142730106509,3096.7635722953955,0.0,3291.840310233168,4157.921333108532,3643.972914738248,1304.9762783488122,1334.660389268877,3592.0532127474453,1890.8235082544054,4320.582446162119,1494.784683278436,1990.3919099593809,3576.4518856706454,2708.8252354823353,4550.018774465312,4324.926711609777,5124.97920789827,1138.1262701153616,4821.769654421342,3196.291540698009,4819.29522038313,4158.4915722433825,2198.007444291827,4832.568447971862,3450.6766938461847,1992.828137814341,4856.527096659725,2384.3257222912976,1706.7850423720936,585.4276429360175,3603.4655980391703,4917.625645223401,3904.4153313467696,2416.7168446922287,4638.789526945694,4677.796063310435,2671.9318187230124,1906.4652997546707,2020.0218780954879,4438.890351043033,2210.4979391199504,1126.4358643080573,2780.472009530524,1093.113937261803,1794.8567052072463,2510.24920793731,1116.4884458790227,2618.225458543142,2545.9829581595095,4315.252835849817,1408.3671420600854,883.1428490179619,3794.6056219302786,2605.6940258916507],
        [1406.8981179461282,2174.557889826517,3813.252904561814,2737.1925477197656,1713.510129785504,1062.1839404795808,935.633118228079,1861.7817423166869,804.0275891542615,1290.2906642301011,1568.1363948580185,811.4165949867449,3456.115955659918,258.2261514269354,1984.9139294858862,2054.791666344949,530.0426117273659,2398.6621894681366,3291.840310233168,0.0,1844.8302643125478,1793.809303145642,3507.9740199612515,3624.9205554364294,1532.6225774433003,2723.7118319309297,1155.367950383093,2671.3867934989858,1415.902846932185,2593.322869443577,2767.7089862697735,1329.707972505419,2586.7295878715195,2571.14591882497,2737.4462033308246,2150.567359711697,2106.0354434786736,1710.859470612807,1963.570572286295,2756.257231030217,1563.7694312779388,538.2128561031263,3490.253851518264,1590.448337593522,2711.220862376202,1870.2845946023413,3234.0446482370157,750.0673345376682,2448.2814657389367,1120.406531654826,1172.8260864978126,1359.4147928009002,1498.5367069367012,2701.3307546656774,3138.1189330732514,3946.365399567988,1428.3069655702045,3488.4383336601118,2232.723611145103,2903.4352779732512,3200.7707801815286,3638.3342435029945,2333.117372009814,2387.468549090967,3328.3367426342165,3491.9726945133357,2621.9774912161183,2000.343804800657,2817.202666245346,2559.315108609713,1406.8981179461282],
        [3169.6217424212364,1784.5463164261475,5400.445990173975,4202.7400930410595,3274.221558533378,956.9852916994042,2510.1138068268147,3652.102249891284,2297.847114167387,2972.676982924261,2925.4899017472094,2401.0034963615585,4902.129256423247,1586.620521243047,738.2043040895298,209.96489949900408,2218.596239370295,1569.1752430646497,4157.921333108532,1844.8302643125478,0.0,580.8639772138861,3750.4814355059134,3860.9971061404635,566.0118024071237,4298.138606557873,1295.3155648333739,4124.618577841702,2863.0105536035767,1380.7785399066363,2195.1448995453165,1492.825250540953,844.0558887867844,967.0789632191168,4060.2834521742498,719.9753400196133,3943.848771312997,1297.9249242084543,153.5078383690203,2529.371552915279,2364.0288050220124,1306.9921147980233,3360.228912809667,2394.000669966328,4407.29336122891,3317.2990171662254,3841.326971351447,1098.149330666052,762.7529066432123,2798.7111514123253,2835.776221650553,1797.2692566281914,1411.144397102768,4453.172200248809,3052.7427442292874,3861.6790233337038,987.5339854286727,3235.044974313431,3400.1446909732986,4660.9896857825015,3558.6273297849702,3630.3245107185326,4072.5523971854755,3637.5833989453636,2822.0795789444023,5155.854651864692,893.667504783481,3281.3861312982704,4038.9793599107743,1173.8115641086551,3169.6217424212364],
        [2967.572259883159,1204.361846261396,5052.236969245229,3829.9293244755972,3404.4169191019478,739.2157693304962,2610.371677383716,3456.7208788495227,2043.4440653199588,3041.3523562206865,3119.1055964956754,2490.008265219862,4508.47981683044,1549.8016654683813,1308.9519530293373,663.0051684147325,2044.2832330929473,1011.7295357036155,3643.972914738248,1793.809303145642,580.8639772138861,0.0,3175.9444196313025,3285.455033775749,268.57177663859716,3963.7311378201184,1622.7967929208455,3749.6354483894206,2539.293175370746,926.4804247040197,1626.5909558212682,1862.156774698567,844.4214081903907,1512.3839821573417,3647.1846358633675,1300.7660121452398,3806.919795768809,1777.8817084778832,529.9652205893093,1948.5323604738105,2680.0981224148586,1286.8802514836052,2779.9978933902576,2711.4259189456247,4129.013439833477,2968.062881909296,3296.7029177110376,1137.645732758203,1294.3613853938816,2865.645778424874,2595.630781246976,2145.112342326983,1831.0629129183435,4209.854200316967,2471.9265940803252,3281.7705289457294,1409.2903171131986,2657.9784193806595,2968.1940990030703,4418.495777491146,2993.392231864094,3049.472444720973,3828.0740087550685,3217.624161432851,2258.5727566452233,4847.420751706781,867.0636187031711,2883.9833378058647,3599.7976723509823,802.5382169555869,2967.572259883159],
        [3333.4356208490885,1981.5891437176517,3680.3668677488945,2700.4225243652186,4989.6970598902035,3116.0866182464233,4352.81648312546,3601.516734919632,2856.180372204466,4513.0153634568605,5007.150023850136,4244.948445576386,2954.9391702912476,3481.923167651214,4443.186997639829,3832.619265723248,3166.9973687166316,2350.581701315259,1304.9762783488122,3507.9740199612515,3750.4814355059134,3175.9444196313025,0.0,118.11970619849971,3221.5713794488456,3046.993411295941,4301.058624349136,2642.828517074511,2579.0630157795563,2795.630523368599,1794.1419708765675,4557.137951889032,3664.6125971946462,4681.261012962907,2297.947533627279,4466.499687030317,4105.699778024362,4708.716632709352,3703.588027054839,1298.9946530114387,5055.684509984812,3463.927583049383,742.9506542780356,5084.132118584878,3512.5544326660643,2515.829976235695,733.104965878172,3547.4406613542906,4459.743309320944,4395.774249912345,3017.8566696221956,4724.853413403304,4635.631664034385,3777.169667630702,814.5788628083251,725.7716575673281,4305.518275237165,978.9742036535326,1928.027288710311,3919.8471926635257,340.50777471969644,494.14131401622325,3536.4182888792475,2079.7989015175503,1476.0466144107588,3801.875378572942,3640.06634358455,2174.18962655625,2056.0483416765446,3054.40749055002,3333.4356208490885],
        [3434.4175413227695,2088.4432496618824,3718.10058825164,2763.9729747936503,5100.837394141188,3232.818405592357,4467.463171089284,3694.63699474005,2969.485975538083,4624.264561036472,5121.5891294403555,4360.003630349971,2993.1571161541433,3599.7640464009564,4556.035459457057,3940.895199143172,3281.132797563916,2448.616532159589,1334.660389268877,3624.9205554364294,3860.9971061404635,3285.455033775749,118.11970619849971,0.0,3334.31453127969,3113.419455210143,4418.869468269705,2708.5347591766963,2683.2895244306155,2888.7514446071164,1882.0972912415286,4675.041589638131,3763.127066349404,4788.931802027602,2360.1632333084344,4577.721112266368,4198.057394440669,4825.408207270118,3812.413005102411,1394.899431606735,5173.333730367807,3582.040838534244,783.1522544097581,5201.752647335301,3583.827151298321,2608.4736029803266,780.3351971710769,3665.285759419459,4567.137864891784,4508.134802114393,3123.504230939723,4842.971326132831,4753.153295470575,3851.731482944776,896.9724199965037,685.560950449432,4422.119862004815,1020.5225935696699,2015.309571644748,3990.7180392759233,444.6457066480882,501.56829029045093,3618.1584151062693,2158.0792936773196,1534.0340965429255,3853.0659164195354,3737.700319523937,2266.537578415229,2114.7187389328697,3149.4970859726504,3434.4175413227695],
        [2742.923467535412,1292.5486867519598,4887.0903496871815,3675.6461432566975,3135.905189198173,492.49782652511595,2341.8043505327223,3231.524930089948,1831.3155017173362,2773.6262796567785,2853.3801414927884,2221.4931627947326,4366.441026372632,1285.7008926767198,1221.7354480543318,720.9961962994938,1807.7647322735572,1192.9653642224812,3592.0532127474453,1532.6225774433003,566.0118024071237,268.57177663859716,3221.5713794488456,3334.31453127969,0.0,3790.7043864862167,1388.1142173694388,3596.379537822256,2357.725278225634,1175.8114567551029,1777.5095251503608,1635.5609024612224,1071.706964849985,1532.9480457015159,3515.6262724100116,1253.9453781548657,3567.529312411995,1598.58803575912,587.3763993703969,2044.1513320892814,2432.666065322363,1019.930646404129,2880.992776898423,2464.1331462722187,3932.707244268926,2799.979366098461,3282.2013073891203,869.3295716713261,1327.8180042742897,2597.860608678145,2381.52554400567,1908.9571905143066,1622.721541859655,4001.1154058577417,2558.0884549978746,3383.784184319031,1211.839951299038,2777.416284128893,2847.794747608772,4209.809681200413,3015.0095132151773,3135.049742048028,3619.0319967088362,3089.7465055031853,2412.920199077366,4664.201470436708,1101.3084902112023,2741.623946020339,3485.168625637353,1068.8693550070582,2742.923467535412],
        [1404.8276666735715,3415.2317328167874,1105.2550913554426,358.186829094102,3129.2765728905842,3341.377704967041,2949.431022964991,1183.1006362966293,2024.4620027365977,2762.454940372861,3427.31825667625,2918.755369117468,814.9094454493971,2923.485279769602,4648.417528244247,4489.891502769825,2204.295453781184,3893.316958030839,1890.8235082544054,2723.7118319309297,4298.138606557873,3963.7311378201184,3046.993411295941,3113.419455210143,3790.7043864862167,0.0,3877.3821143670366,405.13361524910425,1435.411755222751,4324.700101060611,3790.2680047892477,4031.39575357605,4793.843474116408,5183.515886329301,759.8541334379651,4789.341659517063,1514.725226748263,4433.796453695344,4365.059700665894,3392.6967815733487,3958.909655493825,3143.2301994026943,3578.831526148031,3973.400491671084,496.9209797879809,996.8624553958731,2342.0089562691446,3358.2581797357143,5020.893684003234,2764.155139701793,1551.0198740306487,3991.5294172092026,4212.418879003236,791.1206300782871,3356.1039436765395,3765.6180368783207,4141.977720039495,3744.5294121656434,1249.3509634012817,889.9201734373626,2739.8379336089365,3483.3804951327056,744.1794216599632,1014.7858724020106,3982.5818664946246,905.4088347366909,4806.432245430494,1162.607466348854,1014.1785480049416,4452.591990231159,1404.8276666735715],
        [2530.784099406963,2567.6534246747156,4961.98991639257,3890.765132412496,2062.4035963974243,1223.2894948546757,1378.207249534939,2952.5747690727394,1926.4852348286338,1850.913239188488,1665.605098140495,1298.2692296395785,4610.321331378711,988.70846117048,1015.2284568624738,1466.4108232254052,1682.9893790783267,2569.4518288124973,4320.582446162119,1155.367950383093,1295.3155648333739,1622.7967929208455,4301.058624349136,4418.869468269705,1388.1142173694388,3877.3821143670366,0.0,3823.884460726991,2553.3148256842073,2548.9268876233846,3116.054172188651,261.57245009933604,2138.018582533322,1632.2373977980221,3874.160941529006,1210.9544008005385,3105.301496409673,556.7202829877139,1448.699580563931,3288.7639854720196,1072.5778095410585,871.3903026936271,4108.408180718361,1103.129902554364,3841.771350762709,3016.0484946586853,4169.310148401248,753.7791694619784,1583.0463553878958,1691.934293211597,2327.367802510156,522.3157762288396,358.1601970364248,3805.2522498258036,3763.335566256592,4601.824420850271,384.4356635191275,4044.5770508398896,3325.7800280041074,4000.6834590192043,4033.3462448460855,4320.940300228029,3449.857146286603,3504.8017080004797,3744.3638369626347,4626.32990004584,2188.465519454403,3116.484780511179,3935.3365509216455,2398.483489684757,2530.784099406963],
        [1480.3945083553394,3109.9755731350233,1318.16567418959,81.67233678899763,3299.1243802882823,3170.5018712018727,3024.02806049126,1387.7435954407351,1914.4085885533075,2897.2967641337227,3552.7704512406485,2977.276285598536,790.9378138947714,2845.711447547965,4529.384223066009,4308.452665094026,2141.663721554373,3596.4705953465555,1494.784683278436,2671.3867934989858,4124.618577841702,3749.6354483894206,2642.828517074511,2708.5347591766963,3596.379537822256,405.13361524910425,3823.884460726991,0.0,1290.3557323814775,4041.7595478765174,3451.305535020261,3998.722181853855,4564.749408978758,5038.352148545145,357.62635093613744,4658.345291146742,1795.4605771140464,4375.8613687294755,4179.474343727258,3034.280512172453,4015.40622059947,3040.6125517600944,3184.856576087521,4032.6379266376275,890.6347687452298,820.6498437890989,1936.904374862355,3247.2734057117136,4864.753755322721,2874.9908497852443,1518.2106059433083,3989.90894147711,4169.903668927148,1177.1903482977345,2971.5638970083314,3362.505328936907,4059.149548164986,3355.5876970266218,895.6328962027766,1291.5627826134446,2337.8579571319187,3082.4513108719293,1050.4105453509098,642.3048932015851,3611.7750928255036,1237.7725762946013,4573.471049213036,874.7802379135163,613.1937662695726,4186.178584609254,1480.3945083553394],
        [770.7880114256996,2158.9382983887103,2537.6612036451747,1363.5164206529346,2470.710229180262,1906.1115700741593,1966.689435901535,1148.8763812859793,628.6904468350351,2003.421006554247,2584.91888528361,1887.7275955856162,2081.131512184099,1566.9432217619533,3239.99295650321,3054.4908534071524,892.1618706109872,2596.9611394688113,1990.3919099593809,1415.902846932185,2863.0105536035767,2539.293175370746,2579.0630157795563,2683.2895244306155,2357.725278225634,1435.411755222751,2553.3148256842073,1290.3557323814775,0.0,2987.029132662972,2641.892982829634,2743.4036496220706,3376.863160503662,3757.7474038034757,1322.338494066189,3371.7975029834865,1636.5387461665387,3099.799938292677,2929.9105088467836,2366.823208576913,2880.5468084522395,1751.3267220703333,2840.144940551416,2902.274299849228,1601.5666200898017,469.9265582575362,2091.7157041575324,1956.9450854419986,3590.220944815747,1917.9706078897902,445.79344653883317,2767.6928864852985,2905.1512909771254,1722.4890685616183,2528.9146161744015,3188.9559882087124,2772.8786438380585,2932.326901207887,869.455372439754,1926.8311814444749,2239.4456367657554,2871.004336873812,1353.0649745667183,981.3709238135135,2999.5648362829393,2308.4427295733835,3392.626693557295,603.7431016151005,1407.1492193867653,3082.6122905816464,770.7880114256996],
        [3563.6069673919096,967.633346493313,5358.80023369364,4123.366682272662,4269.753053061817,1548.8665928985686,3472.0099830780605,4042.4884301165685,2630.0061002614766,3877.362291896105,4015.197687269442,3348.31786187659,4737.447070865504,2373.6100273789393,2100.3775975498984,1336.4718902924214,2722.6570992240136,479.769663650443,3576.4518856706454,2593.322869443577,1380.7785399066363,926.4804247040197,2795.630523368599,2888.7514446071164,1175.8114567551029,4324.700101060611,2548.9268876233846,4041.7595478765174,2987.029132662972,0.0,1016.2129663552846,2785.836865359044,907.9882985783157,2085.0556317386263,3862.774541891952,2029.9141235579532,4451.312988542146,2667.0595254126497,1254.9094826671405,1497.46385031831,3605.645951430133,2138.363392994677,2234.050514694036,3637.024304897647,4578.351303772689,3345.1961667890373,3115.788371858137,2024.749630165766,1867.5442259594292,3703.9123643258445,3161.9854785795533,3071.2142244750517,2744.793643250656,4709.231836542661,1998.3354542493337,2708.5765347614793,2318.8445624221345,2056.9109745777064,3174.328863251019,4913.860205593632,2705.448004462081,2540.840059403391,4336.586611459373,3437.666287960892,1564.3794071605869,5229.606485728775,872.3695779090123,3172.5132510980334,3755.896290046457,272.37974154396954,3563.6069673919096],
