{
    "drone_dist": [
        [0.0,3740.416935883937,3665.0514682128387,2587.5091716743923,4838.458604504496,2579.7890620203443,2191.3833445603923,1423.393768087281,4512.44195099069,3286.2886267749836,3176.146379330447,1287.927279424166,2075.1188933628046,1472.137816240755,3029.8435159773844,1089.8075138004717,1176.505491025717,1384.165728654983,1006.6265927678227,1399.4829561194351,1713.6355965852772,2912.357487380572,1045.3614813113106,1085.1564963304613,827.6685805797171,2858.5479878586393,3678.5006241479596,2942.4120771251814,4516.125555732001,3071.025334941638,3449.180716580871,3451.8570100579627,3172.1694219866745,1646.0695049370693,2713.419556638025,2520.5076698424637,2393.1396066861653,2685.275529417085,4302.756745546658,1447.5016313899632,1998.4498391196055,1995.428960953447,3579.4054659875937,3461.8783643796933,3845.4231638619885,2617.7462854943396,2801.954674103175,2931.762626120159,2547.3527341676295,2537.5453010067486,1179.3047832999046,1409.7272025910522,2706.8942284594295,2737.5808998007697,2154.614211766912,1422.0616109485215,209.31222415884443,4077.589936621702,3872.6447567066602,2070.514198601794,2392.977935878045,722.482413429601,3371.527079728193,2063.6407153318323,4398.7850480467805,685.423737515463,5056.409148219676,3991.5016092553924,3271.5468159186653,1409.8660578928468,2675.49659991639,1188.9069191484166,919.6848606329772,704.0898265293114,2782.1285091723876,2219.561912276853,2710.1871641474813,3810.8078299337144,3853.398116906795,2370.1511039807383,3282.057322689661,833.1552557141795,3702.107565556776,1743.9639344966085,596.992035719352,4565.985683728351,3491.0671646266783,3608.610893336836,2628.8205765027815,1209.0228067922108,0.0],
        [3740.416935883937,0.0,1876.2876801160448,2888.6787870566627,1875.3506050585202,1170.4988811279482,1549.2929609148223,2835.8574252828334,922.8053020916598,1939.890339521082,2445.450562370853,2665.2480194892396,4054.4167053548645,3715.1462873750693,2006.3543724462932,2758.282335995807,4864.049392790374,2386.6211587373427,3449.670708572393,3409.4252590969586,2311.7338495230624,888.9735994649853,4127.247010216399,3571.682577201176,4169.86126775773,891.5613629121523,3774.281625956706,3601.264742984422,1641.789666684058,3426.1055470795736,668.7062053722537,4354.635878189257,1311.088259530348,2398.361873093681,4263.8515228410715,3223.4648978095042,2391.8253170212042,1904.181489782223,1230.2640997501921,3432.2071037257174,1746.9739073401158,2281.57313517315,1557.5555656221659,2439.3437025834373,2319.4767520666514,1822.0006087443328,940.1692508275593,1815.3106381076723,1693.3586127330984,2992.5257741355003,4427.983518292027,2332.2132418483184,2141.7730728760234,4403.199626030555,1587.7429959490644,2385.9188792653285,3924.942764827824,1399.0542081723038,2254.3392892141965,2774.9833437034354,2587.3008803979665,3205.1013564283644,4284.816470097531,2377.5174084034957,1328.0393313112688,3456.5075857809293,2121.648267683559,961.9959353833748,2008.0842031176192,2932.9311774041607,4084.880515224742,2908.307911051018,4543.604625514426,3130.006273471218,2964.7989664485317,2839.042975821865,1402.9060567619845,4144.662611201557,741.4211216734617,2325.364662111997,653.03893512088,3619.0095014970584,559.9977944119154,2775.3518147447826,4319.616264404806,936.8070811530114,1797.254505261172,1647.05509232118,1276.9898160930184,2795.80099307661,3740.416935883937],
        [3665.0514682128387,1876.2876801160448,0.0,1558.1083442665301,1337.6010797366703,1780.281834320979,2038.0535467669038,2293.3778046618067,1785.1313147911662,3519.036794470908,819.129957680034,2378.1345388692953,2958.652863085818,4330.260659355614,3475.8183774541963,2588.6302605747214,4829.089858430959,2729.882086356916,3884.2859485013237,2668.385449024262,3018.3904172896555,1539.195140274327,3543.562261221162,4033.712697143922,3709.810703796553,1939.7659964872098,2013.230525884264,2081.5816709641963,1066.1778159394605,1840.8138090655245,1236.5184768879162,2734.7333658699968,2874.961067275178,2020.9665557123262,2908.882576407532,1896.477234930378,3544.0730089174,3209.178884853301,1139.3174079794203,2660.9527742764367,2239.9022377229135,1671.9802525745863,320.5040259371588,654.7278184947666,446.8882812520905,3084.0811634097154,1885.890254349087,735.1773423209447,2892.962371811747,4162.700482794499,3836.123428054662,2496.2928781513065,3455.8991099566115,3059.0252690014604,2127.238519417344,2806.7074954875384,3874.3584502414146,750.8500312497823,392.1948946347259,1803.6069219406972,1462.4450848582392,2953.615066288896,2681.592865561489,3348.75412270637,1167.3599206687973,3728.390150210683,1494.5876065707942,1083.681554615676,435.3216191997614,3568.956958249516,2722.80647467111,3402.768998487262,4179.6341120772695,3327.6834931585286,1514.7163611144367,3887.733689115452,1164.1817817579151,2391.0266993478367,1207.0688966662592,3466.243301581308,1361.802747228852,3142.870217456996,1325.3919625164117,3589.0849850756113,4246.242437988071,1875.0132923281524,181.2967012711421,3367.5665321823444,2400.827362838903,3270.773580961487,3665.0514682128387],
        [2587.5091716743923,2888.6787870566627,1558.1083442665301,0.0,2894.5375996040348,2084.8474588163463,2044.6941126512804,1201.4866345135042,3173.6240441662026,3874.105270273337,772.2572814950937,1487.805570557697,1402.8950669363269,3681.9364877191633,3727.834190941214,1712.0992381067324,3649.2827039406766,2241.6170022630786,3161.6421921454653,1290.3945016923387,2729.4767442843104,2116.0186844450973,2147.669167316737,3307.596422499761,2368.552366052996,2428.8234373825353,1235.003452851813,740.4005499915407,2621.712994044644,656.7583791891318,2252.758978141506,1514.3494583013392,3343.7663118006985,1253.8009488940606,1404.8632843946502,351.65671433541,3492.4717634438134,3367.250980004425,2627.7348104523644,1263.4619945950471,2118.464338771386,961.0330983206295,1688.4085310756946,1046.740436084129,1497.9455092848052,3236.8867690381826,2344.7703487303993,1105.0335719083446,3048.6358213228846,4016.5258164443117,2412.9803321917493,1956.5367642113135,3566.8905490888255,1551.772851185854,2113.9002162825304,2353.943329280203,2783.3459995486933,2261.6827228033726,1558.0400300698582,535.5236266483768,363.0949576159631,1887.0291260401555,1435.997871896847,3186.538221541185,2679.869998168677,2904.9096968128424,3037.9059396919074,2457.8271964769574,1137.7250201639488,3073.592549453815,1219.4815248992104,2829.3994499793303,2852.538609613564,2529.95718921029,202.1233803071193,3678.0647481058313,1517.5105460257191,1509.2777538261441,2472.8872385174172,3421.572128047,2236.10152589319,1864.6971025022024,2472.6020406626385,3237.558778129695,3094.0458096649722,3258.3704214892186,1455.0262163452999,3907.1728528665594,2682.6356747121213,2715.187223750343,2587.5091716743923],
        [4838.458604504496,1875.3506050585202,1337.6010797366703,2894.5375996040348,0.0,2508.987262740385,2878.929114295664,3545.4724900968363,1148.2134824397654,3813.198413286823,2140.1237707007963,3563.282233650361,4296.083173711916,5255.31955932816,3863.2556695938324,3748.9605790341193,6014.860686605011,3707.381541549251,4877.090752911159,3974.328460564394,3849.5010016088777,2160.1581719179767,4839.547301745874,5019.340808560322,4984.795646075688,2469.227652939651,3146.6199932867316,3369.7773427069183,323.3148501538104,3113.892043380654,1593.825187582672,3950.389979660035,3174.053597738824,3209.160379997288,4220.432750588036,3229.091644604285,4155.089743573554,3709.808489963557,663.1227752393256,3971.4739320377275,3106.4903878376954,2900.6746789006515,1289.8438626196153,1917.4036451329882,1500.69559448622,3608.147135171209,2459.542518992731,1974.7452792329107,3446.972517713159,4778.344154440625,5137.707868197056,3529.852397858132,3958.0514006606318,4370.360322552899,2957.1031870212587,3756.231160027539,5045.654763926664,762.1222188428553,1419.7342572208506,3121.3026312242664,2789.2947399093227,4156.164701048311,3909.2201857882355,4058.8482821856196,556.561432521168,4782.268870687363,252.43885732806075,993.7928240142427,1768.3735307218467,4460.340185986817,4036.1481305516713,4351.945905338871,5441.686642595666,4395.26857273458,2840.0845321014026,4572.052800980242,2138.9960652043824,3508.503569129262,1217.7091268299928,4081.6793071004618,1798.0930057740034,4409.189019478081,1439.0971619324566,4393.42693712732,5433.008706151881,1212.8081806117214,1462.3229886234237,3514.898911400953,2961.2710217209788,4222.584687078741,4838.458604504496],
        [2579.7890620203443,1170.4988811279482,1780.281834320979,2084.8474588163463,2508.987262740385,0.0,399.2848828284253,1717.600713626317,1949.1945730921896,1843.5141663338184,1938.3447413822669,1509.008888847501,3026.9102156634003,2749.907493117535,1747.838046476562,1589.3589386262759,3721.0669582634346,1263.0155581964134,2400.306456179503,2305.0730528546846,1340.6516107634297,358.8539831077466,2972.691076670309,2536.280334881245,3003.5279104192623,368.77674272742576,3198.2613787035325,2824.7975604825983,2196.6576724323713,2715.0972343720573,938.9305970013714,3598.6305043035827,1265.7624949257247,1277.9203079413157,3340.2267431826795,2369.0979716296065,1765.202982154404,1444.322630901728,1878.046611688616,2334.470016958464,621.7796697485202,1257.65564551379,1517.0818451912148,2071.7431103255267,2181.876370688595,1315.4804934557856,284.86630044781725,1268.9427015236452,1120.948247901292,2387.2415778193067,3270.510034529323,1170.2905294574032,1685.5582209241427,3466.8743001420607,461.8117790415279,1286.443281638218,2769.265143051449,1785.1920515717545,2152.486445471207,1809.6620116863153,1731.1269225358897,2035.5725449404936,3519.3232680531382,1592.7084520447993,1985.0306741446816,2354.6517590796143,2755.773249635862,1540.030392694936,1638.1035778951316,1953.3053735085114,3175.268954892794,1863.030845352208,3373.106415483887,2000.3167331010018,2220.793014061798,2127.331719233738,675.6227346583103,3533.9076356874934,1352.484275665277,1687.4643638469847,743.5824997983327,2460.2495749334594,1165.2424126223323,1891.2429875061462,3165.6447880287255,1996.2652710467921,1616.9344233672068,1825.7644733097948,650.2147085979998,1737.805838442845,2579.7890620203443],
        [2191.3833445603923,1549.2929609148223,2038.0535467669038,2044.6941126512804,2878.929114295664,399.2848828284253,0.0,1454.4459371355983,2348.178461001203,1832.2665678672734,2048.913632967361,1195.2337752179733,2816.0383930565517,2377.343095937554,1684.1946894342082,1239.8935926265308,3325.1616531164473,863.867018522212,2009.214616062903,2042.4512255434367,992.3339003993029,754.5422824817158,2644.576661858652,2147.5619568113893,2653.995475629706,678.7970228634861,3227.322562857278,2770.3277570392033,2562.044753064022,2697.008028969022,1330.4422733934673,3536.3290247570426,1351.6651260127278,1032.0793520009852,3192.127757361333,2287.2274428364667,1547.2744050412489,1331.5039874152633,2260.487937247289,2077.789534503683,228.2050262983525,1122.3682479362042,1808.0764378463464,2227.1394314540617,2405.1866293817016,1199.7788823309297,614.332851138321,1426.7825041916049,1007.6996374755196,2146.333001640735,2936.577369278618,783.0746384358612,1547.282499372007,3309.0621401621997,89.47872522859383,890.69329274371,2377.675218295076,2139.6623955979344,2387.3734431133244,1681.3752876246854,1681.6452271969051,1679.5040973979349,3453.8309013248486,1316.397279373654,2366.2513756291387,1955.9237302083457,3122.4272461406144,1924.8835578663002,1823.4312458352247,1585.013695819899,3038.554591946253,1476.0350216924935,3004.8317371520334,1601.4113464572117,2206.0295470222745,1855.006898483374,875.3176483996447,3540.1073205827993,1745.1521490955183,1470.3325991859126,1139.3698384525956,2128.673065513119,1562.654270634229,1559.1257676357839,2773.340336221661,2394.4453270685776,1863.7351984585637,1912.2227185478148,667.9118354362848,1348.5508968243294,2191.3833445603923],
        [1423.393768087281,2835.8574252828334,2293.3778046618067,1201.4866345135042,3545.4724900968363,1717.600713626317,1454.4459371355983,0.0,3434.371613763845,3169.375800432224,1753.2434158933772,356.73322085377663,1384.2180441738626,2496.9423936981825,2968.0092105543727,541.4189557273744,2553.574580616275,1210.7630035099412,1971.0171655349202,589.6924609677293,1745.4126509256787,1946.9877981938473,1328.5686407324079,2114.488090037007,1442.3572812521427,2079.3996167742184,2386.493874756839,1714.646953515824,3230.6535540927794,1771.7893343189126,2363.4294073213264,2385.50895846995,2783.098309238489,440.43661233159503,1851.6577427104373,1226.3871940174536,2564.9061155489226,2584.732402780697,3084.5033533233845,623.4373764586862,1395.0867574092476,647.0011384729466,2257.5884699037806,2040.1817082679215,2434.0867602202875,2467.5417606304736,1999.1292165193722,1578.6459860810555,2308.80127261943,3001.3855858937836,1633.4599678842,955.1070513276798,2731.618226713265,1945.674873095872,1479.4605614491352,1325.841917538655,1628.3131976651484,2801.966172667847,2466.495164697006,667.232742513279,971.358441779584,703.1624343806246,2299.6315573987363,2223.754570297103,3168.696145530696,1704.9024923870531,3744.2665469015074,2810.2211682915163,1879.5371164906344,1952.557698977648,1729.8428394626624,1691.3713450669575,1896.5754419743469,1337.9260980370007,1402.7511652734477,2650.7022956613364,1529.5434733676711,2592.627219309546,2723.1802612088213,2504.7030417576734,2245.444916061098,864.796351261816,2623.365345975347,2169.8410146547703,1976.0000249829927,3503.4003643605533,2128.2705807792054,3329.8324121326796,2105.617034767417,1591.8100562699087,1423.393768087281],
        [4512.44195099069,922.8053020916598,1785.1313147911662,3173.6240441662026,1148.2134824397654,1949.1945730921896,2348.178461001203,3434.371613763845,0.0,2806.022773246647,2549.606806776447,3336.1518954580606,4489.944934107109,4615.513295093165,2901.329020498653,3469.5556249480064,5666.126298989035,3210.629150246585,4321.563020424666,3966.080155118897,3200.676630440776,1602.6691648812584,4761.129669273962,4449.844841406818,4844.528519228835,1754.4947087926453,3798.1944110792056,3808.1523894199336,1039.5108261291523,3588.034486331789,1077.759018702989,4503.2802036078565,2207.408303727327,3021.3722246736775,4577.706918576694,3525.049586258713,3314.342077448943,2823.3929804329873,694.8495126630428,3978.687900667283,2566.0578452383347,2812.8987066239174,1531.9716134167713,2436.8736059627518,2157.813433433092,2743.976094268817,1781.9537633786658,2077.327987981556,2615.8528768723145,3911.982043068129,5066.023387659571,3110.3561520689727,3057.5061249060873,4725.209317159829,2404.14907506975,3226.537786375756,4707.349889617512,1061.8974068307812,2076.765740206485,3210.7463504963252,2945.622278142957,3912.9368254878827,4445.260241129319,3295.6545052769184,730.6672078496035,4299.455063729193,1360.9711360541153,721.8162075973387,2093.897527739869,3825.609952551647,4391.639650043284,3779.216957458773,5254.995325258284,3949.504866580976,3192.7310012206103,3761.8041928554576,1905.4188786129102,4175.890057508399,721.0839474767347,3248.12044060526,1230.9544732523477,4273.4604931740705,817.8981059975936,3685.747797141155,5104.252484768931,89.98729092758398,1796.5024265724633,2456.167331124475,2186.712902858135,3660.567893678344,4512.44195099069],
        [3286.2886267749836,1939.890339521082,3519.036794470908,3874.105270273337,3813.198413286823,1843.5141663338184,1832.2665678672734,3169.375800432224,2806.022773246647,0.0,3780.857898502311,2839.3218433437996,4552.443607823227,2509.914746384332,264.24842966442293,2770.5579152969426,4129.894437632904,2063.7646374898354,2521.394255377033,3721.2947734369172,1591.1029152495705,1989.6057457219724,4099.461919643775,2576.1783477086665,4007.0465998129384,1588.708504938391,5032.479721991112,4602.469442579138,3565.139929900247,4522.751819182381,2353.7871197463833,5368.346096834484,654.4325540706553,2801.40825975623,4990.43001245454,4118.641662233134,963.0680244602971,612.1404568513326,3159.710410710026,3765.8831425142575,1800.8870116203302,2951.044319116008,3215.133153094616,3900.2145594121644,3952.4683409077848,710.3834614707583,1653.6646123512855,3106.217979715877,860.9176370164703,1316.1432561808085,4346.390139603145,2245.789796296091,601.1955424939302,5098.192406778247,1769.591010533496,1972.720953178404,3395.421036161865,3262.4172066752753,3909.1612272766743,3505.5713532940154,3511.5267119641376,3108.232877174994,5285.654800307915,1236.8389326184808,3261.3221120124795,2710.438827040283,4060.8181052613236,2860.7997952366964,3456.5379324077603,1952.6338285498907,4846.219679721401,2113.0281729549656,4205.812458293063,2584.5133987050435,4029.284176293194,1359.7045897591306,2513.908635209672,5358.295268477277,2628.753976964812,955.5189084494974,2182.6960904469006,3611.6936465631447,2411.5052671422827,1636.7608512404975,3723.8559426767374,2791.1342373948746,3378.9822096123953,456.63021410904935,1201.5412997884494,2077.6862396896363,3286.2886267749836],
        [3176.146379330447,2445.450562370853,819.129957680034,772.2572814950937,2140.1237707007963,1938.3447413822669,2048.913632967361,1753.2434158933772,2549.606806776447,3780.857898502311,0.0,1941.9797248609411,2170.862665851389,4080.471175119929,3682.3529802308403,2171.239283309154,4297.163005306969,2519.220805510186,3587.2594273401423,2000.8861486358248,2924.779649946283,1836.4435380769282,2876.789071009661,3737.7077419686766,3076.4781904162264,2215.979729200078,1330.6560354007752,1268.2680084834228,1882.5737763572731,1038.7826545688886,1777.405346822688,1956.6604547287318,3180.6697289096887,1617.1045291405942,2089.9220619666803,1091.9909425256617,3592.0462164607075,3358.9935811267674,1942.0583034020774,1982.872089175648,2195.631919954218,1247.4806866071203,1018.3338874110235,291.88032427102735,730.7434355524658,3227.3143029742823,2141.284009350269,681.8862267817277,3031.304457829697,4174.346773220727,3154.5189255223927,2246.2836773426834,3587.4682081012934,2240.0787749296715,2134.0156684945337,2618.1932266036565,3381.5339434196644,1559.2385359497096,787.0878505615741,1143.7543399610215,795.837146439286,2454.2676980586093,1896.593442672415,3333.0117869766727,1979.4245233675279,3375.0907942320814,2272.4351209451993,1828.877080566074,458.2558784828982,3384.0890742586657,1903.9902771309592,3172.5275203116094,3558.226403597603,2978.240531589893,699.9715488409911,3860.5418434200155,1267.8358959143304,1699.2588994509736,1895.2595269194765,3515.851569673144,1824.776146677143,2537.560289926952,1949.6664107091424,3480.2713306670466,3724.6509562625843,2638.0686504876403,757.2396119599159,3723.167027464055,2586.9078201965885,3045.8999844773557,3176.146379330447],
        [1287.927279424166,2665.2480194892396,2378.1345388692953,1487.805570557697,3563.282233650361,1509.008888847501,1195.2337752179733,356.73322085377663,3336.1518954580606,2839.3218433437996,1941.9797248609411,0.0,1716.5757548992162,2194.790937748864,2630.7119550205057,230.65999441955637,2458.7901397700625,854.31719374822,1677.8157086939375,883.3829278067906,1389.6050536969994,1783.1054229346662,1463.9461902953117,1825.485299734155,1512.2888417872534,1854.8675081271406,2702.3208602120367,2053.4988390608214,3242.474655598242,2091.949906359559,2258.444983425175,2738.379222110812,2485.0129986157876,358.2035599350449,2205.534483111761,1557.4002256506437,2210.3906435108865,2246.8791181583,3053.5969713734403,926.8723975037738,1098.5500280431638,715.0681427421043,2294.3432397635042,2217.2455562891655,2576.607209788845,2132.9199564759374,1779.66583622352,1644.1234595266899,1981.3611564286655,2645.3616890102294,1763.1353927863518,604.8466426830942,2385.396867590202,2296.3930553929795,1204.6055972922684,969.2381493801337,1497.1849010501123,2805.6386728721873,2598.6164312660035,957.1465916103549,1206.0937758482385,593.9965918832554,2652.469442638402,1867.9411887656804,3145.0811589453733,1439.3437170159739,3776.261162999011,2757.134558513514,1991.3954362933328,1610.063060175547,2086.0595361439987,1354.3019240612327,1921.4283712542756,1050.519264343772,1689.6123407996747,2294.9741571086743,1461.2904648104095,2925.736381667866,2643.2549326255694,2151.110783176232,2116.813208338787,953.7629730507621,2518.3329213916363,1816.8270134116067,1875.3625439188497,3399.064411057805,2203.4579258808453,3021.416081888116,1818.662318412313,1248.6405958816047,1287.927279424166],
        [2075.1188933628046,4054.4167053548645,2958.652863085818,1402.8950669363269,4296.083173711916,3026.9102156634003,2816.0383930565517,1384.2180441738626,4489.944934107109,4552.443607823227,2170.862665851389,1716.5757548992162,0.0,3498.8914007864564,4347.058528453945,1823.2548576901397,2806.73125908469,2547.9039574341577,2981.9883753254644,852.0942224959581,3081.974206180457,3189.5716062494544,1165.042236721043,3097.2514571569195,1451.0377642047522,3395.6376821512395,1918.229702535447,1196.7597452137015,4018.415435856319,1437.3783332293092,3484.222727254442,1435.6372957133908,4159.599496703313,1784.3278651390744,644.2921034835424,1085.0146861724008,3905.314103110745,3963.27235441871,3996.3617635047176,801.8322269430629,2775.9746627586683,1783.0534164741478,3065.325126608824,2432.143269813685,2884.718239002277,3848.314372132058,3311.643965681836,2423.346034983345,3692.3311068673033,4279.295604510906,1308.4309966482535,2319.54430925506,4099.439125937676,663.7649196391008,2850.2060751584577,2657.9076819770357,2204.077465166826,3643.724301949393,2949.9486205171975,1287.710510090028,1549.9129612476556,1643.288320235718,1364.5378052537576,3555.781631821176,4056.707578892974,2659.0883034913436,4440.668212146986,3793.1626917347016,2532.0992206695364,3155.314981506959,649.1786498037892,2884.0715842254226,1872.4795220507428,2410.6664789847505,1486.1880469140335,3928.2234630381113,2657.5416705745815,1915.201142820179,3771.6785297367096,3850.7088792146687,3416.170506553917,1255.0437469138506,3729.5070143597363,3427.945938498675,2364.1866245089936,4570.101404569556,2846.4994745468957,4710.697373500979,3478.08198907758,2816.107727964273,2075.1188933628046],
        [1472.137816240755,3715.1462873750693,4330.260659355614,3681.9364877191633,5255.31955932816,2749.907493117535,2377.343095937554,2496.9423936981825,4615.513295093165,2509.914746384332,4080.471175119929,2194.790937748864,3498.8914007864564,0.0,2251.859716734664,1970.021312395493,1762.3625800972313,1600.5662744599263,530.4359131378611,2725.2891616643847,1420.1794496154869,3105.3971468095283,2517.091200430123,401.95986540133504,2284.845917005296,2865.33285007912,4883.426454007595,4196.517509066175,4939.255926777968,4268.482461405292,3684.975562738529,4802.124364281469,2695.6435083250512,2474.308897061942,4119.581613943642,3720.1301289512035,1557.1018449611433,2039.175324084964,4627.726047084314,2778.464120099307,2150.842705357821,2836.9276306689867,4145.741865740303,4333.576038381846,4628.056320346892,2045.424510274719,2848.30930100228,3626.3377404487383,2091.849370219426,1351.4065386748016,2625.097739065872,1848.2732077378566,1923.5668082588581,4161.403882018922,2298.23553052252,1525.8889531447776,1426.6462612322277,4516.2594272151855,4630.730943531798,3148.6760893666396,3394.0414900548667,1902.8496296680933,4718.2044733774255,1390.7505405623892,4734.877003117888,840.8755887268185,5499.596647506324,4289.204376277088,4021.7252612172297,797.281547710193,4056.0009418021314,927.5052081466262,2218.1041645186265,1160.2170679376654,3883.9311079162676,1161.7538034680967,3191.6977017401923,5078.587850914274,4094.3193886064214,1583.5484100010951,3484.364367081756,2246.0864649892083,3893.801660309938,957.6248408724189,1561.9005747523224,4643.423422202196,4149.231845087212,2936.4645129136657,2438.7937942637736,1059.4884819292372,1472.137816240755],
        [3029.8435159773844,2006.3543724462932,3475.8183774541963,3727.834190941214,3863.2556695938324,1747.838046476562,1684.1946894342082,2968.0092105543727,2901.329020498653,264.24842966442293,3682.3529802308403,2630.7119550205057,4347.058528453945,2251.859716734664,0.0,2549.514688683273,3865.6620773480877,1833.9433117274016,2257.1509675093835,3509.008816605164,1345.2339417484636,1936.7630045213514,3858.8826594755697,2312.2865431440478,3759.5181384191965,1536.205853836024,4906.9519522568335,4448.230804810638,3601.2411922419496,4381.081233854467,2353.414266648627,5208.536891749433,695.7471476424616,2615.854073784869,4802.57769288232,3958.129221590333,700.3075770169381,383.85349961346594,3203.200780359919,3554.858559934889,1625.8631170532801,2789.343749151172,3180.794354371476,3818.8842542663756,3900.553854369712,502.4562164575028,1591.3524126310913,3016.7544498227553,680.6635699707724,1100.5012412773635,4101.192686620744,2030.8385735969957,336.9746179488669,4906.381561980836,1614.0132092844183,1738.3363102854034,3135.811795506767,3274.9924504727196,3862.1289109736945,3337.088392311752,3364.749481917673,2872.997703125103,5124.978741146476,974.7626026896924,3307.587019576366,2447.930188531348,4113.556042160311,2891.5071490222713,3381.431569881246,1688.8140564941011,4663.109190788245,1852.6698241618117,3949.528045080219,2329.638603329448,3890.180728504866,1109.417333340273,2423.4446012995895,5223.851779534405,2659.638560224598,691.2875879540635,2170.477783502929,3376.553575160665,2438.8032610081664,1372.5313760532667,3461.5705657390567,2894.121825043328,3327.434275998543,690.8770625747952,1097.6645350987749,1820.8213011825653,3029.8435159773844],
        [1089.8075138004717,2758.282335995807,2588.6302605747214,1712.0992381067324,3748.9605790341193,1589.3589386262759,1239.8935926265308,541.4189557273744,3469.5556249480064,2770.5579152969426,2171.239283309154,230.65999441955637,1823.2548576901397,1970.021312395493,2549.514688683273,0.0,2265.951261854608,726.1293051513177,1450.2550054754365,972.1268479025799,1258.744101023062,1890.1995346466094,1410.4011421928508,1597.2277288391056,1415.8000464017464,1915.954168397349,2918.967953297421,2255.8380119499457,3426.817185512861,2306.2273176954895,2394.936149186355,2921.4369642939,2464.7678785783073,570.675422434399,2350.2549245577566,1765.222187318826,2082.081488857628,2166.8908464438923,3221.2328033992317,1021.5224864154286,1104.3795489424976,937.4668814256088,2491.280302393189,2445.1215005750773,2799.08464430779,2060.2581065396294,1846.1408672568236,1853.4928109067976,1923.199610779694,2481.4894393376035,1698.274796881163,530.9556996266493,2285.2084762044155,2431.3839675016443,1232.5317608280116,834.816535620273,1297.7627424216532,2988.488437927792,2819.154192085784,1178.7238470113464,1436.1073249557287,447.2944911377598,2835.6689959137298,1733.038557554394,3315.498543235619,1208.6890286012895,3966.617462173138,2916.189343149329,2209.573178243912,1412.4433832045502,2242.446519832637,1150.0904204052379,1790.5044665832074,821.0030125118722,1914.1618128721377,2129.6497350451277,1626.2080772496058,3132.8165513842705,2789.944849163402,2027.6523815542334,2241.3823462090227,894.707397249095,2652.657131090313,1640.4995876284631,1684.1664288417228,3528.822782415197,2412.141131561168,2984.4752746749245,1819.0377897538574,1052.4891186290101,1089.8075138004717],
        [1176.505491025717,4864.049392790374,4829.089858430959,3649.2827039406766,6014.860686605011,3721.0669582634346,3325.1616531164473,2553.574580616275,5666.126298989035,4129.894437632904,4297.163005306969,2458.7901397700625,2806.73125908469,1762.3625800972313,3865.6620773480877,2265.951261854608,0.0,2477.9391673516134,1608.5737468652833,2374.027748272897,2677.032717348376,4063.4571342385293,1644.3600580005168,1565.9463641179314,1362.9344038300903,3973.69863234084,4626.745372132903,3873.9782614011424,5692.589838532213,4046.6964396026465,4612.002481989461,4242.311591790053,4148.154740394842,2816.6943318184635,3437.442478885322,3519.233948554077,3173.23910304682,3572.787861354662,5476.940492632875,2410.3298630344066,3118.030261033532,3157.112221722077,4752.926550514734,4587.138774019828,4987.62382253648,3534.9873911065197,3924.3916086642625,4098.6598380013775,3509.185256131201,3100.6436517434786,1531.865270949654,2555.914937965167,3528.8610805691587,3415.175047216235,3278.614672928053,2487.5008630459597,970.4452603949356,5254.084260018814,5019.711309073717,3163.0185062456544,3502.9758872964007,1875.4958446852497,4171.015411106131,2902.4257783403273,5573.664086181189,1457.1173526267755,6232.130611132651,5163.133918503486,4426.922220226573,2180.5719657125123,3454.902125274451,2064.9362261979695,949.9274732243625,1735.9451291128428,3832.393403614501,2861.8798350271763,3885.8876462955104,4694.774754686244,5019.610261583533,3174.6328840233723,4439.194677856187,1785.6667956618062,4861.796235356642,2493.7681941366573,583.4842477615733,5716.211658774992,4657.26039375514,4511.241724600123,3685.5732115502674,2142.8150984367194,1176.505491025717],
        [1384.165728654983,2386.6211587373427,2729.882086356916,2241.6170022630786,3707.381541549251,1263.0155581964134,863.867018522212,1210.7630035099412,3210.629150246585,2063.7646374898354,2519.220805510186,854.31719374822,2547.9039574341577,1600.5662744599263,1833.9433117274016,726.1293051513177,2477.9391673516134,0.0,1172.4315392251494,1697.8346176044158,536.4920196201651,1617.6658611364235,2046.0500120588174,1317.862922150291,1983.1658909465284,1495.8035460735605,3476.351580260525,2873.604060118762,3386.3392138873514,2881.030462132214,2189.608162666876,3581.543407720675,1826.2761762242692,988.4852640526719,3058.4207111655014,2371.0765318936697,1359.7185595662354,1454.23479159146,3107.371689718626,1746.720807267847,645.1649527364688,1309.4668393105876,2552.304462400858,2757.422185398913,3032.2314219028162,1355.1020293254016,1447.979684823076,2028.2210003609555,1237.1179034638865,1799.3573278113608,2307.589820118278,285.19944987506693,1560.8629674819551,3146.130912312441,807.0989604247442,115.87233385087914,1553.486401334038,2954.105130717995,3032.545808627815,1743.3371006366935,1909.339565972875,1047.2977698362295,3495.689615213875,1014.3601391759743,3211.295185502644,1092.5939957235448,3945.2020955162266,2775.7568394884993,2426.171369540306,865.0175978279325,2940.376286237178,673.1209409606673,2260.0712404988044,743.5691704770202,2436.496428167007,1451.8339815137883,1600.7406342512122,3729.7415179733757,2604.2399511026833,1303.2438028906356,2001.845880392535,1549.658905960135,2425.7682904839858,995.9689154155566,1942.7470546448073,3255.169073032161,2548.791599528453,2312.454222731431,1246.3223483799493,541.3664574413538,1384.165728654983],
        [1006.6265927678227,3449.670708572393,3884.2859485013237,3161.6421921454653,4877.090752911159,2400.306456179503,2009.214616062903,1971.0171655349202,4321.563020424666,2521.394255377033,3587.2594273401423,1677.8157086939375,2981.9883753254644,530.4359131378611,2257.1509675093835,1450.2550054754365,1608.5737468652833,1172.4315392251494,0.0,2197.6934758451494,1148.1447325623703,2759.1456060879714,2044.3428297405867,150.783258069924,1834.1100726567988,2569.8818178727192,4356.845050308035,3666.717522932973,4556.79341421612,3741.493665966045,3338.381485044509,4272.8205557905385,2575.3127341321024,1972.4493510111527,3597.2227374784643,3192.0233695681677,1565.5413284371448,1972.1028548195213,4268.725144801738,2251.027035399467,1781.4523195813229,2339.9999012597636,3719.9926240296686,3847.5219153385665,4160.36966467156,1943.892515058881,2539.615833381874,3166.60323339749,1940.2154932817855,1572.1485843360927,2184.418420681713,1387.9932308008572,1920.308844512488,3642.8259130194815,1938.869789094573,1121.5781367867967,1011.6878302015679,4125.753371145994,4167.912963625711,2627.0852509788356,2882.1536270913402,1373.6041079813137,4188.765402699374,1298.6028052776,4373.899998907257,329.29784358455834,5116.213799115327,3933.93104687819,3555.419027003452,578.2694608242608,3529.9642620995464,542.4667680144743,1846.000165941749,633.1015500747923,3363.7616745462315,1286.497460322712,2771.3145537671244,4548.860284037049,3752.5823405990286,1566.0621015751992,3143.7605582207198,1734.697742782769,3563.4499517713766,885.2970206559958,1250.1511687588709,4357.805270978545,3703.0161377892464,2908.0518484591253,2196.5329152684185,662.952496464492,1006.6265927678227],
        [1399.4829561194351,3409.4252590969586,2668.385449024262,1290.3945016923387,3974.328460564394,2305.0730528546846,2042.4512255434367,589.6924609677293,3966.080155118897,3721.2947734369172,2000.8861486358248,883.3829278067906,852.0942224959581,2725.2891616643847,3509.008816605164,972.1268479025799,2374.027748272897,1697.8346176044158,2197.6934758451494,0.0,2230.7343381205997,2522.3848522925787,878.9195552626385,2324.77002327719,1079.9221988350891,2668.1860505453137,2285.8053102481667,1544.0843161004448,3669.616267950033,1686.357704525724,2907.7226217896405,2079.9190936239984,3361.7545832390147,1027.2510386615568,1414.0023592180526,1147.34580817497,3053.748895356834,3125.2555480266,3566.3025219842293,53.7236214284701,1972.409579770851,1153.7882410626835,2688.3782424407973,2291.786009586734,2725.244486707588,3013.4717240794216,2587.467621090858,2004.1334905775363,2864.377499498448,3431.719744572778,1167.777600485425,1478.1833682556999,3253.721730143725,1479.019387000919,2064.522039030522,1806.933720200285,1572.3173795871417,3255.2548716608653,2772.161383879196,869.0078684280207,1219.3567864201716,826.5185928736919,1996.8996788513823,2703.873529797487,3642.991205900429,1887.536977162564,4155.261189454429,3313.7577495479673,2235.677512827549,2318.3377041469475,1333.7926002543882,2047.228886719372,1563.7612763569698,1595.8039369880319,1464.4148192291439,3080.1580637149004,2065.7059360051703,2411.643714668951,3247.7017824724585,2999.7454238306627,2803.6819052096157,594.7107248142859,3165.2569479644517,2581.7036873131833,1837.8389530743918,4038.839602691819,2520.1233607179724,3902.6992873520835,2688.2938284369097,1972.7100803548287,1399.4829561194351],
        [1713.6355965852772,2311.7338495230624,3018.3904172896555,2729.4767442843104,3849.5010016088777,1340.6516107634297,992.3339003993029,1745.4126509256787,3200.676630440776,1591.1029152495705,2924.779649946283,1389.6050536969994,3081.974206180457,1420.1794496154869,1345.2339417484636,1258.744101023062,2677.032717348376,536.4920196201651,1148.1447325623703,2230.7343381205997,0.0,1691.5555778851121,2514.626351657671,1262.6750130722444,2415.9516269415512,1447.2282045777672,3962.7239484885677,3386.4485350669615,3537.1769243168364,3378.4669754178353,2268.912313230255,4106.073256682205,1476.3316170013297,1490.1240251655247,3594.6112582660776,2883.2199221737806,823.6915369211002,980.913247788922,3213.809895994896,2280.2662346315315,779.1343354318606,1775.3106256995263,2798.6869457794883,3139.3094136717127,3364.972707060029,905.0960544964626,1428.247258449561,2365.283492190382,840.4916411994576,1287.3419849889983,2756.2077960089773,798.253850877319,1048.19602355637,3682.6209387471768,906.4772833123001,424.2352345098056,1843.6760146737154,3122.385261594613,3354.1093667944397,2250.8154097577662,2383.8941214124898,1536.633990649629,4020.351053910253,478.35157980324374,3321.529176331704,1220.1303022429838,4096.422179029676,2874.614433485556,2767.95849154779,625.3181283767216,3475.2438766652717,619.9319691164466,2628.7932936700336,1010.0814670438317,2918.8022202821353,950.0857366031729,1855.0265950969904,4230.990496502712,2676.1004168051977,769.1542504660456,2067.052098995351,2038.7632497200257,2474.0083364661896,570.8018008091389,2202.197396296005,3231.6423801168303,2841.083671641217,1895.0769435780003,1048.860580552101,534.6479378381478,1713.6355965852772],
        [2912.357487380572,888.9735994649853,1539.195140274327,2116.0186844450973,2160.1581719179767,358.8539831077466,754.5422824817158,1946.9877981938473,1602.6691648812584,1989.6057457219724,1836.4435380769282,1783.1054229346662,3189.5716062494544,3105.3971468095283,1936.7630045213514,1890.1995346466094,4063.4571342385293,1617.6658611364235,2759.1456060879714,2522.3848522925787,1691.5555778851121,0.0,3241.7683547347906,2895.090669731663,3293.0498053274728,401.83359961315784,3144.5904334518914,2851.8011846403715,1851.633334623056,2711.490131255127,580.5552114532733,3622.390474479264,1359.802303457257,1509.421045724436,3443.5496833883176,2429.4201240885973,2052.682301691213,1677.7660893102684,1522.6756743710464,2546.2496087302175,979.6433522526901,1407.5869979300576,1249.1820175576695,1923.0388060794908,1965.491947551779,1556.2215352272879,347.7964348918453,1154.9831769574596,1370.3806243035558,2679.8960642927664,3543.55022554024,1507.75664356336,1927.1802587713742,3577.5620404898464,820.4523714654478,1644.2958331667778,3105.706784081903,1450.704967425258,1925.5791908750173,1926.271089009745,1783.5287595404307,2337.2822392697026,3546.7880596462164,1912.9912491951154,1630.179885995373,2710.14377361557,2408.6877803936977,1183.8557774891747,1474.8416278839516,2308.289688144315,3270.354305475603,2221.7857927042664,3680.616656069697,2350.85114783931,2225.370725239295,2439.8181466596197,602.015341350153,3496.815585874243,993.6666525078834,1975.9435742309518,385.0619653866894,2736.1406094731756,808.1675979136099,2233.5796326891614,3502.583612316749,1653.9658952596938,1391.85799329468,1889.5313309942069,871.1426807007703,2096.6590789578017,2912.357487380572],
        [1045.3614813113106,4127.247010216399,3543.562261221162,2147.669167316737,4839.547301745874,2972.691076670309,2644.576661858652,1328.5686407324079,4761.129669273962,4099.461919643775,2876.789071009661,1463.9461902953117,1165.042236721043,2517.091200430123,3858.8826594755697,1410.4011421928508,1644.3600580005168,2046.0500120588174,2044.3428297405867,878.9195552626385,2514.626351657671,3241.7683547347906,0.0,2129.8658827369895,286.9223038616086,3314.46028247148,3004.375971201253,2252.761501927999,4530.850059197676,2446.4047040197465,3687.4026850732103,2600.142610590193,3857.8230665972396,1743.563926516575,1802.9048448044275,1950.7279078358908,3288.857169461107,3487.33820933889,4406.024849030618,893.9940908508024,2514.5809478663227,1967.4870904454988,3550.424729132298,3166.823437085304,3603.0413015302593,3396.0005168808275,3240.98530373598,2865.081088281194,3283.1390059534224,3524.855073706611,304.95791510305025,1926.1515250643558,3560.0316847794747,1794.3907253407233,2641.7678094692683,2129.0902921884235,1116.215147541263,4109.852475597274,3650.723140522187,1747.7871346667675,2098.2737323471415,1001.6177816580168,2527.797550890259,2940.220606803581,4487.401830065809,1716.8021823454799,5025.812771651452,4137.411236299701,3112.2141484781114,2373.806169133769,1811.5294836750652,2119.882824758086,731.7751025423244,1601.4089308182024,2307.2966619629274,3190.00689229929,2857.5207862501384,3053.8153697002467,4051.52167216072,3251.716669508744,3561.03873566887,516.1541838016411,3947.8042717428484,2693.0863500748146,1209.6619196109227,4829.029639527661,3392.0395046642557,4357.893612148684,3226.198895308392,2097.3073504021954,1045.3614813113106],
