{
    "drone_dist": [
        [0.0,1936.732291642794,3025.962226059885,1612.7550789846905,4291.847405067349,4502.772535631624,449.32324697572136,1822.88636055697,4220.736758921348,1294.8804338529444,1971.7942157413588,3570.558964277813,4688.4564778950335,2591.695976569694,2554.3349091406358,4623.495452605708,2454.4930914765614,2527.7481702879677,121.54230549224134,3365.778492599876,4507.345357116608,4470.527848392113,2191.3710812961,2224.297929612698,4977.6321617987,2058.3168740241167,2331.490206283647,1815.844059575498,387.743846487048,3282.450952622714,1859.2426550637724,1669.4199053129191,2008.9598980008166,974.9328583397456,943.0405061185642,2642.2717259470246,2027.443887640643,3161.4114455024865,1806.7841419709393,3565.3290456127615,4782.229005374426,2481.3336241542106,3707.3608490594647,4888.486726740094,3222.154079359517,1693.9828069306545,1678.1931351803373,2248.048298541932,496.77779339957675,3605.614998457464,2046.083176451454,1275.3750909553828,4179.452383018345,1516.8365871450774,2772.5700851198035,3957.430563509024,4245.958766161173,2340.80709387154,3635.749088868247,2130.730185492013,3585.9854974897657,2372.7413918695343,3311.579866317113,4794.010051272965,969.1106835611429,3045.7509812534176,1417.9788500296938,2973.586514599103,4524.575749584613,2608.848927599269,0.0],
        [1936.732291642794,0.0,4294.0776369169025,1344.44621969955,4321.992063030861,4506.001695188172,1504.9589545706813,3108.480803725721,4073.4946113324963,1166.1110605149215,671.4982590970778,5114.441930377512,4211.20316130185,4121.825706230111,4351.890011845108,4641.073315502568,1966.969427173028,3045.6087951106074,1953.9644700932204,2342.6649668272066,4241.677085567243,4576.369582810649,2806.760188447209,2268.8557993913437,5776.620932424634,3737.0003066848917,460.51850865295586,2591.1238056168363,1998.8837393968302,2943.511926539685,106.8598310537159,3601.6184549119935,3942.9277062354777,2807.1463025205003,2879.6332433668986,4264.209950480435,3952.8311398204064,4419.543668802257,1498.9766967026615,3290.0082377459066,5505.980474266764,4028.8176067842346,2910.3265864488194,4533.392645682244,3254.6452807857527,818.3421565521744,3182.3586299375156,4022.4786979264322,2135.663415246504,3923.297749179506,3767.7976525279514,3211.9155516446904,5548.73986362199,1055.1858748519037,4591.272425542873,4048.4185342323694,5509.404074777537,551.375119754295,4199.110951212821,1721.6656745605203,4794.252621235892,4295.08398898131,4386.604154411833,5504.147618600317,1073.576740345106,2365.693854136264,2067.098294707899,4473.422766447755,4724.264350181996,1390.725336815872,1936.732291642794],
        [3025.962226059885,4294.0776369169025,0.0,3033.8198311468723,2786.073482008055,2950.3443319884186,3165.202001869038,1233.5594267645738,3030.5727864869204,3129.0454761465617,3845.528279698319,1071.05127593501,3818.023577137173,742.7923900900198,1646.183784646734,3001.7231119234643,3045.3501020401923,1658.1355746058734,2913.450333004814,3923.5041121869917,3377.320043744093,2767.9671017473215,1673.7127220381226,2430.8613808637697,2157.745963977954,1310.7797986225537,4452.40193888051,1738.5943657327325,2678.1615590445863,2951.458480592542,4278.344197081398,2844.9303643068138,2876.168807750477,2225.8837355998144,2731.004546209137,989.3169811786186,2431.2573038555256,135.4666123632915,2980.0929765995356,2942.855094093345,2073.2927021340606,824.8074599868114,3764.374641812263,3755.668049700403,2379.863973453589,3550.5174876126584,1362.2982839071851,1547.8350606702745,2540.354482087991,2003.1377270295043,1424.990989117267,2700.5881336637085,1257.5349063193241,3273.187153783011,1794.0356585352072,2519.124181405289,1236.9405177097904,4361.869185987763,1584.0336194927447,2990.0951437715257,562.1161288531864,2455.5127966203736,503.27720687041597,2099.7103757781592,3312.7595848956144,3360.162515990605,2232.1270306951023,625.8772742075018,2652.1958924188034,3881.1214215822674,3025.962226059885],
        [1612.7550789846905,1344.44621969955,3033.8198311468723,0.0,3101.475010103548,3299.298941858775,1240.1377011099441,1933.5554507443644,2916.2937519224806,370.1241964947759,812.0388814359155,3942.5328203100344,3228.2453602571636,2984.5836266178126,3412.1776242702767,3432.0408534627177,889.249823162852,1701.212249851555,1542.75149909716,1753.2491348477479,3143.997397679692,3336.1448949928504,1469.5347553050544,955.1162463019677,4432.5121027093555,2728.401645871311,1423.1174797824647,1296.7172471329907,1397.125536290883,1837.9867700180914,1363.0924920968093,3107.4546525803667,3416.1644561220173,2076.5362994305146,2397.1570438367617,3176.0005650425046,3276.830304845407,3151.9440349630395,223.49921487953128,2166.529698242695,4163.867911171936,2907.360555313189,2120.412682106942,3488.376972239115,2000.0538836465437,535.0004136017342,2113.365415594379,3078.631143628289,1462.094519300022,2614.584350734915,2793.0053686293,2698.5950576889163,4290.107739660551,302.3856562562202,3664.1659631394955,2800.8333736582804,4219.5086255717715,1328.1040047614792,2860.683049792839,558.7131765271872,3502.91943348268,3586.673869938239,3074.159080074024,4162.727402138038,824.451588204788,1463.0502523237358,830.0846400064825,3301.9071229448027,3459.022516073597,1083.0689541079275,1612.7550789846905],
        [4291.847405067349,4321.992063030861,2786.073482008055,3101.475010103548,0.0,211.47304798506772,4113.026319408019,2952.0890227137616,420.6118443060517,3441.834743424479,3656.2974671571337,3770.1492638239274,1163.6455076304064,3411.2288737080125,4315.328998181599,334.54883265079116,2356.7523944819563,1810.0774701056225,4176.762442599876,2480.4759948517267,667.755642990673,281.15544284390757,2139.0520917203544,2169.5676951789055,2239.385949528848,3742.7054896501995,4183.153059180865,2517.9018965642754,3920.016478072765,1421.6494318647563,4374.083275566329,5060.417403439552,5227.6707120531555,4053.667759687969,4601.619504416393,3696.867224305834,4855.66381089627,2779.508849855542,2892.5092679107042,1092.5488807071683,1918.9115628151012,3440.5426873653755,1940.101984931234,989.579017245449,1106.4174995562748,3539.869777859099,3333.065968857327,4108.267331631255,3865.5503186012133,819.8865840387806,3871.0866473702226,4752.2717140013565,3471.403300394236,3394.9227086727433,4510.662495245314,338.75265168685667,3167.206544268525,4036.998083021568,1211.9294828440318,2611.9624336123493,2740.0251735132656,5001.191902936505,2342.4597855666516,1890.7235832516278,3871.9581102001107,2094.110139004705,2878.0520468456953,3409.48183964217,508.8305442779635,3130.0538257199096,4291.847405067349],
        [4502.772535631624,4506.001695188172,2950.3443319884186,3299.298941858775,211.47304798506772,0.0,4321.533934466391,3156.1229527751548,497.2699328377978,3642.6324592549104,3838.236717127998,3915.1734352021194,1120.2427772864353,3590.5832414236297,4499.178932165815,135.17672163647677,2539.1265028616604,2020.629699371297,4387.816669265724,2605.3342959421075,631.8369559433369,240.0424968099598,2350.16178371135,2372.8471690329566,2250.165428207643,3936.2154717221697,4355.7431800986415,2729.1836085042573,4131.26843758908,1585.4886373787922,4560.228733402206,5265.795370786614,5429.829114875151,4262.780289320891,4811.463631359752,3875.005218938484,5054.403650484285,2937.311704989628,3088.419355745639,1246.7933529594495,1936.2241341793604,3623.299129649175,2042.3759784403628,881.359167367175,1310.1038553953586,3730.0322789238676,3536.085281854155,4298.208204218436,4077.010969966843,1014.4318888768908,4064.8828818754323,4960.085742282693,3582.129301413908,3590.987541348997,4690.6105323785505,549.8092077646406,3267.9135653311305,4208.476699590774,1367.567055070844,2802.340682833347,2875.0004483865628,5195.003912881525,2494.714428130522,1905.212474982751,4075.139978081197,2247.6285354287897,3088.445676361781,3575.5273249145353,479.5690153873418,3291.6797448010316,4502.772535631624],
        [449.32324697572136,1504.9589545706813,3165.202001869038,1240.1377011099441,4113.026319408019,4321.533934466391,0.0,1932.802906083283,4002.1064283100877,892.9609430116536,1525.2935826923697,3816.256140665542,4411.540932181041,2820.367854107103,2899.2194942998694,4447.343981221503,2115.6741873101846,2417.68627181816,449.4012307646183,2978.7327147786114,4269.112922599438,4311.888812727078,2091.2940210584097,1976.4790238979074,5001.247582759981,2342.0305840661404,1887.1957759601519,1739.707918035035,537.2731280681625,3003.2379261771002,1433.631001159344,2114.988458080624,2452.896954214675,1323.7287937442873,1384.6511370486626,2909.1387747447443,2447.8976277177476,3299.7065412166858,1450.4182580165661,3306.3241081443653,4782.9227733873295,2715.1933141306636,3359.154375343348,4637.834892935513,3018.3803639807725,1255.4569349370258,1873.9343136418029,2579.4076439024757,686.5575785647998,3479.9927519947473,2349.8100443629105,1716.3814292922775,4368.564526774642,1100.6864062315435,3129.0391377568862,3785.905605107378,4400.624518618199,1892.8396469545157,3574.081178900073,1785.1606038366967,3714.4923526974803,2790.4856056222666,3392.2920820775034,4791.149232365367,523.5375619645157,2699.671840137379,1256.4092009783953,3196.072561722591,4388.605008242044,2183.988672421903,449.32324697572136],
        [1822.88636055697,3108.480803725721,1233.5594267645738,1933.5554507443644,2952.0890227137616,3156.1229527751548,1932.802906083283,0.0,3035.664230191738,1958.050429049743,2725.871542011299,2017.3955252674243,3713.13112406521,1051.7425933760735,1634.9335618581351,3251.6782558868235,2204.9653324328588,1212.6344815058758,1705.8544280432454,3198.2322943592812,3376.775488572254,3050.828477152438,973.9920621950379,1619.1501701764425,3175.901779195346,936.418854026001,3312.794862025277,763.7948324596406,1458.8146106736415,2497.970792689382,3083.4315460138478,2111.4479040514507,2278.333475622445,1179.4367955537205,1737.5455957761442,1260.5497117806876,1928.0253381353182,1367.5494405892432,1935.7717862039574,2634.543857938254,3003.7781607767556,979.5051938689927,3225.07099642377,3781.0697804703314,2108.729105246787,2413.5701296239276,384.7635226835462,1333.501702989815,1328.1984518580362,2149.555175719165,1044.996720276673,1828.0487424844578,2460.5051840003475,2130.7985359176596,1881.7123218564027,2620.600560330987,2470.313987579982,3238.6978108546973,1998.6052634065868,2044.6947658887284,1782.0401736610884,2123.046706441282,1489.142883874487,3019.5056193837167,2093.613041116264,2672.066211831685,1103.5034530004216,1374.612772884846,3032.4471687587247,2913.890780322066,1822.88636055697],
        [4220.736758921348,4073.4946113324963,3030.5727864869204,2916.2937519224806,420.6118443060517,497.2699328377978,4002.1064283100877,3035.664230191738,0.0,3271.6219990923355,3402.6411178232124,4051.103937735124,803.6541593943305,3606.8671604231654,4489.943942963514,621.8633923996349,2111.2612380076794,1839.3701459682422,4110.071243651953,2110.320898484652,350.8050756381658,685.1405488427405,2145.446650214465,2027.6641501156948,2656.096434756006,3880.740994534271,3900.367649285409,2510.8844542911215,3862.0593758626032,1131.4463895450735,4132.964057861592,5119.939468261967,5310.588136377006,4079.0880001345545,4613.411619223239,3894.558619073752,4961.039074621506,3039.6906400168264,2698.83249047378,785.2241459378724,2334.440184064625,3624.303307592389,1545.369152951859,749.8717752240689,1001.697222742686,3316.756357715891,3420.405400272516,4259.996383751619,3822.9468511422197,1028.081095325559,4006.9547452524134,4789.961802573766,3810.0610410272448,3198.983772806416,4698.116421799861,522.739729649121,3519.8121805001388,3751.5288198955623,1505.9326032266529,2395.0326306014376,3045.9886350879106,5131.527515530301,2619.471054097249,2307.072851841636,3715.1142357621147,1772.7305112114313,2804.031937858908,3644.357100427901,924.6267974958344,2822.531478623954,4220.736758921348],
        [1294.8804338529444,1166.1110605149215,3129.0454761465617,370.1241964947759,3441.834743424479,3642.6324592549104,892.9609430116536,1958.050429049743,3271.6219990923355,0.0,810.6383353700338,3973.6884518817637,3597.791994336064,2990.7847744626974,3321.10670375327,3774.2613184757874,1258.774887670176,1944.9062930897235,1239.6891159280112,2085.7831842065243,3506.6441786581777,3669.237229556827,1674.2854471431701,1276.1034385682576,4666.815700842911,2662.9157810902884,1361.0600069516263,1429.9514156613564,1136.6095762309214,2204.5178248932334,1157.8278476949672,2864.6625568903823,3185.601111856942,1885.0246766713672,2139.2284819087745,3155.011165339384,3087.663059041271,3253.9272938093873,593.2102964929861,2529.8237986484437,4410.2663976289405,2903.692734933048,2481.6199297832695,3854.800871534562,2336.240189062094,488.0991532089665,2072.7274667640722,2986.5437991590165,1228.537905718478,2916.07007045703,2712.075097454777,2454.4918285601198,4384.79013015557,233.7482575202667,3569.5833429718364,3133.859219638706,4343.3764009795095,1301.3255862208002,3122.9226302666284,928.7298460542505,3628.44429270143,3411.0121822794754,3225.235847636468,4411.640441510159,454.4373079947068,1827.5322282209445,901.2546080848019,3330.9454652812383,3781.7582125290264,1321.4457024940775,1294.8804338529444],
        [1971.7942157413588,671.4982590970778,3845.528279698319,812.0388814359155,3656.2974671571337,3838.236717127998,1525.2935826923697,2725.871542011299,3402.6411178232124,810.6383353700338,0.0,4741.63217058787,3548.8324203834773,3771.847977505231,4131.421850469519,3973.378840794341,1299.589985594035,2468.232155521015,1947.2530406039289,1728.3327632525802,3570.640640930275,3913.451143707458,2265.159656673415,1652.7091173586844,5184.627531680722,3469.331449053092,615.0177507105427,2108.7517540333406,1900.7153056391337,2272.2525748443522,738.676249125201,3614.2749824951657,3944.544586747879,2679.9923578666912,2881.476030506359,3948.895326466669,3876.7861529660386,3963.9461313551005,905.7422315476547,2618.7905284192407,4904.163098692947,3689.519555749426,2267.214072334666,3865.665823144991,2599.736585879544,322.8487223468523,2871.156420499816,3796.800769820972,2010.2862996213642,3286.6460944032688,3521.0898110970365,3206.9893283237307,5102.052536785098,601.1831963852732,4380.116543887011,3388.331488161759,5030.046393504814,516.5363965306625,3591.6699490759,1074.36487278073,4313.65364086017,4205.704106911862,3880.577701958395,4900.107304297496,1002.6969467829302,1700.1899535535606,1628.6682995209248,4099.459412166214,4066.8164682448814,786.4042696892209,1971.7942157413588],
        [3570.558964277813,5114.441930377512,1071.05127593501,3942.5328203100344,3770.1492638239274,3915.1734352021194,3816.256140665542,2017.3955252674243,4051.103937735124,3973.6884518817637,4741.63217058787,0.0,4848.804567598934,999.1724253201197,1346.7445612466088,3948.4272539522403,4067.6320641732377,2716.8006495236486,3475.4745402430253,4977.121731016559,4391.571311252803,3711.86543320944,2693.326834854406,3450.7991150448224,2581.4518140063205,1525.7223866063187,5330.149743758114,2684.2111546668025,3286.299969748433,4022.327518206999,5083.153431728426,2847.8121735328073,2750.145985846965,2629.940859011809,3006.295475810347,937.3763948228943,2302.6230006998185,1025.4969116068105,3923.2673331075102,4010.2821409138232,2628.2199782608373,1101.441928237569,4834.493053046203,4755.520515702195,3448.9152062452195,4430.718780546602,1950.5199275521593,1482.9456945053764,3137.249277589002,3025.840850253252,1568.9591921662961,2857.0776502674134,815.517496447318,4148.032975760205,1334.714934035761,3531.1706672775786,1103.4345005377575,5255.444535797224,2559.271797849593,3978.328779926926,1056.1894905782308,2173.0468822711478,1432.0243774241349,2663.672541406666,4072.469093937216,4415.838677324898,3114.3392585176853,642.853943582693,3560.9716392986224,4868.52625103184,3570.558964277813],
        [4688.4564778950335,4211.20316130185,3818.023577137173,3228.2453602571636,1163.6455076304064,1120.2427772864353,4411.540932181041,3713.13112406521,803.6541593943305,3597.791994336064,3548.8324203834773,4848.804567598934,0.0,4366.303019563533,5230.320791035692,1182.8270187805588,2348.8134974630684,2500.498086652269,4586.420261210469,1972.8786637636408,496.7397920680582,1358.9467138586801,2770.2518134304305,2466.2290616441446,3370.299062931013,4596.2002011740315,3957.48700469147,3106.9399699895544,4355.99331143095,1408.906042339214,4286.338115794949,5747.976840230991,5962.90105797102,4678.652093443673,5189.527759996111,4653.756087051718,5638.7330280202195,3832.881160878934,3004.7851275522908,1132.4689706506224,3056.303634922342,4375.961650712004,1351.8904255086009,398.09665932769104,1605.5155898815033,3535.310887072234,4095.4935121484996,4983.916955135816,4339.370585374949,1822.964089311293,4719.571300162647,5395.71531282572,4612.299539423137,3478.321434167221,5446.867351473858,1326.1824025901071,4318.479526360456,3805.969971360106,2309.4277493358572,2672.269370263983,3849.110812065101,5831.871812016306,3418.4737563130193,3025.4267604199376,4052.1478526401693,1849.437284101714,3303.7328688025023,4425.319386348618,1599.5805378654618,2853.5341480825678,4688.4564778950335],
        [2591.695976569694,4121.825706230111,742.7923900900198,2984.5836266178126,3411.2288737080125,3590.5832414236297,2820.367854107103,1051.7425933760735,3606.8671604231654,2990.7847744626974,3771.847977505231,999.1724253201197,4366.303019563533,0.0,920.9768385965453,3655.5092458363742,3208.8733766533433,1983.9630818997434,2492.0324509473853,4171.317762926217,3957.6150091109494,3427.084161806125,1870.2618228158,2600.956966235174,2880.6620048476375,624.2773611751662,4350.9732930519285,1776.8802104244726,2293.544391957128,3332.8806866436703,4088.239990148417,2138.0585131582357,2144.573395977328,1682.2025663502793,2123.518681945304,287.7438953481399,1695.150468137638,837.5727696770617,2985.855328722956,3391.8593506875113,2812.116678485298,113.79109408079049,4116.338496241057,4350.150331427194,2828.6561805772785,3456.495456375148,951.3785641882204,806.1060585389529,2145.249780151421,2599.5977334314657,718.334413366044,2040.1409912693682,1606.6450146807092,3173.6711740127776,1100.043972806502,3117.221176480264,1735.8203068589996,4282.203817664801,2246.7697795550075,3078.0215116206155,1216.3224689355332,1713.1864909593853,1240.5702468474315,2839.3843640181426,3074.7079412229887,3623.737398484507,2154.7987307468634,382.4297858228005,3334.6301950022653,3957.1216860195864,2591.695976569694],
        [2554.3349091406358,4351.890011845108,1646.183784646734,3412.1776242702767,4315.328998181599,4499.178932165815,2899.2194942998694,1634.9335618581351,4489.943942963514,3321.10670375327,4131.421850469519,1346.7445612466088,5230.320791035692,920.9768385965453,0.0,4568.084602943462,3824.1466690613875,2774.825543322389,2486.1558786738296,4827.42634112727,4840.4038024728825,4341.565346055956,2591.549331662198,3251.421797465955,3717.6639982618285,705.149855384899,4656.571427893045,2394.2179865273565,2368.799701626407,4108.524164993252,4297.649036361977,1515.0247576811482,1403.612980778043,1582.8556117956903,1801.467907141524,657.0215220368722,956.6800427368554,1720.8177358037535,3468.793771181723,4209.087174412742,3682.8833737531418,876.3662495332203,4855.556495816699,5237.720121833196,3656.6700398778826,3808.586254199464,1328.4534829200504,334.7045564439798,2224.5715138619967,3498.5277074389123,621.1248356029885,1586.7941348936783,2150.027045198125,3535.589450019258,252.88597670688227,4012.823094301878,2389.571561180663,4615.041796633238,3164.8273426233045,3633.2015423552666,2039.713133708972,852.0262300925862,2149.2944643625938,3712.6123942134654,3278.5791344657287,4306.438878273247,2624.209342385002,1089.4146641362595,4254.003734791976,4464.539826065467,2554.3349091406358],
        [4623.495452605708,4641.073315502568,3001.7231119234643,3432.0408534627177,334.54883265079116,135.17672163647677,4447.343981221503,3251.6782558868235,621.8633923996349,3774.2613184757874,3973.378840794341,3948.4272539522403,1182.8270187805588,3655.5092458363742,4568.084602943462,0.0,2674.227595898813,2131.1930363993006,4508.012881025525,2732.1519742676182,710.4767068394245,236.56253944047705,2462.940487191144,2503.1459198564467,2195.2876265849522,4016.5836799092936,4490.697328882294,2842.896303984421,4250.446814742205,1720.0739218759775,4695.166550617759,5362.783587263025,5521.3874323172695,4367.926568978155,4918.534922150287,3938.410400639611,5141.05067079154,2982.971787526692,3221.7127381162813,1380.6045899679493,1886.7850760258343,3691.7281336436495,2163.3876803691696,905.782799898367,1440.0108779612358,3864.5117711154317,3629.7597827087598,4374.070508729881,4193.991362593727,1103.2146852298752,4145.52029043853,5061.974310677581,3589.099227600678,3724.2691164927796,4755.257818325661,666.2091061422066,3268.190139266841,4343.362815513312,1418.0620906276338,2936.7389907505717,2901.8851228133994,5275.101007940615,2536.67549146842,1854.2570955270937,4205.573871867262,2380.703219464727,3210.923372539393,3627.5752956968777,435.9351800916237,3425.653381246699,4623.495452605708],
        [2454.4930914765614,1966.969427173028,3045.3501020401923,889.249823162852,2356.7523944819563,2539.1265028616604,2115.6741873101846,2204.9653324328588,2111.2612380076794,1258.774887670176,1299.589985594035,4067.6320641732377,2348.8134974630684,3208.8733766533433,3824.1466690613875,2674.227595898813,0.0,1430.964624029663,2369.7712135179963,1015.8505753955999,2302.704923205578,2615.172834948123,1375.5647244200989,616.8857580028706,4009.8937028415958,3118.9978982625526,1842.5197042565637,1442.7242069087984,2181.854689942082,989.5802972673937,2023.038400613042,3810.7521769047335,4092.458484979985,2729.9916466607738,3140.913551104154,3450.266429090476,3882.180323510006,3139.7171731319677,668.8642149673911,1333.0767565629883,3711.7910867102073,3157.8335751760796,1253.1805197642127,2626.849951365851,1316.6844933372206,1209.736494818621,2498.5220183681354,3505.5316724710647,2210.7956965240223,2037.378496335409,3210.994176796755,3413.1019863303018,4249.643402916104,1129.5378676371577,4074.991943245503,2093.2657953250273,4106.822438003121,1701.6330531814242,2407.2636284825358,331.54381100633884,3412.7633474260233,4159.327582502913,2938.326451021077,3703.0978433230675,1712.1265822788514,592.0295240641858,1269.9170557341295,3457.933144700042,2774.058243863424,899.3718479107396,2454.4930914765614],
        [2527.7481702879677,3045.6087951106074,1658.1355746058734,1701.212249851555,1810.0774701056225,2020.629699371297,2417.68627181816,1212.6344815058758,1839.3701459682422,1944.9062930897235,2468.232155521015,2716.8006495236486,2500.498086652269,1983.9630818997434,2774.825543322389,2131.1930363993006,1430.964624029663,0.0,2408.7418525636144,2265.4733638297143,2173.954845456554,1958.4599212386827,337.0153084849563,849.8144483995486,2731.5732808401613,2110.9893829576895,3079.38117615365,717.271621520817,2145.2254003638964,1349.0411094821638,3062.644515075442,3280.573403951782,3475.160145755437,2248.483808772984,2792.741926576165,2260.0626082526246,3139.2958934088447,1738.054886313936,1563.5404753738278,1435.8378321198852,2467.2043216864286,1966.0135287452047,2138.345853428873,2577.9647802019585,896.825181219755,2231.421175633316,1595.4288245178307,2505.1800869993244,2075.8595102796517,1078.212182205044,2230.8254298958627,2954.4580965355008,2825.7134512062503,1995.6352863075808,3006.437222814745,1471.3973398210635,2675.8609571436887,2961.6139454932913,1181.6075634520666,1455.936762863575,1984.808700284393,3333.142119278597,1507.761334944178,2467.7100538537775,2299.6431734428534,1702.027320733012,1164.170745041062,2152.194622549583,1998.0220833805074,2313.3672532374376,2527.7481702879677],
        [121.54230549224134,1953.9644700932204,2913.450333004814,1542.75149909716,4176.762442599876,4387.816669265724,449.4012307646183,1705.8544280432454,4110.071243651953,1239.6891159280112,1947.2530406039289,3475.4745402430253,4586.420261210469,2492.0324509473853,2486.1558786738296,4508.012881025525,2369.7712135179963,2408.7418525636144,0.0,3295.350100922499,4399.139223859735,4353.6195855273845,2072.1646639898913,2120.712238715731,4857.353656702966,1969.9604462846953,2334.607307724326,1695.940104945234,266.4092981642345,3182.200482626006,1881.2530126554404,1672.5427525993468,2008.2160150421198,903.3018297688951,939.9093994543845,2550.8504415693988,1999.335048765261,3048.916893460655,1730.0233101841734,3461.122615269046,4661.186592105964,2382.496368475984,3622.920874217646,4781.906654510175,3110.5116466487,1659.338079809222,1570.6963426745035,2174.493477400277,377.9962252839148,3486.801764744024,1963.2589630837804,1270.3628290978324,4074.497421428823,1466.7776384289261,2709.1934672836196,3841.850633268548,4136.16731577637,2336.043553430649,3514.4655876863335,2049.0782885342983,3472.7447172645548,2342.5890928026283,3193.934074042382,4672.884353958736,948.8295914950445,2961.698772795537,1306.16807499481,2873.285504407021,4406.04599082365,2559.7521897824545,121.54230549224134],
        [3365.778492599876,2342.6649668272066,3923.5041121869917,1753.2491348477479,2480.4759948517267,2605.3342959421075,2978.7327147786114,3198.2322943592812,2110.320898484652,2085.7831842065243,1728.3327632525802,4977.121731016559,1972.8786637636408,4171.317762926217,4827.42634112727,2732.1519742676182,1015.8505753955999,2265.4733638297143,3295.350100922499,0.0,2147.245394961953,2761.6239617759516,2303.8334222237395,1579.8840556267774,4508.594100224751,4122.79668505015,2026.1763895238794,2434.8491651373192,3136.0671633478078,1152.506486052577,2431.719220582078,4806.808029759104,5096.1542974962495,3734.0247732423695,4120.3391592023745,4424.596005705461,4895.980689970827,4002.3163397524727,1570.5303989536856,1411.367237986444,4190.054308588151,4129.1666909269015,621.3273067893334,2342.7407770307454,1759.6734861327864,1826.412283147831,3506.3538875104346,4512.635450602883,3182.7204674316786,2495.943276984364,4218.309308006643,4404.476437072171,5065.707672867512,1889.029907093716,5076.914640058852,2331.5215759379093,4878.450445088708,1876.75390990273,2972.565625290438,1279.6319415405596,4220.346701299212,5175.020932294077,3735.2068748525267,4172.927590301716,2503.329295834275,564.2940215017416,2283.117260924406,4391.337745682734,2976.325258200482,952.8217939238617,3365.778492599876],
        [4507.345357116608,4241.677085567243,3377.320043744093,3143.997397679692,667.755642990673,631.8369559433369,4269.112922599438,3376.775488572254,350.8050756381658,3506.6441786581777,3570.640640930275,4391.571311252803,496.7397920680582,3957.6150091109494,4840.4038024728825,710.4767068394245,2302.704923205578,2173.954845456554,4399.139223859735,2147.245394961953,0.0,867.5163192716975,2471.8876377900638,2293.5857930620223,2879.9753396815668,4228.781571254628,4035.8795875619517,2830.8653357824373,4156.0024315454175,1313.944901288918,4307.47275971216,5452.524406720263,5648.581837412161,4403.660732093431,4932.566376058923,4245.296821151862,5303.745402912884,3383.88312981352,2922.7123115437184,977.5443349525515,2564.087262790892,3975.0846539954846,1543.0977996489705,404.32789223897214,1310.886806213559,3512.1219854986534,3761.5044884277745,4609.12694778892,4123.673334974632,1374.190648067569,4354.684464987842,5116.9487314686685,4128.449352398597,3416.4597174688943,5048.885726512747,860.6974874086822,3829.7418352400014,3885.1852256956336,1838.17831429491,2605.3130046633605,3378.100189248657,5477.981983359557,2959.5485672624654,2533.8178601389177,3956.087583583404,1892.6792375137727,3096.1306601378255,3992.7066707659083,1110.7258194069725,2939.8964175055053,4507.345357116608],
        [4470.527848392113,4576.369582810649,2767.9671017473215,3336.1448949928504,281.15544284390757,240.0424968099598,4311.888812727078,3050.828477152438,685.1405488427405,3669.237229556827,3913.451143707458,3711.86543320944,1358.9467138586801,3427.084161806125,4341.565346055956,236.56253944047705,2615.172834948123,1958.4599212386827,4353.6195855273845,2761.6239617759516,867.5163192716975,0.0,2293.6945479791743,2393.3543842550125,2012.5122031989663,3798.6129305755726,4448.277765930543,2674.623533571023,4093.454922861516,1695.4529846924834,4625.88781012325,5162.105484735833,5313.869744514287,4180.305898101213,4733.853416801201,3709.0931393347323,4928.380701962543,2747.775308267579,3131.2904560385387,1370.7205729997445,1697.4156460752722,3465.2663312282457,2219.1132439297407,1117.4260950697283,1336.180034374733,3787.0632275026273,3426.0278127953598,4152.294011951203,4031.213690486354,902.8955064583096,3927.707014043768,4868.5312748368915,3357.2059878380314,3632.6013652268603,4526.328951563152,535.5147452367573,3038.932058897313,4303.029103463897,1185.3340564057778,2860.241099779888,2665.5254149272473,5056.3378447692585,2300.9116693226,1666.752326423008,4092.2930574256598,2370.8756404526384,3065.63769367183,3393.842430647779,245.11388195903967,3402.6253407434865,4470.527848392113],
        [2191.3710812961,2806.760188447209,1673.7127220381226,1469.5347553050544,2139.0520917203544,2350.16178371135,2091.2940210584097,973.9920621950379,2145.446650214465,1674.2854471431701,2265.159656673415,2693.326834854406,2770.2518134304305,1870.2618228158,2591.549331662198,2462.940487191144,1375.5647244200989,337.0153084849563,2072.1646639898913,2303.8334222237395,2471.8876377900638,2293.6945479791743,0.0,758.968777397271,2994.14234755684,1904.2444899851914,2880.144897657967,380.93853004932294,1808.3908477460495,1524.1965316837327,2815.3453002766214,2983.3525160173444,3192.649456755118,1933.645839103133,2471.138238380894,2130.78198785761,2876.716502810248,1773.478049008115,1363.7079080316416,1669.4857082029587,2744.3425674600917,1834.1775927938854,2266.3275668124184,2874.070098270047,1169.1439735976385,2004.5347627934848,1343.2850885332753,2301.9632785021863,1739.060752913813,1415.1333853916144,2016.9492176869671,2645.300755643472,2898.883964141699,1751.5750226619484,2832.309088358145,1800.3685778921988,2787.9109911240625,2771.8764477927675,1487.945133148857,1323.754844548836,2077.426948229285,3090.6584696169034,1624.216675338281,2747.6995132271086,2001.6371411304212,1753.5325129105877,846.015121186716,2091.4224926586458,2335.0198330236644,2211.179809396477,2191.3710812961],
        [2224.297929612698,2268.8557993913437,2430.8613808637697,955.1162463019677,2169.5676951789055,2372.8471690329566,1976.4790238979074,1619.1501701764425,2027.6641501156948,1276.1034385682576,1652.7091173586844,3450.7991150448224,2466.2290616441446,2600.956966235174,3251.421797465955,2503.1459198564467,616.8857580028706,849.8144483995486,2120.712238715731,1579.8840556267774,2293.5857930620223,2393.3543842550125,758.968777397271,0.0,3533.667698520505,2548.08196126759,2254.433736374693,857.2160313086082,1890.4861058980662,1068.2825639595683,2300.076611804029,3385.122096873942,3642.175248504425,2295.4170787562475,2765.06044771088,2848.4067087169096,3390.168001039876,2527.483602706618,771.1351512840472,1341.083698907133,3251.4955810354704,2554.065868582835,1652.915880238118,2667.5536311374676,1063.1721566943422,1451.8087758853403,1938.4605101963057,2940.882855437113,1880.314508839794,1661.202230489994,2647.4094308898425,3004.526318347745,3644.326279686454,1256.9216088900073,3499.8003273402383,1858.1275137965804,3513.9874580279593,2129.966459047856,1938.99426645673,607.8890849152307,2812.4996293358663,3646.309339337753,2344.332252157603,3247.404066662153,1702.429691545938,1057.5690224796122,849.2760709009311,2842.701259642782,2507.471862121189,1469.2598015723775,2224.297929612698],
        [4977.6321617987,5776.620932424634,2157.745963977954,4432.5121027093555,2239.385949528848,2250.165428207643,5001.247582759981,3175.901779195346,2656.096434756006,4666.815700842911,5184.627531680722,2581.4518140063205,3370.299062931013,2880.6620048476375,3717.6639982618285,2195.2876265849522,4009.8937028415958,2731.5732808401613,4857.353656702966,4508.594100224751,2879.9753396815668,2012.5122031989663,2994.14234755684,3533.667698520505,0.0,3468.5144805501063,5788.030454749506,3288.108328805107,4597.530982807903,3356.2962048884306,5794.18610161449,5002.6760125954015,5025.233968527801,4313.17949328526,4847.6595252636225,3081.2174370184507,4574.995660188816,2046.6130585570527,4286.6054004327525,3124.84460623217,324.0804609741249,2974.165816918093,4069.2558649160183,3095.2793065740543,2769.473827636829,4960.819956329157,3430.0064564925447,3681.778374292308,4481.371133186187,2018.5732319249673,3581.687128646682,4846.690404274037,1893.162805711318,4727.086073171455,3804.482953936192,2236.6271268002392,1535.0751207435053,5661.998896158919,1603.555401354489,4131.760390645813,1679.3947050966187,4562.305552773181,1721.3782448745887,349.1509950569538,4987.487156110187,4006.680625113603,3820.4336077209737,2628.98408495439,1770.7186456144498,4903.0602345733905,4977.6321617987],
        [2058.3168740241167,3737.0003066848917,1310.7797986225537,2728.401645871311,3742.7054896501995,3936.2154717221697,2342.0305840661404,936.418854026001,3880.740994534271,2662.9157810902884,3469.331449053092,1525.7223866063187,4596.2002011740315,624.2773611751662,705.149855384899,4016.5836799092936,3118.9978982625526,2110.9893829576895,1969.9604462846953,4122.79668505015,4228.781571254628,3798.6129305755726,1904.2444899851914,2548.08196126759,3468.5144805501063,0.0,4014.4660270322993,1690.9744118551048,1804.9208164653578,3427.3085913041837,3691.0568048868276,1534.1939929635068,1580.7895364609337,1104.7506233912434,1506.6193605395597,588.7826420299853,1152.5222458600747,1424.934175613226,2774.553171369797,3546.123641775576,3375.888152381183,514.4420693227027,4161.432730210053,4630.606899989321,3003.8596414284216,3147.0296413588103,625.5168114707762,397.746611070201,1655.47715814545,2923.129463338136,129.20241754824326,1416.1511394004021,2212.7226762701157,2869.4286065589376,956.3946496504418,3426.005884985967,2358.50385497881,3963.518881687174,2652.163789905568,2930.465606870285,1826.879852985217,1258.7937005201347,1776.6974676980208,3400.5921757588194,2666.7312629619983,3604.194196188567,1927.5456429084354,985.5552718018849,3738.0758011184207,3769.3594445239123,2058.3168740241167],
        [2331.490206283647,460.51850865295586,4452.40193888051,1423.1174797824647,4183.153059180865,4355.7431800986415,1887.1957759601519,3312.794862025277,3900.367649285409,1361.0600069516263,615.0177507105427,5330.149743758114,3957.48700469147,4350.9732930519285,4656.571427893045,4490.697328882294,1842.5197042565637,3079.38117615365,2334.607307724326,2026.1763895238794,4035.8795875619517,4448.277765930543,2880.144897657967,2254.433736374693,5788.030454749506,4014.4660270322993,0.0,2718.594192431338,2344.756125341015,2772.169425857434,566.5175798535683,4000.8503179432637,4339.7202523243395,3148.8947946496833,3271.770507654845,4515.529051256565,4321.470042616261,4572.279907600419,1519.3715805729144,3116.2437961906735,5503.752681184607,4264.597301800238,2623.855071692917,4299.809475898705,3158.6492606833303,903.0198947376263,3432.4474712537735,4323.472447682317,2471.7919210236805,3865.9734237398447,4056.824151318888,3603.57691610547,5709.6978793505305,1183.964347969713,4901.3407411242115,3932.5922195426624,5642.624483731804,151.54493712607223,4190.531167016593,1660.5946428597767,4926.035382908893,4659.514351817905,4495.049389684901,5498.654434138048,1405.1707744695036,2143.2008919862697,2226.2814771802805,4687.315173598243,4614.40190993586,1104.217918440535,2331.490206283647],
        [1815.844059575498,2591.1238056168363,1738.5943657327325,1296.7172471329907,2517.9018965642754,2729.1836085042573,1739.707918035035,763.7948324596406,2510.8844542911215,1429.9514156613564,2108.7517540333406,2684.2111546668025,3106.9399699895544,1776.8802104244726,2394.2179865273565,2842.896303984421,1442.7242069087984,717.271621520817,1695.940104945234,2434.8491651373192,2830.8653357824373,2674.623533571023,380.93853004932294,857.2160313086082,3288.108328805107,1690.9744118551048,2718.594192431338,0.0,1431.0956641039857,1801.079532793788,2587.445376614137,2641.782068465798,2867.7906766422734,1574.7833334399143,2102.645392093163,2009.8954700580812,2577.714077989658,1855.4700122522017,1245.7331496341624,1987.7411126704237,3054.8980259087525,1719.6790055154975,2485.766481662347,3230.7076404607055,1520.9591621644038,1820.0943590983102,1085.673539807839,2084.4420153100364,1358.6883635803517,1794.3227654589036,1791.4634432017997,2290.6966749842304,2993.791956530356,1548.1484313750113,2642.782210894585,2179.3986464641825,2926.4114587806243,2624.609132980067,1836.0661153974836,1302.291223030768,2209.7495824567095,2814.807764319208,1795.7368020441345,3061.186715159907,1703.7532794334059,1913.4393429651816,538.8178896165577,2053.867218320431,2714.4246628977917,2187.374267143822,1815.844059575498],
        [387.743846487048,1998.8837393968302,2678.1615590445863,1397.125536290883,3920.016478072765,4131.26843758908,537.2731280681625,1458.8146106736415,3862.0593758626032,1136.6095762309214,1900.7153056391337,3286.299969748433,4355.99331143095,2293.544391957128,2368.799701626407,4250.446814742205,2181.854689942082,2145.2254003638964,266.4092981642345,3136.0671633478078,4156.0024315454175,4093.454922861516,1808.3908477460495,1890.4861058980662,4597.530982807903,1804.9208164653578,2344.756125341015,1431.0956641039857,0.0,2957.0301147756772,1937.3529632503153,1728.0628184260559,2050.631522332224,808.3958529910466,1004.5368264686457,2374.094883140621,1981.5863915104776,2813.5042729838046,1565.6251101253674,3227.0421359306965,4398.496523546533,2186.6933021104132,3431.685598000185,4541.925716125541,2861.072470321445,1594.4694312552788,1354.699172830067,2046.1058537886483,149.71695010323091,3223.4343610434726,1812.9238217136644,1317.9216589160749,3858.609952418378,1370.0818371174516,2602.159023055228,3584.24607339977,3907.2399175835862,2328.929852033376,3248.0588010518973,1870.2012934194101,3234.7598617748504,2316.441733862644,2943.0906208512197,4409.83686952486,939.7097246926777,2772.9799716840494,1059.876323880845,2671.8565397298476,4143.060050768642,2451.9346500991155,387.743846487048],
        [3282.450952622714,2943.511926539685,2951.458480592542,1837.9867700180914,1421.6494318647563,1585.4886373787922,3003.2379261771002,2497.970792689382,1131.4463895450735,2204.5178248932334,2272.2525748443522,4022.327518206999,1408.906042339214,3332.8806866436703,4108.524164993252,1720.0739218759775,989.5802972673937,1349.0411094821638,3182.200482626006,1152.506486052577,1313.944901288918,1695.4529846924834,1524.1965316837327,1068.2825639595683,3356.2962048884306,3427.3085913041837,2772.169425857434,1801.079532793788,2957.0301147756772,0.0,3004.793279261359,4423.190645293323,4663.550448288791,3337.944065914202,3825.2267260895137,3608.92221411867,4378.269451437927,3009.8138487928486,1615.2181498795935,346.57367011558534,3038.2699744348533,3314.434795444654,817.4412825522224,1650.4212298813695,624.6928039503997,2199.315262578498,2862.2098950785494,3824.8242853786514,2948.5759849596816,1344.3775508835063,3540.9808882508296,4052.867180982025,4010.0108363929726,2104.5744938109697,4345.176837388164,1213.2146979173742,3793.89045054702,2624.198466234328,1831.2857468948705,1292.737461402077,3170.664016819227,4607.273283460406,2687.7411237075657,3021.605111579396,2657.2761562477885,680.9875033679027,1915.8466893857633,3487.219550807269,1885.6356900976816,1708.484790982201,3282.450952622714],
