{
    "drone_dist": [
        [0.0,48.341496767110186,20.929647656073953,35.27848391693539,34.625227644125886,35.77892510817644,35.8633185488488,28.644270960482565,15.262146273186136,39.07751183943688,22.542587101191696,15.261808842279297,29.8583877353145,35.80810755455378,28.68474968581552,31.161068785647252,26.187124629078884,20.702522853873987,25.171577560850867,26.077911698901715,27.86668547629143,42.44181350583161,34.426873349768385,24.851684033731146,17.34949626791451,36.25513420464559,39.0430920329908,35.03737695105074,52.58100421786979,16.13333074522676,0.0],
        [48.341496767110186,0.0,33.32082298089597,23.872585327744744,30.694357980547437,44.996624543706005,35.805598553083,42.93864921621805,44.353866732557556,9.266759463971917,42.161592793984745,34.75625958567645,18.750727453944652,26.051216954130712,34.56069909998007,47.660570495512765,44.14474824364672,34.57107665574027,37.51920573807347,22.929234814278104,20.48017376909967,10.486842887505224,32.83300316071873,34.858563525288275,34.908419363886324,33.10105914897797,44.53826017638801,29.326997835375945,18.24217055002249,32.70039768649555,48.341496767110186],
        [20.929647656073953,33.32082298089597,0.0,14.690786245758082,13.862602824870992,43.66871592419845,38.987461205163136,37.29315622039609,28.069948265119553,24.986210713467532,32.15199103577749,6.789579195311942,19.076643226499684,33.50800891101408,8.900581392779927,41.66856508987875,36.13451785484393,1.353200907843031,31.21283715719654,18.06643561066161,16.2338979261045,24.742079066286387,14.020129641292787,5.302002735472274,3.671134425399616,15.86508503868729,45.82295912674948,34.706682392274125,44.02025636578489,15.213992841764473,20.929647656073953],
        [35.27848391693539,23.872585327744744,14.690786245758082,0.0,6.861803414964107,50.50568091307634,43.573253179839405,45.3199926298911,39.379226581373224,18.54627933482286,41.42392205099879,20.133842683784206,19.092118296923985,35.471113569857394,11.429497447824923,50.16973442482707,44.98792046176744,15.365303173682724,38.86313329586019,21.271041271401813,17.234164474727823,13.506235941749916,8.988362715314906,13.171183652636069,18.02068697050603,9.503528795216035,51.778931610884385,37.7952303297799,39.241386078300486,25.059574715452257,35.27848391693539],
        [34.625227644125886,30.694357980547437,13.862602824870992,6.861803414964107,0.0,54.64504742342132,48.41755916698724,48.933308202798614,41.3210210921371,25.264394993749534,44.44324307829112,20.465821057748247,24.545783618581883,40.95010983541887,6.706253573327646,53.62708807856201,48.23934100117939,13.928984036091578,42.54502899040411,25.929754387413766,22.271715261154043,20.26696611533332,2.1396300097584398,10.030227447328157,17.53372784382808,2.9481801146640265,56.251999975380976,43.00599528528095,45.986762892129775,27.450998613995655,34.625227644125886],
        [35.77892510817644,44.996624543706005,43.66871592419845,50.50568091307634,54.64504742342132,0.0,9.3882065119589,7.152722675588127,20.561022192603783,38.82092116241995,13.270452526548498,37.713907082365736,32.15700803941541,18.969855632254234,52.14505400224375,6.2716480454954615,9.670862500219412,44.60047767886814,12.470990356747965,29.262703322176367,33.41027344423238,47.14592232458423,55.83227442516563,48.931334603364704,41.04867524414641,57.44712126946674,3.626061171442772,15.685318414815583,35.53870897488191,28.52205135095417,35.77892510817644],
        [35.8633185488488,35.805598553083,38.987461205163136,43.573253179839405,48.41755916698724,9.3882065119589,0.0,10.69812262534896,21.91262331917366,30.16718862858446,14.82498120619609,33.88011292463897,24.60869790614036,9.772671565586093,46.85604375112882,13.782398139749366,13.389495754617842,40.09273409058306,10.772641908285562,22.49260427025439,26.35359750744773,38.69958604372213,49.83661534870602,44.041928394440355,36.95298527374953,51.31688822111386,8.829637292476333,6.543543024815519,26.428693960629627,24.68375222454105,35.8633185488488],
        [28.644270960482565,42.93864921621805,37.29315622039609,45.3199926298911,48.933308202798614,7.152722675588127,10.69812262534896,0.0,13.470204511499496,35.712159511356404,6.118077824569977,31.09617597523353,27.900100713614513,17.972235435457264,45.952820973661446,4.956672406696859,2.8991951473099653,38.14610238118136,6.457455610005499,24.44970275757822,28.668698442905825,43.559234225144735,49.973587882800764,42.58963967915369,34.48067680633836,51.65305850830723,10.436177174908448,14.962651076648495,36.41689212943379,22.079408134109197,28.644270960482565],
        [15.262146273186136,44.353866732557556,28.069948265119553,39.379226581373224,41.3210210921371,20.561022192603783,21.91262331917366,13.470204511499496,0.0,35.59799531729427,7.474184326951823,21.30717089522258,26.162892595654327,24.686297093378602,36.96360691311884,15.970934209107048,10.930501669515547,28.578892608970307,11.287879577855799,21.906693103198716,25.539119101055853,41.71588464685499,41.883166321981335,33.22648121784039,24.669794386496307,43.69516728078923,23.90567826489984,22.890918939653105,43.304981563157895,14.342934405387993,15.262146273186136],
        [39.07751183943688,9.266759463971917,24.986210713467532,18.54627933482286,25.264394993749534,38.82092116241995,30.16718862858446,35.712159511356404,35.59799531729427,0.0,34.122068997242195,25.72032314465604,9.595215451947938,20.60682466704654,27.739592876666983,40.60014264237317,36.53837098427347,26.296302499468148,29.824231535107437,13.845471475496362,11.213595514182138,8.684622896648255,27.314688788184252,27.305866452764608,26.163447692143038,28.030935270340045,38.98507905977979,23.662656397221458,20.723062118310892,23.472429396122383,39.07751183943688],
        [22.542587101191696,42.161592793984745,32.15199103577749,41.42392205099879,44.44324307829112,13.270452526548498,14.82498120619609,6.118077824569977,7.474184326951823,34.122068997242195,0.0,25.71013340991776,25.40095073186267,19.38706439397313,40.95947348221304,9.611022153778206,4.061621319276846,32.904334579490424,5.135929949387475,21.47964916622396,25.601513856843503,41.31954499723034,45.31851751504239,37.44895728437742,29.128618798055392,47.05593757302389,16.50255486347313,16.992961112324412,38.31105133536312,17.082177449315687,22.542587101191696],
        [15.261808842279297,34.75625958567645,6.789579195311942,20.133842683784206,20.465821057748247,37.713907082365736,33.88011292463897,31.09617597523353,21.30717089522258,25.72032314465604,25.71013340991776,0.0,17.757764266001374,29.672858764430647,15.661189309460068,35.295748280242854,29.739779749746877,7.287834761576798,25.256918678371743,15.306967028627612,15.122475048042029,27.66734857350064,20.769211084668264,11.926672108033205,3.4231991556258063,22.607912464200727,40.10258685431817,30.3392826291426,42.687333769324844,9.284435256433554,15.261808842279297],
        [29.8583877353145,18.750727453944652,19.076643226499684,19.092118296923985,24.545783618581883,32.15700803941541,24.60869790614036,27.900100713614513,26.162892595654327,9.595215451947938,25.40095073186267,17.757764266001374,0.0,16.43547611983392,24.596765894936134,32.85677063655594,28.261460896624136,20.424930072935517,21.622307017623775,4.274698249459373,2.842931042714226,15.919985206153356,26.233262154534348,22.879898839017578,19.098459327483475,27.493700803779902,33.04943148400756,18.705484033876328,25.11218957637898,13.97368342281538,29.8583877353145],
        [35.80810755455378,26.051216954130712,33.50800891101408,35.471113569857394,40.95010983541887,18.969855632254234,9.772671565586093,17.972235435457264,24.686297093378602,20.60682466704654,19.38706439397313,29.672858764430647,16.43547611983392,0.0,40.41902376300157,22.251900063525515,19.89693749230013,34.75809363710471,14.25447617915526,15.59304077460449,18.71955079269559,29.238735073673205,42.581534869256686,38.12641626255936,32.246455336017604,43.895375892550035,18.57249483534948,3.2848236964974284,18.924019510498685,21.411745256454896,35.80810755455378],
        [28.68474968581552,34.56069909998007,8.900581392779927,11.429497447824923,6.706253573327646,52.14505400224375,46.85604375112882,45.952820973661446,36.96360691311884,27.739592876666983,40.95947348221304,15.661189309460068,24.596765894936134,40.41902376300157,0.0,50.422380635869665,44.91052239664955,8.454591909196525,39.753474081854876,24.858169751599306,21.931043692368693,24.55557856471791,5.859092043991024,3.877434559900014,12.358166733742186,7.6296602502793585,54.1174821566823,42.03934048019456,48.16289875232225,23.919669413843977,28.68474968581552],
        [31.161068785647252,47.660570495512765,41.66856508987875,50.16973442482707,53.62708807856201,6.2716480454954615,13.782398139749366,4.956672406696859,15.970934209107048,40.60014264237317,9.611022153778206,35.295748280242854,32.85677063655594,22.251900063525515,50.422380635869665,0.0,5.558134645157286,42.457024191831245,11.354384766983355,29.387563348062127,33.60601608345363,48.50042166861585,54.606174853348875,46.970317197744954,38.709200739118394,56.30989010720642,9.847274072868727,19.085417077064765,40.154119124157006,26.50275778629174,31.161068785647252],
        [26.187124629078884,44.14474824364672,36.13451785484393,44.98792046176744,48.23934100117939,9.670862500219412,13.389495754617842,2.8991951473099653,10.930501669515547,36.53837098427347,4.061621319276846,29.739779749746877,28.261460896624136,19.89693749230013,44.91052239664955,5.558134645157286,0.0,36.91061229088837,6.715654503757218,24.55441318224154,28.747760943839516,44.102514644836994,49.171256513169986,41.43522819823524,33.15451659218869,50.89083915288318,13.124137690921517,17.066432267902243,38.6110655177543,20.997793960935198,26.187124629078884],
        [20.702522853873987,34.57107665574027,1.353200907843031,15.365303173682724,13.928984036091578,44.60047767886814,40.09273409058306,38.14610238118136,28.578892608970307,26.296302499468148,32.904334579490424,7.287834761576798,20.424930072935517,34.75809363710471,8.454591909196525,42.457024191831245,36.91061229088837,0.0,32.13273858651579,19.358598705939382,17.582035632248743,25.862303932613326,13.878695830964174,4.649127344719714,3.915360924757082,15.725761814694891,46.81559333934323,35.906130098760464,45.37336169005826,16.091636781883967,20.702522853873987],
        [25.171577560850867,37.51920573807347,31.21283715719654,38.86313329586019,42.54502899040411,12.470990356747965,10.772641908285562,6.457455610005499,11.287879577855799,29.824231535107437,5.135929949387475,25.256918678371743,21.622307017623775,14.25447617915526,39.753474081854876,11.354384766983355,6.715654503757218,32.13273858651579,0.0,18.04612060531024,22.262282936227397,37.41691484911525,43.62840993146978,36.486172097011305,28.580961733543987,45.28879593615949,14.934186540913405,11.944860541142337,33.17819954765116,16.051074488084,25.171577560850867],
        [26.077911698901715,22.929234814278104,18.06643561066161,21.271041271401813,25.929754387413766,29.262703322176367,22.49260427025439,24.44970275757822,21.906693103198716,13.845471475496362,21.47964916622396,15.306967028627612,4.274698249459373,15.59304077460449,24.858169751599306,29.387563348062127,24.55441318224154,19.358598705939382,18.04612060531024,0.0,4.218997842704704,19.980239692683952,27.390635034489385,22.54469807176206,17.28659744290669,28.837648758428966,30.521350140104378,17.224425872732024,27.506507538945755,9.993429966209025,26.077911698901715],
        [27.86668547629143,20.48017376909967,16.2338979261045,17.234164474727823,22.271715261154043,33.41027344423238,26.35359750744773,28.668698442905825,25.539119101055853,11.213595514182138,25.601513856843503,15.122475048042029,2.842931042714226,18.71955079269559,21.931043692368693,33.60601608345363,28.747760943839516,17.582035632248743,22.262282936227397,4.218997842704704,0.0,16.177412983303356,23.866117100407845,20.09384238642379,16.310650292646994,25.210019090022964,34.56219853548362,20.7434927255166,27.920049508393713,12.403604643124414,27.86668547629143],
        [42.44181350583161,10.486842887505224,24.742079066286387,13.506235941749916,20.26696611533332,47.14592232458423,38.69958604372213,43.559234225144735,41.71588464685499,8.684622896648255,41.31954499723034,27.66734857350064,15.919985206153356,29.238735073673205,24.55557856471791,48.50042166861585,44.102514644836994,25.862303932613326,37.41691484911525,19.980239692683952,16.177412983303356,0.0,22.406424200394138,25.34758644778902,27.00927295017051,22.622602300043333,47.48882617363484,32.23755147442755,27.394916891313084,28.236483421835807,42.44181350583161],
        [34.426873349768385,32.83300316071873,14.020129641292787,8.988362715314906,2.1396300097584398,55.83227442516563,49.83661534870602,49.973587882800764,41.883166321981335,27.314688788184252,45.31851751504239,20.769211084668264,26.233262154534348,42.581534869256686,5.859092043991024,54.606174853348875,49.171256513169986,13.878695830964174,43.62840993146978,27.390635034489385,23.866117100407845,22.406424200394138,0.0,9.585456818012688,17.65827561863058,1.8480573417207788,57.53962921494626,44.55039062717561,48.03686724619065,28.25519306866307,34.426873349768385],
        [24.851684033731146,34.858563525288275,5.302002735472274,13.171183652636069,10.030227447328157,48.931334603364704,44.041928394440355,42.58963967915369,33.22648121784039,27.305866452764608,37.44895728437742,11.926672108033205,22.879898839017578,38.12641626255936,3.877434559900014,46.970317197744954,41.43522819823524,4.649127344719714,36.486172097011305,22.54469807176206,20.09384238642379,25.34758644778902,9.585456818012688,0.0,8.563834165968439,11.40568875710361,51.03541357349451,39.52495882457026,47.24617717988769,20.51044637869403,24.851684033731146],
        [17.34949626791451,34.908419363886324,3.671134425399616,18.02068697050603,17.53372784382808,41.04867524414641,36.95298527374953,34.48067680633836,24.669794386496307,26.163447692143038,29.128618798055392,3.4231991556258063,19.098459327483475,32.246455336017604,12.358166733742186,38.709200739118394,33.15451659218869,3.915360924757082,28.580961733543987,17.28659744290669,16.310650292646994,27.00927295017051,17.65827561863058,8.563834165968439,0.0,19.505558064506108,43.37712249133371,33.12928914040021,44.20922280342273,12.545737374586505,17.34949626791451],
        [36.25513420464559,33.10105914897797,15.86508503868729,9.503528795216035,2.9481801146640265,57.44712126946674,51.31688822111386,51.65305850830723,43.69516728078923,28.030935270340045,47.05593757302389,22.607912464200727,27.493700803779902,43.895375892550035,7.6296602502793585,56.30989010720642,50.89083915288318,15.725761814694891,45.28879593615949,28.837648758428966,25.210019090022964,22.622602300043333,1.8480573417207788,11.40568875710361,19.505558064506108,0.0,59.101731462583246,45.93836549017215,48.73950083985034,30.00824395012551,36.25513420464559],
        [39.0430920329908,44.53826017638801,45.82295912674948,51.778931610884385,56.251999975380976,3.626061171442772,8.829637292476333,10.436177174908448,23.90567826489984,38.98507905977979,16.50255486347313,40.10258685431817,33.04943148400756,18.57249483534948,54.1174821566823,9.847274072868727,13.124137690921517,46.81559333934323,14.934186540913405,30.521350140104378,34.56219853548362,47.48882617363484,57.53962921494626,51.03541357349451,43.37712249133371,59.101731462583246,0.0,15.370459096498712,33.754563338477894,30.834871723040166,39.0430920329908],
        [35.03737695105074,29.326997835375945,34.706682392274125,37.7952303297799,43.00599528528095,15.685318414815583,6.543543024815519,14.962651076648495,22.890918939653105,23.662656397221458,16.992961112324412,30.3392826291426,18.705484033876328,3.2848236964974284,42.03934048019456,19.085417077064765,17.066432267902243,35.906130098760464,11.944860541142337,17.224425872732024,20.7434927255166,32.23755147442755,44.55039062717561,39.52495882457026,33.12928914040021,45.93836549017215,15.370459096498712,0.0,21.546471757593135,21.60394996271279,35.03737695105074],
        [52.58100421786979,18.24217055002249,44.02025636578489,39.241386078300486,45.986762892129775,35.53870897488191,26.428693960629627,36.41689212943379,43.304981563157895,20.723062118310892,38.31105133536312,42.687333769324844,25.11218957637898,18.924019510498685,48.16289875232225,40.154119124157006,38.6110655177543,45.37336169005826,33.17819954765116,27.506507538945755,27.920049508393713,27.394916891313084,48.03686724619065,47.24617717988769,44.20922280342273,48.73950083985034,33.754563338477894,21.546471757593135,0.0,36.71160655200759,52.58100421786979],
        [16.13333074522676,32.70039768649555,15.213992841764473,25.059574715452257,27.450998613995655,28.52205135095417,24.68375222454105,22.079408134109197,14.342934405387993,23.472429396122383,17.082177449315687,9.284435256433554,13.97368342281538,21.411745256454896,23.919669413843977,26.50275778629174,20.997793960935198,16.091636781883967,16.051074488084,9.993429966209025,12.403604643124414,28.236483421835807,28.25519306866307,20.51044637869403,12.545737374586505,30.00824395012551,30.834871723040166,21.60394996271279,36.71160655200759,0.0,16.13333074522676],
        [0.0,48.341496767110186,20.929647656073953,35.27848391693539,34.625227644125886,35.77892510817644,35.8633185488488,28.644270960482565,15.262146273186136,39.07751183943688,22.542587101191696,15.261808842279297,29.8583877353145,35.80810755455378,28.68474968581552,31.161068785647252,26.187124629078884,20.702522853873987,25.171577560850867,26.077911698901715,27.86668547629143,42.44181350583161,34.426873349768385,24.851684033731146,17.34949626791451,36.25513420464559,39.0430920329908,35.03737695105074,52.58100421786979,16.13333074522676,0.0]
    ],
    "end_depot": 30,
    "start_depot": 0,
    "truck_dist": [
        [0.0,65.63621194941157,22.967604145167172,35.74100142561739,40.33576041415697,36.611355053183765,43.34141013783963,28.863243950373363,16.450399084296496,53.13785528424775,22.76554138323495,16.800444137728995,41.38115599368415,48.77096423733016,35.52108793805814,35.486764515806904,27.8050336569868,23.85464373314192,29.580321982959532,36.57391872267986,37.973970999786225,53.371420030168366,41.73089157353171,30.39527757453868,18.36200294012785,44.14742718961148,39.766612162566894,46.32606971247481,74.1772923001916,22.741625727886486,0.0],
        [65.63621194941157,0.0,46.965661292141085,29.89521052379419,37.87222069046601,55.734333385571475,45.46453109481948,47.98622228276108,51.66300230754203,12.49835666516383,42.87067056617663,48.83576781168258,24.25505595572742,32.75507944109597,46.04330402913267,54.609742848194614,46.92801198937451,48.66138124642009,38.92755318741307,29.06229322673171,27.66224094962535,12.264791919243212,40.557298381233906,47.99139685285811,49.36209478357136,39.56181483400968,57.42888685973067,36.70509516213739,24.343449204944953,42.89458622152509,65.63621194941157],
        [22.967604145167172,46.965661292141085,0.0,17.0704507683469,17.368156268989797,59.57895919835093,49.30915690759895,51.83084809554054,39.41800322946367,34.46730462697726,45.28500972820584,9.41803975912153,22.710605336413668,36.59970525387543,12.553483792890965,58.454368660974076,50.77263780215397,1.6957199542790065,42.77217900019253,18.228044416855134,19.303420342515736,34.70086937289788,18.76328742836453,7.427673429371508,4.6056012050393225,21.179823044444294,61.27351267251012,40.54972097491685,55.5067416429211,21.127174542468524,22.967604145167172],
        [35.74100142561739,29.89521052379419,17.0704507683469,0.0,7.977010166671817,71.42117654150735,61.15137425075535,63.67306543869695,51.26022057262008,19.628510645283633,57.127227071362256,21.26025710227794,26.404670393242835,48.44192259703185,16.148093505338483,70.29658600413049,62.614855145310386,18.766170722625905,54.61439634334894,30.070261760011547,24.27028424153243,17.630418604550975,10.662087857439722,18.09618632906392,19.466884259777167,9.66660431021549,73.11573001566654,52.391938318073265,40.03029236088083,32.96939188562494,35.74100142561739],
        [40.33576041415697,37.87222069046601,17.368156268989797,7.977010166671817,0.0,76.94711546734074,66.67731317658874,69.19900436453034,56.786159498453465,25.373864025302176,62.65316599719564,26.786196028111327,31.930609319076222,53.967861522865235,8.171083338666667,75.82252492996388,68.14079407114377,16.48111668101505,60.14033526918233,35.596200685844934,29.796223167365813,25.607428771222793,2.6850776907679057,10.119176162392103,21.973757474029117,3.8116667754544995,78.64166894149993,57.91787724390665,46.41330104124602,38.49533081145832,40.33576041415697],
        [36.611355053183765,55.734333385571475,59.57895919835093,71.42117654150735,76.94711546734074,0.0,10.26980229075199,7.748111102810396,20.953451305932383,51.79266589622371,14.293949470145092,50.1609194392294,45.01650614826451,22.979253944475502,72.1324429912419,8.797865339750121,10.46421838759034,60.465998786325684,16.806780198158403,41.3509147814958,47.15089229997491,64.07235633301556,78.34224662671546,67.00663262772244,54.97335799331161,80.75878224279523,4.839951214764965,19.02923822343408,39.25063135238967,38.451784655882406,36.611355053183765],
        [43.34141013783963,45.46453109481948,49.30915690759895,61.15137425075535,66.67731317658874,10.26980229075199,0.0,14.917799065769197,29.368200495970086,41.52286360547172,20.575868754604677,39.89111714847742,34.746703857512514,12.709451653723512,61.862640700489905,17.212614529787825,18.878967577628043,50.19619649557369,13.761088154880095,31.08111249074381,36.88109000922293,53.80255404226357,68.07244433596348,56.736830336970456,44.703555702559626,70.48897995204324,11.964355764911183,8.759435932682091,30.83588216235196,28.18198236513042,43.34141013783963],
        [28.863243950373363,47.98622228276108,51.83084809554054,63.67306543869695,69.19900436453034,7.748111102810396,14.917799065769197,0.0,14.45040143020089,44.04455479341331,6.545838367334696,42.41280833641901,37.26839504545411,20.347353165259733,64.3843318884315,6.623520565433539,3.9611685118588467,52.717887683515286,9.058669095348007,33.602803678685405,39.40278119716452,56.324245230205165,70.59413552390507,59.25852152491205,47.22524689050122,73.01067113998484,11.343001090496458,17.902458640404383,45.75368122812116,30.703673553072015,28.863243950373363],
        [16.450399084296496,51.66300230754203,39.41800322946367,51.26022057262008,56.786159498453465,20.953451305932383,29.368200495970086,14.45040143020089,0.0,39.164645642378204,8.792331741365407,29.999963470342138,27.407946351814612,34.797754595460624,51.97148702235464,19.036365431510408,11.354634572690305,40.30504281743842,15.60711234108999,22.600709080810322,26.98993633108765,43.9114003641283,58.1812906578282,46.845676658835174,34.812402024424344,60.59782627390797,25.79340252069735,32.352860070605274,60.20408265832205,18.290828686995145,16.450399084296496],
        [53.13785528424775,12.49835666516383,34.46730462697726,19.628510645283633,25.373864025302176,51.79266589622371,41.52286360547172,44.04455479341331,39.164645642378204,0.0,37.498716426078616,36.33741114651875,11.756699290563592,28.813411951748208,33.544947363968845,50.66807535884685,42.986344500026746,36.163024581256266,34.9858856980653,16.563936561567882,15.16388428446152,12.279690436791853,28.05894171607008,35.49304018769428,36.863738118407525,28.96611634657152,53.4872193703829,32.76342767278963,21.039437015943843,30.39622955636126,53.13785528424775],
        [22.76554138323495,42.87067056617663,45.28500972820584,57.127227071362256,62.65316599719564,14.293949470145092,20.575868754604677,6.545838367334696,8.792331741365407,37.498716426078616,0.0,35.866969969084316,30.722556678119414,26.005422854095215,57.83849352109681,13.169358932768235,5.487628073948133,46.17204931618059,6.814780599724584,27.05696531135071,32.856942829829826,49.77840686287047,64.04829715657037,52.71268315757735,40.67940852316652,66.46483277265014,17.00107077933194,23.560528329239865,51.41175091695664,24.15783518573732,22.76554138323495],
        [16.800444137728995,48.83576781168258,9.41803975912153,21.26025710227794,26.786196028111327,50.1609194392294,39.89111714847742,42.41280833641901,29.999963470342138,36.33741114651875,35.866969969084316,0.0,24.58071185595516,31.97052009960117,21.971523552012496,49.03632890185255,41.354598043032446,10.305079347096278,33.354139241071,19.77347458495087,21.17352686205723,36.570975892439364,28.181327187486062,16.845713188493036,4.812438554082208,30.597862803565825,51.855472913388596,31.131681215795325,57.37684816246259,11.709134783346995,16.800444137728995],
        [41.38115599368415,24.25505595572742,22.710605336413668,26.404670393242835,31.930609319076222,45.01650614826451,34.746703857512514,37.26839504545411,27.407946351814612,11.756699290563592,30.722556678119414,24.58071185595516,0.0,22.037252203789006,27.115936842977394,43.89191561088765,36.21018475206755,24.406325290692674,28.209725950106105,4.80723727100429,3.4071849938979284,19.055850184751055,33.32574047845095,23.736340897130688,25.107038827843937,35.74227609453072,46.711059622423704,25.987267924830427,32.796136306507435,18.639530265797667,41.38115599368415],
        [48.77096423733016,32.75507944109597,36.59970525387543,48.44192259703185,53.967861522865235,22.979253944475502,12.709451653723512,20.347353165259733,34.797754595460624,28.813411951748208,26.005422854095215,31.97052009960117,22.037252203789006,0.0,49.1531890467664,22.642168629278363,24.30852167711858,37.48674484185018,19.190642254370633,18.371660837020297,24.171638355499415,41.09310238854006,55.36299268223996,44.02737868324694,32.49684707148995,57.77952829831973,24.673807418634695,3.950015721041421,25.406328062861423,26.02933850944368,48.77096423733016],
        [35.52108793805814,46.04330402913267,12.553483792890965,16.148093505338483,8.171083338666667,72.1324429912419,61.862640700489905,64.3843318884315,51.97148702235464,33.544947363968845,57.83849352109681,21.971523552012496,27.115936842977394,49.1531890467664,0.0,71.00785245386504,63.32612159504494,11.666444204916218,55.325662793083495,30.781528209746103,24.981550691266985,33.77851210988946,6.209803635473565,5.1258103635194585,17.15908499793029,8.626339251553329,73.8269964654011,53.10320476780782,54.584384379912684,33.680658335359496,35.52108793805814],
        [35.486764515806904,54.609742848194614,58.454368660974076,70.29658600413049,75.82252492996388,8.797865339750121,17.212614529787825,6.623520565433539,19.036365431510408,50.66807535884685,13.169358932768235,49.03632890185255,43.89191561088765,22.642168629278363,71.00785245386504,0.0,7.681730858820102,59.341408248948824,15.682189660781546,40.22632424411894,46.02630176259806,62.9477657956387,77.21765608933862,65.88204209034558,53.848767455934755,79.63419170541837,13.637816554515087,20.19727410442301,48.048496692139786,37.32719411850555,35.486764515806904],
        [27.8050336569868,46.92801198937451,50.77263780215397,62.614855145310386,68.14079407114377,10.46421838759034,18.878967577628043,3.9611685118588467,11.354634572690305,42.986344500026746,5.487628073948133,41.354598043032446,36.21018475206755,24.30852167711858,63.32612159504494,7.681730858820102,0.0,51.65967739012872,8.000458801961443,32.54459338529884,38.34457090377796,55.2660349368186,69.5359252305185,58.20031123152548,46.16703659711465,71.95246084659827,15.304169602355305,21.863627152263227,49.714849739980004,29.64546325968545,27.8050336569868],
        [23.85464373314192,48.66138124642009,1.6957199542790065,18.766170722625905,16.48111668101505,60.465998786325684,50.19619649557369,52.717887683515286,40.30504281743842,36.163024581256266,46.17204931618059,10.305079347096278,24.406325290692674,37.48674484185018,11.666444204916218,59.341408248948824,51.65967739012872,0.0,43.65921858816728,19.59908801968838,20.999140296794742,36.39658932717688,17.876247840389784,6.54063384139676,5.49264079301407,20.292783456469547,62.16055226048488,41.4367605628916,57.202461597200106,22.01421413044327,23.85464373314192],
        [29.580321982959532,38.92755318741307,42.77217900019253,54.61439634334894,60.14033526918233,16.806780198158403,13.761088154880095,9.058669095348007,15.60711234108999,34.9858856980653,6.814780599724584,33.354139241071,28.209725950106105,19.190642254370633,55.325662793083495,15.682189660781546,8.000458801961443,43.65921858816728,0.0,24.544134583337396,30.344112101816513,47.265576134857156,61.535466428557065,50.19985242956404,38.16657779515321,63.95200204463683,18.501333672317596,16.74574772951528,44.596970317232056,21.645004457724006,29.580321982959532],
        [36.57391872267986,29.06229322673171,18.228044416855134,30.070261760011547,35.596200685844934,41.3509147814958,31.08111249074381,33.602803678685405,22.600709080810322,16.563936561567882,27.05696531135071,19.77347458495087,4.80723727100429,18.371660837020297,30.781528209746103,40.22632424411894,32.54459338529884,19.59908801968838,24.544134583337396,0.0,5.799977518479118,22.721441551519764,36.99133184521966,25.655717846226644,20.299801556839647,39.40786746129943,43.045468255654995,22.321676558061718,37.603373577511725,13.832292994793377,36.57391872267986],
        [37.973970999786225,27.66224094962535,19.303420342515736,24.27028424153243,29.796223167365813,47.15089229997491,36.88109000922293,39.40278119716452,26.98993633108765,15.16388428446152,32.856942829829826,21.17352686205723,3.4071849938979284,24.171638355499415,24.981550691266985,46.02630176259806,38.34457090377796,20.999140296794742,30.344112101816513,5.799977518479118,0.0,16.921464033040646,31.191354326740548,20.32915590323276,21.69985383394601,33.607889942820314,48.845445774134106,28.121654076540835,36.203321300405364,15.232345271899739,37.973970999786225],
        [53.371420030168366,12.264791919243212,34.70086937289788,17.630418604550975,25.607428771222793,64.07235633301556,53.80255404226357,56.324245230205165,43.9114003641283,12.279690436791853,49.77840686287047,36.570975892439364,19.055850184751055,41.09310238854006,33.77851210988946,62.9477657956387,55.2660349368186,36.39658932717688,47.265576134857156,22.721441551519764,16.921464033040646,0.0,28.292506461990698,35.726604933614894,37.09730286432814,27.29702291476647,65.76690980717476,45.043118109581485,32.68147215238905,30.629794302281876,53.371420030168366],
        [41.73089157353171,40.557298381233906,18.76328742836453,10.662087857439722,2.6850776907679057,78.34224662671546,68.07244433596348,70.59413552390507,58.1812906578282,28.05894171607008,64.04829715657037,28.181327187486062,33.32574047845095,55.36299268223996,6.209803635473565,77.21765608933862,69.5359252305185,17.876247840389784,61.535466428557065,36.99133184521966,31.191354326740548,28.292506461990698,0.0,11.335613998993024,23.368888633403856,2.4165356160797637,80.03680010087467,59.31300840328139,49.09837873201393,39.89046197083306,41.73089157353171],
        [30.39527757453868,47.99139685285811,7.427673429371508,18.09618632906392,10.119176162392103,67.00663262772244,56.736830336970456,59.25852152491205,46.845676658835174,35.49304018769428,52.71268315757735,16.845713188493036,23.736340897130688,44.02737868324694,5.1258103635194585,65.88204209034558,58.20031123152548,6.54063384139676,50.19985242956404,25.655717846226644,20.32915590323276,35.726604933614894,11.335613998993024,0.0,12.03327463441083,13.752149615072788,68.70118610188163,47.97739440428836,56.53247720363812,28.554847971840033,30.39527757453868],
        [18.36200294012785,49.36209478357136,4.6056012050393225,19.466884259777167,21.973757474029117,54.97335799331161,44.703555702559626,47.22524689050122,34.812402024424344,36.863738118407525,40.67940852316652,4.812438554082208,25.107038827843937,32.49684707148995,17.15908499793029,53.848767455934755,46.16703659711465,5.49264079301407,38.16657779515321,20.299801556839647,21.69985383394601,37.09730286432814,23.368888633403856,12.03327463441083,0.0,25.78542424948362,56.6679114674708,35.94411976987753,57.90317513435137,16.521573337429203,18.36200294012785],
        [44.14742718961148,39.56181483400968,21.179823044444294,9.66660431021549,3.8116667754544995,80.75878224279523,70.48897995204324,73.01067113998484,60.59782627390797,28.96611634657152,66.46483277265014,30.597862803565825,35.74227609453072,57.77952829831973,8.626339251553329,79.63419170541837,71.95246084659827,20.292783456469547,63.95200204463683,39.40786746129943,33.607889942820314,27.29702291476647,2.4165356160797637,13.752149615072788,25.78542424948362,0.0,82.45333571695443,61.72954401936115,49.36789806216871,42.30699758691282,44.14742718961148],
        [39.766612162566894,57.42888685973067,61.27351267251012,73.11573001566654,78.64166894149993,4.839951214764965,11.964355764911183,11.343001090496458,25.79340252069735,53.4872193703829,17.00107077933194,51.855472913388596,46.711059622423704,24.673807418634695,73.8269964654011,13.637816554515087,15.304169602355305,62.16055226048488,18.501333672317596,43.045468255654995,48.845445774134106,65.76690980717476,80.03680010087467,68.70118610188163,56.6679114674708,82.45333571695443,0.0,20.723791697593274,34.4106801376247,40.1463381300416,39.766612162566894],
        [46.32606971247481,36.70509516213739,40.54972097491685,52.391938318073265,57.91787724390665,19.02923822343408,8.759435932682091,17.902458640404383,32.352860070605274,32.76342767278963,23.560528329239865,31.131681215795325,25.987267924830427,3.950015721041421,53.10320476780782,20.19727410442301,21.863627152263227,41.4367605628916,16.74574772951528,22.321676558061718,28.121654076540835,45.043118109581485,59.31300840328139,47.97739440428836,35.94411976987753,61.72954401936115,20.723791697593274,0.0,27.851222587716777,23.584443984588326,46.32606971247481],
        [74.1772923001916,24.343449204944953,55.5067416429211,40.03029236088083,46.41330104124602,39.25063135238967,30.83588216235196,45.75368122812116,60.20408265832205,21.039437015943843,51.41175091695664,57.37684816246259,32.796136306507435,25.406328062861423,54.584384379912684,48.048496692139786,49.714849739980004,57.202461597200106,44.596970317232056,37.603373577511725,36.203321300405364,32.68147215238905,49.09837873201393,56.53247720363812,57.90317513435137,49.36789806216871,34.4106801376247,27.851222587716777,0.0,51.4356665723051,74.1772923001916],
        [22.741625727886486,42.89458622152509,21.127174542468524,32.96939188562494,38.49533081145832,38.451784655882406,28.18198236513042,30.703673553072015,18.290828686995145,30.39622955636126,24.15783518573732,11.709134783346995,18.639530265797667,26.02933850944368,33.680658335359496,37.32719411850555,29.64546325968545,22.01421413044327,21.645004457724006,13.832292994793377,15.232345271899739,30.629794302281876,39.89046197083306,28.554847971840033,16.521573337429203,42.30699758691282,40.1463381300416,23.584443984588326,51.4356665723051,0.0,22.741625727886486],
        [0.0,65.63621194941157,22.967604145167172,35.74100142561739,40.33576041415697,36.611355053183765,43.34141013783963,28.863243950373363,16.450399084296496,53.13785528424775,22.76554138323495,16.800444137728995,41.38115599368415,48.77096423733016,35.52108793805814,35.486764515806904,27.8050336569868,23.85464373314192,29.580321982959532,36.57391872267986,37.973970999786225,53.371420030168366,41.73089157353171,30.39527757453868,18.36200294012785,44.14742718961148,39.766612162566894,46.32606971247481,74.1772923001916,22.741625727886486,0.0]
    ],
    "vertex_count": 31
}