{
    "drone_dist": [
        [0.0,2613.76863997255,1600.1544966359825,1843.8225153332205,552.3743240765008,2241.553538206445,2037.7219645317898,3508.552398247557,3495.1526013818498,4237.26574689937,1907.3453375828649,4027.025763788281,2899.4857126878114,524.7669659046394,3226.4844664778393,4368.527040063381,3312.406833962025,2793.926571674612,2608.582005369606,1494.6398574413895,3155.7213370891945,1708.1879553971128,3426.0975691089525,1202.3581580698244,705.7957308379606,2399.0380242239103,732.0008597968206,886.0339254105656,3867.9930412665117,2560.9311940605226,4509.291174607331,3165.002059016001,2549.4944836493873,2336.890068311697,2006.9645174766624,381.8121194011418,1919.4939478727576,3186.684775477983,1683.2127093198192,3120.008078568216,3561.5732993022493,3120.7988234161307,2237.216760754059,2023.8787781344909,2046.587925678939,3451.9373510861205,3356.7800825214376,796.3269854198297,3564.025929126476,2552.834326949737,2615.6077762052823,4648.1227223481565,1481.6553237117469,1098.148218434837,1890.4169989061354,3628.0352353255053,2143.52847569563,2440.6715497198206,2258.4226548339657,2023.5605410107662,0.0],
        [2613.76863997255,0.0,2616.340321162671,3668.06295207729,3114.530826240837,931.9715763482275,1873.3799821785542,1290.2173702513633,2096.9474563325684,2976.4556299399705,3186.299931450128,1706.6588710736307,2002.686736979028,3135.761991045387,2528.0631701212346,2945.895419352783,3223.5348002701453,1815.4700378767154,3186.7530568346983,3217.1615110857124,556.7352188811002,1247.7967272904082,1585.9120196424929,3688.904555769805,1933.6188145919918,1431.6415205663054,2505.1820301076928,3037.4907132400517,1589.0998119475946,926.5873053619353,2852.2357590102924,3538.1381184105617,746.729740155142,1602.9268855678629,3237.2191726043225,2909.7238666121307,2433.678198061715,802.6833434620174,3675.2392359628952,3674.4590439080434,2695.66444385391,999.1473602805534,620.6008078327127,1169.166399527544,3941.9046678921445,849.5245346739396,3596.087634320783,2606.3036274264377,1803.459061667997,3657.8160684881423,798.0305019900723,3210.461541672381,2632.289944178747,2883.0596292026144,742.8571731562664,1044.5227330032264,1212.862671158654,1641.7054318720523,392.4734584539798,591.6328598089251,2613.76863997255],
        [1600.1544966359825,2616.340321162671,0.0,3443.550157660014,1602.596431057625,1778.3963752622676,945.3748956217078,3854.41439289731,4290.894179140954,5150.019655731821,3456.9665081784246,4313.283248499199,3848.616678315123,1877.2055152748887,4298.581723965972,5212.1174275957,4612.600026328064,3690.2957447061185,4050.2670704379016,3086.7552996283957,3003.3609691929632,1371.064799858308,3991.8388076535907,1748.664578444817,1376.7193711770058,1544.784081179579,868.4260920791186,1054.97020238826,4183.986958031172,3086.9357753368045,5240.096018304876,4591.525702968518,2982.5467913893726,1377.1719146015605,3554.0737965820517,1486.1726770800672,431.8698484195391,3398.873155651901,3275.041822094656,4589.675320070891,4597.566567644621,3497.4089612650123,2011.6919535089519,2741.5401488414286,3639.5479544145096,3406.0191534209457,4758.560435147035,2337.6675521848583,4184.379604926596,4106.71403899788,2136.99855095386,5497.238334891203,2951.677355273627,2676.054119494566,2176.106975454495,3618.6934864759714,1516.715861134421,1443.9288794656268,2436.646108265792,2138.608110232606,1600.1544966359825],
        [1843.8225153332205,3668.06295207729,3443.550157660014,0.0,1995.9508185027394,3704.446341693889,3789.5783717596105,4016.7185069845814,3437.127150680426,3857.0787545055864,697.9678896624594,4503.838194752392,2772.4202896369643,1681.351220873745,2790.160584803988,4073.27128469106,2390.972970495223,2786.3176157394405,1503.4006197564042,454.8827665613971,4210.997963637537,3257.56907567314,3694.291271932801,2408.7163954164384,2303.911223146661,4020.1363018135294,2575.124066507866,2586.974788834507,4339.334107516465,3127.8099660106222,4355.96727584222,1955.1218765242102,3222.7507534328347,4008.8576593404314,739.553907953186,2019.386362418746,3754.810584217675,3906.74963850937,252.88143027192243,1790.8347542495244,3106.949026888634,3685.189876714224,3561.478962132982,2596.035864174557,274.1713531654505,4360.629929173689,2176.7365524119205,1208.9291336447131,3731.17169563986,1018.531882296891,4007.273756236042,4304.22856849259,1064.5165737824625,853.7073515085998,2966.2011210177266,4472.195846241584,3709.7082061019405,4114.119387681566,3277.2933454761146,3180.400559347783,1843.8225153332205],
        [552.3743240765008,3114.530826240837,1602.596431057625,1995.9508185027394,0.0,2644.804963628599,2263.040277339943,4054.023625698006,4041.275091111995,4769.191314930404,2229.8258606353684,4571.334627340395,3436.44658627831,314.83613409185176,3742.6284203734303,4907.170874572715,3766.9946622988437,3336.7959675083293,3007.587570072565,1745.8198408992098,3644.7711105248018,2101.062886157988,3978.384223344036,653.2468965031355,1180.9238088228965,2715.8619068124235,830.0296752482845,604.7228395241926,4413.371226343095,3110.0961713546426,5055.926058105709,3562.0657307486604,3093.7579174774587,2621.2444411479555,2329.021416217016,205.54083722064252,1995.8570205015117,3720.249029674805,1785.372005846701,3488.979977614449,4080.7021763765406,3665.933465104184,2688.4582591556505,2575.973595497961,2142.293220822244,3960.2646965743893,3764.8462818360254,1210.4505128923809,4116.195628904338,2848.608999689552,3031.66735098123,5185.105116404891,1902.470892489786,1420.3615165305926,2408.4236662240337,4142.898598109036,2503.4432636215456,2719.6261380497854,2773.80710153517,2523.0540212144115,552.3743240765008],
        [2241.553538206445,931.9715763482275,1778.3963752622676,3704.446341693889,2644.804963628599,0.0,951.1221059651889,2222.0861900861078,2951.6269142216283,3841.6206695182364,3372.9622253937746,2622.668222919372,2726.9495648130123,2753.8867176536965,3249.0706295399723,3835.3811964835436,3833.86037152374,2540.033592271183,3599.792871450206,3253.8935671537843,1229.6713633933816,543.82969653483,2493.44648327844,3124.828771835539,1543.550609260572,529.0069661279111,1894.6469232943766,2410.3543162837555,2513.646220220259,1705.5153646471051,3768.2630057282395,4039.474839773341,1544.19231328238,680.287041272591,3445.415532894444,2443.6888182981056,1535.2229913161354,1731.9983407287177,3647.786167411699,4131.329400242881,3469.302308670875,1920.775877095118,336.71892959344376,1667.919246220907,3966.8835092930653,1640.8275825356377,4139.257773652077,2518.2303272114073,2707.8400722724473,3942.4293570398177,392.0096850931622,4107.396376052199,2784.6394810730912,2856.5117778253825,947.7075837903074,1855.6343092671198,284.62985995408195,734.2962390441838,945.7842228666933,746.8728105891845,2241.553538206445],
        [2037.7219645317898,1873.3799821785542,945.3748956217078,3789.5783717596105,2263.040277339943,951.1221059651889,0.0,3160.9553691772107,3797.108121801486,4684.532578693071,3626.6076350094395,3572.767043837304,3474.588494062293,2467.8331473498583,3974.817651293311,4703.949950969835,4445.410683044164,3296.2489524642497,4046.762021951394,3371.916275980159,2165.3880641290943,784.464635315505,3393.6850582593693,2581.502570384005,1488.4769920526317,605.1041175356378,1433.0970089128796,1845.3690942339065,3461.1129885122104,2543.8953086209026,4669.329088017783,4546.465114655675,2403.2278191464816,431.8108019815011,3714.3073031994736,2091.4723455981984,607.1477491821482,2676.043719411647,3672.1077746406963,4594.399427583497,4233.648303841492,2841.322880200402,1254.8026598645376,2352.5626226498052,4024.8274258696674,2582.4532937702256,4680.599256209188,2588.4546268089994,3602.583966214618,4254.268775095112,1253.553081472591,4982.537160639204,3056.3485098382766,2948.44911206802,1659.2024654538677,2797.699305046995,666.5575357829359,502.6659443252661,1805.2934439187993,1535.0751304288108,2037.7219645317898],
        [3508.552398247557,1290.2173702513633,3854.41439289731,4016.7185069845814,4054.023625698006,2222.0861900861078,3160.9553691772107,0.0,1158.1877522363309,1903.847209054707,3388.899077632124,520.4925925016978,1486.4918244315436,3993.2854749134162,1892.9888951440832,1801.8624239515266,2725.636411687287,1364.547415437357,3048.590376551642,3612.3239702965147,1219.1819066418136,2488.9392346833956,529.5593363466666,4682.931696601512,2925.6794709010164,2712.0558919376235,3597.586237124412,4113.636462943667,359.44071553401204,960.0258129484279,1624.293285483811,3207.2508265814063,960.7334014175817,2888.71035772864,3403.365411016776,3860.2327259549584,3708.2473525156774,496.3448809703854,4103.056498930207,3406.2037061795145,1901.9381230458557,388.1912941574787,1906.154343348991,1527.150477654841,4281.290143041968,911.2031847615132,3184.3415951826028,3226.535880931178,706.3836996232253,3665.109332054801,2038.5706445803564,2034.3447609355962,2964.103841087023,3395.902298313201,1724.5197287235317,817.2719649861078,2502.9035121501843,2921.2566452602196,1419.659352816933,1718.4638199684234,3508.552398247557],
        [3495.1526013818498,2096.9474563325684,4290.894179140954,3437.127150680426,4041.275091111995,2951.6269142216283,3797.108121801486,1158.1877522363309,0.0,890.4885435937935,2747.948287440145,1391.4592702883358,669.6777291681565,3894.5777670002317,821.01382717643,921.2264254143446,1654.1918564123334,712.9504275967743,2180.261115746139,3109.5426607696863,2255.746326336097,3031.1105314260235,630.0422029384872,4694.505191350867,3088.7637641455576,3479.3334283258932,3809.432238986746,4265.810973708538,1272.0769706167318,1254.7828756473054,1014.793918757964,2197.9498514413235,1407.8777066989562,3627.6808972090544,2731.141536012541,3875.620824874509,4254.795834092049,1505.8037082168619,3583.922052390454,2421.7437537009096,750.5402714258915,1171.7855857687873,2615.0473058354573,1562.312985102942,3674.3409707924034,2034.5480083138823,2131.6287814070593,2974.242999856776,473.28682027556704,2846.6402074667735,2893.911302443053,1206.441463105635,2490.864186298207,3022.3481893323005,2150.346070632403,1970.4036460641612,3200.8316615690633,3685.9170941712196,2010.1914059356193,2262.9714826647623,3495.1526013818498],
        [4237.26574689937,2976.4556299399705,5150.019655731821,3857.0787545055864,4769.191314930404,3841.6206695182364,4684.532578693071,1903.847209054707,890.4885435937935,0.0,3161.453649963549,1944.7190646861568,1342.4188710222907,4589.072987746113,1080.820705683714,262.9621952701059,1629.4638972778248,1473.8751694596397,2418.0433400019347,3605.891182557,3086.6108704511444,3914.6582889252113,1426.4964754579553,5419.016392690256,3901.3920488419103,4368.949829947361,4620.57997298013,5050.621855642367,1883.5622930188822,2144.5875097863463,657.9658472955381,2221.0323575766542,2298.2583700548935,4518.090311447985,3118.7839533378706,4618.803371256596,5131.808205360911,2328.3423201967803,4043.2928073643448,2463.40245799377,750.8446405502342,2015.9372334817344,3504.96328644934,2408.702355715095,4060.025687217169,2814.534940404789,2074.890007911645,3629.824884086167,1214.167361588966,3077.7019865164566,3774.478439868661,447.2599974653395,3050.2384773992803,3608.302792223871,3032.4580903308874,2711.4499572225286,4091.3045246719967,4575.8619416782285,2900.6797313258794,3151.7163185339655,4237.26574689937],
        [1907.3453375828649,3186.299931450128,3456.9665081784246,697.9678896624594,2229.8258606353684,3372.9622253937746,3626.6076350094395,3388.899077632124,2747.948287440145,3161.453649963549,0.0,3861.2082179011522,2087.5884142261343,1936.9110572167037,2092.407848186627,3375.8616572508477,1739.0306760533476,2114.0065563288626,863.4101216516111,529.6777765516782,3707.785375087811,2992.732941093341,3035.3963286730714,2763.403015533112,2161.123539125069,3756.090597043872,2612.1639770990437,2761.902291998716,3698.6052561985493,2543.6874148105207,3658.3865303590283,1381.2915625855092,2658.7762452167667,3777.173306043471,99.99293603112709,2188.106087979269,3704.3842677512757,3325.3442133905037,887.0932298843301,1271.731735354359,2410.864991777608,3077.323230858648,3179.348618003178,2051.3124733068726,926.4341158620043,3811.676592339658,1598.4302114164766,1122.597446743974,3058.8409613396366,649.8687545571493,3631.087690303503,3608.7038107227495,588.7078735029095,817.3574622674687,2536.710502505222,3904.035826432222,3428.197767133964,3879.7686728717385,2806.201806565514,2761.3131103567557,1907.3453375828649],
        [4027.025763788281,1706.6588710736307,4313.283248499199,4503.838194752392,4571.334627340395,2622.668222919372,3572.767043837304,520.4925925016978,1391.4592702883358,1944.7190646861568,3861.2082179011522,0.0,1871.240510616671,4513.39669302556,2198.4836081770763,1779.4601749644285,3038.5078855783704,1781.3224627761108,3459.266635688846,4108.560662060277,1489.0189735679703,2942.3699132401534,853.1094628363232,5197.582936231578,3435.6284948740895,3082.018367095496,4097.816898658342,4617.973400786162,166.0745982865769,1480.2083275533237,1501.4533773252147,3560.361502415594,1477.6908798616978,3266.7743952014926,3869.500631939384,4376.561668128018,4140.173629125354,914.6800398095077,4599.503679236265,3773.0825175911573,2132.6569316094183,906.5303890512008,2326.3974618718357,2046.273475950125,4765.088626358132,1092.8211245626458,3511.8321783765396,3743.3956246802436,924.6337691396213,4096.622208603987,2387.4827825447123,1958.0794522628744,3459.7192218675327,3905.165203215037,2220.7394216260323,911.807616021827,2907.1296650799313,3287.275932399992,1896.3567338813002,2193.1386931613442,4027.025763788281],
        [2899.4857126878114,2002.686736979028,3848.616678315123,2772.4202896369643,3436.44658627831,2726.9495648130123,3474.588494062293,1486.4918244315436,669.6777291681565,1342.4188710222907,2087.5884142261343,1871.240510616671,0.0,3269.933065056944,527.3617009824313,1470.9692249443594,1275.3095180995374,188.692629965935,1589.3812029134913,2439.935486455398,2316.930059252814,2690.646389671582,1018.2258816706902,4088.3705891957065,2566.191055430496,3251.195969452967,3283.100471027661,3708.250790830383,1722.1058511287163,1076.1004556491355,1654.2235105181521,1722.269029637782,1255.971345961766,3374.701099076221,2075.961749688412,3281.287622180203,3868.4180796723167,1651.026788698827,2915.304754782846,1919.8154848255358,759.9037697736728,1313.9999065889463,2402.134160250244,1127.1838944080853,3013.61712575398,2211.4377558504593,1712.2874758374674,2329.5440314452144,990.3836127697643,2237.1547438308626,2758.4732400586013,1748.8845584136122,1822.6950300428546,2359.1186016708607,1823.0810382541338,2211.6214586908864,2941.6340299075187,3447.490336007462,1796.029762692674,1987.7544190939875,2899.4857126878114],
        [524.7669659046394,3135.761991045387,1877.2055152748887,1681.351220873745,314.83613409185176,2753.8867176536965,2467.8331473498583,3993.2854749134162,3894.5777670002317,4589.072987746113,1936.9110572167037,4513.39669302556,3269.933065056944,0.0,3543.8318469627907,4739.200506914706,3517.511484025696,3183.755987510463,2734.3837559769863,1441.902524895174,3679.438443559704,2215.379043054481,3877.779620241867,856.043147256692,1228.435325804722,2878.6290063254887,1054.4188494754203,915.0997132902763,4352.262300107971,3037.6670922202798,4908.305998217589,3285.7289639188716,3039.387133398807,2800.5728630912195,2035.2858429111664,392.6035289105457,2253.3624206570394,3690.2143314127497,1470.820757541082,3203.0466093624514,3884.2564724327804,3607.1780113612444,2760.1989021378054,2485.2666345336525,1828.539096918249,3970.969379211749,3492.234565758428,975.2152664942533,4002.660873243271,2546.541363837135,3132.1894846325154,5013.180926817489,1649.5187331814002,1138.9105914882552,2407.8743162636983,4144.213538125612,2640.5104351930154,2902.0820262749307,2776.2021230371147,2546.4535523677346,524.7669659046394],
        [3226.4844664778393,2528.0631701212346,4298.581723965972,2790.160584803988,3742.6284203734303,3249.0706295399723,3974.817651293311,1892.9888951440832,821.01382717643,1080.820705683714,2092.407848186627,2198.4836081770763,527.3617009824313,3543.8318469627907,0.0,1284.094842420227,840.5602185557343,716.0219597282414,1410.7612905164285,2525.995119957034,2823.5685436121357,3190.4332781702074,1377.1680676060516,4385.935586879945,2976.0578337750885,3771.3909818295006,3680.3644534883488,4071.5997481337295,2067.6467193659605,1601.8109830020294,1576.2740650767746,1377.4642330371728,1781.459226086652,3890.789932095848,2056.1572220016656,3604.8025958151757,4344.8429358862095,2129.4816396887672,2968.843306608679,1603.6609226807857,341.3844966332407,1785.4920440003782,2926.414194692466,1622.4068914435343,3003.6833558396,2687.9445544884757,1313.8221148573177,2574.389542539479,1274.0965944032528,2083.263026150864,3285.8056125368435,1526.0652032736334,1973.1081953047938,2532.7874151206183,2334.2341462585646,2666.324948473436,3458.19129691678,3965.70223111515,2322.1321840978026,2506.795908228581,3226.4844664778393],
        [4368.527040063381,2945.895419352783,5212.1174275957,4073.27128469106,4907.170874572715,3835.3811964835436,4703.949950969835,1801.8624239515266,921.2264254143446,262.9621952701059,3375.8616572508477,1779.4601749644285,1470.9692249443594,4739.200506914706,1284.094842420227,0.0,1883.8037068891258,1579.0226926299922,2653.8302638039904,3806.4651368735467,3008.9495949241855,3944.6810053810736,1365.8229980565638,5559.277632809247,3997.5381824674155,4358.920786523771,4718.404230220049,5163.424183073006,1736.4809060104506,2160.970033550554,399.22858964347705,2476.261723521574,2302.5384071426097,4515.044315965437,3337.3922271692086,4750.307755940443,5172.397242506722,2254.1650034793283,4252.83900943663,2718.49682733253,971.554782716649,1961.4877019376386,3499.127941002738,2480.2986515832044,4282.656732959242,2710.6121658662537,2334.107197307004,3790.16609387691,1147.6001841891277,3318.111130233016,3741.748663316135,285.79557187142063,3233.9770659113146,3788.1139118754886,3066.4413769840558,2591.3298304241075,4093.5763479837105,4567.61344874675,2904.8848494803105,3169.0223466078032,4368.527040063381],
        [3312.406833962025,3223.5348002701453,4612.600026328064,2390.972970495223,3766.9946622988437,3833.86037152374,4445.410683044164,2725.636411687287,1654.1918564123334,1629.4638972778248,1739.0306760533476,3038.5078855783704,1275.3095180995374,3517.511484025696,840.5602185557343,1883.8037068891258,0.0,1444.2438509486872,887.6055836975636,2252.9926882240575,3581.6166841919517,3676.082855722741,2215.5811106592078,4373.07670208635,3239.1340663713586,4335.724615023286,3887.9354123432104,4195.766802416053,2908.196204289414,2310.395364647923,2247.1157073405443,592.7380940946706,2487.715853460716,4430.319503691526,1669.054730619012,3667.1446249227356,4730.941418823599,2926.1125783967987,2612.2529719209674,834.7765287956769,976.3724905334761,2587.4651203406006,3533.082550957414,2166.271396023273,2550.4975977237364,3486.5963991418207,479.9370261352739,2556.5728422560364,2113.8978409939364,1490.5497156027038,3932.511181332238,2052.6214446070435,1868.1389980232973,2399.9137803192807,2887.8299441649406,3481.4265058001065,4006.9841646537866,4515.671915161076,2959.0386111941284,3089.512974825379,3312.406833962025],
        [2793.926571674612,1815.4700378767154,3690.2957447061185,2786.3176157394405,3336.7959675083293,2540.033592271183,3296.2489524642497,1364.547415437357,712.9504275967743,1473.8751694596397,2114.0065563288626,1781.3224627761108,188.692629965935,3183.755987510463,716.0219597282414,1579.0226926299922,1444.2438509486872,0.0,1685.7059129686234,2432.212627542376,2139.4847879434587,2513.0877740133797,933.4209056240995,3989.909309099278,2427.693290898542,3064.944128210762,3147.3266712664595,3584.9821471817245,1625.990064475783,889.0027649796853,1724.6632690595436,1863.926815174438,1068.929274820133,3190.0317546357674,2111.2327118219337,3175.364901847759,3699.4150807320725,1490.0820326540206,2915.0740639933124,2051.3204830773243,937.9860962606657,1159.5211293867567,2214.4206821488747,956.4315206915917,3035.4497198213403,2049.125180894854,1868.2641237475327,2261.58399776053,945.3507540124211,2315.402734262166,2569.7908874683653,1861.895831669759,1799.5550655943841,2319.0343072138603,1641.4678262236182,2059.8374865414007,2756.8981648810845,3261.973396290529,1607.6798307495083,1802.3675150973004,2793.926571674612],
        [2608.582005369606,3186.7530568346983,4050.2670704379016,1503.4006197564042,3007.587570072565,3599.792871450206,4046.762021951394,3048.590376551642,2180.261115746139,2418.0433400019347,863.4101216516111,3459.266635688846,1589.3812029134913,2734.3837559769863,1410.7612905164285,2653.8302638039904,887.6055836975636,1685.7059129686234,0.0,1388.891124521662,3642.900747151446,3326.1064650573794,2606.2810603131215,3580.7853203328286,2684.2496623050306,4054.2451231033997,3255.97649581365,3491.520849872291,3307.610021697327,2371.8790539707766,2977.712317323362,556.7523572188863,2526.3605249459533,4113.939593903747,786.5544290485751,2934.69934836852,4234.061142438993,3111.2112249134634,1725.8395567558755,548.1053326806607,1685.0475614754998,2808.0890359615864,3344.0144615056033,2023.2350779441188,1669.3042866530589,3650.4464978543815,757.8768751447303,1817.4954813492584,2572.8375179997665,672.5191720501232,3782.1375367232185,2860.105701369319,1127.3755163998642,1596.0730032697131,2672.639103348382,3697.194953993966,3718.2864947085277,4209.60274515282,2850.1888760794163,2896.033742837603,2608.582005369606],
        [1494.6398574413895,3217.1615110857124,3086.7552996283957,454.8827665613971,1745.8198408992098,3253.8935671537843,3371.916275980159,3612.3239702965147,3109.5426607696863,3605.891182557,529.6777765516782,4108.560662060277,2439.935486455398,1441.902524895174,2525.995119957034,3806.4651368735467,2252.9926882240575,2432.212627542376,1388.891124521662,0.0,3762.247154905621,2815.2413583176058,3317.1924430454605,2248.7795802221785,1883.4477445534865,3579.8537023055555,2222.854298516112,2305.9645189523835,3943.0781587380948,2704.4056534376855,4063.2555846827695,1910.8248334487616,2791.1927046733554,3574.9579938685883,619.4407771380826,1729.0251639991432,3373.7478127381337,3478.9985176951063,490.9585764979755,1794.612054837534,2856.901542071693,3270.3211022340925,3107.133636852313,2161.821135064105,726.4429601083282,3921.135208705295,2128.1066987922854,783.7060115640518,3370.188171819569,1104.8561179247508,3553.4658397518415,4051.932329473634,648.8419140587375,423.99951061951725,2511.99379010689,4038.2194775622975,3265.7844357125364,3679.897601613193,2825.8018017254753,2725.6948813691615,1494.6398574413895],
        [3155.7213370891945,556.7352188811002,3003.3609691929632,4210.997963637537,3644.7711105248018,1229.6713633933816,2165.3880641290943,1219.1819066418136,2255.746326336097,3086.6108704511444,3707.785375087811,1489.0189735679703,2316.930059252814,3679.438443559704,2823.5685436121357,3008.9495949241855,3581.6166841919517,2139.4847879434587,3642.900747151446,3762.247154905621,0.0,1674.6790096023133,1660.5047457687408,4201.828449211937,2465.76356882271,1624.7423236580448,2996.870488115163,3528.7853475063425,1417.1264689401696,1286.1335234778585,2843.2226343686693,3950.6606043209786,1120.0490782979823,1815.3535400621433,3753.610064906699,3439.3371137229633,2761.300712825492,758.2686772381027,4224.960322958692,4105.445381187797,2935.8043253941582,1083.9873723851442,1011.9060435123687,1662.9311021782908,4485.1204031617035,420.5275004467065,3986.406229578858,3162.416447633918,1872.9103646029248,4150.608602098114,924.7761870007868,3250.04315557625,3165.839653213417,3435.4767454026255,1299.0291704962012,634.8390708061366,1506.6455659112905,1822.949242676058,946.5774502902401,1134.1446133658173,3155.7213370891945],
        [1708.1879553971128,1247.7967272904082,1371.064799858308,3257.56907567314,2101.062886157988,543.82969653483,784.464635315505,2488.9392346833956,3031.1105314260235,3914.6582889252113,2992.732941093341,2942.3699132401534,2690.646389671582,2215.379043054481,3190.4332781702074,3944.6810053810736,3676.082855722741,2513.0877740133797,3326.1064650573794,2815.2413583176058,1674.6790096023133,0.0,2663.314090021573,2587.275769144341,1021.1145578674493,766.2754699869494,1358.56679104344,1881.2042654551897,2814.3034486583797,1785.1311369240443,3931.601775246868,3806.5522736675252,1657.2810136064957,791.3316513265445,3073.045042848658,1900.232693493753,1236.480872620581,2028.1839251658178,3180.077979757079,3870.3284480563834,3450.0107738094184,2140.9473630487714,662.9719379775457,1568.1161577257224,3512.369804515955,2059.4996981504232,3930.239577984262,2053.3942348070527,2865.701863835506,3594.8170444276725,933.0049814609341,4225.879263768575,2406.962320218601,2403.957484010438,882.410888268154,2268.3315778361834,454.20908304202646,890.9754989854761,1080.051306675781,788.6200845942159,1708.1879553971128],
        [3426.0975691089525,1585.9120196424929,3991.8388076535907,3694.291271932801,3978.384223344036,2493.44648327844,3393.6850582593693,529.5593363466666,630.0422029384872,1426.4964754579553,3035.3963286730714,853.1094628363232,1018.2258816706902,3877.779620241867,1377.1680676060516,1365.8229980565638,2215.5811106592078,933.4209056240995,2606.2810603131215,3317.1924430454605,1660.5047457687408,2663.314090021573,0.0,4624.074640567258,2916.9871749652525,3010.359301999207,3622.424020418431,4115.531403269286,705.1142428032141,914.137218217455,1276.4873718908573,2718.4220103546286,1010.0554759959124,3173.391225027007,3037.800826316939,3795.479609827552,3899.7568352288886,902.3774905957379,3806.2317806549718,2926.588622697761,1372.4508049935143,595.6899083793933,2160.1372304189263,1402.907630089411,3949.8965584159773,1410.783299593206,2681.6605073719493,3032.2831383240577,218.36939827310815,3246.288588382202,2378.6182550372,1625.3947946810085,2671.4309372629964,3152.0009577952774,1815.8347368878526,1340.4631643371188,2760.9666210571772,3220.1113455250265,1590.2785681962273,1874.846663909211,3426.0975691089525],
        [1202.3581580698244,3688.904555769805,1748.664578444817,2408.7163954164384,653.2468965031355,3124.828771835539,2581.502570384005,4682.931696601512,4694.505191350867,5419.016392690256,2763.403015533112,5197.582936231578,4088.3705891957065,856.043147256692,4385.935586879945,5559.277632809247,4373.07670208635,3989.909309099278,3580.7853203328286,2248.7795802221785,4201.828449211937,2587.275769144341,4624.074640567258,0.0,1771.541800699487,3107.20127945532,1230.2327312586235,737.7152981394081,5041.6826024735665,3747.1176654977585,5709.13472106137,4128.495091274059,3722.3050058970166,2982.8926684626563,2859.6049660585695,828.6063234602202,2178.9375594069047,4331.683011815338,2170.0695088441034,4034.876621172304,4725.133391104127,4294.81551405082,3215.58790765515,3221.1698558079497,2497.0273242947933,4538.353808645317,4337.870390985407,1828.5736924194373,4765.2247493681225,3347.1255788149747,3516.77210392555,5836.6728412010225,2505.3478942997795,1985.4907890804843,3007.7647956393716,4728.364360879119,2944.621466117057,3072.1526695375046,3367.2547606177804,3101.723414551951,1202.3581580698244],
        [705.7957308379606,1933.6188145919918,1376.7193711770058,2303.911223146661,1180.9238088228965,1543.550609260572,1488.4769920526317,2925.6794709010164,3088.7637641455576,3901.3920488419103,2161.123539125069,3435.6284948740895,2566.191055430496,1228.435325804722,2976.0578337750885,3997.5381824674155,3239.1340663713586,2427.693290898542,2684.2496623050306,1883.4477445534865,2465.76356882271,1021.1145578674493,2916.9871749652525,1771.541800699487,0.0,1750.0189513898906,720.9218484317078,1198.7515973939444,3282.622725145597,2013.6773527234063,4085.6575141430726,3219.7846550865893,1968.853240166045,1716.186540100467,2253.0068546941125,976.1426849379731,1556.4010634115114,2560.8950094132483,2198.150310185303,3228.0220933275614,3291.2735613862087,2538.901982757065,1531.8039690609166,1536.9589507145188,2544.6565051762227,2779.9248587466195,3383.392028725909,1100.0071324315868,3079.398192423463,2801.8582905064773,1912.512623066503,4282.651429755642,1613.7425864414768,1459.9988408019217,1236.3930953107347,2964.4236557702156,1468.8746569613063,1821.6809202185748,1597.8837870490659,1342.2079571695622,705.7957308379606],
        [2399.0380242239103,1431.6415205663054,1544.784081179579,4020.1363018135294,2715.8619068124235,529.0069661279111,605.1041175356378,2712.0558919376235,3479.3334283258932,4368.949829947361,3756.090597043872,3082.018367095496,3251.195969452967,2878.6290063254887,3771.3909818295006,4358.920786523771,4335.724615023286,3064.944128210762,4054.2451231033997,3579.8537023055555,1624.7423236580448,766.2754699869494,3010.359301999207,3107.20127945532,1750.0189513898906,0.0,1903.7066860030914,2370.7184416419004,2984.723585817125,2234.5000390667637,4282.0033351027605,4514.380042231569,2072.4993105662743,192.93720889339266,3835.0915001250596,2527.4372753615435,1207.3144385968524,2216.764508528646,3935.8963280675025,4593.325939230436,3996.2877712023037,2429.843693461681,864.6298379250038,2175.4209479183705,4272.548010205711,2045.2661102299564,4624.206385950912,2813.3307083881195,3226.185026171563,4351.717814682941,700.3125452098412,4629.194154882824,3169.075499100398,3166.463116851783,1450.4023110749351,2259.1493282148394,335.959091790609,210.08342865252027,1474.7897008213065,1264.6901392033867,2399.0380242239103],
        [732.0008597968206,2505.1820301076928,868.4260920791186,2575.124066507866,830.0296752482845,1894.6469232943766,1433.0970089128796,3597.586237124412,3809.432238986746,4620.57997298013,2612.1639770990437,4097.816898658342,3283.100471027661,1054.4188494754203,3680.3644534883488,4718.404230220049,3887.9354123432104,3147.3266712664595,3255.97649581365,2222.854298516112,2996.870488115163,1358.56679104344,3622.424020418431,1230.2327312586235,720.9218484317078,1903.7066860030914,0.0,532.6386622278425,3950.1429393367084,2712.399091428992,4804.4759900449935,3806.999023651567,2652.424633522648,1798.611888444078,2710.6468978747703,666.1657847725978,1207.7694852036377,3201.869150983387,2408.475211429931,3784.880598459502,4000.658178988361,3214.953237524306,1997.2357870131175,2254.7768385500076,2772.7913498209195,3351.8138701998496,3986.49006303779,1489.5817580821977,3790.5503356728705,3261.4844203517923,2286.6204526173733,5003.470098029879,2136.5301563726753,1817.3578096488816,1877.2018911221348,3549.704158536153,1718.9227894212534,1895.1181843037095,2216.407033307824,1932.5968209061944,732.0008597968206],
        [886.0339254105656,3037.4907132400517,1054.97020238826,2586.974788834507,604.7228395241926,2410.3543162837555,1845.3690942339065,4113.636462943667,4265.810973708538,5050.621855642367,2761.902291998716,4617.973400786162,3708.250790830383,915.0997132902763,4071.5997481337295,5163.424183073006,4195.766802416053,3584.9821471817245,3491.520849872291,2305.9645189523835,3528.7853475063425,1881.2042654551897,4115.531403269286,737.7152981394081,1198.7515973939444,2370.7184416419004,532.6386622278425,0.0,4468.239690104336,3211.947599813841,5270.880231539362,4048.229179988531,3161.9397898432744,2245.1793655372976,2861.886689966611,577.0045160211091,1474.761606547713,3727.151925718969,2383.6464941519316,3996.559073017983,4401.076751345539,3728.830217585083,2526.8077111727216,2728.9867207904267,2742.9682693315376,3884.403616548451,4241.716693286519,1674.597286086096,4275.9873180697405,3397.0953553740605,2801.9847467415398,5446.830821478269,2365.889428362204,1944.5596078008336,2399.6354891625815,4081.9880972405986,2217.6007906468485,2334.5705859799527,2744.1146812850884,2462.8706084905793,886.0339254105656],
        [3867.9930412665117,1589.0998119475946,4183.986958031172,4339.334107516465,4413.371226343095,2513.646220220259,3461.1129885122104,359.44071553401204,1272.0769706167318,1883.5622930188822,3698.6052561985493,166.0745982865769,1722.1058511287163,4352.262300107971,2067.6467193659605,1736.4809060104506,2908.196204289414,1625.990064475783,3307.610021697327,3943.0781587380948,1417.1264689401696,2814.3034486583797,705.1142428032141,5041.6826024735665,3282.622725145597,2984.723585817125,3950.1429393367084,4468.239690104336,0.0,1317.0275560216596,1488.7883408958814,3421.348809347264,1319.8338607319365,3166.932269696406,3707.8432745747614,4219.396207822117,4021.417911082024,788.2850891451708,4434.031402407124,3631.1430947620233,2019.8107900680375,747.4391973605981,2209.6796803447537,1882.0006789946792,4601.024613442094,1041.3894749665722,3378.7738884033665,3578.093137013928,799.649177158905,3941.197457458732,2295.6972783681467,1934.009593641684,3294.2384295578595,3739.099569134572,2074.2795071723135,881.9357680789199,2797.3524408182466,3191.7210552760603,1757.6793182601602,2055.7625085926843,3867.9930412665117],
        [2560.9311940605226,926.5873053619353,3086.9357753368045,3127.8099660106222,3110.0961713546426,1705.5153646471051,2543.8953086209026,960.0258129484279,1254.7828756473054,2144.5875097863463,2543.6874148105207,1480.2083275533237,1076.1004556491355,3037.6670922202798,1601.8109830020294,2160.970033550554,2310.395364647923,889.0027649796853,2371.8790539707766,2704.4056534376855,1286.1335234778585,1785.1311369240443,914.137218217455,3747.1176654977585,2013.6773527234063,2234.5000390667637,2712.399091428992,3211.947599813841,1317.0275560216596,0.0,2154.889072905413,2664.528458724483,179.9267792156078,2377.086709802831,2573.668294861619,2920.2552744634722,3017.4325017708543,782.0428197227496,3191.736380262269,2821.4252434840464,1781.9523206994247,582.5073940887555,1370.5975362564216,569.3084855051195,3398.265578785209,1286.4979535534646,2703.031993772417,2271.382422969415,1098.2512029048137,2916.129123721879,1692.6441928017814,2441.1954686450113,2063.8415734838754,2457.5274833925614,914.222017984084,1361.727007837895,1948.0943134226598,2438.8533810580593,759.9237307491869,1008.9097205350705,2560.9311940605226],
        [4509.291174607331,2852.2357590102924,5240.096018304876,4355.96727584222,5055.926058105709,3768.2630057282395,4669.329088017783,1624.293285483811,1014.793918757964,657.9658472955381,3658.3865303590283,1501.4533773252147,1654.2235105181521,4908.305998217589,1576.2740650767746,399.22858964347705,2247.1157073405443,1724.6632690595436,2977.712317323362,4063.2555846827695,2843.2226343686693,3931.601775246868,1276.4873718908573,5709.13472106137,4085.6575141430726,4282.0033351027605,4804.4759900449935,5270.880231539362,1488.7883408958814,2154.889072905413,0.0,2839.3745362506443,2274.325286004218,4447.611086204122,3627.3775996389286,4889.428720494987,5167.501867451179,2106.95950145822,4523.213118549849,3080.666214172275,1297.1975695601805,1853.116340558319,3435.906090530948,2549.77938701246,4576.242120596456,2509.385810036293,2707.5849401436726,3980.95015937182,1067.0821306791413,3647.8956798255244,3635.57635424192,466.5831600273136,3466.4145416652236,4010.4699013582967,3068.9810847153485,2367.3930993856916,4037.1618881898585,4492.012918482134,2864.602980220636,3144.8251462118164,4509.291174607331],
        [3165.002059016001,3538.1381184105617,4591.525702968518,1955.1218765242102,3562.0657307486604,4039.474839773341,4546.465114655675,3207.2508265814063,2197.9498514413235,2221.0323575766542,1381.2915625855092,3560.361502415594,1722.269029637782,3285.7289639188716,1377.4642330371728,2476.261723521574,592.7380940946706,1863.926815174438,556.7523572188863,1910.8248334487616,3950.6606043209786,3806.5522736675252,2718.4220103546286,4128.495091274059,3219.7846550865893,4514.380042231569,3806.999023651567,4048.229179988531,3421.348809347264,2664.528458724483,2839.3745362506443,0.0,2833.1020437021716,4586.843852714647,1292.8757828903454,3491.185655959205,4761.484132808354,3349.347328012704,2194.825817201586,242.37923442137438,1560.0818926181385,3023.114326740597,3763.8418282142593,2405.956754439708,2074.6816998542854,3904.890288566959,221.6730264401209,2374.2447114460774,2640.9428154912744,973.6209086987702,4188.8950221588,2640.0101822351926,1683.4720780505709,2146.81929798748,3096.7471618302407,3923.4669160246267,4179.353264494899,4679.286526397602,3230.938171531739,3313.6716684875078,3165.002059016001],
        [2549.4944836493873,746.729740155142,2982.5467913893726,3222.7507534328347,3093.7579174774587,1544.19231328238,2403.2278191464816,960.7334014175817,1407.8777066989562,2298.2583700548935,2658.7762452167667,1477.6908798616978,1255.971345961766,3039.387133398807,1781.459226086652,2302.5384071426097,2487.715853460716,1068.929274820133,2526.3605249459533,2791.1927046733554,1120.0490782979823,1657.2810136064957,1010.0554759959124,3722.3050058970166,1968.853240166045,2072.4993105662743,2652.424633522648,3161.9397898432744,1319.8338607319365,179.9267792156078,2274.325286004218,2833.1020437021716,0.0,2219.8320730819396,2693.6800422755773,2899.5625384276914,2893.367757683298,691.2960904694075,3274.6626082531216,2985.4756412837532,1957.5504279472657,572.5521433087088,1207.882943476185,630.3013094296551,3494.990195676854,1154.1191953482328,2876.0314181602325,2315.6022295763123,1208.7623261167685,3055.0768243565985,1516.8743987145997,2579.765624950046,2158.621486064598,2523.338844011672,807.7336414677828,1249.997113999673,1793.8427207676318,2278.4526957580965,603.1654376412417,871.3082578521731,2549.4944836493873],
        [2336.890068311697,1602.9268855678629,1377.1719146015605,4008.8576593404314,2621.2444411479555,680.287041272591,431.8108019815011,2888.71035772864,3627.6808972090544,4518.090311447985,3777.173306043471,3266.7743952014926,3374.701099076221,2800.5728630912195,3890.789932095848,4515.044315965437,4430.319503691526,3190.0317546357674,4113.939593903747,3574.9579938685883,1815.3535400621433,791.3316513265445,3173.391225027007,2982.8926684626563,1716.186540100467,192.93720889339266,1798.611888444078,2245.1793655372976,3166.932269696406,2377.086709802831,4447.611086204122,4586.843852714647,2219.8320730819396,0.0,3859.158650845775,2438.6424387498555,1023.8344858960492,2394.6115211147976,3913.174953668573,4656.70992576113,4125.14330526747,2597.9836305870467,1015.9529073198811,2281.4887618586063,4256.019114044471,2235.8536074056465,4703.997195324073,2799.930731214243,3388.0202496238685,4384.379122472834,890.5776657549635,4787.509909857716,3193.525519620289,3156.845528705597,1558.581361744927,2450.0321819869896,433.140998899385,105.50922468868981,1617.9335781436287,1388.186933870324,2336.890068311697],
        [2006.9645174766624,3237.2191726043225,3554.0737965820517,739.553907953186,2329.021416217016,3445.415532894444,3714.3073031994736,3403.365411016776,2731.141536012541,3118.7839533378706,99.99293603112709,3869.500631939384,2075.961749688412,2035.2858429111664,2056.1572220016656,3337.3922271692086,1669.054730619012,2111.2327118219337,786.5544290485751,619.4407771380826,3753.610064906699,3073.045042848658,3037.800826316939,2859.6049660585695,2253.0068546941125,3835.0915001250596,2710.6468978747703,2861.886689966611,3707.8432745747614,2573.668294861619,3627.3775996389286,1292.8757828903454,2693.6800422755773,3859.158650845775,0.0,2288.029917099441,3798.6947023930325,3354.1040000004,945.4743916148971,1176.752549392494,2369.255355666987,3098.9641038167165,3245.866775268866,2093.271518591974,949.0533006179146,3847.6372723312993,1511.3782922789028,1221.0858787373083,3054.1083790980174,552.7994624668698,3697.4855946878984,3565.792092937735,666.1106075580055,917.3354014785099,2598.264015267229,3935.2433486846803,3505.9947298344196,3961.37661760825,2860.033311873222,2823.7033577861826,2006.9645174766624],
