{
    "drone_dist": [
        [0.0,2701.2446088761167,2751.63640376152,966.1917372930905,4063.528691425051,3519.151972571944,2496.0928298597973,1856.6031330188089,5264.136754147378,304.43694427392643,2621.4039216583933,2242.7209554382894,2704.3084433352055,3514.234220226042,3329.2097589387836,3231.019753702456,3774.6366420393106,1891.2232115907898,3169.873496409733,5778.9880822246005,683.3785216119319,2714.543744387447,2295.11258599993,1721.3127917349514,2407.1269716963475,2352.9537995241303,1123.675945232375,305.48592338202053,3254.928771828282,3566.5197351879096,1307.7238760233395,2026.6421811693583,4840.265652368912,727.4019562012994,2540.5718806042582,4148.868279760566,3377.9387562656766,3862.1688664164167,3037.0287121434735,3041.6440921316403,2729.465453282792,2623.5369251242323,1163.7131149263162,3472.4526569825452,4359.432773500042,775.4713570377156,3213.79640404294,2022.3163977578563,1422.008972495973,3893.424133921359,2948.3225650773134,4091.5899985309825,3191.0427550166714,2882.197642171029,4634.059371124476,2206.0907292952993,3531.14056021881,362.71154967408165,3777.9248220447935,182.30880539135487,585.7650121081114,2111.759949316286,3661.7151700779946,587.3134308116781,4489.544552415781,3129.7461809209212,1342.633906652268,4683.72961384809,204.30744654363477,4081.873238491946,0.0],
        [2701.2446088761167,0.0,2688.140708982192,2959.0595606872807,3832.0193111102176,3081.4857878266093,1110.5267751380816,930.6207754696753,3910.155577537596,2830.95931683461,403.5542019202747,1276.7277643018872,1519.3154438736078,4446.388369179492,3969.5471745776413,1185.8285630844482,2753.705178786546,868.9125129899913,1494.671545870668,3956.4989878462056,2950.9927343804393,983.440719078503,3739.592027430454,3054.2752421232167,2449.0743168392723,3477.849829639355,3080.8628371698182,3006.1670956377725,3477.949716843838,3889.105592266799,1612.9169347524053,1870.6458380240726,2715.6705583006046,2009.9514063221359,2810.0125087725924,2864.9078314392564,1427.2124399505378,1792.2463812525928,2381.7367048774704,1061.4376459065898,2910.2634720759006,96.02602016901234,2196.0998965758918,4222.367151759449,1927.161433721259,2735.7374675396372,747.1338492711558,858.3997613581422,1649.3994110308488,1244.1720428113058,934.2431552323685,1523.4175758226547,492.4764596431471,2492.692112955939,3772.9725820059352,3115.843820587029,873.5854134120609,2559.802636410948,3763.7353020351024,2834.4071536354027,2414.6145465219715,594.2874628440956,3396.610651598786,3023.290464955706,3110.612812260971,4168.363285221404,1369.4853715048575,3662.601748954564,2887.639117594739,1430.905674673738,2701.2446088761167],
        [2751.63640376152,2688.140708982192,0.0,3649.3803543201366,1363.596496903809,771.5910910447352,1588.1552503620435,2079.129439998944,2655.3028977189756,2581.1143839266033,2990.543431097026,3460.1316873075207,1247.4888964333497,1843.3542585217426,1316.952199067501,2017.7880802627967,1233.379691565254,2147.2226473191936,1632.6723100146614,3400.257259730316,3413.447170770572,3513.2246337440383,1679.366383200723,1400.8609178095342,357.4041500005946,1278.061938945473,2020.179571391903,2904.2994313465497,790.633678147568,1202.5601657006362,1822.8877391401095,959.1272137277219,2913.1755779839127,2653.026829167177,336.6171354938354,1675.3696850333524,1940.1704671086904,2237.1545454863376,598.9195647115029,1946.6355887386312,275.42619981003753,2701.1583939090515,3358.3552112481566,1578.974837748359,2986.564021596994,2076.902608854057,3427.7524778950087,2866.386454970412,1643.2952931490352,3714.242836331901,1990.4311583252088,3055.887828909422,2909.4108702469703,329.2961974034291,1903.7235235445842,981.0218619300093,2935.732149873604,2390.1512733480854,1161.2426546220904,2928.357511498596,2167.6288699930005,2524.7310900936654,928.5470885153964,3338.391850258143,2000.2210872985847,1656.3693835711715,2240.227526180192,1992.2340109989195,2780.0469909023254,3864.8772796638896,2751.63640376152],
        [966.1917372930905,2959.0595606872807,3649.3803543201366,0.0,4987.996549655032,4404.296287112275,3094.9869936954465,2314.458080536837,6053.758301732271,1243.0182420388944,2750.0486792540164,2079.283917635053,3390.4025528470306,4476.055658151269,4294.627712799017,3762.42362647467,4579.716968936757,2319.357269492925,3793.907393492671,6470.604681901025,310.4818774015216,2632.891233590194,3245.510011663151,2687.5044130218425,3295.7840390600936,3318.5171724981697,2072.988530243181,1002.5574474090852,4200.604289913953,4523.495884274097,1983.7338179926921,2832.2439760468615,5421.446855871047,1106.40506539959,3466.5049538062594,4920.188806221296,3948.0494519919775,4427.4676920278,3863.7536454234687,3572.1178234253484,3654.8634762197826,2867.0779176133838,806.8057052242556,4438.50140340883,4808.924850324847,1741.662266251285,3277.4733566082164,2130.431185510098,2143.259888091515,4003.1608639819638,3457.9221098848166,4463.628024215426,3441.5813385501906,3741.535791287194,5494.1299596503895,3168.467765533286,3832.2581159655315,1311.6646830446416,4716.093936842433,834.413384632479,1505.239867553459,2382.3806660773603,4572.76823413366,478.75703445580143,5253.766447131142,4090.831175867759,1797.1317524532376,5519.857810755673,1051.4342186640376,4183.002806320677,966.1917372930905],
        [4063.528691425051,3832.0193111102176,1363.596496903809,4987.996549655032,0.0,750.5366575660748,2733.8615928434133,3376.1149800962476,1963.353323992094,3861.880089171565,4183.236500625921,4758.235175518849,2313.011420272721,1721.5013264299596,1268.8949517429282,2881.6848906307805,1301.5599221764892,3438.3535845948354,2467.1183726587096,2955.9432280603514,4738.4760737535635,4741.472481760996,2411.3285460067395,2496.6740431315625,1719.9600858152687,2055.2805180903983,3185.9734257608247,4182.196394143592,876.1784347581855,821.3008029197377,3184.1895903285545,2304.684245118716,3038.8354782704073,4014.430973368691,1523.4502952898372,1576.3947655365857,2709.2078148316623,2784.3080968611634,1452.7568184099537,2890.974085395869,1334.5724857584607,3866.007084065332,4721.910914505348,1425.9440221477926,3502.482026556682,3339.279091734448,4531.411216064596,4157.103848744789,3004.2142829167346,4663.925089707025,2980.7133059454554,3746.3046208658525,3937.6998567704245,1397.6461775973764,1004.5890401254485,1971.4974254955146,3846.6171945522888,3701.0559775647416,363.5838415481939,4234.169728237746,3488.8087706246133,3786.1210142776317,451.2170492020426,4649.815393043849,1725.2621447475017,1831.245635975377,3591.8618476625566,1239.8586796525726,4066.9362031680525,4783.812566122916,4063.528691425051],
        [3519.151972571944,3081.4857878266093,771.5910910447352,4404.296287112275,750.5366575660748,0.0,1984.5400959260824,2649.4622950840717,1946.539312219032,3352.5660620385324,3433.71207588852,4026.0546793521476,1562.507496152697,1983.9251095640964,1436.406373957292,2154.6957498267943,732.8504641290432,2709.0701993100647,1738.170937200712,2791.1037740529673,4175.750483545779,3994.171371375901,2256.7996482365293,2125.8225948065847,1112.530006727209,1856.3048986691135,2774.709892038009,3675.7334751612175,818.9959796740392,1090.3497919262297,2518.9067056918548,1625.01190234317,2562.392648908737,3380.8362196503126,1047.0922371131946,1138.9525270738868,1997.8219210956986,2134.2619644645083,703.6815622325614,2151.8270889460628,880.3979115884193,3115.6707676786855,4068.526545496977,1675.9005478669465,2878.5728659040715,2847.956028670559,3782.812761764572,3424.1989006967724,2339.4222867479843,3935.2527151848226,2236.967914986866,3071.398035829533,3194.563670535581,688.3205601994267,1136.103421227327,1645.618752591494,3120.664101034993,3158.54581465583,752.759126121146,3696.8625060065942,2934.0455930285325,3046.5172868051577,331.88138579325135,4105.107298554275,1407.5705986690234,1944.190818851819,2902.4452208168555,1247.1541418595186,3551.0754297080052,4061.4695401434365,3519.151972571944],
        [2496.0928298597973,1110.5267751380816,1588.1552503620435,3094.9869936954465,2733.8615928434133,1984.5400959260824,0.0,833.2631738767603,3090.042899246279,2504.380408554427,1449.3829237395082,2100.073297009917,433.1762945477975,3387.555703635142,2889.243735817717,755.9875438429552,1752.8991345978848,862.9632937121959,699.2145141547313,3384.0694197983635,2974.644987027008,2011.966227765682,2831.4686643174114,2212.607958187632,1382.2075999229216,2515.278430169866,2449.6443414100495,2769.6829341662196,2374.610193920971,2784.401349250566,1188.5692461028343,895.4820885057828,2349.038554248237,1992.5513035628503,1743.1847865052473,1966.9639400415601,881.9393858664619,1366.0976970007102,1281.1445822730755,579.4660169988301,1823.67631943895,1135.7308497192578,2500.7052517514144,3146.859809392054,1916.750637814673,2213.632718508521,1841.8525075140421,1508.3566258133267,1095.4079877932422,2156.7088783180748,531.2987338238792,1763.8896890843148,1333.4103798294072,1382.1765974830594,2778.4046193990757,2144.874466567666,1432.453191148479,2226.8100112081474,2654.0117365324813,2668.0136065209167,2015.787648352985,1104.7557325819623,2293.2318679574446,2983.267169533027,2268.2801918062505,3137.6422368146805,1303.3311390508431,2709.5988611885573,2633.861130231583,2319.565919135322,2496.0928298597973],
        [1856.6031330188089,930.6207754696753,2079.129439998944,2314.458080536837,3376.1149800962476,2649.4622950840717,833.2631738767603,0.0,3919.642458612911,1944.4575438875643,1043.9054352064888,1384.4168451952437,1221.6161675785002,3689.5591598520036,3260.3280818255034,1448.0396523135325,2543.4973823513164,74.89832132516065,1518.126133748662,4203.331357133125,2231.5194111274736,1472.9286205955977,2864.3502508872457,2162.0569687785014,1771.530572736982,2639.73700867147,2150.3847325029146,2154.634365012716,2852.3538130419665,3260.360874160301,682.323022392253,1139.733131922177,3108.7707269725706,1240.727711284999,2110.835079892113,2790.773336720329,1639.2459610987007,2114.864299125585,1964.1413059887673,1257.9960492624434,2248.212719181922,880.0352535940771,1675.0660940423304,3498.344892295106,2523.181001897442,1808.384204676916,1613.872293449772,787.348087237904,730.0656049320812,2174.7884568276654,1143.7882379272476,2235.2695908460905,1388.1094053932259,1978.5132838371558,3556.4036635926063,2293.244788556707,1689.0505563531183,1666.2606853893644,3230.559093437794,2009.7119449269803,1501.7400908820016,480.9337009854264,2925.0421441389817,2267.230201160612,3098.33081687695,3378.5455530476065,530.8749650183977,3509.678799151643,2027.2535624135971,2361.3398702765094,1856.6031330188089],
        [5264.136754147378,3910.155577537596,2655.3028977189756,6053.758301732271,1963.353323992094,1946.539312219032,3090.042899246279,3919.642458612911,0.0,5148.958094695017,4313.567030463452,5126.399876792281,2708.199768022357,3683.4103377170313,3203.5867807609607,2725.0646256203727,1490.4610372001162,3952.802399584644,2454.6690712578034,1042.438708160905,5870.817999504191,4891.341011137215,4195.248615479922,4052.4841848123024,2935.113182231141,3798.657429400368,4670.091011737184,5466.391936696178,2675.9658924327973,2765.8896863897016,4071.9190239931536,3240.195849615088,1748.7511036465526,4960.25990241116,2970.1168905359777,1137.8469080638663,2483.8026040323457,2201.542939597438,2233.9816728553797,2856.0047273273753,2818.138362552258,3983.57357393791,5558.438804921213,3383.752968558293,2613.157474422839,4679.623119330556,4411.126533637974,4564.802282727142,3910.5356422536997,4225.714975620681,2988.110363448079,3052.8319451453517,3765.706786014326,2426.419305881643,959.5213592141974,3589.256549727929,3484.2460358884177,4919.121574470864,2295.7266504563245,5446.366069832706,4686.517014852064,4155.55718071661,2028.505312688425,5831.675642594526,821.8007840166769,3761.3994380737354,4339.655028512708,734.762819572178,5333.659261198717,4274.072711452045,5264.136754147378],
        [304.43694427392643,2830.95931683461,2581.1143839266033,1243.0182420388944,3861.880089171565,3352.5660620385324,2504.380408554427,1944.4575438875643,5148.958094695017,0.0,2789.8142831441696,2484.7198521028176,2666.6627268585394,3233.884962174328,3071.4243229115364,3254.012210635656,3659.0875640979507,1988.687447857733,3154.0093163306997,5711.175705865704,944.0926338703239,2931.5508833413874,2003.816589590026,1459.7531456391257,2248.1941930027547,2082.711722459,830.6906130554042,323.1974259483101,3033.9094722530153,3328.5622065418593,1329.0485581328355,1936.147424061695,4826.340433007845,945.3823089946867,2346.010003770809,4049.716511876031,3382.7354276319957,3863.149542013682,2915.0344544463624,3068.0823486348845,2533.857852393441,2759.3026565144874,1459.7076725548397,3204.173881434989,4401.043974288773,526.4417083215258,3388.8849482638193,2211.976555921151,1409.6669442455805,4048.090351705958,2984.8402683645722,4163.416762789707,3313.9351571755697,2739.8855629416435,4479.3618308725445,1961.8369469737706,3633.1623218724376,281.0536746352559,3563.650481140447,409.38211537480146,492.5763983014099,2253.45574397023,3473.608291916052,815.4782557235978,4392.007444539851,2848.4043354258743,1461.6327544544934,4544.070618610306,207.10200185158527,4237.042858867249,304.43694427392643],
        [2621.4039216583933,403.5542019202747,2990.543431097026,2750.0486792540164,4183.236500625921,3433.71207588852,1449.3829237395082,1043.9054352064888,4313.567030463452,2789.8142831441696,0.0,903.9761318160508,1874.2315682952453,4698.0517951606225,4242.388174676181,1589.382423437605,3139.841387174241,970.3652957687544,1891.3058410490464,4349.751801127486,2780.6275739402085,583.5522514796062,3908.252848720449,3205.0352073260583,2725.212783620258,3677.753071975046,3145.1833311678943,2925.908671218013,3780.6171263375695,4192.655887931399,1692.1488025562785,2117.226218997408,3095.7941651513815,1901.5452475295324,3081.0633056596885,3263.805921093916,1830.7666295832257,2189.251383758935,2730.4944455282457,1462.5957379443994,3196.4196544582815,334.4108416277601,1958.2191743011822,4489.41061648729,2271.218845247128,2770.510386304409,601.5190585116148,624.3797238127761,1768.4404406783606,1278.1040903476555,1333.7680732111912,1834.0141187679199,745.1143652933016,2820.231434367148,4162.724485786658,3325.6958193424266,1160.0826123311138,2532.8026341620393,4095.7586387692677,2735.2219455240247,2419.0466270705924,579.4106150899752,3742.0802366068133,2872.7354747773743,3512.9543658035705,4401.254120019936,1354.9117801181403,4058.086200747665,2817.877740601611,1465.080037329601,2621.4039216583933],
        [2242.7209554382894,1276.7277643018872,3460.1316873075207,2079.283917635053,4758.235175518849,4026.0546793521476,2100.073297009917,1384.4168451952437,5126.399876792281,2484.7198521028176,903.9761318160508,0.0,2529.8355880942518,4987.4091112504575,4596.741773643786,2429.9780899593993,3852.3613219122567,1320.2450535220203,2672.9809142895556,5229.335830032103,2190.279060908856,561.9591997364529,4017.7141491894017,3304.3377220246693,3142.583823553149,3869.690545804346,3052.0762635124493,2524.1886649989206,4225.082090117812,4629.5200073037695,1790.9431997961747,2509.5183045564645,3991.732576847156,1540.4878604432931,3468.996493391331,4036.4705226756782,2667.839638850268,3062.885903040144,3332.1307844483613,2278.312669014405,3616.97168673926,1187.0855386303995,1277.9996457829895,4822.941758892427,3174.9024016760754,2636.979961578753,1266.832324190363,601.8849641391132,1936.4928802589259,1991.2768674816937,2144.819306777883,2731.4117931534856,1641.9265710248371,3361.2575373886716,4878.4331137532745,3556.038184649912,2055.9863545671237,2281.038764413086,4614.46338130712,2304.4115374375006,2249.2469723654986,995.4028313948023,4307.487958739626,2320.0214623205725,4311.728917462705,4650.3473853204305,1339.0959891830198,4803.524243921855,2446.7766026058516,2158.5577075052324,2242.7209554382894],
        [2704.3084433352055,1519.3154438736078,1247.4888964333497,3390.4025528470306,2313.011420272721,1562.507496152697,433.1762945477975,1221.6161675785002,2708.199768022357,2666.6627268585394,1874.2315682952453,2529.8355880942518,0.0,3084.4642502892,2564.3174186014035,810.4118867717949,1328.354681214738,1262.8317398327015,520.9898954110239,3087.220728896673,3241.0115419263457,2441.998391958045,2669.362442818333,2119.9483936002302,1114.2857608395184,2318.188329771511,2474.2904219865068,2955.9895791057816,2013.983392968445,2417.5359978541596,1419.1890322446086,815.849529583918,2168.102169267449,2284.7312577332414,1458.6571575266933,1573.6115510544644,813.0172238239797,1247.5625369348006,862.7449299123203,707.430633233835,1505.1718111455482,1553.487098355671,2852.0232294092652,2826.011560749122,1917.0432594123308,2305.257501810282,2231.065190832587,1934.8222783290464,1283.8441062977615,2468.3421387144563,742.9863930481821,1876.579748438374,1674.3155635271135,998.1942181889805,2350.72731514374,1952.3660664782963,1689.5762538378222,2399.9814479494385,2252.239541279579,2883.0450126711175,2174.605574916903,1534.5948548153094,1877.7010540968104,3229.8563354545126,1890.0722166883922,2866.476169827144,1634.7913857891363,2291.142325371039,2818.799999357561,2617.5002253386724,2704.3084433352055],
        [3514.234220226042,4446.388369179492,1843.3542585217426,4476.055658151269,1721.5013264299596,1983.9251095640964,3387.555703635142,3689.5591598520036,3683.4103377170313,3233.884962174328,4698.0517951606225,4987.4091112504575,3084.4642502892,0.0,554.2152386072428,3860.7673091631327,2716.5618802931544,3763.9995765473077,3470.2574254897895,4658.148819390844,4177.554354363362,5162.163528735401,1257.2684149512602,1812.0456313457241,2006.0627413661475,1176.0317282040432,2408.469468250886,3505.9506733187063,1181.0468412969533,930.595824603928,3199.454274381639,2582.3149497620348,4545.5350636195535,3779.105856204382,1644.4612034755814,3112.6904998634955,3773.7973693121835,4026.3622298742816,2377.1463366256385,3788.1882567634793,1579.3673461774574,4443.391932386188,4497.165544809704,310.0295561835335,4782.076157873133,2744.2853183602215,5193.522207414781,4438.920824176856,3051.098612231398,5539.3664901350685,3826.210682663097,4890.052547601752,4720.913634989787,2139.542021170539,2725.8239070425316,1436.9830882060069,4773.879468383166,3195.0418225890257,1393.361479953537,3643.258097222894,3054.6313344444825,4168.287614218268,1740.8686731513862,4039.8589489426518,3345.163473031431,385.98195000818913,3655.2975031346286,2954.46978717575,3431.5080180478612,5695.656495360615,3514.234220226042],
        [3329.2097589387836,3969.5471745776413,1316.952199067501,4294.627712799017,1268.8949517429282,1436.406373957292,2889.243735817717,3260.3280818255034,3203.5867807609607,3071.4243229115364,4242.388174676181,4596.741773643786,2564.3174186014035,554.2152386072428,0.0,3327.0202307485806,2167.7371721902055,3333.5732970342474,2930.900003328994,4152.304090984564,4009.0101602136474,4730.303402693727,1259.9754146551775,1611.6746989938033,1520.8267976607515,1007.029792434934,2280.300926163568,3368.1036115237657,627.1993158146028,447.9761030409052,2829.8439289905064,2129.0423802770492,3995.2111877681377,3495.2556640567927,1161.686580813993,2571.0139034285,3231.692141241896,3474.5959479815738,1829.7214040613107,3262.620285865103,1065.8800024891711,3973.1303146376704,4222.62617800228,263.08435013015094,4230.263334932169,2554.8747419943134,4715.251921618757,4029.1536095163406,2668.758418644465,5029.399375432177,3307.2999180148304,4346.867440380329,4219.120247949781,1599.3937072778344,2256.5659918949837,1135.2622734525025,4252.576324351539,2986.7011441951636,913.551572743527,3476.114520014252,2817.0814564271673,3732.6482706720285,1212.4379237109465,3886.900356068138,2815.150958366885,562.4841019445042,3284.627874519016,2469.3116902454394,3276.494414688332,5181.367536174187,3329.2097589387836],
        [3231.019753702456,1185.8285630844482,2017.7880802627967,3762.42362647467,2881.6848906307805,2154.6957498267943,755.9875438429552,1448.0396523135325,2725.0646256203727,3254.012210635656,1589.382423437605,2429.9780899593993,810.4118867717949,3860.7673091631327,3327.0202307485806,0.0,1668.4109747527812,1447.2492184813534,416.59460415210174,2817.2585763384077,3670.376346643991,2166.2942464900602,3477.2666076888577,2907.025136649424,1921.1694237689476,3128.5788919712822,3195.4130269207467,3511.571282966889,2744.784035446277,3132.202034362261,1929.3774470769179,1581.1968092351847,1662.783715461691,2679.05375178948,2257.56701073652,1705.972611256732,241.39505614146955,671.4657694174126,1524.1123438787627,191.24060370831492,2286.3047234029377,1262.005410435438,3101.1990128582693,3590.0801367362037,1161.993751977932,2969.199393218384,1737.2005800446602,1908.7448067980329,1848.1058700457427,1782.3514409581633,309.0156585201436,1066.532205084954,1098.5868723455167,1729.2474202143928,2652.397781006217,2762.409524962378,966.0823365154159,2974.964027613532,2896.61808182816,3398.7488996449897,2767.8060628705716,1513.6670785243311,2486.252435043255,3693.665883732417,1931.5168687031285,3661.685702551879,1970.2040177816727,2515.9099134875855,3376.801180619706,1906.9104241778234,3231.019753702456],
        [3774.6366420393106,2753.705178786546,1233.379691565254,4579.716968936757,1301.5599221764892,732.8504641290432,1752.8991345978848,2543.4973823513164,1490.4610372001162,3659.0875640979507,3139.841387174241,3852.3613219122567,1328.354681214738,2716.5618802931544,2167.7371721902055,1668.4109747527812,0.0,2588.428722586672,1277.45108703664,2166.8949116725908,4387.90498104596,3720.923521181638,2885.9352216067473,2626.0664110898265,1467.8952213825628,2480.5960561856505,3208.2562893870654,3976.085295427882,1545.518350934821,1818.3599034296726,2606.5329087435903,1754.0153140482944,1829.585210390938,3496.850559748863,1567.5460567832317,443.75892832595497,1465.198548351251,1484.935668837524,745.4210656779238,1722.246710044262,1449.9942097481887,2807.0805106969924,4125.423485741061,2408.730571521953,2202.050533087528,3194.8728747763175,3390.7001458728982,3260.978736679228,2439.237717712531,3428.088308578984,1834.504515590175,2452.2899645383386,2762.810006632389,959.3783758137548,1027.2492783820214,2210.7381043505666,2611.9537426439624,3428.7362230632675,1437.1682061049414,3956.7917653237487,3196.1836057343285,2857.40394242677,1015.3466356324728,4344.543188914643,768.4640994040125,2663.7039690587135,2910.6480421550677,967.5099051448127,3843.2336445579,3533.574497411777,3774.6366420393106],
        [1891.2232115907898,868.9125129899913,2147.2226473191936,2319.357269492925,3438.3535845948354,2709.0701993100647,862.9632937121959,74.89832132516065,3952.802399584644,1988.687447857733,970.3652957687544,1320.2450535220203,1262.8317398327015,3763.9995765473077,3333.5732970342474,1447.2492184813534,2588.428722586672,0.0,1537.7553708981793,4219.0206645870785,2246.2157768868833,1398.764855854776,2938.054926056209,2234.9625223571047,1842.2587171311052,2714.5116276794333,2214.2623311684406,2191.2851066478183,2922.328897993159,3330.807610629423,745.6849033676831,1211.250867846608,3109.8608271951284,1258.2568966690324,2182.976774531084,2827.005577561856,1645.3810534829292,2116.8351728430166,2020.6237034127587,1258.6833177400056,2319.044385310225,814.6796564406131,1661.7166413172245,3572.0623830552468,2504.422693753152,1867.1031475459076,1543.25864307281,720.8173366439976,800.9671458221283,2112.6080370432974,1140.3675446383388,2204.4718800863584,1333.7519146312993,2041.1032646427266,3604.458209508978,2368.1421976160664,1645.1770804162397,1711.9544317266593,3296.6539117375237,2040.8223195053267,1553.3734153997518,406.03973087282617,2987.468619820539,2287.4636524274524,3131.0977515076893,3453.362980562015,554.0627784119856,3553.3993607951616,2065.5311526271894,2299.6934233278675,1891.2232115907898],
        [3169.873496409733,1494.671545870668,1632.6723100146614,3793.907393492671,2467.1183726587096,1738.170937200712,699.2145141547313,1518.126133748662,2454.6690712578034,3154.0093163306997,1891.3058410490464,2672.9809142895556,520.9898954110239,3470.2574254897895,2930.900003328994,416.59460415210174,1277.45108703664,1537.7553708981793,0.0,2687.021833527388,3669.334586476856,2474.8323746569954,3159.8344578047145,2633.9599608261037,1574.5268671264885,2795.202568125154,2993.9540806128184,3433.429566183022,2339.7455810596775,2722.506695678748,1865.4360805595647,1336.832501204166,1672.8128700296857,2690.504346393871,1893.4477043747224,1373.6119341765436,311.5201097336328,727.5657319503745,1114.4673283880245,445.0289605363572,1905.3925495153862,1556.9537952230241,3192.5485310818794,3193.8953723744007,1407.56902551578,2814.0523811950743,2113.258690384381,2111.384890943174,1750.8053600659393,2197.942698976962,562.389381702781,1423.427557028802,1488.8125984269725,1331.644491834887,2283.8368363989966,2435.7244701025497,1382.4993986316747,2881.8287817689743,2480.3131432459027,3345.2351749993045,2661.5748861179713,1702.6976923771485,2069.6833516837337,3672.753701082834,1638.759586353153,3286.5351271516593,2002.222313600674,2167.93584443507,3296.555599043879,2323.5050283259666,3169.873496409733],
        [5778.9880822246005,3956.4989878462056,3400.257259730316,6470.604681901025,2955.9432280603514,2791.1037740529673,3384.0694197983635,4203.331357133125,1042.438708160905,5711.175705865704,4349.751801127486,5229.335830032103,3087.220728896673,4658.148819390844,4152.304090984564,2817.2585763384077,2166.8949116725908,4219.0206645870785,2687.021833527388,0.0,6328.135186519484,4894.291161289862,5035.946200833094,4789.4104246814895,3618.313754631096,4631.493260861764,5347.300048795501,6015.055367575663,3582.212523583841,3729.3737917567996,4506.3764696503495,3776.2442039057946,1310.7608706306858,5364.340452062983,3733.857991317139,1726.5534442854184,2591.3990618984876,2166.6185056506893,2877.0263832415076,2989.4304692942324,3609.1009937062836,4043.474741419497,5878.396729665124,4352.313610506635,2263.1204549168788,5287.7786455056375,4303.192744423304,4725.623494856254,4366.855620866018,3953.179942106941,3120.4633890785703,2758.2777469168796,3690.4373764660886,3117.6124450291313,1970.5619110410134,4375.796090617746,3333.128071728297,5457.622953336899,3265.109479792296,5959.700815515974,5226.610994042057,4330.237172595876,2945.1251985627646,6315.604792297749,1401.8779073400385,4698.323059191933,4686.904982765697,1718.7647135472832,5878.534841219457,3955.887495553894,5778.9880822246005],
        [683.3785216119319,2950.9927343804393,3413.447170770572,310.4818774015216,4738.4760737535635,4175.750483545779,2974.644987027008,2231.5194111274736,5870.817999504191,944.0926338703239,2780.6275739402085,2190.279060908856,3241.0115419263457,4177.554354363362,4009.0101602136474,3670.376346643991,4387.90498104596,2246.2157768868833,3669.334586476856,6328.135186519484,0.0,2727.9356912378976,2941.955006360028,2398.5554390439565,3063.6756720142566,3025.686194446589,1770.9769711830036,692.5079518345265,3936.6293449279574,4249.897043047504,1822.2954431827814,2634.153016676637,5318.416718012797,991.729560722281,3215.046184631227,4743.153316398841,3843.5098598954714,4326.863695997727,3661.053525639863,3479.163396929634,3403.9064264865174,2862.4723368642253,921.6008655321913,4146.8709982802,4750.273718232445,1454.2141341514618,3334.6897839308976,2156.2516943901974,1969.3903057660891,4051.5899653237443,3371.3251695404188,4429.669178256503,3440.807713520308,3524.150315275828,5278.966134167905,2888.78374688894,3818.075909443437,1041.138987385218,4457.6452960395245,534.9740023459995,1249.8807797403522,2361.477975440754,4330.7931097740375,175.9302112192364,5080.278200347577,3791.91503833271,1702.2199595132179,5315.8512105990785,747.1875869288568,4235.246257964932,683.3785216119319],
        [2714.543744387447,983.440719078503,3513.2246337440383,2632.891233590194,4741.472481760996,3994.171371375901,2011.966227765682,1472.9286205955977,4891.341011137215,2931.5508833413874,583.5522514796062,561.9591997364529,2441.998391958045,5162.163528735401,4730.303402693727,2166.2942464900602,3720.923521181638,1398.764855854776,2474.8323746569954,4894.291161289862,2727.9356912378976,0.0,4288.339324633263,3574.658687490331,3227.4786172506365,4094.7344599835724,3414.5644838538774,3007.652322215617,4299.02700463328,4710.129051746491,2033.7441558478072,2602.87024607837,3619.884944416091,1991.5017362923268,3575.2278275832646,3847.0889589772796,2407.539541603945,2746.5488720946882,3290.546404787872,2044.7270583533207,3703.387695831274,917.958908565653,1827.5618406734218,4970.309977443574,2750.4971255999826,3012.934178283321,729.6783948048811,765.8547764056834,2146.9218451824895,1440.5696216352976,1916.65735964186,2281.265305123871,1216.5171253127828,3364.367300875022,4744.873930166944,3757.1881793746375,1613.965735890672,2703.2232095258364,4638.6936987829495,2795.6197409556876,2635.3509829680925,997.6993704131717,4296.7596080636495,2848.9884018862763,4093.884105731647,4847.359957093111,1620.4326407663868,4641.58252444332,2918.3598023125132,1602.7717323734798,2714.543744387447],
        [2295.11258599993,3739.592027430454,1679.366383200723,3245.510011663151,2411.3285460067395,2256.7996482365293,2831.4686643174114,2864.3502508872457,4195.248615479922,2003.816589590026,3908.252848720449,4017.7141491894017,2669.362442818333,1257.2684149512602,1259.9754146551775,3477.2666076888577,2885.9352216067473,2938.054926056209,3159.8344578047145,5035.946200833094,2941.955006360028,4288.339324633263,0.0,715.0542644072247,1597.5178573047992,405.3507114891178,1173.1435817355143,2260.831816368513,1553.3040076036345,1653.217826395701,2255.0224952666563,1936.3920049287738,4586.095222074027,2656.0020226274682,1346.7825069311298,3329.1241451872993,3468.837586585744,3841.3872572624377,2270.78340024838,3351.2104883172155,1437.367371332867,3712.5611884263535,3347.2006919637565,1300.7979712711829,4565.110501126429,1546.0613475310445,4466.464147993588,3528.8972340431606,2147.2689133879876,4940.303957868687,3345.7612670322833,4543.4521957955085,4107.755000779168,2001.1236692478897,3309.380495261011,727.5001661756936,4262.03592455693,2001.1748435710317,2051.0550986550106,2411.1710846628766,1896.153945958727,3337.7882587098593,2184.454806782116,2797.720182630721,3636.7622543832917,874.9913697286198,2687.023500759127,3474.9157860513105,2194.899083271548,5115.252757288553,2295.11258599993],
        [1721.3127917349514,3054.2752421232167,1400.8609178095342,2687.5044130218425,2496.6740431315625,2125.8225948065847,2212.607958187632,2162.0569687785014,4052.4841848123024,1459.7531456391257,3205.0352073260583,3304.3377220246693,2119.9483936002302,1812.0456313457241,1611.6746989938033,2907.025136649424,2626.0664110898265,2234.9625223571047,2633.9599608261037,4789.4104246814895,2398.5554390439565,3574.658687490331,715.0542644072247,0.0,1180.626982779826,637.3304254879281,694.0848948423525,1759.063074967186,1631.378483147177,1885.375812098052,1540.944259684156,1327.6072341948168,4175.863599318717,1979.5086766932538,1083.1032955356247,3063.120083026247,2932.8907541749004,3346.7733748729693,1920.8108564194624,2762.785417431571,1245.989815112859,3021.958426304516,2689.7755361684685,1751.7454447280134,4036.9877685081938,945.8427202925379,3771.588905905199,2814.2785277404623,1438.5395903460758,4271.908900330726,2740.118879530631,3962.953222309014,3443.113129589933,1672.023736769442,3253.6801653150783,527.8236819254635,3626.592789624786,1388.2233037285248,2168.886587177299,1864.8984712511533,1242.7849177260216,2631.2126444175183,2161.442545749491,2275.2311209921336,3394.530088989004,1434.3620573849234,1972.1023741294302,3371.865011744821,1664.9966867404266,4450.536249966794,1721.3127917349514],
        [2407.1269716963475,2449.0743168392723,357.4041500005946,3295.7840390600936,1719.9600858152687,1112.530006727209,1382.2075999229216,1771.530572736982,2935.113182231141,2248.1941930027547,2725.212783620258,3142.583823553149,1114.2857608395184,2006.0627413661475,1520.8267976607515,1921.1694237689476,1467.8952213825628,1842.2587171311052,1574.5268671264885,3618.313754631096,3063.6756720142566,3227.4786172506365,1597.5178573047992,1180.626982779826,0.0,1222.1722019084673,1740.6074646109164,2570.8263400684177,1082.5377933390846,1488.9617092485319,1471.3249179159013,633.3260757753116,3013.494469456812,2295.675300226399,362.0156902829091,1895.8706672681808,1885.7848254153967,2244.1386196051326,742.376179202922,1819.9419572749873,476.81984792098206,2452.3676985070065,3002.1227046739564,1773.4461825977453,2972.936528125851,1755.1865744012448,3195.281341447691,2555.4169646055666,1292.4981360285844,3537.3244446540575,1841.2350682174797,2983.492993619658,2715.548844444165,509.99310725644796,2231.468014896176,870.0214704552268,2787.4417204799815,2047.1671769249383,1504.151154930559,2585.374888511046,1821.7529431554808,2231.6822521734516,1285.8960008289205,2992.7358746399013,2232.850109012353,1760.7262338456255,1896.3971084595519,2300.462580271607,2443.984523450888,3697.060850584721,2407.1269716963475],
        [2352.9537995241303,3477.849829639355,1278.061938945473,3318.5171724981697,2055.2805180903983,1856.3048986691135,2515.278430169866,2639.73700867147,3798.657429400368,2082.711722459,3677.753071975046,3869.690545804346,2318.188329771511,1176.0317282040432,1007.029792434934,3128.5788919712822,2480.5960561856505,2714.5116276794333,2795.202568125154,4631.493260861764,3025.686194446589,4094.7344599835724,405.3507114891178,637.3304254879281,1222.1722019084673,0.0,1276.6341915555074,2370.876527218164,1183.5053785598602,1342.650226339302,2081.0292584259632,1629.759312659947,4188.996662136702,2605.8142849079018,948.6082723624681,2923.773448871277,3105.9612231004558,3463.414628483375,1872.6691394902894,3012.328955099575,1032.4364402510291,3458.9334757641395,3321.730321347331,1121.4925218093167,4195.079903001456,1578.4482312361954,4216.145019843802,3348.0578110559263,1950.2382735735741,4652.169853792806,3016.5316108702727,4194.663862425388,3819.155953303596,1602.3707981306836,2924.18589314132,370.4515035380517,3947.2612854798203,2024.6712593967727,1701.5152453460219,2490.83845321761,1878.930008686396,3119.724968681829,1799.265060221999,2896.396660813575,3231.84377758561,802.8733185260311,2530.6121899023074,3082.2569674902857,2285.2507281167923,4822.687500281119,2352.9537995241303],
        [1123.675945232375,3080.8628371698182,2020.179571391903,2072.988530243181,3185.9734257608247,2774.709892038009,2449.6443414100495,2150.3847325029146,4670.091011737184,830.6906130554042,3145.1833311678943,3052.0762635124493,2474.2904219865068,2408.469468250886,2280.300926163568,3195.4130269207467,3208.2562893870654,2214.2623311684406,2993.9540806128184,5347.300048795501,1770.9769711830036,3414.5644838538774,1173.1435817355143,694.0848948423525,1740.6074646109164,1276.6341915555074,0.0,1098.7723571504116,2324.4483872092364,2575.7677624135767,1468.5940222928966,1661.5843740131686,4619.943628718261,1570.5684441268388,1728.7254881673935,3632.366304539074,3268.927089745546,3721.4446875594767,2473.702619300658,3027.721562863513,1904.9827803907613,3028.9223019350857,2216.167394781139,2394.2454384498687,4355.2820652314585,420.4549232777323,3740.670630586882,2652.4860375715493,1445.3310522127188,4324.880307977904,2976.1595028222764,4206.760990779472,3524.6049637994784,2250.33609074834,3909.8924186306645,1221.620944840619,3775.400617875885,854.1590422804471,2861.8546576593067,1238.582353193799,808.8227241308925,2568.799153329375,2837.4178785692134,1631.3916575149624,3971.366100569451,2022.5347969541344,1804.8395837201158,4011.579077295486,1023.9347801238553,4510.972977208167,1123.675945232375],
        [305.48592338202053,3006.1670956377725,2904.2994313465497,1002.5574474090852,4182.196394143592,3675.7334751612175,2769.6829341662196,2154.634365012716,5466.391936696178,323.1974259483101,2925.908671218013,2524.1886649989206,2955.9895791057816,3505.9506733187063,3368.1036115237657,3511.571282966889,3976.085295427882,2191.2851066478183,3433.429566183022,6015.055367575663,692.5079518345265,3007.652322215617,2260.831816368513,1759.063074967186,2570.8263400684177,2370.876527218164,1098.7723571504116,0.0,3349.876468058953,3637.37143473017,1582.648291181861,2244.5140485909283,5106.024792532422,1028.270651881264,2668.091587960157,4362.8951641799595,3651.218269918633,4134.204704047018,3232.9482473454227,3323.2955412746155,2855.7112141617617,2928.7711566345824,1384.089254468172,3491.1434319572013,4647.456409377651,843.3186958956046,3517.2530343657036,2324.3621365195722,1682.739188623233,4198.6140921974165,3233.5119364496495,4388.112441247589,3495.6018757969023,3061.078075398509,4802.156111521959,2269.9705568887343,3833.364331463116,557.6869011805628,3881.2188637751,228.26694138722692,788.5774713187658,2417.1048121137514,3795.9449973851315,537.9417788842175,4704.900879822072,3119.9721631958337,1645.150551323617,4865.48724310152,137.1896543558113,4387.015219037337,305.48592338202053],
        [3254.928771828282,3477.949716843838,790.633678147568,4200.604289913953,876.1784347581855,818.9959796740392,2374.610193920971,2852.3538130419665,2675.9658924327973,3033.9094722530153,3780.6171263375695,4225.082090117812,2013.983392968445,1181.0468412969533,627.1993158146028,2744.784035446277,1545.518350934821,2922.328897993159,2339.7455810596775,3582.212523583841,3936.6293449279574,4299.02700463328,1553.3040076036345,1631.378483147177,1082.5377933390846,1183.5053785598602,2324.4483872092364,3349.876468058953,0.0,412.0421233554197,2523.882477039327,1715.8144703589808,3370.188018334115,3289.1950321826175,775.3612126987468,1957.8937108217428,2633.9006217954593,2856.12124785132,1227.1378209611178,2695.685629727556,609.8360397109795,3491.707273534935,4012.7638502199916,880.2231078119019,3611.21898674449,2507.7280647390226,4215.966740840609,3637.440511284281,2349.5034189545686,4480.297606616186,2751.9418718781753,3744.620646364353,3686.433120613084,1020.7227985125908,1762.7958125360008,1103.723059556987,3688.1282008047347,2895.526013731294,537.5093270152287,3419.219228826607,2695.4595037958875,3306.8966307342994,647.4680500069094,3836.1895376249026,2217.885358568966,1126.5084655086443,2963.6106297860256,1944.7622612299804,3240.6552670822784,4625.076367938266,3254.928771828282],
        [3566.5197351879096,3889.105592266799,1202.5601657006362,4523.495884274097,821.3008029197377,1090.3497919262297,2784.401349250566,3260.360874160301,2765.8896863897016,3328.5622065418593,4192.655887931399,4629.5200073037695,2417.5359978541596,930.595824603928,447.9761030409052,3132.202034362261,1818.3599034296726,3330.807610629423,2722.506695678748,3729.3737917567996,4249.897043047504,4710.129051746491,1653.217826395701,1885.375812098052,1488.9617092485319,1342.650226339302,2575.7677624135767,3637.37143473017,412.0421233554197,0.0,2911.4439834918962,2121.9721485708665,3645.304270395312,3650.4204021721753,1165.580816663874,2196.2738555756264,3009.9561648577946,3202.7222416242894,1608.3667730139941,3091.2721021082507,1012.8548431256353,3903.4227897149135,4377.21681769424,623.0328548693581,3954.1009340188534,2803.324741295783,4626.142143126629,4044.248424497828,2739.645953837934,4879.991890596421,3151.9418306280886,4113.097795669611,4091.512625993562,1420.2669979889201,1814.188674566822,1367.4113298958607,4082.8400947009795,3212.383278729462,470.3665867334329,3724.1134278366744,3023.424428623454,3717.1571560891157,817.6331168988403,4139.9225600346845,2417.5942875084334,1010.020500118294,3356.243514659466,2033.1770876870053,3535.5762438197235,5022.042024315378,3566.5197351879096],
