{
    "drone_dist": [
        [0.0,16.98207591087641,18.7966800921719,16.26795833071543,24.871329517145035,15.205752542767764,18.891864316051823,16.83713847952165,21.651919007565887,14.058408622255397,16.061395656119675,19.61890879978562,4.729556586647601,16.437054816114266,26.697930672619467,26.17587283922062,33.74699167917736,18.94859297450168,29.673256212132152,11.623204944771027,30.87121485252597,25.53180928579074,12.324774661324229,21.081550378107853,17.481287938011466,21.289099764589974,17.110674909875303,17.824438490127747,8.915496920861411,37.42614920137086,0.0],
        [16.98207591087641,0.0,8.085405333007511,8.583518905155584,34.62392065482942,19.093597997769702,33.2463788004294,31.899694948007475,19.652015588426373,3.2163449167999616,22.698311142434907,10.964108177805674,16.58497051672761,0.9634498995094474,26.08792154379141,38.41937874300238,36.26539128022478,30.5977185178717,46.57288178655516,12.040077348249833,47.68055833447843,26.40305674800926,4.657329799610805,8.901874179561514,32.31868196114926,37.77807425365692,9.522575021985524,27.275990717410718,22.96779044623429,54.05319038572336,16.98207591087641],
        [18.7966800921719,8.085405333007511,0.0,2.8551239121538137,29.767240962620814,13.966501868627558,30.93409901446602,30.19246902043069,12.210957324324662,7.4789681916652215,17.912568744318335,19.03958479538674,16.292488455713116,7.324701472120705,18.490813885694585,43.47152060485109,28.932501869307643,35.703696764518895,47.87826957259761,18.528478194115483,47.42717078042288,19.12922314981751,9.336266837046178,2.334068157051957,35.961089676247084,37.177221535069435,2.7533304053128256,22.981214205895096,21.67515297278395,53.271703249059485,18.7966800921719],
        [16.26795833071543,8.583518905155584,2.8551239121538137,0.0,27.352061870142137,11.50325487642837,28.120881185041927,27.347438727638256,11.07417672897213,6.872379550270471,15.403820531576486,19.155326336584647,13.517954360599996,7.66346082709107,17.518764508811692,41.434606940488116,27.693836359220168,33.72969738549153,45.1170161546332,17.364915859896136,44.577001361751805,17.829960023040908,8.299076614954926,5.155762383000966,33.59904036990953,34.32422691543879,1.1355587667974218,20.399120896885762,18.821069060086963,50.41707894059566,16.26795833071543],
        [24.871329517145035,34.62392065482942,29.767240962620814,27.352061870142137,0.0,15.848807066931036,11.311396536235916,13.56965164432203,20.0609889977173,31.623233931943954,11.991334919255179,42.35679731832132,21.065630614400245,33.681456511936695,18.10560197126855,45.35982392836207,15.697026175101044,40.27385901509612,34.114205151040125,35.76472022647332,28.191739473531403,15.794681643878027,31.35181537964544,31.4929583915462,35.03924783348292,20.224831380319106,27.039592780937607,7.507053843229612,16.237468368238993,31.12633563995795,24.871329517145035],
        [15.205752542767764,19.093597997769702,13.966501868627558,11.50325487642837,15.848807066931036,0.0,18.158443557427923,18.1246962158756,7.614889589165348,16.298463334495544,3.9559814773397934,28.015309773313856,10.498570159082027,18.133654466986613,11.548327228441202,40.96186679381253,19.122790369321606,34.04585691551457,38.557324611198204,23.030245324245957,36.10260444916342,10.334114643541197,16.461993703466998,15.817707818593199,31.435947437254324,25.931086592103476,11.221503846847815,9.083556599802476,11.569266816176967,41.2075705735135,15.205752542767764],
        [18.891864316051823,33.2463788004294,30.93409901446602,28.120881185041927,11.311396536235916,18.158443557427923,0.0,2.6548725724523554,25.083624737460404,30.030658818767517,14.74265476552972,38.355412733973004,16.919878776519162,32.42310929582661,25.837436351154764,34.78642884301016,26.467201113578408,30.523188427345847,23.153037254735878,30.51412066725321,18.523699130429325,23.604460256646238,29.03506038949931,33.10331846124169,24.558135320237504,9.224669407857254,28.269199311591635,10.367646106933723,10.464920149693528,23.101685167944915,18.891864316051823],
        [16.83713847952165,31.899694948007475,30.19246902043069,27.347438727638256,13.56965164432203,18.1246962158756,2.6548725724523554,0.0,25.388384183919822,28.688098604039197,15.073884519951077,36.422978730843234,15.36739900816714,31.11428013155086,26.779150690775218,32.18620677147115,28.291062614802907,27.86837701181865,21.640265857345813,28.418346539191816,17.99811406187555,24.621127852817416,27.552810898977906,32.42419738709378,21.935801874924522,8.010898441286459,27.598366484088462,11.33508716597668,8.931937047685814,23.21206917606249,16.83713847952165],
        [21.651919007565887,19.652015588426373,12.210957324324662,11.07417672897213,20.0609889977173,7.614889589165348,25.083624737460404,25.388384183919822,0.0,17.745872106026745,10.353497682113444,30.117552387914138,17.19882295586235,18.73724175936413,6.4519651410583565,47.797181851288904,16.728623010537355,40.58016453882177,46.14518620673046,27.068991817126054,43.37819263072947,6.925371351390345,18.76099901516137,13.073872525420601,38.599382444758405,33.3164473731557,10.14676643984424,15.042333200295232,19.176054359110534,48.172125850389115,21.651919007565887],
        [14.058408622255397,3.2163449167999616,7.4789681916652215,6.872379550270471,31.623233931943954,16.298463334495544,30.030658818767517,28.688098604039197,17.745872106026745,0.0,19.76970225678077,12.372094628011713,13.391346369073137,2.452251034875019,24.190013257101107,36.74029859381902,34.09134167451364,28.915759877230077,43.72520627476791,11.09528520224366,44.592593279457766,24.274663535155714,2.0841717184074695,9.059023644681819,30.042151215607493,34.63776409312817,7.970732654250166,24.22317852959271,19.75658346351774,50.91817698406385,14.058408622255397],
        [16.061395656119675,22.698311142434907,17.912568744318335,15.403820531576486,11.991334919255179,3.9559814773397934,14.74265476552972,15.073884519951077,10.353497682113444,19.76970225678077,0.0,31.046967363896307,11.424693596827803,21.747944567124346,12.349960635997611,40.777519098115334,17.71109308297797,34.288308471725536,36.19097769978417,25.341519701045957,33.04194077880656,10.523415015375242,19.69034738361478,19.77331068132398,30.87171120563302,23.047677568282,15.163642048240952,5.148839421517229,10.154584861165743,37.84247689940813,16.061395656119675],
        [19.61890879978562,10.964108177805674,19.03958479538674,19.155326336584647,42.35679731832132,28.015309773313856,38.355412733973004,36.422978730843234,30.117552387914138,12.372094628011713,31.046967363896307,0.0,21.77041910168546,11.724046473707586,36.56201865125924,32.853523172927204,46.38175015997999,25.50073389062624,46.307652411995804,8.524173955190362,49.46640365716058,36.605227292923544,11.623184082747366,19.77442969762893,29.551903192032913,40.541447582113264,20.20346948172525,34.85167559605827,27.98673839164699,56.28207996735295,19.61890879978562],
        [4.729556586647601,16.58497051672761,16.292488455713116,13.517954360599996,21.065630614400245,10.498570159082027,16.919878776519162,15.36739900816714,17.19882295586235,13.391346369073137,11.424693596827803,21.77041910168546,0.0,15.83746713690062,22.02236905892335,30.623470198152972,29.061123821160486,23.568310334348357,31.599157539257575,14.703599547767594,31.44774810002656,20.812728645988127,12.185596507710843,18.626415056029877,21.467665624539375,21.345185443157156,14.147355016203651,13.731199240391545,6.470458904895429,37.61730442587466,4.729556586647601],
        [16.437054816114266,0.9634498995094474,7.324701472120705,7.66346082709107,33.681456511936695,18.133654466986613,32.42310929582661,31.11428013155086,18.73724175936413,2.452251034875019,21.747944567124346,11.724046473707586,15.83746713690062,0.0,25.178891388366026,38.40449343198729,35.32983003936086,30.575912153056873,46.07974398413802,12.201065095742477,47.03663511860048,25.469123058314807,4.170240049874655,8.322548121432868,32.0799985915885,37.089629752184116,8.62562007633401,26.345125957217654,22.184849171232706,53.36981072474534,16.437054816114266],
        [26.697930672619467,26.08792154379141,18.490813885694585,17.518764508811692,18.10560197126855,11.548327228441202,25.837436351154764,26.779150690775218,6.4519651410583565,24.190013257101107,12.349960635997611,36.56201865125924,22.02236905892335,25.178891388366026,0.0,52.495804624605825,10.57602772674608,45.58664781455255,48.28961291134247,33.23378826959925,44.350267003105735,2.3274146269482032,25.15361304485385,19.075965321708406,42.86617009755293,34.77168289455126,16.5693949439669,15.499709784399313,22.418905682972873,48.39423419929122,26.697930672619467],
        [26.17587283922062,38.41937874300238,43.47152060485109,41.434606940488116,45.35982392836207,40.96186679381253,34.78642884301016,32.18620677147115,47.797181851288904,36.74029859381902,40.777519098115334,32.853523172927204,30.623470198152972,38.40449343198729,52.495804624605825,0.0,58.0702227281325,7.829767480386979,23.160298191088796,26.59286342934466,31.220960912191387,51.061790946501404,34.6576550532774,45.50646979717678,10.321481888114795,28.86868538098748,42.445326407306986,40.40223563940545,30.866960841181903,37.508314240027445,26.17587283922062],
        [33.74699167917736,36.26539128022478,28.932501869307643,27.693836359220168,15.697026175101044,19.122790369321606,26.467201113578408,28.291062614802907,16.728623010537355,34.09134167451364,17.71109308297797,46.38175015997999,29.061123821160486,35.32983003936086,10.57602772674608,58.0702227281325,0.0,51.87946786885544,49.59228625410992,42.108514297061035,43.885879240334596,9.863881433742689,34.79017748541338,29.630464162294864,47.92528470678381,35.647632833473374,26.83061809129593,17.81986993218818,27.211994634604807,46.529531882831186,33.74699167917736],
        [18.94859297450168,30.5977185178717,35.703696764518895,33.72969738549153,40.27385901509612,34.04585691551457,30.523188427345847,27.86837701181865,40.58016453882177,28.915759877230077,34.288308471725536,25.50073389062624,23.568310334348357,30.575912153056873,45.58664781455255,7.829767480386979,51.87946786885544,0.0,24.79762598304981,18.831581699047405,31.307224590198686,44.30211728722004,26.833961138723076,37.713532619789085,7.3107920937680335,26.423681213332014,34.75939596520384,34.57653771484361,24.802873305782764,38.10826578457914,18.94859297450168],
        [29.673256212132152,46.57288178655516,47.87826957259761,45.1170161546332,34.114205151040125,38.557324611198204,23.153037254735878,21.640265857345813,46.14518620673046,43.72520627476791,36.19097769978417,46.307652411995804,31.599157539257575,46.07974398413802,48.28961291134247,23.160298191088796,49.59228625410992,24.79762598304981,0.0,37.92500424126162,9.161512939087626,46.187406338572174,41.93034541534371,50.21184034805819,17.933496474786956,13.944911325475719,45.72658729025014,32.956086506279846,27.177025933796607,14.515571249490165,29.673256212132152],
        [11.623204944771027,12.040077348249833,18.528478194115483,17.364915859896136,35.76472022647332,23.030245324245957,30.51412066725321,28.418346539191816,27.068991817126054,11.09528520224366,25.341519701045957,8.524173955190362,14.703599547767594,12.201065095742477,33.23378826959925,26.59286342934466,42.108514297061035,18.831581699047405,37.92500424126162,0.0,40.943385645352016,32.76127204568303,9.199412862342282,20.143478760081685,21.694731637104866,32.10704539438457,18.498872518636215,28.378077090205423,20.407860981678798,47.766762758092284,11.623204944771027],
        [30.87121485252597,47.68055833447843,47.42717078042288,44.577001361751805,28.191739473531403,36.10260444916342,18.523699130429325,17.99811406187555,43.37819263072947,44.592593279457766,33.04194077880656,49.46640365716058,31.44774810002656,47.03663511860048,44.350267003105735,31.220960912191387,43.885879240334596,31.307224590198686,9.161512939087626,40.943385645352016,0.0,42.10166107053906,43.058894612727926,49.72871508996425,24.01632592728086,10.284327629128672,44.98090699539164,28.890699828866673,25.77240657201235,6.9631167547121136,30.87121485252597],
        [25.53180928579074,26.40305674800926,19.12922314981751,17.829960023040908,15.794681643878027,10.334114643541197,23.604460256646238,24.621127852817416,6.925371351390345,24.274663535155714,10.523415015375242,36.605227292923544,20.812728645988127,25.469123058314807,2.3274146269482032,51.061790946501404,9.863881433742689,44.30211728722004,46.187406338572174,32.76127204568303,42.10166107053906,0.0,25.059789810980746,19.969244012143857,41.29766637868272,32.59471437541437,16.972110264179292,13.304015883922789,20.671855891595065,46.08798356587332,25.53180928579074],
        [12.324774661324229,4.657329799610805,9.336266837046178,8.299076614954926,31.35181537964544,16.461993703466998,29.03506038949931,27.552810898977906,18.76099901516137,2.0841717184074695,19.69034738361478,11.623184082747366,12.185596507710843,4.170240049874655,25.15361304485385,34.6576550532774,34.79017748541338,26.833961138723076,41.93034541534371,9.199412862342282,43.058894612727926,25.059789810980746,0.0,11.055989848416816,28.002465231039675,33.20940476257578,9.43179911391833,23.877985550424928,18.640208329947374,49.47181955264837,12.324774661324229],
        [21.081550378107853,8.901874179561514,2.334068157051957,5.155762383000966,31.4929583915462,15.817707818593199,33.10331846124169,32.42419738709378,13.073872525420601,9.059023644681819,19.77331068132398,19.77442969762893,18.626415056029877,8.322548121432868,19.075965321708406,45.50646979717678,29.630464162294864,37.713532619789085,50.21184034805819,20.143478760081685,49.72871508996425,19.969244012143857,11.055989848416816,0.0,38.16539473896412,39.471252831270846,4.835316673877291,24.889984311765954,23.965851051465258,55.53813906270347,21.081550378107853],
        [17.481287938011466,32.31868196114926,35.961089676247084,33.59904036990953,35.03924783348292,31.435947437254324,24.558135320237504,21.935801874924522,38.599382444758405,30.042151215607493,30.87171120563302,29.551903192032913,21.467665624539375,32.0799985915885,42.86617009755293,10.321481888114795,47.92528470678381,7.3107920937680335,17.933496474786956,21.694731637104866,24.01632592728086,41.29766637868272,28.002465231039675,38.16539473896412,0.0,19.427971723151185,34.50326610611491,30.18050392606113,20.806574652041764,30.849994689287332,17.481287938011466],
        [21.289099764589974,37.77807425365692,37.177221535069435,34.32422691543879,20.224831380319106,25.931086592103476,9.224669407857254,8.010898441286459,33.3164473731557,34.63776409312817,23.047677568282,40.541447582113264,21.345185443157156,37.089629752184116,34.77168289455126,28.86868538098748,35.647632833473374,26.423681213332014,13.944911325475719,32.10704539438457,10.284327629128672,32.59471437541437,33.20940476257578,39.471252831270846,19.427971723151185,0.0,34.710093946030966,19.29141724451797,15.505785338726986,16.281572219739907,21.289099764589974],
        [17.110674909875303,9.522575021985524,2.7533304053128256,1.1355587667974218,27.039592780937607,11.221503846847815,28.269199311591635,27.598366484088462,10.14676643984424,7.970732654250166,15.163642048240952,20.20346948172525,14.147355016203651,8.62562007633401,16.5693949439669,42.445326407306986,26.83061809129593,34.75939596520384,45.72658729025014,18.498872518636215,44.98090699539164,16.972110264179292,9.43179911391833,4.835316673877291,34.50326610611491,34.710093946030966,0.0,20.227969944366237,19.208507176774017,50.73369505406766,17.110674909875303],
        [17.824438490127747,27.275990717410718,22.981214205895096,20.399120896885762,7.507053843229612,9.083556599802476,10.367646106933723,11.33508716597668,15.042333200295232,24.22317852959271,5.148839421517229,34.85167559605827,13.731199240391545,26.345125957217654,15.499709784399313,40.40223563940545,17.81986993218818,34.57653771484361,32.956086506279846,28.378077090205423,28.890699828866673,13.304015883922789,23.877985550424928,24.889984311765954,30.18050392606113,19.29141724451797,20.227969944366237,0.0,9.801153699328067,33.26294686408013,17.824438490127747],
        [8.915496920861411,22.96779044623429,21.67515297278395,18.821069060086963,16.237468368238993,11.569266816176967,10.464920149693528,8.931937047685814,19.176054359110534,19.75658346351774,10.154584861165743,27.98673839164699,6.470458904895429,22.184849171232706,22.418905682972873,30.866960841181903,27.211994634604807,24.802873305782764,27.177025933796607,20.407860981678798,25.77240657201235,20.671855891595065,18.640208329947374,23.965851051465258,20.806574652041764,15.505785338726986,19.208507176774017,9.801153699328067,0.0,31.63086548428605,8.915496920861411],
        [37.42614920137086,54.05319038572336,53.271703249059485,50.41707894059566,31.12633563995795,41.2075705735135,23.101685167944915,23.21206917606249,48.172125850389115,50.91817698406385,37.84247689940813,56.28207996735295,37.61730442587466,53.36981072474534,48.39423419929122,37.508314240027445,46.529531882831186,38.10826578457914,14.515571249490165,47.766762758092284,6.9631167547121136,46.08798356587332,49.47181955264837,55.53813906270347,30.849994689287332,16.281572219739907,50.73369505406766,33.26294686408013,31.63086548428605,0.0,37.42614920137086],
        [0.0,16.98207591087641,18.7966800921719,16.26795833071543,24.871329517145035,15.205752542767764,18.891864316051823,16.83713847952165,21.651919007565887,14.058408622255397,16.061395656119675,19.61890879978562,4.729556586647601,16.437054816114266,26.697930672619467,26.17587283922062,33.74699167917736,18.94859297450168,29.673256212132152,11.623204944771027,30.87121485252597,25.53180928579074,12.324774661324229,21.081550378107853,17.481287938011466,21.289099764589974,17.110674909875303,17.824438490127747,8.915496920861411,37.42614920137086,0.0]
    ],
    "end_depot": 30,
    "start_depot": 0,
    "truck_dist": [
        [0.0,23.100860094923732,19.955981680714867,16.463217155303642,28.426372947525735,21.495801987771507,23.51797368713605,21.93082847293103,29.654838701318994,18.58054589319805,22.1674533288541,26.383172104050267,6.679251722147647,22.031991803189023,37.62225380513012,35.09596002287303,46.96244478457199,26.32349624563166,38.64230649421438,14.340868997874942,43.443251928474986,36.106492630157135,16.770856211521398,22.846975772569365,20.61894868030028,30.07481308898815,18.068943159475918,22.039575073097218,9.32369328986729,52.90440349284654,0.0],
        [23.100860094923732,0.0,10.99351165724109,9.89571630944926,43.815767407026215,22.500595414724167,46.61883378205978,45.03168856785476,23.08733785546461,4.520314201725682,28.05473471565397,15.154199554710708,23.454424013884797,1.0688682917347094,31.05475295927574,41.66346086872741,40.39494393871761,32.89099709148604,61.74316658913811,14.601009591233868,66.54411202339872,29.538991784302755,6.330003883402334,12.586590903352288,36.7408678391471,53.17567318391188,11.501442313621535,35.335170274660335,32.424553384791025,76.00526358777027,23.100860094923732],
        [19.955981680714867,10.99351165724109,0.0,3.885654447048992,40.67088899281735,19.355717000515302,43.47395536785092,41.8868101536459,12.326975518760417,10.487044713278298,24.909856301445107,26.147711211951798,20.309545599675932,10.14853118844098,20.061241302034645,52.6569725259685,29.40143228147652,43.88450874872713,58.59828817492925,25.59452124847496,63.39923360918985,19.695672709704255,12.813537085853834,2.8909940918544983,38.17996118339576,50.03079476970302,3.8605262711124126,32.190291860451474,29.279674970582157,72.86038517356141,19.955981680714867],
        [16.463217155303642,9.89571630944926,3.885654447048992,0.0,36.78523454576836,15.47006255346631,39.58830092080193,38.001155706596904,13.191621546015352,9.389249365486467,21.024201854396114,25.049915864159967,16.42389115262694,9.05073584064915,21.159036649826476,51.55917717817667,30.49922762926835,42.7867134009353,54.71263372788026,24.496725900683128,59.51357916214086,19.643275474853496,11.715741738062004,6.7766485389034905,37.08216583560393,46.14514032265403,1.6057260041722756,28.30463741340248,25.394020523533165,68.97473072651242,16.463217155303642],
        [28.426372947525735,43.815767407026215,40.67088899281735,36.78523454576836,0.0,21.315171992302048,15.749228619113254,19.151825689138686,28.343913474056933,39.29545320530053,15.761032691372243,47.09807941615275,21.747121225378088,42.746899115291505,23.8968914450552,63.522332970398764,18.536071837046258,54.749869193157394,44.79024832192515,36.45988169290522,32.756231469544055,20.975216283113095,37.48576352362388,43.56188308467185,49.04532162782601,27.0273893036768,36.810362721704934,8.48059713236588,19.938681027559372,32.18949618074406,28.426372947525735],
        [21.495801987771507,22.500595414724167,19.355717000515302,15.47006255346631,21.315171992302048,0.0,24.118238367335614,22.531093153130595,8.159036713547486,17.980281212998484,5.554139300929805,30.082500696627832,14.81655026562386,21.431727122989457,16.126451817358614,56.59176201064454,25.466642796800485,47.81929823340317,39.242571174413946,29.529310733150993,44.04351660867455,14.61069064238563,16.74832657052987,22.2467110923698,42.11475066807179,30.675077769187716,15.49519072940289,12.83457485993617,13.008110067805145,53.50466817304611,21.495801987771507],
        [23.51797368713605,46.61883378205978,43.47395536785092,39.58830092080193,15.749228619113254,24.118238367335614,0.0,3.4025970700254344,31.1469798490905,42.0985195803341,18.56409906640581,49.901145791186316,23.164409768174984,45.54996549032507,26.699957820088766,47.77310435128551,34.28530045615951,39.00064057404414,29.0410197028119,37.85884268501099,19.925278241338937,23.778282658146665,40.28882989865745,46.364949459705414,33.29609300871276,11.278160684563543,39.61342909673851,11.283663507399446,14.194280397268761,29.386429805710492,23.51797368713605],
        [21.93082847293103,45.03168856785476,41.8868101536459,38.001155706596904,19.151825689138686,22.531093153130595,3.4025970700254344,0.0,29.55983463488548,40.511374366129075,16.97695385220079,48.3140005769813,21.577264553969965,43.962820276120055,28.34770654674307,44.370507281260075,37.68789752618494,35.598043504018705,25.638422632786465,36.271697470805975,21.512423455543956,26.83194537177009,38.70168468445243,44.77780424550039,29.89349593868733,8.143984616057121,38.026283882533484,12.765027814710171,12.60713518306374,30.97357501991551,21.93082847293103],
        [29.654838701318994,23.08733785546461,12.326975518760417,13.191621546015352,28.343913474056933,8.159036713547486,31.1469798490905,29.55983463488548,0.0,22.58087091150182,12.58288078268469,38.24153741017532,22.975586979171347,22.2423573866645,7.967415103811126,64.75079872419202,17.307606083253,55.97833494695065,46.27131265616883,37.68834744669848,51.072258090429436,7.368697190943838,24.907363284077356,15.217969610614915,50.27378738161927,37.7038192509426,11.585895541843076,19.863316341691053,21.16714678135263,60.53340965480099,29.654838701318994],
        [18.58054589319805,4.520314201725682,10.487044713278298,9.389249365486467,39.29545320530053,17.980281212998484,42.0985195803341,40.511374366129075,22.58087091150182,0.0,23.53442051392829,15.6606664986735,18.934109812159114,3.451445909990973,30.548286015312947,42.169927812690204,39.88847699475482,33.397464035448834,57.22285238741243,15.10747653519666,62.023797821673035,29.032524840339963,2.3264923725755366,12.080123959389496,32.22055363742142,48.6553589821862,10.994975369658743,30.814856072934653,27.90423918306534,71.48494938604459,18.58054589319805],
        [22.1674533288541,28.05473471565397,24.909856301445107,21.024201854396114,15.761032691372243,5.554139300929805,18.56409906640581,16.97695385220079,12.58288078268469,23.53442051392829,0.0,31.337046724780507,15.488201606706454,26.985866423919262,15.454800476276018,57.26341335172713,24.79499145571789,48.49094957448576,38.531328703253514,30.200962074233587,38.489377307744746,13.939039301303037,21.724730832251637,27.800850393299605,42.786402009154386,25.12093846825791,21.049330030332694,7.280435559006365,13.679761408887739,47.95052887211631,22.1674533288541],
        [26.383172104050267,15.154199554710708,26.147711211951798,25.049915864159967,47.09807941615275,30.082500696627832,49.901145791186316,48.3140005769813,38.24153741017532,15.6606664986735,31.337046724780507,0.0,26.736736023011332,15.999180023510817,46.208952513986446,38.157136086626146,55.54914349342832,31.400332339969076,65.02547859826464,12.042303106175325,69.82642403252525,44.69319133901346,13.334174126097963,27.740790458062996,40.02317984827364,56.45798519303842,26.655641868332243,38.61748228378687,35.70686539391755,79.28757559689682,26.383172104050267],
        [6.679251722147647,23.454424013884797,20.309545599675932,16.42389115262694,21.747121225378088,14.81655026562386,23.164409768174984,21.577264553969965,22.975586979171347,18.934109812159114,15.488201606706454,26.736736023011332,0.0,22.385555722150087,30.943002082982474,41.77521174502067,40.283193062424345,33.00274796777931,38.28874257525332,14.712760467527133,43.08968800951392,29.42724090800949,17.124420130482463,23.20053969153043,27.29820040244793,29.721249170027086,16.44901932856352,15.360323350949573,8.970129370906225,52.550839573885476,6.679251722147647],
        [22.031991803189023,1.0688682917347094,10.14853118844098,9.05073584064915,42.746899115291505,21.431727122989457,45.54996549032507,43.962820276120055,22.2423573866645,3.451445909990973,26.985866423919262,15.999180023510817,22.385555722150087,0.0,30.20977249047563,42.50844133752752,39.5499634699175,33.73597756028615,60.6742982974034,15.445990060033978,65.47524373166401,28.694011315502646,5.261135591667625,11.741610434552179,35.6719995474124,52.10680489217717,10.656461844821425,34.266301982925626,31.355685093056312,74.93639529603556,22.031991803189023],
        [37.62225380513012,31.05475295927574,20.061241302034645,21.159036649826476,23.8968914450552,16.126451817358614,26.699957820088766,28.34770654674307,7.967415103811126,30.548286015312947,15.454800476276018,46.208952513986446,30.943002082982474,30.20977249047563,0.0,72.71821382800314,11.68184734626148,63.94575005076178,53.986129179529534,45.65576255050961,46.6252360614277,2.921675161942103,32.87477838788848,19.66499163961665,58.2412024854304,36.22327016128118,19.5533106456542,15.5826787320329,29.134561885163755,56.08638762579926,37.62225380513012],
        [35.09596002287303,41.66346086872741,52.6569725259685,51.55917717817667,63.522332970398764,56.59176201064454,47.77310435128551,44.370507281260075,64.75079872419202,42.169927812690204,57.26341335172713,38.157136086626146,41.77521174502067,42.50844133752752,72.71821382800314,0.0,82.05840480744502,8.77246377724137,26.86834251163851,27.06245127749354,31.669287945899107,71.20245265303016,39.84343544011467,54.2500517720797,14.477011342572744,36.494943666721966,53.16490318234895,57.13553509597024,43.58365194283939,41.13043951027067,35.09596002287303],
        [46.96244478457199,40.39494393871761,29.40143228147652,30.49922762926835,18.536071837046258,25.466642796800485,34.28530045615951,37.68789752618494,17.307606083253,39.88847699475482,24.79499145571789,55.54914349342832,40.283193062424345,39.5499634699175,11.68184734626148,82.05840480744502,0.0,73.28594103020365,63.326320158971406,54.99595352995148,51.29230330659031,10.855952154414855,42.214969367330355,31.34683898587813,67.58139346487228,45.56346114072306,28.893501625096075,24.922869711474775,38.474752864605634,48.56162556004189,46.96244478457199],
        [26.32349624563166,32.89099709148604,43.88450874872713,42.7867134009353,54.749869193157394,47.81929823340317,39.00064057404414,35.598043504018705,55.97833494695065,33.397464035448834,48.49094957448576,31.400332339969076,33.00274796777931,33.73597756028615,63.94575005076178,8.77246377724137,73.28594103020365,0.0,33.62514625829558,19.35802923379375,38.42609169255618,62.429988875788794,31.070971662873298,45.47758799483833,8.622847508304565,27.722479889480596,44.39243940510758,48.36307131872888,34.81118816559802,47.88724325692773,26.32349624563166],
        [38.64230649421438,61.74316658913811,58.59828817492925,54.71263372788026,44.79024832192515,39.242571174413946,29.0410197028119,25.638422632786465,46.27131265616883,57.22285238741243,38.531328703253514,65.02547859826464,38.28874257525332,60.6742982974034,53.986129179529534,26.86834251163851,63.326320158971406,33.62514625829558,0.0,52.98317549208933,12.034016852381097,52.47036800455655,55.41316270573578,61.489282266783746,25.002298749991013,17.762859018248356,54.73776190381683,38.40345044749663,29.318613204347095,14.764694598929518,38.64230649421438],
        [14.340868997874942,14.601009591233868,25.59452124847496,24.496725900683128,36.45988169290522,29.529310733150993,37.85884268501099,36.271697470805975,37.68834744669848,15.10747653519666,30.200962074233587,12.042303106175325,14.712760467527133,15.445990060033978,45.65576255050961,27.06245127749354,54.99595352995148,19.35802923379375,52.98317549208933,0.0,57.78412092634993,44.14000137553663,12.780984162621124,27.187600494586157,27.980876742098314,44.41568208686309,26.102451904855403,30.073083818476704,23.664562287742232,67.24527249072148,14.340868997874942],
        [43.443251928474986,66.54411202339872,63.39923360918985,59.51357916214086,32.756231469544055,44.04351660867455,19.925278241338937,21.512423455543956,51.072258090429436,62.023797821673035,38.489377307744746,69.82642403252525,43.08968800951392,65.47524373166401,46.6252360614277,31.669287945899107,51.29230330659031,38.42609169255618,12.034016852381097,57.78412092634993,0.0,43.703560899485595,60.214108139996384,66.29022770104436,29.803244184251614,13.368438839486833,59.538707338077444,31.208941748738383,34.1195586386077,9.461151564371557,43.443251928474986],
        [36.106492630157135,29.538991784302755,19.695672709704255,19.643275474853496,20.975216283113095,14.61069064238563,23.778282658146665,26.83194537177009,7.368697190943838,29.032524840339963,13.939039301303037,44.69319133901346,29.42724090800949,28.694011315502646,2.921675161942103,71.20245265303016,10.855952154414855,62.429988875788794,52.47036800455655,44.14000137553663,43.703560899485595,0.0,31.3590172129155,22.586666801558753,56.72544131045741,34.7075089863082,18.03754947068122,14.066917557059918,27.618800710190776,53.16471246385716,36.106492630157135],
        [16.770856211521398,6.330003883402334,12.813537085853834,11.715741738062004,37.48576352362388,16.74832657052987,40.28882989865745,38.70168468445243,24.907363284077356,2.3264923725755366,21.724730832251637,13.334174126097963,17.124420130482463,5.261135591667625,32.87477838788848,39.84343544011467,42.214969367330355,31.070971662873298,55.41316270573578,12.780984162621124,60.214108139996384,31.3590172129155,0.0,14.406616331965033,30.41086395574477,46.84566930050955,13.32146774223428,29.005166391258,26.094549501388688,69.67525970436795,16.770856211521398],
        [22.846975772569365,12.586590903352288,2.8909940918544983,6.7766485389034905,43.56188308467185,22.2467110923698,46.364949459705414,44.77780424550039,15.217969610614915,12.080123959389496,27.800850393299605,27.740790458062996,23.20053969153043,11.741610434552179,19.66499163961665,54.2500517720797,31.34683898587813,45.47758799483833,61.489282266783746,27.187600494586157,66.29022770104436,22.586666801558753,14.406616331965033,0.0,39.773040429506956,52.921788861557516,6.751520362966911,35.08128595230597,32.17066906243666,75.7513792654159,22.846975772569365],
        [20.61894868030028,36.7408678391471,38.17996118339576,37.08216583560393,49.04532162782601,42.11475066807179,33.29609300871276,29.89349593868733,50.27378738161927,32.22055363742142,42.786402009154386,40.02317984827364,27.29820040244793,35.6719995474124,58.2412024854304,14.477011342572744,67.58139346487228,8.622847508304565,25.002298749991013,27.980876742098314,29.803244184251614,56.72544131045741,30.41086395574477,39.773040429506956,0.0,22.01793232414922,38.6878918397762,42.6585237533975,29.106640600266644,39.26439574862317,20.61894868030028],
        [30.07481308898815,53.17567318391188,50.03079476970302,46.14514032265403,27.0273893036768,30.675077769187716,11.278160684563543,8.143984616057121,37.7038192509426,48.6553589821862,25.12093846825791,56.45798519303842,29.721249170027086,52.10680489217717,36.22327016128118,36.494943666721966,45.56346114072306,27.722479889480596,17.762859018248356,44.41568208686309,13.368438839486833,34.7075089863082,46.84566930050955,52.921788861557516,22.01793232414922,0.0,46.17026849859061,20.640591429248282,20.75111979912086,22.82959040385839,30.07481308898815],
        [18.068943159475918,11.501442313621535,3.8605262711124126,1.6057260041722756,36.810362721704934,15.49519072940289,39.61342909673851,38.026283882533484,11.585895541843076,10.994975369658743,21.049330030332694,26.655641868332243,16.44901932856352,10.656461844821425,19.5533106456542,53.16490318234895,28.893501625096075,44.39243940510758,54.73776190381683,26.102451904855403,59.538707338077444,18.03754947068122,13.32146774223428,6.751520362966911,38.6878918397762,46.17026849859061,0.0,28.32976558933906,25.419148699469744,68.999858902449,18.068943159475918],
        [22.039575073097218,35.335170274660335,32.190291860451474,28.30463741340248,8.48059713236588,12.83457485993617,11.283663507399446,12.765027814710171,19.863316341691053,30.814856072934653,7.280435559006365,38.61748228378687,15.360323350949573,34.266301982925626,15.5826787320329,57.13553509597024,24.922869711474775,48.36307131872888,38.40345044749663,30.073083818476704,31.208941748738383,14.066917557059918,29.005166391258,35.08128595230597,42.6585237533975,20.640591429248282,28.32976558933906,0.0,13.551883153130857,40.67009331310994,22.039575073097218],
        [9.32369328986729,32.424553384791025,29.279674970582157,25.394020523533165,19.938681027559372,13.008110067805145,14.194280397268761,12.60713518306374,21.16714678135263,27.90423918306534,13.679761408887739,35.70686539391755,8.970129370906225,31.355685093056312,29.134561885163755,43.58365194283939,38.474752864605634,34.81118816559802,29.318613204347095,23.664562287742232,34.1195586386077,27.618800710190776,26.094549501388688,32.17066906243666,29.106640600266644,20.75111979912086,25.419148699469744,13.551883153130857,0.0,43.58071020297925,9.32369328986729],
        [52.90440349284654,76.00526358777027,72.86038517356141,68.97473072651242,32.18949618074406,53.50466817304611,29.386429805710492,30.97357501991551,60.53340965480099,71.48494938604459,47.95052887211631,79.28757559689682,52.550839573885476,74.93639529603556,56.08638762579926,41.13043951027067,48.56162556004189,47.88724325692773,14.764694598929518,67.24527249072148,9.461151564371557,53.16471246385716,69.67525970436795,75.7513792654159,39.26439574862317,22.82959040385839,68.999858902449,40.67009331310994,43.58071020297925,0.0,52.90440349284654],
        [0.0,23.100860094923732,19.955981680714867,16.463217155303642,28.426372947525735,21.495801987771507,23.51797368713605,21.93082847293103,29.654838701318994,18.58054589319805,22.1674533288541,26.383172104050267,6.679251722147647,22.031991803189023,37.62225380513012,35.09596002287303,46.96244478457199,26.32349624563166,38.64230649421438,14.340868997874942,43.443251928474986,36.106492630157135,16.770856211521398,22.846975772569365,20.61894868030028,30.07481308898815,18.068943159475918,22.039575073097218,9.32369328986729,52.90440349284654,0.0]
    ],
    "vertex_count": 31
}