{
    "drone_dist": [
        [0.0,30.852481181097698,35.95392765472803,26.884778648798008,18.027587531208173,15.31011974660174,52.67704837163892,13.141730387581974,35.24600324184112,47.47618937944424,15.796235482351051,27.987411797402206,9.780830468115647,28.82196701714219,17.8626763331241,36.836838750537865,44.928071089555246,1.2720693426906062,39.25728199404416,27.210130927844922,20.09363565852156,40.0348276056027,25.426445691034335,10.61174322599073,29.015393205653744,44.69947807370457,29.512430653286106,17.46872757238115,40.36308953896721,31.658962207417805,0.0],
        [30.852481181097698,0.0,47.34562999659253,17.71597804914219,41.688682569430554,25.676829063106894,37.194256644086934,29.585302580339395,50.50966005017571,38.753023467005924,38.362574135795704,2.9616641460127253,28.03610538861488,5.2003000856386965,30.419115178337197,16.564771064648653,38.29019654972277,29.596936560391406,19.14981615438907,3.9262968800823126,13.973627427252703,55.1577523867701,12.225653351777025,40.53424932271707,4.770136958654042,34.936279647162834,9.680647340571175,22.078363206045573,36.811894136567894,49.60928607819617,30.852481181097698],
        [35.95392765472803,47.34562999659253,0.0,30.127770317492466,20.944447634445,24.749676088440033,37.932606914168154,23.785986650005853,5.953913353076565,27.696929215178294,21.243804244454676,46.0942512603033,27.46059337684817,49.52102619712377,19.787445258481515,38.27692547502042,24.39594938547955,35.774140444809014,38.44662600342955,43.94895253539679,46.94388397167247,8.60667511386964,35.15087256416533,32.38528647864716,42.72798566623015,28.00157582403233,38.66880142283554,26.77894572836941,19.836836484302633,9.859753885228566,35.95392765472803],
        [26.884778648798008,17.71597804914219,30.127770317492466,0.0,29.543738551293952,13.774425242324247,26.457209637295662,18.24083982182567,33.92788732747498,23.897732187127684,26.434632696171224,17.147004985995803,18.98523822340386,20.987423966247793,16.528411294763917,10.967488794716843,22.48302720038974,25.745786292599277,12.871177906815529,14.907589639544037,22.689883559932497,38.304680787639825,5.801274584122434,33.10742560155954,12.954632206323751,20.34207235317328,8.548037868183984,10.084549280352638,19.87888060567718,33.86996508027268,26.884778648798008],
        [18.027587531208173,41.688682569430554,20.944447634445,29.543738551293952,0.0,16.43427343481397,49.69485384129066,12.155216439588619,18.438862171901103,41.52793115780742,3.3273348919674497,39.36821033952584,13.955672043926356,41.619958684287475,13.085387313267464,40.4426757648336,38.33478696577048,18.40700292622802,42.00001738319236,37.76703839352644,35.243200857563544,22.844856361312218,31.66038558856983,11.593385817179659,38.15909234884696,39.99129835883315,36.207677380866045,20.376398806332986,33.13972696165567,14.187915010349043,18.027587531208173],
        [15.31011974660174,25.676829063106894,24.749676088440033,13.774425242324247,16.43427343481397,0.0,37.853291277710696,4.504719415689281,26.304837912673946,32.17560243134369,13.154571673916156,23.621375315984604,5.801293764387648,26.388881651684258,5.171222030910101,24.71203773299997,29.621802913010374,14.473216127303168,26.627009227317558,21.80932657528836,22.29071178568103,31.221532017463982,15.230131955083946,19.51530934557989,21.860001003603006,29.475172950481618,19.7854578416706,3.9602840783961106,25.126156356107025,24.494842737529627,15.31011974660174],
        [52.67704837163892,37.194256644086934,37.932606914168154,26.457209637295662,49.69485384129066,37.853291277710696,0.0,41.565538374891844,43.79764757096252,10.57314749368432,47.4238405108334,38.53959651345838,43.646840746591316,42.20701149614931,37.81683663003606,20.69152855752951,13.653846330896554,51.63778962436938,18.044650058670296,36.75236305097312,47.615394399760234,45.96222485582207,30.426656473488645,56.892351527202415,33.55543116040328,10.091387625084634,29.008927369635277,35.209630440489605,18.160493324630018,46.57081573278231,52.67704837163892],
        [13.141730387581974,29.585302580339395,23.785986650005853,18.24083982182567,12.155216439588619,4.504719415689281,41.565538374891844,0.0,24.334741425427342,35.1809334390335,8.834010214682591,27.345988091725236,3.6957419778510867,29.814191918392815,4.721988241136295,29.195186339040887,32.40960597840724,12.61612034713256,31.064913149356766,25.672862131657578,24.527157391171652,29.287681199716708,19.635042895239906,15.387284784461542,26.0039402948761,32.762418978671995,24.201604145445998,8.43630311236423,27.61535522980106,21.833129024426523,13.141730387581974],
        [35.24600324184112,50.50966005017571,5.953913353076565,33.92788732747498,18.438862171901103,26.304837912673946,43.79764757096252,24.334741425427342,0.0,33.62423039602584,19.64139693283083,48.98022879829537,27.821715885222073,52.18216436967609,21.136229201289808,42.87690572868822,30.31109137500933,35.27773836414034,43.295064244629884,46.91996482398834,48.53830797929836,4.954318378863045,38.50096976113423,30.013072993604695,46.046673829013294,33.81328350932059,42.353699889527945,29.004499682110566,25.657101197200777,4.845643650200728,35.24600324184112],
        [47.47618937944424,38.753023467005924,27.696929215178294,23.897732187127684,41.52793115780742,32.17560243134369,10.57314749368432,35.1809334390335,33.62423039602584,0.0,39.66445154933669,39.3338154618306,37.8780270194905,43.23805936282065,30.88110520432015,22.825656096371844,3.3551035148016943,46.59143674330492,20.959000684010917,37.24399573762168,46.539142466183236,35.52592339040734,29.15877733980375,50.00592967016497,34.37724276930656,3.817966470921546,29.3626377606137,30.423479279303024,8.495397085498203,36.72316330607101,47.47618937944424],
        [15.796235482351051,38.362574135795704,21.243804244454676,26.434632696171224,3.3273348919674497,13.154571673916156,47.4238405108334,8.834010214682591,19.64139693283083,39.66445154933669,0.0,36.050154749637436,10.712258346546529,38.33373155718861,10.140019396027506,37.37173786736123,36.55294880255175,16.002149685649886,39.008717621646426,34.44144100551255,32.13901652633905,24.32664413580477,28.384565120239714,11.363640935116747,34.83715459927775,37.89636675022255,32.939291754018,17.10770558152753,31.405317969094657,15.868117319778312,15.796235482351051],
        [27.987411797402206,2.9616641460127253,46.0942512603033,17.147004985995803,39.36821033952584,23.621375315984604,38.53959651345838,27.345988091725236,48.98022879829537,39.3338154618306,36.050154749637436,0.0,25.5812758896839,3.9263633697669285,28.516281000262126,17.855357114336297,38.62152919605424,26.737717796261677,20.569236522157095,2.2396639011651223,11.165306304447668,53.707023660951,11.393121527803226,37.78426423289609,5.0243301423796645,35.53631048336004,9.97242442615155,20.20012919650798,36.75525536836787,47.84314824979248,27.987411797402206],
        [9.780830468115647,28.03610538861488,27.46059337684817,18.98523822340386,13.955672043926356,5.801293764387648,43.646840746591316,3.6957419778510867,27.821715885222073,37.8780270194905,10.712258346546529,25.5812758896839,0.0,27.686241442825498,8.260091447855821,29.723919298593042,35.24523504030939,9.116230375275132,31.829943795285725,24.113156507199133,21.56001543873872,32.76484792721117,19.266002762645766,14.146616968851244,24.884027647882412,35.24547682973214,23.788713547418897,8.914415227565188,30.610758537570355,25.071232157655007,9.780830468115647],
        [28.82196701714219,5.2003000856386965,49.52102619712377,20.987423966247793,41.619958684287475,26.388881651684258,42.20701149614931,29.814191918392815,52.18216436967609,43.23805936282065,38.33373155718861,3.9263633697669285,27.686241442825498,0.0,31.424953242936073,21.521145658347738,42.546572445903294,27.616845126597127,24.177967193877983,6.122895701069624,9.956018750080517,56.96733699384269,15.201082161283319,39.02129394318977,8.873439993308603,39.43641921488628,13.876781384149538,23.217010104694353,40.66320177445265,50.81817369716374,28.82196701714219],
        [17.8626763331241,30.419115178337197,19.787445258481515,16.528411294763917,13.085387313267464,5.171222030910101,37.81683663003606,4.721988241136295,21.136229201289808,30.88110520432015,10.140019396027506,28.516281000262126,8.260091447855821,31.424953242936073,0.0,27.374273744974477,28.004821817513378,17.315598682167114,28.91668954864106,26.614728525142763,27.428683393363226,26.05798134196375,19.27827840812084,19.186405025580644,26.362995741154897,28.668309224771114,23.70806466035101,8.341506915013797,23.103901849944936,19.39593361694609,17.8626763331241],
        [36.836838750537865,16.564771064648653,38.27692547502042,10.967488794716843,40.4426757648336,24.71203773299997,20.69152855752951,29.195186339040887,42.87690572868822,22.825656096371844,37.37173786736123,17.855357114336297,29.723919298593042,21.521145658347738,27.374273744974477,0.0,22.976995904302495,35.62523713147307,2.8057917571782856,16.129531609068106,27.446455244468172,46.81213525850858,11.601787534877596,43.86927744390937,12.898240924259655,19.04582624456306,8.712162346577568,20.923818072143348,22.838372192360094,43.54709856170543,36.836838750537865],
        [44.928071089555246,38.29019654972277,24.39594938547955,22.48302720038974,38.33478696577048,29.621802913010374,13.653846330896554,32.40960597840724,30.31109137500933,3.3551035148016943,36.55294880255175,38.62152919605424,35.24523504030939,42.546572445903294,28.004821817513378,22.976995904302495,0.0,44.08845686695048,21.44835409181877,36.47003075807103,45.163845871025856,32.31757261204919,27.99970220280662,47.04415918537359,33.759281782320365,4.671011675139444,28.71328262090271,28.149521373353487,5.20840577940718,33.37166538543448,44.928071089555246],
        [1.2720693426906062,29.596936560391406,35.774140444809014,25.745786292599277,18.40700292622802,14.473216127303168,51.63778962436938,12.61612034713256,35.27773836414034,46.59143674330492,16.002149685649886,26.737717796261677,9.116230375275132,27.616845126597127,17.315598682167114,35.62523713147307,44.08845686695048,0.0,38.061091911386995,25.945751184207264,18.998945454279017,40.10675528295465,24.191364417218054,11.653068877701113,27.743400709508368,43.764208338347146,28.25756216921203,16.448189704489376,39.58301060571068,31.816787588763024,1.2720693426906062],
        [39.25728199404416,19.14981615438907,38.44662600342955,12.871177906815529,42.00001738319236,26.627009227317558,18.044650058670296,31.064913149356766,43.295064244629884,20.959000684010917,39.008717621646426,20.569236522157095,31.829943795285725,24.177967193877983,28.91668954864106,2.8057917571782856,21.44835409181877,38.061091911386995,0.0,18.89146028628079,30.251880479411458,47.03623957267209,14.229460149872406,45.967048315785966,15.64741327863061,17.258245129904136,11.515835859385195,22.94939006638266,21.897428508113865,44.26690689511126,39.25728199404416],
        [27.210130927844922,3.9262968800823126,43.94895253539679,14.907589639544037,37.76703839352644,21.80932657528836,36.75236305097312,25.672862131657578,46.91996482398834,37.24399573762168,34.44144100551255,2.2396639011651223,24.113156507199133,6.122895701069624,26.614728525142763,16.129531609068106,36.47003075807103,25.945751184207264,18.89146028628079,0.0,11.898098908669873,51.62106967540071,9.155583580189269,36.72746604288141,3.2604373754813065,33.456341583721354,7.926990345059602,18.276340005347706,34.54033561384552,45.88050941502853,27.210130927844922],
        [20.09363565852156,13.973627427252703,46.94388397167247,22.689883559932497,35.243200857563544,22.29071178568103,47.615394399760234,24.527157391171652,48.53830797929836,46.539142466183236,32.13901652633905,11.165306304447668,21.56001543873872,9.956018750080517,27.428683393363226,27.446455244468172,45.163845871025856,18.998945454279017,30.251880479411458,11.898098908669873,0.0,53.474539519113016,17.470766358656675,30.649084871401723,15.048908540838434,42.90423488870008,18.758525186461274,20.323167555273876,42.22787055580444,46.34583799067208,20.09363565852156],
        [40.0348276056027,55.1577523867701,8.60667511386964,38.304680787639825,22.844856361312218,31.221532017463982,45.96222485582207,29.287681199716708,4.954318378863045,35.52592339040734,24.32664413580477,53.707023660951,32.76484792721117,56.96733699384269,26.05798134196375,46.81213525850858,32.31757261204919,40.10675528295465,47.03623957267209,51.62106967540071,53.474539519113016,0.0,43.06841458987297,34.30839600854585,50.637918832984106,36.20195561342292,46.79819866714936,33.83796559864405,28.07451357147312,8.677904741490432,40.0348276056027],
        [25.426445691034335,12.225653351777025,35.15087256416533,5.801274584122434,31.66038558856983,15.230131955083946,30.426656473488645,19.635042895239906,38.50096976113423,29.15877733980375,28.384565120239714,11.393121527803226,19.266002762645766,15.201082161283319,19.27827840812084,11.601787534877596,27.99970220280662,24.191364417218054,14.229460149872406,9.155583580189269,17.470766358656675,43.06841458987297,0.0,33.203607402532064,7.579907054634317,25.476937054906376,4.5684444561353725,11.284808463577777,25.637119077538536,37.923303359426626,25.426445691034335],
        [10.61174322599073,40.53424932271707,32.38528647864716,33.10742560155954,11.593385817179659,19.51530934557989,56.892351527202415,15.387284784461542,30.013072993604695,50.00592967016497,11.363640935116747,37.78426423289609,14.146616968851244,39.02129394318977,19.186405025580644,43.86927744390937,47.04415918537359,11.653068877701113,45.967048315785966,36.72746604288141,30.649084871401723,34.30839600854585,33.203607402532064,0.0,38.08391251642173,47.854675813331205,37.6436913571235,23.02292503485563,42.013128554323124,25.630779953296553,10.61174322599073],
        [29.015393205653744,4.770136958654042,42.72798566623015,12.954632206323751,38.15909234884696,21.860001003603006,33.55543116040328,26.0039402948761,46.046673829013294,34.37724276930656,34.83715459927775,5.0243301423796645,24.884027647882412,8.873439993308603,26.362995741154897,12.898240924259655,33.759281782320365,27.743400709508368,15.64741327863061,3.2604373754813065,15.048908540838434,50.637918832984106,7.579907054634317,38.08391251642173,0.0,30.571693583583805,5.046123527295827,18.082517360242598,32.11594573787875,45.33662324203766,29.015393205653744],
        [44.69947807370457,34.936279647162834,28.00157582403233,20.34207235317328,39.99129835883315,29.475172950481618,10.091387625084634,32.762418978671995,33.81328350932059,3.817966470921546,37.89636675022255,35.53631048336004,35.24547682973214,39.43641921488628,28.668309224771114,19.04582624456306,4.671011675139444,43.764208338347146,17.258245129904136,33.456341583721354,42.90423488870008,36.20195561342292,25.476937054906376,47.854675813331205,30.571693583583805,0.0,25.563952818605774,27.427546664202847,8.164764768037523,36.489700773953324,44.69947807370457],
        [29.512430653286106,9.680647340571175,38.66880142283554,8.548037868183984,36.207677380866045,19.7854578416706,29.008927369635277,24.201604145445998,42.353699889527945,29.3626377606137,32.939291754018,9.97242442615155,23.788713547418897,13.876781384149538,23.70806466035101,8.712162346577568,28.71328262090271,28.25756216921203,11.515835859385195,7.926990345059602,18.758525186461274,46.79819866714936,4.5684444561353725,37.6436913571235,5.046123527295827,25.563952818605774,0.0,15.8326272398895,27.1315141717848,42.0426925059751,29.512430653286106],
        [17.46872757238115,22.078363206045573,26.77894572836941,10.084549280352638,20.376398806332986,3.9602840783961106,35.209630440489605,8.43630311236423,29.004499682110566,30.423479279303024,17.10770558152753,20.20012919650798,8.914415227565188,23.217010104694353,8.341506915013797,20.923818072143348,28.149521373353487,16.448189704489376,22.94939006638266,18.276340005347706,20.323167555273876,33.83796559864405,11.284808463577777,23.02292503485563,18.082517360242598,27.427546664202847,15.8326272398895,0.0,24.067832278557898,27.648189925313297,17.46872757238115],
        [40.36308953896721,36.811894136567894,19.836836484302633,19.87888060567718,33.13972696165567,25.126156356107025,18.160493324630018,27.61535522980106,25.657101197200777,8.495397085498203,31.405317969094657,36.75525536836787,30.610758537570355,40.66320177445265,23.103901849944936,22.838372192360094,5.20840577940718,39.58301060571068,21.897428508113865,34.54033561384552,42.22787055580444,28.07451357147312,25.637119077538536,42.013128554323124,32.11594573787875,8.164764768037523,27.1315141717848,24.067832278557898,0.0,28.45075688548465,40.36308953896721],
        [31.658962207417805,49.60928607819617,9.859753885228566,33.86996508027268,14.187915010349043,24.494842737529627,46.57081573278231,21.833129024426523,4.845643650200728,36.72316330607101,15.868117319778312,47.84314824979248,25.071232157655007,50.81817369716374,19.39593361694609,43.54709856170543,33.37166538543448,31.816787588763024,44.26690689511126,45.88050941502853,46.34583799067208,8.677904741490432,37.923303359426626,25.630779953296553,45.33662324203766,36.489700773953324,42.0426925059751,27.648189925313297,28.45075688548465,0.0,31.658962207417805],
        [0.0,30.852481181097698,35.95392765472803,26.884778648798008,18.027587531208173,15.31011974660174,52.67704837163892,13.141730387581974,35.24600324184112,47.47618937944424,15.796235482351051,27.987411797402206,9.780830468115647,28.82196701714219,17.8626763331241,36.836838750537865,44.928071089555246,1.2720693426906062,39.25728199404416,27.210130927844922,20.09363565852156,40.0348276056027,25.426445691034335,10.61174322599073,29.015393205653744,44.69947807370457,29.512430653286106,17.46872757238115,40.36308953896721,31.658962207417805,0.0]
    ],
    "end_depot": 30,
    "start_depot": 0,
    "truck_dist": [
        [0.0,35.593419062332245,41.43961179035875,38.01963771908105,25.039119739608626,20.24626910964661,73.67220729902026,14.889701204847299,44.8435996018754,63.44772587712667,21.09183284558985,31.69315063354793,12.099674037808839,29.04965179025597,20.33604199458022,51.47488373064157,58.993395304452854,1.6129891403596979,55.13765924261767,32.476933954466325,23.549447643534982,51.74282963046137,35.06759073609269,13.40287574582383,36.59421603316488,60.81602553077779,39.901427881005354,24.39321325580884,51.659537126713865,41.9924056268206,0.0],
        [35.593419062332245,0.0,66.67569130983203,24.936423550802548,50.2751992590819,32.909939073201016,38.07878823668801,36.358442271611864,70.07967912134868,47.198847947126,46.32791236506313,3.9002684287843152,31.938853383390622,6.543767272076273,40.22260038185402,17.22098605880874,48.83358900901094,33.980429921972544,19.544240180285424,4.5955560004789575,19.689586076563593,76.97890914993465,17.281686964152478,42.344797464608895,6.671343090548312,42.4842017002492,12.995034662641352,29.14555941490321,49.518793908829345,67.22848514629388,35.593419062332245],
        [41.43961179035875,66.67569130983203,0.0,41.73926775902948,24.66502856104772,33.765752236631016,44.20818852582514,30.317249038220165,7.701365814641775,33.98370710393155,22.103536585086115,65.14899054970158,34.73683792644141,70.03208101460278,26.453090927978007,49.454705251023285,29.529376531257736,42.236221392553134,47.928595714270614,62.08013530935307,64.98905943389374,10.30321784010262,49.39400434567955,36.21539717547177,60.00434821928371,31.352006757582675,53.68065664719067,37.530131894928815,22.195518353518747,13.932835760495038,41.43961179035875],
        [38.01963771908105,24.936423550802548,41.73926775902948,0.0,33.22064750693365,17.77336860943444,35.65256957993921,23.12993651423375,45.143255570546124,25.428088158045618,30.659155530972047,23.409722790672095,25.91996368127221,28.292813255573304,17.68359572450083,13.455246011560522,23.897165458208395,36.40664857872135,17.11802152353662,20.34086755032359,23.24979167486425,52.0424855991321,7.6547365866500705,44.771016121357704,18.265080460254236,22.796387811696743,11.941388888161196,13.626424463272212,24.582370358026797,42.292061595491326,38.01963771908105],
        [25.039119739608626,50.2751992590819,24.66502856104772,33.22064750693365,0.0,17.36526018588089,68.87321708687286,13.916756987470041,19.804479862266774,58.64873566497927,3.9472868940187764,48.74849849895145,18.336345875691283,53.63158896385266,15.537051782432822,46.67589351849417,54.19440509230546,25.835729341803017,50.33866903047027,45.679643258602944,48.58856738314361,26.703709890852743,32.99351229492943,11.636243993784795,43.60385616853359,56.01703531863039,37.28016459644055,21.129639844178694,46.86054691456647,16.95328588721197,25.039119739608626],
        [20.24626910964661,32.909939073201016,33.765752236631016,17.77336860943444,17.36526018588089,0.0,53.425938189373646,5.356567904799313,37.16974004814766,43.20145676748005,13.417973291862111,31.383238313070564,8.146595071837773,36.26632877797177,7.312661308653006,31.22861462099496,38.74712619480624,18.633279969286914,34.891390132971054,28.31438307272206,31.22330719726272,44.068970076733635,15.628252109048539,26.997647511923265,26.238595982652704,40.56975642113118,19.914904410559664,4.146944146162227,31.413268017067253,34.31854607309286,20.24626910964661],
        [73.67220729902026,38.07878823668801,44.20818852582514,35.65256957993921,68.87321708687286,53.425938189373646,0.0,58.78250609417296,51.90955434046691,10.91067713296287,66.31172511091125,41.97905666547233,61.57253326121142,44.622555508764286,53.33616530444004,22.197323568378685,14.678811994567404,72.05921815866056,18.53454805640259,41.19527334455393,57.768374313251606,50.6884211737165,38.60461656292757,80.4235857012969,37.07799126585538,12.856181768242466,33.770779418014904,49.27899404321142,22.012670172306393,58.14102428632018,73.67220729902026],
        [14.889701204847299,36.358442271611864,30.317249038220165,23.12993651423375,13.916756987470041,5.356567904799313,58.78250609417296,0.0,33.72123684973681,48.55802467227937,9.969470093451264,34.83174151148141,4.4195888882212415,39.71483197638262,5.446340789732922,36.58518252579427,44.103694099605555,13.2767120644876,40.247958037770374,31.762886271132906,34.67181039567357,40.62046687832279,20.17788953124539,21.64107960712395,29.68709918106355,45.926324325930494,25.011726676158055,9.50351205096154,36.769835921866566,30.87004287468201,14.889701204847299],
        [44.8435996018754,70.07967912134868,7.701365814641775,45.143255570546124,19.804479862266774,37.16974004814766,51.90955434046691,33.72123684973681,0.0,41.685072918573326,23.751766756285548,68.55297836121822,38.14082573795805,73.43606882611942,29.857078739494654,52.858693062539935,37.23074234589951,45.64020920406979,51.33258352578726,65.48412312086973,68.39304724541037,6.899230028585973,52.7979921571962,31.44072385605157,63.40833603080036,39.05337257222445,57.084644458707324,40.934119706445465,29.89688416816052,6.231469945853264,44.8435996018754],
        [63.44772587712667,47.198847947126,33.98370710393155,25.428088158045618,58.64873566497927,43.20145676748005,10.91067713296287,48.55802467227937,41.685072918573326,0.0,56.08724368901767,45.672147186995545,51.34805183931783,50.55523765189675,43.111683882546444,29.977861888317257,4.454330572673816,61.83473673676697,28.45175235156458,42.60329194664704,47.54389289135802,40.463939751822906,29.91716098297352,70.19910427940331,40.527504856577686,4.714646246876795,34.203813284484646,39.05451262131783,11.788188750412807,47.91654286442659,63.44772587712667],
        [21.09183284558985,46.32791236506313,22.103536585086115,30.659155530972047,3.9472868940187764,13.417973291862111,66.31172511091125,9.969470093451264,23.751766756285548,56.08724368901767,0.0,44.801211604932675,14.389058981672505,49.68430206983388,12.975559806471217,44.11440154253257,51.63291311634385,21.88844244778424,47.77717705450867,41.73235636458417,44.64128048912483,30.65099678487152,29.04622540091065,14.111860590385655,39.656569274514816,53.45554334266879,33.332877702421776,17.182352950159917,44.29905493860486,20.900572781230746,21.09183284558985],
        [31.69315063354793,3.9002684287843152,65.14899054970158,23.409722790672095,48.74849849895145,31.383238313070564,41.97905666547233,34.83174151148141,68.55297836121822,45.672147186995545,44.801211604932675,0.0,30.41215262326017,4.883090464901208,38.69589962172357,19.781733097093642,47.30688824888049,30.080161493188232,23.44450860906974,3.0688552403485048,15.789317647779278,75.45220838980418,15.754986204022025,38.44452903582458,5.1446423304178595,40.95750094011875,11.4683339025109,27.618858654772758,47.99209314869889,65.70178438616342,31.69315063354793],
        [12.099674037808839,31.938853383390622,34.73683792644141,25.91996368127221,18.336345875691283,8.146595071837773,61.57253326121142,4.4195888882212415,38.14082573795805,51.34805183931783,14.389058981672505,30.41215262326017,0.0,35.29524308816138,8.2837469984634,39.37520969283273,46.893721266644015,10.486684897449141,43.037985204808834,27.343297382911665,30.252221507452326,45.04005576654403,22.96791669828385,18.85105244008549,25.26751029284231,48.716351492968954,27.801753843196515,12.293539218,39.559863088905026,35.289631762903255,12.099674037808839],
        [29.04965179025597,6.543767272076273,70.03208101460278,28.292813255573304,53.63158896385266,36.26632877797177,44.622555508764286,39.71483197638262,73.43606882611942,50.55523765189675,49.68430206983388,4.883090464901208,35.29524308816138,0.0,43.57899008662478,22.4252319403856,52.1899787137817,27.795859622049644,26.088007452361698,7.951945705249713,13.14581880448732,80.3352988547054,20.638076668923233,41.99534497006786,10.027732795319068,45.84059140501996,16.351424367412108,32.50194911967397,52.8751836136001,70.58487485106463,29.04965179025597],
        [20.33604199458022,40.22260038185402,26.453090927978007,17.68359572450083,15.537051782432822,7.312661308653006,53.33616530444004,5.446340789732922,29.857078739494654,43.111683882546444,12.975559806471217,38.69589962172357,8.2837469984634,43.57899008662478,0.0,31.13884173606135,38.65735330987263,18.723052854220523,34.801617248037445,35.627044381375065,38.535968505915726,36.75630876808063,22.940913417701545,27.08742039685687,33.55125729130571,40.47998353619757,27.22756571921267,11.077040966950811,31.323495132133644,27.005884764439852,20.33604199458022],
        [51.47488373064157,17.22098605880874,49.454705251023285,13.455246011560522,46.67589351849417,31.22861462099496,22.197323568378685,36.58518252579427,52.858693062539935,29.977861888317257,44.11440154253257,19.781733097093642,39.37520969283273,22.4252319403856,31.13884173606135,0.0,31.612602950202202,49.86189459028188,3.662775511976097,18.997949776175247,35.57105074487292,59.7579230911259,16.407292994548882,58.22626213291822,14.880667697476696,25.26321564144046,11.573455849636218,27.081670474832734,32.297807850020604,50.00749908748513,51.47488373064157],
        [58.993395304452854,48.83358900901094,29.529376531257736,23.897165458208395,54.19440509230546,38.74712619480624,14.678811994567404,44.103694099605555,37.23074234589951,4.454330572673816,51.63291311634385,47.30688824888049,46.893721266644015,52.1899787137817,38.65735330987263,31.612602950202202,0.0,57.38040616409316,30.086493413449528,44.238033008531986,47.14695713307265,36.009609179149095,31.551902044858466,65.7447737067295,42.16224591846263,6.3493873087617425,35.83855434636959,34.600182048644015,7.333858177738991,43.46221229175278,58.993395304452854],
        [1.6129891403596979,33.980429921972544,42.236221392553134,36.40664857872135,25.835729341803017,18.633279969286914,72.05921815866056,13.2767120644876,45.64020920406979,61.83473673676697,21.88844244778424,30.080161493188232,10.486684897449141,27.795859622049644,18.723052854220523,49.86189459028188,57.38040616409316,0.0,53.52467010225797,30.863944814106627,22.752838041340592,52.53943923265576,33.454601595732996,14.19948534801822,34.98122689280518,59.20303639041809,38.28843874064566,22.78022411544914,50.04654798635417,42.789015229014986,1.6129891403596979],
        [55.13765924261767,19.544240180285424,47.928595714270614,17.11802152353662,50.33866903047027,34.891390132971054,18.53454805640259,40.247958037770374,51.33258352578726,28.45175235156458,47.77717705450867,23.44450860906974,43.037985204808834,26.088007452361698,34.801617248037445,3.662775511976097,30.086493413449528,53.52467010225797,0.0,22.660725288151344,39.233826256849014,58.23181355437323,20.07006850652498,61.889037644894316,18.543443209452793,23.737106104687786,15.236231361612315,30.74444598680883,30.77169831326793,48.48138955073246,55.13765924261767],
        [32.476933954466325,4.5955560004789575,62.08013530935307,20.34086755032359,45.679643258602944,28.31438307272206,41.19527334455393,31.762886271132906,65.48412312086973,42.60329194664704,41.73235636458417,3.0688552403485048,27.343297382911665,7.951945705249713,35.627044381375065,18.997949776175247,44.238033008531986,30.863944814106627,22.660725288151344,0.0,16.573100968697673,72.38335314945569,12.68613096367352,39.228312356742975,4.117282078698551,37.888645699770244,8.399478662162394,24.550003414424253,44.92323790835039,62.63292914581491,32.476933954466325],
        [23.549447643534982,19.689586076563593,64.98905943389374,23.24979167486425,48.58856738314361,31.22330719726272,57.768374313251606,34.67181039567357,68.39304724541037,47.54389289135802,44.64128048912483,15.789317647779278,30.252221507452326,13.14581880448732,38.535968505915726,35.57105074487292,47.14695713307265,22.752838041340592,39.233826256849014,16.573100968697673,0.0,75.29227727399635,19.163757750324038,36.95232338935881,20.690383047396224,44.91219254500914,23.997594895236702,27.458927538964915,47.83216203289105,65.54185327035557,23.549447643534982],
        [51.74282963046137,76.97890914993465,10.30321784010262,52.0424855991321,26.703709890852743,44.068970076733635,50.6884211737165,40.62046687832279,6.899230028585973,40.463939751822906,30.65099678487152,75.45220838980418,45.04005576654403,80.3352988547054,36.75630876808063,59.7579230911259,36.009609179149095,52.53943923265576,58.23181355437323,72.38335314945569,75.29227727399635,0.0,59.69722218578217,38.33995388463754,70.30756605938633,37.832239405474034,63.98387448729329,47.83334973503143,28.675751001410106,9.750424003640774,51.74282963046137],
        [35.06759073609269,17.281686964152478,49.39400434567955,7.6547365866500705,32.99351229492943,15.628252109048539,38.60461656292757,20.17788953124539,52.7979921571962,29.91716098297352,29.04622540091065,15.754986204022025,22.96791669828385,20.638076668923233,22.940913417701545,16.407292994548882,31.551902044858466,33.454601595732996,20.07006850652498,12.68613096367352,19.163757750324038,59.69722218578217,0.0,41.81896913836934,10.610343873604165,25.748434794685103,4.833837144912664,11.863872450750733,32.23710694467687,49.94679818214139,35.06759073609269],
        [13.40287574582383,42.344797464608895,36.21539717547177,44.771016121357704,11.636243993784795,26.997647511923265,80.4235857012969,21.64107960712395,31.44072385605157,70.19910427940331,14.111860590385655,38.44452903582458,18.85105244008549,41.99534497006786,27.08742039685687,58.22626213291822,65.7447737067295,14.19948534801822,61.889037644894316,39.228312356742975,36.95232338935881,38.33995388463754,41.81896913836934,0.0,43.34559443544153,67.56740393305444,46.652806283282004,31.14459165808549,58.410915528990515,28.589529880996768,13.40287574582383],
        [36.59421603316488,6.671343090548312,60.00434821928371,18.265080460254236,43.60385616853359,26.238595982652704,37.07799126585538,29.68709918106355,63.40833603080036,40.527504856577686,39.656569274514816,5.1446423304178595,25.26751029284231,10.027732795319068,33.55125729130571,14.880667697476696,42.16224591846263,34.98122689280518,18.543443209452793,4.117282078698551,20.690383047396224,70.30756605938633,10.610343873604165,43.34559443544153,0.0,35.81285860970089,6.32369157209304,22.4742163243549,42.84745081828103,60.55714205574556,36.59421603316488],
        [60.81602553077779,42.4842017002492,31.352006757582675,22.796387811696743,56.01703531863039,40.56975642113118,12.856181768242466,45.926324325930494,39.05337257222445,4.714646246876795,53.45554334266879,40.95750094011875,48.716351492968954,45.84059140501996,40.47998353619757,25.26321564144046,6.3493873087617425,59.20303639041809,23.737106104687786,37.888645699770244,44.91219254500914,37.832239405474034,25.748434794685103,67.56740393305444,35.81285860970089,0.0,29.48916703760785,36.422812274968955,9.156488404063928,45.28484251807771,60.81602553077779],
        [39.901427881005354,12.995034662641352,53.68065664719067,11.941388888161196,37.28016459644055,19.914904410559664,33.770779418014904,25.011726676158055,57.084644458707324,34.203813284484646,33.332877702421776,11.4683339025109,27.801753843196515,16.351424367412108,27.22756571921267,11.573455849636218,35.83855434636959,38.28843874064566,15.236231361612315,8.399478662162394,23.997594895236702,63.98387448729329,4.833837144912664,46.652806283282004,6.32369157209304,29.48916703760785,0.0,16.15052475226186,36.52375924618799,54.23345048365252,39.901427881005354],
        [24.39321325580884,29.14555941490321,37.530131894928815,13.626424463272212,21.129639844178694,4.146944146162227,49.27899404321142,9.50351205096154,40.934119706445465,39.05451262131783,17.182352950159917,27.618858654772758,12.293539218,32.50194911967397,11.077040966950811,27.081670474832734,34.600182048644015,22.78022411544914,30.74444598680883,24.550003414424253,27.458927538964915,47.83334973503143,11.863872450750733,31.14459165808549,22.4742163243549,36.422812274968955,16.15052475226186,0.0,27.266323870905026,38.08292573139066,24.39321325580884],
        [51.659537126713865,49.518793908829345,22.195518353518747,24.582370358026797,46.86054691456647,31.413268017067253,22.012670172306393,36.769835921866566,29.89688416816052,11.788188750412807,44.29905493860486,47.99209314869889,39.559863088905026,52.8751836136001,31.323495132133644,32.297807850020604,7.333858177738991,50.04654798635417,30.77169831326793,44.92323790835039,47.83216203289105,28.675751001410106,32.23710694467687,58.410915528990515,42.84745081828103,9.156488404063928,36.52375924618799,27.266323870905026,0.0,36.12835411401379,51.659537126713865],
        [41.9924056268206,67.22848514629388,13.932835760495038,42.292061595491326,16.95328588721197,34.31854607309286,58.14102428632018,30.87004287468201,6.231469945853264,47.91654286442659,20.900572781230746,65.70178438616342,35.289631762903255,70.58487485106463,27.005884764439852,50.00749908748513,43.46221229175278,42.789015229014986,48.48138955073246,62.63292914581491,65.54185327035557,9.750424003640774,49.94679818214139,28.589529880996768,60.55714205574556,45.28484251807771,54.23345048365252,38.08292573139066,36.12835411401379,0.0,41.9924056268206],
        [0.0,35.593419062332245,41.43961179035875,38.01963771908105,25.039119739608626,20.24626910964661,73.67220729902026,14.889701204847299,44.8435996018754,63.44772587712667,21.09183284558985,31.69315063354793,12.099674037808839,29.04965179025597,20.33604199458022,51.47488373064157,58.993395304452854,1.6129891403596979,55.13765924261767,32.476933954466325,23.549447643534982,51.74282963046137,35.06759073609269,13.40287574582383,36.59421603316488,60.81602553077779,39.901427881005354,24.39321325580884,51.659537126713865,41.9924056268206,0.0]
    ],
    "vertex_count": 31
}