{
    "drone_dist": [
        [0.0,888.8203977132324,3670.494772499118,3590.8545732557354,3938.756117608162,1788.0259464757276,1881.8544330605275,2831.6718834184358,2546.6641080570303,4888.846344359546,1138.2306709367106,2153.402500936582,4075.781110107286,2704.5346191972185,3207.8163096448598,3505.2156268972244,2719.1344435115384,1680.2568276515196,2332.6531996349954,2868.347946931565,2357.43982706687,3013.102777560024,2689.9117681022526,1474.5213530696944,3732.288644442608,4364.5820744094335,3858.9915206203877,1603.7632098719662,1279.4576642011668,4207.381686688961,1025.6271508441057,2481.0371966869616,1791.2351836664072,3101.5162198921503,1011.0228925307861,2380.3171973995736,3926.7670933016116,4231.007353992176,1207.4238412055042,4733.609193221952,2001.9665225167582,2925.8337529795926,2416.7638081284467,4415.502083573337,3192.0326841578017,2879.1184706347185,1728.0700434201199,2898.7673672009723,1167.3903680511985,4831.98023268122,0.0],
        [888.8203977132324,0.0,3772.653389250634,3081.594998505557,4321.457978813487,919.332514409212,2206.7340841803216,2983.8616967652533,2698.543341270245,4532.947721332442,389.2216366854241,2743.6367434489275,3640.9604941061016,3223.2689187072933,2863.517892802823,3557.790706077583,3374.2512730486415,1188.3745756659735,1884.5590065490167,3026.1307798330545,2081.5866493147164,3290.2096937855667,2614.7461611189415,2274.913036863808,4061.687783567111,4198.8444658511335,4108.4717849932385,853.3615727009986,390.86383565888036,3931.2140142644985,1878.1638098717165,1831.496278662524,904.8259144848791,3798.1441667614267,923.3759407649851,3148.4938787471356,4212.435117354979,4097.283900080595,1886.1038499150377,4638.574560827103,2282.5547688604715,2583.9620348074686,3047.6557539109613,4723.174611867671,3689.9552455282296,3252.210947364093,1643.4851095622464,2202.423455882879,1211.0375012610687,4546.949292471116,888.8203977132324],
        [3670.494772499118,3772.653389250634,0.0,2528.7927492876574,1351.031824420435,3824.1930804274525,1841.0572296161404,842.2157824798371,1123.9806464828814,2397.520122008856,3503.8661383965773,2221.0970783979833,2338.3826044146454,1833.507788591652,1839.9017737756956,279.07395129031767,2443.925578146567,2813.5845456512257,2407.4466181864,808.8421368235458,1953.781055220579,897.7821075629921,1248.7495629186546,3142.372590166396,1019.2185481769194,1329.3139906745257,702.4292305398517,3389.5650582368944,3896.6787317730727,1701.0821109438457,3418.5552702462232,2997.971905078889,3991.7114078546956,2751.3842722886543,2863.7742635499653,3021.221933760757,894.6825502446613,1135.8588338336406,2816.409328617689,1341.3583899694468,1700.2267815999626,1886.7323487742137,2328.787083101105,1298.8189734434427,1721.0578029629264,1256.8116990520437,2134.336846601853,3214.96065537739,2595.1510612502166,2072.5708471602293,3670.494772499118],
        [3590.8545732557354,3081.594998505557,2528.7927492876574,0.0,3821.918110260068,2509.3601667023104,2792.116875344403,2412.4622413294587,2365.3132987093268,1587.7560830209127,2692.7479073884033,3652.5873397965174,633.2515355885404,3656.280433475358,737.9419225115405,2261.881188534459,4211.246574080955,1930.575573277324,1258.7624387379726,2439.796791222649,1381.3362173074925,2905.3034558881145,1690.4572910583554,4078.813669370514,3470.736323674442,1847.0432757487824,3219.7421882310136,2271.142348274176,2930.802042702741,1306.3607434190194,4036.7581962236563,1313.3133371098147,2677.033501384855,4652.349135405155,2596.095933099947,4503.8666283928505,3408.9795115996976,1888.0672231375104,3555.0156333471173,2389.087039630255,2686.493463417103,875.1246626018022,3935.3482190712907,3824.3519213682857,3840.96136332999,3198.666202272806,2063.2553983221533,1152.369683109989,2543.0255830024994,1759.7382196080646,3590.8545732557354],
        [3938.756117608162,4321.457978813487,1351.031824420435,3821.918110260068,0.0,4628.234257548108,2116.7781770901584,1550.753331713271,1764.4930053436128,3712.061804315195,4151.313281953006,1911.7979277278887,3683.8236350383927,1327.3393644326493,3099.411413566458,1583.2354094683358,1733.187885718875,3636.1008577411926,3432.537578075825,1509.5748237141358,2961.859022271262,1087.56012183578,2285.094663724143,2915.445307833692,351.76285963256447,2620.659585292747,666.7480765140785,4181.971400497919,4547.770658250267,3045.8550582847633,3337.475401998873,4047.651027633186,4774.94512833869,1832.276642641819,3411.7029213076976,2412.1329784631475,486.5672761504672,2435.7857324878655,2813.467168434804,2462.6225141501236,2040.6694160063855,3079.8027861953997,1814.2448447680433,593.9892253724066,892.1139922228655,1072.1715065801918,2848.737193092284,4343.295118359632,3120.9622905601223,3359.2966788513895,3938.756117608162],
        [1788.0259464757276,919.332514409212,3824.1930804274525,2509.3601667023104,4628.234257548108,0.0,2608.4016141200827,3142.0361973658364,2884.0321639169388,4066.1385932540707,682.4250535287964,3322.1467366352617,3123.611009176706,3710.4652994529006,2502.268655529009,3571.9100509488685,3981.8872702456883,1014.3239358226756,1531.7843077081245,3186.1198991219594,1905.2606456076614,3545.9754479805633,2580.4922790103487,3056.0328750186477,4326.13059009279,3948.335842958392,4291.19842653127,446.6590449027807,565.969091580514,3574.661462617442,2718.3158589631535,1196.7009577614795,178.17322443561125,4433.234892752253,1359.6064918164327,3872.304840170889,4426.763396232099,3885.6068923480234,2596.3851791284765,4444.334560447315,2636.0004595223154,2254.5250085687258,3646.177351282247,4940.15708037786,4135.180040017521,3602.00790571789,1780.243554326926,1456.2779850825239,1612.188847423964,4155.172913753745,1788.0259464757276],
        [1881.8544330605275,2206.7340841803216,1841.0572296161404,2792.116875344403,2116.7781770901584,2608.4016141200827,0.0,1005.249125350182,751.416355493158,3590.264544289435,2062.4521406221274,880.5988799186208,3024.6528569863544,1112.7277599362367,2128.0758470601277,1726.0594834270462,1509.1134527507202,1701.5194323997762,1811.9142078021614,1034.485062511131,1451.3232762055409,1132.0564814950085,1226.2017401164533,1421.4278297099718,1873.062178493,2793.185316739587,1977.4909191260151,2174.9938122331073,2452.042235117905,2827.7895353531935,1602.178979776626,2360.1448696770312,2735.920341825438,1974.8174274407622,1309.5462353402888,1712.035556347949,2051.4295868459767,2624.1925359908455,999.7097645491199,3048.2089472076286,149.11929359533693,1921.0041836177081,1192.844256018052,2549.6205609400286,1527.317983790588,1045.7600090511241,938.4823781455174,2761.445596655102,1022.4605596203974,3412.303935118433,1881.8544330605275],
        [2831.6718834184358,2983.8616967652533,842.2157824798371,2412.4622413294587,1550.753331713271,3142.0361973658364,1005.249125350182,0.0,288.82146635635814,2799.0334637663573,2745.3314881760552,1528.1651177033634,2439.6831028437223,1312.0780643764351,1674.9727118309872,726.1152071275959,1919.6903764564279,2131.295359914188,1881.8038016142793,44.0846986119503,1411.3832437402004,502.7465546105067,756.6361517281578,2361.1913062392064,1216.697670436243,1873.567480727956,1150.1537435954988,2696.885149220377,3143.6616283965445,2032.9635756254597,2599.131842695444,2496.9328525039905,3299.662084758602,2316.343095552259,2063.424611621931,2388.445236570757,1286.536512244419,1690.2839756589453,1995.1178791975235,2064.7864785518,861.3497558645818,1590.3566372394027,1716.6458968647937,1798.5886079202926,1429.7858776586702,792.8120320740951,1379.6011037907276,2800.7965004744156,1784.4113801819594,2556.76301175008,2831.6718834184358],
        [2546.6641080570303,2698.543341270245,1123.9806464828814,2365.3132987093268,1764.4930053436128,2884.0321639169388,751.416355493158,288.82146635635814,0.0,2918.0756807627968,2466.9837433312287,1394.4022399498515,2467.638583616104,1292.4998046721032,1639.1385372164445,980.2773540871177,1868.3197839183065,1879.5445151827532,1694.4784224400626,329.2711872538585,1233.9533784551172,678.4891110579248,675.0113916608547,2148.6580295450126,1446.7375517783369,2057.7717742465047,1420.9499637123095,2437.661025925547,2865.8988235175593,2148.900473117838,2353.588313291044,2306.589018475757,3038.1316441699832,2294.8494484384046,1776.9581558826806,2268.536265296176,1545.2817397402152,1883.2806863735748,1750.7909622820698,2296.871179394038,602.9915348413888,1508.2285801606654,1625.8053283048039,2059.829738527629,1505.7516287894969,863.7397386052517,1109.6630789876494,2637.558364484842,1496.5780411428786,2706.731967337061,2546.6641080570303],
        [4888.846344359546,4532.947721332442,2397.520122008856,1587.7560830209127,3712.061804315195,4066.1385932540707,3590.264544289435,2799.0334637663573,2918.0756807627968,0.0,4153.381462971533,4309.557947397849,954.7591060651499,4093.264230898617,1685.970450898071,2242.8239221527065,4709.84749296558,3345.0899939775186,2648.5748978754327,2802.0222676358403,2531.453054112554,3163.4070131531043,2371.7700439284454,5006.600749858446,3403.6567884824435,1093.8302108712737,3045.460637799389,3780.2625900722296,4439.748281510388,769.2812496125848,5100.30056489662,2874.053518488229,4238.611058464574,5078.4770368574,3880.6194077226446,5180.2984165606695,3228.234752533896,1276.2765664413937,4535.423499893361,1426.563455886794,3449.4132325244314,1969.7236172201312,4515.405517960925,3468.1749387487835,4087.833684069242,3529.04282735041,3186.5870863880123,2738.9455467121966,3740.9789579721723,402.17591939470947,4888.846344359546],
        [1138.2306709367106,389.2216366854241,3503.8661383965773,2692.7479073884033,4151.313281953006,682.4250535287964,2062.4521406221274,2745.3314881760552,2466.9837433312287,4153.381462971533,0.0,2701.811665905032,3255.3950472502956,3132.9948271714898,2491.640624936125,3275.769362163872,3353.5565153079438,815.415974196245,1505.3515104990931,2788.6949776769843,1733.3809088828568,3092.3631167965527,2309.4511859325703,2376.2628425867497,3872.503281560336,3852.6121979500413,3887.4542836418195,482.7394261231893,399.21051103210596,3564.8226268527646,2037.0014941789693,1446.3526354832134,740.9719489883779,3796.1274286810485,755.9314720419751,3205.524387708012,4004.0354588369346,3758.8796401144,1927.849916713254,4306.193652021369,2116.1541319440053,2214.6872940412004,3019.8208840961984,4518.141185180051,3580.7661389478594,3094.638321450854,1372.2433209422827,1827.3724951976749,1039.9923801451266,4176.953909016618,1138.2306709367106],
        [2153.402500936582,2743.6367434489275,2221.0970783979833,3652.5873397965174,1911.7979277278887,3322.1467366352617,880.5988799186208,1528.1651177033634,1394.4022399498515,4309.557947397849,2701.811665905032,0.0,3837.1949555594806,588.4967494779087,2964.460154212464,2210.869238077372,663.3059467926112,2509.304046213249,2689.0938427785354,1534.4599947775955,2330.1561909164684,1330.29277193628,2017.8780750200635,1010.2516266702087,1804.7605452704502,3399.8830954273308,2062.900952703135,2915.5410904343753,3058.5824636163156,3540.3352802834706,1428.5830465023582,3221.9305727621504,3425.7115097818664,1125.6425035606173,1963.8929341773714,874.9161599617255,2055.09566936673,3214.223601525418,953.7541984012515,3546.5644011143504,968.162199579989,2777.711032634388,328.52576118495216,2466.627241921154,1069.623856289584,1011.3729577111552,1795.6023656972952,3632.133818611238,1716.1855756217253,4082.655344677649,2153.402500936582],
        [4075.781110107286,3640.9604941061016,2338.3826044146454,633.2515355885404,3683.8236350383927,3123.611009176706,3024.6528569863544,2439.6831028437223,2467.638583616104,954.7591060651499,3255.3950472502956,3837.1949555594806,0.0,3743.3892526884547,914.4293349274376,2102.1399937593,4334.510205175414,2463.0656707912563,1766.8004910146171,2457.19111133598,1750.4152757921433,2894.9429880346743,1819.3389821981868,4392.328627082042,3341.3931691002203,1376.1491376044805,3040.2779078931508,2858.323825544394,3519.7860318790567,800.2237048767691,4412.822197602666,1927.8467572391496,3294.155410390803,4750.242007487119,3066.175237735531,4708.746706831633,3232.563082671645,1467.4850346697117,3887.1358683759167,1897.5501656831057,2899.5272422115295,1174.5195588980505,4090.2055432687207,3590.1547160472674,3849.992588377879,3228.7007545230854,2440.3019773048663,1785.3343138592693,2967.979661330553,1145.2587814605806,4075.781110107286],
        [2704.5346191972185,3223.2689187072933,1833.507788591652,3656.280433475358,1327.3393644326493,3710.4652994529006,1112.7277599362367,1312.0780643764351,1292.4998046721032,4093.264230898617,3132.9948271714898,588.4967494779087,3743.3892526884547,0.0,2931.6248537550437,1887.452967679723,619.1945227150794,2813.384332193561,2856.442002758083,1301.4421171949202,2438.7291021144138,949.0260765146164,1967.1121665421622,1588.1447927667368,1249.3915705516904,3106.033988633592,1546.2617268104948,3282.4157788487923,3509.477686359833,3333.4492788727925,2017.043125550373,3436.4327246618695,3830.895251476807,1006.8601172719356,2378.219843163048,1203.7167880341851,1511.1439503633121,2913.556622221279,1525.0327214885995,3174.62704562145,1123.753440827415,2792.4586784239114,524.3258997422271,1892.764964854872,488.7723974889433,579.4355514998505,2037.5842563159692,3816.892592486592,2103.9073211082373,3824.54787225774,2704.5346191972185],
        [3207.8163096448598,2863.517892802823,1839.9017737756956,737.9419225115405,3099.411413566458,2502.268655529009,2128.0758470601277,1674.9727118309872,1639.1385372164445,1685.970450898071,2491.640624936125,2964.460154212464,914.4293349274376,2931.6248537550437,0.0,1564.8702114147522,3498.840392671336,1676.772790644936,994.8040185609755,1701.972599773665,853.8671217885011,2167.3959069451066,965.4775644438832,3479.9291557338165,2747.6732271085375,1464.8654481461924,2515.205664905857,2159.1381527634608,2805.2714227270917,1079.8700409393095,3500.062666134902,1387.1198548611817,2680.129668812762,3932.83205995088,2197.6309903666047,3828.668390405412,2701.445894199876,1434.14083380729,2972.9007794445743,1987.7872399480402,2009.7385859965952,283.77290050818715,3234.3476010668664,3138.2396696482665,3104.120032197436,2462.808684954108,1533.9889525043393,1461.0635608785042,2074.0529261609354,1685.5043726070892,3207.8163096448598],
        [3505.2156268972244,3557.790706077583,279.07395129031767,2261.881188534459,1583.2354094683358,3571.9100509488685,1726.0594834270462,726.1152071275959,980.2773540871177,2242.8239221527065,3275.769362163872,2210.869238077372,2102.1399937593,1887.452967679723,1564.8702114147522,0.0,2506.1204373171126,2565.4788343960317,2136.9330457041465,704.0734959560449,1688.5343312208058,939.316328733109,991.472382752367,3083.3750860334953,1239.267420242444,1219.047507142952,958.2605186955951,3141.211971265416,3665.0505972251112,1513.6927540445245,3324.295810935904,2723.30510365014,3741.288971589611,2847.618437805234,2659.887415960193,3044.398400558412,1148.5185059846551,1026.170080206036,2720.280143744582,1343.781000010204,1579.5356074331498,1607.665682752449,2355.683291982497,1573.6406408286452,1845.036572886448,1309.882815284971,1914.490707682574,2936.2154213425447,2400.2932870750356,1946.322776618989,3505.2156268972244],
        [2719.1344435115384,3374.2512730486415,2443.925578146567,4211.246574080955,1733.187885718875,3981.8872702456883,1509.1134527507202,1919.6903764564279,1868.3197839183065,4709.84749296558,3353.5565153079438,663.3059467926112,4334.510205175414,619.1945227150794,3498.840392671336,2506.1204373171126,0.0,3170.146210848692,3318.60479838042,1912.077581021284,2934.605792061147,1567.0783512007447,2534.4797895025395,1364.1270010548835,1752.7916338974744,3724.9366972423522,2092.4240417636915,3578.0537163976946,3701.9577948532387,3948.15747770079,1853.9831517640916,3867.6941112024156,4082.2134866670826,466.56956773533346,2622.5258546562914,679.8297616906065,2023.9208509405312,3532.2884336793727,1516.6983124109336,3782.9177075132475,1570.072978418332,3338.859726231782,335.94851746534124,2326.26141633429,851.0975421140456,1196.672407077747,2442.1137861269417,4270.491484494193,2378.7862475740776,4443.602397607627,2719.1344435115384],
        [1680.2568276515196,1188.3745756659735,2813.5845456512257,1930.575573277324,3636.1008577411926,1014.3239358226756,1701.5194323997762,2131.295359914188,1879.5445151827532,3345.0899939775186,815.415974196245,2509.304046213249,2463.0656707912563,2813.384332193561,1676.772790644936,2565.4788343960317,3170.146210848692,0.0,698.2749012318147,2175.3460422806106,937.213165332323,2549.489627679057,1576.0769585628254,2505.6794245883516,3325.7038227849753,3048.035642413834,3278.971523367092,576.0190470592764,1152.564066707868,2749.461528268214,2309.823044561358,839.1718521022273,1178.6940594423543,3634.716207890399,752.7986825207037,3191.7297909611975,3417.469691546325,2962.0990177413632,1982.947010300366,3514.576448170501,1699.4162255978454,1399.2804082001917,2837.631433974949,3929.8748630839978,3203.808825460874,2635.2305382518152,796.4353370488271,1277.2660300407908,852.8469829996958,3361.7878329793216,1680.2568276515196],
        [2332.6531996349954,1884.5590065490167,2407.4466181864,1258.7624387379726,3432.537578075825,1531.7843077081245,1811.9142078021614,1881.8038016142793,1694.4784224400626,2648.5748978754327,1505.3515104990931,2689.0938427785354,1766.8004910146171,2856.442002758083,994.8040185609755,2136.9330457041465,3318.60479838042,698.2749012318147,0.0,1923.0209095772282,471.6200547894624,2363.8326730234653,1176.7192385442845,2923.324847782991,3095.7035226354983,2418.2904512579626,2972.6213007938463,1166.5853259585322,1810.5184854271195,2074.414116505581,2821.396529770693,615.1412973799387,1709.7544719153536,3782.630526526186,1338.8378440212443,3476.2041957874476,3134.692846836918,2353.941086881529,2390.424162764749,2912.829910776016,1751.7609899309678,729.5337880299352,3004.736893691787,3629.9982560722356,3168.470109282576,2543.3602953058326,916.925564012027,960.5788761276056,1310.672807721091,2678.2003716442873,2332.6531996349954],
        [2868.347946931565,3026.1307798330545,808.8421368235458,2439.796791222649,1509.5748237141358,3186.1198991219594,1034.485062511131,44.0846986119503,329.2711872538585,2802.0222676358403,2788.6949776769843,1534.4599947775955,2457.19111133598,1301.4421171949202,1701.972599773665,704.0734959560449,1912.077581021284,2175.3460422806106,1923.0209095772282,0.0,1452.2960226470482,469.60610074630193,792.0141389034575,2379.9482328526246,1174.3901649196705,1865.5130536366003,1106.1090123397892,2740.96911168051,3187.0931532945997,2037.3740711510486,2624.562884131312,2538.106292564444,3343.7389095137532,2303.6389905631368,2105.32039480171,2390.8595099269774,1242.562771612484,1680.7108503929799,2020.6926249314674,2045.8191327035433,892.0076960819383,1622.7184547375955,1715.567352183504,1754.532174572812,1405.06546042497,772.1405922631553,1423.408761689593,2839.7970739246593,1825.6976400595572,2554.495204864181,2868.347946931565],
        [2357.43982706687,2081.5866493147164,1953.781055220579,1381.3362173074925,2961.859022271262,1905.2606456076614,1451.3232762055409,1411.3832437402004,1233.9533784551172,2531.453054112554,1733.3809088828568,2330.1561909164684,1750.4152757921433,2438.7291021144138,853.8671217885011,1688.5343312208058,2934.605792061147,937.213165332323,471.6200547894624,1452.2960226470482,0.0,1897.1395812410758,711.0178449193793,2697.509746170314,2624.2952753997224,2119.5438575464495,2503.3999995278978,1494.5303644291982,2088.267115471341,1868.4146723942372,2672.540421734085,1086.1253519007284,2079.530445448332,3393.194997832836,1349.78528893159,3155.442085758547,2664.0275690955996,2027.009756674362,2174.818036630733,2577.8932202624233,1367.3934320053345,577.2873698133603,2633.5706260601914,3161.0943135239404,2724.457402484736,2091.376950229765,693.0415986158882,1403.9023659440886,1220.855864156742,2491.6758762248687,2357.43982706687],
        [3013.102777560024,3290.2096937855667,897.7821075629921,2905.3034558881145,1087.56012183578,3545.9754479805633,1132.0564814950085,502.7465546105067,678.4891110579248,3163.4070131531043,3092.3631167965527,1330.29277193628,2894.9429880346743,949.0260765146164,2167.3959069451066,939.316328733109,1567.0783512007447,2549.489627679057,2363.8326730234653,469.60610074630193,1897.1395812410758,0.0,1259.2063173088018,2284.400092031434,782.0246409754245,2158.358125298349,846.0031137016912,3099.3634075444475,3491.06125331874,2413.1834438093547,2606.213502111848,2978.081721280718,3695.5701568285967,1915.2871689465937,2369.217960035747,2124.4788685812027,925.0963090911972,1965.4178998398597,2017.7711906680995,2236.524882673577,1023.0869632294294,2092.292286945377,1432.1834694156942,1433.1143215289385,955.1218710496789,370.5693132841783,1765.7571170771964,3294.863160703881,2079.573150947624,2881.948303829634,3013.102777560024],
        [2689.9117681022526,2614.7461611189415,1248.7495629186546,1690.4572910583554,2285.094663724143,2580.4922790103487,1226.2017401164533,756.6361517281578,675.0113916608547,2371.7700439284454,2309.4511859325703,2017.8780750200635,1819.3389821981868,1967.1121665421622,965.4775644438832,991.472382752367,2534.4797895025395,1576.0769585628254,1176.7192385442845,792.0141389034575,711.0178449193793,1259.2063173088018,0.0,2635.6177878415733,1940.3417716416066,1679.5948741605384,1796.8019857687957,2151.157310154514,2691.6137664858966,1617.8965952439107,2742.039149666123,1784.421844025354,2750.2064863884257,2967.3720671105193,1755.3390490455502,2889.7176311189482,1961.863858985926,1541.175716053506,2166.4739420779306,2051.5153499216162,1091.6525936653463,840.8061205406015,2276.0853109117734,2453.7314674075446,2163.2877008442047,1518.345043748962,988.7665308092418,2058.677842195759,1530.0843749331852,2221.7796003604194,2689.9117681022526],
        [1474.5213530696944,2274.913036863808,3142.372590166396,4078.813669370514,2915.445307833692,3056.0328750186477,1421.4278297099718,2361.1913062392064,2148.6580295450126,5006.600749858446,2376.2628425867497,1010.2516266702087,4392.328627082042,1588.1447927667368,3479.9291557338165,3083.3750860334953,1364.1270010548835,2505.6794245883516,2923.324847782991,2379.9482328526246,2697.509746170314,2284.400092031434,2635.6177878415733,0.0,2814.513581876277,4205.766350468562,3061.2973632075013,2731.251050776213,2649.3435351163207,4247.032432184464,498.21325216150194,3327.7432693417845,3111.9297208366493,1675.6268907474023,1784.6867173683186,910.1708201662979,3062.37300728482,4031.9070095355246,533.2097462502192,4425.676944003667,1567.061036112453,3240.534975465953,1135.09993670261,3476.194913537822,2048.5733712877427,2001.801963424786,2025.1024954569127,3765.788363670289,1658.9796989393942,4833.727041554286,1474.5213530696944],
        [3732.288644442608,4061.687783567111,1019.2185481769194,3470.736323674442,351.76285963256447,4326.13059009279,1873.062178493,1216.697670436243,1446.7375517783369,3403.6567884824435,3872.503281560336,1804.7605452704502,3341.3931691002203,1249.3915705516904,2747.6732271085375,1239.267420242444,1752.7916338974744,3325.7038227849753,3095.7035226354983,1174.3901649196705,2624.2952753997224,782.0246409754245,1940.3417716416066,2814.513581876277,0.0,2318.4491464901434,384.5269085642784,3879.4715588955087,4270.83951976561,2720.0252149178596,3205.3980396371317,3710.404283564813,4476.798869009194,1936.7693435024826,3143.8085279123575,2415.841192517558,271.43557142294867,2129.623269877775,2652.300577189045,2206.9472471807453,1781.4130906049943,2729.325927235887,1767.7044203224118,684.5902148872212,908.6626836078241,857.335544427019,2546.353081154691,3999.013517948705,2853.303340238947,3061.5828358254157,3732.288644442608],
        [4364.5820744094335,4198.8444658511335,1329.3139906745257,1847.0432757487824,2620.659585292747,3948.335842958392,2793.185316739587,1873.567480727956,2057.7717742465047,1093.8302108712737,3852.6121979500413,3399.8830954273308,1376.1491376044805,3106.033988633592,1464.8654481461924,1219.047507142952,3724.9366972423522,3048.035642413834,2418.2904512579626,1865.5130536366003,2119.5438575464495,2158.358125298349,1679.5948741605384,4205.766350468562,2318.4491464901434,0.0,1954.713877664155,3578.0465349225406,4200.0191259327,576.3270883710852,4380.351959729387,2851.6257123186824,4126.494304301196,4062.7885369823375,3402.4522187378457,4250.248032066411,2135.79994694996,194.35060050687608,3785.940342220347,542.9935225427387,2644.71161943936,1694.4975733066026,3566.0026518979503,2381.5555174792134,3045.329845591985,2528.919165484207,2643.2776798901095,2884.448896412498,3199.046520733922,744.4690192655015,4364.5820744094335],
        [3858.9915206203877,4108.4717849932385,702.4292305398517,3219.7421882310136,666.7480765140785,4291.19842653127,1977.4909191260151,1150.1537435954988,1420.9499637123095,3045.460637799389,3887.4542836418195,2062.900952703135,3040.2779078931508,1546.2617268104948,2515.205664905857,958.2605186955951,2092.4240417636915,3278.971523367092,2972.6213007938463,1106.1090123397892,2503.3999995278978,846.0031137016912,1796.8019857687957,3061.2973632075013,384.5269085642784,1954.713877664155,0.0,3846.5183200779456,4286.50672368173,2382.9889121393135,3419.852337871586,3581.116039494064,4449.595418199225,2306.5390781144374,3185.099639709667,2739.8495986603734,192.29533663608174,1769.1971417198363,2843.747736060117,1823.4592647895224,1864.351341878718,2531.2307423106267,2070.5836968656663,657.8514172660092,1265.875971423732,1060.1090733306235,2528.1210180555513,3837.283761673287,2898.673204408818,2694.8067109602507,3858.9915206203877],
        [1603.7632098719662,853.3615727009986,3389.5650582368944,2271.142348274176,4181.971400497919,446.6590449027807,2174.9938122331073,2696.885149220377,2437.661025925547,3780.2625900722296,482.7394261231893,2915.5410904343753,2858.323825544394,3282.4157788487923,2159.1381527634608,3141.211971265416,3578.0537163976946,576.0190470592764,1166.5853259585322,2740.96911168051,1494.5303644291982,3099.3634075444475,2151.157310154514,2731.251050776213,3879.4715588955087,3578.0465349225406,3846.5183200779456,0.0,661.4826503398697,3238.8948627832333,2440.0656499620222,986.4275768329682,604.0617346995546,4034.6609586523755,972.2126586734374,3509.4034331717467,3980.9352593056215,3503.5669037617104,2244.639104113725,4059.962505284789,2196.779980355116,1895.9579104924233,3242.144175617966,4494.558211053825,3699.5255335384527,3158.779821189517,1333.6739352556976,1349.2219430811147,1199.3555408726052,3836.4573740213837,1603.7632098719662],
        [1279.4576642011668,390.86383565888036,3896.6787317730727,2930.802042702741,4547.770658250267,565.969091580514,2452.042235117905,3143.6616283965445,2865.8988235175593,4439.748281510388,399.21051103210596,3058.5824636163156,3519.7860318790567,3509.477686359833,2805.2714227270917,3665.0505972251112,3701.9577948532387,1152.564066707868,1810.5184854271195,3187.0931532945997,2088.267115471341,3491.06125331874,2691.6137664858966,2649.3435351163207,4270.83951976561,4200.0191259327,4286.50672368173,661.4826503398697,0.0,3884.5230699319,2264.424499091688,1633.8473235890215,521.091442435115,4135.885866572359,1142.5039326774056,3510.3930201637017,4403.230565776986,4114.484292192413,2238.3765015129306,4666.155506831349,2510.3122199321433,2535.593151436867,3370.9796933584,4917.3099152844015,3963.7813461370492,3488.5238928339713,1768.4218916089762,1959.492080092266,1430.8372968640792,4487.896514744818,1279.4576642011668],
        [4207.381686688961,3931.2140142644985,1701.0821109438457,1306.3607434190194,3045.8550582847633,3574.661462617442,2827.7895353531935,2032.9635756254597,2148.900473117838,769.2812496125848,3564.8226268527646,3540.3352802834706,800.2237048767691,3333.4492788727925,1079.8700409393095,1513.6927540445245,3948.15747770079,2749.461528268214,2074.414116505581,2037.3740711510486,1868.4146723942372,2413.1834438093547,1617.8965952439107,4247.032432184464,2720.0252149178596,576.3270883710852,2382.9889121393135,3238.8948627832333,3884.5230699319,0.0,4357.613684065885,2424.5555768323866,3751.922897777177,4324.995810641165,3210.290246643858,4411.403746426593,2572.3957795897795,684.5746188540106,3784.343532205247,1101.0409321293976,2685.490526711389,1350.7034911834571,3748.345161553996,2877.178425131617,3350.5261148291106,2774.9673868382306,2484.697371033988,2398.9161351720286,3045.3131474181528,624.7670387532676,4207.381686688961],
        [1025.6271508441057,1878.1638098717165,3418.5552702462232,4036.7581962236563,3337.475401998873,2718.3158589631535,1602.178979776626,2599.131842695444,2353.588313291044,5100.30056489662,2037.0014941789693,1428.5830465023582,4412.822197602666,2017.043125550373,3500.062666134902,3324.295810935904,1853.9831517640916,2309.823044561358,2821.396529770693,2624.562884131312,2672.540421734085,2606.213502111848,2742.039149666123,498.21325216150194,3205.3980396371317,4380.351959729387,3419.852337871586,2440.0656499620222,2264.424499091688,4357.613684065885,0.0,3148.4305009269365,2753.0897456888456,2173.7905048895555,1558.6596081462048,1398.8164088503484,3440.780885903057,4217.130696345518,604.0300585632573,4650.359832550251,1750.8485245634113,3240.787749808021,1604.0759096765307,3880.2362123917555,2493.667313984465,2364.584128969026,1979.807759649314,3587.0411111576377,1511.7673697076514,4963.642425366551,1025.6271508441057],
        [2481.0371966869616,1831.496278662524,2997.971905078889,1313.3133371098147,4047.651027633186,1196.7009577614795,2360.1448696770312,2496.9328525039905,2306.589018475757,2874.053518488229,1446.3526354832134,3221.9305727621504,1927.8467572391496,3436.4327246618695,1387.1198548611817,2723.30510365014,3867.6941112024156,839.1718521022273,615.1412973799387,2538.106292564444,1086.1253519007284,2978.081721280718,1784.421844025354,3327.7432693417845,3710.404283564813,2851.6257123186824,3581.116039494064,986.4275768329682,1633.8473235890215,2424.5555768323866,3148.4305009269365,0.0,1366.3326313443001,4334.021059110586,1591.9451442595907,3965.5368027237937,3745.6449727774725,2817.684377731751,2798.9423444393283,3373.7172197389705,2317.826285359697,1187.4272644850846,3544.9187271360065,4237.621097508444,3767.7187172075933,3149.3125644348434,1426.5606186825116,439.34688193575704,1668.876199463051,2982.3998483291634,2481.0371966869616],
        [1791.2351836664072,904.8259144848791,3991.7114078546956,2677.033501384855,4774.94512833869,178.17322443561125,2735.920341825438,3299.662084758602,3038.1316441699832,4238.611058464574,740.9719489883779,3425.7115097818664,3294.155410390803,3830.895251476807,2680.129668812762,3741.288971589611,4082.2134866670826,1178.6940594423543,1709.7544719153536,3343.7389095137532,2079.530445448332,3695.5701568285967,2750.2064863884257,3111.9297208366493,4476.798869009194,4126.494304301196,4449.595418199225,604.0617346995546,521.091442435115,3751.922897777177,2753.0897456888456,1366.3326313443001,0.0,4529.149682034318,1462.6702534547583,3946.49599037172,4582.552873355987,4063.472234750118,2668.820563167923,4622.13574664832,2770.085379876252,2432.69748616451,3747.2288843535352,5096.528618597508,4263.154032084661,3741.110844498865,1930.7032492804428,1606.2795940896954,1727.404290983436,4331.063344363162,1791.2351836664072],
        [3101.5162198921503,3798.1441667614267,2751.3842722886543,4652.349135405155,1832.276642641819,4433.234892752253,1974.8174274407622,2316.343095552259,2294.8494484384046,5078.4770368574,3796.1274286810485,1125.6425035606173,4750.242007487119,1006.8601172719356,3932.83205995088,2847.618437805234,466.56956773533346,3634.716207890399,3782.630526526186,2303.6389905631368,3393.194997832836,1915.2871689465937,2967.3720671105193,1675.6268907474023,1936.7693435024826,4062.7885369823375,2306.5390781144374,4034.6609586523755,4135.885866572359,4324.995810641165,2173.7905048895555,4334.021059110586,4529.149682034318,0.0,3073.7871937986397,815.3472690934815,2204.2616960869354,3868.655939335831,1919.1584485019898,4073.003596976571,2032.1492635444692,3783.1317725350573,797.1536198756894,2417.991859420594,1046.4270589769721,1550.1139151205657,2908.6271816317644,4735.804461879535,2836.3577815408216,4793.904297203328,3101.5162198921503],
        [1011.0228925307861,923.3759407649851,2863.7742635499653,2596.095933099947,3411.7029213076976,1359.6064918164327,1309.5462353402888,2063.424611621931,1776.9581558826806,3880.6194077226446,755.9314720419751,1963.8929341773714,3066.175237735531,2378.219843163048,2197.6309903666047,2659.887415960193,2622.5258546562914,752.7986825207037,1338.8378440212443,2105.32039480171,1349.78528893159,2369.217960035747,1755.3390490455502,1784.6867173683186,3143.8085279123575,3402.4522187378457,3185.099639709667,972.2126586734374,1142.5039326774056,3210.290246643858,1558.6596081462048,1591.9451442595907,1462.6702534547583,3073.7871937986397,0.0,2537.906751975285,3290.0729568049765,3281.6338285192664,1280.4971128801787,3805.048329427492,1371.3363987684434,1915.2301787581341,2286.9511502488617,3801.5798521194683,2824.885701638258,2348.163625495492,766.6615650183413,2029.619959060531,290.8344153906462,3834.9460498868452,1011.0228925307861],
        [2380.3171973995736,3148.4938787471356,3021.221933760757,4503.8666283928505,2412.1329784631475,3872.304840170889,1712.035556347949,2388.445236570757,2268.536265296176,5180.2984165606695,3205.524387708012,874.9161599617255,4708.746706831633,1203.7167880341851,3828.668390405412,3044.398400558412,679.8297616906065,3191.7297909611975,3476.2041957874476,2390.8595099269774,3155.442085758547,2124.4788685812027,2889.7176311189482,910.1708201662979,2415.841192517558,4250.248032066411,2739.8495986603734,3509.4034331717467,3510.3930201637017,4411.403746426593,1398.8164088503484,3965.5368027237937,3946.49599037172,815.3472690934815,2537.906751975285,0.0,2685.4017173077173,4061.608901933121,1277.6775773391782,4361.002160057807,1820.2902152486024,3631.445471787291,692.4349905301199,3004.547368013,1525.4659836198457,1766.6917748486333,2561.472359638888,4391.4772636385205,2346.458337329525,4945.078479592467,2380.3171973995736],
        [3926.7670933016116,4212.435117354979,894.6825502446613,3408.9795115996976,486.5672761504672,4426.763396232099,2051.4295868459767,1286.536512244419,1545.2817397402152,3228.234752533896,4004.0354588369346,2055.09566936673,3232.563082671645,1511.1439503633121,2701.445894199876,1148.5185059846551,2023.9208509405312,3417.469691546325,3134.692846836918,1242.562771612484,2664.0275690955996,925.0963090911972,1961.863858985926,3062.37300728482,271.43557142294867,2135.79994694996,192.29533663608174,3980.9352593056215,4403.230565776986,2572.3957795897795,3440.780885903057,3745.6449727774725,4582.552873355987,2204.2616960869354,3290.0729568049765,2685.4017173077173,0.0,1952.2153161471742,2876.7698728816763,1981.1035565464624,1947.438853637528,2711.189099390175,2032.2708245825863,514.7139330106706,1179.96959658972,1077.7295506209389,2654.915109425148,4010.3769499553323,3001.3982976369575,2873.287336613795,3926.7670933016116],
        [4231.007353992176,4097.283900080595,1135.8588338336406,1888.0672231375104,2435.7857324878655,3885.6068923480234,2624.1925359908455,1690.2839756589453,1883.2806863735748,1276.2765664413937,3758.8796401144,3214.223601525418,1467.4850346697117,2913.556622221279,1434.14083380729,1026.170080206036,3532.2884336793727,2962.0990177413632,2353.941086881529,1680.7108503929799,2027.009756674362,1965.4178998398597,1541.175716053506,4031.9070095355246,2129.623269877775,194.35060050687608,1769.1971417198363,3503.5669037617104,4114.484292192413,684.5746188540106,4217.130696345518,2817.684377731751,4063.472234750118,3868.655939335831,3281.6338285192664,4061.608901933121,1952.2153161471742,0.0,3620.1346403325533,559.2451490127654,2475.313303860526,1641.7478250709178,3376.1731423763085,2215.000588520277,2851.035622863728,2335.98457411411,2517.9816430642363,2880.0589799536187,3068.9130381634895,936.8484282495192,4231.007353992176],
        [1207.4238412055042,1886.1038499150377,2816.409328617689,3555.0156333471173,2813.467168434804,2596.3851791284765,999.7097645491199,1995.1178791975235,1750.7909622820698,4535.423499893361,1927.849916713254,953.7541984012515,3887.1358683759167,1525.0327214885995,2972.9007794445743,2720.280143744582,1516.6983124109336,1982.947010300366,2390.424162764749,2020.6926249314674,2174.818036630733,2017.7711906680995,2166.4739420779306,533.2097462502192,2652.300577189045,3785.940342220347,2843.747736060117,2244.639104113725,2238.3765015129306,3784.343532205247,604.0300585632573,2798.9423444393283,2668.820563167923,1919.1584485019898,1280.4971128801787,1277.6775773391782,2876.7698728816763,3620.1346403325533,0.0,4047.644812019105,1148.6861963146227,2726.263066311119,1209.4786982252322,3334.016265265036,2013.365757283235,1799.558444864039,1495.9905119023513,3236.2232799512235,1132.002616220595,4383.597230296357,1207.4238412055042],
        [4733.609193221952,4638.574560827103,1341.3583899694468,2389.087039630255,2462.6225141501236,4444.334560447315,3048.2089472076286,2064.7864785518,2296.871179394038,1426.563455886794,4306.193652021369,3546.5644011143504,1897.5501656831057,3174.62704562145,1987.7872399480402,1343.781000010204,3782.9177075132475,3514.576448170501,2912.829910776016,2045.8191327035433,2577.8932202624233,2236.524882673577,2051.5153499216162,4425.676944003667,2206.9472471807453,542.9935225427387,1823.4592647895224,4059.962505284789,4666.155506831349,1101.0409321293976,4650.359832550251,3373.7172197389705,4622.13574664832,4073.003596976571,3805.048329427492,4361.002160057807,1981.1035565464624,559.2451490127654,4047.644812019105,0.0,2899.5175895524035,2200.646834908642,3668.6912368778294,2115.6706753283374,3030.0257914263198,2598.1215828685627,3038.6162333424186,3422.2717002160566,3580.4814348991003,1025.880132613218,4733.609193221952],
        [2001.9665225167582,2282.5547688604715,1700.2267815999626,2686.493463417103,2040.6694160063855,2636.0004595223154,149.11929359533693,861.3497558645818,602.9915348413888,3449.4132325244314,2116.1541319440053,968.162199579989,2899.5272422115295,1123.753440827415,2009.7385859965952,1579.5356074331498,1570.072978418332,1699.4162255978454,1751.7609899309678,892.0076960819383,1367.3934320053345,1023.0869632294294,1091.6525936653463,1567.061036112453,1781.4130906049943,2644.71161943936,1864.351341878718,2196.779980355116,2510.3122199321433,2685.490526711389,1750.8485245634113,2317.826285359697,2770.085379876252,2032.1492635444692,1371.3363987684434,1820.2902152486024,1947.438853637528,2475.313303860526,1148.6861963146227,2899.5175895524035,0.0,1812.4575161695661,1266.2345911906089,2451.3702930899212,1506.0524160716302,978.4842317870579,914.7582056600017,2708.5131757831196,1080.8052862385384,3267.0983813950756,2001.9665225167582],
        [2925.8337529795926,2583.9620348074686,1886.7323487742137,875.1246626018022,3079.8027861953997,2254.5250085687258,1921.0041836177081,1590.3566372394027,1508.2285801606654,1969.7236172201312,2214.6872940412004,2777.711032634388,1174.5195588980505,2792.4586784239114,283.77290050818715,1607.665682752449,3338.859726231782,1399.2804082001917,729.5337880299352,1622.7184547375955,577.2873698133603,2092.292286945377,840.8061205406015,3240.534975465953,2729.325927235887,1694.4975733066026,2531.2307423106267,1895.9579104924233,2535.593151436867,1350.7034911834571,3240.787749808021,1187.4272644850846,2432.69748616451,3783.1317725350573,1915.2301787581341,3631.445471787291,2711.189099390175,1641.7478250709178,2726.263066311119,2200.646834908642,1812.4575161695661,0.0,3060.53015655089,3172.268151386481,3004.0512947464913,2359.0747577421953,1265.800721648988,1334.6392854249636,1797.848035970002,1963.0694866222557,2925.8337529795926],
