{
    "drone_dist": [
        [0.0,4916.240383310024,4573.0141544720045,4727.2833438902535,3657.6532119497297,3836.33692852653,2255.3194969936762,2871.7460473230312,3497.857691466822,537.7173470893341,3985.5174340205176,2746.8077497541503,3115.976108927003,3461.531800368292,2593.222718184659,1651.1544902537785,4730.765455188833,3120.808018585172,551.952326231445,5276.913043525949,1918.4285817617642,4651.135376747874,4861.593003779495,4577.617580498959,563.0170494128452,2782.5146930462047,482.01622256024905,2724.3584929521326,2260.965671985646,986.098989089252,3047.216701725901,4791.439420602811,3413.2008963340063,1727.856577276808,605.1283784852355,1258.9195355916077,4783.668166884626,4492.813321374158,4323.474101693702,688.9866905646703,4147.098226074613,3753.1501414179634,4062.723098007048,3683.1406882846827,2096.128568312102,4433.947068852691,309.9803833468335,4684.201132174815,760.8955932253857,4766.915291697476,3891.8780478401613,2111.6394866400533,1219.749736792132,2630.9255652391817,1902.3250856402105,3477.041052852505,1942.5628249557362,4015.110091517234,691.3177815389195,1304.7808480412118,1285.446623524355,2486.537279828223,4929.599511946985,3383.1202799316534,1844.994588607037,2247.173925630809,4056.31828488472,2142.3938372727525,4158.6508992252775,3461.732742956211,3422.732579705753,1108.3680152765353,561.5697584248329,4297.516328523587,2674.931353678536,2005.0533990774718,2560.447156642396,2621.560422960004,1152.4538955303533,2582.8804241116823,4765.352065214948,2129.817885891331,2305.1666708132,3752.2404728498673,3994.181938929918,3357.349176907956,522.5222164197587,3342.495998533864,274.98047398640904,737.6966930988154,1116.5819008023232,4199.9997393171125,2511.723160622043,3510.97665029088,2622.5648287934173,3210.0443218968744,3645.1165278155577,3595.468416560601,1084.5541571932272,444.52525458907127,0.0],
        [4916.240383310024,0.0,4572.685187003885,446.1855586721499,4457.844426640574,1479.1861081163097,3173.5649602924204,3875.973098361571,1444.6223139023475,4379.54408270986,2826.9204315152215,3037.8794958915555,4512.740624684997,3496.704959129358,2808.7633728752385,3436.4072214568623,2194.218375871593,4265.054188090345,4700.757770945199,754.1701442643609,3016.642804340427,3570.251996164491,594.4085057921076,3229.320859145946,4865.202968519674,4461.70347977861,4525.191565798659,2695.5246083574357,2796.827477245702,4940.716767531116,1888.0970902904023,1599.887962232274,2127.509370698328,3189.004369790001,4731.984715513605,5652.283482079045,1751.0599095987102,3417.548706695719,918.6468366404624,4626.202395746071,928.6345396850589,1439.222459227938,1596.3294743996541,3706.7645031388442,3593.5502229059566,2843.129262448745,4742.089744002438,3543.428256702749,4313.592965259239,4177.738440893004,2053.482673403547,3723.0382177086112,4038.3019041843568,4777.273150777327,3020.7908865377294,3392.6141780083767,4898.037215557626,1132.5689773071063,4994.43663656526,3614.9225868909075,3681.855384841563,2431.381396834292,114.7790547350091,1535.4510349386921,3815.18700659129,2717.2869101260326,1339.6919723380665,2793.0789661292065,766.6395789562474,1636.6751098288391,3400.872739423305,4396.6437015297315,4382.747966118002,734.4087443752869,2498.5753489690774,3732.6792152744024,2356.4718545659434,2303.6810150766787,5620.65292968242,2935.680863105971,2679.9649780511486,2888.736469602195,2634.771890458171,2769.5612615869222,1111.417900987765,2905.3525661464864,5068.811541385275,1599.888655862102,5113.953742000259,4521.765826615517,4106.311570695383,756.0068343570745,3565.332161569252,2653.6269563300284,2610.4756792655307,1796.5154284921705,2117.4392529026545,4091.875989805526,5656.7055183785715,4923.530829024928,4916.240383310024],
        [4573.0141544720045,4572.685187003885,0.0,4811.652500026331,941.4226312374321,4910.984391347891,2771.6161431402857,1736.4863727722973,3768.8999474727048,4336.274611113881,1758.2253343852271,5380.28050115971,1515.7935887120796,1394.1783868386133,4975.701203407372,3375.049827416008,2512.5703162370532,1456.5607028303468,4025.150694338824,4213.203076263619,4103.129318111139,1108.2491359238113,5034.8662223161455,1424.40966835841,4065.314007474441,1835.5176649963996,4611.567306180822,2715.2450049361655,4455.103928443729,3733.1128172292724,3691.442725071891,3099.234259041937,2720.8964010771224,3961.3018038795553,4955.783416643884,4145.951225747855,2955.3851247434845,1200.3176556662977,3678.647357000534,3885.9295147782773,3765.0965630834035,4752.7176622606,5263.204100060331,1097.481923870568,2638.431184665627,1766.8389761353037,4263.54226270765,1153.1308286860785,3881.8871226377482,555.3924165725925,2559.4445883454196,5425.324081049846,3439.9540637230225,2115.220397012093,4021.844424236302,6255.0047795545,2837.763990493837,3572.123498136024,4026.487467940963,4103.682145242098,3746.916106936424,3920.308263313632,4483.47017572731,4033.393027327501,2810.183546657061,3520.468027331305,3286.5061718290776,4084.8129410993515,4115.0056368571,4581.795286831476,1490.0615080396037,5119.303761645335,4457.118081864424,3934.3375717436606,3052.3353327655063,2668.9767293327463,3898.118241537805,4007.6382881729032,4218.4311424659,2613.245092558198,2060.649064048305,3380.2277268628327,3618.683772748093,5990.96092861165,3621.716048401345,1945.723042234306,4231.106238649219,3723.055524569515,4520.953210548099,3836.973906484992,4824.826392877762,4433.403914783244,2209.574503629523,5712.434931750548,2959.429344249929,3477.852047730068,2587.020454402173,995.1130561924372,4344.948436856515,4197.663503612789,4573.0141544720045],
        [4727.2833438902535,446.1855586721499,4811.652500026331,0.0,4616.508888669421,1094.4997097522178,3153.952421409491,3964.8428303442315,1372.1221036149968,4189.766340805359,3053.6681247236847,2672.385152390979,4617.634632433257,3654.4641603329355,2478.545743899967,3331.7535211204936,2528.2344659161313,4375.906107887971,4557.115147785963,1200.0540441594228,2809.9265563522436,3853.876244141846,223.5344404836442,3516.620309233698,4724.7393141329985,4535.071427212694,4313.374594902868,2713.731206997671,2535.66781495261,4837.129580729377,1777.462887790648,1957.3485936437523,2233.6837584388113,3004.7024386245607,4495.7803332568765,5543.497549420623,2103.5993300893797,3690.3155066985105,1139.487095887261,4493.800461337644,1054.414709309257,1085.5616967575725,1166.2780615107022,3886.659836779848,3581.352752387294,3125.1040407803775,4575.910310814737,3831.195470855524,4169.634513376472,4449.731298126143,2256.1454145422817,3388.314367203324,3934.6777399426123,4829.109354439658,2825.431762019052,2970.2993494652897,4882.525698369121,1257.458116675422,4863.822972436013,3422.9150559580116,3534.455904711574,2249.560177536033,554.6261337854363,1367.6597284979591,3780.938001154926,2597.4190147484605,1526.5372494970736,2585.455371422885,748.5375530886702,1326.487070647204,3554.505169521693,4127.077138365272,4180.406096178589,877.6167873013217,2471.249476838448,3715.327436691613,2179.6813310321845,2107.897377062941,5503.109671254418,2952.198858843526,3004.168077281169,2787.1924149064835,2500.666000460956,2337.5412283404244,1216.9762027155923,3045.9402651684068,4921.356920598129,1515.3252855617409,4940.131370882551,4390.33567474405,3852.657534679822,544.641816978872,3607.5019795496164,2236.2668512774344,2591.476491396157,1752.3953793334745,2274.1285365751173,4254.489160490834,5528.947196924894,4772.434509459919,4727.2833438902535],
        [3657.6532119497297,4457.844426640574,941.4226312374321,4616.508888669421,0.0,4508.525924970224,2059.9459109381496,923.6153005911142,3404.8340803978017,3454.9570408042946,1714.6227272121578,4732.327964136174,574.8097976579746,962.9244666697591,4337.712898012523,2588.9416597671366,2681.3910905474318,542.9346396536334,3106.887470170722,4248.53286791993,3397.0802704351568,1564.4988899365414,4837.929443943122,1751.837328895542,3138.35668361889,895.5021401178,3727.938796432351,2153.592237086538,3795.535543753715,2796.265626631563,3223.7489344841524,3185.031807412021,2393.5571578721488,3223.468247820292,4069.012522156243,3206.8963199436844,3063.4025398331946,1534.0872166677843,3539.1976440839417,2968.7583306656416,3567.3450052761377,4350.761721486303,4864.7598290940905,771.4879433134696,1833.0255744465787,1948.423372676103,3349.686062843103,1615.2023431466541,2990.526183932238,1306.1059821216734,2411.1266962199966,4679.122366415356,2565.2366478734743,1181.0284295617744,3313.572491889033,5630.3127329282825,1897.0869256214974,3361.23368690885,3092.719574180062,3304.220497333959,2927.433464628231,3321.6831812480013,4385.593003512131,3620.7837084229946,1958.5900724852015,2873.187469435462,3119.125764780296,3417.483200564142,3877.8896066152197,4137.25855141866,1062.0344875600745,4272.46243940632,3580.3672179679534,3754.8482229712267,2496.700201139427,1833.8142028464924,3315.0929081982526,3433.2019930514293,3277.9711415702573,1989.6266263005084,2333.0049365039727,2701.1943615252453,2985.6042920270784,5445.344389963431,3399.670619597571,1572.0496979707816,3298.46551202411,3324.3802330247345,3593.0453837301316,2926.0730014308856,3994.499317963878,4166.985011884778,1440.8011093664531,5157.606380033987,2384.027487573837,3060.896820510667,2346.581926014205,366.74084427783123,3403.996247130361,3270.9615153046498,3657.6532119497297],
        [3836.33692852653,1479.1861081163097,4910.984391347891,1094.4997097522178,4508.525924970224,0.0,2691.7651439198685,3711.0841538255336,1143.8788616654008,3308.170324294118,3213.212845880556,1578.7376200098672,4373.475312238997,3592.085536236983,1411.811167709462,2659.2559710101677,3019.532291615579,4156.661406399714,3754.6879969532397,2172.4758372537895,1946.98601842951,4117.724020751332,1133.782689952228,3808.345688335456,3924.607377517397,4216.7079009819145,3389.8442645711916,2386.41531703268,1578.0106636680132,4108.395836910591,1297.712612122636,2567.9947826841467,2190.2370307273527,2177.536731281235,3529.1282718884727,4789.38421991349,2685.38511084449,3931.775578031135,1635.1872390236126,3715.319078823929,1417.8914980598045,158.71204144356517,356.326941062207,3867.720029465704,3106.358998805151,3426.569105412578,3729.638989307659,4107.957760623878,3377.095230319471,4655.0948860024455,2442.691659199942,2309.149296869917,3234.555163267903,4447.843977520605,1985.6128997452468,1939.7750926388508,4342.991464907746,1523.2385167066352,4079.9490749895645,2560.1714870740857,2758.226443472774,1493.6629517043978,1559.5298398046764,888.5682462223499,3243.0843566701437,1949.11544417425,1826.6918827452869,1735.9029069730586,1081.798674431535,418.3868001312054,3488.061761610618,3115.52006474349,3276.195664228186,1371.2260452271075,2063.6287105206484,3220.305598777356,1445.7194915331454,1337.3728036448247,4732.410072345605,2595.2077762859326,3432.140369172865,2163.1304411751257,1829.106982998413,1363.0216942517425,1461.8725230235038,2986.1299419354023,4103.507630603547,1192.7295743876698,4072.7061282075574,3616.6377586208764,2868.505251861741,808.1377191478414,3260.734065324111,1197.6860636207427,2188.1772556251312,1450.4314084533576,2346.4020930177035,4172.177257338496,4737.923073092306,3950.6553370045444,3836.33692852653],
        [2255.3194969936762,3173.5649602924204,2771.6161431402857,3153.952421409491,2059.9459109381496,2691.7651439198685,0.0,1145.629363177037,1782.9846198548664,1830.7306857959977,1749.806940861243,2673.9149343213076,1762.3230520829597,1415.474863722371,2282.806368552314,667.3980385015328,2485.4087842079475,1588.701968776033,1823.5096880153205,3311.406988654654,1341.8299768724182,2515.7464726993676,3349.424377179219,2382.063719841548,1954.4020017308799,1551.6755556154158,2091.109149859179,522.9799168038326,1737.2300169459052,1882.582122844913,1425.8088560757355,2615.8475211413147,1235.7197189410947,1189.6963028751156,2424.6335903075856,2581.405246559344,2584.5543726969618,2337.4261366790643,2370.3306854883504,1704.6236181874879,2264.928242686984,2545.4975584043054,3033.6890407954843,1699.4071587297562,428.30342470676646,2194.7955325446633,1976.6870188112605,2540.0628507906126,1498.3211449340608,2781.0832073241663,1672.0153863244045,2653.8404701286195,1065.5376051618277,1756.8947892888038,1258.9448682167347,3575.0228040713787,1729.681004747139,2080.370231416625,2029.7173594899525,1375.341651730729,1081.313815074202,1309.5077534944448,3146.0819873571404,1868.625247790421,645.7442159047315,832.5173311958735,2008.2816797502196,1358.9412927153112,2431.847185252141,2281.1648745634425,1340.6735885318892,2447.4326267718784,1918.9314123762663,2451.7687890435072,682.7269925330237,561.6994938822356,1320.7802201300988,1442.731408225724,2575.87068743147,331.13943900986567,2512.6081741267976,644.3363198440302,953.3135569118865,3432.177547458496,2084.2775379243594,1128.078382606959,2170.057242617814,1646.6440019347126,2340.5588235367145,1608.5824161855162,2126.409168961084,2620.316741738223,630.1694416565259,3141.0821624544715,564.5029985808309,1401.5576134920725,1433.5450205009424,1812.5171181863304,2642.975973006168,2056.4164888720547,2255.3194969936762],
        [2871.7460473230312,3875.973098361571,1736.4863727722973,3964.8428303442315,923.6153005911142,3711.0841538255336,1145.629363177037,0.0,2662.410531577601,2603.5229422331654,1492.1912181607058,3819.086371794336,664.1300985985418,693.672135338779,3428.3865012762135,1668.9175063612067,2481.712147871752,451.42116814092185,2334.796703566329,3805.6862470488727,2476.000558279427,1855.6912674664104,4179.284712837158,1877.2309464439022,2398.063040862364,597.4841668404205,2879.229294256075,1324.6832356854736,2882.623850853349,2123.0538749470215,2413.4002028540895,2853.242119936047,1748.5206844480444,2299.9090227057354,3224.230441619512,2670.01210141042,2763.668280520224,1730.6712173398992,2975.1349484414236,2194.9703132041827,2951.6016787266453,3556.4165768279927,4064.331492215935,834.9950989916541,915.5768680744291,1886.8495134476098,2562.0540094666053,1896.7159815104242,2156.376939000038,1896.0337419539574,1936.3758344102737,3756.1020947395036,1707.069176805157,956.2139804867967,2392.3695889001574,4720.651950671716,1414.0449821725695,2745.087938645679,2388.9045032934846,2389.717232520968,2020.5509701804312,2434.3819311522416,3820.4266760667665,2836.0647701145976,1073.8167664955445,1971.1730319163607,2556.486500856073,2504.351389905924,3216.3122719767775,3320.103452135485,711.9402508436182,3384.95779464579,2722.630418000723,3145.7251940477486,1653.746034547018,933.5684169791353,2435.158062708568,2555.6751495050476,2715.1239367228795,1124.8624014490392,2284.2081097319933,1789.8145425596256,2087.852323278955,4563.173660019274,2771.9157191567338,1031.48331671271,2583.953329836179,2559.237286311025,2850.8158181477634,2134.645703611467,3095.5229675397327,3472.7959331996876,518.9936299161038,4273.232767412527,1532.629217535305,2292.839446861792,1790.363157258718,741.4358031558519,2825.2159460148237,2527.612723357117,2871.7460473230312],
        [3497.857691466822,1444.6223139023475,3768.8999474727048,1372.1221036149968,3404.8340803978017,1143.8788616654008,1782.9846198548664,2662.410531577601,0.0,2965.036747928683,2073.2045891748976,2125.9680334392374,3325.351647766853,2468.689829457721,1773.2688536189721,1992.1790271186874,2005.1521260013112,3094.6567293224507,3259.2744481612585,1800.185772235422,1643.5708300816268,2985.8348965467444,1566.6166963872408,2685.2223779647898,3422.74684144522,3209.224034738164,3131.48013625828,1363.9102503072202,1544.432713654972,3497.7040303361905,450.7523752607278,1683.7145363678114,1048.3086300482084,1783.0734512472518,3367.4926036823836,4208.744228789602,1762.8956694420053,2797.467727154702,891.1302372317843,3182.493810347586,675.737758723028,986.5530393902382,1494.4255161274473,2736.9440487210218,2210.9307905846235,2311.823308205692,3309.443391658649,2978.5621402654265,2872.8408428896532,3513.4318191193083,1321.718571149088,2626.03644137241,2594.670603535336,3483.4424454093532,1631.800933790718,2804.08004616894,3510.620134365488,614.3176848388789,3550.3021033805294,2210.188835279573,2244.140079029373,1047.0150401301387,1442.805747006947,319.93726529745214,2409.02428814196,1274.4324406437584,833.4858291846241,1430.2881473090877,678.2862019721356,862.4225746797009,2364.7534547932337,3095.39839382724,2980.105530582728,803.4075333200688,1100.7945317788663,2343.8993019878867,969.016930708936,951.8241860311394,4176.197317272004,1597.4826921326514,2364.767756711478,1444.344984528548,1197.7361686931367,2361.3402273651704,568.2365476128755,1856.2741771627568,3627.8821946456355,156.28672690334366,3684.393741589689,3077.995233074469,2780.6721049110333,837.8918854662851,2263.706545908175,2120.6783199854453,1222.6467837406913,383.37264064122905,1205.4365724813608,3058.4687136148536,4212.184684699783,3483.9502567996046,3497.857691466822],
        [537.7173470893341,4379.54408270986,4336.274611113881,4189.766340805359,3454.9570408042946,3308.170324294118,1830.7306857959977,2603.5229422331654,2965.036747928683,0.0,3579.92410443519,2298.637811179712,2949.1857122575007,3132.5582054805595,2105.251722386021,1185.8499423396443,4271.160567149341,2912.0234813524175,604.3789935116724,4749.7670336936935,1381.7002622154052,4302.763119040509,4325.0739287797915,4199.715734615386,742.8473077878417,2622.406953920998,275.81607202985106,2264.167127768998,1738.1147596721669,1114.978098254038,2514.7809859818385,4298.577300056962,2932.4515563327027,1190.661483601926,621.2339486182369,1618.1761830991456,4298.32605318742,4134.697828526255,3799.293141123295,669.0500667786833,3618.64232516163,3221.523808247759,3543.4396716322876,3377.443939933856,1749.110375110687,4025.4943083037647,454.7718452868481,4332.154755700761,474.0244430740138,4475.491530272984,3420.5650896130096,1744.3881724515318,896.5682701360578,2542.417879098172,1364.6345034898789,3086.514914802279,1936.4842321399224,3491.3615214472125,917.9746745590028,767.0719614201304,788.4157898455628,1949.1785364876366,4393.876570365763,2845.850735349689,1533.6439829951262,1725.157638085422,3544.166244082698,1605.330610444382,3623.1179347093475,2928.897912305641,3081.688093872591,893.0559798988692,134.26902962566155,3766.178973709652,2180.832674732914,1685.0094771150632,2023.3365776939172,2083.8438288049206,1530.8373500341258,2147.5784952229515,4338.386295905182,1622.7135178195767,1776.715693642395,3301.2609964604853,3468.6224215233915,2955.2560167995416,854.6277192338168,2810.118022243042,764.995899805318,636.1512241695347,747.0462213695527,3662.2898399256646,2183.352002603608,3047.201479653787,2139.4056958284864,2685.155320558193,3172.5420297356645,3343.3422111938626,1498.2655810338879,707.6583473940533,537.7173470893341],
        [3985.5174340205176,2826.9204315152215,1758.2253343852271,3053.6681247236847,1714.6227272121578,3213.212845880556,1749.806940861243,1492.1912181607058,2073.2045891748976,3579.92410443519,0.0,3935.5332289008766,1952.8483290954227,845.0029642749157,3532.078542150465,2410.114128089222,1004.4025562454852,1707.108467415328,3512.591750682567,2543.3005455124867,2844.3723445032715,928.1146082347584,3276.97048256099,679.4716976238869,3620.470241279185,2050.557261890823,3840.8733761932453,1394.0489938476696,3077.2506290158785,3444.602082807594,2092.610942987769,1470.6083141984411,1061.2002220725033,2788.33310187762,4173.195929925674,4072.1211781008733,1351.8898784478108,734.6475089009884,1923.395151367849,3381.7037815457793,2007.3478946313196,3057.4673640224255,3557.6840693206223,944.1342935832814,1909.6282391612165,448.6122357136808,3694.2119885928196,929.5605414171181,3224.6321980634843,1442.627272990387,802.941701076342,4165.492976272503,2769.3950401199886,2428.2441628832244,2775.7338663928253,4748.89451005425,2885.5178463047087,1816.3767506015406,3659.7757228701234,3076.902067362076,2824.829467165568,2480.0266379445343,2742.5106578147625,2364.8237684090577,2182.835357858007,2208.279762001236,1528.300133217774,2749.88064735322,2360.3671309030933,2922.1574182130616,791.0750781817338,4160.297502603861,3668.6063374362448,2176.2114029751633,1647.3277340258317,2025.1898010908712,2435.3440712950214,2523.476321462071,4098.993001336451,1444.2090823584767,812.6519816688811,2152.4198923904114,2267.5922340960733,4393.587130882012,1867.411348515614,628.1705064226552,3829.3587943615244,2055.486535513928,4041.2879560177303,3296.091344634459,3829.4587747888345,2682.650881001376,1553.38643716407,4131.2014565939035,1606.262227995378,1840.0596234831983,867.779660199608,1355.8546338516112,4193.856437761077,3736.5777094732684,3985.5174340205176],
        [2746.8077497541503,3037.8794958915555,5380.28050115971,2672.385152390979,4732.327964136174,1578.7376200098672,2673.9149343213076,3819.086371794336,2125.9680334392374,2298.637811179712,3935.5332289008766,0.0,4413.396358691175,3986.281715694394,406.7056113180514,2260.3825168313106,4107.081722359703,4257.846212022613,2872.9625133213094,3680.124487874458,1365.5768365725319,4856.189320575246,2705.441118387151,4608.048814452966,3029.335558703828,4160.747776166995,2264.8107783244714,2668.9135516411757,936.8308355453411,3342.0840285517975,1888.8023842325447,3807.636587330141,2896.7661671858477,1586.1932018428324,2279.488923371272,3915.09919814648,3888.816439151172,4661.751141502588,2947.711590859145,2890.040784036485,2711.7392271991444,1598.88986225707,1620.5592270766813,4282.9627556570495,2968.1414020582693,4278.016273250112,2753.194494020485,4862.31408923995,2567.0245691522728,5278.449163584113,3329.0576999400314,785.854447329234,2647.3757948263196,4266.9096452426675,1448.0863209834613,906.8954090507648,3906.8649122759543,2720.6624608001193,3203.5622799900034,1744.5397462394599,2106.0655183497047,1470.8328570594938,3106.8550696514108,1818.445833530683,2967.125490842223,1866.2800668778111,2959.3480933339274,1315.0459032979743,2480.687057179354,1431.4660963733666,3892.0243833384575,1774.6132016153963,2214.0960215813934,2748.6897214443457,2341.545290063736,3024.5181020068485,1505.7536709900276,1412.2693503111043,3829.4386393123063,2771.965017455263,4415.045589177434,2031.1500281717035,1762.6751445282566,1005.6639969033466,2665.908471237118,3483.582848043322,3153.080564645229,2047.0480022120946,3016.7726971053266,2814.155219455127,1637.883347348257,2306.9671752099316,3301.2763294207225,773.4287476065729,2424.6408018065836,2166.605130800844,3137.1559613907552,4466.632787126095,3794.1059103656103,3006.02587154407,2746.8077497541503],
        [3115.976108927003,4512.740624684997,1515.7935887120796,4617.634632433257,574.8097976579746,4373.475312238997,1762.3230520829597,664.1300985985418,3325.351647766853,2949.1857122575007,1952.8483290954227,4413.396358691175,0.0,1110.3801213070572,4032.033137176469,2192.43272655688,2956.120647329463,252.50536435322374,2564.0277918564248,4398.029552755842,3053.1852201028864,2030.8937070719767,4833.692962557142,2157.5606433903245,2585.2651044104196,333.54600825662,3218.08080742208,1987.5744502320222,3482.1031626705253,2231.0966890888308,3075.8024282318843,3394.1740110877518,2390.2624100400762,2855.6784396794424,3554.325346956933,2632.424790784874,3289.3850107691255,1961.9547925153552,3603.4226789348563,2427.7794940247495,3593.767201332588,4219.223016205638,4726.118539546819,1066.6221024348858,1448.850642976123,2275.769616332748,2810.7283781298624,2079.5329545524933,2478.0784960523283,1859.194915550984,2524.314923686652,4282.731882589847,2076.1704529001117,613.7763419152192,2969.658321907314,5319.4097486999635,1322.2774681430146,3386.4225407853987,2531.295638292101,2878.8410736007195,2489.5730735125226,3068.979345789343,4452.511283512433,3499.937406451321,1512.3517177264023,2594.836807253455,3181.7683139128726,3105.893168634672,3869.3688088060667,3980.1837690967077,1180.189094267383,3793.545711461379,3078.212989278422,3787.029039853711,2312.9945319007097,1413.639146713972,3075.078282209605,3196.5315223451153,2703.162372232757,1781.9106860086345,2675.92752941888,2401.5916608317243,2715.302422216617,5194.430002769766,3416.218768496207,1621.4969690548573,2738.1262619266204,3223.2407499016267,3037.7997741761837,2392.524763492705,3532.5562210424314,4131.7041007526495,1137.2924255872354,4903.38746662617,2190.4565813554905,2956.8004052786423,2405.692068144935,710.2111186074062,2829.2529908212036,2717.819360974492,3115.976108927003],
        [3461.531800368292,3496.704959129358,1394.1783868386133,3654.4641603329355,962.9244666697591,3592.085536236983,1415.474863722371,693.672135338779,2468.689829457721,3132.5582054805595,845.0029642749157,3986.281715694394,1110.3801213070572,0.0,3581.5552705009077,2058.723793663219,1849.40552052021,862.6963733888654,2943.9958690509247,3315.6470757494276,2723.2878664120126,1195.0290061147095,3876.196092262799,1185.778531950248,3025.4233798833816,1212.8794755038437,3406.3126108503134,1321.8789316829448,3062.8804771912146,2784.0513653167563,2331.716220502566,2287.7247461721927,1439.2836281571556,2597.063955813983,3750.5744833998315,3356.4326763926997,2180.0765037913943,1052.291321557659,2578.189787312206,2805.9474170873054,2604.51762513959,3433.4691413391533,3948.011782856924,296.7032008784868,1383.4648247678756,1204.682837886965,3155.7160398657006,1231.56457005099,2716.9448245750473,1367.5661982029926,1456.9601640734234,4054.7918934930935,2254.067978787456,1592.5551003921307,2643.4018550110745,4861.5024967490135,2107.4563658938337,2398.5587419527064,3034.189710893495,2783.609462801691,2456.957758547912,2526.8076834378735,3426.0524300902957,2704.232866170573,1617.3937423766652,2129.113746604088,2157.3282769978564,2694.704134677977,2917.815404850139,3238.1964019787424,104.05761871731575,3839.438200445937,3240.5565985772614,2791.9263024679894,1661.1570193665864,1458.4595317961678,2506.055453127709,2617.020302829878,3397.408364449956,1224.0626154774332,1605.493291595919,1997.1415551385503,2225.380793133497,4611.401368622589,2437.49563663786,615.7603137241624,3221.5731567134653,2400.134718389467,3470.2010569927397,2734.4181000755957,3527.2280896551338,3211.37003121532,952.3156714384899,4329.849467394627,1565.7857110180669,2142.256166644774,1383.6702118854273,600.1590239489066,3503.901524235063,3151.1182982762025,3461.531800368292],
        [2593.222718184659,2808.7633728752385,4975.701203407372,2478.545743899967,4337.712898012523,1411.811167709462,2282.806368552314,3428.3865012762135,1773.2688536189721,2105.251722386021,3532.078542150465,406.7056113180514,4032.033137176469,3581.5552705009077,0.0,1906.6148176481124,3730.2520987056314,3870.2073621085365,2647.2686516309727,3408.5334174938907,1006.2211173165387,4451.400016198916,2542.2884914344695,4205.868453673728,2810.4862075926967,3787.6256267903527,2117.785882653949,2263.073512552145,550.6584018341969,3090.0608412214992,1502.1233389129766,3456.348186910036,2498.044759274755,1242.3479386549031,2192.7490190771377,3700.7195388489044,3530.3960821004794,4257.008750459178,2624.518303967406,2647.5357109471,2390.2550755334905,1393.5338160722456,1540.8111327247723,3878.257888321689,2592.5780470237055,3879.4289346207947,2556.906752923316,4457.978571081445,2313.6533909106056,4871.747312548982,2938.520725798751,914.2768789188219,2339.1944788567016,3909.852439885982,1085.5428994633185,1292.6762202580699,3587.22279557751,2379.9486877434906,2981.4132808939494,1466.7594213691043,1798.1733946704978,1064.1352685155996,2866.994126322884,1478.4518760115304,2609.109460024144,1466.6791741067448,2602.457411267541,926.2761191481944,2192.560801658091,1172.6091115234287,3486.857181194573,1733.9183061311276,2039.3334098796179,2446.3687475723655,1934.9129356167282,2656.5863173021044,1099.807456637719,1008.7608601302624,3623.02674967665,2369.9124419685936,4025.4277709381445,1638.5808641818703,1360.224234309552,1247.353312116376,2327.8889037276826,3076.8780940857296,2954.0566755952837,1681.2403353871928,2853.7850876225884,2563.660850807631,1528.0912826740039,2058.919053230553,2912.0926054698552,968.7079363521513,2018.7261594694287,1781.1901529223096,2741.3514588932726,4067.0563200207425,3600.4091360920443,2802.912815828749,2593.222718184659],
        [1651.1544902537785,3436.4072214568623,3375.049827416008,3331.7535211204936,2588.9416597671366,2659.2559710101677,667.3980385015328,1668.9175063612067,1992.1790271186874,1185.8499423396443,2410.114128089222,2260.3825168313106,2192.43272655688,2058.723793663219,1906.6148176481124,0.0,3087.5114858334664,2071.390726505828,1297.633431864959,3698.666926526934,900.4716309185306,3181.4964740855066,3502.604808972657,3048.824609782692,1452.3445122102714,1916.24885310199,1436.4798760352937,1079.2331321182405,1364.2268355557642,1507.0213427246358,1557.582572780509,3143.2095411525174,1762.1662788762458,675.3670421248356,1764.0583906315876,2216.9465034739524,3132.849249703426,3004.2498372937353,2739.385431190489,1204.636198788284,2588.5773707523704,2533.4132291798246,2968.3508911653444,2331.9432914997537,756.2804602950699,2851.927688854278,1400.1245965808714,3206.4686466808994,926.5342043189453,3425.938961371411,2242.136918485993,2094.497252257824,603.5260591203281,2006.6233917158336,821.441336064884,3165.064929466394,1717.0139728403306,2432.866994287232,1566.6826881435652,729.2844875828267,414.9323014032263,1165.9541916074961,3429.9057074284556,1969.1580446544665,707.1158748449913,736.2362961518337,2435.3268814211388,1018.9177550880032,2670.445227357925,2242.159339097986,1991.3419661825212,1784.4233305684043,1263.6524577027008,2757.6996529099474,1035.0892742384697,779.5545111939051,1214.7183516548353,1322.1084711313267,2184.3429519460033,967.8639466114001,3155.5477769919103,547.9105704580046,843.0736716779634,3134.139787466294,2421.1897941305547,1793.0526425501942,1664.7523858734069,1837.821752361181,1777.5127428732972,1100.473458768938,1468.63719709207,2787.189539577589,1167.019163170788,2844.9752950738593,973.3392597714435,1650.9191400835864,1994.8619331668428,2390.6874543794147,2223.730565263261,1530.5658873335094,1651.1544902537785],
        [4730.765455188833,2194.218375871593,2512.5703162370532,2528.2344659161313,2681.3910905474318,3019.532291615579,2485.4087842079475,2481.712147871752,2005.1521260013112,4271.160567149341,1004.4025562454852,4107.081722359703,2956.120647329463,1849.40552052021,3730.2520987056314,3087.5114858334664,0.0,2711.2876215686897,4308.081631810495,1716.734412224154,3278.6179247289247,1430.1553818195819,2738.8240289720843,1093.9340507453505,4434.632535332784,3051.5115279673864,4511.462034233678,2008.4585983605064,3381.109824580234,4314.313033077347,2231.397715872198,608.2231448958124,1363.806201206259,3294.9541091467327,4822.1961453492,4975.8569013826445,456.33023186404154,1312.467302404395,1432.9528084388512,4186.656102921804,1616.603942918614,2881.781664282416,3321.496592233638,1924.535522823988,2750.234331911404,756.9632287739818,4459.7347413902235,1394.9344865639036,3980.1115280601393,2046.8134577574313,863.3866691781683,4504.502267306331,3550.233582653758,3427.521735254566,3227.174164314745,4808.659125047347,3847.262897611018,1496.6711075262726,4497.678396260721,3656.2224911580097,3485.220335663791,2780.22941913609,2089.7509182215936,2324.846414242533,3029.2696516931505,2672.489207528694,1198.981146752406,3126.7361005667494,1982.810771675581,2842.953293932532,1792.8542475803763,4713.450235611016,4339.536954996864,1719.725334690237,2125.289229862751,2881.954029913022,2715.3502647468213,2766.5707243430675,4991.0690004418,2154.4159848522795,488.96529752879667,2693.760581396864,2687.928044512426,4339.326165399165,1558.097627994635,1506.8165640231985,4649.23599487743,2063.3172177837846,4825.813554752304,4092.4192645935514,4377.801450905538,2313.0146894791815,2461.863363769049,4114.189173253972,2142.485028978889,1952.668307559029,1109.0472098480336,2335.1391676773123,5075.329087175579,4540.121982187725,4730.765455188833],
        [3120.808018585172,4265.054188090345,1456.5607028303468,4375.906107887971,542.9346396536334,4156.661406399714,1588.701968776033,451.42116814092185,3094.6567293224507,2912.0234813524175,1707.108467415328,4257.846212022613,252.50536435322374,862.6963733888654,3870.2073621085365,2071.390726505828,2711.2876215686897,0.0,2571.2435691217947,4145.592915848085,2906.5960696926027,1842.3429970951508,4592.863411361805,1944.405728098158,2608.815714217859,418.32692999531685,3185.03080602637,1770.9957100827094,3322.5577589110458,2281.028700159032,2859.482824412354,3143.1186197622033,2145.4828229193754,2720.631623514914,3526.2477124174784,2737.798494277782,3039.4211709287506,1758.416660886281,3354.288431883389,2432.4835743928247,3348.0005351716495,4001.334833300475,4510.6554461849855,845.4076261180538,1316.301990896184,2041.8378867738247,2812.0729540292805,1889.4695144967147,2447.8458072035382,1733.8625967399885,2272.0130166782155,4165.762991147714,2022.8252084924961,780.4542927212311,2822.858583125768,5161.417751806361,1428.281025250705,3140.5201229353693,2571.310692043799,2777.5984898868833,2396.0090096233125,2884.3259129465146,4203.789346271422,3278.2379099150426,1422.0884842912267,2418.1472405622126,2932.3365778663597,2944.6359602033435,3628.123696012594,3768.265791033559,929.4446471128033,3732.356912665941,3037.5091421767424,3540.8875590964435,2103.1924900932113,1303.9241658699805,2885.980980879871,3006.6438536613205,2800.161699028705,1575.605230258458,2443.135043738207,2232.7246592747706,2535.9696400292355,5012.980169670931,3171.284945188729,1370.0556686471684,2775.2956588872808,2996.6143276386915,3064.4140322492585,2387.120946020851,3457.7972520072412,3894.7005881819878,958.5589023225051,4722.78158532607,1982.8164323249698,2730.0749295535966,2155.4421300868207,538.128383888488,2921.497768452805,2741.203560203804,3120.808018585172],
        [551.952326231445,4700.757770945199,4025.150694338824,4557.115147785963,3106.887470170722,3754.6879969532397,1823.5096880153205,2334.796703566329,3259.2744481612585,604.3789935116724,3512.591750682567,2872.9625133213094,2564.0277918564248,2943.9958690509247,2647.2686516309727,1297.633431864959,4308.081631810495,2571.2435691217947,0.0,4994.113098502834,1808.6917111122086,4137.943853523014,4710.571374434463,4081.5847662085644,169.9314360040508,2230.56264966115,782.4432717048272,2323.471165436411,2224.2953416006803,515.0528765972314,2812.7181424045775,4419.23240385361,3031.8276459054337,1578.5893218822193,1060.9405614367452,1054.716073731388,4398.168535646972,3985.317651020396,4034.8116667548957,139.90537842568665,3877.8610663365066,3652.8011316212746,4017.2896565519577,3154.777861261707,1604.7585016826672,3960.78344377961,251.90606693741447,4172.7902904474495,387.77765949585574,4230.773252135954,3490.9657982267063,2347.4631934356516,757.9908959880939,2084.6789331769332,1769.5918308747764,3682.1153059367753,1413.434393728528,3727.491695345905,334.32798491752817,1207.6115908678794,1022.790895055503,2312.8877378499424,4702.08014696056,3191.3046402789682,1339.1579754087836,1984.8923608385105,3732.1840358503823,2019.41335314175,3934.698811093682,3356.268367371085,2911.3475131411265,1465.7688683747401,724.4537560905538,4041.8355456109766,2329.7310863589437,1499.8408496029765,2379.7582807648855,2461.5329674908057,984.0034569456652,2154.6283296551032,4306.836638938068,1829.0203484113006,2066.5831667963544,3868.3104667124803,3713.789111541377,2886.492831408175,369.0675678551612,3103.126643209644,529.7763286637801,216.8561568234738,1351.0449525367608,4017.3048541723633,2002.1007364612412,3605.6140533437856,2258.577872117878,2936.437151204773,3248.433224807806,3051.8480620335504,983.2889321455308,234.74253038131482,551.952326231445],
        [5276.913043525949,754.1701442643609,4213.203076263619,1200.0540441594228,4248.53286791993,2172.4758372537895,3311.406988654654,3805.6862470488727,1800.185772235422,4749.7670336936935,2543.3005455124867,3680.124487874458,4398.029552755842,3315.6470757494276,3408.5334174938907,3698.666926526934,1716.734412224154,4145.592915848085,4994.113098502834,0.0,3443.634392393796,3145.8277386110594,1335.573777136034,2807.2974705893234,5150.873272159806,4403.091010369435,4926.618683634662,2795.7271274742434,3305.7291893661986,5166.570983306314,2243.049064113564,1115.2153214021196,2121.792486057436,3578.444795161503,5167.52312368214,5876.239444954229,1262.7677229699086,3019.0507778692145,959.3397786576551,4903.184819085251,1131.940250489921,2104.974754256797,2331.0393778580014,3477.9225770760527,3703.5002492392305,2446.5300015742328,5069.980862998439,3111.4094470717964,4614.491138886823,3762.633807341263,1874.42015240906,4315.188775718753,4282.168320098004,4749.0130180478955,3431.4988642675403,4108.552741364821,4980.9958872858715,1266.8080700385538,5262.512029834527,4004.0545321808963,4002.395111157018,2846.879636668918,646.5408150376912,1998.0047388960443,3954.1613437617266,3030.805938176272,1305.9593614594755,3228.895811723573,1219.9814272078545,2249.862175138138,3230.8983022752445,4886.481654281791,4772.039425245086,1001.5833939017459,2684.08156297089,3846.580437982712,2768.9263801921124,2744.4948609254293,5859.122516897243,3025.5122317224573,2199.8797791681145,3167.040375809826,2973.0607894954424,3500.889812031862,1283.5554048989854,2781.422439581847,5362.420370094974,1950.2481717990584,5448.362526931873,4799.112580279516,4576.759327001468,1379.4918687827999,3585.599472967407,3366.3446176607426,2775.8354855313223,2067.4176191310316,2020.7803023459055,3883.9807301282613,5911.139635743867,5225.0293842476085,5276.913043525949],
        [1918.4285817617642,3016.642804340427,4103.129318111139,2809.9265563522436,3397.0802704351568,1946.98601842951,1341.8299768724182,2476.000558279427,1643.5708300816268,1381.7002622154052,2844.3723445032715,1365.5768365725319,3053.1852201028864,2723.2878664120126,1006.2211173165387,900.4716309185306,3278.6179247289247,2906.5960696926027,1808.6917111122086,3443.634392393796,0.0,3720.368242802004,2943.374154205288,3521.575022669856,1978.5225070973006,2795.70356335962,1508.9906283239943,1464.9173298151716,469.92985568618934,2186.773828509186,1208.5470741234872,3162.8235021260516,1926.1636136364334,249.00171867483482,1725.6833083962035,2850.504248412508,3195.867664847239,3530.0241874633966,2519.999245551156,1775.2159200559654,2316.862687216454,1849.8539051611633,2210.9973139105978,3016.111960088882,1605.183588489611,3246.6579628708173,1786.7476351460484,3735.4727900396765,1435.1608298513036,4067.2051218898137,2421.498170465848,1337.2490902825934,1364.726294971322,2905.4085274775,83.73752411242711,2272.2979604416396,2592.0699118721905,2220.507421534478,2136.227103503276,618.1678640980064,839.8324901951542,596.8499808563375,3038.69684495648,1482.087257970614,1604.5266121252027,636.2522921650071,2337.199476258741,224.6703454312785,2272.68524314423,1554.571674901441,2637.439277144157,1472.7131056265932,1371.008921498189,2444.368083349641,1202.0337483296742,1658.9444527029088,674.7458662499037,713.0901702789375,2789.3051126575997,1502.2952719635869,3471.977902629135,726.684168954182,593.3911611101566,2239.997814507955,2187.31905178803,2300.0657563797995,2156.6582504059584,1495.5951162775305,2139.550143920363,1679.2325828349576,1146.8328449528537,2287.1763673058226,1957.1073697135168,1952.8727920018869,1239.0508596683999,1433.619255586441,2185.7713992925874,3153.9352255737685,2791.577526739898,2003.9199825979072,1918.4285817617642],
