{
    "drone_dist": [
        [0.0,2329.8260346352927,2906.9974188384026,2449.2412864088187,4077.185260410693,3402.7302991671827,964.7007075966259,2193.9194041154565,1556.7960802698722,2358.3519049232086,2543.2494030591174,3555.988984132922,4574.076406574781,501.58014702526964,4449.309865808064,825.166548645698,3325.837877714262,3056.930423923918,3307.738180696422,4549.900382647019,2559.180367242091,1311.1855315929377,3715.093380755516,3262.691544369946,2094.931465326553,896.7868390334354,1047.5132473816075,2738.589231453556,4792.8354576706815,2657.1795108584242,755.6390331528418,4784.612583429287,1818.312282237599,3461.5240449273697,4602.222055587196,2845.942945549811,4110.370606672634,1602.3249219212294,2466.8651635300716,2568.0501108339276,3906.056536256118,2158.7918201337375,3084.385653986548,4541.4264934232615,2148.1633356102907,1143.820213836871,1020.783953003925,2857.4562417258185,2035.5432472313662,1140.6053563775727,3741.816355737395,2153.064217949684,3663.9262800353317,631.9377583003607,3481.775812274117,2688.0492285990754,1956.2959967361085,2257.9671011504465,789.647568021051,4393.155714876413,1589.9827229434736,3090.392924212078,1281.1928660981632,3037.135353808981,2981.594606921716,4057.727655801893,1330.4125944943958,3044.960937563518,2429.1725753906167,4530.453972145104,2879.9687984052916,2726.660143374468,3771.1545538131554,2694.5220500742134,2142.365748001502,4252.521725351257,3176.3268009601766,3846.6009524428764,1975.5438319731466,3111.5953508773077,0.0],
        [2329.8260346352927,0.0,661.4531706981206,2798.4084711781866,1946.2205729909497,2597.3350839145623,1376.7838970476869,2281.0945875957686,3513.865533959393,167.2693194340879,364.3540427067757,3910.7806427798005,4782.367872902999,1840.6309007740408,2323.479166839771,1779.5894248804836,999.3522895759764,3789.9949594381314,3933.9740904169457,2417.0782294983615,1064.4149949391203,3195.6408531299535,1996.049407891144,982.0960925055887,863.4281356753633,2833.121161557314,3376.830274110324,523.1065423311875,2795.9749976168173,3921.796983786883,2365.0458535505372,2970.741096814691,3258.469448087087,1641.145056874997,2572.8038683885507,612.4001654309255,3163.0686728542505,732.9676817505731,1652.3371970918586,921.2181608339249,3682.1205333816706,3902.82847817457,2044.5486722661383,2470.110294408466,2468.9579214735263,3069.2492248318576,1383.4155146010062,1216.9408972166648,1634.3005958156025,2655.408492027553,2509.4684250692094,1803.1025943384295,3857.2744022191496,2961.744142615702,2737.6950987529376,996.5160918008144,1569.124919732654,385.6932250201068,1803.4030459236455,2438.097291960261,3269.3298622343495,1019.7948712247536,3010.1464148989603,3313.1019202311795,2073.126440652346,1854.714274629829,1888.7647661022688,1108.908726940322,852.2756754632381,2467.612852201026,1596.18954624495,605.3554793338307,3852.914539202421,545.0852236866468,899.6247784337071,4456.604760121606,1256.1120797634671,2350.40597507908,2586.419619233067,782.3779570180345,2329.8260346352927],
        [2906.9974188384026,661.4531706981206,0.0,2884.9258221580963,1285.529887543475,2335.9342956163514,1984.4539961495443,2377.187375561021,3944.621054101807,566.5039577237136,759.0150445991877,3889.6661135980858,4670.551553720586,2407.043477524561,1662.1843653097778,2423.154149291764,512.2852999948785,3884.3107805667005,3988.3666892170777,1755.6277515967638,898.0243802024454,3625.9182972939534,1452.1438356572985,357.8749532337742,1471.5653073364467,3300.4366437565022,3951.6174847249185,169.01870224524907,2144.50299363963,4150.935205030624,2824.6488435334204,2352.3341089556825,3579.303923926106,1091.3286395648638,1918.7099331046588,62.060462807429175,2797.6545565422075,1315.477888823937,2192.6595469648396,740.6507459523635,3506.2992423478177,4259.44021934704,1779.7217513416185,1811.8232502527176,2599.2825591236115,3517.0972377938124,1907.9663153562306,874.3281011117946,1744.7777050385082,3054.5427608957602,2102.323161135744,1874.2661942682453,3793.123210866522,3534.3393485621937,2480.8545547198264,1395.0145185905449,1710.951975641048,983.8893729094556,2444.8777002966544,1798.9007533714382,3646.500862841251,429.3951917175538,3418.7105820838915,3318.2859984386796,1856.4800174707939,1196.4609945670868,2549.970750692574,596.3597385566014,1355.3686655704366,1810.210993747777,1326.9006105850362,876.4976300369409,3756.342308832412,237.1422429092272,1495.0356420016562,4359.2890459819855,715.5315830803928,1860.3962050444338,2778.451165130203,456.23414764497767,2906.9974188384026],
        [2449.2412864088187,2798.4084711781866,2884.9258221580963,0.0,3369.4657490336394,1455.5101780511525,2446.4341798051414,518.0994642819173,2056.998531008315,2675.6968451809203,3162.6473285118295,1194.0629718101163,2188.3680416640846,2243.5950525696753,3630.3319050793207,2859.21152339921,3387.588727279119,1001.195284429229,1136.7913693896182,3720.0095313300244,2001.9548866497973,1860.0705477492797,2563.176469317654,3154.843979373794,3313.6632253679572,1905.7913193549653,2982.343783857539,2768.6521781216466,3674.785291218116,1416.2094578837186,1716.3469792287497,3412.170967095297,1298.8329987651034,2553.514882118039,3579.1485248009494,2837.5310626277433,2044.8297437403082,2398.227610063589,4071.0036598801503,2149.778252371173,1478.627650320365,1933.358635954503,1563.081368935087,3602.4087900820846,358.39778285799207,1897.8553626351047,2041.8592897420415,2152.9093383305185,1167.962965800204,1453.8014745243356,2051.0984935954393,1014.9151376552319,1241.4485585866985,2710.5868722074924,1445.1237949460337,3731.606890882179,1229.2865742355696,3064.0274453118222,2842.106375343964,3310.2969771494936,1600.3432206174664,2706.354161231591,1638.5192669181843,608.6527411758017,1402.8648799853358,3498.7621718426076,3402.8806733811466,2522.3054357193064,3513.1197464028237,3579.746033642373,1782.6704918728974,3403.5401413522604,1328.5297250578078,2671.3613846722233,3374.048238539652,1855.2670825267846,2550.8939239222354,2386.265107461764,478.12409151776933,3323.334292683145,2449.2412864088187],
        [4077.185260410693,1946.2205729909497,1285.529887543475,3369.4657490336394,0.0,2261.676496862916,3209.883962192603,2945.252316818739,4885.339659917869,1836.1554545079155,1998.2466308427893,4089.2036540599247,4643.185993318513,3577.5014465593836,379.7717134416594,3680.7300591777903,1185.4295504458419,4291.736080522882,4318.235360223383,477.4973587893356,1593.2984728929953,4577.304393409907,908.4524524881908,1017.8336269435505,2736.5552919012125,4315.96839251799,5100.468100593561,1428.7948696347344,889.722378942043,4769.424275785415,3850.524344498363,1227.2408017959024,4372.317844863521,815.9585873389432,657.971752351015,1334.012226911076,2393.2399845635778,2545.0295611218958,3392.0031777098707,1535.0724875965707,3437.965626013462,5076.535601393683,1855.2365467267325,533.0031008418305,3188.2808299607486,4497.5477647856715,3056.5030358158015,1321.723693635271,2453.9517593263204,3988.7149930923333,1733.5569135005221,2499.792194352712,3919.3241973320883,4686.555197914686,2386.1060142978213,2536.8703750645886,2468.415768193381,2257.8307671061593,3699.7605388368193,633.567954754846,4519.920778339171,990.811349473095,4347.764497566917,3616.378374718913,2004.5935301999011,242.00951712786838,3834.9601299903907,1042.0757422290708,2568.469976534674,535.5155488518715,1592.9462296642103,2034.9487153242262,3823.1528695968054,1436.0589819825407,2752.9748851921154,4379.518735789299,929.6885146076986,1321.8696359110345,3439.934983270171,1412.4467776696285,4077.185260410693],
        [3402.7302991671827,2597.3350839145623,2335.9342956163514,1455.5101780511525,2261.676496862916,0.0,2981.067751567338,1313.6451067244948,3451.3594780794415,2433.125822643115,2920.0209180515817,1846.2631533539927,2408.0563601598496,3025.473518404961,2426.095163671727,3497.896530927032,2737.352081158838,2164.027171278008,2131.357927522958,2500.1900537322495,1534.9007537207601,3210.8214231647557,1356.8037971926058,2462.0580107390856,3377.654249393672,3142.68957281301,4182.079277513076,2299.153183958152,2333.4381885759294,2822.614938151283,2805.6636248191826,2000.5779946768453,2732.525029413612,1516.9898262918762,2284.6324453853886,2315.347466537651,707.9073803846687,2590.868286628795,4197.502627768862,1686.9409839555285,1204.9776933594944,3387.433263237851,560.148655296976,2343.57531963115,1490.0902431847765,3208.782249480413,2606.486255857292,1462.498605215135,1397.9687203788528,2697.5906554990215,630.3385177234079,1254.988917300946,1661.1455413718143,3838.189564353257,144.92899533090792,3588.2372847455467,1488.9526625417207,2966.0694315766555,3495.0262456158084,2016.040799503229,3003.5277351158315,1982.0265563133316,2972.479194362781,1453.1962312469336,531.3494958758484,2452.6609616765604,3938.545759884224,1776.61726748402,3445.5059119203315,2317.850298687883,1018.525513757154,3123.7634346552413,1561.5758703916888,2207.8289134713536,3428.844882266274,2127.4710361530056,1718.5567671978608,1030.7401056584831,1779.355684454848,2782.6404390286384,3402.7302991671827],
        [964.7007075966259,1376.7838970476869,1984.4539961495443,2446.4341798051414,3209.883962192603,2981.067751567338,0.0,2027.6066377524085,2341.604344432672,1422.6224511398038,1578.551990930377,3638.4648778359974,4632.382108817153,512.4944783098466,3588.1789778640264,529.1327775901856,2376.077473288614,3287.7405386115975,3501.870155185111,3687.156989234782,1807.2431986414579,2042.155681282104,2978.0694745798673,2334.0124703511406,1188.376901312453,1630.5088547339442,2006.0384415607036,1819.1151192062925,3983.4134084527172,3126.2717405961084,1227.7124916705577,4042.4480412687312,2327.736897888272,2681.0007736585853,3778.347857627372,1925.1753548630666,3672.117763178606,669.9606248417059,1743.43457984385,1772.7210359038704,3752.7653225220224,2851.6305608394027,2547.4408107912263,3701.425936170586,2091.8925379853913,1889.2729756187657,408.401267260064,2094.922118363634,1599.3360130364063,1620.3589133230103,3177.8035972295793,1768.7752531815818,3679.634062256196,1594.3106719200016,3089.790890589194,1771.1265206572987,1504.8654447773058,1295.052573745804,534.418571304166,3592.9469630187236,2218.443177340107,2220.1300939864086,1915.266193042766,3052.435795001045,2485.045411627382,3164.230674583714,979.9570140495499,2210.0362485076043,1509.045620829681,3693.4289204437955,2235.4176965110587,1764.8526315445104,3743.0077197736496,1787.8656201031138,1242.8073403631124,4298.109420365265,2352.4865480510584,3192.024402566315,2045.0450460892605,2155.00606892147,964.7007075966259],
        [2193.9194041154565,2281.0945875957686,2377.187375561021,518.0994642819173,2945.252316818739,1313.6451067244948,2027.6066377524085,0.0,2158.298844497953,2157.618855779601,2645.4111622525875,1668.5979533634986,2625.116942932126,1904.0897273497349,3231.2947900709873,2481.385822590125,2883.305052774782,1517.1620639942794,1652.937396602297,3325.0227384108493,1505.3841040485909,1903.70033763478,2195.7599391761114,2657.4192128359314,2818.998964969214,1832.4624726332781,2885.165266489476,2256.620127936812,3336.205594474116,1830.6578492618069,1526.4991763996443,3129.919983614529,1491.5880738461406,2134.728759306525,3217.801969350162,2328.2947071603558,1993.712195105923,1907.0269704208877,3591.4322655110514,1647.7236757830685,1743.7422710494177,2185.7127469792586,1235.7266541661022,3224.8061712589265,243.0286178979694,1895.806860939843,1619.24194045185,1681.2492831437023,649.9344466041138,1384.5250243349392,1822.7569713908272,502.92256694617566,1669.97208568745,2560.7837072868424,1355.5413057465457,3220.987175818468,712.2203521359622,2552.4863100692983,2468.6706437463536,2954.3995594008506,1722.4081653702688,2220.8353818578125,1663.5698345568496,1064.8263174415692,1080.583316696396,3055.99843421372,3002.610555972867,2044.97728827803,3006.862341067688,3203.8503824050977,1353.926837195003,2886.042518036484,1719.1677494296441,2159.946358832876,2878.887073510028,2290.1543072376758,2087.3497687571175,2093.99676389207,514.6136299764975,2811.302710264088,2193.9194041154565],
        [1556.7960802698722,3513.865533959393,3944.621054101807,2056.998531008315,4885.339659917869,3451.3594780794415,2341.604344432672,2158.298844497953,0.0,3481.352807137525,3809.925034051833,2766.4151241116924,3709.3387550388957,1839.4837601315733,5220.18603526345,2370.8726951228423,4434.087548082693,2114.4428337428662,2380.192627690801,5319.558458796359,3295.8648807655836,319.2767957201316,4270.673119557722,4294.041897046252,3529.8276829613014,711.1489639835075,1263.7775392963224,3781.6197613527597,5419.5768775559145,1404.7013348582973,1152.5557672330895,5264.70107731258,786.0736993608338,4127.747537705275,5273.427185331916,3883.427807926608,4090.0556256902555,2810.4302580734516,4004.346110765937,3376.5189528306214,3442.3420976490934,648.5121764906208,3376.0167917766044,5254.595204613869,1961.8067940482906,453.57452397939846,2153.1869024794305,3564.333294233518,2451.9385597709897,899.5163588601997,3980.927829679526,2453.193147016235,2964.16162400574,1260.917610144785,3468.98146179759,4108.062607859703,2424.034405498925,3567.6228254413686,2336.374276939961,5023.363423092314,456.905909170928,3981.1538374090715,537.5851830829347,2450.101468443278,3227.3760468182068,4936.568144217568,2886.554841736433,3864.712484667029,3846.2206086451683,5237.05068863936,3383.533600605866,4029.454994471736,3125.8275473739113,3708.6712814687016,3584.4082984909032,3435.9398567154253,3959.276089689803,4234.2787072608335,1672.0271079612264,4265.723620905068,1556.7960802698722],
        [2358.3519049232086,167.2693194340879,566.5039577237136,2675.6968451809203,1836.1554545079155,2433.125822643115,1422.6224511398038,2157.618855779601,3481.352807137525,0.0,503.9524707353727,3773.453110456952,4634.130522934539,1861.910098077326,2215.3762988261424,1856.9059767634776,974.2745750783864,3671.651809821944,3808.7656695790474,2310.9441291733647,899.0428629258831,3162.2396608560025,1840.1541250021235,911.4945453077357,1023.4012684951799,2812.356373248078,3405.4751393881756,408.71576016479514,2670.973649470081,3832.2376906770924,2339.752049979908,2828.388271978237,3190.941813128711,1488.0147062571614,2450.701371166106,510.0393742464832,2995.918559283879,757.4745392082883,1818.1933589190116,754.3404251876838,3525.7716130685926,3847.207360919124,1879.2180866369645,2353.524165083737,2353.02556250222,3041.8138204970232,1380.5985002696098,1050.4089408127056,1508.1702136765696,2609.7344391485053,2342.5189864769163,1671.7310506292636,3713.832843211773,2988.726173612869,2573.9351459194836,1156.9278042431195,1448.2175018298149,551.9256988353111,1878.4517447345384,2305.696215890856,3218.5442629502104,883.5665955674216,2968.803349563841,3178.4391220139864,1910.3475218742306,1760.9324183732065,2005.7967822652306,956.6362733272247,1019.1805644962174,2349.6865481722466,1429.7325740374579,735.9994894174084,3705.34497801583,407.69479021704893,1061.852765079896,4309.773582884369,1105.3841022612344,2187.5715038705275,2484.0128097907123,785.1342503817327,2358.3519049232086],
        [2543.2494030591174,364.3540427067757,759.0150445991877,3162.6473285118295,1998.2466308427893,2920.0209180515817,1578.551990930377,2645.4111622525875,3809.925034051833,503.9524707353727,0.0,4273.313554567779,5138.076023847033,2072.931796457242,2362.861966428562,1906.2706270882097,896.7863774105651,4153.552779131818,4298.308591548277,2449.6135914639226,1386.4743983412475,3493.840198490364,2198.637513364741,982.5078655149832,742.1677272521509,3116.9538443303254,3581.4008093445386,688.2179830815195,2878.0711170948553,4272.419186580412,2657.4220364204366,3108.9791387484365,3592.6281163405615,1837.3941671698158,2648.6461254434043,734.7231408833917,3457.48318165429,999.7960999112846,1433.8974440483191,1233.14785580888,4026.9233833032517,4224.293026711325,2362.2224728441065,2531.109897479268,2832.2855871458883,3360.5487165937593,1659.3976242848335,1496.5501495336334,1998.6084522590818,2969.7448625921875,2784.97878969554,2166.8801162871446,4216.779088199315,3171.985977390498,3062.273352901531,673.8428111256019,1933.383343806197,304.15326466240435,1934.605481662377,2547.5922120749688,3587.085194295896,1180.3249946797196,3318.337539285912,3676.4055485602225,2402.620667616859,1866.11911913523,1907.8351640208907,1316.4857699890447,597.0338209724281,2532.5239400558476,1906.8857623506315,242.46888703434686,4209.2384133339265,754.3402730939137,755.1632844737079,4813.592807313088,1452.7708495146765,2586.796828776439,2945.248338682675,646.9561134771245,2543.2494030591174],
        [3555.988984132922,3910.7806427798005,3889.6661135980858,1194.0629718101163,4089.2036540599247,1846.2631533539927,3638.4648778359974,1668.5979533634986,2766.4151241116924,3773.453110456952,4273.313554567779,0.0,1018.2517388680942,3408.8013636314645,4271.258652859545,4037.0440725427966,4365.452441758512,679.0961033509391,452.9786532050644,4346.283071909626,2992.5998427856257,2682.5514271408183,3194.7264887930305,4108.422731836115,4487.44011215239,2868.81569718411,3907.237565123404,3798.6293036936627,4159.840131628259,1526.7672823913388,2801.699409442336,3777.941352586342,2000.920955591367,3305.6879884098403,4125.971100559646,3850.7957376647196,2078.303871676808,3575.4652532700807,5257.311906170061,3152.5288023403814,937.3916537997619,2369.5188581886564,2251.6011525562917,4189.124398692212,1551.8872216895386,2777.008915298512,3235.117469080196,3064.2010610374728,2287.0653602287334,2458.888938833551,2454.9334869556565,2110.752540531867,262.8478492921239,3709.276659753217,1742.6707091006606,4875.136661570807,2363.6664806236954,4206.377013613459,4018.08977689721,3859.0420234609396,2347.469602460021,3631.2525118043873,2515.5583975983227,604.1797099007252,2118.8139723538347,4264.6733949779655,4587.640120608682,3429.6119071388116,4668.535627054726,4163.24754868157,2626.3731313086582,4509.326740638574,451.5000811639241,3699.867569697429,4547.24465361587,699.5848279186988,3417.5942994261836,2871.853717627475,1613.41730525931,4343.491009234091,3555.988984132922],
        [4574.076406574781,4782.367872902999,4670.551553720586,2188.3680416640846,4643.185993318513,2408.0563601598496,4632.382108817153,2625.116942932126,3709.3387550388957,4634.130522934539,5138.076023847033,1018.2517388680942,0.0,4421.647671213992,4756.163387488316,5045.309694837524,5112.593897842201,1599.1192585505316,1331.7077818662694,4816.374424270015,3793.3236567362655,3658.7197656348503,3735.6994423147025,4842.617141190591,5421.042335308257,3871.90395709777,4892.589265069783,4602.07448491587,4528.41889441457,2364.4455413800415,3819.502146650445,4076.4059297364956,2971.776890189717,3924.5343393952035,4544.715837759049,4639.508463108307,2337.1443616980478,4520.03964453025,6209.27753931332,3955.2924435030186,1206.983622316973,3238.3207691717953,2921.4269925942135,4635.707180731489,2540.593632670796,3764.5127981480705,4225.979440821486,3807.212729608902,3201.52550627021,3471.4329432305253,2915.2726803472633,3018.179811341627,955.3475490874602,4713.222719307861,2271.9942281880494,5767.905325915712,3286.071970419138,5103.933425436682,5027.305170948902,4294.190191918754,3314.6940307171003,4358.982011779395,3507.255372375255,1580.3758797835546,2821.3674550737323,4846.991396064887,5591.191960866824,4152.564780994764,5576.878186417041,4608.618626032132,3352.915230556735,5366.290332154621,929.8584138273285,4504.6843813726355,5479.665606397743,335.0228496894099,4111.851166499015,3338.1732635446997,2626.410440352511,5126.368581949174,4574.076406574781],
        [501.58014702526964,1840.6309007740408,2407.043477524561,2243.5950525696753,3577.5014465593836,3025.473518404961,512.4944783098466,1904.0897273497349,1839.4837601315733,1861.910098077326,2072.931796457242,3408.8013636314645,4421.647671213992,0.0,3950.511831800185,644.9748169830167,2832.5790241389777,2984.7266633707645,3217.787678235235,4050.9757154109184,2074.1676452173183,1547.4159758162891,3238.6251851755906,2763.3054283309843,1696.3725435508757,1129.2253107463061,1544.7564858242988,2238.4357539671178,4302.532535282807,2722.875658624931,767.5848244465847,4309.489709073303,1899.0590585714333,2974.57883548935,4109.040751707185,2345.8284687025757,3731.8580026592554,1109.0502168186736,2189.9987287533963,2075.2616522826293,3646.474111174106,2373.3066205271066,2662.863271050547,4045.543960787921,1909.02702819653,1389.945211652354,523.5107641322373,2371.9483574934675,1631.9905140786238,1181.7149990405444,3316.034769000142,1771.438538270721,3483.621725968489,1127.5670259040799,3116.679382872647,2282.2822372085493,1545.2724443801067,1797.8958035776714,620.5273974393077,3904.1501628087926,1750.860953707103,2589.762961663221,1440.7209105878983,2850.0008672843182,2572.871289384968,3556.2879032593896,1211.3720154996547,2547.8431020095754,2020.3145117968566,4035.020989929902,2423.414520908078,2268.3086088847836,3569.992407130178,2193.3334157332765,1749.3506133428616,4091.7091401478388,2681.016973067722,3392.8588664582758,1795.6182997937233,2622.9916913326574,501.58014702526964],
        [4449.309865808064,2323.479166839771,1662.1843653097778,3630.3319050793207,379.7717134416594,2426.095163671727,3588.1789778640264,3231.2947900709873,5220.18603526345,2215.3762988261424,2362.861966428562,4271.258652859545,4756.163387488316,3950.511831800185,0.0,4060.41048847636,1521.3010473284087,4521.3570017683405,4529.1482711962535,101.05557909811506,1941.9638763416515,4915.371358252984,1084.6459002810184,1380.3585551594692,3103.6238446533644,4665.797727252488,5468.416497012287,1807.6137784058772,582.2726493498052,5041.274484705712,4203.954446313311,1022.4820151794614,4682.781280485904,1102.5008350464032,367.13215336365187,1711.785675259682,2450.474112511618,2924.116260943788,3739.3324223059512,1895.6835153016032,3561.514298057793,5387.2280018242955,2082.4908235195558,214.35309998442943,3473.564476770565,4840.9093335033,3428.5465353541244,1659.3739709506458,2775.516651295062,4326.9897886117205,1846.6627766452407,2806.701007481677,4085.4183030149343,5055.532396306782,2538.5859284538265,2877.666176960076,2796.9623198043405,2628.705469779179,4079.363667442031,498.2747491156964,4844.418091925245,1368.2033891930416,4683.110445466825,3830.874652254551,2238.8516645523982,510.5454194699014,4212.15235004601,1406.8475089834953,2923.6658856215054,232.61650002515924,1879.7279112370773,2385.6954884304387,3975.3727149646006,1815.8127765160064,3118.001856753776,4509.57343507327,1284.6953284467595,1421.1358274196596,3735.060216724812,1759.1120428281022,4449.309865808064],
        [825.166548645698,1779.5894248804836,2423.154149291764,2859.21152339921,3680.7300591777903,3497.896530927032,529.1327775901856,2481.385822590125,2370.8726951228423,1856.9059767634776,1906.2706270882097,4037.0440725427966,5045.309694837524,644.9748169830167,4060.41048847636,0.0,2765.4558436101643,3627.905708762696,3858.589222491647,4157.931888878454,2328.60387526229,2106.15778330205,3495.8532290511534,2759.8961898694315,1337.565629150165,1682.836034093505,1748.7883064240798,2264.215246486828,4477.851879166433,3357.1511970508113,1392.6640022735185,4555.929483889016,2526.1098441752074,3190.6082361727426,4267.911955892237,2366.908427389525,4193.100215363442,1142.734720090733,1641.7002612063136,2285.530870137547,4222.030037498074,2950.672392428434,3074.1329889427057,4184.152325231411,2514.6470749451596,1940.768104043549,894.171036945707,2612.365068329651,2106.687772547445,1810.7702681742744,3706.5831378489256,2269.306182276606,4100.544807094672,1372.654471759756,3603.0097245779943,1924.4780677620054,2013.251445754233,1603.712717747,35.933776539572804,4092.181409203983,2349.416362189868,2697.904740079129,2036.0220757539967,3467.754371518214,3008.2952643983413,3617.2695633701296,566.712348309559,2705.289953126977,1674.7299732120414,4177.592094179751,2764.284690557516,2050.7896742154403,4177.884492655957,2246.027836581997,1377.0093199853984,4713.451224983789,2850.7632275739666,3719.1441835139585,2424.604705142163,2529.0404734251138,825.166548645698],
        [3325.837877714262,999.3522895759764,512.2852999948785,3387.588727279119,1185.4295504458419,2737.352081158838,2376.077473288614,2883.305052774782,4434.087548082693,974.2745750783864,896.7863774105651,4365.452441758512,5112.593897842201,2832.5790241389777,1521.3010473284087,2765.4558436101643,0.0,4384.811560958224,4481.502924295622,1599.1052250168198,1388.8957125838342,4114.889122466481,1663.0570358250015,277.62151644577506,1630.061047374921,3777.2542324100336,4373.324314814679,660.1852660846537,2073.997809571065,4663.055642365428,3302.5698632773597,2383.958166143586,4087.6476021010526,1329.519503977069,1842.3112182293412,567.9456202502225,3124.996275094687,1723.9554324049038,2219.06168037879,1237.8720728380088,3930.320862837329,4764.3507488177265,2195.5778814434793,1709.4651008346868,3107.8710727002263,4000.793992168269,2354.7307397757145,1308.425272339176,2255.1786657048096,3549.6095787051163,2417.5437981008035,2380.7013457028106,4256.7802785817275,3957.3877662627715,2881.3775548222197,1356.3830091813857,2222.815199346579,1193.4087278167624,2791.112832678019,1793.9390393689914,4147.259908315682,755.9210087500129,3912.622050739127,3803.7535943725256,2291.4126045825487,1011.4665699172876,2803.7481398358846,962.233159934845,1413.946116096489,1715.605829268597,1760.5574998081133,872.3962662572221,4209.436930469448,745.4771418426388,1634.8620160042808,4808.393933324213,1025.7093722777681,2110.1872164179185,3290.283984574095,251.22843169387997,3325.837877714262],
        [3056.930423923918,3789.9949594381314,3884.3107805667005,1001.195284429229,4291.736080522882,2164.027171278008,3287.7405386115975,1517.1620639942794,2114.4428337428662,3671.651809821944,4153.552779131818,679.0961033509391,1599.1192585505316,2984.7266633707645,4521.3570017683405,3627.905708762696,4384.811560958224,0.0,267.5180708854516,4605.213997358754,2996.803291578053,2060.9426043211774,3437.7426352191806,4147.754879084534,4256.8715699657205,2294.9924790628675,3296.366371987604,3769.5913630574523,4491.277239172201,851.1883055604985,2305.0632209289347,4161.4423032006835,1373.9242203505266,3480.679208977427,4425.7413572243895,3837.5744154823224,2557.5000122840065,3343.4497322110683,4982.429292222092,3147.1379794629092,1539.1035348269295,1691.4413428018463,2441.0370762636826,4468.39022441166,1321.4809131353502,2171.3830667478464,2902.4457873848096,3130.7060456371414,2166.4931513989873,1923.5698930995202,2794.3637840349115,2016.1064197556623,918.1679485788419,3133.8031298226724,2095.433514979249,4704.172551652665,2223.4360612583027,4040.3530337622738,3604.829177886337,4155.03868316995,1715.7558425894515,3691.5094401882243,1918.3180958523888,711.7462106582617,2288.0817303264375,4439.768069125493,4191.468746534507,3501.9382582313897,4477.088413097962,4444.003679544705,2733.5475921325,4395.30963912643,1103.1414335749948,3672.168145327527,4317.772504926363,1321.9452291205816,3519.055012794101,3183.8908808923043,1257.9996211775185,4324.2057422408525,3056.930423923918],
        [3307.738180696422,3933.9740904169457,3988.3666892170777,1136.7913693896182,4318.235360223383,2131.357927522958,3501.870155185111,1652.937396602297,2380.192627690801,3808.7656695790474,4298.308591548277,452.9786532050644,1331.7077818662694,3217.787678235235,4529.1482711962535,3858.589222491647,4481.502924295622,267.5180708854516,0.0,4609.559734456195,3093.3257738503194,2328.3622198455264,3444.818974489817,4236.440021333551,4437.810310767785,2558.129529732304,3563.6042758717654,3881.699389887932,4464.6011777195345,1084.4363961316317,2553.7164134190066,4110.957704361813,1641.3219318663703,3515.193541032291,4412.509497981122,3944.286956697166,2456.811095101905,3522.1838938107753,5178.195074950061,3247.9913442191514,1369.4081635577713,1942.173221619365,2463.1340063199323,4463.921112138207,1480.978852551324,2437.972911606818,3110.1107666607813,3205.045335994388,2300.8033286354907,2179.3324299944584,2757.8063214719764,2139.6006073702038,710.8591846812045,3397.8807083757083,2047.327172991804,4867.167592915126,2365.127560592549,4200.1399005990925,3836.521489000003,4142.6848012109185,1983.2711979724013,3770.835450489161,2183.942039435891,702.1144246327532,2316.5579281452406,4477.595735551197,4419.778393651836,3575.9580177629073,4646.186921615236,4438.847901851167,2789.9718881475724,4538.7770658415675,900.2892740969911,3783.430233456031,4498.508140261685,1058.4550619863135,3582.166537822713,3161.1267816214518,1458.7782475794147,4434.635169292875,3307.738180696422],
        [4549.900382647019,2417.0782294983615,1755.6277515967638,3720.0095313300244,477.4973587893356,2500.1900537322495,3687.156989234782,3325.0227384108493,5319.558458796359,2310.9441291733647,2449.6135914639226,4346.283071909626,4816.374424270015,4050.9757154109184,101.05557909811506,4157.931888878454,1599.1052250168198,4605.213997358754,4609.559734456195,0.0,2042.731073563682,5015.069443874348,1167.4722551449877,1467.5720225878745,3191.097000715654,4766.414393815649,5569.358119151041,1902.7807378094767,542.8545455544797,5132.155476169061,4304.779372259452,1014.3149863697366,4779.398628447416,1199.285904694851,351.28445001952883,1806.0241493809735,2502.033480643414,3022.5237526813385,3818.1476690490413,1996.7385281761644,3625.2585958679038,5483.7702895869115,2168.5323595124773,205.68201851321857,3567.062165669002,4941.063755151847,3529.124160422174,1759.6169906121286,2873.9116271837433,4426.750269177923,1912.7021157531872,2903.4131652323995,4157.40983567067,5156.413051023713,2610.09434318659,2954.628301397929,2896.055124629596,2718.2809130919495,4177.078387397229,533.804678887227,4942.724058510145,1467.4903447087606,4782.571338842301,3912.412394088133,2325.7028291569636,588.1690261911946,4305.38678269327,1507.7955829839284,3006.0637810037056,231.04394772424814,1974.743226423071,2466.835462430686,4044.639334579276,1912.6443829556308,3204.5068901089658,4573.695155589556,1385.7373849742703,1487.1703179440922,3829.8481593277397,1839.7808851060147,4549.900382647019],
        [2559.180367242091,1064.4149949391203,898.0243802024454,2001.9548866497973,1593.2984728929953,1534.9007537207601,1807.2431986414579,1505.3841040485909,3295.8648807655836,899.0428629258831,1386.4743983412475,2992.5998427856257,3793.3236567362655,2074.1676452173183,1941.9638763416515,2328.60387526229,1388.8957125838342,2996.803291578053,3093.3257738503194,2042.731073563682,0.0,2985.876857359474,1172.89701117272,1153.1502435731436,1877.1995410206373,2724.299533513336,3550.0335554103544,810.3875618449117,2236.1778098390046,3316.395324581111,2262.1406976104518,2241.913816732247,2821.8578000261514,902.6064029001366,2052.8452962506694,858.1966949582853,2106.928725355715,1228.3593677023048,2692.3268994624286,162.00756380504404,2652.4996701671193,3521.136250201009,980.1978442633387,2005.3760296350613,1737.4612894800978,2904.3046837641705,1554.3995535329948,298.2814845349308,909.2282036849266,2397.5985216621043,1480.804793333486,1007.5262543561208,2901.4705073753007,3142.9473351792362,1676.4554313448498,2053.342408907502,902.0282396754471,1439.6766827102801,2338.2759354831965,1835.2170428120473,2942.907903303669,723.9040270760214,2758.431390868041,2420.384805561873,1016.4507020120636,1642.8212582666263,2643.5430928027786,573.7258357825905,1915.65211482954,1991.7150249076958,535.0222945548862,1596.7634795517008,2872.1480488302273,712.2694696464862,1923.936635484229,3476.8751517261103,664.1800094364262,1405.7776585516594,1945.5007213086333,1350.8939704552033,2559.180367242091],
        [1311.1855315929377,3195.6408531299535,3625.9182972939534,1860.0705477492797,4577.304393409907,3210.8214231647557,2042.155681282104,1903.70033763478,319.2767957201316,3162.2396608560025,3493.840198490364,2682.5514271408183,3658.7197656348503,1547.4159758162891,4915.371358252984,2106.15778330205,4114.889122466481,2060.9426043211774,2328.3622198455264,5015.069443874348,2985.876857359474,0.0,3979.078679194805,3975.76815893925,3228.6714922958017,423.75337533244704,1236.3902459974495,3462.7106191938897,5126.4614809290415,1449.8859192322525,837.804200343146,4984.9509329394805,687.0505388867246,3826.5335917186976,4976.144813098367,3564.674260635134,3866.7448614641476,2494.8265101200514,3727.502357720438,3063.435929533831,3291.6813685459824,847.8174391626561,3103.6661601015876,4953.989983091191,1723.2789960405955,167.38753279250372,1839.1972327829558,3257.5372920763352,2154.6792140247035,588.6212166998673,3720.704075666758,2166.242107029546,2860.4019420525447,1128.9561092803965,3237.6643591740385,3803.0542682753035,2122.4165145750258,3254.346918528943,2072.583800766265,4728.638153920461,350.94907998607727,3666.6176310012947,241.80826569579435,2308.1588131960557,2958.471117100069,4624.731121734301,2638.2834091824875,3553.001341776746,3541.5834005780957,4936.892498924993,3090.369108831623,3714.7020640168016,3011.3409815036757,3390.10312446367,3284.0815928208735,3369.2473434566373,3649.8381900767317,3958.8738807106383,1440.2978985464208,3946.526830330856,1311.1855315929377],
        [3715.093380755516,1996.049407891144,1452.1438356572985,2563.176469317654,908.4524524881908,1356.8037971926058,2978.0694745798673,2195.7599391761114,4270.673119557722,1840.1541250021235,2198.637513364741,3194.7264887930305,3735.6994423147025,3238.6251851755906,1084.6459002810184,3495.8532290511534,1663.0570358250015,3437.7426352191806,3444.818974489817,1167.4722551449877,1172.89701117272,3979.078679194805,0.0,1397.2854913809235,2859.1716688369147,3778.2809575433726,4678.395656760818,1512.5542996773959,1149.5807578580534,3978.7241183750593,3340.8792318201567,1070.9342935057148,3676.063597305795,361.4049242208937,1022.2300782222238,1466.687304679333,1523.3071101514452,2373.739430550703,3626.747135145572,1212.8004163532144,2529.900192883867,4376.774392715519,1003.6236638958444,1039.3360099023232,2434.2833410473127,3924.4466248645454,2722.8516620042983,883.5353038633617,1827.4134453935696,3398.2740900499343,835.6056829929931,1818.6860323088888,3017.367445421232,4279.785823431996,1478.6431509427775,2847.138330088643,1870.28176047975,2373.793414877233,3506.8249629894353,759.3571910649947,3868.5480256012343,1022.8554010592745,3740.2037047269096,2746.2378342398515,1162.357359913943,1113.7711839550925,3777.3800182847244,889.0271125426696,2794.029941773145,1016.5712711685968,889.1855851437537,2328.277528115084,2917.043437551561,1460.2235712384713,2893.298002457628,3471.077763875384,746.6875215884281,456.4135853181937,2708.2836345310325,1802.5758466522552,3715.093380755516],
        [3262.691544369946,982.0960925055887,357.8749532337742,3154.843979373794,1017.8336269435505,2462.0580107390856,2334.0124703511406,2657.4192128359314,4294.041897046252,911.4945453077357,982.5078655149832,4108.422731836115,4842.617141190591,2763.3054283309843,1380.3585551594692,2759.8961898694315,277.62151644577506,4147.754879084534,4236.440021333551,1467.5720225878745,1153.1502435731436,3975.76815893925,1397.2854913809235,0.0,1723.5533083054372,3654.97453200098,4308.040758510906,526.8252277896905,1903.2674241081872,4455.971040180851,3179.1499767327437,2172.910388048633,3909.743210383158,1057.208948590211,1672.4273788145133,419.83596439505607,2848.3495957134237,1667.0378191038467,2379.355929236186,1010.9208676408496,3657.237942589623,4595.418852214863,1923.135424672043,1550.7723405182503,2886.932163343645,3869.322845326077,2265.723055245233,1045.183755827814,2042.460000131014,3401.231372948651,2141.154755644888,2157.043406350114,3994.1929313981896,3890.8003892187294,2605.859118971345,1534.4505943537183,2017.856430843985,1253.1686944601718,2782.9116358412657,1592.603497535563,3987.930052279664,483.64051751548965,3765.87021197523,3553.2899538929632,2022.696460947221,887.1490106839271,2853.900096461609,690.0707474824029,1551.5616776242812,1553.1737969299252,1493.5058608749541,1022.6667379809793,3943.088676238552,587.5190608210653,1737.6614498767522,4540.447464000418,748.2696922564215,1840.1960537624689,3082.02336587757,419.4458983682512,3262.691544369946],
        [2094.931465326553,863.4281356753633,1471.5653073364467,3313.6632253679572,2736.5552919012125,3377.654249393672,1188.376901312453,2818.998964969214,3529.8276829613014,1023.4012684951799,742.1677272521509,4487.44011215239,5421.042335308257,1696.3725435508757,3103.6238446533644,1337.565629150165,1630.061047374921,4256.8715699657205,4437.810310767785,3191.097000715654,1877.1995410206373,3228.6714922958017,2859.1716688369147,1723.5533083054372,0.0,2818.805561281686,3082.348187740933,1364.311071009328,3611.2524915695512,4226.615454072285,2404.6702343259813,3818.8321548078698,3465.877690354639,2503.2044529548784,3383.147088683708,1435.528291395949,3982.710147935322,915.8344453768203,819.8483872705655,1751.6377633018542,4387.80056743828,4027.1898191189034,2841.5012527685153,3268.8054098684083,2959.8137665562017,3077.1851797204927,1441.2277266982226,2066.286198243057,2219.7781152289326,2778.644308231817,3350.6022649429956,2403.7413707342753,4472.939570291273,2693.9134626403106,3512.4747739007794,593.2172582856633,2135.078176825715,490.14312270731136,1371.149414905129,3270.466058631431,3389.272577443007,1869.0707903911875,3092.4830476986067,3883.3797823871582,2846.451925372485,2608.231755278848,1206.6799312558896,1971.1213773869194,337.46227533196793,3269.4162226431445,2411.1612461814566,787.0224833128158,4495.493594758608,1402.5238163460417,60.981745762176416,5088.302815974283,2117.2251292473784,3210.611734978059,3002.216973443364,1378.8366097394553,2094.931465326553],
        [896.7868390334354,2833.121161557314,3300.4366437565022,1905.7913193549653,4315.96839251799,3142.68957281301,1630.5088547339442,1832.4624726332781,711.1489639835075,2812.356373248078,3116.9538443303254,2868.81569718411,3871.90395709777,1129.2253107463061,4665.797727252488,1682.836034093505,3777.2542324100336,2294.9924790628675,2558.129529732304,4766.414393815649,2724.299533513336,423.75337533244704,3778.2809575433726,3654.97453200098,2818.805561281686,0.0,1076.5847925347905,3134.2438091739386,4915.659230596548,1789.3510277453743,475.82601890322053,4812.374260814884,963.1053360364807,3594.997556377342,4752.765575365982,3238.5914865174914,3825.8263668305094,2117.62795008741,3304.3869721533943,2785.291289029553,3379.0047354573953,1268.6065087420718,2963.8848333030705,4719.545000264738,1695.1287378908712,261.23383303829894,1457.5820122910627,3008.134442149107,1956.024354152526,455.8406449511885,3603.973489929217,2001.4167211817758,3018.8544332786237,841.3192316040743,3187.9687213082852,3398.061243172166,1908.1252667555575,2867.0607080392806,1649.4054699900212,4514.382155560702,697.6713884607556,3376.5789837474113,400.1433912189515,2425.928795555438,2829.262690921155,4345.924109156956,2218.3451546063425,3279.159227636313,3136.107322170167,4704.046782427588,2891.7376255252398,3331.9669965667927,3153.4323804004907,3067.4556518064046,2873.2971383712393,3566.6707672981356,3386.3850605751536,3803.297982445537,1441.5530800112322,3597.245168952183,896.7868390334354],
