{
    "drone_dist": [
        [0.0,51.67786197394346,34.260109117966934,48.161062113566324,28.566881426317774,31.69947346374668,58.24026161022955,15.808664287908455,48.83167213914317,38.511839718008495,43.181755812221446,38.18325406947492,52.481369662918546,3.500310822228897,44.58731485331996,37.25334598132446,41.50959414680905,31.772345067496204,45.57233473587201,14.857565890948727,32.672059119315485,41.170869827728005,20.527271269121595,40.95017430990291,17.478994635747163,21.70887085055221,12.89838478259399,37.47828010519565,38.833531456876976,46.94979991333821,36.708005809624204,22.57269337819712,47.90074917855867,30.199254120427153,41.23677725051585,41.988208960825915,22.605184323731113,53.92980405391097,20.190789749103164,7.962775624195983,0.0],
        [51.67786197394346,0.0,21.752698555783912,9.46855380582657,24.412747696183686,27.056829381591267,7.8190212914959165,39.71375794057301,17.5035889320854,17.233540604798687,13.219930363981025,32.89471596798563,5.813558539346722,48.28191916269636,26.6040676694303,27.367969042843928,35.076823674597954,40.06027140663221,25.911362285220886,37.01453301695656,19.018288331238093,44.90291658577747,38.33960139695597,11.923703559654006,38.573730252152316,43.00472271762624,48.101103876332246,14.45352607404663,44.57371760374623,5.696704502142618,28.491573969090773,39.881382791396156,10.215105614733792,21.764516192062374,11.493533082276812,16.99254744566261,35.86190649711077,8.318560005802123,31.593090130655398,45.404681052501665,51.67786197394346],
        [34.260109117966934,21.752698555783912,0.0,24.030985428636217,16.94920675459909,5.382527748740805,26.139620364840688,19.67598805201778,14.640025444355812,20.550777358090293,21.890674723647702,14.143372483404276,20.097916138776,31.32428786136806,33.90164518628722,8.57981345880781,17.674684446091298,18.899710139225284,34.01043934443155,19.79544910762036,9.934268186758597,25.813296610661286,17.145314284772653,9.971566150661246,18.227560508473633,21.383537508928065,27.589176392231714,9.48468367308043,24.82736493849675,16.068733645055353,9.280316646484806,18.264971316861875,14.478442393046123,13.40953834476242,10.434776806961152,24.113838011365477,27.6660958667143,20.82233880279588,17.388760692182895,30.149652877850507,34.260109117966934],
        [48.161062113566324,9.46855380582657,24.030985428636217,0.0,19.622919349591797,29.313080042947085,16.77847340552588,38.588603698439364,25.035266803645687,10.15442867660795,5.277798895756184,37.319374233699854,15.017405569714766,44.66754683894704,17.164577812270835,31.510772186020453,40.179968138786705,42.910301618886905,16.44740406382761,34.33296673007534,17.276266447471915,49.390508502098406,38.423686993711854,14.707401070703536,37.777898448576295,43.64610246835901,46.971938334742504,14.685668351052664,48.6478523984263,11.494810050125427,32.512242317955845,40.61945920308658,17.554069580893138,18.268337518489258,14.257102958844966,8.326814883905582,29.460879512745176,17.626194529373944,28.131111505128022,41.08935408395084,48.161062113566324],
        [28.566881426317774,24.412747696183686,16.94920675459909,19.622919349591797,0.0,19.74672246017155,31.819448297466455,21.06332181379507,28.687307146837423,10.05553306238625,14.618884836635926,30.12702523468546,26.834215090153272,25.06853616747764,19.970844523881254,25.186119790666137,33.961571775545856,31.446621429203965,20.52383712449363,15.39683754846716,7.911745375656484,40.48445422032677,22.660921590619846,16.45751789952163,20.771563230928592,28.1834560374528,28.93561856255935,12.447118854143731,38.94059622876586,20.852389007323993,25.623997469623966,25.642120305296284,24.201682450742734,3.777123922205538,16.50006884579618,13.824495186883146,12.142603468875915,28.938665068244713,8.897072515202296,21.497406307198087,28.566881426317774],
        [31.69947346374668,27.056829381591267,5.382527748740805,29.313080042947085,19.74672246017155,0.0,31.048568144403163,16.245142370877858,17.662281664283658,25.05756335553645,26.88670445664818,10.397120693934196,25.0388570757049,29.088229120707222,38.142027929733075,6.2237799800221865,14.27825486709796,13.603509472720383,38.359341029564455,18.189624585172893,14.015816486387305,21.19809177135859,12.80308178065973,15.34651065409961,14.64046287835753,16.42413832229841,23.505971286058926,14.660239085790172,19.979172191821966,21.361531428937298,6.243029555107885,13.353706133667357,19.16865333875802,16.685231429871084,15.811367171913501,28.812605094087235,28.97030920219484,25.49179574505145,17.640579858183656,28.732478217265783,31.69947346374668],
        [58.24026161022955,7.8190212914959165,26.139620364840688,16.77847340552588,31.819448297466455,31.048568144403163,0.0,45.291312200190575,17.075661128785452,25.050273835613318,20.979595209915086,34.75511547625032,6.042763236179725,54.921704712092115,33.87886670243262,29.825251878262456,36.16361393039535,42.98323855710725,33.0891338785495,43.41770271939654,25.705076183744964,46.23426984460714,43.25996410190469,17.37774232200619,43.99933682389131,47.443976826830614,53.51046601906908,20.77578115582845,46.30135971198515,11.310858065898204,30.980522340173188,44.34359651327399,11.951320691789887,28.895839362786674,17.053451065027595,24.69733247013255,43.500608039389554,5.99364158314281,38.430517151221245,52.35653663914594,58.24026161022955],
        [15.808664287908455,39.71375794057301,19.67598805201778,38.588603698439364,21.06332181379507,16.245142370877858,45.291312200190575,0.0,33.80011401252525,30.56979007251545,34.40310100205191,22.467875980676176,39.29442752308777,13.72838455785461,40.711185583511295,21.51016030965805,25.93596766015311,17.15429374144166,41.384272907461295,7.182844077982572,21.4090465914431,27.13375744942354,5.018326859946401,28.034110710087255,1.6709979008806026,8.759918416128462,8.435599344639026,25.314329861075297,24.92341768118936,34.37761750921956,20.923318496898535,7.891276441808007,34.03213847013314,20.696355486791372,28.409922594016255,34.559897287279405,22.848125335853755,40.32097347235587,12.786227661197874,15.061138377219246,15.808664287908455],
        [48.83167213914317,17.5035889320854,14.640025444355812,25.035266803645687,28.687307146837423,17.662281664283658,17.075661128785452,33.80011401252525,0.0,27.454667687041603,26.016064153548225,18.19525442021372,12.412802356113783,45.9478954903082,40.23842356683288,14.149250373824412,19.174180214995843,27.10113765672319,39.91040774690736,34.43454468608423,20.78488311724565,29.246628969867363,30.432158319981944,13.021190753991414,32.23608468829062,33.46247382152492,41.14955692167258,16.605390688333287,29.458691739692757,13.541479537156688,15.239373753953108,30.56584682801848,7.520795877749908,24.925560925661,13.207795348959289,29.562103010680175,40.58794968926858,11.156623625470777,31.562751887647554,44.74329762167726,48.83167213914317],
        [38.511839718008495,17.233540604798687,20.550777358090293,10.15442867660795,10.05553306238625,25.05756335553645,25.050273835613318,30.56979007251545,27.454667687041603,0.0,4.884218296511312,34.69396285750872,21.331193548407473,35.01187688841358,13.458797142717252,29.052261494575422,38.160890458007636,38.25182569044228,13.481131018542408,25.377557847652643,11.093098550863797,46.213322109947825,31.390042927465633,14.546786284596726,30.047527028297765,36.86739468399365,38.699934387329655,11.820989201337902,45.03592438240643,15.763739528307665,29.820373379634603,34.052948293758824,21.001960504296186,9.95656253445451,14.297193720860932,4.033951835040032,19.331332826942745,23.841999373468965,18.921779694910438,31.202050635452725,38.511839718008495],
        [43.181755812221446,13.219930363981025,21.890674723647702,5.277798895756184,14.618884836635926,26.88670445664818,20.979595209915086,34.40310100205191,26.016064153548225,4.884218296511312,0.0,35.80986397629848,18.010653048411456,39.68233723976971,14.307425741596061,30.020944971460008,39.00650993458011,40.41349970888242,13.907707309047591,29.677539680964234,13.630203999064134,47.68299066080074,34.71895890283494,13.912146744508767,33.72940398906012,40.093315496100466,42.68791362732654,12.455400010253692,46.714408216343166,13.090904465751901,30.916475088219006,37.156848089187235,18.93025241339175,13.753172031745159,13.542310910736383,3.849846084417476,24.18430522811022,20.617881768072913,23.332141903001954,35.9803799632783,43.181755812221446],
        [38.18325406947492,32.89471596798563,14.143372483404276,37.319374233699854,30.12702523468546,10.397120693934196,34.75511547625032,22.467875980676176,18.19525442021372,34.69396285750872,35.80986397629848,0.0,29.258440012228963,36.185799453709656,48.02836312604646,5.816801863724353,3.9353777068771243,9.40365399342087,48.15137539731608,26.695821184671203,23.93796072324072,12.107715186280123,17.65896747439429,22.620474562247356,20.823360350342238,18.182575411522603,27.385822929544855,23.363669274178072,11.687765716873013,27.445849453488005,4.898342438948415,16.085886626622244,23.204106080703088,26.964107454591403,23.077105904798195,38.219761052347756,39.10659865014788,28.77030836488732,27.523937022415122,36.88777612587462,38.18325406947492],
        [52.481369662918546,5.813558539346722,20.097916138776,15.017405569714766,26.834215090153272,25.0388570757049,6.042763236179725,39.29442752308777,12.412802356113783,21.331193548407473,18.010653048411456,29.258440012228963,0.0,49.20418945620487,31.945451047366532,24.10718982531117,30.977524080515835,37.19971316860828,31.331042196461794,37.630893670646046,20.18661978646314,40.9911174367886,37.217632955085534,11.531819924478665,37.9855892091859,41.41751125858308,47.487485847595224,15.161627551998967,40.90340618114048,5.985997244706058,25.261155087072616,38.3135157561373,6.1023442870336035,23.652883853523843,11.248643369588665,21.86018834205861,38.796759417753314,2.6278951758784075,32.88006817578373,46.82087436330564,52.481369662918546],
        [3.500310822228897,48.28191916269636,31.32428786136806,44.66754683894704,25.06853616747764,29.088229120707222,54.921704712092115,13.72838455785461,45.9478954903082,35.01187688841358,39.68233723976971,36.185799453709656,49.20418945620487,0.0,41.261132732683556,34.83348766832035,39.66095343343703,30.421447089495775,42.22836821277726,11.668262149380382,29.296508491107485,40.110931246781576,18.668466088193423,37.68076589325729,15.363075278808315,20.676618789395654,12.791439576687077,34.14744800284535,37.80633810273595,43.619193096486335,34.36252478923752,21.07610716903438,44.739017551270635,26.74185708204368,37.95554731786934,38.495798349984554,19.410208609466995,50.70739543114066,16.7420711366029,4.883692574865955,3.500310822228897],
        [44.58731485331996,26.6040676694303,33.90164518628722,17.164577812270835,19.970844523881254,38.142027929733075,33.87886670243262,40.711185583511295,40.23842356683288,13.458797142717252,14.307425741596061,48.02836312604646,31.945451047366532,41.261132732683556,0.0,42.44959904150096,51.560539112117446,50.91959234966819,1.2166529995163693,34.30007997064227,24.14873956484766,59.33834653209113,42.62598280902224,27.68810918078057,40.591002736224596,48.14430128822629,48.082584597231694,25.261849106239495,58.0359038193555,27.37450413075542,43.1818059185543,45.609097433100224,33.2356794590387,21.84310554440032,27.380933321625925,10.678262376314448,22.14192463754374,34.573344939027315,27.980037009617583,36.650910656596785,44.58731485331996],
        [37.25334598132446,27.367969042843928,8.57981345880781,31.510772186020453,25.186119790666137,6.2237799800221865,29.825251878262456,21.51016030965805,14.149250373824412,29.052261494575422,30.020944971460008,5.816801863724353,24.10718982531117,34.83348766832035,42.44959904150096,0.0,9.111250189463949,13.181390798038777,42.5304487088758,24.265851524777453,18.504460073380233,17.88698020841301,17.328601051053433,16.820713052363203,19.846522843284195,19.55747795067846,27.89615077538232,17.590458455860006,17.28941792855605,21.82752875305671,1.1554969552039474,16.82920834697912,18.00524870702637,21.812657427421236,17.279858865628256,32.50268060569821,35.03728782242877,23.910553676795278,23.83547507503659,34.77680811775184,37.25334598132446],
        [41.50959414680905,35.076823674597954,17.674684446091298,40.179968138786705,33.961571775545856,14.27825486709796,36.16361393039535,25.93596766015311,19.174180214995843,38.160890458007636,39.00650993458011,3.9353777068771243,30.977524080515835,39.66095343343703,51.560539112117446,9.111250189463949,0.0,11.067865387930823,51.64027543565296,30.483144842407953,27.571182162839314,10.075457739664769,21.016811826300046,25.49434045500152,24.31982463319234,20.824170477007208,30.23552428957381,26.62918499659676,10.416371631906014,29.827426603521147,8.427934658766484,19.09245752453046,25.073410142789154,30.731583518498667,25.93558779879558,41.581481769478245,43.04196598628931,30.18055825163528,31.454026865455806,40.567337143806846,41.50959414680905],
        [31.772345067496204,40.06027140663221,18.899710139225284,42.910301618886905,31.446621429203965,13.603509472720383,42.98323855710725,17.15429374144166,27.10113765672319,38.25182569044228,40.41349970888242,9.40365399342087,37.19971316860828,30.421447089495775,50.91959234966819,13.181390798038777,11.067865387930823,0.0,51.25738330115439,23.224794591545784,27.168351905457875,10.05930812459505,12.206908453722242,28.716756188104757,15.772651334376164,10.230929704132569,19.70560884504731,28.263355507210765,7.988223999673672,34.3978622081847,12.03121895446537,9.365477399952347,31.103532026581018,29.082531343946332,29.186861780971114,42.127412211091155,37.87901427054194,37.086664443189115,26.23883848133439,32.213820352787664,31.772345067496204],
        [45.57233473587201,25.911362285220886,34.01043934443155,16.44740406382761,20.52383712449363,38.359341029564455,33.0891338785495,41.384272907461295,39.91040774690736,13.481131018542408,13.907707309047591,48.15137539731608,31.331042196461794,42.22836821277726,1.2166529995163693,42.5304487088758,51.64027543565296,51.25738330115439,0.0,35.059717669835194,24.345630528418347,59.555863012570434,43.18249001475495,27.492063040937897,41.22235948183357,48.7064136257486,48.84419715629939,25.215555648834325,58.29350137290731,26.906889099959326,43.2876592249947,46.129680923542374,32.823847075223235,22.21892727666567,27.169606038033226,10.418456739837868,23.187965345309237,33.95751765940048,28.693346054676635,37.64827327375859,45.57233473587201],
        [14.857565890948727,37.01453301695656,19.79544910762036,34.33296673007534,15.39683754846716,18.189624585172893,43.41770271939654,7.182844077982572,34.43454468608423,25.377557847652643,29.677539680964234,26.695821184671203,37.630893670646046,11.668262149380382,34.30007997064227,24.265851524777453,30.483144842407953,23.224794591545784,35.059717669835194,0.0,18.00940772530754,33.28006579461611,11.24803420579007,26.099084431499147,7.889953364494716,15.87466365044374,13.78468024404002,22.6906815045179,31.1882945002247,32.14889395273264,23.98955370650626,14.511483324590188,33.07488721902917,16.067025525780544,26.391585332119902,29.21691011893794,15.665471558320561,39.074563368070415,6.518843406777149,10.546882460924298,14.857565890948727],
        [32.672059119315485,19.018288331238093,9.934268186758597,17.276266447471915,7.911745375656484,14.015816486387305,25.705076183744964,21.4090465914431,20.78488311724565,11.093098550863797,13.630203999064134,23.93796072324072,20.18661978646314,29.296508491107485,24.14873956484766,18.504460073380233,27.571182162839314,27.168351905457875,24.345630528418347,18.00940772530754,0.0,35.210366693510345,21.189165505731136,8.997798773391201,20.527684047386682,26.50052032805289,29.8339693122843,5.052514169331256,33.9753942411103,14.399704875567062,19.147167734934953,23.538066761200653,16.713189829517887,4.141237189840024,9.144938613760214,14.966082139958697,19.8673227995224,21.999701359566615,12.72653706372415,26.661528147590545,32.672059119315485],
        [41.170869827728005,44.90291658577747,25.813296610661286,49.390508502098406,40.48445422032677,21.19809177135859,46.23426984460714,27.13375744942354,29.246628969867363,46.213322109947825,47.68299066080074,12.107715186280123,40.9911174367886,40.110931246781576,59.33834653209113,17.88698020841301,10.075457739664769,10.05930812459505,59.555863012570434,33.28006579461611,35.210366693510345,0.0,22.23829997793386,34.707600782741295,25.800266604227403,19.481265829522393,28.579493293526795,35.23344445984752,2.355019440473016,39.51590313305775,16.879506198858014,19.26261047049418,35.02868611440079,37.73479701539984,35.16683064713061,49.88980672236526,47.744830033823995,40.2481323918789,36.03645942997338,42.164917383138054,41.170869827728005],
        [20.527271269121595,38.33960139695597,17.145314284772653,38.423686993711854,22.660921590619846,12.80308178065973,43.25996410190469,5.018326859946401,30.432158319981944,31.390042927465633,34.71895890283494,17.65896747439429,37.217632955085534,18.668466088193423,42.62598280902224,17.328601051053433,21.016811826300046,12.206908453722242,43.18249001475495,11.24803420579007,21.189165505731136,22.23829997793386,0.0,26.434241402268366,3.5657682292762716,5.526569647701987,10.718846947787323,24.312228372983533,20.072221622840264,32.786663989450396,16.607884241745673,3.3056553165110367,31.60707761117578,21.454508848968842,26.85335100390708,35.42397849196498,26.578977113527138,37.95628650871492,15.494147566136789,20.05160295711274,20.527271269121595],
        [40.95017430990291,11.923703559654006,9.971566150661246,14.707401070703536,16.45751789952163,15.34651065409961,17.37774232200619,28.034110710087255,13.021190753991414,14.546786284596726,13.912146744508767,22.620474562247356,11.531819924478665,37.68076589325729,27.68810918078057,16.820713052363203,25.49434045500152,28.716756188104757,27.492063040937897,26.099084431499147,8.997798773391201,34.707600782741295,26.434241402268366,0.0,26.815042311268034,31.087002138664896,36.35312743565905,4.023374366714082,34.03333499333067,6.367964671800698,17.843198678706706,27.96470345851782,7.758360239781193,12.883775430182546,0.47041689829146355,17.076457223659826,28.59648240450679,13.105947884970583,21.488257908172244,35.40302695843526,40.95017430990291],
        [17.478994635747163,38.573730252152316,18.227560508473633,37.777898448576295,20.771563230928592,14.64046287835753,43.99933682389131,1.6709979008806026,32.23608468829062,30.047527028297765,33.72940398906012,20.823360350342238,37.9855892091859,15.363075278808315,40.591002736224596,19.846522843284195,24.31982463319234,15.772651334376164,41.22235948183357,7.889953364494716,20.527684047386682,25.800266604227403,3.5657682292762716,26.815042311268034,0.0,8.061643554601629,9.538309857182437,24.236023592311007,23.624762353904735,33.17510417357827,19.254019172481705,6.685366374355082,32.640650135895726,20.11256950764778,27.20230096650842,34.062036226858574,23.458138486434244,38.95012742210502,12.869180416857324,16.50937068529061,17.478994635747163],
        [21.70887085055221,43.00472271762624,21.383537508928065,43.64610246835901,28.1834560374528,16.42413832229841,47.443976826830614,8.759918416128462,33.46247382152492,36.86739468399365,40.093315496100466,18.182575411522603,41.41751125858308,20.676618789395654,48.14430128822629,19.55747795067846,20.824170477007208,10.230929704132569,48.7064136257486,15.87466365044374,26.50052032805289,19.481265829522393,5.526569647701987,31.087002138664896,8.061643554601629,0.0,9.486222319787679,29.30581061373434,17.156844674284812,37.367643454931276,18.612081288479356,3.1242378128737647,35.59108143918499,26.949516631032278,31.52581818211129,40.900241811391176,31.505790961234013,41.91570822686288,20.806483562286584,23.128169869498027,21.70887085055221],
        [12.89838478259399,48.101103876332246,27.589176392231714,46.971938334742504,28.93561856255935,23.505971286058926,53.51046601906908,8.435599344639026,41.14955692167258,38.699934387329655,42.68791362732654,27.385822929544855,47.487485847595224,12.791439576687077,48.082584597231694,27.89615077538232,30.23552428957381,19.70560884504731,48.84419715629939,13.78468024404002,29.8339693122843,28.579493293526795,10.718846947787323,36.35312743565905,9.538309857182437,9.486222319787679,0.0,33.7304855110484,26.226277301523435,42.71338819869198,27.09470888386646,11.32042016069967,42.057668225252215,28.939771774428507,36.74059813559082,42.6438277279408,28.37647548667112,48.38885476673736,20.21325692602286,16.51766780868031,12.89838478259399],
        [37.47828010519565,14.45352607404663,9.48468367308043,14.685668351052664,12.447118854143731,14.660239085790172,20.77578115582845,25.314329861075297,16.605390688333287,11.820989201337902,12.455400010253692,23.363669274178072,15.161627551998967,34.14744800284535,25.261849106239495,17.590458455860006,26.62918499659676,28.263355507210765,25.215555648834325,22.6906815045179,5.052514169331256,35.23344445984752,24.312228372983533,4.023374366714082,24.236023592311007,29.30581061373434,33.7304855110484,0.0,34.302788695899245,9.472483518007778,18.46730014111869,26.22239912784123,11.781717957423718,8.860987033326046,4.1182828249056636,14.981030182718634,24.580482806138185,16.947187263225274,17.71886553596729,31.660178157838285,37.47828010519565],
        [38.833531456876976,44.57371760374623,24.82736493849675,48.6478523984263,38.94059622876586,19.979172191821966,46.30135971198515,24.92341768118936,29.458691739692757,45.03592438240643,46.714408216343166,11.687765716873013,40.90340618114048,37.80633810273595,58.0359038193555,17.28941792855605,10.416371631906014,7.988223999673672,58.29350137290731,31.1882945002247,33.9753942411103,2.355019440473016,20.072221622840264,34.03333499333067,23.624762353904735,17.156844674284812,26.226277301523435,34.302788695899245,0.0,39.092308971815335,16.215754942748873,17.036969442884512,34.871764151426774,36.317698034651066,34.498237279452404,48.780981401835255,45.837018849692285,40.30777867803641,34.16409084241554,39.92783732748593,38.833531456876976],
        [46.94979991333821,5.696704502142618,16.068733645055353,11.494810050125427,20.852389007323993,21.361531428937298,11.310858065898204,34.37761750921956,13.541479537156688,15.763739528307665,13.090904465751901,27.445849453488005,5.985997244706058,43.619193096486335,27.37450413075542,21.82752875305671,29.827426603521147,34.3978622081847,26.906889099959326,32.14889395273264,14.399704875567062,39.51590313305775,32.786663989450396,6.367964671800698,33.17510417357827,37.367643454931276,42.71338819869198,9.472483518007778,39.092308971815335,0.0,22.935701874141984,34.24341699751556,6.071346854488445,17.718603334212425,5.9728451581651845,16.87617342112445,32.814311589864914,8.24682357953837,27.126224656071226,41.05918806060592,46.94979991333821],
        [36.708005809624204,28.491573969090773,9.280316646484806,32.512242317955845,25.623997469623966,6.243029555107885,30.980522340173188,20.923318496898535,15.239373753953108,29.820373379634603,30.916475088219006,4.898342438948415,25.261155087072616,34.36252478923752,43.1818059185543,1.1554969552039474,8.427934658766484,12.03121895446537,43.2876592249947,23.98955370650626,19.147167734934953,16.879506198858014,16.607884241745673,17.843198678706706,19.254019172481705,18.612081288479356,27.09470888386646,18.46730014111869,16.215754942748873,22.935701874141984,0.0,15.946754856506622,19.159038550403206,22.329341657654584,18.305252896189863,33.32577582316782,35.20341866854625,25.064292399763925,23.87114622467752,34.45906349243213,36.708005809624204],
        [22.57269337819712,39.881382791396156,18.264971316861875,40.61945920308658,25.642120305296284,13.353706133667357,44.34359651327399,7.891276441808007,30.56584682801848,34.052948293758824,37.156848089187235,16.085886626622244,38.3135157561373,21.07610716903438,45.609097433100224,16.82920834697912,19.09245752453046,9.365477399952347,46.129680923542374,14.511483324590188,23.538066761200653,19.26261047049418,3.3056553165110367,27.96470345851782,6.685366374355082,3.1242378128737647,11.32042016069967,26.22239912784123,17.036969442884512,34.24341699751556,15.946754856506622,0.0,32.508823395898986,24.18697384938596,28.404194616651438,38.07975934890408,29.884601083442682,38.840941660736505,18.74808957260412,22.902516994423507,22.57269337819712],
        [47.90074917855867,10.215105614733792,14.478442393046123,17.554069580893138,24.201682450742734,19.16865333875802,11.951320691789887,34.03213847013314,7.520795877749908,21.001960504296186,18.93025241339175,23.204106080703088,6.1023442870336035,44.739017551270635,33.2356794590387,18.00524870702637,25.073410142789154,31.103532026581018,32.823847075223235,33.07488721902917,16.713189829517887,35.02868611440079,31.60707761117578,7.758360239781193,32.640650135895726,35.59108143918499,42.057668225252215,11.781717957423718,34.871764151426774,6.071346854488445,19.159038550403206,32.508823395898986,0.0,20.641863181372223,7.702242266070357,22.62295070972335,36.34397512392404,6.349991942971768,28.956971710324563,42.77238112070086,47.90074917855867],
        [30.199254120427153,21.764516192062374,13.40953834476242,18.268337518489258,3.777123922205538,16.685231429871084,28.895839362786674,20.696355486791372,24.925560925661,9.95656253445451,13.753172031745159,26.964107454591403,23.652883853523843,26.74185708204368,21.84310554440032,21.812657427421236,30.731583518498667,29.082531343946332,22.21892727666567,16.067025525780544,4.141237189840024,37.73479701539984,21.454508848968842,12.883775430182546,20.11256950764778,26.949516631032278,28.939771774428507,8.860987033326046,36.317698034651066,17.718603334212425,22.329341657654584,24.18697384938596,20.641863181372223,0.0,12.96720049368739,13.986823886258641,15.770504328842,25.63541816848529,10.010907400452147,23.65065230839901,30.199254120427153],
        [41.23677725051585,11.493533082276812,10.434776806961152,14.257102958844966,16.50006884579618,15.811367171913501,17.053451065027595,28.409922594016255,13.207795348959289,14.297193720860932,13.542310910736383,23.077105904798195,11.248643369588665,37.95554731786934,27.380933321625925,17.279858865628256,25.93558779879558,29.186861780971114,27.169606038033226,26.391585332119902,9.144938613760214,35.16683064713061,26.85335100390708,0.47041689829146355,27.20230096650842,31.52581818211129,36.74059813559082,4.1182828249056636,34.498237279452404,5.9728451581651845,18.305252896189863,28.404194616651438,7.702242266070357,12.96720049368739,0.0,16.751443871322476,28.642620651464515,12.890828638006663,21.70497821457285,35.631110581615054,41.23677725051585],
        [41.988208960825915,16.99254744566261,24.113838011365477,8.326814883905582,13.824495186883146,28.812605094087235,24.69733247013255,34.559897287279405,29.562103010680175,4.033951835040032,3.849846084417476,38.219761052347756,21.86018834205861,38.495798349984554,10.678262376314448,32.50268060569821,41.581481769478245,42.127412211091155,10.418456739837868,29.21691011893794,14.966082139958697,49.88980672236526,35.42397849196498,17.076457223659826,34.062036226858574,40.900241811391176,42.6438277279408,14.981030182718634,48.780981401835255,16.87617342112445,33.32577582316782,38.07975934890408,22.62295070972335,13.986823886258641,16.751443871322476,0.0,21.77692993582216,24.467712561393082,22.721405695349556,34.501748527695014,41.988208960825915],
        [22.605184323731113,35.86190649711077,27.6660958667143,29.460879512745176,12.142603468875915,28.97030920219484,43.500608039389554,22.848125335853755,40.58794968926858,19.331332826942745,24.18430522811022,39.10659865014788,38.796759417753314,19.410208609466995,22.14192463754374,35.03728782242877,43.04196598628931,37.87901427054194,23.187965345309237,15.665471558320561,19.8673227995224,47.744830033823995,26.578977113527138,28.59648240450679,23.458138486434244,31.505790961234013,28.37647548667112,24.580482806138185,45.837018849692285,32.814311589864914,35.20341866854625,29.884601083442682,36.34397512392404,15.770504328842,28.642620651464515,21.77692993582216,0.0,40.98356836281864,11.7370095921146,14.64300767108787,22.605184323731113],
        [53.92980405391097,8.318560005802123,20.82233880279588,17.626194529373944,28.938665068244713,25.49179574505145,5.99364158314281,40.32097347235587,11.156623625470777,23.841999373468965,20.617881768072913,28.77030836488732,2.6278951758784075,50.70739543114066,34.573344939027315,23.910553676795278,30.18055825163528,37.086664443189115,33.95751765940048,39.074563368070415,21.999701359566615,40.2481323918789,37.95628650871492,13.105947884970583,38.95012742210502,41.91570822686288,48.38885476673736,16.947187263225274,40.30777867803641,8.24682357953837,25.064292399763925,38.840941660736505,6.349991942971768,25.63541816848529,12.890828638006663,24.467712561393082,40.98356836281864,0.0,34.592255930331866,48.508550714896465,53.92980405391097],
        [20.190789749103164,31.593090130655398,17.388760692182895,28.131111505128022,8.897072515202296,17.640579858183656,38.430517151221245,12.786227661197874,31.562751887647554,18.921779694910438,23.332141903001954,27.523937022415122,32.88006817578373,16.7420711366029,27.980037009617583,23.83547507503659,31.454026865455806,26.23883848133439,28.693346054676635,6.518843406777149,12.72653706372415,36.03645942997338,15.494147566136789,21.488257908172244,12.869180416857324,20.806483562286584,20.21325692602286,17.71886553596729,34.16409084241554,27.126224656071226,23.87114622467752,18.74808957260412,28.956971710324563,10.010907400452147,21.70497821457285,22.721405695349556,11.7370095921146,34.592255930331866,0.0,13.941529152154297,20.190789749103164],
        [7.962775624195983,45.404681052501665,30.149652877850507,41.08935408395084,21.497406307198087,28.732478217265783,52.35653663914594,15.061138377219246,44.74329762167726,31.202050635452725,35.9803799632783,36.88777612587462,46.82087436330564,4.883692574865955,36.650910656596785,34.77680811775184,40.567337143806846,32.213820352787664,37.64827327375859,10.546882460924298,26.661528147590545,42.164917383138054,20.05160295711274,35.40302695843526,16.50937068529061,23.128169869498027,16.51766780868031,31.660178157838285,39.92783732748593,41.05918806060592,34.45906349243213,22.902516994423507,42.77238112070086,23.65065230839901,35.631110581615054,34.501748527695014,14.64300767108787,48.508550714896465,13.941529152154297,0.0,7.962775624195983],
        [0.0,51.67786197394346,34.260109117966934,48.161062113566324,28.566881426317774,31.69947346374668,58.24026161022955,15.808664287908455,48.83167213914317,38.511839718008495,43.181755812221446,38.18325406947492,52.481369662918546,3.500310822228897,44.58731485331996,37.25334598132446,41.50959414680905,31.772345067496204,45.57233473587201,14.857565890948727,32.672059119315485,41.170869827728005,20.527271269121595,40.95017430990291,17.478994635747163,21.70887085055221,12.89838478259399,37.47828010519565,38.833531456876976,46.94979991333821,36.708005809624204,22.57269337819712,47.90074917855867,30.199254120427153,41.23677725051585,41.988208960825915,22.605184323731113,53.92980405391097,20.190789749103164,7.962775624195983,0.0]
    ],
    "end_depot": 40,
    "start_depot": 0,
    "truck_dist": [
        [0.0,71.59521640965701,48.164728620892475,63.28655072685643,37.095883490901265,43.40755280078602,81.72511834067271,20.561837939816435,68.35001210992094,48.992858050429525,55.835753160296164,47.728390044322275,73.90910152159148,4.481591940209938,46.44110244205798,49.76709629654404,50.36396185986537,34.80937555375064,48.15175138551479,20.966875040150523,45.413513749087556,41.238965305404996,25.499543055780794,57.683322004904795,22.76186511990118,22.363533550872614,14.998030003196114,52.47736751775486,39.048392789514246,65.76914459535635,48.550743252698574,25.999087016548476,67.73771220506832,40.91024650913166,58.03761591401465,52.02658793817126,23.516450436878824,76.17170619218408,27.42432801914536,8.208066190845358,0.0],
        [71.59521640965701,0.0,23.430487788764538,10.501099795693666,34.499332918755755,28.187663608870995,10.129901931015688,51.03337846984058,24.540169112290556,22.60235835922749,15.759463249360852,39.931181756565394,7.889287766940083,67.11362446944707,27.97898110411265,31.961611839637246,44.83303412038519,43.0865710270613,28.163830325681108,50.628341369506494,26.181702660569464,55.77671426961413,46.09567335387622,13.91189440475222,48.83335128975583,49.231682858784396,61.212742907502836,19.11784889190216,53.722445523857324,5.826071814300666,33.05286419344871,45.59612939310854,13.921796821959164,30.684969900525356,13.557600495642365,19.568628471485756,49.9396103117077,10.837556108767636,44.17088839051166,63.88553154649426,71.59521640965701],
        [48.164728620892475,23.430487788764538,0.0,30.4352923024937,21.26104152454824,5.942431164811586,33.560389719780225,27.60289068107604,20.185283489028464,29.051387259329424,29.99264346850679,19.996989249765356,25.744372900699,43.68313668068254,47.91317361091268,12.027419332837209,24.898841613585162,23.152378520261266,48.09802283248114,27.197853580741956,13.777161737529516,35.8425217628141,22.665185565111685,10.404837479935146,25.402863500991295,25.801195070019865,37.7822551187383,12.701165084434836,33.78825301705729,17.604415974463873,13.118671686648675,22.165641604344003,19.572983584175844,17.52152751701317,10.967918240007785,33.88274501704807,28.776590209335776,28.006977571291593,20.740400601747115,40.455043757729726,48.164728620892475],
        [63.28655072685643,10.501099795693666,30.4352923024937,0.0,26.190667235955168,36.37772346730529,18.43856761381627,42.72471278703999,35.04126890798422,14.293692676426907,7.450797566560269,50.432281552259056,18.390387562633748,58.804958786646495,17.477881308418983,42.46271163533091,55.334133916078855,53.587670822754966,17.662730529987442,42.31967568670591,17.87303697776888,66.27781406530781,39.04998714017143,20.030454822558553,40.524685606955245,46.20899465008,52.90407722470225,17.734127218058866,64.223545319551,16.06543008640029,43.553963989142375,43.698123323031815,24.42289661765283,22.376304217724773,19.467374062485916,11.259962788685172,41.630944628907116,21.3386559044613,35.86222270771107,55.57686586369368,63.28655072685643],
        [37.095883490901265,34.499332918755755,21.26104152454824,26.190667235955168,0.0,27.203472689359828,44.629234849771436,24.778062663930015,31.254128619019678,11.896974559528259,18.7398696693949,41.258030774313596,36.81321803069021,32.61429155069133,26.652132086364443,33.28846085738545,46.1598831381334,44.41342004480951,26.836981307932902,16.129008450750742,8.317630258186288,57.10356328736235,29.875736362225975,20.58743851400353,25.640818931008454,37.03474387213454,30.9989317552874,15.381484026853592,55.04929454160553,28.673261104455086,34.379713211196915,34.52387254508636,30.641828714167055,3.814363018230395,20.941732423113386,14.930704447269996,15.440277392951952,39.0758227012828,9.671555471755905,29.386198627738516,37.095883490901265],
        [43.40755280078602,28.187663608870995,5.942431164811586,36.37772346730529,27.203472689359828,0.0,38.31756553988668,22.845714860969586,24.94245930913492,34.99381842414101,35.93507463331838,14.054558084953772,30.501548720805452,38.92596086057608,53.855604775724274,6.359543495758017,18.956410448773575,17.209947355449682,54.04045399729273,22.4406777606355,19.719592902341102,29.900090598002517,17.908009745005227,16.347268644746734,20.64568768088484,21.044019249913408,33.025079298631844,18.64359624924642,27.845821852245706,22.361591794570327,7.176240521837089,17.408465784237546,24.330159404282306,23.463958681824757,16.91034940481937,39.82517618185966,34.71902137414736,32.764153391398054,19.155068286107923,35.69786793762327,43.40755280078602],
        [81.72511834067271,10.129901931015688,33.560389719780225,18.43856761381627,44.629234849771436,38.31756553988668,0.0,61.16328040085627,20.106291037541816,32.73226029024318,25.889365180376537,35.49730368181666,7.816016819081228,77.24352640046277,35.28401589861472,31.958022044128665,40.39915604563646,46.91574278692206,33.573366955157915,60.75824330052218,36.31160459158515,51.342836194865406,56.22557528489191,24.041796335767906,58.96325322077153,59.36158478980009,71.34264483851854,29.247750822917844,49.28856744910859,15.955973745316355,33.17437508797413,55.72603132412423,13.987406135604381,40.81487183154104,23.687502426658053,29.69853040250144,60.06951224272339,6.4036780340189,54.300790321527344,74.01543347750996,81.72511834067271],
        [20.561837939816435,51.03337846984058,27.60289068107604,42.72471278703999,24.778062663930015,22.845714860969586,61.16328040085627,0.0,47.78817417010451,32.5684083987112,35.27391522047972,27.166552104505843,53.34726358177504,16.080245999606497,51.43019475029446,29.205258356727605,29.802123920048935,19.635357380879494,51.61504397186292,10.149997194313482,24.851675809271118,32.32550062343233,5.09767369829596,37.12148406508836,2.2000271800847457,12.25668120820453,10.179364437662258,31.915529577938422,30.27123187767552,45.20730665553992,27.98890531288214,9.745809881156344,47.175874265251885,21.038548656394944,37.475777974198216,37.39976615642985,32.29361134871755,55.60986825236763,16.72965826067811,16.985227102684085,20.561837939816435],
        [68.35001210992094,24.540169112290556,20.185283489028464,35.04126890798422,31.254128619019678,24.94245930913492,20.106291037541816,47.78817417010451,0.0,33.65736386481994,34.59862007399731,20.621622065598665,16.65088134535047,63.868420169711,52.519150216403204,18.582915813376903,20.29286500809464,33.5406365561703,52.70399943797166,47.38313706977042,22.93649836083339,31.236545157323583,42.85046905414015,15.010814085425666,45.588146990019766,45.98647855904833,57.96753860776677,17.307141689925356,29.73253742060032,18.975838821583928,19.799268857222366,42.35092509337247,10.61837229033139,27.439765600789283,15.573894845498305,38.48872162253859,46.69440601197163,13.702613003522918,40.92568409077558,60.64032724675819,68.35001210992094],
        [48.992858050429525,22.60235835922749,29.051387259329424,14.293692676426907,11.896974559528259,34.99381842414101,32.73226029024318,32.5684083987112,33.65736386481994,0.0,6.84289510986664,49.04837650909478,24.91624347116195,44.51126611021959,18.861786351583262,41.078806592166636,53.950228872914586,52.2037657795907,19.04663557315172,28.025983010279003,15.274225521799908,64.89390902214353,37.66608209700716,18.646549779394277,33.43116466578964,44.825089606915725,38.789277490068585,16.35022217489459,62.83964027638672,16.776286544926826,42.1700589459781,42.314218279867546,23.038991574488552,11.529859742316253,18.08346901932164,4.831357757718651,27.33725195248021,27.178848141754546,21.568530031284162,41.283173187266776,48.992858050429525],
        [55.835753160296164,15.759463249360852,29.99264346850679,7.450797566560269,18.7398696693949,35.93507463331838,25.889365180376537,35.27391522047972,34.59862007399731,6.84289510986664,0.0,49.98963271827215,18.073348361295313,51.354161220086226,17.92053014240589,42.020062801344004,54.891485082091954,53.14502198876806,18.10537936397435,34.86887812014564,16.215481730977277,65.8351652313209,38.60733830618452,19.587805988571645,34.372420874967005,45.76634581609309,45.45327965814198,17.291478384071958,63.780896485564085,15.622781252413382,43.11131515515547,43.25547448904491,23.980247783665924,14.925506651164504,19.02472522849901,3.890101548541282,34.18014706234685,20.896007070474393,28.411425141150804,48.126068297133415,55.835753160296164],
        [47.728390044322275,39.931181756565394,19.996989249765356,50.432281552259056,41.258030774313596,14.054558084953772,35.49730368181666,27.166552104505843,20.621622065598665,49.04837650909478,49.98963271827215,0.0,32.04189398962531,43.24679810411234,67.91016286067804,7.9695699169281475,4.9018523638198035,12.919014490571634,68.0950120822465,26.761515004171756,33.774150987294874,15.845532513048747,22.228846988541484,30.401826729700502,24.966524924421098,25.364856493449665,37.3459165421681,32.6981543342002,13.791263767291934,34.36685146585877,6.878317563116682,21.729303027773803,26.009384934606224,37.51851676677853,30.964907489773143,53.87973426681343,48.77357945910113,29.093625647797754,33.209626371061695,40.018705181159525,47.728390044322275],
