{
    "drone_dist": [
        [0.0,3383.5685641124637,3155.2151993225566,2554.2175423257427,4364.789537938893,5312.544163057032,1979.7270784649188,3291.8832474920086,3206.5815703433123,772.6236421995645,3682.6146675943332,3922.985811709604,1629.4376450397715,3235.5360402249835,2950.703706509688,4340.688840921602,1497.3503190604179,2846.1190991545845,3130.634166544702,5139.135455134242,766.4130602658618,2764.1380622218335,1978.034211369987,2343.781333864057,4183.720385591155,3656.482779844513,4552.970765188846,3445.2759615250925,1931.4312744607064,3934.6275611776528,1136.2481512459478,400.2628754372871,2581.852711364396,2976.603447795333,3773.3007340716786,2265.24828044482,4259.565043599547,3340.879802383859,3954.297323421551,906.6908740883938,2159.275211345734,1832.7258990083524,2637.542241990542,4240.976389351817,3004.973078028136,2156.912444836266,4947.047197055788,834.2952835251538,3105.3410989796275,1561.611453688625,2908.654938064602,1702.7707377072102,2954.95157272334,1201.01150949703,649.6642904324239,2987.751400280138,1859.6327859169555,2163.0987326498753,2040.1115987155072,1232.9872457862334,2630.129543489725,3444.37244751289,4644.015710907087,839.8154713072865,2143.038356614321,2590.6413544911998,3900.4005422099976,4248.337053720227,3098.908551148165,3729.8185693309074,1153.8038811140389,3658.122722050192,3878.025275301976,683.2056260240249,2471.3381253575744,2852.0003437642217,982.9149551070968,3629.346284868318,1965.918077902175,2855.6634660532413,4570.523357013737,5297.247664696787,3479.3353871444524,4125.019570981968,3785.8649460703446,2147.095435868969,2132.9637851892735,767.2473059447294,1916.2586984197321,902.0215916392298,0.0],
        [3383.5685641124637,0.0,2971.194098167122,838.910333987422,2017.1818470824248,1943.9043845595327,2493.087088285167,3054.6876187530747,928.64646251598,4091.241026489137,2149.888794391935,2495.8559254624565,2316.0891748649233,1627.9881281050793,1923.7472112153619,2015.3629540066895,3555.5442324506234,568.8018316037198,2624.0647524490014,2069.208879986224,3890.7306732550333,926.8687432272591,2895.1129873721025,2589.2926989051125,2472.102386028269,3616.991975928358,1510.9788329586422,682.408326272615,2747.281573649075,858.876847756687,3573.691621424224,3658.806962218706,1857.7393762812824,3552.8879233649745,3075.769048471993,2183.1549879328254,1643.8553039138858,560.649570547754,1133.4008102874773,3468.681956186321,2610.5861825946076,2846.335321283129,938.7795529315075,2493.459919324255,2459.47347494009,1791.2209037969797,1576.1064999258585,3300.684647517767,359.76973242183567,2301.1355101228905,479.6157682352047,1682.1787419246662,540.2616292594398,2185.750745713228,3898.961847440168,1297.4797434448496,1687.214848119385,2361.0236785400084,3102.8616943323873,2238.8102394904436,1603.139161199197,1316.7701441465565,1392.4625160143962,2984.523808732095,1501.7157300418005,2617.878078399411,1403.3693757824858,3061.858638820844,2496.6912819675936,798.116089562172,3246.1685456244495,276.1312733760549,3020.465221499312,4062.2871757966714,2342.6019095206243,759.5699097284778,2893.9726792105357,905.4926046610061,1995.953764806667,1003.3475452504107,1299.4171125344963,2122.4943869899353,2818.381073123032,2641.978132702403,2977.5565394409355,1281.3868357951803,1806.823621745972,3598.1333495423205,2624.8485418304776,3732.5843546028814,3383.5685641124637],
        [3155.2151993225566,2971.194098167122,0.0,2748.483254252694,2133.9045212143706,4114.472599080602,4027.493598740329,139.86838162476505,2072.1054879025446,3855.785769235962,4808.1887588481195,1189.5754665853597,3588.5385630438504,4204.830950859306,1048.6884964513958,2103.5368883015326,2006.5859588439303,2574.0642642089692,4858.2651114339515,3331.650577866669,3018.9398564928824,3277.364825379056,1194.562796071171,4353.768792139297,1518.8581480138162,680.6111783122982,4459.112447819074,3571.2246960127186,4182.203236491945,3828.7184189973677,4130.174901415076,3554.1554059523223,3965.7172796351865,750.2245847188556,650.5146933437406,1112.0746019222693,4599.424015159952,3419.6858442000307,4095.2685767724665,3907.2553135217513,4243.6146181680415,4182.534393625223,2175.5651658559086,1573.5017470249632,4675.266035762155,1539.2779950151903,4158.230585864056,2411.591807139036,2640.385983257846,3508.781723957079,2814.9766171266124,2506.4023485122066,2489.6520623268057,2701.909142908953,3169.405521607232,3797.9364244187177,2020.1109192172257,1092.5271408147344,1206.2866956120872,2283.0242693033842,3791.839995189345,1823.794386950826,3305.7590010265408,3520.351741134705,3219.991003190798,600.0841375568858,4316.757979529832,5694.382407605208,487.14952671422185,2541.1794238750763,2102.119125410763,3146.046946969891,5503.254073857733,3536.190067653512,4261.407977980574,2262.773137486992,2172.6736743684787,2342.6476503976105,3585.0771609891503,3443.235281866602,4139.832642144974,3600.9751612915893,451.837852942412,1319.0812935771646,705.2281853178806,2298.6524606867865,3554.3720048699306,2681.6477336654957,1247.0899545805823,4013.82767022398,3155.2151993225566],
        [2554.2175423257427,838.910333987422,2748.483254252694,0.0,2463.5134924555705,2782.639918654385,1795.4164999614507,2859.7775840618287,1122.6299167080679,3253.5343416629435,2060.2149946861537,2629.291403775899,1539.4704606699586,1457.5906142463155,1785.3999056612333,2452.159950412312,2881.3024421171713,402.78406478834114,2233.170671627548,2811.464437598313,3096.057453864681,528.9439917174243,2354.3746574062443,1975.7575924097016,2709.902301288195,3427.6952171981866,2113.1216081649854,1004.4192442555557,2038.3569472034471,1447.8181751519116,2754.9405521416493,2821.177120369695,1350.20483509357,3192.387627826221,3027.1295869033306,1749.9292460927884,2012.6986038628183,865.3480432827826,1572.220374387058,2639.544213286414,1951.9589505082279,2118.3042394863587,611.7024436892002,2747.128222425106,2051.0551580276806,1294.1669526659919,2392.9158199228964,2540.82250791891,636.8029483838751,1511.0321203804833,359.2954627220586,864.3463274464219,568.7139625567588,1353.483295125247,3090.5570332287193,1050.542902148456,1001.5906950058662,1890.1928113564363,2564.6128743549925,1457.7354691822018,1123.5840710357027,1548.937674090645,2192.0228356415914,2151.6616663036007,757.2439764625741,2267.6867192452123,1676.944159911308,2954.810922249999,2330.7692646095634,1397.9977425759498,2531.1499349793535,1108.9546906518465,2798.050379015773,3235.578800683165,1776.062423516197,658.0305107665056,2148.219698732847,1393.667063399663,1272.0592580889079,695.0210615854097,2040.4391308768204,2904.367628929333,2725.3449828651096,2813.2459741231373,2953.4870915583906,565.5202184761184,1117.9105633707454,2822.100555255299,2076.8659686557417,2899.4537558341895,2554.2175423257427],
        [4364.789537938893,2017.1818470824248,2133.9045212143706,2463.5134924555705,0.0,2160.6582499430665,4247.301121216284,2120.9994453371587,1348.8873086562571,5137.40094706686,4162.991695632419,1007.5539773898786,3935.7660705470266,3642.708428900885,1500.014552869782,30.49589413146897,3778.796919420684,2072.1796506262763,4608.5992081520035,1219.7437429152556,4563.52844199556,2839.258912762222,2886.1799684076223,4438.8383123791955,745.4462026369456,2515.9733247610015,3092.745302883173,2683.4022731275973,4481.396948904955,2656.1625313629766,4980.6367765038785,4737.168007317096,3776.4414335507304,2884.076777923285,1790.3924574774298,2218.2512745248996,3483.376892045816,2575.519729371875,2998.92376509213,4809.187401301332,4413.091365291574,4547.240636641894,1956.5013040228785,722.5856936907948,4435.757594228181,2209.2381362789665,2421.625645497388,3890.247618515823,1909.4779857743265,3887.7941525251213,2244.502417771195,2909.7316191576942,1905.0349681469131,3376.724346311712,4654.7674055232665,3292.4030044415645,2553.093875335554,2388.958868620614,3023.665935439312,3152.829958081442,3529.5862520611017,965.2465461677554,1432.2695578539822,4323.80646466441,3212.8411283415826,2235.173168006871,3336.393210556502,5069.156805485441,1733.338686483032,1223.6066955171912,3672.548146885182,1994.5090221504379,5037.556493902598,4947.643915259456,4230.260741433348,1820.1275740254544,3508.7741554289933,1122.2738564881972,3722.0615586125214,2960.591481128968,2636.3825684018625,1501.8472943107638,1728.3022165310435,1001.9806022045248,1666.7504441558592,2444.9854315435728,3579.992535727242,4212.6169695801555,2729.8428330750417,5017.339622518025,4364.789537938893],
        [5312.544163057032,1943.9043845595327,4114.472599080602,2782.639918654385,2160.6582499430665,0.0,4320.444595194295,4140.075948334263,2294.166905901726,6031.711674580204,3331.7208681452057,3133.2355137499253,4216.292482240289,3068.4470795332,3182.666731981171,2184.5996287195735,5284.333755248224,2466.458458783315,4110.225777540265,1091.9442750098021,5770.8691773099135,2767.6347249862383,4492.015567801793,4329.760582812231,2903.9549279695348,4610.562304134735,1659.380806552727,2163.4724514777345,4575.504152910102,1752.8235990109101,5499.841072519547,5599.334833779828,3570.5531643691356,4835.088213445378,3907.751312465456,3737.121575347698,2266.897187282396,2183.5434191965887,2011.8151314249162,5405.228710455122,4395.128393804401,4690.290640155468,2721.7814287742094,2883.1957271096694,3988.636931669595,3472.251560741274,652.1116757403231,5144.855429166027,2207.9000943773226,4211.992050232527,2423.393202374402,3610.778837509595,2365.0403866659253,4121.827489342451,5797.576959509892,2921.4937195193015,3529.350234121992,3931.4631036673327,4679.6527535135965,4128.836504745457,3333.0509910604865,2340.2347650757715,811.6865570259044,4924.89303979779,3406.728260642715,4002.239766484065,2357.839991938141,4068.9728329690647,3643.7248716225854,1710.8223396715325,5037.247951581623,1679.1182194771015,4218.250679606542,5985.697291461867,4055.0299363291842,2503.1128110964737,4731.440873977949,1883.1631666217245,3866.3622766317967,2773.8023132723656,1198.4916811457852,850.9364247288433,3780.0162689969584,3158.2061030855853,3785.0949917831044,3173.7961353309756,3662.924602360019,5457.313966739996,4254.514870686148,5672.497953817899,5312.544163057032],
        [1979.7270784649188,2493.087088285167,4027.493598740329,1795.4164999614507,4247.301121216284,4320.444595194295,0.0,4161.9108972742515,2898.5195280181324,2325.301095201924,1791.1636087115978,4268.661232820881,456.22352199952087,1497.4396935506309,3298.840705454368,4234.116811188873,3169.932459265228,2197.4145549363952,1151.040786019613,4558.246825327177,2742.738454432481,1575.6019796885937,3150.0003598149315,379.93111928694583,4409.185433934247,4680.379708201971,3084.4524523659247,2163.6801247736103,255.8722312213101,2624.0029959144395,1391.995793772603,1979.1984251454292,815.4434533876712,4202.7343418834525,4482.811456302909,2915.879649633538,2622.6631846787154,2137.3368772512204,2491.903757497757,1423.4655104084375,221.26739421366364,374.0663715608931,2306.408531576337,4453.4660838091495,1029.1715856981161,2518.414407004017,3785.6305365475923,2543.2558790067515,2411.408814835052,542.9072433122448,2081.8347422438005,1534.4277149216998,2364.067164204047,1383.9317033457614,2626.55255881108,1442.650371929653,2023.0768261321377,2952.0193088087367,3317.550171265277,1825.5822690270581,1009.1966193792439,3305.03065584759,3881.1709294947077,1154.922733751092,1038.3346032684833,3440.3342207778423,2297.3653840177753,2269.6070919518843,3733.5941720470023,3181.261750908943,2747.726051517484,2705.1618581591933,1900.0018970881442,2543.068734609326,505.9381231403251,2427.1807448676964,2351.308113782112,3188.642545927846,525.3001808436562,1547.7946474290613,3284.010432904177,4614.118092582147,4161.277344070142,4467.968226694788,4439.825756517976,1881.441886329282,689.0448439482028,2656.24709829044,2929.675097942102,1700.5421210484342,1979.7270784649188],
        [3291.8832474920086,3054.6876187530747,139.86838162476505,2859.7775840618287,2120.9994453371587,4140.075948334263,4161.9108972742515,0.0,2145.885329763086,3989.1144166099302,4919.992194449744,1149.6918206489297,3724.1472860862355,4317.157924229391,1131.5979140538386,2090.8819700018325,2123.26073486647,2673.154788491958,4983.664015091895,3329.192082043629,3144.644409933529,3388.2287188902646,1326.6504058292167,4486.2594709518535,1475.4609569038696,570.1244510183448,4533.631956614762,3665.0379014573655,4318.343722694236,3910.1484229974385,4269.822241485885,3690.5179956241755,4089.7423236026525,781.9459505165798,537.7870551321016,1246.0313013786497,4688.858483523153,3514.152622628925,4182.757691136762,4046.7479020434616,4377.576926037492,4319.652831509494,2279.5746131422943,1527.8692605113747,4800.421539602876,1666.8235240382437,4204.964249819275,2543.147008357768,2729.5963848105644,3644.7212436180116,2914.8367347339067,2638.2991335493125,2583.106479113177,2839.9869784201874,3297.3493121364795,3910.1113247233006,2150.9625091005455,1231.2888801044905,1328.888625172528,2422.136454964406,3912.7011056922474,1875.4025782106391,3334.489992230331,3660.215357492968,3345.5134090676816,739.4629679258658,4411.497403138444,5809.741917159313,558.0682138702035,2595.7537376036253,2231.4926024192027,3221.4802480925628,5623.697986199206,3665.993406820842,4390.929456529352,2358.0169836545942,2309.690292044304,2397.1892984130254,3716.334067689441,3553.7461459009364,4203.643023606756,3602.417880369096,399.46663810240636,1261.3374650687658,608.2831716368299,2420.4039097641275,3682.670859064195,2809.5605657166534,1385.8958306098825,4152.3489704837475,3291.8832474920086],
        [3206.5815703433123,928.64646251598,2072.1054879025446,1122.6299167080679,1348.8873086562571,2294.166905901726,2898.5195280181324,2145.885329763086,0.0,3969.247899316586,2997.443412447979,1594.385207189138,2592.0730582285682,2427.552659700412,1026.571289106605,1335.6101183282904,2991.7324551674687,748.6540222341695,3322.2279645383296,1933.4178160571987,3552.020192141368,1548.040266766695,2206.0616633888253,3097.0921810091327,1619.608104924273,2701.3848148122415,2387.896856242195,1588.6018270296245,3132.6811904281367,1770.7930001346792,3687.740308191922,3548.7626830373224,2460.0362723489047,2702.0465897858085,2147.12658848807,1452.2617032133571,2572.063565520724,1447.930989637217,2061.143911450831,3532.586087072386,3066.100024720116,3199.9274397807394,622.2520108822224,1650.9831763527488,3143.7477915098507,1186.0445678142628,2168.761454023468,2899.783600287378,660.6966207354276,2547.218386594111,957.3128404506538,1612.1216966327904,590.0293553964069,2110.3699650862436,3604.8774803006113,2043.3754808116466,1347.2687336611448,1645.614151787373,2399.899012060275,1974.3915099267283,2221.211339022878,436.15554280355576,1520.1015870686763,3039.7947157805033,1865.3451326421393,1791.2172944153942,2326.65458854177,3914.749350664829,1589.1777768875888,583.7934421810585,2761.724224345766,1075.658080319789,3821.8703252211176,3844.324956405849,2897.96055371913,471.41609861892255,2488.7642904156737,433.6582347778971,2373.3355679504707,1689.060553795908,2077.4221269162404,2105.4196255284337,1892.5031920864963,1757.151659930045,2049.4134311845173,1132.678594936599,2234.302340174784,3220.522289749076,1962.077637225721,3760.713729355253,3206.5815703433123],
        [772.6236421995645,4091.241026489137,3855.785769235962,3253.5343416629435,5137.40094706686,6031.711674580204,2325.301095201924,3989.1144166099302,3969.247899316586,0.0,4110.269698766417,4679.25655216216,2089.53752029129,3737.264282371555,3716.838115167113,5113.27702737691,2017.0907228500068,3571.2632532195967,3431.292494811831,5899.248553399113,983.4164161310588,3398.7859528733807,2662.7079770229484,2639.8327856327874,4946.312955556115,4308.749353848755,5167.483680656837,4084.805852765114,2196.153457371146,4578.677632501865,1052.310088210709,432.44368547968355,3051.504421728318,3592.6223275466573,4488.356686550085,3022.091611212262,4817.325785149321,3993.842715711923,4561.410237495237,922.3343302950944,2455.5074307155187,2068.7567689746493,3389.1511422828603,5003.974161127791,3337.8860131703404,2929.256093535164,5635.539981737013,1450.3527758624405,3832.114468447937,2043.7828094142321,3612.2126061713166,2426.928215422711,3689.7091383708107,1911.6247878848708,790.6358377310846,3546.613052164932,2624.656218778772,2908.632766893929,2690.331907865145,2000.2161451916525,3150.5814651403066,4215.498601587028,5385.539422133468,1223.9076794433392,2749.8752661259896,3312.7957768201654,4464.507856872469,4549.940904698938,3838.1263924405257,4481.8824214414435,1772.2200909956089,4362.488996264863,4148.945660087543,426.60474616444077,2830.5781732910527,3600.574716089095,1709.6866887969043,4388.312057633706,2466.1053332182632,3469.0255410699097,5229.7727664878985,6050.618275534412,4204.382346312285,4879.589299814272,4509.303277916412,2888.5670863711093,2659.2963973176593,1230.4121030394858,2639.0904129602686,690.7898874806012,772.6236421995645],
        [3682.6146675943332,2149.888794391935,4808.1887588481195,2060.2149946861537,4162.991695632419,3331.7208681452057,1791.1636087115978,4919.992194449744,2997.443412447979,4110.269698766417,0.0,4590.644407207182,2055.8927878352815,603.7934038865566,3833.6526855612233,4162.4464126119865,4601.92125548127,2294.849723401939,908.9763713389434,3967.547257975117,4417.298467186623,1532.0299534753176,4290.484912552543,1535.3449998047577,4604.055236111399,5487.761455417304,1733.7521195905529,1480.7897540855092,1963.6049362617844,1650.507989480886,3173.095829672091,3745.172801953418,1106.9094458716304,5218.380247327313,5068.645230607575,3779.883309878269,1124.0589945931285,1589.314988054759,1334.7661558825912,3214.6216596985187,1700.2440737110746,2102.316558829061,2652.513409310278,4629.603373800458,880.5460540931264,3319.2529503136207,2691.0399544053453,4073.1368496222876,2337.592557548233,2121.1075812543804,2058.238793039548,2531.73094949575,2425.7439788162173,2735.2739734799397,4329.612660430913,1010.296212179369,2920.7967094804467,3897.792749462876,4492.607301700888,3093.494652591843,1131.6963528365914,3424.4698116645104,3222.6506814821164,2908.051212196762,1749.7579878216798,4311.688588056381,975.4729787912319,917.4357238873762,4388.331380863253,2939.4466872503162,4192.535487078927,2184.4851066907027,907.6366555361723,4298.308152951623,1295.007804484654,2621.8799530020046,3773.348223608094,3055.177554108501,1724.5019085383801,1367.115439439292,2136.092780134017,3910.253965106748,4774.770368403405,4754.156160772287,4987.481079330643,2543.050857083873,1587.0847664497232,4261.3819018155655,4021.99471658408,3491.086590895007,3682.6146675943332],
        [3922.985811709604,2495.8559254624565,1189.5754665853597,2629.291403775899,1007.5539773898786,3133.2355137499253,4268.661232820881,1149.6918206489297,1594.385207189138,4679.25655216216,4590.644407207182,0.0,3884.96093639084,4014.8172317917783,1009.3864296577527,978.993102932434,3053.2433905735547,2311.1826804485722,4862.449366154401,2227.146002204125,3966.2688042130135,3111.9861769806253,2161.651459361174,4530.15917168671,329.78659483095987,1508.692235544197,3828.8589497405637,3172.5986075243727,4472.847234246028,3285.631239651551,4725.344411782232,4317.844169155602,3975.008542868156,1929.933676115739,783.3888372228819,1657.9502705157727,4113.241226020776,3036.655735816051,3604.4897785474436,4525.2319786083535,4463.7169314387265,4509.758314320828,2024.0185104043533,385.92158008931654,4680.176646376195,1853.7733283264065,3310.1468762440627,3307.1069303954177,2255.079695308032,3819.8922824386045,2538.6855383242855,2771.80671445949,2168.5254010782487,3142.8354625818874,4088.2280464213522,3622.923295682816,2316.459423302993,1776.661996763769,2252.5002006737186,2812.895703673838,3752.860961181526,1179.3088475589425,2359.280912316516,4072.120715016383,3296.0111701858045,1460.3738539521464,3897.901830646231,5507.59055027991,900.3855143747463,1825.9116546475202,3039.231824963445,2577.336477554276,5401.87940030653,4422.8395772038675,4369.9563813646255,1990.7750564407063,2976.237768313621,1646.2670010341126,3762.1367131316806,3262.87078573562,3424.2005386040714,2509.287303053683,750.2344552292149,206.41115985918378,659.6730493496127,2387.7910581128363,3666.867870552725,3614.008395094718,2080.8890736252984,4690.1504312438865,3922.985811709604],
        [1629.4376450397715,2316.0891748649233,3588.5385630438504,1539.4704606699586,3935.7660705470266,4216.292482240289,456.22352199952087,3724.1472860862355,2592.0730582285682,2089.53752029129,2055.8927878352815,3884.96093639084,0.0,1647.8806967899272,2898.8517932559394,3920.3886499971654,2730.647745587581,1938.247507125393,1549.3895921704225,4348.455421236971,2376.3394067068057,1451.5640260596592,2694.0512290883034,826.7517685090854,4043.923089586805,4235.86944587513,3128.1060791338487,2108.6806649041773,597.2882204575046,2594.8759741336376,1303.942499034623,1701.154705861658,966.757727796017,3748.2550536096196,4060.728999966584,2479.0977141167054,2736.1580931287217,2051.024457440517,2521.7751497550007,1259.1899882714608,677.3820814501994,625.0915241095314,1979.5183215000022,4090.67556613871,1403.5155018005557,2096.7270947176276,3726.602794073399,2119.142708237201,2175.158280085046,87.19540654023592,1865.7255369234074,1119.9476883550349,2098.99439820539,927.8885738796629,2278.395308276846,1477.8639286606347,1601.8152284552898,2506.999868552322,2861.341390583379,1369.7803044633154,1065.4174595171417,2978.3643410658838,3706.0275941575956,866.8665916859084,814.8849458692705,2997.556443626922,2388.549287843919,2644.5348934869985,3310.5855225051932,2936.487307820161,2307.989667725977,2554.9744193881247,2299.623934149086,2245.608021143578,869.7572259294654,2126.283619547341,1905.558971353304,2919.3656309098265,384.5341303348784,1472.7432228669743,3260.0364453840325,4429.977309315835,3738.766039856132,4087.1159791475125,4022.669628110983,1514.553416820672,590.3229976616394,2256.532127684306,2475.526704616536,1543.3712666580495,1629.4376450397715],
        [3235.5360402249835,1627.9881281050793,4204.830950859306,1457.5906142463155,3642.708428900885,3068.4470795332,1497.4396935506309,4317.157924229391,2427.552659700412,3737.264282371555,603.7934038865566,4014.8172317917783,1647.8806967899272,0.0,3235.5150439562876,3639.783055679377,4050.5125589034005,1707.8058216327995,1053.0470736339014,3569.160890973234,3943.907035022809,930.555793957595,3700.959584467898,1358.1054992033503,4043.7898702465036,4884.590459285483,1629.7858092389085,1005.6276270544209,1719.687715662629,1317.3625073916141,2879.8365760740094,3346.1781831915305,693.2074749849623,4617.347190790451,4473.204340525609,3177.55349834727,1126.519062363255,1080.5580115015323,1081.8031339860618,2881.771640869973,1479.0786715105855,1856.1953256444824,2054.1244866802667,4072.133475221529,920.7433698389365,2716.8887342456383,2462.863136254646,3551.6113739752745,1773.2265927415538,1697.8372379661964,1476.2097580400043,1955.6651691744087,1846.2920321191393,2206.3016898478345,3872.616622900825,407.05912749668863,2326.3386477764993,3297.865354903024,3904.935963790809,2536.778941835253,607.2294276754873,2859.809039140951,2830.4586675260775,2514.6023002668744,1190.0434270314718,3708.415835675586,817.3314046589303,1502.5269914943729,3787.3274456817744,2426.082039836841,3648.397346542197,1710.7961072080632,1399.1781174781763,3880.5173572022136,1077.8688598227202,2033.6602261222256,3230.516045843052,2523.2329020048965,1277.647547241027,767.0456805201961,1919.0948715769207,3547.5741765823645,4176.769576025599,4183.634555815201,4394.157319910883,1941.5645108460214,1102.6416257905344,3760.945412010817,3430.3104798264544,3165.507088507635,3235.5360402249835],
        [2950.703706509688,1923.7472112153619,1048.6884964513958,1785.3999056612333,1500.014552869782,3182.666731981171,3298.840705454368,1131.5979140538386,1026.571289106605,3716.838115167113,3833.6526855612233,1009.3864296577527,2898.8517932559394,3235.5150439562876,0.0,1471.7399871446817,2283.8342460683207,1555.7708103957323,3984.85294503181,2552.2362340876202,3077.262854595572,2305.834691787591,1400.2294200213194,3581.6434325870728,1237.47508158653,1697.2576170842567,3411.1754678712205,2536.810009464012,3492.178038361827,2780.476383226393,3717.4249534561413,3339.7814056234506,3086.852253336157,1686.6931679830557,1242.3241220005098,722.7172446539169,3557.559819803171,2386.7616733529303,3051.1702055696264,3519.391147719774,3501.250329477076,3521.5109043099537,1181.4173310387575,1293.5725886241785,3800.815871152795,844.4711152248836,3155.2323440865266,2405.060371944078,1598.668073678141,2830.2908755040266,1798.0385452719254,1779.659668981034,1455.9969955523281,2133.9452343371267,3178.8847097206153,2830.0022530866813,1312.36549859083,888.9713698016026,1556.3910426513783,1807.724652914428,2885.285646818695,842.4753116426596,2372.708054408721,3063.2529682916065,2369.8387158588607,820.7559106405131,3283.693485116029,4737.020859595957,574.4797485500516,1529.8328745399983,2175.224559310949,2098.1026775413347,4581.327978101284,3490.459005238412,3444.067644360271,1234.3921139125698,2039.3887894644906,1334.459082386784,2806.24314814631,2468.469593141505,3101.7394459034294,2791.9032881334733,941.260312995974,1215.7509974346617,1173.6657752111184,1436.2076811729603,2731.9823043819556,2724.5785801543902,1230.1281089989466,3690.672330316961,2950.703706509688],
        [4340.688840921602,2015.3629540066895,2103.5368883015326,2452.159950412312,30.49589413146897,2184.5996287195735,4234.116811188873,2090.8819700018325,1335.6101183282904,5113.27702737691,4162.4464126119865,978.993102932434,3920.3886499971654,3639.783055679377,1471.7399871446817,0.0,3749.8270851807983,2062.0649874309333,4602.5578733684215,1248.6394989492373,4536.66276645788,2831.9763808699845,2856.9273843058445,4427.767130235905,720.205472343459,2487.1906773090554,3103.6455229664693,2683.4624718885066,4467.55973578928,2661.8317574182065,4960.852535019659,4713.6812477147605,3768.013530305856,2853.698846350323,1762.047379524243,2190.495042310159,3489.984071581792,2574.330816362361,3004.0401890971234,4788.661096130906,4400.843166161315,4532.667395013596,1940.9122688570994,698.7251185288865,4429.301308329414,2184.7195182448595,2439.873663190169,3863.376136344191,1902.3896054142665,3871.9293186504656,2236.678435501677,2891.0227976032907,1895.1510971691616,3356.3424043770087,4628.4546710668,3287.6787762330614,2531.5723457854206,2360.7100691608116,2993.9879602969013,3129.9371498277224,3521.6684821053123,947.2819458658054,1451.9758905759809,4303.758010179209,3200.3582156400694,2205.1799100047415,3340.1070309992747,5069.543279865988,1702.8866902863829,1223.587047129616,3644.803373661853,1996.8762167072505,5035.376523740738,4922.174444310695,4220.4498187411355,1807.004071025783,3482.5561694728835,1117.8508066573415,3708.9451823656154,2954.4709522046114,2649.333241486064,1530.2948111324051,1698.393466823734,976.2526836097005,1638.3795903194691,2427.4419412788025,3568.0507212241437,4185.616040179908,2701.39755139773,4995.933930960305,4340.688840921602],
        [1497.3503190604179,3555.5442324506234,2006.5859588439303,2881.3024421171713,3778.796919420684,5284.333755248224,3169.932459265228,2123.26073486647,2991.7324551674687,2017.0907228500068,4601.92125548127,3053.2433905735547,2730.647745587581,4050.5125589034005,2283.8342460683207,3749.8270851807983,0.0,2992.220412704274,4270.773057760376,4809.272640213186,1068.6165601238015,3300.3000103668437,898.618488348848,3549.468084363817,3366.904364132163,2342.238751695202,4988.371251646928,3885.5957488408912,3208.347401447672,4316.380965266209,2630.397301599274,1839.3136649238654,3523.90952376975,1598.3770637524774,2656.776627119206,1591.4384379409576,4870.776155520624,3745.828194162577,4452.145714314756,2398.300436882203,3382.4679601804905,3144.207150822314,2627.59533565226,3426.2008411812344,4113.136961113533,1814.2740637652773,5089.282003215531,676.3765549800385,3205.4123197116364,2644.855837025713,3160.0696527804507,2114.2285455616156,3024.671890703183,1876.8062372214317,1246.5687772318195,3702.054525834181,1888.3112447636008,1404.5270957965167,808.4754650976199,1513.9361756548212,3470.7721194311325,3039.4884903341867,4508.464187234291,2202.6889743485167,2860.8601084031784,1593.2448162038572,4519.846020134385,5329.799948995439,2152.9447865016155,3575.4691370475184,422.6584353277892,3818.5647715957207,5014.658167983583,1632.1120391248103,3590.6699020535507,2833.2720348930266,834.9861467078097,3414.1615113298103,2942.345986287709,3443.524308186479,4853.291498254085,5029.743868236513,2423.7726916842116,3229.3985305836422,2707.5625759740255,2322.8051608280234,3033.18573691831,788.8999675413437,1061.3478423927036,2390.911604149331,1497.3503190604179],
        [2846.1190991545845,568.8018316037198,2574.0642642089692,402.78406478834114,2072.1796506262763,2466.458458783315,2197.4145549363952,2673.154788491958,748.6540222341695,3571.2632532195967,2294.849723401939,2311.1826804485722,1938.247507125393,1707.8058216327995,1555.7708103957323,2062.0649874309333,2992.220412704274,0.0,2574.2259082873543,2420.93663234411,3329.0399577571056,803.5231954020832,2361.4412120327897,2368.372362012522,2362.5590388158735,3243.0263643694166,2026.0619072879388,1007.5298731020164,2441.0170807250406,1353.2095572637763,3131.457526679619,3139.537188430811,1712.8191053510002,3093.190519294955,2778.363791798806,1679.144670982832,2046.9510994815964,854.6606962910763,1559.4575059370177,3005.20835696325,2350.855171616352,2520.958028128008,414.96959458678083,2396.0252286182613,2395.348542691001,1257.9257117007046,2140.112847366491,2732.9521068458043,261.0443798794543,1906.6447341413457,242.28779615314323,1145.466595485606,167.78650664280866,1659.6451547473582,3342.8744214711182,1312.0792181685517,1118.5151064948107,1845.721953389095,2571.223894500219,1677.267891256101,1472.6671114312894,1183.7593257079347,1827.025649860668,2513.0050063512044,1159.6531880890393,2154.5772353791194,1746.8238354358464,3207.7367388747134,2124.33257062956,998.4306763002521,2677.991046818078,841.45116645086,3090.6968924963153,3519.837736055555,2158.4833250593683,327.1165568679738,2325.525056898659,991.2419857155159,1674.607518162468,951.7166159410336,1861.3392734679733,2525.8819110437657,2491.8037478819124,2485.5047395066968,2694.312430300726,717.1496075807182,1517.0113063426243,3032.271126625158,2087.082920917745,3257.6829961764947,2846.1190991545845],
        [3130.634166544702,2624.0647524490014,4858.2651114339515,2233.170671627548,4608.5992081520035,4110.225777540265,1151.040786019613,4983.664015091895,3322.2279645383296,3431.292494811831,908.9763713389434,4862.449366154401,1549.3895921704225,1053.0470736339014,3984.85294503181,4602.5578733684215,4270.773057760376,2574.2259082873543,0.0,4615.894812036257,3893.7229081262626,1776.381985411285,4135.628129443828,795.5906225764073,4934.939691994976,5533.9111393669655,2589.6794563995236,2047.998889414356,1235.840083978525,2365.404670703951,2425.354507119338,3112.3724034194834,898.4654873232478,5148.092941943428,5221.980348744749,3763.6319041980846,2003.6559792721098,2104.3263643710416,2103.358426683195,2510.6364707227895,982.0185425776093,1362.865584475352,2840.7065444108816,4969.529627749327,184.0966558245113,3319.6372552585526,3491.4748609159547,3668.4073247757765,2701.6876907636924,1632.550730889784,2372.8616783231523,2386.8811187501706,2732.943235944403,2414.5112883692486,3776.755017584277,1326.589267971328,2852.787541323845,3841.7301769577466,4321.085716627028,2835.2536654045316,1109.5890921114033,3757.8905278162497,3880.0833296440424,2301.550347223011,1638.2804969875378,4304.826206926479,1783.7367884210703,1123.1310491182535,4494.48896510209,3414.7033869783427,3848.662776125821,2740.992337897004,751.3069845969867,3679.5727014781214,680.8425765201429,2880.309157517282,3439.022239172254,3487.738729762396,1347.515004250767,1648.0898524946076,2939.611112692779,4599.838337637008,4909.293645481973,5045.8624125520155,5158.345953196698,2568.5862609937494,1318.9678115077425,3799.554211424794,3889.0630637629843,2769.3024652314457,3130.634166544702],
        [5139.135455134242,2069.208879986224,3331.650577866669,2811.464437598313,1219.7437429152556,1091.9442750098021,4558.246825327177,3329.192082043629,1933.4178160571987,5899.248553399113,3967.547257975117,2227.146002204125,4348.455421236971,3569.160890973234,2552.2362340876202,1248.6394989492373,4809.272640213186,2420.93663234411,4615.894812036257,0.0,5468.363065297719,2995.8198738003894,3946.015856721197,4656.420921766471,1950.1815068445028,3735.7049631810078,2499.7581978422513,2567.9156574213307,4811.074093895619,2318.5692501783647,5548.793058339299,5475.996932635103,3915.4301159354914,4078.799827000395,3009.391498037515,3217.8425823581288,3037.6746099714983,2521.4985803687387,2649.4344738889813,5413.614104673666,4679.723622097285,4905.293639378444,2515.73478718779,1917.7408221030896,4466.220588447814,3074.1506719927415,1578.9600104080253,4805.851814989177,2174.661513052927,4322.361822009729,2485.777239034596,3505.6734561019507,2270.5684710007804,4017.8768435616093,5530.227224714258,3312.8400524994927,3280.5072273135447,3406.2043751617007,4108.358591955673,3907.6094223386563,3661.646245979459,1773.5304885425744,744.9112791600093,4919.348934622496,3544.9774892208384,3353.023362693024,3016.9181495058933,4803.2930322054535,2900.8721921184047,1434.1051392544825,4636.385244118424,1890.4047386457635,4875.183372943093,5777.085708882826,4404.474480565598,2312.098009805176,4400.3514776953025,1511.0128241910063,4052.04670679393,3061.417102853584,1998.720184631984,288.0142286301456,2941.5771628132143,2207.2952814393975,2885.849190938643,3027.1840739688346,3869.7909360779754,5129.453991231644,3748.297647394575,5656.439042579777,5139.135455134242],
        [766.4130602658618,3890.7306732550333,3018.9398564928824,3096.057453864681,4563.52844199556,5770.8691773099135,2742.738454432481,3144.644409933529,3552.020192141368,983.4164161310588,4417.298467186623,3966.2688042130135,2376.3394067068057,3943.907035022809,3077.262854595572,4536.66276645788,1068.6165601238015,3329.0399577571056,3893.7229081262626,5468.363065297719,0.0,3384.9867858195425,1836.3080208563078,3109.1365573987796,4260.07620627299,3404.788296017729,5169.155805976002,4048.6362203997496,2697.7593521590384,4526.155708243704,1808.3122540665945,936.8262375743815,3311.2478576753424,2666.2158701441995,3666.6272668504307,2354.959611941006,4925.335414849412,3930.558623398333,4583.4233247633465,1598.3852923776105,2925.024855234647,2597.8212409578255,3050.032249506647,4319.246377039575,3764.7215852491813,2396.629970105946,5466.82187296971,673.2868422295106,3577.9906348050445,2303.663108605232,3433.634230046475,2233.339981062978,3411.207443689443,1793.1414488654277,193.28954118860344,3666.798918484273,2242.062964415757,2203.293989694526,1816.943237118828,1652.0922446660106,3336.7298186584057,3711.4017584777625,5051.222219607872,1606.0093099665644,2804.4101803921194,2529.494821509735,4564.918234773239,5008.910179693909,3082.9041522441325,4114.054006267543,929.886057167424,4166.57313307024,4642.289919936991,572.326764402866,3229.7921166688657,3269.0004691648282,1068.3893190275026,3985.426009435802,2693.12954732459,3495.04236648798,5136.387353470314,5655.744033301937,3407.094150857769,4156.705566252955,3703.8828501685643,2611.8914264163795,2845.3186071216055,353.40505881652575,1885.566857809504,1496.8720700448098,766.4130602658618],
        [2764.1380622218335,926.8687432272591,3277.364825379056,528.9439917174243,2839.258912762222,2767.6347249862383,1575.6019796885937,3388.2287188902646,1548.040266766695,3398.7859528733807,1532.0299534753176,3111.9861769806253,1451.5640260596592,930.555793957595,2305.834691787591,2831.9763808699845,3300.3000103668437,803.5231954020832,1776.381985411285,2995.8198738003894,3384.9867858195425,0.0,2843.6845656331698,1663.1525447852064,3165.5020734031773,3956.419212876537,1790.0308009167477,686.049308191517,1831.1543350630798,1179.9140223144645,2747.651329545577,2973.6207276059185,945.2075356322324,3713.3482907659713,3545.113684645948,2270.1952593459837,1573.260127799825,604.3882974503955,1198.4532026868342,2674.013116732942,1684.8382616262222,1936.7712115509985,1124.9085329922364,3198.292029520732,1599.9661926062693,1811.266501919146,2278.9559626509263,2889.4318298718676,929.8274645925138,1453.4484984190403,596.8276879559885,1195.5337793319156,958.0319518831734,1592.5146760241942,3352.5843852099524,524.2258506106883,1467.8867607214502,2402.884110591082,3052.234327373713,1812.6757505996964,693.3606138553905,1984.1727180133141,2306.8359752134957,2215.260502532367,658.2951497976591,2793.164678941405,1219.7534156273305,2431.1870510220206,2856.8219636937556,1672.8665617354588,2924.941508370139,1129.5654579470133,2292.0664344197576,3444.592790461303,1421.548329349629,1121.3138390922104,2521.402358847631,1724.0451487279036,1099.5016817957414,166.3054031487538,1835.3244421699067,3040.7428097660577,3246.977428632563,3288.286842210598,3467.988840091132,1050.5003092902873,898.9471231972475,3144.6182463933487,2567.73910814077,2951.1418774230906,2764.1380622218335],
        [1978.034211369987,2895.1129873721025,1194.562796071171,2354.3746574062443,2886.1799684076223,4492.015567801793,3150.0003598149315,1326.6504058292167,2206.0616633888253,2662.7079770229484,4290.484912552543,2161.651459361174,2694.0512290883034,3700.959584467898,1400.2294200213194,2856.9273843058445,898.618488348848,2361.4412120327897,4135.628129443828,3946.015856721197,1836.3080208563078,2843.6845656331698,0.0,3511.194628301454,2471.5854601011797,1684.800051611585,4387.312364323757,3334.6793896551017,3257.306271732822,3714.6191708636684,3008.149366841633,2373.6271725906126,3293.614742931991,1068.6576826760363,1835.5422382186011,755.0066197411782,4363.3972438762685,3185.3737812596096,3902.0449632139284,2778.545218106963,3371.263848188881,3229.8453580102705,1958.8052111065663,2530.9605239057673,3961.2866355873894,1105.0796270795017,4359.579346680036,1217.0355786373655,2535.5260626128697,2607.9468115436985,2565.9479742265685,1771.4077500545345,2354.961204424975,1766.1697195514996,1979.6504761152798,3314.596178516662,1378.9680887216464,560.8330838269877,210.73556557566567,1324.4759311495677,3179.093018519801,2191.50834431379,3697.6834280732246,2440.3353620790513,2558.981152224219,702.9510520072905,4031.2597955136057,5105.907741192333,1263.6250131953454,2784.334183713,910.7954327473318,3138.8487204669295,4845.029873999227,2342.7389119249906,3480.942942311808,2139.66182299021,1005.6544361388164,2608.9390985948276,2793.3143155065477,3003.3092351506975,4186.841143653154,4177.154569084595,1570.7868218995961,2342.8353229467484,1868.402153269274,1796.0069110546056,2823.373008031438,1492.8151355729822,277.62162938482544,2857.2914970530287,1978.034211369987],
