{
    "drone_dist": [
        [0.0,1645.807544822691,2652.84358949498,702.1859417135631,867.8025899333704,3456.551759085404,3609.514217508062,2366.5087887461814,1516.1608614028669,3366.5395678846153,1691.3121151979697,1051.0069393622769,2026.7066283336155,1967.4725830119085,650.7739409571834,3559.497097485811,2473.739496384583,2727.0872517096004,2435.108018749009,2148.2441971716535,885.0543546841916,1445.3733871995416,454.9212445931575,2971.912032578592,2182.355353757785,868.4903215401652,1461.5914842186892,1746.9771723511071,2916.0263991629095,3671.803252799412,614.8711495697953,2279.3262878625924,1889.1846407226592,1809.6147854069593,1677.0299658648978,2428.84483908782,2556.46721246746,1376.8623438856393,2610.773572417838,3355.1454880029955,1378.2165090921885,2083.1669658820138,1943.801369951162,1140.2477194750884,2038.0631663013507,1139.4614301804413,1222.2806734272317,1051.9381580718152,1886.2456285723606,2121.946670550802,2035.4532981588602,1255.4297452515095,1616.075079709644,2329.6314423437157,1557.9609999475056,2971.855540664379,1454.2087170512962,1616.2320935303205,1224.1271801933626,1647.5360086554028,1925.5451823088097,2851.915987602134,1298.1374938065073,518.8884785956265,1080.7225686961688,3963.1554067017005,3513.3700221768795,2466.0873011284616,1820.7684209105048,534.5697686905726,1532.120250940959,2319.096402356045,1243.6105358508626,1406.64998867612,994.2298365819106,2598.1854205575073,3335.4606524879414,2442.136693176132,2743.483666394032,3068.9284572219753,2139.752028980042,2890.096679934353,1077.2229723267737,1400.631218000678,1700.1231442046446,2955.0297188071754,3801.1286548491075,1907.5913722973096,1470.9121368817703,2473.5643622815323,2820.1352860218894,2105.271386518692,3129.0100570154505,2760.2783712681553,904.2851308848768,1480.67118214302,1217.0981673635663,827.5627821354915,2440.8796542525406,496.6274285415109,0.0],
        [1645.807544822691,0.0,2914.1998176240204,2297.019700255497,928.5137736960024,3111.8322939463305,2006.07123605336,1756.244412409915,2904.619828549468,3491.9181205816285,2439.60234610233,673.2658173812628,1045.2511230344685,2203.429582583937,1565.1638702750533,2566.401993315549,971.602219101623,1689.3658803207627,3992.8253220692327,1576.1948859208032,1880.2407052488488,2805.5483313859827,1653.8121058364038,2621.4767684603044,546.0911271641903,829.4834533406814,2554.6144740273344,1502.2654962599308,1284.0383832699833,3253.52185243935,1303.8755261449853,3699.4840741623134,2473.9580681719517,858.6410982560593,1747.8838927997658,994.5588143019372,4110.571311490984,812.3899807012345,1511.9398668875526,1718.9475648178934,1853.5094684450175,1617.145843379484,1377.650111132888,594.8113593434559,3404.2562201159794,1128.2587391761738,1695.4766675699896,2392.930269109678,3375.3698434679864,1939.3406592368824,3527.7234261598155,2547.318869917741,84.99063418889605,2424.9448414495732,1390.2412048542678,1513.6719115014973,260.57995410085294,2341.7312408105763,1455.5995697179796,367.4165955865898,1312.6437977237679,2087.439644795646,2090.767588401848,1512.0162186139228,1945.280004606668,3773.9308292702417,2340.3788317111816,2321.252736691646,2105.517680219208,2112.452267476275,2544.4636189168764,3758.664362558601,1395.1918941887081,533.8551215312493,2143.190494981029,1171.4192050579948,1691.2334016552768,1070.4792715291583,2900.6535589511254,2970.4068391894525,2841.7823431631155,1745.9261716813717,2505.1952666589727,522.496223639791,2671.34824968734,1390.3521792059737,2174.3148355699204,2497.9788905155187,2300.694479572537,829.826313698415,1176.5397891377424,560.3891332641548,2698.460030049966,2510.5970598069907,742.4368028002832,3118.037433400474,1050.191703672236,1272.571503138238,2905.1173750564194,1689.2389983856413,1645.807544822691],
        [2652.84358949498,2914.1998176240204,0.0,2526.8904741244814,2302.319961568395,1229.0287032890892,4531.3467849046965,4543.705544418671,2084.790164335263,717.1573778919904,4341.226343026335,2459.798636418956,2086.62534620078,4524.054834211083,3246.864526322126,2306.41214690714,3818.312322163399,4597.651074228807,3064.676415856736,1519.2122998066118,3532.361721045719,2011.1243193962694,2198.070218955448,1037.6069568625655,3279.419547224685,2460.386152814185,1540.2137306282004,1416.0617423336764,3466.374428264337,1463.4902207399386,2177.8518396044174,2438.1808467242386,808.5819867197607,2144.2977404363246,1183.7281999329039,3877.9831363525113,3124.3069127917015,3403.0451882813054,2188.732920741462,4135.9566092422265,1294.2180532359214,4323.887175189995,4106.810271816119,2476.132665771426,2165.8801964497206,3434.9551054703297,1471.7578866083907,1995.0385044887685,2488.909951408862,1026.8091462580264,2567.2699973404942,1883.5406986119867,2829.407347562776,4861.47255337093,1528.130492949911,4336.886006083203,2679.8321783874626,4262.61299365756,3680.9794232514305,3232.0767056678865,1692.4169218992301,1686.0561054780017,3941.266944896633,3104.485412987959,1584.763933732546,1436.0990223956876,2611.554511628445,758.4306215394856,4382.022908539455,2472.964324534667,4175.315608761561,2523.6636686080365,3666.345448356766,3207.1244273393654,1792.3552057569811,4044.096428376188,3882.9116044348193,3970.142431362682,183.2379601559287,680.7258328386486,796.2343394506543,2314.4864073059434,2145.1240066195655,3192.2853499187127,4343.646588130449,4104.088637794921,4040.434247818547,4546.021867481767,4122.2174746283945,3413.154328846,3513.988372252727,2826.9603463521426,1206.4471772787974,855.2189013731135,2703.7261901184543,3389.1026670427987,3446.37780851937,3257.182742111208,5074.862749309222,2158.256320562909,2652.84358949498],
        [702.1859417135631,2297.019700255497,2526.8904741244814,0.0,1420.9074564582254,3524.231492768436,4287.3979530141405,3030.017731524869,892.4811435077174,3237.183820327662,2062.0133353749234,1652.0983305058298,2479.4814266572876,2489.707730956227,1248.944362291188,3882.4356130890546,3164.5722713104255,3421.5794897269598,1733.4320011889686,2447.7159670589494,1344.5261912317892,849.7635804804179,699.6663422674574,3081.5866789060437,2841.672979560176,1476.7247169571147,1066.583372914615,2007.2517216534463,3536.060702367936,3756.004307314163,1060.5780743794887,1604.6264354475736,1718.407939132889,2290.43030989394,1822.3157174131547,3125.0150031223056,1854.6514950035184,2078.2576403717903,3034.811824902804,4015.8408468080875,1420.3001835119267,2741.226225393484,2620.586657126079,1741.3959051041866,1393.2817759853851,1822.4756017382927,1334.615063302202,569.8342394312343,1195.3888451379555,2274.7812204190586,1341.7975154156345,753.392822106017,2256.2297704937337,2857.032058899861,1842.1744813814857,3669.6051878210246,2079.9661055448746,2010.7683923206985,1854.5881546790404,2336.379424042998,2279.6539844292174,3135.7557500489543,1729.341954494248,1149.331294145519,1013.6695000747603,3933.524027729657,3909.4273419031883,2547.7591738598326,2346.135571430325,184.86812808702655,1791.0137218746484,1637.105198368919,1886.689863642831,2104.1426181436354,739.1385060804258,3296.0384401070028,3969.4163442103227,3141.7134675392235,2655.851860774458,3062.8082572053254,1858.2489556771131,3309.0489846573446,491.9091805818223,2097.4520409707784,1951.177925137609,3640.373480617696,4408.185659838718,2313.9091110592776,1844.658202348283,3126.127232097003,3455.5168561194705,2704.7531293911757,3257.522522653566,2849.766992059943,1570.6812093973438,986.7693363599227,1907.0628824840703,1498.7140813333929,2837.0011261378127,686.8627915913619,702.1859417135631],
        [867.8025899333704,928.5137736960024,2302.319961568395,1420.9074564582254,0.0,2842.2352501026853,2931.940775434939,2260.2714924722413,1976.1586566885221,2968.492682484303,2238.4802921774735,255.59724294576182,1168.4022939900701,2271.68442651301,1137.0132498019145,2740.7497325411146,1879.8835833937312,2415.580385254368,3076.784525555012,1385.338859004651,1481.1191526430416,1877.063435827647,740.6546499917214,2338.0458618917273,1468.9273098054696,159.99604880457352,1646.5198005228958,1061.732513007037,2118.37724864591,3034.059767469258,378.92041026588,2770.990636979781,1699.4790014116659,945.444300484453,1141.4674808245836,1877.7097748616948,3193.129543444013,1115.2193177534261,1755.979487288136,2629.1740153288624,1064.0502871037495,2026.9385031516285,1817.5572505872522,336.0217752212303,2476.818405319462,1140.3978830529195,883.1147713806655,1464.7964065821795,2450.649570092789,1507.6456439623687,2602.69979815821,1619.5665218821966,870.8771808494771,2588.3295582837127,876.4168087546166,2417.093833952981,683.0588056192656,2146.019218899646,1415.064457715478,1092.080352843201,1130.3939295375233,2071.5858224321555,1833.3415688776035,1015.6926515168026,1048.599289973726,3428.7696569024774,2661.7477734571166,1895.156739939117,2137.203157331797,1237.4598736323933,2199.67851045675,2830.224264863874,1389.404714985285,965.7385187449404,1218.1051179768037,2056.914160558489,2556.8726270321013,1929.2474450749453,2339.4199256313773,2549.515705332998,2044.649618028212,2034.722094967262,1580.9884647119038,952.4995861423536,2357.3073206372283,2317.6040006859585,2987.3260746956776,2390.021323416533,2042.7061128941264,1737.177183438614,2046.0505500913027,1284.2305265123787,2469.719018117503,2158.907307709348,403.41446620744887,2327.05213490156,1144.9697417093803,1018.9703847325873,2890.862412885632,770.9419402363573,867.8025899333704],
        [3456.551759085404,3111.8322939463305,1229.0287032890892,3524.231492768436,2842.2352501026853,0.0,4241.123383288107,4864.771105652226,3247.4138506713407,972.1773067010051,5064.657493469341,2900.3426226262372,2080.3414687134778,5101.695713457134,3947.192733116723,1384.9949929018276,3830.799097323922,4751.911358144484,4283.368445747679,1543.0573711310951,4274.7288112077395,3161.9178116517232,3030.0160039032094,505.8180250194903,3294.4313692802834,2976.018943706439,2666.872115632087,1780.5257979136047,3181.010494995703,240.19134039244318,2875.4261153346733,3663.3260924805095,1905.1540561625466,2253.3670562118464,1779.7103032648056,3928.126534773839,4347.070013450775,3799.814881888063,1835.8229161136994,3835.014026737279,2119.560750475322,4701.023387071044,4464.901099001742,2877.753630140006,3383.4151030584057,3947.959154539492,2246.9341390335076,3058.407063618432,3687.18511206129,1345.920275304418,3775.8659401998516,2990.662215663518,3031.789860596859,5398.970403189794,1967.1419695346074,4278.345822968611,2943.8998078404275,4975.3514060746065,4247.167272564045,3475.5311845317265,1816.8031131907696,1143.1227149596982,4656.573517093315,3812.074250140084,2512.6332642367897,690.2645577982032,1803.1428083802077,992.1650731091788,4971.712102312937,3427.6147359491365,4973.830503379627,3748.99955558479,4214.3092970605385,3548.926897579395,2795.2013154015476,4065.740120628224,3514.637358212505,4041.5353068198024,1046.1880690440773,548.3984267364104,2007.2834468039046,1805.3557510937112,3224.7757652584446,3533.934942837103,5139.414480455323,3978.6007168538445,3504.439078688273,5229.443989875589,4858.903511621671,3322.915394351262,3285.9665506126357,2804.531452778823,417.79435624226585,696.5681014924662,3194.3885057888633,4462.743716323837,3926.6333912384653,3861.182815214102,5733.083354455869,3003.166291530081,3456.551759085404],
        [3609.514217508062,2006.07123605336,4531.3467849046965,4287.3979530141405,2931.940775434939,4241.123383288107,0.0,2282.148341471912,4906.652641445315,4937.859713690677,3830.6375406086163,2677.9423567509184,2453.7710799870706,3297.8156297620008,3351.1115865963366,3088.0838204693223,1163.3021352761602,1665.8354229089875,5997.051498504189,3012.7067072221635,3582.5185656693156,4806.033512705715,3659.479165081387,3863.5850175073697,1463.048069837307,2834.7606289546384,4522.955222879753,3190.8430151084644,1075.9314393793288,4281.1733577235555,3309.1749009067,5699.435214309366,4306.214070046768,2449.0662604703875,3510.726133567699,1250.6784460987385,6115.289304396461,2361.2120733686893,2428.268597940118,406.6335825434866,3742.1990034443998,2420.693800164522,2290.2778076426366,2596.1080652078595,5399.276867209005,2733.398183721669,3612.1615341860183,4396.41084378145,5381.312827683477,3507.756756560696,5533.613688656243,4544.823395869604,2061.0944601728315,3299.121262877622,3162.725011803327,831.4853577955748,2249.885897748698,3746.6724631873217,2957.135633275415,1966.5785557898128,2855.6955423841086,3104.383973845045,3618.5449613664937,3350.8224412105947,3912.0446145173887,4925.244452066442,2656.0565656127096,3803.2310291123677,3283.2697605824947,4104.274944770971,4082.0078002086716,5760.513173605872,2888.0021136288747,2227.428486565527,4136.6531803824855,1127.42002501842,743.9237731254309,1296.549643796374,4457.475973289034,4337.528769590253,4678.19561410836,2437.497361496485,4511.144365382619,2230.1089528538164,4154.947341959431,670.1814696222771,1062.803352603094,3758.479742961231,3785.3285702635185,1209.8202227124052,1018.221941866538,1771.4296218761292,3847.5014662091107,3865.3644568817977,2716.718394393152,5038.0408881265585,2626.094585505109,3019.5307149034475,3942.4429522143937,3695.276038581862,3609.514217508062],
        [2366.5087887461814,1756.244412409915,4543.705544418671,3030.017731524869,2260.2714924722413,4864.771105652226,2282.148341471912,0.0,3882.437688005081,5177.225176074249,1704.8019306179042,2083.989747111722,2800.475348753418,1072.6745063460394,1788.902875409906,4248.539098201473,1394.7062437187112,649.2382631993194,4700.519866629389,3323.710235455131,1821.7501683122919,3811.3973591584922,2686.73888811711,4370.126105733954,1741.9283490796736,2100.3144199356734,3763.7021210804864,3183.7086610692227,2399.53066265856,5009.624225809993,2492.6706906310233,4633.6795154861,3955.71416590696,2612.3400662323784,3361.794655918417,1252.0974281848294,4821.7015621810315,1145.2833153690667,3220.961152919469,2308.4767004948108,3323.061305879412,292.209008636344,444.87252523591945,2070.074912832146,4403.381493562141,1234.3423965264012,3140.6897491288096,3410.1961442006404,4223.500005399118,3640.370743403668,4367.102067374247,3609.7284548547973,1834.339651518376,1017.7400159530551,3034.722253094604,1454.5744856517658,1926.2915077798305,1642.6839664924948,1187.2866751995887,1390.0911497445352,3053.621717381711,3836.5150558433907,1645.2040440729513,1880.6872464083988,3236.0036583709348,5519.46808383652,3953.0132428957577,4032.5171003599676,1104.0101684002786,2887.310069062121,2038.1408484601925,4667.103047815447,1146.8320250822248,1342.9201237760608,3287.850504259278,1258.712780606262,2550.9947968931474,1138.072514294688,4561.073983814637,4691.872326944198,4289.966771305548,3419.5484186919975,3443.687315918594,1358.0176130990985,2057.7377702291333,1724.5257245103219,3096.594885158096,1561.962371373177,1739.4721528289538,1902.0432986018266,2222.003125586913,2172.0143847311174,4453.046948451078,4245.6381567909575,1858.194700229595,3417.5905561529617,1175.2620591243256,1539.3728865967103,1665.5564579349534,2736.581119717893,2366.5087887461814],
        [1516.1608614028669,2904.619828549468,2084.790164335263,892.4811435077174,1976.1586566885221,3247.4138506713407,4906.652641445315,3882.437688005081,0.0,2736.824078080731,2938.4187392091144,2231.3828679181697,2781.3764237645346,3382.186494294586,2124.4305077051104,3918.120353147281,3843.354098113973,4225.579825872581,1181.3112229096043,2554.6851557731943,2237.005660254559,108.19221980352239,1274.800082950038,2886.7354333168673,3443.841130142646,2085.601312878217,594.8963176282481,2125.3460243972886,4037.9880667484535,3487.5466747253813,1602.4794479915877,796.2856537174613,1344.1699589475872,2646.9500057948208,1834.920021767168,3826.5699371279093,1283.5872793594071,2860.978300580493,3255.4082119667564,4593.096337379172,1416.8884005366624,3598.0207705208236,3459.2016142039765,2311.2368312547715,523.6365743501386,2654.4817007477186,1446.254597265208,512.9442984456324,516.9456579500153,2218.3629900628316,657.6125579047085,374.3554096557573,2846.0687170216297,3749.512957665736,2018.2706945220182,4372.306562971272,2656.830041671338,2892.5315149454646,2724.978547300274,3027.445648279851,2475.2177781567457,3161.401253340226,2618.75916910504,2012.7189186371368,1070.1756837478588,3517.7805845951025,4045.1777277112233,2366.7212156401524,3238.5421454348757,1002.961552287439,2643.3632968777665,854.0741227761101,2751.2079017321307,2832.7174058897567,783.2099246563048,4003.83937490756,4487.93860640696,3862.1855732018853,2249.218061218315,2723.859771218058,1301.5121480250623,3506.0552278565183,439.18163901302364,2823.307108843639,2795.97704728607,4292.248742388776,4863.86908219422,3194.9311607029854,2724.6983986973364,3705.0578994670204,3989.616749893189,3202.521795555108,3073.9703888176114,2648.3928778141494,2249.4514749304963,1384.79061298277,2728.2226087359277,2343.0989627495496,3711.5112848994336,1232.024587579214,1516.1608614028669],
        [3366.5395678846153,3491.9181205816285,717.1573778919904,3237.183820327662,2968.492682484303,972.1773067010051,4937.859713690677,5177.225176074249,2736.824078080731,0.0,5052.350843387796,3103.254071625699,2564.419999024669,5215.926095393843,3952.1356973232773,2320.393269309342,4343.71163481181,5180.834054201087,3619.213453038922,1974.4161123226836,4243.425373830258,2673.350542832467,2912.193183943906,1111.2661859874186,3798.033971779825,3123.2880392077664,2225.340409712734,1998.4193015268515,3861.9282933587647,1143.201276068017,2874.903759295726,2976.56209337609,1520.2652030078027,2669.8607287512564,1828.6098827410326,4418.095123210711,3663.6236164667425,4047.7850408220133,2517.627479270336,4533.439553151684,1998.5637409688895,4971.009054548712,4747.399835371987,3109.030374846953,2738.39344816593,4108.195047130257,2171.352692717222,2696.010566692471,3094.651267329668,1552.5905180891564,3153.701132891748,2571.3530444530543,3407.1171598092833,5547.3091428072785,2142.5726200549034,4840.592350633067,3274.9175461223813,4972.527712032465,4366.837646091121,3829.948224428996,2201.9432010351093,1887.9332758248866,4650.688124431136,3810.0337948747156,2301.6938216145995,829.5781638750091,2707.3496845421305,1178.869652464362,5075.429145963382,3188.062146401172,4891.401527089152,3059.482723466907,4348.551108096375,3834.4422274236354,2505.9398078464433,4575.54093632655,4245.371179073473,4519.004384538158,632.3209586788824,609.1687591726321,1437.1230819872203,2571.106499582083,2839.7220156384974,3819.370139595964,5059.75491295698,4578.278940197027,4318.780276134999,5253.363602257846,4834.129656445217,3892.4656196927895,3936.243060469533,3322.0545934974266,1197.4480043166616,1072.5924276096298,3364.108249369223,4075.910614876751,4112.311170916628,3947.4051720468183,5780.3022083911965,2873.137771736574,3366.5395678846153],
        [1691.3121151979697,2439.60234610233,4341.226343026335,2062.0133353749234,2238.4802921774735,5064.657493469341,3830.6375406086163,1704.8019306179042,2938.4187392091144,5052.350843387796,0.0,2246.5221595730272,3299.3140589316486,673.3947550076626,1118.2719947629744,4908.230386242828,2729.394990846598,2333.439427021451,3414.4905510585377,3619.8166026770455,808.9481302562683,2907.9249141219293,2145.746643803009,4564.599124143759,2781.1416570521965,2124.9046556502426,3082.128114747747,3291.570767558934,3589.153545143637,5264.6122463133115,2201.8021250152983,3542.469931437761,3579.6539272406267,3065.594470841011,3303.0754707289357,2610.2890154162405,3527.588617365768,1657.2848807552753,3864.7020778052033,3744.4570806796096,3055.4387632769967,1466.2563287520973,1546.6122268874867,2300.6998200678836,3400.1873981971708,1311.3437674128854,2888.2216455685925,2606.2632842779194,3106.035156875183,3719.256505056162,3223.42892454341,2804.416485633832,2472.547487735929,965.9538859798081,3101.563948256228,3013.432022232916,2422.869776886911,98.0462963514477,986.7299786217288,2171.505126875329,3356.583487704166,4290.755774565687,408.1805807600633,1256.0232279725205,2771.43256603964,5615.448249008777,4746.487146930497,4091.2435989249034,603.2986550254968,2009.29294324201,382.2551875762644,3549.240207129524,1050.9551469743346,1918.1650437886728,2648.1513479323535,2707.3330803676226,3887.3691937929607,2542.1065561751884,4425.355867850335,4722.190805011124,3815.612099530673,4127.40926472118,2553.5163602786283,1926.9187133929743,354.676112953222,3187.427065172425,4433.381284883038,265.64891551055115,222.2816706803462,3051.445655644976,3433.2439721992255,2999.098681981826,4703.572856688957,4372.0673915880725,1948.3762943693325,1994.9137630351572,1393.5781790835383,1245.5617404458576,775.0205514730014,2187.9315830292658,1691.3121151979697],
        [1051.0069393622769,673.2658173812628,2459.798636418956,1652.0983305058298,255.59724294576182,2900.3426226262372,2677.9423567509184,2083.989747111722,2231.3828679181697,3103.254071625699,2246.5221595730272,0.0,1068.217339918843,2203.4364528117335,1188.9442504190877,2672.801398911644,1625.9122720080777,2194.3392922884377,3326.0718142169667,1390.7356919601305,1535.486198951675,2132.523897552587,986.6929219105327,2394.5840656473847,1215.2596961751042,182.5303115560757,1896.8738698319924,1135.8115291607726,1884.5237474218425,3079.2789043510465,631.2439945457265,3026.4288568073243,1905.4846795481426,834.5989030582613,1279.2969684155898,1626.9305716464864,3443.0141861921206,945.1249681521396,1651.2943598495017,2379.482594211298,1269.021424532966,1868.1772926977765,1647.600442461821,90.07167034321394,2732.399143285435,1047.6791095940616,1094.2781517396659,1719.6785470323732,2703.6229095598833,1594.9547103408795,2855.8358447915716,1875.159406013591,617.6233307995301,2499.4550725830213,967.5854324846362,2164.249678809777,432.29443510816265,2150.8967919833626,1353.4327549433383,849.715225157772,1119.6765155311195,2045.4693253048333,1850.8144012603025,1087.32676144495,1294.0110002133924,3513.374861881803,2554.117563266495,1988.8418044894354,2076.498812656431,1467.4368597149905,2251.114502495006,3085.413128692867,1316.532338331276,755.5978746411333,1473.1910796129316,1806.214623932791,2317.674848236129,1682.1033570435307,2481.252270660042,2649.9710647284364,2260.085666736769,1925.5369366376954,1833.5627861969801,741.2961693790811,2401.358475948568,2062.0092193018595,2761.5593324334523,2373.0455464867864,2064.6261827383332,1487.0350147168385,1804.5208559015962,1059.082066669785,2511.7519804988156,2233.5862699255067,301.16948628726,2529.008427578145,1029.3073399012728,1001.71445281998,2853.5908693178885,1019.8224411593764,1051.0069393622769],
        [2026.7066283336155,1045.2511230344685,2086.62534620078,2479.4814266572876,1168.4022939900701,2080.3414687134778,2453.7710799870706,2800.475348753418,2781.3764237645346,2564.419999024669,3299.3140589316486,1068.217339918843,0.0,3178.8689081754756,2257.0871985690687,1609.150629259678,1784.5844943473812,2674.373534989091,3958.0881350072764,590.0103452669166,2603.702802215557,2673.268768770773,1784.2130317168057,1602.8573296796958,1238.9999758672714,1222.827384109559,2273.430535464968,757.1224619048438,1409.485679215402,2212.2114172266097,1444.9788833513521,3519.619337538397,1891.568381560277,234.34566309915826,1091.0624742488349,1868.1358230134078,4063.798456155914,1802.1194299306007,588.045703349688,2066.4631952639975,1412.7486021510701,2659.421262757161,2420.2463573394493,1003.2057328176368,3200.5613149489454,2035.0442328303582,1340.1565417755155,2325.1679530021147,3296.3917005902344,1059.817612294784,3438.9744024873194,2408.549110657355,970.2748242762312,3433.3460794301855,785.6070500457604,2276.2742303136433,923.4523287227,3202.422866336383,2362.064734972237,1412.6238073946506,402.4606640976613,1046.8506994996455,2910.6421903813653,2152.6246980461033,1711.2040999137052,2754.4394928569204,1494.114094309055,1390.1637787406694,3065.5111875948232,2308.817336805363,3318.852366697969,3593.837337770598,2313.697642608763,1530.4714466040598,2012.888454682461,2018.359348041639,1849.8683436485446,1976.0092838081582,2028.4459560302494,1999.1611445185595,2256.497744903832,866.3844158786551,2482.716312590644,1516.316010243774,3467.812758546848,2023.0434281816636,2125.5016783312844,3406.474939638673,3125.2185096657054,1332.9632513572776,1435.9686394055302,757.7377526438702,1663.7936318331301,1523.6752956146677,1355.9845951065088,3441.7751556932226,1985.5466283164578,2055.6200499919128,3860.8434737815164,1792.9190565986264,2026.7066283336155],
        [1967.4725830119085,2203.429582583937,4524.054834211083,2489.707730956227,2271.68442651301,5101.695713457134,3297.8156297620008,1072.6745063460394,3382.186494294586,5215.926095393843,673.3947550076626,2203.4364528117335,3178.8689081754756,0.0,1318.1523189529253,4760.834097341401,2266.060732923885,1718.774181028192,3991.1635943474453,3589.773671057277,1145.2209143222476,3335.144915051402,2394.430670910595,4595.9114796955555,2430.305135718913,2129.2488002216346,3425.8597653765555,3325.8780118469235,3205.862156478579,5282.7047436835055,2346.5618979163974,4051.643406531228,3814.846057783931,2954.0422633155817,3404.2808237324,2133.770978227549,4107.9545301439375,1392.5915124997407,3703.971076540696,3261.994303738849,3232.1603861433264,878.3357636818293,1025.2264476375146,2233.933263430474,3874.9034956264636,1157.7718431902101,3052.5861042651527,2985.482163654508,3618.943705148723,3777.961087492496,3747.6530664551033,3190.06684675088,2256.2026741698514,367.4456581116739,3145.3396615411116,2467.6345252862675,2258.4234885824794,638.5155599144645,856.7205513863325,1875.2015799099163,3315.5552704234296,4214.421638902349,790.7850823868653,1456.210319881475,3017.798016786172,5700.107018307648,4543.077665244837,4166.770557190865,146.71429830715212,2396.2229615882475,1045.5581913380397,4068.1581145488235,887.4103552981734,1671.917446076806,2961.6822465262508,2200.2909288137166,3449.2860008316443,2046.1458630643278,4583.617342025422,4820.533930334731,4094.541656853843,3947.2621098055433,2966.1099132774643,1684.3929588866126,1024.8344635184296,2685.41508510288,4001.6266906331803,491.3200527162261,781.4578768762572,2669.526594191906,3037.8815552515775,2738.8051484234074,4715.188034778842,4426.630177224192,1907.359872272052,2602.752638964369,1194.7292164935361,1268.5389367714322,708.7881688083675,2442.369658477532,1967.4725830119085],
        [650.7739409571834,1565.1638702750533,3246.864526322126,1248.944362291188,1137.0132498019145,3947.192733116723,3351.1115865963366,1788.902875409906,2124.4305077051104,3952.1356973232773,1118.2719947629744,1188.9442504190877,2257.0871985690687,1318.1523189529253,0.0,3858.562230758298,2187.8649364649937,2231.522007490875,2917.2922814680046,2522.1661152214124,347.1131207143304,2064.2152735744066,1079.2919048035953,3448.131646311624,2034.2549323888359,1042.0049760668028,2112.1243296989687,2177.8503409204377,2833.770253492294,4148.836627503213,1086.0266527730096,2852.9190267799154,2510.520251797017,2023.540520678501,2185.485804278801,2110.6557189654754,3038.884213192717,992.8907469577601,2839.6524660702958,3158.152195659147,1953.92316326657,1497.9712398273234,1397.3908970568532,1258.1459296199557,2637.6068083467558,644.2934866808312,1781.4669121017614,1689.1084871371409,2437.218559371901,2601.481346185617,2579.4809724990196,1894.0504901697848,1569.455637858514,1679.1554609566333,1987.0237793762656,2626.160720663097,1464.1168318502102,1031.1002326106166,606.0939902002283,1421.6277479790897,2266.3919619069106,3206.8821626104454,710.1431021873439,142.46360346895392,1706.6568740356483,4498.55778818244,3740.5630626326397,2973.0289733985173,1171.5591088351869,1121.52333414738,1065.6554580998286,2883.0463629948936,642.0753852340974,1144.52672560186,1644.571490557203,2261.0889750711926,3208.544338234391,2093.198280862068,3322.0279832018027,3606.0593697107724,2779.3259953567344,3112.6326323501326,1692.050363562979,1145.5438496976483,1220.9513809385596,2681.1701478863165,3720.6255934290825,1302.207221971318,912.2949764005868,2329.8485715798747,2706.357302074319,2107.5262872467874,3589.60100349459,3254.031976457659,912.5541675091208,1719.0958458143018,747.6102780601456,331.8330441249541,1828.2890325820144,1126.4262429534635,650.7739409571834],
        [3559.497097485811,2566.401993315549,2306.41214690714,3882.4356130890546,2740.7497325411146,1384.9949929018276,3088.0838204693223,4248.539098201473,3918.120353147281,2320.393269309342,4908.230386242828,2672.801398911644,1609.150629259678,4760.834097341401,3858.562230758298,0.0,2983.8866029302767,3969.4597498725743,5073.04616876046,1435.4617080894072,4205.6723864815585,3815.1597873835412,3234.036660592908,1279.1962402108759,2518.209105341071,2817.504293634208,3330.298644051056,1875.452331367054,2115.839524579289,1322.1028426928076,2947.898983777691,4518.346685088205,2664.0856545276224,1843.2441305966702,2102.44135591656,3109.2980648521725,5159.707756044042,3369.6373298125536,1056.880080062588,2697.2279934335575,2530.1482878632987,4158.465643336463,3920.9247651174965,2611.2786859782746,4205.888516688093,3633.3648952659332,2565.092051951605,3570.726085975968,4420.547947907928,1700.4730357855765,4540.653551760494,3581.3888369769793,2507.4743836626103,4991.33833591461,2042.9714419654144,3323.006007370014,2507.3418884169637,4811.2271743678475,3962.956405061125,2919.057137067181,1634.4167939174279,758.8885704966651,4519.597367198147,3748.194147325988,2933.3106466624326,1983.9142236780324,450.3517255438734,1641.501644130199,4654.431481964697,3735.175377574935,4923.153441872109,4602.225088811493,3911.7544472027553,3091.005484200076,3257.8221408479276,3205.09723882654,2344.273775775211,3233.094629491477,2143.9495612693217,1755.024200003579,2919.4560472051794,829.5000010127018,3743.6249790416223,3078.0503597528946,5074.15545069562,2984.17047898696,2213.205387513402,5010.8662359388445,4734.106733328483,2432.6080806426635,2263.117271419719,2078.7911877684573,1139.4764821768886,1453.5245871817233,2964.3750094431048,4869.173449345431,3576.4574188315546,3664.7576725375634,5453.476808870004,3227.8726433385914,3559.497097485811],
        [2473.739496384583,971.602219101623,3818.312322163399,3164.5722713104255,1879.8835833937312,3830.799097323922,1163.3021352761602,1394.7062437187112,3843.354098113973,4343.71163481181,2729.394990846598,1625.9122720080777,1784.5844943473812,2266.060732923885,2187.8649364649937,2983.8866029302767,0.0,988.6093047460884,4890.755015919769,2372.543608189822,2423.055027223262,3747.7733577344657,2573.3525761966325,3374.4721036112323,545.941014569874,1758.8204903111066,3520.7944365554863,2405.2821956928624,1007.0204999830387,3932.8341479553565,2243.5143744088978,4639.620887447926,3434.4448610902164,1679.0708526057258,2683.0309856417866,142.63311612991183,5010.688653990175,1198.3452261442394,2034.9038474137162,1015.673961340896,2821.1558891514824,1428.8837617249626,1242.5022350070385,1555.877102076294,4352.082697503091,1572.8979976031226,2666.0215169402773,3330.4491184384046,4295.83168824183,2807.5991911098467,4448.399872728035,3495.218667051237,1047.0130014625972,2347.3790724249197,2321.5881238428515,542.0855193607669,1232.1821413917892,2640.169710770884,1812.1168758404579,828.2864172344828,2144.1194967661254,2714.01313686948,2483.186503118767,2189.782665385288,2913.5704310921456,4516.355272886681,2639.1462261245492,3165.305623948899,2224.506940467274,2984.3107090445833,2951.6566938315586,4694.935272712019,1742.38251605881,1073.4011041797946,3097.5271003113203,235.0577246229114,1184.4788003357874,262.53930825026026,3783.980492036073,3783.7456385260507,3804.6432470739683,2176.450199765276,3429.4317841661605,1077.5324673208954,3037.230770151613,493.32420580870735,1736.920476743254,2691.202727938601,2661.4280761035366,552.0563685874408,829.0402670430443,1031.21162705976,3413.6890070340833,3307.8641018983044,1604.1971350943663,3880.6497395838383,1465.789258061204,1856.242427153904,2954.5541368046597,2613.604688087856,2473.739496384583],
        [2727.0872517096004,1689.3658803207627,4597.651074228807,3421.5794897269598,2415.580385254368,4751.911358144484,1665.8354229089875,649.2382631993194,4225.579825872581,5180.834054201087,2333.439427021451,2194.3392922884377,2674.373534989091,1718.774181028192,2231.522007490875,3969.4597498725743,988.6093047460884,0.0,5136.935816288361,3243.614120226876,2337.425406718536,4143.968922678255,2972.793563993941,4276.983657891872,1473.9371182327864,2262.8202061369757,4023.9626397128595,3190.491473652706,1965.475153364704,4870.5413229952155,2715.3925714309134,5003.526952111531,4099.021285801541,2525.2314928251226,3420.9553600469203,860.1619435835693,5258.8057467351555,1366.2666712576897,2997.5780223538623,1746.3284047238992,3463.1199209121587,868.4571921985118,854.3085597365065,2154.488083094563,4749.032400999501,1604.385235090958,3288.410823994944,3729.0904261791507,4613.0298702099035,3628.284918780577,4761.623967043119,3918.905670940826,1774.2984363185938,1656.9665583801564,3069.69699065956,861.3753594227034,1917.8340603675429,2264.8456142874006,1671.6481286493627,1368.0769440768042,2990.648348116427,3660.823049371257,2227.6690690667783,2294.7815373735216,3452.10714478281,5428.778093412497,3627.6960049373456,4007.72906029928,1739.8315164553871,3261.3217986459053,2648.8315813297854,5045.410550198307,1615.351600946115,1450.4824395203243,3559.9733909876372,783.4546127755698,2030.4538573522757,736.511405037997,4589.063214352111,4651.240662533828,4454.283401288223,3155.80921893748,3788.581576965456,1463.412087913146,2682.55283292031,1178.2448985936062,2557.2356140954466,2205.4013130441886,2346.4638008743004,1540.3456063448803,1789.6443013680773,1957.1114231617187,4334.325075871475,4184.603137001832,2040.4145831195613,3927.8101910257765,1515.113675463838,1932.9545840259273,2308.284743400991,3020.4867416675834,2727.0872517096004],
        [2435.108018749009,3992.8253220692327,3064.676415856736,1733.4320011889686,3076.784525555012,4283.368445747679,5997.051498504189,4700.519866629389,1181.3112229096043,3619.213453038922,3414.4905510585377,3326.0718142169667,3958.0881350072764,3991.1635943474453,2917.2922814680046,5073.04616876046,4890.755015919769,5136.935816288361,0.0,3732.0101499634047,2903.3718546773844,1289.283791786879,2339.741104598096,3977.323954120267,4538.570825724067,3163.3420263584458,1747.2128954975235,3305.6981264496626,5179.363704763345,4521.655277199452,2697.9932014132996,644.9639100032466,2433.722863919341,3815.6069357436277,3009.6361956076225,4855.698699864668,121.8762784542894,3808.371728896487,4436.672916460867,5705.4448923879245,2596.1726800052843,4408.392111131389,4314.183240432192,3411.492459342768,899.9542486756911,3532.550749726083,2626.8331073154145,1643.3187977056036,664.4234052327248,3374.0395457561685,533.0347250130784,1550.5726117998586,3942.965470255745,4343.233547669446,3199.3195189034072,5401.192125730131,3758.1767078527037,3400.3598699651675,3513.3527226195615,4062.8412891304156,3656.5157965182852,4320.962009891707,3201.3775486526347,2843.0932044426754,2248.486906768845,4442.0132537737,5218.430317880624,3479.6049092298176,3861.4036971224177,1909.2144877093572,3051.8505171514553,565.3652625962086,3556.512510544998,3836.419029460323,1947.361307170883,5027.847546025565,5625.140265294524,4874.614698653449,3243.9556980448046,3739.761682891943,2276.0967522330166,4686.396716395321,1502.8107373717385,3829.4072834077065,3166.4638714793355,5360.214581127005,6022.003342532744,3679.5620440409625,3234.919271713974,4813.056108502796,5118.845909121614,4340.674728543643,4164.705603143861,3743.279637734556,3288.418583232178,1434.382050251426,3623.42295363174,3204.079313607633,4133.646773144727,2306.4102584536636,2435.108018749009],
        [2148.2441971716535,1576.1948859208032,1519.2122998066118,2447.7159670589494,1385.338859004651,1543.0573711310951,3012.7067072221635,3323.710235455131,2554.6851557731943,1974.4161123226836,3619.8166026770455,1390.7356919601305,590.0103452669166,3589.773671057277,2522.1661152214124,1435.4617080894072,2372.543608189822,3243.614120226876,3732.0101499634047,0.0,2865.189266144304,2448.044433903756,1801.6298363486173,1046.4968491469992,1826.6163158631873,1495.4682215524851,1990.6666176818808,444.3158793838988,1947.5201385596126,1702.6268505566334,1533.373533891834,3228.8214100161463,1458.4418003637204,720.0053904914932,724.0068822349455,2452.446130908115,3828.2540005213814,2260.8263197550223,746.2198347834283,2616.744545507726,1138.434565377639,3158.0503548317515,2921.843777790106,1355.8439688566175,2908.5979698009073,2432.0034101035844,1143.7374473453601,2163.390007351152,3069.0037629068943,505.63635868338764,3200.5552075527344,2198.4200904941554,1494.4561129212348,3873.325890933,607.7482052882351,2866.2160350284985,1400.866894012885,3526.115822497237,2743.6312369144916,1936.495893119507,275.8768151928939,704.0127434311062,3216.625322217026,2398.447663511555,1521.7630168394726,2197.9087149795864,1494.3675508326207,801.9529485211209,3465.3543516555956,2299.7306778475686,3582.6362319479476,3308.6760603861235,2704.8828070755053,2006.562899975439,1846.148026601068,2605.6525610179333,2368.895325444005,2557.663971115078,1447.9144741130244,1413.018175588741,1799.0736687728754,964.2581667753396,2333.951754020138,1991.6125708840877,3741.6040593756766,2609.102478281497,2568.5232920427607,3759.3622176545887,3427.113915679451,1920.4994021597374,1996.2225642499131,1347.7123759414146,1137.2262466877794,941.415829464045,1691.3055497447924,3434.284131025421,2401.818382895483,2383.769400765304,4244.269559408638,1793.8416244442128,2148.2441971716535],
        [885.0543546841916,1880.2407052488488,3532.361721045719,1344.5261912317892,1481.1191526430416,4274.7288112077395,3582.5185656693156,1821.7501683122919,2237.005660254559,4243.425373830258,808.9481302562683,1535.486198951675,2603.702802215557,1145.2209143222476,347.1131207143304,4205.6723864815585,2423.055027223262,2337.425406718536,2903.3718546773844,2865.189266144304,0.0,2191.042159273977,1338.2881168147119,3778.2529003137693,2322.9810470640828,1388.9838221547175,2308.6682518224397,2512.9626251844884,3131.3238627852847,4479.712958790661,1401.8501572321438,2916.00910741959,2774.2062550439387,2369.9974242673657,2504.1994028038393,2332.525004685679,3023.165026741251,1229.0315762352134,3185.5368995305867,3416.1375445392855,2246.9076816414236,1531.4984688535237,1483.5970698416368,1603.5427661299068,2731.12737507012,850.2763182186243,2080.862090984945,1851.2906086050853,2486.6862618750565,2928.9922303299227,2620.135904001418,2054.598504665005,1891.319385098759,1512.5093259208327,2321.541513001304,2824.3487940305195,1797.05486460222,731.4201964439542,667.5503587041939,1700.9985113719486,2611.3172456517873,3552.2272176179827,413.6466962001093,467.3318364058868,1965.7466784578355,4813.438819272627,4085.43756459921,3294.697196593,1002.1018365246226,1256.5790788450668,719.0908360444649,2936.453510914027,728.5118709483277,1423.3287492907111,1859.3281102125582,2470.3312679643273,3490.054829134413,2299.9744586036436,3616.6970914459857,3919.323265236907,3019.755779450911,3457.8897852550363,1823.3310102613525,1426.7534426401746,876.4147955973364,2913.398240858032,4012.6461510734907,1023.3827799123453,591.6162495296154,2615.3054758751687,2996.279589862855,2431.0263282041083,3923.080898917389,3579.7507521808016,1255.5923478606207,1597.7441789245206,957.2793464473507,609.0028835300495,1557.1145362017692,1381.323738707025,885.0543546841916],
