{
    "drone_dist": [
        [0.0,49.808471815482,24.966172824726073,26.70622831762926,45.97521197532695,49.29755027102426,38.55048474640225,42.27696482339169,28.21194651924094,33.350709943866,44.5783169888232,50.56977743465937,48.05763860254947,8.440585070712563,37.69746510520079,28.62143814658608,1.5554561341210775,29.66797175920716,47.07973526435314,46.26277009345039,18.245554047838784,26.116379030436015,15.601829816603296,39.832111850294126,41.36122827150116,26.457396192388845,41.35313285100738,26.253257757207606,30.377268412808654,16.824284890817133,0.0],
        [49.808471815482,0.0,31.953039308719962,32.033266130037546,26.06485003268317,10.61442736849355,39.25450220803705,36.37905525839693,22.45089308317954,16.4587260956667,48.715431542245256,2.3676218552972887,24.165414207879255,43.85223971191681,41.04972000665412,26.973245197858738,48.61097297543739,30.99844722935296,5.423446816989459,15.060153729819532,40.35348727552355,28.79009376076217,51.27584007399576,27.73747693182094,13.476688116780334,27.2265910414941,16.10749907609056,29.570911878653266,20.37597251055152,36.29399257266411,49.808471815482],
        [24.966172824726073,31.953039308719962,0.0,2.027888430579186,21.037685434726406,27.438621949231415,16.60588674925382,18.705527760587003,19.50873031509151,18.35079403930905,25.668469234403325,31.718837613217566,23.257637298784214,16.66357735281776,16.84328478102742,26.439446434874096,23.41971936639969,4.85953160214156,27.49217004051858,23.202078232428534,28.910049340886257,25.299459590642396,20.051073434560458,14.870489302880264,30.161369139744053,23.919443072115143,18.598981822023408,26.300746953450506,20.532887175988204,8.20268161803279,24.966172824726073],
        [26.70622831762926,32.033266130037546,2.027888430579186,0.0,19.43670428155765,26.87369182759366,14.635738424700747,16.680214269240448,20.977745891510242,19.218788702943574,23.838821490401912,31.64955395076502,21.78275580064523,18.33637635107482,14.957124720995031,28.11465157850038,25.15414366832722,2.9648149276204765,27.371836713797943,22.401853798697285,30.925188321582993,27.065867542863902,20.808792389400477,13.159144705096155,31.082048312360556,25.63644420033152,17.977744308603427,28.084047182724678,21.86379113238432,10.060197095025938,26.70622831762926],
        [45.97521197532695,26.06485003268317,21.037685434726406,19.43670428155765,0.0,16.04006640028699,16.11858686682777,11.639458814413837,30.679514691268654,24.44393172678228,23.93073687943576,24.334650778940496,3.06145059995367,37.70119926932157,18.272062929043237,38.62328907631321,44.43475831472799,16.5565445421769,20.72880079171901,11.01765607476765,46.595301881341946,38.78606712911366,39.23225957611801,6.425896617797337,33.37216837800697,36.96420219579986,11.5063072522236,39.893106666037866,30.101866976004054,29.15442890301661,45.97521197532695],
        [49.29755027102426,10.61442736849355,27.438621949231415,26.87369182759366,16.04006640028699,0.0,30.714068806312554,27.125622507204277,25.32141787412339,18.070386494139967,39.5865063226782,8.557714915539107,13.802911240614245,42.13824864218615,32.69879370993235,31.944208740243937,47.91431709502244,25.023593668329497,6.078465353441936,5.3283300165301055,43.66785517570666,33.12109355368827,47.48772256303737,19.04675371901015,21.501545988196074,31.32003722825112,8.899750680134202,34.10472231715932,23.72844771352586,33.70564203042942,49.29755027102426],
        [38.55048474640225,39.25450220803705,16.60588674925382,14.635738424700747,16.11858686682777,30.714068806312554,0.0,5.217899066962184,34.659697157418556,31.0683370330352,9.99231872656339,38.049100435280764,19.171392383265804,30.250264223824697,2.1695383627095963,42.24991461162464,37.02890310563857,12.574938143330682,33.884582699614825,25.387274478719085,45.45418406772767,41.429282525944885,27.428895671828556,11.682637036804824,42.47605748453973,39.895791371917525,23.147951797885877,42.479480840906234,35.114292558057116,23.540360724244625,38.55048474640225],
        [42.27696482339169,36.37905525839693,18.705527760587003,16.680214269240448,11.639458814413837,27.125622507204277,5.217899066962184,0.0,34.86802963607054,30.315816386649573,12.460898281528655,34.94728269771252,14.607742191003457,33.86296693976907,7.3097001887746575,42.72874709589774,40.73205369031186,14.022588322343747,30.956353481294183,21.83697270831886,47.46360531426742,42.20725363161211,32.140252903957766,8.82190883029884,41.14247629103005,40.55457274827274,20.436050379846236,43.29314247056921,35.000929815943124,26.425981916304618,42.27696482339169],
        [28.21194651924094,22.45089308317954,19.50873031509151,20.977745891510242,30.679514691268654,25.32141787412339,34.659697157418556,34.86802963607054,0.0,7.277655140209871,44.43170457014703,23.699633507822366,31.079605522893868,23.814547324139674,35.470739816051626,7.996538784138276,27.2055967230207,22.22924116033914,21.112235712202292,24.673977505629335,18.414908045392952,8.21449711781442,33.60809508258603,27.262680544537073,13.353018070871197,6.361150565569467,20.557568424782026,9.302251032651439,2.172458732301447,18.673475741108366,28.21194651924094],
        [33.350709943866,16.4587260956667,18.35079403930905,19.218788702943574,24.44393172678228,18.070386494139967,31.0683370330352,30.315816386649573,7.277655140209871,0.0,41.0528564514341,17.298420749836282,24.466109656359308,27.57982567607919,32.25088315191757,14.579755234620903,32.15384037019661,19.501894892060832,14.209086674005048,17.496650861081573,25.60282339190902,15.325225939042944,35.881436788491115,22.00189690473554,11.865770245331486,13.479606708819587,13.649791160555864,16.372123875530555,5.952679441101247,20.59582633286077,33.350709943866],
        [44.5783169888232,48.715431542245256,25.668469234403325,23.838821490401912,23.93073687943576,39.5865063226782,9.99231872656339,12.460898281528655,44.43170457014703,41.0528564514341,0.0,47.35162470842157,26.776472551026213,36.777955160899815,8.96252837109117,51.86940593921302,43.14827113987902,22.207676751752732,43.30190709276033,34.29542561377034,53.91620192252693,50.89864778601492,31.085305035866007,20.984381966755073,52.4603727493648,49.439795268567515,32.65903194198614,51.921438882594884,44.983931501375814,31.49150448212065,44.5783169888232],
        [50.56977743465937,2.3676218552972887,31.718837613217566,31.64955395076502,24.334650778940496,8.557714915539107,38.049100435280764,34.94728269771252,23.699633507822366,17.298420749836282,47.35162470842157,0.0,22.287093943967825,44.33017852392978,39.905184840683674,28.688022046025328,49.328484087220204,30.411807955353105,4.319087060220679,13.324506100815743,41.837519012625755,30.398706841176015,51.32187853276051,26.43267530410393,15.612194094357921,28.776941650294177,14.966098779846376,31.223350851981927,21.691303533660758,36.5329810992206,50.56977743465937],
        [48.05763860254947,24.165414207879255,23.257637298784214,21.78275580064523,3.06145059995367,13.802911240614245,19.171392383265804,14.607742191003457,31.079605522893868,24.466109656359308,26.776472551026213,22.287093943967825,0.0,39.880453882109315,21.327693158634077,38.91211956815424,46.52942216812,18.987473815705705,18.968147947769268,9.199166218368372,47.66785809577139,39.271008213017915,41.92505007191601,9.153245728952037,32.50967791005231,37.42701434293259,10.949898607904201,40.369246989605,30.296129377044046,31.246192551140645,48.05763860254947],
        [8.440585070712563,43.85223971191681,16.66357735281776,18.33637635107482,37.70119926932157,42.13824864218615,30.250264223824697,33.86296693976907,23.814547324139674,27.57982567607919,36.777955160899815,44.33017852392978,39.880453882109315,0.0,29.503625541983272,26.504353290432128,6.8869170707911875,21.289125424003412,40.55749612296951,38.70635202355448,20.21782538901925,24.219218658636958,11.32204934468774,31.49010680237137,37.148544891398664,23.959523453981216,33.83099414622432,24.70342991698958,25.856951116045305,8.702598460188558,8.440585070712563],
        [37.69746510520079,41.04972000665412,16.84328478102742,14.957124720995031,18.272062929043237,32.69879370993235,2.1695383627095963,7.3097001887746575,35.470739816051626,32.25088315191757,8.96252837109117,39.905184840683674,21.327693158634077,29.503625541983272,0.0,42.917600162422545,36.195330427915884,13.245162366804806,35.70692169245285,27.378252680999932,45.45420386385382,41.97999837232744,25.968306756789108,13.652234400067686,43.80184044619836,40.5018340065471,24.96204515083679,43.01110283518287,36.04409003111368,23.256262936419304,37.69746510520079],
        [28.62143814658608,26.973245197858738,26.439446434874096,28.11465157850038,38.62328907631321,31.944208740243937,42.24991461162464,42.72874709589774,7.996538784138276,14.579755234620903,51.86940593921302,28.688022046025328,38.91211956815424,26.504353290432128,42.917600162422545,0.0,27.99019623908651,29.702531700674104,26.978463950289406,32.019111714746884,14.00419013791295,2.5253794730265677,37.38544087037201,35.24830307973576,14.70639656200843,2.6839761906291515,28.208194820860843,2.7889201798045975,8.642518078633726,23.703236963362222,28.62143814658608],
        [1.5554561341210775,48.61097297543739,23.41971936639969,25.15414366832722,44.43475831472799,47.91431709502244,37.02890310563857,40.73205369031186,27.2055967230207,32.15384037019661,43.14827113987902,49.328484087220204,46.52942216812,6.8869170707911875,36.195330427915884,27.99019623908651,0.0,28.11538282700876,45.791259900327596,44.81963060071851,18.267793023618673,25.50548773453059,14.594154581719229,38.28358653219362,40.43026782306248,25.747096255978636,39.91214345582691,25.70349021716422,29.36186013998062,15.288806809360624,1.5554561341210775],
        [29.66797175920716,30.99844722935296,4.85953160214156,2.9648149276204765,16.5565445421769,25.023593668329497,12.574938143330682,14.022588322343747,22.22924116033914,19.501894892060832,22.207676751752732,30.411807955353105,18.987473815705705,21.289125424003412,13.245162366804806,29.702531700674104,28.11538282700876,0.0,26.097136759639035,20.299809296818665,33.44469301363272,28.854367267181388,23.204636108117356,10.229019855982086,31.3087289137505,27.326185489069026,16.15339556937805,29.90545711853282,22.861261007694782,13.013296526323762,29.66797175920716],
        [47.07973526435314,5.423446816989459,27.49217004051858,27.371836713797943,20.72880079171901,6.078465353441936,33.884582699614825,30.956353481294183,21.112235712202292,14.209086674005048,43.30190709276033,4.319087060220679,18.968147947769268,40.55749612296951,35.70692169245285,26.978463950289406,45.791259900327596,26.097136759639035,0.0,9.783454802603048,39.498292085814185,28.420093488396894,47.20915311288853,22.331086650447745,15.53061579051995,26.692685549850534,10.744892412970051,29.333720055357233,19.26686458726725,32.57621403838093,47.07973526435314],
        [46.26277009345039,15.060153729819532,23.202078232428534,22.401853798697285,11.01765607476765,5.3283300165301055,25.387274478719085,21.83697270831886,24.673977505629335,17.496650861081573,34.29542561377034,13.324506100815743,9.199166218368372,38.70635202355448,27.378252680999932,32.019111714746884,44.81963060071851,20.299809296818665,9.783454802603048,0.0,42.53213047048303,32.81482886821468,43.188440324089775,13.726438049303354,23.761300663160625,30.964826041687772,4.911237236265063,33.86735013374409,23.440059781805672,30.086849605619605,46.26277009345039],
        [18.245554047838784,40.35348727552355,28.910049340886257,30.925188321582993,46.595301881341946,43.66785517570666,45.45418406772767,47.46360531426742,18.414908045392952,25.60282339190902,53.91620192252693,41.837519012625755,47.66785809577139,20.21782538901925,45.45420386385382,14.00419013791295,18.267793023618673,33.44469301363272,39.498292085814185,42.53213047048303,0.0,11.757427885923356,31.37481469156294,41.76355276578781,28.683143567598783,13.156769940555934,38.017502319422235,11.216132926244109,20.239848920782023,22.47920722475806,18.245554047838784],
        [26.116379030436015,28.79009376076217,25.299459590642396,27.065867542863902,38.78606712911366,33.12109355368827,41.429282525944885,42.20725363161211,8.21449711781442,15.325225939042944,50.89864778601492,30.398706841176015,39.271008213017915,24.219218658636958,41.97999837232744,2.5253794730265677,25.50548773453059,28.854367267181388,28.420093488396894,32.81482886821468,11.757427885923356,0.0,35.214144527784384,35.044810173447416,16.945947525194196,1.8554346307437524,28.768334604436212,1.1094411750934612,9.427176223206223,21.9216707261719,26.116379030436015],
        [15.601829816603296,51.27584007399576,20.051073434560458,20.808792389400477,39.23225957611801,47.48772256303737,27.428895671828556,32.140252903957766,33.60809508258603,35.881436788491115,31.085305035866007,51.32187853276051,41.92505007191601,11.32204934468774,25.968306756789108,37.38544087037201,14.594154581719229,23.204636108117356,47.20915311288853,43.188440324089775,31.37481469156294,35.214144527784384,0.0,32.81852610715313,46.619150397580846,34.76341865938756,38.646470246437794,35.7818540751751,35.462948395504014,15.30330173612145,15.601829816603296],
        [39.832111850294126,27.73747693182094,14.870489302880264,13.159144705096155,6.425896617797337,19.04675371901015,11.682637036804824,8.82190883029884,27.262680544537073,22.00189690473554,20.984381966755073,26.43267530410393,9.153245728952037,31.49010680237137,13.652234400067686,35.24830307973576,38.28358653219362,10.229019855982086,22.331086650447745,13.726438049303354,41.76355276578781,35.044810173447416,32.81852610715313,0.0,32.44780565086845,33.29350327688255,11.67997188559995,36.15122147732378,27.099514425299134,23.060716495713535,39.832111850294126],
        [41.36122827150116,13.476688116780334,30.161369139744053,31.082048312360556,33.37216837800697,21.501545988196074,42.47605748453973,41.14247629103005,13.353018070871197,11.865770245331486,52.4603727493648,15.612194094357921,32.50967791005231,37.148544891398664,43.80184044619836,14.70639656200843,40.43026782306248,31.3087289137505,15.53061579051995,23.761300663160625,28.683143567598783,16.945947525194196,46.619150397580846,32.44780565086845,0.0,15.772794636155586,21.86765824928365,17.481208280501075,11.293065935858436,31.402125063991353,41.36122827150116],
        [26.457396192388845,27.2265910414941,23.919443072115143,25.63644420033152,36.96420219579986,31.32003722825112,39.895791371917525,40.55457274827274,6.361150565569467,13.479606708819587,49.439795268567515,28.776941650294177,37.42701434293259,23.959523453981216,40.5018340065471,2.6839761906291515,25.747096255978636,27.326185489069026,26.692685549850534,30.964826041687772,13.156769940555934,1.8554346307437524,34.76341865938756,33.29350327688255,15.772794636155586,0.0,26.913162507162728,2.9427477940602618,7.6024655013329205,21.02008321329384,26.457396192388845],
        [41.35313285100738,16.10749907609056,18.598981822023408,17.977744308603427,11.5063072522236,8.899750680134202,23.147951797885877,20.436050379846236,20.557568424782026,13.649791160555864,32.65903194198614,14.966098779846376,10.949898607904201,33.83099414622432,24.96204515083679,28.208194820860843,39.91214345582691,16.15339556937805,10.744892412970051,4.911237236265063,38.017502319422235,28.768334604436212,38.646470246437794,11.67997188559995,21.86765824928365,26.913162507162728,0.0,29.848049872541214,19.565678560779517,25.239864226258184,41.35313285100738],
        [26.253257757207606,29.570911878653266,26.300746953450506,28.084047182724678,39.893106666037866,34.10472231715932,42.479480840906234,43.29314247056921,9.302251032651439,16.372123875530555,51.921438882594884,31.223350851981927,40.369246989605,24.70342991698958,43.01110283518287,2.7889201798045975,25.70349021716422,29.90545711853282,29.333720055357233,33.86735013374409,11.216132926244109,1.1094411750934612,35.7818540751751,36.15122147732378,17.481208280501075,2.9427477940602618,29.848049872541214,0.0,10.451570256588695,22.72879240187438,26.253257757207606],
        [30.377268412808654,20.37597251055152,20.532887175988204,21.86379113238432,30.101866976004054,23.72844771352586,35.114292558057116,35.000929815943124,2.172458732301447,5.952679441101247,44.983931501375814,21.691303533660758,30.296129377044046,25.856951116045305,36.04409003111368,8.642518078633726,29.36186013998062,22.861261007694782,19.26686458726725,23.440059781805672,20.239848920782023,9.427176223206223,35.462948395504014,27.099514425299134,11.293065935858436,7.6024655013329205,19.565678560779517,10.451570256588695,0.0,20.386332082667874,30.377268412808654],
        [16.824284890817133,36.29399257266411,8.20268161803279,10.060197095025938,29.15442890301661,33.70564203042942,23.540360724244625,26.425981916304618,18.673475741108366,20.59582633286077,31.49150448212065,36.5329810992206,31.246192551140645,8.702598460188558,23.256262936419304,23.703236963362222,15.288806809360624,13.013296526323762,32.57621403838093,30.086849605619605,22.47920722475806,21.9216707261719,15.30330173612145,23.060716495713535,31.402125063991353,21.02008321329384,25.239864226258184,22.72879240187438,20.386332082667874,0.0,16.824284890817133],
        [0.0,49.808471815482,24.966172824726073,26.70622831762926,45.97521197532695,49.29755027102426,38.55048474640225,42.27696482339169,28.21194651924094,33.350709943866,44.5783169888232,50.56977743465937,48.05763860254947,8.440585070712563,37.69746510520079,28.62143814658608,1.5554561341210775,29.66797175920716,47.07973526435314,46.26277009345039,18.245554047838784,26.116379030436015,15.601829816603296,39.832111850294126,41.36122827150116,26.457396192388845,41.35313285100738,26.253257757207606,30.377268412808654,16.824284890817133,0.0]
    ],
    "end_depot": 30,
    "start_depot": 0,
    "truck_dist": [
        [0.0,70.40950961216745,30.127125567575845,31.406531828163978,56.5481483794232,68.52720415332146,41.23278780898703,43.041471635141946,39.15566026778153,47.15033015747935,54.6911150869185,71.50805255228596,60.6430627736113,9.159598807046281,42.08965732590995,35.9931153419117,1.7474515967200883,34.77743967308478,66.42921819743772,62.93548074072065,20.045591736346715,32.64303207471693,21.973914341624656,47.72021614309301,56.509474662726625,34.203465561177964,56.30201943661795,32.05495276458687,42.20973854348675,20.881421558318287,0.0],
        [70.40950961216745,0.0,40.282384044591595,39.00297778400346,34.155753237601175,14.89258415727937,43.29886751737899,43.564455927683575,31.253849344385916,23.259179454688088,56.75719479531046,3.162984335730818,32.74982448542896,61.24991080512116,44.15573703430191,34.41639427025574,68.66205801544736,35.63206993908266,6.55628179742566,19.943804881726408,54.16221023765844,37.766477537450506,68.4141961632463,31.99892521571332,13.900034949440814,36.206044050989476,17.88523899530814,38.35455684758057,28.19977106868069,49.52808805384916,70.40950961216745],
        [30.127125567575845,40.282384044591595,0.0,2.566667604915313,26.421022811847358,38.400078585745625,22.82149029730418,23.087078707608768,26.070417683288518,19.58861376505671,36.279817575235654,41.380926984710115,30.515937206035453,20.967526760529562,23.6783598142271,36.92802214487719,28.379673970855755,5.060106076410815,36.302092629861875,32.808355173144804,38.456889248029555,35.69027214248191,28.1318121186547,17.593090575517163,33.51698126307628,33.580693352235514,26.1748938690421,37.144879363343435,26.40472259346936,9.245704009257558,30.127125567575845],
        [31.406531828163978,39.00297778400346,2.566667604915313,0.0,25.141616551259222,37.120672325157486,20.254822692388867,20.520411102693455,28.63708528820383,22.155281369972023,33.713149970320345,40.101520724121976,29.236530945447317,22.246933021117698,21.111692209311787,39.49468974979251,29.65908023144389,3.3709078449208008,35.02268636927374,31.528948912556668,41.02355685294487,38.256939747397226,29.411218379242836,16.313684314929027,36.0836488679916,36.14736095715082,24.895487608453966,39.711546968258745,28.971390198384672,10.525110269845694,31.406531828163978],
        [56.5481483794232,34.155753237601175,26.421022811847358,25.141616551259222,0.0,19.263169080321802,20.88111937693639,13.506676744281258,39.748793700814886,33.26698978258308,25.18998163355871,30.992768901870352,4.094914394188095,47.388549572376924,23.82723004110119,50.60639816240356,54.80069678270311,21.77070870633842,27.599471440175513,14.211948355874762,52.13526526555593,49.36864816000828,54.55283493050206,8.827932236330195,47.19535728060265,47.25906936976188,16.270514242293032,50.8232553808698,40.08309861099573,35.666726821104916,56.5481483794232],
        [68.52720415332146,14.89258415727937,38.400078585745625,37.120672325157486,19.263169080321802,0.0,32.86017515083466,28.671871770404202,29.371543885539943,21.37687399584211,41.86461063803109,11.729599821548552,17.857240328149587,59.36760534627519,35.806285814999455,32.53408881140977,66.77975255660138,33.74976448023669,8.33630235985371,5.591723412600819,52.279904778812465,35.884172078604536,66.53189070440033,20.806988010228462,27.932188200280848,34.3237385921435,12.225184716703524,36.4722513887346,26.31746560983472,47.64578259500318,68.52720415332146],
        [41.23278780898703,43.29886751737899,22.82149029730418,20.254822692388867,20.88111937693639,32.86017515083466,0.0,7.374442632655132,48.8919079805927,42.41010406236089,13.458327277931474,40.13588318164817,24.976033771124484,33.57846207997419,2.9461106641647987,59.74951244218137,39.89663643752113,17.761384220893365,36.742585719953325,27.268451738233836,61.27837954533374,58.51176243978609,33.67171555356567,12.053187140606195,56.338471560380455,56.402183649539694,25.413628522070844,59.966369660647615,49.22621289077354,29.827554015742997,41.23278780898703],
        [43.041471635141946,43.564455927683575,23.087078707608768,20.520411102693455,13.506676744281258,28.671871770404202,7.374442632655132,0.0,49.157496390897286,42.675692472665474,13.192738867626886,40.401471591952756,17.601591138469352,33.881872828095666,10.32055329681993,60.01510085248596,41.294020038421856,18.026972631197953,37.00817413025791,23.62065104595716,61.54396795563833,58.77735085009068,41.0461581862208,11.56553071197025,56.60405997068504,56.66777205984428,25.679216932375432,60.2319580709522,49.49180130107813,30.093142426047585,43.041471635141946],
        [39.15566026778153,31.253849344385916,26.070417683288518,28.63708528820383,39.748793700814886,29.371543885539943,48.8919079805927,49.157496390897286,0.0,7.99466988969783,62.35023525852418,32.35239228450443,38.34286494864267,29.996061460735245,49.74877749751562,10.857604461588677,37.40820867106144,31.130523759699333,27.273557929656192,25.536845344940126,22.90836089327252,9.619854459193395,37.16034681886039,37.59196567892704,17.353814394945104,7.510275668946992,23.478279458521854,11.074461680054915,3.0540782757052245,19.0643539648497,39.15566026778153],
        [47.15033015747935,23.259179454688088,19.58861376505671,22.155281369972023,33.26698978258308,21.37687399584211,42.41010406236089,42.675692472665474,7.99466988969783,0.0,55.86843134029236,24.3577223948066,31.861061030410866,37.99073135043307,43.266973579283814,17.339408379820483,45.40287856075926,24.648719841467525,19.27888803995836,19.055041426708318,30.903030782970347,16.101658377425203,45.15501670855821,31.110161760695227,13.928367498019568,13.992079587178798,16.99647554029005,17.55626559828672,6.8161088284126485,26.26890859916107,47.15033015747935],
        [54.6911150869185,56.75719479531046,36.279817575235654,33.713149970320345,25.18998163355871,41.86461063803109,13.458327277931474,13.192738867626886,62.35023525852418,55.86843134029236,0.0,53.59421045957964,29.284896027746804,47.036789357905654,12.601457761008554,73.20783972011284,53.354963715452605,31.21971149882484,50.2009129978848,36.81338991358405,74.73670682326522,71.97008971771757,32.717200745293844,24.758269579597137,69.79679883831193,69.86051092747115,38.87195580000232,73.42469693857907,62.68454016870501,43.28588129367447,54.6911150869185],
        [71.50805255228596,3.162984335730818,41.380926984710115,40.101520724121976,30.992768901870352,11.729599821548552,40.13588318164817,40.401471591952756,32.35239228450443,24.3577223948066,53.59421045957964,0.0,29.586840149698137,62.34845374523968,40.99275269857109,35.514937210374256,69.76060095556588,36.730612879201175,5.07883435484824,16.780820545995592,55.26075317777695,38.86502047756902,69.51273910336482,28.835940879982502,16.202588378732294,37.30458699110799,15.206033115668012,39.45309978769908,29.298314008799206,50.626630993967666,71.50805255228596],
        [60.6430627736113,32.74982448542896,30.515937206035453,29.236530945447317,4.094914394188095,17.857240328149587,24.976033771124484,17.601591138469352,38.34286494864267,31.861061030410866,29.284896027746804,29.586840149698137,0.0,51.48346396656501,27.922144435289283,49.20046941023135,58.89561117689121,25.865623100526516,26.193542688003298,12.806019603702547,50.729336513383714,47.96271940783606,58.64774932469015,12.92284663051829,45.789428528430435,45.85314061758966,14.864585490120817,49.41732662869758,38.67716985882351,39.76164121529301,60.6430627736113],
        [9.159598807046281,61.24991080512116,20.967526760529562,22.246933021117698,47.388549572376924,59.36760534627519,33.57846207997419,33.881872828095666,29.996061460735245,37.99073135043307,47.036789357905654,62.34845374523968,51.48346396656501,0.0,34.4353315968971,26.833516534865417,7.412147210326193,25.6178408660385,57.26961939039144,53.77588193367437,27.699917465359555,24.93330035981191,14.319588612611813,38.560617336046725,47.349875855680345,25.043866754131685,47.14242062957166,26.387907580673428,33.05013973644047,11.721822751272004,9.159598807046281],
        [42.08965732590995,44.15573703430191,23.6783598142271,21.111692209311787,23.82723004110119,35.806285814999455,2.9461106641647987,10.32055329681993,49.74877749751562,43.266973579283814,12.601457761008554,40.99275269857109,27.922144435289283,34.4353315968971,0.0,60.6063819591043,40.75350595444405,18.618253737816286,37.599455236876246,30.214562402398634,62.13524906225666,59.36863195670901,30.72560488940087,14.999297804770993,57.19534107730338,57.25905316646261,26.270498038993765,60.82323917757053,50.08308240769646,30.684423532665917,42.08965732590995],
        [35.9931153419117,34.41639427025574,36.92802214487719,39.49468974979251,50.60639816240356,32.53408881140977,59.74951244218137,60.01510085248596,10.857604461588677,17.339408379820483,73.20783972011284,35.514937210374256,49.20046941023135,26.833516534865417,60.6063819591043,0.0,34.24566374519161,41.98812822128801,30.436102855526016,36.3944498065288,19.74581596740269,3.3500832671947673,40.49063897481901,48.44957014051572,20.516359320814928,3.347328792641685,34.33588392011053,3.9381625773248246,10.523299551407835,29.921958426438376,35.9931153419117],
        [1.7474515967200883,68.66205801544736,28.379673970855755,29.65908023144389,54.80069678270311,66.77975255660138,39.89663643752113,41.294020038421856,37.40820867106144,45.40287856075926,53.354963715452605,69.76060095556588,58.89561117689121,7.412147210326193,40.75350595444405,34.24566374519161,0.0,33.02998807636469,64.68176660071762,61.18802914400056,21.381743107812607,30.895580477996845,20.63776297015876,45.972764546372915,54.762023066006535,32.45601396445788,54.55456783989786,30.307501167866786,40.46228694676666,19.133969961598197,1.7474515967200883],
        [34.77743967308478,35.63206993908266,5.060106076410815,3.3709078449208008,21.77070870633842,33.74976448023669,17.761384220893365,18.026972631197953,31.130523759699333,24.648719841467525,31.21971149882484,36.730612879201175,25.865623100526516,25.6178408660385,18.618253737816286,41.98812822128801,33.02998807636469,0.0,31.651778524352938,28.158041067635867,43.51699532444037,40.75037821889273,32.78212622416363,12.942776470008226,38.57708733948709,38.640799428646325,21.524579763533165,42.204985439754246,31.464828669880173,13.896018114766495,34.77743967308478],
        [66.42921819743772,6.55628179742566,36.302092629861875,35.02268636927374,27.599471440175513,8.33630235985371,36.742585719953325,37.00817413025791,27.273557929656192,19.27888803995836,50.2009129978848,5.07883435484824,26.193542688003298,57.26961939039144,37.599455236876246,30.436102855526016,64.68176660071762,31.651778524352938,0.0,13.38752308430075,50.181918822928715,33.78618612272078,64.43390474851657,25.44264341828766,19.595885840427137,32.22575263625975,11.32895719788248,34.37426543285084,24.219479653950966,45.54779663911943,66.42921819743772],
        [62.93548074072065,19.943804881726408,32.808355173144804,31.528948912556668,14.211948355874762,5.591723412600819,27.268451738233836,23.62065104595716,25.536845344940126,19.055041426708318,36.81338991358405,16.780820545995592,12.806019603702547,53.77588193367437,30.214562402398634,36.3944498065288,61.18802914400056,28.158041067635867,13.38752308430075,0.0,46.688181366211644,35.15669980413352,60.940167291799504,15.215264597627643,32.98340892472788,33.047121013887114,6.633461304102704,36.611307024995035,25.871150255120966,42.05405918240236,62.93548074072065],
        [20.045591736346715,54.16221023765844,38.456889248029555,41.02355685294487,52.13526526555593,52.279904778812465,61.27837954533374,61.54396795563833,22.90836089327252,30.903030782970347,74.73670682326522,55.26075317777695,50.729336513383714,27.699917465359555,62.13524906225666,19.74581596740269,21.381743107812607,43.51699532444037,50.181918822928715,46.688181366211644,0.0,16.395732700207926,42.01950607797137,49.97843724366808,40.26217528821762,17.95616618666896,40.05472006210894,15.807653390077869,25.962439168977745,31.45082552959074,20.045591736346715],
        [32.64303207471693,37.766477537450506,35.69027214248191,38.256939747397226,49.36864816000828,35.884172078604536,58.51176243978609,58.77735085009068,9.619854459193395,16.101658377425203,71.97008971771757,38.86502047756902,47.96271940783606,24.93330035981191,59.36863195670901,3.3500832671947673,30.895580477996845,40.75037821889273,33.78618612272078,35.15669980413352,16.395732700207926,0.0,39.25288897242372,47.21182013812043,23.866442588009697,2.1095787902464025,33.098133917715245,1.4546072208615204,9.566706468769818,28.684208424043092,32.64303207471693],
        [21.973914341624656,68.4141961632463,28.1318121186547,29.411218379242836,54.55283493050206,66.53189070440033,33.67171555356567,41.0461581862208,37.16034681886039,45.15501670855821,32.717200745293844,69.51273910336482,58.64774932469015,14.319588612611813,30.72560488940087,40.49063897481901,20.63776297015876,32.78212622416363,64.43390474851657,60.940167291799504,42.01950607797137,39.25288897242372,0.0,45.72490269417186,54.51416121380548,37.143310182177316,54.3067059876968,40.70749619328524,40.214425094565605,18.886108109397142,21.973914341624656],
        [47.72021614309301,31.99892521571332,17.593090575517163,16.313684314929027,8.827932236330195,20.806988010228462,12.053187140606195,11.56553071197025,37.59196567892704,31.110161760695227,24.758269579597137,28.835940879982502,12.92284663051829,38.560617336046725,14.999297804770993,48.44957014051572,45.972764546372915,12.942776470008226,25.44264341828766,15.215264597627643,49.97843724366808,47.21182013812043,45.72490269417186,0.0,45.0385292587148,45.10224134787403,14.113686220405182,48.666427358981956,37.92627058910788,26.83879458477472,47.72021614309301],
        [56.509474662726625,13.900034949440814,33.51698126307628,36.0836488679916,47.19535728060265,27.932188200280848,56.338471560380455,56.60405997068504,17.353814394945104,13.928367498019568,69.79679883831193,16.202588378732294,45.789428528430435,47.349875855680345,57.19534107730338,20.516359320814928,54.762023066006535,38.57708733948709,19.595885840427137,32.98340892472788,40.26217528821762,23.866442588009697,54.51416121380548,45.0385292587148,0.0,22.306009101548664,30.924843038309618,24.454521898139753,14.299736119239878,35.628053104408345,56.509474662726625],
        [34.203465561177964,36.206044050989476,33.580693352235514,36.14736095715082,47.25906936976188,34.3237385921435,56.402183649539694,56.66777205984428,7.510275668946992,13.992079587178798,69.86051092747115,37.30458699110799,45.85314061758966,25.043866754131685,57.25905316646261,3.347328792641685,32.45601396445788,38.640799428646325,32.22575263625975,33.047121013887114,17.95616618666896,2.1095787902464025,37.143310182177316,45.10224134787403,22.306009101548664,0.0,30.988555127468846,3.564186011107923,8.006272982308785,26.574629633796693,34.203465561177964],
        [56.30201943661795,17.88523899530814,26.1748938690421,24.895487608453966,16.270514242293032,12.225184716703524,25.413628522070844,25.679216932375432,23.478279458521854,16.99647554029005,38.87195580000232,15.206033115668012,14.864585490120817,47.14242062957166,26.270498038993765,34.33588392011053,54.55456783989786,21.524579763533165,11.32895719788248,6.633461304102704,40.05472006210894,33.098133917715245,54.3067059876968,14.113686220405182,30.924843038309618,30.988555127468846,0.0,34.55274113857677,23.812584368702694,35.42059787829966,56.30201943661795],
        [32.05495276458687,38.35455684758057,37.144879363343435,39.711546968258745,50.8232553808698,36.4722513887346,59.966369660647615,60.2319580709522,11.074461680054915,17.55626559828672,73.42469693857907,39.45309978769908,49.41732662869758,26.387907580673428,60.82323917757053,3.9381625773248246,30.307501167866786,42.204985439754246,34.37426543285084,36.611307024995035,15.807653390077869,1.4546072208615204,40.70749619328524,48.666427358981956,24.454521898139753,3.564186011107923,34.55274113857677,0.0,10.740156769874073,30.138815644904614,32.05495276458687],
        [42.20973854348675,28.19977106868069,26.40472259346936,28.971390198384672,40.08309861099573,26.31746560983472,49.22621289077354,49.49180130107813,3.0540782757052245,6.8161088284126485,62.68454016870501,29.298314008799206,38.67716985882351,33.05013973644047,50.08308240769646,10.523299551407835,40.46228694676666,31.464828669880173,24.219479653950966,25.871150255120966,25.962439168977745,9.566706468769818,40.214425094565605,37.92627058910788,14.299736119239878,8.006272982308785,23.812584368702694,10.740156769874073,0.0,21.328316985168463,42.20973854348675],
        [20.881421558318287,49.52808805384916,9.245704009257558,10.525110269845694,35.666726821104916,47.64578259500318,29.827554015742997,30.093142426047585,19.0643539648497,26.26890859916107,43.28588129367447,50.626630993967666,39.76164121529301,11.721822751272004,30.684423532665917,29.921958426438376,19.133969961598197,13.896018114766495,45.54779663911943,42.05405918240236,31.45082552959074,28.684208424043092,18.886108109397142,26.83879458477472,35.628053104408345,26.574629633796693,35.42059787829966,30.138815644904614,21.328316985168463,0.0,20.881421558318287],
        [0.0,70.40950961216745,30.127125567575845,31.406531828163978,56.5481483794232,68.52720415332146,41.23278780898703,43.041471635141946,39.15566026778153,47.15033015747935,54.6911150869185,71.50805255228596,60.6430627736113,9.159598807046281,42.08965732590995,35.9931153419117,1.7474515967200883,34.77743967308478,66.42921819743772,62.93548074072065,20.045591736346715,32.64303207471693,21.973914341624656,47.72021614309301,56.509474662726625,34.203465561177964,56.30201943661795,32.05495276458687,42.20973854348675,20.881421558318287,0.0]
    ],
    "vertex_count": 31
}