{
    "drone_dist": [
        [0.0,5.80461224665571,19.849566410424714,19.514480483748425,32.18770410754305,13.778560899769941,17.93960512945109,28.347602509794704,5.087545279046665,31.070187889172193,32.83048047715934,20.496679104125075,23.612518045189468,17.66583711462479,3.984331528656785,24.162865526987602,14.879796995608261,11.648642955405105,25.870559963559142,17.32801705721673,14.62713518194165,26.280483056710302,22.12981310879576,31.78708808924376,16.566949249972776,12.236058758923344,25.104686177089153,20.731552013448955,8.58876945156298,29.99160516191303,9.277021772994345,19.946521128544468,9.753795540588834,26.11535111931578,15.378821968078725,7.466019895187667,29.635400681727276,23.20917487876689,16.4274322700101,7.728408701704874,0.0],
        [5.80461224665571,0.0,18.048407618266477,13.918546411352905,37.98868351469383,17.25399139293671,14.119009505042259,29.966818928361434,1.9993556184029098,36.33847499005492,34.46916847237481,14.697474503982997,28.419869006022136,12.079177473817184,2.7749958269037838,25.337945354616302,10.603028971733398,12.37277001279383,20.502905106545438,21.038939057775757,8.849791810695649,31.321578083772025,27.760964043601017,32.87178851547257,11.324985224876533,17.936198025344392,25.70191247798716,16.631158659313925,11.025609532993878,35.56607801494961,13.631487455847225,24.232974313758852,4.605947812710639,29.76561761955699,18.85963723187455,7.1515495880236895,33.365253615513545,17.597971420358615,13.852937427280064,13.518027727036216,5.80461224665571],
        [19.849566410424714,18.048407618266477,0.0,16.883243048214236,45.155596553484635,16.16809118627692,7.550871266504077,17.250213770719736,16.56854997271476,36.65757895799885,21.041092827937355,21.932087697109612,42.366095632821754,16.208786426047027,16.918535396543064,43.26486301156074,26.42329413413648,30.277561499239884,17.999030356894217,18.42740025055083,19.773151717192626,31.10102281271952,38.36454408879904,18.259257994245306,24.593976542556998,29.197694102847358,11.20080899292438,8.717267250971304,13.653042461986587,38.358385028940255,17.865144491444642,22.39872995591858,20.841143402605912,23.757179879673657,16.708331564541755,25.105335557339185,26.854203988865535,26.820191589813234,31.130224253563966,24.79912285027925,19.849566410424714],
        [19.514480483748425,13.918546411352905,16.883243048214236,0.0,51.48847545065101,26.586072105401822,9.334023573389086,33.758267723507714,14.475572616840848,47.7070295143455,37.79172474350362,5.328865512433112,42.12218895737155,1.8486434559011105,15.642851057690171,35.43216061033828,14.427495642127683,23.754489857925478,6.896736566436949,30.159336605935426,7.04470150300085,42.28684848279866,41.63183379916854,35.12669592641268,10.82202102518211,31.75046430345078,27.9366596890986,9.16507516598002,20.64951521458911,47.82904501483761,24.883987631214254,34.05216923163406,12.243979338554743,37.83788902526426,27.915492012153624,19.2277139818659,41.33149951219415,10.203686585499394,20.034726611735096,27.1954377290957,19.514480483748425],
        [32.18770410754305,37.98868351469383,45.155596553484635,51.48847545065101,0.0,29.072029424477424,47.46185648893692,39.6490619281879,37.06966003449778,15.974342449962181,42.06020777754374,52.64917810089394,18.93181827700327,49.65297935333478,35.8902066411914,37.74561420304338,45.025500502340726,35.120446400818636,57.38438949507643,27.751700352302553,46.7497494489359,18.426726699582396,11.869028403033962,43.849659260997655,47.88395746163062,20.311560676489535,41.796669148016804,50.336526865724416,32.44534064307611,10.943983501609582,27.824234861173448,24.653693811501142,41.47270312225656,28.773888427702268,28.84928327617391,35.880216890056,29.29841246098429,54.93094252744891,43.49282869512673,24.47562295572898,32.18770410754305],
        [13.778560899769941,17.25399139293671,16.16809118627692,26.586072105401822,29.072029424477424,0.0,19.843560803432236,15.6950595698177,15.325362961485688,21.38362814260124,19.953519314485494,29.83178175246699,29.376754571432375,25.00404327016647,14.506684715586957,36.53064718804078,27.80441769587467,25.01648704846428,30.924706302442996,3.804686964711984,24.840107550287705,15.84883186253922,23.542926909327328,19.69317588471671,28.378485525353682,15.989186895652583,14.520584364337171,22.502920632309642,6.363477785607706,22.405397249767987,4.931084703295505,7.473444309233056,21.851818204315727,12.52580231768434,1.6198003489172241,21.243128548875134,16.117191980437774,33.82027472062622,30.12901668132812,13.008070461546586,13.778560899769941],
        [17.93960512945109,14.119009505042259,7.550871266504077,9.334023573389086,47.46185648893692,19.843560803432236,0.0,24.593828895522446,13.343331889594596,41.20102233433928,28.527175051213266,14.443503991336867,41.532381098758385,8.758394053976279,14.158726940070226,39.16301402511239,20.28974635712713,26.348142021078164,11.326604707165233,22.975373855704113,13.01867426407893,35.63987050466001,39.08038333407664,25.804845450448447,17.84410695619321,29.298929079170197,18.66706434744752,2.9030696784862364,15.048851463686576,42.12061779162768,19.674442910058247,27.0186655420841,15.47836334761407,29.759624809326183,20.880247567459893,21.16160549201538,33.10777891964332,19.350533846382667,25.476371936305714,24.616619390958128,17.93960512945109],
        [28.347602509794704,29.966818928361434,17.250213770719736,33.758267723507714,39.6490619281879,15.6950595698177,24.593828895522446,0.0,27.993648836095122,26.338751709432632,4.511826659386188,38.467350707384604,44.42354777017054,32.78963553405139,27.619168040942697,52.02529323296832,40.261480746141494,39.97892399433795,35.208565403092955,13.906950007563637,35.092742213179434,21.711081015252795,37.489563385497696,4.312454358926136,39.58067900869577,31.376432745398436,6.1703512877793045,25.96084354574312,19.770581509463167,29.948208689056553,20.53902336453653,15.439067888202677,34.12894601373464,11.321196798747112,14.516811886560108,35.595744625384114,12.697979894425941,43.209395750573634,43.773984216543795,28.70057994677586,28.347602509794704],
        [5.087545279046665,1.9993556184029098,16.56854997271476,14.475572616840848,37.06966003449778,15.325362961485688,13.343331889594596,27.993648836095122,0.0,34.75369048445366,32.498851373665296,15.88869685633455,28.492704346685436,12.62880245470005,1.1814008510900986,26.69792344216854,12.589366469464661,13.709141636606176,20.78301474743351,19.12026146515567,10.196553957994993,29.653826482504932,27.20721419867966,30.942890323457142,13.120098217860336,17.300017612047768,23.81060051911614,16.01764583881789,9.056033943791316,34.17114877052858,11.88309709037282,22.390041058045238,6.535074241813305,27.820120455259303,16.923841899490082,8.549985632410035,31.42323314132334,19.12335186853376,15.795753432955122,12.720198018498541,5.087545279046665],
        [31.070187889172193,36.33847499005492,36.65757895799885,47.7070295143455,15.974342449962181,21.38362814260124,41.20102233433928,26.338751709432632,34.75369048445366,0.0,27.768600541651423,50.40683559422262,29.983383187322254,46.03442564815802,33.662836406506926,45.94707088286082,45.86765502207372,38.79215981646572,52.3048739657785,18.33245351868404,44.92268377307681,5.578570080733898,21.10001158446473,30.167764216901457,47.57238316674364,23.11410582517357,30.063355966653027,43.7989662686994,27.05780320637666,5.0734780181849075,23.015886366390596,14.293500974037949,40.73534536043272,15.029999885857723,20.33313190317195,37.31743517382455,14.346943363373608,53.87691468646856,46.29561047431059,24.894753910100658,31.070187889172193],
        [32.83048047715934,34.46916847237481,21.041092827937355,37.79172474350362,42.06020777754374,19.953519314485494,28.527175051213266,4.511826659386188,32.498851373665296,27.768600541651423,0.0,42.619202151979195,48.18066402253508,36.91070868295552,32.130359589297335,56.410417395902755,44.73208890303715,44.45056930457845,38.79565592530564,17.795438443784985,39.43445068984276,23.72859467559487,40.90515720909771,3.4984878476866816,43.972810946040774,35.3586521439342,9.860410750763398,29.662569796782638,24.262915901803897,31.855746180416176,24.850483275426576,18.681294110445283,38.606494823331204,13.286321760768352,18.675121309294912,40.09894767199272,13.4694725919059,47.40872183425437,48.28278536221383,32.913060404599285,32.83048047715934],
        [20.496679104125075,14.697474503982997,21.932087697109612,5.328865512433112,52.64917810089394,29.83178175246699,14.443503991336867,38.467350707384604,15.88869685633455,50.40683559422262,42.619202151979195,0.0,41.46970491282764,5.730735607903915,17.05242212014386,32.46939976849941,11.201946084118847,21.930967580578912,10.259515164862878,33.55193563255276,5.90787184296559,45.142324029492265,42.110750662121696,40.08131378266147,7.139555878356494,32.45990347369657,32.80458148006351,14.490436578376613,23.587823109317654,50.03926196714771,27.390952259975602,37.27534445984932,11.443694172842102,41.65802893991229,31.280970165683726,18.185296178499552,45.21806269234206,4.912980091317242,16.61442802509463,28.176465750615,20.496679104125075],
        [23.612518045189468,28.419869006022136,42.366095632821754,42.12218895737155,18.93181827700327,29.376754571432375,41.532381098758385,44.42354777017054,28.492704346685436,29.983383187322254,48.18066402253508,41.46970491282764,0.0,40.32799705093607,27.513361295865682,19.111259955498223,31.53013499665808,20.260508528892768,48.870464522202425,30.51686656579526,35.825499293723524,28.9036001855169,8.88343100747402,48.65773805776626,35.214720716139695,13.49271623583973,43.88642968421481,44.34163967440706,28.851506335592667,25.597695875776765,25.372319304468764,29.720062965919357,30.17302660109037,36.3146246074968,30.178537018432905,23.284730236762023,38.54542639976714,42.30939043210273,28.285817318103668,17.582129975285053,23.612518045189468],
        [17.66583711462479,12.079177473817184,16.208786426047027,1.8486434559011105,49.65297935333478,25.00404327016647,8.758394053976279,32.78963553405139,12.62880245470005,46.03442564815802,36.91070868295552,5.730735607903915,40.32799705093607,0.0,13.797280440789585,34.04605767566079,13.294312963201431,22.15862849865362,8.591114415818442,28.62206824596035,5.70369588059911,40.639518288128876,39.78383212137738,34.35246112120047,9.967660123040258,29.90182285146048,27.084969748924063,9.171082629445243,18.982835566205328,46.081198512671385,23.152922199578157,32.47699421330074,10.585957680701995,36.44247943112209,26.366940111388026,17.529887760567977,39.96290276603332,10.611893426556993,18.87474676440176,25.348182177779407,17.66583711462479],
        [3.984331528656785,2.7749958269037838,16.918535396543064,15.642851057690171,35.8902066411914,14.506684715586957,14.158726940070226,27.619168040942697,1.1814008510900986,33.662836406506926,32.130359589297335,17.05242212014386,27.513361295865682,13.797280440789585,0.0,26.390553843917196,13.306068652627944,13.43911775810011,21.906907728259636,18.282989538637658,11.329350119346918,28.59891477548682,26.068829049986988,30.68854554371111,14.08581482150841,16.155160562093823,23.64328756744616,16.89101603618005,8.342875185388962,33.02512533484177,10.870281186111825,21.457980999118604,7.377538540213784,27.02768764019596,16.117084951172544,8.397322108714544,30.623230710856255,20.220162437209577,16.170329868168835,11.557745744647107,3.984331528656785],
        [24.162865526987602,25.337945354616302,43.26486301156074,35.43216061033828,37.74561420304338,36.53064718804078,39.16301402511239,52.02529323296832,26.69792344216854,45.94707088286082,56.410417395902755,32.46939976849941,19.111259955498223,34.04605767566079,26.390553843917196,0.0,21.289563452061373,12.990763297169956,42.15823700914347,39.326852969936375,28.39508825583814,43.18747801280494,26.35085993029504,55.71197783942309,25.329907265029917,23.424993259452688,49.232126916031426,41.356462211814126,32.58538741197119,42.43889003644193,31.601272854837763,40.44780590290466,23.91626271443005,47.37291840254993,37.93787066393003,18.194549474712858,50.458086108122906,31.129069989306608,15.909448349179005,23.995787989397986,24.162865526987602],
        [14.879796995608261,10.603028971733398,26.42329413413648,14.427495642127683,45.025500502340726,27.80441769587467,20.28974635712713,40.261480746141494,12.589366469464661,45.86765502207372,44.73208890303715,11.201946084118847,31.53013499665808,13.294312963201431,13.306068652627944,21.289563452061373,0.0,11.33973375401545,20.957831745267626,31.565935787969025,7.640137959287951,41.15660046060512,33.67163830014699,42.89123812708713,4.08420736732543,24.839987061953554,35.57672469570572,21.786139634247263,21.625871933317445,44.45262776139516,23.880135623622717,34.59211621513445,6.147091140428511,40.32933198617971,29.417996990013815,9.149258365728807,43.921053677018634,10.825476970201601,5.607506469217602,21.3992585836577,14.879796995608261],
        [11.648642955405105,12.37277001279383,30.277561499239884,23.754489857925478,35.120446400818636,25.01648704846428,26.348142021078164,39.97892399433795,13.709141636606176,38.79215981646572,44.45056930457845,21.930967580578912,20.260508528892768,22.15862849865362,13.43911775810011,12.990763297169956,11.33973375401545,0.0,30.645319399486723,28.27487762840787,16.82915961529926,34.88518739545257,23.37067430409678,43.43368564762334,15.203528569237207,15.943457097254143,36.68371331982995,28.677193176343614,20.236311562557137,36.41355411429809,20.17879334028007,30.211081150204116,11.602674223285563,36.85919662884993,26.554243400569717,5.221483165830995,40.230272116619375,22.16430983682003,8.398637738965084,14.143761350745562,11.648642955405105],
        [25.870559963559142,20.502905106545438,17.999030356894217,6.896736566436949,57.38438949507643,30.924706302442996,11.326604707165233,35.208565403092955,20.78301474743351,52.3048739657785,38.79565592530564,10.259515164862878,48.870464522202425,8.591114415818442,21.906907728259636,42.15823700914347,20.957831745267626,30.645319399486723,0.0,34.205027856222564,13.870506439595028,46.77243792376508,47.97100240319004,35.75715908278965,17.08422292102019,38.051957422671386,29.083562948419345,9.301403618043512,25.5597188567702,52.92165863475599,30.067971513955037,38.22891447841562,19.137430988901567,41.07378253840192,32.06014505127728,26.110243291864695,44.393892912649264,14.03189539435134,26.53561117207359,33.41320870886033,25.870559963559142],
        [17.32801705721673,21.038939057775757,18.42740025055083,30.159336605935426,27.751700352302553,3.804686964711984,22.975373855704113,13.906950007563637,19.12026146515567,18.33245351868404,17.795438443784985,33.55193563255276,30.51686656579526,28.62206824596035,18.282989538637658,39.326852969936375,31.565935787969025,28.27487762840787,34.205027856222564,0.0,28.625559772415368,12.754081656941207,23.802014744728467,18.15037813149424,32.18270712620621,17.563678115465954,14.277089199409476,25.505943314821195,10.164966764732503,19.980976605979055,8.130659855542259,4.052416398792242,25.640796536880817,8.804253411157116,2.271500614705667,24.76062679754835,12.368521465954865,37.59437193272803,33.74284707732248,15.406003480337596,17.32801705721673],
        [14.62713518194165,8.849791810695649,19.773151717192626,7.04470150300085,46.7497494489359,24.840107550287705,13.01867426407893,35.092742213179434,10.196553957994993,44.92268377307681,39.43445068984276,5.90787184296559,35.825499293723524,5.70369588059911,11.329350119346918,28.39508825583814,7.640137959287951,16.82915961529926,13.870506439595028,28.625559772415368,0.0,39.76039922859275,36.21767867322605,37.22375168787423,4.843806804835884,26.552074814738525,29.850730723779026,14.244110272792454,18.490124283548035,44.35224362331918,21.95787034621503,32.17956070168621,5.656403704379242,37.03298908947859,26.362821731532453,12.598746024707495,40.63170573385442,9.011265534195834,13.188316705211987,22.282122730728947,14.62713518194165],
        [26.280483056710302,31.321578083772025,31.10102281271952,42.28684848279866,18.426726699582396,15.84883186253922,35.63987050466001,21.711081015252795,29.653826482504932,5.578570080733898,23.72859467559487,45.142324029492265,28.9036001855169,40.639518288128876,28.59891477548682,43.18747801280494,41.15660046060512,34.88518739545257,46.77243792376508,12.754081656941207,39.76039922859275,0.0,20.23345741502771,25.760093038284918,42.62441679102736,19.825628630759425,24.909211250990644,38.22630639493028,21.659790146468406,8.237566558373874,17.802566625783218,8.718369973813495,35.803995395525995,10.495910763333208,14.763669447018993,32.902176104176355,10.925358031370143,48.75194146109115,42.00221857033944,20.7613980043001,26.280483056710302],
        [22.12981310879576,27.760964043601017,38.36454408879904,41.63183379916854,11.869028403033962,23.542926909327328,39.08038333407664,37.489563385497696,27.20721419867966,21.10001158446473,40.90515720909771,42.110750662121696,8.88343100747402,39.78383212137738,26.068829049986988,26.35085993029504,33.67163830014699,23.37067430409678,47.97100240319004,23.802014744728467,36.21767867322605,20.23345741502771,0.0,41.794190849117406,36.794422226850585,9.920881867530214,37.86933858545992,41.979904973834024,24.77851664261981,16.775716634834712,20.530500620874918,22.224419854196668,30.71209221552977,28.402930609804105,23.977448856959857,24.60547149939554,30.30512322200082,43.93172924148696,31.76663362217467,14.591990621544058,22.12981310879576],
        [31.78708808924376,32.87178851547257,18.259257994245306,35.12669592641268,43.849659260997655,19.69317588471671,25.804845450448447,4.312454358926136,30.942890323457142,30.167764216901457,3.4984878476866816,40.08131378266147,48.65773805776626,34.35246112120047,30.68854554371111,55.71197783942309,42.89123812708713,43.43368564762334,35.75715908278965,18.15037813149424,37.22375168787423,25.760093038284918,41.794190849117406,0.0,41.866526140866775,35.52809530414581,7.373777804847621,26.73799686459071,23.209199419081443,33.980159144144366,24.438398983926145,19.74700373184787,36.82002928659343,15.278115965351041,18.61597497023385,38.866492761760114,16.10465730839663,44.92440170926419,46.72467355966726,32.684603331952765,31.78708808924376],
        [16.566949249972776,11.324985224876533,24.593976542556998,10.82202102518211,47.88395746163062,28.378485525353682,17.84410695619321,39.58067900869577,13.120098217860336,47.57238316674364,43.972810946040774,7.139555878356494,35.214720716139695,9.967660123040258,14.08581482150841,25.329907265029917,4.08420736732543,15.203528569237207,17.08422292102019,32.18270712620621,4.843806804835884,42.62441679102736,36.794422226850585,41.866526140866775,0.0,27.57933105554385,34.494944410604404,18.930484824210083,22.034229048490182,46.543518558249446,24.95472778017347,35.509990811888336,6.837236707119616,40.79532354959676,29.95640161637996,12.227052914564341,44.403929503999834,7.162743104894426,9.49764811643004,23.74941832782995,16.566949249972776],
        [12.236058758923344,17.936198025344392,29.197694102847358,31.75046430345078,20.311560676489535,15.989186895652583,29.298929079170197,31.376432745398436,17.300017612047768,23.11410582517357,35.3586521439342,32.45990347369657,13.49271623583973,29.90182285146048,16.155160562093823,23.424993259452688,24.839987061953554,15.943457097254143,38.051957422671386,17.563678115465954,26.552074814738525,19.825628630759425,9.920881867530214,35.52809530414581,27.57933105554385,0.0,30.4503609678715,32.188738458950404,15.559309242486565,20.47649949508429,11.88221429987786,17.62588737789136,21.183446609548696,24.55805900970306,16.920416414008123,15.703049175824603,27.373195252765196,34.619813889909096,23.963192489516526,4.6958232564643945,12.236058758923344],
        [25.104686177089153,25.70191247798716,11.20080899292438,27.9366596890986,41.796669148016804,14.520584364337171,18.66706434744752,6.1703512877793045,23.81060051911614,30.063355966653027,9.860410750763398,32.80458148006351,43.88642968421481,27.084969748924063,23.64328756744616,49.232126916031426,35.57672469570572,36.68371331982995,29.083562948419345,14.277089199409476,29.850730723779026,24.909211250990644,37.86933858545992,7.373777804847621,34.494944410604404,30.4503609678715,0.0,19.87318018462656,16.66855435311598,33.00357846201114,18.75474449115836,17.16117095288145,29.535960365889622,15.360038871375709,13.89792860919078,31.943104234999687,17.659771380755192,37.621982509498864,39.53725266345909,27.041938999350073,25.104686177089153],
        [20.731552013448955,16.631158659313925,8.717267250971304,9.16507516598002,50.336526865724416,22.502920632309642,2.9030696784862364,25.96084354574312,16.01764583881789,43.7989662686994,29.662569796782638,14.490436578376613,44.34163967440706,9.171082629445243,16.89101603618005,41.356462211814126,21.786139634247263,28.677193176343614,9.301403618043512,25.505943314821195,14.244110272792454,38.22630639493028,41.979904973834024,26.73799686459071,18.930484824210083,32.188738458950404,19.87318018462656,0.0,17.90412369160989,44.850939409159295,22.531448404343273,29.558016230194077,17.48535636312295,31.931542117240244,23.466447294105862,23.54408714973112,35.19160761710606,19.365403661409427,27.16478650489352,27.502978444923894,20.731552013448955],
        [8.58876945156298,11.025609532993878,13.653042461986587,20.64951521458911,32.44534064307611,6.363477785607706,15.048851463686576,19.770581509463167,9.056033943791316,27.05780320637666,24.262915901803897,23.587823109317654,28.851506335592667,18.982835566205328,8.342875185388962,32.58538741197119,21.625871933317445,20.236311562557137,25.5597188567702,10.164966764732503,18.490124283548035,21.659790146468406,24.77851664261981,23.209199419081443,22.034229048490182,15.559309242486565,16.66855435311598,17.90412369160989,0.0,27.368650009483847,4.627325508436667,13.709646847308553,15.589253299463737,18.780804780708603,7.924339551793279,15.856236761747224,22.387600683040713,27.483116954117456,24.36111345778489,11.282026789492281,8.58876945156298],
        [29.99160516191303,35.56607801494961,38.358385028940255,47.82904501483761,10.943983501609582,22.405397249767987,42.12061779162768,29.948208689056553,34.17114877052858,5.0734780181849075,31.855746180416176,50.03926196714771,25.597695875776765,46.081198512671385,33.02512533484177,42.43889003644193,44.45262776139516,36.41355411429809,52.92165863475599,19.980976605979055,44.35224362331918,8.237566558373874,16.775716634834712,33.980159144144366,46.543518558249446,20.47649949508429,33.00357846201114,44.850939409159295,27.368650009483847,0.0,22.955337195909472,16.189842161898284,39.745166536057816,18.70319595962756,21.6647398421476,35.576440176742324,18.687977249477754,53.15492682092327,44.288588361481615,23.084102997062136,29.99160516191303],
        [9.277021772994345,13.631487455847225,17.865144491444642,24.883987631214254,27.824234861173448,4.931084703295505,19.674442910058247,20.53902336453653,11.88309709037282,23.015886366390596,24.850483275426576,27.390952259975602,25.372319304468764,23.152922199578157,10.870281186111825,31.601272854837763,23.880135623622717,20.17879334028007,30.067971513955037,8.130659855542259,21.95787034621503,17.802566625783218,20.530500620874918,24.438398983926145,24.95472778017347,11.88221429987786,18.75474449115836,22.531448404343273,4.627325508436667,22.955337195909472,0.0,10.720727145136127,18.197834431927088,16.86769907396057,6.397194352103391,16.65807669795787,20.366824360576217,30.95139525827129,25.700841834323985,8.30602757471632,9.277021772994345],
        [19.946521128544468,24.232974313758852,22.39872995591858,34.05216923163406,24.653693811501142,7.473444309233056,27.0186655420841,15.439067888202677,22.390041058045238,14.293500974037949,18.681294110445283,37.27534445984932,29.720062965919357,32.47699421330074,21.457980999118604,40.44780590290466,34.59211621513445,30.211081150204116,38.22891447841562,4.052416398792242,32.17956070168621,8.718369973813495,22.224419854196668,19.74700373184787,35.509990811888336,17.62588737789136,17.16117095288145,29.558016230194077,13.709646847308553,16.189842161898284,10.720727145136127,0.0,28.831002166075322,6.955542074573605,6.177369260246033,27.20054485847792,10.066136510399005,41.182996691993914,36.317589667145235,16.520592136580575,19.946521128544468],
        [9.753795540588834,4.605947812710639,20.841143402605912,12.243979338554743,41.47270312225656,21.851818204315727,15.47836334761407,34.12894601373464,6.535074241813305,40.73534536043272,38.606494823331204,11.443694172842102,30.17302660109037,10.585957680701995,7.377538540213784,23.91626271443005,6.147091140428511,11.602674223285563,19.137430988901567,25.640796536880817,5.656403704379242,35.803995395525995,30.71209221552977,36.82002928659343,6.837236707119616,21.183446609548696,29.535960365889622,17.48535636312295,15.589253299463737,39.745166536057816,18.197834431927088,28.831002166075322,0.0,34.354273709247714,23.454126455867744,7.00582769804181,37.95656373793287,13.525887071371308,10.28945215679283,17.118538654958932,9.753795540588834],
        [26.11535111931578,29.76561761955699,23.757179879673657,37.83788902526426,28.773888427702268,12.52580231768434,29.759624809326183,11.321196798747112,27.820120455259303,15.029999885857723,13.286321760768352,41.65802893991229,36.3146246074968,36.44247943112209,27.02768764019596,47.37291840254993,40.32933198617971,36.85919662884993,41.07378253840192,8.804253411157116,37.03298908947859,10.495910763333208,28.402930609804105,15.278115965351041,40.79532354959676,24.55805900970306,15.360038871375709,31.931542117240244,18.780804780708603,18.70319595962756,16.86769907396057,6.955542074573605,34.354273709247714,0.0,10.91134885947548,33.52545866960692,3.6086073966049184,45.911410995241326,42.53853571503198,23.404273391241496,26.11535111931578],
        [15.378821968078725,18.85963723187455,16.708331564541755,27.915492012153624,28.84928327617391,1.6198003489172241,20.880247567459893,14.516811886560108,16.923841899490082,20.33313190317195,18.675121309294912,31.280970165683726,30.178537018432905,26.366940111388026,16.117084951172544,37.93787066393003,29.417996990013815,26.554243400569717,32.06014505127728,2.271500614705667,26.362821731532453,14.763669447018993,23.977448856959857,18.61597497023385,29.95640161637996,16.920416414008123,13.89792860919078,23.466447294105862,7.924339551793279,21.6647398421476,6.397194352103391,6.177369260246033,23.454126455867744,10.91134885947548,0.0,22.840467359032008,14.506497910332886,35.32689130004966,31.74308894133821,14.239227673784587,15.378821968078725],
        [7.466019895187667,7.1515495880236895,25.105335557339185,19.2277139818659,35.880216890056,21.243128548875134,21.16160549201538,35.595744625384114,8.549985632410035,37.31743517382455,40.09894767199272,18.185296178499552,23.284730236762023,17.529887760567977,8.397322108714544,18.194549474712858,9.149258365728807,5.221483165830995,26.110243291864695,24.76062679754835,12.598746024707495,32.902176104176355,24.60547149939554,38.866492761760114,12.227052914564341,15.703049175824603,31.943104234999687,23.54408714973112,15.856236761747224,35.576440176742324,16.65807669795787,27.20054485847792,7.00582769804181,33.52545866960692,22.840467359032008,0.0,37.0179685729971,19.388077175546794,9.151752786483472,12.50548395926928,7.466019895187667],
        [29.635400681727276,33.365253615513545,26.854203988865535,41.33149951219415,29.29841246098429,16.117191980437774,33.10777891964332,12.697979894425941,31.42323314132334,14.346943363373608,13.4694725919059,45.21806269234206,38.54542639976714,39.96290276603332,30.623230710856255,50.458086108122906,43.921053677018634,40.230272116619375,44.393892912649264,12.368521465954865,40.63170573385442,10.925358031370143,30.30512322200082,16.10465730839663,44.403929503999834,27.373195252765196,17.659771380755192,35.19160761710606,22.387600683040713,18.687977249477754,20.366824360576217,10.066136510399005,37.95656373793287,3.6086073966049184,14.506497910332886,37.0179685729971,0.0,49.49792785453336,46.06283181478017,26.57963684228392,29.635400681727276],
        [23.20917487876689,17.597971420358615,26.820191589813234,10.203686585499394,54.93094252744891,33.82027472062622,19.350533846382667,43.209395750573634,19.12335186853376,53.87691468646856,47.40872183425437,4.912980091317242,42.30939043210273,10.611893426556993,20.220162437209577,31.129069989306608,10.825476970201601,22.16430983682003,14.03189539435134,37.59437193272803,9.011265534195834,48.75194146109115,43.93172924148696,44.92440170926419,7.162743104894426,34.619813889909096,37.621982509498864,19.365403661409427,27.483116954117456,53.15492682092327,30.95139525827129,41.182996691993914,13.525887071371308,45.911410995241326,35.32689130004966,19.388077175546794,49.49792785453336,0.0,15.349749596099175,30.642291008624316,23.20917487876689],
        [16.4274322700101,13.852937427280064,31.130224253563966,20.034726611735096,43.49282869512673,30.12901668132812,25.476371936305714,43.773984216543795,15.795753432955122,46.29561047431059,48.28278536221383,16.61442802509463,28.285817318103668,18.87474676440176,16.170329868168835,15.909448349179005,5.607506469217602,8.398637738965084,26.53561117207359,33.74284707732248,13.188316705211987,42.00221857033944,31.76663362217467,46.72467355966726,9.49764811643004,23.963192489516526,39.53725266345909,27.16478650489352,24.36111345778489,44.288588361481615,25.700841834323985,36.317589667145235,10.28945215679283,42.53853571503198,31.74308894133821,9.151752786483472,46.06283181478017,15.349749596099175,0.0,21.401391741302177,16.4274322700101],
        [7.728408701704874,13.518027727036216,24.79912285027925,27.1954377290957,24.47562295572898,13.008070461546586,24.616619390958128,28.70057994677586,12.720198018498541,24.894753910100658,32.913060404599285,28.176465750615,17.582129975285053,25.348182177779407,11.557745744647107,23.995787989397986,21.3992585836577,14.143761350745562,33.41320870886033,15.406003480337596,22.282122730728947,20.7613980043001,14.591990621544058,32.684603331952765,23.74941832782995,4.6958232564643945,27.041938999350073,27.502978444923894,11.282026789492281,23.084102997062136,8.30602757471632,16.520592136580575,17.118538654958932,23.404273391241496,14.239227673784587,12.50548395926928,26.57963684228392,30.642291008624316,21.401391741302177,0.0,7.728408701704874],
        [0.0,5.80461224665571,19.849566410424714,19.514480483748425,32.18770410754305,13.778560899769941,17.93960512945109,28.347602509794704,5.087545279046665,31.070187889172193,32.83048047715934,20.496679104125075,23.612518045189468,17.66583711462479,3.984331528656785,24.162865526987602,14.879796995608261,11.648642955405105,25.870559963559142,17.32801705721673,14.62713518194165,26.280483056710302,22.12981310879576,31.78708808924376,16.566949249972776,12.236058758923344,25.104686177089153,20.731552013448955,8.58876945156298,29.99160516191303,9.277021772994345,19.946521128544468,9.753795540588834,26.11535111931578,15.378821968078725,7.466019895187667,29.635400681727276,23.20917487876689,16.4274322700101,7.728408701704874,0.0]
    ],
    "end_depot": 40,
    "start_depot": 0,
    "truck_dist": [
        [0.0,8.206385864468977,25.477754519209054,26.731912405359616,45.42857518065938,17.033541493043945,18.598756377864632,39.203378905911734,6.707456296581626,39.643643551080224,45.23425187555233,28.984764697600493,25.84531554381216,24.199737553051182,5.0386624717398085,34.10514209691368,17.67240385568824,16.29871494910145,34.10606607223272,20.283104376260635,20.65972413504262,31.762135733150195,29.89699989125103,44.608769444837876,22.11597491687563,16.742201663929507,35.500126557232974,22.29738666860134,11.977425657866657,40.72363877886846,10.156918776428899,20.400734019455633,13.212861245203632,30.027467948269887,18.827017199497316,9.352563879674113,33.364091127593824,32.17114065683394,18.487788422890066,10.85079860447781,0.0],
        [8.206385864468977,0.0,25.272139073547397,18.525526540890638,53.634961045128364,17.669786159399354,17.049677237978784,38.997763460250084,2.397510360392964,47.8500294155492,45.02863642989068,20.778378833131516,34.05170140828113,15.993351688582205,3.167723392729169,34.31075754257533,11.629400248540282,16.504330394763105,25.89968020776374,21.95833216788743,12.453338270573642,39.96852159761917,38.10338575572001,44.40315399917621,13.909589052406652,24.948587528398484,35.294511111571325,18.83174375995187,11.771810212205,48.93002464333743,16.510798361584495,27.688107085407523,5.0064753807346545,29.82185250260823,19.09490062184309,9.55817932533577,33.57075793165524,23.964754792364968,18.693403868551723,19.057184468946787,8.206385864468977],
        [25.477754519209054,25.272139073547397,0.0,18.619565526962113,57.2139304159777,21.248755530248694,8.222461835568613,20.167969294557402,22.874628713154433,51.42899878639854,22.251651331902416,25.811107214844,46.62300649949007,19.26999290294561,22.9555182185469,59.582896616122724,36.90153932208768,41.7764694683105,22.3207108369144,25.53730153873677,26.5179304300664,43.54749096846851,41.68235512656935,19.13101492562882,33.21152904258864,29.852791815960405,12.266552201959094,10.512031433283024,13.804066704171746,52.508994014186776,20.089767732433835,31.267076456256863,29.43923815671372,33.2882456639542,22.67386999269243,34.830318398883165,37.14972730250457,31.985388954591407,43.96554294209912,26.788010893449478,25.477754519209054],
        [26.731912405359616,18.525526540890638,18.619565526962113,0.0,72.160487586019,36.19531270028999,10.397103691393502,35.1145264645987,20.02445610877799,66.37555595643983,38.376062883305394,7.1915416878818865,52.57722794917177,2.5321748523084313,21.693249933619803,40.96333108916061,18.281973795125566,24.337406942230558,7.374153666873104,40.483858708778065,7.8983649031042855,58.49404813850981,56.62891229661064,37.75058045259093,14.59196351562652,43.47411406928912,28.641937564986037,12.179170213366588,28.75062387421304,67.45555118422807,35.03632490247513,46.21363362629816,13.519051160155982,48.23480283399549,37.620427162733726,21.831661898774136,52.09628447254587,13.365823427629293,25.345977415137007,37.582711009837425,26.731912405359616],
        [45.42857518065938,53.634961045128364,57.2139304159777,72.160487586019,0.0,35.965174885729006,64.02733155852401,42.091483558562935,52.136031477241005,21.83789823811857,48.12235652820353,74.41333987825988,19.583259636847224,69.62831273371057,50.46723765239919,43.30080087404268,63.100979036347624,47.82308064378844,79.5346412528921,31.67662887724093,66.088299315702,22.1882163895562,15.531575289408353,47.49687409748907,67.54455009753501,28.686373516729876,44.947378214018606,67.72596184926073,43.409863711805954,14.744664228869645,37.124162683543865,25.946853959720837,58.64143642586301,32.91557260092108,34.54006042328527,50.32882568724486,36.25219578024502,77.59971583749333,59.49707692043219,34.57777657618158,45.42857518065938],
        [17.033541493043945,17.669786159399354,21.248755530248694,36.19531270028999,35.965174885729006,0.0,28.06215667279501,22.169837412867793,16.170856591512003,30.180243256149843,28.20071038250839,38.44816499253087,38.17879347332496,33.66313784798156,14.51130519238179,51.13868358995762,28.45732629592257,33.33225644214539,43.569466367163095,4.288546008488076,30.123124429972997,22.29873543821982,26.287008625043324,27.575227951793927,31.579375211806006,21.408578789795296,18.466585064189033,31.760786963531718,7.444688826076948,31.260238483938082,6.876622716615046,10.018320926008169,22.676261540134007,12.993926455225942,1.7934757064533713,26.386105372718056,16.330549634549875,41.63454095176432,35.52132991593401,18.34379786728437,17.033541493043945],
        [18.598756377864632,17.049677237978784,8.222461835568613,10.397103691393502,64.02733155852401,28.06215667279501,0.0,26.981370437103717,14.65216687758582,58.24239992894485,29.06505247444873,17.588645379275388,44.444071921676795,11.047531067376998,14.733056382978287,51.360434780554115,28.679077486519066,33.554007632741886,15.507309694368086,32.35070268128308,18.295468594497788,50.36089211101483,48.49575626911566,27.35347676119743,24.98906720702002,35.34095804179414,19.07995334450541,3.698630290736709,20.61746784671806,59.322395156733094,26.90316887498015,38.08047759880318,21.21677632114511,40.10164680650051,29.487271135238746,26.607856563314556,43.963128445050884,23.762927119022795,35.74308110653051,29.44955498234244,18.598756377864632],
        [39.203378905911734,38.997763460250084,20.167969294557402,35.1145264645987,42.091483558562935,22.169837412867793,26.981370437103717,0.0,36.60025309985711,31.261029491841136,6.030872969640598,39.536731601546684,60.34863088619275,32.995617289648294,36.68114260524958,73.30852100282542,50.62716370879036,55.502093855013186,42.4886801314718,18.920274529651103,40.243554816769084,23.37952167391111,48.45684603791112,5.4053905389261345,46.937153429291314,43.57841620266309,7.901417092598308,30.680000727840426,27.22595324804508,32.341024719629374,29.04646012948284,18.802644886456104,43.164862543416405,13.120276369396795,20.37636170641442,48.55594278558585,16.98175800794717,45.71101334129409,57.69116732880181,40.51363528015216,39.203378905911734],
        [6.707456296581626,2.397510360392964,22.874628713154433,20.02445610877799,52.136031477241005,16.170856591512003,14.65216687758582,36.60025309985711,0.0,46.35109984766185,42.63112606949771,22.277308401018868,32.55277184039379,17.492281256469557,1.668793824841817,36.7082679029683,14.026910608933246,18.90184075515607,27.398609775651092,20.45940260000008,13.952267838460994,38.46959202973182,36.60445618783265,42.005643638783255,15.408518620294004,23.449657960511132,32.89700075117835,16.434233399558906,9.374299851812037,47.43109507545009,15.011868793697143,26.18917751752017,6.56460944355929,28.210346725217505,17.59597105395574,11.955689685728734,32.07182836376788,25.46368436025232,21.090914228944687,17.558254901059435,6.707456296581626],
        [39.643643551080224,47.8500294155492,51.42899878639854,66.37555595643983,21.83789823811857,30.180243256149843,58.24239992894485,31.261029491841136,46.35109984766185,0.0,29.17734745449612,68.62840824868071,40.095045565748386,63.8433811041314,44.68230602282003,53.05493568238104,57.31604740676847,42.038149014209274,73.74970962331294,25.891697247661767,60.30336768612284,7.881507817930027,28.20326071746675,34.08526006269223,61.75961846795585,23.32483088221872,39.162446584439444,61.941030219681565,37.62493208222679,7.093234009248922,31.339231053964703,20.161922330141678,52.85650479628385,18.140753122444345,28.755128793706106,44.543894057665696,14.41429754212645,71.81478420791416,53.71214529085303,28.792844946602415,39.643643551080224],
        [45.23425187555233,45.02863642989068,22.251651331902416,38.376062883305394,48.12235652820353,28.20071038250839,29.06505247444873,6.030872969640598,42.63112606949771,29.17734745449612,0.0,45.56760457118728,66.37950385583335,39.02649025928889,42.71201557489018,79.33939397246601,56.65803667843096,61.53296682465378,44.57236216881682,24.9511474992917,46.27442778640968,25.934140138647333,54.48771900755172,4.907912608196106,52.96802639893191,49.60928917230369,9.985099129943322,32.763682765185436,33.25682621768568,33.37769229933389,35.077333099123436,24.8335178560967,49.195735513057,15.206783927282448,26.40723467605502,54.586815755226446,14.898075970602157,51.74188631093469,63.722040298442394,46.544508249792756,45.23425187555233],
        [28.984764697600493,20.778378833131516,25.811107214844,7.1915416878818865,74.41333987825988,38.44816499253087,17.588645379275388,39.536731601546684,22.277308401018868,68.62840824868071,45.56760457118728,0.0,54.83008024141265,6.541114311898391,23.946102225860685,33.771789401278724,11.312360841912252,26.59025923447144,13.575255985295186,42.736711001018946,8.325040562557874,60.746900430750685,58.881764588851524,44.94212214047282,7.400421827744633,45.72696636153,35.833479252867924,19.370711901248473,31.003476166453922,69.70840347646896,37.28917719471601,48.466485918539036,15.771903452396863,50.487655126236376,39.87327945497461,24.084514191015018,54.34913676478675,6.174281739747406,18.15443572725512,39.8355633020783,28.984764697600493],
