{
    "drone_dist": [
        [0.0,3126.2482037699083,1080.4321118293465,2340.4318885378066,3210.2830148679072,1107.3387288974398,1849.7821822514013,1748.1764244017004,1170.5398623361416,3160.229088832546,2587.347050997557,3263.659042920543,2922.916109108059,1563.3562065428514,3102.4984041792745,3251.3228359447676,1668.206672980677,2079.152276199156,2312.910505887409,2683.8973577852043,3960.219193343697,1170.1857370745277,1335.1138319830836,411.7909343318306,1650.2552196500621,3050.378790771853,929.2851242974508,1508.74318811432,1628.1289988734216,543.3116318161815,2692.0532578210828,3500.4594582115587,954.3573251568837,2321.913400757886,1269.329509869229,1106.5803925048162,1224.0655857096754,2758.1792958619726,207.03308716255353,1724.2857242286545,2670.5535938099465,2245.9778987751624,2268.4171858987715,2725.739247311404,903.1295388680257,3596.615377844217,4000.517135923524,934.7609605269923,532.6410322556499,839.3599328591321,1216.8603852546353,2022.744541826809,3316.4427054100847,2669.7768008108865,921.9435648069442,3006.470548949466,2923.272041055915,811.4809051191304,1229.6013893429683,1979.5006471356296,2378.200172054525,2275.7019462219405,1535.737041315162,2971.8572741628886,723.8073056082268,3717.943053199168,856.3561800377616,3403.5918090589266,1557.2478521243122,2570.728680140345,1166.0182785669479,2208.9660286063636,1800.8836149884235,2869.9057420187696,957.2961146492675,2973.8301561242815,1589.4724319341196,2714.836571932818,2433.0220956289036,1489.1456021498693,3334.627096013935,618.7636909740188,2177.7037086426594,1759.7580411029633,2116.6903796603624,2428.977115926064,4035.2604277543437,2841.622350700568,1191.678258076699,2465.110804560357,0.0],
        [3126.2482037699083,0.0,2046.1793891972777,5454.145868236367,103.39807575107119,2052.186435909161,3060.02077809583,4857.640365128897,2011.1240499074095,3088.356548747606,884.8233234509339,4188.8015921353035,1406.3454956607648,1914.2803018548395,1903.270722350858,1844.9821684892343,4143.7915216293295,3766.4769800356403,1504.884168851814,4356.77578269023,888.8715219026195,3466.3328632466887,4004.1473714657177,3537.5517167534013,4776.368549445249,1137.254740708281,3649.308436606799,2594.900999164285,1716.810109716302,3659.575837060173,2538.180727585581,3848.982383154982,2395.9363012207473,3523.1561806118593,3058.1225746457426,3316.7137835259514,3714.0086643693503,3628.7234466941386,3285.674114261577,2706.621379506327,2637.531215098593,937.4068189741502,2957.1737278766645,2802.2972947717008,4020.639393867637,766.451276480823,885.8562150722329,3516.479891059355,3120.2007369234734,2645.1064825181893,1975.3401114681353,5077.973174668072,4377.704480831954,618.8725206612684,3639.827013676363,3648.6603465632334,2378.6492501615335,2399.3694015746178,4319.530492270944,5064.175294424514,2650.987356678183,3887.7522603179045,4612.312787113693,1247.4735234672607,2950.4706513795254,4245.332617466039,2811.8469161758508,379.40164029356805,2238.377827687417,696.5918287569285,2704.317343378175,918.3060813755319,1470.0531860253514,4361.51886506,2756.6530992976104,1577.3356181789632,4210.967174991542,901.5913538456332,725.8337087226524,1671.1239929360224,1495.4012324870826,3434.4192304523635,2148.1026628556256,1483.4862462263693,2795.9250870585615,3883.1176144176,1005.9209813950952,284.75896506541125,4252.117301208213,3508.9949655839027,3126.2482037699083],
        [1080.4321118293465,2046.1793891972777,0.0,3411.659940607863,2129.8540401564364,195.3937076645499,1828.7441839134951,2820.887097306724,267.813014303224,2738.5500637552977,1553.53573483934,3267.6644892228087,2001.4682511076705,830.9284286148537,2293.434393004019,2409.063278973274,2340.2796262910533,2369.7189939210793,1456.7131744671028,2990.4081664271903,2883.0647241206584,1700.2570631481585,2132.589354228972,1492.0817684435413,2730.245635011098,2068.1126553756735,1708.710373209301,1289.6718933922627,718.8348782493637,1614.2854969872853,2159.7528056426313,3283.1114807148315,587.9897273081942,2346.1372107722286,1421.4881090526217,1530.556996249376,1894.5985142555708,2682.8776044420706,1246.8869392997988,1528.08536658722,2182.7608381861987,1176.0486291169998,2066.9459246058514,2294.1142608815094,1978.9451024901966,2535.7675845932863,2920.363707109583,1635.6556315751031,1147.139108661076,835.1256965333891,305.81500848944466,3057.3122912086974,3385.3604722949835,1603.1741353688808,1720.900675662621,2904.5285852492834,2289.6740960164398,474.1521632528515,2282.7632662331966,3031.9805915030947,2002.2952501475024,2550.570151954353,2581.3042234712175,2040.0829883816152,1082.5215684855652,3591.79237466245,1017.9146747437542,2331.1122485893534,1075.3152825311415,1516.729326848406,1078.0140783695665,1130.0179200175198,825.4348092346174,3102.2317944715537,1026.1565180299292,2090.677493718428,2372.996945689763,1691.5626907627993,1355.7466758153419,465.9484398152938,2402.7416579078226,1446.05926331907,1555.8807127889643,772.670761335552,1872.8444424120619,2598.4107565449253,2962.24653966236,1761.4744566024688,2224.0573309714555,2476.024119835771,1080.4321118293465],
        [2340.4318885378066,5454.145868236367,3411.659940607863,0.0,5534.273988094536,3405.7202689020964,3585.4754771331177,860.6839735833241,3454.0948143057008,4617.210590650239,4837.332209569552,4024.967138340491,5030.140716147396,3840.362127661332,5064.628885668066,5240.655326087067,1970.4152473472868,3325.9166287063285,4586.877289631264,3080.9226173773927,6263.686643649465,2634.736955994597,2158.570404769916,1937.4863965574618,729.9994105139255,5221.934095023782,1956.178498058448,3534.5044101118556,3844.0843982160663,1798.9044958739821,4385.480506295549,4579.136431434606,3116.6471806564095,3384.336937178972,2795.0794195217168,2448.1347607484545,2417.368055043294,3808.093017140088,2209.2137996661268,3663.749814492701,4314.840414786653,4548.146792417001,4062.8606057695633,4287.903287873035,1499.4405396418895,5865.710672550905,6317.766731444963,2376.4747714938844,2379.310736610797,3027.415224759666,3494.428440921766,544.6236825710888,3944.2285236021553,4960.821635920167,2214.755296147993,4520.121825254253,4697.477508175156,3131.2418463031804,1139.7007190229008,450.39206025298785,4314.821395067861,3462.5872235150237,869.6210822701665,5263.905116302574,2759.531200637505,4596.61106280589,2935.5737778216126,5741.7315508100455,3728.879860421816,4911.079506681753,3005.9381465110373,4541.165394721289,4132.45818163377,3336.533495649862,3034.7744974483107,5033.700615559757,2196.666574635984,4948.390670727136,4745.934587575417,3829.417365946023,5429.842200817423,2070.502298360836,4075.3507551547364,4094.1221612321506,3989.1062092142265,3204.426065185021,6326.381349241547,5169.517067033015,1224.5751859420527,3963.6116938199325,2340.4318885378066],
        [3210.2830148679072,103.39807575107119,2129.8540401564364,5534.273988094536,0.0,2129.8208219031044,3163.388614318312,4945.032417716844,2086.3463484347208,3076.907724309212,905.1774603011254,4196.095928446551,1383.5683784517742,2015.202592218533,1874.4011023638866,1806.8740269204661,4200.479710957468,3869.764957914572,1607.216313907142,4386.589667954943,788.6005715405316,3565.5431653718315,4101.55833606047,3621.878258727769,4859.877504686552,1102.976293521073,3717.6380329264266,2697.4528941997755,1776.0501948946282,3741.6601712918696,2537.0869547227157,3840.7197317571895,2464.9094873022623,3548.705233656982,3111.3566900085607,3376.0993658518555,3812.450070756164,3641.58012710368,3372.064083132067,2809.9029703807832,2638.4890672014612,1002.9118339105223,3059.7187586618593,2803.1281016564535,4106.609649922665,671.1803981031102,793.9357182359693,3612.9038300634534,3192.9348835413916,2740.953841821727,2049.381123998648,5153.0612502390495,4387.502145281116,653.8496384385257,3735.119150469936,3748.253422541983,2365.3902819661475,2490.6162044623957,4398.308292250242,5141.482377747518,2752.36528212217,3991.1483518126133,4689.623588344833,1333.3570994823738,3045.9790698356405,4238.615905777514,2908.771953806312,378.2721219349753,2340.765779625716,799.8565849819901,2760.905416631167,1005.7727543956544,1569.1272364447805,4385.493074552162,2854.682036790172,1552.1824442875243,4309.553581501509,904.9869125576103,794.553493323687,1762.8900560401619,1445.3118502608738,3507.5695345589443,2167.9504392513995,1581.421540000748,2898.90814109935,3911.3791459699714,903.413658296958,371.85215255866945,4329.123393947102,3611.654196797058,3210.2830148679072],
        [1107.3387288974398,2052.186435909161,195.3937076645499,3405.7202689020964,2129.8208219031044,0.0,2019.4665968968095,2855.3024807706506,83.22525650684513,2546.402791953848,1482.3525388869039,3077.2240969353184,1877.3940601045574,1014.8762350374533,2141.468494420519,2265.1035387689,2226.98178872214,2546.9116898516645,1603.6894882658924,2822.057086484133,2862.2760575442444,1845.2965613993981,2248.2947080637696,1515.9160671900884,2742.443265173367,1968.3496829943062,1631.311930438237,1483.1280213216312,571.6000803219207,1620.738405983859,1971.5165743360387,3087.721170582433,432.62674823102066,2160.5165634306477,1263.5765788529955,1403.2844098838539,2025.8925227906866,2490.889128247628,1291.5853640120806,1722.3942337475264,1991.998331455823,1145.001705932763,2262.3143466359056,2101.2457756043023,2010.0675712443956,2489.519718845211,2912.131093651717,1756.7740317440575,1080.3399814149655,997.7756312307872,131.1114636903488,3027.043817556829,3197.671008771504,1565.1298371696887,1829.0981157977628,3099.767764864864,2110.8530884791207,631.4167501802924,2268.6321573660844,3012.0311680205477,2195.4132742927586,2730.103736892707,2560.1612971902914,2156.9836857297482,1221.7200385083538,3397.069645997748,1175.9614216913687,2358.2245410089236,1269.9994511960128,1574.7855709417906,909.021991122729,1151.4539329616907,952.9137277547981,2926.6342878264295,1194.4406041378247,1955.3927233133356,2493.878345617027,1613.1895554383157,1340.2499922663776,591.6353383729129,2284.2598953986635,1390.6382078165082,1370.526029836255,897.2963880154173,2068.238072675307,2421.0429861467687,2932.4151416098894,1768.4137254680372,2199.9319638143816,2668.4488346065323,1107.3387288974398],
        [1849.7821822514013,3060.02077809583,1828.7441839134951,3585.4754771331177,3163.388614318312,2019.4665968968095,0.0,2745.406621100174,2096.254543447662,4565.667276285693,3041.9071232216597,4978.684703203283,3651.475685276003,1243.9345180354849,4031.90379687771,4116.54744420525,3511.606895185636,710.4612140704999,1598.7983772508471,4507.71151121623,3934.1101595235978,952.110611195795,1465.7354945162733,2005.215356976242,2873.7252133906213,3617.520285596275,2772.8489430819686,552.6204812984139,2508.0650725907913,2181.7226042232683,3988.0900637377163,5079.154629361525,2286.705544022947,4028.8477008172895,2986.2260974937,2917.0945275033278,1174.838283915878,4420.352604641216,1784.3633841216654,359.9638787539393,4011.2602904636706,2585.656129572755,478.0547489268789,4119.884711681694,2198.711418572225,3778.5882134930457,3884.6844965660616,1230.2775767169057,2343.7104421603776,1118.6423733228855,2134.091096094081,3494.0145143885243,5064.293748404414,2942.138670046302,1386.0049467372603,1160.6718536780177,4104.2729959309745,1436.32197095829,2755.8979333913367,3387.3066373649494,762.4266990164662,830.1381296272124,3035.2162752073627,2187.8269809431185,1126.2581463630102,5362.075306672633,1016.0057191848832,3147.3430285890445,878.15010633648,2363.8302547822736,2738.508640224232,2338.1997001887203,1693.323538065513,4675.312160009351,933.0887100398586,3777.386723224892,1538.4602328098665,3189.949560300275,2651.502324697205,1740.8288592100191,4010.0782038505604,2466.2378002905743,3382.505073333473,1710.6561904263563,429.4886467717675,4204.438408950175,4062.1690203727253,2836.0059579484905,2789.1370746465795,655.674720518413,1849.7821822514013],
        [1748.1764244017004,4857.640365128897,2820.887097306724,860.6839735833241,4945.032417716844,2855.3024807706506,2745.406621100174,0.0,2916.8681220743365,4505.85229800481,4332.6452457461355,4151.994462192223,4624.741755576579,3123.421299172418,4739.089584208799,4903.163514606111,2048.908055630169,2465.232728525713,3853.7130667975025,3280.2103105621727,5703.946604721062,1801.4140552579163,1301.478841234719,1340.3399354025214,335.00429043077764,4777.131686764636,1714.556299505502,2740.484784906066,3359.3354927450778,1260.1334464409508,4170.267574385029,4612.177645755832,2648.005478770924,3366.9327950982047,2554.562598767228,2223.8616701748288,1571.382974977152,3820.3615173572202,1574.1628674907147,2849.1575288020395,4118.211056611906,3992.8556390305794,3220.7219524577117,4124.141537842301,845.2595760361543,5344.757679449872,5737.985918802779,1563.7460739688279,1958.613293610808,2302.188946057987,2962.3126074270226,993.9832081966966,4114.819831243284,4417.529557625652,1402.1074786643946,3659.6568833614992,4454.81727491082,2469.7870267125522,846.4828014102087,835.9069029851621,3486.8601693978644,2602.9170884057567,813.7226072361129,4535.162683738197,2012.2039691008056,4703.5115071074015,2184.2629960607624,5115.018490113879,2967.8392513496046,4265.260576381434,2667.925792881984,3939.6166055346575,3462.785675591237,3529.8627328791717,2276.2544989089643,4655.672564774405,1337.4103844298431,4457.356431829284,4176.6012000566525,3193.969053718069,5034.800380130141,1695.2080583009115,3762.0208072678024,3430.901190652687,3157.2561912482734,3277.9956061446997,5781.804502626086,4574.137665146638,978.0081890523169,3104.2601677387606,1748.1764244017004],
        [1170.5398623361416,2011.1240499074095,267.813014303224,3454.0948143057008,2086.3463484347208,83.22525650684513,2096.254543447662,2916.8681220743365,0.0,2470.7389405550507,1416.810175089536,3022.6093019474124,1798.3221725441908,1067.227030109501,2058.6404629580124,2182.969812582915,2230.9351053962796,2628.6323964728094,1628.6882305547047,2790.004221661614,2810.3736334679875,1928.2274512841493,2328.17851453877,1576.609047343901,2797.4143791766733,1894.3292885626163,1654.599115151956,1557.3960818725823,490.5386235671703,1675.8989632085948,1892.9069990302796,3020.282907937773,425.6464144202729,2112.7443747490443,1242.7676551606553,1401.9590296344263,2107.745155937707,2434.018900716398,1358.6033069820533,1795.3783360677307,1915.0737855791226,1094.052406481372,2331.626139113611,2026.4001918041815,2071.709036458293,2429.7370313856513,2864.524413960083,1837.6114105034776,1111.4015927054495,1080.7461039711993,49.46308210669639,3066.972624676986,3146.759698111221,1509.8088093716383,1908.1086579776554,3169.995074834205,2029.0114341608385,714.4335858818088,2315.4660526288935,3055.7972582954335,2256.5815304040675,2811.368191708302,2604.037156632194,2164.072306512297,1304.4917302349102,3333.701426324295,1259.1413666883927,2324.62886489807,1335.2118148028187,1556.2381122108607,881.4554564613667,1120.3072503269257,971.2116107593434,2888.3819396762974,1277.0856269172377,1874.4430376008222,2574.3847864184804,1545.2561018357774,1293.7401718009519,615.2651488635214,2205.9963887732843,1424.4561288810128,1290.467069242341,914.7929205831789,2136.8494378795826,2381.5846412473497,2877.424167899622,1728.4758462119423,2243.3144927566714,2743.8367626505055,1170.5398623361416],
        [3160.229088832546,3088.356548747606,2738.5500637552977,4617.210590650239,3076.907724309212,2546.402791953848,4565.667276285693,4505.85229800481,2470.7389405550507,0.0,2247.6124137416296,1287.1623961713929,1703.8306103781433,3471.5710607404035,1263.9758939466851,1406.1998708134117,2662.9539479311043,5059.9029972221415,3786.4341203033014,1955.98976754892,3301.491418319362,4254.055270077592,4495.108750051845,3408.310064926419,4238.494609941778,2007.8254315258628,2791.569486621715,4027.953757642811,2113.2363115383364,3378.443657087666,613.083266976919,769.7174204725115,2328.4519587489344,1268.006599726266,1974.4897377255775,2286.393641982072,4365.246431728023,961.5485310469538,3357.730187353056,4264.627081485683,561.3704678347358,2503.3838815199542,4790.5927811138445,447.83689853940973,3806.2705294998373,2803.0643181656174,3470.866953666659,4073.333562265642,2689.812844609566,3502.597793432565,2434.9787489007317,4081.4947763480177,1503.5703792220747,2528.4038401754888,4080.375533955553,5630.265527451444,712.3379697548598,3147.447634537918,3670.2013034168954,4169.237142176266,4675.7308393007215,5249.663592184745,3818.939873517181,4036.682329159579,3652.8181285417254,1171.3021214972237,3661.9043147780962,3455.009577444129,3786.0758823310703,3215.242101828234,1994.2655783378234,2800.2783766445964,3184.386504855954,1804.1648388787398,3704.2246683797584,1546.8214474299207,4749.069700530518,2193.5244970790395,2636.1810421942378,2939.846036931754,1816.0236269803347,2862.756534907109,1210.6711846206113,3135.1899316540325,4594.00734340707,1564.6025539166903,3245.0223717871977,2953.841648182381,3542.440720419924,5214.55576223152,3160.229088832546],
        [2587.347050997557,884.8233234509339,1553.53573483934,4837.332209569552,905.1774603011254,1482.3525388869039,3041.9071232216597,4332.6452457461355,1416.810175089536,2247.6124137416296,0.0,3307.824562619307,683.9168945826879,1798.414250959882,1171.7496137142753,1180.9200413966198,3359.2436451867134,3704.5866751562085,1751.367060586791,3482.7980229617633,1465.0479659947657,3199.3990139282337,3673.8781855065804,2992.354793959813,4202.763310715068,576.2335426302718,2943.4792284163927,2506.8038657912116,993.6623039159218,3084.573739688322,1673.3048525932759,2995.452925421018,1720.757411456805,2643.5806702135815,2262.713601017198,2553.201434888909,3417.7320528962364,2744.4484512702757,2773.920818248523,2684.465290154324,1767.8918986099113,456.30673164713494,3077.8896626629753,1932.2422458597475,3487.803526460837,1029.5479911923946,1561.7234569892607,3174.7674187511716,2459.3371792716207,2324.0540483496998,1370.6767775954659,4415.359666326364,3494.745874282992,281.879456392715,3269.6665437710226,3868.217862801222,1552.058759654989,2000.292399696083,3698.795300681457,4422.103016656041,2845.164684615982,3858.3505418203463,3974.0053424087864,1828.4097489596568,2607.5445020573256,3386.93855614833,2507.932799113194,1264.2192624459424,2163.8976176153797,1014.1944654405117,1931.4450671433062,734.0622764695986,1353.844373042156,3480.3619716502494,2483.847924133423,849.0110479903171,3907.224292031239,148.68719653870627,451.6206190697586,1350.3547086603744,978.2967784958454,2771.6675044571425,1263.887206700663,1332.0918381654799,2890.220122642279,3006.9268556301977,1504.0113492050152,708.4197142133407,3614.4780319545484,3601.81302484082,2587.347050997557],
        [3263.659042920543,4188.8015921353035,3267.6644892228087,4024.967138340491,4196.095928446551,3077.2240969353184,4978.684703203283,4151.994462192223,3022.6093019474124,1287.1623961713929,3307.824562619307,0.0,2885.6467750890342,4089.8242796298873,2507.598126155969,2667.117572300277,2108.6584456260457,5331.307444152436,4576.795275539757,964.7818440363883,4524.075330225847,4433.636556939821,4513.876906456735,3367.1086288444103,3837.415605070684,3196.4279487571453,2565.5259218198935,4494.298686355804,2839.7912252894193,3272.829063187148,1676.060361334479,696.958917262503,2716.7256639585858,951.4213464674758,2008.5849908026182,2173.8488743212442,4470.949072388379,595.9540177053855,3422.485705331834,4738.960433451117,1567.948817598896,3446.8958504250977,5299.492338130436,1406.339699875405,3634.104969218428,4018.9327837668784,4683.050121545198,4189.487074518787,2731.6585431876774,3860.315535182978,3004.3260031367067,3483.225455955755,216.8131195490753,3585.7229324789855,4146.3421633515445,6120.313931813194,1925.6458285493918,3557.9971622779476,3316.302351556447,3607.7186081735576,5267.811251744357,5528.011543975498,3364.4213123095906,4960.761462939423,3913.9736839434054,573.5917806795072,3979.8584839199834,4566.813383495984,4336.541157927907,4168.316984414771,2242.898680005436,3705.753420548632,3922.6144486389703,721.9273509164365,4050.9566572724984,2749.269697714502,4751.726382394833,3291.1383111439263,3621.057566806795,3606.384896922163,3066.5890509884543,2766.5426655196634,2067.79516511671,3867.183415875896,5112.274479182788,883.0123263146874,4482.118001995024,4006.9845324751227,3185.421786048768,5631.321320646608,3263.659042920543],
        [2922.916109108059,1406.3454956607648,2001.4682511076705,5030.140716147396,1383.5683784517742,1877.3940601045574,3651.475685276003,4624.741755576579,1798.3221725441908,1703.8306103781433,683.9168945826879,2885.6467750890342,0.0,2412.5050616283693,503.88973805364606,497.2464878434557,3356.450371116694,4287.9413811487775,2432.443290443024,3231.736199857878,1643.9177129706345,3699.313603842305,4125.46759623419,3304.25713233839,4452.226500464096,310.7823959881839,3080.317971860044,3104.8258098803685,1309.800643992217,3365.010972454899,1210.1537436611707,2472.4531603789446,1980.4566229270492,2379.8719884095162,2289.6177887105564,2621.487867370416,3895.710692715891,2371.65007317942,3124.0175803219436,3299.8074704740657,1319.997465045143,1105.5495147248932,3725.09773501637,1479.615594298209,3793.7539005370786,1137.9347155940234,1798.133826956681,3632.27621482756,2677.690793537284,2825.386051609473,1748.859767674243,4564.010524938878,3088.5372840988734,924.6967375229499,3706.3673417606856,4529.267228693804,992.127287352664,2473.8783425457245,3912.2833935322888,4594.642209643842,3509.309056601644,4451.664637165239,4160.823899131756,2493.7972893014903,3083.980572166167,2873.1200064562395,3010.5933515585743,1761.3105947065947,2776.8378017566242,1690.9741023555537,2027.1200261708407,1405.3498458804424,1991.2937064208988,3181.625126210404,3003.8782056680866,173.4480023806764,4369.946436494111,568.9450547253184,1135.405531022892,1917.4789846899073,411.7477116239424,2971.265853498938,1046.1665680834437,1961.5369394140193,3533.701971604227,2754.989688810822,1616.351905800049,1321.0207544431933,3811.7238835742323,4236.388986777636,2922.916109108059],
        [1563.3562065428514,1914.2803018548395,830.9284286148537,3840.362127661332,2015.202592218533,1014.8762350374533,1243.9345180354849,3123.421299172418,1067.227030109501,3471.5710607404035,1798.414250959882,4089.8242796298873,2412.5050616283693,0.0,2810.4948838829364,2884.9788080501194,3083.958989001261,1912.9088657007037,751.725877262517,3815.5110765866216,2803.137491936377,1560.9665461139077,2116.601286409379,1925.2283613904347,3117.8898435517576,2373.7322178222535,2393.441424151641,712.4606278161197,1359.4713495238161,2088.8907934939807,2869.189952921325,4067.4684337086446,1414.4466319999551,3175.2322552297055,2241.2563551467524,2311.880173500586,1815.6625196896232,3500.935980839679,1646.376546418199,888.3479674423411,2910.200998502151,1342.3572224112395,1340.4735121130118,3038.412811811267,2341.941609149313,2584.28941244303,2785.0847435635037,1648.4474127834374,1841.0902319727381,821.2995427161918,1087.0744495065385,3574.1324093246517,4212.396833520048,1710.8627472045712,1788.9055914516134,2173.647743382138,2939.5556411086595,761.3244586670301,2776.609180440675,3517.053252694682,1205.6076259163021,2061.4178025139786,3084.4748191318636,1423.731269183065,1116.1355442605188,4392.2684922193985,952.0956578744451,2082.654122786417,365.82787928777987,1233.492092234842,1906.7453349431644,1107.1624804749827,461.71403132494737,3932.0440985021555,875.8893283587938,2543.5914141062412,2309.28773403518,1946.648487293106,1419.3310900134197,536.0374566693239,2766.493962027664,2095.834499702111,2262.009928664277,470.5812730298629,1143.8720137520106,3428.9489111146117,2916.863526272393,1660.4692536330185,2750.658961799594,1827.9127222436873,1563.3562065428514],
        [3102.4984041792745,1903.270722350858,2293.434393004019,5064.628885668066,1874.4011023638866,2141.468494420519,4031.90379687771,4739.089584208799,2058.6404629580124,1263.9758939466851,1171.7496137142753,2507.598126155969,503.88973805364606,2810.4948838829364,0.0,186.34832237834732,3275.902366237958,4639.774778993913,2901.457986788119,2970.897247882111,2037.5341302859279,3986.7172590629434,4369.214801364162,3456.486220551357,4536.6937659900295,773.2999634736493,3110.5818389814062,3480.065895880022,1575.061992367832,3492.631708201523,880.1168144669698,2031.1345282563345,2148.629655857943,2136.4532567694546,2272.935048152298,2618.571012501542,4163.171499494172,2043.5172239369087,3308.7154722982573,3688.4588147891313,991.9969754467861,1560.4882047235715,4142.59852761862,1131.6896699023855,3931.2902987744383,1540.3387746905362,2207.82654284775,3887.40972996173,2781.30310974645,3128.5569993456447,2010.3934957524136,4571.568217582519,2718.229398393959,1424.9899864452198,3944.308640649394,4960.375986417103,583.2414827406079,2765.7531575772678,3978.7365347173663,4619.534129793449,3947.7599676699583,4811.559317066691,4203.022291186401,2993.928634468263,3363.1314392321738,2432.7306084844554,3311.0208749097383,2249.9945324297682,3168.8056919989435,2185.3705628975563,2077.5934282209423,1868.3289849043101,2415.37844558422,2886.9410518508266,3317.7088815497677,330.4726983626163,4619.732956912712,1068.4209076806114,1618.5399962482309,2291.815260177898,558.992568602937,3050.824098609193,989.5561378224835,2379.7224630899464,3948.1998879728253,2506.483336396678,1982.688729777134,1824.9044581726782,3868.088390434015,4637.884844386763,3102.4984041792745],
        [3251.3228359447676,1844.9821684892343,2409.063278973274,5240.655326087067,1806.8740269204661,2265.1035387689,4116.54744420525,4903.163514606111,2182.969812582915,1406.1998708134117,1180.9200413966198,2667.117572300277,497.2464878434557,2884.9788080501194,186.34832237834732,0.0,3460.594951097623,4737.663984531834,2929.4191281812105,3151.7519486744723,1906.214476354743,4107.6806986215615,4503.818692621635,3611.881893063885,4705.530531400669,708.4774976717774,3285.4294509839283,3566.52079973288,1694.5469746884648,3652.9180064222774,1059.9492136734918,2166.5861966465072,2297.016448274339,2319.987930115932,2451.5870866489813,2796.4706290061426,4290.623255024149,2216.5558274413675,3456.787036108575,3768.797720865583,1170.999685478028,1598.4159957092245,4207.920697908659,1306.0154279512806,4090.292042463509,1418.1298387516515,2081.8876386239035,4018.1722831248726,2944.5754133885325,3242.8646262204343,2134.1059943586174,4750.315716758268,2879.431254450373,1413.7198862312628,4080.0078322986933,5017.744589200382,751.8308133252103,2882.9804503226774,4149.767327882593,4796.430910255568,3999.863960082598,4906.1431437100055,4377.541859957692,2979.111834274493,3485.783328796599,2566.9376787834294,3426.619161177669,2177.252685657959,3246.8716203631634,2183.735418852226,2247.285864058568,1900.858679529795,2474.9897703890865,3063.636000296129,3428.660826795961,343.1721141578354,4752.885256473345,1061.283899433061,1632.5093538389206,2376.2496641343087,413.073076980795,3218.6389825766482,1165.716908049975,2442.6322625509006,4015.1205846549233,2689.08639834002,1841.984136275456,1793.8548225155969,4040.430384256362,4712.412145233413,3251.3228359447676],
        [1668.206672980677,4143.7915216293295,2340.2796262910533,1970.4152473472868,4200.479710957468,2226.98178872214,3511.606895185636,2048.908055630169,2230.9351053962796,2662.9539479311043,3359.2436451867134,2108.6584456260457,3356.450371116694,3083.958989001261,3275.902366237958,3460.594951097623,0.0,3647.663560131505,3786.174324422787,1240.928485645686,4822.332937371868,2724.436997794261,2622.9916762916514,1552.1614860544803,1729.908162581417,3604.1286475906218,739.3923350302034,3169.146744563613,2427.344072379963,1399.2120106679852,2502.3792140889423,2617.2354800764374,1806.0259394741079,1415.0777836127795,1096.643057173737,834.1407079437821,2672.788291085094,1839.1463862403257,1731.9472279054282,3390.5008235704295,2417.862103959265,3209.721816399266,3936.5938338827254,2366.704400170393,1645.3739644606987,4359.689084669736,4919.769723762752,2433.9867780394916,1247.491054324809,2487.7021176050703,2249.996531058891,1427.795359977611,2065.91323451994,3557.7773176488063,2338.6224803206733,4660.71357280792,2830.027373117909,2342.796630343853,1229.5224499484666,1531.1219699995015,4036.5058080525196,3838.245174212665,1255.8019057986312,4379.029099044448,2389.550057867664,2668.67526685308,2523.8891947534516,4492.5736142284695,3169.8355578394376,3779.117840381322,1439.6476730257912,3321.4000795287866,3165.4616428614363,1485.4984022565977,2623.3416660826865,3317.719352794114,2830.077232609617,3434.1051274956867,3422.8066380074956,2804.0570266207237,3721.9780315323383,1049.6567752214899,2321.655874409436,3112.065822654866,3783.749234083948,1249.417061760899,4849.451845330343,3876.520075642109,1102.8548179000593,4107.772097164679,1668.206672980677],
        [2079.152276199156,3766.4769800356403,2369.7189939210793,3325.9166287063285,3869.764957914572,2546.9116898516645,710.4612140704999,2465.232728525713,2628.6323964728094,5059.9029972221415,3704.5866751562085,5331.307444152436,4287.9413811487775,1912.9088657007037,4639.774778993913,4737.663984531834,3647.663560131505,0.0,2308.762087054124,4753.6525890579915,4643.0391088960905,925.7721561679997,1182.8543235487539,2095.7107379228896,2665.9198688659358,4276.806472045799,2933.002034857595,1200.4671314870493,3080.531842708618,2251.4741702571764,4508.4401120358,5509.265986655954,2734.7310918960056,4382.551776445309,3323.484061875511,3185.713379753227,1001.9904891474235,4803.264481895941,1948.918669839174,1059.8677437028794,4518.737207417845,3250.4198689558634,1002.5695339806899,4612.1230716028385,2126.4788436814797,4477.544692497011,4594.972302418679,1213.9247170185033,2610.0859671771536,1559.3874270316253,2671.989432792407,3341.970869936098,5392.40199676879,3623.29990015274,1321.992397091081,1196.887558200638,4657.643100195452,1921.3439856758305,2692.5033524027017,3212.3613493804623,1363.1306311939493,196.7916194894229,2931.465962345385,2884.310882329067,1427.1469815322512,5760.266243515735,1398.3567689089077,3857.8038652136775,1553.4505390895322,3069.910119480934,3135.2643967133486,3019.022158765302,2372.1364386073833,4946.634068967179,1358.176169387199,4403.781184009934,1135.6598282913442,3853.2478375881115,3331.7904349781757,2371.268906202845,4660.31274685479,2651.1998398334226,3914.9452238256204,2383.485756530524,1068.802969469072,4507.547025832608,4770.004371920464,3537.520810145618,2757.2476574160623,662.6300224270801,2079.152276199156],
        [2312.910505887409,1504.884168851814,1456.7131744671028,4586.877289631264,1607.216313907142,1603.6894882658924,1598.7983772508471,3853.7130667975025,1628.6882305547047,3786.4341203033014,1751.367060586791,4576.795275539757,2432.443290443024,751.725877262517,2901.457986788119,2929.4191281812105,3786.174324422787,2308.762087054124,0.0,4417.298150338939,2353.4506010920927,2198.515724172601,2773.423082568142,2676.8369710544994,3861.965869748934,2299.457492848565,3117.9734392127034,1220.7964720373393,1739.2496001203574,2840.544031208671,3173.477959052335,4455.88431253325,2034.6109862560572,3708.9932764481655,2867.259508198538,2986.360481501395,2461.802897316011,3980.8759174161123,2397.930964603744,1265.5483603727237,3236.859905955986,1342.2818289178924,1452.7743084831898,3384.1783413566327,3087.5036425369426,2258.6704246231893,2292.3437873800935,2337.178368748796,2558.13880333032,1560.2392799947563,1629.9490242512989,4325.858216720679,4721.240240340761,1557.7827232353573,2487.7062167595445,2164.42160770652,3166.956917002971,1505.051329532893,3528.33154396621,4268.194346995281,1151.0256813662136,2412.0598548297094,3836.1963463007655,681.5223966274024,1841.7041491241357,4811.1504960606735,1669.6329851788516,1551.663153834963,906.904410073966,834.4924552420212,2509.7697383746986,1033.2810328407957,662.6739029420417,4507.54691659527,1580.3170281285536,2591.3985912857406,2938.011585316418,1882.7221490483557,1301.5177763891095,1013.7046572597471,2710.6557894880743,2827.910431070777,2596.737035936875,719.4381039597413,1296.3758743547537,3999.5293261783513,2488.3776086242383,1324.5214259189459,3501.831340989127,2005.0844681627646,2312.910505887409],
        [2683.8973577852043,4356.77578269023,2990.4081664271903,3080.9226173773927,4386.589667954943,2822.057086484133,4507.71151121623,3280.2103105621727,2790.004221661614,1955.98976754892,3482.7980229617633,964.7818440363883,3231.736199857878,3815.5110765866216,2970.897247882111,3151.7519486744723,1240.928485645686,4753.6525890579915,4417.298150338939,0.0,4855.258126509051,3830.7890393263697,3812.082060829724,2687.5105192909373,2954.5799692276896,3529.9225386870676,1843.355234587608,4082.5302742626463,2767.200257182296,2561.2196826625623,2091.8220762077676,1607.141336219959,2402.691145585394,852.5978516794446,1576.0243647887173,1590.6595756651354,3821.264787197546,994.5497309364234,2804.855523139909,4321.537122557204,1981.223135659472,3496.3277793556094,4885.270954786902,1856.5952256914964,2864.3254337099247,4354.622524178505,4990.988709246798,3558.414743269878,2166.7044366759396,3407.671516053279,2787.357412599304,2543.9378006989546,863.5591447807702,3737.9707005504824,3486.897601084655,5668.131466133475,2410.6550410493646,3165.7487995184497,2470.2742555377044,2676.1725221480283,4917.128092267954,4949.009903592332,2473.7769826389845,4907.3395105879545,3391.3630645257417,1536.8104895909387,3491.826180531265,4733.073679824788,3995.438885893126,4179.4594258086845,1913.5552470875075,3700.4576605651982,3756.20712377641,255.76973425483578,3578.505117579632,3133.0393208302103,4033.101792622463,3507.4608491078116,3696.999840854354,3405.0688171643274,3507.5908454806854,2104.9908029099893,2234.8604279307433,3699.4082772455386,4711.732736417641,478.8418700234085,4842.70446046123,4129.905776697349,2343.7679188795123,5140.979666566012,2683.8973577852043],
        [3960.219193343697,888.8715219026195,2883.0647241206584,6263.686643649465,788.6005715405316,2862.2760575442444,3934.1101595235978,5703.946604721062,2810.3736334679875,3301.491418319362,1465.0479659947657,4524.075330225847,1643.9177129706345,2803.137491936377,2037.5341302859279,1906.214476354743,4822.332937371868,4643.0391088960905,2353.4506010920927,4855.258126509051,0.0,4354.022496901715,4888.267917598698,4371.772862752056,5604.2690839673605,1335.2583399183663,4399.908617300575,3480.3698750197773,2442.1119952056956,4482.793564859493,2851.893174387884,4068.140249131878,3160.04760442316,4003.112770281079,3725.724992479291,4018.1894576262853,4600.400097163251,4015.4862780890694,4129.856681816425,3584.2322421868193,2962.645289863954,1717.2834315634573,3801.3201620152686,3120.5088009633764,4861.517697347418,506.01808279254436,191.53719561571796,4398.132624113003,3898.0362473038786,3525.485567726456,2769.400914491646,5860.958210177518,4729.292132680718,1303.8397623716426,4518.12818759737,4446.407488786773,2606.42631416773,3265.0433448783133,5124.300692550562,5859.356104710009,3477.6709602246738,4758.245055950876,5408.575013705008,1953.931014324973,3829.7252944016877,4469.500566789859,3695.0044459856445,827.0898221670968,3124.737855626559,1579.314039654967,3396.447897774809,1778.003184449189,2357.637511660254,4818.335191767441,3642.3215971608574,1774.808466425478,5097.606289926477,1390.3814484292502,1527.4768333039224,2540.264988678026,1493.2647382591315,4212.691018420026,2626.1986746261136,2369.2615346955404,3649.7066279683063,4376.535674237799,154.99553082198244,1153.944339325125,5047.744715584775,4353.840288159629,3960.219193343697],
        [1170.1857370745277,3466.3328632466887,1700.2570631481585,2634.736955994597,3565.5431653718315,1845.2965613993981,952.110611195795,1801.4140552579163,1928.2274512841493,4254.055270077592,3199.3990139282337,4433.636556939821,3699.313603842305,1560.9665461139077,3986.7172590629434,4107.6806986215615,2724.436997794261,925.7721561679997,2198.515724172601,3830.7890393263697,4354.022496901715,0.0,577.556822095858,1172.4326679228766,1921.6291377796308,3745.445830927414,2007.2550623961415,993.4336228165403,2413.4673782846694,1332.946168725606,3735.574398726467,4650.177955760662,1934.6084057517255,3490.1295237197096,2433.5999664577885,2272.676219594384,263.8692458276046,3921.716177596261,1026.5926899114254,1058.8486031674108,3732.172163078467,2769.4091654236418,1430.1483710930852,3809.4369677037907,1267.1996912450475,4098.135531413175,4343.343197065184,300.545846451019,1702.7309633820346,877.3878090474078,1976.3426915501072,2549.2132330000763,4485.867701018778,3182.6926555146383,441.3988076192528,1993.3324795762992,3921.63264219652,1226.2775299944378,1833.4815274782611,2438.44667284133,1685.4509603598171,1119.501380628744,2100.4151068622,2866.4244412284997,624.4457192879718,4881.447663786706,692.3147385058505,3643.3083608491847,1294.0216884040835,2793.6657467173477,2281.943902525279,2603.986374756344,1996.4168890842989,4027.222757242837,720.2824209415769,3790.934516469265,748.6224879124326,3345.0594059750633,2899.4257855865435,1860.4207226357157,4096.471221932517,1726.6847652933186,3166.5970260267723,1985.801331652781,1356.2779127634142,3596.611492410969,4461.612554739691,3202.6055611117686,1881.1602425136089,1424.3653819868164,1170.1857370745277],
        [1335.1138319830836,4004.1473714657177,2132.589354228972,2158.570404769916,4101.55833606047,2248.2947080637696,1465.7354945162733,1301.478841234719,2328.17851453877,4495.108750051845,3673.8781855065804,4513.876906456735,4125.46759623419,2116.601286409379,4369.214801364162,4503.818692621635,2622.9916762916514,1182.8543235487539,2773.423082568142,3812.082060829724,4888.267917598698,577.556822095858,0.0,1146.7903765010142,1483.7569684605717,4200.485192164485,1972.3787722238108,1570.8803810952754,2818.5063636849386,1252.6573063764317,4021.4230301334624,4809.988011422444,2242.7992278816523,3597.5197737455655,2573.8181412618646,2345.276704087346,314.0263135176694,4047.5720156701013,1138.4030613002074,1624.2791254957183,4003.348458296979,3261.0095465653562,1933.9087988177375,4060.7570595271577,1000.3026136182588,4608.9053630461585,4886.238148909524,499.16075585411306,1826.1074194815021,1367.0919950194818,2377.6029177082632,2160.1226590879282,4538.8674698638415,3682.6346694150407,425.9329232680655,2366.835877886841,4240.2354748498565,1673.6505526861968,1546.2369937644569,2029.5161848119226,2222.733557653373,1340.0690094522831,1762.4718540463534,3443.2892617418443,1069.6375545508938,5001.693525948201,1193.4777147991065,4197.348352076268,1867.2762946436087,3343.0250937388455,2501.065419877524,3121.3879197358365,2536.5663168890214,4030.431841755747,1248.7251897776341,4201.7997577222895,254.9816938165591,3816.0575926027964,3406.363962090869,2363.6269094249274,4531.062495531684,1747.335339357043,3487.377099591245,2520.751593814178,1889.1954270654612,3645.357121796955,4990.330066707572,3734.3873576158276,1627.9240301537043,1806.1535338156066,1335.1138319830836],
