{
    "drone_dist": [
        [0.0,7.317141985005298,33.08532268362706,13.027183639055435,3.9938816172313234,35.65142613162362,23.260160155664362,18.28367023081206,21.75762924460146,11.074937055981566,36.11220924389033,10.963417778829536,19.380560226786844,31.513350577744223,20.46725307552398,34.38342301638464,4.2006621318290325,1.715953434775483,21.093509718360625,24.714720913082033,0.0],
        [7.317141985005298,0.0,29.143918856837487,16.784376608671582,11.31013225042231,33.337624313778974,29.431229863344182,11.273843134621874,27.99264348581957,16.39777620701657,38.38877518579683,12.159584833523914,12.359700394958097,34.21823067760919,27.680877275728108,29.955373105799598,10.88138413004348,8.7103422837252,25.7909953214546,31.882966006773714,7.317141985005298],
        [33.08532268362706,29.143918856837487,0.0,45.53119390522246,35.764420616919736,8.751462450754607,55.88883703958974,22.080778304186335,54.35704287977023,31.66914775760624,29.804300468339637,24.067934484622878,21.737269089631692,29.229519999578685,46.105255133951864,2.7710092572572056,33.22651892436923,34.763070854538206,32.86944500106899,54.60240607308214,33.08532268362706],
        [13.027183639055435,16.784376608671582,45.53119390522246,0.0,12.294525165642591,48.621761168943685,14.655204923102684,27.35306474422742,13.55099635714585,21.61125965388036,47.792284921427466,23.923940733892625,28.356552636199563,42.98312259098211,22.958947651446405,46.55854322010437,15.10876172670225,11.619679316896868,31.046540645415966,21.179435213669446,13.027183639055435],
        [3.9938816172313234,11.31013225042231,35.764420616919736,12.294525165642591,0.0,37.55148738699469,20.145423614053065,22.21195785999635,18.61731694390767,9.483405719539117,35.55424332146658,12.35069045566794,23.308269349055937,30.783289368587138,16.595118371304824,37.25818261769176,2.8977331803675748,2.844215867904469,19.33015426811765,20.81903803784325,3.9938816172313234],
        [35.65142613162362,33.337624313778974,8.751462450754607,48.621761168943685,37.55148738699469,0.0,57.141457917215654,28.61896875046253,55.61817579170024,31.415865528294685,22.657724235189768,25.210018145680664,28.519096282300307,23.160980884511208,44.89109882343449,11.118660315947773,34.75079756102406,37.19607476957844,29.873450512497946,54.30875981785358,35.65142613162362],
        [23.260160155664362,29.431229863344182,55.88883703958974,14.655204923102684,20.145423614053065,57.141457917215654,0.0,40.64274768327915,1.533147605019767,26.13987063510817,50.38373907704415,32.09755866678097,41.709482746512904,45.49558327997346,18.071028081702735,57.40329983102166,22.678700236807956,21.545840290938852,32.57144916035756,10.031642824927154,23.260160155664362],
        [18.28367023081206,11.273843134621874,22.080778304186335,27.35306474422742,22.21195785999635,28.61896875046253,40.64274768327915,0.0,39.22200999544187,24.658407601123432,40.39397033933012,17.395815303197004,1.0968930127416237,37.15791047336685,37.89172462136423,21.98855268209376,21.0908014087222,19.83421067145173,32.238657828405664,42.998330547355835,18.28367023081206],
        [21.75762924460146,27.99264348581957,54.35704287977023,13.55099635714585,18.61731694390767,55.61817579170024,1.533147605019767,39.22200999544187,0.0,24.654778752559086,49.05744958657133,30.566004687630002,40.29230087819903,44.16172067464381,17.055163309037788,55.87549840612904,21.145673743831598,20.04454909157695,31.24115454544073,9.751214705254032,21.75762924460146],
        [11.074937055981566,16.39777620701657,31.66914775760624,21.61125965388036,9.483405719539117,31.415865528294685,26.13987063510817,24.658407601123432,24.654778752559086,0.0,26.194336480122445,8.286129672012692,25.660657638954113,21.37215241203398,14.655742742841534,33.6974749040022,7.110103089214496,11.341882415352886,10.035723590247711,23.042640924518867,11.074937055981566],
        [36.11220924389033,38.38877518579683,29.804300468339637,47.792284921427466,35.55424332146658,22.657724235189768,50.38373907704415,40.39397033933012,49.05744958657133,26.194336480122445,0.0,26.2671832472179,40.89957228097248,4.914518173195849,33.51939396170362,32.56276868766286,32.8790632432772,36.91725661763456,17.81633360357984,43.932251534516894,36.11220924389033],
        [10.963417778829536,12.159584833523914,24.067934484622878,23.923940733892625,12.35069045566794,25.210018145680664,32.09755866678097,17.395815303197004,30.566004687630002,8.286129672012692,26.2671832472179,0.0,18.299460478076792,22.059028432329498,22.886835695881725,25.884680659138535,9.541962857512193,12.305731463235421,14.874378454257322,30.626959737031072,10.963417778829536],
        [19.380560226786844,12.359700394958097,21.737269089631692,28.356552636199563,23.308269349055937,28.519096282300307,41.709482746512904,1.0968930127416237,40.29230087819903,25.660657638954113,40.89957228097248,18.299460478076792,0.0,37.75433471431956,38.96268494889921,21.51604532275988,22.17488459380811,20.930229439905915,33.11123755435738,44.09521336307983,19.380560226786844],
        [31.513350577744223,34.21823067760919,29.229519999578685,42.98312259098211,30.783289368587138,23.160980884511208,45.49558327997346,37.15791047336685,44.16172067464381,21.37215241203398,4.914518173195849,22.059028432329498,37.75433471431956,0.0,28.792823867641488,31.995008657120497,28.154697952634216,32.24513993715174,12.924223430308505,39.20599233971762,31.513350577744223],
        [20.46725307552398,27.680877275728108,46.105255133951864,22.958947651446405,16.595118371304824,44.89109882343449,18.071028081702735,37.89172462136423,17.055163309037788,14.655742742841534,33.51939396170362,22.886835695881725,38.96268494889921,28.792823867641488,0.0,48.23574464338092,16.898315704642382,19.426018266258698,16.27538873815545,10.41484746532853,20.46725307552398],
        [34.38342301638464,29.955373105799598,2.7710092572572056,46.55854322010437,37.25818261769176,11.118660315947773,57.40329983102166,21.98855268209376,55.87549840612904,33.6974749040022,32.56276868766286,25.884680659138535,21.51604532275988,31.995008657120497,48.23574464338092,0.0,34.81701652484838,36.08241243657652,35.36359341926645,56.5038537655524,34.38342301638464],
        [4.2006621318290325,10.88138413004348,33.22651892436923,15.10876172670225,2.8977331803675748,34.75079756102406,22.678700236807956,21.0908014087222,21.145673743831598,7.110103089214496,32.8790632432772,9.541962857512193,22.17488459380811,28.154697952634216,16.898315704642382,34.81701652484838,0.0,4.23203232263773,17.13386716248453,22.438156825796785,4.2006621318290325],
        [1.715953434775483,8.7103422837252,34.763070854538206,11.619679316896868,2.844215867904469,37.19607476957844,21.545840290938852,19.83421067145173,20.04454909157695,11.341882415352886,36.91725661763456,12.305731463235421,20.930229439905915,32.24513993715174,19.426018266258698,36.08241243657652,4.23203232263773,0.0,21.364313819714678,23.18883134495487,1.715953434775483],
        [21.093509718360625,25.7909953214546,32.86944500106899,31.046540645415966,19.33015426811765,29.873450512497946,32.57144916035756,32.238657828405664,31.24115454544073,10.035723590247711,17.81633360357984,14.874378454257322,33.11123755435738,12.924223430308505,16.27538873815545,35.36359341926645,17.13386716248453,21.364313819714678,0.0,26.598851628425873,21.093509718360625],
        [24.714720913082033,31.882966006773714,54.60240607308214,21.179435213669446,20.81903803784325,54.30875981785358,10.031642824927154,42.998330547355835,9.751214705254032,23.042640924518867,43.932251534516894,30.626959737031072,44.09521336307983,39.20599233971762,10.41484746532853,56.5038537655524,22.438156825796785,23.18883134495487,26.598851628425873,0.0,24.714720913082033],
        [0.0,7.317141985005298,33.08532268362706,13.027183639055435,3.9938816172313234,35.65142613162362,23.260160155664362,18.28367023081206,21.75762924460146,11.074937055981566,36.11220924389033,10.963417778829536,19.380560226786844,31.513350577744223,20.46725307552398,34.38342301638464,4.2006621318290325,1.715953434775483,21.093509718360625,24.714720913082033,0.0]
    ],
    "end_depot": 20,
    "start_depot": 0,
    "truck_dist": [
        [0.0,7.615883029962429,46.64534660751652,16.730819845258623,4.055074210265193,47.814719531655456,32.36212921725712,21.332001268315416,30.194123102893723,15.290713539246713,41.98576009531834,12.954854289816733,22.609652373931066,37.893511802093116,24.71303308740923,48.62463543891251,5.933569043868779,2.4035827533732927,28.85369393167666,28.902175308095035,0.0],
        [7.615883029962429,0.0,39.63967324006748,23.736493212707668,11.670957240227622,40.80904616420641,39.36780258470617,14.326327900866373,37.19979647034277,22.906596569209142,49.60164312528077,16.13438108513202,15.603979006482021,45.50939483205555,32.32891611737166,41.61896207146347,13.549452073831208,9.409256120822338,36.46957696163909,35.90784867554408,7.615883029962429],
        [46.64534660751652,39.63967324006748,0.0,63.376166452775145,50.5770833604234,12.321069637747627,79.00747582477365,25.313345339201103,76.83946971041024,43.253806979470795,38.31305073789545,33.69049231769979,24.035694233585456,34.22080244467022,61.71461641516508,3.382218255748932,46.93497238883961,49.048929360889815,39.07324973978736,75.54752191561155,46.64534660751652],
        [16.730819845258623,23.736493212707668,63.376166452775145,0.0,12.799083092351747,64.54553937691406,15.631309371998501,38.06282111357404,13.638125601992098,23.00399393327152,49.69904048934315,29.685674135075356,39.34047221918969,45.60679219611792,32.426313481434036,65.35545528417114,16.441194063935534,14.32723709188533,36.566974325701466,27.367774080792994,16.730819845258623],
        [4.055074210265193,11.670957240227622,50.5770833604234,12.799083092351747,0.0,51.74645628456233,28.43039246435025,25.263738021222295,26.262386349986848,11.23563932898152,37.93068588505315,16.88659104272361,26.54138912683794,33.838437591827926,20.657958877144036,52.55637219181939,3.6421109715837865,3.7207355670873277,24.798619721411466,24.97043855518816,4.055074210265193],
        [47.814719531655456,40.80904616420641,12.321069637747627,64.54553937691406,51.74645628456233,0.0,80.17684874891258,30.60647608047123,78.00884263454918,44.42317990360973,25.99198110014782,34.85986524183872,31.48622389383703,24.357006672634988,62.883989339304016,15.70328789349656,48.10434531297854,50.21830228502875,40.24262266392629,76.7168948397505,47.814719531655456],
        [32.36212921725712,39.36780258470617,79.00747582477365,15.631309371998501,28.43039246435025,80.17684874891258,0.0,53.69413048557254,2.1680061143634006,35.75366884530285,61.43753570052765,45.31698350707386,54.97178159118819,55.819842076277595,18.81704347922091,80.98676465616964,32.07250343593404,29.95854646388383,39.93422608498629,13.758504078579868,32.36212921725712],
        [21.332001268315416,14.326327900866373,25.313345339201103,38.06282111357404,25.263738021222295,30.60647608047123,53.69413048557254,0.0,51.52612437120914,29.903410624547416,56.59845718061905,23.131195140470297,1.2776511056156483,52.506208887393825,39.32573017270994,27.292634170597097,21.621627049638505,23.73558402168871,43.46639101697737,50.234176576410455,21.332001268315416],
        [30.194123102893723,37.19979647034277,76.83946971041024,13.638125601992098,26.262386349986848,78.00884263454918,2.1680061143634006,51.52612437120914,0.0,33.58566273093945,59.269529586164246,43.14897739271046,52.80377547682479,53.65183596191419,18.78818787944194,78.81875854180623,29.904497321570634,27.79054034952043,37.766219970622885,13.729648478800897,30.194123102893723],
        [15.290713539246713,22.906596569209142,43.253806979470795,23.00399393327152,11.23563932898152,44.42317990360973,35.75366884530285,29.903410624547416,33.58566273093945,0.0,26.69504655607163,9.56331466177101,30.783158437913215,22.602798262846402,18.460809435694284,45.233095810866786,9.357144495377934,14.956374896068848,13.562980392429946,32.29371493614076,15.290713539246713],
        [41.98576009531834,49.60164312528077,38.31305073789545,49.69904048934315,37.93068588505315,25.99198110014782,61.43753570052765,56.59845718061905,59.269529586164246,26.69504655607163,0.0,33.46726204014875,57.478204993984846,5.617693624250056,44.14467629091908,41.695268993644376,36.05219105144957,41.65142145214048,21.503309615541358,57.97758179136556,41.98576009531834],
        [12.954854289816733,16.13438108513202,33.69049231769979,29.685674135075356,16.88659104272361,34.85986524183872,45.31698350707386,23.131195140470297,43.14897739271046,9.56331466177101,33.46726204014875,0.0,24.010942953836093,29.375013746923525,28.024124097465293,35.66978114909578,13.244480071139822,15.358437043190026,20.33519587650707,41.85702959791177,12.954854289816733],
        [22.609652373931066,15.603979006482021,24.035694233585456,39.34047221918969,26.54138912683794,31.48622389383703,54.97178159118819,1.2776511056156483,52.80377547682479,30.783158437913215,57.478204993984846,24.010942953836093,0.0,53.38595670075962,40.205477986075735,26.014983064981447,22.899278155254155,25.01323512730436,44.346138830343165,51.5118276820261,22.609652373931066],
        [37.893511802093116,45.50939483205555,34.22080244467022,45.60679219611792,33.838437591827926,24.357006672634988,55.819842076277595,52.506208887393825,53.65183596191419,22.602798262846402,5.617693624250056,29.375013746923525,53.38595670075962,0.0,38.52698266666903,37.60302070041915,31.959942758224337,37.55917315891525,15.885615991291303,52.3598881671155,37.893511802093116],
        [24.71303308740923,32.32891611737166,61.71461641516508,32.426313481434036,20.657958877144036,62.883989339304016,18.81704347922091,39.32573017270994,18.78818787944194,18.460809435694284,44.14467629091908,28.024124097465293,40.205477986075735,38.52698266666903,0.0,63.69390524656107,18.77946404354045,24.378694444231364,22.641366675377725,13.832905500446476,24.71303308740923],
        [48.62463543891251,41.61896207146347,3.382218255748932,65.35545528417114,52.55637219181939,15.70328789349656,80.98676465616964,27.292634170597097,78.81875854180623,45.233095810866786,41.695268993644376,35.66978114909578,26.014983064981447,37.60302070041915,63.69390524656107,0.0,48.9142612202356,51.028218192285806,41.05253857118335,77.52681074700754,48.62463543891251],
        [5.933569043868779,13.549452073831208,46.93497238883961,16.441194063935534,3.6421109715837865,48.10434531297854,32.07250343593404,21.621627049638505,29.904497321570634,9.357144495377934,36.05219105144957,13.244480071139822,22.899278155254155,31.959942758224337,18.77946404354045,48.9142612202356,0.0,5.599230400690914,22.92012488780788,28.612549526771947,5.933569043868779],
        [2.4035827533732927,9.409256120822338,49.048929360889815,14.32723709188533,3.7207355670873277,50.21830228502875,29.95854646388383,23.73558402168871,27.79054034952043,14.956374896068848,41.65142145214048,15.358437043190026,25.01323512730436,37.55917315891525,24.378694444231364,51.028218192285806,5.599230400690914,0.0,28.519355288498794,26.498592554721743,2.4035827533732927],
        [28.85369393167666,36.46957696163909,39.07324973978736,36.566974325701466,24.798619721411466,40.24262266392629,39.93422608498629,43.46639101697737,37.766219970622885,13.562980392429946,21.503309615541358,20.33519587650707,44.346138830343165,15.885615991291303,22.641366675377725,41.05253857118335,22.92012488780788,28.519355288498794,0.0,36.4742721758242,28.85369393167666],
        [28.902175308095035,35.90784867554408,75.54752191561155,27.367774080792994,24.97043855518816,76.7168948397505,13.758504078579868,50.234176576410455,13.729648478800897,32.29371493614076,57.97758179136556,41.85702959791177,51.5118276820261,52.3598881671155,13.832905500446476,77.52681074700754,28.612549526771947,26.498592554721743,36.4742721758242,0.0,28.902175308095035],
        [0.0,7.615883029962429,46.64534660751652,16.730819845258623,4.055074210265193,47.814719531655456,32.36212921725712,21.332001268315416,30.194123102893723,15.290713539246713,41.98576009531834,12.954854289816733,22.609652373931066,37.893511802093116,24.71303308740923,48.62463543891251,5.933569043868779,2.4035827533732927,28.85369393167666,28.902175308095035,0.0]
    ],
    "vertex_count": 21
}