{
    "drone_dist": [
        [0.0,2202.4825646708778,165.16233607140094,1210.7985785225687,1918.2344970809445,1131.8994013732581,747.6818871778507,1203.1705916334106,2070.872238715812,1901.169177635324,1467.4316677598933,442.0704186953503,2798.308182178866,2532.6969924395394,2592.3101545044137,1971.8107158655073,2020.6312652231932,2131.017566461105,343.26769280765177,2205.9184280295913,495.25132378879,1543.8725105951166,2034.7802194616063,1964.1097675844437,2443.220100499924,910.4536662747435,1944.9442857689605,2099.705174450072,3282.9990951181517,922.0137963204987,1348.5470265839124,653.5790975000727,3099.345301169469,3342.5297554179333,3063.1545323165656,3377.5043123895625,707.6400471440604,1400.2584328692528,2862.9562646549984,2180.853336431049,2889.580481578239,1920.1284126526086,2257.973570624017,3340.7710695325013,1187.0552994046254,3036.3295827716456,782.8696150742339,2449.361858886829,2183.4354637265656,3251.0275715545645,3176.6463862267483,747.21621711246,733.7766000081033,2382.4092592382162,2644.886033538585,1874.4068952950045,2698.985226645041,1712.3044272532813,1651.109151866516,2144.8464223634787,768.5796882754217,2573.7020255425564,1118.7966849726358,2998.674441729795,272.03968140687834,2781.2180492525063,2481.6656745557775,1685.6022808858218,2911.6512439591497,1887.0331774514043,0.0],
        [2202.4825646708778,0.0,2316.2910717919594,2724.33642240875,2272.4259794395807,1289.7706381798537,1741.7838548451343,1394.1717950646773,4213.818149273618,1839.5734322027854,2275.3212382962306,2633.328170630665,4763.241350533956,2448.794139040065,1917.6289171816989,3978.042643613439,3245.294795238897,3376.1080482437173,1862.7201514704855,42.999342538125696,1707.2313023924908,3320.3041375454827,3155.0953589762544,4119.94658901404,1766.7102136169592,3004.542308210686,4138.16559995802,839.1331791281173,3986.8012685516524,2909.03621039183,977.3890661664971,2022.3295104546428,4393.781122968355,4102.7469206730875,4921.4058794915945,5269.46544948588,1853.2927485869577,2720.406410686792,4693.581952640844,1428.4369350380164,4770.131339946235,3061.753102844054,1229.918040037066,4141.843127913668,2515.841737225255,4875.034130356411,2475.758540252205,4160.823788753634,2550.1594659176512,3530.809685035314,2779.5615940003545,1456.1179104814348,1525.1329930482875,4566.905396667627,4799.2315392567525,3894.215942663941,4158.637629457194,1464.5110465709963,722.9198057065364,597.6579980759083,2167.1491865683506,4759.6866167198295,1097.146958429179,2457.208725086286,1930.8809480526832,4319.076753385603,4212.377802511463,1495.3217430939262,4761.956063381067,4067.6885928746324,2202.4825646708778],
        [165.16233607140094,2316.2910717919594,0.0,1314.7362156412519,1855.8361710854667,1286.8551212746465,912.4883899589595,1364.4707194719583,1927.8136536795562,1877.745220125576,1388.1369919635194,318.3948653916359,2637.1432699523702,2481.6236398218034,2585.3232020744376,1959.459995796987,1882.0726011453105,1989.2061616461558,481.03976812336487,2321.970006163833,618.1520989109692,1592.2206873021973,1903.3651599534085,1900.6789585706422,2442.152252976208,751.7442221805225,1856.7783843178709,2160.9538095157363,3160.1427169943136,756.87197602685,1429.0757601312985,606.6290269705682,2945.985382336465,3215.6081259234534,2898.8618368829043,3214.318932647185,698.0846805306569,1516.7397151171845,2875.080579797101,2198.515487916779,2725.5858769691454,1789.7717579465555,2292.5377470883,3211.429835548626,1068.4615015799325,2871.6920575393387,646.71977264107,2486.689313769596,2108.0998817886557,3156.5877176451804,3132.517577809564,862.3161662878522,813.6463807595165,2299.5174827962783,2505.9473152488813,1860.1555678549219,2540.88678120102,1876.5408890298372,1790.5704100551716,2286.228451717069,916.1788704431202,2446.463763628727,1222.6887644799504,2969.416210954651,397.2464302701615,2620.101394996723,2515.4752257378495,1850.12757346538,2919.7649685751735,1756.2828884323999,165.16233607140094],
        [1210.7985785225687,2724.33642240875,1314.7362156412519,0.0,3114.0379193455797,1437.6185858285505,1034.0046543496758,1336.0751837985083,2526.5087996348157,3039.636261286903,2676.2186263532058,1304.902667625031,3468.0780651757254,3710.7286025387048,3677.3443430360703,1358.4609915516232,3174.296274428057,3272.7153689311594,1283.7486654625118,2708.699678138671,1399.7405023338497,617.2474004525743,3207.6797329362253,1734.0900951720262,3515.2121382166897,1761.1466955045614,1914.794968834769,2956.2161862086855,4471.0343233528865,1898.2433091470918,2192.8208244869143,1854.4183901861652,4169.36792201027,4522.503716275204,3819.889575887214,4078.4154931875278,1872.716528956594,239.89117383903323,1969.4211299142014,3204.2521510261,3640.2049185370365,3095.840404662673,3218.4770567481155,4515.2093413930925,2383.1013201921182,3812.600300803072,1955.2231390438485,1443.127826331625,3388.523025720931,4461.825735273367,4338.987148574805,1570.883733575525,1705.2892452112442,2229.2608629464844,2989.766176914356,1298.6817176570926,3731.445323738812,1531.535739661771,2010.9470134419887,2392.610379148135,604.5296762560342,2798.0048163414044,1888.013023233518,4132.585413460074,1307.8863997004614,3772.771092270461,1492.1754575859695,1490.082848588795,2038.6326513576541,2240.7031779702006,1210.7985785225687],
        [1918.2344970809445,2272.4259794395807,1855.8361710854667,3114.0379193455797,0.0,2275.2803755059263,2288.212194070424,2455.4209245810353,2926.8824885121307,461.6563973215663,495.89365154554076,2037.018196420935,3038.6310180411697,640.5186433925501,1033.9982153119292,3746.8952480166245,1149.9758007414257,1261.552169697387,1853.5390314752296,2307.6795770067297,1780.067249082068,3448.056737755036,1017.7096182193128,3528.201506750819,984.9009573215935,1976.270066983819,3364.9230635516883,1520.646110860227,1731.9285341181462,1763.212229170947,1489.5072955718301,1264.7769051313212,2184.701405013749,1840.9111930044962,3046.217403299768,3398.3965626421214,1245.6593529460085,3278.634559661637,4697.2827429109875,1040.157070999609,2936.9294812775856,966.1058341083717,1281.5167984077516,1875.3857305681672,967.5580641183899,2983.9142757620275,1349.2567384248437,4338.587429905542,311.62648072350737,1424.8228464415074,1299.8589059263913,1730.496021408919,1526.83867762729,3797.238747729597,3457.663496573408,3646.0024936159652,2048.8461648246093,2942.3604189941825,2317.6582953316192,2677.777099532034,2578.749643284617,3560.8348570745684,1674.008794894461,1204.4022587402626,1813.1581410727047,2240.2902555857627,4365.068909825356,2941.1534757072445,4734.580772665393,2948.933685624667,1918.2344970809445],
        [1131.8994013732581,1289.7706381798537,1286.8551212746465,1437.6185858285505,2275.2803755059263,0.0,475.28328822151053,185.47327824580026,3197.0393760622064,2018.0966968415362,2001.6001626809077,1566.8172266426536,3919.3884269027635,2740.562369178239,2499.2921413960075,2699.5972461348906,2845.3963878995273,2972.6791910212323,814.4933549630177,1276.5023259751067,722.1055838889863,2030.546202464693,2810.1010592916246,2891.874578838556,2327.815148987439,2038.4940652986932,2951.93979010648,1597.000361593279,3934.173278846892,2020.4283631514343,915.3562920895645,1326.212450510665,4003.7092909685916,4022.1572788415124,4163.20632702343,4487.6443121255625,1208.0242449347784,1453.7962034306527,3405.42479516005,1975.209322907646,3993.5651018322646,2696.674765305235,1922.1479212282848,4038.940628723919,1978.4263238808203,4131.165738456413,1723.9452607126473,2878.782506203374,2586.153062305013,3699.2435274452987,3283.537902782009,594.7774543682165,802.350979976215,3360.485714739544,3764.4783043443317,2619.0631225012175,3658.3636442284483,688.5785276409828,595.5435537328847,1053.0612402415893,880.8294056835305,3671.9906228145082,631.6155010724137,3017.8677145809434,904.7369568976118,3773.26527153933,2928.957636458263,679.2295175413471,3473.097577401068,2996.4610899053414,1131.8994013732581],
        [747.6818871778507,1741.7838548451343,912.4883899589595,1034.0046543496758,2288.212194070424,475.28328822151053,0.0,479.5879439667519,2767.9804675883124,2119.854558710475,1929.3478384232567,1152.7895005696914,3540.0988825609033,2827.503906639722,2699.152247103399,2236.4483626424944,2663.0195715012915,2783.3766787133304,512.9628128336561,1732.422056549548,519.3992566952954,1594.8089445230967,2651.4243143484014,2416.600899118434,2531.895384028002,1651.3705905398506,2480.40394545912,1923.1360597082328,3847.210217084249,1668.9950640075886,1166.049717398603,1145.2473959356546,3788.4717480199615,3922.442201021289,3810.6120813656635,4123.2995788834805,1080.774387583683,1104.8517549390278,2979.0219051951563,2203.0192535868277,3636.7132200639917,2535.6031259165056,2197.6170231329224,3930.4678214452047,1792.8146163954839,3784.0039596913184,1459.5608006108264,2471.857767204189,2588.9228568497056,3701.191362338909,3420.6709500986285,584.6868060565953,767.865795118238,2886.109996155014,3325.6045882585913,2153.4427780322,3409.5361871228656,965.5993253039959,1068.3717259016041,1526.4197962420517,436.9506491152019,3219.2398342768606,858.5857371442855,3185.038578093507,595.7516047511031,3504.5963611933807,2518.5205980429123,938.17628496307,3043.315435405508,2552.3313003947,747.6818871778507],
        [1203.1705916334106,1394.1717950646773,1364.4707194719583,1336.0751837985083,2455.4209245810353,185.47327824580026,479.5879439667519,0.0,3245.9341227807176,2203.1450678653837,2170.5542697338396,1624.483414309036,4001.3562411703874,2925.568074824824,2682.0775625542165,2636.7129508314874,2995.68728303439,3121.606541332652,911.523535285268,1376.2502676415158,844.6095380265755,1942.7319697421692,2965.6199852357613,2866.9120567070445,2510.487644300161,2113.485190650165,2947.0979998872776,1763.580432418326,4104.48214024107,2112.941210371142,1098.489395693997,1468.97089692732,4147.713225338212,4190.542276566894,4258.904113402611,4577.8425958449525,1361.3227878634323,1327.0382147802063,3304.513164481826,2156.4301168792795,4087.0937317692924,2851.4089724502983,2097.4549467998113,4205.891041928959,2125.0374212440993,4229.364787585459,1847.3685672090664,2767.2234731641693,2765.855801859364,3879.9478969532793,3468.779415469426,754.5912254070583,965.4613854291674,3344.210935097032,3805.0078290272218,2560.407960543571,3792.462222576398,537.4735573676131,675.463100062573,1080.9293693219263,821.9617158365944,3698.076989544175,817.0714361004607,3202.207123637286,1002.1546571084717,3901.3178877391647,2819.2499355983937,521.3602299269173,3374.444481136945,3031.9141025026806,1203.1705916334106],
        [2070.872238715812,4213.818149273618,1927.8136536795562,2526.5087996348157,2926.8824885121307,3197.0393760622064,2767.9804675883124,3245.9341227807176,0.0,3218.9706250482054,2480.1901889330434,1630.9310440911177,1005.0751555132405,3513.979936790362,3933.5984532994485,1852.9134367336387,2061.5660307462404,2053.8506134197814,2408.0894113685004,4223.923139530497,2543.9465056434074,2246.887395282092,2196.201311909943,1262.7046527410198,3843.8441856104855,1209.444629544422,939.8300517267577,3900.2003601457473,3220.0613740832714,1329.270543822645,3268.2300650410375,2227.5179000396843,2376.9387998891725,3194.6313342137664,1414.8423104297415,1601.5086571821037,2394.442621652162,2760.5910312330766,2690.546119587218,3733.432274161713,1248.015301687576,2152.9412370674463,3905.6947808448226,3147.449980115915,2005.6142876435688,1432.951497363165,1807.2342333721447,2686.017677903689,3002.415191364404,3627.2106827751613,4133.879585144421,2780.0318624236857,2688.759489961598,1166.691414126271,586.3450110455568,1790.765444087865,1919.828512721399,3711.3600094437843,3718.3759719562872,4213.83230127972,2561.277270599268,634.2103881239332,3118.571830784224,4113.913195128427,2325.012001794446,1830.2468945458625,2668.904871368259,3678.2878402919837,2678.445383657506,311.1138462443515,2070.872238715812],
        [1901.169177635324,1839.5734322027854,1877.745220125576,3039.636261286903,461.6563973215663,2018.0966968415362,2119.854558710475,2203.1450678653837,3218.9706250482054,0.0,745.9779028568319,2114.6335295272283,3427.5026157726156,722.4923610312909,733.9210259783968,3828.8840968098775,1589.4659421918275,1707.1081559562754,1755.8909020057567,1876.6603774648158,1648.5695843270387,3443.463950350616,1464.576847961922,3681.804611788475,625.7328049388884,2163.5605170382287,3553.76563366521,1063.5153700471278,2147.2454211468516,1966.570209667075,1151.709548671226,1272.777712305243,2646.2835570563943,2263.497485404506,3464.3551464140673,3818.4346592002817,1193.5899985512588,3177.4956139440746,4752.8197503031415,588.5485074789776,3346.142414852778,1401.5918938208094,824.3950050968691,2303.7377936735907,1213.4391814411456,3404.464392603001,1501.4122071977256,4350.479624634336,711.8801114024109,1738.3842851742234,1303.8639290616175,1537.0537836125172,1356.7806693790121,3996.3618591628683,3772.834401614508,3728.599127008644,2500.275977626093,2651.6473559165624,1964.7199213622746,2282.40359252446,2465.9539565400078,3847.38437168409,1389.8981598499008,1098.5243531821968,1737.2512340046317,2688.0319258183004,4382.760498554476,2655.8227386878525,4797.2467423106455,3203.3598453068935,1901.169177635324],
        [1467.4316677598933,2275.3212382962306,1388.1369919635194,2676.2186263532058,495.89365154554076,2001.6001626809077,1929.3478384232567,2170.5542697338396,2480.1901889330434,745.9779028568319,0.0,1549.106639950624,2696.0772915601838,1136.1638380738975,1453.7709765245993,3253.6462260437575,970.2026508173205,1100.809503777994,1454.4885778451833,2304.4480191952257,1410.0981001792031,2976.485000242093,883.2078016927597,3033.4758351545315,1366.2506524640191,1483.5977681747702,2875.1406019919614,1644.6811097768518,1934.1196559556038,1272.8735899629903,1363.2147651911619,825.1212051922275,2125.085778610506,2020.5634461169375,2760.077465157264,3114.92524871064,849.8273303879902,2854.6370340894396,4207.007728075555,1304.5097922645728,2631.9062607059795,786.6444040291044,1515.3177061326128,2037.8901232716084,483.8039236398262,2703.828961981191,853.8833364013774,3858.9578937336255,720.1745533643209,1791.887109303162,1795.3929605744486,1417.9661965211662,1206.5541772408963,3310.276966143529,3028.922864351855,3152.781582819745,1887.8389248969243,2688.031241595941,2163.779352697384,2584.19165839708,2171.2600635986755,3111.267510242435,1462.5881628264542,1692.63529250624,1400.4700896906509,2056.6425250545594,3883.7463675717704,2680.5679590733507,4243.10851924729,2480.441471063883,1467.4316677598933],
        [442.0704186953503,2633.328170630665,318.3948653916359,1304.902667625031,2037.018196420935,1566.8172266426536,1152.7895005696914,1624.483414309036,1630.9310440911177,2114.6335295272283,1549.106639950624,0.0,2392.6738168656702,2674.3575607784715,2836.5950550018156,1717.9353818915758,1880.736522847481,1973.761522810706,784.0419842439965,2638.4531443545643,930.2137278238614,1455.6277868946447,1926.252460346592,1603.2143500201778,2700.658142593413,514.1893118602661,1543.4024263286883,2469.1114022715883,3195.531079779352,601.505039205705,1745.3612638084262,851.4690276903916,2868.9309258960066,3238.542208950498,2681.247174285294,2983.2886078117126,973.8975596041014,1530.752148016448,2660.611457810834,2476.5433252814873,2504.5261860323617,1818.2405195548295,2583.9679799062574,3226.896094197332,1155.0443325739814,2659.9233828960787,715.9178525888555,2315.5385877062495,2263.1703313027992,3263.571472505492,3331.9317188221057,1177.941313528021,1131.0763909490447,1987.96320004123,2203.1591681960026,1617.2308827541622,2439.2056876102774,2114.427902488422,2093.1791761205177,2586.7806826040273,1045.6613659442173,2133.359935122017,1540.8146171944768,3191.0556344814154,706.5263162274694,2495.346626764049,2338.069242725354,2084.689560461209,2699.1662640872173,1445.4233591153463,442.0704186953503],
        [2798.308182178866,4763.241350533956,2637.1432699523702,3468.0780651757254,3038.6310180411697,3919.3884269027635,3540.0988825609033,4001.3562411703874,1005.0751555132405,3427.5026157726156,2696.0772915601838,2392.6738168656702,0.0,3519.156731370955,4070.7958084051666,2852.424126756904,1941.496882696293,1870.7811570581162,3105.089744915438,4780.951564394931,3213.517346459572,3239.4369605869133,2089.600574233519,2249.444326512922,4020.223003149409,1888.9462649483764,1924.6681575048945,4296.160830256345,2758.309538695626,1903.407806644994,3786.6689774500655,2745.5384355253304,1722.6837288559311,2694.852961828102,426.04245647627494,610.565205532022,2912.9236671127987,3706.5677453601756,3650.926741830105,4000.047592999375,294.12711803504266,2100.1773685531675,4209.86842201296,2632.1317544684607,2299.844222414187,463.0468573095649,2290.5767222259406,3684.3057392940523,3010.053574580569,3324.2660824885097,4058.412010953014,3418.557616111583,3280.7899611308876,2055.521082331288,933.8327340338614,2793.400527295861,1359.3280869100192,4504.979937229104,4375.606791687315,4869.426120929817,3411.712252240337,1235.6535041486766,3706.314572710243,4119.189995549612,3015.2260842147134,1187.969471225112,3664.804376730223,4476.103545345158,3630.631299957271,1315.9948928142041,2798.308182178866],
        [2532.6969924395394,2448.794139040065,2481.6236398218034,3710.7286025387048,640.5186433925501,2740.562369178239,2827.503906639722,2925.568074824824,3513.979936790362,722.4923610312909,1136.1638380738975,2674.3575607784715,3519.156731370955,0.0,695.8036641204831,4386.613769881964,1577.9921835820967,1658.3646582552622,2432.93838948338,2489.1829589162926,2340.0925073270114,4071.846676349303,1430.2462101541437,4165.687227336755,761.7301584943036,2611.9897641674747,3996.0161710503116,1617.1074348042018,1637.396053413231,2397.005101048693,1866.6893356164069,1881.058511502274,2391.0975376693373,1767.7516979887384,3467.496220264752,3809.925534601004,1839.2409526149468,3862.4578015897428,5334.9638420616375,1030.539512249086,3380.4078322867194,1422.8791161214983,1261.5768100907824,1823.459702459121,1600.5441986830472,3400.138430316052,1989.7682541891168,4968.000170898507,516.6031036123359,1084.5700685328165,659.34452230211,2248.8303814178585,2060.106354001683,4424.589028794834,4022.9659147544676,4285.715167232069,2375.629008212653,3370.912164788737,2665.219460406735,2944.9102319518574,3154.0620848809826,4147.560911803757,2112.1883987868428,605.286833703292,2402.951692961096,2580.2759450688363,4995.862934324595,3375.963588260476,5373.095431206314,3557.8788004939825,2532.6969924395394],
        [2592.3101545044137,1917.6289171816989,2585.3232020744376,3677.3443430360703,1033.9982153119292,2499.2921413960075,2699.152247103399,2682.0775625542165,3933.5984532994485,733.9210259783968,1453.7709765245993,2836.5950550018156,4070.7958084051666,695.8036641204831,0.0,4543.7385792025025,2157.832547716781,2257.043817925288,2405.5802421461754,1960.184050142241,2278.415822567273,4121.8575055042775,2016.2742834967346,4413.331833803103,171.7670238713925,2897.231894215993,4287.676032472747,1085.863954355175,2327.446165444614,2698.899824185235,1583.9396740163804,1987.5033408679383,3068.621785944681,2459.1623012905475,4063.3700938717034,4412.788558815091,1889.6126589101275,3792.3466137570244,5454.677000858375,534.6858632295663,3960.9801834664613,1982.257617445291,688.3947614213806,2516.5523612347915,1933.62783332754,3999.057521109962,2235.3322742061873,5032.443347021986,1101.80131842067,1722.9416166953358,862.3260184335478,2119.8505593609,1972.0559605001756,4730.243191080352,4477.430300816276,4443.979269781497,3015.3076554132567,3053.8347241323577,2282.906335235745,2469.775174342285,3084.367548548887,4565.023677778576,1878.5865799033045,546.3761608300683,2401.3186465478957,3215.765877911098,5067.697851208278,3066.760700389556,5502.010846428388,3929.8674407145572,2592.3101545044137],
        [1971.8107158655073,3978.042643613439,1959.459995796987,1358.4609915516232,3746.8952480166245,2699.5972461348906,2236.4483626424944,2636.7129508314874,1852.9134367336387,3828.8840968098775,3253.6462260437575,1717.9353818915758,2852.424126756904,4386.613769881964,4543.7385792025025,0.0,3367.1115070626333,3422.309628025727,2235.63979616294,3968.860611120902,2392.9364296563613,761.4968296640394,3455.2345051306265,620.5795525649872,4401.595658269471,1848.1879117349931,936.6009802455532,4045.3561543080423,4685.989712369503,2064.7726999545785,3274.218461681565,2557.501598944718,4069.5014181215524,4699.092290105317,3267.3223411089493,3430.990532128684,2657.3541872584947,1496.5301693097188,970.0122258172515,4151.514030848445,3100.815047521586,3364.7858785036606,4227.982854525023,4670.1385526186,2820.200730886568,3285.749280055032,2401.407117214192,833.196559451123,3954.9845499799026,4885.65394843961,5045.474778511623,2629.57133576787,2682.863267653275,1029.9563331499194,2097.5020653285965,100.89912961192415,3598.7074596175325,2888.5554927850526,3293.96489741065,3715.3876024825777,1820.1687433259588,1822.4231336708444,2999.301008409009,4908.983145079512,2206.5747143820563,3563.9187621030705,818.3450092551149,2847.25526209284,995.847441417287,1547.2521012057905,1971.8107158655073],
        [2020.6312652231932,3245.294795238897,1882.0726011453105,3174.296274428057,1149.9758007414257,2845.3963878995273,2663.0195715012915,2995.68728303439,2061.5660307462404,1589.4659421918275,970.2026508173205,1880.736522847481,1941.496882696293,1577.9921835820967,2157.832547716781,3367.1115070626333,0.0,131.9443350828555,2150.949253597189,3274.110788465037,2165.277963605741,3307.350859906259,148.32185432732987,2981.130181531844,2129.154433259583,1538.4910637716787,2738.572099823108,2594.1042312902196,1329.518155252422,1338.021951237657,2318.9965441413283,1529.4210322182003,1171.2008872424892,1361.514273062238,1905.6557462876297,2255.0733700023234,1637.3999557933132,3389.408052022532,4334.662656075302,2177.9603837691534,1807.7273776929767,189.28980388369385,2411.7623507485646,1346.8430163428982,872.8004446804393,1841.2301454375156,1237.881578846194,4100.705036623982,1072.779566370799,1578.5176493956333,2131.283216520666,2251.167555796479,2048.2198685836074,3119.023142392903,2509.3365424090543,3271.4196120506535,922.1950965129406,3530.657929177254,3093.274294655742,3534.562555849885,2788.734260947134,2677.075658740466,2378.409179046636,2177.8261297581435,2072.8284303622045,1101.4897720524998,4111.429832035242,3516.818078346421,4352.798489542572,2181.6441551839866,2020.6312652231932],
        [2131.017566461105,3376.1080482437173,1989.2061616461558,3272.7153689311594,1261.552169697387,2972.6791910212323,2783.3766787133304,3121.606541332652,2053.8506134197814,1707.1081559562754,1100.809503777994,1973.761522810706,1870.7811570581162,1658.3646582552622,2257.043817925288,3422.309628025727,131.9443350828555,0.0,2270.7594664393123,3405.0831656086993,2288.770681374141,3387.9947160234815,243.87615824808276,3017.7918852405824,2234.797854937161,1609.4225161212782,2765.8501889277027,2719.8121188768614,1263.9871895044346,1416.1179859978715,2450.916114881479,1653.9216901840773,1039.9453152076812,1284.7449406840453,1811.826358163796,2158.103210487383,1764.9524467543456,3490.50807296341,4387.225353337411,2295.0618266949796,1722.0795934908747,315.8284479508821,2530.7611794191234,1264.1471663955135,997.0000284187255,1745.736937993327,1348.4242504777064,4167.867926294986,1162.6504053682288,1573.5766232998806,2189.1491063483136,2378.8366152262984,2176.7555679689563,3135.4940000902384,2479.07011350794,3327.8216754739124,796.687203481862,3657.142692880964,3224.7079123806207,3666.4790839834573,2899.5851466817953,2659.8270805898596,2509.6116814042975,2252.6789333284855,2191.4595524830806,980.9387558201394,4176.9006545468,3642.8839441059577,4403.060404857372,2191.5400571321215,2131.017566461105],
        [343.26769280765177,1862.7201514704855,481.03976812336487,1283.7486654625118,1853.5390314752296,814.4933549630177,512.9628128336561,911.523535285268,2408.0894113685004,1755.8909020057567,1454.4885778451833,784.0419842439965,3105.089744915438,2432.93838948338,2405.5802421461754,2235.63979616294,2150.949253597189,2270.7594664393123,0.0,1865.1966128792192,161.2858495628322,1723.833186978668,2142.209969193853,2280.4368730662377,2247.4912581452045,1228.4519912335331,2277.973601717403,1810.1012865692028,3351.4681180729694,1206.4233622796942,1042.4339437852257,644.1814103808481,3276.2232720305014,3422.819515521854,3350.988053402617,3673.7191587196794,610.4159239712477,1429.7279565873844,3085.669626392343,1955.9531384843958,3180.480954276253,2026.3073317160831,2005.080052537368,3428.5488234916966,1282.3708585201923,3320.1561658062174,950.0950438014607,2634.2291735044705,2142.386736038469,3242.9832873634396,3055.9592713200013,413.02907350576663,451.67911616817116,2711.4470694464485,2984.6565720425956,2141.573000268913,2901.4254848174496,1440.942339294273,1310.668075657433,1805.7511184761463,725.2251444070633,2916.7807088931822,789.6715370669552,2849.8451519761475,90.81027820226419,3001.3408393751483,2672.290495336937,1418.8617072275626,3140.132740100485,2229.464739695453,343.26769280765177],
        [2205.9184280295913,42.999342538125696,2321.970006163833,2708.699678138671,2307.6795770067297,1276.5023259751067,1732.422056549548,1376.2502676415158,4223.923139530497,1876.6603774648158,2304.4480191952257,2638.4531443545643,4780.951564394931,2489.1829589162926,1960.184050142241,3968.860611120902,3274.110788465037,3405.0831656086993,1865.1966128792192,0.0,1710.782455160657,3306.7794788966194,3185.0650347181495,4117.11487916803,1808.9537562421467,3014.9670867441423,4138.709659555486,880.9096401627711,4023.8892234789064,2922.229208085766,997.1039946945887,2038.2355841843341,4424.438429050735,4139.456310757567,4942.244808370825,5289.783191790937,1869.5138809770904,2701.2942369319853,4678.116392273803,1469.8560705880361,4790.218929803899,3091.0416971204195,1272.3499854557297,4178.193988193656,2539.000945008629,4896.306637213417,2492.2552435898715,4143.451899508243,2586.774777632539,3570.8001820808195,2822.180279250409,1460.6182009004667,1535.2728425153496,4566.166141296762,4809.00423269517,3885.639675894868,4186.297629565608,1433.400257595845,702.5843856196816,556.7683204076,2155.53795359123,4766.73274401246,1105.7231732275352,2499.9713842281913,1934.6956596665711,4345.705212004445,4195.331662207579,1464.7799748176687,4746.910277889152,4075.010710477671,2205.9184280295913],
        [495.25132378879,1707.2313023924908,618.1520989109692,1399.7405023338497,1780.067249082068,722.1055838889863,519.3992566952954,844.6095380265755,2543.9465056434074,1648.5695843270387,1410.0981001792031,930.2137278238614,3213.517346459572,2340.0925073270114,2278.415822567273,2392.9364296563613,2165.277963605741,2288.770681374141,161.2858495628322,1710.782455160657,0.0,1865.6013789257195,2145.4852074144637,2441.575057831549,2117.5792849199415,1351.7100128576378,2436.6343353998664,1652.4460998739587,3329.339304019547,1310.197983062649,882.6726953756777,636.7899169683211,3307.9748136560524,3406.0481066906414,3445.9584194604345,3773.8063116186904,561.4406307617783,1528.9947978444752,3234.296686129122,1816.740402305211,3277.8033070645956,2030.0481214730617,1856.6538159708418,3415.3374158646616,1292.479047576186,3412.574824488351,1004.0677632808779,2774.3246697379245,2076.805306599312,3186.175293340084,2952.1068483840963,253.09378025918224,308.1924479366719,2871.190286443532,3123.518481614069,2299.4339157350246,2948.0274547323324,1381.6565721254792,1176.8548968817113,1673.4645306112668,817.3844143063831,3063.2147326952663,628.8584943981341,2735.5647566008015,224.07609660711537,3057.126639643701,2813.790861515999,1363.5061041057395,3289.988195511467,2373.9022800543034,495.25132378879],
        [1543.8725105951166,3320.3041375454827,1592.2206873021973,617.2474004525743,3448.056737755036,2030.546202464693,1594.8089445230967,1942.7319697421692,2246.887395282092,3443.463950350616,2976.485000242093,1455.6277868946447,3239.4369605869133,4071.846676349303,4121.8575055042775,761.4968296640394,3307.350859906259,3387.9947160234815,1723.833186978668,3306.7794788966194,1865.6013789257195,0.0,3366.618800262214,1234.5712741700565,3967.03316973148,1786.1810334435258,1477.7162369544344,3489.9525454391487,4633.947080117025,1971.8797960573936,2716.4501749445453,2191.156633075585,4186.128250973399,4668.689349273305,3625.827047933076,3844.854072978621,2250.2810077857152,735.2509232524616,1385.2689863839323,3679.732882807988,3449.1494418129646,3262.2660020557655,3720.7254740030016,4651.554083799811,2609.3375614259176,3630.0936165485164,2169.291488303621,910.9155398991805,3696.482287178967,4718.296495184197,4719.25624157664,2073.8920609406455,2172.2951382701604,1716.5569128299312,2627.640574232409,717.6702763301163,3726.54501981319,2145.1997194834025,2614.4656982125025,3007.5812878497673,1158.9416498983846,2394.9247764877637,2421.0695684008124,4541.688444480574,1721.0600540244632,3733.9685449132876,948.4981582203395,2103.6030937790456,1448.5799815858315,1939.8032289565942,1543.8725105951166],
        [2034.7802194616063,3155.0953589762544,1903.3651599534085,3207.6797329362253,1017.7096182193128,2810.1010592916246,2651.4243143484014,2965.6199852357613,2196.201311909943,1464.576847961922,883.2078016927597,1926.252460346592,2089.600574233519,1430.2462101541437,2016.2742834967346,3455.2345051306265,148.32185432732987,243.87615824808276,2142.209969193853,3185.0650347181495,2145.4852074144637,3366.618800262214,0.0,3086.4369586474336,1991.6930048366614,1614.9376394459223,2851.472627174928,2484.12972414888,1269.3756393248461,1407.3889551580032,2243.9615764312643,1508.9290176539305,1241.904467888791,1314.952624057215,2048.708671113317,2396.8663812345026,1604.2976807053903,3417.910557549206,4424.4497457226,2052.1458327841256,1953.4172027564912,115.91287063948495,2288.639629036296,1308.3195635289983,860.320207785193,1983.5756075718944,1256.6622988767617,4175.4020248006245,926.8449446363776,1460.121764237455,1983.9590536855915,2215.3849097624,2008.9059186281322,3238.9881032059443,2652.1523703256275,3358.4644120019625,1036.4083345041752,3497.734505777049,3031.9145090963193,3463.5984247329307,2799.7230501698787,2815.210719678447,2320.591034804829,2029.6327213910142,2067.534077366063,1223.7545554633036,4188.007641671619,3485.530414491999,4444.78179741744,2306.8909167828347,2034.7802194616063],
        [1964.1097675844437,4119.94658901404,1900.6789585706422,1734.0900951720262,3528.201506750819,2891.874578838556,2416.600899118434,2866.9120567070445,1262.7046527410198,3681.804611788475,3033.4758351545315,1603.2143500201778,2249.444326512922,4165.687227336755,4413.331833803103,620.5795525649872,2981.130181531844,3017.7918852405824,2280.4368730662377,4117.11487916803,2441.575057831549,1234.5712741700565,3086.4369586474336,0.0,4285.809080632784,1554.6963722139924,324.8413574170461,4059.734030147303,4268.557181711131,1772.0737523158818,3312.440414270698,2447.120227656165,3563.286458500872,4268.003333359974,2669.1892728766716,2818.8052120310826,2576.718644796832,1923.1187398096508,1438.3250748927874,4076.778747448059,2507.0611805682324,3008.3833823859086,4187.137132810065,4232.207647755463,2566.2742952008052,2691.7040121236587,2189.849882698287,1440.3165114244625,3698.280907890825,4542.73821734671,4822.480934509394,2692.899364606767,2697.7235187039564,495.3050099245691,1477.0054785521982,585.9565562228872,3093.6269064859807,3205.0618687241035,3482.4346104790807,3940.8721427763107,2052.500247836236,1205.5657189102863,3069.938795518882,4723.126586825882,2228.8913819804434,3037.8020551058466,1417.5502801250664,3165.4285581336117,1434.3225750317017,969.4479790043532,1964.1097675844437],
        [2443.220100499924,1766.7102136169592,2442.152252976208,3515.2121382166897,984.9009573215935,2327.815148987439,2531.895384028002,2510.487644300161,3843.8441856104855,625.7328049388884,1366.2506524640191,2700.658142593413,4020.223003149409,761.7301584943036,171.7670238713925,4401.595658269471,2129.154433259583,2234.797854937161,2247.4912581452045,1808.9537562421467,2117.5792849199415,3967.03316973148,1991.6930048366614,4285.809080632784,0.0,2782.5323106609026,4168.5481765266795,929.9930553621368,2398.0371084316234,2588.8863692274035,1412.490118931087,1849.5654166717625,3087.1008266316917,2527.531690664691,4030.338328173748,4381.954042524783,1744.591058244972,3627.204674339477,5306.163259690508,364.7628431344766,3921.8290736524123,1948.3577434003605,538.0145003536036,2581.6679700166756,1838.6953447321982,3967.547997292962,2118.396474515011,4877.901123563399,1100.6768834576744,1825.6719029967876,1020.3817752395688,1954.1374054957525,1810.3743488945088,4612.766118900351,4395.172618702933,4302.1908689594375,3007.4940733006824,2882.8339355499147,2114.030123623447,2310.522548885075,2920.3843422044815,4472.824723198035,1707.9626135289986,712.3952440802817,2245.9733441883945,3204.787149407827,4913.932098395601,2895.5588400911524,5354.620279641948,3828.6838234019865,2443.220100499924],
        [910.4536662747435,3004.542308210686,751.7442221805225,1761.1466955045614,1976.270066983819,2038.4940652986932,1651.3705905398506,2113.485190650165,1209.444629544422,2163.5605170382287,1483.5977681747702,514.1893118602661,1888.9462649483764,2611.9897641674747,2897.231894215993,1848.1879117349931,1538.4910637716787,1609.4225161212782,1228.4519912335331,3014.9670867441423,1351.7100128576378,1786.1810334435258,1614.9376394459223,1554.6963722139924,2782.5323106609026,0.0,1393.8030648544666,2718.368506065143,2867.6541629032026,219.54378551859318,2061.4332482407804,1033.9479668187162,2419.983142588726,2893.9830069635095,2168.0337716226427,2473.6583495155983,1196.4454055346753,1996.079636640462,2818.1056993885013,2616.903820319542,1991.8336345319663,1520.1837437723352,2763.855093835844,2873.140764306637,1011.7743896765222,2146.00567772976,664.6797937116474,2562.3783459927063,2144.6117740665827,3037.566516090486,3268.0586042480827,1578.9144309036817,1479.694265565553,1833.6409886483757,1795.3706924063436,1749.8545528581005,1973.529146007786,2616.6647800023297,2528.242139322548,3024.931966169373,1558.4054597490442,1779.6140141135368,1910.132983771546,3176.125859406145,1140.7512462426182,2011.7911176694208,2573.8000952339585,2588.296026409428,2842.6850644333667,1092.5498942218353,910.4536662747435],
        [1944.9442857689605,4138.16559995802,1856.7783843178709,1914.794968834769,3364.9230635516883,2951.93979010648,2480.40394545912,2947.0979998872776,939.8300517267577,3553.76563366521,2875.1406019919614,1543.4024263286883,1924.6681575048945,3996.0161710503116,4287.676032472747,936.6009802455532,2738.572099823108,2765.8501889277027,2277.973601717403,4138.709659555486,2436.6343353998664,1477.7162369544344,2851.472627174928,324.8413574170461,4168.5481765266795,1393.8030648544666,0.0,4011.6634071513254,4004.1930055776297,1602.313954889748,3285.371014953969,2357.784115049396,3263.5286719774226,3997.611713235035,2344.3713367259834,2496.028549434349,2500.218521452608,2122.2746215371685,1753.428115068601,3982.3248449618814,2182.537168542055,2780.315691258213,4109.247678235776,3958.943387696962,2397.439402068216,2367.118577838113,2052.373590885008,1762.9193037189773,3514.170472146157,4311.52274606072,4647.889607247358,2689.718875623653,2669.0355331072674,447.33182895697877,1171.5262642431994,890.1873036481788,2795.6540972617004,3325.389275328348,3531.864524476867,4004.9836522477503,2153.173783729218,919.0415090512192,3063.5236648834602,4567.519189109842,2216.2051765247998,2731.716026523267,1741.3332863164005,3287.132771490101,1744.7876786957872,653.2348894058678,1944.9442857689605],
        [2099.705174450072,839.1331791281173,2160.9538095157363,2956.2161862086855,1520.646110860227,1597.000361593279,1923.1360597082328,1763.580432418326,3900.2003601457473,1063.5153700471278,1644.6811097768518,2469.1114022715883,4296.160830256345,1617.1074348042018,1085.863954355175,4045.3561543080423,2594.1042312902196,2719.8121188768614,1810.1012865692028,880.9096401627711,1652.4460998739587,3489.9525454391487,2484.12972414888,4059.734030147303,929.9930553621368,2718.368506065143,4011.6634071513254,0.0,3191.2096726127447,2572.0252528330384,774.8071450768329,1684.7003166940826,3696.964067649767,3312.0597576589576,4394.483136546235,4748.705051911321,1526.0150339182364,3018.7403172573468,4871.613830078564,590.2741068413696,4258.715307630239,2405.148074867987,399.06323543650126,3356.1069403469137,1996.316815742119,4340.6356754450435,2093.5546740916234,4385.918323167347,1770.0974131628243,2701.4514074229137,1947.7949355494652,1421.4265162867425,1368.308187645286,4456.967646203242,4482.101280219579,3951.6142577217165,3516.077028452273,2045.3775752710196,1246.9884896698513,1384.684284670046,2353.4283657118185,4495.530359268184,1070.4394479451046,1630.3500361477707,1845.1196363632243,3693.287595176715,4430.033074273069,2064.5978130419867,4930.567987907112,3810.906019306203,2099.705174450072],
        [3282.9990951181517,3986.8012685516524,3160.1427169943136,4471.0343233528865,1731.9285341181462,3934.173278846892,3847.210217084249,4104.48214024107,3220.0613740832714,2147.2454211468516,1934.1196559556038,3195.531079779352,2758.309538695626,1637.396053413231,2327.446165444614,4685.989712369503,1329.518155252422,1263.9871895044346,3351.4681180729694,4023.8892234789064,3329.339304019547,4633.947080117025,1269.3756393248461,4268.557181711131,2398.0371084316234,2867.6541629032026,4004.1930055776297,3191.2096726127447,0.0,2667.2229660971116,3214.6395568393923,2707.327223316164,1109.382206279039,135.1060500289506,2522.7900215530094,2796.241309653085,2769.132367089445,4676.882218510103,5649.9152058897325,2630.6356100662824,2516.1570813770895,1377.840609300851,2873.4018690848475,204.98707540686138,2095.9678503678992,2449.758360992084,2515.934122108194,5429.290313309546,1438.5152764632148,737.7699827077893,1788.6318500032319,3352.0273830197425,3140.606652827598,4350.916365641543,3551.6297142575236,4591.701534214902,1399.2217847200054,4618.596464942552,4041.6424594447867,4409.644376594242,4038.7029343815434,3780.342769542646,3370.965532151201,2025.3612410073436,3284.8115656566006,1576.6890876012656,5439.256717546504,4612.371269912922,5664.621369951177,3400.8838565648407,3282.9990951181517],
        [922.0137963204987,2909.03621039183,756.87197602685,1898.2433091470918,1763.212229170947,2020.4283631514343,1668.9950640075886,2112.941210371142,1329.270543822645,1966.570209667075,1272.8735899629903,601.505039205705,1903.407806644994,2397.005101048693,2698.899824185235,2064.7726999545785,1338.021951237657,1416.1179859978715,1206.4233622796942,2922.229208085766,1310.197983062649,1971.8797960573936,1407.3889551580032,1772.0737523158818,2588.8863692274035,219.54378551859318,1602.313954889748,2572.0252528330384,2667.2229660971116,0.0,1948.5498237908992,900.286547637203,2271.1841938289845,2698.032500058344,2145.9629973075835,2467.3070021520084,1068.6297828665,2127.904134793667,3034.3662416312936,2437.8286572749016,1974.4907796840507,1309.6704275512056,2594.760879818742,2679.8757504105224,796.5253589031882,2116.96285578559,484.6233994549028,2768.1057876962263,1926.3493879124294,2821.066094824434,3052.0251371062946,1518.3477661910038,1394.231978899559,2038.1691837023297,1913.6162916248945,1966.016778609633,1837.9829423176286,2631.520536612521,2475.3705017324946,2970.7348228713445,1633.002502725693,1927.2223530544154,1825.1899903314365,2965.2166490392324,1115.8746594586412,1895.005575455178,2781.224466662698,2605.813688027264,3059.9028012793938,1253.1715095417082,922.0137963204987],
