{
    "drone_dist": [
        [0.0,4026.4022352303473,4122.353429284787,4284.64078213406,2302.702326376601,3540.8472705379836,2510.014538082425,4153.46686647129,5453.8760765634715,5432.531898576381,4543.06183523325,4340.8396630521975,2301.2373054740337,5498.031054225629,4446.671846021191,1942.126845012942,3685.1950233570215,1066.783283201049,3214.6854030796558,1850.2666269660742,3057.6421572662543,3361.025252110198,4210.286783438263,4631.1612750974655,3955.589688015612,3873.3135779795844,4383.684665266866,4275.057627166669,1457.7541988389798,3983.2038807561257,5128.909662618032,4098.922401102332,4015.1436606137586,2774.263446712054,5825.296274340682,3054.077636487554,4708.4866085830035,3196.5020122400215,3674.5311104154644,5199.49922886846,3072.0796451241213,2545.5716846734767,1783.219080684666,2788.093779156759,6377.563349994338,5528.082082085641,5036.102490411171,160.00239787531024,3067.1274680419965,5236.958139733436,1749.6763462369704,1747.7456862928293,2094.935800144027,3316.718427781849,5209.815639241732,4449.920674473091,1649.625448635607,3172.6630537527753,4673.7562689012475,4217.604028932689,0.0],
        [4026.4022352303473,0.0,2509.6785341956493,329.97633243264005,2181.151708202221,1041.5255757380114,1781.0259036723367,1982.8283068518679,2310.3439674268166,1717.5672171449094,1395.0009510913317,4007.5506002120615,1762.088191107223,2895.473777910613,1582.3318563987339,2388.929300727646,3343.242315357723,3163.978974908407,1880.5207675229246,2587.7853159596752,1888.5422766905851,4246.1579096521255,1580.8633625937352,1082.3800722767364,701.0034224204953,1192.3971361331796,923.5833930962283,2940.914105253892,2604.5691389336653,436.51319748687524,2036.6020529246096,814.5244226539318,1669.5302755189318,3121.3651428363964,2491.0937992043087,972.3298880163243,1132.1559570184713,1533.9337043980354,2067.280045080469,1716.941436246573,1022.3038013490208,1509.3347605956899,2544.7232814409804,1444.823814443065,3054.7873739820343,2262.185455039493,1568.5993648643519,4124.277141215277,1728.4990331749307,2963.0122186922713,2422.7693575098683,3579.56009891473,2213.777369669947,1724.3442614920589,1249.0197570591306,722.1608779055572,2525.5457422825043,1166.8028319474065,3079.3575568267947,764.0042713211376,4026.4022352303473],
        [4122.353429284787,2509.6785341956493,0.0,2393.9685645986247,1904.9325663546601,3273.3427507021297,1929.1600218984433,567.29273770801,1736.3920836078619,2346.958123138566,3903.3848342021765,1574.081448149805,2389.6067563493625,1439.8589467974898,4073.8755506190673,2255.925826045973,1125.9963505254566,3836.4842896904697,3917.373746086921,2291.1529661649824,3837.6755415126545,2285.3157608786705,4029.9908508514395,3575.6259958377887,3152.0239768584443,1317.2827623215853,1802.3808560663308,431.4742861077566,3283.1152003117836,2912.1903836249276,1514.1907298951508,3298.8162587470997,4058.4536408418953,1604.9886124370848,2148.1228953455593,2428.627858642484,3615.0930657613553,1330.9257158840417,567.7841156609129,1942.105851108045,2114.0404398989986,2326.679295376157,3635.652148772472,3093.164546823016,2563.867982079733,1889.1615236263651,1863.4258530244776,4275.357258492433,1299.3877311833926,1122.1188193837809,3396.604247833181,2681.9973587692434,2156.8242075725825,1073.799663490599,2694.560624877311,3210.0298441533932,3449.5483367675192,3125.778945333727,660.8664876555629,3269.849764671688,4122.353429284787],
        [4284.64078213406,329.97633243264005,2393.9685645986247,0.0,2330.868705226681,1362.3703523517404,1947.809418477947,1842.834182444718,2013.1726512548923,1387.752779117061,1573.3477095012713,3933.098483133253,1995.0245708575437,2635.9636334336724,1792.8524816861675,2572.974491967332,3307.2417958473047,3454.0911535435152,2204.7336852608814,2764.2571212746493,2216.5630372275978,4271.613786265069,1826.9236573401133,1196.1341890149638,978.9970582400374,1100.0756643845866,672.3953106349123,2823.9580621276095,2883.3189580671633,718.2733810472397,1754.666217044865,1059.2791212962343,1941.132922134128,3176.500586705543,2174.079208877304,1243.0286843418844,1228.2541896955408,1583.4389601559362,2006.5530745863405,1401.4420252066761,1228.7560112732556,1744.5284435495155,2853.1428915716697,1765.9596958995157,2733.0247200138915,1954.5028404796335,1259.0884390304652,4388.471259437456,1786.4598519228307,2736.1550412743077,2720.731884079753,3727.724909637794,2394.937691921577,1733.8854511196255,942.2410407275627,835.1711358585849,2822.0786466356076,1496.4322267824357,2923.0849961288836,974.5112036817051,4284.64078213406],
        [2302.702326376601,2181.151708202221,1904.9325663546601,2330.868705226681,0.0,2287.799624216504,410.73967809979507,1856.2665231373708,3156.641163123533,3234.4737013414947,3253.567496204872,2672.472231682604,743.9053495437698,3212.7214920041733,3298.773543957059,363.5594540033573,1897.995301479922,1934.1601770758205,2578.7563388186577,479.07085801375393,2448.55523635541,2343.406963752884,3144.716490734152,3127.480897737944,2469.0773176445455,1626.735485030722,2215.078337751917,2157.172423631932,1402.2173404172029,2353.6156185137975,2834.605024818362,2644.107399959621,3061.1249369878747,1203.0175564542828,3536.2552579643025,1383.4662302415313,3196.1578501164136,920.3896056002214,1398.492699253278,2954.190766504279,1180.5369760623064,880.3558370288567,1828.6547372572202,1724.2256381484895,4080.3550412562226,3238.6056767536234,2797.563111887822,2445.3435272948914,768.6990379986471,2983.2932098387178,1581.333487600825,1399.5569300137743,255.69889935509465,1014.3284796232327,3154.323138696943,2823.365821886742,1611.959909651248,1968.496690752393,2525.870653487524,2703.2829181241727,2302.702326376601],
        [3540.8472705379836,1041.5255757380114,3273.3427507021297,1362.3703523517404,2287.799624216504,0.0,1894.1411047382503,2817.2033796627716,3344.0936845678443,2740.106390811175,1030.2299019410789,4628.666930253617,1611.2830467232168,3887.754079297383,1019.3148284721162,2342.6903761922617,3893.328172464709,2542.177639594995,844.292464348513,2548.5743067639123,873.4825896956331,4598.550270956437,857.8808550363409,1100.2226933292795,489.8509815623057,2021.7204144819661,1941.6567659752973,3689.5420208363685,2088.5583273307698,675.7330714664286,3059.551587241256,583.3691857232824,807.732701017604,3439.103790263867,3532.5950923496707,941.1327426970926,1177.2315279262546,2037.6374225630832,2748.1320927359766,2758.464803702298,1237.1905580031087,1413.4379319736709,1833.1574755467368,755.9237027047927,4094.9584921824157,3301.860981334578,2609.48486776987,3605.8715341230172,2177.663189614466,3908.6166076189306,1799.3271329187705,3570.7472799241664,2201.3360427257157,2290.4324904204727,2190.6255194707537,1002.2121623169186,1903.2052910461578,375.2687012179354,3901.262343886834,721.7205681164671,3540.8472705379836],
        [2510.014538082425,1781.0259036723367,1929.1600218984433,1947.809418477947,410.73967809979507,1894.1411047382503,0.0,1758.2079577471393,2964.8490664937704,2938.7772733651464,2846.8531216187357,2914.847018925656,473.2802739313642,3119.14861290249,2898.835506647549,631.9394690591091,2142.3453024636174,1967.1160233119274,2249.1866073121505,816.8373927386067,2129.716527285862,2710.98486025953,2752.0218045522092,2716.744988704351,2059.57196517431,1363.4132785955412,1898.2585638284413,2245.4490534070055,1382.3844373203444,1943.0747242447835,2636.2397544420196,2234.7158612222597,2679.111210540773,1554.721893368346,3323.9670422204226,976.64216920083,2785.4729303348154,711.961286394548,1374.6284519062608,2690.4595770979495,771.559235972672,515.209256703966,1706.7197626836971,1382.137388935903,3885.1577595425497,3027.9548482369514,2527.9841646177556,2640.688235100124,644.9287640850911,2938.2076118213613,1467.5721887334835,1799.8052187975115,453.558572618181,900.1348205168764,2801.9307822984483,2413.8814427197685,1522.944653563394,1589.8827625021368,2581.1235115669338,2292.6911819770794,2510.014538082425],
        [4153.46686647129,1982.8283068518679,567.29273770801,1842.834182444718,1856.2665231373708,2817.2033796627716,1758.2079577471393,0.0,1382.4183522310188,1833.4708919355164,3377.154621410303,2140.5672814542822,2174.7877925206844,1363.7271635290147,3560.841799797362,2219.795319177652,1638.282518161502,3723.8644972583747,3517.5227985248835,2304.715732709811,3453.7717835609255,2763.4462173448915,3534.106591873921,3033.1570833161923,2648.4703596201584,803.9256071214605,1236.3540162840416,987.7988189704815,3140.2703829886837,2399.3268984690417,1098.7723913689363,2786.562145983095,3580.8619523657076,1918.1249265312667,1791.5398968297386,2041.494795307012,3069.3566757579606,1063.0955976152738,513.3196213815489,1441.5561137463108,1741.3036364481197,2057.6687645840607,3421.4514587894905,2735.1526203226335,2284.484441135059,1505.3798703590792,1341.5125927857125,4298.803540585874,1120.2366250746657,1196.9040581209554,3195.087235254852,2893.216802386658,2085.814628543243,861.5408958771951,2134.7034240365315,2668.2113485267187,3261.9114580806545,2712.8756884853747,1098.4440187281568,2746.721158261956,4153.46686647129],
        [5453.8760765634715,2310.3439674268166,1736.3920836078619,2013.1726512548923,3156.641163123533,3344.0936845678443,2964.8490664937704,1382.4183522310188,0.0,972.3995878038559,3507.193209465085,3110.606441087593,3295.9275240872544,801.4652489588989,3757.0668993869795,3513.145118139056,2845.971691509923,4897.817146087656,4166.990785227104,3626.7087310660554,4152.362088010778,4013.416089803905,3824.1149612597474,3074.739540791874,2992.1081028763683,1633.2421853283606,1406.917166787097,1983.0123449862253,4297.471953744664,2730.0913457033444,330.1749552474037,3065.7036179383576,3951.901690827426,3285.7695111322537,413.8962926168512,2872.378215979209,3077.2130458683996,2260.52301894284,1895.1992248191646,664.095336084449,2651.9229656513103,3112.7791736214585,4469.509570548342,3555.1807722783988,923.8383690784698,178.48864399570215,766.720924078739,5591.870744346173,2388.436188195112,1128.9927237144643,4272.306564132092,4274.571006320149,3359.3469816166717,2145.076661541431,1626.7134950683417,2761.967331074284,4355.939024808175,3392.2180424261055,1781.6445276550176,2966.191789101046,5453.8760765634715],
        [5432.531898576381,1717.5672171449094,2346.958123138566,1387.752779117061,3234.4737013414947,2740.106390811175,2938.7772733651464,1833.4708919355164,972.3995878038559,0.0,2684.031431794098,3872.231644403657,3148.6232923982834,1770.1852384999843,2951.1639118085723,3555.740451001542,3463.4922651902925,4715.056898638705,3584.3988499091365,3711.614488671097,3602.4764878106585,4596.866493544238,3058.559867056983,2237.4023859993486,2312.5326096385197,1612.0791004871076,1049.613249501644,2695.208505533355,4121.2738599398435,2072.3983331232785,935.3271766016422,2343.7182019425786,3220.5645867790818,3692.3257896438054,911.9514386826773,2527.568531789033,2225.6725015648467,2321.901784531636,2275.295030807337,410.42239694090415,2400.554780650816,2921.2400404475557,4174.756793096898,3130.5551121277863,1401.2885708073943,822.8495379432782,493.1628374955439,5554.142418949483,2502.927584595077,2058.18727420833,4015.062124768523,4529.306144036949,3382.6978875511277,2315.6326200890257,696.0415590822083,1972.276991246716,4110.8882158963,2882.1416005586466,2594.2509879721906,2221.470385483315,5432.531898576381],
        [4543.06183523325,1395.0009510913317,3903.3848342021765,1573.3477095012713,3253.567496204872,1030.2299019410789,2846.8531216187357,3377.154621410303,3507.193209465085,2684.031431794098,0.0,5380.53108265202,2619.3395245790452,4188.578343868421,279.43254930557043,3346.5501513033823,4689.307444996429,3516.800125844257,1481.4659069757263,3553.953321254899,1603.3282861970092,5504.3979737060945,481.3831957924852,448.3977219188436,802.8233043418244,2586.4315526640867,2244.9993195143225,4334.267097762794,3102.2711491714335,1001.8805420584467,3286.855772491903,631.593742419047,718.3174637411734,4350.143089544675,3580.543888182004,1870.3735362125149,474.680673584081,2830.99775274121,3443.9076323639897,2851.5416839635127,2111.790085006547,2402.9714155813044,2791.7996989864037,1778.7722848211235,4083.393065350494,3415.2620313707353,2741.3608591452257,4598.664107629948,3004.2955869596994,4308.095575896548,2793.5075538032725,4579.654796859155,3195.7618343390845,3055.511284378775,2006.0557397404302,750.628140945889,2894.506964760543,1404.5907309073905,4472.214862077549,634.0991275551524,4543.06183523325],
        [4340.8396630521975,4007.5506002120615,1574.081448149805,3933.098483133253,2672.472231682604,4628.666930253617,2914.847018925656,2140.5672814542822,3110.606441087593,3872.231644403657,5380.53108265202,0.0,3374.073046119791,2509.8864145450766,5522.194896183468,2910.7384950479304,775.5064465495276,4440.991712746224,5141.305819019955,2828.3420559937504,5032.392685008329,1281.5104107387767,5444.160850673223,5088.599723887435,4597.059091775567,2834.5603494331763,3370.66003696529,1180.4389414115724,4010.3408360766034,4378.684087732084,2972.8432604523546,4757.01395872719,5435.217207401243,1614.313234785183,3488.636609606052,3707.0846163481115,5134.429005545606,2591.4021450643986,1940.2996467792295,3461.9085159573715,3396.5342919811637,3416.7372426076,4487.286791226573,4274.907889695265,3755.49483106386,3284.3454040105266,3405.085864355374,4500.483971371794,2457.522454865205,2089.4907922767516,4240.724160717254,2607.1320122595303,2906.361031337946,2343.4413062880567,4265.3105876013715,4724.810875254271,4258.898625899879,4407.476436108207,1333.22558412406,4748.73814098195,4340.8396630521975],
        [2301.2373054740337,1762.088191107223,2389.6067563493625,1995.0245708575437,743.9053495437698,1611.2830467232168,473.2802739313642,2174.7877925206844,3295.9275240872544,3148.6232923982834,2619.3395245790452,3374.073046119791,0.0,3521.747135636867,2630.5805385812887,731.4977832533206,2599.33032425989,1602.6690622242738,1835.2477631000181,937.3529765387909,1704.6975478815655,3083.4059929670966,2456.0109109185782,2559.804399144696,1874.1394082036097,1663.6890037045855,2099.9117337686134,2715.9569625253857,1001.7373867338581,1815.7996158255435,2965.8018830630654,2043.880135036559,2351.823899377276,1946.9099515390296,3631.249379793348,814.2040652602365,2633.48654645308,1111.6974716954073,1828.2123744964463,2948.5455455107567,771.6996471351366,252.75344223415175,1251.7397504350802,986.9635337054485,4204.128138964343,3340.3037538257963,2781.6840604842414,2414.313992807974,1092.1486720583491,3367.591821445942,1020.7205199512596,1961.2287730045068,598.7629257537643,1335.868894434991,2910.5203020720783,2299.0418109886314,1087.774237710013,1264.8569215914083,3045.452517355602,2127.498598994013,2301.2373054740337],
        [5498.031054225629,2895.473777910613,1439.8589467974898,2635.9636334336724,3212.7214920041733,3887.754079297383,3119.14861290249,1363.7271635290147,801.4652489588989,1770.1852384999843,4188.578343868421,2509.8864145450766,3521.747135636867,0.0,4423.238764634026,3575.9733956486207,2414.965375279463,5086.050001266266,4672.569713438008,3648.1929727973284,4635.307981154091,3564.9223966770774,4462.161391509489,3772.263108940507,3595.601955141171,1954.1073995826246,1973.5526041172545,1517.2417149726075,4499.443449157871,3330.425734087564,912.5128050802215,3692.828676414194,4564.581230217214,3040.2833163603104,1061.533435656524,3267.0652328316296,3783.4783337094273,2415.1376852575336,1823.500796278795,1425.9426682747317,2998.396107772293,3383.0680517189467,4756.8186261026585,3969.780568525565,1245.6597363543417,968.604065638837,1484.9883074555323,5646.239177779887,2483.865697876354,420.4015412599016,4537.517963276873,4120.74360803416,3446.982806965131,2225.151153349439,2401.0287987003044,3437.95641269626,4609.021263990833,3871.9617227591034,1200.2970555776433,3609.9966382467887,5498.031054225629],
        [4446.671846021191,1582.3318563987339,4073.8755506190673,1792.8524816861675,3298.773543957059,1019.3148284721162,2898.835506647549,3560.841799797362,3757.0668993869795,2951.1639118085723,279.43254930557043,5522.194896183468,2630.5805385812887,4423.238764634026,0.0,3362.004371778084,4814.82668947214,3403.5062999783772,1304.4694933830554,3567.829860043588,1440.6859015945436,5586.623534435115,253.54389976116602,723.2184643009505,926.2367472015867,2761.877051957353,2464.712143888911,4502.959546232281,3025.4380831112785,1162.4496085805,3527.5460649041156,775.2415237460878,491.62805014970235,4428.053968103965,3842.711520032307,1926.9949400798316,753.6344203392539,2948.7033154745586,3594.9184371693186,3105.729263600841,2193.69041715209,2429.9773038572544,2675.410166808043,1730.0455248696544,4351.851445753335,3670.2932786227466,2990.377609088585,4493.5346018348855,3112.0563216114406,4527.657950945334,2700.469952369562,4589.3584303277985,3219.894952110849,3183.8760378745646,2278.1635558352204,995.26165946594,2798.195542771733,1377.415164021507,4658.91704025488,822.9192510197282,4446.671846021191],
        [1942.126845012942,2388.929300727646,2255.925826045973,2572.974491967332,363.5594540033573,2342.6903761922617,631.9394690591091,2219.795319177652,3513.145118139056,3555.740451001542,3346.5501513033823,2910.7384950479304,731.4977832533206,3575.9733956486207,3362.004371778084,0.0,2145.83377998744,1599.2359279396012,2512.0366599731055,207.70405053197763,2369.8438838625502,2429.4794535828146,3186.6161461971556,3266.744020267272,2588.2463358809455,1958.9900595058625,2522.3619567005762,2488.123115026731,1104.3233592735935,2506.2612946689696,3189.4693964020735,2760.5252209678306,3077.3050766517454,1352.4353512755204,3888.9142635341186,1505.2226341731182,3338.7359345814352,1262.9559021559148,1759.6130364045323,3290.050224426909,1366.9901184653918,946.3174961694785,1581.228251832338,1696.9149601153133,4436.980743523928,3591.3374541798958,3130.770670483536,2083.4037566398,1125.1909237419072,3342.851788550587,1336.7363545122407,1233.657079126111,178.65614360951673,1374.979811921009,3433.869307612842,2986.408331381875,1349.030825437692,1994.791400958099,2865.38148842113,2835.824175433062,1942.126845012942],
        [3685.1950233570215,3343.242315357723,1125.9963505254566,3307.2417958473047,1897.995301479922,3893.328172464709,2142.3453024636174,1638.282518161502,2845.971691509923,3463.4922651902925,4689.307444996429,775.5064465495276,2599.33032425989,2414.965375279463,4814.82668947214,2145.83377998744,0.0,3699.6768335077195,4377.141630514547,2075.8206819148695,4265.198882139217,1168.2098243647904,4722.721300435771,4424.453336353618,3895.0388666323524,2212.7218013097986,2805.7102464594864,898.1781764428534,3248.9527039572936,3689.9239611855464,2638.66708385941,4060.073107801258,4701.06075053356,911.3610169729347,3252.6520024153815,2961.769071226586,4475.398272367886,1866.8408775802943,1305.8304810527616,3062.429253622063,2656.479208467984,2647.5472456335783,3717.266845147706,3509.353038112048,3623.043234355557,3005.16122304173,2974.812555987738,3845.1010044999116,1715.6720361336952,2018.5385386832513,3470.3148586919224,2003.7306483907482,2134.277327218362,1633.8199830850774,3757.930744745169,4065.3149005073824,3491.158770877738,3656.321289445207,1248.5134539250337,4063.4495967991747,3685.1950233570215],
        [1066.783283201049,3163.978974908407,3836.4842896904697,3454.0911535435152,1934.1601770758205,2542.177639594995,1967.1160233119274,3723.8644972583747,4897.817146087656,4715.056898638705,3516.800125844257,4440.991712746224,1602.6690622242738,5086.050001266266,3403.5062999783772,1599.2359279396012,3699.6768335077195,0.0,2151.871980344018,1627.9594225653657,1996.1316161656828,3712.145688903101,3162.3499034852366,3642.085784313717,2986.8226877964025,3266.282864050571,3675.4370332456783,4086.3187405301064,601.2570567773738,3050.874504525102,4567.644961245954,3116.672407193283,2960.2736212582263,2829.67225572126,5233.344672816699,2213.9682827018005,3719.2087879811775,2675.763346148466,3310.9917404380453,4540.487116054652,2315.3876768175933,1804.0015246075397,728.1318704615735,1808.9366534024996,5806.764985509077,4942.865345337307,4372.909300803672,1093.7856523230428,2604.7673756360405,4893.063249580828,753.2156311897379,2110.5116268023876,1680.24860915561,2862.991951920996,4395.847578205298,3496.5489087382143,647.8597938864516,2187.6858248517565,4459.555881045636,3244.420322751893,1066.783283201049],
        [3214.6854030796558,1880.5207675229246,3917.373746086921,2204.7336852608814,2578.7563388186577,844.292464348513,2249.1866073121505,3517.5227985248835,4166.990785227104,3584.3988499091365,1481.4659069757263,5141.305819019955,1835.2477631000181,4672.569713438008,1304.4694933830554,2512.0366599731055,4377.141630514547,2151.871980344018,0.0,2697.8984471028307,159.98236918214312,4917.180239530004,1051.8522558978698,1751.3155005857188,1300.898034885041,2751.8262651065584,2760.183786591697,4312.276312687913,1870.6590073160403,1516.6506466706448,3873.251921841391,1333.734087026485,826.873220885565,3781.2697362678573,4369.727153355939,1488.8357217153016,1820.0677950472939,2607.0604463005184,3363.158167314753,3595.5736237636756,1803.6538038215497,1735.0913021542308,1432.5916609812298,868.4397093152353,4935.266825216028,4132.715685021984,3443.6892843402306,3245.059923322904,2701.815433479057,4658.97288477974,1514.786443027229,3658.537291603267,2416.611838640793,2870.0166573388,3025.6237036315442,1772.4328192914973,1599.3078784777326,806.8893298423525,4567.5561605815365,1478.8475366047032,3214.6854030796558],
        [1850.2666269660742,2587.7853159596752,2291.1529661649824,2764.2571212746493,479.07085801375393,2548.5743067639123,816.8373927386067,2304.715732709811,3626.7087310660554,3711.614488671097,3553.953321254899,2828.3420559937504,937.3529765387909,3648.1929727973284,3567.829860043588,207.70405053197763,2075.8206819148695,1627.9594225653657,2697.8984471028307,0.0,2553.045761417179,2271.6550004134115,3390.6367327515272,3473.853160758765,2795.838413225259,2105.437288310891,2687.077274837996,2490.886309812856,1188.4099755147658,2712.265904990671,3306.75432767171,2968.182349947779,3278.293109265959,1237.1476040544171,4010.004555244656,1712.1721614375933,3545.7066104730056,1399.4287575944056,1824.8117960724626,3433.2614852513852,1567.1404699853692,1154.0146721652623,1696.8098458356894,1894.2666950125645,4549.768622802748,3712.427256937753,3276.550940442383,1998.0654052865348,1243.1437026575163,3395.5920211437838,1458.1046785460082,1026.005327569865,374.602114870024,1481.6374833182035,3613.11836260372,3191.8362951746763,1457.3877643510887,2198.6176186363978,2878.0033719527896,3043.0992283641053,1850.2666269660742],
        [3057.6421572662543,1888.5422766905851,3837.6755415126545,2216.5630372275978,2448.55523635541,873.4825896956331,2129.716527285862,3453.7717835609255,4152.362088010778,3602.4764878106585,1603.3282861970092,5032.392685008329,1704.6975478815655,4635.307981154091,1440.6859015945436,2369.8438838625502,4265.198882139217,1996.1316161656828,159.98236918214312,2553.045761417179,0.0,4782.293311566649,1190.0630777212089,1847.4848497348917,1350.9702421754062,2700.8362139709825,2746.285828943663,4226.5050285196285,1710.8423322972722,1548.7527729298042,3852.874307085133,1402.5633590560974,972.1454671525473,3651.571278839365,4368.478424431238,1414.6174487579324,1918.5243580956483,2518.5138936077187,3279.1412320005393,3595.413163629308,1724.985987634124,1618.3443161886937,1274.8408345124876,759.0025327113464,4938.258089558435,4124.856549420932,3440.4398956475015,3089.731284673674,2604.1233112087634,4607.809284137375,1354.8041441534835,3506.5653215743337,2279.380179014035,2781.470270771143,3064.0845499938027,1840.8319372237743,1439.4645958263952,764.4761441345073,4491.442191807725,1548.166054346627,3057.6421572662543],
        [3361.025252110198,4246.1579096521255,2285.3157608786705,4271.613786265069,2343.406963752884,4598.550270956437,2710.98486025953,2763.4462173448915,4013.416089803905,4596.866493544238,5504.3979737060945,1281.5104107387767,3083.4059929670966,3564.9223966770774,5586.623534435115,2429.4794535828146,1168.2098243647904,3712.145688903101,4917.180239530004,2271.6550004134115,4782.293311566649,0.0,5454.919314996526,5301.542296610805,4702.050831565624,3220.1361556310753,3852.1526661023822,2057.2054329368952,3416.262163489401,4533.976696127196,3799.303958809102,4875.34726534703,5389.705805534782,1159.5672558177512,4420.727169681632,3662.8808999906555,5360.988714770852,2712.2729939515343,2354.965659655712,4202.977234894305,3395.3119433593297,3216.9463372789046,3950.5850556693704,4067.4945240018014,4785.639597525144,4171.2750624778955,4104.509389783721,3514.8697281652067,2520.5706090694803,3158.033740850066,3719.679077524292,1638.630557886297,2503.701247781081,2537.8340796704765,4833.477486752151,4958.358068127235,3706.9894177537717,4300.7043471366105,2373.5894977039397,4905.445874025217,3361.025252110198],
        [4210.286783438263,1580.8633625937352,4029.9908508514395,1826.9236573401133,3144.716490734152,857.8808550363409,2752.0218045522092,3534.106591873921,3824.1149612597474,3058.559867056983,481.3831957924852,5444.160850673223,2456.0109109185782,4462.161391509489,253.54389976116602,3186.6161461971556,4722.721300435771,3162.3499034852366,1051.8522558978698,3390.6367327515272,1190.0630777212089,5454.919314996526,0.0,880.7689234764603,887.5600339208592,2730.5531290440763,2490.850478511518,4455.685398515857,2799.069618507192,1146.0814277713773,3579.1788953684436,769.9997561862967,241.39547016147594,4295.356012254075,3934.9636621500963,1793.2115727377372,926.9468739469239,2857.0770400687175,3532.172655941486,3183.50243533071,2077.2023720332304,2267.9336272172422,2434.32555133223,1525.290848320066,4459.044862398033,3747.6290991581627,3058.919385908211,4254.06240230246,3010.280340248933,4543.558866407688,2467.9923319890668,4406.798872414403,3051.0363422941696,3100.798365685056,2403.0705870568213,1086.2931539888025,2564.1577472273925,1192.0257203916863,4631.830879424509,858.0094556661611,4210.286783438263],
        [4631.1612750974655,1082.3800722767364,3575.6259958377887,1196.1341890149638,3127.480897737944,1100.2226933292795,2716.744988704351,3033.1570833161923,3074.739540791874,2237.4023859993486,448.3977219188436,5088.599723887435,2559.804399144696,3772.263108940507,723.2184643009505,3266.744020267272,4424.453336353618,3642.085784313717,1751.3155005857188,3473.853160758765,1847.4848497348917,5301.542296610805,880.7689234764603,0.0,690.4223093971522,2262.572501608263,1856.8478246027194,4006.9628403115316,3174.3698656591882,776.6627966628071,2865.0951249721375,533.4428017398332,1093.8551720810767,4160.686680742084,3136.807074165168,1761.7528156634773,77.34245364616324,2595.4031661427753,3148.6922726960615,2415.548589707284,1951.6974690763059,2323.602524789182,2932.5826196191074,1843.7909442767843,3635.8689938812413,2977.7377504923948,2311.17436217703,4700.733289633323,2781.9307856436444,3910.3052660844355,2896.975015822456,4496.055115415191,3104.3201374323357,2799.7116557668323,1557.7082352069567,365.60310424043644,3001.3482341621784,1459.5907853684887,4118.512684694147,432.33367289067473,4631.1612750974655],
        [3955.589688015612,701.0034224204953,3152.0239768584443,978.9970582400374,2469.0773176445455,489.8509815623057,2059.57196517431,2648.4703596201584,2992.1081028763683,2312.5326096385197,802.8233043418244,4597.059091775567,1874.1394082036097,3595.601955141171,926.2367472015867,2588.2463358809455,3895.0388666323524,2986.8226877964025,1300.898034885041,2795.838413225259,1350.9702421754062,4702.050831565624,887.5600339208592,690.4223093971522,0.0,1845.7567177703531,1622.381147231472,3579.999419560273,2497.847234486293,265.1999415119088,2728.91027072021,175.28266823127686,968.9815509066278,3548.780747107768,3143.461394149434,1088.813518775446,766.1911279387923,2032.135049298333,2668.703327369194,2374.764396215975,1312.2786491311438,1642.4003211530828,2293.0480666827175,1178.1697976503044,3692.3568175407563,2931.840760150781,2236.601086537779,4030.2439668189418,2202.6827338939993,3661.915781641723,2235.7249235779423,3820.658458787701,2429.624086668301,2261.962586191664,1726.8588555874016,517.7269825805093,2340.9117474635414,801.1831783620815,3746.720351543906,262.735292110309,3955.589688015612],
        [3873.3135779795844,1192.3971361331796,1317.2827623215853,1100.0756643845866,1626.735485030722,2021.7204144819661,1363.4132785955412,803.9256071214605,1633.2421853283606,1612.0791004871076,2586.4315526640867,2834.5603494331763,1663.6890037045855,1954.1073995826246,2761.877051957353,1958.9900595058625,2212.7218013097986,3266.282864050571,2751.8262651065584,2105.437288310891,2700.8362139709825,3220.1361556310753,2730.5531290440763,2262.572501608263,1845.7567177703531,0.0,649.4378832918802,1748.5345432694087,2665.4250950232995,1599.4475911118473,1303.4200623733411,1986.7671819258308,2777.7587906057483,2182.402903164803,1970.7634539535052,1313.558500886584,2304.8015578548816,710.0056274167384,908.1636224353311,1331.1939552027818,1048.3360611971448,1481.0296467752232,2846.343063685337,2016.6885426174772,2541.0476048117134,1677.882277779148,1171.9946577845883,4003.9255397680117,893.0198709316696,1907.4981312000048,2642.9754614190515,2926.652079401558,1790.851261883575,732.2655994596678,1643.48613396031,1897.1821627751906,2724.739701045964,1945.0376998394343,1901.290438757631,1953.29480825763,3873.3135779795844],
        [4383.684665266866,923.5833930962283,1802.3808560663308,672.3953106349123,2215.078337751917,1941.6567659752973,1898.2585638284413,1236.3540162840416,1406.917166787097,1049.613249501644,2244.9993195143225,3370.66003696529,2099.9117337686134,1973.5526041172545,2464.712143888911,2522.3619567005762,2805.7102464594864,3675.4370332456783,2760.183786591697,2687.077274837996,2746.285828943663,3852.1526661023822,2490.850478511518,1856.8478246027194,1622.381147231472,649.4378832918802,0.0,2223.506312463296,3078.7424161362733,1357.1819118896613,1118.0794176895886,1720.9027110963318,2591.314992043125,2830.9749805297565,1639.4459486977587,1520.8939645603903,1882.2677903275812,1326.8907211140165,1507.300897696664,884.8669726178962,1360.7510872829307,1875.6623052842788,3162.453518855529,2174.2917933558274,2218.487817863952,1381.8370640355315,718.966184768206,4504.682424826077,1522.6693815343326,2063.764051612836,2989.7960863256494,3555.762376166644,2346.935356466131,1380.7743327689982,994.2368589795702,1501.8636976198409,3082.71706667625,1988.2755161292257,2283.020441934838,1644.394044260222,4383.684665266866],
        [4275.057627166669,2940.914105253892,431.4742861077566,2823.9580621276095,2157.172423631932,3689.5420208363685,2245.4490534070055,987.7988189704815,1983.0123449862253,2695.208505533355,4334.267097762794,1180.4389414115724,2715.9569625253857,1517.2417149726075,4502.959546232281,2488.123115026731,898.1781764428534,4086.3187405301064,4312.276312687913,2490.886309812856,4226.5050285196285,2057.2054329368952,4455.685398515857,4006.9628403115316,3579.999419560273,1748.5345432694087,2223.506312463296,0.0,3557.2350900536253,3341.8426805739864,1811.2322016376793,3728.1422033365907,4479.4975711742945,1601.0537541352571,2381.0569135652468,2826.3898265176344,4046.1732674285263,1708.325361801816,949.6450231519345,2285.3570975594007,2509.877039821124,2679.150471270304,3945.3392869953664,3475.182212056381,2728.4466573601558,2149.8838053507093,2225.0055384861066,4431.78782010493,1645.4706954718824,1126.6910033842323,3701.8588257018023,2722.6101580782,2412.8573479723573,1445.7027695732138,3089.8304983511644,3641.3750325193428,3746.728186876226,3528.426222374557,403.00899449436395,3700.5751018271108,4275.057627166669],
        [1457.7541988389798,2604.5691389336653,3283.1152003117836,2883.3189580671633,1402.2173404172029,2088.5583273307698,1382.3844373203444,3140.2703829886837,4297.471953744664,4121.2738599398435,3102.2711491714335,4010.3408360766034,1001.7373867338581,4499.443449157871,3025.4380831112785,1104.3233592735935,3248.9527039572936,601.2570567773738,1870.6590073160403,1188.4099755147658,1710.8423322972722,3416.262163489401,2799.069618507192,3174.3698656591882,2497.847234486293,2665.4250950232995,3078.7424161362733,3557.2350900536253,0.0,2531.018242341989,3967.3193144917695,2641.7090446729403,2622.216362291876,2425.412977274433,4632.092314501682,1640.319512337066,3251.6659936520077,2085.185996531399,2744.4479334481452,3940.792982648573,1720.7357331823257,1204.582956303001,547.7268887127042,1333.3553921966188,5205.650415673851,4341.701334203204,3773.322304160997,1536.09671684908,2025.5997963068428,4318.9352463302,363.0382501043004,1919.0598446436845,1147.0839916091177,2282.2305497607726,3822.282566729352,2993.888760560222,307.0408285614976,1717.6150230835478,3919.1374204178987,2759.852582949604,1457.7541988389798],
        [3983.2038807561257,436.51319748687524,2912.1903836249276,718.2733810472397,2353.6156185137975,675.7330714664286,1943.0747242447835,2399.3268984690417,2730.0913457033444,2072.3983331232785,1001.8805420584467,4378.684087732084,1815.7996158255435,3330.425734087564,1162.4496085805,2506.2612946689696,3689.9239611855464,3050.874504525102,1516.6506466706448,2712.265904990671,1548.7527729298042,4533.976696127196,1146.0814277713773,776.6627966628071,265.1999415119088,1599.4475911118473,1357.1819118896613,3341.8426805739864,2531.018242341989,0.0,2464.610424523,387.35273808796603,1234.1701665065605,3388.5479634078174,2889.028941712596,1004.3953800691347,843.2991921025447,1838.731525180627,2442.8980398012563,2118.1000821902207,1175.645719372613,1571.613473950751,2381.3854359175116,1254.0904469761945,3442.5058043090658,2672.7286344029762,1977.3064887068,4066.9851390509943,2018.9314891711033,3399.030036717607,2297.867009337663,3730.164806517889,2340.1016404602815,2056.7723231576388,1515.6978284522195,483.2644781873218,2403.128185121392,906.856002254814,3497.70024766738,374.3340364505607,3983.2038807561257],
        [5128.909662618032,2036.6020529246096,1514.1907298951508,1754.666217044865,2834.605024818362,3059.551587241256,2636.2397544420196,1098.7723913689363,330.1749552474037,935.3271766016422,3286.855772491903,2972.8432604523546,2965.8018830630654,912.5128050802215,3527.5460649041156,3189.4693964020735,2638.66708385941,4567.644961245954,3873.251921841391,3306.75432767171,3852.874307085133,3799.303958809102,3579.1788953684436,2865.0951249721375,2728.91027072021,1303.4200623733411,1118.0794176895886,1811.2322016376793,3967.3193144917695,2464.610424523,0.0,2813.6453099031223,3695.076981766923,3015.855114872543,706.1051633219091,2553.128938655667,2874.260074319645,1933.709684150631,1605.7246879418153,542.549357485111,2326.5800510227064,2783.528959794541,4142.336830528483,3240.743414941795,1249.536655480761,411.1731910006633,574.9594029232359,5266.05127306982,2065.930583063012,1136.5073658988733,3943.7692218677075,3978.3876324757275,3034.0084492217843,1825.9974658100625,1505.3622240012153,2536.7906289708335,4026.930970415459,3090.1991330345963,1669.9111186616144,2722.434833052471,5128.909662618032],
        [4098.922401102332,814.5244226539318,3298.8162587470997,1059.2791212962343,2644.107399959621,583.3691857232824,2234.7158612222597,2786.562145983095,3065.7036179383576,2343.7182019425786,631.593742419047,4757.01395872719,2043.880135036559,3692.828676414194,775.2415237460878,2760.5252209678306,4060.073107801258,3116.672407193283,1333.734087026485,2968.182349947779,1402.5633590560974,4875.34726534703,769.9997561862967,533.4428017398332,175.28266823127686,1986.7671819258308,1720.9027110963318,3728.1422033365907,2641.7090446729403,387.35273808796603,2813.6453099031223,0.0,887.5019309284828,3722.7824756984896,3196.5393897087233,1263.1337978020856,610.5446023884957,2199.80743068762,2824.533028762897,2434.783474919184,1487.1220370621268,1814.3304562263245,2413.510516535195,1313.0519085534906,3735.428802122844,2996.495075568098,2303.6161636045367,4169.951453234352,2372.714460502547,3774.8985720532824,2368.762868974381,3993.4120715775343,2602.850010912912,2426.3437213948914,1727.5545996013298,438.9727173218247,2473.5082789471207,929.9498062025481,3884.8870975756136,145.62294354272703,4098.922401102332],
        [4015.1436606137586,1669.5302755189318,4058.4536408418953,1941.132922134128,3061.1249369878747,807.732701017604,2679.111210540773,3580.8619523657076,3951.901690827426,3220.5645867790818,718.3174637411734,5435.217207401243,2351.823899377276,4564.581230217214,491.62805014970235,3077.3050766517454,4701.06075053356,2960.2736212582263,826.873220885565,3278.293109265959,972.1454671525473,5389.705805534782,241.39547016147594,1093.8551720810767,968.9815509066278,2777.7587906057483,2591.314992043125,4479.4975711742945,2622.216362291876,1234.1701665065605,3695.076981766923,887.5019309284828,0.0,4231.646227313185,4082.6206700233197,1745.5366182953398,1146.3667579965343,2843.8310514660816,3544.287853222504,3322.218661920681,2044.8368607287227,2180.776642929198,2233.778345590294,1390.221732113383,4617.17300149235,3883.978915228152,3190.8319809437085,4053.740071817711,2985.394337850107,4625.663806147997,2282.4344705429935,4285.032189707464,2950.3107080285254,3094.773597919176,2580.6545548128333,1257.095961753918,2375.6910141466597,1092.6911285687668,4674.402975479876,999.9244875845997,4015.1436606137586],
        [2774.263446712054,3121.3651428363964,1604.9886124370848,3176.500586705543,1203.0175564542828,3439.103790263867,1554.721893368346,1918.1249265312667,3285.7695111322537,3692.3257896438054,4350.143089544675,1614.313234785183,1946.9099515390296,3040.2833163603104,4428.053968103965,1352.4353512755204,911.3610169729347,2829.67225572126,3781.2697362678573,1237.1476040544171,3651.571278839365,1159.5672558177512,4295.356012254075,4160.686680742084,3548.780747107768,2182.402903164803,2830.9749805297565,1601.0537541352571,2425.412977274433,3388.5479634078174,3015.855114872543,3722.7824756984896,4231.646227313185,0.0,3698.9661687723037,2503.439739399727,4222.30434489302,1595.0258320296875,1425.6675980831376,3327.2211903034695,2238.951711309833,2064.7132215704205,2928.652238434755,2923.0739936217497,4154.489641619517,3419.1060886528935,3203.412736650185,2934.118012887863,1394.938629694344,2691.9548179715853,2686.3620137674293,1125.946968605506,1391.7160439314948,1459.737052015399,3825.136093645713,3824.1785628216862,2691.7818208628746,3144.367568586014,2001.3299457508622,3757.7383314178505,2774.263446712054],
        [5825.296274340682,2491.0937992043087,2148.1228953455593,2174.079208877304,3536.2552579643025,3532.5950923496707,3323.9670422204226,1791.5398968297386,413.8962926168512,911.9514386826773,3580.543888182004,3488.636609606052,3631.249379793348,1061.533435656524,3842.711520032307,3888.9142635341186,3252.6520024153815,5233.344672816699,4369.727153355939,4010.004555244656,4368.478424431238,4420.727169681632,3934.9636621500963,3136.807074165168,3143.461394149434,1970.7634539535052,1639.4459486977587,2381.0569135652468,4632.092314501682,2889.028941712596,706.1051633219091,3196.5393897087233,4082.6206700233197,3698.9661687723037,0.0,3149.7139103794325,3129.0726791731295,2628.8463903237675,2303.1164227787613,774.2365777498912,2953.5734487966747,3435.6267276680487,4773.783064887759,3813.5294813717364,580.9335827103718,297.6505458362472,928.5030325728613,5960.587251868064,2767.718602883246,1447.8463951070378,4586.033605389994,4680.518464989863,3730.829811521789,2530.5420923623697,1607.9404538040358,2853.0200063819443,4673.357146625843,3618.799466157166,2155.5050067139005,3084.2355816271797,5825.296274340682],
