{
    "drone_dist": [
        [0.0,2016.8166977027188,1268.5041934630497,857.2718270111028,3890.4521257970255,2055.296968889454,1168.7963619172108,293.2557207487356,2311.217386804839,2223.43014525921,2005.433928192644,2366.97747370518,1588.9687129013098,3491.3412487489577,4652.554557095455,1869.3525142127678,2974.961504101232,4368.920160495035,1905.4075199061294,2230.825547108573,4003.3667309952966,3797.7979728995438,2281.9193842163527,1912.3504370669039,2088.5585586973357,3019.0849487298797,2666.7949810372506,2009.6690984258798,3451.378312341936,2717.41546312294,245.07012715175694,1915.5224046784163,2710.795757931658,1418.8783598890968,1827.4148168733714,3132.762291578008,1743.0289579272628,1567.7562823948,4150.581407781923,1850.3476394121042,2787.2616800092796,3285.2660069214676,2145.471353342776,2110.4461356438137,563.1395835331207,1810.9346014846933,1594.679207956886,1180.3716666844018,2221.9510750143695,2800.5312499700613,0.0],
        [2016.8166977027188,0.0,945.295368205316,2288.569552896828,3591.3284762766743,504.96625997015684,1767.8454466377873,2298.7679106503288,2275.3519518134813,1510.2443324846531,3325.46828384285,1451.6207658333813,2049.636545223178,3649.219082385317,3861.351073226134,1139.6494815686071,1195.4336343154152,2502.594606202612,363.0073564255094,3295.25050213407,1986.5668112736823,2071.4630153621506,1302.222595095682,3660.5436144170453,2385.972450152462,2339.819334204357,785.8296395258528,1910.6476495319941,2646.6729090940344,1658.4109488718238,1805.0358358873912,399.22421843039575,783.6983960330791,2774.8208655271806,189.52487802172263,1221.5624771449843,753.4294734056103,1152.7100091836016,2380.403025858047,399.1117617540986,3821.112797880515,2104.437451640598,128.9628591065815,2971.107569046978,1461.0618159485325,1230.9182725550966,2737.0101482823197,2060.8183663700383,726.971426716618,3559.943100157484,2016.8166977027188],
        [1268.5041934630497,945.295368205316,0.0,1834.7112669637145,3134.832372708764,1250.024115015142,1592.571476984496,1561.2537046797024,1614.596985479197,1127.5717433560715,2386.5964905024375,1209.6490367467002,1183.0077502317472,2998.86396114826,3670.868787799581,1535.9089330201957,1711.8981243268306,3105.3237842281837,699.7080275794344,2384.047741050698,2851.5546486920753,2529.733788905477,1092.4185812047333,2726.8401090254742,2478.303091402801,2021.3860541055583,1433.6963930316501,1230.9801961269281,2422.171377979853,1545.4184347233918,1026.1043044945795,696.9158911993686,1727.9416678248854,1829.7047567187628,787.747402759466,1893.0248688773643,1175.0675123624405,1347.787923659149,2882.0893514445984,1016.6974442068364,2927.2676473708207,2107.85788304438,1056.281162281268,2083.867516323408,820.3885059055395,690.7294868863044,1801.80151573817,1122.5950257344139,1487.6858570419201,2717.118225151431,1268.5041934630497],
        [857.2718270111028,2288.569552896828,1834.7112669637145,0.0,4718.83534928925,2128.634365632746,700.7395624429034,783.6009347154842,3131.4162537143256,2921.9999001741953,2787.6170048418294,3033.027018344446,2427.9972773638037,4346.175741208205,5424.915352906363,1671.4980815867261,3414.7794545528795,4779.4682249446405,2310.6546602921744,3054.660730276803,4200.602939491246,4282.667961921602,2924.0268713521573,2508.3099206992574,1372.4324751925674,3773.2971548638525,3044.910880212546,2804.918498634692,4196.992486217161,3375.697318280659,1019.7121220890967,2333.7572336195835,2818.7238168493586,2230.7814585768765,2111.2864799783274,3501.41305600826,1741.3885158765702,1396.8573286347491,4618.399263222327,1990.5963515191474,3598.781890918564,3941.036573521613,2411.727746562461,2959.7146843686983,1020.2082560959117,2486.1804376686887,2432.630563186059,2033.3425620086548,2212.957065927454,3645.504738918887,857.2718270111028],
        [3890.4521257970255,3591.3284762766743,3134.832372708764,4718.83534928925,0.0,4089.5339849637558,4687.620712950526,4087.9561109650167,1588.682829575271,2095.6761953435703,2857.8919193416914,2140.7151913441353,2302.7853478367724,847.3681123649947,1141.0739825758053,4603.468163162884,2993.4988564676514,3501.400032364735,3243.1643285210953,2439.3116242769024,4308.62242595245,2898.2814895235333,2289.5373599195273,3736.636615164176,5608.081611419065,1273.5112651584998,3234.009900540758,1938.7424860606884,1136.5876175166466,2000.3495825424325,3700.1250021060114,3203.608109323705,4136.44451678039,2950.724437745424,3578.8314166880136,3309.9779156566556,4203.973693956969,4464.380745719748,3105.594072986913,3916.7564627625006,2407.7695601377754,1846.0021115206061,3600.7611921033886,2190.714726088656,3776.2218265426973,2474.8929152387796,2665.6923389493354,2730.5020486301296,4318.269229194148,1913.3979379026498,3890.4521257970255],
        [2055.296968889454,504.96625997015684,1250.024115015142,2128.634365632746,4089.5339849637558,0.0,1510.5736152332126,2310.9604945939373,2731.746640571142,2000.3161793791637,3614.0446220981166,1952.588834951599,2423.5789796042086,4117.440803698833,4362.891956720022,693.6674303967667,1609.6634840367888,2807.0626656704326,846.9511778769697,3632.8468461284583,2076.0205643332824,2461.014500088316,1802.8573076793944,3846.3368418317364,1972.3215561926356,2842.9677299925634,1188.1990981913386,2356.831295658292,3151.4426009637605,2163.119281145468,1882.281380622935,886.24422234088,690.5504696935292,3034.734957859739,524.5223427833309,1555.7107340821135,395.8902632856622,804.4042279467299,2741.022860527061,235.8800201529025,4177.26411787997,2599.0534738756387,535.8755078796714,3332.870983043252,1496.8518594924292,1685.922231199188,3038.218730791341,2360.020086237069,243.38980656627086,3954.653200346947,2055.296968889454],
        [1168.7963619172108,1767.8454466377873,1592.571476984496,700.7395624429034,4687.620712950526,1510.5736152332126,0.0,1263.925664889388,3115.182462015338,2719.415010704986,3167.4254456283284,2786.974210051075,2493.4207304924903,4436.27654617296,5263.139315007541,980.7152624319331,2950.7872384466805,4265.888963253411,1879.2236974278221,3363.1907064091065,3582.5162509746347,3829.4040656850834,2657.4412754010523,3045.23776014516,962.0521244091151,3613.593218913349,2551.7359898041123,2749.977980030748,4013.638598804871,3106.3482549520318,1190.4214994204326,1910.1183364928936,2188.9903409240337,2571.4856579880643,1612.6752974562517,2986.758926281062,1114.6891564886198,727.0186008780263,4146.358926037797,1415.7482470214306,3927.5917517658013,3650.793999481552,1879.4354224194758,3194.6286981448047,941.879415103389,2283.279130072311,2716.371989801313,2177.4482519929543,1557.676030648677,3888.513849006082,1168.7963619172108],
        [293.2557207487356,2298.7679106503288,1561.2537046797024,783.6009347154842,4087.9561109650167,2310.9604945939373,1263.925664889388,0.0,2523.9848299915416,2493.621108061259,2004.0320876715532,2643.5836598764877,1788.0182305874762,3643.0677323943173,4887.626948200428,2066.8534795290407,3268.2138676248337,4662.164880904908,2196.7910085897724,2277.3899560659843,4284.8005810270315,4090.0310752591063,2563.112993205197,1782.4812804346068,2118.594830283151,3267.205354445425,2958.534388919341,2243.4646485204967,3701.3122194509438,2994.0508167936214,535.7115996329961,2207.478692621361,2977.1495680680023,1452.058998246727,2109.244062478789,3424.6806281864883,1980.553684279716,1764.2029278737607,4443.188197623908,2114.0949300169355,2817.0284313761385,3560.5862392091603,2427.6607266114797,2204.66156607074,838.1879966977591,2088.98093045835,1666.8907165554115,1358.1195412180543,2465.1482005178887,2881.6614654210775,293.2557207487356],
        [2311.217386804839,2275.3519518134813,1614.596985479197,3131.4162537143256,1588.682829575271,2731.746640571142,3115.182462015338,2523.9848299915416,0.0,855.2725845381132,1795.8572770518533,1029.434413811286,742.0322294742342,1392.383200089907,2387.272879891212,3140.866375156294,2162.805445589841,3242.551499002758,1912.6958227030668,1504.3001736829835,3594.5432337204634,2551.322529520979,1128.207763506979,2572.206701003025,4051.6260796717784,905.4167390253401,2208.3555104614943,384.5253055204392,1310.6588046768231,1180.4104939021902,2114.0506057585785,1877.8995966498665,2967.1845160796597,1609.9159812264882,2207.5661880559965,2484.465179673077,2760.2120427020022,2962.358019797201,2882.4971748216744,2525.0599951109475,1849.6720694651242,1537.3932920973566,2324.854119416661,1126.138079447922,2192.4673059637385,1046.9235682800731,1355.2545980876007,1184.3075981090108,2973.7506894735725,1439.8695855056897,2311.217386804839],
        [2223.43014525921,1510.2443324846531,1127.5717433560715,2921.9999001741953,2095.6761953435703,2000.3161793791637,2719.415010704986,2493.621108061259,855.2725845381132,0.0,2437.0939588859947,207.90113462083113,1075.713328628479,2159.950852647904,2543.753732962404,2513.097941024913,1328.3758371679733,2529.231376504014,1153.8053118342903,2235.966324055218,2752.6587641235833,1852.3443949496111,273.41556904363074,3080.399388101662,3584.2781268958315,901.0631071465123,1353.348156874239,601.5006224137421,1294.6006345634114,521.8040921523428,1985.3628048009539,1114.9785773037538,2142.9910019951785,2072.747636462063,1484.5630856464654,1642.1168817122448,2111.0888968616414,2393.277302913369,2206.082058490796,1821.5700394963148,2656.9055034811518,1073.1649626850574,1536.2468620693512,1857.9478318335134,1904.369863855566,439.6771616023724,1890.1015765624368,1406.448823737797,2233.907998423287,2281.5290184207993,2223.43014525921],
        [2005.433928192644,3325.46828384285,2386.5964905024375,2787.6170048418294,2857.8919193416914,3614.0446220981166,3167.4254456283284,2004.0320876715532,1795.8572770518533,2437.0939588859947,0.0,2644.815868565838,1385.4015338803015,2132.089229377019,3926.633406209473,3699.4333279458792,3723.070565639297,4962.905548886893,3027.5699268406333,429.0678689071458,5089.209767455809,4279.267568579934,2676.609431341693,880.3326526170579,4092.9561039141117,2688.767341638089,3619.756397208499,1850.245951783504,3060.373521352647,2901.2472002361606,1991.0163160334066,3009.912857846895,4108.906350127248,605.493749592025,3174.2715537748736,4007.4000225532614,3440.625354895439,3421.900202975488,4626.1225706342175,3378.22303431143,837.7968088758495,3326.2617585302396,3427.731387290717,703.8364740952845,2334.2475501762437,2315.5121583965915,591.4509944023564,1264.848671333572,3840.1248680677004,1077.8740729798687,2005.433928192644],
        [2366.97747370518,1451.6207658333813,1209.6490367467002,3033.027018344446,2140.7151913441353,1952.588834951599,2786.974210051075,2643.5836598764877,1029.434413811286,207.90113462083113,2644.815868565838,0.0,1282.4520961316484,2278.8680264961326,2492.6167970899837,2506.357806965656,1135.9705417123826,2321.4389185320965,1110.1695889508676,2439.8502392681153,2565.929241641952,1645.5166147779416,149.8238627758409,3285.272996857802,3623.2105884632197,893.465951372372,1197.7903304629176,805.1259639464541,1244.0499448420567,350.51170281725166,2125.4229556388923,1070.1621603974747,2030.991254005847,2277.8484085316823,1451.9512025739953,1455.3858189245736,2101.101544481295,2410.4851297413857,2000.070070364099,1791.4980041851663,2852.2611927070157,918.560510844282,1460.7442456652557,2060.8548932970502,2012.8209050799553,556.4514695238512,2097.6473138808456,1602.990096560183,2178.5076001826333,2466.0379224098388,2366.97747370518],
        [1588.9687129013098,2049.636545223178,1183.0077502317472,2427.9972773638037,2302.7853478367724,2423.5789796042086,2493.4207304924903,1788.0182305874762,742.0322294742342,1075.713328628479,1385.4015338803015,1282.4520961316484,0.0,1944.939793981426,3127.075320881397,2692.060725576979,2337.8419148348753,3602.2462415990117,1716.0869661610873,1261.9179701324263,3710.9345375940293,2927.924935964617,1298.518321551738,2007.754310441189,3450.5700779411613,1575.5033008533119,2245.287848078993,551.1811370571295,2004.8067554701854,1574.5178185808788,1409.0745875698922,1691.8569383598797,2817.5955142125695,1000.6313794118299,1927.86286131382,2622.9984861314056,2351.8200183690747,2467.601398966589,3281.7355171750582,2193.902499025734,1772.1480467632289,2068.3068269127843,2134.6864931154714,922.0672358870887,1551.9635043749086,935.3115179864825,818.0112380499413,442.7354309000625,2664.427800979208,1534.1426732727007,1588.9687129013098],
        [3491.3412487489577,3649.219082385317,2998.86396114826,4346.175741208205,847.3681123649947,4117.440803698833,4436.27654617296,3643.0677323943173,1392.383200089907,2159.950852647904,2132.089229377019,2278.8680264961326,1944.939793981426,0.0,1988.097393165765,4530.813547957839,3319.956964545249,4082.944215442776,3286.5062257157706,1703.217291378816,4722.4546676264345,3427.871656846678,2411.3880084816974,3008.742755724326,5389.91764378726,1599.0120446574113,3468.6703556902753,1775.7590280988713,1685.2867674320526,2268.166794111308,3337.5141103113197,3250.0059624887076,4302.065393013154,2343.9770679356684,3592.9386276989,3649.3414841706804,4152.340517660737,4343.910639228651,3688.468867518463,3914.7705775363906,1583.7264475294692,2318.9157585593757,3688.0900250064246,1533.4652865634898,3495.9324260851836,2431.9965456852256,2064.839274798253,2312.9771969840554,4358.178227718353,1107.9032726275648,3491.3412487489577],
        [4652.554557095455,3861.351073226134,3670.868787799581,5424.915352906363,1141.0739825758053,4362.891956720022,5263.139315007541,4887.626948200428,2387.272879891212,2543.753732962404,3926.633406209473,2492.6167970899837,3127.075320881397,1988.097393165765,0.0,4974.180407507862,2950.2215236986453,2971.2553884313106,3561.3630211485133,3522.5125507727657,4017.5051390145163,2523.930543891695,2633.6302252320506,4794.2625922930865,6115.7759193549045,1655.5241861364161,3299.244145413538,2644.6378667079175,1250.861439691969,2214.009679626228,4434.4615244897695,3521.7680294238335,4225.098913216383,3931.2524804753148,3904.6164922238895,3212.1679298272475,4569.322140860375,4898.946429239122,2606.5786998475364,4238.468421826164,3539.8800232861845,1780.6965168263882,3832.300457590947,3234.1319394255897,4423.095189347986,2980.5968891366583,3652.394296270074,3569.79086918318,4562.923735162995,3040.2112018448333,4652.554557095455],
        [1869.3525142127678,1139.6494815686071,1535.9089330201957,1671.4980815867261,4603.468163162884,693.6674303967667,980.7152624319331,2066.8534795290407,3140.866375156294,2513.097941024913,3699.4333279458792,2506.357806965656,2692.060725576979,4530.813547957839,4974.180407507862,0.0,2299.4866216864007,3488.3202451481056,1412.823195927064,3796.9394190079624,2667.0133798453844,3154.6062349831427,2358.4529511549085,3770.5635594730793,1279.622321000867,3397.230835605773,1878.0713889483882,2756.399216802531,3740.2633690978087,2760.344975859196,1768.5845685577626,1452.4166387778664,1284.705515524638,3096.322966617232,1070.2297378260844,2247.8438357124433,405.6403200155933,302.7973118964093,3433.3220891483224,743.7771750258827,4360.735105792288,3236.276695214723,1205.8005017812598,3546.074016103091,1385.0413389286723,2134.0317379909575,3162.9115074527517,2515.8043054033674,634.5387492434902,4212.054164929201,1869.3525142127678],
        [2974.961504101232,1195.4336343154152,1711.8981243268306,3414.7794545528795,2993.4988564676514,1609.6634840367888,2950.7872384466805,3268.2138676248337,2162.805445589841,1328.3758371679733,3723.070565639297,1135.9705417123826,2337.8419148348753,3319.956964545249,2950.2215236986453,2299.4866216864007,0.0,1394.0307408287608,1104.845175305718,3554.7306934351186,1432.5928350419433,878.6506797460199,1062.8734877024456,4277.4917171658235,3569.407243287843,1750.6331219890994,421.53820716688085,1926.7852197233678,1885.5583949095558,1052.236700820796,2735.369686396244,1083.9741223865212,1291.057583466482,3288.1613659463087,1338.3280861367086,329.78076022193073,1938.1102983997123,2346.021281397435,1203.9173274389004,1585.4455062329266,3985.271994174045,1196.080170841439,1102.722535978456,3180.1554912078814,2474.4354394088564,1421.4454519896706,3150.163530207654,2562.9492329549867,1748.5143974674675,3601.4679185217606,2974.961504101232],
        [4368.920160495035,2502.594606202612,3105.3237842281837,4779.4682249446405,3501.400032364735,2807.0626656704326,4265.888963253411,4662.164880904908,3242.551499002758,2529.231376504014,4962.905548886893,2321.4389185320965,3602.2462415990117,4082.944215442776,2971.2553884313106,3488.3202451481056,1394.0307408287608,0.0,2484.775925080421,4731.969333516702,1247.1330758251709,691.2685086390317,2309.404980230014,5594.92898564831,4762.873193455904,2525.4765478370286,1734.8071872372193,3113.5335176760286,2407.2196360953026,2071.034850637073,4129.385217827914,2467.833859548238,2248.2206182357436,4590.603738754158,2671.6109007822356,1281.1103465362278,3185.2437588255307,3602.6424260066356,396.6872693169294,2854.464704168228,5086.2451600973745,1781.8627937995868,2387.0904655203954,4350.338322791393,3863.317687014189,2746.331112240975,4418.825441922947,3888.241808945745,2867.4259924069715,4642.962820150586,4368.920160495035],
        [1905.4075199061294,363.0073564255094,699.7080275794344,2310.6546602921744,3243.1643285210953,846.9511778769697,1879.2236974278221,2196.7910085897724,1912.6958227030668,1153.8053118342903,3027.5699268406333,1110.1695889508676,1716.0869661610873,3286.5062257157706,3561.3630211485133,1412.823195927064,1104.845175305718,2484.775925080421,0.0,2972.046894053956,2151.9136996519237,1973.1891144417418,960.402928366353,3420.426542974818,2601.6737868706728,2003.2207382512956,762.0653718500897,1549.8237230463703,2330.276180305282,1347.6642487039778,1674.502258697205,40.10665710897839,1101.7915169845005,2497.7997872302876,344.4221146096059,1228.4810050896617,1008.2737404681066,1361.1511587626414,2307.8733421253482,682.8891488772795,3487.5788807321833,1834.5660904465717,422.5312070421288,2637.8257477606758,1380.8596009707771,869.7008772178098,2436.3651708911343,1769.5425395225852,1080.3489266806332,3211.479222939341,1905.4075199061294],
        [2230.825547108573,3295.25050213407,2384.047741050698,3054.660730276803,2439.3116242769024,3632.8468461284583,3363.1907064091065,2277.3899560659843,1504.3001736829835,2235.966324055218,429.0678689071458,2439.8502392681153,1261.9179701324263,1703.217291378816,3522.5125507727657,3796.9394190079624,3554.7306934351186,4731.969333516702,2972.046894053956,0.0,4955.3103512485195,4042.3258985770162,2493.0925369426436,1306.7457581021768,4310.575965156786,2365.619027991975,3497.849848432257,1634.8285425049771,2712.984323711696,2660.9413109928805,2172.7875438002907,2949.4604527226215,4071.051451392099,825.4905581288123,3160.4671876237353,3855.0441279149804,3503.463184037954,3535.1734722561455,4380.1725473651795,3398.148773680065,567.8313651076494,3040.2374359071914,3386.701261517665,381.6310250415744,2476.6001098029083,2188.96055657246,648.0994320722602,1285.6311591877397,3867.7595511887334,662.6159246728579,2230.825547108573],
        [4003.3667309952966,1986.5668112736823,2851.5546486920753,4200.602939491246,4308.62242595245,2076.0205643332824,3582.5162509746347,4284.8005810270315,3594.5432337204634,2752.6587641235833,5089.209767455809,2565.929241641952,3710.9345375940293,4722.4546676264345,4017.5051390145163,2667.0133798453844,1432.5928350419433,1247.1330758251709,2151.9136996519237,4955.3103512485195,0.0,1493.629518066194,2481.9884454032317,5560.477558944612,3873.2460925306186,3128.648159784707,1470.3963694012696,3344.0253735407127,3172.3249236716356,2469.978406132665,3789.2569007065135,2155.5836416770944,1394.1568343730253,4606.763958015853,2176.021404269508,1110.8250100546331,2470.2077040096483,2861.826171822732,1482.4252382747295,2214.653752201713,5405.659869056853,2462.9689587829725,1857.8999749591023,4586.906106806942,3446.692112564239,2775.8172861154108,4503.5239226838385,3870.9793813702677,2038.5381129814575,5031.851170309605,4003.3667309952966],
        [3797.7979728995438,2071.4630153621506,2529.733788905477,4282.667961921602,2898.2814895235333,2461.014500088316,3829.4040656850834,4090.0310752591063,2551.322529520979,1852.3443949496111,4279.267568579934,1645.5166147779416,2927.924935964617,3427.871656846678,2523.930543891695,3154.6062349831427,878.6506797460199,691.2685086390317,1973.1891144417418,4042.3258985770162,1493.629518066194,0.0,1646.5714683602666,4928.976058426128,4431.412550731427,1850.2028310338321,1287.887094740736,2429.028918439703,1775.066931011022,1381.9763655251418,3554.3479507127845,1949.0562451806356,2028.9024530731074,3922.227713330436,2216.975902000098,924.854677186395,2806.4136254162886,3218.09391880577,359.831917796264,2456.5615872952303,4395.2704868709325,1110.806410333686,1973.4695993080923,3660.7208066805506,3321.664924962872,2101.334888040141,3741.8993646705,3231.8913695515175,2573.490453556851,3954.08885286354,3797.7979728995438],
        [2281.9193842163527,1302.222595095682,1092.4185812047333,2924.0268713521573,2289.5373599195273,1802.8573076793944,2657.4412754010523,2563.112993205197,1128.207763506979,273.41556904363074,2676.609431341693,149.8238627758409,1298.518321551738,2411.3880084816974,2633.6302252320506,2358.4529511549085,1062.8734877024456,2309.404980230014,960.402928366353,2493.0925369426436,2481.9884454032317,1646.5714683602666,0.0,3285.8384803611275,3483.5567096134823,1043.0049850525352,1081.6402442826566,864.2499826132333,1387.4173239989304,453.1074349413359,2038.434638307832,920.3848373107792,1892.6703886348384,2281.229384858174,1302.4202751314526,1372.2069131692224,1953.0332297507707,2266.539858924215,2004.980336749559,1641.9530646393646,2924.8371644514245,1017.189742495265,1313.0451092036742,2117.5595785918304,1904.844225052963,478.9444654182159,2116.5079037854302,1585.450281149423,2029.168401204597,2554.286771759281,2281.9193842163527],
        [1912.3504370669039,3660.5436144170453,2726.8401090254742,2508.3099206992574,3736.636615164176,3846.3368418317364,3045.23776014516,1782.4812804346068,2572.206701003025,3080.399388101662,880.3326526170579,3285.272996857802,2007.754310441189,3008.742755724326,4794.2625922930865,3770.5635594730793,4277.4917171658235,5594.92898564831,3420.426542974818,1306.7457581021768,5560.477558944612,4928.976058426128,3285.8384803611275,0.0,3878.826638118044,3477.586155299441,4102.077186707636,2540.678063527812,3872.2996453489363,3582.014116768074,2005.3910963683186,3412.039632668321,4430.678095153747,1007.707259750163,3486.450226957809,4529.648817501101,3593.972444369935,3471.9285735502312,5284.99481587647,3618.2457553860518,1580.7108990889094,4059.428467208313,3777.992088988858,1560.1352247494801,2396.689018632045,2860.0598965474396,1222.1265869574704,1714.7596319254383,4046.906092974677,1931.2568615549235,1912.3504370669039],
        [2088.5585586973357,2385.972450152462,2478.303091402801,1372.4324751925674,5608.081611419065,1972.3215561926356,962.0521244091151,2118.594830283151,4051.6260796717784,3584.2781268958315,4092.9561039141117,3623.2105884632197,3450.5700779411613,5389.91764378726,6115.7759193549045,1279.622321000867,3569.407243287843,4762.873193455904,2601.6737868706728,4310.575965156786,3873.2460925306186,4431.412550731427,3483.5567096134823,3878.826638118044,0.0,4485.3203306930045,3149.275201365563,3678.8931073531753,4866.039322640044,3917.552126698394,2142.4985420597554,2638.506042034913,2532.592488603267,3506.6157900124263,2279.4990395705768,3527.422997709152,1633.5219893653993,1241.9800521979723,4712.9023921466905,1988.1452605362886,4871.765570055821,4432.744894736245,2467.815938701959,4153.437846137702,1901.772759199577,3160.3138937327926,3666.3200022965025,3139.4319882159643,1896.100602517325,4847.685209627941,2088.5585586973357],
        [3019.0849487298797,2339.819334204357,2021.3860541055583,3773.2971548638525,1273.5112651584998,2842.9677299925634,3613.593218913349,3267.205354445425,905.4167390253401,901.0631071465123,2688.767341638089,893.465951372372,1575.5033008533119,1599.0120446574113,1655.5241861364161,3397.230835605773,1750.6331219890994,2525.4765478370286,2003.2207382512956,2365.619027991975,3128.648159784707,1850.2028310338321,1043.0049850525352,3477.586155299441,4485.3203306930045,0.0,1963.7776871022488,1040.9996333389877,435.0885048671002,727.936108990937,2793.9301107247297,1963.166922793645,2862.945248219286,2509.9310801012675,2345.401975565984,2075.9898406876414,2992.5086902884937,3290.1851510227866,2139.4208512746523,2684.943831941716,2621.648598155241,743.7361544485707,2340.018033851116,1999.7778497363413,2767.995588942602,1330.847540920408,2260.0029664771373,2005.5857071433877,3065.3828101146846,2149.0212667876626,3019.0849487298797],
        [2666.7949810372506,785.8296395258528,1433.6963930316501,3044.910880212546,3234.009900540758,1188.1990981913386,2551.7359898041123,2958.534388919341,2208.3555104614943,1353.348156874239,3619.756397208499,1197.7903304629176,2245.287848078993,3468.6703556902753,3299.244145413538,1878.0713889483882,421.53820716688085,1734.8071872372193,762.0653718500897,3497.849848432257,1470.3963694012696,1287.887094740736,1081.6402442826566,4102.077186707636,3149.275201365563,1963.7776871022488,0.0,1915.249744376195,2168.915360779832,1236.155304250232,2434.160927701999,751.3973502174694,928.3083089340352,3138.5901382945513,942.2996343578767,466.440804881249,1519.7738827038258,1930.3013161149102,1594.8946296061504,1168.8115131832742,3967.1325590528063,1520.7322823080865,685.6298599839612,3135.3624986747814,2141.488929504609,1310.410875821431,3033.311905371784,2403.141257732838,1332.043012113066,3622.1252723898024,2666.7949810372506],
        [2009.6690984258798,1910.6476495319941,1230.9801961269281,2804.918498634692,1938.7424860606884,2356.831295658292,2749.977980030748,2243.4646485204967,384.5253055204392,601.5006224137421,1850.245951783504,805.1259639464541,551.1811370571295,1775.7590280988713,2644.6378667079175,2756.399216802531,1926.7852197233678,3113.5335176760286,1549.8237230463703,1634.8285425049771,3344.0253735407127,2429.028918439703,864.2499826132333,2540.678063527812,3678.8931073531753,1040.9996333389877,1915.249744376195,0.0,1475.1253102392252,1052.9362474179445,1797.5218226061254,1516.6416520988637,2623.72503491552,1539.179347227499,1833.7829477362193,2235.5949361504563,2376.5983771698266,2578.734767853781,2776.4572125281247,2146.6525211870844,2061.639684624892,1521.68726889467,1967.4910373053815,1256.4543147443637,1839.3560424845614,680.1359404072946,1326.6931396520254,966.8721055787693,2599.5547728526017,1708.1013487178245,2009.6690984258798],
        [3451.378312341936,2646.6729090940344,2422.171377979853,4196.992486217161,1136.5876175166466,3151.4426009637605,4013.638598804871,3701.3122194509438,1310.6588046768231,1294.6006345634114,3060.373521352647,1244.0499448420567,2004.8067554701854,1685.2867674320526,1250.861439691969,3740.2633690978087,1885.5583949095558,2407.2196360953026,2330.276180305282,2712.984323711696,3172.3249236716356,1775.066931011022,1387.4173239989304,3872.2996453489363,4866.039322640044,435.0885048671002,2168.915360779832,1475.1253102392252,0.0,988.3434362109463,3224.524580724614,2290.3069265418467,3092.6770403719784,2920.545927655655,2674.685126337293,2192.3052693815516,3334.655511214973,3653.8998051833655,2010.9756019076706,3012.0418986172053,2911.017771669282,711.1299017265783,2630.487020550956,2360.9304273886564,3186.703595290255,1733.0361600520816,2662.85136978629,2437.87331004966,3362.7860016148543,2419.054223245253,3451.378312341936],
        [2717.41546312294,1658.4109488718238,1545.4184347233918,3375.697318280659,2000.3495825424325,2163.119281145468,3106.3482549520318,2994.0508167936214,1180.4104939021902,521.8040921523428,2901.2472002361606,350.51170281725166,1574.5178185808788,2268.166794111308,2214.009679626228,2760.344975859196,1052.236700820796,2071.034850637073,1347.6642487039778,2660.9413109928805,2469.978406132665,1381.9763655251418,453.1074349413359,3582.014116768074,3917.552126698394,727.936108990937,1236.155304250232,1052.9362474179445,988.3434362109463,0.0,2475.6889342580657,1307.9739938687992,2137.68398852372,2575.149197775805,1691.4267801016135,1381.9237396397664,2355.3479496048085,2689.996445289207,1725.1326953550852,2027.0018011238199,3030.0798790225867,568.7751007829015,1643.3060491269068,2279.3106263147592,2355.935399752607,906.6320560688044,2376.700888627033,1925.3922968328511,2375.1500556026995,2609.352249638249,2717.41546312294],
        [245.07012715175694,1805.0358358873912,1026.1043044945795,1019.7121220890967,3700.1250021060114,1882.281380622935,1190.4214994204326,535.7115996329961,2114.0506057585785,1985.3628048009539,1991.0163160334066,2125.4229556388923,1409.0745875698922,3337.5141103113197,4434.4615244897695,1768.5845685577626,2735.369686396244,4129.385217827914,1674.502258697205,2172.7875438002907,3789.2569007065135,3554.3479507127845,2038.434638307832,2005.3910963683186,2142.4985420597554,2793.9301107247297,2434.160927701999,1797.5218226061254,3224.524580724614,2475.6889342580657,0.0,1682.8827385566199,2520.349047319905,1388.8511630415028,1616.5462580496767,2899.377674021512,1596.5382644512574,1473.3814564193349,3907.6792349894104,1667.59996160151,2737.5690091321185,3043.9499069325966,1932.887462140583,2013.672308928978,393.3854186985002,1569.0571767227912,1526.0365438722247,1028.3105196282208,2063.88266649105,2707.935987457316,245.07012715175694],
        [1915.5224046784163,399.22421843039575,696.9158911993686,2333.7572336195835,3203.608109323705,886.24422234088,1910.1183364928936,2207.478692621361,1877.8995966498665,1114.9785773037538,3009.912857846895,1070.1621603974747,1691.8569383598797,3250.0059624887076,3521.7680294238335,1452.4166387778664,1083.9741223865212,2467.833859548238,40.10665710897839,2949.4604527226215,2155.5836416770944,1949.0562451806356,920.3848373107792,3412.039632668321,2638.506042034913,1963.166922793645,751.3973502174694,1516.6416520988637,2290.3069265418467,1307.9739938687992,1682.8827385566199,0.0,1127.6566292624982,2484.137497788874,384.4338257965527,1217.2435024008444,1047.7055409479558,1398.5053738179467,2285.74023896905,722.9904260807413,3462.5715448435144,1796.661439752686,452.43615341020507,2613.1219460602065,1395.9071190900029,836.5679274475456,2418.5335504778395,1754.1214762853192,1118.9631483353153,3182.715466368153,1915.5224046784163],
        [2710.795757931658,783.6983960330791,1727.9416678248854,2818.7238168493586,4136.44451678039,690.5504696935292,2188.9903409240337,2977.1495680680023,2967.1845160796597,2142.9910019951785,4108.906350127248,2030.991254005847,2817.5955142125695,4302.065393013154,4225.098913216383,1284.705515524638,1291.057583466482,2248.2206182357436,1101.7915169845005,4071.051451392099,1394.1568343730253,2028.9024530731074,1892.6703886348384,4430.678095153747,2532.592488603267,2862.945248219286,928.3083089340352,2623.72503491552,3092.6770403719784,2137.68398852372,2520.349047319905,1127.6566292624982,0.0,3557.6195242116733,946.0865996505146,1109.2686223673447,1079.7296157585915,1467.7246469212503,2253.1917344666213,863.4589220881122,4589.333941272343,2448.509136191798,684.4458066374973,3739.4985914712775,2147.772675446007,1949.9188406201292,3519.9964876600943,2844.4022139882377,650.4931276898506,4307.655023115265,2710.795757931658],
        [1418.8783598890968,2774.8208655271806,1829.7047567187628,2230.7814585768765,2950.724437745424,3034.734957859739,2571.4856579880643,1452.058998246727,1609.9159812264882,2072.747636462063,605.493749592025,2277.8484085316823,1000.6313794118299,2343.9770679356684,3931.2524804753148,3096.322966617232,3288.1613659463087,4590.603738754158,2497.7997872302876,825.4905581288123,4606.763958015853,3922.227713330436,2281.229384858174,1007.707259750163,3506.6157900124263,2509.9310801012675,3138.5901382945513,1539.179347227499,2920.545927655655,2575.149197775805,1388.8511630415028,2484.137497788874,3557.6195242116733,0.0,2614.7992362515465,3551.8459756604057,2845.551011097774,2817.223790485901,4277.799545916086,2799.5683072629467,1370.5046903535174,3060.68007949764,2883.290955520834,815.8874261078619,1728.754896732862,1866.8500222782575,285.19210957076706,735.7990021977214,3256.11801321905,1448.8407887543472,1418.8783598890968],
        [1827.4148168733714,189.52487802172263,787.747402759466,2111.2864799783274,3578.8314166880136,524.5223427833309,1612.6752974562517,2109.244062478789,2207.5661880559965,1484.5630856464654,3174.2715537748736,1451.9512025739953,1927.86286131382,3592.9386276989,3904.6164922238895,1070.2297378260844,1338.3280861367086,2671.6109007822356,344.4221146096059,3160.4671876237353,2176.021404269508,2216.975902000098,1302.4202751314526,3486.450226957809,2279.4990395705768,2345.401975565984,942.2996343578767,1833.7829477362193,2674.685126337293,1691.4267801016135,1616.5462580496767,384.4338257965527,946.0865996505146,2614.7992362515465,0.0,1391.2970725686225,667.2734121210716,1037.8250185375834,2534.826453689353,339.54930348970896,3694.357293930255,2169.4729965286665,318.4351247411418,2845.7078825085055,1271.5748693493342,1161.438788504974,2588.617464989731,1909.8962005704643,766.1927649186676,3451.0545749362486,1827.4148168733714],
        [3132.762291578008,1221.5624771449843,1893.0248688773643,3501.41305600826,3309.9779156566556,1555.7107340821135,2986.758926281062,3424.6806281864883,2484.465179673077,1642.1168817122448,4007.4000225532614,1455.3858189245736,2622.9984861314056,3649.3414841706804,3212.1679298272475,2247.8438357124433,329.78076022193073,1281.1103465362278,1228.4810050896617,3855.0441279149804,1110.8250100546331,924.854677186395,1372.2069131692224,4529.648817501101,3527.422997709152,2075.9898406876414,466.440804881249,2235.5949361504563,2192.3052693815516,1381.9237396397664,2899.377674021512,1217.2435024008444,1109.2686223673447,3551.8459756604057,1391.2970725686225,0.0,1919.6622450480386,2336.3810565442204,1185.4803053061514,1580.4428032854923,4296.930607825848,1490.9188621665523,1107.3240746812726,3483.5006707474945,2607.6801965728573,1693.5014222109126,3428.057099922226,2819.9510535614286,1652.9473706489057,3921.1017843129634,3132.762291578008],
        [1743.0289579272628,753.4294734056103,1175.0675123624405,1741.3885158765702,4203.973693956969,395.8902632856622,1114.6891564886198,1980.553684279716,2760.2120427020022,2111.0888968616414,3440.625354895439,2101.101544481295,2351.8200183690747,4152.340517660737,4569.322140860375,405.6403200155933,1938.1102983997123,3185.2437588255307,1008.2737404681066,3503.463184037954,2470.2077040096483,2806.4136254162886,1953.0332297507707,3593.972444369935,1633.5219893653993,2992.5086902884937,1519.7738827038258,2376.5983771698266,3334.655511214973,2355.3479496048085,1596.5382644512574,1047.7055409479558,1079.7296157585915,2845.551011097774,667.2734121210716,1919.6622450480386,0.0,417.4427453811515,3100.503251244541,354.7269445841116,4061.081739626793,2836.28212093798,835.4230805445927,3231.392416872523,1203.2692828054064,1740.3011028508452,2883.4159037387763,2217.9095560802884,487.26592313278866,3882.8090086681736,1743.0289579272628],
        [1567.7562823948,1152.7100091836016,1347.787923659149,1396.8573286347491,4464.380745719748,804.4042279467299,727.0186008780263,1764.2029278737607,2962.358019797201,2393.277302913369,3421.900202975488,2410.4851297413857,2467.601398966589,4343.910639228651,4898.946429239122,302.7973118964093,2346.021281397435,3602.6424260066356,1361.1511587626414,3535.1734722561455,2861.826171822732,3218.09391880577,2266.539858924215,3471.9285735502312,1241.9800521979723,3290.1851510227866,1930.3013161149102,2578.734767853781,3653.8998051833655,2689.996445289207,1473.3814564193349,1398.5053738179467,1467.7246469212503,2817.223790485901,1037.8250185375834,2336.3810565442204,417.4427453811515,0.0,3515.804212120066,761.5347305530368,4101.181971787447,3194.792815348934,1244.6720900844082,3297.8070272081654,1095.2296467147619,1990.0438223526169,2895.820923918081,2261.633146299963,830.8787446848303,3972.4368435292035,1567.7562823948],
        [4150.581407781923,2380.403025858047,2882.0893514445984,4618.399263222327,3105.594072986913,2741.022860527061,4146.358926037797,4443.188197623908,2882.4971748216744,2206.082058490796,4626.1225706342175,2000.070070364099,3281.7355171750582,3688.468867518463,2606.5786998475364,3433.3220891483224,1203.9173274389004,396.6872693169294,2307.8733421253482,4380.1725473651795,1482.4252382747295,359.831917796264,2004.980336749559,5284.99481587647,4712.9023921466905,2139.4208512746523,1594.8946296061504,2776.4572125281247,2010.9756019076706,1725.1326953550852,3907.6792349894104,2285.74023896905,2253.1917344666213,4277.799545916086,2534.826453689353,1185.4803053061514,3100.503251244541,3515.804212120066,0.0,2755.898069496433,4718.601412762462,1396.0132207062934,2275.445405680837,3998.8847913263894,3667.7218306238888,2461.1203351879344,4093.9121401031325,3590.430556623701,2833.7126639858743,4268.291982432023,4150.581407781923],
        [1850.3476394121042,399.1117617540986,1016.6974442068364,1990.5963515191474,3916.7564627625006,235.8800201529025,1415.7482470214306,2114.0949300169355,2525.0599951109475,1821.5700394963148,3378.22303431143,1791.4980041851663,2193.902499025734,3914.7705775363906,4238.468421826164,743.7771750258827,1585.4455062329266,2854.464704168228,682.8891488772795,3398.148773680065,2214.653752201713,2456.5615872952303,1641.9530646393646,3618.2457553860518,1988.1452605362886,2684.943831941716,1168.8115131832742,2146.6525211870844,3012.0418986172053,2027.0018011238199,1667.59996160151,722.9904260807413,863.4589220881122,2799.5683072629467,339.54930348970896,1580.4428032854923,354.7269445841116,761.5347305530368,2755.898069496433,0.0,3943.7696518361504,2493.24236245245,483.21776485207863,3100.4226284644005,1288.230484070427,1483.7428458746924,2802.3860349567503,2124.3008001890494,471.0858763297561,3726.5516179717783,1850.3476394121042],
        [2787.2616800092796,3821.112797880515,2927.2676473708207,3598.781890918564,2407.7695601377754,4177.26411787997,3927.5917517658013,2817.0284313761385,1849.6720694651242,2656.9055034811518,837.7968088758495,2852.2611927070157,1772.1480467632289,1583.7264475294692,3539.8800232861845,4360.735105792288,3985.271994174045,5086.2451600973745,3487.5788807321833,567.8313651076494,5405.659869056853,4395.2704868709325,2924.8371644514245,1580.7108990889094,4871.765570055821,2621.648598155241,3967.1325590528063,2061.639684624892,2911.017771669282,3030.0798790225867,2737.5690091321185,3462.5715448435144,4589.333941272343,1370.5046903535174,3694.357293930255,4296.930607825848,4061.081739626793,4101.181971787447,4718.601412762462,3943.7696518361504,0.0,3340.6473008470357,3906.7974699624897,850.1120647911016,3044.4141705391926,2671.6956830589424,1215.3419688928684,1845.9101298431185,4414.493188005534,504.82967279070505,2787.2616800092796],
        [3285.2660069214676,2104.437451640598,2107.85788304438,3941.036573521613,1846.0021115206061,2599.0534738756387,3650.793999481552,3560.5862392091603,1537.3932920973566,1073.1649626850574,3326.2617585302396,918.560510844282,2068.3068269127843,2318.9157585593757,1780.6965168263882,3236.276695214723,1196.080170841439,1781.8627937995868,1834.5660904465717,3040.2374359071914,2462.9689587829725,1110.806410333686,1017.189742495265,4059.428467208313,4432.744894736245,743.7361544485707,1520.7322823080865,1521.68726889467,711.1299017265783,568.7751007829015,3043.9499069325966,1796.661439752686,2448.509136191798,3060.68007949764,2169.4729965286665,1490.9188621665523,2836.28212093798,3194.792815348934,1396.0132207062934,2493.24236245245,3340.6473008470357,0.0,2064.354519343323,2663.3676785994307,2922.0319531428104,1475.0079067141369,2839.8383733315814,2450.5122383008734,2790.425799549553,2879.654776165083,3285.2660069214676],
