{
    "drone_dist": [
        [0.0,2742.0732275069518,3903.477321665576,2789.7266723254083,2265.0772776475796,2951.1112915419367,3924.6604534752537,3096.121811179215,1233.3772680878324,1185.815647624735,4169.255325450074,2505.8667941380922,3134.90472290937,4870.745390080246,4382.420557726461,2444.347582334975,960.5206498985641,898.5947050577805,976.4656539127038,4744.002848424244,1340.9778133270054,3317.3402453868225,2786.468672262732,1452.550225219496,4094.286794203108,816.3193972288702,2874.7664615639515,3963.547701651983,4295.608289641727,3544.601426450492,481.2963992052632,4728.834203198679,1918.8940799763632,4774.666071683737,2649.090755173603,4531.617013069523,2582.071643799169,1797.0325221964522,1810.0445482062928,1010.9712124874338,3642.776944433969,3712.105155372794,4428.925515500101,3667.8611243847754,5417.031683968173,1034.0061617391927,1451.6271835079876,3512.710920926383,3520.3293437482666,3199.9814456971358,3980.506760765319,4425.981017028617,4204.133841684531,3889.3289929268803,5474.06283836988,4756.68022830413,4533.32562677781,840.6363922948642,4048.339226896656,5045.619467348837,4028.5996468530934,1959.078363873488,4470.1354842420815,3298.043353133429,4808.349233682317,3892.860829215126,5157.288834391057,2157.787269880469,5207.035340989247,4533.123522382235,5049.906808105243,1840.1125971633958,1969.3063165200397,3361.642624960502,2213.878478880278,3098.5501383327687,3537.1316478432072,1225.6620502789042,2636.651198132613,4240.773669305894,0.0],
        [2742.0732275069518,0.0,3028.081666993542,2745.194613422262,4308.27200266474,718.648551343115,4196.157284199216,3080.2327899633306,1641.7579067100935,1638.0518143942911,2801.482115820251,3699.4047518913585,1480.340568273384,3930.6346845970693,4986.838496892619,2682.0940540415195,2802.6019295530136,2117.5788483440497,3408.2584971458946,4706.717792077085,1621.8267394056543,1874.9160041339937,1522.8728043756566,2888.6761446751007,1834.8730218241938,1936.3983395030139,3974.3693632725176,3319.266533721848,2038.8410555450887,1680.0418618768308,2329.3541134986817,4028.159103946969,1192.7433758150796,3953.26092689183,111.31635026512822,5036.047880578834,4869.058305231719,1018.238674870921,3760.660780114103,3185.464909498098,3343.2199122738766,1586.3470390873804,2145.881159867272,4005.0825405006035,5302.216536800703,2513.047741845695,3759.215026005777,4834.589571173706,1202.0533315964688,3537.0531280593427,4061.4493875667995,4490.763518310677,2685.974680551784,2058.655112968215,5599.199482049308,4490.114753345538,4029.104842735053,2487.7294463291846,2897.1567075347575,5315.999317205782,2328.503058482572,900.9835348090029,4397.414294305976,1791.2659122472605,3695.7911268058538,3750.933832586484,3055.447495704377,680.1464084125689,2970.036856419845,2849.5945182453524,4518.358338051815,2781.8114038760023,2027.3465998479128,4369.95096220133,3829.349433557082,1323.5150182329587,4469.226407889904,2030.0467946123274,2345.0925205310314,4469.5350568476015,2742.0732275069518],
        [3903.477321665576,3028.081666993542,0.0,1225.6989554659153,3700.05392748891,2340.712259834077,1701.2605723839356,1116.7462938002973,2906.3687989539267,3607.0985613719977,675.8549220854911,2509.4350636058116,1562.7033611896977,996.5459013983835,2530.938594328835,1582.1314975530092,3141.7608265076587,3995.96131283737,3776.5085489355383,1830.7619080549166,2761.6219170973795,1170.6502436783176,1545.4919334144734,2745.540157340163,2029.2648327003362,3351.111669117524,2483.7742434429965,363.0853087375873,2048.4224502505767,1539.4697218165797,3839.732421754476,1003.8333405183373,2409.5762476356144,957.5420199899514,2961.2856548391405,2482.2383412566683,4356.247277473753,2801.32386906317,3355.194763434068,3445.6812327187486,746.1304651646846,1846.182439983058,2124.3701351261557,1667.8859445737492,2333.3779726321936,2921.9294704383724,3767.61872807074,3148.942319388254,2179.737169678844,1520.9649004503988,1442.7024689387215,1722.8268894711446,888.4931831131662,1370.698426244494,2707.879732479519,1526.6204945821432,1021.2512043905803,3090.919989950278,371.62823746200684,2537.4477212563716,1155.2325635799803,2699.0746418907584,1553.7688807779857,1259.71658628766,906.3713523475947,1060.168992040735,2109.0006608497315,2729.931874163176,2364.5016456215467,1200.9420979864208,1490.8169578616598,2285.0554396027383,1939.7420792639366,2551.3584100775465,3006.542922795921,1725.2131304116076,2521.540851911528,4168.175645499249,1268.1849008732086,1837.5023104695813,3903.477321665576],
        [2789.7266723254083,2745.194613422262,1225.6989554659153,0.0,2527.66190171356,2230.3349751264955,1469.1399310629922,364.4466795572789,1993.112519517242,2750.469589315593,1734.3130959460848,1399.1558127849332,1633.549349279847,2113.5406111547227,2241.648378574657,363.245794854931,1952.765012283201,3051.374540034811,2561.122385966172,2118.1007161738007,1855.9782749602955,1422.6192441148748,1326.9165634728854,1528.9583306614602,2566.2122039557344,2372.2965416844627,1494.4343483230537,1193.0508892158025,2678.4014448967355,1896.2048526781664,2812.3892228638892,1940.7755519628088,1733.8029941700056,1998.2732128429207,2647.8109946283325,2295.85689480566,3190.435533208034,2127.6902831047296,2143.7276532418236,2232.126328408309,858.5460187840672,2231.528232237723,2794.324547372876,1262.8355476890283,2778.895432420204,1767.4932842482986,2542.2659993552143,2309.4799415541574,2388.2556285639484,795.6435867255154,1384.415969373982,1843.6198248608168,1876.354368993575,1989.566590230804,2969.893412676896,2031.542429596535,1748.3331028892555,1952.4466361396057,1496.262247333563,2627.5522666737133,1931.8942699739584,2090.9989528769033,1812.7846488985344,1485.5427536925617,2109.3264648458735,1169.1120998394215,3103.7393327137524,2215.7526654108965,3295.2126459905467,2241.794997599943,2271.304569324568,1064.9865477922453,954.1693886423097,1751.4362865131015,1839.2797571325511,1758.290760288384,1805.760956497275,3284.4637656661052,401.44363586446804,1763.560709433677,2789.7266723254083],
        [2265.0772776475796,4308.27200266474,3700.05392748891,2527.66190171356,0.0,4146.68161996641,2733.1062642384622,2585.7507495980417,2728.181102265525,3211.8968132424384,4260.498121565802,1212.6698598527498,3875.3727844406967,4405.934998879713,2767.1731594994894,2232.890048772628,1575.0549872962217,3112.9363396318686,1303.3323078782646,3565.8058600410222,2708.0955951500223,3816.4451406227145,3480.507256880483,1426.1088215103703,4917.5170603571005,2664.759369015566,1391.4656288983376,3546.3074226215895,5069.214526046824,4240.776966039599,2680.350492593493,4103.975953094418,3135.498817323606,4237.143730228112,4197.419817343191,2962.403525681883,663.2192363191688,3310.4977872001155,549.2196434847104,1290.7278106905692,3074.9586588988404,4537.488841947149,5197.029783455638,2520.8520766710885,4157.995226932782,1821.755919302727,835.6625704506378,1525.5333055717224,4548.891435680306,2295.0963500707912,2936.1428197857645,3248.2003331405617,4403.084319703142,4434.584928905906,4019.572761841977,3764.634716855088,3801.456299283354,1906.1127509486046,4010.0873937364754,3554.5125978531537,4427.2210227694195,3408.792327378619,3395.3514647659727,3852.5384531764707,4502.090812169968,3077.724972790768,5618.324614115974,3628.171536329981,5789.233281631689,4768.971728458609,4203.810070938184,1673.37375269296,2466.2355949184257,1711.788653775261,693.5786019509246,3937.684209942144,1889.7617401616644,3449.9091943919366,2714.8960972222476,2979.0683107840496,2265.0772776475796],
        [2951.1112915419367,718.648551343115,2340.712259834077,2230.3349751264955,4146.68161996641,0.0,3629.5938730352327,2533.395666259586,1730.8687182572414,2016.1624521173433,2083.6146048089013,3364.8302539314273,778.7496940151901,3220.1822787360106,4448.358451394803,2246.345253047303,2768.864198349746,2509.7701970851344,3439.142158082917,4072.75501929172,1652.415537067491,1173.858538286934,916.1967853480761,2728.9002558593743,1229.139520573265,2141.1967023180086,3593.768065779215,2648.9751232059875,1439.8393209307521,964.630568663615,2614.3145319757064,3333.3482332915364,1081.861581846553,3250.03533503471,683.1363756723566,4477.900726422963,4755.820473037498,1165.7007377604896,3615.1700921117817,3168.4281132543406,2722.913361955863,915.1145660684422,1562.7149460027608,3460.369741727022,4645.492814507568,2462.1413287206824,3718.7104092977115,4453.068062770144,594.8889011879137,3023.488572780986,3468.008140572202,3878.147397358942,1967.746161013015,1349.4814051773776,4967.677100737712,3831.5404997615874,3353.7993757415934,2493.9275509321933,2188.075025964089,4711.463413283465,1613.936386623938,999.1978749805752,3767.3068472910013,1087.1943824220205,2979.702146179186,3135.0965903523265,2428.0450866574924,831.7356437451781,2387.546186021616,2141.4032058391504,3830.569796459209,2512.4610083655007,1707.4691687402621,3941.944276690779,3587.9438142773797,617.2523202332733,4019.014862794894,2505.952960779994,1832.8548565896745,3884.0357305728767,2951.1112915419367],
        [3924.6604534752537,4196.157284199216,1701.2605723839356,1469.1399310629922,2733.1062642384622,3629.5938730352327,0.0,1117.919018070707,3380.9298383443843,4139.357741196149,2373.6983984320764,1607.088841189884,2935.3381849729735,1914.877854316309,847.4580715815946,1655.3781225296832,2976.17416906667,4374.072814200402,3384.480896318624,856.5532217320597,3254.6631000176867,2615.8788258399463,2713.9094379983258,2480.92437621838,3666.9401353258286,3696.252196185294,1343.59913016741,1362.4747948176553,3716.2883888874776,3076.687620114074,4067.783085097208,1536.2709898536818,3199.293087830847,1715.8132424362445,4102.493452230361,849.1110992035028,3301.178841099285,3588.123816946464,2626.9293654742164,3103.64318179028,992.8738533998522,3413.7658225619266,3803.8126492359484,256.88956120802436,1509.7030162533463,2909.1793722762914,3162.1690364979954,1647.4567104110286,3668.884676586798,749.7101160337054,284.41490225573415,529.0212148231715,2589.435880243946,3013.2754579937478,1562.6025791324075,1036.695254679657,1203.3332506553393,3107.0265286689196,2069.458242321277,1173.657495039197,2835.8987361752975,3558.355413306016,663.0265246820809,2699.942552480334,2130.878385990484,646.2324990045553,3786.1620988808863,3684.6851261044317,4055.997040080422,2885.405717309625,1499.380378654437,2092.940434501943,2377.0458883503416,1111.141340897471,2132.5345038200517,3084.86789992388,994.9730336795756,4642.7511612398885,1859.0772543067062,318.512881330622,3924.6604534752537],
        [3096.121811179215,3080.2327899633306,1116.7462938002973,364.4466795572789,2585.7507495980417,2533.395666259586,1117.919018070707,0.0,2351.1222502453247,3109.9710988351812,1720.671887622678,1393.1023102411589,1882.9388502403044,1889.6795089814887,1915.9066538927302,655.1282644551302,2220.053902000049,3400.17432186805,2785.1639367471166,1755.1835704532978,2215.4728350434602,1616.3093823798522,1618.5508996402662,1764.0182479967855,2740.9083117955947,2719.3223355135506,1395.3456435093601,981.7209512684841,2830.8301962704963,2093.832257316526,3146.6722803233406,1668.0679552865956,2095.3416590699635,1751.6283789398744,2985.607781034958,1956.1070810067931,3240.2368426293156,2490.7842156131815,2264.3572496804395,2463.0453999619276,560.4012438065494,2434.6593013643032,2937.851135369165,928.4697575976019,2418.48631375328,2064.280130249847,2711.484778233081,2142.8846032911115,2634.9705265804705,518.3132657326826,1020.4520261242752,1479.1852864793395,1894.3047950134116,2124.893039756085,2605.588092123243,1683.6702615405916,1441.8892851712728,2255.518594517188,1445.7857205455505,2267.1740022284225,2020.1341962257322,2450.9385600219102,1451.3151426096729,1690.6101664749608,1935.4888357568507,815.7228061054262,3142.3089525281616,2569.9378956499413,3361.1363209520846,2249.309362731144,1954.0000901179897,1303.3934043100817,1314.992427907376,1557.224532062764,1892.8017620945373,2021.2724593855382,1579.1306124864757,3639.955842264729,741.6217328582288,1404.9211557165909,3096.121811179215],
        [1233.3772680878324,1641.7579067100935,2906.3687989539267,1993.112519517242,2728.181102265525,1730.8687182572414,3380.9298383443843,2351.1222502453247,0.0,760.428388303583,3055.2327727314646,2368.717309687995,1920.7145820157336,3901.7482092769505,4025.9636826726323,1730.136034528252,1174.784970175714,1090.22032789647,1767.8626399262246,4103.670868577975,144.79975873330267,2142.6024278943655,1598.3151605581625,1365.1587265247897,2861.2081087238785,470.87306278140477,2707.9649759555323,3045.581704900905,3063.185635609968,2325.714992244353,983.3022468096577,3832.092561589432,686.5630976945556,3839.5593064254076,1536.0313990986492,4131.509010656616,3251.434084955875,625.8344039572041,2180.141315461894,1547.1694565820712,2829.4155411374295,2480.363854105507,3196.2688495373877,3139.0699809137373,4769.502533148323,906.4251833428895,2122.800617412068,3520.066099877939,2290.1394549350857,2633.6928336176547,3352.275731883206,3815.242838787458,3059.4344459376416,2683.607611687547,4931.301746522782,4022.1820926229366,3697.313664527181,850.7574862649271,2981.393660539771,4553.983236667723,2845.1613414363896,767.7029965121169,3802.0311626566736,2111.6912387834072,3785.775321134718,3162.224384875037,3941.8412936548793,986.0043428258671,3979.928628257725,3367.6696883698655,4226.155610428466,1441.3717088413227,1040.3182950915884,3172.5578484916523,2347.1444114889355,1872.893203222139,3314.3451719405634,1293.5423508704212,1708.8428671153088,3694.871895579415,1233.3772680878324],
        [1185.815647624735,1638.0518143942911,3607.0985613719977,2750.469589315593,3211.8968132424384,2016.1624521173433,4139.357741196149,3109.9710988351812,760.428388303583,0.0,3682.204800149767,3050.624244346994,2434.8012846504107,4603.161404935402,4769.604840330809,2490.3363859798988,1649.3483791873132,494.2896844480562,2047.099962357176,4863.5005704270625,894.5623720232496,2725.616721713405,2184.2900757060615,1984.1721185223885,3237.1256806567826,552.1115601870328,3404.218617969136,3772.193074911899,3447.1759058754965,2809.0726052404684,721.9233449887821,4558.03515050901,1225.3243719469006,4553.833246469132,1560.5046884931858,4880.779857195323,3646.5552816755053,898.8602610632594,2684.3702391564257,1933.6092401268406,3579.330224625464,2888.379281011176,3573.7032849911557,3896.0045068178906,5528.441874551504,1470.5125337900593,2485.952882702954,4183.633631862356,2610.9330970904152,3391.131724357233,4112.6996798657865,4575.666565939774,3656.447746120724,3193.7348089598045,5691.38221364566,4776.254864482205,4438.1578344491,1330.1340078423161,3644.537133946036,5311.7802859438,3395.013279812121,1056.7169043233496,4561.215312505502,2677.9136673939183,4463.902584215506,3919.213517140773,4401.37998453692,1185.5992983561894,4391.8362189267355,3933.9229419856065,4966.696806162221,2154.1957193832322,1796.3677439880762,3880.5427191662575,2947.31483032904,2346.915613849846,4030.8830677241676,562.2616776180165,2451.6013936026816,4453.965075797044,1185.815647624735],
        [4169.255325450074,2801.482115820251,675.8549220854911,1734.3130959460848,4260.498121565802,2083.6146048089013,2373.6983984320764,1720.671887622678,3055.2327727314646,3682.204800149767,0.0,3100.923376878697,1342.4727554035835,1173.6598451813898,3195.914712113438,2056.3744400220367,3512.4925824191214,4118.048659611586,4184.55282268673,2417.8812502614405,2915.081094950842,976.3733707554628,1500.4663066456312,3173.8531677657074,1467.874713944887,3522.1865574212206,3113.354290693842,1015.5417124915087,1445.3006404387968,1147.473305370391,4030.4031040346745,1388.901076669828,2456.9862693092296,1252.0954507657839,2755.98028825269,3137.1527817928486,4922.578937009234,2810.797403083761,3871.6673517759587,3853.7622198823206,1419.3313445163178,1381.8056954479125,1502.2665967578534,2343.487465070067,2837.2625334178056,3257.6938755987903,4236.946015795107,3811.055999865413,1769.484294627688,2170.2699548395353,2109.857544070568,2354.307031710987,222.80505543337765,849.1694148988034,3260.085271802654,2068.144766387152,1538.6350080557968,3404.5015426030377,304.62745111543666,3142.5291696449176,576.1663926560727,2679.3884046463345,2166.67966550778,1043.2560744564096,901.6059301183642,1729.3815010608205,1438.8725800041902,2654.3422832426336,1688.8682118880681,532.7039942156044,1900.9928386874144,2733.6848514551057,2218.959986548452,3213.5662834996606,3569.7421060927923,1487.2161646730444,3191.095032031856,4241.25666114302,1635.5741399721585,2493.7764216992723,4169.255325450074],
        [2505.8667941380922,3699.4047518913585,2509.4350636058116,1399.1558127849332,1212.6698598527498,3364.8302539314273,1607.088841189884,1393.1023102411589,2368.717309687995,3050.624244346994,3100.923376878697,0.0,2928.3663425215714,3193.5236213876697,1890.4673053468075,1180.7535241911044,1553.6524921212967,3142.916988449351,1815.1688127441241,2462.7775016173227,2286.996993051196,2788.4355915110064,2560.0025843265244,1093.3160056389959,3927.053707493111,2521.7737031987,369.6875770997713,2337.6501200803823,4054.6972390703177,3247.0291083891543,2763.316647380031,2896.739528545175,2516.7897810140057,3026.0937757901306,3589.8068744776483,2053.7633520673758,1854.6690417922105,2811.3197757867824,1020.2327232478816,1569.7715253864878,1863.5868367735145,3569.619977378505,4175.185317228065,1369.25392629153,3100.7056358128075,1607.4550242270648,1556.4845276904255,1155.9547019493448,3659.0270527459074,1084.844280299302,1771.093243506775,2135.854075264085,3260.2862775687945,3379.5657487057015,3056.757906675198,2609.0415814330104,2600.507074778574,1786.4330208465108,2835.37501205911,2604.995607319496,3331.0324709763813,2856.369934081994,2253.1301998213526,2840.1748551878823,3291.7840203251108,1874.6644773899773,4498.117895256249,3050.2144383539203,4694.179799240166,3622.3322775714246,3025.1933986343993,941.034455050239,1678.8889875375469,858.4257385497154,541.8014543589912,3023.1040955159633,1031.3856673432333,3456.804677942868,1673.6523778192243,1891.5387827649474,2505.8667941380922],
        [3134.90472290937,1480.340568273384,1562.7033611896977,1633.549349279847,3875.3727844406967,778.7496940151901,2935.3381849729735,1882.9388502403044,1920.7145820157336,2434.8012846504107,1342.4727554035835,2928.3663425215714,0.0,2450.7980379724695,3771.98824381854,1750.9888513780013,2707.927883462372,2903.201019072829,3407.2364777238804,3318.832707850147,1798.491925932951,395.62849984281524,399.53805456598764,2529.6781451245984,1050.3777478744144,2386.8315562697794,3097.4172834871924,1877.2098749907457,1222.4804191796884,412.26289138223547,2896.758787040952,2554.7612605323284,1247.2718058018143,2474.0264342444607,1424.6880928422254,3783.2724370422357,4520.26567790414,1537.7147777794632,3381.238315141962,3099.009066552569,1989.2306331877076,663.122215212771,1355.97170062409,2789.9885484928905,3876.7029107448348,2408.715776054697,3596.1904720300686,3935.095788003229,755.1919097046988,2395.5936181978946,2750.4731417507032,3141.0400973125625,1261.5783043865479,765.9107602237381,4212.887005760029,3063.0911186838907,2578.4254392907833,2499.8081976427607,1417.182326539401,3976.6167301622568,962.7966703303995,1388.5256864238982,3017.33808798439,310.927903099935,2223.6399347697698,2400.8470591717087,2022.886152974788,1329.6625357840926,2081.8271133055596,1504.8741868969414,3051.974558584675,2202.305240466101,1434.963270274974,3384.7748415207675,3247.930403609076,162.7495497375002,3436.717231250213,2979.1353312596634,1271.4963869668811,3169.799646018257,3134.90472290937],
        [4870.745390080246,3930.6346845970693,996.5459013983835,2113.5406111547227,4405.934998879713,3220.1822787360106,1914.877854316309,1889.6795089814887,3901.7482092769505,4603.161404935402,1173.6598451813898,3193.5236213876697,2450.7980379724695,0.0,2579.363852424548,2476.202277147232,4065.834939805588,4991.691870346149,4665.714892706809,1561.6625975978902,3756.9593310576656,2058.293919506808,2506.6916730029534,3636.2856425136606,2611.5913181957735,4343.373330162411,3068.549902494152,920.9348667183866,2554.450062577354,2313.3248341389185,4827.537093788482,400.64974510928334,3400.771142405721,202.9964491146966,3874.985127173263,2457.425520420427,5037.461587628726,3788.402276987597,4138.6337176666575,4339.470512283588,1345.5120148233398,2555.1175440230786,2583.937656112701,2015.260356417025,1791.1932940173867,3868.3121191489213,4600.085231341802,3552.593411487451,2942.2308629869717,2112.4342899486264,1634.3407297814065,1644.145827928535,1356.2366728903787,2020.4611674184616,2269.058648421367,1157.396852736981,723.8758655780663,4045.593485875854,1033.6183028840594,2273.2783447410684,1740.679803918318,3679.806007127099,1420.4243142493117,2140.0155931732857,330.2633538745471,1360.9397818715877,2183.144085516587,3695.8574764224263,2495.777532201798,1438.5779229786551,812.9899776285453,3171.438298817089,2920.633822984816,2984.627305463442,3726.684003573344,2607.229312739833,2896.0662612990036,5164.454537210325,2237.962502892621,1881.8239248150207,4870.745390080246],
        [4382.420557726461,4986.838496892619,2530.938594328835,2241.648378574657,2767.1731594994894,4448.358451394803,847.4580715815946,1915.9066538927302,4025.9636826726323,4769.604840330809,3195.914712113438,1890.4673053468075,3771.98824381854,2579.363852424548,0.0,2355.545553630103,3422.62602770816,4945.290951757968,3693.141215734867,1107.3842324606996,3911.6764491200715,3460.3158010417233,3532.5369204699373,2937.638297452893,4513.57820023946,4284.8566157000105,1532.9059340677663,2180.389641016877,4559.993929563121,3923.231344879475,4598.066875633873,2179.565270752267,3934.945920255414,2376.6510553054322,4889.277672374462,204.12410919892886,3216.6203710492887,4308.634305373089,2829.1467268852,3459.7978739452383,1839.1984092083837,4260.778056302461,4645.283630898731,987.9888220862438,1493.995920470427,3422.8504816298255,3377.969999125502,1340.7234929509464,4510.819759879827,1453.9201073542913,1088.3328662306233,936.0915017008338,3414.9904658726105,3858.8499144667417,1259.7425990808435,1482.2722831883166,1859.6601149554042,3615.342912010862,2893.7741904620116,796.956674745906,3675.8223752730783,4297.079019976359,1160.4992138526227,3543.5531958649885,2842.9639117735046,1471.2378677738216,4584.915258879229,4441.188982400777,4864.865726313421,3694.8832875321145,1964.125979042603,2633.020648879902,3079.427368702454,1080.4913610337676,2317.4686390877782,3918.681093228102,894.5838481696417,5237.811245698342,2642.0495142972686,714.4457926042829,4382.420557726461],
        [2444.347582334975,2682.0940540415195,1582.1314975530092,363.245794854931,2232.890048772628,2246.345253047303,1655.3781225296832,655.1282644551302,1730.136034528252,2490.3363859798988,2056.3744400220367,1180.7535241911044,1750.9888513780013,2476.202277147232,2355.545553630103,0.0,1591.3992750237644,2756.917920890858,2198.7145922603368,2381.3987180978556,1600.9917953381514,1612.8533957355705,1393.6426098086104,1166.4852902004986,2747.490264882831,2075.2310760065993,1356.2051102047426,1555.4185225031779,2879.2094429263498,2066.9217858097413,2493.2155313523085,2295.2259568571667,1581.1917799968205,2358.391478580059,2578.3699002273515,2437.793554506571,2895.515596716978,1953.481888708886,1816.6885444670263,1869.3286811691241,1199.0253077593231,2388.9004808835157,3001.7110495068287,1420.4529186448588,3052.0441250038484,1415.626761955429,2192.1212934149626,2209.8206823502096,2490.1205463447145,916.279989450808,1624.1051116388383,2086.8524891427064,2181.788113463786,2216.14656096032,3201.178653432073,2335.6225952231766,2089.105629757032,1604.3527558965004,1835.2257566903108,2828.948053267903,2194.899566569222,1943.353623610605,2085.294505984009,1661.4638422343417,2471.169679534996,1466.606459809312,3385.7892618942437,2096.3482134297133,3558.378923141868,2548.156002059637,2606.2225191279085,703.5076611826142,726.7125984570336,1699.1643384800736,1558.0268463058655,1852.5775834281426,1788.691077862419,3007.406287746767,495.29074636139075,1966.807466901237,2444.347582334975],
        [960.5206498985641,2802.6019295530136,3141.7608265076587,1952.765012283201,1575.0549872962217,2768.864198349746,2976.17416906667,2220.053902000049,1174.784970175714,1649.3483791873132,3512.4925824191214,1553.6524921212967,2707.927883462372,4065.834939805588,3422.62602770816,1591.3992750237644,0.0,1629.1980581315784,699.7822976083288,3806.4020739431708,1180.8026110215944,2786.0665310844256,2316.188233635663,495.6001386837053,3745.1412288911083,1097.780205758925,1923.3345938194573,3145.758740077048,3927.7610116178894,3114.554410262013,1224.1964902217494,3882.846547206411,1693.8797664206463,3949.7601388005482,2694.1626012321226,3571.1022230967837,2076.717084154701,1785.8100828316726,1037.4965607406848,400.1204735892818,2778.615328210855,3351.949015983233,4061.923428716373,2719.3339194751347,4476.882823353758,307.4683396906333,959.6614845109817,2608.7348842435636,3261.0613697844346,2264.549253519898,3047.253053377253,3484.866241785864,3587.628023400564,3402.9365043043786,4518.691625197245,3843.100276326808,3660.72726134447,331.7398418882536,3343.2998100082496,4087.2085460305043,3484.467246831029,1906.0487864301404,3541.08903745877,2790.6268494220913,4044.371413411043,2989.915518869517,4669.8180001646815,2129.1734639541087,4772.3845579681065,3940.628822681808,4165.083918279157,921.6916520118505,1319.663605317093,2411.8742378203915,1325.8087746601082,2720.2309194314084,2584.3906757540417,1958.3820642346423,1891.2285833492067,3290.436022474501,960.5206498985641],
        [898.5947050577805,2117.5788483440497,3995.96131283737,3051.374540034811,3112.9363396318686,2509.7701970851344,4374.072814200402,3400.17432186805,1090.22032789647,494.2896844480562,4118.048659611586,3142.916988449351,2903.201019072829,4991.691870346149,4945.290951757968,2756.917920890858,1629.1980581315784,0.0,1858.4385044677451,5137.152218819748,1235.008519178762,3176.0669073884915,2630.499745903467,2049.9857368056114,3728.6295019307304,681.6936870603398,3508.5669625931896,4133.664777007657,3938.4066722024913,3285.7665961029393,434.3081741050766,4919.823604930427,1670.0919423024782,4929.525895328765,2044.943742793842,5071.948372389609,3472.489634773838,1378.2386029338031,2618.5183682417905,1824.5094555558364,3900.6674848052385,3376.3317849859122,4065.556856838216,4123.387143237876,5808.7668813579285,1536.8867751126704,2326.516877945245,4234.552290037194,3104.377381900995,3625.2917399424086,4375.966022133531,4836.942385738709,4104.89814420777,3666.352623136698,5935.9969231376,5082.118480571814,4777.088026215103,1357.3469367815014,4060.9503789935097,5536.732350464468,3858.3023312187984,1540.4950481803737,4842.2123303434355,3133.6309744540167,4871.245604741911,4215.783882338382,4885.787251581106,1678.5637508258246,4881.866151979893,4393.658883607519,5305.521376742973,2313.1398832855893,2111.739941763732,3995.1802409228926,2954.741160771767,2823.058377410992,4157.511310362397,336.9731103288283,2791.79980145875,4692.04461754709,898.5947050577805],
        [976.4656539127038,3408.2584971458946,3776.5085489355383,2561.122385966172,1303.3323078782646,3439.142158082917,3384.480896318624,2785.1639367471166,1767.8626399262246,2047.099962357176,4184.55282268673,1815.1688127441241,3407.2364777238804,4665.714892706809,3693.141215734867,2198.7145922603368,699.7822976083288,1858.4385044677451,0.0,4237.445391408092,1807.5530548511128,3483.0513304497035,3015.9441410578543,1032.231639870616,4442.356216650386,1540.3490644632907,2161.0748163580142,3745.9296258141208,4626.252552148236,3814.245335608231,1425.3055617988307,4451.296835125845,2357.696731265674,4535.677156790227,3303.401011051699,3863.9059077900583,1615.0750865924392,2393.6683490629484,914.2938491608721,331.6407653830817,3344.2368441882213,4049.189318754674,4760.508397460304,3133.0199374053923,4893.114701083022,1000.040311362743,476.1563082805113,2664.1094505810893,3947.616116721207,2731.8378179979545,3501.4582314388567,3910.085620545748,4269.186770558029,4101.500648240711,4871.265417278288,4326.550654569663,4204.317227286273,945.3515085064499,4000.9577894395097,4420.150531439897,4178.189992803192,2530.436408810605,3997.311428399713,3489.1231117774882,4669.848286053943,3503.4179594897514,5366.710778004749,2751.557698642911,5471.826611483407,4625.5751958033,4688.420518119308,1496.4053042428684,2014.2290719987777,2623.388208814791,1394.947462538207,3417.1710291751297,2807.926493016212,2192.3840087565573,2551.823292348831,3685.164968112966,976.4656539127038],
        [4744.002848424244,4706.717792077085,1830.7619080549166,2118.1007161738007,3565.8058600410222,4072.75501929172,856.5532217320597,1755.1835704532978,4103.670868577975,4863.5005704270625,2417.8812502614405,2462.7775016173227,3318.832707850147,1561.6625975978902,1107.3842324606996,2381.3987180978556,3806.4020739431708,5137.152218819748,4237.445391408092,0.0,3969.421389646275,2949.4055763413794,3184.886123362316,3313.476494470923,3853.8566850283037,4455.557871936072,2186.0533260975562,1473.2427390441912,3856.6099756410767,3360.138383130851,4856.100126347111,1167.7083923974722,3828.3418654733896,1367.0127791245284,4623.507210303011,944.4330445248168,4107.683998795479,4229.235860120285,3481.927398446713,3951.939198609843,1365.6049600939969,3674.8953114610945,3919.4856701043514,1104.5499096383155,674.3765685313158,3717.2730922812502,4018.489038149123,2334.806036338822,3993.465898964637,1544.0874912806044,765.4849505302032,327.8021358007429,2639.7668634659667,3198.242150033175,894.9261365691436,405.6449291227057,899.4612192439868,3914.8607376832183,2141.409884286137,730.2866075943919,2965.68308764054,4175.21321633541,311.2869732053841,3039.0646979080116,1862.5979985069935,968.1956371491199,3694.7854359611406,4271.437609178895,3995.434922104129,2854.5563301349807,863.5134424278092,2904.0998015533332,3070.034901384093,1885.2238634191478,2984.1609653452006,3479.3283503106695,1732.0646483926598,5387.962536957777,2462.053681305986,587.1345934513619,4744.002848424244],
        [1340.9778133270054,1621.8267394056543,2761.6219170973795,1855.9782749602955,2708.0955951500223,1652.415537067491,3254.6631000176867,2215.4728350434602,144.79975873330267,894.5623720232496,2915.081094950842,2286.996993051196,1798.491925932951,3756.9593310576656,3911.6764491200715,1600.9917953381514,1180.8026110215944,1235.008519178762,1807.5530548511128,3969.421389646275,0.0,2009.0667280303103,1466.691102890549,1317.868815330156,2756.542022272694,607.4395897709376,2618.972517171182,2901.3493445187937,2956.36068434262,2206.1785541486784,1118.2939446988835,3687.9024944582607,583.6170373235115,3694.8676083682185,1513.3765254038333,4013.4427342239505,3250.523069801551,606.5158544330257,2158.88766997596,1566.6442663707362,2688.7429944791375,2372.288450957423,3090.01026103649,3014.8342888484513,4633.913772898274,894.0488230312104,2138.452620349871,3441.680300915931,2198.4940581576006,2509.1638541266507,3220.4087296203597,3683.3057682372632,2922.383986034102,2558.619809316324,4801.533464025082,3883.2101776340064,3554.7125782652442,870.2648246048352,2838.3039506686964,4428.21192656915,2714.2308029491955,726.9779453767372,3666.760661095937,1980.577348276995,3641.6193012912127,3024.8667790505633,3821.2240784360333,949.8887231125454,3866.20523321437,3233.793794163349,4083.5627411517703,1351.255834932844,902.0183287870852,3077.325558500326,2295.3161740651367,1757.7303784657245,3214.9891222436554,1434.5978803561438,1566.093515612581,3567.4596039277753,1340.9778133270054],
        [3317.3402453868225,1874.9160041339937,1170.6502436783176,1422.6192441148748,3816.4451406227145,1173.858538286934,2615.8788258399463,1616.3093823798522,2142.6024278943655,2725.616721713405,976.3733707554628,2788.4355915110064,395.62849984281524,2058.293919506808,3460.3158010417233,1612.8533957355705,2786.0665310844256,3176.0669073884915,3483.0513304497035,2949.4055763413794,2009.0667280303103,0.0,546.5504790954546,2541.106803146979,1144.0285885290464,2613.4738081207306,2915.737428281603,1493.867062255975,1266.5789230517394,477.9438901327822,3125.8545694570284,2159.4995925302574,1506.125034606477,2078.6585835926694,1816.9035249019407,3458.3457182620755,4473.053048689858,1842.5775919260657,3351.415044439161,3162.5016166267756,1645.2736277138176,818.3941769985457,1388.9667942926155,2490.3988255759023,3493.5070762014957,2500.6704893450164,3622.283618716209,3728.4385191361084,1056.974712142863,2134.622529573243,2413.8035164036655,2786.1907182495434,930.8417649023877,626.3421574502615,3841.234743680476,2681.0198258374025,2189.4614723677323,2617.382088158246,1025.1071842085478,3621.011098508813,711.8731641481737,1706.4562128530163,2652.100443883729,89.97979774417392,1839.3595551229243,2052.4589053055697,1883.7742271610434,1678.1710930276101,2001.1236264963989,1225.0709429123879,2657.9966095677987,2163.0707356780295,1469.6665801508702,3158.731851098232,3160.1644202896796,556.6464488602818,3193.1703638439353,3280.6288783988275,1117.575864173902,2833.1478601047484,3317.3402453868225],
        [2786.468672262732,1522.8728043756566,1545.4919334144734,1326.9165634728854,3480.507256880483,916.1967853480761,2713.9094379983258,1618.5508996402662,1598.3151605581625,2184.2900757060615,1500.4663066456312,2560.0025843265244,399.53805456598764,2506.6916730029534,3532.5369204699373,1393.6426098086104,2316.188233635663,2630.499745903467,3015.9441410578543,3184.886123362316,1466.691102890549,546.5504790954546,0.0,2130.1483874982487,1449.9137175258172,2069.084362093031,2749.135072486384,1809.0379279872488,1620.4051254767046,798.6533519722489,2581.552016689046,2548.18650357884,961.374931826089,2497.4257929282126,1443.3404251339166,3561.9286493390646,4123.281280540129,1311.229385387617,2983.1049725674147,2704.8681852837044,1823.7742942519224,1061.7513829640168,1753.4099017731694,2544.5820397993207,3780.5030990475348,2019.72714909787,3197.641717746179,3597.802645478174,1099.038526379848,2114.4342273938046,2557.4079527728854,2976.0166435885058,1474.5131182610546,1106.7918084948694,4078.286155549049,2969.492469572018,2519.8116143067473,2118.991721910516,1494.8427878565208,3806.2212232466118,1247.5494854798376,1185.2926314498648,2876.234162884828,513.9210562936485,2322.0942741659137,2233.8394530720043,2379.952612758479,1189.2463718849353,2460.411481928872,1770.5439076108137,3022.054333372851,1807.1410785853343,1035.4354607533728,3063.785737827897,2860.1943952719753,464.310466697915,3129.1221372975283,2741.815956209705,938.7612048616926,2971.6668262694698,2786.468672262732],
        [1452.550225219496,2888.6761446751007,2745.540157340163,1528.9583306614602,1426.1088215103703,2728.9002558593743,2480.92437621838,1764.0182479967855,1365.1587265247897,1984.1721185223885,3173.8531677657074,1093.3160056389959,2529.6781451245984,3636.2856425136606,2937.638297452893,1166.4852902004986,495.6001386837053,2049.9857368056114,1032.231639870616,3313.476494470923,1317.868815330156,2541.106803146979,2130.1483874982487,0.0,3580.0209086242685,1442.5547466161397,1460.4901664322663,2715.7777940666033,3748.232307785524,2919.8070085891286,1672.2774400503881,3432.0641564154153,1709.8665182702675,3509.974630268506,2777.5137312047605,3082.1103558476693,2027.4886700690258,1906.0672193185226,886.8284466604089,703.4896024338169,2324.4078749453774,3190.6109573918734,3880.235428767723,2224.128606504323,3983.0386890564364,518.5407192643731,1081.9809840789837,2201.613959895094,3159.401942073704,1773.9109170460304,2556.3263662074096,2991.087393222581,3271.5682390256115,3167.2146355982773,4023.4090687129715,3359.119888544581,3196.8864563735,693.118428873615,2978.4494913336907,3593.1588656363087,3213.000543527845,1992.983425732295,3051.226528278229,2560.2112757883133,3637.6382646720504,2512.9122121273576,4411.769724275956,2209.608564993083,4542.226654792491,3633.0439669587295,3693.630504204284,464.9123102710819,1094.7149224329037,1948.6274745926082,982.2103833014431,2570.520943424061,2115.458975851082,2366.2333751056285,1538.502575572383,2794.927867732235,1452.550225219496],
        [4094.286794203108,1834.8730218241938,2029.2648327003362,2566.2122039557344,4917.5170603571005,1229.139520573265,3666.9401353258286,2740.9083117955947,2861.2081087238785,3237.1256806567826,1467.874713944887,3927.053707493111,1050.3777478744144,2611.5913181957735,4513.57820023946,2747.490264882831,3745.1412288911083,3728.6295019307304,4442.356216650386,3853.8566850283037,2756.542022272694,1144.0285885290464,1449.9137175258172,3580.0209086242685,0.0,3306.2702070308796,4059.7498252092955,2392.0541910910724,210.70777368791929,681.1907758179469,3800.06251310399,2856.263974743308,2175.462916269292,2712.500922496206,1844.110800189358,4487.165463298823,5566.016495684513,2361.055025694638,4429.363808718541,4139.673977546339,2674.3840598660163,393.1946593942552,337.69467945091515,3572.8703690752727,4303.245431583232,3442.3160625279074,4644.567765365991,4868.64072018837,642.9973189906759,3257.018486511998,3435.201042332552,3750.3436561117364,1261.7488352537705,659.6462427417507,4715.546442904526,3523.2420794630475,2996.144692079631,3520.023812043285,1717.004640436515,4566.277515861376,895.1753386394014,2194.858225675059,3582.6635093833015,1087.1616881099085,2304.0057190475404,3055.918159948023,1220.5987772241301,2052.2007585323777,1158.408043946946,1228.6638277058944,3367.3993425879585,3246.6522342143976,2485.3114258779256,4293.794329671913,4278.334405796506,1025.208048098196,4319.740689111581,3734.865634439963,2253.4141618351737,3845.879866663882,4094.286794203108],
        [816.3193972288702,1936.3983395030139,3351.111669117524,2372.2965416844627,2664.759369015566,2141.1967023180086,3696.252196185294,2719.3223355135506,470.87306278140477,552.1115601870328,3522.1865574212206,2521.7737031987,2386.8315562697794,4343.373330162411,4284.8566157000105,2075.2310760065993,1097.780205758925,681.6936870603398,1540.3490644632907,4455.557871936072,607.4395897709376,2613.4738081207306,2069.084362093031,1442.5547466161397,3306.2702070308796,0.0,2880.9208568431272,3471.3625260935323,3510.8547139430407,2789.1460005211643,512.467763392431,4255.944738382237,1143.5249326799644,4273.022869949696,1840.2701246489898,4406.041100203742,3117.7176628616467,981.6475667902276,2133.971443299565,1395.9240379276637,3224.3011733774847,2930.8478291664574,3642.931786399169,3446.735709453775,5127.081861816578,925.2265411694761,1959.181423969098,3644.168358829964,2717.6030573562557,2946.8918984154934,3694.711561058832,4155.958717641373,3529.424246714849,3151.162438036586,5257.348318035332,4401.975337425784,4104.394107111114,778.3121696103053,3440.9147974091657,4861.6524531815685,3315.651500942581,1145.0288362895774,4160.52518503666,2582.303932365109,4238.616212177692,3535.027879878004,4405.19051339067,1341.5060414719567,4435.586016879453,3838.5393284124275,4632.199847010135,1653.084091416534,1440.2290784010108,3362.5420655038656,2397.7402904165046,2332.89088985829,3518.559590192622,953.1271314845613,2124.9840938479147,4013.863585779077,816.3193972288702],
