{
    "drone_dist": [
        [0.0,1666.3334432860174,3715.4061511302425,1378.5580344753364,2181.3268884972954,2353.015008695538,3899.067242451381,4610.984544893496,798.2192931697989,2126.723875407696,3167.349273850773,2613.538172314232,1104.0785864022557,3467.3051589728725,1097.3808706649825,742.9689912549948,2571.0062356328576,3515.9131178150274,1475.9865234944302,2232.9320216919905,2652.152615965793,3513.3707347228988,3967.2037454201163,2773.8009274110977,3198.090499825953,945.6591617722636,1959.2218593283883,439.1331233127139,2182.4836555781276,555.7041818683985,1364.8523700806309,599.6234792980848,3406.599201642774,3567.489723739229,2403.2928142642063,817.0789737816829,3233.3552236903697,1508.6826300986281,966.0122742259924,326.28276642244407,2174.374569138295,2714.187944714566,2988.5548156331697,3262.2827884672997,1354.1161445276982,2803.7724464285734,3645.980347440606,1139.8493262191528,4246.666253794796,2467.0723768822104,0.0],
        [1666.3334432860174,0.0,3909.132619448342,1853.9617996616519,3846.99820084114,3896.3216661149136,3925.1965054515554,4994.7581779416105,2463.644189527291,1110.665739134872,2509.7654408593235,3202.098636956512,1437.8265932876373,3610.719636503224,748.6902781682661,924.419741154475,1964.4225048912901,4583.455901154069,3064.9637186454656,3792.9192703732156,1718.0611376416518,5132.181428935133,4355.139785251826,2625.0351346355064,4758.604470713203,722.9449658866054,3617.456615401157,1777.3224710019088,2645.7122058182104,1227.7515893217665,3028.6846566409813,1852.9859258034655,4337.43428695779,3696.9009592175466,2647.243532627012,2007.501700373082,4224.562726214227,3058.360760983132,2274.582692161963,1436.3121041770955,2783.626263561117,1609.656433086384,1638.514924230461,2512.1513817875884,2167.0367505941604,1523.7671804698928,3788.9235100120695,602.8206515056828,4408.020141294988,4126.72853539456,1666.3334432860174],
        [3715.4061511302425,3909.132619448342,0.0,5022.321422136099,4433.85667832453,3543.412331720799,402.439707868177,1124.2656482462826,3924.9183057296605,2962.967023142538,1971.7987710339498,1235.2413646297368,2761.0183134758104,301.8238452669122,3367.0864486103947,3682.3091176127077,2145.735715465109,2247.8501174183775,4660.668167442017,3580.348369635787,2621.334568829707,4619.618429462342,590.8439396908863,1327.4337128318311,4025.7822166571195,3693.657345393255,4592.757642320483,3289.9218766958033,1535.4332708269176,3405.082096394696,4189.351413156579,4314.525390213876,1808.1790845472294,234.382969567003,1338.7250759144383,4528.31192433492,1936.0241405399786,3363.283549643614,4630.112494862427,3483.6137452695107,1590.6701877083526,2892.315412861715,3357.819937395406,2131.201248285488,5065.840683315922,3204.8447514342515,150.79928234101996,4002.3731440612028,532.0887333183704,4437.759865182458,3715.4061511302425],
        [1378.5580344753364,1853.9617996616519,5022.321422136099,0.0,2915.0238749983905,3462.0150674798483,5164.811951079953,5965.277534890986,1734.2522421793074,2826.511701050703,4135.006585099544,3974.242439219033,2277.111878946462,4756.758677161404,1836.389643693241,1406.5145589131173,3534.318956576463,4863.23749049345,1838.8665049125261,3326.76621153207,3441.4987016672226,4406.728898843499,5316.5807885739405,3947.713253062422,4231.098032969771,1485.3409269091362,2547.1729690520483,1814.2642450961407,3510.1487196589032,1621.4115983083427,2116.5752952926005,867.2913062988102,4777.1532797353475,4855.375044723858,3686.7179575782616,761.8570225930791,4598.060599477962,2685.4328804427896,936.1244382378641,1546.7848399117083,3528.750629613805,3398.0088377324787,3489.3976339471574,4184.384166415414,398.6587987903236,3361.421906427558,4938.980940247912,1315.1995762146541,5553.987729269788,3250.794520718454,1378.5580344753364],
        [2181.3268884972954,3846.99820084114,4433.85667832453,2915.0238749983905,0.0,1060.7204971718093,4764.620195888257,4906.89209789082,1388.8283841272907,4127.559649431588,4785.2807866196545,3212.1391073022323,2888.965122496841,4304.0876031601865,3220.7641067861096,2922.64771543968,4275.345643447465,2990.725309587434,1110.8650496766788,955.7095436133278,4526.726964895936,1503.9564469755396,4388.427618248047,4088.697359223826,1467.2737052458954,3124.7112787714027,418.14574434166525,2152.2528597685227,3142.0587879176333,2661.5553869521536,841.9092165243463,2196.72542860401,3170.737062440186,4394.549933399196,3488.4716758041022,2188.5690771370887,2949.1843229230576,1131.6632945457695,1979.1184050507443,2429.5086479538445,2968.503997545949,4664.846218454843,5028.609337027302,4929.11324630019,2588.5783626057114,4825.862591057567,4438.9103253531875,3309.590014389176,4889.545948681627,338.75729096083654,2181.3268884972954],
        [2353.015008695538,3896.3216661149136,3543.412331720799,3462.0150674798483,1060.7204971718093,0.0,3903.7971802521515,3901.0144034170694,1730.4827867887666,3881.1459865921256,4237.514961879264,2376.5918336983586,2646.6337331554496,3457.4627181679684,3176.2601234680706,3013.5592044993464,3810.6775272660266,1930.6481404840106,1915.807824211415,138.8173058775833,4153.745151791142,1311.9669607019694,3422.116344133972,3442.272122969243,862.5526495829101,3197.9046224807257,1402.7792791144868,2122.799105274696,2454.4601351505944,2671.440686431862,1430.2873216221308,2622.078132370605,2130.022583017018,3539.6657437571866,2804.7222097147983,2700.4213093292587,1909.6249901816377,847.8314966675784,2571.7003356265777,2484.110062161538,2242.0620441260185,4341.7914684647385,4770.121983034214,4400.391289357463,3215.4911011321515,4558.325699821923,3570.8488180384047,3460.601875747324,3959.555425585343,935.442644080005,2353.015008695538],
        [3899.067242451381,3925.1965054515554,402.439707868177,5164.811951079953,4764.620195888257,3903.7971802521515,0.0,1304.436485013143,4174.185781684409,2916.8610317510597,1777.9780371260595,1552.493321491775,2888.063279090409,464.00263872371096,3442.851499974226,3792.5467396023478,2058.353629472928,2650.166517908248,4929.413966948066,3934.04301461861,2504.6121488803897,5005.477295962031,918.6043849742298,1300.1835478503551,4412.250206690265,3782.74410780278,4903.198299550873,3486.3791581663504,1754.8002777674396,3543.661094678142,4473.962392495255,4498.043310552492,2210.610510049092,370.2428765929337,1495.859238780129,4716.042230476908,2337.124428538308,3673.854056298573,4836.370142352356,3645.774396814617,1852.7100145941306,2766.5353821371887,3206.894347235382,1919.4830337061326,5236.872434237908,3072.289320962473,333.8243614382453,4077.7484042552214,539.9664059411666,4784.481288338154,3899.067242451381],
        [4610.984544893496,4994.7581779416105,1124.2656482462826,5965.277534890986,4906.89209789082,3901.0144034170694,1304.436485013143,0.0,4678.61388492965,4080.6729088888455,3067.0723431244983,1998.1267264649773,3760.2767396880345,1423.2906587025896,4410.157631381837,4684.774300551057,3269.9999017165514,2156.0282856811864,5344.895046812846,3973.954661169076,3744.2250719597146,4744.251993342836,652.63710038862,2449.282118158186,4165.490298277763,4719.561260494498,5143.136849190057,4173.057707784581,2465.1312239369167,4376.20888023469,4837.9929069368,5199.093956269247,1807.6660151623748,1357.0776198311655,2362.438146730458,5401.721151973528,2015.6659489293004,3954.5342449652753,5465.796893813108,4419.243637507347,2437.9535483260297,4014.2904691613858,4474.847912002563,3216.235631082183,5961.897686614363,4326.027450263015,1267.498459013981,5038.989918217125,783.5013906909488,4835.646271123618,4610.984544893496],
        [798.2192931697989,2463.644189527291,3924.9183057296605,1734.2522421793074,1388.8283841272907,1730.4827867887666,4174.185781684409,4678.61388492965,0.0,2857.071747473927,3743.426986024344,2720.2988335342043,1692.7383372543793,3717.398731869599,1874.3163926398272,1541.1235799615708,3173.737016404952,3236.2775663185116,796.2872655240695,1596.82087233189,3332.565206778011,2776.5017579880196,4065.3239246878084,3206.220827448367,2526.1144135974073,1743.8451005538734,1164.8961880059128,883.0327836441281,2420.782902249137,1314.3700681688504,567.1695951414622,894.2084414924143,3226.9328516588407,3816.90448578225,2714.76663845405,975.070177030655,3025.7124231153925,963.7998725751534,889.1667251310581,1075.0145697510313,2334.432191326937,3428.4144986174774,3741.781148603677,3861.023441449049,1518.0340404406538,3548.7362014681953,3883.8306740032167,1920.7981921961934,4441.022000563762,1686.5613581753926,798.2192931697989],
        [2126.723875407696,1110.665739134872,2962.967023142538,2826.511701050703,4127.559649431588,3881.1459865921256,2916.8610317510597,4080.6729088888455,2857.071747473927,0.0,1399.6903518881516,2515.0854557667262,1251.7888802557688,2661.2615674268573,1066.0276900613148,1519.0666115644751,879.406691245458,4074.55962038874,3598.522352894577,3808.5355148097688,620.2776141173551,5187.358242625759,3468.8357553225155,1637.2487174794276,4720.116537764715,1372.3746215189433,4000.766728514153,1991.1580884349094,1976.9127959585371,1571.039159552822,3403.333220382207,2551.8101021567522,3750.8810960627684,2736.753192366231,1850.3453541722183,2754.243303748099,3686.7089703599668,3126.927073482878,2991.305935728933,1806.1680048003393,2176.3858068353766,594.9555012777545,902.6258873687489,1403.7623160771402,3070.612327224395,698.3290096033639,2829.014728949829,1515.9499358803741,3428.077199756798,4347.708904702175,2126.723875407696],
        [3167.349273850773,2509.7654408593235,1971.7987710339498,4135.006585099544,4785.2807866196545,4237.514961879264,1777.9780371260595,3067.0723431244983,3743.426986024344,1399.6903518881516,0.0,2150.212289546216,2074.0410989260345,1703.3316624766778,2299.9232164470136,2745.329794247028,605.4440562658256,3755.0685373877163,4537.148742355081,4207.981545444181,827.1502985472343,5523.728617177858,2555.230453577578,881.5122513991627,4975.688532345526,2649.678739052798,4771.016215176167,2876.726401550169,1819.0850550204796,2653.4406316102554,4214.778115606803,3700.946317265874,3345.5144869759783,1740.7067765489203,1495.9907666757545,3919.8786079457295,3365.7017484941343,3667.793707196248,4119.663323027133,2847.5988036868716,2051.6936899993693,1047.4111775230074,1441.256590649755,181.26979802503362,4326.36915679394,1330.147798878394,1821.2340134643412,2860.6673666504125,2317.9427776114544,4926.397259139067,3167.349273850773],
        [2613.538172314232,3202.098636956512,1235.2413646297368,3974.242439219033,3212.1391073022323,2376.5918336983586,1552.493321491775,1998.1267264649773,2720.2988335342043,2515.0854557667262,2150.212289546216,0.0,1836.4019831698774,1093.2033157019375,2531.3636460464422,2741.678848753177,1960.626680463723,1627.0600369124695,3436.2989132195617,2395.8994351064716,2437.7864574233004,3553.3169697203575,1359.8008397444912,1269.00336646629,2970.793042283906,2804.713585807545,3358.87860675634,2175.217704495571,558.1239431228614,2409.776228703139,2957.398326247032,3200.9963911408195,1253.4574720849848,1182.5085280329747,702.6431421671792,3404.333659534027,1232.131406688398,2128.972770567896,3475.378258383016,2432.219593835176,449.6896267099101,2700.0025911752327,3196.443000901554,2330.8790017178762,3963.7763409638765,2999.1097392419065,1227.964324588544,3133.7606067786505,1730.432126765522,3237.230436886589,2613.538172314232],
        [1104.0785864022557,1437.8265932876373,2761.0183134758104,2277.111878946462,2888.965122496841,2646.6337331554496,2888.063279090409,3760.2767396880345,1692.7383372543793,1251.7888802557688,2074.0410989260345,1836.4019831698774,0.0,2486.96199094374,710.6121848364005,925.4462245909857,1488.3820079249317,3145.811193971988,2476.896545978854,2567.251436254134,1650.8565812218578,3945.4789647194607,3107.7450850538035,1691.2799631729624,3496.931117712407,969.0056699046006,2792.3469552681154,811.5881572202704,1304.4336467867508,657.9369193519519,2205.7531996905977,1672.395770817845,2909.374221012215,2584.4959150325326,1422.5279553989014,1894.9051076160104,2789.553415275904,1875.8359360111988,2068.459850046546,798.5960641432097,1394.5340838472819,1776.0061951821322,2153.587793008455,2179.677003274856,2372.454407943842,1946.2880483092688,2669.9841889273375,1297.3881167553786,3290.217491721237,3099.1471121935933,1104.0785864022557],
        [3467.3051589728725,3610.719636503224,301.8238452669122,4756.758677161404,4304.0876031601865,3457.4627181679684,464.00263872371096,1423.2906587025896,3717.398731869599,2661.2615674268573,1703.3316624766778,1093.2033157019375,2486.96199094374,0.0,3078.7984240703086,3404.0193299398265,1848.1418756329804,2321.8034357089414,4468.556264987033,3483.3373326089777,2327.176244161229,4586.006567334303,854.7965043709476,1026.4175413177813,3994.7871342188655,3409.1466789868173,4439.503016513345,3048.079985315581,1302.9323878673479,3136.4326989404385,4010.744407956235,4066.92514876072,1880.9298541403498,100.44396928691286,1070.5799775251976,4283.039864810722,1979.0895503531165,3210.370201127575,4395.036043154019,3224.9310012669794,1390.5974670649161,2599.25024141672,3069.3066107851246,1868.758265097006,4812.678340899404,2912.5190362192357,183.3093364000059,3714.6513505497433,807.792505347918,4329.439178839195,3467.3051589728725],
        [1097.3808706649825,748.6902781682661,3367.0864486103947,1836.389643693241,3220.7641067861096,3176.2601234680706,3442.851499974226,4410.157631381837,1874.3163926398272,1066.0276900613148,2299.9232164470136,2531.3636460464422,710.6121848364005,3078.7984240703086,0.0,457.7110500479329,1698.0614084716588,3849.2728499382097,2571.1642883603554,3078.796512335888,1647.4211284933244,4435.808617792513,3760.412667594249,2169.41801915885,4038.4940987378577,354.8790824966723,3038.391134895738,1084.1575822272064,1985.8996070957164,561.3517070127805,2438.3955014512735,1485.8086573364794,3619.6593354501533,3171.9912513108256,2048.5402535804,1688.972089241066,3497.3751377739413,2349.9100658841544,1925.4926618694938,799.446057283157,2096.1844881136826,1660.9724479130894,1896.0769676779962,2356.009392637585,2035.3365931687717,1717.5835407716495,3261.493959316223,636.0060423912174,3886.459907778183,3478.3713358289447,1097.3808706649825],
        [742.9689912549948,924.419741154475,3682.3091176127077,1406.5145589131173,2922.64771543968,3013.5592044993464,3792.5467396023478,4684.774300551057,1541.1235799615708,1519.0666115644751,2745.329794247028,2741.678848753177,925.4462245909857,3404.0193299398265,457.7110500479329,0.0,2140.9153496548793,3917.821418939758,2178.4426150308605,2903.2590466888273,2105.121821644615,4223.1135648481,4032.1525402547795,2549.5700745379213,3872.2216421602325,202.75099028470888,2699.7885826492216,896.4011970441863,2224.02428447629,374.9511451463951,2107.3976946809844,1038.7410967736746,3734.4923132558483,3500.4201138211583,2345.3437744035014,1235.978879349941,3590.36171796491,2167.5168418472313,1479.221811841479,529.5709312822119,2293.575078967036,2113.2839537447353,2321.3728076268817,2807.50555970765,1582.296365956725,2152.40460780318,3587.3083825146873,459.88164629129835,4209.760068857144,3203.136830301809,742.9689912549948],
        [2571.0062356328576,1964.4225048912901,2145.735715465109,3534.318956576463,4275.345643447465,3810.6775272660266,2058.353629472928,3269.9999017165514,3173.737016404952,879.406691245458,605.4440562658256,1960.626680463723,1488.3820079249317,1848.1418756329804,1698.0614084716588,2140.9153496548793,0.0,3585.984144565083,3963.069274338335,3767.012004437026,494.52056074872877,5115.61357859561,2687.241212459939,832.6159939360494,4590.613699919272,2049.6657715179977,4233.094950614265,2297.9646485990697,1511.549719649324,2050.7139198621903,3663.7226653980783,3097.608791633545,3210.0291222067267,1913.415720228033,1258.394563620292,3315.987057705275,3190.6462961277916,3177.544961626168,3518.6125848196866,2249.0994899868597,1744.4159845530367,768.5423955551029,1260.6159123010852,692.0636417796883,3721.3130880904605,1081.8095569213551,2004.0115335217517,2272.116223192406,2581.774397215803,4439.020323659046,2571.0062356328576],
        [3515.9131178150274,4583.455901154069,2247.8501174183775,4863.23749049345,2990.725309587434,1930.6481404840106,2650.166517908248,2156.0282856811864,3236.2775663185116,4074.55962038874,3755.0685373877163,1627.0600369124695,3145.811193971988,2321.8034357089414,3849.2728499382097,3917.821418939758,3585.984144565083,0.0,3703.9728608508194,2037.7319951481218,4057.6697985111864,2593.4890650490997,1868.913485418882,2876.720466396148,2024.3499230895407,4039.946405152629,3309.8956759958105,3115.167902888999,2109.5163995270614,3545.2102061166793,3179.6608494996353,4001.941441046557,441.47684814814136,2362.0049442379077,2327.747567846459,4155.279625422125,395.34633600365476,2309.9267221685973,4121.124149699249,3468.5885342463866,1898.9795836177527,4315.176112633337,4809.483327263955,3936.3307794540224,4726.961527387112,4607.751934642102,2345.025650789486,4365.1391016692005,2476.5038280101076,2842.4968767443206,3515.9131178150274],
        [1475.9865234944302,3064.9637186454656,4660.668167442017,1838.8665049125261,1110.8650496766788,1915.807824211415,4929.413966948066,5344.895046812846,796.2872655240695,3598.522352894577,4537.148742355081,3436.2989132195617,2476.896545978854,4468.556264987033,2571.1642883603554,2178.4426150308605,3963.069274338335,3703.9728608508194,0.0,1779.0529413489091,4101.55257246403,2614.2918938008875,4753.925744088254,3998.3897076932612,2537.031429327152,2375.7312047965447,715.2935941312645,1665.5139571719983,3184.6764645784483,2029.4553667464088,525.4927857747664,1243.4331300088543,3772.3840707298323,4566.973371221018,3491.2456731208777,1167.4180003919212,3558.162713086688,1418.164296758549,920.4078336387939,1792.504848129913,3078.29034664,4181.175896594422,4464.506387558585,4652.1816979957475,1490.4226863500426,4279.380371722761,4629.6146028967705,2477.5139163544973,5166.465130131675,1449.1925162672135,1475.9865234944302],
        [2232.9320216919905,3792.9192703732156,3580.348369635787,3326.76621153207,955.7095436133278,138.8173058775833,3934.04301461861,3973.954661169076,1596.82087233189,3808.5355148097688,4207.981545444181,2395.8994351064716,2567.251436254134,3483.3373326089777,3078.796512335888,2903.2590466888273,3767.012004437026,2037.7319951481218,1779.0529413489091,0.0,4098.21877010749,1378.9063864598147,3480.622165954864,3426.9317163363917,969.0822256081825,3089.9052354393166,1280.6610614557758,2016.5723356166814,2441.9206494144846,2566.127469255063,1291.6238334127297,2489.5595519047647,2218.2594592128335,3567.716322670051,2793.5106154716877,2565.006066500747,1996.9597450741312,735.9491011882608,2434.0403240938053,2373.7144907184074,2235.8822838995397,4280.2108918648355,4701.542667615792,4368.274836276738,3077.8740823079816,4490.3307225307735,3602.184122808315,3347.352754702672,4007.8619049602976,866.6104270069204,2232.9320216919905],
        [2652.152615965793,1718.0611376416518,2621.334568829707,3441.4987016672226,4526.726964895936,4153.745151791142,2504.6121488803897,3744.2250719597146,3332.565206778011,620.2776141173551,827.1502985472343,2437.7864574233004,1650.8565812218578,2327.176244161229,1647.4211284933244,2105.121821644615,494.52056074872877,4057.6697985111864,4101.55257246403,4098.21877010749,0.0,5465.247994023272,3172.656054648346,1323.0711796074474,4960.214022370545,1973.7056233589078,4443.093254686527,2450.2698166823648,1961.7550071088183,2102.5294567994215,3855.9544680634867,3121.614987911109,3690.457731718842,2387.5499533477746,1735.6491479198062,3330.862862267594,3662.558498372415,3465.1480376200598,3557.1866918845762,2326.0826859068898,2189.222372381577,274.5855618722408,766.834555301903,799.1502262291125,3674.6405076473243,588.7177036001468,2476.7299509882732,2134.4061744592886,3037.012766438237,4717.264991131066,2652.152615965793],
        [3513.3707347228988,5132.181428935133,4619.618429462342,4406.728898843499,1503.9564469755396,1311.9669607019694,5005.477295962031,4744.251993342836,2776.5017579880196,5187.358242625759,5523.728617177858,3553.3169697203575,3945.4789647194607,4586.006567334303,4435.808617792513,4223.1135648481,5115.61357859561,2593.4890650490997,2614.2918938008875,1378.9063864598147,5465.247994023272,0.0,4381.084816682319,4703.758724488873,594.0719608411696,4417.179944570762,1907.1340723114083,3358.2910652421792,3717.5267366709313,3905.845864492832,2296.1015487060276,3646.2858026374815,2947.315815390189,4657.341364616275,4061.5612382599907,3665.125841366875,2756.173164968575,2087.9159627633176,3471.3590433028844,3698.121422129169,3493.892234033874,5653.619481513245,6079.421042917554,5690.4186252936115,4089.9388644441933,5867.950729772302,4673.166822338509,4650.676574723605,4966.327999742125,1165.261098266465,3513.3707347228988],
        [3967.2037454201163,4355.139785251826,590.8439396908863,5316.5807885739405,4388.427618248047,3422.116344133972,918.6043849742298,652.63710038862,4065.3239246878084,3468.8357553225155,2555.230453577578,1359.8008397444912,3107.7450850538035,854.7965043709476,3760.412667594249,4032.1525402547795,2687.241212459939,1868.913485418882,4753.925744088254,3480.622165954864,3172.656054648346,4381.084816682319,0.0,1855.9630307191749,3790.041149515264,4067.827305978858,4596.582296854433,3530.323554518764,1813.0284044906323,3724.2065802330817,4256.224391723082,4558.070522315189,1453.486876827945,815.6636075276058,1714.7513900452461,4763.005086823119,1627.6323076089918,3386.399855082637,4834.802367674798,3770.012919843924,1792.8297910048375,3446.0589740370056,3920.7298245281713,2717.606296311809,5319.892142366747,3760.03024174302,740.6736812026559,4388.021425301132,608.7742464565298,4347.230100824396,3967.2037454201163],
        [2773.8009274110977,2625.0351346355064,1327.4337128318311,3947.713253062422,4088.697359223826,3442.272122969243,1300.1835478503551,2449.282118158186,3206.220827448367,1637.2487174794276,881.5122513991627,1269.00336646629,1691.2799631729624,1026.4175413177813,2169.41801915885,2549.5700745379213,832.6159939360494,2876.720466396148,3998.3897076932612,3426.9317163363917,1323.0711796074474,4703.758724488873,1855.9630307191749,0.0,4142.271261622868,2517.582851750548,4128.434470024692,2404.5193085160886,988.4421596912738,2344.77680182557,3612.2822600416494,3358.269328765694,2472.6895492949693,1099.6728066757912,642.359412047807,3580.5730367239557,2485.9874677919997,2957.2430922011217,3737.831029713791,2485.1460023967106,1210.0044940676582,1597.603103444642,2082.749429455831,1062.4663628595256,4062.952422739821,1911.7884350248946,1191.8534370808532,2799.1090020049533,1794.8166636151495,4193.542588721989,2773.8009274110977],
        [3198.090499825953,4758.604470713203,4025.7822166571195,4231.098032969771,1467.2737052458954,862.5526495829101,4412.250206690265,4165.490298277763,2526.1144135974073,4720.116537764715,4975.688532345526,2970.793042283906,3496.931117712407,3994.7871342188655,4038.4940987378577,3872.2216421602325,4590.613699919272,2024.3499230895407,2537.031429327152,969.0822256081825,4960.214022370545,594.0719608411696,3790.041149515264,4142.271261622868,0.0,4058.2542132056456,1883.8320450740982,2983.9323808529675,3160.75728909106,3533.054953056567,2127.1770121081076,3418.913619595591,2362.7685124352856,4065.243633755532,3500.1146586678046,3472.127712354434,2167.6312578948337,1704.7191545895332,3311.6869133110963,3342.6568759829042,2933.0851160474795,5160.363837750219,5600.974205180098,5145.3313346708865,3950.4972788883197,5388.499755726471,4080.186169013135,4316.282001636048,4373.39025071121,1165.9390234181935,3198.090499825953],
        [945.6591617722636,722.9449658866054,3693.657345393255,1485.3409269091362,3124.7112787714027,3197.9046224807257,3782.74410780278,4719.561260494498,1743.8451005538734,1372.3746215189433,2649.678739052798,2804.713585807545,969.0056699046006,3409.1466789868173,354.8790824966723,202.75099028470888,2049.6657715179977,4039.946405152629,2375.7312047965447,3089.9052354393166,1973.7056233589078,4417.179944570762,4067.827305978858,2517.582851750548,4058.2542132056456,0.0,2902.3821500464933,1075.599464730935,2272.3579856144243,532.2995272932083,2310.148665515918,1213.887871972845,3839.4211759352656,3503.726503238887,2364.543136959187,1400.9970720100537,3703.1881575741654,2353.9732482083805,1652.740118548017,719.2394819586348,2360.7402591439345,1962.3004650830585,2145.0160687351836,2700.755683771422,1700.9624110314394,1982.5958502025242,3592.285843739165,331.1308978960711,4216.811373569373,3403.823163709596,945.6591617722636],
        [1959.2218593283883,3617.456615401157,4592.757642320483,2547.1729690520483,418.14574434166525,1402.7792791144868,4903.198299550873,5143.136849190057,1164.8961880059128,4000.766728514153,4771.016215176167,3358.87860675634,2792.3469552681154,4439.503016513345,3038.391134895738,2699.7885826492216,4233.094950614265,3309.8956759958105,715.2935941312645,1280.6610614557758,4443.093254686527,1907.1340723114083,4596.582296854433,4128.434470024692,1883.8320450740982,2902.3821500464933,0.0,2009.7089410193453,3220.514784714022,2477.61576375937,600.5328276225633,1881.7265455617533,3452.9973907710223,4533.503368316641,3556.6769679162926,1845.3845628488295,3232.038885703866,1230.0151887770342,1617.1347233395854,2238.95351183418,3069.3640206861746,4559.425098006658,4893.580208876698,4904.816275558234,2205.165564310468,4696.755162877998,4584.797983688933,3055.671930283022,5069.106064419782,747.3490489454032,1959.2218593283883],
        [439.1331233127139,1777.3224710019088,3289.9218766958033,1814.2642450961407,2152.2528597685227,2122.799105274696,3486.3791581663504,4173.057707784581,883.0327836441281,1991.1580884349094,2876.726401550169,2175.217704495571,811.5881572202704,3048.079985315581,1084.1575822272064,896.4011970441863,2297.9646485990697,3115.167902888999,1665.5139571719983,2016.5723356166814,2450.2698166823648,3358.2910652421792,3530.323554518764,2404.5193085160886,2983.9323808529675,1075.599464730935,2009.7089410193453,0.0,1754.7225521643563,549.7098035949442,1413.5138598875187,1028.9001017307535,2985.8425869340085,3148.471956425163,1991.890310339133,1239.113042151802,2818.7865789880743,1281.289368844294,1351.0665264397373,375.0789485985259,1737.777596209568,2552.715112785149,2886.2102938492717,2987.975025890637,1789.583068066226,2687.7647008732984,3225.054947858173,1352.3948248377899,3820.125429570452,2398.4053077378544,439.1331233127139],
        [2182.4836555781276,2645.7122058182104,1535.4332708269176,3510.1487196589032,3142.0587879176333,2454.4601351505944,1754.8002777674396,2465.1312239369167,2420.782902249137,1976.9127959585371,1819.0850550204796,558.1239431228614,1304.4336467867508,1302.9323878673479,1985.8996070957164,2224.02428447629,1511.549719649324,2109.5163995270614,3184.6764645784483,2441.9206494144846,1961.7550071088183,3717.5267366709313,1813.0284044906323,988.4421596912738,3160.75728909106,2272.3579856144243,3220.514784714022,1754.7225521643563,0.0,1911.1788724067853,2748.012248416001,2780.7836723651353,1773.976186747211,1403.2130563597877,351.94707605006636,2993.531749032644,1717.1941977367967,2013.904208649157,3095.789188950494,1964.0127737608016,235.3040861720927,2212.1337035998117,2703.709706986645,1992.3488252956301,3535.3211005846347,2500.0240544933504,1475.7171194856712,2598.547752100872,2065.4063745200815,3225.238282532437,2182.4836555781276],
        [555.7041818683985,1227.7515893217665,3405.082096394696,1621.4115983083427,2661.5553869521536,2671.440686431862,3543.661094678142,4376.20888023469,1314.3700681688504,1571.039159552822,2653.4406316102554,2409.776228703139,657.9369193519519,3136.4326989404385,561.3517070127805,374.9511451463951,2050.7139198621903,3545.2102061166793,2029.4553667464088,2566.127469255063,2102.5294567994215,3905.845864492832,3724.2065802330817,2344.77680182557,3533.054953056567,532.2995272932083,2477.61576375937,549.7098035949442,1911.1788724067853,0.0,1877.4075894325172,1047.7330791898353,3368.8027574233233,3234.7699997583168,2067.375728877889,1267.6830044869967,3221.1178057584125,1830.9889645588478,1469.1566330207772,239.98335124340934,1960.108700236053,2158.84107236687,2437.2515765472226,2737.798841264286,1718.8064151678993,2250.1352705496415,3318.9498631049173,832.773544923964,3936.0431226819414,2924.0525176752826,555.7041818683985],
        [1364.8523700806309,3028.6846566409813,4189.351413156579,2116.5752952926005,841.9092165243463,1430.2873216221308,4473.962392495255,4837.9929069368,567.1695951414622,3403.333220382207,4214.778115606803,2957.398326247032,2205.7531996905977,4010.744407956235,2438.3955014512735,2107.3976946809844,3663.7226653980783,3179.6608494996353,525.4927857747664,1291.6238334127297,3855.9544680634867,2296.1015487060276,4256.224391723082,3612.2822600416494,2127.1770121081076,2310.148665515918,600.5328276225633,1413.5138598875187,2748.012248416001,1877.4075894325172,0.0,1359.269687901412,3247.801938671498,4107.781425739257,3069.9534279587424,1369.151356734749,3033.1423562387545,895.5598128562743,1187.1832419453626,1639.0542107233439,2622.0976210489766,3965.811692565594,4294.436320283126,4342.546921707893,1823.4594733497481,4098.453734037767,4166.390194573303,2477.7059285734304,4686.656592384753,1160.1181456692243,1364.8523700806309],
        [599.6234792980848,1852.9859258034655,4314.525390213876,867.2913062988102,2196.72542860401,2622.078132370605,4498.043310552492,5199.093956269247,894.2084414924143,2551.8101021567522,3700.946317265874,3200.9963911408195,1672.395770817845,4066.92514876072,1485.8086573364794,1038.7410967736746,3097.608791633545,4001.941441046557,1243.4331300088543,2489.5595519047647,3121.614987911109,3646.2858026374815,4558.070522315189,3358.269328765694,3418.913619595591,1213.887871972845,1881.7265455617533,1028.9001017307535,2780.7836723651353,1047.7330791898353,1359.269687901412,0.0,3930.209202764008,4167.1047285771265,3002.436590142043,222.52186812159152,3745.9112478503657,1825.426745943169,440.4958054685317,874.0663188613042,2766.136479181668,3146.764491445132,3357.748077300724,3782.850109967545,763.5671897606687,3190.953875185193,4245.588063692001,1253.4924269486346,4845.588406027521,2519.332599978674,599.6234792980848],
        [3406.599201642774,4337.43428695779,1808.1790845472294,4777.1532797353475,3170.737062440186,2130.022583017018,2210.610510049092,1807.6660151623748,3226.9328516588407,3750.8810960627684,3345.5144869759783,1253.4574720849848,2909.374221012215,1880.9298541403498,3619.6593354501533,3734.4923132558483,3210.0291222067267,441.47684814814136,3772.3840707298323,2218.2594592128335,3690.457731718842,2947.315815390189,1453.486876827945,2472.6895492949693,2362.7685124352856,3839.4211759352656,3452.9973907710223,2985.8425869340085,1773.976186747211,3368.8027574233233,3247.801938671498,3930.209202764008,0.0,1920.5443808524915,1954.814128985785,4100.040675936592,221.598971348836,2355.1519113576983,4094.714463691823,3319.9393407135863,1583.2613233318448,3953.4002535088425,4449.894740004806,3526.516109682863,4675.734885208132,4252.351890425556,1903.8082807607493,4169.108816642025,2056.6010204369113,3063.4167436464954,3406.599201642774],
        [3567.489723739229,3696.9009592175466,234.382969567003,4855.375044723858,4394.549933399196,3539.6657437571866,370.2428765929337,1357.0776198311655,3816.90448578225,2736.753192366231,1740.7067765489203,1182.5085280329747,2584.4959150325326,100.44396928691286,3171.9912513108256,3500.4201138211583,1913.415720228033,2362.0049442379077,4566.973371221018,3567.716322670051,2387.5499533477746,4657.341364616275,815.6636075276058,1099.6728066757912,4065.243633755532,3503.726503238887,4533.503368316641,3148.471956425163,1403.2130563597877,3234.7699997583168,4107.781425739257,4167.1047285771265,1920.5443808524915,0.0,1169.7745095267953,4383.302726248808,2027.7797879902096,3303.9872921472665,4495.479253692879,3324.4453808098747,1488.7491708052642,2658.2784626135726,3123.4387954711137,1902.0419761646947,4912.521897943714,2970.6768451221733,92.49928843634245,3807.958429774015,714.9913061874148,4416.2495947229345,3567.489723739229],
        [2403.2928142642063,2647.243532627012,1338.7250759144383,3686.7179575782616,3488.4716758041022,2804.7222097147983,1495.859238780129,2362.438146730458,2714.76663845405,1850.3453541722183,1495.9907666757545,702.6431421671792,1422.5279553989014,1070.5799775251976,2048.5402535804,2345.3437744035014,1258.394563620292,2327.747567846459,3491.2456731208777,2793.5106154716877,1735.6491479198062,4061.5612382599907,1714.7513900452461,642.359412047807,3500.1146586678046,2364.543136959187,3556.6769679162926,1991.890310339133,351.94707605006636,2067.375728877889,3069.9534279587424,3002.436590142043,1954.814128985785,1169.7745095267953,0.0,3220.213996676188,1932.44198466856,2358.4473869329554,3342.749234587959,2154.9286873324045,567.6872482761801,1999.2896998418519,2496.1342065538734,1673.0711585983577,3744.147939935542,2300.835958396697,1252.3793375995172,2679.7895501850294,1868.894920956185,3576.0662352949726,2403.2928142642063],
        [817.0789737816829,2007.501700373082,4528.31192433492,761.8570225930791,2188.5690771370887,2700.4213093292587,4716.042230476908,5401.721151973528,975.070177030655,2754.243303748099,3919.8786079457295,3404.333659534027,1894.9051076160104,4283.039864810722,1688.972089241066,1235.978879349941,3315.987057705275,4155.279625422125,1167.4180003919212,2565.006066500747,3330.862862267594,3665.125841366875,4763.005086823119,3580.5730367239557,3472.127712354434,1400.9970720100537,1845.3845628488295,1239.113042151802,2993.531749032644,1267.6830044869967,1369.151356734749,222.52186812159152,4100.040675936592,4383.302726248808,3220.213996676188,0.0,3911.277800097578,1933.2077707400088,270.7762598381952,1096.5852346726847,2972.8604858604544,3348.863918201115,3545.4083935048707,3999.9111759682473,575.8132122460705,3383.2517255810135,4461.16800021727,1404.6858413099185,5058.88575793585,2519.5030507299416,817.0789737816829],
        [3233.3552236903697,4224.562726214227,1936.0241405399786,4598.060599477962,2949.1843229230576,1909.6249901816377,2337.124428538308,2015.6659489293004,3025.7124231153925,3686.7089703599668,3365.7017484941343,1232.131406688398,2789.553415275904,1979.0895503531165,3497.3751377739413,3590.36171796491,3190.6462961277916,395.34633600365476,3558.162713086688,1996.9597450741312,3662.558498372415,2756.173164968575,1627.6323076089918,2485.9874677919997,2167.6312578948337,3703.1881575741654,3232.038885703866,2818.7865789880743,1717.1941977367967,3221.1178057584125,3033.1423562387545,3745.9112478503657,221.598971348836,2027.7797879902096,1932.44198466856,3911.277800097578,0.0,2142.2921507081655,3898.534484517237,3160.8208392941374,1510.3269504895145,3920.5008932680507,4415.101975697899,3546.9630829824196,4486.446013745536,4213.832920084221,2019.9623019961284,4031.1852413553406,2222.410724670581,2843.6172798683633,3233.3552236903697],
        [1508.6826300986281,3058.360760983132,3363.283549643614,2685.4328804427896,1131.6632945457695,847.8314966675784,3673.854056298573,3954.5342449652753,963.7998725751534,3126.927073482878,3667.793707196248,2128.972770567896,1875.8359360111988,3210.370201127575,2349.9100658841544,2167.5168418472313,3177.544961626168,2309.9267221685973,1418.164296758549,735.9491011882608,3465.1480376200598,2087.9159627633176,3386.399855082637,2957.2430922011217,1704.7191545895332,2353.9732482083805,1230.0151887770342,1281.289368844294,2013.904208649157,1830.9889645588478,895.5598128562743,1825.426745943169,2355.1519113576983,3303.9872921472665,2358.4473869329554,1933.2077707400088,2142.2921507081655,0.0,1849.4250824779645,1637.947409754083,1848.8937303897408,3627.2969703157432,4027.1976894515037,3816.462195941739,2481.826995486464,3818.263789798241,3354.829265130415,2613.0341615052507,3843.5961762066613,1261.709310109014,1508.6826300986281],
        [966.0122742259924,2274.582692161963,4630.112494862427,936.1244382378641,1979.1184050507443,2571.7003356265777,4836.370142352356,5465.796893813108,889.1667251310581,2991.305935728933,4119.663323027133,3475.378258383016,2068.459850046546,4395.036043154019,1925.4926618694938,1479.221811841479,3518.6125848196866,4121.124149699249,920.4078336387939,2434.0403240938053,3557.1866918845762,3471.3590433028844,4834.802367674798,3737.831029713791,3311.6869133110963,1652.740118548017,1617.1347233395854,1351.0665264397373,3095.789188950494,1469.1566330207772,1187.1832419453626,440.4958054685317,4094.714463691823,4495.479253692879,3342.749234587959,270.7762598381952,3898.534484517237,1849.4250824779645,0.0,1274.5542330439357,3055.5161222279253,3586.243128502235,3797.396250293689,4206.778427618718,643.8502662069021,3631.3222398820785,4570.471242407351,1672.0021588267707,5157.883502157885,2314.6769869269674,966.0122742259924],
        [326.28276642244407,1436.3121041770955,3483.6137452695107,1546.7848399117083,2429.5086479538445,2484.110062161538,3645.774396814617,4419.243637507347,1075.0145697510313,1806.1680048003393,2847.5988036868716,2432.219593835176,798.5960641432097,3224.9310012669794,799.446057283157,529.5709312822119,2249.0994899868597,3468.5885342463866,1792.504848129913,2373.7144907184074,2326.0826859068898,3698.121422129169,3770.012919843924,2485.1460023967106,3342.6568759829042,719.2394819586348,2238.95351183418,375.0789485985259,1964.0127737608016,239.98335124340934,1639.0542107233439,874.0663188613042,3319.9393407135863,3324.4453808098747,2154.9286873324045,1096.5852346726847,3160.8208392941374,1637.947409754083,1274.5542330439357,0.0,1984.7512347004565,2391.206056196653,2676.4190441909254,2939.6398446047783,1591.4997210010924,2488.2982998761963,3405.860045779203,980.2541875930107,4015.698478818558,2697.5477619630574,326.28276642244407],
        [2174.374569138295,2783.626263561117,1590.6701877083526,3528.750629613805,2968.503997545949,2242.0620441260185,1852.7100145941306,2437.9535483260297,2334.432191326937,2176.3858068353766,2051.6936899993693,449.6896267099101,1394.5340838472819,1390.5974670649161,2096.1844881136826,2293.575078967036,1744.4159845530367,1898.9795836177527,3078.29034664,2235.8822838995397,2189.222372381577,3493.892234033874,1792.8297910048375,1210.0044940676582,2933.0851160474795,2360.7402591439345,3069.3640206861746,1737.777596209568,235.3040861720927,1960.108700236053,2622.0976210489766,2766.136479181668,1583.2613233318448,1488.7491708052642,567.6872482761801,2972.8604858604544,1510.3269504895145,1848.8937303897408,3055.5161222279253,1984.7512347004565,0.0,2436.0828159589187,2925.265991161493,2225.7938802883446,3527.3328646185782,2719.8260807768893,1551.8858920684786,2690.6719693338573,2110.3286638747445,3035.72112951422,2174.374569138295],
        [2714.187944714566,1609.656433086384,2892.315412861715,3398.0088377324787,4664.846218454843,4341.7914684647385,2766.5353821371887,4014.2904691613858,3428.4144986174774,594.9555012777545,1047.4111775230074,2700.0025911752327,1776.0061951821322,2599.25024141672,1660.9724479130894,2113.2839537447353,768.5423955551029,4315.176112633337,4181.175896594422,4280.2108918648355,274.5855618722408,5653.619481513245,3446.0589740370056,1597.603103444642,5160.363837750219,1962.3004650830585,4559.425098006658,2552.715112785149,2212.1337035998117,2158.84107236687,3965.811692565594,3146.764491445132,3953.4002535088425,2658.2784626135726,1999.2896998418519,3348.863918201115,3920.5008932680507,3627.2969703157432,3586.243128502235,2391.206056196653,2436.0828159589187,0.0,497.03202135959685,983.8119380855327,3655.357170816599,314.2706385490306,2746.9911858778855,2082.8793528560554,3301.1922427567392,4869.061187626359,2714.187944714566],
