{
    "drone_dist": [
        [0.0,2198.5748656803435,475.5883963019583,1389.463954318643,1917.0669628903581,2050.1906491466625,882.5393249014652,1682.3651404330117,3506.0630111539413,967.3553548362526,1098.7124598096623,2715.6059824607564,611.065974508802,3073.379698760399,889.1206001376803,2216.8410428484917,3208.9745489411675,2544.9922532555374,1904.2898853272945,2058.926983533371,2659.3789649594023,2943.0645040684985,3108.2068550304525,276.94215022966125,2391.8671934804343,832.3616344891163,3755.633674565947,3211.9121598368433,3036.2798380871354,3118.0926300063343,2825.9290192315507,2244.284902336152,1571.0554241753396,2290.688364997463,3141.060744115949,1858.3222248090367,2992.899271830753,2433.2418881212775,1876.7096491861287,601.9389783369065,1597.6790535974314,2376.7086241545353,2323.8697740355633,4467.775269734114,970.8348928412969,2093.4209972733734,2922.761515982859,1300.566495270961,2979.4777616255833,3533.217655525399,2190.978677968691,1705.6500792188615,1434.9374143012321,2397.701468103522,2741.414764190215,2470.3288964457943,364.07721586187284,2144.754860496514,3182.3292348619834,3483.2879522992166,1969.9413302752894,1420.8268567692292,2123.426278535487,2409.022520631507,1901.1640581882757,3056.851220954814,2677.6617189484336,2855.3635172121685,2645.416114601777,2189.909823626835,0.0],
        [2198.5748656803435,0.0,1787.2421010827268,3538.9156596392722,644.0838494917218,2116.6117535101835,3073.148550795327,3510.5466520949863,2981.324586546696,1823.1939084681658,3242.37241794063,2101.991898995768,2232.8262498035674,1082.1637079384227,1309.5160091544128,240.0223716713641,2634.2468931911,385.6056216600522,998.5699376949166,2370.3182490780355,467.7977149709052,744.6408737935416,3821.2759457557063,2398.9267617826226,2593.3215755239034,2285.266075281422,1801.3266137147034,1170.4584833704318,3028.9507122571067,2875.0463729672965,1135.2210266553652,1671.6703641319707,3281.3149634428055,3266.498115475139,2986.4168898469457,2148.0026920797654,2498.908754111604,479.2373938676059,1894.3103494697978,1739.8725077594054,2940.022141203069,2104.6879646356915,1651.6750838884977,2381.2390967096535,1542.0775493658612,2211.5133114816076,2447.567473663433,1219.4026926717752,1819.4968548040272,2884.739864614502,868.0213951708619,1150.7332269263952,1527.50380759166,294.18227771129375,1109.610881667563,2849.444627553325,2352.494500871079,3106.1550044747505,3638.9809247133417,1598.013220333723,2243.9346368450515,2462.3064617545774,2144.441593575167,260.20433350848174,3117.0302249803585,2905.7906801643157,2674.928958357026,689.3482789059588,2207.1075853257485,1634.2242332175335,2198.5748656803435],
        [475.5883963019583,1787.2421010827268,0.0,1751.8869668560505,1452.3014325362515,1670.304543259245,1343.353002748279,2125.3884886001247,3493.176804043852,591.5366086167335,1455.2595415482638,2283.195713079569,543.2670467544103,2611.692434743924,508.70449194245384,1836.7232148043927,3172.612074411081,2114.428413210843,1428.7027012926856,1726.5344945753718,2254.1294113667122,2526.450134508489,2927.8548693742846,616.5216102443379,2483.0244213520346,709.8557970501655,3286.334863855838,2861.042996481072,2699.8690618404703,3150.4346556292708,2352.4941823755594,1795.8926342089742,1986.7361327979677,2145.809370622695,3194.136259073905,1919.3650181979558,2583.342917202264,2074.570975707176,1473.079498738016,147.30182516443816,1922.7208473996407,1968.322661380163,1870.9441217358706,4007.1500103644566,874.8561557925321,2137.2661025676407,2893.300459105218,1099.883139252762,2806.22082810987,3494.5102485784737,1917.7346423244544,1231.9092319250026,989.4959131217898,1962.775018195321,2459.917673527281,2609.6470729566386,783.9696968395077,1986.5044103213436,2943.574220589713,3011.898732428749,2040.3809378365168,1642.6178758669257,2146.0354596648576,1980.160457031388,1810.4662663541553,3106.740507571626,2740.236185273694,2421.2167371780533,2229.430401793235,2080.7137943907665,475.5883963019583],
        [1389.463954318643,3538.9156596392722,1751.8869668560505,0.0,3151.4113287216956,2684.8895402782723,745.900089057099,1787.8066989040276,4677.4713877645045,1894.586404714102,296.6966792846714,3469.553765755582,1367.9935295533166,4300.319821356693,2245.611480286297,3583.405690014748,4419.412174499372,3858.5934915720977,3033.5463687041624,2542.3041454575564,4005.9891602140747,4276.203916865248,2940.3645843673307,1148.5692949714423,3463.896299232183,1426.722098362985,4929.64388390035,4594.478085130352,3381.6176724079382,4239.048199238964,3976.1495478920465,3119.7272744185784,1895.9415894337494,2169.4897153407214,4229.199736628937,3018.5177233959976,3620.8744170759883,3811.496145254398,2621.562756353806,1806.992203159025,2278.481052071315,3064.1446216187314,3215.7198286335583,5686.623765684269,2332.9171135706115,3256.2701165098633,4134.133982905317,2682.2074567425852,4322.509105067966,4737.56203189904,3579.0159385164816,2801.0670488198025,2405.4966816074275,3704.5160141563333,4129.400730502386,3453.03675121821,1428.4278707173698,2101.125208272514,3186.464914638964,4643.094997642879,3107.533683246572,2393.0193022072394,3310.8378172247762,3725.922397230347,1745.6869550621577,4153.883790153103,3775.104512424312,4161.339138495233,3333.254458648545,3503.6526498642593,1389.463954318643],
        [1917.0669628903581,644.0838494917218,1452.3014325362515,3151.4113287216956,0.0,1472.5557419400973,2794.96209183529,3436.0507486598895,3499.237372444678,1309.8487719848808,2860.297682981059,1524.195650911451,1791.8503968006553,1159.878451127531,1088.0559974628795,856.2863938858773,3148.406014259975,782.131200603049,358.0720271465095,1727.3215889606558,1028.259559269964,1217.9905924706688,3177.5845636497966,2060.3644345921352,2928.483619654555,1795.8035701708925,1840.7493399307716,1791.0561175215294,2404.7180192027786,3331.4535740525057,937.4638931423558,1054.5283849853708,3240.4032405984753,2639.3654355670096,3428.767582614518,2414.77336970178,1920.4204434692795,1119.3494939868042,1251.0025001655963,1360.8959785534398,2994.010363806518,1476.8283866082386,1049.8481756943095,2555.2951072142578,1549.7896293007834,2532.8725861556445,2931.8930827826566,1344.3995221158787,2405.272862064943,3422.377758233195,1396.4236304223223,515.1195913295782,924.3269385266393,627.9482647261049,1736.920699297984,3158.2613111459045,2155.8754272359383,2481.551414842831,2996.768531642041,1574.3923362502794,2526.982084917039,2557.8277673410284,2484.1645939472132,676.6612226575126,2517.581882361818,3343.584764708387,3065.8275119825844,1047.6771407319634,1604.8187144896197,2065.4151893042476,1917.0669628903581],
        [2050.1906491466625,2116.6117535101835,1670.304543259245,2684.8895402782723,1472.5557419400973,0.0,2698.7059323240182,3721.9569296384843,4805.986914189651,1089.055349887025,2459.2218754739392,790.0581674718724,1522.3877948212744,2196.6958921597393,1767.0343768481466,2323.53631098673,4459.062122383327,2185.0649001146744,1120.9264641412228,284.3672907464601,2465.784806010842,2589.1161512998133,1708.3778690415431,1992.99641973735,4000.0811392265364,1348.3646148221756,2602.822615170783,3242.4851134406044,1059.8928163502578,4556.622522397575,1740.061442015006,608.3426930714878,3621.2370322730526,1279.733426621738,4630.002235444143,3434.843010617091,963.68708566831,2590.707231473444,241.90307011937924,1524.0149946371891,3593.020831841119,379.63409549136344,697.6642219151695,3396.0746966114048,2371.245229924216,3617.2756706829,4210.335243996945,2386.799330720453,3819.463893043269,4757.978186771976,2796.8973714758777,982.6414133019134,777.0898727284726,2050.727625408143,3197.8557240865334,4173.594117771607,2409.94821514897,1148.169510050849,1531.8815858637406,2318.028768895583,3557.996424126101,3291.8657856108534,3598.142018370976,2111.4287382615653,1329.227234769301,4541.579150746993,4209.60109577903,2369.680907547374,649.3856350399358,3327.7822926794674,2050.1906491466625],
        [882.5393249014652,3073.148550795327,1343.353002748279,745.900089057099,2794.96209183529,2698.7059323240182,0.0,1181.903897144809,3937.9658990130483,1704.4821138398843,574.3020686411328,3437.5090639522955,1187.615505789292,3953.351087634362,1766.6780306680482,3076.835359191053,3686.8023880429228,3425.0236761627953,2757.6423049279333,2630.490973830582,3529.664243862372,3817.6417356362026,3356.5581043931575,759.4070120109517,2719.3120917736296,1350.6365881896554,4629.330469407845,4044.7645044301808,3566.7571577978347,3495.6635115132217,3691.812092891592,3009.608622756283,1222.1371478191436,2536.181653702267,3484.066005884727,2285.569069071723,3662.3916722909603,3278.492203789973,2572.7108883002015,1448.215240147134,1547.0854427365557,3060.7938468176617,3097.6160528207915,5348.420469521436,1704.0947194901166,2521.666294222456,3402.8990014842348,2072.473025781838,3643.0194883097674,4002.7758472257997,2976.828172315743,2545.367975589254,2218.6604984575365,3278.887936358296,3521.990638474463,2707.5122587123396,768.847726811799,2427.6548928171223,3531.37174136622,4353.664557295004,2370.4393045208735,1648.141058083318,2580.036328062488,3288.7927178001187,2101.523360380815,3409.225270381403,3031.1604900821617,3735.979943195614,3335.966757658002,2812.348093851328,882.5393249014652],
        [1682.3651404330117,3510.5466520949863,2125.3884886001247,1787.8066989040276,3436.0507486598895,3721.9569296384843,1181.903897144809,0.0,3368.839197575263,2648.261183825975,1722.8541656508094,4397.526355239717,2214.049967876608,4532.968547885586,2350.8345841958358,3433.4535745307844,3201.344426356794,3894.033293711659,3508.658298590709,3702.4443436298347,3912.091149169229,4216.045229233466,4534.5157213909815,1738.2438223185325,2139.085801770715,2416.0774513855185,5249.248116745683,4236.746973581325,4667.623277024393,2888.7115796434377,4373.3804473495875,3919.946065383119,276.7391672679686,3710.7451248397024,2833.469255372519,1927.758538614093,4672.570093255351,3560.902403851775,3557.17071736656,2267.097756870786,817.9806927206506,4057.073462053342,3996.180265309562,5889.034801926702,1968.594060619353,2113.8912233621936,2946.5478460108234,2311.3539278890357,3462.075309590784,3481.6634022485537,3113.1476692666297,3337.523303897434,3111.1423980078607,3772.1250471669146,3596.670153042503,2013.9236942650512,1341.491847192603,3595.874008827898,4694.609162211086,4999.068224216216,1955.473386326252,1243.5549273652678,2201.4845604932184,3761.213638390875,3277.8824258708296,2777.384024144066,2441.4234480999867,4199.664387356264,4326.9605314694045,2650.401931241253,1682.3651404330117],
        [3506.0630111539413,2981.324586546696,3493.176804043852,4677.4713877645045,3499.237372444678,4805.986914189651,3937.9658990130483,3368.839197575263,0.0,3979.40949946661,4446.825932835027,5022.74326928698,4010.8021206139456,3872.8060391468125,3130.432193505301,2743.5413318808164,350.9126191317678,3215.179020096487,3831.187435805256,4986.794298226009,2980.023950264949,3166.9770457735763,6361.372403763045,3777.7574453658963,1243.6428140176258,4200.3071689607,4466.861871793027,2587.584285010764,5840.089743005695,483.1322826119366,4085.9179073149417,4535.590043255991,3107.6868161483503,5620.990872680376,569.5812678342153,1666.418618878259,5417.747032840179,2578.7429478915546,4564.1573944891115,3584.9035552128735,2569.02108635641,4926.183008090413,4543.431923714531,4692.045875423888,2618.5102001911087,1427.0104759823669,603.5843019685115,2458.3907916340627,1252.3121963513113,191.2051002398375,2119.21428722651,3867.969481084487,4042.9231634361936,3230.5163594213795,2013.588939052584,1361.4951748456174,3300.2176667656086,5457.4807102116665,6298.747099416653,4373.608917127911,1570.8459486408988,2298.824728452719,1385.183923280231,3168.3260955090755,5303.320970791588,603.0613851025237,931.7741030996967,3346.1852033419796,5091.361131389048,1478.7665218420768,3506.0630111539413],
        [967.3553548362526,1823.1939084681658,591.5366086167335,1894.586404714102,1309.8487719848808,1089.055349887025,1704.4821138398843,2648.261183825975,3979.40949946661,0.0,1617.454685176504,1755.47516756754,537.6747463421368,2425.343859896988,851.224990594391,1943.8944387529875,3646.519746293113,2073.8722662211185,1143.34054482893,1135.0854797710426,2278.5906931012364,2509.2648382414227,2388.2554063082625,954.0423961994534,3035.546459974595,488.4661007138785,3036.4760477329037,2979.9811040056406,2108.71460502369,3667.8182605824645,2082.7054048186583,1306.2464963703726,2536.1420018150584,1646.8359727767559,3722.2781543802594,2467.333107454788,2025.5462360109907,2210.6873864453214,909.365947039004,450.89894301622473,2508.927900775986,1409.3753918461705,1393.2987403607294,3800.1384712641234,1396.0033686367085,2673.819445640757,3375.8644237106455,1525.3917504494746,3170.2257732254557,3962.8295365441413,2198.701772831801,908.1555396428625,520.8621777555703,1916.2646088131128,2704.789324239773,3178.4415869080963,1323.1943260293408,1481.8008228121907,2372.4940402359657,2749.109469572567,2590.1590386667795,2232.9236055971514,2672.0492685099643,1952.460520110888,1377.0043899661712,3634.0153869639976,3277.484706038668,2355.121097110838,1678.7012281504583,2523.361949154236,967.3553548362526],
        [1098.7124598096623,3242.37241794063,1455.2595415482638,296.6966792846714,2860.297682981059,2459.2218754739392,574.3020686411328,1722.8541656508094,4446.825932835027,1617.454685176504,0.0,3236.370376732332,1084.800935047296,4011.8783716131034,1949.2176861390922,3286.9123674188386,4179.2877117201215,3563.1728732486667,2750.962312318172,2337.120129316454,3709.383791595308,3980.0362740720693,2869.561656596953,852.8463226096684,3248.340227239571,1162.3513241291434,4647.5652250437515,4299.202862816927,3214.4983097022364,4017.8247899448043,3694.800163763399,2866.4861887662396,1789.5308106680502,2069.0025245604565,4014.902926644292,2782.046926299179,3408.3925608977443,3515.7425865243763,2379.284477750111,1511.9458322251749,2117.759458764841,2836.381504393151,2961.220685720041,5400.481088101926,2051.8754351656903,3021.054462047654,3892.9229524028433,2396.008177895862,4049.9308240274836,4499.671254931323,3289.653829774238,2520.3588658321582,2133.252950344449,3409.3649533966586,3840.0969463532256,3255.1952960085346,1166.1872156436737,1981.2305917201193,3082.8207911030845,4362.135710004306,2876.1918478147045,2182.4121054849643,3071.0229293816283,3430.272494929509,1634.8847311374773,3937.3508114524225,3556.4732104839663,3866.5038349976026,3108.5674232277615,3237.339227202482,1098.7124598096623],
        [2715.6059824607564,2101.991898995768,2283.195713079569,3469.553765755582,1524.195650911451,790.0581674718724,3437.5090639522955,4397.526355239717,5022.74326928698,1755.47516756754,3236.370376732332,0.0,2250.013774257886,1783.4805570002893,2231.9516304983845,2338.4249642799887,4671.8475923981505,2026.7475274107246,1196.890616669308,998.0626792660768,2322.5532983716257,2353.112864695096,2080.3981801245172,2703.7455349134902,4379.46608626978,2099.491425327571,2005.402361356747,3079.5631207388733,1014.1905663604152,4840.7563853476395,1316.7632057893825,519.8207253660132,4269.595653405999,1919.1941006828918,4932.011382699316,3834.205355717907,397.62281060158256,2572.27871193669,865.7365293963014,2137.5223098151623,4172.609855387979,413.06896041104386,485.6353427689465,2778.1186023480664,2827.9802062165054,3984.7547925699523,4451.038634308412,2745.7383451700225,3915.2836015092457,4946.461778235875,2918.105553299759,1216.5667580267725,1294.8607819608676,1932.8821986202177,3208.1686520138533,4585.632142498912,3060.3742790793667,1822.386550873258,1765.349573107444,1744.3927790626906,3953.696348777578,3815.5966798756317,3948.3172230806963,2000.5588119145268,2067.6411959069787,4845.468066876658,4547.739997456544,2112.987724512757,198.31726830385114,3576.83733976269,2715.6059824607564],
        [611.065974508802,2232.8262498035674,543.2670467544103,1367.9935295533166,1791.8503968006553,1522.3877948212744,1187.615505789292,2214.049967876608,4010.8021206139456,537.6747463421368,1084.800935047296,2250.013774257886,0.0,2933.964139869526,1031.72995861849,2314.7154134231027,3696.676238429476,2524.420920786435,1666.379245494489,1488.4272081593642,2699.2057615928193,2952.4942505167464,2500.2472558883687,475.83282284690375,2952.9460070543864,221.29609235655911,3562.953171869658,3351.2611688058955,2457.268606728757,3650.501349053315,2610.0245448679825,1828.30101761885,2139.257813727414,1687.8826323281562,3685.31753457118,2400.90906455864,2484.2476451933403,2566.3219686238826,1385.7879401401926,515.557515738374,2206.6498440559562,1877.1168784966383,1918.6359567319853,4318.689381107906,1397.7400552345903,2628.1860881305874,3414.66139247679,1642.8052384675477,3349.4827355878992,4019.8754414946575,2450.4533135302295,1435.6051857996124,1058.2250228107443,2367.832988432565,2987.3508367487834,3052.4087761002847,966.2115243750804,1538.4165784352474,2571.885373566795,3277.3430214472723,2518.307650047438,2022.5475454329655,2645.9683009742575,2395.725479260667,1314.5765195888755,3599.111367302516,3225.5384715232553,2819.458429536662,2151.87126030311,2617.8597891998397,611.065974508802],
        [3073.379698760399,1082.1637079384227,2611.692434743924,4300.319821356693,1159.878451127531,2196.6958921597393,3953.351087634362,4532.968547885586,3872.8060391468125,2425.343859896988,4011.8783716131034,1783.4805570002893,2933.964139869526,0.0,2218.833990017669,1256.6747181379944,3541.40588491988,718.0337305884332,1289.116878124465,2481.0556634139007,896.3992955067063,731.1202731896417,3821.7487679346737,3220.0950275569885,3647.549158454405,2913.0858066070164,723.4442890063348,1459.2003453573277,2797.300522584687,3844.593765168751,471.30295780868175,1596.6312917628695,4317.884164788741,3474.6095785087723,3967.062429568146,3224.923300927748,2122.474039029105,1322.9188432066137,2052.6695981561775,2520.1872996325724,4006.6362234654716,1997.6983314293518,1520.2141916318787,1395.481712847152,2580.4753195613143,3275.0331638367493,3398.482426174478,2285.9428020456503,2632.382121775459,3746.7985885698818,1863.970088314466,1527.2886489878701,1959.470738924446,790.5524334391225,1862.7805721571199,3910.935607003642,3295.0252222786376,3336.305430027111,3538.4840348385374,523.2652308486358,3317.2067546336457,3535.6690180834794,3202.5386038511897,823.661229591275,3459.7229902511995,3892.0071688958146,3699.9264735020683,526.8874097500101,1958.8701882162343,2658.7162776975056,3073.379698760399],
        [889.1206001376803,1309.5160091544128,508.70449194245384,2245.611480286297,1088.0559974628795,1767.0343768481466,1766.6780306680482,2350.8345841958358,3130.432193505301,851.224990594391,1949.2176861390922,2231.9516304983845,1031.72995861849,2218.833990017669,0.0,1337.9267423772183,2795.9868620648344,1658.5395516835572,1176.8412083428589,1897.8845661887747,1771.4597801862697,2053.9504088334347,3231.8224656394855,1097.9441808440831,2235.8445011924173,1160.5877959347395,2920.6176600227755,2354.9379288645605,2826.8579545858443,2830.916593734096,2023.9549839152571,1714.804123959162,2163.7882608709756,2497.7991789450157,2892.235417803605,1668.9351240014607,2580.026353947316,1569.1324309614768,1536.2039984931632,519.807836248149,1969.0164042853755,1990.040329256459,1769.185138799669,3605.7268561122814,606.9084543971968,1858.413434079656,2526.8662869032364,674.1904125888954,2343.347672137703,3111.751786228539,1418.9440900950767,1043.9394891130762,994.8440136014899,1513.7046882099135,1956.2890675101482,2406.7631759215083,1076.2274300481874,2332.931566473439,3189.2979635453607,2660.0997027257786,1792.269445307186,1585.1819480844379,1846.7828199923276,1522.2219924965875,2210.7064231640693,2803.681265819011,2457.4864327825085,1969.819847589698,2222.5356742341137,1672.3237631794693,889.1206001376803],
        [2216.8410428484917,240.0223716713641,1836.7232148043927,3583.405690014748,856.2863938858773,2323.53631098673,3076.835359191053,3433.4535745307844,2743.5413318808164,1943.8944387529875,3286.9123674188386,2338.4249642799887,2314.7154134231027,1256.6747181379944,1337.9267423772183,0.0,2397.170812501027,538.646839620944,1214.2767978273591,2569.865102688438,478.64469392810156,782.7079125403909,4021.782611726555,2435.833073319028,2393.2632915900376,2387.5642666053527,1961.9008120846001,1039.2592433332468,3255.766813935164,2646.105361653718,1359.1680928139133,1899.748419710081,3194.3157965568917,3442.3184112237086,2759.7983052257587,1972.0895219885915,2735.683006003924,274.09434109998034,2095.9205522562493,1807.822089434589,2823.6479157229874,2329.3360586835493,1883.4980421720081,2489.160991090959,1472.6021857273965,2018.4802782767485,2214.87662803762,1122.6215846606397,1580.1497649374548,2645.4499011894563,636.6355684264474,1346.459317622237,1696.7877320310424,500.58864254590947,881.434778883397,2654.853528886956,2335.1382349519,3280.0045044875974,3851.5541923281435,1779.1892915793442,2061.8462901948833,2337.7966346890908,1946.8494526071802,447.21699463172297,3271.3033512988845,2680.2498516732794,2460.337622334949,800.2733023754794,2439.79701146988,1417.1439660640365,2216.8410428484917],
        [3208.9745489411675,2634.2468931911,3172.612074411081,4419.412174499372,3148.406014259975,4459.062122383327,3686.8023880429228,3201.344426356794,350.9126191317678,3646.519746293113,4179.2877117201215,4671.8475923981505,3696.676238429476,3541.40588491988,2795.9868620648344,2397.170812501027,0.0,2875.357854580194,3480.3258553148753,4642.6802277073575,2646.3680978099965,2843.250335276047,6024.21810865877,3483.1733196739883,1064.2506486618533,3881.6453023260833,4148.780861504453,2293.411421679829,5491.0961442366815,460.35511760040595,3743.7591187467096,4184.832145204615,2932.532170218817,5290.895911398683,598.412635851059,1401.4066845974833,5066.834517228266,2238.7637093521244,4217.179472431313,3259.577531291816,2387.8090677174227,4576.2298780196525,4192.528293287694,4403.877269325428,2299.9946724130846,1165.4549909380553,287.0639057500165,2122.335673231822,945.3904204593416,324.3064664711433,1770.3511742793717,3518.212001128827,3698.121703414732,2886.6363520260784,1689.8551828449406,1243.291849629393,3022.0144327341663,5126.785494348183,5955.826875189143,4046.6363433735205,1319.5324614641938,2069.3295220687664,1108.7469462930812,2825.1060244028,4980.558403512571,579.1726420813865,779.7702418635116,3015.6592139608465,4740.589148875517,1134.332131112904,3208.9745489411675],
        [2544.9922532555374,385.6056216600522,2114.428413210843,3858.5934915720977,782.131200603049,2185.0649001146744,3425.0236761627953,3894.033293711659,3215.179020096487,2073.8722662211185,3563.1728732486667,2026.7475274107246,2524.420920786435,718.0337305884332,1658.5395516835572,538.646839620944,2875.357854580194,0.0,1082.6429425010563,2456.5098248532217,295.90285146651377,436.80468008384094,3889.7276070934727,2730.5622995888302,2930.514939213752,2552.756331205652,1426.9047000098783,1067.311882956291,3005.699575440088,3153.691975558494,875.0762212606,1665.542306558986,3666.1963301042547,3401.681641760936,3272.179526524219,2508.765979079774,2414.1399215260635,636.6168195514631,1984.115550517374,2051.692921393957,3324.738851821791,2105.123602879345,1623.745962484063,1996.1679875377774,1926.1120379428748,2557.031022246161,2713.5260127104943,1604.807172753735,2001.4628592043698,3102.1742498614667,1154.6218290275606,1285.9962533167318,1705.9807355518763,157.63180691849047,1241.6022258584496,3193.127650386017,2718.320539695866,3247.098971841839,3670.071775309228,1240.733853739944,2599.8589455724627,2845.6095775230956,2484.873706368899,136.55737754118883,3297.0719020128995,3194.88735627409,2989.597427252305,312.04237730003695,2160.2106874701763,1946.6514182111835,2544.9922532555374],
        [1904.2898853272945,998.5699376949166,1428.7027012926856,3033.5463687041624,358.0720271465095,1120.9264641412228,2757.6423049279333,3508.658298590709,3831.187435805256,1143.34054482893,2750.962312318172,1196.890616669308,1666.379245494489,1289.116878124465,1176.8412083428589,1214.2767978273591,3480.3258553148753,1082.6429425010563,0.0,1382.639393989391,1352.6316334672551,1506.0232798354132,2828.7790250760995,2002.5556206466574,3199.805937028637,1628.410216971071,1896.60476313021,2126.1125397150795,2048.8922425951787,3643.921067264273,944.3607679809581,706.2567869235567,3334.200011254635,2319.188844195292,3735.8597463327624,2666.68446075306,1588.4485903396326,1475.9528808881973,906.8480830696606,1310.895149081998,3140.777508378833,1120.7828812946573,713.3188798223773,2656.8024866076403,1720.5756745393257,2803.818461157115,3255.558183221359,1578.3542771864759,2757.576251869843,3760.466832388219,1743.04422168111,238.18576229232028,672.6405921912382,939.4220556252617,2094.9884476057273,3416.870781188384,2187.5161946393673,2165.2882237160848,2640.4369313830043,1611.7292452663578,2783.3592652271304,2733.1157439472236,2762.5884050699005,997.001300489457,2230.182999559475,3649.520675802493,3356.77324482893,1307.3653252800582,1261.1206695394023,2380.024476468036,1904.2898853272945],
        [2058.926983533371,2370.3182490780355,1726.5344945753718,2542.3041454575564,1727.3215889606558,284.3672907464601,2630.490973830582,3702.4443436298347,4986.794298226009,1135.0854797710426,2337.120129316454,998.0626792660768,1488.4272081593642,2481.0556634139007,1897.8845661887747,2569.865102688438,4642.6802277073575,2456.5098248532217,1382.639393989391,0.0,2733.599491561854,2865.4007460451203,1451.942146254887,1964.2018032070152,4131.712925847114,1290.7652063095197,2878.6421830770337,3508.5484241439453,978.326428061583,4718.000754664759,2023.8735003169993,890.5802220159161,3621.991835844657,996.3884769171835,4785.145833599259,3563.4795096938183,1080.382441789941,2839.9594201028212,476.45230795577083,1585.3314415041982,3636.497869138792,591.8946682033317,977.4824624683065,3670.9479988437056,2490.7654379223045,3756.2918427177156,4387.134380681609,2544.088449304657,4036.8880891030635,4947.033366227946,3016.4884819637073,1223.4069176618987,945.280562136636,2318.994124779775,3437.2007048223136,4291.416897631078,2422.8756446377297,868.5245047400668,1315.6951909196564,2595.496894762076,3686.920641715268,3367.571517906661,3743.5703234628,2378.3165743545856,1074.1960145220862,4696.56232799926,4354.806896038422,2648.4198062540854,826.2006852228542,3508.531741001164,2058.926983533371],
        [2659.3789649594023,467.7977149709052,2254.1294113667122,4005.9891602140747,1028.259559269964,2465.784806010842,3529.664243862372,3912.091149169229,2980.023950264949,2278.5906931012364,3709.383791595308,2322.5532983716257,2699.2057615928193,896.3992955067063,1771.4597801862697,478.64469392810156,2646.3680978099965,295.90285146651377,1352.6316334672551,2733.599491561854,0.0,304.1718050137606,4173.013304701079,2864.4717285526194,2787.2934103023713,2746.7226367260455,1552.993048462794,777.7314014780505,3300.7406485678916,2949.4455212170383,1142.3284156669677,1957.5423520623347,3672.687212365738,3665.6424717732007,3073.0802570498327,2406.422261904718,2709.434597697415,437.961507937677,2258.8667387688574,2207.655191621632,3296.4223963085988,2397.3170353726423,1917.784713559566,2023.4962479891506,1949.9905262979198,2428.6173214363603,2502.4376667454144,1601.204448735103,1747.8962270779082,2858.3827527150893,993.0428392107007,1542.1094274463915,1948.0906573535258,415.0683029578825,979.4290987428665,3057.2097969593424,2798.413889165406,3508.7901192395266,3959.9769573073886,1410.6117104750915,2487.7838876481287,2808.338542460383,2349.8757031736063,355.64046085815187,3542.9303213797307,2999.0218908030756,2819.2927217534148,376.93535989261693,2455.8763447531974,1785.259061974299,2659.3789649594023],
        [2943.0645040684985,744.6408737935416,2526.450134508489,4276.203916865248,1217.9905924706688,2589.1161512998133,3817.6417356362026,4216.045229233466,3166.9770457735763,2509.2648382414227,3980.0362740720693,2353.112864695096,2952.4942505167464,731.1202731896417,2053.9504088334347,782.7079125403909,2843.250335276047,436.80468008384094,1506.0232798354132,2865.4007460451203,304.1718050137606,0.0,4284.682578526106,3140.340571548003,3055.146578870942,2986.395821962217,1310.7915381072282,745.8857172165615,3354.480222331949,3171.763889961296,1084.293120155115,2042.5713519956305,3976.85802564649,3823.3417154351764,3299.7105405645702,2693.643877138662,2726.1703066839564,713.5056560919381,2397.6831775180613,2471.5744879556073,3598.88525255949,2478.075643539775,1989.8773716920998,1728.3391482032082,2252.9216872343795,2705.2342799352696,2720.4320438022664,1905.3214186850391,1918.2769477322572,3033.7648954571646,1266.4355160382036,1716.9868833975152,2140.7637744910044,593.7943712410776,1153.8694691447351,3328.1030785083353,3092.9363213995775,3670.7308771126386,4047.027538620478,1208.405760742047,2771.156047255091,3110.0578200069895,2623.681189268396,557.8848965710822,3729.312265515923,3228.9061778075006,3070.21497728513,241.6125340932619,2503.746307257213,2048.149024676478,2943.0645040684985],
        [3108.2068550304525,3821.2759457557063,2927.8548693742846,2940.3645843673307,3177.5845636497966,1708.3778690415431,3356.5581043931575,4534.5157213909815,6361.372403763045,2388.2554063082625,2869.561656596953,2080.3981801245172,2500.2472558883687,3821.7487679346737,3231.8224656394855,4021.782611726555,6024.21810865877,3889.7276070934727,2828.7790250760995,1451.942146254887,4173.013304701079,4284.682578526106,0.0,2913.390349018588,5410.390477532497,2280.549215810802,4083.325013534676,4950.232579105454,1168.3229157481553,6056.05667857073,3350.8735385214727,2247.694669465363,4532.028054583147,828.6116331011825,6109.351348314789,4844.99420728599,1860.2711193679743,4291.853695983153,1927.0874133456628,2811.1791321088426,4687.291163978305,1825.6508185725427,2311.4482517174943,4845.695037383749,3780.713715696686,5057.52041001477,5757.979116556571,3902.9938133697415,5469.614471660287,6336.528219837544,4454.209524608119,2675.3263443729325,2367.4687612998378,3757.983094617026,4887.297918592518,5534.036431322137,3450.096223513209,964.2179555925634,418.3363525141238,3824.790872062407,4966.753139757899,4522.149997539573,5058.8117498763495,3819.2448585331204,1256.9421796461506,6021.216397486045,5661.532931812891,4058.488614894088,1887.0961486603123,4893.194560786841,3108.2068550304525],
        [276.94215022966125,2398.9267617826226,616.5216102443379,1148.5692949714423,2060.3644345921352,1992.99641973735,759.4070120109517,1738.2438223185325,3777.7574453658963,954.0423961994534,852.8463226096684,2703.7455349134902,475.83282284690375,3220.0950275569885,1097.9441808440831,2435.833073319028,3483.1733196739883,2730.5622995888302,2002.5556206466574,1964.2018032070152,2864.4717285526194,3140.340571548003,2913.390349018588,0.0,2649.7663475626364,681.9441244651808,3884.0376755319194,3446.383888164197,2931.521545615852,3384.4267587014333,2940.9950518138844,2259.9268412170927,1668.7308726008841,2088.031126499557,3403.8803974353646,2124.47205596045,2952.0805130934878,2662.964693722156,1844.9398162529985,700.5597116116038,1773.9124102763647,2341.129976294825,2345.932275717229,4615.219127830955,1245.2076272789086,2361.016666879459,3196.7077639180084,1566.464710841103,3253.5395139832326,3807.324333139204,2447.80705645462,1787.3184790930964,1462.2411623732119,2579.210167856645,2997.661800499569,2716.141933498152,543.5894514526152,1949.924573925055,3015.5639135511233,3605.363989137778,2233.9365667927996,1651.3329455893013,2393.724115003106,2596.034814853389,1682.3880366785602,3320.434903045887,2940.0475507811284,3037.682290433202,2614.7717462715914,2466.6411856884793,276.94215022966125],
        [2391.8671934804343,2593.3215755239034,2483.0244213520346,3463.896299232183,2928.483619654555,4000.0811392265364,2719.3120917736296,2139.085801770715,1243.6428140176258,3035.546459974595,3248.340227239571,4379.46608626978,2952.9460070543864,3647.549158454405,2235.8445011924173,2393.2632915900376,1064.2506486618533,2930.514939213752,3199.805937028637,4131.712925847114,2787.2934103023713,3055.146578870942,5410.390477532497,2649.7663475626364,0.0,3160.54457797117,4337.914934815797,2728.309581636704,5059.654755589877,779.7026586826785,3719.0764393036884,3863.238769421578,1872.5412756240764,4624.932222434769,766.5648221095056,568.8117296793056,4755.347960625663,2349.9282346608506,3765.580025414557,2600.263269337794,1329.8093750551477,4195.769558270148,3895.318804618308,4760.305495339499,1643.029352961264,396.158103405407,825.2678464480775,1635.6378205550916,1551.157639981225,1344.1716432103276,1794.2539579515355,3165.180730407159,3223.8464625138954,2884.217067830509,2027.8491726488369,279.33756016852595,2135.8758738756633,4467.568308363775,5407.263706739517,4170.770725713018,445.57906251472843,1071.203990234877,449.7538459113367,2837.426854451125,4267.322583636693,689.9888207167819,314.3531826951787,3159.1332007802766,4405.142998363658,1008.1058960860713,2391.8671934804343],
        [832.3616344891163,2285.266075281422,709.8557970501655,1426.722098362985,1795.8035701708925,1348.3646148221756,1350.6365881896554,2416.0774513855185,4200.3071689607,488.4661007138785,1162.3513241291434,2099.491425327571,221.29609235655911,2913.0858066070164,1160.5877959347395,2387.5642666053527,3881.6453023260833,2552.756331205652,1628.410216971071,1290.7652063095197,2746.7226367260455,2986.395821962217,2280.549215810802,681.9441244651808,3160.54457797117,0.0,3516.336034430924,3426.822173708994,2251.566251654295,3848.859827787268,2562.9697817808424,1706.4153335823867,2350.487260835249,1471.3723216210176,3887.1158591009953,2604.7062261426886,2311.972848936866,2647.39219955345,1234.344663046321,643.8683080926128,2427.479053985679,1713.739431132257,1800.3201697264733,4284.454055003239,1582.158814911358,2829.276589761597,3601.547957190678,1801.8303602136677,3499.8184153679754,4203.860202272906,2573.506995374187,1391.5988685819118,981.29333872757,2395.1771069381907,3100.9729101485677,3265.6895480535136,1186.5705182171712,1319.9964610063278,2350.8669226524667,3227.648640111899,2723.304405332234,2241.638886969892,2843.7017452815912,2428.606373565348,1108.8909374479765,3800.437265759453,3429.0280229450777,2838.464243903636,1988.9367754837683,2789.401603435216,832.3616344891163],
        [3755.633674565947,1801.3266137147034,3286.334863855838,4929.64388390035,1840.7493399307716,2602.822615170783,4629.330469407845,5249.248116745683,4466.861871793027,3036.4760477329037,4647.5652250437515,2005.402361356747,3562.953171869658,723.4442890063348,2920.6176600227755,1961.9008120846001,4148.780861504453,1426.9047000098783,1896.60476313021,2878.6421830770337,1552.993048462794,1310.7915381072282,4083.325013534676,3884.0376755319194,4337.914934815797,3516.336034430924,0.0,1922.5730591690008,2965.9487343080987,4482.55507634319,953.7764846455302,1999.3123696296154,5037.4250146966715,3868.055577690104,4610.348315082868,3933.9866439008624,2253.631450449786,1990.8788756154695,2511.232861082272,3184.2715538574203,4730.074061605708,2323.3405484762893,1906.183893704165,793.9116315235572,3302.193945576931,3973.1566760391856,4031.124238062179,3009.309784726841,3214.725713406996,4326.689457391791,2544.50668217289,2128.7112111569286,2538.3324602528496,1512.1607674080649,2459.4439886930754,4605.691751340745,3994.38975152908,3746.9848793863016,3749.399523006127,291.33266040909444,4022.7397088536404,4258.762614434273,3897.2291319049477,1541.4096186763563,3922.2092366966726,4539.1455720570075,4371.375136677142,1178.8682012284137,2201.8295174323894,3338.095228645734,3755.633674565947],
        [3211.9121598368433,1170.4584833704318,2861.042996481072,4594.478085130352,1791.0561175215294,3242.4851134406044,4044.7645044301808,4236.746973581325,2587.584285010764,2979.9811040056406,4299.202862816927,3079.5631207388733,3351.2611688058955,1459.2003453573277,2354.9379288645605,1039.2592433332468,2293.411421679829,1067.311882956291,2126.1125397150795,3508.5484241439453,777.7314014780505,745.8857172165615,4950.232579105454,3446.383888164197,2728.309581636704,3426.822173708994,1922.5730591690008,0.0,4069.358561138967,2678.3033385994363,1829.799216314159,2732.8541881709134,3976.3005419147435,4429.625778715297,2815.5160145498094,2489.521778662852,3459.4113860555412,786.647209443666,3032.9605805636306,2841.2465429030663,3528.3247195575605,3172.4176829346166,2690.110678710994,2110.8444906666823,2363.902822067713,2435.7041868571323,2228.2101368909234,1990.0411969764798,1348.6173615433872,2433.7794289984718,1123.7242647368375,2306.042562039802,2696.7003147140204,1192.4283852226383,702.2435187716685,3007.636673254077,3283.2035883998947,4270.807343716753,4736.925957874863,1887.6307289264232,2538.263817822499,3037.4523613378756,2342.887055925822,1131.0589588140417,4287.486855685348,2756.0422438558307,2672.299175195321,985.2470581926086,3221.147180181534,1750.049921790578,3211.9121598368433],
        [3036.2798380871354,3028.9507122571067,2699.8690618404703,3381.6176724079382,2404.7180192027786,1059.8928163502578,3566.7571577978347,4667.623277024393,5840.089743005695,2108.71460502369,3214.4983097022364,1014.1905663604152,2457.268606728757,2797.300522584687,2826.8579545858443,3255.766813935164,5491.0961442366815,3005.699575440088,2048.8922425951787,978.326428061583,3300.7406485678916,3354.480222331949,1168.3229157481553,2931.521545615852,5059.654755589877,2251.566251654295,2965.9487343080987,4069.358561138967,0.0,5606.117484217626,2330.930871110242,1357.3863940039064,4595.477128359415,1355.3860729152873,5682.7074687152435,4494.6917816954365,713.0724322980346,3507.647244295482,1294.7416118299716,2556.689350983143,4614.262123556003,928.1101408488263,1385.0776184328122,3708.375375200035,3430.480220617913,4675.955032336756,5249.337726444241,3441.853151232043,4805.209249995672,5783.3469563047875,3786.752289364474,1975.4288710056496,1835.8930478538884,2897.3698359321165,4136.792980191947,5233.201681488344,3400.3360152195064,1344.134624427258,791.4614295200377,2723.5938557066474,4617.821919937063,4336.641271830145,4655.362816091785,2963.7971857841962,1688.4021075717708,5594.440208256099,5266.456198096526,3116.291942916492,850.8160730523783,4365.738225421132,3036.2798380871354],
        [3118.0926300063343,2875.0463729672965,3150.4346556292708,4239.048199238964,3331.4535740525057,4556.622522397575,3495.6635115132217,2888.7115796434377,483.1322826119366,3667.8182605824645,4017.8247899448043,4840.7563853476395,3650.501349053315,3844.593765168751,2830.916593734096,2646.105361653718,460.35511760040595,3153.691975558494,3643.921067264273,4718.000754664759,2949.4455212170383,3171.763889961296,6056.05667857073,3384.4267587014333,779.7026586826785,3848.859827787268,4482.55507634319,2678.3033385994363,5606.117484217626,0.0,4005.151690317942,4338.587751953959,2629.4959047873294,5293.797849162633,141.91225028696275,1260.0193313991801,5230.2942222021375,2523.7237971986096,4316.333690564154,3253.511387226095,2093.6241502802823,4708.382700375257,4356.18470722882,4785.76595735608,2279.9128413270014,1025.171578565408,453.232628887628,2173.9793406821723,1338.97266440972,625.0162980571673,2009.4737314891504,3652.91773974256,3782.983561648414,3145.408390242488,2033.0352895384383,878.6423783852771,2887.6328602165663,5132.575419914549,6019.2641398223695,4359.737743894897,1151.9983701883455,1848.691872192429,1005.1696537541467,3088.008739703777,4957.273194395632,126.55634314572038,465.5590271030673,3324.984520776493,4892.462810057098,1266.048104313052,3118.0926300063343],
