{
    "drone_dist": [
        [0.0,36.21868163617744,23.173261720777198,22.359400457735948,42.746117478535936,27.676483562913212,8.780957241925988,15.646270228166664,12.501689912120368,21.354189034365827,35.88913382941533,38.720095322067245,26.478126668815715,34.06033309236802,20.084369499304017,12.906660518191671,23.895067650278023,12.362956562576722,27.522912800180098,18.89741411551144,16.062026536437926,32.198203515035424,6.114264578454605,4.068714598447683,27.58878580301842,27.32250045079638,18.050531136575053,31.464822944229905,15.819963109166592,38.948990498794714,15.745777440205684,13.932642123820605,2.344115501960692,17.919651924047503,35.85183779975353,18.355854498244817,17.222043853899287,27.214106870790086,30.043122649564918,10.838351442032033,0.0],
        [36.21868163617744,0.0,46.708538835470335,15.813744711727075,40.22098179112561,25.567303247123217,31.021672056948955,24.269565571394143,48.67607738506423,47.40049223746459,43.006980378855204,35.525744549482766,10.066027608544323,34.402448777712024,23.204988176890108,49.052193415308224,20.83698343104136,46.264896285968476,11.30582993365966,22.34660701296932,21.016007714080303,6.189072720121539,37.37009965050601,32.34338770338368,48.337834890228656,52.831360697185886,42.2993159043594,9.002497986215124,33.49452886619502,35.70653116998337,31.042720322263133,39.954125924554425,36.709076616557496,38.56977154907564,33.19444850428133,50.20752126028635,28.90952319761725,58.713159901154505,32.84540968210959,25.500105896246467,36.21868163617744],
        [23.173261720777198,46.708538835470335,0.0,31.076204648611046,65.18072951209687,48.66827190265086,19.295917592037892,23.118643186141036,22.881583163666928,3.141627719722203,59.00137903875938,60.820510335845256,39.73880252070799,56.392368025181,40.32637413032828,25.65921212248716,26.413029327339324,31.18628285309592,42.721116902781006,38.582403547972554,33.417007180418835,45.474287670871746,29.060825365471544,23.155255388316682,50.069849855504145,48.409347411396496,5.399219067451507,38.5644024219406,38.815343239532424,61.05708355973084,38.34556700347398,9.449156152896494,25.365973608242772,8.224606943704954,57.82432548609735,37.31930747307558,39.317454292538535,44.43199979856079,52.42033427884975,28.54015498369739,23.173261720777198],
        [22.359400457735948,15.813744711727075,31.076204648611046,0.0,43.16458518406802,25.481000870205197,15.681070462593869,8.495776810295597,34.32571533051731,31.62705218507812,41.82020400902033,38.210075782061324,9.429902036173772,35.18024976261891,18.519649655561516,35.18080832616865,7.317780437779604,33.93013506578239,13.267024647149235,16.654275449829466,11.53497742610626,14.629685593017745,25.25086918195254,18.292067398606317,41.74117708008534,44.538481419556994,26.521451232047607,9.17158782560842,25.71817755746731,38.43949739162356,23.500513981407185,24.151892753999174,23.46932923700705,22.877896602731717,35.2545949019977,38.99100293258043,22.293478221126254,47.94661734553431,32.10212167565691,13.026945580573315,22.359400457735948],
        [42.746117478535936,40.22098179112561,65.18072951209687,43.16458518406802,0.0,17.801505384797807,46.28208468976931,46.018019729159626,50.95967261113267,63.819374210277566,11.024543489448302,4.96602123250242,35.47368614675514,8.792689728508522,25.861504652835162,49.121032064604,50.32035148124389,42.04650803505129,31.512577186386547,27.83786483957099,33.73978416900285,34.56588361467701,37.93935724021796,42.039616135091585,26.548993424350208,33.298615634515315,59.799573576511676,45.351027389243114,27.104198765068357,4.742994374405998,27.01676575985358,55.741071921825096,40.96978981580211,58.22423979808814,7.926450516687563,40.472807440185775,25.864480856072113,44.09834038027038,12.766055881282698,37.31793564464623,42.746117478535936],
        [27.676483562913212,25.567303247123217,48.66827190265086,25.481000870205197,17.801505384797807,0.0,29.41667449123818,28.337517057111054,38.19663477723913,47.676809382941215,17.550289426545238,12.915097272691382,18.573304124040483,9.748978380204118,8.395405555168058,37.06676460386511,32.56123769970247,31.138629531288025,15.028979055854379,10.279530483129832,16.077354539249974,19.397920037383113,24.33558717379627,25.980081641609104,24.591265175239208,30.35545066900502,43.27385898105087,28.747290707040772,14.430972799946966,13.151794739369462,12.935950496758354,39.367889394048184,26.420572915909684,41.255550974416785,9.881533017076523,32.19356228626494,10.788450676901217,38.91619080897944,7.325940859639586,20.201413049202984,27.676483562913212],
        [8.780957241925988,31.021672056948955,19.295917592037892,15.681070462593869,46.28208468976931,29.41667449123818,0.0,7.64554958050117,19.08015203523883,18.613631905659933,41.11957294569681,41.773735788689,22.26352758906652,37.49885325934475,21.048592199618422,20.379507852263185,15.561891285908,21.106918045522264,24.504636096643203,19.287390392618477,14.244012522044889,28.211434393521497,14.191025567912925,5.701930099687921,35.176428737807086,35.685005025585674,13.928689535822926,24.775852051691615,21.12097646315849,42.01212291800705,20.075150925454732,10.254048892428292,10.842989005189656,11.942165358353963,38.74569513288204,27.13565831950041,20.597069177275923,35.98642573165578,33.59989340447243,9.245512786310016,8.780957241925988],
        [15.646270228166664,24.269565571394143,23.118643186141036,8.495776810295597,46.018019729159626,28.337517057111054,7.64554958050117,0.0,26.71386210426699,23.379651208098814,42.61551515626875,41.216373289269875,16.620851316002433,37.45778846645008,20.166202602326017,27.920598177117768,8.271245919797657,27.9118330902195,19.704102386484266,18.18267444824952,12.280013142901584,22.397259214974444,19.967784015028435,11.755003975647343,39.354759375421985,40.928860760999015,18.286510097711737,17.333324426870885,23.89029319761166,41.45482830853829,22.173248248776233,15.689273567804877,17.293039255594273,14.905543574291661,38.162153467243655,33.60289111981601,21.835468607418967,42.58165945195158,33.85582296153664,9.845699194216142,15.646270228166664],
        [12.501689912120368,48.67607738506423,22.881583163666928,34.32571533051731,50.95967261113267,38.19663477723913,19.08015203523883,26.71386210426699,0.0,19.956046076228272,42.25882804561741,47.60606228837509,38.97877830188644,42.77614502806895,31.50708141151719,2.839112964218685,34.54004031439187,9.836213346862237,39.95008586173617,30.644914842340963,28.485090930908033,44.69259998393978,13.864722721210251,16.338709037407483,29.892136984927276,26.700732366943058,19.655142193506187,43.49678627742101,24.35946050973648,47.815881062895585,25.332067385851484,16.89739889866655,12.530430968111107,21.997864036205744,45.0196736185927,15.08073166495675,27.409350676420924,21.55489298715678,38.87741372609721,23.337920589694804,12.501689912120368],
        [21.354189034365827,47.40049223746459,3.141627719722203,31.62705218507812,63.819374210277566,47.676809382941215,18.613631905659933,23.379651208098814,19.956046076228272,0.0,57.240051910130965,59.572734906995706,39.92727774613906,55.053903122280786,39.419019931016685,22.760397932654026,27.57406406109913,28.545967348379346,42.68586542909781,37.754934844492134,32.85713167519644,45.763052484425565,27.048332041866576,21.829533952790335,47.74489962533384,45.81914037269554,5.10604874708793,39.547464894710906,37.14550816448728,59.807276279657046,36.84990655779264,8.372320277720885,23.4443469058282,8.972928417338892,56.61034372495486,34.58925343595529,37.98369651712347,41.50765178453521,51.05567784803494,27.7567162459921,21.354189034365827],
        [35.88913382941533,43.006980378855204,59.00137903875938,41.82020400902033,11.024543489448302,17.550289426545238,41.11957294569681,42.61551515626875,42.25882804561741,57.240051910130965,0.0,11.2214968571394,35.96437595541372,9.13442739281405,23.307120753073384,40.126954912669525,48.411059379272515,32.812107361988026,32.56298452877895,25.215489693520357,30.87523251064648,36.877754048970324,30.35063674377386,36.115961840529174,15.655432548851902,22.357252134977447,53.75270598468616,46.147384523015255,20.214272694480844,11.247873448822471,21.045663980288307,49.615202914231006,33.818073707270486,52.83354122606221,11.458049275669797,30.36535953706325,20.843064461347335,33.25455959430525,10.22599338701759,33.016846921920894,35.88913382941533],
        [38.720095322067245,35.525744549482766,60.820510335845256,38.210075782061324,4.96602123250242,12.915097272691382,41.773735788689,41.216373289269875,47.60606228837509,59.572734906995706,11.2214968571394,0.0,30.524104516733125,4.836261845882276,21.10415472722041,45.94001185653402,45.38018474147397,39.081698552376984,26.580976177174183,23.062432935831463,28.93820557744597,29.77053186491658,34.23608661962893,37.74613267615896,25.504081676536153,32.24707163716228,55.42617617915229,40.437674611724866,23.380599827222035,0.23942838892486296,22.990720722657226,51.40642768624667,37.063448103122475,53.70482923959102,3.058152113411579,38.16378606435666,21.604122546702243,42.68280863082157,8.763938486967636,32.70743524866666,38.720095322067245],
        [26.478126668815715,10.066027608544323,39.73880252070799,9.429902036173772,35.47368614675514,18.573304124040483,22.26352758906652,16.620851316002433,38.97877830188644,39.92727774613906,35.96437595541372,30.524104516733125,0.0,28.22181082372243,13.995804017340163,39.20083066674911,16.533472386422975,36.20964756020241,4.108897243511373,12.785646926053095,10.958119665110166,5.948215150968141,27.32398760933128,22.739296255883115,39.18754016689898,43.26035074415777,34.85914300585126,10.186492647885252,23.81763981503449,30.739751802752835,21.365440971284496,31.95762095612487,26.80734312210641,31.521473076158713,27.74554810445268,40.166010307319645,19.392998397570064,48.72942628842019,25.78997006436762,15.656466509473963,26.478126668815715],
        [34.06033309236802,34.402448777712024,56.392368025181,35.18024976261891,8.792689728508522,9.748978380204118,37.49885325934475,37.45778846645008,42.77614502806895,55.053903122280786,9.13442739281405,4.836261845882276,28.22181082372243,0.0,17.30539010628304,41.10375099889326,42.184740057327424,34.25719210197352,24.509139159203304,19.29727942073446,25.213934589534627,28.376411725148106,29.454493902044025,33.25800195701065,21.492503524193875,28.14283479834148,51.00940500446669,38.35203576471943,18.591893902688,5.041648754293115,18.3145590720401,46.95522588986815,32.34910125217444,49.44070531137038,2.868626280911599,33.470787547693035,17.080751355318895,38.32048555177785,4.017237400368877,28.578407589573654,34.06033309236802],
        [20.084369499304017,23.204988176890108,40.32637413032828,18.519649655561516,25.861504652835162,8.395405555168058,21.048592199618422,20.166202602326017,31.50708141151719,39.419019931016685,23.307120753073384,21.10415472722041,13.995804017340163,17.30539010628304,0.0,30.79527156329121,25.171533412228374,25.84007915717608,11.929482525540308,1.993285517691953,7.908594006541285,17.30326822003551,17.843707133355522,17.916730175104032,25.233826248873594,29.64874486644715,34.93880477302706,23.761608470839356,10.544958558370869,21.343389368888968,8.176403579586323,31.07811602418607,19.18245306533441,32.86299260094334,18.04600520038839,28.357175902764716,5.834580753092891,36.26726463314675,13.829482330232882,11.816145813581544,20.084369499304017],
        [12.906660518191671,49.052193415308224,25.65921212248716,35.18080832616865,49.121032064604,37.06676460386511,20.379507852263185,27.920598177117768,2.839112964218685,22.760397932654026,40.126954912669525,45.94001185653402,39.20083066674911,41.10375099889326,30.79527156329121,0.0,35.93836725165249,7.385447439412451,39.88296872430694,30.098196168829805,28.476930599383515,44.78952524246598,12.954163699643372,16.931788538611947,27.334501114739915,23.935499300071747,22.271992977874596,44.32302300381915,22.931753202940282,46.14392862990895,24.133448548754732,19.314212714188766,12.409982267228763,24.41173818722835,43.44058127370078,12.283907894729145,26.329014771528875,18.776120290307063,37.26771558018147,23.563053205708655,12.906660518191671],
        [23.895067650278023,20.83698343104136,26.413029327339324,7.317780437779604,50.32035148124389,32.56123769970247,15.561891285908,8.271245919797657,34.54004031439187,27.57406406109913,48.411059379272515,45.38018474147397,16.533472386422975,42.184740057327424,25.171533412228374,35.93836725165249,0.0,36.182159985381595,20.49854819925024,23.221075344799427,17.57597618347245,21.16394768361988,28.16952795345023,20.0262211922589,46.82982764932679,48.847013362921345,22.616944468599865,12.232377824406989,30.98836927017567,45.611856546640865,28.999108405882804,21.261015938133998,25.563984859676125,18.603040142022287,42.396932121927435,41.85540227934603,28.189895583646212,50.84062701870435,38.94840848442754,17.134153894704077,23.895067650278023],
        [12.362956562576722,46.264896285968476,31.18628285309592,33.93013506578239,42.04650803505129,31.138629531288025,21.106918045522264,27.9118330902195,9.836213346862237,28.545967348379346,32.812107361988026,39.081698552376984,36.20964756020241,34.25719210197352,25.84007915717608,7.385447439412451,36.182159985381595,0.0,36.179298352447475,25.532179487174094,25.25161794347085,41.38652704411809,8.9108164314719,16.15868888561868,20.059820105319737,17.286496200089097,27.027435316965438,42.776006968900234,16.719123562544986,39.27713474591057,18.34440841721415,23.426508855276715,10.635759875775369,28.289172128656418,36.71232877211619,6.351468755829765,20.714536612103903,14.905039678640135,30.530996724567963,21.192192953893272,12.362956562576722],
        [27.522912800180098,11.30582993365966,42.721116902781006,13.267024647149235,31.512577186386547,15.028979055854379,24.504636096643203,19.704102386484266,39.95008586173617,42.68586542909781,32.56298452877895,26.580976177174183,4.108897243511373,24.509139159203304,11.929482525540308,39.88296872430694,20.49854819925024,36.179298352447475,0.0,11.236630984963778,11.467062467648296,5.409691997572277,27.456422021401078,24.080111862638372,37.03363484056808,41.577891193280564,37.68152188784636,13.883124192575798,22.344024770233492,26.792274012183757,19.90835511244684,34.528216696368254,27.50526321141687,34.55371560740974,23.864485455283965,39.57753206855398,17.695815780219164,47.85029497025554,22.339318526556145,16.782125747962812,27.522912800180098],
        [18.89741411551144,22.34660701296932,38.582403547972554,16.654275449829466,27.83786483957099,10.279530483129832,19.287390392618477,18.18267444824952,30.644914842340963,37.754934844492134,25.215489693520357,23.062432935831463,12.785646926053095,19.29727942073446,1.993285517691953,30.098196168829805,23.221075344799427,25.532179487174094,11.236630984963778,0.0,5.916964312044873,16.645385534949494,17.210585343640805,16.45744753634354,26.43189672575483,30.525925570303034,33.206174052120836,22.276073106838087,11.148393089957509,23.301472155257425,8.698524611739687,29.39524981022949,18.187856616673447,31.035496661423846,20.00471291592481,28.471892407723352,6.612251874644784,36.630641399896255,15.815596875865404,10.04225355793102,18.89741411551144],
        [16.062026536437926,21.016007714080303,33.417007180418835,11.53497742610626,33.73978416900285,16.077354539249974,14.244012522044889,12.280013142901584,28.485090930908033,32.85713167519644,30.87523251064648,28.93820557744597,10.958119665110166,25.213934589534627,7.908594006541285,28.476930599383515,17.57597618347245,25.25161794347085,11.467062467648296,5.916964312044873,0.0,16.326482252978863,16.368794330677687,12.743068630405626,30.28985084143638,33.46762189471334,28.106191481841154,18.675532122136435,14.28826127578303,29.1767907178661,12.003041897104643,24.49659971744781,16.073725507010202,25.62482017063823,25.88316086169806,29.342201083052732,10.773170891653615,38.04165043554668,21.698148650915776,5.467977161424808,16.062026536437926],
        [32.198203515035424,6.189072720121539,45.474287670871746,14.629685593017745,34.56588361467701,19.397920037383113,28.211434393521497,22.397259214974444,44.69259998393978,45.763052484425565,36.877754048970324,29.77053186491658,5.948215150968141,28.376411725148106,17.30326822003551,44.78952524246598,21.16394768361988,41.38652704411809,5.409691997572277,16.645385534949494,16.326482252978863,0.0,32.588147893773396,28.55007859355568,42.283685445482774,46.945539680547675,40.678718721271544,11.571817906023089,27.750632578238807,29.961886835177083,25.316925629271033,37.85892724645983,32.379849449332625,37.24968144504819,27.311697217241413,44.93223872693824,23.09300601982467,53.24782493986318,26.69314070815271,21.361279236202666,32.198203515035424],
        [6.114264578454605,37.37009965050601,29.060825365471544,25.25086918195254,37.93935724021796,24.33558717379627,14.191025567912925,19.967784015028435,13.864722721210251,27.048332041866576,30.35063674377386,34.23608661962893,27.32398760933128,29.454493902044025,17.843707133355522,12.954163699643372,28.16952795345023,8.9108164314719,27.456422021401078,17.210585343640805,16.368794330677687,32.588147893773396,0.0,8.559920899487373,21.477012383647057,21.496296216157234,24.0511076554165,33.96434362814792,10.863190932222501,34.45553178086504,11.52605985811062,19.964696126694182,3.780015444154334,24.033858393938274,31.517032354929643,13.788038939750589,13.547174770178632,22.781628751198607,25.472720027113155,12.350112974748066,6.114264578454605],
        [4.068714598447683,32.34338770338368,23.155255388316682,18.292067398606317,42.039616135091585,25.980081641609104,5.701930099687921,11.755003975647343,16.338709037407483,21.829533952790335,36.115961840529174,37.74613267615896,22.739296255883115,33.25800195701065,17.916730175104032,16.931788538611947,20.0262211922589,16.15868888561868,24.080111862638372,16.45744753634354,12.743068630405626,28.55007859355568,8.559920899487373,0.0,29.497699785784054,30.022742373284064,17.795832269690628,27.405984834414966,15.927439387702236,37.98104014692815,15.225046448902022,13.70753208486232,5.5415290659799865,16.74299730924721,34.78080978766322,21.903609715764002,16.177264097003405,30.858840013088592,29.27472005323131,7.3057256544005735,4.068714598447683],
        [27.58878580301842,48.337834890228656,50.069849855504145,41.74117708008534,26.548993424350208,24.591265175239208,35.176428737807086,39.354759375421985,29.892136984927276,47.74489962533384,15.655432548851902,25.504081676536153,39.18754016689898,21.492503524193875,25.233826248873594,27.334501114739915,46.82982764932679,20.059820105319737,37.03363484056808,26.43189672575483,30.28985084143638,42.283685445482774,21.477012383647057,29.497699785784054,0.0,6.769850178317792,45.30287140089598,48.59576392961725,16.02314838444641,25.615748283197984,18.29495173144101,41.29360225566275,25.247489818860405,45.506235141325746,24.36090105151131,15.892383130153705,19.894919100322873,17.60002701880277,19.391960762670415,29.718084957277004,27.58878580301842],
        [27.32250045079638,52.831360697185886,48.409347411396496,44.538481419556994,33.298615634515315,30.35545066900502,35.685005025585674,40.928860760999015,26.700732366943058,45.81914037269554,22.357252134977447,32.24707163716228,43.26035074415777,28.14283479834148,29.64874486644715,23.935499300071747,48.847013362921345,17.286496200089097,41.577891193280564,30.525925570303034,33.46762189471334,46.945539680547675,21.496296216157234,30.022742373284064,6.769850178317792,0.0,44.04622872609118,52.11773007639305,19.450305442086005,32.36297370403772,21.897705074680967,40.24636642010767,25.02949030202659,44.85662098534809,31.009576141259924,11.68313096119645,23.92846476485563,11.01528844338689,25.794541296532373,31.830347385876706,27.32250045079638],
        [18.050531136575053,42.2993159043594,5.399219067451507,26.521451232047607,59.799573576511676,43.27385898105087,13.928689535822926,18.286510097711737,19.655142193506187,5.10604874708793,53.75270598468616,55.42617617915229,34.85914300585126,51.00940500446669,34.93880477302706,22.271992977874596,22.616944468599865,27.027435316965438,37.68152188784636,33.206174052120836,28.106191481841154,40.678718721271544,24.0511076554165,17.795832269690628,45.30287140089598,44.04622872609118,0.0,34.501191002782356,33.54516323966039,55.662894102363396,33.00858712598514,4.139285376375583,20.304563335805117,4.100479933093624,52.42783650717729,33.304989352310585,33.939928116286325,40.93154224824978,47.04277332279982,23.165489192882156,18.050531136575053],
        [31.464822944229905,9.002497986215124,38.5644024219406,9.17158782560842,45.351027389243114,28.747290707040772,24.775852051691615,17.333324426870885,43.49678627742101,39.547464894710906,46.147384523015255,40.437674611724866,10.186492647885252,38.35203576471943,23.761608470839356,44.32302300381915,12.232377824406989,42.776006968900234,13.883124192575798,22.276073106838087,18.675532122136435,11.571817906023089,33.96434362814792,27.405984834414966,48.59576392961725,52.11773007639305,34.501191002782356,0.0,32.77997726251248,40.64588279343483,30.38903650953431,32.62215090000044,32.462461996145514,30.59466639759371,37.745791343393186,47.553659392137526,28.706878306857337,56.423638636558394,35.97640259726809,21.61444426876213,31.464822944229905],
        [15.819963109166592,33.49452886619502,38.815343239532424,25.71817755746731,27.104198765068357,14.430972799946966,21.12097646315849,23.89029319761166,24.35946050973648,37.14550816448728,20.214272694480844,23.380599827222035,23.81763981503449,18.591893902688,10.544958558370869,22.931753202940282,30.98836927017567,16.719123562544986,22.344024770233492,11.148393089957509,14.28826127578303,27.750632578238807,10.863190932222501,15.927439387702236,16.02314838444641,19.450305442086005,33.54516323966039,32.77997726251248,0.0,23.598707879189277,2.4552484993520785,29.4097453093556,13.90911299980676,32.66805935807492,20.698834473820387,18.131101317777713,4.7159579284756985,25.751087295228466,14.616809916104133,14.059420352655929,15.819963109166592],
        [38.948990498794714,35.70653116998337,61.05708355973084,38.43949739162356,4.742994374405998,13.151794739369462,42.01212291800705,41.45482830853829,47.815881062895585,59.807276279657046,11.247873448822471,0.23942838892486296,30.739751802752835,5.041648754293115,21.343389368888968,46.14392862990895,45.611856546640865,39.27713474591057,26.792274012183757,23.301472155257425,29.1767907178661,29.961886835177083,34.45553178086504,37.98104014692815,25.615748283197984,32.36297370403772,55.662894102363396,40.64588279343483,23.598707879189277,0.0,23.217913715997547,51.642443192766656,37.28906386858585,53.94344279680118,3.297387816928003,38.33427350613198,21.83717125298591,42.817891722955736,8.982829469231497,32.94662781502466,38.948990498794714],
        [15.745777440205684,31.042720322263133,38.34556700347398,23.500513981407185,27.01676575985358,12.935950496758354,20.075150925454732,22.173248248776233,25.332067385851484,36.84990655779264,21.045663980288307,22.990720722657226,21.365440971284496,18.3145590720401,8.176403579586323,24.133448548754732,28.999108405882804,18.34440841721415,19.90835511244684,8.698524611739687,12.003041897104643,25.316925629271033,11.52605985811062,15.225046448902022,18.29495173144101,21.897705074680967,33.00858712598514,30.38903650953431,2.4552484993520785,23.217913715997547,0.0,28.899201117375146,14.084470053682058,31.845521558436303,20.162819992899724,20.272277471454785,2.43933619121501,28.09115075884622,14.297359931815295,12.3378872765342,15.745777440205684],
        [13.932642123820605,39.954125924554425,9.449156152896494,24.151892753999174,55.741071921825096,39.367889394048184,10.254048892428292,15.689273567804877,16.89739889866655,8.372320277720885,49.615202914231006,51.40642768624667,31.95762095612487,46.95522588986815,31.07811602418607,19.314212714188766,21.261015938133998,23.426508855276715,34.528216696368254,29.39524981022949,24.49659971744781,37.85892724645983,19.964696126694182,13.70753208486232,41.29360225566275,40.24636642010767,4.139285376375583,32.62215090000044,29.4097453093556,51.642443192766656,28.899201117375146,0.0,16.204474638362083,5.102547887230979,48.42040362878701,29.758414408332843,29.876596435033758,37.687808468026624,42.97822199594454,19.386664912645283,13.932642123820605],
        [2.344115501960692,36.709076616557496,25.365973608242772,23.46932923700705,40.96978981580211,26.420572915909684,10.842989005189656,17.293039255594273,12.530430968111107,23.4443469058282,33.818073707270486,37.063448103122475,26.80734312210641,32.34910125217444,19.18245306533441,12.409982267228763,25.563984859676125,10.635759875775369,27.50526321141687,18.187856616673447,16.073725507010202,32.379849449332625,3.780015444154334,5.5415290659799865,25.247489818860405,25.02949030202659,20.304563335805117,32.462461996145514,13.90911299980676,37.28906386858585,14.084470053682058,16.204474638362083,0.0,20.25910757992276,34.24726961060877,16.384417920090613,15.768035857495649,25.323816039530517,28.336471399303406,11.213141580131914,2.344115501960692],
        [17.919651924047503,38.56977154907564,8.224606943704954,22.877896602731717,58.22423979808814,41.255550974416785,11.942165358353963,14.905543574291661,21.997864036205744,8.972928417338892,52.83354122606221,53.70482923959102,31.521473076158713,49.44070531137038,32.86299260094334,24.41173818722835,18.603040142022287,28.289172128656418,34.55371560740974,31.035496661423846,25.62482017063823,37.24968144504819,24.033858393938274,16.74299730924721,45.506235141325746,44.85662098534809,4.100479933093624,30.59466639759371,32.66805935807492,53.94344279680118,31.845521558436303,5.102547887230979,20.25910757992276,0.0,50.67171866050064,34.63854395783548,32.503619222068366,42.706538976987446,45.536482548274094,21.058205078104812,17.919651924047503],
        [35.85183779975353,33.19444850428133,57.82432548609735,35.2545949019977,7.926450516687563,9.881533017076523,38.74569513288204,38.162153467243655,45.0196736185927,56.61034372495486,11.458049275669797,3.058152113411579,27.74554810445268,2.868626280911599,18.04600520038839,43.44058127370078,42.396932121927435,36.71232877211619,23.864485455283965,20.00471291592481,25.88316086169806,27.311697217241413,31.517032354929643,34.78080978766322,24.36090105151131,31.009576141259924,52.42783650717729,37.745791343393186,20.698834473820387,3.297387816928003,20.162819992899724,48.42040362878701,34.24726961060877,50.67171866050064,0.0,36.151942625101334,18.678670822935437,41.15221255838928,6.183236447783224,29.661809683316434,35.85183779975353],
        [18.355854498244817,50.20752126028635,37.31930747307558,38.99100293258043,40.472807440185775,32.19356228626494,27.13565831950041,33.60289111981601,15.08073166495675,34.58925343595529,30.36535953706325,38.16378606435666,40.166010307319645,33.470787547693035,28.357175902764716,12.283907894729145,41.85540227934603,6.351468755829765,39.57753206855398,28.471892407723352,29.342201083052732,44.93223872693824,13.788038939750589,21.903609715764002,15.892383130153705,11.68313096119645,33.304989352310585,47.553659392137526,18.131101317777713,38.33427350613198,20.272277471454785,29.758414408332843,16.384417920090613,34.63854395783548,36.151942625101334,0.0,22.70755030110885,8.998121352498137,30.111926741502803,25.999861608697636,18.355854498244817],
        [17.222043853899287,28.90952319761725,39.317454292538535,22.293478221126254,25.864480856072113,10.788450676901217,20.597069177275923,21.835468607418967,27.409350676420924,37.98369651712347,20.843064461347335,21.604122546702243,19.392998397570064,17.080751355318895,5.834580753092891,26.329014771528875,28.189895583646212,20.714536612103903,17.695815780219164,6.612251874644784,10.773170891653615,23.09300601982467,13.547174770178632,16.177264097003405,19.894919100322873,23.92846476485563,33.939928116286325,28.706878306857337,4.7159579284756985,21.83717125298591,2.43933619121501,29.876596435033758,15.768035857495649,32.503619222068366,18.678670822935437,22.70755030110885,0.0,30.461750173540416,13.103073846350497,12.174005112423517,17.222043853899287],
        [27.214106870790086,58.713159901154505,44.43199979856079,47.94661734553431,44.09834038027038,38.91619080897944,35.98642573165578,42.58165945195158,21.55489298715678,41.50765178453521,33.25455959430525,42.68280863082157,48.72942628842019,38.32048555177785,36.26726463314675,18.776120290307063,50.84062701870435,14.905039678640135,47.85029497025554,36.630641399896255,38.04165043554668,53.24782493986318,22.781628751198607,30.858840013088592,17.60002701880277,11.01528844338689,40.93154224824978,56.423638636558394,25.751087295228466,42.817891722955736,28.09115075884622,37.687808468026624,25.323816039530517,42.706538976987446,41.15221255838928,8.998121352498137,30.461750173540416,0.0,35.513276381393645,34.934210830655516,27.214106870790086],
        [30.043122649564918,32.84540968210959,52.42033427884975,32.10212167565691,12.766055881282698,7.325940859639586,33.59989340447243,33.85582296153664,38.87741372609721,51.05567784803494,10.22599338701759,8.763938486967636,25.78997006436762,4.017237400368877,13.829482330232882,37.26771558018147,38.94840848442754,30.530996724567963,22.339318526556145,15.815596875865404,21.698148650915776,26.69314070815271,25.472720027113155,29.27472005323131,19.391960762670415,25.794541296532373,47.04277332279982,35.97640259726809,14.616809916104133,8.982829469231497,14.297359931815295,42.97822199594454,28.336471399303406,45.536482548274094,6.183236447783224,30.111926741502803,13.103073846350497,35.513276381393645,0.0,24.774926706929076,30.043122649564918],
        [10.838351442032033,25.500105896246467,28.54015498369739,13.026945580573315,37.31793564464623,20.201413049202984,9.245512786310016,9.845699194216142,23.337920589694804,27.7567162459921,33.016846921920894,32.70743524866666,15.656466509473963,28.578407589573654,11.816145813581544,23.563053205708655,17.134153894704077,21.192192953893272,16.782125747962812,10.04225355793102,5.467977161424808,21.361279236202666,12.350112974748066,7.3057256544005735,29.718084957277004,31.830347385876706,23.165489192882156,21.61444426876213,14.059420352655929,32.94662781502466,12.3378872765342,19.386664912645283,11.213141580131914,21.058205078104812,29.661809683316434,25.999861608697636,12.174005112423517,34.934210830655516,24.774926706929076,0.0,10.838351442032033],
        [0.0,36.21868163617744,23.173261720777198,22.359400457735948,42.746117478535936,27.676483562913212,8.780957241925988,15.646270228166664,12.501689912120368,21.354189034365827,35.88913382941533,38.720095322067245,26.478126668815715,34.06033309236802,20.084369499304017,12.906660518191671,23.895067650278023,12.362956562576722,27.522912800180098,18.89741411551144,16.062026536437926,32.198203515035424,6.114264578454605,4.068714598447683,27.58878580301842,27.32250045079638,18.050531136575053,31.464822944229905,15.819963109166592,38.948990498794714,15.745777440205684,13.932642123820605,2.344115501960692,17.919651924047503,35.85183779975353,18.355854498244817,17.222043853899287,27.214106870790086,30.043122649564918,10.838351442032033,0.0]
    ],
    "end_depot": 40,
    "start_depot": 0,
    "truck_dist": [
        [0.0,46.84832953464193,32.00646648911263,31.276280435593478,60.16566239528423,36.43797147230359,11.341063429909056,21.936113065270803,15.396849277627588,30.04440962519631,50.368597214714974,53.97956261447178,32.89378967447385,47.74178694951976,24.565119858075402,17.47922812136764,33.34479355557466,16.705547307209883,31.0907543731166,21.933429484186153,17.896684129331987,38.72200582161439,7.489678515937307,5.70969717545124,33.29317300877156,27.597275973792613,24.387312092270214,43.70350148539207,22.36741768570877,54.31531889208084,22.06915517472397,18.662883720015756,2.744606660842283,21.88648298147846,49.718070931509274,23.494547396669475,23.588242802073697,35.9021922404968,42.11352359209226,13.13981362071209,0.0],
        [46.84832953464193,0.0,52.71443159288735,16.051801471242296,40.970048534700545,32.55673340964594,35.50726610473288,24.912216469371128,62.245178812269515,50.75237472897103,53.098471026894295,37.64515706802651,13.954539860168076,40.4503330050411,32.58934350030076,64.32755765600956,26.191874180230403,63.55387684185181,15.757575161525331,31.57910586189105,28.951645405309943,8.126323713027539,51.16957685440927,41.138632359190694,67.19155531566463,74.44560550843454,45.09527719604493,12.336936269765927,47.33934035308324,37.68897063775574,43.87992857336081,40.52900960650951,48.707600695695376,42.59444808525318,36.907405528842204,70.3428769313114,40.78265640450388,82.75052177513874,41.224312488802695,33.708515913929844,46.84832953464193],
        [32.00646648911263,52.71443159288735,0.0,36.66263012164506,92.17212888439687,68.44443796141621,26.947741309006055,29.105003462761168,23.316153857242412,3.986224068139258,82.3750637038276,85.98602910358441,49.900068268273166,79.74825343863239,56.57158634718803,26.749056885050372,26.52255741265695,37.16496230697371,55.42411902994529,53.93989597329879,45.99525092841932,55.965908977245356,39.49614500504994,32.71937260627444,65.2996394978842,59.051399851830794,7.6191543968424185,40.37749532312143,54.3738841748214,86.32178538119348,54.0756216638366,13.343582769096876,34.75107314995492,10.119983507634174,81.72453742062191,43.04644073487609,55.594709291186334,45.87181242334663,74.11999008120489,39.89855252354895,32.00646648911263],
        [31.276280435593478,16.051801471242296,36.66263012164506,0.0,55.509498762751804,31.78180783977116,19.93521700568442,9.340167370322675,46.673129713221066,34.700573257728735,45.71243358218254,49.323398981939356,13.237438146628111,43.08562331698734,19.908956225542976,48.75550855696112,10.140072708988107,47.98182774280336,18.761488908300226,17.277265851653727,13.37959630626149,19.3032788556003,35.59752775536082,25.566583260142238,51.61950621661617,58.87355640938609,29.04347572480264,12.427221049798588,31.767291254034784,49.65915525954841,28.307879474312355,24.956960507461062,33.13555159664692,26.542646614010884,45.06190729897685,54.77082783226295,25.21060730545543,67.17847267609028,37.45735995955983,18.136466814881388,31.276280435593478],
        [60.16566239528423,40.970048534700545,92.17212888439687,55.509498762751804,0.0,23.727690922980646,65.22438757539081,63.067125421635694,68.85597502715444,90.21007202048054,12.128422492193753,6.186099780812453,42.272060616123696,12.42387544576447,35.60054253720883,65.42307199934649,65.64957147173992,55.00716657742315,36.74800985445158,38.23223291109808,46.176877955977545,36.20621990715151,52.67598387934693,59.45275627812242,26.87248938651267,33.475556973733994,84.55297448755445,51.79463356127544,37.798244709575464,5.850343503203392,38.09650722056026,78.82854611529999,57.42105573444195,82.0521453767627,10.447591463774959,49.12568814952077,36.577419593210536,46.30031646105023,18.052138803191976,52.27357636084791,60.16566239528423],
        [36.43797147230359,32.55673340964594,68.44443796141621,31.78180783977116,23.727690922980646,0.0,41.496696652410165,39.33943449865505,45.12828410417381,66.4823810974999,20.54173761724836,17.541591142168194,18.602193549477864,11.303815477216174,11.872851614228185,41.69538107636585,41.92188054875927,31.279475654442507,16.79915824812061,14.504541988117435,22.449187032996903,24.4304096966184,28.94829295636628,35.72506535514178,34.634821906018686,41.8888720987886,60.8252835645738,29.411905360396077,14.782606943437298,17.87734741977725,14.368816297579617,55.100855192319344,33.69336481146131,58.324454453782046,13.280099459205687,37.786143521665466,12.84972867022989,50.19378836549279,8.66757907915676,28.54588543786727,36.43797147230359],
        [11.341063429909056,35.50726610473288,26.947741309006055,19.93521700568442,65.22438757539081,41.496696652410165,0.0,10.595049635361747,26.737912707536644,24.98568444508973,55.427322394821545,59.03828779457836,22.952326959267115,52.80051212962634,29.62384503818198,28.820291551276696,22.003730125665605,28.04661073711894,28.47637772093923,26.99215466429273,19.047509619413262,29.018167668239304,15.6623107496764,5.771631297268385,38.35189818887814,38.93833940370167,19.328586912163637,32.36243805548301,27.426142865815347,59.37404407218742,27.12788035483055,13.604158539909179,13.200334590962502,16.82775780137188,54.77679611161585,34.83561082657853,28.646967982180275,47.24325567040586,47.172248772198834,12.950811214542895,11.341063429909056],
        [21.936113065270803,24.912216469371128,29.105003462761168,9.340167370322675,63.067125421635694,39.33943449865505,10.595049635361747,0.0,37.33296234289839,27.142946598844844,53.27006024106643,56.881025640823246,20.795064805512002,50.64324997587123,27.466582884426867,39.41534118663844,11.408680490303858,38.641660372480686,26.319115567184117,24.834892510537617,16.89024746565815,26.86090551448419,26.257360385038147,16.226415889819563,42.2793388462935,49.533389039063415,21.48584906591875,21.767388420121264,25.268880712060234,57.216781918432304,24.970618201075435,15.761420693664292,23.79538422632425,18.985019955126994,52.61953395786074,45.43066046194028,26.489705828425162,57.838305305767605,45.01498661844372,10.793549060787782,21.936113065270803],
        [15.396849277627588,62.245178812269515,23.316153857242412,46.673129713221066,68.85597502715444,45.12828410417381,26.737912707536644,37.33296234289839,0.0,21.35409699332609,59.058909846585195,62.669875246342,48.290638952101446,56.43209958138998,33.25543248994562,3.43290302780796,48.74164283320225,13.848808449731301,46.487603650744184,30.666072950378467,33.293533406959575,54.118855099241976,16.179991147807527,21.106546453078828,41.98348564064179,35.73524599458838,22.940214411249443,59.100350763019655,31.05773031757899,63.00563152395106,30.75946780659419,21.716169205760004,13.537578116574142,28.172204961893,58.408383563379495,19.73028687763368,32.27855543394392,22.555658566104224,50.80383622396248,28.536662898339678,15.396849277627588],
        [30.04440962519631,50.75237472897103,3.986224068139258,34.700573257728735,90.21007202048054,66.4823810974999,24.98568444508973,27.142946598844844,21.35409699332609,0.0,80.41300683991128,84.0239722396681,47.93801140435685,77.78619657471606,54.609529483271714,24.787000021134048,30.289269229984875,35.20290544305739,53.46206216602896,51.97783910938246,44.03319406450299,54.00385211332903,37.534088141133616,30.757315742358116,63.33758263396787,57.08934298791447,5.657097532926095,40.64797715980228,52.41182731090508,84.35972851727715,52.11356479992028,11.381525905180553,32.78901628603859,9.719831358675627,79.76248055670558,41.08438387095977,53.63265242727,43.90975555943031,72.15793321728856,37.93649565963263,30.04440962519631],
        [50.368597214714974,53.098471026894295,82.3750637038276,45.71243358218254,12.128422492193753,20.54173761724836,55.427322394821545,53.27006024106643,59.058909846585195,80.41300683991128,0.0,15.453313958867788,39.14393116672622,12.648138021853194,25.803477356639572,55.62600681877723,55.852506291170656,45.210101396853894,37.340895865368964,28.43516773052882,36.37981277540829,44.972147313866756,42.87891869877767,49.65569109755317,17.07542420594341,23.323663851996812,74.75590930698519,49.95364297764443,28.001179529006205,15.409500389138557,28.299442039991003,69.03148093473072,47.62399055387269,72.25508019619343,16.191065498052094,39.328622968951514,26.780354412641277,36.50325128048097,11.8741585380916,42.476511180278656,50.368597214714974],
        [53.97956261447178,37.64515706802651,85.98602910358441,49.323398981939356,6.186099780812453,17.541591142168194,59.03828779457836,56.881025640823246,62.669875246342,84.0239722396681,15.453313958867788,0.0,36.08596083531124,6.237775664952017,29.414442756396376,59.23697221853404,59.46347169092746,48.8210667966107,30.561910073639126,32.046133130285625,39.9907781751651,30.020120126339055,46.489884098534475,53.266656497309974,29.54639824763811,36.80044844040803,78.366874706742,45.608533780462984,31.612144928763012,0.335756277609061,31.91040743974781,72.64244633448754,51.234955953629495,75.86604559595024,4.261491682962505,42.93958836870832,30.391319812398084,45.10536470711223,11.866039022379521,46.087476580035464,53.97956261447178],
