{
    "drone_dist": [
        [0.0,2366.6882348001213,1690.0773633325641,2027.5768028628413,3423.858262147798,1283.4520948067245,1305.5980494247153,2197.9429497660453,2368.9398800107742,891.5335442000265,1255.2444786434478,4012.282412129445,2144.0085341317335,622.1398975115525,2123.34055728559,2190.6633709882467,3226.771613366181,2133.8583402923273,2850.6865475504283,855.7709809650049,1317.169594280708,3887.7625166048124,1992.8704109190596,2805.481528376175,1428.9500589674667,1306.470130258461,1822.7182521903906,1223.8031732736495,2224.564030818169,1780.4012316282017,1532.6001078529614,3927.0032385588734,1108.29334875404,2475.836978012314,2533.2219246798554,3932.7739309017275,1060.6827044691781,1098.0177470578674,3043.281448497074,3330.5363186737045,3888.45870155189,2686.716207382959,3299.1753153765894,3512.5099954080033,3768.607390042263,1235.1561679849433,1702.3560002993793,1013.3433360386215,1243.3404587909388,1853.0995268523195,1196.3438649858438,1431.4666241027414,1617.8870929797597,1469.312015023502,1693.7271490536273,3651.418573991961,2883.945177576983,1239.6937149048529,2833.7360534740474,2625.252571785968,2492.9470527568296,2124.6717529485186,1977.7550794199897,909.0041104786739,1816.2794319600803,1623.6014595296197,3478.3434071946845,2616.1593873326037,1844.4113413310959,703.3287391676254,0.0],
        [2366.6882348001213,0.0,3681.450541215414,1722.9883004346625,4284.608628175844,1351.6556766047904,1571.2865991786239,3464.8903295325363,4673.0083283246395,2031.8694279169347,1129.0605467540947,6318.385277670212,3948.039888379723,2790.2608887042593,3456.3124661764855,4235.999429181971,5234.221035324251,713.8588442797765,4735.19066426491,3197.7702698175085,3140.2805745534392,4576.357308098581,3317.6668585890234,4331.1564612533975,1642.0191286064828,1778.5084026042987,2844.5385079406606,3358.1782056163584,3037.417115550663,2613.046647428427,1204.6875096620083,6201.689753402301,3450.3137987943896,4806.906652209482,549.7632918333129,4644.780344270432,3108.794281970518,1873.247335157726,4073.3410580467826,5122.717742320735,4496.634723807169,2614.4449847514798,5612.797150430602,4923.457907151877,6062.998907832752,3389.58177195343,3727.289890102308,3365.340521166663,1130.8053563137373,3142.562629336918,1224.8721667912735,935.232035860456,1750.7315050534892,3417.3855239974746,3184.174882550429,4353.8895356371895,2813.2374532755052,1135.2404053476805,5172.894634685997,3701.9878800210863,4815.298726915159,3864.7681598900876,3729.3058767026514,1644.430902221479,2393.143591602263,3366.520983997789,5766.063021854888,4073.253421188724,2823.5345728963866,1926.5291727940419,2366.6882348001213],
        [1690.0773633325641,3681.450541215414,0.0,3714.0384875751397,4797.134380670245,2911.8089792790365,2979.6935795249897,3554.3123670763584,2368.643886203566,1650.2609946449695,2596.190887444965,3689.401907960928,3120.238702894513,1926.1651809382395,1043.9792854709935,554.5626979060885,3700.828548217468,3667.091531997151,3564.9218524174103,1095.7276906064149,551.8910801603178,5291.2716387119735,3362.756129304728,3876.637001373248,2146.874795855219,1980.4513285101818,3359.253503967939,2159.1884202803835,3762.7055214534544,3379.9847123657764,2527.181194847109,3726.733291103906,1022.361824214709,2315.8029103885833,4000.8900120140593,5323.248188165271,2210.4248384105854,2788.0917905753568,4382.241247222278,4063.390835041513,5322.899812266576,4355.93819577017,3044.214506634206,4560.448633804707,3520.7312173896844,504.9047410694823,73.58211132712727,1510.1433430038394,2612.8206767454,3273.3077223645823,2477.553176526296,2824.6172052212114,3307.024746881293,2529.0451511849683,3046.7429645480615,5068.905416308308,4544.606294314716,2606.993806968244,2535.9092430944884,4000.677577468403,2373.708221790615,3168.0479223189345,3052.7181751920316,2046.751533553269,3463.687848474836,460.3793379997188,3296.346509147883,3773.398669564206,1398.0561716981776,1776.6749359413786,1690.0773633325641],
        [2027.5768028628413,1722.9883004346625,3714.0384875751397,0.0,2568.517457271332,907.620107799983,747.8106918683542,1902.678417884941,3732.5341603680154,2389.6359607888985,1597.053511282942,5283.68866025485,2590.3578051999734,2039.1302624041227,3968.442250859864,4217.575680276595,3894.699425333627,1015.1287629354122,3343.8254586810726,2805.421638467687,3292.5587891141063,2854.0761805725297,1806.2753644420727,2781.8735369774945,2446.8027377781455,2473.9138701417314,1302.9864233384496,2382.952911033592,1376.5941300115303,1054.7730241967513,2124.3421875637455,5109.4979844167465,3033.7959833438163,3920.603858856622,1385.7756949172137,2922.1799195505396,2126.8196682730286,939.5763346327074,2386.6684590338136,3647.6065446522207,2777.3704946156768,941.7406845017274,4628.796883133258,3295.9728867271333,5014.386318251827,3261.201956440654,3728.9620543469414,2715.586963951302,1547.6737980297294,1651.8943097921417,1717.317768767362,1446.130709404456,416.3308673296298,2264.1074909333356,1790.1309815070251,2630.9098698657926,1157.9234176930925,1552.9873166516666,4285.487628182404,2047.8354623866885,3905.020518014811,2479.3687011313887,2372.7005720802545,2002.6008779109259,793.2580524168218,3591.466989169419,4718.746230858532,2517.567713137734,3489.5595715778436,2141.6465845383173,2027.5768028628413],
        [3423.858262147798,4284.608628175844,4797.134380670245,2568.517457271332,0.0,3148.476397619647,2884.507112819224,1249.427796790682,3343.0088176757254,4226.717820449479,3851.0065245232095,4291.2445735688925,1845.8173166102756,2928.4981224442217,5507.093790905012,5108.544540035625,2526.446214184012,3582.8822244767043,2036.9334292288095,3703.499326022808,4631.906532276508,500.4940440120689,1449.6506841410985,1232.312376442589,4569.545819368283,4520.827195854824,1650.435163914284,2653.7876738793875,1308.5021281564816,1798.0294609278055,4396.071811329318,4030.3339946484443,3794.7078795069365,3568.6439330359167,3941.862309522511,526.3816361445412,2588.295455939829,2726.3903445501614,422.0168004177413,1955.4701990967717,571.1830986284223,1814.6600430284643,3878.0663099501016,1125.2501054068912,4045.101074273501,4297.129626272296,4771.4008606798725,3303.9040779122743,3801.582974734466,1572.842736629754,3925.600485564482,3797.457594877449,2576.448043157143,2285.713330235258,1765.3761960620266,317.2959925014622,1701.319055907949,3804.529296087681,3816.6270388189814,805.0153267906696,3512.3394712801187,1746.316685598068,1815.2850013276995,4000.728140496396,1943.8981944879813,4922.2123445839,3816.414767455753,1156.720485929367,5266.489400896538,3973.889630594778,3423.858262147798],
        [1283.4520948067245,1351.6556766047904,2911.8089792790365,907.620107799983,3148.476397619647,0.0,264.1829279200431,2173.291248785249,3394.5493902194644,1488.4672503219003,730.6435691912043,5025.462968450992,2597.6722489287813,1527.5176844254438,3076.1029082484356,3440.61649584011,3882.9017616929636,893.9331513506039,3384.737422202216,2130.2104167986945,2449.308330393283,3517.007811126999,2007.8633154199756,3015.9446270706935,1556.8400419064626,1571.9630086849543,1570.2175696437293,2045.8329368111963,1843.6650387119505,1367.5542444168818,1280.5290976136414,4892.168744515059,2378.365542532832,3548.6363911513386,1330.459965529595,3578.484650971051,1788.3509715231562,523.4118424514372,2871.662826570017,3780.398697864479,3467.3627379223312,1795.4936945353006,4330.355787527765,3642.7887625693893,4764.487038552327,2497.3006865214566,2936.043715353991,2170.283505987526,679.606790160504,1830.7330873698775,834.8938150168634,649.0006762929642,620.1681304315043,2072.802461510316,1845.2606603299348,3280.51251888053,2014.6693890563038,683.8772238630115,3918.77955256949,2469.699289026043,3548.7637932015596,2516.9381762594485,2379.751799995998,1095.0896609353124,1206.4082295454903,2739.1348577948484,4465.95059680072,2764.5538968535816,2582.937448895708,1247.5917632871842,1283.4520948067245],
        [1305.5980494247153,1571.2865991786239,2979.6935795249897,747.8106918683542,2884.507112819224,264.1829279200431,0.0,1919.2837984724695,3266.7918593595546,1656.0166779150945,983.1886673394505,4881.9739001952,2382.3224943866476,1437.5906489889837,3224.741242099004,3493.3548343373222,3679.0461647955135,1031.4634352648386,3168.8852108168,2121.963083366265,2546.9874726916723,3255.6305795390467,1758.9849248946541,2770.4388766870625,1787.2911441402543,1788.1735787899986,1311.1021542710107,1904.9466655945894,1579.4829052173302,1104.4396529614662,1534.3847918765277,4737.6741909115235,2362.2284622561756,3431.9816233584033,1478.912993705841,3316.6699779419905,1643.3167835646366,327.1397595320658,2608.142249523552,3551.4311744750835,3207.9016808507895,1576.7669640971794,4195.599579406474,3388.2470372658927,4618.025172357969,2539.735180434375,2997.823971038384,2103.950442380926,932.3747826833903,1582.2523210300596,1078.1517197608312,913.0991916490982,389.84050879317704,1892.7172626570875,1612.908465176738,3018.6902202076817,1794.3982920101532,936.1727322181196,3802.2904260862647,2207.5333317641753,3427.3222942195757,2295.607171403417,2162.308930005468,1289.822657201884,943.3547934530308,2844.762703080616,4319.267461793834,2516.4124928108454,2763.7162910390157,1402.6797184050708,1305.5980494247153],
        [2197.9429497660453,3464.8903295325363,3554.3123670763584,1902.678417884941,1249.427796790682,2173.291248785249,1919.2837984724695,0.0,2378.6472244541756,3035.03767898334,2804.1332544409247,3668.556990866493,881.2112573797068,1680.500461614837,4260.626852612374,3886.1088905653064,2072.7329341637023,2825.9652709325105,1504.463064097046,2459.0119370402085,3382.9417925217194,1738.2247437064286,205.07974878558608,881.0556124717639,3435.422602230558,3366.4464940538846,621.8768544639539,1434.8244520499918,613.0559270835142,863.5245203289744,3324.4300094065416,3448.955197211278,2562.3209493799095,2603.2175835191583,3248.3437042000364,1773.049716029105,1343.9184638571978,1676.9050866459927,849.2464721981862,1751.2356012165446,1769.5051158531635,1608.8978443872436,3110.5438603751154,1469.4975473844308,3400.979769804923,3052.3958616816103,3530.916858709359,2075.4893615533947,2758.456837554958,362.78395953726874,2854.6788602067613,2801.1717917041283,1724.0350735107925,1079.2038202501985,516.4455131972387,1514.620187477742,1654.342109513191,2760.1584219853257,2913.757415931527,446.6664957641293,2560.18281520302,752.0972701051314,732.9390030342902,2856.5128531739956,1113.685169134274,3672.7906940201947,3126.1346458551466,617.2179631009444,4041.792613397918,2791.656248795262,2197.9429497660453],
        [2368.9398800107742,4673.0083283246395,2368.643886203566,3732.5341603680154,3343.0088176757254,3394.5493902194644,3266.7918593595546,2378.6472244541756,0.0,3113.9521056836143,3606.066553008213,1647.9648388804133,1531.1834358059618,1883.4931086550794,3397.4793327228226,2352.6488152385987,1402.7126323615953,4283.923365440054,1479.5000271722256,1735.6002326375851,2603.3036107274247,3823.5401499192226,2288.6875090626363,2137.3530484692874,3717.8102178173253,3566.3830099212437,2640.7863246214656,1364.6641515070392,2910.579081887887,2828.2112475257213,3893.081631548737,1560.3906779871252,1565.9815111658659,227.228186842369,4724.7681457883145,3826.2890932539062,1626.9162078901095,2942.585092660402,2941.8492932455447,1905.9099887930454,3913.650598335317,3861.6998751220463,939.8028530782625,2654.6679225184835,1399.976777655505,2060.728104407675,2304.736420202958,1368.6913804844842,3586.8415461696127,2335.2047179338947,3560.439746958553,3753.921228080661,3362.043816856803,1488.2595982484686,2094.522730392002,3659.186160855562,3962.028612205755,3584.079811979593,557.4970932673189,2719.3856645213864,182.57246664482545,1651.696609251876,1645.845869367913,3264.9115110498933,3059.6545345291834,2750.23994538596,1109.7530481904892,2188.2032315061874,3573.0933261372406,3018.5562640356065,2368.9398800107742],
        [891.5335442000265,2031.8694279169347,1650.2609946449695,2389.6359607888985,4226.717820449479,1488.4672503219003,1656.0166779150945,3035.03767898334,3113.9521056836143,0.0,979.0709527634907,4720.336667017341,3035.5245023066427,1512.2163849011945,1592.4252933726257,2204.6504310795194,4092.2119348791034,2085.314770954719,3736.227488427364,1399.4790087197146,1109.0178832058848,4669.196296134566,2831.7238894721336,3688.6000120587996,608.2509422958068,452.43447443330126,2583.967225045998,2100.693292009773,2965.5051398703317,2485.2675881357645,896.7223035370704,4668.033718431431,1621.2908191481283,3181.544642372284,2377.1726723596876,4719.725962008213,1951.4039083701136,1615.2875447943227,3866.492262005663,4219.627242142335,4653.88227202468,3219.766735122085,4009.934687987462,4392.725011519364,4493.253630446476,1402.4592272804018,1697.8297891744542,1755.1886254771287,1005.8099046445875,2678.2028702609578,849.7784664078957,1211.3064337826352,2041.7526888929865,2360.5749337776892,2548.051995049993,4429.79916840694,3433.8701637940403,999.5768267297502,3515.2185108954172,3443.9817496150135,3211.371362635276,3014.7816193260783,2867.391695636406,427.0962396619583,2447.4281804809775,1350.1862748062229,4214.492618819475,3490.759698320723,1110.7937606849987,262.21540216729096,891.5335442000265],
        [1255.2444786434478,1129.0605467540947,2596.190887444965,1597.053511282942,3851.0065245232095,730.6435691912043,983.1886673394505,2804.1332544409247,3606.066553008213,979.0709527634907,0.0,5253.683021321333,3088.1231091337795,1746.99281550984,2539.4076986763034,3148.7694365599073,4313.561931564969,1109.2735210373191,3861.6771070357922,2071.260473910577,2071.976768513198,4234.745205511814,2621.412990284327,3602.1277816060237,854.2311608334633,904.7613445386002,2232.4092230138094,2349.3924208753415,2542.5044360452075,2054.813222361636,551.1961301406185,5155.318226497269,2323.0972778367923,3724.3188227429164,1405.6302747969148,4294.729670469377,2120.6685056643964,1135.335734296968,3552.6238394386837,4297.025374565183,4189.798391146044,2515.166639944542,4542.435995296622,4262.907907608866,5004.96676734451,2272.0188438672944,2636.256855457083,2266.40257768588,51.03678553910895,2446.493170905372,135.76345318668746,232.26212817698664,1350.4242512841952,2479.8506946354687,2408.7928832382486,3996.887017719122,2734.5462149796194,47.01774073827879,4085.3486567850646,3140.1763566068266,3738.1525452132187,3027.9565182836136,2882.215375759541,555.5636149787298,1921.064203853317,2326.7274027002522,4711.308210110719,3363.984720153739,1976.193103192018,819.9322176888898,1255.2444786434478],
        [4012.282412129445,6318.385277670212,3689.401907960928,5283.68866025485,4291.2445735688925,5025.462968450992,4881.9739001952,3668.556990866493,1647.9648388804133,4720.336667017341,5253.683021321333,0.0,2796.773051726716,3528.1377671152886,4726.468789387709,3467.6965071600875,1769.0558269317087,5908.341956985779,2270.1635042165613,3321.9692487541374,4055.6539544648062,4696.279937127963,3644.7295561405144,3090.4626147586773,5328.248685195738,5171.034969345656,4083.2300108433715,2980.442374522522,4267.492892491235,4302.587416664756,5527.94388338394,282.8033762941021,3115.3621634529054,1542.3574007851637,6352.58090761377,4674.848006876831,3240.2861874293108,4555.1925661228115,3964.4192560848637,2380.662923283931,4821.501362428881,5262.296970292046,713.6773723893778,3292.019228904061,270.43019998474244,3519.506814275755,3616.9777680880597,3003.4878280012567,5234.729443437585,3740.9972409865145,5206.342633993254,5401.559825905148,4939.008707026805,3023.0851519632397,3536.5212402886586,4597.834228820265,5322.276343608817,5231.945418061575,1208.1679325342097,3887.5228688231427,1520.0892620575285,2924.9143856119763,2985.4646878574836,4900.116872335212,4554.368642802762,4130.086742573267,565.308431584681,3259.700765416331,5031.64676460414,4645.5641916471905,4012.282412129445],
        [2144.0085341317335,3948.039888379723,3120.238702894513,2590.3578051999734,1845.8173166102756,2597.6722489287813,2382.3224943866476,881.2112573797068,1531.1834358059618,3035.5245023066427,3088.1231091337795,2796.773051726716,0.0,1525.9542466515845,3975.8309167627385,3350.862074988509,1309.9270181950735,3389.4095369766565,787.1515273518935,2077.9973686247167,3081.0244037310235,2340.3334796646136,849.4133799440779,757.1106059189214,3543.9024890077767,3438.0898743317257,1314.3176655542652,1002.3220307848359,1470.9227861216261,1551.3057709867192,3542.0990050289815,2586.3357826648894,2098.3178156607505,1758.3001158426487,3833.0054527383677,2352.7965809061957,1087.802632767169,2074.906609399736,1431.3222473112596,1211.081083837761,2415.529326959252,2465.8232653193927,2229.342983166367,1446.6052568754487,2527.832315883644,2647.953325264765,3081.5193342525818,1618.4313274462975,3050.7255701181216,961.3500154515282,3101.2099621907523,3149.2600117139955,2312.015953591762,678.1843000935768,802.0525132683539,2156.74612745483,2528.1300840839103,3050.6307792520333,2048.990428743087,1188.499660057949,1709.1792037866303,129.21237645009597,221.52207570675648,2978.1604198099003,1813.424695846741,3338.0823678495567,2248.911052303531,699.606897453221,3892.2012207714597,2832.2992065076337,2144.0085341317335],
        [622.1398975115525,2790.2608887042593,1926.1651809382395,2039.1302624041227,2928.4981224442217,1527.5176844254438,1437.5906489889837,1680.500461614837,1883.4931086550794,1512.2163849011945,1746.99281550984,3528.1377671152886,1525.9542466515845,0.0,2580.4435951646387,2336.0917277883623,2617.6889506853295,2421.4454331413986,2229.3064013226785,853.5841296775986,1704.0782695157836,3410.804259149398,1478.8627903457768,2207.467188999561,2045.2744632193244,1927.32448113286,1433.406147461388,615.5713760229584,1836.544281384925,1470.0432908667628,2109.4638840750385,3416.2171476036974,1038.0933555994925,2026.1090020669228,2855.305087663895,3449.293248582412,439.2777796076695,1133.707089806826,2528.481295336682,2708.4094169514765,3428.7550387261003,2495.784689547333,2823.218161220101,2917.181809225437,3273.457346686377,1422.4261566931448,1914.786266871652,676.9774106292078,1722.5047510401716,1366.7706472942668,1719.7827654612786,1877.925831171723,1628.4748610233853,848.9816483853632,1164.1001791153406,3180.766920879678,2667.318896296129,1720.3764456080478,2395.345944164143,2123.5224452963566,2030.0232847176162,1513.2485388214257,1368.2991644784427,1503.2385924991363,1590.9549722923382,1997.7738412721098,2977.1429172698186,2033.8037802795227,2399.9018424299284,1322.1463911718051,622.1398975115525],
        [2123.34055728559,3456.3124661764855,1043.9792854709935,3968.442250859864,5507.093790905012,3076.1029082484356,3224.741242099004,4260.626852612374,3397.4793327228226,1592.4252933726257,2539.4076986763034,4726.468789387709,3975.8309167627385,2580.4435951646387,0.0,1339.9484437868007,4694.316321206774,3645.2634805742064,4506.861472646799,1900.8343329245627,895.2158240338335,5984.729277075275,4058.191551399084,4717.808786618982,1814.563128081321,1687.2542135878366,3942.335592001393,2976.6129753195205,4346.098394301817,3902.5831797347164,2253.726151714958,4769.489529409365,1932.280929784426,3355.4159007272624,3885.4218341090027,6025.477232282345,2956.8330882436785,3130.1992740082424,5108.9209540997535,5010.045123360061,5994.9950886438155,4754.571538078335,4087.5926666965092,5420.757346373603,4562.6394604605575,1373.2315649013337,1114.3582814149768,2370.867138046473,2573.7780083607868,3937.7952643318727,2404.174607809992,2766.5865725359386,3601.0211704523745,3330.6833962673686,3744.3820378480627,5751.7966897018505,4962.230084160204,2567.458908243315,3579.8275442947806,4702.197074605374,3411.788460260471,4002.2209468663464,3871.768644890611,2010.7692696623062,3921.1621646919366,657.8430805572733,4340.250130959024,4578.8522820142325,657.615746312382,1828.8651877004177,2123.34055728559],
        [2190.6633709882467,4235.999429181971,554.5626979060885,4217.575680276595,5108.544540035625,3440.61649584011,3493.3548343373222,3886.1088905653064,2352.6488152385987,2204.6504310795194,3148.7694365599073,3467.6965071600875,3350.862074988509,2336.0917277883623,1339.9484437868007,0.0,3743.323601364602,4213.249324799845,3691.09793914903,1482.508846682694,1101.4797288111463,5607.760183517114,3704.8587801663652,4104.388048596808,2691.200328126276,2526.3462164529187,3759.7094799620672,2455.8109215561703,4156.138711415765,3805.934952291157,3078.4337699618386,3544.6953063294236,1329.1082515731005,2249.028628967667,4552.557033876926,5634.092353560527,2555.5563584588735,3282.760576914821,4688.112680258162,4174.71416590406,5651.702799471535,4813.904596342007,2879.3013241848016,4760.744846217113,3331.8786828849297,956.5879865799049,512.9320676079491,1810.7262692725674,3164.529398467066,3634.8345651198783,3031.0934996493006,3376.4412956921983,3805.833229335283,2822.8461498726397,3394.674888811181,5393.837111318766,4994.502596534777,3158.7512662971208,2395.347815681876,4327.744167281619,2314.9452052113797,3416.4630362857265,3316.6957678359813,2600.592517671075,3912.668279709656,939.7173745236769,3141.5536709403455,4032.640650644885,1840.9685120850406,2328.8922772941205,2190.6633709882467],
        [3226.771613366181,5234.221035324251,3700.828548217468,3894.699425333627,2526.446214184012,3882.9017616929636,3679.0461647955135,2072.7329341637023,1402.7126323615953,4092.2119348791034,4313.561931564969,1769.0558269317087,1309.9270181950735,2617.6889506853295,4694.316321206774,3743.323601364602,0.0,4694.767591989448,568.903818504481,2865.158819113716,3842.191343220051,2927.4383362747617,2109.843984950088,1355.500573244372,4655.509832265826,4527.974742507686,2602.7211663694607,2004.1969922368962,2685.2977134552093,2846.486072639985,4721.771018372534,1504.298778158649,2773.0937748214988,1556.067285859033,5139.680824800595,2906.851076338664,2202.4441265995783,3364.142628658619,2217.452000353677,631.7891076970715,3052.505226402655,3675.8435171156434,1464.0831702970222,1536.565688917394,1532.4296405972245,3323.048292716371,3642.9471078061124,2404.9428587272614,4280.8174924022405,2248.452675630614,4308.610809620605,4400.145611508558,3621.8694257376533,1834.7060606901414,2111.1643269622855,2830.520537160383,3699.563180555926,4279.935704334401,1612.3034842402851,2198.0348663681675,1485.2291656884138,1415.8168775278896,1531.041376834081,4120.921901729498,3110.032774200932,4036.7644880917696,1336.852849194109,1561.0091853790957,4768.80474740547,3929.574873947793,3226.771613366181],
        [2133.8583402923273,713.8588442797765,3667.091531997151,1015.1287629354122,3582.8822244767043,893.9331513506039,1031.4634352648386,2825.9652709325105,4283.923365440054,2085.314770954719,1109.2735210373191,5908.341956985779,3389.4095369766565,2421.4454331413986,3645.2634805742064,4213.249324799845,4694.767591989448,0.0,4171.725614876236,2989.4978096260656,3160.423517482062,3864.989570680391,2695.185847636167,3703.418002510202,1889.6625371151413,1979.8814750476051,2204.6741364475474,2928.2519302195483,2359.2238812911687,1963.4858825035567,1473.0254466526073,5767.671154952022,3241.395831526962,4441.041482884194,447.67825002307865,3933.7946749484504,2668.05739616038,1358.0913355340294,3387.600252241481,4528.702362897829,3783.742812104664,1901.5262323720515,5217.4292809224025,4265.927745551201,5645.521184675281,3297.9965114213505,3701.0093751980557,3060.219376175267,1079.6828439900503,2524.6565380859342,1243.0782504890728,879.2933740599981,1103.4001048519463,2923.6711068503455,2600.0217048222185,3644.0378020237063,2102.2845425747887,1085.941795285264,4811.334978513082,3029.5274515936935,4440.094410718243,3294.8144393863604,3168.014574590935,1658.652172808125,1726.7378532509058,3426.0666694999436,5346.764576328898,3441.4712253009234,3064.038222218942,1901.8530614065871,2133.8583402923273],
        [2850.6865475504283,4735.19066426491,3564.9218524174103,3343.8254586810726,2036.9334292288095,3384.737422202216,3168.8852108168,1504.463064097046,1479.5000271722256,3736.227488427364,3861.6771070357922,2270.1635042165613,787.1515273518935,2229.3064013226785,4506.861472646799,3691.09793914903,568.903818504481,4171.725614876236,0.0,2621.359338224702,3626.6026695768824,2472.922207612943,1548.1902357089102,820.4150912650473,4272.765977607699,4156.626308741852,2045.5983010134034,1638.7740052120917,2116.7147581361737,2291.4621447864374,4299.818319917759,2021.2894138425065,2576.6129488062784,1682.9766021837568,4613.7797105614845,2461.6404878272156,1794.742763578389,2862.048836959165,1694.9822961826394,503.5321236144133,2586.177382196563,3106.968063078579,1846.956894671045,1183.801631555664,2016.479925220147,3138.7220374889675,3514.675079992186,2148.0358882454434,3825.7436306889144,1692.826495297849,3868.468996179905,3930.5455081621717,3086.462239719695,1396.9404977938952,1573.8008115613575,2349.8262687598253,3132.228003046315,3825.393002586424,1852.5719510140098,1639.0253907303775,1616.1295573794523,876.9900466423815,1006.5765711614965,3718.691261981348,2554.97560795192,3852.082939660021,1779.9591621185934,1002.3639307282382,4507.069909727858,3551.2964983257557,2850.6865475504283],
        [855.7709809650049,3197.7702698175085,1095.7276906064149,2805.421638467687,3703.499326022808,2130.2104167986945,2121.963083366265,2459.0119370402085,1735.6002326375851,1399.4790087197146,2071.260473910577,3321.9692487541374,2077.9973686247167,853.5841296775986,1900.8343329245627,1482.508846682694,2865.158819113716,2989.4978096260656,2621.359338224702,0.0,1009.4340871645898,4196.568887232979,2267.0318299725113,2826.0024151425723,2007.7290730585137,1849.2367670137712,2281.202918822793,1086.335059849494,2680.9222389537094,2323.491681979248,2239.70423497456,3277.1158563722015,253.6722801677095,1786.6282173328011,3387.587781802646,4229.3126436708035,1115.4586625735633,1867.1190099477374,3290.2073152772655,3124.6900201453645,4227.242875907559,3339.7498604758985,2613.048668843335,3524.446737463842,3098.106609507942,593.6351779707618,1075.553834451363,473.582973803178,2067.0348681187206,2179.17756957012,1991.1199336466839,2265.821827691989,2389.114336945535,1450.9716778998118,1951.0435094129405,3973.488631602767,3516.1728128093937,2062.676667599755,2115.9174924673944,2905.523613740934,1819.9242208291864,2110.828971149579,1986.1429507837713,1623.6679089786749,2435.9678076653536,1260.2255942638126,2823.485811768424,2702.76463146302,1903.6761203096066,1350.086549774193,855.7709809650049],
        [1317.169594280708,3140.2805745534392,551.8910801603178,3292.5587891141063,4631.906532276508,2449.308330393283,2546.9874726916723,3382.9417925217194,2603.3036107274247,1109.0178832058848,2071.976768513198,4055.6539544648062,3081.0244037310235,1704.0782695157836,895.2158240338335,1101.4797288111463,3842.191343220051,3160.423517482062,3626.6026695768824,1009.4340871645898,0.0,5114.85436740513,3182.3551455298475,3822.6297312896886,1595.2355133166386,1428.602289356836,3100.7288627404014,2081.4059478757435,3506.793851915753,3084.7155642997495,1976.9704674565314,4062.0326075248954,1069.370399568921,2595.019698229606,3477.249177296677,5153.299978658872,2066.191214219538,2393.333607193797,4228.909328591689,4130.134534347342,5131.308761273648,4001.5359243312664,3378.3310134202075,4525.6138142969485,3864.4330171255633,544.5759498545754,608.973400180813,1482.0543445273393,2092.242015753691,3069.570345089833,1948.8244903492637,2302.847162796773,2897.68186952499,2436.0498928985144,2866.621915008411,4884.416394416742,4200.44811520517,2086.241517359295,2864.737892212138,3827.1147921194815,2643.9985449205515,3107.020064137291,2976.866938238465,1517.6631814264551,3132.8683817277333,306.4511345826642,3617.4569172170486,3685.4140087272913,978.6592042951829,1258.9113255072139,1317.169594280708],
        [3887.7625166048124,4576.357308098581,5291.2716387119735,2854.0761805725297,500.4940440120689,3517.007811126999,3255.6305795390467,1738.2247437064286,3823.5401499192226,4669.196296134566,4234.745205511814,4696.279937127963,2340.3334796646136,3410.804259149398,5984.729277075275,5607.760183517114,2927.4383362747617,3864.989570680391,2472.922207612943,4196.568887232979,5114.85436740513,0.0,1934.6431718825809,1693.8380963958018,4983.328852728314,4944.0655038987115,2085.2880499299786,3152.4044983590957,1712.2099282406807,2203.2649315292656,4784.381435716059,4428.505459122412,4291.992207653474,4047.973618173302,4192.758438654178,73.4547447725891,3081.121887955522,3128.7183186500715,922.5032690331262,2325.7667381137344,153.957582818231,2005.6808069201572,4319.87909615496,1432.712882624167,4458.068136737889,4790.1251594196765,5266.5851177457225,3801.72157630937,4184.4605346013805,2046.999965378559,4317.901697473229,4162.676485903197,2921.0549443895325,2784.9716616478377,2251.552883363869,239.98541735084814,1848.3459017562186,4187.848145869182,4284.446186228601,1291.575581240108,3990.0401811974725,2243.6038336471615,2315.1979422384798,4422.480604332013,2313.7427297959334,5407.550809225524,4242.55625162756,1645.69493654044,5725.148955922182,4412.929275453123,3887.7625166048124],
        [1992.8704109190596,3317.6668585890234,3362.756129304728,1806.2753644420727,1449.6506841410985,2007.8633154199756,1758.9849248946541,205.07974878558608,2288.6875090626363,2831.7238894721336,2621.412990284327,3644.7295561405144,849.4133799440779,1478.8627903457768,4058.191551399084,3704.8587801663652,2109.843984950088,2695.185847636167,1548.1902357089102,2267.0318299725113,3182.3551455298475,1934.6431718825809,0.0,1013.4922572633463,3238.162336097728,3166.7803426577125,503.4009621617444,1263.0346821316944,629.1358260340646,751.903695581875,3136.1207169624563,3435.7455072401767,2378.071985054091,2510.0221344682604,3124.9919108043023,1971.392871810143,1154.2557518946187,1502.040953526572,1053.4161131898143,1844.3801553965686,1960.4420826756657,1617.7507033513257,3061.0109741128636,1642.4679822661114,3375.334832038955,2859.734622742769,3340.8881794554864,1894.6656408578715,2576.5597107027615,177.16601413355014,2667.839241214269,2627.0890739557235,1592.0536706768687,920.1530078964411,316.99475129456,1707.9608257241428,1689.4406063426154,2578.04458092924,2833.672315843806,644.7597176287244,2471.1754100520434,723.1920852671894,664.2353469433964,2658.77486847563,1013.2567127429796,3473.50217174173,3093.7042023944027,757.4337509472131,3836.7185994079923,2589.4145008846895,1992.8704109190596],
        [2805.481528376175,4331.1564612533975,3876.637001373248,2781.8735369774945,1232.312376442589,3015.9446270706935,2770.4388766870625,881.0556124717639,2137.3530484692874,3688.6000120587996,3602.1277816060237,3090.4626147586773,757.1106059189214,2207.467188999561,4717.808786618982,4104.388048596808,1355.500573244372,3703.418002510202,820.4150912650473,2826.0024151425723,3822.6297312896886,1693.8380963958018,1013.4922572633463,0.0,4154.893655915717,4064.993335695173,1499.2620726445716,1741.7634483437625,1443.9923049468218,1743.7259514654343,4097.8077888415255,2839.727201559979,2854.424043208307,2359.7221004175976,4128.365396451044,1692.2593449536087,1783.8875487022833,2502.9182458675923,874.8564834431733,903.5737635966548,1794.645847524074,2389.868627227622,2647.9219447498076,710.0227876372709,2836.7246593982404,3401.472487662171,3838.388652232802,2371.8983509862283,3559.4323562149198,1189.0532398508515,3636.9935090445524,3624.2603429499572,2600.2117258235617,1390.0376910783173,1193.7260858157392,1548.839082811889,2385.462828382456,3560.4092589744037,2590.6671867575833,861.8896400836404,2300.1522943355644,715.7119914021422,848.4882270718034,3577.5681341462305,1994.6198474928426,4085.851830579711,2596.2947960966217,264.3079467272376,4602.8234355675,3466.566941251277,2805.481528376175],
        [1428.9500589674667,1642.0191286064828,2146.874795855219,2446.8027377781455,4569.545819368283,1556.8400419064626,1787.2911441402543,3435.422602230558,3717.8102178173253,608.2509422958068,854.2311608334633,5328.248685195738,3543.9024890077767,2045.2744632193244,1814.563128081321,2691.200328126276,4655.509832265826,1889.6625371151413,4272.765977607699,2007.7290730585137,1595.2355133166386,4983.328852728314,3238.162336097728,4154.893655915717,0.0,169.48613433563708,2921.071907567683,2652.682716484974,3272.183199588674,2780.326175256765,440.0230620315108,5273.873635441375,2228.137308986189,3788.7979214369657,2082.2471991701495,5039.267998838314,2478.050202118706,1856.1559702399088,4237.401762610861,4745.0995844285135,4951.393383898148,3352.33234614749,4617.494349615909,4847.413924436439,5100.289543249415,1972.6201329393073,2203.7613606028767,2354.2502712973787,901.8547757672852,3072.8011643642612,729.5946805342786,1045.1022648422702,2171.629920391096,2880.4559200598005,2979.3267474247345,4743.543285335923,3571.504585393877,896.2404318507802,4123.4156278490545,3815.900515460495,3817.87746317828,3509.87269411277,3361.195781644586,579.7658846293076,2688.798903172016,1774.5399283967606,4820.492143536714,3939.7474494633834,1191.209540974102,725.9557830330905,1428.9500589674667],
        [1306.470130258461,1778.5084026042987,1980.4513285101818,2473.9138701417314,4520.827195854824,1571.9630086849543,1788.1735787899986,3366.4464940538846,3566.3830099212437,452.43447443330126,904.7613445386002,5171.034969345656,3438.0898743317257,1927.32448113286,1687.2542135878366,2526.3462164529187,4527.974742507686,1979.8814750476051,4156.626308741852,1849.2367670137712,1428.602289356836,4944.0655038987115,3166.7803426577125,4064.993335695173,169.48613433563708,0.0,2870.4058098910186,2528.6744946093745,3231.883876701578,2741.7355756441607,574.9180393597475,5120.250149517057,2066.1673372313726,3633.15060474156,2198.649357877786,4998.403629113118,2363.6516527164995,1827.0039955525624,4179.33438575356,4633.701191921465,4917.1824278486365,3362.73709716446,4461.194350454744,4762.260720069874,4944.952223564523,1803.3476559253409,2036.6576471302722,2206.6210000311253,948.3208969293905,3004.7702095938166,771.8865643525105,1114.5661662623313,2176.6971175640488,2769.382881439246,2899.220072692084,4704.085581631767,3581.1664219818517,942.2833720108896,3965.105009162185,3756.7895855448924,3663.41178989194,3408.901775854754,3260.476672623688,521.6626822001565,2665.524363220556,1614.6327269192668,4666.674840181556,3855.566674344399,1084.3714525583828,606.2318209258636,1306.470130258461],
        [1822.7182521903906,2844.5385079406606,3359.253503967939,1302.9864233384496,1650.435163914284,1570.2175696437293,1311.1021542710107,621.8768544639539,2640.7863246214656,2583.967225045998,2232.4092230138094,4083.2300108433715,1314.3176655542652,1433.406147461388,3942.335592001393,3759.7094799620672,2602.7211663694607,2204.6741364475474,2045.5983010134034,2281.202918822793,3100.7288627404014,2085.2880499299786,503.4009621617444,1499.2620726445716,2921.071907567683,2870.4058098910186,0.0,1433.4963444361483,406.2048541450263,248.54056880416582,2767.5836017323663,3886.610440019654,2438.3348239624006,2852.6023866426654,2629.394768307503,2135.892377630817,1242.9627096652691,1097.1083034665105,1322.804152488334,2346.9755690302045,2073.9694434431176,1222.4682257930615,3469.8692118119766,2081.838975416939,3812.858491682515,2855.8143337906104,3348.1510603694833,1988.6063599779873,2184.7277161056045,354.6692292882789,2295.545508343183,2209.1999787333593,1102.2346970289072,1169.4628389988547,551.4125037155811,1846.0408104044939,1340.05378977232,2187.0167109396475,3196.4164139583277,907.7744330099727,2822.233635404317,1195.3707745294173,1106.3988507091562,2350.521173995421,510.3780303732112,3402.9774921144785,3524.6251921267444,1236.8442290456726,3645.974092437434,2328.269505581272,1822.7182521903906],
        [1223.8031732736495,3358.1782056163584,2159.1884202803835,2382.952911033592,2653.7876738793875,2045.8329368111963,1904.9466655945894,1434.8244520499918,1364.6641515070392,2100.693292009773,2349.3924208753415,2980.442374522522,1002.3220307848359,615.5713760229584,2976.6129753195205,2455.8109215561703,2004.1969922368962,2928.2519302195483,1638.7740052120917,1086.335059849494,2081.4059478757435,3152.4044983590957,1263.0346821316944,1741.7634483437625,2652.682716484974,2528.6744946093745,1433.4963444361483,0.0,1788.597653023528,1566.987972277886,2724.8970737011928,2847.7741568230967,1143.9210213252695,1541.2661936884047,3372.1474714714814,3179.8252486630167,262.28912666792746,1579.4762592106956,2234.4073040710937,2129.825367748491,3196.19290867894,2632.4008928357875,2290.6751988200986,2444.3506248065014,2718.747432897671,1670.3650132570394,2127.9144589512925,651.9646509242906,2321.99583410042,1221.1695240789043,2329.259021770885,2465.7451731681663,2002.233368758837,370.4070187079523,967.2493254918769,2938.0904855679323,2768.3449955049296,2320.2858068889805,1909.25674443939,1873.1332786994103,1530.3666478846735,1026.0573811379948,899.8136540275559,2117.7860708331737,1765.9218998956808,2344.779720058802,2420.1586010523533,1617.5975336520594,2896.3377163405344,1927.1198390041145,1223.8031732736495],
        [2224.564030818169,3037.417115550663,3762.7055214534544,1376.5941300115303,1308.5021281564816,1843.6650387119505,1579.4829052173302,613.0559270835142,2910.579081887887,2965.5051398703317,2542.5044360452075,4267.492892491235,1470.9227861216261,1836.544281384925,4346.098394301817,4156.138711415765,2685.2977134552093,2359.2238812911687,2116.7147581361737,2680.9222389537094,3506.793851915753,1712.2099282406807,629.1358260340646,1443.9923049468218,3272.183199588674,3231.883876701578,406.2048541450263,1788.597653023528,0.0,492.1696848885832,3087.946942759195,4053.3956699714013,2831.0811853202936,3129.8134787770073,2757.243185486271,1767.223262509026,1620.1520545566912,1420.8121419500733,1038.8908737133556,2339.3616544557385,1689.0657729571215,998.0942061351061,3689.892659910906,1919.4546271089964,3998.7099012228778,3258.7469933166362,3750.5521925171543,2371.9732123195636,2493.090602104654,583.4360073178684,2617.9450173791856,2492.415994244759,1294.2807357379234,1487.5162311512354,838.2474821416207,1472.2421713052092,1060.3613841826934,2496.0299063147468,3458.7679074925427,672.04885529429,3093.1491731544616,1342.5859773743275,1293.0656212872257,2710.2810275758216,649.4577402809385,3809.154724758838,3719.28747781983,1184.1089783267494,4038.8955569520435,2707.0316612370793,2224.564030818169],
        [1780.4012316282017,2613.046647428427,3379.9847123657764,1054.7730241967513,1798.0294609278055,1367.5542444168818,1104.4396529614662,863.5245203289744,2828.2112475257213,2485.2675881357645,2054.813222361636,4302.587416664756,1551.3057709867192,1470.0432908667628,3902.5831797347164,3805.934952291157,2846.486072639985,1963.4858825035567,2291.4621447864374,2323.491681979248,3084.7155642997495,2203.2649315292656,751.903695581875,1743.7259514654343,2780.326175256765,2741.7355756441607,248.54056880416582,1566.987972277886,492.1696848885832,0.0,2598.3026192397997,4111.566960446189,2500.0805572334525,3034.8465333961385,2384.856500195346,2258.94224257644,1350.760804160009,928.9573814051355,1504.3404783616313,2595.422779261552,2175.9960294394464,1065.9692056888039,3677.6025016556227,2310.4500169435537,4032.165879979785,2881.1979631638883,3374.2567290102556,2073.989832218088,2005.8038461881415,598.6626328937045,2127.5953610294555,2013.853809458007,864.360840428444,1342.5041095992008,766.8642471059285,1963.3873100026779,1213.0673309716967,2008.5704350278645,3385.4939295596855,1104.1337777281099,3008.175601119698,1435.1073551409124,1339.0779965978486,2220.0732831353575,263.60237360541424,3389.947607848268,3741.5943608734597,1480.4367213681196,3569.1522235074654,2225.224634643511,1780.4012316282017],
