{
    "drone_dist": [
        [0.0,1690.7820230379773,2412.289787903759,3901.7974631483507,1386.4566046474567,3368.3039914876713,1886.3373229725498,121.85282801937959,1705.685750519759,4199.621982637072,3629.658433682077,1251.9139731381467,3703.708076922495,4061.211257956507,1199.9151056108756,1199.0964880820713,3650.2774045409383,1866.7812621578366,671.8907816368729,5026.732369604103,515.4666612348715,1127.0019987270844,1102.7959263053758,3058.2883943108786,4833.916339209024,924.4250869084284,3917.1371290119328,3306.5855881911634,3262.5096342527995,2120.0123291146574,4000.9425352766816,1962.5241923351548,265.50273785833315,2022.119667327192,4668.618088903565,3509.9487597748857,1652.6970318577064,3600.7302775993207,3361.437618633919,4870.286598772953,1302.8727150819439,3186.9477527817694,2475.9097389673298,3337.508390539511,2465.1123963581313,3167.9806210419038,2862.4234616450585,1515.0133531107579,628.3952864010773,3219.604441775495,2687.1659309991824,5529.830057995136,4995.401756040538,3357.6098043050047,1816.4939111332824,3035.46726098478,3918.433594665098,2764.852974878502,2953.012058817547,936.65603900299,2142.5023688306674,3109.8995217585634,3706.1007281482143,3609.729458834865,2942.0772548816763,3662.2320625440047,4571.7184392805475,3439.703383678414,5801.8463049871225,764.5449310296171,0.0],
        [1690.7820230379773,0.0,3380.093579214531,3832.2906740797685,1807.4462558877403,1696.8464174829714,2656.136868996258,1706.9656212381256,2824.7203667778,3899.1067708576848,2239.3170601583556,2714.4394791942937,4671.323515851069,4167.736132266584,2749.5410342141263,1924.5384338587924,4013.9672134888997,2856.6919329602106,1554.4117404218575,4197.193297242106,1281.198186242838,922.1747091880561,2531.9358556184234,1424.9701998890046,4068.854627588367,2391.958589601401,3827.03012494405,4122.85599918087,3275.4229444165458,1084.3405868963366,2838.7941351260906,1592.0856957873693,1906.5728819243484,1611.279875144666,4270.480513641855,3668.964830811971,2108.1113494647398,2130.3247569195387,2422.3450967374215,4702.376957568861,2369.6742093570297,1907.564377164725,1026.8056094262456,2383.4022116700044,3276.279424893977,1484.0212407050467,2261.828880540617,299.1739929016924,1239.794939923123,3929.1811318453574,1004.6845056887327,4843.685643683791,4760.4361166171675,2348.9237818801,1808.5023098613003,1573.3969875139533,4397.4786276015475,2467.251913211296,1900.3054522945765,2352.956596863843,3238.228530666044,2412.850924774211,2989.6887839971623,3074.1268717730723,1280.7294688945635,3872.8745979039318,4517.536569624924,2543.6111329874275,5250.43193110988,2361.9677637202617,1690.7820230379773],
        [2412.289787903759,3380.093579214531,0.0,2355.2910091549525,1583.693779114522,4579.417521706236,737.9969930368773,2294.294748449049,713.8158000834286,2880.1788435896524,4125.974595662654,1372.4297092564573,1318.29176567906,2238.088365820284,1564.9363522953495,1467.3360972258433,1611.1760196289779,556.3490303342476,1973.344519555902,4265.02133761379,2359.4087292270506,2460.5287200157286,1416.9418095162987,4198.369979756941,4015.8829047860995,1578.136539929411,2393.90198465115,906.5975475807121,1857.845357600063,2897.364974282734,4010.6946444184377,2178.860447699298,2192.040138952214,2216.5345887800377,3364.7875726112193,1785.1776102778526,1323.9826342036888,4250.522625491491,3264.1153105358367,3223.226853483793,1123.6795709530952,3653.0181717087103,3488.81109984288,3271.967806160901,311.625372910532,4484.347206945838,2567.9126365371817,3403.803200513803,2953.2173524727095,894.9626244617214,4081.705566075762,4465.965964068892,3411.1629731302673,3361.038427091567,1795.3028819116018,3841.016848131618,1701.9143407009276,2124.7098139118984,3206.5337214950564,3054.872336956074,337.28710119976455,2798.9269987490916,3146.9396937547244,2830.469657529706,4193.628230926683,1814.750165418951,2838.2316472035327,3247.370983672184,4508.918752329498,1849.340939577574,2412.289787903759],
        [3901.7974631483507,3832.2906740797685,2355.2910091549525,0.0,2520.3810542011647,4138.636977132726,2237.961733325552,3787.9068426521167,2750.859975724491,574.9022098018677,3129.7318211390157,3428.0059692966233,2587.6538466411885,486.39182039631,3635.697809201788,2713.843086505942,990.574175216352,2511.442617598583,3238.304002410197,2111.484630576581,3544.8740518075447,3195.894830273005,3368.2710313869543,3805.5861011371776,1859.5805958067929,3453.8874159135216,47.47790440060123,2043.2157904863795,639.6633025332994,2817.2541928319642,2581.14900414029,2256.723500212848,3804.7775071817996,2228.468136655022,1021.5198898195729,578.7500835494669,2253.2475028126146,3360.554168640864,2063.2572384682126,970.4864598743234,2830.9499394165973,2822.1814174600363,3268.325279246101,2100.154424059946,2053.880765959758,4176.37321284636,1685.9827526240958,4029.140606178826,4170.420932462719,1770.4073609310506,3978.990242989241,2146.789708390247,1115.2456980945633,2210.9253952838762,2172.280135258373,3258.572721961652,1343.7297372692733,1366.9387899451146,2406.058870860341,4793.939709410578,2636.4004658081085,1688.43909655651,1511.817828924194,1142.1323211512347,3912.0162970791152,641.1371065034435,692.8249404263261,1955.0070738697013,2153.7232994522087,3718.586441683696,3901.7974631483507],
        [1386.4566046474567,1807.4462558877403,1583.693779114522,2520.3810542011647,0.0,3053.5355788471575,850.8646797572889,1276.5107471525864,1132.6005040206196,2816.075023368769,2825.280009958168,1380.7221939290685,2863.9881628800413,2710.061584325818,1533.7527534934186,300.181407401685,2376.6667784762553,1093.9147227104206,718.2753509128653,3746.881608246154,1041.3138182148512,903.4399046429098,1225.13344057915,2677.823872435422,3535.563767950034,1203.928300582675,2534.1654893661566,2321.9484771124867,1882.7563338843415,1399.1371520969476,2958.2550257256075,815.3943788455442,1322.5001421263805,874.8496791381664,3290.0954697318093,2161.692726442615,324.23601384856835,2889.930616977108,2233.9924897383517,3486.6786127324026,762.4537120737954,2339.4470679260435,1969.0775748415442,2222.1866516961177,1469.1613380065478,2935.360597136935,1615.638123239864,1864.4025311588546,1683.6414579110042,2145.1454975065894,2512.945016553229,4193.457779641507,3609.290857500886,2274.8092234753467,499.72456191179793,2401.9101841629295,2707.0629019104986,1414.8019718036626,1964.9990934229766,2301.9031349934994,1487.3182775239889,1879.3474073180003,2435.084723954303,2280.179148076493,2649.4925887222225,2331.819203159373,3197.341068312657,2278.254778846205,4434.474456387974,1393.3892677806716,1386.4566046474567],
        [3368.3039914876713,1696.8464174829714,4579.417521706236,4138.636977132726,3053.5355788471575,0.0,3849.228771858771,3369.35196384361,4183.31974472765,3961.5563187747157,1242.4591713161801,4253.525858200382,5747.275626493753,4584.762582682024,4327.9933496856265,3279.5432458843347,4679.874729940793,4140.368928050081,3095.403388929908,3598.803883928547,2911.832821136865,2389.174256742534,4070.560770840761,381.58894861795966,3571.15454672923,3958.25126932839,4114.453497456786,5133.074296665256,3771.110746470044,1682.1602207797407,2052.6742012824884,2414.1940649201624,3563.1201536280105,2385.883215140897,4166.436701384458,4214.733529930923,3262.2922139241186,991.7711678950482,2137.382188343563,4779.604765219335,3772.3350189586813,1341.129892136704,1091.0594840081963,2094.3755928360233,4387.707229910758,249.68642948386804,2480.542377376845,1942.5994593962548,2933.761225403473,4881.32739842107,695.4033261059864,4335.5452711871585,4761.522499838366,1995.2077430555998,2787.694161280884,880.2254311626178,5110.527725871206,2913.5921584475573,1732.669434050107,4042.7130749973608,4533.3544018947005,2450.5884096608083,2793.6600774417443,3068.3569384254574,428.98322868048047,4429.067886133752,4732.401107782803,2267.7888938250867,4853.5476657936715,3981.2014166388,3368.3039914876713],
        [1886.3373229725498,2656.136868996258,737.9969930368773,2237.961733325552,850.8646797572889,3849.228771858771,0.0,1764.484944188767,554.2925320003369,2675.2642368009388,3458.3021290087677,1190.8978830446806,2016.3057991420285,2277.6622653930767,1398.0271240219677,780.6948407784421,1785.7047720770488,359.8674213671293,1338.2081863815547,3894.8040500170273,1724.1285838644933,1742.7908976157798,1134.3610360998387,3468.878827661116,3657.1023913777094,1236.6853801564835,2266.0739566401376,1497.6556310193355,1630.561370486975,2168.8460843887583,3425.944302025487,1466.224893593469,1712.8915736937909,1509.192111350901,3171.590313603476,1741.4867997779563,587.8644198790216,3565.019382099789,2673.939245809471,3190.539215908098,624.747360036526,2977.2953136376163,2758.1693806441126,2675.2300997873785,631.5466590393521,3749.349457077779,1981.7514786767251,2697.496324335373,2352.691207098523,1357.92505795331,3343.907297711972,4206.428909008476,3350.9261706225025,2753.8040806843214,1077.9502877341024,3130.777349291415,2032.5160313288532,1596.0654085609196,2546.795108580468,2669.729152162212,712.71847377168,2233.4197344182926,2670.845001067647,2407.328184370134,3459.30135553266,1854.0893225821108,2842.5013124417296,2678.1079733617266,4340.5122515551475,1512.27328494858,1886.3373229725498],
        [121.85282801937959,1706.9656212381256,2294.294748449049,3787.9068426521167,1276.5107471525864,3369.35196384361,1764.484944188767,0.0,1589.5227079714502,4091.8950970159763,3588.7015068783116,1158.9435326085543,3588.833782317121,3943.029531704413,1121.8758048218917,1081.26273430207,3529.0971269453794,1747.3824697411028,568.1039167695022,4939.47977616626,474.61783415017516,1081.0311135608051,1003.0447038977211,3051.1129100516023,4743.8582001441155,826.728553371049,3803.7585553477147,3187.0859504854907,3148.3984084417384,2071.652185850681,3938.8431787801273,1877.6810639966704,201.45071636581787,1938.0496191921975,4563.039199668383,3391.7951880194264,1536.8681183281726,3568.1241393577575,3288.5427162385977,4756.982842436329,1182.4337481069756,3139.471399092734,2451.3285638351604,3265.732899995485,2344.1795877046807,3174.720158910415,2775.178929272067,1549.5461984864526,715.2780315083847,3098.4785786171424,2694.438047307797,5434.1052810533065,4883.762609989328,3289.1341493749705,1716.365052054686,3005.8514246244004,3796.5906972870143,2664.425983728594,2891.2525314168815,1032.6897473930937,2027.818589539623,3025.3135724709746,3618.2992587986214,3513.740841116538,2941.5655433263087,3542.9015188459493,4456.06289135414,3363.6097571623313,5699.734708683999,692.7265973781421,121.85282801937959],
        [1705.685750519759,2824.7203667778,713.8158000834286,2750.859975724491,1132.6005040206196,4183.31974472765,554.2925320003369,1589.5227079714502,0.0,3211.5233964488393,3912.3324197740108,709.0151879223419,2000.3915287001955,2739.9313249169427,915.8445822619672,915.9014365494176,2181.8294544787645,242.2163155142852,1326.7534176320091,4449.051779424548,1701.475330184576,1907.0372334318868,716.6816630506911,3809.0274768037284,4211.3695549514305,869.0231966539611,2782.0367595483526,1619.3236562858785,2162.6320256346567,2530.4236963398457,3938.6023647758634,1889.2690988661166,1479.8233900441542,1940.7107787699326,3707.7603409196054,2224.937522791324,993.6182484084932,3997.515695323199,3188.7862167560334,3685.8908439976603,461.0557528074664,3426.6762206631174,3101.269746846839,3186.8906824322557,840.5528477142105,4058.0166032355514,2504.9454830950053,2807.677043753858,2266.081924051051,1576.9395691907484,3622.976320480414,4754.97058079054,3855.5685691997915,3259.3246169149247,1508.036040945946,3527.358405874096,2350.9258115504363,2140.734505162887,3017.030100904702,2349.1735732271427,443.18754346329234,2762.0304012526376,3218.6654692210295,2960.8606223373936,3775.051949354383,2309.7694022429205,3323.2258568571174,3201.890417195524,4875.132718746125,1144.7137800218443,1705.685750519759],
        [4199.621982637072,3899.1067708576848,2880.1788435896524,574.9022098018677,2816.075023368769,3961.5563187747157,2675.2642368009388,4091.8950970159763,3211.5233964488393,0.0,2854.515141977694,3861.551329966146,3161.581735776902,986.4731126080375,4065.929185178329,3046.378716161827,1563.6292966823883,2978.175011295378,3527.9338333264245,1543.947612844698,3797.1594901588737,3375.433310140685,3783.486648947525,3658.2185514492708,1294.4832783123322,3850.7840547590026,528.0801854073407,2616.787548118764,1049.4254981295046,2833.412857273982,2209.2010203797745,2394.587934989669,4132.989654758659,2353.7684387535824,496.4073000551234,1139.1781762316048,2588.3856144678975,3101.695175129049,1826.824425042089,827.62028589711,3233.838559723575,2620.964532802188,3203.574485063906,1868.9815148145121,2572.4377889262255,4032.292939271987,1647.217966659726,4126.142750034132,4396.570401862659,2341.401917846593,3898.1830481010425,1589.6542946884108,861.4237794108238,1972.1471343939277,2401.543561618321,3094.379002620651,1897.8004835403603,1482.8818281596255,2260.1063378695526,5117.335755135007,3142.8486489116467,1559.350883443109,1189.7256274079139,896.8661576029584,3788.2328255333914,1215.964462507832,806.1364700733441,1700.463506607306,1665.2751615975897,4103.6231539822065,4199.621982637072],
        [3629.658433682077,2239.3170601583556,4125.974595662654,3129.7318211390157,2825.280009958168,1242.4591713161801,3458.3021290087677,3588.7015068783116,3912.3324197740108,2854.515141977694,0.0,4187.234594116156,5122.880843127445,3604.9481638786833,4314.696766610604,3110.6752819840317,3832.4463648901888,3800.4749431000987,3150.798383741982,2356.378681825646,3117.0212556534907,2507.723947031702,4017.8046595007254,1090.8746988289038,2332.6555626986487,3953.9055570382025,3097.8735818742593,4489.424936194849,2893.645605278792,1524.2867510769843,810.2192591255028,2024.9944484840478,3752.3681669757934,1972.0030122706946,2993.468863941036,3328.320150754808,2919.596930010995,259.7499173747523,1068.6309672624154,3646.2376915073623,3587.268035813801,486.3996461824866,1219.009081213191,1034.32656911804,3875.455276106545,1407.8947543159418,1642.2119080710286,2537.7711407768297,3383.1740034342533,4210.135764123773,1547.8935375151839,3093.404975225368,3603.6776672192923,922.5368489363769,2404.485663100391,670.4971397666544,4267.33635247805,2124.8079862905165,920.134287884107,4470.558734264467,4170.949168349545,1502.730564730409,1664.8425121448004,1997.1052776981624,1284.9772487832797,3533.4893974410247,3652.861272460403,1175.2185311506464,3615.4185039609697,4061.5999790351325,3629.658433682077],
        [1251.9139731381467,2714.4394791942937,1372.4297092564573,3428.0059692966233,1380.7221939290685,4253.525858200382,1190.8978830446806,1158.9435326085543,709.0151879223419,3861.551329966146,4187.234594116156,0.0,2555.525785143123,3441.7698919248287,208.87050632711782,1083.7704580055656,2890.8390364087645,947.9175891621019,1169.0640898584818,5013.122266405471,1452.0435638049619,1868.153552517651,183.826620225207,3897.877637290802,4784.719073163499,336.2159346220015,3456.623403070173,2268.955723526777,2820.2944096463743,2702.5559271590078,4336.255117657017,2195.7379265150794,989.52252821923,2255.5033462441156,4357.357810451625,2918.579625317651,1405.795673383104,4231.631495551848,3604.482698658216,4375.571741822365,665.5383748971676,3704.153631873382,3218.3456863260053,3595.075375662579,1544.3803490974517,4093.351026090349,2957.2230717702832,2622.9904725367237,1874.124799776386,2262.4504073233993,3628.111725826251,5372.134790481187,4539.489523079646,3651.913581709181,1861.868383266356,3712.3576282603344,3051.8098790992667,2663.9386248500487,3344.1309180106027,1704.5743334592182,1045.3857695854851,3221.652859724918,3736.231478942116,3519.8845038394948,3828.4705087959055,3012.505101562557,4019.642453724514,3639.748470993665,5526.454089015022,526.394417783726,1251.9139731381467],
        [3703.708076922495,4671.323515851069,1318.29176567906,2587.6538466411885,2863.9881628800413,5747.275626493753,2016.3057991420285,3588.833782317121,2000.3915287001955,3161.581735776902,5122.880843127445,2555.525785143123,0.0,2235.4801442042776,2713.5852779736633,2778.4705218954737,1598.143415115493,1873.4605573248457,3291.5135281826624,4696.087088486086,3677.153498989627,3758.9917500231386,2647.302548130559,5366.638666710208,4442.89360302678,2822.1232758543088,2634.921263969429,633.9811577215464,2380.3974377456107,4079.5362426692805,4842.478802127739,3337.4935971823393,3469.3854781288346,3362.46071872144,3564.982330486944,2061.8066189969377,2572.835154843295,5286.232458021596,4141.557680001523,3162.5219026905174,2436.489034582797,4680.677699042118,4670.217163162875,4160.659246833931,1397.561784000234,5679.3016624289485,3485.496591668565,4711.246466245286,4263.6429540248755,920.8734853975512,5307.228661490488,4689.141925228891,3375.712157679539,4264.096272312492,2980.248830362145,4949.083749109249,1333.118104911422,3003.32427842288,4215.94348252317,4257.570759529421,1561.2062103302583,3665.102032767413,3839.075081200705,3467.820618046014,5386.452902113911,1947.2734129952341,2769.785009654453,4089.104692022645,4567.972703122176,3073.1647463254135,3703.708076922495],
        [4061.211257956507,4167.736132266584,2238.088365820284,486.39182039631,2710.061584325818,4584.762582682024,2277.6622653930767,3943.029531704413,2739.9313249169427,986.4731126080375,3604.9481638786833,3441.7698919248287,2235.4801442042776,0.0,3650.538350566055,2862.117731070486,674.5922459663989,2497.8511146514725,3416.1833585787067,2522.8852922282417,3750.704290092382,3465.34527312943,3407.3294824177597,4243.060425023364,2276.6671908157637,3514.276383680002,526.2892349202749,1754.3314188762022,892.3170357031936,3193.7225244302695,3067.454097480761,2576.287265616457,3935.690582282037,2556.7453925899945,1334.7050182081462,551.2640583253773,2413.808804771198,3831.805890855312,2536.642871071677,993.6130123098794,2897.1557833442407,3282.217545006384,3677.137670138905,2572.264813450228,1961.4575279807273,4610.811880449486,2111.1972243246,4343.909448034429,4389.805407415418,1513.3659886609373,4389.1371426578935,2454.0555325585115,1193.3100096458884,2683.649871850636,2430.2379541054884,3704.9492580921496,925.9322217886488,1737.6878212560296,2853.9639673987854,4918.209521698572,2550.0167324482354,2142.378876167057,1997.7484317981573,1625.7410989411442,4340.165363125959,430.5752711209881,601.1126282320313,2432.248697482224,2357.5321072017555,3788.8030480662933,4061.211257956507],
        [1199.9151056108756,2749.5410342141263,1564.9363522953495,3635.697809201788,1533.7527534934186,4327.9933496856265,1398.0271240219677,1121.8758048218917,915.8445822619672,4065.929185178329,4314.696766610604,208.87050632711782,2713.5852779736633,3650.538350566055,0.0,1233.7651777098492,3097.352533679819,1155.7449979192654,1232.602279079709,5202.204923935291,1471.2894766351678,1938.994702934144,310.1478072126616,3979.2577815627255,4975.770614900286,370.6594570046363,3664.0659129889596,2453.9832610217545,3026.237561428713,2814.6304252089517,4491.7706005002465,2344.214548327478,934.5570637171114,2405.001206146536,4561.454699484507,3127.4003089611547,1586.0364898614973,4348.918286045857,3766.258745100307,4584.1372138965735,852.9624160255064,3834.3528200813175,3311.768834788262,3755.2863050119304,1747.600025856981,4159.039098506731,3129.160643070686,2636.334586711471,1828.3009398506433,2458.0865094548817,3688.1882393591395,5570.659327750026,4747.617397924928,3808.545767445646,2024.2846421334898,3819.849001874852,3252.3918188489583,2850.2224205171524,3487.682809881047,1546.088046868944,1233.1063328329592,3393.9067057623342,3918.2669612933246,3710.0378009089018,3900.6472194634407,3221.198228683504,4228.497912206525,3806.064190637826,5730.431351282299,436.9223153257103,1199.9151056108756],
        [1199.0964880820713,1924.5384338587924,1467.3360972258433,2713.843086505942,300.181407401685,3279.5432458843347,780.6948407784421,1081.26273430207,915.9014365494176,3046.378716161827,3110.6752819840317,1083.7704580055656,2778.4705218954737,2862.117731070486,1233.7651777098492,0.0,2468.8198460663593,932.5826260025347,575.4600957778531,4030.3408241865745,952.4353350887905,1002.4290195591024,925.5457985667267,2909.001194666863,3815.2161522978977,905.4478854855818,2731.518388427966,2277.791036011946,2074.3275438126375,1655.1945601755235,3258.0405977325686,1112.468038129945,1091.8656880677995,1172.6523730079232,3528.313779461771,2310.8543709763294,461.34911436026965,3166.4659276792063,2534.0915504201316,3684.1631204362716,494.74989475374247,2625.9096023140482,2206.9441834678564,2522.36374883262,1410.8451129094124,3147.074534929068,1911.032614243238,1936.5407109182927,1591.7118193910883,2134.1243174006036,2707.970326976196,4459.434751737026,3817.204495250499,2574.7973639013712,796.565642313988,2665.0729271462055,2765.12626452176,1686.0451589940128,2260.3610873066546,2080.883081173647,1314.615261253439,2175.2930118010827,2723.6167560917133,2554.3890126000815,2866.5725262067513,2464.848616066948,3376.8076833435503,2577.5521658551647,4682.242073904483,1105.2030998155979,1199.0964880820713],
        [3650.2774045409383,4013.9672134888997,1611.1760196289779,990.574175216352,2376.6667784762553,4679.874729940793,1785.7047720770488,3529.0971269453794,2181.8294544787645,1563.6292966823883,3832.4463648901888,2890.8390364087645,1598.143415115493,674.5922459663989,3097.352533679819,2468.8198460663593,0.0,1944.3649938333976,3042.2650418477074,3101.6210389641005,3405.0141994043393,3218.5161458136686,2879.908082570207,4316.572589100005,2849.241396263408,3005.357082186372,1037.9742004744585,1082.5309712043597,938.8980210430916,3144.5608511744267,3409.696496230137,2447.0279949515966,3493.680695760369,2443.732252493244,1975.0354627045715,517.9634322677732,2057.3348435535395,4035.051353311332,2780.483670976312,1663.0027267931923,2408.8616918072203,3448.979442336858,3685.995658924249,2808.881272202433,1360.587482216383,4669.849775824159,2222.2415785444387,4150.280418131205,4049.960659541831,839.3839701411499,4387.096495059133,3103.9340417130143,1866.1655758423606,2919.5804398968726,2209.917880882958,3815.5783574082184,435.5492832673091,1767.0310254954277,2991.7957523532077,4455.36496852439,1937.045454744562,2329.7689473511273,2354.3625793226124,1971.2808456018693,4385.551519747725,354.99853010235546,1265.4647933829735,2699.554170675564,3030.792501545768,3284.802756101013,3650.2774045409383],
        [1866.7812621578366,2856.6919329602106,556.3490303342476,2511.442617598583,1093.9147227104206,4140.368928050081,359.8674213671293,1747.3824697411028,242.2163155142852,2978.175011295378,3800.4749431000987,947.9175891621019,1873.4605573248457,2497.8511146514725,1155.7449979192654,932.5826260025347,1944.3649938333976,0.0,1418.3916293256111,4238.81040090057,1803.6929430474577,1934.5254516600792,940.6948383819401,3762.2980606617552,3998.700980139653,1080.8036141378675,2543.135133594959,1439.8074110066634,1928.771270089301,2469.022487955528,3784.3466580584536,1791.4522917000022,1656.59397111993,1838.3614632242063,3474.068453717015,1983.0298286314305,892.6243629230705,3899.243570208502,3032.4828009861776,3444.2001881465935,569.1040401671019,3317.2918321969905,3051.415698016871,3033.2487158289614,619.3071048459815,4027.8806377210008,2341.155125101929,2864.7400877199498,2397.8574741096054,1369.6016380338763,3606.613334895852,4528.9539123794975,3614.6017097890344,3110.6739348858846,1403.4877764983873,3449.538995363165,2126.387042135698,1954.208578939152,2893.6230005979387,2558.411748816682,393.61706811185496,2593.2470393828307,3026.817850828276,2756.0987624116083,3740.806862944684,2067.7642218342385,3081.0435612983265,3037.711114526253,4640.356340387039,1360.1366258041435,1866.7812621578366],
        [671.8907816368729,1554.4117404218575,1973.344519555902,3238.304002410197,718.2753509128653,3095.403388929908,1338.2081863815547,568.1039167695022,1326.7534176320091,3527.9338333264245,3150.798383741982,1169.0640898584818,3291.5135281826624,3416.1833585787067,1232.602279079709,575.4600957778531,3042.2650418477074,1418.3916293256111,0.0,4381.268016251651,388.0872646175193,706.4578392529013,985.2899420199815,2747.660043757484,4182.277354291556,863.0108445572365,3252.3548255215073,2823.6062275049208,2600.1288440331236,1628.186242700851,3434.4865454879027,1328.763791546892,655.4046918273332,1390.3320409895882,3996.8067703087836,2865.6854682984354,1002.6565132728346,3159.478070241646,2759.2282001289136,4204.946144223265,867.2769136983887,2683.506112418721,2089.1793718524505,2739.1392854163073,1958.5150053536408,2928.380192295196,2218.9207158642785,1495.6994712587239,1017.6087679882908,2696.1251104402877,2460.376434597026,4867.49831033889,4326.975951390581,2770.5728520075613,1148.4475912461974,2614.3384290910253,3340.3817341330214,2096.354905698786,2393.096661813557,1600.7167404860074,1764.5363635602941,2472.90315891285,3060.173904119792,2947.2447918691773,2668.194724976154,3027.2429646598243,3913.3747380121467,2826.8878159806527,5131.788375319723,915.1831801171122,671.8907816368729],
        [5026.732369604103,4197.193297242106,4265.02133761379,2111.484630576581,3746.881608246154,3598.803883928547,3894.8040500170273,4939.47977616626,4449.051779424548,1543.947612844698,2356.378681825646,5013.122266405471,4696.087088486086,2522.8852922282417,5202.204923935291,4030.3408241865745,3101.6210389641005,4238.81040090057,4381.268016251651,0.0,4546.123564893608,3996.4059076954804,4897.505838618416,3415.368841354093,254.1808817986318,4921.028900196747,2064.019135107988,4130.981068594273,2421.241830719889,3147.4868514253217,1546.2684887926903,3064.5190317481797,5033.819880525459,3005.5218676404043,1250.5483251346416,2643.8258693930256,3621.02509720277,2609.124259703067,1776.6330242242464,1933.456575202706,4349.716430079833,2403.17900916341,3250.898580707931,1814.5006247266329,3953.7481348509255,3756.554527546567,2164.4443059274595,4478.710289958213,5043.233405665243,3846.5701048191045,3812.101037627308,743.3932016169557,1778.426289102095,1850.4987508973725,3254.4656235588614,2886.6200923702354,3441.1174146603803,2353.550132332171,2297.1959120736565,5961.869179564591,4480.178193568897,1919.4132653755235,1321.260599662165,1493.703436307575,3596.119553753178,2749.3940863326425,2178.2262599912738,1661.3787882304593,1296.4133260500173,5135.538877038116,5026.732369604103],
        [515.4666612348715,1281.198186242838,2359.4087292270506,3544.8740518075447,1041.3138182148512,2911.832821136865,1724.1285838644933,474.61783415017516,1701.475330184576,3797.1594901588737,3117.0212556534907,1452.0435638049619,3677.153498989627,3750.704290092382,1471.2894766351678,952.4353350887905,3405.0141994043393,1803.6929430474577,388.0872646175193,4546.123564893608,0.0,611.6945290665335,1273.5640337002942,2585.979295843243,4360.367071213616,1121.3009696188121,3555.6848283477175,3211.6135644432757,2911.928513238714,1604.6975203549632,3487.985109705516,1485.8527557971993,656.0140203786051,1543.0242510627595,4252.782879823548,3202.880637841904,1350.3690073603532,3093.775058002123,2858.096136428382,4504.137893551393,1246.0859289240173,2671.9218655905383,1977.2880207481633,2832.869425431331,2346.24805612556,2724.5291488123903,2386.3194191792636,1170.9657594049097,645.0126622874928,3081.868986722974,2246.3264065550147,5071.797538515161,4615.862615131867,2849.535252214818,1395.6170583051357,2531.2357303429167,3714.344896252058,2333.328895178375,2440.279256537593,1423.9057870794234,2142.408512327262,2626.7156704644644,3228.851560569319,3156.6345785825947,2483.0683844838077,3372.5679666254023,4228.371790482553,2940.5206634430556,5367.305177816633,1081.9938480088824,515.4666612348715],
        [1127.0019987270844,922.1747091880561,2460.5287200157286,3195.894830273005,903.4399046429098,2389.174256742534,1742.7908976157798,1081.0311135608051,1907.0372334318868,3375.433310140685,2507.723947031702,1868.153552517651,3758.9917500231386,3465.34527312943,1938.994702934144,1002.4290195591024,3218.5161458136686,1934.5254516600792,706.4578392529013,3996.4059076954804,611.6945290665335,0.0,1684.5515064555943,2041.6746495946427,3822.709740932747,1569.0869786981057,3199.746086010221,3225.1108555549954,2587.357108407744,993.0198242710286,2883.485402577216,987.0888962795595,1247.6938866663234,1035.0500263986191,3805.807742191547,2934.953607879713,1218.7895557065474,2492.1349006817923,2274.3652562760603,4128.148359895722,1456.5541793300888,2060.279184164822,1393.680933577695,2246.6228629860325,2368.954096205426,2225.203630060972,1860.47270610279,961.2310138748002,1051.8670635374997,3046.753596584186,1761.6461488822488,4555.605178694476,4219.3727196878135,2256.189138654624,1035.1080854564048,1934.863806498499,3575.251840798393,1892.555041641808,1837.3819682447624,2016.2888352237132,2316.571558418474,2083.8854291433113,2691.352187843886,2661.5697743545284,1962.3565436195147,3125.139160262063,3888.4608947640377,2364.608493041595,4885.167935962746,1607.497537555169,1127.0019987270844],
        [1102.7959263053758,2531.9358556184234,1416.9418095162987,3368.2710313869543,1225.13344057915,4070.560770840761,1134.3610360998387,1003.0447038977211,716.6816630506911,3783.486648947525,4017.8046595007254,183.826620225207,2647.302548130559,3407.3294824177597,310.1478072126616,925.5457985667267,2879.908082570207,940.6948383819401,985.2899420199815,4897.505838618416,1273.5640337002942,1684.5515064555943,0.0,3715.6463897818217,4672.528334946333,179.59827888149323,3394.925459862132,2322.400890438227,2750.3516270760583,2526.791181833961,4183.388213197072,2037.3628860349186,846.2653960306128,2097.8568589785073,4277.88063945566,2875.088045646978,1278.5125909933886,4058.0980620794885,3456.618784271009,4324.40790604569,553.6741405667234,3535.879269712853,3037.950085262295,3445.8808303989667,1555.5228534128871,3909.7538494555333,2819.1446527454827,2444.041903531629,1717.3157514576285,2292.9527298068733,3444.3141662029466,5275.362595151754,4482.727429314293,3499.8344460464677,1714.3557614845292,3535.513643690489,3065.6009157363123,2544.503152864188,3182.9583195140735,1637.9753892504064,1105.1336190034788,3083.900039808624,3610.266396969008,3406.462337702831,3645.2674293650334,2980.642468895237,3976.4848321405384,3495.9883960007055,5446.021879668023,432.8343258415074,1102.7959263053758],
        [3058.2883943108786,1424.9701998890046,4198.369979756941,3805.5861011371776,2677.823872435422,381.58894861795966,3468.878827661116,3051.1129100516023,3809.0274768037284,3658.2185514492708,1090.8746988289038,3897.877637290802,5366.638666710208,4243.060425023364,3979.2577815627255,2909.001194666863,4316.572589100005,3762.2980606617552,2747.660043757484,3415.368841354093,2585.979295843243,2041.6746495946427,3715.6463897818217,0.0,3364.1091475094954,3608.7818063062386,3783.370365259067,4753.430697609252,3415.7878097193347,1301.006637409825,1879.3591824810273,2032.7168764608703,3241.0340959075534,2004.7618479990176,3891.358075441359,3858.4175961703527,2882.293531751437,877.9579107231451,1849.6715518645804,4482.01241893672,3402.8315759276024,1061.3324913083688,711.169696459733,1805.5818005068106,4006.121307595847,374.0904015335651,2132.8120624169874,1695.616581390788,2662.4968098461904,4503.093216831413,498.0281661623362,4140.860785646175,4475.295910618698,1714.203526811587,2406.187494470632,566.9729239802447,4745.521350204549,2553.1200115902006,1405.094124037732,3776.7057617585774,4154.981868101109,2123.2518834740636,2511.216813958104,2761.561372722835,199.12082958837206,4073.188880699408,4415.416254697959,1983.5509779062797,4640.087582468989,3643.917697156343,3058.2883943108786],
        [4833.916339209024,4068.854627588367,4015.8829047860995,1859.5805958067929,3535.563767950034,3571.15454672923,3657.1023913777094,4743.8582001441155,4211.3695549514305,1294.4832783123322,2332.6555626986487,4784.719073163499,4442.89360302678,2276.6671908157637,4975.770614900286,3815.2161522978977,2849.241396263408,3998.700980139653,4182.277354291556,254.1808817986318,4360.367071213616,3822.709740932747,4672.528334946333,3364.1091475094954,0.0,4700.588371631631,1812.10342142132,3876.857078952081,2169.1881837455135,3004.6710400282905,1527.9890294190088,2875.1157168416803,4832.3690067905445,2817.394604999653,1029.772759812151,2389.767406135997,3398.7264500075485,2590.2097913944185,1648.875695233621,1730.0097634666392,4122.839386048047,2328.017634229234,3149.21925275801,1689.397609411224,3704.448259788985,3715.221510003375,1974.0906389164697,4344.842897763872,4872.962639331058,3592.3898256419416,3739.1704716148047,784.962305852646,1589.2099710472744,1738.5105451521665,3047.2213168466774,2820.769487620798,3192.2775583157345,2132.292857336046,2176.396665713783,5770.255044798691,4234.563926498378,1739.0033463028487,1132.4402738969152,1266.1193601246002,3538.438509961858,2496.583830683523,1952.3113150549987,1525.2948372028084,1282.7769738449074,4919.802555627715,4833.916339209024],
        [924.4250869084284,2391.958589601401,1578.136539929411,3453.8874159135216,1203.928300582675,3958.25126932839,1236.6853801564835,826.728553371049,869.0231966539611,3850.7840547590026,3953.9055570382025,336.2159346220015,2822.1232758543088,3514.276383680002,370.6594570046363,905.4478854855818,3005.357082186372,1080.8036141378675,863.0108445572365,4921.028900196747,1121.3009696188121,1569.0869786981057,179.59827888149323,3608.7818063062386,4700.588371631631,0.0,3478.6963158982812,2484.697894556354,2828.2281526019465,2448.3561100180655,4153.042939213429,2002.8280105682245,666.8164549146061,2064.4142263801346,4342.921099487483,2975.9916423022096,1302.5174540083508,3983.5448362535208,3436.1459594095963,4415.968208480445,623.0096548284256,3475.4360633562405,2941.405101998298,3423.1872936890536,1699.7394115793459,3790.8663485718607,2815.954225531735,2291.814703148889,1541.811219402113,2444.6481328381615,3321.3037869580703,5320.78111881509,4569.129609536796,3472.0377486043812,1702.008553402484,3451.65644889308,3206.4940117996816,2568.4472930896827,3138.690063836572,1480.357886939396,1273.6030720470571,3080.3855445403015,3622.314692206318,3435.24941716842,3531.1824914959225,3090.555656751835,4075.365792911604,3482.13840491682,5508.708900368381,280.0929624787551,924.4250869084284],
        [3917.1371290119328,3827.03012494405,2393.90198465115,47.47790440060123,2534.1654893661566,4114.453497456786,2266.0739566401376,3803.7585553477147,2782.0367595483526,528.0801854073407,3097.8735818742593,3456.623403070173,2634.921263969429,526.2892349202749,3664.0659129889596,2731.518388427966,1037.9742004744585,2543.135133594959,3252.3548255215073,2064.019135107988,3555.6848283477175,3199.746086010221,3394.925459862132,3783.370365259067,1812.10342142132,3478.6963158982812,0.0,2089.4022908872957,657.6560610458415,2806.6561614608636,2542.6411007509614,2255.353150310177,3822.966358628159,2225.9267130791077,978.839430673067,621.3194757537084,2270.5268369153196,3330.002316252453,2032.4640019337562,953.2269673912533,2855.9326017866238,2795.0837697572347,3251.8930389297884,2069.7914766666145,2091.506912258367,4154.661866172439,1668.1179097287825,4026.5798796778527,4179.288916854087,1815.9046882963385,3961.9618795694455,2102.6506138634513,1091.310750394014,2180.2858673098785,2179.046455209283,3234.6326117004487,1390.601396815828,1360.2066885274044,2382.254436896814,4812.156669102846,2672.8356410168994,1663.871916882035,1474.2690385242927,1107.0949766875583,3891.649997619033,688.1994771703904,692.3798614593801,1922.7825460352112,2115.830639479175,3742.3393123464266,3917.1371290119328],
        [3306.5855881911634,4122.85599918087,906.5975475807121,2043.2157904863795,2321.9484771124867,5133.074296665256,1497.6556310193355,3187.0859504854907,1619.3236562858785,2616.787548118764,4489.424936194849,2268.955723526777,633.9811577215464,1754.3314188762022,2453.9832610217545,2277.791036011946,1082.5309712043597,1439.8074110066634,2823.6062275049208,4130.981068594273,3211.6135644432757,3225.1108555549954,2322.400890438227,4753.430697609252,3876.857078952081,2484.697894556354,2089.4022908872957,0.0,1768.4434268592709,3475.034683928614,4213.2849182728505,2731.659600499806,3093.3153514693386,2753.16830576115,3050.2065308743563,1487.4533240594662,2014.750280184513,4654.380803050891,3508.6582556189924,2730.8369753857182,2006.1878864859932,4049.0109292705733,4062.730519796592,3527.405172164433,867.1062645921068,5072.734010129163,2851.542313071337,4185.222726900621,3825.9123164612583,293.70880196925225,4712.851004839679,4180.22501194162,2938.41711253333,3630.5457432504836,2386.3721185888417,4325.183299069827,959.718311477021,2369.343121471474,3583.869521825512,3960.2798298152397,1223.6245033970192,3031.9354240765356,3220.4184756623645,2853.820451134774,4779.999572192486,1406.6686752250055,2331.825825834975,3457.7741394487607,4111.863512456828,2755.109996983829,3306.5855881911634],
        [3262.5096342527995,3275.4229444165458,1857.845357600063,639.6633025332994,1882.7563338843415,3771.110746470044,1630.561370486975,3148.3984084417384,2162.6320256346567,1049.4254981295046,2893.645605278792,2820.2944096463743,2380.3974377456107,892.3170357031936,3026.237561428713,2074.3275438126375,938.8980210430916,1928.771270089301,2600.1288440331236,2421.241830719889,2911.928513238714,2587.357108407744,2750.3516270760583,3415.7878097193347,2169.1881837455135,2828.2281526019465,657.6560610458415,1768.4434268592709,0.0,2312.3669867786866,2491.412238022334,1684.0548987349864,3165.5283379782013,1664.5262885716056,1545.3354410039515,444.0455618097664,1613.6137400340347,3097.9261853045514,1843.026179286052,1609.8356056815426,2206.4875011229356,2515.871642261303,2816.6220636671433,1870.7441377334617,1546.6305453683167,3776.7113270457367,1295.5923531923268,3453.2431122637076,3541.9243787384503,1475.121498674028,3526.7598970520035,2616.250544521219,1747.4012000357654,1981.1989763970423,1554.7820046175034,2898.543830870235,1373.706390198016,868.8770391142353,2063.2167874388997,4154.7195006599895,2103.226069496695,1391.0911752014742,1460.7143429661446,1087.425999163625,3498.3496840323655,657.969446997324,1316.4443841366196,1765.8099650201964,2712.573409330384,3089.252484612136,3262.5096342527995],
        [2120.0123291146574,1084.3405868963366,2897.364974282734,2817.2541928319642,1399.1371520969476,1682.1602207797407,2168.8460843887583,2071.652185850681,2530.4236963398457,2833.412857273982,1524.2867510769843,2702.5559271590078,4079.5362426692805,3193.7225244302695,2814.6304252089517,1655.1945601755235,3144.5608511744267,2469.022487955528,1628.186242700851,3147.4868514253217,1604.6975203549632,993.0198242710286,2526.791181833961,1301.006637409825,3004.6710400282905,2448.3561100180655,2806.6561614608636,3475.034683928614,2312.3669867786866,0.0,1909.6052201486427,743.3809469742413,2230.34228055304,725.1598092735496,3190.4712994921542,2736.1447211774075,1583.4622267674924,1535.6134925623983,1374.2389847489687,3647.295459027192,2148.3167802593475,1067.823215393449,592.9086815521281,1339.1579237940032,2708.4080706660425,1599.846173578345,1187.2674808697273,1345.1685484276113,1957.4705921468224,3235.7113496833354,1251.429808055712,3772.4677584592937,3694.200486542977,1324.5949726502877,1106.627716520583,1011.315163787288,3558.6138761049447,1457.5351585451467,881.0410318079988,2995.8294346272555,2860.24336244447,1328.526211341454,1909.1788987824857,1992.441762127914,1307.0312238224108,2948.683653353365,3488.819183121868,1486.108620739212,4168.3497690564745,2541.511356409554,2120.0123291146574],
