{
    "drone_dist": [
        [0.0,932.8125921289752,2721.1128312511723,2368.199498200626,2239.4641163406677,1202.363567279923,657.9441402035769,1711.7767608300805,1618.1311789805663,863.1526415614799,1982.4347616036346,2652.959289808564,342.6783240870837,3182.1540559940963,3078.0987879675668,1679.2128173462904,505.9181175742293,3105.4409178459887,1644.7402330903003,1284.892022115889,1554.1331759199738,1366.0785670863581,3284.755241573026,2245.8792791170094,1601.0148152006689,3547.8330241752046,1679.5908387194502,900.5210380683676,1572.6536915503398,1915.352842723987,2318.6069730872773,789.2950317592738,2294.5504524273115,2771.72997434552,1339.0531908223595,967.3705937385907,1126.354548417072,3080.3686832273684,2465.93582142741,1748.0610578785045,2017.6789148750825,1038.0533794247756,1701.3378150407398,3581.207828855617,1144.2792338542456,1917.3201912133284,864.3942784337285,1395.0142791620917,2383.2565989485724,2165.3979727168835,0.0],
        [932.8125921289752,0.0,2090.823173983893,2033.4481853867942,1445.5335876412985,507.6680693195849,1233.923229340943,1107.6463853634955,992.9030196903287,1637.005070832033,1098.2634471467134,2814.256996989899,746.697733609931,2332.6874176026427,2348.700953436935,1217.1484223254508,1328.0064138511043,2822.909686809628,2575.900555237703,2124.612738951099,816.482245028451,2272.7690503586477,2352.298059148211,2595.495371023231,1893.4354277512318,2630.543035512502,1003.3364342591607,604.8834450665977,1770.6943234908183,2779.9637635660856,2799.59681727172,948.8722909303858,1840.0574104387963,2633.9955994699735,1254.3267526672157,1510.9384795243943,1269.2983420431192,3213.3270810972103,2138.036039731599,1467.998185813888,1746.485917183886,1374.5514082293355,2490.449817810078,2664.8858865121733,293.8591530856554,1493.765243630291,1781.3977598232977,512.148500840466,2693.3029808136016,3085.570851126608,932.8125921289752],
        [2721.1128312511723,2090.823173983893,0.0,3839.665183937636,806.2886309639291,1603.1348986549658,3253.0681064448668,2844.3683498370256,2749.380201358112,2878.1066036780767,2214.077702097642,2288.36328035715,2727.622550205631,1079.2172669129136,501.47050683675894,1061.3562968261065,2791.3955418037185,1277.4166234603058,4171.153454814469,3322.6685684736294,2503.4983114223623,4019.5632296433528,2172.7464793781032,4685.797718357768,2177.979600292375,1843.578099478749,1090.8381367647228,2686.1980061148483,3856.1940230238824,3901.4024357583257,2974.4662059686434,2045.3908320434373,618.7171955206207,1517.302065433913,3308.5150773359833,2482.5968248427757,3359.129246917862,2469.5774910401856,896.5705536192021,1174.839663823844,3647.710045740002,3458.619851081966,3460.3686166511875,1851.9926666901736,1799.0888920054335,3312.903850563009,3294.198676440561,2134.7376495460335,4780.385836687407,4416.260846162485,2721.1128312511723],
        [2368.199498200626,2033.4481853867942,3839.665183937636,0.0,3044.5247130399603,2490.508565872633,1933.3297383274898,1001.5465194710633,1105.940861008007,3222.9371470434644,1679.2558703926932,4828.488239648865,2031.8852348342973,3572.4590327546907,3907.8057645012373,3199.387756567733,2867.192133175088,4798.537956590144,3455.8187050032316,3579.1187629679803,1348.6655523194233,3014.3847516134792,2799.9222894840696,1708.1836134626833,3846.546448695656,3408.680246524999,2879.7096356556153,1548.6666801765489,1225.9450688170966,4127.914372787811,4667.349919828556,2886.8842982824326,3772.6191457087666,4657.121733490685,1046.8410976163834,3306.4390235495584,1337.4820352477066,5236.414671760662,4117.993368675149,3489.008998598715,357.78342220888385,1562.4886428948091,4020.0374138564284,3446.022567180882,2236.4911959627875,546.121539072017,3059.7857817265176,1742.706671401628,1669.6291199034465,4163.458991211162,2368.199498200626],
        [2239.4641163406677,1445.5335876412985,806.2886309639291,3044.5247130399603,0.0,1037.7301024618228,2671.7864482305304,2056.5569272310363,1966.8703158586873,2621.1198258824547,1407.7968749774457,2667.175445364789,2160.8571324198756,961.257247572156,916.5104003480633,888.2849701992247,2442.010375747125,1971.4637763088401,3824.092436326142,3110.713305726624,1722.453025054683,3599.048753316811,1608.0528994893343,3996.8228737557397,2217.3969142405876,1518.1857033609267,599.6996591753175,2001.5516586763297,3157.625495325378,3744.8847364358753,3134.9380835480415,1730.046376171854,995.9825770295321,2061.0218120229792,2585.7590409786635,2290.2588495565496,2678.3149291219256,2943.843167175756,1398.4885426971143,1208.8189314785755,2868.2636855080696,2812.0220651502696,3344.738515152195,1541.7252516404042,1156.8188140500793,2525.418542959364,2954.9287233621,1376.0064967419999,4078.526609318951,4189.4753286824425,2239.4641163406677],
        [1202.363567279923,507.6680693195849,1603.1348986549658,2490.508565872633,1037.7301024618228,0.0,1660.5277430641283,1517.2200615376914,1403.52618100745,1682.358850562734,1254.1443235227705,2441.3641712902913,1138.9060791541413,1982.0543019106037,1901.6949002044564,717.3069260121338,1448.698776427431,2326.21245185318,2808.33214772475,2184.1479836586473,1184.013772747715,2565.1344781088374,2250.202024116944,3093.3241344443927,1630.644286698585,2402.2441657482645,513.1818801114047,1112.2840965485009,2274.4920389230538,2839.04705068903,2577.1825489780035,822.5448791928479,1333.0635056308051,2167.9684810580084,1761.3324930241881,1432.907989471025,1770.0529335841602,2819.3438919953605,1641.228406402575,1001.5789576663647,2224.655540987529,1856.5281593809825,2486.1300811301426,2433.1281933565688,254.0397507035309,1944.7756746630448,1953.4631703734156,792.6284100035647,3195.1086342538483,3227.124089049861,1202.363567279923],
        [657.9441402035769,1233.923229340943,3253.0681064448668,1933.3297383274898,2671.7864482305304,1660.5277430641283,0.0,1541.231675058039,1481.6799750422017,1371.8815415076888,2051.972336370345,3302.1668341887116,525.6079620193723,3565.600046948313,3560.047917796995,2252.375070721042,1044.7160685586978,3742.93062349323,1610.4413360984292,1660.3876236055219,1521.527333140594,1207.2995921339661,3449.0619249777246,1588.0819132283893,2246.57795679692,3816.1471035131976,2171.2178133295297,827.2242927012088,949.4350992072497,2194.8135436117022,2898.1493316368096,1437.3861986294999,2884.7382183399354,3424.6335959478533,896.3744255732349,1586.3215107344438,597.1638466276246,3730.1158256255408,3089.6902954476736,2369.06225082071,1575.9942030285872,417.69830181771545,2104.9118145863604,3852.0315280588675,1515.7431105506535,1583.8755990910413,1130.3067861271622,1534.1111169396725,1725.510063863472,2273.9561194494827,657.9441402035769],
        [1711.7767608300805,1107.6463853634955,2844.3683498370256,1001.5465194710633,2056.5569272310363,1517.2200615376914,1541.231675058039,0.0,115.14505933071014,2561.713386571749,772.7263713674895,3919.681587362829,1377.556053978259,2668.047425891674,2939.8542258529687,2213.2907642937403,2210.241818507621,3803.4123603818525,3148.3381006550167,2995.942391052855,347.4847606446035,2747.850475180958,2122.4427458100863,2173.938475480943,2993.20032629154,2640.956229804689,1880.908548037352,812.6162069918865,1384.0733983547652,3614.6881331795503,3876.9102177082004,2035.0288500872655,2774.008163834364,3682.7949640009965,817.8946403862947,2542.185884042889,1099.2199883999342,4314.411106478063,3125.7313344525883,2518.5497545887383,817.4164904342329,1348.3592231165055,3411.50773262929,2678.97356381632,1264.9905626339248,468.97423779372514,2537.4132397290814,745.189887738005,2209.145636934115,3786.393546456645,1711.7767608300805],
        [1618.1311789805663,992.9030196903287,2749.380201358112,1105.940861008007,1966.8703158586873,1403.52618100745,1481.6799750422017,115.14505933071014,0.0,2463.0114172481267,730.2249393787293,3804.574891666627,1287.811575151567,2605.478336614614,2857.462089322952,2101.840333616651,2113.3587141887606,3694.7418328446097,3082.583761892736,2903.016789071924,245.93866898195327,2688.8414411376875,2111.6064015425413,2204.4302359708954,2879.861158295647,2609.2508751843848,1773.9363418739888,723.7764133441287,1397.6259794022658,3526.556540719611,3766.3107048350016,1922.6385275478044,2666.9752003249164,3569.9226097417054,814.5151101480003,2434.876437237982,1074.6948192764173,4199.279058553262,3016.01595927709,2405.027892134592,901.4386994140748,1316.8923047206915,3315.186715871828,2647.1976380875667,1150.9296604785338,565.7640117869433,2452.341709136462,636.99935155228,2247.5524200821114,3711.009705885768,1618.1311789805663],
        [863.1526415614799,1637.005070832033,2878.1066036780767,3222.9371470434644,2621.1198258824547,1682.358850562734,1371.8815415076888,2561.713386571749,2463.0114172481267,0.0,2734.903073621918,2083.2483678759954,1205.8017676135155,3579.792220119259,3318.9398749168627,1836.6287141032851,357.4606922473153,2886.593617168571,1317.903992811803,501.9857627652889,2371.988424004596,1288.5781695778028,3921.9732306937367,2852.7443956228176,1069.8101073836094,4075.8925583867504,2021.4335956590191,1756.7821364488625,2318.905792981326,1159.2601196001242,1534.5594300414084,891.5313011498945,2326.7740486096163,2450.476562229138,2182.986114914779,425.0204151493992,1936.1417509202586,2502.8848159078684,2355.4851160669327,1727.0802849716579,2869.2336468311833,1789.4537662138084,858.5093557044983,4105.478560092713,1744.5962289521417,2780.371573044402,496.33142849283144,2145.0474237691537,3007.0388424449325,1568.8872740038482,863.1526415614799],
        [1982.4347616036346,1098.2634471467134,2214.077702097642,1679.2558703926932,1407.7968749774457,1254.1443235227705,2051.972336370345,772.7263713674895,730.2249393787293,2734.903073621918,0.0,3670.8140501428798,1709.4273239933714,1906.6024504459972,2234.339907208627,1817.5265949200534,2419.0235591053734,3305.781869233789,3583.29817071218,3219.448576701797,559.3542595078848,3228.962979924265,1412.6548227663397,2934.6125283446354,2881.4566861687094,1880.1909277495417,1420.4834438802075,1224.9675987840528,2122.6885361484715,3872.1593670812676,3822.3623463588747,2001.235008316836,2272.212754656985,3277.467907788041,1531.2943645586915,2593.0560304217097,1757.4808315598234,4028.922537689069,2659.123713319066,2168.459555541391,1569.5232583645245,1978.963671740093,3588.651085033744,1918.0861037154302,1061.6431782385193,1207.3478328544927,2846.602889284026,592.0762721117605,2976.832127645478,4146.953392874209,1982.4347616036346],
        [2652.959289808564,2814.256996989899,2288.36328035715,4828.488239648865,2667.175445364789,2441.3641712902913,3302.1668341887116,3919.681587362829,3804.574891666627,2083.2483678759954,3670.8140501428798,0.0,2916.1583919727063,3353.1704668003276,2775.6791146395326,1885.0689391044775,2304.4205202358294,1377.2864136417966,3220.6292313090808,2210.673502903073,3606.9603557664695,3328.781727027589,4275.05870710096,4874.5470324869475,1056.671538210284,4089.703930690301,2297.950169770273,3291.052824296674,4223.2904301764875,2470.4380088695802,981.9487320677409,1957.4352384274912,1729.0888623109443,871.9992823692654,3902.7802635017256,1737.966726239796,3754.362670144508,428.046630209287,1391.969375680518,1522.2529573546112,4514.279306271988,3690.7255249920713,2033.426542014844,4103.701201436924,2677.38807565122,4299.457307116959,2563.344532652623,3228.9536785365403,5019.886579503309,3074.3043501563357,2652.959289808564],
        [342.6783240870837,746.697733609931,2727.622550205631,2031.8852348342973,2160.8571324198756,1138.9060791541413,525.6079620193723,1377.556053978259,1287.811575151567,1205.8017676135155,1709.4273239933714,2916.1583919727063,0.0,3072.53295747089,3040.411547711852,1730.7563354390973,848.5949586072047,3247.6398982149403,1875.2580116317422,1619.5488739213338,1243.942569281154,1540.855692438979,3058.485331287612,2061.013661078068,1878.5851557868732,3372.023213144092,1647.5764335324147,564.9929350601328,1320.489123308125,2238.7698941039707,2641.979536365698,979.9885398558199,2365.3833231231083,2955.731909520687,1014.946985491142,1282.2866556179824,838.319118087041,3340.66878859201,2584.673309403479,1865.4878148344644,1684.1672579815854,808.9246030247765,2041.3042751735227,3406.821484028267,1011.7574925388717,1574.88123509703,1167.9879358063174,1138.5355195592058,2185.818945960214,2449.5417851752377,342.6783240870837],
        [3182.1540559940963,2332.6874176026427,1079.2172669129136,3572.4590327546907,961.257247572156,1982.0543019106037,3565.600046948313,2668.047425891674,2605.478336614614,3579.792220119259,1906.6024504459972,3353.1704668003276,3072.53295747089,0.0,668.4614382663059,1794.9909313688634,3402.8055358192355,2319.707189334357,4782.609689352364,4066.2764630774254,2383.3376062897937,4546.875222281527,1238.1229603149043,4768.749520047894,3095.597730768385,774.7191653496407,1559.7792090186217,2827.9731526757773,3931.7036074943258,4694.224906078493,3967.4614970477814,2689.687500561191,1632.7177613512538,2596.385034955392,3338.614695918715,3238.6998919568705,3486.9612958608877,3548.3336510374606,1967.6050516825253,2057.3971099960545,3475.5413283558914,3653.4554026921037,4284.196272834641,778.9895838801176,2061.3697620314733,3113.8018504724237,3915.4075046242183,2126.814684174628,4830.873923084778,5148.625812167658,3182.1540559940963],
        [3078.0987879675668,2348.700953436935,501.47050683675894,3907.8057645012373,916.5104003480633,1901.6949002044564,3560.047917796995,2939.8542258529687,2857.462089322952,3318.9398749168627,2234.339907208627,2775.6791146395326,3040.411547711852,668.4614382663059,0.0,1482.5875536931078,3202.5221315500526,1661.385244368064,4591.057473063761,3778.2796552721197,2616.6411396542467,4411.106664704095,1876.711188068828,4913.191851311524,2670.2726913074966,1440.3382335016356,1400.1779160817675,2916.144622326544,4074.1213780353523,4372.0193486371245,3475.9252340921944,2458.706091681961,1118.2839335613842,1975.408917562744,3501.321092044569,2936.7973693111194,3593.406229710986,2933.5447249394942,1385.6168023839364,1650.8715631258326,3756.751540951297,3721.3220090132895,3937.1717172381605,1441.9752377094328,2055.9924292713717,3405.7335208116033,3712.530675452923,2286.8559405763617,4994.944706385966,4872.649346036539,3078.0987879675668],
        [1679.2128173462904,1217.1484223254508,1061.3562968261065,3199.387756567733,888.2849701992247,717.3069260121338,2252.375070721042,2213.2907642937403,2101.840333616651,1836.6287141032851,1817.5265949200534,1885.0689391044775,1730.7563354390973,1794.9909313688634,1482.5875536931078,0.0,1730.9112783189264,1608.9055359663641,3114.4381573921787,2301.926681567678,1870.9708840250164,2958.545750898359,2453.070617467227,3762.056831580792,1329.2239132562863,2406.0708849133352,412.9308444063373,1815.5963642234196,2960.682855476493,2911.824257252546,2253.909320887499,984.6176776388644,637.5071659910852,1476.836697654523,2469.78457859706,1462.372354037941,2452.707518661312,2220.0927863757697,923.9557585149334,362.9020822556722,2940.5446733017084,2508.9525798846976,2492.4309811777994,2429.0852496554808,968.0826367962117,2653.2761900792925,2236.29445075196,1471.2105509917044,3872.7475797792004,3395.0564993358657,1679.2128173462904],
        [505.9181175742293,1328.0064138511043,2791.3955418037185,2867.192133175088,2442.010375747125,1448.698776427431,1044.7160685586978,2210.241818507621,2113.3587141887606,357.4606922473153,2419.0235591053734,2304.4205202358294,848.5949586072047,3402.8055358192355,3202.5221315500526,1730.9112783189264,0.0,2958.1190600390137,1389.8008461155964,802.5384575551709,2031.8232971331302,1241.2166063169393,3653.3674201604304,2577.1674215777302,1253.223675743714,3850.1915115393017,1847.6886670704152,1402.4156743224653,1993.9608728547519,1453.1880372446542,1854.7692745283784,746.3092513829176,2283.798661939373,2562.269968247426,1829.5635841073713,566.4691647033751,1591.0485440048017,2731.017441053851,2373.5850518051716,1692.6588149233146,2514.2462613202474,1459.1295678530068,1201.871444185387,3881.3735191867327,1471.1575388075012,2422.9540732889413,513.5835811034159,1827.000359299927,2726.514680991047,1782.513943814416,505.9181175742293],
        [3105.4409178459887,2822.909686809628,1277.4166234603058,4798.537956590144,1971.4637763088401,2326.21245185318,3742.93062349323,3803.4123603818525,3694.7418328446097,2886.593617168571,3305.781869233789,1377.2864136417966,3247.6398982149403,2319.707189334357,1661.385244368064,1608.9055359663641,2958.1190600390137,0.0,4184.156629200242,3197.6886766373404,3456.9759049403324,4167.5331193302245,3449.8974504999205,5308.265746475284,1872.842077631245,3094.2930768145466,1924.8661676230704,3414.3289858673584,4534.901541362861,3627.435918071687,2306.159941919439,2317.0139522072695,1036.7698959993063,522.7163809788891,4070.0997482237744,2464.0659997536018,4027.881003010405,1377.3259518111338,685.1283141181002,1385.463395730818,4547.906862411363,4052.8081749946755,3166.0113567891017,3098.4807024905654,2576.276922869226,4253.206870455964,3376.441254420538,3058.2692988653193,5429.800556709371,4214.42229879742,3105.4409178459887],
        [1644.7402330903003,2575.900555237703,4171.153454814469,3455.8187050032316,3824.092436326142,2808.33214772475,1610.4413360984292,3148.3381006550167,3082.583761892736,1317.903992811803,3583.29817071218,3220.6292313090808,1875.2580116317422,4782.609689352364,4591.057473063761,3114.4381573921787,1389.8008461155964,4184.156629200242,0.0,1013.3370173115402,3092.2281488747167,445.97871016385716,4924.247451262922,2400.764584005157,2322.3329948808946,5188.74953835377,3233.9618050509252,2385.667939998356,2271.567425948406,988.4982005537684,2410.483452811546,2132.455031672542,3637.9869283718035,3724.4623680170357,2473.7609287634828,1740.906026615142,2152.836658028962,3606.4940708494696,3672.4946965621252,3038.7578718567393,3110.2812949670333,1905.5567605106671,1257.1434840785898,5221.623001367802,2783.891180903683,3177.057923509869,878.5687583495521,3012.648060593446,2563.4459032840014,729.4445848240978,1644.7402330903003],
        [1284.892022115889,2124.612738951099,3322.6685684736294,3579.1187629679803,3110.713305726624,2184.1479836586473,1660.3876236055219,2995.942391052855,2903.016789071924,501.9857627652889,3219.448576701797,2210.673502903073,1619.5488739213338,4066.2764630774254,3778.2796552721197,2301.926681567678,802.5384575551709,3197.6886766373404,1013.3370173115402,0.0,2831.5676217557907,1151.3141150272793,4423.333790960667,2982.945718657962,1325.5272886591865,4575.1779959461455,2511.7556405092105,2183.6180550888616,2569.560645967768,658.5965610258125,1457.8433565829578,1385.9740730032167,2748.1967645677846,2724.3639524682108,2532.3488787222827,841.5206256229624,2254.086772448416,2603.6184580286094,2728.2227602598523,2153.6597270796724,3221.627835876922,2068.097999891238,444.86337141039354,4604.467414155144,2244.138450172512,3172.6014143129187,540.4518984190597,2627.755238172916,3144.114408548895,1094.447613886378,1284.892022115889],
        [1554.1331759199738,816.482245028451,2503.4983114223623,1348.6655523194233,1722.453025054683,1184.013772747715,1521.527333140594,347.4847606446035,245.93866898195327,2371.988424004596,559.3542595078848,3606.9603557664695,1243.942569281154,2383.3376062897937,2616.6411396542467,1870.9708840250164,2031.8232971331302,3456.9759049403324,3092.2281488747167,2831.5676217557907,0.0,2717.6629286801954,1970.6147068247449,2399.8551649810083,2709.2178937430976,2429.956193228323,1533.7382975517712,706.8591118262696,1575.7235702215446,3469.235175213954,3614.2025896073233,1763.55791430472,2426.7819812218995,3343.7342218930403,980.3030796683927,2305.103750098973,1198.1281960254225,3995.3661555140957,2780.3292153165357,2182.753182490403,1146.0730744020434,1421.6262763202903,3229.8147496569277,2467.6551487334327,935.3353297794098,811.191434639431,2409.7436027357576,400.000681219945,2452.595633214232,3692.0697209858604,1554.1331759199738],
        [1366.0785670863581,2272.7690503586477,4019.5632296433528,3014.3847516134792,3599.048753316811,2565.1344781088374,1207.2995921339661,2747.850475180958,2688.8414411376875,1288.5781695778028,3228.962979924265,3328.781727027589,1540.855692438979,4546.875222281527,4411.106664704095,2958.545750898359,1241.2166063169393,4167.5331193302245,445.97871016385716,1151.3141150272793,2717.6629286801954,0.0,4598.258529214704,1985.4189616366627,2353.5608610849417,4902.776374860632,3024.961666682955,2012.4087679247227,1825.7016902174803,1340.3415014302332,2608.131611012774,1978.3231449060486,3524.546789901216,3738.8393073887864,2045.6356563621866,1705.0830876665614,1723.4516303126845,3734.6194998794235,3607.3730470708415,2933.768360141013,2671.0847150436894,1472.2444968867287,1502.9152078851148,4936.868414275627,2506.624545739581,2750.536166341874,793.0325544606478,2674.9157018603164,2149.098073991086,1172.8589183006247,1366.0785670863581],
        [3284.755241573026,2352.298059148211,2172.7464793781032,2799.9222894840696,1608.0528994893343,2250.202024116944,3449.0619249777246,2122.4427458100863,2111.6064015425413,3921.9732306937367,1412.6548227663397,4275.05870710096,3058.485331287612,1238.1229603149043,1876.711188068828,2453.070617467227,3653.3674201604304,3449.8974504999205,4924.247451262922,4423.333790960667,1970.6147068247449,4598.258529214704,0.0,4288.487470369246,3759.2951245544828,668.8395798440457,2071.998214280487,2623.8495465275596,3505.685290534203,5081.232095953656,4701.026877061651,3071.921938381767,2577.965080421943,3632.0536512338717,2925.9250745979834,3680.7301430166644,3167.5385635966327,4542.421323625386,2969.267374042816,2799.38423453309,2817.099288059569,3391.5642794956557,4736.331797687366,701.0443665896443,2182.8351059396114,2468.203622524811,4129.110460948828,1924.510404071564,4311.16950759643,5430.485918495615,3284.755241573026],
        [2245.8792791170094,2595.495371023231,4685.797718357768,1708.1836134626833,3996.8228737557397,3093.3241344443927,1588.0819132283893,2173.938475480943,2204.4302359708954,2852.7443956228176,2934.6125283446354,4874.5470324869475,2061.013661078068,4768.749520047894,4913.191851311524,3762.056831580792,2577.1674215777302,5308.265746475284,2400.764584005157,2982.945718657962,2399.8551649810083,1985.4189616366627,4288.487470369246,0.0,3818.098814122283,4812.929140705409,3598.527368786106,2002.149145208517,840.4837055144568,3317.9537360312293,4377.580300159197,3021.4815289495696,4399.386135129544,5008.6812030968895,1430.1348340391864,3140.620925760283,1326.7004966822901,5302.38162461156,4641.596736824283,3924.515132101756,1524.7161425796432,1256.6568604663694,3403.7657299913917,4850.910673575553,2886.7124562394847,1837.5130401419722,2460.7509151600075,2648.4769073280404,163.86892384056085,3118.9038082833185,2245.8792791170094],
        [1601.0148152006689,1893.4354277512318,2177.979600292375,3846.546448695656,2217.3969142405876,1630.644286698585,2246.57795679692,2993.20032629154,2879.861158295647,1069.8101073836094,2881.4566861687094,1056.671538210284,1878.5851557868732,3095.597730768385,2670.2726913074966,1329.2239132562863,1253.223675743714,1872.842077631245,2322.3329948808946,1325.5272886591865,2709.2178937430976,2353.5608610849417,3759.2951245544828,3818.098814122283,0.0,3734.453202195114,1687.5530467859994,2297.9798286916393,3173.507508985662,1786.6271827563867,951.8226672861306,963.0001530716975,1563.1671417102434,1402.1422776684226,2881.7494190765365,688.4210825959896,2713.75527458763,1484.6855473832547,1450.0942946503035,1038.8097421664008,3518.270636682138,2638.9332261930585,1326.9301248023173,3756.920439034992,1826.4502578638608,3333.979490338589,1564.9340881858957,2364.4504008473473,3963.2206444481867,2356.113280841696,1601.0148152006689],
        [3547.8330241752046,2630.543035512502,1843.578099478749,3408.680246524999,1518.1857033609267,2402.2441657482645,3816.1471035131976,2640.956229804689,2609.2508751843848,4075.8925583867504,1880.1909277495417,4089.703930690301,3372.023213144092,774.7191653496407,1440.3382335016356,2406.0708849133352,3850.1915115393017,3094.2930768145466,5188.74953835377,4575.1779959461455,2429.956193228323,4902.776374860632,668.8395798440457,4812.929140705409,3734.453202195114,0.0,2088.638320366041,3013.1618403269504,4002.434649718481,5222.932002697871,4642.211157925858,3190.868816291851,2360.6493222462595,3358.904448917697,3409.241192139995,3778.833611381057,3617.0675083927404,4304.966189270371,2717.813546649998,2713.2631377329053,3389.7472960552377,3820.591797553549,4840.442314155621,38.02775538406318,2404.9593828916964,3031.3119537866714,4350.627121876685,2288.481409575534,4849.955012905688,5629.212672680816,3547.8330241752046],
        [1679.5908387194502,1003.3364342591607,1090.8381367647228,2879.7096356556153,599.6996591753175,513.1818801114047,2171.2178133295297,1880.908548037352,1773.9363418739888,2021.4335956590191,1420.4834438802075,2297.950169770273,1647.5764335324147,1559.7792090186217,1400.1779160817675,412.9308444063373,1847.6886670704152,1924.8661676230704,3233.9618050509252,2511.7556405092105,1533.7382975517712,3024.961666682955,2071.998214280487,3598.527368786106,1687.5530467859994,2088.638320366041,0.0,1604.39048991594,2773.3415907480567,3148.5239643578416,2629.9537104348415,1130.3728003056212,893.1155577786516,1857.5206015114684,2240.672646883425,1695.9000179978384,2272.6127196397783,2630.7938300471924,1254.7157791003203,775.7029194343634,2645.3741046573605,2367.792300681133,2754.5965545231593,2115.0600854215622,715.4831403482121,2336.414263610716,2361.205165005194,1137.0063511884089,3696.482416218213,3589.7902226035917,1679.5908387194502],
        [900.5210380683676,604.8834450665977,2686.1980061148483,1548.6666801765489,2001.5516586763297,1112.2840965485009,827.2242927012088,812.6162069918865,723.7764133441287,1756.7821364488625,1224.9675987840528,3291.052824296674,564.9929350601328,2827.9731526757773,2916.144622326544,1815.5963642234196,1402.4156743224653,3414.3289858673584,2385.667939998356,2183.6180550888616,706.8591118262696,2012.4087679247227,2623.8495465275596,2002.149145208517,2297.9798286916393,3013.1618403269504,1604.39048991594,0.0,1170.0425345518647,2803.1657917166403,3131.4249854177738,1340.0163697962544,2443.1833618083765,3197.4960920338485,655.7933997627151,1775.6025675094058,677.4992184567818,3704.914371444438,2730.9885356426926,2042.8868058381688,1223.840090639485,825.625541576414,2601.696081665615,3049.7230132941086,889.0769662676098,1048.5988257843826,1728.7046974382379,725.2652019211833,2094.1879490259394,2994.812056254454,900.5210380683676],
        [1572.6536915503398,1770.6943234908183,3856.1940230238824,1225.9450688170966,3157.625495325378,2274.4920389230538,949.4350992072497,1384.0733983547652,1397.6259794022658,2318.905792981326,2122.6885361484715,4223.2904301764875,1320.489123308125,3931.7036074943258,4074.1213780353523,2960.682855476493,1993.9608728547519,4534.901541362861,2271.567425948406,2569.560645967768,1575.7235702215446,1825.7016902174803,3505.685290534203,840.4837055144568,3173.507508985662,4002.434649718481,2773.3415907480567,1170.0425345518647,0.0,3038.5119136154053,3847.5259206288815,2300.477327102297,3595.4897105798705,4268.945419291307,596.4667182904881,2528.4701010211957,508.1935758349196,4649.955568738143,3858.8472987597115,3150.0289750589336,919.0689600446233,537.1417964277872,3012.937537638818,4040.2734279478873,2058.635859133858,1134.387656145724,2029.3946712811564,1808.7567180637784,924.3097038778633,2994.2705123642436,1572.6536915503398],
        [1915.352842723987,2779.9637635660856,3901.4024357583257,4127.914372787811,3744.8847364358753,2839.04705068903,2194.8135436117022,3614.6881331795503,3526.556540719611,1159.2601196001242,3872.1593670812676,2470.4380088695802,2238.7698941039707,4694.224906078493,4372.0193486371245,2911.824257252546,1453.1880372446542,3627.435918071687,988.4982005537684,658.5965610258125,3469.235175213954,1340.3415014302332,5081.232095953656,3317.9537360312293,1786.6271827563867,5222.932002697871,3148.5239643578416,2803.1657917166403,3038.5119136154053,0.0,1550.3594588190565,2032.2403062333317,3306.731633136649,3124.478332688148,3088.725546126737,1455.5858094587707,2790.6105480654523,2810.329416968071,3235.0954898164578,2726.605845636721,3770.7537366280017,2577.8137366607893,462.0502375384699,5251.615817414586,2902.7126820981102,3756.5901664749754,1082.5452286220493,3280.103336379338,3481.81965257947,603.8740034388386,1915.352842723987],
        [2318.6069730872773,2799.59681727172,2974.4662059686434,4667.349919828556,3134.9380835480415,2577.1825489780035,2898.1493316368096,3876.9102177082004,3766.3107048350016,1534.5594300414084,3822.3623463588747,981.9487320677409,2641.979536365698,3967.4614970477814,3475.9252340921944,2253.909320887499,1854.7692745283784,2306.159941919439,2410.483452811546,1457.8433565829578,3614.2025896073233,2608.131611012774,4701.026877061651,4377.580300159197,951.8226672861306,4642.211157925858,2629.9537104348415,3131.4249854177738,3847.5259206288815,1550.3594588190565,0.0,1850.8540203310993,2360.4615511983734,1783.6698771375686,3655.296585826032,1361.1126115791176,3439.231785170292,1270.10221893559,2129.235212176217,1929.206847714423,4324.235545207527,3313.7206970530956,1158.714637892034,4662.496578715884,2762.250345864403,4179.9284038235655,1929.0840034316848,3288.708949341867,4534.188212105435,2147.9675515381978,2318.6069730872773],
        [789.2950317592738,948.8722909303858,2045.3908320434373,2886.8842982824326,1730.046376171854,822.5448791928479,1437.3861986294999,2035.0288500872655,1922.6385275478044,891.5313011498945,2001.235008316836,1957.4352384274912,979.9885398558199,2689.687500561191,2458.706091681961,984.6176776388644,746.3092513829176,2317.0139522072695,2132.455031672542,1385.9740730032167,1763.55791430472,1978.3231449060486,3071.921938381767,3021.4815289495696,963.0001530716975,3190.868816291851,1130.3728003056212,1340.0163697962544,2300.477327102297,2032.2403062333317,1850.8540203310993,0.0,1552.415843188912,1987.5871776222018,1945.753080182131,610.8051691576484,1813.1155448492211,2376.7893752348114,1686.3145711101652,976.9068406217418,2563.388964459066,1783.2635972219232,1665.3143300820673,3219.752748403767,945.7388262598697,2371.236477566111,1253.888122951425,1444.7002123239076,3153.269436030008,2459.430703525856,789.2950317592738],
        [2294.5504524273115,1840.0574104387963,618.7171955206207,3772.6191457087666,995.9825770295321,1333.0635056308051,2884.7382183399354,2774.008163834364,2666.9752003249164,2326.7740486096163,2272.212754656985,1729.0888623109443,2365.3833231231083,1632.7177613512538,1118.2839335613842,637.5071659910852,2283.798661939373,1036.7698959993063,3637.9869283718035,2748.1967645677846,2426.7819812218995,3524.546789901216,2577.965080421943,4399.386135129544,1563.1671417102434,2360.6493222462595,893.1155577786516,2443.1833618083765,3595.4897105798705,3306.731633136649,2360.4615511983734,1552.415843188912,0.0,1065.0624142719416,3094.2803673637773,1916.3855890288742,3087.88567132228,1966.157889618056,403.54891421555726,599.722948147499,3533.4759107992527,3146.452898023214,2859.65817457363,2374.8811195208577,1573.6899191317432,3228.84687944477,2769.8555895329455,2029.9931664161172,4509.359298400117,3836.856364561772,2294.5504524273115],
        [2771.72997434552,2633.9955994699735,1517.302065433913,4657.121733490685,2061.0218120229792,2167.9684810580084,3424.6335959478533,3682.7949640009965,3569.9226097417054,2450.476562229138,3277.467907788041,871.9992823692654,2955.731909520687,2596.385034955392,1975.408917562744,1476.836697654523,2562.269968247426,522.7163809788891,3724.4623680170357,2724.3639524682108,3343.7342218930403,3738.8393073887864,3632.0536512338717,5008.6812030968895,1402.1422776684226,3358.904448917697,1857.5206015114684,3197.4960920338485,4268.945419291307,3124.478332688148,1783.6698771375686,1987.5871776222018,1065.0624142719416,0.0,3848.3349516610137,2036.560119867789,3768.707568375503,958.3540909598181,664.4198869227553,1168.230456153009,4380.256499138542,3764.3244725737527,2664.6663039647015,3368.3002464675583,2421.86266846975,4111.964506429898,2945.8894021833007,2944.995857898556,5138.877785087269,3716.836077367988,2771.72997434552],
        [1339.0531908223595,1254.3267526672157,3308.5150773359833,1046.8410976163834,2585.7590409786635,1761.3324930241881,896.3744255732349,817.8946403862947,814.5151101480003,2182.986114914779,1531.2943645586915,3902.7802635017256,1014.946985491142,3338.614695918715,3501.321092044569,2469.78457859706,1829.5635841073713,4070.0997482237744,2473.7609287634828,2532.3488787222827,980.3030796683927,2045.6356563621866,2925.9250745979834,1430.1348340391864,2881.7494190765365,3409.241192139995,2240.672646883425,655.7933997627151,596.4667182904881,3088.725546126737,3655.296585826032,1945.753080182131,3094.2803673637773,3848.3349516610137,0.0,2296.9268053780365,322.40284385116416,4322.479215352672,3386.613092384279,2697.6190656730278,689.6880415419714,577.6941593358088,2973.219897945609,3447.011379584371,1527.5853905718743,705.0594534984649,2015.351402708137,1221.742618065584,1497.657669430011,3159.8326858552186,1339.0531908223595],
        [967.3705937385907,1510.9384795243943,2482.5968248427757,3306.4390235495584,2290.2588495565496,1432.907989471025,1586.3215107344438,2542.185884042889,2434.876437237982,425.0204151493992,2593.0560304217097,1737.966726239796,1282.2866556179824,3238.6998919568705,2936.7973693111194,1462.372354037941,566.4691647033751,2464.0659997536018,1740.906026615142,841.5206256229624,2305.103750098973,1705.0830876665614,3680.7301430166644,3140.620925760283,688.4210825959896,3778.833611381057,1695.9000179978384,1775.6025675094058,2528.4701010211957,1455.5858094587707,1361.1126115791176,610.8051691576484,1916.3855890288742,2036.560119867789,2296.9268053780365,0.0,2093.67675966905,2164.6974028950895,1931.5966032112665,1318.2778958229715,2963.1877804934807,1991.334416379955,1062.5534647671043,3806.495412926247,1548.9541760361392,2823.791515648972,912.695319308182,2020.6175844254426,3288.428343509969,1935.9619654682183,967.3705937385907],
        [1126.354548417072,1269.2983420431192,3359.129246917862,1337.4820352477066,2678.3149291219256,1770.0529335841602,597.1638466276246,1099.2199883999342,1074.6948192764173,1936.1417509202586,1757.4808315598234,3754.362670144508,838.319118087041,3486.9612958608877,3593.406229710986,2452.707518661312,1591.0485440048017,4027.881003010405,2152.836658028962,2254.086772448416,1198.1281960254225,1723.4516303126845,3167.5385635966327,1326.7004966822901,2713.75527458763,3617.0675083927404,2272.6127196397783,677.4992184567818,508.1935758349196,2790.6105480654523,3439.231785170292,1813.1155448492211,3087.88567132228,3768.707568375503,322.40284385116416,2093.67675966905,0.0,4178.987432632209,3351.0645601007973,2643.526721388288,980.8879480192139,257.0564782965244,2697.8439803266556,3654.437008058767,1560.0414351564784,1027.452943921846,1727.007158177995,1361.9231507951813,1425.0557249043686,2843.0977804665936,1126.354548417072],
        [3080.3686832273684,3213.3270810972103,2469.5774910401856,5236.414671760662,2943.843167175756,2819.3438919953605,3730.1158256255408,4314.411106478063,4199.279058553262,2502.8848159078684,4028.922537689069,428.046630209287,3340.66878859201,3548.3336510374606,2933.5447249394942,2220.0927863757697,2731.017441053851,1377.3259518111338,3606.4940708494696,2603.6184580286094,3995.3661555140957,3734.6194998794235,4542.421323625386,5302.38162461156,1484.6855473832547,4304.966189270371,2630.7938300471924,3704.914371444438,4649.955568738143,2810.329416968071,1270.10221893559,2376.7893752348114,1966.157889618056,958.3540909598181,4322.479215352672,2164.6974028950895,4178.987432632209,0.0,1588.2848359769916,1862.049288591939,4926.603547346305,4117.921446875939,2391.036866455025,4315.791164183501,3061.450655715409,4703.744661336772,2977.8373172991473,3611.095901545423,5447.872623461887,3412.0470086527644,3080.3686832273684],
        [2465.93582142741,2138.036039731599,896.5705536192021,4117.993368675149,1398.4885426971143,1641.228406402575,3089.6902954476736,3125.7313344525883,3016.01595927709,2355.4851160669327,2659.123713319066,1391.969375680518,2584.673309403479,1967.6050516825253,1385.6168023839364,923.9557585149334,2373.5850518051716,685.1283141181002,3672.4946965621252,2728.2227602598523,2780.3292153165357,3607.3730470708415,2969.267374042816,4641.596736824283,1450.0942946503035,2717.813546649998,1254.7157791003203,2730.9885356426926,3858.8472987597115,3235.0954898164578,2129.235212176217,1686.3145711101652,403.54891421555726,664.4198869227553,3386.613092384279,1931.5966032112665,3351.0645601007973,1588.2848359769916,0.0,720.6304005724088,3863.890508177365,3384.9746010600643,2776.635774417357,2729.36383161862,1891.7373632823128,3572.2116685576034,2828.0722518882017,2380.721159148161,4759.783248818291,3794.481828259539,2465.93582142741],
        [1748.0610578785045,1467.998185813888,1174.839663823844,3489.008998598715,1208.8189314785755,1001.5789576663647,2369.06225082071,2518.5497545887383,2405.027892134592,1727.0802849716579,2168.459555541391,1522.2529573546112,1865.4878148344644,2057.3971099960545,1650.8715631258326,362.9020822556722,1692.6588149233146,1385.463395730818,3038.7578718567393,2153.6597270796724,2182.753182490403,2933.768360141013,2799.38423453309,3924.515132101756,1038.8097421664008,2713.2631377329053,775.7029194343634,2042.8868058381688,3150.0289750589336,2726.605845636721,1929.206847714423,976.9068406217418,599.722948147499,1168.230456153009,2697.6190656730278,1318.2778958229715,2643.526721388288,1862.049288591939,720.6304005724088,0.0,3213.1694005525273,2668.3507591588814,2287.301501194188,2733.9112678656716,1254.965961473083,2944.0506962611103,2172.556880030675,1786.4290305342438,4044.7987387427756,3245.215131094202,1748.0610578785045],
        [2017.6789148750825,1746.485917183886,3647.710045740002,357.78342220888385,2868.2636855080696,2224.655540987529,1575.9942030285872,817.4164904342329,901.4386994140748,2869.2336468311833,1569.5232583645245,4514.279306271988,1684.1672579815854,3475.5413283558914,3756.751540951297,2940.5446733017084,2514.2462613202474,4547.906862411363,3110.2812949670333,3221.627835876922,1146.0730744020434,2671.0847150436894,2817.099288059569,1524.7161425796432,3518.270636682138,3389.7472960552377,2645.3741046573605,1223.840090639485,919.0689600446233,3770.7537366280017,4324.235545207527,2563.388964459066,3533.4759107992527,4380.256499138542,689.6880415419714,2963.1877804934807,980.8879480192139,4926.603547346305,3863.890508177365,3213.1694005525273,0.0,1210.314877201012,3662.8253247452767,3427.6359131131967,1972.487743457414,362.9136645603624,2702.0118561818294,1518.27609645436,1518.161581989205,3813.6210567239145,2017.6789148750825],
        [1038.0533794247756,1374.5514082293355,3458.619851081966,1562.4886428948091,2812.0220651502696,1856.5281593809825,417.69830181771545,1348.3592231165055,1316.8923047206915,1789.4537662138084,1978.963671740093,3690.7255249920713,808.9246030247765,3653.4554026921037,3721.3220090132895,2508.9525798846976,1459.1295678530068,4052.8081749946755,1905.5567605106671,2068.097999891238,1421.6262763202903,1472.2444968867287,3391.5642794956557,1256.6568604663694,2638.9332261930585,3820.591797553549,2367.792300681133,825.625541576414,537.1417964277872,2577.8137366607893,3313.7206970530956,1783.2635972219232,3146.452898023214,3764.3244725737527,577.6941593358088,1991.334416379955,257.0564782965244,4117.921446875939,3384.9746010600643,2668.3507591588814,1210.314877201012,0.0,2512.9567384883594,3857.63177197849,1668.3792711487117,1281.7655980511893,1532.2591608456353,1543.0009638160536,1377.5888251790225,2603.627250874069,1038.0533794247756],
