{
    "drone_dist": [
        [0.0,24.147715151426507,36.19122081225525,36.41549472326582,28.025642708382353,33.58090421895601,30.688491535862816,28.395200225105288,38.499411868517925,4.6465745189261565,23.719929351727952,8.238704429721656,17.3853130118204,13.201680812156026,25.520905038238105,34.182299692124175,31.888736092377123,32.54844083339279,7.700969321638145,7.2265417437274335,12.681837065762483,12.600552612554697,35.33340833164804,20.67309931325291,21.65371289685126,26.05941069162931,18.74365292475188,17.35364068926003,21.365933717433325,7.807742417481655,25.41812927634956,9.207488440904232,20.287507128027652,32.95019592647207,7.019284939221087,16.87244412091233,34.28638744663803,8.824766837710017,16.25834147878942,38.287677641220185,0.0],
        [24.147715151426507,0.0,50.32909455726258,43.78870495234109,42.90124118237268,38.767918340021446,25.47106587787882,50.774904833818226,36.905798343343015,20.253836153589056,33.6092587900273,23.743827863432752,41.26391060147911,25.34125464482636,7.5240465390068,33.98505984480531,47.47085647267024,23.720183809400464,20.849591533334998,24.254016755467628,27.776351297424966,33.578687235756675,13.174577179313559,4.385555875746513,41.13643998134486,38.70455658564624,31.89850127715576,30.53104574050507,44.8907177066757,31.341712697077448,42.487191426556194,22.041709667827472,7.197622192050669,21.382656144549646,18.973318632272115,7.913188324429442,51.742822668065706,26.4943681580522,21.030793232772883,59.41679073903578,24.147715151426507],
        [36.19122081225525,50.32909455726258,0.0,13.366490397286208,8.18740265731422,17.561293702535078,32.638515287606324,22.582293986310933,27.885007328445955,35.805045551460125,16.84753434604842,29.734468102830828,29.924294862746024,25.938027331211583,45.837417445539465,25.66962922921197,4.809247999872681,36.99736195861605,32.44769052120114,30.09283796754943,24.53951559831802,43.74290239197653,53.899950324175,49.47431774705885,16.555134057652513,11.63361320088665,18.93142261431028,20.43878868993549,27.60328115168065,30.86486663909675,11.308546193449883,45.390651743176065,43.21358764608714,40.27053667067208,35.030780788878715,47.02278658932904,7.732853702192709,44.236062548716795,29.29985547902582,20.47310370925012,36.19122081225525],
        [36.41549472326582,43.78870495234109,13.366490397286208,0.0,13.970830576800024,5.44960090481019,21.710154981796855,33.05641671666884,14.753264006445944,34.35432671513468,12.707586068583007,28.445530362055198,36.507432501653774,23.56981683953823,37.921476398687005,13.321542387108918,15.340549531458256,25.893990985941805,30.358153052696675,29.277021102035555,23.749499818337657,46.819250021714936,44.4682084167662,44.05078195504458,23.3121131654039,11.799183765516657,17.818034163249713,19.107430937966438,35.61812865558103,33.66410661183745,18.256478541966178,44.98847692399387,36.6421055545782,29.403687542061103,32.75631426407053,42.48995390853246,20.434860536056842,45.2040811337521,24.062230848883356,33.353956952938596,36.41549472326582],
        [28.025642708382353,42.90124118237268,8.18740265731422,13.970830576800024,0.0,15.737162447234706,27.9543964319914,19.152530226301426,26.07709342024422,27.639686444726877,10.42370043659081,21.59469178907378,23.407221040785174,18.00667606999703,38.966030462702086,22.82390235611233,4.575220472838168,32.23824728840968,24.356014596171935,21.921403435610017,16.418301089302222,36.05838074341386,47.59941397058063,41.758874552053506,9.785816844682508,4.93481537386393,11.073889640535697,12.532105874591847,21.940833917172064,22.982396344073464,4.385094533210537,37.21821361948756,35.90063158713341,35.20330597354569,26.934048838375404,39.14391821552256,9.520977313003481,36.16880879693535,21.957011191010906,21.16574198009081,28.025642708382353],
        [33.58090421895601,38.767918340021446,17.561293702535078,5.44960090481019,15.737162447234706,0.0,16.26651320100669,34.679522438812164,10.520976561426135,30.98704596922425,10.375498877247956,25.388820079295982,36.20196790510875,20.40998039413784,32.683070562366105,8.175110857789901,18.375877455497005,20.473681559660875,26.915932258798087,26.354575151245896,21.202997077614306,44.77092774122644,39.03612891651673,39.281220371805105,23.87890864789145,11.990881339476216,15.83030046864397,16.833178031422804,35.97663969564999,31.921901896788704,19.526265653596308,41.707917618467015,31.68350828889111,23.9705249199247,29.15632877391763,37.96912512500266,23.809285412453026,42.40203839002835,19.80316006637318,36.484758751882424,33.58090421895601],
        [30.688491535862816,25.47106587787882,32.638515287606324,21.710154981796855,27.9543964319914,16.26651320100669,0.0,44.04655946121558,11.459727656022872,26.50481361288124,17.836205885671713,23.37085891868838,40.75659875354785,19.665160162506627,18.32975772235764,9.176019231439454,31.93896240131403,4.359769544731239,22.995704463886977,24.57961068435454,22.274528234347127,43.276079738755236,23.039537988568927,27.32823033171928,32.310997095665314,23.039592448900564,20.773209598078026,20.52343792361396,42.267246178350845,32.95395566143773,30.155084940078755,36.1339622977893,19.28670989421931,7.729921996343289,24.074216880533314,27.386212482544238,37.35343840528167,38.53937083234436,14.570353223449562,48.84691823613477,30.688491535862816],
        [28.395200225105288,50.774904833818226,22.582293986310933,33.05641671666884,19.152530226301426,34.679522438812164,44.04655946121558,0.0,44.677203071680424,30.991297504762283,26.715922640279608,27.118724673319154,12.758180209142184,27.024158838844436,49.44842533532233,40.98989231445803,18.42224168531302,47.92219628818461,29.93996109827952,26.527660237328025,24.08791519187203,29.12091807609914,59.22777411135823,48.10410529947098,11.736768563849695,22.805588689148127,23.33178021583301,23.832638672300426,8.442756175616822,20.60958522071935,15.153771788269847,36.25629655956406,44.97476702460362,50.219548737239585,31.85709536794265,44.55463012366701,15.416333560171482,33.03276631766443,33.00276146690852,10.649205397048766,28.395200225105288],
        [38.499411868517925,36.905798343343015,27.885007328445955,14.753264006445944,26.07709342024422,10.520976561426135,11.459727656022872,44.677203071680424,0.0,34.9467554384111,18.561830520956754,30.406002431676573,44.65152585353727,25.719760612614696,29.786277392777382,4.367107694191753,28.89557411763247,14.299597608415636,30.998697487997234,31.553910755728978,27.507172536877174,50.678576286260935,33.688976690080246,38.57426606039988,33.417693073535375,21.88486802055532,23.52124945284938,24.027280272275696,45.06411137415285,38.74407633408019,29.591450552432892,45.34281285624887,30.529491112690174,17.737625580622606,32.70144070355335,38.29151542877042,34.3285323900803,47.02006588224931,22.572785161289694,46.98856086359573,38.499411868517925],
        [4.6465745189261565,20.253836153589056,35.805045551460125,34.35432671513468,27.639686444726877,30.98704596922425,26.50481361288124,30.991297504762283,34.9467554384111,0.0,21.715565790904378,6.136197237613674,21.016618192624062,10.79167611696176,21.01481030696783,30.704433622222425,31.83676782187109,28.129075085920423,4.079084580504991,5.7239609838368795,11.326135553321635,17.02554269689029,30.89962111031891,17.179049509316553,22.75642147964395,24.9265173924864,17.327240080542186,15.823962645802343,24.667884886731354,11.088419527298804,25.68367565837381,10.721778334294475,15.822793557689469,28.39383195765539,2.462231143927223,13.565515297388062,34.901103021921145,12.125348168651223,12.401160731690654,40.352336878030236,4.6465745189261565],
        [23.719929351727952,33.6092587900273,16.84753434604842,12.707586068583007,10.42370043659081,10.375498877247956,17.836205885671713,26.715922640279608,18.561830520956754,21.715565790904378,0.0,15.748108944911817,26.219986681970926,10.92743283727284,28.998337039839264,14.523191412566126,14.793934567894553,22.02497662553118,17.777553601123817,16.56943981656587,11.085673055177109,34.48370099690944,37.30355714639058,33.06817623090631,15.106779167513487,5.546361507177694,5.454871900611985,6.528393918607422,26.50320989175917,21.553528962937307,12.326332049150595,32.301202959828125,26.448410766929037,24.86457908773881,20.246715491688555,30.971081432852305,19.94453991466583,32.52299803943451,12.677917815432505,31.01660446063704,23.719929351727952],
        [8.238704429721656,23.743827863432752,29.734468102830828,28.445530362055198,21.59469178907378,25.388820079295982,23.37085891868838,27.118724673319154,30.406002431676573,6.136197237613674,15.748108944911817,0.0,19.16481613885771,4.979859931967425,22.58775714568641,26.063163038209662,25.87304417151933,25.812019099746916,2.9913023110880395,1.2088957089423331,5.205135787254727,20.302655125671148,32.525853571433345,21.467459163812027,17.58911640189553,18.790414703636745,11.195990237887735,9.699135243705836,22.032124967507183,9.931840800780678,19.90389347850832,16.55568262357924,17.89612734148762,26.824404690388292,5.440678380559622,18.276871126328675,29.21526051574432,17.030334712467543,8.832432109206177,35.72354638882168,8.238704429721656],
        [17.3853130118204,41.26391060147911,29.924294862746024,36.507432501653774,23.407221040785174,36.20196790510875,40.75659875354785,12.758180209142184,44.65152585353727,21.016618192624062,26.219986681970926,19.16481613885771,0.0,21.306444364502376,41.46323565752056,40.43712237224968,25.127266777619123,43.93478715914182,21.361122527585994,18.179353834680956,18.518526231724596,16.380107463502284,51.44106588029354,38.00018664350599,13.64542892667334,24.746070839505528,21.138373423314775,20.784070726828574,4.430793065294394,9.934574001639684,19.132431277738775,24.11355153187263,36.47969808798754,45.46581149766646,22.565021958538708,34.23268441960106,24.636962635758195,20.525890446497975,27.197691498789528,23.4023540038893,17.3853130118204],
        [13.201680812156026,25.34125464482636,25.938027331211583,23.56981683953823,18.00667606999703,20.40998039413784,19.665160162506627,27.024158838844436,25.719760612614696,10.79167611696176,10.92743283727284,4.979859931967425,21.306444364502376,0.0,22.67042765320462,21.356325051162614,22.49160633752343,22.644447372300863,6.868656819100745,5.992303670272697,2.973610841010629,24.9857160991993,32.27754104041648,23.830850593140056,16.179793576197167,14.558033767167236,7.008786033590448,5.499918891550233,23.37469036394038,13.380058904776893,17.15686933770419,21.429552250539963,18.694471024836723,24.198265342095972,9.388149734829193,21.13724617110554,26.453995802561458,22.007142277803244,6.076887563294026,34.51731046987449,13.201680812156026],
        [25.520905038238105,7.5240465390068,45.837417445539465,37.921476398687005,38.966030462702086,32.683070562366105,18.32975772235764,49.44842533532233,29.786277392777382,21.01481030696783,28.998337039839264,22.58775714568641,41.46323565752056,22.67042765320462,0.0,27.164010201158565,43.51872439153171,16.25946424202233,20.118787128862582,23.41573903900193,25.48445764288604,36.690217160670585,9.977836766436656,10.712368757953232,38.84913441783999,34.403338336305175,28.38700006951865,27.20744899696996,44.59112404784664,31.653678620778365,39.26173284467912,26.049541720315524,5.261282522230017,13.859452899775373,19.043092050580057,12.721481970149103,48.224590745070856,30.044584080947157,17.233830636858535,57.17166335835919,25.520905038238105],
        [34.182299692124175,33.98505984480531,25.66962922921197,13.321542387108918,22.82390235611233,8.175110857789901,9.176019231439454,40.98989231445803,4.367107694191753,30.704433622222425,14.523191412566126,26.063163038209662,40.43712237224968,21.356325051162614,27.164010201158565,0.0,26.056011131199668,12.95032009256108,26.72595707111501,27.205260459073113,23.14708244313018,46.322996221242086,32.184999949022796,35.30283907321262,29.552825664233822,18.34210806202144,19.299789119513566,19.740165645072043,40.98991631649991,34.38575297994552,26.043712861247243,41.17729756121177,27.315019510702303,16.512252854590066,28.495856737004278,34.73619805628907,31.55170116471506,42.74563096137838,18.377970797961222,43.94592415071835,34.182299692124175],
        [31.888736092377123,47.47085647267024,4.809247999872681,15.340549531458256,4.575220472838168,18.375877455497005,31.93896240131403,18.42224168531302,28.89557411763247,31.83676782187109,14.793934567894553,25.87304417151933,25.127266777619123,22.49160633752343,43.51872439153171,26.056011131199668,0.0,36.2685028667342,28.699546742136828,26.11445588755694,20.751206662797312,39.01928792001711,52.07288390249296,46.286431355179545,11.757079121462617,9.248043079597156,15.612806228456353,17.04841612151319,22.90611109348625,26.24865408152039,6.626339864812724,41.09526308343513,40.475670593285116,39.34247540209008,31.264834309313464,43.61828731606761,5.501754807673919,39.73787373318736,26.532040826306208,18.1468231877294,31.888736092377123],
        [32.54844083339279,23.720183809400464,36.99736195861605,25.893990985941805,32.23824728840968,20.473681559660875,4.359769544731239,47.92219628818461,14.299597608415636,28.129075085920423,22.02497662553118,25.812019099746916,43.93478715914182,22.644447372300863,16.25946424202233,12.95032009256108,36.2685028667342,0.0,24.98368764417564,27.005597590156885,25.42560835583679,45.12612350460249,19.42082251619676,26.188454271831002,36.209563137206914,27.31217024095184,24.59100932356451,24.19314417639815,45.715301305786525,35.640770011236306,34.30672604573081,37.05394675892776,18.35757233161418,3.5620977848514226,25.666871991708355,26.856047725862513,41.667064940604135,39.88399946495099,17.022576573275174,53.03625808218165,32.54844083339279],
        [7.700969321638145,20.849591533334998,32.44769052120114,30.358153052696675,24.356014596171935,26.915932258798087,22.995704463886977,29.93996109827952,30.998697487997234,4.079084580504991,17.777553601123817,2.9913023110880395,21.361122527585994,6.868656819100745,20.118787128862582,26.72595707111501,28.699546742136828,24.98368764417564,0.0,3.4145793758219156,7.948968298361838,20.28050743899879,30.09402016721862,18.485357732114537,20.57819547340993,21.292261154180807,13.673506167609391,12.150365845022852,24.50744060930436,11.679372568770322,22.829524326541556,14.79810837600314,15.24749728773161,25.61837254216775,2.5839462407764926,15.287949768973274,32.15624932750709,16.021918220998877,8.57593120430584,38.681835040462666,7.700969321638145],
        [7.2265417437274335,24.254016755467628,30.09283796754943,29.277021102035555,21.921403435610017,26.354575151245896,24.57961068435454,26.527660237328025,31.553910755728978,5.7239609838368795,16.56943981656587,1.2088957089423331,18.179353834680956,5.992303670272697,23.41573903900193,27.205260459073113,26.11445588755694,27.005597590156885,3.4145793758219156,0.0,5.721296441998706,19.135238480030797,33.37698030265471,21.793998741364096,17.37089771316208,19.345548516956498,11.815507571334747,10.353227464218103,21.17558421802349,8.798082409992913,20.002398864903327,15.809965165385783,18.621376681931487,27.983987238940294,5.537082281047912,18.481075501883627,29.263301692717842,16.048280859884702,10.03767211709924,35.3520527962948,7.2265417437274335],
        [12.681837065762483,27.776351297424966,24.53951559831802,23.749499818337657,16.418301089302222,21.202997077614306,22.274528234347127,24.08791519187203,27.507172536877174,11.326135553321635,11.085673055177109,5.205135787254727,18.518526231724596,2.973610841010629,25.48445764288604,23.14708244313018,20.751206662797312,25.42560835583679,7.948968298361838,5.721296441998706,0.0,23.610622371311877,35.166389936160286,25.96676015253251,13.443845484274592,13.628954273061465,6.104693636829431,4.675257428617543,20.441533466829668,11.239753139308204,14.984472552228219,21.511948390706856,21.329829703493417,27.091207800335663,10.520061658666462,23.027883992165133,24.328249805313995,21.45466905077401,9.048054699967397,31.797202139831693,12.681837065762483],
        [12.600552612554697,33.578687235756675,43.74290239197653,46.819250021714936,36.05838074341386,44.77092774122644,43.276079738755236,29.12091807609914,50.678576286260935,17.02554269689029,34.48370099690944,20.302655125671148,16.380107463502284,24.9857160991993,36.690217160670585,46.322996221242086,39.01928792001711,45.12612350460249,20.28050743899879,19.135238480030797,23.610622371311877,0.0,46.026676757303015,29.423721982525837,27.381443416647016,35.48108049206673,29.094500696895185,27.961463302914712,20.69793761814028,13.235551137676037,32.43442682853324,11.831557482785104,31.45905824500359,45.40472464060925,19.482691824672784,25.67356315426215,39.83300066857719,7.201640247866787,28.785140824206028,39.77009888501075,12.600552612554697],
        [35.33340833164804,13.174577179313559,53.899950324175,44.4682084167662,47.59941397058063,39.03612891651673,23.039537988568927,59.22777411135823,33.688976690080246,30.89962111031891,37.30355714639058,32.525853571433345,51.44106588029354,32.27754104041648,9.977836766436656,32.184999949022796,52.07288390249296,19.42082251619676,30.09402016721862,33.37698030265471,35.166389936160286,46.026676757303015,0.0,17.54717741526125,48.38631173809127,42.83506163016633,37.49426713184797,36.441759523349134,54.54799393552383,41.623955026878946,48.35360535503643,34.854842219194424,15.077551396642109,15.95260703136014,28.993130973191835,20.779982005927216,57.03582048384535,39.133433855065164,26.531823113008468,66.61194743578812,35.33340833164804],
        [20.67309931325291,4.385555875746513,49.47431774705885,44.05078195504458,41.758874552053506,39.281220371805105,27.32823033171928,48.10410529947098,38.57426606039988,17.179049509316553,33.06817623090631,21.467459163812027,38.00018664350599,23.830850593140056,10.712368757953232,35.30283907321262,46.286431355179545,26.188454271831002,18.485357732114537,21.793998741364096,25.96676015253251,29.423721982525837,17.54717741526125,0.0,39.051905509196985,37.86093599094479,30.68502642214779,29.23801698429602,41.80298988009765,28.158200175331846,40.9141072216926,17.773379720829762,8.049494577080035,24.266209607250683,16.302514339568333,3.8549713418070346,50.24698399160642,22.285721964689667,20.4005411812408,57.14593299307033,20.67309931325291],
        [21.65371289685126,41.13643998134486,16.555134057652513,23.3121131654039,9.785816844682508,23.87890864789145,32.310997095665314,11.736768563849695,33.417693073535375,22.75642147964395,15.106779167513487,17.58911640189553,13.64542892667334,16.179793576197167,38.84913441783999,29.552825664233822,11.757079121462617,36.209563137206914,20.57819547340993,17.37089771316208,13.443845484274592,27.381443416647016,48.38631173809127,39.051905509196985,0.0,11.914161939317143,11.638642518452867,12.266356922117,12.306066508493366,15.032361986330102,5.4884647937414295,30.680040722326865,34.7735952615493,38.57733464562596,22.90428345898077,35.83858645827074,12.778746901834921,28.723970789010394,21.879699937748175,18.354393818681626,21.65371289685126],
        [26.05941069162931,38.70455658564624,11.63361320088665,11.799183765516657,4.93481537386393,11.990881339476216,23.039592448900564,22.805588689148127,21.88486802055532,24.9265173924864,5.546361507177694,18.790414703636745,24.746070839505528,14.558033767167236,34.403338336305175,18.34210806202144,9.248043079597156,27.31217024095184,21.292261154180807,19.345548516956498,13.628954273061465,35.48108049206673,42.83506163016633,37.86093599094479,11.914161939317143,0.0,7.620669617975229,9.142207831251497,24.12249273001443,22.247394522031826,7.715514048079034,35.08210260020484,31.60662611440282,30.268532670118212,23.864938130892217,35.488110826990756,14.43833657396621,34.61767262211367,17.673792945604088,25.927276432662563,26.05941069162931],
        [18.74365292475188,31.89850127715576,18.93142261431028,17.818034163249713,11.073889640535697,15.83030046864397,20.773209598078026,23.33178021583301,23.52124945284938,17.327240080542186,5.454871900611985,11.195990237887735,21.138373423314775,7.008786033590448,28.38700006951865,19.299789119513566,15.612806228456353,24.59100932356451,13.673506167609391,11.815507571334747,6.104693636829431,29.094500696895185,37.49426713184797,30.68502642214779,11.638642518452867,7.620669617975229,0.0,1.52467804849065,21.87348694876233,16.10416376481197,10.884001921769439,27.61618750621638,24.98370531445081,26.943025761299833,16.24886469124884,28.110476597956094,19.914447835830742,27.46231097965171,11.164314726824543,29.2620481263717,18.74365292475188],
        [17.35364068926003,30.53104574050507,20.43878868993549,19.107430937966438,12.532105874591847,16.833178031422804,20.52343792361396,23.832638672300426,24.027280272275696,15.823962645802343,6.528393918607422,9.699135243705836,20.784070726828574,5.499918891550233,27.20744899696996,19.740165645072043,17.04841612151319,24.19314417639815,12.150365845022852,10.353227464218103,4.675257428617543,27.961463302914712,36.441759523349134,29.23801698429602,12.266356922117,9.142207831251497,1.52467804849065,0.0,21.825708561411584,15.120208124651844,12.074390686919669,26.162633371755906,23.671270971717842,26.38950086014255,14.724856414953072,26.622856597878673,21.22592445915124,26.109599616158352,9.97712500278503,30.20228580534825,17.35364068926003],
        [21.365933717433325,44.8907177066757,27.60328115168065,35.61812865558103,21.940833917172064,35.97663969564999,42.267246178350845,8.442756175616822,45.06411137415285,24.667884886731354,26.50320989175917,22.032124967507183,4.430793065294394,23.37469036394038,44.59112404784664,40.98991631649991,22.90611109348625,45.715301305786525,24.50744060930436,21.17558421802349,20.441533466829668,20.69793761814028,54.54799393552383,41.80298988009765,12.306066508493366,24.12249273001443,21.87348694876233,21.825708561411584,0.0,13.655403886164807,17.556634960988625,28.46994644091444,39.749556415969394,47.521612194856445,25.98955973824755,38.08989884813384,21.596353770724413,24.94833991298355,29.42507754964992,19.084791022622827,21.365933717433325],
        [7.807742417481655,31.341712697077448,30.86486663909675,33.66410661183745,22.982396344073464,31.921901896788704,32.95395566143773,20.60958522071935,38.74407633408019,11.088419527298804,21.553528962937307,9.931840800780678,9.934574001639684,13.380058904776893,31.653678620778365,34.38575297994552,26.24865408152039,35.640770011236306,11.679372568770322,8.798082409992913,11.239753139308204,13.235551137676037,41.623955026878946,28.158200175331846,15.032361986330102,22.247394522031826,16.10416376481197,15.120208124651844,13.655403886164807,0.0,19.622511977979237,16.016523428249965,26.606887051374628,36.75051952103192,12.664415618931974,24.434929409985553,27.805834826070253,13.69653995351126,18.618692721314346,30.644651943214583,7.807742417481655],
        [25.41812927634956,42.487191426556194,11.308546193449883,18.256478541966178,4.385094533210537,19.526265653596308,30.155084940078755,15.153771788269847,29.591450552432892,25.68367565837381,12.326332049150595,19.90389347850832,19.132431277738775,17.15686933770419,39.26173284467912,26.043712861247243,6.626339864812724,34.30672604573081,22.829524326541556,20.002398864903327,14.984472552228219,32.43442682853324,48.35360535503643,40.9141072216926,5.4884647937414295,7.715514048079034,10.884001921769439,12.074390686919669,17.556634960988625,19.622511977979237,0.0,34.61064155294276,35.71724881232118,37.02927941257693,25.343657445423148,38.01151004509186,9.343795008657223,33.137088422263595,22.029173079523655,18.751543197529113,25.41812927634956],
        [9.207488440904232,22.041709667827472,45.390651743176065,44.98847692399387,37.21821361948756,41.707917618467015,36.1339622977893,36.25629655956406,45.34281285624887,10.721778334294475,32.301202959828125,16.55568262357924,24.11355153187263,21.429552250539963,26.049541720315524,41.17729756121177,41.09526308343513,37.05394675892776,14.79810837600314,15.809965165385783,21.511948390706856,11.831557482785104,34.854842219194424,17.773379720829762,30.680040722326865,35.08210260020484,27.61618750621638,26.162633371755906,28.46994644091444,16.016523428249965,34.61064155294276,0.0,21.0199379218774,36.609530382882674,12.717161928703218,14.148558876625684,43.39362188118081,4.633634692420903,22.800232271930394,46.55098051285016,9.207488440904232],
        [20.287507128027652,7.197622192050669,43.21358764608714,36.6421055545782,35.90063158713341,31.68350828889111,19.28670989421931,44.97476702460362,30.529491112690174,15.822793557689469,26.448410766929037,17.89612734148762,36.47969808798754,18.694471024836723,5.261282522230017,27.315019510702303,40.475670593285116,18.35757233161418,15.24749728773161,18.621376681931487,21.329829703493417,31.45905824500359,15.077551396642109,8.049494577080035,34.7735952615493,31.60662611440282,24.98370531445081,23.671270971717842,39.749556415969394,26.606887051374628,35.71724881232118,21.0199379218774,0.0,16.794920976785473,13.947418424662612,8.596413379120584,44.89089796671453,24.88923133443163,13.954361160360811,53.1258091775793,20.287507128027652],
        [32.95019592647207,21.382656144549646,40.27053667067208,29.403687542061103,35.20330597354569,23.9705249199247,7.729921996343289,50.219548737239585,17.737625580622606,28.39383195765539,24.86457908773881,26.824404690388292,45.46581149766646,24.198265342095972,13.859452899775373,16.512252854590066,39.34247540209008,3.5620977848514226,25.61837254216775,27.983987238940294,27.091207800335663,45.40472464060925,15.95260703136014,24.266209607250683,38.57733464562596,30.268532670118212,26.943025761299833,26.38950086014255,47.521612194856445,36.75051952103192,37.02927941257693,36.609530382882674,16.794920976785473,0.0,25.951376092888665,25.391333801485487,44.68695705702242,39.76723181676631,18.278912770126052,55.78071290931976,32.95019592647207],
        [7.019284939221087,18.973318632272115,35.030780788878715,32.75631426407053,26.934048838375404,29.15632877391763,24.074216880533314,31.85709536794265,32.70144070355335,2.462231143927223,20.246715491688555,5.440678380559622,22.565021958538708,9.388149734829193,19.043092050580057,28.495856737004278,31.264834309313464,25.666871991708355,2.5839462407764926,5.537082281047912,10.520061658666462,19.482691824672784,28.993130973191835,16.302514339568333,22.90428345898077,23.864938130892217,16.24886469124884,14.724856414953072,25.98955973824755,12.664415618931974,25.343657445423148,12.717161928703218,13.947418424662612,25.951376092888665,0.0,12.944632686589745,34.655632087521184,14.495481839606828,10.1286718751871,40.86185904936551,7.019284939221087],
        [16.87244412091233,7.913188324429442,47.02278658932904,42.48995390853246,39.14391821552256,37.96912512500266,27.386212482544238,44.55463012366701,38.29151542877042,13.565515297388062,30.971081432852305,18.276871126328675,34.23268441960106,21.13724617110554,12.721481970149103,34.73619805628907,43.61828731606761,26.856047725862513,15.287949768973274,18.481075501883627,23.027883992165133,25.67356315426215,20.779982005927216,3.8549713418070346,35.83858645827074,35.488110826990756,28.110476597956094,26.622856597878673,38.08989884813384,24.434929409985553,38.01151004509186,14.148558876625684,8.596413379120584,25.391333801485487,12.944632686589745,0.0,47.35487110437436,18.5812670769089,18.48104916556468,53.7794512873613,16.87244412091233],
        [34.28638744663803,51.742822668065706,7.732853702192709,20.434860536056842,9.520977313003481,23.809285412453026,37.35343840528167,15.416333560171482,34.3285323900803,34.901103021921145,19.94453991466583,29.21526051574432,24.636962635758195,26.453995802561458,48.224590745070856,31.55170116471506,5.501754807673919,41.667064940604135,32.15624932750709,29.263301692717842,24.328249805313995,39.83300066857719,57.03582048384535,50.24698399160642,12.778746901834921,14.43833657396621,19.914447835830742,21.22592445915124,21.596353770724413,27.805834826070253,9.343795008657223,43.39362188118081,44.89089796671453,44.68695705702242,34.655632087521184,47.35487110437436,0.0,41.50069383128605,31.05598416059138,12.929943242411428,34.28638744663803],
        [8.824766837710017,26.4943681580522,44.236062548716795,45.2040811337521,36.16880879693535,42.40203839002835,38.53937083234436,33.03276631766443,47.02006588224931,12.125348168651223,32.52299803943451,17.030334712467543,20.525890446497975,22.007142277803244,30.044584080947157,42.74563096137838,39.73787373318736,39.88399946495099,16.021918220998877,16.048280859884702,21.45466905077401,7.201640247866787,39.133433855065164,22.285721964689667,28.723970789010394,34.61767262211367,27.46231097965171,26.109599616158352,24.94833991298355,13.69653995351126,33.137088422263595,4.633634692420903,24.88923133443163,39.76723181676631,14.495481839606828,18.5812670769089,41.50069383128605,0.0,24.51745939873562,43.52470199519597,8.824766837710017],
        [16.25834147878942,21.030793232772883,29.29985547902582,24.062230848883356,21.957011191010906,19.80316006637318,14.570353223449562,33.00276146690852,22.572785161289694,12.401160731690654,12.677917815432505,8.832432109206177,27.197691498789528,6.076887563294026,17.233830636858535,18.377970797961222,26.532040826306208,17.022576573275174,8.57593120430584,10.03767211709924,9.048054699967397,28.785140824206028,26.531823113008468,20.4005411812408,21.879699937748175,17.673792945604088,11.164314726824543,9.97712500278503,29.42507754964992,18.618692721314346,22.029173079523655,22.800232271930394,13.954361160360811,18.278912770126052,10.1286718751871,18.48104916556468,31.05598416059138,24.51745939873562,0.0,40.08187929151753,16.25834147878942],
        [38.287677641220185,59.41679073903578,20.47310370925012,33.353956952938596,21.16574198009081,36.484758751882424,48.84691823613477,10.649205397048766,46.98856086359573,40.352336878030236,31.01660446063704,35.72354638882168,23.4023540038893,34.51731046987449,57.17166335835919,43.94592415071835,18.1468231877294,53.03625808218165,38.681835040462666,35.3520527962948,31.797202139831693,39.77009888501075,66.61194743578812,57.14593299307033,18.354393818681626,25.927276432662563,29.2620481263717,30.20228580534825,19.084791022622827,30.644651943214583,18.751543197529113,46.55098051285016,53.1258091775793,55.78071290931976,40.86185904936551,53.7794512873613,12.929943242411428,43.52470199519597,40.08187929151753,0.0,38.287677641220185],
        [0.0,24.147715151426507,36.19122081225525,36.41549472326582,28.025642708382353,33.58090421895601,30.688491535862816,28.395200225105288,38.499411868517925,4.6465745189261565,23.719929351727952,8.238704429721656,17.3853130118204,13.201680812156026,25.520905038238105,34.182299692124175,31.888736092377123,32.54844083339279,7.700969321638145,7.2265417437274335,12.681837065762483,12.600552612554697,35.33340833164804,20.67309931325291,21.65371289685126,26.05941069162931,18.74365292475188,17.35364068926003,21.365933717433325,7.807742417481655,25.41812927634956,9.207488440904232,20.287507128027652,32.95019592647207,7.019284939221087,16.87244412091233,34.28638744663803,8.824766837710017,16.25834147878942,38.287677641220185,0.0]
    ],
    "end_depot": 40,
    "start_depot": 0,
    "truck_dist": [
        [0.0,33.21769475408665,41.976317241171486,50.03668507064732,32.92513838769149,47.225521954309826,40.00360321497263,38.504741795487504,53.80463914263569,4.778708079604398,32.73583282972752,11.650271204757644,24.586410672135596,18.64427493710267,31.079789258185354,47.897812797457966,35.280770268449544,39.8750938665129,10.198999278325811,10.169929023276136,17.24003034559108,16.029300267777376,44.48111646899497,29.045167728483733,23.854554852963705,33.60976339931275,25.110466691438745,23.507345112569098,30.07190642200498,10.766663438085764,26.963685191334076,10.318580962718263,25.04623558625389,37.6192851424467,7.598843046610364,23.785223522190293,35.528237589955445,12.361553255789115,21.911125566447833,49.713320517550734,0.0],
        [33.21769475408665,0.0,62.502464151016596,45.40402558092957,55.28143334452445,39.300305913520106,32.0783871741829,71.72243654957416,45.87942310184597,28.43898667448225,40.541310380678766,33.37158502741587,57.80410542622225,34.19737051770562,10.423622821882777,39.97259675666825,61.30773263949075,31.949877825723178,29.397973467613863,34.226830428411944,38.16131047622698,41.0028977192604,14.841640710497982,4.588705579921509,57.07224960705036,48.33621238751306,41.70966228024128,40.26768880390373,63.28960117609163,43.984358192172415,56.98999528897534,25.275240870393127,8.171459167832761,29.694069101656982,26.830339552680257,9.43247123189636,68.7459323440421,31.50158852655223,26.248483055967196,82.93101527163739,33.21769475408665],
        [41.976317241171486,62.502464151016596,0.0,17.09843857008703,9.051178853479986,24.274347012699693,46.11565634065575,30.57633255212578,37.61965003040713,37.465745369469246,21.96115377033783,30.326046036413835,42.05772546582001,28.305093633310978,60.364558655115296,35.816136306242,6.695546972721939,52.279962166431304,33.10449068340273,31.806388217895343,24.7362868955804,58.00561750894886,73.76588586592491,58.32993712541368,22.774057551086276,14.166251763503539,20.792801870775314,22.234775347112866,39.02899788594645,39.52669651002313,15.012632049837404,52.294898203889744,54.33100498318383,56.784227728996825,35.67212459833634,53.06999291912024,8.978483039005521,54.33787049696059,36.2539810950494,20.5175595549667,41.976317241171486],
        [50.03668507064732,45.40402558092957,17.09843857008703,0.0,17.111546682955826,7.1759084426126645,29.017217770568713,38.63670038160162,20.521211460320103,45.52611319894509,17.3008522409198,38.38641386588968,50.11809329529585,31.39241013354465,43.26612008502827,18.71769773615497,15.903707058561181,35.18152359634428,39.83768579232151,39.86675604737118,32.79665472505624,66.0659853384247,56.66744729583789,46.70017460977911,30.834425380562116,16.426921671334572,24.926218379208574,26.52933995807822,47.08936571542229,47.587064339498966,23.072999879313244,60.35526603336558,37.232566413096805,39.68578915890979,42.437842024036954,48.133560475129784,23.341906763112533,62.398238326436434,28.125559504199487,37.526989690707815,50.03668507064732],
        [32.92513838769149,55.28143334452445,9.051178853479986,17.111546682955826,0.0,17.053316206207548,38.894625534163595,21.525153698645795,30.398619223914984,28.414566515989264,14.740122963845682,21.90984831710858,33.006546612340024,21.08406282681883,53.14352784862315,28.595105499749852,6.0262992949663,45.05893135993915,25.883459876910585,22.755209364415357,17.120122868297468,48.95443865546887,66.54485505943276,51.108906318921534,13.72287869760629,6.94522095701139,13.571771064283165,15.013744540620717,29.977819032466467,30.475517656543143,5.961453196357418,43.243719350409755,47.109974176691686,49.56319692250467,28.45109379184419,45.84896211262809,13.464498999517652,45.28669164348061,29.032950288557252,27.649581927112933,32.92513838769149],
        [47.225521954309826,39.300305913520106,24.274347012699693,7.1759084426126645,17.053316206207548,0.0,21.841309327956047,35.825537265264124,13.34530301770744,42.714950082607594,14.4896891245823,35.575250749552175,47.30693017895835,28.581247017207154,36.0902116424156,11.541789293542307,23.079615501173848,28.00561515373161,37.02652267598401,37.05559293103369,29.98549160871874,63.2548222220872,49.49153885322522,43.889011493441615,28.02326226422462,13.615758554997074,22.115055262871074,23.71817684174072,44.27820259908479,44.77590122316147,20.261836762975747,57.544102917028084,33.23080959937323,32.50988071629713,39.62667890769946,45.32239735879229,30.5178152057252,59.58707521009894,25.31439638786199,44.70289813332048,47.225521954309826],
        [40.00360321497263,32.0783871741829,46.11565634065575,29.017217770568713,38.894625534163595,21.841309327956047,0.0,55.335628739213305,13.801035927663067,35.493031343270395,24.154502570317913,28.35333201021498,41.417297615861386,21.359328277869956,21.654764352300127,10.299520034413742,44.920924829129895,6.164305825775561,29.804603936646814,29.83367419169649,22.763572869381544,56.03290348275,27.65022952526917,36.66709275410442,40.6854417966895,31.949404577152205,25.32285446988043,23.880880993542878,46.90279336573077,37.55398248382427,40.60318747861448,50.322184177690886,26.008890860036033,10.66857138834108,32.40476016836226,38.10047861945509,52.359124533681246,52.36515647076173,18.092477648524792,66.54420746127653,40.00360321497263],
        [38.504741795487504,71.72243654957416,30.57633255212578,38.63670038160162,21.525153698645795,35.825537265264124,55.335628739213305,0.0,46.839622428964695,43.283449875091904,31.181126168895393,38.350851522158294,13.918331123351912,37.52506603186854,69.58453105367286,45.03610870479956,23.88078557940384,61.49993456498886,42.324463081960296,37.49560612116221,33.56112607334718,30.71953883031376,82.98585826448249,67.54990952397125,14.650186942523803,23.3862241620611,30.012774269332876,31.454747745670428,8.452665333820672,27.738078357401744,15.563700502288377,46.44719567918103,63.5509773817414,66.00420012755438,44.8920969968939,62.2899653176778,21.59784951312026,40.22084802302193,45.47395349360696,11.208578722063223,38.504741795487504],
        [53.80463914263569,45.87942310184597,37.61965003040713,20.521211460320103,30.398619223914984,13.34530301770744,13.801035927663067,46.839622428964695,0.0,49.29406727093346,21.06880631290817,42.15436793787805,53.88604736728422,35.16036420553302,35.45580027996319,5.906826345177724,36.424918518881285,14.66031213602417,43.60563986430988,43.63471011935955,36.56460879704461,69.83393941041307,36.14623583551778,50.46812868176748,34.60237945255049,23.453398266903594,28.694172451196945,30.297294030066592,50.85731978741066,51.355018411487336,32.10718116836587,64.12322010535395,39.8099267876991,19.16457769858969,46.205796096025324,51.901514547118154,43.863118223432636,66.16619239842481,31.893513576187857,58.04820115102792,53.80463914263569],
        [4.778708079604398,28.43898667448225,37.465745369469246,45.52611319894509,28.414566515989264,42.714950082607594,35.493031343270395,43.283449875091904,49.29406727093346,0.0,28.22526095802529,7.139699333055416,29.365118751739992,14.133703065400441,26.301081178580954,43.387240925755734,32.86874596500849,35.36452199481067,5.688427406623584,5.787843753929694,12.729458473888853,20.539872139479606,39.70240838939057,24.266459648879334,28.6332629325681,29.099191527610518,20.599894819736516,18.996773240866872,34.85061450160938,15.545371517690162,28.551008614493078,14.82915283442049,20.267527506649493,33.108713270744474,3.0882711749081366,19.006515442585894,40.306945669559845,16.872125127491344,17.400553694745604,54.49202859715513,4.778708079604398],
        [32.73583282972752,40.541310380678766,21.96115377033783,17.3008522409198,14.740122963845682,14.4896891245823,24.154502570317913,31.181126168895393,21.06880631290817,28.22526095802529,0.0,21.085561624969877,32.817241054376055,14.091557892624852,38.403404884777466,15.161979967730446,20.766422258811982,30.318808396093473,22.53683355140171,22.565903806451384,15.49580248413644,48.7651330975049,51.804732095587084,36.36878335507585,16.53093922637159,7.794902006834292,7.625366138288776,9.228487717158423,29.788513474502494,30.28621209857917,16.448684908296567,43.054413792445786,32.369851212846,34.823073958658995,25.13698978311716,31.10883914878241,28.204621963363333,45.09738608551663,14.29282732471157,42.38970489095861,32.73583282972752],
        [11.650271204757644,33.37158502741587,30.326046036413835,38.38641386588968,21.90984831710858,35.575250749552175,28.35333201021498,38.350851522158294,42.15436793787805,7.139699333055416,21.085561624969877,0.0,24.43252039880638,6.994003732345025,31.233679531514568,36.24754159270032,27.93614761207488,28.224822661755255,3.9736115598020056,1.4803421814815074,5.589759140833436,27.67957147253502,44.63500674232419,29.19905800181295,23.700664579634488,21.959492194555104,13.460195486681101,11.857073907811454,29.91801614867576,10.612773164756547,23.618410261559465,21.96885216747591,25.200125859583107,27.653348605396094,6.541245474735609,23.93911379551951,35.37434731662623,24.01182446054676,10.260854361690189,49.55943024422152,11.650271204757644],
