{
    "drone_dist": [
        [0.0,2935.134135870358,3816.691739846008,2098.2548266944623,1253.5290789871392,1050.4192278987,3242.5834447572875,1031.7579808936114,4324.571793418058,4120.226888584895,3785.796351778169,2845.717616851259,1968.303453102164,4086.1665017621604,2895.923702033739,1805.181128592129,3506.7810710306376,2460.6811873293886,4130.924401186719,579.0928290786219,1387.7917735507021,1229.7337279746787,2374.3453299213857,3684.377029788971,2342.189642846756,2221.784088287382,3116.3815287593834,3854.2936774471236,2829.1943533349177,1158.8711950950271,1056.8632846645405,4307.9569820204715,1948.715962149969,2010.9951524158728,3997.863118689057,1520.5152472623552,2912.895977407098,1250.0918822891144,4222.919920654581,2428.2492323149663,4183.005682739782,3867.849848557295,1308.3928520015993,4442.798303735625,4247.900434489062,1756.9739003889465,4298.516499215388,2064.088266182016,2109.9912318200354,1344.7789505304706,791.8088830977372,956.3331903563197,684.8899581797101,3550.733796546627,4168.830942220459,2263.10023559449,875.385175414034,3488.8541018433934,4626.50638178681,281.7376001250958,4211.458613325369,3142.973823490962,2712.8029895075483,933.3963128787136,1225.63261079618,1081.6665118102387,1340.6160821358328,2386.1710007510974,736.3850846713048,4774.803809847751,1554.59757367782,5054.672411433582,545.4432191294143,3515.9684272271484,4405.765562033518,593.0054988857563,3621.117053873948,3643.8918102236976,2233.5500118313703,2259.9033672681853,1155.0069096378786,3081.967828993375,2435.754807792439,3573.4567843122127,853.8666610238797,4551.990130785454,1041.736644766624,1851.4061734521658,302.82467247097946,3579.399494333205,0.0],
        [2935.134135870358,0.0,1203.171018717549,1350.502465871539,4149.166214713889,2366.504532410643,3486.7698893540446,3957.2621657402606,1403.3036599971356,1357.5990609307764,861.4125662974972,1849.8039784548803,990.0725510149751,2753.614473017237,73.14473777196714,1812.0281524783463,1712.9604750683764,478.6384873274464,1308.8232101513624,3050.9061724020294,1903.01539547017,2082.505726436177,3642.072192194471,1068.3065359433053,2657.1158469548186,1794.2771991134914,309.4703039355718,2434.5235440851457,2031.7098171811556,4076.492574433725,3926.438632942289,1452.06189904274,2172.3839662164346,3808.555994705583,2104.8264989551585,1541.9793518658978,1072.529241251145,4138.797809603367,2865.2467544885653,2129.770396176269,1562.0559793608813,2373.185297079139,4239.2549262479915,2530.6925188833566,3596.111039281354,1782.18923879274,1914.3720913131274,3757.573254451657,1898.6815164236855,2903.653836355188,3722.1098228585693,2983.433831035574,3619.5522851641804,3616.866615497561,1233.6968080384956,3278.971828498678,2520.3516053090807,3040.055062577614,1787.2280916202612,2840.395194588639,4506.56525712686,546.834437354851,1191.5411139161433,3832.6015699092545,2779.421644359747,3989.689312235563,2984.7772046980663,822.2544534450312,2990.552369785668,2807.007652591492,1944.373292634654,2460.082318569351,3241.0966641478653,1681.8987903578425,2072.966530638824,2689.9252259511013,799.755884567786,1181.746058139721,2122.453221673267,2130.941772077618,3860.7764205486897,362.4748684002794,1679.99846785107,833.7101268674453,2639.104548714967,1804.6682700967847,2321.239267566642,3254.131567881914,3060.8841213564547,2053.4483974930017,2935.134135870358],
        [3816.691739846008,1203.171018717549,0.0,1796.3376110629447,4931.339855826596,3004.4619098402377,3270.2799721405067,4782.5641465288145,923.0978590625908,372.6505812570061,776.8229074500225,3015.6442204265977,2060.802260533396,1948.9104084715073,1183.4154888771247,2991.473354178864,1010.0349741038133,1585.266913514688,482.68002534619615,3779.722682989694,2531.200551315783,3183.7405395157216,3816.926396640601,141.2253737440728,2728.182684347302,2997.266369683529,1326.7743464450405,1667.7455616928585,3204.6771824184907,4885.9792495311,4697.967227063523,669.1589529622808,2446.8471635059796,4154.325921477676,1149.1843923897004,2627.675659357686,993.1486496672467,4915.001627309702,2023.0247312935924,3330.9181667448015,378.359935163559,1581.2601308544367,5068.195801285681,1473.3533608193338,2953.384411391355,2250.9656572452377,729.6442938484371,4073.233138179598,3099.52390124869,3383.8891969811884,4603.726118694358,3595.4530941276935,4477.85264695274,3293.5054359081178,1037.5144947642732,3440.3697583221115,3580.9207246420237,2614.3338774606896,890.891916816351,3656.8985659147875,4136.744156278008,1568.8468573370822,1235.45467219784,4632.308929693269,3302.9600817328533,4790.960162716819,3468.2848192038355,1431.094375370537,4025.268352933159,1694.684400556887,2467.294483135319,1287.336775183219,4213.095865255759,965.6935432528442,893.0287264618922,3699.8479382366277,483.6723599125242,1980.5281605809657,2257.766877610042,3334.0918923741187,4548.934862561567,1418.038335757464,1767.8964464104151,381.12883363072234,3699.7198303652485,742.9443560142283,2973.8654978427494,3572.239919393798,3869.550753885229,1365.083668490899,3816.691739846008],
        [2098.2548266944623,1350.502465871539,1796.3376110629447,0.0,3145.0589686468816,1208.9937583526666,2259.279939752614,3011.078660852179,2493.76779527228,2140.720029130436,2009.7554556155605,2623.7901952890466,1051.3580639503114,2182.161207346616,1280.5637949189609,1982.7763607582833,1424.4655866216744,1084.9343698708897,2189.7070164975094,1990.479087301925,742.0439980380985,1854.430119450944,2291.577102434424,1678.9547740594678,1338.5524798731362,2236.2843297420795,1650.007810707833,1897.0373296676037,2748.891842707625,3107.7842597875183,2910.6578910015733,2382.3816677990335,822.6432812717178,2483.5582335036056,1924.4082244632868,1387.6608760065515,828.7564661181102,3127.435668456893,2319.1941425395294,2618.3123189357766,2138.8110146574923,1885.6475678504457,3295.2383426376327,2383.207859731386,2705.4125690236783,468.39285479063733,2205.3356878072786,2424.0591731254754,2256.480821791172,1624.2777988782557,2863.2547481186366,1801.3217438152612,2726.18681216023,2449.0444341605516,2425.517642714731,1929.6666683683256,2106.9486814431907,2007.0631488781717,2667.2143290464396,1902.2203959817969,3326.083206632166,1836.843138567864,615.2763214794634,2853.2539605700213,1525.3839524592975,3010.954684692002,1708.5090295789855,528.879780031763,2468.5711073889784,2714.8861820347042,675.0997141761067,2976.023359755071,2561.8764520399436,1428.998340717987,2308.419969805725,2128.536713021954,1736.9368919282335,2488.018330431673,814.9489936775859,2530.10192394676,2752.602992652704,1677.0415113441768,526.2984834894025,1642.6464438926891,2214.05185265543,2538.3409401811814,1180.266352812169,1916.6200894370713,2105.36706077671,1561.4126147308693,2098.2548266944623],
        [1253.5290789871392,4149.166214713889,4931.339855826596,3145.0589686468816,0.0,1942.9136441317096,3562.6235080891324,273.8560359037144,5516.984877161157,5258.966899599702,4984.805666637058,4046.0170169609,3204.7150295200554,4843.542027032933,4104.387907261525,3019.6732651434136,4465.032511580173,3682.4623900956008,5286.454619058381,1154.854444154251,2403.536803350035,2447.543012166311,2419.800649250979,4806.7100676869395,2904.7402402779035,3424.6596156772603,4348.829030179841,4666.805148522871,4006.8045244203086,148.3803160590658,234.9170181471893,5470.952604183126,2727.2404103613094,1841.0069664519638,4926.023208293924,2774.0177180662,3972.959255015015,32.33032366523114,4972.31626663876,3581.025250741079,5282.241131219113,4700.43928168693,265.41929164858067,5337.099833243938,4752.5174060955715,2720.890235217367,5331.21114849792,1949.7864890260212,3300.5104856502007,1796.5249893505827,624.2268288277793,1427.4560536440047,616.9727858962609,3882.8037143740385,5379.061850276082,2505.0530347898352,2024.3096964948058,4039.3516216554153,5777.86243795589,1308.7977708651028,4329.456196671855,4388.512387469492,3748.5867955311965,320.7812709503795,1786.6506708165157,177.4883249177584,1733.7813868594665,3524.2332162430744,1657.194757721665,5661.093783593308,2499.265304535693,6114.79590127862,1253.0918710163576,4482.777877747568,5418.741097407862,1735.1432471197481,4790.504444314274,4897.3729343079485,3013.2179238006906,3410.8477426403206,546.6359379795298,4319.420865933304,3354.7053413811664,4726.9625279180145,1956.634502765003,5674.088568363103,1966.701550343039,2057.001865618391,1088.3171792817213,4458.904034019522,1253.5290789871392],
        [1050.4192278987,2366.504532410643,3004.4619098402377,1208.9937583526666,1942.9136441317096,0.0,2287.6728938764845,1828.1005914758473,3657.0124854460337,3343.9967458811707,3144.4576234140063,2953.015846668972,1581.0495549513687,3042.869569660246,2309.053965597024,1990.422951479858,2536.3220036342127,1948.6725311449588,3384.6234924726496,789.7656395269488,479.7731327939769,1542.7119965489212,1673.7519726491148,2884.825692652619,1326.9128005190857,2385.494216082221,2619.4892004102435,2821.360177242846,3006.2629678152807,1915.3012425129534,1708.0151582398908,3574.48562600469,898.3420311258556,1575.7009688679734,3011.5214484848643,1433.6426676849162,2033.2909343479012,1923.9695902054395,3178.857420501564,2707.0032645663014,3347.383666392304,2840.619147531043,2108.0333831734524,3441.46909040241,3212.7675392243186,778.8394404918497,3388.8439366878,1565.4509068736636,2328.745376518637,633.1926516231404,1728.1387347743341,617.8257723198628,1577.4715802307956,2579.5703941057714,3554.39204813111,1436.4276626613782,1500.4716895979682,2451.5576768508117,3868.6458675293698,790.7602987960925,3318.1353351179655,2729.2375114845704,1806.2653145081943,1661.3578885710065,475.80500866970505,1816.7668115644724,695.4466827981439,1637.5691395015501,1656.6772045848454,3771.20969312209,557.7955350810005,4171.971116501158,1587.8908811404306,2551.3464468869174,3478.850517141354,1358.6129261157462,2909.144396141633,3333.585452406691,1184.3923535313156,2562.6000768139234,1545.86892029729,2614.248929059517,1433.2270048532812,2829.4814963181043,1561.7265259956905,3746.927130139701,54.36532992091142,1146.6232659732634,956.0063346562681,2567.3330129034407,1050.4192278987],
        [3242.5834447572875,3486.7698893540446,3270.2799721405067,2259.279939752614,3562.6235080891324,2287.6728938764845,0.0,3607.422711260007,4185.564774892572,3628.73006679754,3864.207166149208,4861.775499911037,3283.9805517481727,1851.6087929768453,3413.7236917408336,4083.595866667656,2286.714884948234,3327.917691515118,3752.7726603927663,2742.128770518362,2284.7853779817847,3756.996419992729,1208.3702718777965,3233.907716502498,1005.517885847824,4410.502514865768,3795.7515176133516,1893.034930608644,4971.462517688449,3622.888989176823,3373.0960971115205,3934.4070085128988,1579.8376740621313,1821.893205064843,2449.3684923732585,3464.6790475097405,2491.7143170052523,3531.8865118101803,1925.6943689210245,4779.2863436693715,3424.259731343376,1977.8703195198004,3814.880256220492,2625.0723402529566,1266.6240120112827,2045.7245897207695,3142.498691205467,1699.4572525814685,4399.358282170715,1914.2203100726972,3687.9636239916163,2332.342558199289,3526.8291598023343,320.775012385759,4241.6717774448325,1058.5993012327665,3784.459673360086,790.7839985224837,4086.942482145788,2960.874142539177,1078.1721365511175,4022.2087854252136,2311.0296638204604,3423.94745061383,2018.232647918864,3531.8100666349324,1939.6661343688843,2717.2631912397683,3925.3479980447632,2853.1062151280453,2073.901670514662,3863.943489785749,3783.093327089595,2329.717293864371,3122.113917479077,3642.84746312903,3513.3686016312604,4667.9846977025645,1454.9295484913557,4663.721904745646,3016.3032121976503,3844.853801414236,1814.0736925640197,3369.5200949037744,3849.1472318253714,3833.3780295571696,2323.1974368172873,1510.62463110387,3029.554027440965,1992.7409964271694,3242.5834447572875],
        [1031.7579808936114,3957.2621657402606,4782.5641465288145,3011.078660852179,273.8560359037144,1828.1005914758473,3607.422711260007,0.0,5337.26797915796,5101.8158933253535,4801.428551322746,3786.663517203645,2998.396084290982,4797.528942305963,3915.3600511292016,2765.8538861444463,4363.984658623265,3485.778907312424,5122.706198895873,1042.9232998980162,2270.0246002068657,2196.8976704196134,2504.309910886201,4654.904759782283,2887.419781357975,3166.972595808156,4145.9047039006355,4605.932114863605,3743.4422130460734,136.9267028489092,264.76744578574943,5304.348846340031,2657.321163671824,1954.3110893349265,4835.272203280015,2546.871958807117,3839.6063219095663,289.12040692433516,4928.901418363428,3315.0721031811377,5139.613717014764,4634.526635031157,285.77758445586596,5257.162791614862,4766.127303027237,2605.3504130630554,5210.736103158602,2054.95037053772,3040.6237671632307,1771.8767169271484,350.3929679430062,1373.6851763485502,360.6835839171742,3928.1772481742505,5190.16056813617,2549.9283289288596,1764.400202107977,4037.685400578758,5616.399178818058,1129.7034079673822,4423.19645237132,4174.708078602522,3621.6143718541157,185.34126771547415,1737.6719050162596,119.97626667482298,1718.689614169012,3363.199775496634,1386.065234993139,5584.357597013227,2385.3538249754183,5986.974537619882,981.7947700169416,4379.3663814489055,5304.6202462529,1478.168499633342,4620.347775905247,4668.728166157392,2947.25618933592,3145.0074302609655,648.7323180379256,4112.810582861623,3257.618800790878,4563.1907394173795,1692.5785543938453,5523.843757672583,1845.3253431843916,2097.037174994916,913.5579488790969,4379.465005769291,1031.7579808936114],
        [4324.571793418058,1403.3036599971356,923.0978590625908,2493.76779527228,5516.984877161157,3657.0124854460337,4185.564774892572,5337.26797915796,0.0,606.9442953209164,541.9777319016749,2840.7543217674333,2393.365181634356,2828.789396075238,1433.7236736825805,3134.959755490066,1932.6705714686564,1881.4983500041346,455.9916810564708,4391.860596854864,3177.823926137206,3470.7858008229805,4664.246226397769,952.308121024977,3587.3921641069055,3014.324307111369,1310.2401104860028,2566.3355859297653,3036.4368403141902,5452.471805006507,5289.622098857555,336.60100878647046,3239.2733039897043,4951.07966047263,2009.7827395351048,2940.311803160661,1794.8059216502143,5504.603351312166,2887.557730537585,3278.928101605287,918.2493486081261,2476.5751645606156,5621.307010177331,2237.061573775794,3854.589608094947,2962.121684516272,1397.0173166850009,4879.735371832461,3143.917167120823,4118.021408108336,5114.773824879747,4270.569379768318,5006.712210006552,4215.70675781589,281.5895320218132,4287.090531601116,3917.8610174672212,3537.4268074513693,545.5279917770035,4211.300741901339,5059.561303055212,1436.3421163143662,2030.7141983612808,5204.517897825679,4016.6081157107146,5362.825959661213,4202.273588514567,2019.4953301365945,4390.987951559734,2374.8342445471676,3162.349888315388,1456.6397450474533,4644.107623889012,1888.3148788114042,1538.7672574627682,4093.0162948260167,757.4004622598926,1524.706487066312,3088.1903428469195,3328.84535244271,5191.468015548565,1381.3836437093955,2592.168567184709,867.6559252626946,4036.055253007286,763.7262871470359,3618.1139413675855,4372.113319501746,4430.998754022362,2283.531971964682,4324.571793418058],
        [4120.226888584895,1357.5990609307764,372.6505812570061,2140.720029130436,5258.966899599702,3343.9967458811707,3628.73006679754,5101.8158933253535,606.9442953209164,0.0,679.9347352736053,3073.7447440670794,2293.507131314654,2221.892363236468,1356.883273246989,3169.590142478104,1351.1473662946714,1793.782770233502,156.23406998382995,4111.560722713506,2867.1802279607446,3413.9083464094883,4189.543278618928,464.67730903860667,3100.8236876703736,3128.9615833860344,1401.2819922888718,1961.86764657905,3267.457032015465,5208.561061589523,5026.695446976333,306.7372072054044,2813.724682352618,4523.45976721491,1402.8910526607594,2861.3647080283945,1355.4430893934798,5243.607665770962,2281.0258348004513,3439.9440077539875,330.68635936068864,1871.5333510605944,5387.58858090259,1647.2607736794748,3249.6026455462975,2601.4391015384253,817.660021865337,4443.378629548895,3242.507212970392,3742.4491024411823,4910.581100094817,3942.0385403785062,4789.36258033129,3640.975760297394,790.8718046681092,3812.9486776456515,3830.4305052823943,2955.2869746652145,527.4379639765846,3973.0016903414066,4472.671733289956,1610.019042935071,1598.4597810385796,4955.878263988127,3657.28345733122,5114.763496339279,3826.9605148209257,1738.8363973383716,4286.345073065376,1812.6787320031733,2814.975367234128,1118.809382963966,4495.285132231732,1307.0360592978484,971.5043007571729,3968.1091378706697,557.8869641097805,1905.9418113636277,2628.981086536583,3460.819475975996,4889.857842982997,1489.8486199784577,2137.7890192002133,555.0883707215502,3949.7028660799265,449.67524146892583,3311.216353896058,3941.3777712177393,4188.292299427308,1690.9019305780894,4120.226888584895],
        [3785.796351778169,861.4125662974972,776.8229074500225,2009.7554556155605,4984.805666637058,3144.4576234140063,3864.207166149208,4801.428551322746,541.9777319016749,679.9347352736053,0.0,2414.995657944677,1851.4835005709954,2707.8182314360856,892.2171278052421,2616.4654347338633,1712.8685509479335,1339.5212882450517,562.1059833076977,3866.6684737014148,2667.397891524802,2933.9932432327746,4238.752021786435,720.8754001972967,3181.933171302238,2524.096419203648,792.6610412841918,2414.2275000815434,2610.088045510157,4917.847339685373,4758.7098041637055,641.8267408683365,2787.6009199498744,4488.142983265362,1922.031456123459,2400.197495516287,1392.3108240719275,4973.020178057522,2789.1444621415894,2811.959973470585,989.5974396203599,2331.929343505279,5084.952728567291,2245.997420299593,3686.8405013728825,2475.2747311226426,1457.851253504566,4423.031535039918,2647.551526312923,3629.3638486117316,4575.304337593017,3760.8237180560736,4468.740684939311,3929.5264244097525,415.7893366564593,3863.621083308213,3378.254204774302,3276.8369604925965,971.0100155638604,3677.4773621331606,4798.280434290585,960.8983331712888,1610.9526817109283,4670.985903842311,3520.7391909196576,4829.0037150547905,3713.032646006865,1512.5982054985482,3850.387513457538,2449.875348952555,2667.0623811394853,1775.7827638455606,4102.132752699445,1670.2519869744146,1619.50027901329,3551.2855180510287,356.7338168423039,1231.4908916507823,2664.440585137811,2847.7386166388474,4670.250520810352,872.1854146109292,2173.56851771293,506.43580121574456,3496.662700064171,1066.792079375509,3103.6582453125943,3914.2918463041833,3897.552120428668,2081.2699818002766,3785.796351778169],
        [2845.717616851259,1849.8039784548803,3015.6442204265977,2623.7901952890466,4046.0170169609,2953.015846668972,4861.775499911037,3786.663517203645,2840.7543217674333,3073.7447440670794,2414.995657944677,0.0,1578.8303380598454,4539.528741882382,1893.430996248455,1042.098970915779,3523.6905711678214,1677.474140983453,2973.9870683823447,3270.2904986866724,2685.4610678920926,1616.109536339579,4597.712317770557,2890.9615734195104,3884.4353412429714,624.0985878652328,1689.979202640059,4220.400104037305,195.8186478339504,3923.4733312796916,3880.6621662335315,3048.450117680526,3306.5431326252324,4518.20292543387,3946.1684774703367,1519.3866927341087,2810.669130784036,4050.159228597554,4660.747278341958,564.9587580706836,3341.673203041914,4169.896880824367,4018.0342015522465,4379.269301032923,5270.628389504859,2831.4402646023777,3742.865257845363,4516.28088462563,746.1414131622132,3585.5250133272684,3455.9773246027876,3435.704632712143,3429.7652213726806,5069.043693878365,2568.856617652339,4303.487797610749,2022.3190851255654,4615.113272739182,3361.7247774653156,2931.3994821456254,5937.407697975603,1463.8943631488548,2832.9454471167173,3740.6342089656146,3426.4093353140793,3868.537510898171,3643.1479542507923,2272.825818013953,2437.14810468033,4656.55563988831,2859.287025857896,4187.707685707002,2827.0682117250153,3497.706483854777,3904.7327837379053,2310.989409419523,2552.3644770652904,1403.7899083540055,3407.6847451162494,706.2470058677106,3996.598443171507,1598.773310969002,3129.1823830500884,2634.542740794441,2097.8021298811445,3481.7244445198126,2898.9048260163527,4090.280123709933,3109.5954490710433,3835.823644990541,2845.717616851259],
        [1968.303453102164,990.0725510149751,2060.802260533396,1051.3580639503114,3204.7150295200554,1581.0495549513687,3283.9805517481727,2998.396084290982,2393.365181634356,2293.507131314654,1851.4835005709954,1578.8303380598454,0.0,3112.6895522113355,964.0026642684345,1012.9696540406519,2181.513100225878,512.8863528105583,2269.2863080193583,2156.2522641282226,1197.4211164272824,1123.582956992672,3111.0005239784296,1919.6551024789987,2315.001051476044,1198.367175476059,1148.1677562921748,2803.6764937879375,1698.2702483635992,3122.2088965095513,2989.3439209591033,2426.8941500091346,1742.4596964961331,3137.587660316933,2664.4588957196574,568.433439336382,1439.3962894486076,3196.9115963709096,3243.8742618646374,1581.8073346139595,2438.707439295907,2770.5768916068637,3276.668426714134,3128.7190233469855,3739.8907161316556,1269.371244912223,2694.4555574601254,3111.589434189262,1237.2779014622527,2192.253200847389,2747.2858900005435,2168.051086426561,2652.6194570542393,3490.651838356343,2215.150904303612,2787.739647289766,1539.6178656226427,3056.163142722285,2759.1048614875112,1904.2243920713256,4358.852537703227,1190.561215414559,1376.8846280204932,2884.9211884196893,2044.9882037384598,3039.475082619181,2264.1690575680923,808.2139343199086,2004.240914669998,3443.518154029108,1332.9821351461337,3348.136863868174,2251.691983075363,2167.5472228078843,2836.683769265473,1700.0362294349452,1749.2420785534275,1759.986689639295,1829.3113899953296,1509.7818521952765,2965.4750689477046,1114.920856412844,1568.8663771881602,1740.6277602950313,1658.8637183909152,2742.527128608098,1528.6884449521065,2640.3367577236463,2122.8213667289833,2430.4184936659467,1968.303453102164],
        [4086.1665017621604,2753.614473017237,1948.9104084715073,2182.161207346616,4843.542027032933,3042.869569660246,1851.6087929768453,4797.528942305963,2828.789396075238,2221.892363236468,2707.8182314360856,4539.528741882382,3112.6895522113355,0.0,2693.868657821795,4115.179930954837,1044.9496893878238,2865.420201452636,2373.963955380564,3772.287987523975,2733.241470850476,4036.4628564167024,2877.6464622390795,1986.978606016148,1965.6448430063601,4297.170127162115,3011.7606780002106,319.93074675494995,4702.207018495776,4857.064315610093,4618.858236026624,2513.098548318679,2153.893019294307,3421.519367056551,820.6939652304836,3552.0551776697794,1728.9712192713034,4817.592938080389,138.34369349068302,4677.244359242287,1927.960063204161,383.9599786075524,5057.248967133633,800.682252499608,1046.4689767480515,2359.718433497675,1508.9789816144635,3306.8411206330093,4348.283523359508,3048.3350857892956,4755.097068386777,3425.388238559895,4598.255413975065,1713.0689618980819,2982.437966317841,2570.5944952012005,4270.665132480539,1061.3931796800816,2553.4385980032566,3833.5585563735413,2395.0799845605798,3274.839112009111,1737.6783640665878,4616.19564159441,3061.823009523679,4757.4762639286955,3115.03047806201,2311.8938134336695,4589.933655069259,1001.5775337449427,2540.9396287455465,2101.7187585065844,4608.418125060531,1080.0509301370405,1429.6075395614562,4254.335946688303,2366.7356018214823,3824.011024559411,1862.9248510310595,4619.086095394245,4335.0602986873255,3091.6755506140494,1700.3283860289046,2220.5961526455158,4372.026478976173,2262.895778151113,3046.1188953307133,2920.4925153302147,3990.367244352067,704.4229636943504,4086.1665017621604],
        [2895.923702033739,73.14473777196714,1183.4154888771247,1280.5637949189609,4104.387907261525,2309.053965597024,3413.7236917408336,3915.3600511292016,1433.7236736825805,1356.883273246989,892.2171278052421,1893.430996248455,964.0026642684345,2693.868657821795,0.0,1816.8982297355158,1655.3601004762695,451.28752172175376,1316.3027002044769,3000.6492546377935,1843.0820019397752,2068.0671465383452,3571.969063447281,1046.1998731676115,2584.6609341565236,1815.88047765812,382.61347457894925,2374.440802440141,2073.050902238105,4033.5729439290226,3880.614491058133,1466.3168080060375,2101.949036284009,3742.6939822195195,2055.4230730384575,1522.7487650637158,1004.7260705452538,4093.5920321095473,2806.75362476155,2157.663916840215,1548.0688567759096,2314.375212985695,4198.006638817747,2485.8609403625,3529.138360627398,1715.2448610057945,1886.3859064418311,3690.797168572265,1916.2108352396872,2840.7765927052046,3684.4123185962108,2926.4674453841394,3579.735374851936,3544.3906142417013,1275.0362854916746,3208.2801902467686,2500.281251259443,2969.278879422074,1800.3305639667597,2795.663278050225,4434.144593910774,617.6160973187967,1119.7085050435212,3788.6173416840174,2717.9489646204606,3946.049379846905,2922.20153424677,751.898999092003,2967.8078821565528,2766.251788714016,1880.0648437223363,2450.874538708596,3211.3070007418332,1625.1759533815543,2043.4816701523519,2663.3952708874253,800.9042604313435,1254.6358311549313,2049.9945436627077,2153.3803801032927,3809.589965054712,434.2154711963814,1606.8633125980757,821.6260745555944,2619.2993630736337,1805.7227484368657,2264.391232621356,3186.756627483507,3016.10825121624,1992.4507951250087,2895.923702033739],
        [1805.181128592129,1812.0281524783463,2991.473354178864,1982.7763607582833,3019.6732651434136,1990.422951479858,4083.595866667656,2765.8538861444463,3134.959755490066,3169.590142478104,2616.4654347338633,1042.098970915779,1012.9696540406519,4115.179930954837,1816.8982297355158,0.0,3194.3882543686746,1411.2783047057549,3115.2736601005104,2233.781032197186,1812.0014955140857,575.8470318256602,3662.039694071287,2851.4818206800555,3080.1616622480838,421.16690251800816,1826.2628093493468,3809.602878221661,1045.7763850373958,2902.03671054948,2846.86008753225,3244.9551430968277,2503.8950183384854,3524.506381904506,3675.4407719983215,620.0754474917768,2451.8831456945286,3022.1988232867293,4247.950833470644,717.4559145020858,3362.120022814098,3779.355804179456,3008.3462717705092,4138.4832624165165,4685.744845805223,2045.7829886672819,3664.9559876388125,3532.676734972595,338.8596118043469,2612.4223940272914,2444.8182189652402,2422.5627851412796,2406.280334984569,4326.403812292271,2904.6113263057173,3399.126005580846,1009.8846980783977,3970.741259503403,3580.0871864130477,1891.2680691076037,5159.05070885087,1721.4350097935262,2385.170455006151,2709.7695373192323,2451.925752018656,2842.3504767544578,2662.391857114645,1820.645134891496,1462.6934552430887,4450.465868639812,2013.8829870775282,4267.454507660566,1830.1837329977586,3180.072271176588,3813.7079522627832,1288.2821498054466,2611.7086727538517,2028.2708461723284,2666.6037687690846,582.9902776439335,2954.651450518095,1753.6130527131827,2508.498704146766,2638.168124332565,1101.2620102723413,3615.949060601673,1937.945684809651,3136.972255179772,2067.527963266878,3439.673549805079,1805.181128592129],
        [3506.7810710306376,1712.9604750683764,1010.0349741038133,1424.4655866216744,4465.032511580173,2536.3220036342127,2286.714884948234,4363.984658623265,1932.6705714686564,1351.1473662946714,1712.8685509479335,3523.6905711678214,2181.513100225878,1044.9496893878238,1655.3601004762695,3194.3882543686746,0.0,1866.0160233041884,1484.7485810382786,3322.4415209304157,2121.5493811829037,3205.728457376987,2968.656727568146,1007.1787902874134,1887.8076724010118,3329.521610592817,1966.9302464163895,729.4924296273446,3692.9248440936312,4447.668810520783,4230.8938531714075,1657.8806170526673,1772.1336056008336,3388.4917975731614,502.162013171864,2679.8963002065484,743.3112524964695,4443.6869962383535,1152.7335228058894,3702.862676257639,1138.8256556007327,661.8886494198393,4642.4187748128725,967.2585270237367,1975.54653152921,1763.6639329290506,934.9052464344086,3292.6185072844455,3395.3453222926073,2753.464275148242,4251.228073566728,3051.1293046097944,4106.297966136744,2289.845767555311,2035.1884665597797,2602.0208145587862,3509.8388837010134,1605.6137344511978,1800.6931635341398,3291.2527087050994,3126.8912515255533,2230.0959080406074,841.9947718451997,4194.845620626977,2711.9577503566534,4348.386823523798,2833.7861025911716,1376.0473952771783,3889.6449783153057,1295.9440811516977,1980.7605573015528,1728.799278149005,3984.105341487553,44.35610111380579,980.569495131886,3549.755470253213,1359.8698692520784,2784.0055890318768,1515.899944207133,3660.291252446644,4013.8294732373856,2047.2867707032926,1110.5486451437985,1210.1007966684604,3621.0001236104827,1554.589371960723,2521.859906558684,2817.868072495601,3481.4051182462595,369.18205632365186,3506.7810710306376],
        [2460.6811873293886,478.6384873274464,1585.266913514688,1084.9343698708897,3682.4623900956008,1948.6725311449588,3327.917691515118,3485.778907312424,1881.4983500041346,1793.782770233502,1339.5212882450517,1677.474140983453,512.8863528105583,2865.420201452636,451.28752172175376,1411.2783047057549,1866.0160233041884,0.0,1762.2122026555335,2599.3598571545504,1505.4021495277286,1621.4749665697757,3337.4313102830693,1444.4684394177445,2423.3429894292462,1474.806968452846,676.0525823464411,2547.207608750407,1836.9126139682123,3606.5223482180995,3462.013703358001,1916.2547878053465,1889.802328304195,3446.147274077261,2317.6218212620674,1072.8644754625159,1137.3653620749526,3672.9454857250835,2988.7705646709364,1841.2121833411807,1959.7361315748747,2500.1333991995025,3766.7559270976703,2770.366263862612,3606.146299962494,1452.797097883957,2254.2913937383846,3405.2013090304904,1555.3641478615,2518.7570710986843,3245.93054466751,2559.784693887547,3145.487019522931,3495.3604424888385,1709.804853272107,2988.283599460279,2049.5561060351274,2980.613353085847,2249.4758816301583,2374.734279494358,4381.720427770225,789.8669844586826,1158.9176032664197,3364.5893294953094,2384.5378553408664,3520.9740620350185,2596.9957860987747,621.515188689197,2516.5260301318162,3070.647131338591,1582.24487320188,2868.761595714261,2762.6396198283524,1843.961494955823,2404.361282455765,2212.76738669889,1243.3487626274439,1426.114898856252,1898.32919845931,1810.644709841915,3410.9131371482554,665.5974813151097,1523.6958719073186,1245.948170525793,2168.648825946961,2243.457204171169,1900.4076412637637,2911.4898682908465,2595.0416737139462,2163.345905622525,2460.6811873293886],
        [4130.924401186719,1308.8232101513624,482.68002534619615,2189.7070164975094,5286.454619058381,3384.6234924726496,3752.7726603927663,5122.706198895873,455.9916810564708,156.23406998382995,562.1059833076977,2973.9870683823447,2269.2863080193583,2373.963955380564,1316.3027002044769,3115.2736601005104,1484.7485810382786,1762.2122026555335,0.0,4143.971682715891,2905.789302435334,3383.3123948611137,4283.315338102193,542.8416656986329,3197.611134426336,3055.5263038977737,1320.0285436742452,2110.3454942687977,3168.6621389147863,5231.970611030201,5055.334317921293,195.75308180437878,2888.8614723827577,4601.75466566032,1556.0501337328737,2834.5594815353857,1429.0165194052947,5271.932429634827,2434.7979934725727,3356.883572177291,484.77183041506584,2020.6002995045574,5408.305433157547,1803.2928666955797,3398.600009617028,2654.7669267876045,971.9232661017638,4524.461667572469,3173.1685780198836,3803.13805402428,4922.465169762718,3988.530530963205,4804.76093286879,3772.7736698208087,635.320310626562,3906.1846288319052,3808.8684786284757,3090.34748173811,495.8764158592664,3993.0189726816607,4610.4070361382965,1513.8011316228087,1671.2373433917348,4980.341222901712,3712.7460190057013,5139.248804995315,3887.6997359082307,1762.2323532698495,4270.257871544678,1965.4344242386833,2864.7745378707377,1214.316264394996,4491.370908037946,1440.441226732018,1123.972450538576,3956.7766243220804,520.2046810383118,1773.349877568621,2715.248137137981,3384.396555312035,4929.600590644098,1406.1141875130545,2221.0088573352923,559.6434907375125,3928.127937833051,511.04578054542196,3349.919031896778,4020.0918837287086,4209.956967472873,1830.9919268011495,4130.924401186719],
        [579.0928290786219,3050.9061724020294,3779.722682989694,1990.479087301925,1154.854444154251,789.7656395269488,2742.128770518362,1042.9232998980162,4391.860596854864,4111.560722713506,3866.6684737014148,3270.2904986866724,2156.2522641282226,3772.287987523975,3000.6492546377935,2233.781032197186,3322.4415209304157,2599.3598571545504,4143.971682715891,0.0,1249.520562588445,1677.3729827560755,1807.0909023795843,3656.6166214622044,1910.5594070644538,2654.7815637202134,3274.609688518168,3570.9665623234473,3278.1723882263805,1125.9529619161956,920.2550408367642,4330.75611879396,1622.1801160095586,1432.984701461433,3792.382852404972,1824.3036577596329,2818.1412738760887,1136.9621151498782,3905.492153964968,2904.584045140016,4128.443615379646,3596.989777590392,1319.9775228950573,4214.932337827356,3818.4454193943343,1568.6000844170655,4178.469434330149,1484.9980946554354,2559.699352550059,828.4984276062365,989.8772878750162,410.41194439025884,829.7745023049944,3057.3348257407233,4268.7926959176775,1725.9894483088678,1406.7575267043565,3070.5225356977057,4632.961379957878,356.9642377464645,3673.3749558485188,3345.4523716507183,2593.9880583524646,872.5091519815471,745.5504862054541,1027.1755424378853,805.0953835790963,2383.4225370581976,1314.9712262277637,4542.645912052306,1347.4043793186172,4960.45050172905,1069.975430924055,3338.467905080883,4268.500259032435,1146.9574609335025,3655.22460528919,3903.78420155171,1913.3076757135773,2740.785530047324,811.6566396375722,3255.4089242362397,2214.9825996422164,3585.416641183443,1406.919509628202,4522.660462164869,811.9769156717788,1296.1494971124926,299.38732337214043,3337.6098832169537,579.0928290786219],
        [1387.7917735507021,1903.01539547017,2531.200551315783,742.0439980380985,2403.536803350035,479.7731327939769,2284.7853779817847,2270.0246002068657,3177.823926137206,2867.1802279607446,2667.397891524802,2685.4610678920926,1197.4211164272824,2733.241470850476,1843.0820019397752,1812.0014955140857,2121.5493811829037,1505.4021495277286,2905.789302435334,1249.520562588445,0.0,1479.3911370061574,1922.7969092971923,2409.5946233967247,1279.484733469479,2167.8257146668607,2166.7023342416796,2484.0289323706065,2764.9924006012034,2365.8246465313473,2169.3300403688722,3095.2553619020205,721.8537034185996,1949.7645252322504,2610.4637782455893,1201.9768937810811,1570.7348203687009,2386.2262417783445,2871.333969469509,2521.3763429649885,2878.9408088382093,2491.6204902543714,2553.78780992249,3055.220236388654,3043.424392588767,374.87602137615,2941.995819111963,1917.8354739367962,2138.4126444927424,1013.9108972470626,2132.893870030986,1093.552318587746,1991.7155310775731,2544.7382073003073,3078.5236139624453,1618.0877326520813,1584.8350261312592,2289.0953274794992,3390.9797409893895,1171.2165807638871,3354.579323324064,2293.819739620028,1351.8058202407913,2111.2785341431877,879.8471854763985,2268.92299597264,1091.6331274331658,1158.3413296421018,1860.0557138021254,3387.334756100351,218.83297430489577,3717.0719145673147,1885.777697398192,2132.2427619176856,3039.7161067365287,1528.4626273392894,2429.3960649797527,2915.4650641390886,951.138220476669,2394.936415502547,2023.8495222710217,2167.8720168516315,1052.5299116250808,2350.0637944333057,1673.4883816146353,3274.1066400473146,444.2194427683566,1442.9482935850187,1368.192712555694,2195.02955442521,1387.7917735507021],
        [1229.7337279746787,2082.505726436177,3183.7405395157216,1854.430119450944,2447.543012166311,1542.7119965489212,3756.996419992729,2196.8976704196134,3470.7858008229805,3413.9083464094883,2933.9932432327746,1616.109536339579,1123.582956992672,4036.4628564167024,2068.0671465383452,575.8470318256602,3205.728457376987,1621.4749665697757,3383.3123948611137,1677.3729827560755,1479.3911370061574,0.0,3208.767297482548,3042.678217810091,2754.3985551656533,992.4243021459739,2172.0836372090794,3747.8904521228483,1606.3252419196986,2332.510889291769,2271.844864240854,3533.7223517796883,2200.5572331934654,3015.611440588146,3704.078169508357,556.1432525673711,2485.8328764857397,2449.3340556242747,4173.31613874441,1228.2872974139466,3561.850044964068,3731.391700308218,2445.3225216652168,4171.1698959263995,4489.083967065066,1784.970992751924,3802.8605717456235,3034.1753506424498,885.8085178090801,2135.9505224310246,1882.744007911906,1900.3291999683206,1836.5118458770298,4023.028152236156,3266.0406181880644,2978.174158133488,471.17206666223206,3746.558938807488,3868.228869525743,1328.1582802793055,4818.274680872002,2123.6788536666513,2365.8359224641044,2135.8872434080995,1976.923737003662,2270.470439814156,2176.4542892399386,1851.9638280908653,949.9667090225711,4495.64292633451,1696.59544347834,4470.941739864124,1284.4497273181591,3199.1784960496807,3939.884742434061,725.6339279470086,2864.81637380119,2524.0555699139572,2409.367365929393,1066.8160158907515,2381.07165196926,2114.138890818185,2356.245432195435,2862.6732959773517,581.3522113410436,3863.4182795839297,1494.3877680587625,2673.2467498068486,1496.4152607790304,3399.4655025402976,1229.7337279746787],
        [2374.3453299213857,3642.072192194471,3816.926396640601,2291.577102434424,2419.800649250979,1673.7519726491148,1208.3702718777965,2504.309910886201,4664.246226397769,4189.543278618928,4238.752021786435,4597.712317770557,3111.0005239784296,2877.6464622390795,3571.969063447281,3662.039694071287,2968.656727568146,3337.4313102830693,4283.315338102193,1807.0909023795843,1922.7969092971923,3208.767297482548,0.0,3740.4803862666317,1091.0001552230829,4050.2165617219157,3940.478744570565,2821.050262928752,4664.465021941244,2498.478158095272,2252.9522870261985,4477.7195340465905,1470.564225949817,615.6735213377742,3283.29205502557,3086.942710846154,2869.4779944189154,2387.999917912957,2979.492300542278,4379.287780616168,4063.581045777782,2888.357098959642,2680.737068673189,3570.88086508347,2469.277430937318,1884.751527719615,3899.6468908365428,493.83988958914,3999.581017197336,1080.7536404244643,2644.7704969229935,1419.3764965870646,2490.622516201908,1515.0707371054966,4649.084279701774,377.3054823849665,3095.098009639475,1870.263319572009,4699.003779519929,2108.534799871642,1919.3315898203011,4116.2213964986695,2635.819250605465,2328.0466622520453,1235.8304617269641,2414.7272353489307,1056.1049154744385,2820.0724648718133,3106.656832235725,3847.4064482926274,1779.7558010964115,4681.3901067101815,2875.3890634002773,3004.473868968473,3922.5187090500963,2885.6493420276342,3922.0123371398063,4762.209722996519,1577.0461266304774,4236.16841146474,1876.8698690072624,3963.7352626003867,2072.515549512718,3798.3664470546214,3128.909521579653,4490.302546355449,1725.2863822133384,539.4568140411315,2106.194194532962,2781.41017063327,2374.3453299213857],
