{
    "drone_dist": [
        [0.0,2703.8263619920976,1178.8067447441954,2194.9313297205786,1002.2539116718531,3256.6239798113643,3316.2877952029307,3448.9110100511166,376.8144825227549,2344.457165998566,3912.873683313878,1049.0600254627584,2921.7166836725064,2058.6587830288026,2106.3605339034093,1382.8571778342068,3659.9625575372997,3708.7394970215414,3946.4197603090834,3203.852955216324,3144.899932268353,1064.9740482763334,2854.0877959323857,3484.3635570657225,4060.412811259936,4115.9573778289805,669.3511246543853,3492.670258086446,2640.432565320173,951.151194986584,3148.623150696194,1690.3879026777777,3069.5143395346277,3345.0155471140715,3346.4656696528737,2803.8326500599314,2595.589837607482,2205.180617801297,3058.298720848611,886.3374229377177,4409.164307030706,3557.254024387017,2594.037265278152,3409.5987580232286,3668.054039896533,2668.2275353495766,1745.053823020115,3821.1017033180583,2717.575153788207,3765.1673410061344,1274.886302811906,3138.5728582676347,2784.3196922068514,2353.495735080812,2551.8965005497935,2956.4236276943298,3856.295598634231,4588.679691939402,2814.239956288875,1518.5911544744702,3392.497084535482,1068.6485307371197,1435.4905613033186,3526.6188524673566,3224.3506517636392,3308.0258439676927,1662.6699498929804,2252.7630027432715,2181.353555811769,2454.6514135530874,0.0],
        [2703.8263619920976,0.0,1731.4373099058446,2804.076936722529,2980.546436042984,999.056273046717,3175.600708213008,4732.543563460855,2411.2876511850754,989.6175621722023,5171.873478290628,1794.2502376617974,826.8700097126393,646.0738674002832,1060.9314431295159,1463.4181269246324,3686.5761056799597,4549.202832437196,4562.73739100204,1721.162412551499,4799.847383584382,1715.5184470283355,4673.034068452939,904.1493663992075,3858.139978620657,4153.3937938615345,3115.59117516497,3748.3792576250958,4196.504643722018,3449.351022232398,3536.473514947086,3375.588928284625,3868.556115343878,2078.8305209559876,3400.9539109372045,4319.168546169544,2325.4021686181213,2707.745563157026,731.826794751449,2193.3517195105806,3575.3527979620985,3941.991036894562,1184.2026341824392,3748.9348755261285,4998.189548414458,1272.1931059280557,958.8685922399629,1920.8112077227804,409.9215750690552,4636.2700020019065,3974.0366293068532,1003.2434560016352,770.8347413573545,2206.2831417576595,741.9962802112715,1006.2588418377355,3397.224934460997,3657.740169082852,4589.684291059869,2959.8061771828843,689.128157111405,3695.9281085538446,1287.422422276391,2798.691962065926,2136.3260471698372,2589.2208990131967,4266.329360735783,860.7758707869824,1090.4337095208539,1370.9208370064807,2703.8263619920976],
        [1178.8067447441954,1731.4373099058446,0.0,2588.8533098694734,1914.712338100121,2108.111270278397,3505.0587379679,4255.579405847238,810.2539169707422,1176.307212341884,4727.9808485025915,140.53816870376434,2208.423788438295,1147.9751824347775,1576.4865649311755,1004.18663806935,3950.8086083714898,4348.270784775872,4505.22127676629,2787.26738529138,4082.8024303438547,215.4109134234422,3842.189057166773,2609.105434176055,4279.146949711805,4440.422903713915,1415.2605701575058,3870.743356428283,3516.420430972039,2104.8147035953707,3556.8866577095564,2547.6490581472262,3652.205604924942,3039.4145580483237,3624.520689744436,3672.199974120697,2629.1531303032416,2547.109185737143,1933.8032664565746,1254.539603228375,4375.853119656407,3995.7087113133507,2092.0008805150246,3817.834262761462,4501.737627755812,2192.217407297019,875.2312453988254,3283.6491961261154,1881.6100848822543,4420.039684342729,2414.2306351585644,2440.052890023415,1639.311277075847,2397.3324667485554,1410.3677034581162,2306.983217641205,3950.390162341462,4522.621314175234,3784.7057612360622,2225.5897665668026,2390.488824040738,2018.431994981059,521.985012663324,3475.824660352699,2982.0809503843243,3238.856160512936,2563.9180998569627,1107.1148690756106,1008.2287265776619,2062.323118464129,1178.8067447441954],
        [2194.9313297205786,2804.076936722529,2588.8533098694734,0.0,1380.1804713866907,3767.248728134929,1159.1093694621338,1929.5887931097757,2323.7010914334487,3212.7075764674146,2368.6911816780384,2477.0046015438375,2359.681807349988,2384.5596274377467,1743.472982957072,1686.3213690449513,1465.0312786898107,1809.3836467538472,1923.0748260503292,1941.2357626578796,2076.166157386961,2374.021161641569,2044.254371553409,3066.9227167715803,1871.5293229793479,1926.3489287985087,2853.963457016748,1313.968884293651,1497.223122055167,2019.0517537489168,980.6156489276892,1082.006134589913,1105.022554979007,1833.3185489314938,1153.715895948102,1586.3000792323166,808.9907396603122,111.53629111486586,3498.267072321489,1414.6147656782675,2354.7872523189235,1413.8521038926476,1802.0806567824366,1244.8556923489116,2195.311087970491,1780.8589271756855,2250.6287050065484,2592.618677532368,2507.3639995569692,1890.0098070618903,2811.0037498514826,2452.1747226170987,3391.866640256558,720.1508184146268,3212.571334061697,2249.6218446729495,1731.511910169267,2553.3510708239887,1947.2984594907637,828.7848346468319,3330.186668969724,3062.247824042607,2299.1705214806016,1580.641740065283,1643.198595373791,1429.244817596931,3587.1319740675617,3034.220633326545,3139.2177264936818,1556.3152210604967,2194.9313297205786],
        [1002.2539116718531,2980.546436042984,1914.712338100121,1380.1804713866907,0.0,3751.0676336717047,2539.1506453402512,2449.8133650125587,1287.1798325404739,2939.9810815680635,2916.2165985631013,1774.7345895612873,2914.500483820361,2369.7815676428586,2082.773472888069,1518.640842420737,2805.046292529589,2716.9323517669754,2971.371259684526,2899.35766861908,2186.2375880856594,1726.2419010374203,1929.185166129147,3583.2874506991575,3231.175422402953,3229.4465777239784,1581.5680481938189,2598.1159181868106,1651.7885074933674,665.0869062905506,2251.8663236052657,689.2045771780521,2100.2291017860457,2933.266927430721,2512.5262862269715,1814.0409829238383,1999.9684653311424,1427.683280367983,3511.939026160622,794.6006309306433,3723.586104679364,2632.4167528448866,2445.480542494101,2503.0657666947886,2673.991723250335,2485.019356489142,2096.3953016677433,3566.8134353324904,2852.7404567044805,2770.381879555772,1449.0148533740128,3092.7134840894373,3294.7054275204437,1788.7430002420122,3070.1351888857985,2886.10774636934,3110.9364595392235,3918.2806596771434,1875.1655153096794,577.2284522211409,3644.5629203613034,1693.4899142646002,1919.727907121842,2900.9771277415202,2772.7764749493645,2713.087293320323,2207.101581227495,2802.032947096096,2804.630357901452,2236.9442908181436,1002.2539116718531],
        [3256.6239798113643,999.056273046717,2108.111270278397,3767.248728134929,3751.0676336717047,0.0,4173.406378733955,5686.716388486581,2906.3142805688,943.2458715267634,6134.510635524861,2221.2769029852125,1755.3034483377298,1420.4717872110648,2031.6507385190994,2264.468975377968,4684.525447269651,5535.189720289285,5558.117830911353,2659.820331635203,5708.992683438661,2191.9236188218674,5552.8807276906955,1455.8779625965774,4846.802338107486,5148.971729210103,3505.3693607332243,4747.082687256225,5106.094520890484,4119.750594711927,4531.218465876745,4232.221797750527,4847.982657875572,3024.2360938505462,4399.9828295482075,5237.608678624917,3323.3401936831924,3675.7224134868015,270.4230048233037,2959.1793986380385,4510.695606564376,4939.631456603617,2179.086749962595,4746.473280873031,5951.590921078847,2262.8882272954306,1658.8355048610456,2716.7104349500087,1386.1966446352658,5621.445928326997,4517.098753449479,1871.9384036292772,472.314884058406,3197.4998984302692,704.8214320787039,1938.9810722693446,4377.517312573383,4575.338776455905,5475.165325666701,3827.836668386108,915.0136600958525,4115.17151128511,1857.4309484671842,3773.050676908761,3102.5951196825536,3571.185339737503,4635.334022920021,1004.8898541424538,1118.2977013691498,2369.9760129076435,3256.6239798113643],
        [3316.2877952029307,3175.600708213008,3505.0587379679,1159.1093694621338,2539.1506453402512,4173.406378733955,0.0,2158.6000310699173,3396.8794137204864,3849.2297371845207,2451.523559787816,3416.1253575609126,2483.4765267272855,2966.2971478747995,2230.891846454299,2511.5380237943054,511.18706868475755,1639.691969040679,1502.9018586041757,1702.5212141584382,2600.298724512704,3300.323936110624,2723.1181378780348,3100.435212755639,774.4068317465063,986.2967497353146,3983.2862504901527,647.071773509052,2169.662515488114,3171.764766323814,653.0801827277529,2161.466283418961,1198.6859467402764,1403.1877429461367,276.8804267576128,2175.8719896019793,904.7732225934249,1122.2415485769743,3907.403908247567,2476.234300870879,1233.1313104597552,870.9002289798789,1995.5976016927655,705.8826150759803,2387.1696009866123,1917.5090436804085,2944.6618999366256,2174.854172880074,2792.422885843911,1728.1890899032176,3962.383211269622,2467.76462773394,3892.585395446856,1114.8211483795094,3763.4413457701826,2316.478815325083,579.8476913894415,1438.2626039685767,2622.9207849673007,1979.9979366780465,3514.85780482319,4219.022373522301,3109.1245781214534,709.4383734326524,1230.2486132415793,745.2142732169964,4746.202197529821,3663.8023874519436,3821.5344564373495,1808.9181537511372,3316.2877952029307],
        [3448.9110100511166,4732.543563460855,4255.579405847238,1929.5887931097757,2449.8133650125587,5686.716388486581,2158.6000310699173,0.0,3730.5804416157316,5070.455054763001,472.50312613699964,4123.3415316985465,4261.8052788574505,4284.8302432446035,3671.613719077388,3511.8114673913697,1905.9813270835004,727.9376620991317,1107.252649423299,3694.855714470127,660.8908048650702,4045.821939083213,993.3427647226272,4959.031177900342,2260.0095237433675,1952.3288337826634,3968.83496166981,1600.5816295378777,830.7244215240619,2735.5399998067,1509.328403770985,1760.8367965678356,979.9827462768374,3473.005531239667,1899.1601227790536,671.368612682411,2572.228309999437,2029.4740340588012,5419.157184710154,3001.981287126393,3178.0366133252624,1409.9560204605207,3705.445540863014,1496.909009776196,265.7225839542878,3670.0544887268666,4114.08967116795,4269.4705957042,4434.829622527561,693.7880053551879,3335.4155531437996,4327.993885447977,5295.33929934979,2591.951636241707,5104.226561525805,4135.12950746902,2559.1299081057996,3371.666445877514,936.5306636239233,2030.7134093247705,5253.487689879148,3879.4343928597814,4090.384093192421,2866.8876373149037,3280.3616064803805,2861.9879552345565,4209.62127111428,4899.893504492405,4975.530070511546,3463.462329876386,3448.9110100511166],
        [376.8144825227549,2411.2876511850754,810.2539169707422,2323.7010914334487,1287.1798325404739,2906.3142805688,3396.8794137204864,3730.5804416157316,0.0,1983.6583454070917,4199.368121079684,686.5189127103758,2710.5553058050523,1773.73806053982,1931.1601870560685,1208.2735834619161,3777.6217065843894,3939.144262556381,4152.680829954396,3088.7695408476475,3465.55837685848,720.174569281981,3188.6181044975797,3228.976084144042,4158.501252766303,4248.451901074286,745.3430561284392,3636.9347178558714,2938.9420595584656,1325.4708056303768,3298.912003070848,1971.660658859371,3276.2107985326406,3266.987413169142,3456.5343197373904,3101.0556940691345,2612.9504425348628,2316.31724149091,2717.4877823891366,921.2021668429063,4429.304622744431,3721.748355457946,2441.208989971639,3562.8196437163906,3959.18856191564,2525.0431840495507,1461.0645009195696,3675.368942484549,2466.3423317629913,4000.814904221871,1610.8750648991743,2934.904157005647,2434.7418499388245,2368.1098310859534,2203.1433332965357,2765.302704066302,3912.3943108770263,4599.70899277924,3143.3121123303163,1740.379862627827,3095.6168891489747,1288.3371778803785,1125.2855182008163,3532.3926799361734,3164.666413848835,3304.969155452697,1870.3583911035373,1901.4675511335738,1817.5533924656932,2332.18475973861,376.8144825227549],
        [2344.457165998566,989.6175621722023,1176.307212341884,3212.7075764674146,2939.9810815680635,943.2458715267634,3849.2297371845207,5070.455054763001,1983.6583454070917,0.0,5533.922430157122,1297.4473835404856,1775.4489465844626,883.372061177034,1620.1421444046707,1559.0215996763482,4347.599164169617,5021.123593100665,5101.9683758329265,2616.4378238304284,5009.550768235774,1284.0293468448392,4815.712533224961,1853.5355901427229,4586.767964000057,4834.2363014409875,2562.8402270231563,4350.13858725974,4415.349498611641,3240.553850161599,4086.6998091622336,3489.1145825462377,4317.582573896806,2953.45752191873,4036.8148195185013,4558.761102054259,2949.1160759818144,3137.6413603706114,812.6845956951978,2171.118670991245,4435.09427445868,4518.271903944534,1975.6997585423082,4327.071927146696,5330.369742299935,2079.4449859915994,962.5788498409431,2897.99689033942,1349.4130126896414,5102.5030701094065,3590.533027766031,1975.7026634310685,493.9419435056074,2770.032238490811,304.0710873238456,1940.449456740845,4166.381672178565,4538.964593657951,4745.959691970621,3107.977905377955,1455.3930800280418,3173.0816831336524,1022.6490775439468,3597.702468311717,2972.819565516455,3370.6210705259236,3692.381219622775,185.43641053011632,175.28922363672027,2084.9382796639356,2344.457165998566],
        [3912.873683313878,5171.873478290628,4727.9808485025915,2368.6911816780384,2916.2165985631013,6134.510635524861,2451.523559787816,472.50312613699964,4199.368121079684,5533.922430157122,0.0,4595.821250395514,4671.961680545608,4739.354484180066,4111.83998807627,3976.282621133761,2121.426135149411,841.6760987299774,1148.8364937047897,4060.6906502362513,938.7843548483683,4518.085065886574,1307.1869491353107,5361.5117722610285,2414.6205839012896,2059.0136027336303,4420.252936855025,1840.2701214355523,1278.5831188304358,3174.773695340571,1826.2618932369098,2228.145128589226,1343.5634728985888,3815.5078851945113,2179.263271337786,1115.2525227348046,2964.143626425294,2464.1590326753044,5866.009445090516,3474.227711204561,3356.6654801127174,1625.6018617359045,4118.8061015058565,1754.2687962404862,254.048482058356,4077.4351626824446,4575.547885077528,4607.142179585265,4863.423638739092,765.1796152762813,3739.7172465854183,4725.964265034398,5749.744113451981,3005.4405544695246,5561.7081055326,4538.176319658195,2780.1607347182717,3539.345130022894,1278.149146585199,2503.215278121057,5675.689884822018,4305.797205370401,4558.704424229073,3158.444168963107,3626.8894498297996,3181.8729536072483,4608.912312939728,5362.060869860301,5441.407461296497,3879.971743387334,3912.873683313878],
        [1049.0600254627584,1794.2502376617974,140.53816870376434,2477.0046015438375,1774.7345895612873,2221.2769029852125,3416.1253575609126,4123.3415316985465,686.5189127103758,1297.4473835404856,4595.821250395514,0.0,2224.1004389213194,1187.953698454256,1552.0137125693825,934.9104348243128,3854.4973067036794,4226.019492500375,4388.87958449635,2762.5445893360984,3944.7895408354834,122.34585357003817,3702.6298569973465,2657.3349447391333,4190.532169892641,4342.722825388027,1327.9083922769273,3766.698301748351,3380.1353974589333,1968.3356597372983,3449.230437188496,2410.363169005696,3532.1028235716467,3001.919544096021,3528.0379373606543,3536.40949006157,2549.345164452154,2438.883143781336,2038.2757488005782,1124.7919375494048,4313.087938471546,3887.202046532185,2072.2492252752454,3711.1515008137553,4368.417110055167,2169.9141426056067,896.762664778674,3279.387938256818,1916.6049970673282,4296.912069295805,2296.192635042059,2455.297695965484,1750.391484833088,2314.122354977696,1519.5371603017402,2312.8544477614273,3872.660611768767,4463.953740525985,3645.5490244179105,2092.754482049428,2464.0938665103477,1923.457827623058,534.9776220307592,3411.009313859336,2936.238351814384,3174.6519003007147,2479.72049397343,1216.97117939453,1132.6244787125536,2026.3278688554863,1049.0600254627584],
        [2921.7166836725064,826.8700097126393,2208.423788438295,2359.681807349988,2914.500483820361,1755.3034483377298,2483.4765267272855,4261.8052788574505,2710.5553058050523,1775.4489465844626,4671.961680545608,2224.1004389213194,0.0,1086.9717578900231,841.985070897099,1541.2176220893857,2991.069693455135,3977.467997298107,3939.535162389974,906.1249457474886,4430.784004450793,2116.9250515933686,4362.747868931529,710.2213423687374,3112.7174469004826,3435.595032634268,3454.116514826162,3095.9748299739763,3839.89275412126,3488.5936429419303,2931.086868050901,3148.978553269347,3334.045683083077,1269.5808610397328,2731.643358060543,3940.8838333767358,1719.0461173555552,2251.674246374534,1508.05905253399,2203.4951956447208,2761.3986204102093,3304.273526864543,557.9656896722787,3114.8058290736794,4525.5181683555375,595.3720806423521,1333.2131788189238,1132.3228015372936,427.6800695210538,4066.9832788503763,4129.871896001428,231.62924161457858,1596.26564704077,1669.8584867937618,1559.2934865610077,183.97863825218394,2632.152990161228,2836.527257782534,4270.8964159611005,2734.0837832742986,1032.8300893726826,3979.8776615773777,1691.4490959347993,2024.0035860025318,1350.6848535255017,1831.6314022534905,4571.26581757559,1619.0482268128633,1842.5513582095052,803.367969731826,2921.7166836725064],
        [2058.6587830288026,646.0738674002832,1147.9751824347775,2384.5596274377467,2369.7815676428586,1420.4717872110648,2966.2971478747995,4284.8302432446035,1773.73806053982,883.372061177034,4739.354484180066,1187.953698454256,1086.9717578900231,0.0,736.8359133197073,856.0007084863776,3465.9335741080804,4182.061533171827,4243.1951234510425,1809.7116131734094,4289.083384181267,1096.5579950061242,4133.577896723754,1470.3205274217746,3703.8403912567073,3951.702209209625,2490.574825957066,3475.7996076900677,3686.5122437305367,2811.8956955845943,3221.732017973123,2815.890615722554,3483.1971204004585,2123.4833535740268,3156.9998401200196,3819.466929465658,2067.643855353605,2301.0079426633783,1163.2178049717318,1576.0348174712572,3582.0875409633195,3649.1572882381324,1130.9150130585463,3456.99512183539,4548.500338365873,1237.1938540559145,313.994710722043,2204.2713726498196,733.9483663021707,4265.648320875882,3328.0273035521977,1316.2396798556056,1010.5447824720324,1894.9625349426894,829.2622485631463,1212.294503760396,3287.9130643282147,3696.6974625834046,4055.2142456833576,2408.75327856254,1335.1971635515777,3061.376953786446,660.0675045886043,2727.586435334535,2121.7907346451634,2497.4940641528783,3637.543141715068,698.0991888744736,873.911865821391,1211.3688627565266,2058.6587830288026],
        [2106.3605339034093,1060.9314431295159,1576.4865649311755,1743.472982957072,2082.773472888069,2031.6507385190994,2230.891846454299,3671.613719077388,1931.1601870560685,1620.1421444046707,4111.83998807627,1552.0137125693825,841.985070897099,736.8359133197073,0.0,727.0967829142782,2732.694915869415,3504.5025084792196,3540.4092175839496,1211.3298360901124,3751.567832961543,1432.7511680732837,3642.0497932642274,1501.5890054343292,2967.140556115318,3216.8547244495217,2675.4941625313486,2753.7550563597483,3149.632767848385,2646.999182447804,2514.1342327799503,2374.214002001608,2816.3931504110114,1471.6996707091046,2427.0258062092093,3267.60163272395,1336.1194356170627,1648.2084994465872,1761.4733204438999,1361.5561353665794,2879.9466711528676,2934.193969016941,521.8814475909315,2741.1740481582187,3937.2581370996154,617.9270991774636,781.1221684921345,1749.0283572315332,803.1116094635827,3590.4158653683094,3292.7550056438395,1042.8632381310622,1688.1744542082183,1178.341507726233,1539.5392211544154,852.0363105834844,2555.874909715697,3006.884078269362,3555.4484814587836,1955.2943802120908,1631.4904204463885,3172.791835243169,1066.7707497205295,2007.2422449442752,1435.9375019342965,1773.8250878682843,3766.5746520579874,1434.923085178383,1604.17207486611,503.33970096381057,2106.3605339034093],
        [1382.8571778342068,1463.4181269246324,1004.18663806935,1686.3213690449513,1518.640842420737,2264.468975377968,2511.5380237943054,3511.8114673913697,1208.2735834619161,1559.0215996763482,3976.282621133761,934.9104348243128,1541.2176220893857,856.0007084863776,727.0967829142782,0.0,2970.89948782357,3491.7216178105577,3604.830006044206,1889.4311190650646,3464.767253462834,813.3332099236037,3292.2235852639697,2137.5636339203857,3284.0083829665678,3462.6870457855102,1950.704627587353,2914.693825466102,2865.997450137773,2002.5993339291617,2617.7017720964104,1968.4901032318085,2786.7377596499127,2094.8701216899576,2646.1079372877584,3005.8897373434397,1626.8852527918216,1624.548290553507,2013.8742287582472,730.1485130011278,3378.1820062954316,3057.1666863626015,1232.9354854207056,2872.498748474473,3771.413437855791,1317.5623751327282,614.4695647502381,2467.1007464702316,1377.466180391502,3570.1854300047276,2596.3520253589318,1756.0134341712323,1828.0612825190265,1398.6615236959938,1617.8796109766681,1574.0393913588507,2946.574758439614,3529.759717184845,3216.82355573102,1568.8714707647414,2135.7918318183924,2447.0649925365956,616.2596721477126,2476.1627095932527,2014.981191610148,2239.7503583385997,3040.535118202762,1391.281960224104,1466.3997620996108,1134.5339690258857,1382.8571778342068],
        [3659.9625575372997,3686.5761056799597,3950.8086083714898,1465.0312786898107,2805.046292529589,4684.525447269651,511.18706868475755,1905.9813270835004,3777.6217065843894,4347.599164169617,2121.426135149411,3854.4973067036794,2991.069693455135,3465.9335741080804,2732.694915869415,2970.89948782357,0.0,1281.2161409333683,1065.106836312996,2189.165561118007,2439.2832042386435,3741.8788380021488,2625.881291480103,3597.1652437588814,444.79534635760166,492.21441509616284,4317.95076925227,314.5248908819468,2109.0045819555016,3399.4864943457533,590.4067418706059,2325.450250931708,1053.6035003641286,1869.8630403426223,326.46429987011976,2076.588248246383,1398.4846771839873,1461.7962589377923,4418.3964164796325,2859.035954499248,1277.1124400482622,499.56615653474876,2506.769705926322,432.2352897118338,2102.3036463609515,2428.2773032063396,3431.3289719786267,2611.9183999464917,3303.5407051274838,1362.8858078048945,4177.820738726163,2968.386405945784,4400.963840504954,1590.2794387676634,4268.726338442207,2822.1466820938053,659.3663069197117,1475.7457084369241,2529.9413823708032,2229.0045955370465,4021.111935216522,4498.536206703783,3577.6654433098565,1107.1077873924778,1709.8405059669674,1209.5529294893051,4997.400067960547,4162.194704701593,4314.639220675157,2318.95582876504,3659.9625575372997],
        [3708.7394970215414,4549.202832437196,4348.270784775872,1809.3836467538472,2716.9323517669754,5535.189720289285,1639.691969040679,727.9376620991317,3939.144262556381,5021.123593100665,841.6760987299774,4226.019492500375,3977.467997298107,4182.061533171827,3504.5025084792196,3491.7216178105577,1281.2161409333683,0.0,382.9882794618251,3299.234757694116,1373.5691041458201,4133.211785864519,1670.0808892374089,4646.774051095049,1579.6537862083646,1242.2425380948448,4293.6913215032455,1009.1839198970081,1329.747297199237,3134.9950680097268,1054.7834408339563,2054.334871688891,705.0442381906846,3029.825317098351,1363.4413146425632,1211.0660253584103,2258.9901926388507,1884.011691800691,5264.799471768827,3109.8524449250435,2518.2096100950853,789.3130907235357,3437.0983958292495,934.0914771004237,857.2018499693189,3383.3796121051255,4059.5802327400443,3812.1289439511756,4211.269404965696,90.23494116625004,3817.4570141078516,4007.4331744430974,5182.05729288122,2344.564305081583,5011.3226534779715,3830.6372711141807,1939.1812723079388,2703.579091923242,1595.6880428680338,2199.633837503331,5000.788387783281,4297.154275796568,4100.206670925433,2338.5821970880456,2846.962606314117,2381.3734635551136,4690.55510926551,4841.763256361041,4948.552523705879,3208.7300833045433,3708.7394970215414],
        [3946.4197603090834,4562.73739100204,4505.22127676629,1923.0748260503292,2971.371259684526,5558.117830911353,1502.9018586041757,1107.252649423299,4152.680829954396,5101.9683758329265,1148.8364937047897,4388.87958449635,3939.535162389974,4243.1951234510425,3540.4092175839496,3604.830006044206,1065.106836312996,382.9882794618251,0.0,3201.9889770251307,1756.4240396185808,4289.871325232643,2050.9989585972985,4585.11516298,1284.454198488211,912.7907234176203,4552.935577153112,857.327420370072,1686.7653359155172,3432.640597927419,1027.1308567899803,2333.619779080045,877.5510549802024,2905.4347078227843,1230.7269614511479,1578.2204425962136,2240.7839961034615,1980.2901718356927,5288.105454703236,3290.270140988348,2229.317927266648,638.3635164412018,3416.4647534102332,824.9552298434928,1211.6188893269364,3352.765377199672,4147.31242351058,3666.88398435134,4205.822894489892,416.6467090952227,4138.813522688434,3947.4009389977164,5228.1269549381095,2363.217986068024,5069.549173896263,3782.554934196824,1699.3554704981736,2404.7321444129984,1974.8658221073035,2427.8978849243535,4971.079304868188,4592.687204541438,4219.828288688852,2167.0101083093914,2732.894506566184,2245.0525675062504,5007.615142970987,4919.571006454728,5041.4260982938,3200.234368043449,3946.4197603090834],
        [3203.852955216324,1721.162412551499,2787.26738529138,1941.2357626578796,2899.35766861908,2659.820331635203,1702.5212141584382,3694.855714470127,3088.7695408476475,2616.4378238304284,4060.6906502362513,2762.5445893360984,906.1249457474886,1809.7116131734094,1211.3298360901124,1889.4311190650646,2189.165561118007,3299.234757694116,3201.9889770251307,0.0,3977.579253405988,2642.6180511272605,3980.177740126892,1415.5805719232485,2251.728718137575,2599.8869257800898,3821.215824318389,2344.726262703436,3424.012114306689,3544.594150170198,2247.0334066580963,2929.445002146173,2722.959593603816,365.01424950823315,1971.4035092223294,3494.8008041222033,1151.1309801281636,1830.7211786362832,2414.17372289936,2354.826565440165,1855.9836417097342,2564.968255945097,698.3982278213178,2386.0420936329515,3949.1057648275773,595.6270241774166,1959.9277804509863,672.236523351201,1311.6993241366326,3389.4054086331316,4276.42559114156,810.6289902467553,2491.623262464226,1231.3264554486254,2432.628262841642,722.1665123417321,1756.346330787311,1937.1906413803,3881.826127907048,2552.6377776079526,1880.4886905597682,4266.870714207079,2273.540502718517,1146.6471998227476,481.619994666868,984.3232857088653,4857.980025504966,2445.3295485952067,2655.29155835645,756.6204477767978,3203.852955216324],
        [3144.899932268353,4799.847383584382,4082.8024303438547,2076.166157386961,2186.2375880856594,5708.992683438661,2600.298724512704,660.8908048650702,3465.55837685848,5009.550768235774,938.7843548483683,3944.7895408354834,4430.784004450793,4289.083384181267,3751.567832961543,3464.767253462834,2439.2832042386435,1373.5691041458201,1756.4240396185808,3977.579253405988,0.0,3883.3259789563117,369.0133175921765,5139.914965563143,2830.701834669349,2558.3549818024435,3590.7226454421793,2125.0413505478377,603.6768505121988,2324.227892392638,1953.2324767671462,1536.9429741277327,1409.64435577675,3803.7620794454438,2367.34764235172,490.07675950344174,2827.1504690267116,2186.506006765684,5447.968508820515,2859.238081231307,3714.5559827787056,1964.6627418603846,3874.6805533287747,2010.1482644083933,698.0176117460085,3856.6558302435947,4079.0476982518594,4595.898264984369,4544.911621538568,1349.2297250905865,2827.883503762469,4528.309595998158,5288.68825868269,2790.476867071489,5082.293584283948,4325.243055978629,3068.6738129210135,3914.725216237287,354.6355055821578,1901.5763453744046,5374.9032028207175,3419.253638218977,3997.4924881926336,3288.9499459022063,3607.9364651822934,3243.5984419861084,3689.6511393115734,4850.141731218102,4896.075542016791,3628.468830921767,3144.899932268353],
        [1064.9740482763334,1715.5184470283355,215.4109134234422,2374.021161641569,1726.2419010374203,2191.9236188218674,3300.323936110624,4045.821939083213,720.174569281981,1284.0293468448392,4518.085065886574,122.34585357003817,2116.9250515933686,1096.5579950061242,1432.7511680732837,813.3332099236037,3741.8788380021488,4133.211785864519,4289.871325232643,2642.6180511272605,3883.3259789563117,0.0,3649.1916094163817,2566.77894779269,4074.6855658991944,4230.822749757578,1400.0838386822772,3658.295789764368,3312.76962702058,1960.23410628542,3343.1744499147244,2346.7812167061497,3436.8818015879738,2880.198656729923,3415.471494923438,3467.5308361076545,2430.522723996351,2333.1326733384985,1998.142609321224,1043.859086444981,4191.394276058575,3781.7725679924038,1953.5989978142338,3604.446574447516,4293.16767448757,2050.666707277489,797.1297382001973,3164.212054461065,1819.4754792894535,4205.155343748471,2328.717369101562,2347.683060095739,1719.6785551482621,2196.205958894857,1487.3887596438722,2201.6434647525953,3753.481080299269,4341.913856518034,3589.635850115104,2017.081954351288,2392.1892972781734,1985.927579352689,437.0857195719798,3289.4947104774205,2813.979305971037,3053.050616125495,2551.222457359577,1187.7922802864482,1126.0652293680214,1904.9335720864442,1064.9740482763334],
        [2854.0877959323857,4673.034068452939,3842.189057166773,2044.254371553409,1929.185166129147,5552.8807276906955,2723.1181378780348,993.3427647226272,3188.6181044975797,4815.712533224961,1307.1869491353107,3702.6298569973465,4362.747868931529,4133.577896723754,3642.0497932642274,3292.2235852639697,2625.881291480103,1670.0808892374089,2050.9989585972985,3980.177740126892,369.0133175921765,3649.1916094163817,0.0,5072.8101648222355,3038.8701992771944,2799.1633902161507,3267.370215974055,2312.6850530788893,565.3613031411916,1998.040904177916,2096.2531162587384,1327.2566966227585,1573.4017393740467,3837.444822612128,2512.4401996589195,551.4155012911488,2832.2912487322656,2155.748578529926,5296.651346307946,2647.8349485011963,3887.151728754824,2176.7347063195825,3812.8365218585495,2193.7219412179634,1063.622938478976,3804.850570048713,3905.4357665325106,4618.90302195119,4443.231429692635,1658.1234537560292,2468.0901501169524,4477.128245374532,5120.1789342019665,2764.1521353429207,4907.345721592548,4270.179219310929,3228.430668902247,4090.78019090283,101.00131631839348,1725.0440877000065,5273.204075588783,3069.8735278573845,3795.7727021468845,3386.855948737387,3642.2013726347413,3316.5405169755304,3325.9208094019273,4662.835081197393,4693.902102289652,3567.532711112852,2854.0877959323857],
        [3484.3635570657225,904.1493663992075,2609.105434176055,3066.9227167715803,3583.2874506991575,1455.8779625965774,3100.435212755639,4959.031177900342,3228.976084144042,1853.5355901427229,5361.5117722610285,2657.3349447391333,710.2213423687374,1470.3205274217746,1501.5890054343292,2137.5636339203857,3597.1652437588814,4646.774051095049,4585.11516298,1415.5805719232485,5139.914965563143,2566.77894779269,5072.8101648222355,0.0,3665.4254618447562,4015.3009162843573,3956.581709958587,3731.9767586395074,4549.8492017213,4129.493980384066,3593.910430762447,3851.048843998929,4019.640216234468,1764.7714602842316,3361.276843571746,4649.917168832798,2398.5303680061434,2958.2277268245825,1280.103297857528,2841.210611652039,3176.142192673971,3946.909352806869,1265.29390520546,3761.360287961426,5221.680194250185,1290.1401699694002,1774.4213867586805,1287.365004416469,766.8260858136221,4736.7762452920115,4729.507888798005,639.4158024475893,1499.802102618301,2369.238936942302,1568.5291619693012,823.9712360986751,3166.1400433376307,3212.081633505671,4981.065590442255,3434.3968954554393,547.3445859169824,4516.399805991005,2129.934769652695,2558.8746979241528,1896.811134597853,2398.853139866866,5098.720394283853,1749.020013163412,1975.8868664949282,1511.4710750475185,3484.3635570657225],
        [4060.412811259936,3858.139978620657,4279.146949711805,1871.5293229793479,3231.175422402953,4846.802338107486,774.4068317465063,2260.0095237433675,4158.501252766303,4586.767964000057,2414.6205839012896,4190.532169892641,3112.7174469004826,3703.8403912567073,2967.140556115318,3284.0083829665678,444.79534635760166,1579.6537862083646,1284.454198488211,2251.728718137575,2830.701834669349,4074.6855658991944,3038.8701992771944,3665.4254618447562,0.0,404.2208255833673,4723.274330968955,736.6884597527645,2535.8452084010123,3835.129112392894,1035.19819339825,2767.623462664221,1476.5018371201068,1901.8795495470713,719.4966302084993,2493.7134362675597,1666.12524833006,1855.2322311001476,4586.008812739318,3237.3332261504893,945.0159533748448,866.3105890859505,2675.1595049358148,857.0377664417044,2431.155362534561,2586.0613141520503,3701.2550512385983,2570.7421401658175,3460.7995392584958,1650.4481110453532,4616.326653001181,3057.4943016580037,4597.505078689121,1885.6610754622634,4482.789140065224,2935.039056805038,507.6082875193788,1124.7331006227619,2944.9429671865005,2657.421816834071,4125.855980869342,4923.668130630281,3877.904340265944,1106.684368195314,1773.9705167033403,1281.1954143557334,5430.02304941674,4401.750260396429,4568.22730845311,2515.553123089024,4060.412811259936],
        [4115.9573778289805,4153.3937938615345,4440.422903713915,1926.3489287985087,3229.4465777239784,5148.971729210103,986.2967497353146,1952.3288337826634,4248.451901074286,4834.2363014409875,2059.0136027336303,4342.722825388027,3435.595032634268,3951.702209209625,3216.8547244495217,3462.6870457855102,492.21441509616284,1242.2425380948448,912.7907234176203,2599.8869257800898,2558.3549818024435,4230.822749757578,2799.1633902161507,4015.3009162843573,404.2208255833673,0.0,4767.6107934214615,631.4908232182752,2332.8770690216497,3797.431356422909,977.5822958524553,2701.1897157917547,1291.4532280191484,2260.481324410268,816.7416051015647,2268.6863616616083,1886.031784009218,1933.4819751727987,4884.604752542908,3333.284763219402,1330.9085167077683,651.9684679867396,2969.9947392567087,732.7524278553071,2099.3811273213964,2887.054668057447,3922.076693772553,2956.012786572709,3764.2634457615636,1303.856333226013,4562.501104290623,3396.5628247996433,4876.961984573246,2081.859556248576,4749.592079964286,3262.029415609911,895.3653104836684,1497.8845864698956,2710.0730452027283,2652.450174416885,4459.358793689488,4919.124724257616,4069.8491517652683,1468.3994237011445,2118.4902813719814,1616.9006792699722,5399.641983856799,4648.8002947354025,4803.717515100422,2791.667263569436,4115.9573778289805],
        [669.3511246543853,3115.59117516497,1415.2605701575058,2853.963457016748,1581.5680481938189,3505.3693607332243,3983.2862504901527,3968.83496166981,745.3430561284392,2562.8402270231563,4420.252936855025,1327.9083922769273,3454.116514826162,2490.574825957066,2675.4941625313486,1950.704627587353,4317.95076925227,4293.6913215032455,4552.935577153112,3821.215824318389,3590.7226454421793,1400.0838386822772,3267.370215974055,3956.581709958587,4723.274330968955,4767.6107934214615,0.0,4140.843344628698,3142.210981753955,1269.33296570454,3795.2376195734732,2243.2021424716863,3680.88090862456,3983.709999405398,4007.329556568961,3305.184272246262,3262.551865473955,2868.7403373559036,3344.6571858887182,1549.0319700626192,5077.552475748077,4194.9466274983215,3182.9621041797323,4053.818139374144,4169.498627281618,3264.8643962443034,2182.405190002729,4416.9670700839615,3198.604623180865,4344.13751259967,1144.0802149633425,3679.259321450095,3042.9004382321227,3019.719769596017,2817.841440151292,3510.588877018102,4525.338785529168,5256.15437253714,3243.933785681712,2138.2855981958164,3790.734474426542,611.0174754832371,1831.7209232716723,4192.780637967563,3871.2041588306756,3972.4187052392604,1151.956053121401,2515.534031166755,2388.534067025533,3065.710212026277,669.3511246543853],
        [3492.670258086446,3748.3792576250958,3870.743356428283,1313.968884293651,2598.1159181868106,4747.082687256225,647.071773509052,1600.5816295378777,3636.9347178558714,4350.13858725974,1840.2701214355523,3766.698301748351,3095.9748299739763,3475.7996076900677,2753.7550563597483,2914.693825466102,314.5248908819468,1009.1839198970081,857.327420370072,2344.726262703436,2125.0413505478377,3658.295789764368,2312.6850530788893,3731.9767586395074,736.6884597527645,631.4908232182752,4140.843344628698,0.0,1800.6853442369272,3168.2811056321552,346.51924971979327,2076.6218667413673,742.4051784145967,2050.242059052049,373.40224928554574,1764.1809276092415,1425.1528157797047,1333.2497475103871,4478.3260546199135,2728.0304782214203,1590.2240991713516,224.76019415437727,2584.588040976559,120.43834590011576,1805.3633132389414,2515.3556710436455,3412.890213258415,2819.1730688503385,3379.4982424109476,1095.3351552409174,3936.992751364955,3095.5561398978616,4438.500853486715,1580.9080161678119,4292.848493276546,2935.149354632029,958.5582341615523,1789.7179347975843,2217.157687514515,2021.23501426964,4128.746848155025,4287.658803704979,3528.9917859506745,1331.6949555374174,1876.0016100362907,1391.6719001814818,4770.219728644048,4165.4947643120395,4304.76688945346,2378.3032100850164,3492.670258086446],
        [2640.432565320173,4196.504643722018,3516.420430972039,1497.223122055167,1651.7885074933674,5106.094520890484,2169.662515488114,830.7244215240619,2938.9420595584656,4415.349498611641,1278.5831188304358,3380.1353974589333,3839.89275412126,3686.5122437305367,3149.632767848385,2865.997450137773,2109.0045819555016,1329.747297199237,1686.7653359155172,3424.012114306689,603.6768505121988,3312.76962702058,565.3613031411916,4549.8492017213,2535.8452084010123,2332.8770690216497,3142.210981753955,1800.6853442369272,0.0,1904.820148008772,1556.669656847876,973.5376276115504,1059.3903854192731,3274.2772272871935,1969.9658513309291,163.67048673920382,2273.9930893843866,1608.6112598844575,4844.716145960156,2278.426429438125,3352.8513982303357,1689.7562522420744,3285.6150524454174,1680.3260392718055,1029.7043705209269,3271.7499665523446,3479.80134726866,4058.055498752973,3944.700730745779,1345.6958373386212,2521.378808912609,3944.3230492179628,4687.603059853302,2216.7461829135077,4482.600573220508,3739.389681862625,2689.468834956697,3557.8831463491465,464.5760097992673,1310.2853018103592,4775.034037908509,3050.995806091052,3407.8544515681474,2824.929101127867,3078.8338124047223,2751.551456828688,3397.0982778676394,4253.917170524042,4305.2198918476415,3039.4784929012744,2640.432565320173],
        [951.151194986584,3449.351022232398,2104.8147035953707,2019.0517537489168,665.0869062905506,4119.750594711927,3171.764766323814,2735.5399998067,1325.4708056303768,3240.553850161599,3174.773695340571,1968.3356597372983,3488.5936429419303,2811.8956955845943,2646.999182447804,2002.5993339291617,3399.4864943457533,3134.9950680097268,3432.640597927419,3544.594150170198,2324.227892392638,1960.23410628542,1998.040904177916,4129.493980384066,3835.129112392894,3797.431356422909,1269.33296570454,3168.2811056321552,1904.820148008772,0.0,2826.4915547155983,1108.4192434966965,2591.983183982148,3592.5298553750677,3122.2023575924013,2065.163208192123,2664.857903067766,2076.2111208512074,3901.1226124634227,1288.7047820007417,4372.4265598736165,3174.262928392175,3053.0959652698525,3064.8138771696217,2921.8711090383767,3101.768270130488,2512.4028152178025,4207.412056206953,3377.1448249005357,3174.735184347511,792.058650645747,3680.517596495846,3650.2599044883204,2453.4918439866965,3418.737181686781,3478.5713557982367,3748.506247317039,4569.334097450372,1975.6717368074524,1191.9536557147092,4131.773136406005,1162.1647860216897,2263.090951472494,3561.72852331384,3434.7782438290747,3376.6725735951572,1602.2526141162455,3129.1216831534716,3085.8712485872884,2858.1739200449556,951.151194986584],
