{
    "drone_dist": [
        [0.0,2584.2677429783616,3218.771314371264,1578.777188046557,2274.019742787421,1680.3913029751582,1205.6342873341546,2127.220493040752,1971.1280110525026,1020.8156983834302,3108.0974183049334,2661.1109135653073,2288.126757453478,1158.4400978931408,535.8097486534655,2605.7693899919527,2269.5074589335313,1947.530428208343,1733.4015505333539,1678.2864985271904,1505.0686590962025,186.65070437323462,2610.6369829022487,1718.245372350293,2648.8115157128173,3413.120941052264,1561.0664900058819,1586.039575207619,2310.3709930388823,2295.6255423553494,2977.4652038550307,3628.173084904596,2013.571261665806,899.8060384544123,2778.9429945805164,2531.1585824276067,1183.3699872806078,756.1849047999192,1116.2739335655672,1384.7001188059844,2563.5375108288727,2597.5284203769547,3011.368009878367,2032.727125141849,2756.038640932886,2605.90806727176,1815.9791575866013,3348.000060410083,3223.947330739062,2190.841525694036,2192.5429540590867,2907.5374966720165,2953.4151037874944,2153.4346059083755,707.679124601819,1632.122293896542,2885.374280887591,1478.116597198057,1844.6172770303062,2698.158676542898,768.7207872353122,3857.813861891598,1385.2008551864978,2749.8893178611033,3078.5939211254977,791.9406162681507,2791.844266103906,2855.4553539335293,1194.9362317292628,2671.0008749164067,2301.1266501388895,511.486545082595,1820.1001656791927,694.3703707688018,2100.688297939025,1176.9443916205637,553.2241353077933,3472.265786517944,1440.0338397569674,1873.6417463720659,1299.0224683879053,2212.2797414973033,1374.4509356448445,2381.2993517624905,420.89172257779745,1051.211278327184,452.0259698371015,1598.3479065066972,2841.234434647301,1606.9562469235264,3086.9312979074507,3019.036829397731,1310.0001406287088,2484.167421793301,2543.478722186386,2845.282370413634,2234.4494909329997,2204.067867461015,2933.687788535614,2577.4606642275053,0.0],
        [2584.2677429783616,0.0,5788.668723875976,3184.6293362899546,3662.04928890018,4223.768168740734,3561.6843661903654,3876.310148172724,4137.537211844678,1581.2636072136013,5552.732398991298,4242.358069603425,3900.5152404637056,1886.7162558242483,2221.497776602276,369.3358110870911,4831.27535915018,1788.7960109460746,3388.783566447813,4260.8600900410665,2801.3556553199346,2401.3916025156946,5170.534539091541,4289.585564678387,5076.288752788686,5990.541021958349,3730.0664101752964,1364.5446997027866,4843.279565294554,4837.663347396918,5424.074320852219,6208.992143356785,2387.145611423596,2035.3534943331829,5056.4799131074,4902.17497065742,1438.9345108336825,1918.4845506107122,2789.406561970802,3090.5284141065395,3929.1555821437205,4162.137314347483,5574.205171457297,2991.8187505812616,4814.601497722549,4049.647874560368,4209.808774533705,4760.159705425591,5767.537807940468,4078.7707498889963,4486.882552431029,3804.379420943458,5445.700374623004,3147.0027521398174,1885.5184463547496,3448.899383045329,311.24707180330046,1144.492023915254,4357.788383730284,5228.481870498495,3079.496343513277,6439.494097613683,2182.4421921699977,5324.6531187274,4304.499882187704,1915.8437969024508,4549.745853366281,5244.078638005063,3751.006333603069,5252.200663915163,403.87224830548604,2190.1039697765473,4196.381778745568,2731.0335186477732,4564.71287643105,1485.7895515650675,3118.0138990547525,6053.667456282533,2528.428110846849,3895.3329954403775,3128.4633633845265,459.4204162728255,2622.2972303704146,3602.4663888608543,2970.7918867025064,3456.2979873681734,2444.823351192412,4158.606521641376,3707.8816599923616,2741.603918094255,4683.813661735341,4659.623678204468,3306.467241864706,4849.855970551902,5117.863383572113,5422.403639317125,1147.5948797467522,2811.7416299704087,4451.254415445641,4556.460500264895,2584.2677429783616],
        [3218.771314371264,5788.668723875976,0.0,3198.6585030448673,3956.635901282564,1573.3880951922959,2334.8077240038965,2891.373249274489,2744.7678807003585,4207.662589896163,1834.8218801346177,3810.154736944978,3677.4325150900654,4062.092781892187,3671.8344264309894,5766.636172620077,959.382929407835,4679.295531562811,3561.9904443294267,1608.4273856195916,3552.9175287452636,3395.5586411053937,626.6541240743867,1656.9455097677708,1903.500668343402,245.2244589315439,2395.978738014148,4612.175489062369,1480.5519908175634,1431.8044407326106,1812.32872016755,481.22092829629537,4714.245458059584,3982.8664295140165,1650.856319449479,1417.9053996478472,4355.246728686631,3879.961256248799,3281.7248865658407,3138.891557380621,4065.9176442728563,3169.026820964309,232.82246785669497,4313.148602339552,2240.502659054671,3350.606438760182,1781.8122474837255,3572.3356294935484,1216.5407738285403,3251.504964656062,1793.9709457953231,4718.7173431494675,1570.5553913273698,3846.8079100362247,3904.230377592254,2909.153829368684,6082.0469787919355,4696.848580844017,1476.7248021658013,1355.0391176393837,2764.3236145598403,949.0813030412166,3992.992140747691,905.4417779637291,4436.104734895976,3975.0195363071334,2861.409723834865,1249.890749655314,2171.8715070399394,588.3849879697352,5519.528692500621,3679.2941257209745,2291.2017808416263,3137.9045429130742,1383.9502141175344,4388.163733218402,2726.9453434380284,367.0565199122588,4072.380712069443,3030.5778349791644,3383.634013380778,5430.506911884433,3943.0830823709057,3618.6642647225763,2875.887420306626,2391.443583801912,3472.7687388013314,1630.2973750439967,4716.488812145639,3696.7553011931514,3194.628213396914,3104.5385364551867,2800.5842822590466,2151.31397782001,677.1323110513954,826.8642563644484,5217.398692317446,4218.594980787722,3990.8719016148834,2426.412731409717,3218.771314371264],
        [1578.777188046557,3184.6293362899546,3198.6585030448673,0.0,3823.141899723904,1798.8071216835058,1017.2749491684335,697.6085675796359,3260.6536040391643,1857.1329775455913,3911.6474556913777,4147.659631572423,3791.6753033416276,1317.6260142161182,2017.308558367118,3015.5992291766047,2332.659822880187,1609.9522154320503,3269.5340613615876,2232.305713699633,407.3549662590393,1575.8542500407755,2601.773528869254,2378.397379423665,3541.974215335393,3440.1341028654356,803.7137117830798,1821.3070564352454,3012.14662822114,2967.5356665441695,3792.6974189319676,3678.0165318112226,3526.749943175291,2346.271549733316,1980.939275798576,1938.4947171094743,1906.687706890216,1535.7319213881274,500.4794711994264,195.28177471548773,4102.6663854229055,1078.685761818742,2966.059084211631,3609.9756989371785,1642.4048023802943,1046.9756483113913,1418.5580008942247,1807.027063421329,3754.361098461959,3609.9762512518887,1492.637502815134,4483.406327827338,3673.091923720784,731.936496027364,1719.5231472377916,306.26939193007104,3411.8119693744693,2433.2992903918976,1785.6699642244234,3344.8011310855127,959.8618451053406,4077.6682491395804,1011.1851522567218,3171.145800747474,4619.708160865531,2127.2443314890643,1392.3174249413005,2265.5219129515635,2112.0586742804853,2837.9084899382433,3081.677506299783,1961.768758330144,2932.4162911557505,885.2161557920722,1814.778185780159,2302.610872572577,1760.8303514523832,3545.487467157964,3003.2654523063084,3267.555102405863,2838.4796669799175,2998.900199367801,2947.8422047839813,813.3264291558851,1756.7533531908787,1084.8504012650405,2017.1895727609,1834.2991450025104,4418.695360412589,525.3528908327324,1604.0614636412283,1555.3854748061344,465.4329860703223,3495.4988067732597,2650.6225957788533,3231.062069594143,2266.0870162332067,1031.801769910807,4421.260906366445,1375.4601144890094,1578.777188046557],
        [2274.019742787421,3662.04928890018,3956.635901282564,3823.141899723904,0.0,3023.316591012413,3130.892155984069,4270.876716081497,1220.1645935065296,2737.156732844397,2663.8675239839317,587.6705690120087,341.2031205368447,3243.110975152416,2013.2351607351882,3896.669308184165,3307.446510743183,3985.5191485568807,557.7791487361318,2557.2263778060674,3779.058206638553,2340.707645986931,3564.495924223236,2424.344854098777,2268.912181574627,4031.2562722501566,3564.3826991987044,3426.5231091117985,2487.848421203496,2530.686126812831,2571.481057379484,4153.684232513204,1367.4869029475008,1885.2574433538875,4412.1163259543155,4067.8349139565594,2876.0748828183437,2747.3932286952017,3385.9046889743563,3628.069212301001,300.0866210734228,4761.0346759038275,3849.6843852608804,708.5782347067408,4628.3787475415675,4804.665961062274,3490.869898060626,5507.218952348941,3200.3492992772603,759.2830524784405,3918.7520782411225,779.8089606306759,2732.2284659510246,4427.434491264032,2554.776352874334,3814.307000716114,3951.455971871469,2690.7492076990216,3239.281706843748,2730.351054351947,2894.9505488769646,4089.3063857381267,3579.2851290666154,3099.438251810574,805.7515511519872,2140.627936135989,4856.997642798513,4295.090488668026,2121.7462527222096,3393.8359332461287,3259.404214727115,2081.7760188221505,1667.4604864037915,2955.9661829630663,3552.472505951425,2409.341134726913,2106.435038821364,4013.4091255610097,1167.9019393621372,926.3033197405033,984.6661538195567,3204.755487773449,1113.7116019879675,4635.57512901028,2076.8596450046466,2972.409452905379,1898.1609357385773,2891.4770260049318,763.7254857614993,3878.0833801734416,5197.805118821709,5117.219228066576,3473.4934426557556,1966.8442130302426,3396.502517459322,3200.2704315475016,3979.3541736048323,4457.657297838233,792.2793596236038,4536.848110188272,2274.019742787421],
        [1680.3913029751582,4223.768168740734,1573.3880951922959,1798.8071216835058,3023.316591012413,0.0,812.7340111383774,1756.8828501927953,2008.9985140580957,2642.8969817674233,2167.166377104885,3105.023019011428,2840.0561741088322,2494.688701148649,2172.799865805979,4193.9181201766605,615.1009817174015,3144.7017857720675,2510.2724232740197,570.510840865397,2090.8406367351645,1848.1358678262716,949.0837943743935,745.9028184619427,1864.696120256402,1789.5998526051353,1041.6073869984173,3041.2225362934055,1281.3023064300887,1227.191674892421,2058.4162779711564,2019.2479054536655,3417.394133280481,2511.9098771587064,1389.711923578073,1045.692117078081,2786.8420019713817,2309.605585742576,1763.4751829012077,1689.323106830417,3226.096439362456,2190.807335867081,1352.9701655939828,3162.0051845942407,1684.2102488582666,2322.2196952626837,566.8401993073405,2833.2095156076734,1955.8451048279524,2497.603755151375,948.8433096438122,3797.5056128596257,1908.3448073715135,2516.6091231379796,2344.5356021429193,1559.1103898567212,4514.032047714053,3151.5317339947546,216.72167050757005,1571.154050086329,1196.740689505172,2343.0441877220123,2456.754136217941,1372.835265864784,3699.1596733912356,2462.221067505386,2088.483781223586,1300.4604805981783,906.0336206991989,1090.2233989393333,3968.2258941447844,2169.1044785973854,1544.3460162483364,1571.3015919894378,530.976360809131,2857.3037131782157,1253.4586156332944,1869.711466789054,2766.7322670483545,2175.6703791371006,2195.006263426421,3878.7422444269614,2650.3149013181906,2421.746839296258,1392.4795305927507,833.5574147737182,1996.3237544824376,131.90095964982086,3766.763287977787,2239.895543070252,2462.867059468406,2369.7686344200465,1346.4780175335939,1905.8658369501195,923.7869615664443,1435.9781883267283,3653.6589718570744,2825.39945164104,3352.1179051248305,1676.8200082427334,1680.3913029751582],
        [1205.6342873341546,3561.6843661903654,2334.8077240038965,1017.2749491684335,3130.892155984069,812.7340111383774,0.0,1180.0344687063161,2363.8250944655833,2007.7496152607766,2894.5704701502036,3355.2271729786326,3029.974166687524,1744.802087356462,1741.4416544383366,3490.1066846945164,1401.0035767608786,2347.071631210847,2576.6900219163776,1215.4153975989948,1280.5428378025417,1323.57351036235,1710.9729398492873,1364.5800063821755,2531.5413071908797,2564.273756209955,434.62088342331674,2302.411385160879,1994.9833773447372,1950.2672117562051,2776.0912761078357,2799.169159466758,3182.002840583451,2105.3695588971605,1578.6986265370845,1358.9989258671362,2130.2080656359713,1653.9341672208936,954.866741939479,886.7593284621137,3382.4593734350515,1667.4654582818466,2105.073267442485,3084.2429449949027,1572.4304567632034,1748.8937134390185,650.0412210457578,2395.557696032803,2753.1438459831875,2775.8132501467467,990.0538987377427,3861.7672754639016,2656.267542728919,1748.2203499874488,1741.3669577809517,828.5939018123745,3837.179280717451,2564.7858209016244,858.9754450249374,2329.4135814509555,488.90535435028823,3149.1282816144367,1659.4944092618446,2178.0732047662223,3890.1484897784835,1979.694360533041,1726.1096171676074,1696.1761054553203,1166.0156134112046,1895.2786080198894,3349.8816148357914,1714.2661734391525,1981.5675656248643,833.7382575103682,1009.7587078460215,2315.057605411891,1043.7129435100092,2654.8878608179625,2565.0826580030466,2430.814777695768,2178.5773775811463,3260.529702386483,2473.1649110274434,1730.6723090798926,1119.349779439827,165.69203114120634,1628.6482981807158,827.2827321446198,3812.3260168127276,1429.8409750533842,2070.49306590635,1988.016645279035,552.5311922715825,2502.0362435368415,1719.5921030876798,2245.5406845230837,2889.155000416658,2027.4048644504715,3622.800230788467,1428.709748021741,1205.6342873341546],
        [2127.220493040752,3876.310148172724,2891.373249274489,697.6085675796359,4270.876716081497,1756.8828501927953,1180.0344687063161,0.0,3543.0840029948818,2543.454824759713,3922.2209960636446,4526.904145669763,4192.989729117397,2015.2064233488277,2616.613585951488,3695.550349741229,2155.09449766836,2242.049776941254,3713.2178753151206,2291.2225925336793,1077.0484933067123,2164.989738400658,2354.9620272160305,2459.3709022850744,3614.8029707332057,3136.52893554647,763.1981582935151,2511.805624450026,3037.7859576184824,2984.0576220849366,3814.951682388122,3370.0128226526053,4129.180747298901,2964.0267055681106,1442.3302872650495,1506.5911254186044,2600.295510407575,2211.35765440795,1166.5121470969502,833.5532335035898,4533.911283242038,491.3276988843169,2666.314817548342,4143.649812476133,995.9847397457837,575.4257376575604,1231.0563206476816,1237.373410901334,3649.78679966541,3953.32624878871,1097.457151056199,4975.400464281145,3658.3307093369585,1022.5743840322683,2383.532529308961,502.9924569319497,4096.850642392378,3123.3205301186595,1660.8466059976852,3318.8158698487737,1391.4574810884121,3821.1066196819856,1695.4568035627237,3058.767476375098,5046.5144628576845,2764.880973251469,700.7466123207003,1791.580712346345,2342.1068330288017,2643.9116912414843,3779.1805472004644,2567.9375104744768,3149.1327985532093,1470.2464887111623,1566.7370341844733,2976.0182056059516,2164.508154027209,3254.985030457466,3566.8000830554274,3607.9202060560547,3297.0005301731376,3696.4909851525404,3496.180605257377,727.3018399362022,2202.4095135874163,1320.5672891201452,2578.9020370796247,1837.8425916681758,4918.540092673389,1157.2643018989681,960.2295169857598,895.970811550816,818.672370524345,3626.6331190492383,2450.40870852754,3098.171677842727,2921.1189726006464,1445.044297050779,4796.2653345982635,714.443768950213,2127.220493040752],
        [1971.1280110525026,4137.537211844678,2744.7678807003585,3260.6536040391643,1220.1645935065296,2008.9985140580957,2363.8250944655833,3543.0840029948818,0.0,2817.2813424788583,1545.1984230775058,1116.7812223461783,933.0386119232713,3122.2620440008186,2017.2849672875416,4281.7159677686095,2167.939494225409,3912.919878737955,939.1778385592127,1469.5960540638735,3344.4135233352413,2119.7651071730984,2391.5917142845074,1309.994946414219,1099.0022361096367,2812.3943985665624,2784.755552579017,3484.2371703898825,1269.3853708706815,1314.2379338223184,1433.780851213051,2933.62908536275,2256.6658121056985,2109.6560717457287,3376.5756825267513,3017.1205727347165,2983.7381665700013,2671.765024453796,2927.3738409735147,3078.1513073775577,1324.1317321289491,4027.468889999041,2649.525884278698,1700.7452898679217,3687.943874961381,4112.590854715813,2544.7783624971694,4739.648452652356,2008.904755839843,517.668580904947,2953.9716002068,1974.0263875486223,1556.760290672811,3957.4791301780024,2540.3925710921317,3160.8147749366376,4447.264867651798,3018.0762815527232,2212.965050073609,1516.9703997347106,2305.640238346549,2885.407720060871,3349.043506098132,1879.4651719881767,1735.5556230678687,2279.938130160643,4027.8394723039405,3200.3526477214778,1203.6881695729887,2193.281779940826,3762.7559484322687,2072.569878935727,486.7033429391922,2511.8622064022074,2512.0245682352315,2680.190989466681,1538.0830509471068,2793.2767071137223,1730.710999916817,319.17080618786287,1021.741751493137,3688.3701765248875,1604.9794757163784,4052.664739211498,1599.0299241242265,2232.9968655221182,1810.1630159667927,1881.3504476852843,1973.8253291299484,3473.4668958912102,4392.712806361381,4304.024786270537,2832.0790238921086,806.5356827893299,2214.3161138936985,1980.115753283339,4116.608570734616,4102.381581011326,1349.1603059612798,3650.965883680725,1971.1280110525026],
        [1020.8156983834302,1581.2636072136013,4207.662589896163,1857.1329775455913,2737.156732844397,2642.8969817674233,2007.7496152607766,2543.454824759713,2817.2813424788583,0.0,4094.452969630676,3245.130947359413,2866.920923776678,641.438695207282,802.3185275351623,1584.9647977222842,3250.0279109336643,1262.3520644725722,2292.228897377308,2696.637482193227,1561.033965162561,834.4307758003062,3589.284400194769,2739.0111806370787,3625.946679720101,4410.913053077209,2231.9882494123426,694.0141023441726,3323.7895934453763,3311.5297720233016,3963.910630818933,4630.874174044567,1910.9837433963771,854.2353029568397,3551.1012316825463,3363.84925317299,169.09381669887026,356.971421664658,1378.7190476635167,1710.4773266014627,3036.2974235291963,2928.3186700117876,3992.941919773102,2245.2027410377354,3388.2639670568556,2867.6538209116516,2657.6249709685135,3627.828545508542,4241.450548043411,2904.5509067663347,2967.824616452364,3178.076140137129,3955.901264280126,2119.836673718677,313.2566545220906,2059.6009203074154,1875.324422630582,583.6225230954012,2780.5981989564293,3711.6906159722716,1519.4894435850233,4875.504073746402,1056.0761675306462,3770.446021316807,3514.2924295891994,597.1224161152238,3243.914956242155,3702.9772770980153,2211.976222879939,3674.900334488043,1342.378544579925,744.8411674759348,2765.691218658126,1198.0612259091922,2998.130965409141,482.81766969349763,1570.1583083586504,4476.037859838263,1612.134628355032,2641.458213127119,1913.5604317663242,1252.933439956923,1632.8937443490395,2500.551711730768,1429.020679961972,1890.3543806560872,1008.016181089487,2577.4639749418207,3092.547673754618,1573.6878583988969,3457.7476700997545,3411.908533603396,1841.1403645729374,3434.186259626064,3537.7970042497636,3865.400394503324,1301.7555575882527,1965.0126876830627,3499.8842097429615,3155.7118980515515,1020.8156983834302],
        [3108.0974183049334,5552.732398991298,1834.8218801346177,3911.6474556913777,2663.8675239839317,2167.166377104885,2894.5704701502036,3922.2209960636446,1545.1984230775058,4094.452969630676,0.0,2314.6082919798932,2329.2129525546025,4232.497942449414,3342.766073258825,5648.6632630121085,1867.0175377438866,4995.344810777271,2481.8270513553807,1679.3703833311417,4136.287752537208,3289.1940058127666,1858.890774158998,1539.5036123582147,477.10985217063967,1771.2875661537828,3202.3003002992273,4693.969699816358,899.6587499358195,946.5351262258883,130.68486431343393,1782.802250529266,3801.8596118752457,3524.8791115636786,3154.286713671976,2811.496450161363,4263.0933055907135,3864.069730960444,3748.7931426788255,3770.8259232883483,2660.9347858103447,4340.545849170332,1873.232859426133,3232.251873383492,3654.710133690055,4482.038621135763,2702.0191712022374,4931.294774127593,665.9013851252888,1906.5701097008798,2980.567941975227,3323.1192086079955,287.3837723729307,4642.773614257786,3788.167880346295,3704.5628167375226,5863.871864553496,4409.968461951349,2270.5439419271593,617.6061985595155,3091.882562214443,1531.1999562907774,4344.568591613633,1015.1802378590694,2898.9268588798973,3640.932493583647,4177.040744894898,2827.297587185589,1945.2518620573185,1529.0184502585537,5200.420670192294,3383.1121456820215,1357.9166987501505,3416.7057173618355,2445.53850593408,4067.7215452258424,2562.707070472214,1690.7308697990666,3260.8529721202376,1859.0310453976513,2530.279679413069,5120.134765764111,3131.4988815061006,4585.099964888186,2687.220484128594,2838.892556324458,3119.361294271936,2098.90979653609,3350.071868782097,4283.3059392532905,4548.970227965714,4454.133258019049,3446.355743658859,740.7224594818731,1678.8763372780538,1048.709697623378,5342.436537838858,4904.849693954121,2418.2429408493444,3736.5145263727645,3108.0974183049334],
        [2661.1109135653073,4242.358069603425,3810.154736944978,4147.659631572423,587.6705690120087,3105.023019011428,3355.2271729786326,4526.904145669763,1116.7812223461783,3245.130947359413,2314.6082919798932,0.0,380.45148602880084,3708.278024812468,2483.532566179758,4468.918041449403,3283.973645907903,4472.1420318349265,957.7273842703303,2580.8110475274807,4151.998980878787,2756.619580765607,3498.852119894188,2424.845607002628,1986.2160678372006,3850.3772458284816,3788.2624438878483,3938.880304902223,2332.255316174274,2384.6895278956285,2242.077556266292,3943.38882552512,1951.9669687053529,2405.761601348822,4484.4459531529965,4127.250788985396,3392.5199823322314,3216.352955007874,3744.791863348614,3955.268725601571,396.557864417473,5017.73196399638,3735.1912537793196,1293.6645440001016,4768.905034271237,5081.4348206938885,3621.3139070557986,5750.7846051193965,2912.8949327320115,607.9916300802952,4040.0058964291707,1018.1940943367941,2435.5437251021403,4793.975605573979,3035.8915534630205,4100.242022827475,4534.080058359405,3246.7006559373667,3314.0271294954796,2502.2156462140306,3194.0650483416575,3810.492443900903,4017.447453253308,2916.6577924902795,626.8162405152013,2649.314361694262,5064.781906627329,4316.63619477257,2245.9904287141435,3281.736180607342,3840.5870310106707,2550.953307610534,1603.3943528188356,3312.523020733131,3618.293405884704,2951.5818900267836,2389.574195710063,3814.2203371732876,1728.6793938798744,936.5059195944264,1374.678854384528,3784.0762306122233,1657.6927940784756,4959.248348940202,2393.685318667323,3207.298126764303,2337.379624343357,2974.889567072484,1058.1807256606437,4262.897192854774,5420.30502837493,5334.9825492121145,3760.5290510265027,1694.9584348030437,3317.756781068043,3009.733173760433,4513.355049750545,4865.103834234098,273.97630849034914,4710.661001775988,2661.1109135653073],
        [2288.126757453478,3900.5152404637056,3677.4325150900654,3791.6753033416276,341.2031205368447,2840.0561741088322,3029.974166687524,4192.989729117397,933.0386119232713,2866.920923776678,2329.2129525546025,380.45148602880084,0.0,3327.969397001331,2103.1198197525905,4116.112595520772,3074.9585261970146,4091.812042350466,577.3748258151252,2342.4825185834807,3784.120171619618,2379.587964076027,3314.985038813753,2197.8806101002087,1944.6638110405174,3740.587615730217,3464.436380936065,3560.855113230749,2199.7886231998227,2246.1389181785453,2239.62452731721,3854.052993255125,1670.1734894507963,2030.9918173546384,4228.383221266,3876.7828468369944,3015.5193451961786,2835.915750495743,3379.499489570806,3598.2482651549494,394.85816255455546,4684.310423563317,3581.8336423059886,1017.4264488860773,4481.409001612607,4741.2576366213725,3335.538275123341,5422.917034385137,2878.294627450705,436.1214144002582,3759.611570104201,1042.7261020966612,2406.902838661271,4428.141141985964,2655.607673932509,3755.627300990011,4196.403907348049,2883.2327769141666,3053.3480884355463,2421.479759304434,2843.3327898943758,3770.982052636886,3639.0023098129805,2805.473042968796,865.7442995546845,2271.821554523163,4749.601395697866,4086.174411404415,1955.7294416995148,3125.474652340991,3500.931840483076,2170.5167559420647,1404.926181865461,2947.0187157802898,3363.135843683723,2582.2119876938923,2040.368264165824,3716.887900622066,1374.8538307258066,674.8011799905441,996.3288122063151,3441.263379655844,1294.6448660741482,4604.527120616527,2035.050746828545,2877.6887283922124,1957.672481793982,2708.4788466991226,1048.458085099292,3892.690383007732,5099.911139888087,5016.2951316424105,3414.8907597961497,1643.1274938459069,3141.0943874176314,2904.227809377091,4139.5201412362185,4491.2256290120395,647.7422324026799,4408.6883400892575,2288.126757453478],
        [1158.4400978931408,1886.7162558242483,4062.092781892187,1317.6260142161182,3243.110975152416,2494.688701148649,1744.802087356462,2015.2064233488277,3122.2620440008186,641.438695207282,4232.497942449414,3708.278024812468,3327.969397001331,0.0,1230.4775207121907,1763.187356498763,3108.7542866634794,790.6736813542343,2751.781229548627,2683.339124236311,968.6729772631927,1002.5241145537252,3435.439097987254,2764.3825708051695,3784.198304785099,4283.350896551217,1855.1635475636226,559.1321112264127,3394.592742507945,3370.80586505651,4102.550879727933,4513.883392945048,2537.4602878743744,1414.350518162803,3176.9308189524727,3043.359963981289,627.3770130743364,495.761965013981,903.0054065394547,1207.3255314361288,3542.870951365135,2355.7094735819305,3836.044017427455,2818.671056771783,2930.5105526510347,2276.077444123322,2375.272916616101,3028.3635252811087,4280.1348626794515,3298.271611103605,2616.577130541012,3750.3203230534746,4056.857380722663,1485.4273098876681,696.1242404824098,1566.5745839566932,2135.4867887219457,1160.437945069863,2589.404507989358,3777.162000038668,1298.377593601531,4818.420508144367,415.1730982390053,3758.0781766643345,4039.4013687178376,1147.9174849093802,2706.2633283165155,3385.611012636818,2289.4559220893057,3576.8650819363697,1764.1279443766496,1162.076389825257,2974.7619767579595,924.2370781334579,2752.8327401252195,1124.159045137844,1676.0670590886637,4364.280099073478,2176.8251018254646,2999.9688344934525,2337.9978568281263,1681.2861032213523,2174.7269388416576,1883.3795731634355,1566.1899342947502,1671.2347046117932,1373.9894940472861,2459.294629857883,3668.8613919031072,955.8358144703155,2886.606408936053,2848.8957022626587,1424.3659289174013,3634.8010644558317,3417.7214963610745,3843.6941921078537,1160.7207724114471,1326.1734930733116,3973.4018153061756,2676.842543183366,1158.4400978931408],
        [535.8097486534655,2221.497776602276,3671.8344264309894,2017.308558367118,2013.2351607351882,2172.799865805979,1741.4416544383366,2616.613585951488,2017.2849672875416,802.3185275351623,3342.766073258825,2483.532566179758,2103.1198197525905,1230.4775207121907,0.0,2306.4124270440225,2739.5438672804376,1988.9499229013186,1525.8214862145235,2085.5807047537446,1863.2045138448673,451.9573772749671,3079.2379793987852,2091.697426054403,2868.604703251755,3852.9714010622597,2089.972864051749,1484.9003398763143,2623.3581582174425,2619.568529141525,3213.08853356684,4058.757398433233,1513.9417512956404,364.26526501635965,3313.725360960289,3060.7192128366214,967.1845271476957,735.2815063233801,1524.6342472149354,1830.237004342929,2312.7898687845336,3072.1515862261226,3473.972167367174,1636.612770584697,3286.968101752415,3062.157965397668,2347.2780451493513,3816.6377109608898,3547.939143794966,2109.445705670371,2727.918291410267,2554.204364713724,3225.947387166787,2503.253423306763,553.8178574810876,2114.8428464919557,2531.21121396286,1078.0699511544883,2350.0302698326805,3007.651118712481,1296.0455958681082,4246.573378575085,1573.3661134912948,3123.35851140279,2811.965246033227,310.4697200151754,3295.9692295140635,3381.426113255338,1547.6409113204795,3106.1232043268233,1894.512259031525,68.56649093977067,1994.9683760119515,1148.3861014502309,2618.463220200734,741.5864225623582,944.9169805711251,3901.7847379944847,1003.4357227016861,1839.778895227178,1124.9268182510993,1809.039552238816,972.7969648845518,2790.3925174254514,796.0059990184262,1586.581419326169,223.84069562988515,2078.9675075903015,2478.2357397582678,1936.2670232720166,3575.8604920034254,3512.4179854400754,1809.4331616743327,2659.6725387602914,2994.832213964611,3223.9475299134724,2104.051738630735,2472.9563163053635,2746.2342448057393,3101.517495924467,535.8097486534655],
        [2605.7693899919527,369.3358110870911,5766.636172620077,3015.5992291766047,3896.669308184165,4193.9181201766605,3490.1066846945164,3695.550349741229,4281.7159677686095,1584.9647977222842,5648.6632630121085,4468.918041449403,4116.112595520772,1763.187356498763,2306.4124270440225,0.0,4807.267537097792,1526.506474174892,3584.17096201172,4280.412430310255,2619.2855920074235,2419.3892561487532,5142.962069084701,4323.8802171582365,5174.948312812505,5976.841762760913,3617.8835645290096,1209.6603202562671,4902.6916708712515,4892.379448508284,5518.7953795989615,6200.5957304185895,2668.531215411428,2173.0498459577693,4936.393024442995,4806.113117252713,1424.6920708691891,1889.8094869145032,2658.6492717711762,2940.6783794768508,4172.918344659935,3948.6478811316415,5546.737444128144,3247.1091317691958,4656.902708684405,3824.5470462518765,4130.651034375844,4514.959340836679,5823.065136981524,4263.674130639867,4379.59315786756,4090.4266172121906,5524.597013186578,2905.1936970457305,1898.1112075521467,3294.355083531841,417.9346032020967,1264.5616273895719,4312.805845649205,5290.203279830656,3019.819707070316,6458.048038664437,2004.4285557724422,5355.312773841497,4569.94143075168,2014.3657034964049,4352.0161308911,5148.43752284865,3794.733209355584,5247.5591174301735,705.0013080391955,2265.668129356046,4300.664062531423,2656.7813384403116,4499.5576428199975,1601.6584239771466,3153.812041371208,6046.9645495401055,2741.8428206090293,4057.392350419387,3291.4980376739695,726.4481167597551,2824.389568021045,3366.249720138294,3010.879869525704,3398.6535934333037,2529.467538338139,4139.113465744678,3994.4346370279695,2543.7740398670653,4462.192788488679,4444.0365816151,3184.7426809157614,4963.176495852519,5103.642157436036,5449.992879239224,846.6493646667745,2545.8138983830254,4688.794357089124,4390.887361446096,2605.7693899919527],
        [2269.5074589335313,4831.27535915018,959.382929407835,2332.659822880187,3307.446510743183,615.1009817174015,1401.0035767608786,2155.09449766836,2167.939494225409,3250.0279109336643,1867.0175377438866,3283.973645907903,3074.9585261970146,3108.7542866634794,2739.5438672804376,4807.267537097792,0.0,3746.733921975637,2842.8923260545766,766.6820824194151,2657.6275074775986,2443.36058006308,341.1343883407473,883.4186086811043,1687.518390848152,1174.7332350575425,1535.9941498809217,3656.2004285039534,1097.1440654113628,1034.007984533797,1782.3050587619528,1405.4849035834125,3883.161342803883,3063.987882482396,1313.966129123295,957.0555140979484,3396.5655167988934,2920.785202345168,2355.589007430785,2247.0945467115757,3469.623717539185,2524.628327177011,743.2610511066571,3553.5218371864917,1788.0587125633572,2683.4165672940535,937.5596804107489,3073.215540266856,1500.4529255657042,2683.8693607728565,1127.581291246121,4086.7991535720757,1583.5538191024702,3024.0460147292006,2948.164919638871,2063.9054528341344,5123.63620148491,3746.8114040767014,550.0780078416511,1250.258454910283,1810.4046190647182,1752.4034530760985,3058.648919587924,913.979744833492,3903.1469005586296,3037.7497591725582,2320.470336945591,1053.529591799166,1307.2816685397977,505.3131434456159,4567.430739027315,2742.343451976331,1681.3873758055922,2184.8133953454876,598.0692768061014,3443.9098477567363,1799.0089622487083,1257.5226041465548,3232.1969182030057,2400.8119205102344,2592.0376271875903,4478.181733738557,3108.0302754689574,2865.015329158808,1945.5976607956663,1442.1322022947497,2549.1941090941605,673.2123039569624,4068.902230142534,2805.0329857422016,2689.216179034946,2594.428735132888,1903.0291615120768,1823.9988438626347,320.0294752364277,944.6765566705427,4266.8185785589885,3364.2688422367332,3506.014778565949,1876.1494517722927,2269.5074589335313],
        [1947.530428208343,1788.7960109460746,4679.295531562811,1609.9522154320503,3985.5191485568807,3144.7017857720675,2347.071631210847,2242.049776941254,3912.919878737955,1262.3520644725722,4995.344810777271,4472.1420318349265,4091.812042350466,790.6736813542343,1988.9499229013186,1526.506474174892,3746.733921975637,0.0,3514.4401431705164,3403.62693294024,1203.3863371026553,1793.1595488248145,4057.3766972098083,3499.8803396544167,4554.683457079261,4910.752775048577,2336.994360382709,637.4574740669365,4140.203354187544,4112.269880643496,4866.164206657165,5146.05512962877,3138.9622385477523,2113.000506465664,3589.928326019991,3524.941210574833,1151.5026050823562,1261.753266650758,1398.248823942145,1591.96365407167,4285.504751209843,2442.7949181567665,4448.2770528585825,3507.2810635065557,3231.7107718464035,2308.344288919264,2923.320610162182,2988.6195375360708,5005.143041073701,4080.8987512052477,3080.5891805660112,4439.759970261876,4808.486254200543,1381.4078482051375,1436.3113262670597,1912.2114437891905,1943.8706103344382,1569.1651482411921,3205.7603583165023,4517.45245567461,1967.1930472274923,5487.529426722546,688.1705638756812,4463.16768063109,4770.882789417967,1849.7243097347757,2862.566138903721,3859.7361144830033,3050.2577383856456,4234.831675405157,1840.9423336162436,1921.9487490239508,3758.852338233489,1604.2115021978611,3319.1291260016405,1687.5772275649954,2453.4820780251116,5001.939045068685,2874.1543778768532,3787.2954708512866,3110.2380455679945,1781.1801455804598,2890.81669275358,1844.0201428774467,2350.1774737582414,2311.783138160697,2150.9243282032494,3129.5044175432276,4353.649100287848,1092.684621572798,2946.5722499001695,2933.6277962756694,1902.5662791415846,4415.1984019877245,4063.884474273404,4542.932058813173,695.115869374325,1023.4853167579652,4733.463828271419,2954.259656408318,1947.530428208343],
        [1733.4015505333539,3388.783566447813,3561.9904443294267,3269.5340613615876,557.7791487361318,2510.2724232740197,2576.6900219163776,3713.2178753151206,939.1778385592127,2292.228897377308,2481.8270513553807,957.7273842703303,577.3748258151252,2751.781229548627,1525.8214862145235,3584.17096201172,2842.8923260545766,3514.4401431705164,0.0,2079.687913641535,3236.971534203901,1813.6691717226845,3121.306233014188,1963.3456249571263,2037.8464042089818,3661.1161883306445,3009.4826602198777,2986.2369279721297,2133.7975758135435,2167.4114985529463,2372.317341761219,3805.039964633168,1324.0200640890164,1463.7715626386214,3893.1936534601405,3555.743045261961,2442.7465844910294,2259.0808922888727,2838.9918445481485,3074.6819920456924,833.6877111774526,4203.299903457546,3434.188721254125,770.1104288859419,4087.0994485290125,4247.135554106406,2956.459934101192,4949.714991121854,2937.878292284422,696.8654883340296,3385.1692783689755,1297.1616782756191,2493.4610142774122,3884.124086185984,2078.2349141623317,3256.8820560108375,3690.869634766198,2335.7002337216477,2726.989130753835,2427.92537444315,2337.713048818156,3800.8601112901047,3068.0832834674857,2747.924934707389,1350.6905227694833,1698.7407781363868,4302.603510887622,3798.076850334078,1604.248320085885,2983.5605589737474,2995.1298412266383,1593.2955963665036,1290.044328476962,2407.6213568940066,3041.2253791503517,2024.26499080354,1548.893368332312,3657.8031562304864,870.736062391242,622.7998162276239,434.68945199952697,2929.9781996279635,766.9841299305026,4082.5195858347315,1519.8571153354105,2417.220011762241,1384.2007064924614,2379.202178957669,1259.365531489674,3340.3223188078487,4641.670682264044,4561.557304227627,2915.989755456631,1745.2938523307685,2964.007054267823,2852.5618829491964,3571.328922058687,3930.2536391714802,1221.6557596886903,3988.241964964318,1733.4015505333539],
        [1678.2864985271904,4260.8600900410665,1608.4273856195916,2232.305713699633,2557.2263778060674,570.510840865397,1215.4153975989948,2291.2225925336793,1469.5960540638735,2696.637482193227,1679.3703833311417,2580.8110475274807,2342.4825185834807,2683.339124236311,2085.5807047537446,4280.412430310255,766.6820824194151,3403.62693294024,2079.687913641535,0.0,2465.964396804633,1863.3768174708384,1070.0369744230625,175.40191972308952,1327.775119802649,1773.5881035967038,1544.5966757828166,3197.3630800969727,780.132851262947,737.6478416451091,1560.704188967083,1974.2223979851988,3129.535126796329,2382.073291853434,1907.209974783795,1547.5560668987655,2855.748335501764,2400.5094417057485,2090.916300727454,2092.892690764135,2735.0053502499554,2741.879300249813,1432.1255805432822,2786.909590444258,2248.2283495559686,2863.541789369905,1136.0937119487173,3399.2883319399475,1601.5742664196982,1973.475826772385,1514.0716157056036,3336.955839161697,1446.6897770136463,2963.608501700568,2384.454382420132,2031.4127752242969,4563.219201108506,3139.392719451416,755.0731959089854,1129.3347835947054,1447.6770514673335,2179.527384890388,2729.057627159015,1079.7814007431996,3188.54597404763,2393.777454674001,2657.2812729797124,1743.6945834538892,563.7662443964952,1027.9220542955356,3964.4134713948893,2100.0076761558007,991.6396195062129,1799.8840219264819,1044.2971776587035,2817.254079529072,1147.5721790254797,1817.1554222675022,2481.0276040836475,1668.6612298232087,1826.6841089769894,3876.699355624438,2354.515586737411,2922.3282520572247,1296.9148622141777,1163.5075470864365,1878.1501351278648,461.3915290092315,3315.2017705506746,2614.2029988973086,3031.20145063019,2938.4401433017047,1766.9880811010403,1342.189454873671,943.0896886215768,1171.1374745099527,3835.8968624717368,3229.9841824020164,2818.6857016632202,2247.324439761317,1678.2864985271904],
        [1505.0686590962025,2801.3556553199346,3552.9175287452636,407.3549662590393,3779.058206638553,2090.8406367351645,1280.5428378025417,1077.0484933067123,3344.4135233352413,1561.033965162561,4136.287752537208,4151.998980878787,3784.120171619618,968.6729772631927,1863.2045138448673,2619.2855920074235,2657.6275074775986,1203.3863371026553,3236.971534203901,2465.964396804633,0.0,1454.340613362831,2944.286959365438,2597.03326863194,3740.744918140052,3791.4904589321527,1164.3435436016073,1437.078942325482,3242.47690983287,3202.932514792665,4013.1215274721744,4029.1156357464583,3340.4186484632733,2159.418424563887,2386.5926992736345,2332.2182156593603,1585.150321308928,1275.341386420707,417.03988066577557,414.038897735613,4068.320858815912,1387.3558158631913,3320.1332410863843,3493.814226575449,2044.9560829040781,1310.1990186311953,1772.764468969598,2067.6837784930963,4031.8337278751173,3646.9856692027406,1886.3696203899894,4395.608513008241,3912.337791486841,648.866759398935,1477.6559223522524,708.9857190192271,3019.805412098817,2119.0600157485533,2107.561941566023,3593.417450107386,1065.6372614452155,4409.754026391344,619.0300698914245,3458.5853433190796,4583.627836913805,1918.0452689134543,1750.8076321590108,2663.227554949961,2260.1360689489647,3160.070542781497,2720.2407926239375,1800.8657956000357,3063.5244433677635,842.4239758476559,2172.0400725027707,2029.5598311638148,1808.8885002869424,3892.103987229278,2866.2685840906993,3312.3955218191663,2802.2868634836022,2639.9427974014498,2827.3363355846886,948.7636189590373,1770.892527347164,1303.2538805198176,1907.0953391063442,2106.8893019991933,4324.695055699511,149.34282879254758,1918.0977384729301,1881.7319318591171,755.2273481655133,3664.4910677811686,2977.584357768073,3525.754996430689,1859.8267620119152,774.1787576450588,4425.724641945815,1774.0620929979468,1505.0686590962025],
