{
    "drone_dist": [
        [0.0,16.942724037598456,36.37558030899123,28.640210601952152,24.588223966199074,35.70138126510462,20.639815934121877,11.751385331421288,25.20510817707038,18.896511540269913,6.864778443311495,19.190836743456625,26.794255807964284,12.666400458749075,14.097431290172887,13.359088082290558,7.7878239674524234,19.04294699688275,23.08776828547818,25.108032991203455,22.692724284994735,37.51506708449704,11.127569576629714,31.935027227240823,22.87913742777543,24.651737629298157,30.143944423621527,14.948560039626974,22.640114471377792,19.367914390005822,24.636943340867987,17.80450532341687,14.559565356985651,34.67170648587572,33.894077502401935,7.794912261435748,11.33205041476943,33.764442556404774,24.47171929453133,18.282274467153005,0.0],
        [16.942724037598456,0.0,19.49856747494766,11.74902350858279,21.896406091824655,19.11112808546821,17.78671598621015,24.15427072342281,9.806892779155186,13.372221819370697,21.235681379146502,17.174381099659374,11.272863887514719,5.032778000965005,5.308902859364845,12.75976223318289,9.836472167373405,24.8011289940948,22.89119942389978,14.552594405507355,13.068851221269073,20.67974495001822,27.090637282214153,28.399634429598066,13.106325444828226,11.497407001671057,28.789919688550306,25.403661293846795,22.567295773936603,3.9833991822765507,7.981929325172288,18.86696420524693,15.801107470058744,19.080777774721742,17.078622989489467,22.996342552475916,24.28493276085819,33.20726915529908,13.763444560253863,4.428949226439226,16.942724037598456],
        [36.37558030899123,19.49856747494766,0.0,8.569875037717912,30.733454016854,7.695474227688984,31.287419850208863,43.022176120982955,14.77556673255164,24.949876651395606,40.59938979261658,29.06036457028622,11.320883468395651,24.286415584171102,23.673526946883115,29.99367237655595,28.894329546601067,41.24054346076795,36.3587181529849,19.389086073470843,23.37636119156844,5.578170787476509,45.958669737796974,37.465282815524624,20.430128246088127,15.808927817662578,39.71957405440392,43.623655941966504,33.399224402726325,17.257237593934157,11.798202334061838,32.13419328263696,30.69279084264507,12.709014595879793,5.85929976876886,42.407138355635645,43.27025770969009,43.81710449929059,19.172631347482483,19.715625818740456,36.37558030899123],
        [28.640210601952152,11.74902350858279,8.569875037717912,0.0,28.1071109669646,7.734922273262948,22.977238187233038,34.56537850727016,6.51566456539225,20.70829488953957,32.36619214451136,25.015114008495562,8.691188542989188,16.168654352240132,15.32496761080827,21.43073351538809,21.543329083581167,32.7131960669221,28.148579281121133,17.301068036971138,15.247724898789537,8.94295634741433,38.805295007136884,30.239494864750508,17.38929469735774,13.010159838596527,32.080628174333306,35.073951967766305,30.042003409192812,10.669297566271782,5.71890694093071,27.654635839847828,25.43897779597443,9.71249260701392,5.378597836133738,34.21126786398934,34.843547277874414,36.33369428797625,16.768727635039166,11.235567900333859,28.640210601952152],
        [24.588223966199074,21.896406091824655,30.733454016854,28.1071109669646,0.0,35.30205370357438,38.369921542923045,36.2926246580792,30.328845114466414,8.532840061284233,31.452812741461308,5.606754134238732,20.00419898649017,23.6554559888737,25.449128837954103,31.467703491833806,19.54743463278096,41.893312459625974,42.876014614008184,11.355820236253745,34.93160721483027,35.159835213655235,26.739586227859657,49.75281000799449,10.73729107751054,15.321487330756598,49.51936575010639,39.25115834320275,3.619123578702312,19.283103021805164,22.497306357521158,7.06119408964159,10.031397675663644,37.75719013309172,32.52074239034913,32.21651776182209,35.911930133627266,53.81009246315814,11.653377868219215,26.323066048033432,24.588223966199074],
        [35.70138126510462,19.11112808546821,7.695474227688984,7.734922273262948,35.30205370357438,0.0,26.345969858204437,40.354223970530875,10.981372987009504,28.27163719714101,38.75900159499584,32.570376242648074,15.33945291204214,23.04547747389854,21.838315728736116,26.7798881105302,28.94407180304407,36.93226606843275,31.057162443899678,24.14002745615531,18.35878479474021,2.9960523211159122,46.1766925994746,30.857682441267176,24.57889210295798,19.989622298152046,33.48389535607534,40.33125641136847,37.46683038958553,18.397082462205894,13.352244362651373,35.302227518028666,33.163266576954335,5.144741918643981,2.8087031513314855,40.65129083853323,40.735701103056236,37.365315893529925,23.717141571446977,17.57601609854787,35.70138126510462],
        [20.639815934121877,17.78671598621015,31.287419850208863,22.977238187233038,38.369921542923045,26.345969858204437,0.0,17.517509433711027,16.528087588600304,30.048000081270636,18.760794953124904,32.99026137488941,27.742608208508717,14.732767879472657,13.077559336600219,7.590618483856795,19.878586579258563,10.874595635623832,5.284441940989015,32.33601492096128,8.01351581316259,29.18370855727878,31.11540204024967,11.723759283105423,30.805031449268196,29.135923358729933,11.168858750967651,15.89810878517967,38.08416331912247,21.65576018991319,23.37101159005395,33.51618482068044,29.879533520598805,22.61211508754353,26.158048478777527,20.46579129097263,18.208634899439613,15.527828443753837,31.545860342969743,14.017619376821054,20.639815934121877],
        [11.751385331421288,24.15427072342281,43.022176120982955,34.56537850727016,36.2926246580792,40.354223970530875,17.517509433711027,0.0,29.382666201425305,30.056812167715027,4.998455289588287,30.8260457390182,35.290728433671205,19.1217229662654,19.384304285470446,13.630840167674013,17.88535885154705,10.008465583239651,17.084796160613898,35.57427897476898,23.400488077081043,42.74607965992808,17.22367026893682,26.176533436517108,33.42590965583194,34.24987427430742,23.263075612802698,3.691509027668736,34.38985311407696,27.640180481285256,32.080256293336774,29.555092207044783,26.263268541367008,37.88265951251749,39.22913692011512,5.150468248673071,0.8326367818037037,25.870060930974443,34.86262979264964,23.33076289063249,11.751385331421288],
        [25.20510817707038,9.806892779155186,14.77556673255164,6.51566456539225,30.328845114466414,10.981372987009504,16.528087588600304,29.382666201425305,0.0,22.10591387686149,27.831312713008646,26.251519732902235,13.312012907197158,12.609983509912837,11.126912442351403,15.849094171454754,19.120890901740392,26.553862395890008,21.658925295174047,20.722894616894447,8.732434567387012,13.405538211914994,36.018522214541306,23.94119355392938,20.13229365441303,16.559993703231193,25.621532626679226,29.47232808117303,31.58937862586657,11.106966288153224,8.948905618153116,28.33211692567566,25.475516296288326,9.525364321176612,9.998767434652232,29.732054103697013,29.756715600791722,29.91162038389914,20.040624767608517,6.931243293206091,25.20510817707038],
        [18.896511540269913,13.372221819370697,24.949876651395606,20.70829488953957,8.532840061284233,28.27163719714101,30.048000081270636,30.056812167715027,22.10591387686149,0.0,25.553638606949743,4.306821674057217,13.639981710595427,15.31912015926303,17.027789728973325,23.41099103875959,12.320205946673374,34.42903282793554,34.712509240276624,7.170106943654913,26.398776776749557,28.617746856274735,24.365715492346187,41.310130306117756,5.117772127510819,9.245086227071637,41.21632352858875,32.61768100100597,9.500661859585886,10.999159324534045,14.989398625754015,7.186583058541728,6.386819634591283,30.108142074649262,25.590462560213652,26.681992360545117,29.814545354228045,45.55044053694856,6.828724049394053,17.795631266559774,18.896511540269913],
        [6.864778443311495,21.235681379146502,40.59938979261658,32.36619214451136,31.452812741461308,38.75900159499584,18.760794953124904,4.998455289588287,27.831312713008646,25.553638606949743,0.0,26.046060346925366,32.01196921434282,16.318616948446586,17.055956271132533,13.008304566987418,13.69030922708392,13.820262499545729,19.66312140591831,31.42627315520386,23.164342349521082,40.92685264532094,13.168310259083798,28.853266826369733,29.231299876228857,30.486488356072915,26.388348993817395,8.48887961882029,29.45493852031032,24.36522797052308,29.212297190151734,24.643459763739667,21.42430682546878,36.872068831380474,37.332821399551236,1.9136769762873875,4.49332906250578,29.473069430700672,30.74668332327725,21.261516139880914,6.864778443311495],
        [19.190836743456625,17.174381099659374,29.06036457028622,25.015114008495562,5.606754134238732,32.570376242648074,32.99026137488941,30.8260457390182,26.251519732902235,4.306821674057217,26.046060346925366,0.0,17.799168247494833,18.350081457890628,20.224021631268492,25.96293105061523,13.944277492011102,36.2867129952238,37.39274818103394,10.37516653138774,30.0176335170914,32.87027723102764,22.61626745750896,44.482596517145765,8.747673269566699,13.259778195849988,44.10736725931577,33.7155582006119,5.3935231849901974,15.171378556601342,19.296219756387835,3.3236470943619936,4.729929143261593,34.39645986048929,29.87999183672535,26.907920399304317,30.474740727938624,48.36499409760148,10.277925389326052,21.53900603501239,19.190836743456625],
        [26.794255807964284,11.272863887514719,11.320883468395651,8.691188542989188,20.00419898649017,15.33945291204214,27.742608208508717,35.290728433671205,13.312012907197158,13.639981710595427,32.01196921434282,17.799168247494833,0.0,16.249337382521823,16.498405299006485,23.85914193909466,19.024014307698646,35.8825234901273,33.019285838600794,8.806065390030954,21.08969341968488,15.197455618124076,35.45787683686379,36.87334113359946,9.35077859108777,4.691736979561207,38.08024004177319,36.667472969257354,22.36309376614578,7.664366709914051,4.50081180962304,20.826559679926422,19.413880723655154,18.331233568807473,12.541387957512175,33.66122212492426,35.36757547279192,42.47922015673187,8.380722036598623,13.842146965417081,26.794255807964284],
        [12.666400458749075,5.032778000965005,24.286415584171102,16.168654352240132,23.6554559888737,23.04547747389854,14.732767879472657,19.1217229662654,12.609983509912837,15.31912015926303,16.318616948446586,18.350081457890628,16.249337382521823,0.0,2.047520104612502,8.421180034006605,6.896764259349488,20.26650801204272,19.444556656869725,18.331016774474534,12.329305551921614,24.940028679334116,23.409907589283947,26.133179152912103,16.53684544842754,15.918084405644612,25.899159501827036,20.425272589892575,23.564373308485774,8.699711582418603,12.982221265757786,19.213936771561148,15.69927473934914,22.12709776902516,21.317766121430594,18.12078385624346,19.257877096680964,30.232099562101542,17.545534015303552,5.6872830914543435,12.666400458749075],
        [14.097431290172887,5.308902859364845,23.673526946883115,15.32496761080827,25.449128837954103,21.838315728736116,13.077559336600219,19.384304285470446,11.126912442351403,17.027789728973325,17.055956271132533,20.224021631268492,16.498405299006485,2.047520104612502,0.0,7.453895662238073,8.879928757412829,19.492409850186224,17.96884767605404,19.496953292744532,10.281966269399739,23.897282409981024,25.029449218769408,24.303684780743882,17.832020534873635,16.73409611711511,24.235938324654647,20.324617789420273,25.48385313102839,9.26996716397203,12.828833734076103,21.196506663417647,17.708696304425597,20.57428812113835,20.29175804742692,18.91704106660286,19.605580535980625,28.605387778331824,18.705627565207696,4.26292968681251,14.097431290172887],
        [13.359088082290558,12.75976223318289,29.99367237655595,21.43073351538809,31.467703491833806,26.7798881105302,7.590618483856795,13.630840167674013,15.849094171454754,23.41099103875959,13.008304566987418,25.96293105061523,23.85914193909466,8.421180034006605,7.453895662238073,0.0,12.436110389695559,12.04584967826265,11.439169555070178,26.747088709995886,10.156299640567973,29.25313058629158,24.22059620675086,19.286498130688624,24.954587247998468,24.166006385743678,18.298053883095196,13.666269135536481,30.891013589133802,16.723347211087027,19.96118072423945,26.211884175995472,22.550752097258545,24.269982874677538,25.798539362878948,14.89628830575087,14.077693632549202,22.455336179327745,25.960253059210455,10.439054867539538,13.359088082290558],
        [7.7878239674524234,9.836472167373405,28.894329546601067,21.543329083581167,19.54743463278096,28.94407180304407,19.878586579258563,17.88535885154705,19.120890901740392,12.320205946673374,13.69030922708392,13.944277492011102,19.024014307698646,6.896764259349488,8.879928757412829,12.436110389695559,0.0,22.35585711566435,23.81673953517341,17.748894292993842,19.029982052670608,30.485813003012577,17.263053534662138,31.594566465099376,15.570177444834613,16.927654680424226,30.732756533276557,20.309425835528405,18.583321647961554,11.706541025444585,17.098654611599216,13.820594802204567,10.153891783214968,28.61966533214226,26.897829902398154,15.095883414089634,17.71723690296213,34.85559172178454,17.061106211175396,12.363950356183693,7.7878239674524234],
        [19.04294699688275,24.8011289940948,41.24054346076795,32.7131960669221,41.893312459625974,36.93226606843275,10.874595635623832,10.008465583239651,26.553862395890008,34.42903282793554,13.820262499545729,36.2867129952238,35.8825234901273,20.26650801204272,19.492409850186224,12.04584967826265,22.35585711566435,0.0,8.068446944911761,38.52155704963232,18.619500450569983,39.6820856818113,26.91135752657607,16.596270960534117,36.616174399246546,36.15366093296868,13.389095967152496,6.798318577622079,40.67794170103288,28.75431262069277,31.88799852425731,35.80376540884169,32.20823774824774,33.42575014543014,36.47820399063714,14.778826090219335,10.841101401942648,15.86549939867309,37.74426030153968,22.249698767446677,19.04294699688275],
        [23.08776828547818,22.89119942389978,36.3587181529849,28.148579281121133,42.876014614008184,31.057162443899678,5.284441940989015,17.084796160613898,21.658925295174047,34.712509240276624,19.66312140591831,37.39274818103394,33.019285838600794,19.444556656869725,17.96884767605404,11.439169555070178,23.81673953517341,8.068446944911761,0.0,37.402403188817395,12.982688638966788,33.960828901700765,32.69248170873756,9.196918994819042,35.79508231049234,34.315402496570854,7.077448554603887,14.49762081645026,42.3267024198349,26.808392813934777,28.654823517465182,37.626460404622684,33.961245991304374,26.985236556137284,31.081510231371876,21.084134063880356,17.882146287569064,11.040314506963416,36.61075463889139,19.25873866177122,23.08776828547818],
        [25.108032991203455,14.552594405507355,19.389086073470843,17.301068036971138,11.355820236253745,24.14002745615531,32.33601492096128,35.57427897476898,20.722894616894447,7.170106943654913,31.42627315520386,10.37516653138774,8.806065390030954,18.331016774474534,19.496953292744532,26.747088709995886,17.748894292993842,38.52155704963232,37.402403188817395,0.0,27.074041228977038,23.842343247208923,31.46879817525817,42.772479919422985,2.241442033805349,4.303220435870147,43.32734753695212,37.73306234141665,14.081211756405159,10.802309390392788,12.042902557394912,13.682992453787417,13.545958458862923,27.01130832621714,21.337538101273065,32.75521940088861,35.44426234938449,47.74902164054598,0.7918269396450663,18.63309853300201,25.108032991203455],
        [22.692724284994735,13.068851221269073,23.37636119156844,15.247724898789537,34.93160721483027,18.35878479474021,8.01351581316259,23.400488077081043,8.732434567387012,26.398776776749557,23.164342349521082,30.0176335170914,21.08969341968488,12.329305551921614,10.281966269399739,10.156299640567973,19.029982052670608,18.619500450569983,12.982688638966788,27.074041228977038,0.0,21.176206062328028,33.80410666827966,15.83452229446528,25.927503435205498,23.34646209718687,17.061271843099384,22.653515166299186,35.3761728168353,16.33157041047742,16.59241167950199,31.302491890225532,27.8997755263796,14.875929528801008,18.153379512148508,25.052087854607528,23.943172999809743,21.426918894613195,26.3114944633664,8.650187143736234,22.692724284994735],
        [37.51506708449704,20.67974495001822,5.578170787476509,8.94295634741433,35.159835213655235,2.9960523211159122,29.18370855727878,42.74607965992808,13.405538211914994,28.617746856274735,40.92685264532094,32.87027723102764,15.197455618124076,24.940028679334116,23.897282409981024,29.25313058629158,30.485813003012577,39.6820856818113,33.960828901700765,23.842343247208923,21.176206062328028,0.0,47.74814040186816,33.85181310767998,24.54823362984705,19.88570076690104,36.47592891998068,42.87377211409702,37.55607702883643,19.42893969535408,14.080028340892742,35.75661458111421,33.8787572141027,8.028740947598816,3.6229676945387865,42.80215237899269,43.09480902581361,40.36131547222523,23.506586172037164,19.666104405478077,37.51506708449704],
        [11.127569576629714,27.090637282214153,45.958669737796974,38.805295007136884,26.739586227859657,46.1766925994746,31.11540204024967,17.22367026893682,36.018522214541306,24.365715492346187,13.168310259083798,22.61626745750896,35.45787683686379,23.409907589283947,25.029449218769408,24.22059620675086,17.263053534662138,26.91135752657607,32.69248170873756,31.46879817525817,33.80410666827966,47.74814040186816,0.0,41.83622004316102,29.288249173113233,32.327581435080596,39.52032856835681,20.90070471060492,23.647084042856875,28.704400928800727,34.185131721370404,19.85189152361795,18.21768026867005,45.536836317599366,44.16069028710497,12.16155137399407,16.434618618050965,42.63897383868232,31.017703785100927,29.09604798083689,11.127569576629714],
        [31.935027227240823,28.399634429598066,37.465282815524624,30.239494864750508,49.75281000799449,30.857682441267176,11.723759283105423,26.176533436517108,23.94119355392938,41.310130306117756,28.853266826369733,44.482596517145765,36.87334113359946,26.133179152912103,24.303684780743882,19.286498130688624,31.594566465099376,16.596270960534117,9.196918994819042,42.772479919422985,15.83452229446528,33.85181310767998,41.83622004316102,0.0,41.484417872079085,39.151128425045464,3.944271449935159,23.3406775346357,49.66042066943684,31.97330096079699,32.37280414429076,45.16339759816512,41.544709235165136,26.00007870913645,31.70030770977097,30.280185335484397,26.987259543772304,6.594114715633684,41.998028921765204,24.1483710167542,31.935027227240823],
        [22.87913742777543,13.106325444828226,20.430128246088127,17.38929469735774,10.73729107751054,24.57889210295798,30.805031449268196,33.42590965583194,20.13229365441303,5.117772127510819,29.231299876228857,8.747673269566699,9.35077859108777,16.53684544842754,17.832020534873635,24.954587247998468,15.570177444834613,36.616174399246546,35.79508231049234,2.241442033805349,25.927503435205498,24.54823362984705,29.288249173113233,41.484417872079085,0.0,4.668018928530702,41.87539304017184,35.6455726810207,13.020482876687014,9.603650618524238,11.845778783105075,11.98107209021198,11.497965370643351,27.06918391998655,21.80711039256295,30.542129660682644,33.28125268812305,46.28517541404127,1.7331193258860476,17.3548874775183,22.87913742777543],
        [24.651737629298157,11.497407001671057,15.808927817662578,13.010159838596527,15.321487330756598,19.989622298152046,29.135923358729933,34.24987427430742,16.559993703231193,9.245086227071637,30.486488356072915,13.259778195849988,4.691736979561207,15.918084405644612,16.73409611711511,24.166006385743678,16.927654680424226,36.15366093296868,34.315402496570854,4.303220435870147,23.34646209718687,19.88570076690104,32.327581435080596,39.151128425045464,4.668018928530702,0.0,39.940784904797496,36.05898308859524,17.68829860487958,7.524750298273752,7.766953513151183,16.387494409868257,15.35047655154251,22.722576433265164,17.202225568562422,31.986704034113515,34.2175356993264,44.36817377639084,3.7632710463236623,15.178037715809324,24.651737629298157],
        [30.143944423621527,28.789919688550306,39.71957405440392,32.080628174333306,49.51936575010639,33.48389535607534,11.168858750967651,23.263075612802698,25.621532626679226,41.21632352858875,26.388348993817395,44.10736725931577,38.08024004177319,25.899159501827036,24.235938324654647,18.298053883095196,30.732756533276557,13.389095967152496,7.077448554603887,43.32734753695212,17.061271843099384,36.47592891998068,39.52032856835681,3.944271449935159,41.87539304017184,39.940784904797496,0.0,20.18736691692953,49.14062858084498,32.56018805235231,33.60003276332032,44.5003850640547,40.84304726741915,28.81179852457225,34.07166210198541,27.67107886682061,24.08936728789724,4.427573734847466,42.541053350047235,24.76837653446938,30.143944423621527],
        [14.948560039626974,25.403661293846795,43.623655941966504,35.073951967766305,39.25115834320275,40.33125641136847,15.89810878517967,3.691509027668736,29.47232808117303,32.61768100100597,8.48887961882029,33.7155582006119,36.667472969257354,20.425272589892575,20.324617789420273,13.666269135536481,20.309425835528405,6.798318577622079,14.49762081645026,37.73306234141665,22.653515166299186,42.87377211409702,20.90070471060492,23.3406775346357,35.6455726810207,36.05898308859524,20.18736691692953,0.0,37.52525506940743,29.10940619687099,33.15333130437178,32.656302056799355,29.25829220224637,37.44472926445426,39.44912683391898,8.838372190392091,4.466162641363957,22.50686388192736,36.99512593194858,23.948756430526608,14.948560039626974],
        [22.640114471377792,22.567295773936603,33.399224402726325,30.042003409192812,3.619123578702312,37.46683038958553,38.08416331912247,34.38985311407696,31.58937862586657,9.500661859585886,29.45493852031032,5.3935231849901974,22.36309376614578,23.564373308485774,25.48385313102839,30.891013589133802,18.583321647961554,40.67794170103288,42.3267024198349,14.081211756405159,35.3761728168353,37.55607702883643,23.647084042856875,49.66042066943684,13.020482876687014,17.68829860487958,49.14062858084498,37.52525506940743,0.0,20.488191336695024,24.340126102096423,4.88829594804497,8.479837166746078,39.54906480133728,34.72724643500673,30.046625091872787,33.94617051027859,53.34454492411908,14.232371675689986,26.925687851844096,22.640114471377792],
        [19.367914390005822,3.9833991822765507,17.257237593934157,10.669297566271782,19.283103021805164,18.397082462205894,21.65576018991319,27.640180481285256,11.106966288153224,10.999159324534045,24.36522797052308,15.171378556601342,7.664366709914051,8.699711582418603,9.26996716397203,16.723347211087027,11.706541025444585,28.75431262069277,26.808392813934777,10.802309390392788,16.33157041047742,19.42893969535408,28.704400928800727,31.97330096079699,9.603650618524238,7.524750298273752,32.56018805235231,29.10940619687099,20.488191336695024,0.0,5.490449372449445,17.42343225737939,14.893315199593662,19.438685584489765,15.989294704863402,26.035870061342575,27.707516478593888,36.985886836808646,10.02538807080945,7.830871016550987,19.367914390005822],
        [24.636943340867987,7.981929325172288,11.798202334061838,5.71890694093071,22.497306357521158,13.352244362651373,23.37101159005395,32.080256293336774,8.948905618153116,14.989398625754015,29.212297190151734,19.296219756387835,4.50081180962304,12.982221265757786,12.828833734076103,19.96118072423945,17.098654611599216,31.88799852425731,28.654823517465182,12.042902557394912,16.59241167950199,14.080028340892742,34.185131721370404,32.37280414429076,11.845778783105075,7.766953513151183,33.60003276332032,33.15333130437178,24.340126102096423,5.490449372449445,0.0,21.958012412365463,19.850828638833303,15.262933344853723,10.771379926250692,30.960831350062055,32.235220125476744,37.993479975728945,11.427918223085825,9.65874060663794,24.636943340867987],
        [17.80450532341687,18.86696420524693,32.13419328263696,27.654635839847828,7.06119408964159,35.302227518028666,33.51618482068044,29.555092207044783,28.33211692567566,7.186583058541728,24.643459763739667,3.3236470943619936,20.826559679926422,19.213936771561148,21.196506663417647,26.211884175995472,13.820594802204567,35.80376540884169,37.626460404622684,13.682992453787417,31.302491890225532,35.75661458111421,19.85189152361795,45.16339759816512,11.98107209021198,16.387494409868257,44.5003850640547,32.656302056799355,4.88829594804497,17.42343225737939,21.958012412365463,0.0,3.666745092099861,36.83727057157159,32.66219099652465,25.302982339253884,29.128801451062337,48.66061212788167,13.557124900026755,23.076964505730768,17.80450532341687],
        [14.559565356985651,15.801107470058744,30.69279084264507,25.43897779597443,10.031397675663644,33.163266576954335,29.879533520598805,26.263268541367008,25.475516296288326,6.386819634591283,21.42430682546878,4.729929143261593,19.413880723655154,15.69927473934914,17.708696304425597,22.550752097258545,10.153891783214968,32.20823774824774,33.961245991304374,13.545958458862923,27.8997755263796,33.8787572141027,18.21768026867005,41.544709235165136,11.497965370643351,15.35047655154251,40.84304726741915,29.25829220224637,8.479837166746078,14.893315199593662,19.850828638833303,3.666745092099861,0.0,34.29679082934418,30.62201517460354,22.225975122170553,25.880610551688687,44.99644660319999,13.214776848060994,19.856304679805508,14.559565356985651],
        [34.67170648587572,19.080777774721742,12.709014595879793,9.71249260701392,37.75719013309172,5.144741918643981,22.61211508754353,37.88265951251749,9.525364321176612,30.108142074649262,36.872068831380474,34.39645986048929,18.331233568807473,22.12709776902516,20.57428812113835,24.269982874677538,28.61966533214226,33.42575014543014,26.985236556137284,27.01130832621714,14.875929528801008,8.028740947598816,45.536836317599366,26.00007870913645,27.06918391998655,22.722576433265164,28.81179852457225,37.44472926445426,39.54906480133728,19.438685584489765,15.262933344853723,36.83727057157159,34.29679082934418,0.0,7.065302444358927,38.78510259770328,38.34682907460935,32.55714853982232,26.481047003838015,16.440907414504583,34.67170648587572],
        [33.894077502401935,17.078622989489467,5.85929976876886,5.378597836133738,32.52074239034913,2.8087031513314855,26.158048478777527,39.22913692011512,9.998767434652232,25.590462560213652,37.332821399551236,29.87999183672535,12.541387957512175,21.317766121430594,20.29175804742692,25.798539362878948,26.897829902398154,36.47820399063714,31.081510231371876,21.337538101273065,18.153379512148508,3.6229676945387865,44.16069028710497,31.70030770977097,21.80711039256295,17.202225568562422,34.07166210198541,39.44912683391898,34.72724643500673,15.989294704863402,10.771379926250692,32.66219099652465,30.62201517460354,7.065302444358927,0.0,39.20382091703302,39.56239453861509,38.10447358889497,20.92147900692387,16.07213585595233,33.894077502401935],
        [7.794912261435748,22.996342552475916,42.407138355635645,34.21126786398934,32.21651776182209,40.65129083853323,20.46579129097263,5.150468248673071,29.732054103697013,26.681992360545117,1.9136769762873875,26.907920399304317,33.66122212492426,18.12078385624346,18.91704106660286,14.89628830575087,15.095883414089634,14.778826090219335,21.084134063880356,32.75521940088861,25.052087854607528,42.80215237899269,12.16155137399407,30.280185335484397,30.542129660682644,31.986704034113515,27.67107886682061,8.838372190392091,30.046625091872787,26.035870061342575,30.960831350062055,25.302982339253884,22.225975122170553,38.78510259770328,39.20382091703302,0.0,4.425401820083081,30.58535835055694,32.09376982915411,23.13618469909649,7.794912261435748],
        [11.33205041476943,24.28493276085819,43.27025770969009,34.843547277874414,35.911930133627266,40.735701103056236,18.208634899439613,0.8326367818037037,29.756715600791722,29.814545354228045,4.49332906250578,30.474740727938624,35.36757547279192,19.257877096680964,19.605580535980625,14.077693632549202,17.71723690296213,10.841101401942648,17.882146287569064,35.44426234938449,23.943172999809743,43.09480902581361,16.434618618050965,26.987259543772304,33.28125268812305,34.2175356993264,24.08936728789724,4.466162641363957,33.94617051027859,27.707516478593888,32.235220125476744,29.128801451062337,25.880610551688687,38.34682907460935,39.56239453861509,4.425401820083081,0.0,26.702531677948492,34.74093674338185,23.60915701028665,11.33205041476943],
        [33.764442556404774,33.20726915529908,43.81710449929059,36.33369428797625,53.81009246315814,37.365315893529925,15.527828443753837,25.870060930974443,29.91162038389914,45.55044053694856,29.473069430700672,48.36499409760148,42.47922015673187,30.232099562101542,28.605387778331824,22.455336179327745,34.85559172178454,15.86549939867309,11.040314506963416,47.74902164054598,21.426918894613195,40.36131547222523,42.63897383868232,6.594114715633684,46.28517541404127,44.36817377639084,4.427573734847466,22.50686388192736,53.34454492411908,36.985886836808646,37.993479975728945,48.66061212788167,44.99644660319999,32.55714853982232,38.10447358889497,30.58535835055694,26.702531677948492,0.0,46.962255145911094,29.19592712432125,33.764442556404774],
        [24.47171929453133,13.763444560253863,19.172631347482483,16.768727635039166,11.653377868219215,23.717141571446977,31.545860342969743,34.86262979264964,20.040624767608517,6.828724049394053,30.74668332327725,10.277925389326052,8.380722036598623,17.545534015303552,18.705627565207696,25.960253059210455,17.061106211175396,37.74426030153968,36.61075463889139,0.7918269396450663,26.3114944633664,23.506586172037164,31.017703785100927,41.998028921765204,1.7331193258860476,3.7632710463236623,42.541053350047235,36.99512593194858,14.232371675689986,10.02538807080945,11.427918223085825,13.557124900026755,13.214776848060994,26.481047003838015,20.92147900692387,32.09376982915411,34.74093674338185,46.962255145911094,0.0,17.855317139475453,24.47171929453133],
        [18.282274467153005,4.428949226439226,19.715625818740456,11.235567900333859,26.323066048033432,17.57601609854787,14.017619376821054,23.33076289063249,6.931243293206091,17.795631266559774,21.261516139880914,21.53900603501239,13.842146965417081,5.6872830914543435,4.26292968681251,10.439054867539538,12.363950356183693,22.249698767446677,19.25873866177122,18.63309853300201,8.650187143736234,19.666104405478077,29.09604798083689,24.1483710167542,17.3548874775183,15.178037715809324,24.76837653446938,23.948756430526608,26.925687851844096,7.830871016550987,9.65874060663794,23.076964505730768,19.856304679805508,16.440907414504583,16.07213585595233,23.13618469909649,23.60915701028665,29.19592712432125,17.855317139475453,0.0,18.282274467153005],
        [0.0,16.942724037598456,36.37558030899123,28.640210601952152,24.588223966199074,35.70138126510462,20.639815934121877,11.751385331421288,25.20510817707038,18.896511540269913,6.864778443311495,19.190836743456625,26.794255807964284,12.666400458749075,14.097431290172887,13.359088082290558,7.7878239674524234,19.04294699688275,23.08776828547818,25.108032991203455,22.692724284994735,37.51506708449704,11.127569576629714,31.935027227240823,22.87913742777543,24.651737629298157,30.143944423621527,14.948560039626974,22.640114471377792,19.367914390005822,24.636943340867987,17.80450532341687,14.559565356985651,34.67170648587572,33.894077502401935,7.794912261435748,11.33205041476943,33.764442556404774,24.47171929453133,18.282274467153005,0.0]
    ],
    "end_depot": 40,
    "start_depot": 0,
    "truck_dist": [
        [0.0,23.814054946993835,50.656180567550706,40.42863344947369,31.934760916858647,50.452889384532924,22.064140230000277,15.8859873981748,35.26785557814182,20.39047594950842,8.88324278500517,24.11392398070599,35.34825461958497,17.86821085010176,19.613350103388562,14.107721879553013,10.033083522110052,26.568105577230696,28.672549685944084,27.08142263565881,28.207069780837823,53.034760319193055,14.295497386266515,37.49375684292538,24.469361401389527,30.059758146570665,37.85133221946987,20.874590957819805,30.79330671649115,26.282904920787438,34.042232743058435,23.955049456599497,18.80732294041576,48.228544606013685,47.9198939813584,8.813185588613804,14.996085466656611,44.01567336930452,26.815868805156406,25.637629753504314,0.0],
        [23.814054946993835,0.0,26.842125620556867,16.614578502479862,29.288521583390967,26.638834437539092,24.71037956346796,28.69519403537457,11.453800631147981,17.744236616040737,27.730477265151315,21.467684647238308,11.534199672591132,5.945844096892074,6.22277895776924,15.212171537246931,13.780971424883784,29.214344910698376,31.318789019411767,20.319456593360858,17.952469611642822,29.220705372199216,38.10955233326035,40.13999617639307,18.523555457371863,15.01239244980443,40.49757155293754,27.156261831729214,28.147067383023465,5.063567704457235,10.2281777960646,21.308810123131813,16.16108360694808,24.414489659019853,24.10583903436456,30.435918288049184,29.466324746152615,46.6619127027722,19.231586671081157,5.992141305561269,23.814054946993835],
        [50.656180567550706,26.842125620556867,0.0,10.227547118077005,36.896363678979455,10.881145154484337,31.546556827148432,55.53731965593144,15.388324989408886,33.382362595381764,54.57260288570818,38.202462244064236,15.307925947965735,32.787969717448945,31.042830464162144,36.548458687997694,40.62309704544065,46.251248480753596,37.634528035585404,23.574757931891895,24.268208627816463,7.521591389698699,64.95167795381721,46.455735192566706,26.186819166161175,20.596422420980037,46.81331056911119,53.99838745228608,41.88567157329721,24.373275646763265,16.613947824492268,42.90012324729891,42.274862617276746,17.808556584822462,7.821478330776969,57.27804390860605,56.30845036670948,52.97765171894584,23.8403117623943,25.01855081404639,50.656180567550706],
        [40.42863344947369,16.614578502479862,10.227547118077005,0.0,29.475304867964617,10.02425593505923,24.523596278894306,45.30977253785443,7.633750141325528,23.154815477304755,44.34505576763118,27.974915125987234,11.192107376378743,22.560422599371936,20.81528334608514,26.320911569920685,30.395549927363646,36.02370136267659,31.132005734838113,20.50623987793451,17.76568632706917,12.606126869719354,54.72413083574021,39.95321289181941,18.710338741945517,15.199175734378084,40.31078826836389,43.77084033420908,31.658124455220204,14.14572852868626,6.386400706415262,32.67257612922191,32.04731549919974,11.306034284075167,7.4912605318846985,47.050496790529046,46.08090324863248,46.47512941819855,19.41836995565481,14.791003695969383,40.42863344947369],
        [31.934760916858647,29.288521583390967,36.896363678979455,29.475304867964617,0.0,36.69307249596168,53.99890114685893,47.82074831503345,37.109055009290145,11.544284967350228,40.818003701863816,7.8208369361526575,21.58843773101372,33.20063696888873,35.5113005411602,44.5006931206379,27.391894053916637,58.50286649408934,60.60731060280273,13.321605747087562,47.240991195033786,39.2749434306218,28.055314274837762,69.42851775978403,10.764966126019102,16.29994125799942,69.7860931363285,52.809351874678455,4.989307894317753,24.224953878933732,24.51287812138694,7.979711460259152,13.127437976442886,40.781339152039784,34.16007709278715,40.74794650547245,46.93084638351526,75.95043428616316,13.056051916585156,35.280662888952236,31.934760916858647],
        [50.452889384532924,26.638834437539092,10.881145154484337,10.02425593505923,36.69307249596168,0.0,31.343265644130657,55.33402847291366,15.185033806391111,33.17907141236398,54.36931170269041,37.99917106104647,15.570730230115785,32.58467853443116,30.83953928114437,36.34516750497991,40.419805862422876,46.04795729773582,34.83319081782135,24.884862731671554,22.245819603695104,3.3595537647856375,64.74838677079944,35.57459003808237,25.9835279831434,20.393131237962262,35.93216541462685,53.79509626926831,41.682380390279434,24.16998446374549,16.410656641474493,42.69683206428113,42.07157143425897,6.927411430338125,3.059666823707367,57.074752725588276,56.10515918369171,42.09650656446151,23.796992809391853,24.815259631028614,50.452889384532924],
        [22.064140230000277,24.71037956346796,31.546556827148432,24.523596278894306,53.99890114685893,31.343265644130657,0.0,23.990762828783005,16.889846137568778,42.4546161795087,23.02604605855975,46.17806421070627,35.715703655273046,20.798264177970196,18.48760060569872,9.498208026221029,26.607007092942286,14.704691653605163,6.608409455943807,45.02983615682882,9.097446040435553,33.925136578790784,33.40512112666879,15.429616612925106,43.23393502083982,39.72277201327239,15.787191989469589,22.45183062513765,52.85744694649142,29.773947267925195,29.486023025471987,46.01918968659977,40.871463170416035,29.11892086561142,28.810270240956125,25.73148708145762,24.76189353956105,21.951533139304246,43.94196623454911,18.71823825790669,22.064140230000277],
        [15.8859873981748,28.69519403537457,55.53731965593144,45.30977253785443,47.82074831503345,55.33402847291366,23.990762828783005,0.0,40.148994666522555,36.27646334768322,7.0027446131696305,39.99991137888079,40.2293937079657,22.749349938482496,24.494489191769294,18.988860967933746,20.428854261116808,10.682118179055895,20.50083765509232,38.851683325003336,33.08820886921856,57.91589940757379,22.465072733137227,30.058710969179952,37.055782189014344,34.9408972349514,24.4921416134963,4.9886035596450045,46.67929411466595,31.164044009168173,38.92337183143917,39.841036854774295,34.693310338590564,53.10968369439442,52.801033069739134,7.072801809560996,0.8899019315181889,28.129685971129724,37.76381340272364,30.51876884188505,15.8859873981748],
        [35.26785557814182,11.453800631147981,15.388324989408886,7.633750141325528,37.109055009290145,15.185033806391111,16.889846137568778,40.148994666522555,0.0,25.56477004193992,39.18427789629929,29.28821807313749,18.82585751770427,17.399644728040055,15.654505474753257,21.160133698588805,25.234772056031765,30.86292349134471,23.498255593512585,28.13999001926004,10.13193618574364,17.766904741051235,49.56335296440834,32.319462750493884,26.344088883271045,22.832925875703612,32.677038127038365,38.610062462877195,35.96760080892265,12.884101130356417,12.596176887903209,29.129343549030995,26.88653762786786,12.960689027871872,12.65203840321658,41.889718919197165,40.92012537730059,38.84137927687302,27.05212009698034,9.630225824637503,35.26785557814182],
        [20.39047594950842,17.744236616040737,33.382362595381764,23.154815477304755,11.544284967350228,33.17907141236398,42.4546161795087,36.27646334768322,25.56477004193992,0.0,29.273718734513587,4.820099648682479,18.074436647416025,21.6563520015385,23.967015573809977,32.95640815328767,15.847609086566411,46.95858152673911,49.063025635452505,9.807604663489865,35.69670622768356,35.76094234702411,31.56931535843546,57.88423279243381,7.195543429220585,12.785940174401723,58.24180816897828,41.26506690732822,10.402830766982728,12.680668911583503,16.768414770889493,9.51776065191715,8.892500021894985,30.954726633844746,30.646076009189454,29.203661538122223,35.38656141616503,64.40614931881294,9.54205083298746,23.736377921602006,20.39047594950842],
        [8.88324278500517,27.730477265151315,54.57260288570818,44.34505576763118,40.818003701863816,54.36931170269041,23.02604605855975,7.0027446131696305,39.18427789629929,29.273718734513587,0.0,32.99716676571116,39.26467693774245,21.78463316825924,23.529772421546042,18.02414419771049,13.949505840267532,17.684862792225523,19.789306900938918,31.848938711833707,32.12349209899531,56.95118263735053,15.462328119967594,29.0939941989567,30.053037575844712,33.976180464728145,28.968089434464698,11.991348172814636,39.67654950149631,30.199327238944917,37.958655061215914,32.83829224160466,27.690565725420928,52.14496692417117,51.83631629951587,2.705441022897867,6.112842681651442,35.13243058429936,30.761068789554006,29.554052071661797,8.88324278500517],
        [24.11392398070599,21.467684647238308,38.202462244064236,27.974915125987234,7.8208369361526575,37.99917106104647,46.17806421070627,39.99991137888079,29.28821807313749,4.820099648682479,32.99716676571116,0.0,22.894536296098504,25.37980003273607,27.690463605007547,36.67985618448524,19.57105711776398,50.68202955793669,52.786473666650075,14.627704312172344,39.420154258881126,40.581041995706585,26.74921570975298,61.60768082363138,12.015643077903064,17.606039823084203,61.96525620017586,44.988514938525796,6.6793827357851585,16.404116942781073,21.588514419571972,4.697661003234671,5.306601040290229,35.77482628252723,35.46617565787193,32.927109569319796,39.1100094473626,68.1295973500105,14.36215048166994,27.459825952799576,24.11392398070599],
