{
    "drone_dist": [
        [0.0,31.44674779216324,43.64020467033322,42.7278080448571,42.1404543650786,22.810913362080466,34.35129695538892,27.182350653858347,42.725295445713435,33.78395357419271,11.64077835829292,29.01521706355118,23.26797264874347,19.145401640885986,22.645465780853698,43.1669616232551,11.831325953843669,48.344667005950775,37.108139194725766,24.837520529137585,10.787158514252097,53.51972884242274,37.961486147656814,28.65544306084577,28.555457212058812,13.308527630017583,26.529627846273375,31.417775105316657,26.428689856101435,21.055322877453982,43.85973110415175,41.99545802522608,43.454790121246695,23.291665149484906,40.16621384633891,1.9035526081024259,15.348838131265703,16.03386747680822,9.065872097722607,35.784478151377634,0.0],
        [31.44674779216324,0.0,24.317573309499103,15.884367367204371,44.30449930556161,31.542146993510382,20.118729291493306,5.621759302278993,11.321318366476001,40.20993574961423,29.534834059579232,9.853681750268507,30.548167539107048,15.821570565635914,25.69775723616932,13.210726867756131,19.622671352056557,20.067310237756214,5.697848761715464,16.54971456861032,20.796529526237183,26.98186524361846,17.44007927576083,39.10337850018773,4.038339119023625,23.876490782303797,14.163569343139702,5.012986007607715,9.186376163209195,23.910508164773525,17.278660543555436,24.345732304701727,18.191101043870347,13.269005753692808,23.004753885923087,32.2068370625298,37.214051895482704,16.023050090254177,29.629854780828374,41.13601365726877,31.44674779216324],
        [43.64020467033322,24.317573309499103,0.0,11.642455434655801,28.94734352746306,28.531258032388973,9.414006966793403,28.82140943745264,23.429175459631246,29.834237293474985,35.03000171983419,17.262020476864603,27.22502611170846,36.68870313624845,23.86538443290033,17.686794345288746,34.10474217251649,14.398714653630675,23.07124880189427,18.822260029747017,36.110458851490854,13.653739863089722,41.14091982801059,32.453842566653044,27.682440864203308,42.80363891514959,37.893267212152715,29.296524545799567,20.122048545179126,24.198142577544864,10.945706756550425,2.2978312659054474,8.873663770439391,35.910037954309864,3.730343908247741,43.31596431098004,40.09195913369089,34.03042070979018,36.82951384127202,29.48187114970505,43.64020467033322],
        [42.7278080448571,15.884367367204371,11.642455434655801,0.0,39.08765659684109,33.63081765252948,14.467095405654856,21.324076096313476,11.900821252351877,38.17382085024463,36.783075155437245,13.718248010674413,32.34478726818166,30.92554927243074,27.888033520166413,6.050340632522616,31.5211270745843,5.756856469352262,12.714976270984804,19.562559712762287,33.26161583572123,11.36126490710474,30.95093122721836,39.41494918929642,19.845646113339924,38.360629035465294,30.03921955928928,20.349296432511473,16.350527325895342,27.23692685059457,1.3943211027983355,12.977871254553396,2.914973507243607,28.983412513447576,12.726599822054,42.91603680064067,43.348459908960955,29.68781933597577,37.918938877614245,38.30423857245585,42.7278080448571],
        [42.1404543650786,44.30449930556161,28.94734352746306,39.08765659684109,0.0,19.416791969604127,25.44914300315643,45.82683121907123,49.195559889864406,8.691068390575232,30.515366988377167,34.45683327269251,19.20062538807612,48.01076990347749,21.902662216692576,44.51779736119809,39.84923822312205,43.129752761382036,46.37526191056829,28.464069766982792,41.60887507104072,42.145761342559695,61.18190577958788,14.465856136246671,45.62815327437161,49.61925395744848,53.18368227511811,48.71570308280437,35.5362219737112,24.1796879597594,38.916077254377306,26.869334445722203,36.92815293842239,49.78788701601304,26.546544274262526,40.69104251897922,29.335653825745453,43.38054334883289,33.08303211568075,6.6232136892772555,42.1404543650786],
        [22.810913362080466,31.542146993510382,28.531258032388973,33.63081765252948,19.416791969604127,0.0,19.925880806550733,31.030477109483115,39.98052070515522,11.488244195883176,11.172855820005095,22.92682626895302,1.3171638475109173,30.38538585891928,6.014190861743775,37.20530799807023,21.282687737690733,39.13142263931751,35.50724615427423,15.432138271509416,22.82663624547007,41.53732401364602,46.30936105364984,7.93188313125837,31.385864712142872,30.66755901389786,36.630634753074276,34.825456743143576,22.45468555156241,7.634658262879378,34.170877432796814,26.320721807067752,32.77433376834902,32.96659518883961,24.83832381245384,21.457138451170376,12.370454545455448,25.548441046815597,13.748376373682975,13.330350766913677,22.810913362080466],
        [34.35129695538892,20.118729291493306,9.414006966793403,14.467095405654856,25.44914300315643,19.925880806550733,0.0,23.254090073160707,23.748939495145347,23.732963020668073,25.63621737349249,10.783687327614178,18.60954850533702,29.365292709334945,14.754987052077228,19.303299198108785,25.368113618081097,19.557731170155478,21.164222345155277,9.704623397914311,27.413734666146034,21.641275726498893,37.55331344318116,25.05924037399853,22.516685456865133,34.58631945009071,31.9967466706618,25.001357135793274,13.09207451298509,14.868345786710554,14.713772723052813,7.6445476431454304,13.077009621506878,29.39574939571891,5.820807176908805,33.963790108888396,30.958090571857344,26.041328989123205,27.415650196931484,23.956543355737573,34.35129695538892],
        [27.182350653858347,5.621759302278993,28.82140943745264,21.324076096313476,45.82683121907123,31.030477109483115,23.254090073160707,0.0,16.383955318136948,40.7773399125952,27.064409678815185,12.470427377364135,30.209428540386437,10.294798242311419,25.5807285305752,18.819767533737398,15.593921682306437,25.676857059377834,10.929936558529587,17.37109915107406,16.395340979943644,32.529248625515535,15.47129366146787,38.877834726126046,1.6259621595419267,18.476799213704446,9.073992952265371,4.352247441947558,10.495226635656122,23.516436232034376,22.715143791951323,28.540647223454485,23.46890572459845,7.678099493641749,27.02649569527512,28.15833117814465,34.85573052613235,11.24375674009956,26.709589365806416,41.94617935146069,27.182350653858347],
        [42.725295445713435,11.321318366476001,23.429175459631246,11.900821252351877,49.195559889864406,39.98052070515522,23.748939495145347,16.383955318136948,0.0,46.84413421577188,39.918908051717025,17.08633070221963,38.82262075711322,26.61728263094153,33.96633892159647,5.9732172491409425,30.89397510540197,12.71704600202289,5.626145845902352,24.56946055982246,32.11351641277163,19.991491550913597,20.467433807880514,46.905526215250305,14.78539368560835,34.85133889892585,23.020540098178852,13.206132859822223,18.187497212928797,32.609522374955915,12.913037769363386,24.501002796513177,14.808448381362572,23.397423270472725,23.88897561951974,43.426009009963536,47.37300665713009,27.315003659007075,40.3205834530998,47.35720064358967,42.725295445713435],
        [33.78395357419271,40.20993574961423,29.834237293474985,38.17382085024463,8.691068390575232,11.488244195883176,23.732963020668073,40.7773399125952,46.84413421577188,0.0,22.245436703255844,30.648966427438463,11.616371028420614,41.466541046480806,15.419157089601137,42.929627517719744,32.66188119053144,42.9914483618044,43.206476460398086,23.69799604107801,34.26923152552893,43.48637871033074,56.245917665733515,5.8061327453325555,40.84821740586753,42.14876082737061,47.28968906896372,44.15304062727614,31.06996609475433,17.66318346220932,38.31479669896879,27.556909103441797,36.51898725287348,43.72083700512808,26.67387897839558,32.262059856775295,20.644903535281458,36.68391576458807,24.78184756237631,2.0704156442358443,33.78395357419271],
        [11.64077835829292,29.534834059579232,35.03000171983419,36.783075155437245,30.515366988377167,11.172855820005095,25.63621737349249,27.064409678815185,39.918908051717025,22.245436703255844,0.0,23.631320886514853,11.68210797356936,22.964305868435147,11.903667573088779,38.75563143009047,13.172930130329192,42.539140133257725,34.63827861125368,17.29068631883189,14.01980955272623,46.55107878880397,41.028408727045544,17.38225481820263,27.958406526300905,20.998475809644525,30.143968470315272,31.354300854736433,21.83692499852541,10.92415493306214,37.68032809436925,33.097677490814085,36.79955899472639,26.427942407258612,31.350504162005894,10.307574914643636,7.791785114517338,18.290131435735976,2.5756259151694154,24.21678453285628,11.64077835829292],
        [29.01521706355118,9.853681750268507,17.262020476864603,13.718248010674413,34.45683327269251,22.92682626895302,10.783687327614178,12.470427377364135,17.08633070221963,30.648966427438463,23.631320886514853,0.0,21.796228933225702,19.427194985480657,16.918055231487283,15.135476525069727,17.99767012342314,19.38442038155753,12.68047876879941,7.495566255707405,19.842929719304852,24.630290339153127,27.065528218260173,30.066833568872067,11.77240668981157,25.805214828101377,21.27976501491359,14.469694041829507,2.9303985151308534,15.52442863203247,14.847002603275,16.564989025404447,14.567867625357676,18.879363840541618,14.908290015833273,29.20205569066068,30.72307302961372,16.976430640288587,24.499876814536318,31.462424958088224,29.01521706355118],
        [23.26797264874347,30.548167539107048,27.22502611170846,32.34478726818166,19.20062538807612,1.3171638475109173,18.60954850533702,30.209428540386437,38.82262075711322,11.616371028420614,11.68210797356936,21.796228933225702,0.0,29.954863726680486,4.88943279952498,35.97162895216933,21.04556215358727,37.83316215031287,34.41271738534219,14.311116304453469,22.667482577343733,40.22017817533987,45.55062681135039,8.668416472959644,30.512654987719174,30.58844044555997,36.04424283408204,33.936821038666196,21.422089878054276,6.707257009861421,32.874788521032436,25.018878714365158,31.468682080319695,32.407078268684074,23.52898450754271,21.98920919173584,13.504305356427489,25.140780594391344,14.243443981701441,13.348149695746738,23.26797264874347],
        [19.145401640885986,15.821570565635914,36.68870313624845,30.92554927243074,48.01076990347749,30.38538585891928,29.365292709334945,10.294798242311419,26.61728263094153,41.466541046480806,22.964305868435147,19.427194985480657,29.954863726680486,0.0,26.212037448327766,29.015773654196533,9.79157755373265,35.66981272744463,21.2212544668013,20.893819377149764,9.263830099626167,42.271567127499964,18.895678240228698,38.22379521752629,11.919897482511104,8.281668574767837,7.490074156320886,13.697403255943138,16.602010655478615,23.924536757331197,32.289058548261316,35.928909485070236,32.7430588778573,4.165884019678932,34.21358691511268,20.54321171472873,30.362609990796095,4.8532208510823915,21.690962178068123,43.016419824411706,19.145401640885986],
        [22.645465780853698,25.69775723616932,23.86538443290033,27.888033520166413,21.902662216692576,6.014190861743775,14.754987052077228,25.5807285305752,33.96633892159647,15.419157089601137,11.903667573088779,16.918055231487283,4.88943279952498,26.212037448327766,0.0,31.25694961986309,18.011769519986498,33.477338360811395,29.523790759565504,9.426870431983993,19.846418900797367,36.34927150024971,41.00104716971314,13.418304098960771,25.801115516932825,27.89178141142235,31.871595290564528,29.198331889964184,16.55037133194488,2.2884209816111745,28.506187931537802,21.77813295494893,27.222408180084035,28.315260141919882,20.135435522990292,21.70164966056218,16.23347803334787,21.513341993690833,14.181838848069429,16.8470204696716,22.645465780853698],
        [43.1669616232551,13.210726867756131,17.686794345288746,6.050340632522616,44.51779736119809,37.20530799807023,19.303299198108785,18.819767533737398,5.9732172491409425,42.929627517719744,38.75563143009047,15.135476525069727,35.97162895216933,29.015773654196533,31.25694961986309,0.0,31.49018094275229,7.304901883701017,8.4361741932434,22.186910687241067,32.99557844364233,14.61064525970407,25.928475911333454,43.60274547223434,17.21055075015225,36.96896072113718,26.75885676458443,16.741907065418633,17.089312836816895,30.229708703886054,6.964387346694984,18.93975633901286,8.917205630493338,26.395086986323047,18.527789865045563,43.61739535956305,45.83323488024486,28.730244941134867,39.53013774695065,43.24354272571742,43.1669616232551],
        [11.831325953843669,19.622671352056557,34.10474217251649,31.5211270745843,39.84923822312205,21.282687737690733,25.368113618081097,15.593921682306437,30.89397510540197,32.66188119053144,13.172930130329192,17.99767012342314,21.04556215358727,9.79157755373265,18.011769519986498,31.49018094275229,0.0,37.000378221985116,25.277487709443125,15.731348784039813,2.057662815145952,42.61415253846373,28.15780848610019,28.929765566975142,16.873054063481383,9.954330621006457,17.04114974793288,19.915612575766946,15.199216218950006,15.786285435398955,32.732016452168125,32.79488685321746,32.56276113517525,13.361776105051655,30.96209952348185,12.620701696829267,20.6395319539119,5.2015832073243935,11.997687817228897,34.362500726873606,11.831325953843669],
        [48.344667005950775,20.067310237756214,14.398714653630675,5.756856469352262,43.129752761382036,39.13142263931751,19.557731170155478,25.676857059377834,12.71704600202289,42.9914483618044,42.539140133257725,19.38442038155753,37.83316215031287,35.66981272744463,33.477338360811395,7.304901883701017,37.000378221985116,0.0,15.701585895029403,25.306622917335844,38.68025721685163,7.328215177802049,33.097172025153135,44.61687956429999,24.10563439842167,43.38074330594577,33.928170761636316,23.947377514624854,21.919371352044607,32.91186303864646,4.971211601631322,16.30454350360003,6.494626944470904,33.33621412532491,16.619979848296456,48.580441544504424,49.066928506277996,34.85407938136948,43.670941547949056,42.95471792395497,48.344667005950775],
        [37.108139194725766,5.697848761715464,23.07124880189427,12.714976270984804,46.37526191056829,35.50724615427423,21.164222345155277,10.929936558529587,5.626145845902352,43.206476460398086,34.63827861125368,12.68047876879941,34.41271738534219,21.2212544668013,29.523790759565504,8.4361741932434,25.277487709443125,15.701585895029403,0.0,20.108686771215638,26.48737106038747,22.942531117951443,18.280147776714475,42.74454083272319,9.30882558328655,29.395706518127543,18.357777022591,8.332150731304244,13.209104637041433,27.97704800356243,14.036616256912922,23.635908369273334,15.462274450833963,18.243371940636607,22.637832695766615,37.82825304406679,42.19816367408843,21.70985594352789,34.919691989464816,43.91047192660427,37.108139194725766],
        [24.837520529137585,16.54971456861032,18.822260029747017,19.562559712762287,28.464069766982792,15.432138271509416,9.704623397914311,17.37109915107406,24.56946055982246,23.69799604107801,17.29068631883189,7.495566255707405,14.311116304453469,20.893819377149764,9.426870431983993,22.186910687241067,15.731348784039813,25.306622917335844,20.108686771215638,0.0,17.786241856467363,29.336957233720135,32.78602119647303,22.674712059360846,17.259117967419566,25.204656100507055,24.981416490700738,20.49054969934526,7.377075614139852,8.082916957260416,20.41148285564505,17.280229790069097,19.51188641768898,21.81942167291552,15.439735162103004,24.593537242851536,23.82542606014745,16.987808502183118,18.644374999809127,24.71716119678602,24.837520529137585],
        [10.787158514252097,20.796529526237183,36.110458851490854,33.26161583572123,41.60887507104072,22.82663624547007,27.413734666146034,16.395340979943644,32.11351641277163,34.26923152552893,14.01980955272623,19.842929719304852,22.667482577343733,9.263830099626167,19.846418900797367,32.99557844364233,2.057662815145952,38.68025721685163,26.48737106038747,17.786241856467363,0.0,44.41859310744886,28.039137121064297,30.344028522401143,17.779118468128726,8.046185709437417,16.72005162441617,20.638104100971194,17.001170970488968,17.650825133073194,34.49448352933298,34.82284457897282,34.387520414029794,13.161311799296397,32.99195126714443,11.837594044112606,21.181729098920645,5.317778865418087,12.51416900365773,36.01198983541723,10.787158514252097],
        [53.51972884242274,26.98186524361846,13.653739863089722,11.36126490710474,42.145761342559695,41.53732401364602,21.641275726498893,32.529248625515535,19.991491550913597,43.48637871033074,46.55107878880397,24.630290339153127,40.22017817533987,42.271567127499964,36.34927150024971,14.61064525970407,42.61415253846373,7.328215177802049,22.942531117951443,29.336957233720135,44.41859310744886,0.0,40.41457087220114,46.00205782600933,31.002164406852696,49.71287355301294,41.0177289496881,31.102456211818936,27.421073813304204,36.21679338420002,10.026858292151463,15.939684185750863,10.073801874603893,40.207020902928605,17.01083978971737,53.55854940474866,52.45622239517701,41.01244961286456,47.981264258131,43.10007446969808,53.51972884242274],
        [37.961486147656814,17.44007927576083,41.14091982801059,30.95093122721836,61.18190577958788,46.30936105364984,37.55331344318116,15.47129366146787,20.467433807880514,56.245917665733515,41.028408727045544,27.065528218260173,45.55062681135039,18.895678240228698,41.00104716971314,25.928475911333454,28.15780848610019,33.097172025153135,18.280147776714475,32.78602119647303,28.039137121064297,40.41457087220114,0.0,54.20773700583976,15.553771073561906,25.58660052896444,11.435110779376746,12.596957173742815,25.655685153532414,38.892199468354974,32.23693160765025,41.45720025185757,33.73602784716438,14.877840550672794,40.24420359108848,39.41858496556082,48.70487893080502,22.963249180689804,40.13038890117407,57.4153643451336,37.961486147656814],
        [28.65544306084577,39.10337850018773,32.453842566653044,39.41494918929642,14.465856136246671,7.93188313125837,25.05924037399853,38.877834726126046,46.905526215250305,5.8061327453325555,17.38225481820263,30.066833568872067,8.668416472959644,38.22379521752629,13.418304098960771,43.60274547223434,28.929765566975142,44.61687956429999,42.74454083272319,22.674712059360846,30.344028522401143,46.00205782600933,54.20773700583976,0.0,39.172336618365364,37.98215805320733,44.55485451180751,42.589069201070465,29.935492908786888,15.36978823142039,39.75531114431699,30.15782129429218,38.13221295995696,40.88319611173306,28.99129470490047,27.040154435877223,14.92264043397962,33.374904830012795,19.824498854382966,7.8524921514168895,28.65544306084577],
        [28.555457212058812,4.038339119023625,27.682440864203308,19.845646113339924,45.62815327437161,31.385864712142872,22.516685456865133,1.6259621595419267,14.78539368560835,40.84821740586753,27.958406526300905,11.77240668981157,30.512654987719174,11.919897482511104,25.801115516932825,17.21055075015225,16.873054063481383,24.10563439842167,9.30882558328655,17.259117967419566,17.779118468128726,31.002164406852696,15.553771073561906,39.172336618365364,0.0,20.090537214653946,10.323842277883228,3.47051497121201,10.112008651639586,23.80550203866416,21.23904521448014,27.499664296562575,22.056930719669126,9.230679039000439,26.035893484660054,29.47842233566289,35.73856975885486,12.707423260835837,27.726556611638483,41.94902938191981,28.555457212058812],
        [13.308527630017583,23.876490782303797,42.80363891514959,38.360629035465294,49.61925395744848,30.66755901389786,34.58631945009071,18.476799213704446,34.85133889892585,42.14876082737061,20.998475809644525,25.805214828101377,30.58844044555997,8.281668574767837,27.89178141142235,36.96896072113718,9.954330621006457,43.38074330594577,29.395706518127543,25.204656100507055,8.046185709437417,49.71287355301294,25.58660052896444,37.98215805320733,20.090537214653946,0.0,14.471702302141114,21.977984569448648,22.87503397525065,25.69616319874833,39.68606740984009,41.73470171870016,39.915834531581304,12.085110816894884,39.93588088513861,15.074011419931654,27.275077978734128,8.829483683547911,18.987789250033558,43.93385551065187,13.308527630017583],
        [26.529627846273375,14.163569343139702,37.893267212152715,30.03921955928928,53.18368227511811,36.630634753074276,31.9967466706618,9.073992952265371,23.020540098178852,47.28968906896372,30.143968470315272,21.27976501491359,36.04424283408204,7.490074156320886,31.871595290564528,26.75885676458443,17.04114974793288,33.928170761636316,18.357777022591,24.981416490700738,16.72005162441617,41.0177289496881,11.435110779376746,44.55485451180751,10.323842277883228,14.471702302141114,0.0,10.02565886466279,18.946386031993953,29.630842474290198,31.432966909417452,37.577124331058364,32.34190095500914,3.7337235798383994,36.03194201914295,27.984581909299916,37.6806588223842,11.860866618271094,29.031661418770984,48.68444605350463,26.529627846273375],
        [31.417775105316657,5.012986007607715,29.296524545799567,20.349296432511473,48.71570308280437,34.825456743143576,25.001357135793274,4.352247441947558,13.206132859822223,44.15304062727614,31.354300854736433,14.469694041829507,33.936821038666196,13.697403255943138,29.198331889964184,16.741907065418633,19.915612575766946,23.947377514624854,8.332150731304244,20.49054969934526,20.638104100971194,31.102456211818936,12.596957173742815,42.589069201070465,3.47051497121201,21.977984569448648,10.02565886466279,0.0,13.200269262313299,27.230232557263317,21.73201146317467,29.356377438236496,22.8361031896743,10.218948167394863,28.016938290269604,32.44202987541698,39.141677172766556,15.40476002846126,31.047475311707394,45.20751521367635,31.417775105316657],
        [26.428689856101435,9.186376163209195,20.122048545179126,16.350527325895342,35.5362219737112,22.45468555156241,13.09207451298509,10.495226635656122,18.187497212928797,31.06996609475433,21.83692499852541,2.9303985151308534,21.422089878054276,16.602010655478615,16.55037133194488,17.089312836816895,15.199216218950006,21.919371352044607,13.209104637041433,7.377075614139852,17.001170970488968,27.421073813304204,25.655685153532414,29.935492908786888,10.112008651639586,22.87503397525065,18.946386031993953,13.200269262313299,0.0,14.852519294429175,17.540082064191118,19.328912131178647,17.38727794933839,16.311631587558562,17.62654915171396,26.714982767326042,29.196597322293577,14.046531052682523,22.46881538671216,32.05531385515441,26.428689856101435],
        [21.055322877453982,23.910508164773525,24.198142577544864,27.23692685059457,24.1796879597594,7.634658262879378,14.868345786710554,23.516436232034376,32.609522374955915,17.66318346220932,10.92415493306214,15.52442863203247,6.707257009861421,23.924536757331197,2.2884209816111745,30.229708703886054,15.786285435398955,32.91186303864646,27.97704800356243,8.082916957260416,17.650825133073194,36.21679338420002,38.892199468354974,15.36978823142039,23.80550203866416,25.69616319874833,29.630842474290198,27.230232557263317,14.852519294429175,0.0,27.95198696217904,22.215110121087697,26.804742752173457,26.05829731362193,20.49329639623023,20.246319496862764,16.2556297156011,19.225662894320397,12.978957656842892,19.121356677755863,21.055322877453982],
        [43.85973110415175,17.278660543555436,10.945706756550425,1.3943211027983355,38.916077254377306,34.170877432796814,14.713772723052813,22.715143791951323,12.913037769363386,38.31479669896879,37.68032809436925,14.847002603275,32.874788521032436,32.289058548261316,28.506187931537802,6.964387346694984,32.732016452168125,4.971211601631322,14.036616256912922,20.41148285564505,34.49448352933298,10.026858292151463,32.23693160765025,39.75531114431699,21.23904521448014,39.68606740984009,31.432966909417452,21.73201146317467,17.540082064191118,27.95198696217904,0.0,12.469592042335714,2.07906986224054,30.372094686939832,12.411526654224756,44.01129883474779,44.12744071351703,30.991735378212322,38.87931522991965,38.37010558850549,43.85973110415175],
        [41.99545802522608,24.345732304701727,2.2978312659054474,12.977871254553396,26.869334445722203,26.320721807067752,7.6445476431454304,28.540647223454485,24.501002796513177,27.556909103441797,33.097677490814085,16.564989025404447,25.018878714365158,35.928909485070236,21.77813295494893,18.93975633901286,32.79488685321746,16.30454350360003,23.635908369273334,17.280229790069097,34.82284457897282,15.939684185750863,41.45720025185757,30.15782129429218,27.499664296562575,41.73470171870016,37.577124331058364,29.356377438236496,19.328912131178647,22.215110121087697,12.469592042335714,0.0,10.39722238441221,35.40279287447786,1.8408443512852775,41.60244803116686,37.981885124216475,33.02872225895285,34.96411048856927,27.232323968545476,41.99545802522608],
        [43.454790121246695,18.191101043870347,8.873663770439391,2.914973507243607,36.92815293842239,32.77433376834902,13.077009621506878,23.46890572459845,14.808448381362572,36.51898725287348,36.79955899472639,14.567867625357676,31.468682080319695,32.7430588778573,27.222408180084035,8.917205630493338,32.56276113517525,6.494626944470904,15.462274450833963,19.51188641768898,34.387520414029794,10.073801874603893,33.73602784716438,38.13221295995696,22.056930719669126,39.915834531581304,32.34190095500914,22.8361031896743,17.38727794933839,26.804742752173457,2.07906986224054,10.39722238441221,0.0,31.063682579623144,10.393208406721884,43.51809531238921,43.04119197268995,31.146008248486744,38.11190192989747,36.519104947198336,43.454790121246695],
        [23.291665149484906,13.269005753692808,35.910037954309864,28.983412513447576,49.78788701601304,32.96659518883961,29.39574939571891,7.678099493641749,23.397423270472725,43.72083700512808,26.427942407258612,18.879363840541618,32.407078268684074,4.165884019678932,28.315260141919882,26.395086986323047,13.361776105051655,33.33621412532491,18.243371940636607,21.81942167291552,13.161311799296397,40.207020902928605,14.877840550672794,40.88319611173306,9.230679039000439,12.085110816894884,3.7337235798383994,10.218948167394863,16.311631587558562,26.05829731362193,30.372094686939832,35.40279287447786,31.063682579623144,0.0,33.77884281266076,24.657764425631047,33.99335615922939,8.164946415801946,25.35943388651185,45.153448888897785,23.291665149484906],
        [40.16621384633891,23.004753885923087,3.730343908247741,12.726599822054,26.546544274262526,24.83832381245384,5.820807176908805,27.02649569527512,23.88897561951974,26.67387897839558,31.350504162005894,14.908290015833273,23.52898450754271,34.21358691511268,20.135435522990292,18.527789865045563,30.96209952348185,16.619979848296456,22.637832695766615,15.439735162103004,32.99195126714443,17.01083978971737,40.24420359108848,28.99129470490047,26.035893484660054,39.93588088513861,36.03194201914295,28.016938290269604,17.62654915171396,20.49329639623023,12.411526654224756,1.8408443512852775,10.393208406721884,33.77884281266076,0.0,39.78451031683248,36.36162293835039,31.24793718563913,33.18817462313331,26.47471281678176,40.16621384633891],
        [1.9035526081024259,32.2068370625298,43.31596431098004,42.91603680064067,40.69104251897922,21.457138451170376,33.963790108888396,28.15833117814465,43.426009009963536,32.262059856775295,10.307574914643636,29.20205569066068,21.98920919173584,20.54321171472873,21.70164966056218,43.61739535956305,12.620701696829267,48.580441544504424,37.82825304406679,24.593537242851536,11.837594044112606,53.55854940474866,39.41858496556082,27.040154435877223,29.47842233566289,15.074011419931654,27.984581909299916,32.44202987541698,26.714982767326042,20.246319496862764,44.01129883474779,41.60244803116686,43.51809531238921,24.657764425631047,39.78451031683248,0.0,13.495795522359286,17.14892667807061,7.750215511316769,34.2795393631788,1.9035526081024259],
        [15.348838131265703,37.214051895482704,40.09195913369089,43.348459908960955,29.335653825745453,12.370454545455448,30.958090571857344,34.85573052613235,47.37300665713009,20.644903535281458,7.791785114517338,30.72307302961372,13.504305356427489,30.362609990796095,16.23347803334787,45.83323488024486,20.6395319539119,49.066928506277996,42.19816367408843,23.82542606014745,21.181729098920645,52.45622239517701,48.70487893080502,14.92264043397962,35.73856975885486,27.275077978734128,37.6806588223842,39.141677172766556,29.196597322293577,16.2556297156011,44.12744071351703,37.981885124216475,43.04119197268995,33.99335615922939,36.36162293835039,13.495795522359286,0.0,25.828577939551746,8.67392022840566,22.714280975291114,15.348838131265703],
        [16.03386747680822,16.023050090254177,34.03042070979018,29.68781933597577,43.38054334883289,25.548441046815597,26.041328989123205,11.24375674009956,27.315003659007075,36.68391576458807,18.290131435735976,16.976430640288587,25.140780594391344,4.8532208510823915,21.513341993690833,28.730244941134867,5.2015832073243935,34.85407938136948,21.70985594352789,16.987808502183118,5.317778865418087,41.01244961286456,22.963249180689804,33.374904830012795,12.707423260835837,8.829483683547911,11.860866618271094,15.40476002846126,14.046531052682523,19.225662894320397,30.991735378212322,33.02872225895285,31.146008248486744,8.164946415801946,31.24793718563913,17.14892667807061,25.828577939551746,0.0,17.197601757165817,38.26466034551557,16.03386747680822],
        [9.065872097722607,29.629854780828374,36.82951384127202,37.918938877614245,33.08303211568075,13.748376373682975,27.415650196931484,26.709589365806416,40.3205834530998,24.78184756237631,2.5756259151694154,24.499876814536318,14.243443981701441,21.690962178068123,14.181838848069429,39.53013774695065,11.997687817228897,43.670941547949056,34.919691989464816,18.644374999809127,12.51416900365773,47.981264258131,40.13038890117407,19.824498854382966,27.726556611638483,18.987789250033558,29.031661418770984,31.047475311707394,22.46881538671216,12.978957656842892,38.87931522991965,34.96411048856927,38.11190192989747,25.35943388651185,33.18817462313331,7.750215511316769,8.67392022840566,17.197601757165817,0.0,26.763670257994775,9.065872097722607],
        [35.784478151377634,41.13601365726877,29.48187114970505,38.30423857245585,6.6232136892772555,13.330350766913677,23.956543355737573,41.94617935146069,47.35720064358967,2.0704156442358443,24.21678453285628,31.462424958088224,13.348149695746738,43.016419824411706,16.8470204696716,43.24354272571742,34.362500726873606,42.95471792395497,43.91047192660427,24.71716119678602,36.01198983541723,43.10007446969808,57.4153643451336,7.8524921514168895,41.94902938191981,43.93385551065187,48.68444605350463,45.20751521367635,32.05531385515441,19.121356677755863,38.37010558850549,27.232323968545476,36.519104947198336,45.153448888897785,26.47471281678176,34.2795393631788,22.714280975291114,38.26466034551557,26.763670257994775,0.0,35.784478151377634],
        [0.0,31.44674779216324,43.64020467033322,42.7278080448571,42.1404543650786,22.810913362080466,34.35129695538892,27.182350653858347,42.725295445713435,33.78395357419271,11.64077835829292,29.01521706355118,23.26797264874347,19.145401640885986,22.645465780853698,43.1669616232551,11.831325953843669,48.344667005950775,37.108139194725766,24.837520529137585,10.787158514252097,53.51972884242274,37.961486147656814,28.65544306084577,28.555457212058812,13.308527630017583,26.529627846273375,31.417775105316657,26.428689856101435,21.055322877453982,43.85973110415175,41.99545802522608,43.454790121246695,23.291665149484906,40.16621384633891,1.9035526081024259,15.348838131265703,16.03386747680822,9.065872097722607,35.784478151377634,0.0]
    ],
    "end_depot": 40,
    "start_depot": 0,
    "truck_dist": [
        [0.0,40.10255755160351,61.20495616267254,59.828673750593516,43.4275142181257,23.44687901244583,47.89319785396094,32.31429736367009,55.166479500839245,36.815992136441096,11.792875943208097,40.68977924941012,25.09371705090252,20.436804048231274,28.229665721516724,58.64656444027005,15.282139955534545,67.40119531353199,47.74120665613415,34.94018618353601,12.789923910932801,75.52118870313492,42.700333426785214,33.36520070832756,34.613669797278476,17.710338074637207,29.64487864840944,36.50268683225517,36.776574757407566,27.231877483246045,61.56641112856671,58.57084839221543,61.280536149569194,24.44500908164941,56.06615307131931,2.6865440938881306,20.860676541198664,18.155595390676453,9.131148237402487,38.496663867043345,0.0],
        [40.10255755160351,0.0,27.15469602454202,19.72611619899001,62.65199785821798,41.38118468967116,27.3648033117007,7.788260187933414,15.063921949235734,56.04047577653337,30.711150631082543,13.922832281858973,40.51068731605556,22.342212727364387,34.347982379307865,18.54400688866654,24.820417596068964,27.298637761928486,7.638649104530643,22.828403940334994,27.312633640670708,35.418631151531415,23.475849786692937,52.58968434841984,5.488887754325031,33.73249156764868,17.106395322992288,6.107453497892553,12.558537035684878,31.2693203631513,21.463853576963203,29.05772868499815,21.177978597965684,18.024404053868754,28.34785742850235,39.93078475043319,40.085160181290945,21.946962160927054,30.971409314201022,57.721147507135626,40.10255755160351],
        [61.20495616267254,27.15469602454202,0.0,16.407296663926534,35.49730183367596,37.75807715022671,13.3117583087116,28.89065879900245,32.57897059516873,30.75345765741136,49.41208021946444,20.515176913262422,36.111239111770026,43.444611338433425,32.97529044115582,24.881720604086414,45.922816207138,19.397231445201502,29.72023707481155,26.26476997913654,48.41503225173974,14.316232540462376,50.63054581123495,38.20425583160076,28.73218672210373,54.834890178717714,38.208793934061326,33.26214952243457,24.42838140526498,33.9730786794265,15.47534630011289,2.63410777045711,12.54902805348677,39.126802664937784,5.1388030913532265,61.033183361502225,55.20446966547286,43.049360771996085,52.07380792527006,30.566451482593607,61.20495616267254],
        [59.828673750593516,19.72611619899001,16.407296663926534,0.0,51.90459849760249,36.38179473814769,16.617403951085215,27.514376386923423,16.171673931242193,45.29307641591789,48.03579780738542,19.138894501183398,34.734956699691,42.0683289263544,31.599008029076796,8.47442394015988,44.54653379505898,7.572521562938476,13.312940410885016,24.888487567057513,47.03874983966072,15.692514952541401,34.22324914730842,41.842284987804355,25.21500395331504,53.458607766638686,36.8325115219823,23.325986918338344,23.052098993185954,32.59679626734747,1.7377373779731933,18.310329324382664,3.8582686104397634,37.75052025285876,17.600458067886862,59.656900949423196,53.828187253393835,41.673078359917064,50.69752551319103,46.97374814652014,59.828673750593516],
        [43.4275142181257,62.65199785821798,35.49730183367596,51.90459849760249,0.0,21.27081316854683,35.287194546517284,64.24929512252797,68.07627242884469,10.361327873526093,31.94084722713544,48.72916557635901,22.141310542162422,63.864318266356975,28.304015478910117,60.37902243776237,50.240497854657065,54.89453327887746,65.21753890848751,39.82359391788299,51.742766708324204,48.454720957299955,86.12784764491091,17.812126047715495,64.22948855577968,61.13785229276291,73.07239286653514,68.75945135611053,50.0934608225331,31.38267749506668,50.97264813378885,33.59426917321983,48.046329887162734,67.87252329977511,34.30414042971563,40.74097012423757,34.81233988158759,57.01221769437959,34.42739168278697,7.963707300176864,43.4275142181257],
        [23.44687901244583,41.38118468967116,37.75807715022671,36.38179473814769,21.27081316854683,0.0,24.446318841515115,42.97848195398114,46.805459260297866,14.659291086862222,11.654003069237733,27.458352407812182,1.6468380384566892,42.59350509781015,7.033202310363288,39.10820926921555,28.96968468611024,43.954316301086166,43.94672573994069,18.552780749336158,30.47195353977738,52.07430969068909,64.85703447636409,11.20849965874869,42.958675387232866,39.867039124216085,51.801579697988316,47.48863818756371,28.822647653986273,10.111864326519852,38.11953211612088,35.123969379769605,37.83365713712337,46.60171013122829,32.619274058873486,23.27510621127551,17.446392515246142,35.74140452583277,14.315730775043344,16.339962817464475,23.44687901244583],
        [47.89319785396094,27.3648033117007,13.3117583087116,16.617403951085215,35.287194546517284,24.446318841515115,0.0,28.962100576010684,32.789077882327405,28.675672464832672,36.10032191075285,13.441971029841728,22.799480803058426,30.132853029721822,19.66353213244422,25.091827891245096,32.611057898426395,19.607338732360184,29.93034436197023,12.953011670424939,35.10327394302814,27.627990849173976,50.84065309839364,25.224881036719143,28.94229400926241,41.52313187000611,37.78519832001786,33.472256809593254,14.806266276015823,20.6613203707149,15.68545358727157,10.67765053825449,13.38733829560825,32.58532875325783,8.172955217358373,47.72142505279062,41.892711356761254,29.73760246328449,38.76204961655846,30.356344195434925,47.89319785396094],
        [32.31429736367009,7.788260187933414,28.89065879900245,27.514376386923423,64.24929512252797,42.97848195398114,28.962100576010684,0.0,22.852182137169148,57.637773040843356,32.308447895392526,15.520129546168956,42.10798458036554,14.553952539430973,35.94527964361785,26.332267076599955,17.03215740813555,35.0868979498619,15.426909292464057,24.425701204644977,19.524373452737294,43.206891339464825,21.878552522382954,54.186981612729824,2.299372433608383,25.944231379715262,9.318135135058874,4.5101562335825705,14.155834299994861,32.86661762746128,29.252113764896617,30.655025949308133,28.9662387858991,10.23614386593534,29.94515469281233,32.14252456249977,41.68245744560093,14.15870197299364,29.821903439740993,59.31844477144561,32.31429736367009],
        [55.166479500839245,15.063921949235734,32.57897059516873,16.171673931242193,68.07627242884469,46.805459260297866,32.789077882327405,22.852182137169148,0.0,61.46475034716008,43.37360355763114,19.34710685248568,45.93496188668227,37.40613467660012,39.77225694993457,7.6972499910823124,39.8843395453047,13.181739149967225,7.425272844705091,28.2526785109617,42.376555589906445,20.354709202295677,22.626805465611884,58.013958919046544,20.552809703560765,48.796413516884414,32.17031727222802,18.66379266858407,18.38990474343168,36.69359493377801,17.103624295055837,34.48200325562486,20.029942541681955,33.088326003104484,33.77213199912906,54.994706699668924,49.16599300363956,37.01088411016279,46.03533126343676,63.14542207776233,55.166479500839245],
        [36.815992136441096,56.04047577653337,30.75345765741136,45.29307641591789,10.361327873526093,14.659291086862222,28.675672464832672,57.637773040843356,61.46475034716008,0.0,25.329325145450834,42.117643494674404,15.529788460477818,57.25279618467238,21.692493397225512,53.76750035607777,43.62897577297247,48.283011197192856,58.6060168268029,33.21207183619838,45.1312446266396,45.06969019787373,79.5163255632263,7.4507981741894,57.617966474095084,54.5263302110783,66.46087078485054,62.14792927442593,43.4819387408485,24.771155413382075,44.36112605210424,28.119349886954254,41.43480780547812,61.26100121809051,27.692618348031026,34.129448042552966,24.451012008061493,50.40069561269499,27.815869601102367,2.3976205733492293,36.815992136441096],
        [11.792875943208097,30.711150631082543,49.41208021946444,48.03579780738542,31.94084722713544,11.654003069237733,36.10032191075285,32.308447895392526,43.37360355763114,25.329325145450834,0.0,28.896903306202024,13.300841107694422,31.92347103922154,16.436789778308626,46.85368849706195,18.299650627521633,55.6083193703239,35.94833071292605,23.147310240327908,19.80191948118877,63.72831275992682,54.18700041777548,21.8785337173373,32.28864132864425,29.197005065627472,41.131545639399704,36.818604128975096,24.983698814199467,15.439001540037946,49.77353518535861,46.777972449007336,49.4876602063611,35.931676072639675,44.27327712811122,11.621103142037777,9.374009550208402,25.071370467244158,2.6617277058056104,27.009996876053084,11.792875943208097],
        [40.68977924941012,13.922832281858973,20.515176913262422,19.138894501183398,48.72916557635901,27.458352407812182,13.441971029841728,15.520129546168956,19.34710685248568,42.117643494674404,28.896903306202024,0.0,26.587855034196586,22.929434425171,20.425150097448892,17.95678519085993,25.407639293875576,26.711416064121874,16.488373332128504,8.90557165847602,27.89985533847732,34.8314094537248,37.398682068551906,38.66685206656087,15.500322979420684,34.31971326545529,24.343227290176134,20.030285779751527,3.9132044920025564,17.34648808129233,20.87663187915659,17.881069142805313,20.59075690015907,19.143357723416106,15.376373821909196,40.5180064482398,34.689292752210434,22.534183858733666,31.558631012007634,43.79831522527665,40.68977924941012],
