{
    "drone_dist": [
        [0.0,4490.771269096449,2224.563306560999,3701.7719090915884,4256.878520200767,996.5947484101678,2828.326915958003,2552.769778358309,2674.5022187497357,1373.7272213223248,2441.442027617009,1645.3191331431838,3104.1324511907105,576.433778842198,567.499667083094,3739.925035792801,2266.937348157553,1137.7064741306838,3970.2134595616067,1336.1906483120754,3364.936751895365,2283.409894584978,3848.9039531085705,2705.8991161585204,4664.7031915886755,1538.5808505518737,2755.227275486115,2121.3149030869813,3340.7006374641796,2628.6859247616553,3110.933719199405,2279.960141674066,3150.152415763524,1224.6900605380918,2455.4156907743095,2269.597170798331,3464.9080403267158,3365.5334215888843,4856.745201181005,2988.442666685867,3516.677411216759,2613.5381970108315,1536.9415857687227,1211.0026123686378,2940.2971566782608,2777.908917037438,3303.629907770249,2486.048018068627,987.2806080670304,1687.6547204804506,2444.4459056879978,2063.9261236877906,3054.5353896854954,2649.617440670425,1275.8062609223673,4466.558924190874,1466.7150368128875,4023.4365760010005,2772.8595995005553,1303.4149915796604,3876.5604457121444,3442.518531901415,2270.927712497004,1131.3658173875197,784.1843301797037,1394.417045299182,3492.8375484516732,2816.7685588656673,2744.374788857513,4301.9764873210515,0.0],
        [4490.771269096449,0.0,4225.597258740426,1720.6649465900032,275.13304082151546,4617.844256079146,2081.769784894107,3930.3991974593796,2925.4420440845,4028.18961524779,3179.508306334901,2960.4273230819913,3081.7747971612966,3989.7588644268426,4608.022314247907,2018.0505810104703,4597.830294945553,3989.3979003446866,2065.816318424176,3938.653319248753,1649.6508635319385,2997.581508842501,1219.2792940073743,2725.394754083963,388.16383132389626,5458.642241597836,1771.6537456667984,3967.3975638456595,1183.3329286069802,1872.4891866240575,4298.344567303189,3513.5329979810745,3862.961487103852,5562.005798242877,2247.142836048159,2330.0392506087433,1245.6442471406936,1128.700665477666,587.0026640691847,1502.3701591509675,3881.244672060797,3916.462724499508,3861.7040833687374,4472.638684412683,3370.2902489452786,1850.7608106371738,1727.5360717152444,4510.4508843092535,3945.381942720083,4437.429280570898,2104.518386392223,2633.879248487001,1671.3161001441304,4176.594518330472,5657.312300385436,637.2156408125893,3090.4946716554205,814.6130703421813,2003.241210004189,3665.4203293156247,3534.7665813198046,3003.286086469372,3056.864352523165,3365.23465120554,4205.106981354723,3165.639175834862,1233.7517865593752,1701.2447242681403,1882.6071361793647,262.45100534037414,4490.771269096449],
        [2224.563306560999,4225.597258740426,0.0,4329.041247828547,4095.8753616351523,3178.309843862301,3565.934966157083,468.2503128051487,1342.3240125116538,876.3132489201811,3864.837850539012,1757.67006903558,1453.4807685626083,1828.457497932323,2780.619377059284,4518.755520031412,374.33461852195774,3034.0609770987026,2728.0378309928756,3201.361059162442,3920.0944978119064,1235.1755622013623,3128.391663613864,1525.9538663913702,4544.612616954167,1788.1470194118135,3043.4240743055184,271.68804350603057,3423.085325299569,2870.6844090261725,4935.511974948454,3885.535443615796,4812.942616948258,2320.2732212307906,3171.7850000133913,2929.3893214376862,2979.9919876302483,3339.60817204121,4764.330210052711,3001.7367401945553,1423.7847112013105,527.4833376987707,791.681768511076,1076.5593246252365,1142.8302441100325,2447.2295626813866,2530.4379588418074,4469.207021549688,1318.2334310671124,611.0945696763472,2917.962965077451,1795.8284968975884,2563.1831222727137,442.0153440450024,2452.354364994469,4514.033164507424,2509.9871607750306,3478.87990650848,2241.783655041412,1175.4274927269657,1925.2864081688326,1767.1056963923395,3616.514436609101,2195.042620972824,2815.083899113602,1791.2940997618061,3773.244628945975,3056.1742424055496,2421.944482764959,4152.86781820619,2224.563306560999],
        [3701.7719090915884,1720.6649465900032,4329.041247828547,0.0,1468.3130924162322,3479.166382692551,876.8466189452812,4204.578335542851,3321.636414407309,3798.2211491956577,1685.533317438624,2632.6151286998875,3685.013556278533,3355.161832302818,3614.5231061444847,314.32723227349493,4658.484190656088,2853.2801819853444,3191.059035025084,2734.690324401157,409.17747760262284,3177.0711452187097,2333.710195546788,3133.233080378174,1576.1850714434206,5020.544783497017,1291.616029536269,4058.7456151636934,1128.850584094862,1462.46532445037,2630.2068411320092,2030.7618349503728,2179.493812473441,4909.644773736461,1275.1979927038958,1502.0163656268794,1982.0727158194875,1289.4815871491278,1650.4397390340646,1445.600212315325,4546.729929636779,4217.305108890624,3704.6587477162107,4145.696127466837,3871.8644316249038,2042.7302747096273,2445.8524993336473,2958.4403473883162,3535.3494061838874,4300.512202547926,1432.6485913342165,2534.8980117815995,2116.3145658843923,4455.298394842831,4973.402185832525,1222.1288520484993,2254.928324094991,2063.1616713006847,2303.2321750230385,3377.5332016592065,4399.034337716042,3768.9574172994385,1662.9495224184332,2637.2931784345274,3165.84485721833,2715.6435466199555,726.6096645302048,1290.694529897045,2053.232380475554,1462.5432072334258,3701.7719090915884],
        [4256.878520200767,275.13304082151546,4095.8753616351523,1468.3130924162322,0.0,4357.608520626242,1807.0126719036011,3823.7122769743273,2823.164926677696,3850.7693550555273,2904.403672106812,2756.4961164595393,3019.847993935283,3766.815581015865,4357.787537562051,1771.8528751146755,4465.324855064222,3727.127422237936,2098.1641753360996,3672.552992493962,1377.6049560353454,2861.6240000953985,1212.916142535869,2620.670030023613,450.0176977466878,5266.685352744008,1519.6338909585804,3833.07508510313,927.7884681465016,1630.2101616582922,4028.173757824712,3238.427907068525,3595.026301939589,5346.805402762815,1979.7521395905635,2070.990872204266,1136.1154319515813,892.2162708340728,669.0470962432669,1274.9858263073459,3842.3285610270673,3813.9024390186773,3691.7456776163062,4287.416032640833,3294.452372540362,1679.4836617440371,1648.011011171527,4235.384811152768,3745.64853291156,4275.993563120034,1850.1830640579083,2450.3630969874466,1532.8146767270657,4073.3749092872495,5439.247103467342,519.8946474642031,2841.616299251361,820.172312025079,1856.6454939724947,3476.76207307829,3531.5480928207803,2971.9630806743226,2782.2463862315985,3127.818696911191,3949.8465993262444,2951.9282186468763,958.6221276249544,1451.3830281128842,1709.6972546733937,57.51560496877034,4256.878520200767],
        [996.5947484101678,4617.844256079146,3178.309843862301,3479.166382692551,4357.608520626242,0.0,2671.8648463101945,3462.683623778909,3398.6620926136047,2305.874528524494,1922.6069093417195,2175.336526349524,3866.587949610244,1370.8746977677529,439.7941162771372,3433.115843863031,3251.3487111372337,637.1018059621588,4530.37137396314,746.8528178827031,3221.541458180257,3001.263907950629,4223.897700578532,3382.405251970949,4713.648208164992,2437.0949949580045,2851.3064705962306,3043.727886134326,3434.648699937589,2774.664917426212,2248.1569561711162,1654.555911093325,2383.066704997434,1941.5033657470974,2391.5489678251947,2287.818317893835,3788.8466645861763,3505.806562558937,4879.339215756975,3170.40433943294,4389.759677783274,3520.1990941353383,2437.394049698185,2202.8371289435677,3755.935473253672,3146.8893770765385,3760.0668169835844,1557.619375777746,1876.3015471563021,2671.3817928544972,2517.203865533563,2586.006916817492,3439.116651021414,3587.5872907253133,1932.1669777650152,4454.518761516842,1573.5820309728947,4310.604540636073,3221.0776471340973,2128.0549947297677,4687.33235612957,4186.069751682083,1844.7099355357745,1454.8407757806144,466.27513398335043,1926.6364458838402,3471.17992720882,2924.3607497217295,3116.5627504402332,4393.392480370427,996.5947484101678],
        [2828.326915958003,2081.769784894107,3565.934966157083,876.8466189452812,1807.0126719036011,2671.8648463101945,0.0,3497.6808175107863,2708.5452381809555,2968.7659781535635,1109.4265825455964,1823.8405978779756,3130.729209494243,2480.0318414597455,2768.1097047736625,976.547550354562,3875.718821346924,2036.1526321439226,2937.522767489699,1942.2509455218283,552.019720656096,2492.224839653921,2210.5419380215217,2541.24303467007,2093.4081396214365,4149.781283869444,705.9790143020826,3300.582268323863,1003.1025186488446,828.6790934684135,2322.8946024464044,1434.8923086209368,1937.5498288227564,4033.2638996432865,411.0557841295482,651.686116468295,1766.8690111720823,1148.9646186786188,2236.8782517986824,1043.2468549260902,3972.3717414084576,3518.8117384859847,2893.2284015626997,3293.564346219428,3263.7293002071233,1529.1250680170263,2095.4488761086855,2438.154262158067,2680.028122884741,3479.504416255248,660.8690870061589,1806.7196187508478,1709.2678720965434,3741.037044353026,4098.047324914857,1801.337291503889,1378.1103328507077,2081.0245751022303,1779.9206727059106,2547.025175358565,3920.3022854257742,3281.142606431026,975.4000488738561,1761.8200735341354,2324.761857997146,1874.1173025476753,852.2723815202148,754.6531136137284,1526.18788278801,1829.220490604323,2828.326915958003],
        [2552.769778358309,3930.3991974593796,468.2503128051487,4204.578335542851,3823.7122769743273,3462.683623778909,3497.6808175107863,0.0,1005.1468574852075,1179.6488276274242,3928.785928132477,1765.5685483930642,1014.5756710684441,2092.278767104036,3089.450187752818,4419.325082428401,787.1541272146329,3243.256374992617,2308.9919408308874,3395.053475020767,3796.6377782070745,1028.8522830831157,2786.122074819364,1205.2182939829186,4267.51917474481,2254.1977605578604,2913.547744944411,435.2092371983655,3226.3007077407633,2744.364906926237,5067.020106086052,3989.927478076642,4904.042299248129,2768.3569144196026,3123.5772707197893,2888.0464268474884,2690.961621658487,3125.0005833421906,4487.04830415926,2816.025032707645,989.0338157663288,63.88649366784459,1025.8758766250803,1483.4433694828529,692.5481456132969,2231.2566820051193,2208.45074981337,4656.339698315046,1587.9565922381237,1053.9110989436408,2837.730176501663,1691.186960994896,2300.4036465872755,253.97440500825965,2900.2618081699807,4268.929213295046,2592.293525961938,3155.9855630203774,1999.6893183509678,1357.3345661545466,1462.6362529306923,1311.8268655132842,3674.665519775916,2327.827386771062,3066.316930723314,1863.8285146984792,3599.9554792420495,2914.941344050001,2210.407523181793,3881.183457603503,2552.769778358309],
        [2674.5022187497357,2925.4420440845,1342.3240125116538,3321.636414407309,2823.164926677696,3398.6620926136047,2708.5452381809555,1005.1468574852075,0.0,1511.532690907052,3351.3689690742713,1289.7727654313453,488.20002924980395,2111.22738939081,3113.9554629308377,3564.5589451985998,1715.2655445114922,3009.8663636420665,1444.7699359855526,3115.9778906263455,2921.9807159367188,398.0681205201794,1790.5496587574648,203.2337428763569,3265.0418214922383,2919.9533658350956,2054.778946474643,1113.8537921165698,2279.143633791377,1897.9722858482296,4586.350981709788,3488.929050996974,4347.799985464062,3280.5152050282704,2381.9082780855074,2171.120775492573,1688.2349135165216,2162.90486309448,3484.32017623052,1888.9389435712003,1267.8297955414596,991.6139808812634,1300.251804489598,1965.2660365055985,555.8851407832049,1288.4419575283403,1204.1540144075798,4305.718368292293,1723.318392882293,1718.9477785634836,2058.146145767622,996.2059908234285,1312.5254296553683,1251.6058499231901,3405.2829589225007,3278.2492701997526,2138.3998683800173,2153.068964864768,1037.024186286737,1381.873056971429,1342.8391920449528,787.6352387001773,3096.924670731144,2013.9828657130768,2945.938023068519,1502.7191514998356,2670.803240906672,2040.4219214132866,1273.6770161237373,2880.6775030577487,2674.5022187497357],
        [1373.7272213223248,4028.18961524779,876.3132489201811,3798.2211491956577,3850.7693550555273,2305.874528524494,2968.7659781535635,1179.6488276274242,1511.532690907052,0.0,3093.680521788595,1171.0945030594662,1854.1321488797773,952.4520545177431,1917.3759086976288,3944.3320923320603,1024.9913817370439,2166.5980950020707,2941.473232264154,2339.3653992664317,3398.550546343626,1187.547531464379,3091.2202515547488,1616.0380503220988,4297.240065518159,1460.7738244621485,2568.1326099292282,747.6240384091087,3050.374220598925,2399.2585730501196,4099.273291806791,3076.6050262332787,4007.3249350780497,1769.0101501871304,2558.9988592371114,2317.0815309212708,2823.363765971325,3005.4431871712663,4511.892702215056,2630.141792245674,2152.9097708645913,1240.9315486199805,211.42051385056357,467.6847017005292,1633.1025660217083,2177.4612658738506,2483.852712232173,3605.38603405261,444.0314313392904,517.2612685831131,2366.596219817238,1401.1918087454903,2379.7595292070537,1282.8800363781904,1894.1620411461608,4199.2123373236955,1751.83751426963,3375.417004666461,2047.2142148832254,421.80444064580456,2552.804843926865,2200.6938284000003,2855.3312641710695,1394.6268645331293,1938.9691101775682,1097.050508879318,3342.6213956452684,2600.0400830687418,2145.780400991065,3904.8833402017713,1373.7272213223248],
        [2441.442027617009,3179.508306334901,3864.837850539012,1685.533317438624,2904.403672106812,1922.6069093417195,1109.4265825455964,3928.785928132477,3351.3689690742713,3093.680521788595,0.0,2166.652346137829,3824.2743621397713,2317.1152453177037,2169.429775893259,1565.7859085443201,4104.203650984572,1366.0448877115284,3903.6866604554048,1195.3114682693204,1555.6229099071093,3039.303842400614,3263.1078847221443,3226.2354469768525,3154.4613374304163,3946.7666187654722,1687.0446126259508,3628.3102319416566,2105.9132856688216,1734.0621847591954,1283.483020568094,346.3675092905102,996.4368428141322,3652.464188866003,1125.868621752946,1246.7788882553064,2804.7377763169707,2242.9497062621176,3273.9641101852308,2064.515723292522,4599.905968549513,3965.47775451089,3093.917910598962,3282.19774468135,3877.1762476352164,2406.9322518280333,3042.6486212771083,1331.2575303486271,2698.31336880287,3602.656219194253,1451.4985646994953,2357.0351869149313,2649.603377398257,4143.9542869724755,3684.322775090608,2833.296069728372,1355.0964902518656,3173.8825754362615,2617.5183002697795,2706.8277038650513,4666.3318205002315,4043.5808409801903,256.06170774171534,1699.8839930223442,1731.0794631256492,2077.6877224607256,1945.8448992725805,1756.122793964005,2392.279406694207,2922.4969176745685,2441.442027617009],
        [1645.3191331431838,2960.4273230819913,1757.67006903558,2632.6151286998875,2756.4961164595393,2175.336526349524,1823.8405978779756,1765.5685483930642,1289.7727654313453,1171.0945030594662,2166.652346137829,0.0,1777.4661270358904,1083.5837130220018,1959.2469198626611,2792.5013533482006,2053.99285764414,1730.7931834033775,2368.034512363996,1828.2104379323898,2230.2727312378543,918.7492289634428,2207.4241220923186,1231.854425160372,3193.396061511673,2516.936967540504,1399.2762068368759,1500.5578197039608,1906.0064215356986,1232.3761814296008,3344.6265661627654,2251.9246880439196,3150.3398373498126,2608.58109832951,1421.2732009064707,1177.604782080127,1842.8631038683172,1880.6700560634952,3402.2084898412318,1496.4387385201107,2469.359950679768,1800.2561405191777,1073.030413754938,1559.774907515089,1757.5518176309754,1153.7439221714285,1659.3823273028938,3021.398453835001,990.2456143292862,1667.990470477999,1200.0226886835148,423.8607476135761,1418.0298337629745,1988.7649013680937,2709.3246545906745,3063.4234946079087,863.4010943738195,2406.9875692998676,1127.6923796186238,756.5788843899811,2630.476390547318,2064.618898472369,1911.5521463603304,736.9623041220877,1710.6955314234278,257.3277604487168,2177.063022310725,1434.4957181722327,1119.841732237107,2807.7340158552383,1645.3191331431838],
        [3104.1324511907105,3081.7747971612966,1453.4807685626083,3685.013556278533,3019.847993935283,3866.587949610244,3130.729209494243,1014.5756710684441,488.20002924980395,1854.1321488797773,3824.2743621397713,1777.4661270358904,0.0,2553.2764606395363,3566.6467826021817,3944.4206799768035,1799.2933325197555,3493.2795747508567,1299.7337776307756,3602.2259211313435,3295.758472543641,871.8186280455024,1880.6113810424615,600.3059149867347,3444.9144532747773,3176.54988786092,2452.966383842601,1291.9020554022916,2598.3350245563647,2306.665811691794,5067.473344693432,3970.5473749284583,4820.356145511509,3605.070630610139,2825.5673678350245,2624.850281714121,1896.3257707129783,2464.596297115097,3660.2658370945414,2239.478514302647,862.5402316275857,972.9983765415813,1646.3283716899944,2277.795151432656,327.32303458266364,1644.7989915348837,1373.6155927924888,4793.797131316885,2130.1500709624497,1950.7527987315048,2493.6242557994437,1476.6983000280661,1594.8520091465662,1211.2364054218635,3733.6546770588157,3505.534826873685,2626.2442249408414,2275.323809304395,1383.3323497152328,1800.874791997922,854.9204788494843,346.57228960042954,3570.9719565290084,2498.4327705760966,3418.5073316896696,1986.363845734511,3002.9491502830465,2429.1199396503443,1637.3112280016971,3076.788942173298,3104.1324511907105],
        [576.433778842198,3989.7588644268426,1828.457497932323,3355.161832302818,3766.815581015865,1370.8746977677529,2480.0318414597455,2092.278767104036,2111.22738939081,952.4520545177431,2317.1152453177037,1083.5837130220018,2553.2764606395363,0.0,1020.0232505910715,3434.5984672417394,1950.9829347334887,1228.7941550902212,3393.7944647459144,1411.3397206928478,2990.2086784328744,1716.7733492643706,3290.991785075651,2134.312691713189,4187.6800992544595,1679.6898288274742,2297.127137389432,1676.849226713325,2867.4772951610366,2155.4735759882537,3200.8024917401826,2235.3460975201842,3156.133343430888,1590.8340087764066,2081.789171246622,1868.550638080068,2920.2653252193795,2875.37870604507,4386.996879552206,2491.9095044005967,3023.49564980617,2149.496580055726,1068.15100230975,985.2426278186529,2410.421846556286,2230.787070933578,2735.8060070176416,2667.75353527859,511.27590824898357,1385.1083634938896,2008.882912024516,1496.06944385614,2500.6756716907357,2224.356087451236,1675.9056551585577,4014.0071757763876,1107.955107787337,3482.5768504059943,2209.697262719196,766.7605044443193,3347.0940029056324,2887.091391493616,2105.3223172386893,718.2681038476381,986.6320037779532,841.4654723200202,3061.2126426746813,2352.089834344383,2196.9782560177814,3814.4900330003397,576.433778842198],
        [567.499667083094,4608.022314247907,2780.619377059284,3614.5231061444847,4357.787537562051,439.7941162771372,2768.1097047736625,3089.450187752818,3113.9554629308377,1917.3759086976288,2169.429775893259,1959.2469198626611,3566.6467826021817,1020.0232505910715,0.0,3604.9963942161007,2833.6359167694227,803.7036584067823,4326.649178481454,979.9677806953113,3319.389050314355,2716.4253239148043,4101.680429354926,3119.193801467764,4738.7867594314,2006.2176332043307,2838.1971784742,2662.9132817328996,3430.0626893760427,2738.253199619509,2649.3644898424322,1945.4675215264047,2745.867807374625,1546.3396157499405,2441.1220697454282,2298.2489382481667,3686.0731914513176,3481.526516312356,4916.946970699119,3123.892865155923,4037.483615440956,3148.7925177859915,2064.9786715116757,1778.4996430364306,3430.3490396356556,3017.6938075512953,3598.239925530211,1981.0980535755473,1503.8957885206696,2253.97692627851,2508.4460270447357,2381.7773449467927,3306.2869076654274,3199.48296939469,1552.8576271844238,4504.915453103982,1517.6411043849653,4228.012811923024,3057.8521561078564,1786.6214657910664,4366.842187791816,3896.301895678958,2046.8646019805692,1295.1767596104446,451.1608941239646,1702.4210414963195,3517.981212705574,2907.2834773757118,2985.5802326434164,4397.909815451547,567.499667083094],
        [3739.925035792801,2018.0505810104703,4518.755520031412,314.32723227349493,1771.8528751146755,3433.115843863031,976.547550354562,4419.325082428401,3564.5589451985998,3944.3320923320603,1565.7859085443201,2792.5013533482006,3944.4206799768035,3434.5984672417394,3604.9963942161007,0.0,4837.824777442799,2822.1759144402536,3494.898763750239,2686.440207853449,649.7392050537571,3396.8625036243616,2643.8515690398317,3380.953216165532,1847.535044134813,5111.499437693244,1513.3512898182582,4250.519686905612,1424.149636793589,1678.0803412690661,2393.187577099004,1901.9872361425898,1935.778383952928,4959.2935706916405,1387.534360233434,1627.6704545195244,2283.1097108434483,1587.7756467038469,1900.639449038391,1711.7557487407717,4803.760374885741,4435.3385701550715,3864.602441010334,4268.931837883804,4118.217247031861,2299.6627416485703,2735.169075470277,2778.5583014342146,3654.922229936587,4453.78228341679,1601.491278673636,2734.9139816413413,2394.0918493070553,4667.598035171353,5015.684124252999,1487.2634053685733,2326.6848462321927,2377.3060432648726,2561.1771417763925,3522.530221057828,4676.321162471111,4042.7613101711145,1590.3286420919412,2717.9669168162295,3153.867477071191,2850.524291760009,1030.5907524190677,1524.146651201741,2307.414110890908,1762.9987210631534,3739.925035792801],
        [2266.937348157553,4597.830294945553,374.33461852195774,4658.484190656088,4465.324855064222,3251.3487111372337,3875.718821346924,787.1541272146329,1715.2655445114922,1024.9913817370439,4104.203650984572,2053.99285764414,1799.2933325197555,1950.9829347334887,2833.6359167694227,4837.824777442799,0.0,3178.2402158962213,3086.4760125307307,3356.0858361755927,4250.453997740572,1603.7009339400638,3502.51220237747,1900.0857932872216,4914.468692526799,1564.3638007042327,3379.77573113934,632.3971550528134,3778.0814542325593,3206.780488480002,5123.884984589448,4099.02424057767,5029.639566751294,2160.9699833576137,3475.177187080201,3231.5688531320607,3352.394721467826,3699.1745674590247,5134.08711656764,3355.15149944179,1642.9765223085103,835.7209803081853,1012.8428298579706,1059.9625649917082,1479.478016234302,2809.762758872238,2904.7600798030685,4618.018557033778,1459.758410230877,580.0304724840099,3236.7271138044744,2134.611678510527,2933.187517481315,651.9186605026847,2291.6122031119535,4878.384801601744,2752.3826353512973,3853.103289202075,2609.6485403670326,1397.7685637948482,2185.712821770301,2098.372151644868,3861.181968100783,2411.244206682676,2925.582966584464,2054.2433088197445,4120.734179549833,3396.2408365802653,2783.6741087644477,4522.202662601562,2266.937348157553],
        [1137.7064741306838,3989.3979003446866,3034.0609770987026,2853.2801819853444,3727.127422237936,637.1018059621588,2036.1526321439226,3243.256374992617,3009.8663636420665,2166.5980950020707,1366.0448877115284,1730.7931834033775,3493.2795747508567,1228.7941550902212,803.7036584067823,2822.1759144402536,3178.2402158962213,0.0,4024.116516023643,198.69082485342688,2586.6696018851317,2622.0956376088225,3650.0132301317667,2962.5610070349135,4078.4881524502107,2676.151835355871,2228.9748893989386,2854.541474443884,2807.2491288648075,2162.218244930661,1994.5221292791102,1157.2514730023531,2012.5016219364543,2308.456922344422,1756.0802975727622,1661.3636866990223,3204.8048401511905,2884.3846566100915,4242.899246884717,2559.662817619583,4105.883525886999,3294.977856781545,2249.210640788925,2196.6187641816355,3428.819104828949,2587.7553763531046,3220.9649557847097,1439.862162900113,1723.2309887074405,2613.841922034941,1895.5079145909895,2111.0593365497825,2879.374188270534,3405.121358857845,2330.8080694669825,3817.5291003155307,999.6792696770856,3711.8628216583834,2689.8770030734336,1887.3992004425259,4337.985462164169,3792.1253581379874,1247.8615353261637,996.3854151087467,370.68827987220453,1507.2059068076444,2834.686538692341,2303.031798614231,2559.242798653433,3761.9232286347947,1137.7064741306838],
        [3970.2134595616067,2065.816318424176,2728.0378309928756,3191.059035025084,2098.1641753360996,4530.37137396314,2937.522767489699,2308.9919408308874,1444.7699359855526,2941.473232264154,3903.6866604554048,2368.034512363996,1299.7337776307756,3393.7944647459144,4326.649178481454,3494.898763750239,3086.4760125307307,4024.116516023643,0.0,4075.725028924615,2875.492163795781,1759.4983476277557,897.5592836918099,1325.7680748675111,2453.3923421478376,4364.603971039035,2245.99580272689,2531.7827271727683,2075.4295804195067,2172.6115923236184,5186.0864034117785,4143.365630092155,4846.878214403925,4704.256493074712,2781.618576306616,2667.868233378561,1213.693654401458,1909.5277746591692,2648.550581761664,1894.8027973923597,1927.3076876645941,2270.586693600128,2732.0236878458386,3402.489313870998,1627.0385447872939,1508.5395716655246,861.1898674776957,5096.7248656366555,3091.34235323293,3160.2072596947,2452.3133237928087,1947.99087217129,1254.124776769905,2510.947783962717,4826.013881819825,2617.892656587347,3035.1098554019336,1278.0140027409761,1345.0372034622417,2745.973637259787,1494.8411388289833,1075.0648213537027,3678.3757401297003,3075.60190874486,4064.102001014499,2624.3684168947743,2465.064615665773,2187.64965201101,1528.2898408918363,2148.573678155559,3970.2134595616067],
        [1336.1906483120754,3938.653319248753,3201.361059162442,2734.690324401157,3672.552992493962,746.8528178827031,1942.2509455218283,3395.053475020767,3115.9778906263455,2339.3653992664317,1195.3114682693204,1828.2104379323898,3602.2259211313435,1411.3397206928478,979.9677806953113,2686.440207853449,3356.0858361755927,198.69082485342688,4075.725028924615,0.0,2487.9728158208227,2734.074594797042,3660.5120714485306,3057.5984779142764,4009.769313424525,2874.7110087275473,2195.064164179507,3014.368040588018,2761.563767600715,2142.96609539488,1799.9327626485147,967.7407107892775,1813.9621311094481,2500.427822570997,1693.1448196105794,1624.670852500602,3208.775838525445,2848.696886391604,4167.464568408125,2539.99216459945,4239.131882924967,3445.289052049322,2412.931800159115,2385.786178105265,3552.5125170510787,2614.2916616411594,3257.1000790306593,1267.8892760559672,1897.6692261489786,2795.7104150393047,1865.119023175546,2189.8754305871357,2903.661011506578,3563.9389244210397,2519.72999937617,3737.2604491865786,1040.8077517485478,3700.680324143411,2733.8506319190938,2043.9361411189925,4451.688801548845,3892.7366685029046,1099.4454029638018,1107.0093063785039,563.5187675587774,1618.6681694713277,2761.1861876928892,2270.27564956076,2587.25586375592,3704.9538480546603,1336.1906483120754],
        [3364.936751895365,1649.6508635319385,3920.0944978119064,409.17747760262284,1377.6049560353454,3221.541458180257,552.019720656096,3796.6377782070745,2921.9807159367188,3398.550546343626,1555.6229099071093,2230.2727312378543,3295.758472543641,2990.2086784328744,3319.389050314355,649.7392050537571,4250.453997740572,2586.6696018851317,2875.492163795781,2487.9728158208227,0.0,2769.722330226511,2051.9367908890436,2736.012751039826,1598.943912198336,4644.287214008004,883.1522806255699,3649.7149623053297,801.4167445446582,1053.5278481035443,2651.6656031687894,1898.758309045656,2223.4585208428666,4560.0090076069255,912.0567794718412,1123.512395490337,1662.088794683316,968.2037695689049,1721.913953597196,1062.1275276103268,4155.84444392424,3809.9112681496467,3300.8903919892336,3754.5371996430895,3474.157426084068,1651.0001440406527,2094.4842146663045,2878.090249128509,3147.0187763677277,3898.1218515174533,1032.1112898275487,2125.738064483172,1746.4866653470194,4047.058689993748,4628.960744032021,1281.6062820513473,1903.28252352591,1830.8697312868,1912.4279576692659,2978.8276514636195,4027.535751792931,3393.3848130493247,1473.7689850354052,2275.5950156323283,2876.6555610914547,2322.531689417945,456.8158929939695,884.9752260547128,1659.4739317113294,1388.0133168860375,3364.936751895365],
        [2283.409894584978,2997.581508842501,1235.1755622013623,3177.0711452187097,2861.6240000953985,3001.263907950629,2492.224839653921,1028.8522830831157,398.0681205201794,1187.547531464379,3039.303842400614,918.7492289634428,871.8186280455024,1716.7733492643706,2716.4253239148043,3396.8625036243616,1603.7009339400638,2622.0956376088225,1759.4983476277557,2734.074594797042,2769.722330226511,0.0,1949.459427579596,436.81057435446786,3310.8068727183886,2634.8174312067035,1887.1479432500591,971.5179202685291,2206.3352721991637,1719.349348791583,4250.483962541019,3153.9275254580552,4033.2583694597297,2944.917462775221,2135.2168270621605,1909.1275666535344,1753.995011667711,2113.392809430626,3530.4032497569406,1791.4232886965165,1562.638207446295,1040.2354340406614,981.5790768984535,1653.3092976006133,843.1383052805581,1217.9565891823731,1339.0967585223243,3939.965802655452,1347.6270718254427,1481.0492281312615,1831.6696085574986,698.3807735071555,1329.7558825323056,1281.3473683573186,3066.5155471047415,3280.185572267983,1779.6219900774552,2272.967534047332,1006.6081513675621,1002.4405252966427,1717.6208520474058,1184.8317062431333,2783.3733011442223,1628.4089354731855,2549.7234616798423,1116.0675760443623,2573.623612318252,1886.7820323021326,1194.442666903491,2918.5074828704464,2283.409894584978],
        [3848.9039531085705,1219.2792940073743,3128.391663613864,2333.710195546788,1212.916142535869,4223.897700578532,2210.5419380215217,2786.122074819364,1790.5496587574648,3091.2202515547488,3263.1078847221443,2207.4241220923186,1880.6113810424615,3290.991785075651,4101.680429354926,2643.8515690398317,3502.51220237747,3650.0132301317667,897.5592836918099,3660.5120714485306,2051.9367908890436,1949.459427579596,0.0,1602.4391046100761,1598.3933491556043,4551.858722693573,1578.2293145146652,2886.5121942523006,1256.771986833028,1561.1967258658935,4523.570951655934,3542.7644354838726,4148.005230463489,4770.255579786685,2147.0537492740614,2096.6559462919104,462.5643985426804,1091.398264673879,1805.7559398858853,1199.2814763917154,2663.4436133236445,2764.5545115831196,2900.031592496731,3556.3322139967236,2182.4761187707018,1083.99591691297,610.9436063160183,4535.352935143218,3113.9298092389663,3430.1239648514024,1856.5322192878866,1802.0480922543188,796.9546829815116,3023.1615586622406,4880.369773078193,1730.1416205444943,2655.465887648103,404.86837901405244,1085.1961480016782,2791.004623971721,2322.3055388229345,1784.5696844335573,3064.1269568179523,2806.666440548948,3767.8347004226184,2454.70082587923,1616.4687130755226,1507.5343952765181,1116.1303441889004,1265.7394190138907,3848.9039531085705],
        [2705.8991161585204,2725.394754083963,1525.9538663913702,3133.233080378174,2620.670030023613,3382.405251970949,2541.24303467007,1205.2182939829186,203.2337428763569,1616.0380503220988,3226.2354469768525,1231.854425160372,600.3059149867347,2134.312691713189,3119.193801467764,3380.953216165532,1900.0857932872216,2962.5610070349135,1325.7680748675111,3057.5984779142764,2736.012751039826,436.81057435446786,1602.4391046100761,0.0,3063.1233394057485,3050.0325878028225,1875.7533751227706,1287.2562378536556,2081.050554482203,1723.0374107688492,4475.044833355539,3379.31034121335,4221.907963078155,3378.9877009693123,2227.604911942815,2024.8417473605562,1486.2959268779098,1962.5797079009362,3282.507750894286,1695.5667875713643,1431.7516323524876,1193.400622999744,1407.178124028632,2078.589340129341,738.651488377833,1094.3948450609012,1008.4510931713855,4222.696080537738,1782.7756014766526,1867.263042352271,1897.9375412278723,890.6242348678812,1109.6278630068712,1453.1543367598551,3501.3022794557905,3075.015552301435,2056.0172532459032,1958.2062305128522,839.5956996860504,1437.0367555329738,1442.214309303084,839.8032826052744,2973.583557707654,1967.3905066021061,2923.458740294935,1463.3790442600312,2475.191913360584,1857.8778378702787,1081.2776431572831,2678.17775738396,2705.8991161585204],
        [4664.7031915886755,388.16383132389626,4544.612616954167,1576.1850714434206,450.0176977466878,4713.648208164992,2093.4081396214365,4267.51917474481,3265.0418214922383,4297.240065518159,3154.4613374304163,3193.396061511673,3444.9144532747773,4187.6800992544595,4738.7867594314,1847.535044134813,4914.468692526799,4078.4881524502107,2453.3923421478376,4009.769313424525,1598.943912198336,3310.8068727183886,1598.3933491556043,3063.1233394057485,0.0,5707.3658702806715,1911.6418546748928,4282.316586836484,1324.0917907844018,2037.0429558414398,4201.565848418463,3496.868663200125,3754.0770670370553,5772.846615420165,2322.4080661580565,2441.11119705097,1576.8392221765214,1316.0989098269574,219.82718890864885,1701.9271845166904,4254.748041530649,4256.491121468809,4139.923517293021,4731.280514513902,3726.539436697738,2128.673549337157,2079.2247169392244,4475.431791902928,4183.513334717406,4725.274608430232,2233.7589912805524,2896.2198401859,1981.4399238831459,4516.275686623983,5862.753875162454,362.2881025257645,3229.821414464118,1193.8358998488725,2306.363304407661,3919.89641308944,3918.317570063646,3378.8216593288257,3060.738872921911,3533.4454249027594,4320.512765795807,3382.116342296539,1249.6768605181946,1848.2519185954116,2158.6486351942885,394.0231490753357,4664.7031915886755],
        [1538.5808505518737,5458.642241597836,1788.1470194118135,5020.544783497017,5266.685352744008,2437.0949949580045,4149.781283869444,2254.1977605578604,2919.9533658350956,1460.7738244621485,3946.7666187654722,2516.936967540504,3176.54988786092,1679.6898288274742,2006.2176332043307,5111.499437693244,1564.3638007042327,2676.151835355871,4364.603971039035,2874.7110087275473,4644.287214008004,2634.8174312067035,4551.858722693573,3050.0325878028225,5707.3658702806715,0.0,3888.4818384408595,1889.0126697201272,4420.949600729683,3730.4161165519663,4640.234497316547,3810.0833047656333,4688.653194567677,686.8952325008203,3745.4533910469254,3521.5826080626434,4274.126150225641,4397.2288536505075,5917.739543528028,4013.3616611575885,3195.297097884139,2314.87905789003,1656.839261236953,996.2559697165908,2894.5689463287895,3612.7171181301874,3944.6020161110196,3987.1381092655934,1528.455460151849,1226.1370531645111,3633.0281398790717,2825.83934451278,3830.488530178615,2194.006109499968,800.3139895655852,5579.06889923626,2786.311767015737,4830.484540869052,3500.302114945493,1793.5060000263509,3713.123274579733,3512.203775233674,3754.4932990910725,2393.6842743914403,2320.2837825416314,2352.881306542267,4667.858911619199,3932.9754759218863,3580.0027684302077,5319.067582721118,1538.5808505518737],
        [2755.227275486115,1771.6537456667984,3043.4240743055184,1291.616029536269,1519.6338909585804,2851.3064705962306,705.9790143020826,2913.547744944411,2054.778946474643,2568.1326099292282,1687.0446126259508,1399.2762068368759,2452.966383842601,2297.127137389432,2838.1971784742,1513.3512898182582,3379.77573113934,2228.9748893989386,2245.99580272689,2195.064164179507,883.1522806255699,1887.1479432500591,1578.2293145146652,1875.7533751227706,1911.6418546748928,3888.4818384408595,0.0,2772.342987699039,592.1695370510128,172.9954723346356,2957.58554635715,1965.2523202501457,2603.0206732278725,3887.9322458425254,569.8305106746132,570.3972978911954,1118.1496606074365,655.4148715449891,2101.5447261267755,379.2333521819025,3305.4528474281788,2927.172788416364,2453.190196728244,2954.674275915352,2609.9317220013563,827.2090930867021,1395.2247797647096,2962.117203367883,2364.3320974128605,3054.018840772931,334.10413910621656,1247.5982769796738,1005.7268553372332,3163.906499608504,3971.6176978015856,1717.3884961515032,1322.2528302501532,1531.0503156357088,1082.8571716421548,2155.8549222335514,3224.8402958239462,2585.6139420835593,1486.1860006321783,1624.032463156977,2433.6208485533725,1535.7526540182564,780.4352647226127,75.87212966651494,826.8687314314545,1560.3562610398774,2755.227275486115],
        [2121.3149030869813,3967.3975638456595,271.68804350603057,4058.7456151636934,3833.07508510313,3043.727886134326,3300.582268323863,435.2092371983655,1113.8537921165698,747.6240384091087,3628.3102319416566,1500.5578197039608,1291.9020554022916,1676.849226713325,2662.9132817328996,4250.519686905612,632.3971550528134,2854.541474443884,2531.7827271727683,3014.368040588018,3649.7149623053297,971.5179202685291,2886.5121942523006,1287.2562378536556,4282.316586836484,1889.0126697201272,2772.342987699039,0.0,3152.2740610074566,2599.6692971351813,4723.658020265303,3662.2736864182466,4586.234728610654,2362.136980040687,2908.7948002760654,2667.0874432163873,2722.429388414426,3070.0408287419846,4501.899050382833,2730.6039905477774,1421.021267383184,498.0083168242006,609.9528808763214,1057.4272909200197,1005.9158985316383,2178.821861764115,2283.6101997778983,4280.970963927638,1167.6055151570317,663.954970537467,2650.477360491059,1524.8145411640212,2301.2185079877872,550.8406745100206,2493.4064648228446,4246.812367814049,2276.0295424291803,3229.380359596435,1977.2538524906756,971.3143566827613,1867.2284044913094,1623.8154163875415,3377.876305658057,1977.833521832648,2658.656420379772,1550.7512501380806,3501.6029953722996,2784.716204488298,2153.1396828972097,3889.9259638463773,2121.3149030869813],
        [3340.7006374641796,1183.3329286069802,3423.085325299569,1128.850584094862,927.7884681465016,3434.648699937589,1003.1025186488446,3226.3007077407633,2279.143633791377,3050.374220598925,2105.9132856688216,1906.0064215356986,2598.3350245563647,2867.4772951610366,3430.0626893760427,1424.149636793589,3778.0814542325593,2807.2491288648075,2075.4295804195067,2761.563767600715,801.4167445446582,2206.3352721991637,1256.771986833028,2081.050554482203,1324.0917907844018,4420.949600729683,592.1695370510128,3152.2740610074566,0.0,713.3215682545996,3322.305679631391,2419.204668225223,2924.426187721866,4455.811459704639,1079.081606640274,1146.8455497092514,861.7445948727533,166.87160441987515,1519.7607155414826,424.5063871495944,3460.057181539097,3229.4882006635435,2913.215865987259,3463.1083959889165,2813.4009548399213,996.4190228704625,1318.031523102519,3425.843552641002,2892.5127813282947,3511.778233229609,922.5397893997492,1664.857776496379,1006.4755252899263,3480.258379026567,4543.348942514937,1158.1802268292658,1914.4216994619396,1080.9100351757836,1242.1194566697332,2652.9506815554973,3279.7268790735607,2655.5686470093865,1944.9931237283251,2209.551665559711,3022.8463311086516,2075.7595129491265,409.9053955679151,525.5280746239887,1016.088810063708,968.186856614788,3340.7006374641796],
        [2628.6859247616553,1872.4891866240575,2870.6844090261725,1462.46532445037,1630.2101616582922,2774.664917426212,828.6790934684135,2744.364906926237,1897.9722858482296,2399.2585730501196,1734.0621847591954,1232.3761814296008,2306.665811691794,2155.4735759882537,2738.253199619509,1678.0803412690661,3206.780488480002,2162.218244930661,2172.6115923236184,2142.96609539488,1053.5278481035443,1719.349348791583,1561.1967258658935,1723.0374107688492,2037.0429558414398,3730.4161165519663,172.9954723346356,2599.6692971351813,713.3215682545996,0.0,3014.4824900379995,1992.1634046056763,2677.2531941298466,3745.0475061718034,609.2421990169198,536.8226441919171,1098.798788849668,744.0207350905105,2232.8540319181743,397.62043812438634,3154.5269856718432,2758.8249107420156,2282.0300104388116,2790.251546739772,2453.763868198261,706.3200306374761,1313.313013094276,2976.6144719359954,2204.036305312689,2883.0255047474793,295.349366876497,1074.866202682861,919.6684443392752,2994.2017366025543,3831.33745169793,1860.7503609238922,1221.187635244887,1558.886967833464,952.2360975228153,1988.6597950672128,3091.6279988240994,2452.489714508598,1517.6413524946329,1498.242799505857,2345.543539453298,1377.9425017189694,944.6933735652947,202.83189503364179,700.6212816006788,1674.1443216864861,2628.6859247616553],
