{
    "drone_dist": [
        [0.0,3442.1505698609644,2122.5514403243933,1030.566073060307,1330.2445910623496,877.6946650098776,2780.900088083434,3383.736644224464,3967.712764910716,174.04859174670494,663.7164004811655,4652.455304049182,1407.7351273316942,3193.0704989963374,496.5180414910186,1763.6098858221656,1968.3516569403437,3252.0468682891105,2840.7815947380313,1674.6705694733553,1194.3159025182472,2986.8298718431047,2874.589910498423,2611.114269635087,4279.402440904336,2318.891851775092,4236.494118770581,4423.453603252145,2539.878702787467,1824.1839862525696,173.34370213967637,3589.2677163412395,664.8699855012005,2864.648430918149,4138.724868871729,2299.4220096620656,826.5561462263466,3282.551710428622,2415.2213368463135,2421.0774203987394,1941.3748376896438,4061.8387946815224,816.8225785595525,496.7867681031339,2648.59054903119,1877.759314679664,1832.836767792766,3763.2053616813578,1551.6124115454393,1243.3418064785862,3220.421789996333,3917.9460657122586,1952.637895714132,990.0237789334974,1175.5117830721172,3367.9966143459915,414.9525633224882,1612.56471040635,1078.3253917810914,3187.726816110031,2003.14111367352,3403.392419291964,3826.4185523037345,882.8839735313896,3220.269542551018,2922.950256409696,3094.6589721244186,2780.23060131247,1520.4911978715759,1105.8853152543006,2703.581621267146,2959.5073929558844,367.21578658033843,1464.7321567954268,1380.110288267839,4263.40338144978,643.4620434114097,3031.037106827723,3639.1138021960546,2921.4287248981377,2256.1202532937805,1726.743972469769,2343.4848711799777,2665.8647980896308,3298.370682942464,2704.1182847678137,4110.65058956263,3086.059059862765,4244.35544490119,3679.3194562855956,0.0],
        [3442.1505698609644,0.0,1602.5486832845063,2986.3232656302766,2244.1979141075317,2697.4486094756535,2869.187424148353,808.9765991580365,3801.2289123850765,3356.1163025244687,3292.5158901930176,1329.525113620465,3484.24096833846,2645.018296483996,3793.1391174069727,2641.790792575581,2866.9271403805456,513.7301599109608,2518.7197573150434,2143.0575886218858,3854.3264489763565,2279.0962641906353,5382.519122507201,3015.5426233157564,1407.3085080035346,4986.392521354529,993.376423559663,3643.983468418474,911.9688643061331,2160.150239484336,3361.10643586427,1426.9026337705113,3518.275797170369,2552.058150693159,696.6086367344249,4908.278968802312,3648.720815124088,329.6253831730924,1241.7729094357974,4293.437192111399,4249.415856102902,637.7588576171682,3684.086536736753,3807.422357800662,4861.862731954639,3544.315820400235,1715.2140113668836,2022.7770047694862,2632.669737166124,3269.2220122673216,3795.658984286302,2352.0111864109567,4192.450167541539,2460.0217518501213,3444.449833344818,2173.551912381193,3117.6483543911886,3310.488979747544,3557.0420302391735,947.9781992600539,3603.3830044125593,1134.3806359965583,3998.0770546079398,3608.8654043340684,4043.514222783172,643.0286843161616,4247.165229127411,5405.974991393822,2868.367704412207,3644.2917041932837,2923.629201479986,2508.998516156299,3075.4807344053042,3281.730881857121,2792.801273080995,1111.492630904006,3604.773125617762,4536.235814971318,1622.03945460889,4804.896781848991,4002.7233987462714,3425.8304383735294,1572.9730521997253,5206.733629721731,2935.010434865606,1394.0932209672235,1227.7757600754176,402.67070079919813,1413.9055627092403,2583.7683490432973,3442.1505698609644],
        [2122.5514403243933,1602.5486832845063,0.0,2108.087923329094,792.9254513589324,1261.1194223635648,1575.8986916927079,1289.8999728431054,2776.023325121368,1991.830165283249,2233.692789737799,2931.305773182828,1884.7696916339137,1634.078963596573,2359.515305840723,2201.040783769382,2514.3190760211564,1685.467354416327,1341.488978189456,1615.1533139377411,2915.693212934962,1272.9813186858537,3782.0926547076883,1625.7506352579696,2160.598487795011,3385.214292556645,2182.8059977679636,2918.749360027545,796.3278943097384,1767.62638492336,2100.0330943445583,1478.8736377678053,2015.5840939901168,1379.1423515691456,2251.621708534181,3306.2234275546275,2119.093298353181,1336.5478494793183,1329.1154060529027,2717.1281846962215,2647.0262538512447,2125.8552254099473,2629.9494153196683,2377.1774424055807,3270.9717092200717,1953.2438029724622,351.8016628599926,1758.351426521044,2059.43399435449,1678.1415718197752,2467.5506412740456,1991.5262098957676,2590.673319326816,1300.5578392761788,1860.468290822662,1496.1482136981308,1729.9402767380755,1708.9896251245193,2641.1337277615503,1077.0971329561464,3098.7400706328635,2184.222104089954,2845.289099265054,2067.5776336962863,2662.6760689353246,1384.812109649793,2794.781823523522,3803.4613897936742,1265.8329425750924,2721.4449369513436,1585.95735631492,1404.5729966843878,1788.2948029149438,1679.6940292354705,2112.040509401752,2183.0916382910646,2497.6867360424158,3026.5570319285102,1553.303352413,3246.1836493250757,2427.2553289134235,2834.4536789733856,259.4210202723224,3604.7343578460345,1880.6186965592779,1802.5557633059223,1996.8897435399963,1199.8803551959088,2124.0052860637375,1914.9068688725213,2122.5514403243933],
        [1030.566073060307,2986.3232656302766,2108.087923329094,0.0,1475.5183585954978,1277.0697627818308,3270.949944002713,3170.22442719511,4529.590076338999,1114.987729401858,431.31996543899965,4034.215201989303,2262.921290737043,3562.0795237897096,1523.9119005534794,750.5106639647561,937.9123423479951,2667.585567056835,3213.9488933820853,882.0633717185973,870.5680100084008,3268.2795677043728,3898.402562001937,3167.452514033603,4093.042785821149,3345.980351492663,3909.0058939544665,4860.835354940099,2182.7141993385276,957.9970639824768,858.0427134306518,3541.164415300853,1628.3519825233266,3245.7901970413936,3657.5868481791445,3322.741347891454,1808.8397246156649,2919.491341590544,1785.2522233656775,3341.6771667879243,2914.4966080612844,3623.850666357863,735.1203919186981,1521.88551820658,3638.235473630551,2690.170612017528,1757.1068385034598,3866.431851762258,557.9435617171373,2040.0349914359285,3905.38792314176,4091.191933486023,2913.8606181237724,848.9923635853427,2046.433799070953,3572.6733316082823,1125.0091695760473,2383.868179467413,573.8392811237126,3024.8887718539886,1118.9590401287912,2649.5417213490696,4462.3263733253625,1846.4451093866642,3966.681234179798,2375.96997764997,3908.207775240962,3808.9836812230606,2123.3936675790533,660.9182351502848,3220.0201102790306,3316.3816529694236,859.8437195755084,2242.5384879584517,362.170653990012,3975.1401551195454,719.8224207261153,3916.017657176387,3642.5056556151776,3871.018346518598,3136.088644254469,825.7086094788905,2366.5564542637894,3689.4366108838,3737.117077512032,1929.1008651551654,3907.6753136554203,2704.7396700605805,4069.3211820068727,3958.9184826189226,1030.566073060307],
        [1330.2445910623496,2244.1979141075317,792.9254513589324,1475.5183585954978,0.0,473.6297867882607,1820.0585540445395,2069.1098799455854,3085.8134892023318,1199.3040661509879,1506.7573340734311,3538.14533121885,1360.7446713571396,2086.5625824218255,1582.5354695218139,1795.768265599601,2109.2848560728753,2179.4640512290653,1739.0240202770258,1300.2473308828971,2203.8958777718244,1799.7191593882694,3294.5011509507167,1751.5500159404846,2952.727558237814,2832.2450044177403,2944.757129040022,3386.4261608458455,1337.5359716074063,1489.5258693995274,1315.1645111003536,2261.6563981845293,1275.1232419997057,1771.2721280195485,2930.4470435306994,2767.145224595227,1405.4521536400143,2032.1940608915552,1515.6690669472164,2376.228349473587,2156.2016325806308,2828.0363767577664,1888.0391070520877,1599.174632459527,2852.9230936054455,1604.5878318039665,536.2708071117822,2475.928574746063,1604.1834019127202,1113.408055045119,2551.8604092809346,2665.710869586067,2116.781395162409,627.2984254323687,1257.167615289052,2129.2073669753177,938.1183834510043,1297.8116507744526,1950.1059605204289,1864.784649920936,2561.273027919477,2523.0662613442555,3057.334370171436,1368.9812255014624,2670.19886687036,1844.5378943633502,2698.510720312758,3280.5645513705977,877.1426443598072,2023.6668135590583,1781.3740854534394,1840.8633742960442,1003.8393988155244,1207.6008008351787,1586.626427189459,2958.0042972166143,1743.025046748748,2824.1926500179734,2319.7998081705487,2931.6358427761247,2106.1041987523427,2275.848216259298,1015.9936106467578,3100.195312568097,2266.6542383123883,1949.8857003227915,2787.008118798619,1856.6283038737622,2916.6138648038504,2495.5201377102185,1330.2445910623496],
        [877.6946650098776,2697.4486094756535,1261.1194223635648,1277.0697627818308,473.6297867882607,0.0,2026.9497191493576,2542.3499783891366,3270.777147204704,734.4877630899866,1183.4459203035337,3973.196278422139,1111.0102804532744,2380.0764284062925,1109.903141249902,1780.8951791938475,2072.9398929374097,2594.1238841203203,2025.5999674243885,1406.2308022564735,1874.6366210556866,2140.321709429146,2987.19553849618,1902.045187333799,3421.5716896250506,2489.9810774747557,3417.901080098945,3651.6465855236447,1785.9953156707948,1596.0333506991394,890.7561380609035,2715.2369460047416,828.9138392117633,2053.253223063513,3388.5037240520805,2435.5772903742095,978.9739136849691,2497.7388784567424,1854.9709732843226,2193.550542953126,1877.298126145615,3291.7209941270808,1527.6428006295962,1126.2534031887944,2601.0880431572477,1469.4909657485052,1005.8498045990885,2888.8325692242584,1566.0386969665717,859.5450232433777,2628.44612796084,3053.253851746061,1852.0642991870052,555.9813667317479,945.5732714581413,2506.0424373390397,471.30579210168423,1152.6978729221698,1653.9292632354202,2336.361387087213,2396.005535843992,2876.193393349526,3188.4153225295163,957.4352621233711,2696.470621538078,2257.4115449536553,2660.506890098599,2950.554544403751,847.0334462658287,1716.697732960082,1966.252738680322,2138.9519355513708,592.8880274017831,1025.1158590792788,1488.2311197534314,3431.619076262044,1367.4074144316337,2714.6569264479526,2761.844668155642,2746.0594910666305,1951.1386496640816,2102.7731478115243,1471.0958611442281,2785.200703550499,2519.7003834112334,2245.937542062882,3257.7082056482736,2316.53533505457,3384.5402172806016,2838.270842814612,877.6946650098776],
        [2780.900088083434,2869.187424148353,1575.8986916927079,3270.949944002713,1820.0585540445395,2026.9497191493576,0.0,2186.2884056456014,1265.845938583603,2607.695870319533,3209.333100354646,4128.219265837408,1642.2328493765958,544.3983242946142,2725.5894261771086,3602.144084670015,3918.5832173902195,3125.3922099747283,377.2130890191884,3063.2042056257787,3894.432067318985,678.6672970308583,2954.1683370406963,259.763918959889,2638.524021713611,2765.645402451602,2987.975766954489,1642.5970059755014,2303.9211926834005,3240.3403860820704,2857.0995407351206,1840.7991091408333,2289.1215761618178,355.0028866095604,3354.1176342319864,2664.6369441113725,2263.5888303471756,2542.5797890668823,2904.603210668302,1762.8617298058887,2030.20305514666,3180.6772705782346,3535.5607836918084,2746.9730263520755,2363.4279199313764,1305.1182915377776,1814.4697858960653,1552.8472404763909,3419.2035661947775,1643.0966967241739,929.2778209031791,1501.5932040344198,1951.1233405286137,2437.2448000260447,1808.691804649355,1053.6772978727467,2387.894733307336,1343.8129824888729,3680.84965797161,1971.0713526302939,4375.274288027983,3699.985536623002,1275.3579920673553,2180.9373285553875,1176.2679352648129,2875.9918892161495,1415.3844612638638,3054.1326718039704,1262.1236167637599,3742.7472385980373,108.9477692902608,450.45432248747676,2596.884814172213,1455.4889267147855,3406.5113097056337,2899.2493478433344,3367.565309016644,1768.6911807081874,1731.6350096373524,2144.0025458975115,1515.5131685056513,4086.6815057833123,1423.8939387630392,2837.072040594309,528.915697282998,3377.2406269661506,2567.4482964487006,2510.3130525429942,2584.4359101353534,1095.8946061796728,2780.900088083434],
        [3383.736644224464,808.9765991580365,1289.8999728431054,3170.22442719511,2069.1098799455854,2542.3499783891366,2186.2884056456014,0.0,3018.025997960902,3264.1746787293087,3392.1108117365043,1947.542008518926,3100.652964056386,1888.95573594804,3647.223855652556,3007.783774323282,3279.9472564893795,1259.053708445639,1816.4537706414412,2437.3357786119823,4030.993470821482,1545.8562275241545,4908.692462202577,2368.326769813462,923.20850546698,4570.650719749468,905.703750407464,2835.5813272788987,1014.059550071774,2514.164317222906,3341.3550649097774,625.1305569978855,3304.4682489951515,1845.9249643653495,1168.280723870441,4483.4876304055415,3402.7852633138928,513.3344423183022,1668.1919613978864,3762.955231226067,3810.226220765646,994.8198445563573,3794.9179558563364,3664.560854082212,4354.954613750902,3062.11879575889,1550.899950423435,1216.4044864495374,2941.4292194378036,2921.5317439402843,3093.094200826386,1545.6001777449524,3744.6180299678035,2474.211466338217,3112.139003646676,1382.3351556603375,3005.4168159567407,2878.1184739989826,3739.1122522306873,235.20566893532938,3978.1892494121844,1907.5071068681932,3236.9536360691322,3347.8159338229125,3358.329072395187,1207.0991277168498,3596.674548176944,4958.026365351868,2470.2750217821235,3824.806745408055,2256.406887493515,1784.9190679759586,3033.49963140034,2882.59740995923,3061.7703858426057,893.4429092250108,3683.936362722377,3922.325814137667,818.1204996511426,4238.96486582023,3476.438189837938,3758.181841227454,1135.6943794129384,4749.166929740836,2176.6132104404464,1985.9097943793088,740.3580793578927,650.671359494587,899.2589077523633,1779.9744120486598,3383.736644224464],
        [3967.712764910716,3801.2289123850765,2776.023325121368,4529.590076338999,3085.8134892023318,3270.777147204704,1265.845938583603,3018.025997960902,0.0,3793.7902942854903,4445.136866152948,4922.730923274513,2672.8492174377216,1183.5372977508373,3833.964645481857,4865.641128678471,5182.464831921961,4153.04694822444,1434.6868633484164,4319.515268177879,5118.5250751436715,1568.6443470527422,3322.373888479734,1370.1216050431697,3122.343570110598,3345.291912387434,3622.688488926389,729.4231591125989,3422.581660851097,4493.124915383175,4062.4419673609564,2482.855366032654,3407.212659581576,1396.9686721006467,4138.032921234529,3243.1614320540566,3341.2335459162027,3474.7735913928836,4082.1109961275447,2275.743485390657,2754.373798781045,3950.602424064191,4751.540277325616,3854.9178421205615,2760.9931971142237,2226.9073519854887,3051.0240143820015,1947.4067408935603,4684.473351076775,2753.540727877869,902.7709081968337,1686.4538979423191,2678.1810158937087,3701.1144443405096,2882.146348418628,1636.2361040824837,3595.558359323051,2399.6897331287178,4919.286364513358,2853.289397897675,5638.133663945448,4772.7170984356735,384.2046735700002,3257.7628030564733,1120.3853536855208,3954.013434003628,1478.7703197730148,3480.9847775367907,2459.667627140824,4977.169147599498,1309.7301983859384,1382.4494722784764,3822.1828002837756,2538.7907287939524,4672.067892865652,3490.3147557303005,4580.120546209424,1896.089209343287,2305.4609584191935,2374.499200946181,2157.969451586155,5348.554110478467,2580.090455236887,3279.948298437625,905.4982554655458,4545.421354822418,3127.145937195298,3502.2872508298406,3068.4581908659798,1284.7230493987347,3967.712764910716],
        [174.04859174670494,3356.1163025244687,1991.830165283249,1114.987729401858,1199.3040661509879,734.4877630899866,2607.695870319533,3264.1746787293087,3793.7902942854903,0.0,788.1974322483278,4587.228092107556,1246.6214123263217,3023.250718160962,475.76623411672347,1824.969228103462,2049.27092996852,3188.8922013861097,2671.5276671246393,1678.6846097518178,1359.3494693216564,2822.1634360340895,2784.9134322823843,2437.112628465292,4152.028809844493,2235.531114678791,4127.129392772289,4250.288871735361,2448.220544524822,1839.3955161400538,300.7764331929794,3449.6295082374154,525.4082929690719,2694.970854007002,4052.3987343832723,2209.339940264542,699.437108950982,3183.848284966177,2370.2324425273973,2277.7534039926786,1814.498762450906,3969.2047119645763,982.1297915274794,483.4866500813601,2530.947038927143,1713.4129831854139,1715.4388903934894,3608.837426355055,1607.7888555026143,1074.0482653943295,3049.3129841689006,3757.8023762023513,1820.8461675142164,930.5989676783747,1015.1618440393669,3207.1696434805067,263.21617831015146,1443.1863148549323,1226.9902793279316,3063.304029164034,2133.8689596758622,3372.030173737003,3653.8836432350254,746.248478074439,3052.941099003155,2856.487484330452,2933.703134120822,2700.572972077009,1346.8377915365759,1260.5292449998508,2529.9556190010817,2790.740316635807,324.4241097922467,1295.1692877063156,1449.7374290552386,4148.700182910416,808.0273787070552,2881.038706418106,3494.110552197283,2787.5576262641443,2103.2854339564865,1851.9328009625672,2205.523313388998,2575.9321741862864,3125.9092784353347,2683.8003241821093,3985.927066037967,2991.7023666436367,4115.798273100306,3512.9914428487587,174.04859174670494],
        [663.7164004811655,3292.5158901930176,2233.692789737799,431.31996543899965,1506.7573340734311,1183.4459203035337,3209.333100354646,3392.1108117365043,4445.136866152948,788.1974322483278,0.0,4398.108655531515,2015.9616345173968,3556.2604556666192,1136.126722900908,1178.854846677029,1338.961870836891,3013.2079919535468,3202.432196806567,1265.072838921506,698.547077879661,3296.181764213019,3532.899840460125,3075.0314853945583,4313.008513458613,2974.5895742720854,4178.310472123573,4834.526535806666,2442.816102082373,1367.0124210978947,494.4188367032625,3704.5120698160235,1313.3348026996946,3231.2575346372782,3977.2704196432182,2958.6276069349383,1483.9957824107178,3192.7891060833754,2134.6111367463905,3064.57086062292,2600.3224135318,3929.067353619984,402.8254757308522,1131.1189667014373,3311.4268026718373,2470.2404901824575,1895.1165354171474,3973.4697871535327,989.2077503466726,1818.2546390423304,3758.7988542867542,4171.860800725279,2608.3795582409152,934.7271719162751,1788.1788754269323,3635.820384660863,884.1467294441842,2180.5792927088664,474.7333928805594,3226.0992282859984,1345.671635782567,3044.7529931563604,4342.546960313263,1534.0751111881216,3789.676566731794,2706.253662636573,3695.542155974292,3432.6328415277935,1991.719183105824,533.4172304788847,3146.10430403353,3313.0621128455227,630.2763062890974,2033.7643217558186,791.9813493276605,4231.077216632942,316.7336292495789,3662.6257945522966,3786.8907718726755,3575.635961033015,2882.7162835005042,1064.9169995627226,2483.9632520581767,3324.5313090770105,3702.7404626154266,2325.0346597172497,4132.405861322909,2981.9488257185308,4284.957996251893,3994.609932820394,663.7164004811655],
        [4652.455304049182,1329.525113620465,2931.305773182828,4034.215201989303,3538.14533121885,3973.196278422139,4128.219265837408,1947.542008518926,4922.730923274513,4587.228092107556,4398.108655531515,0.0,4809.735016148941,3829.5399973982253,5042.99620918693,3517.8891099747816,3658.0877448707065,1400.551928770004,3761.8779632123606,3152.270112537864,4867.48874942061,3493.2610311405597,6712.03993491401,4297.425268102445,1954.7492309395827,6312.555340750823,1365.3581940165066,4633.129523157465,2203.4877319650927,3102.8277321016917,4550.136933904471,2440.276564238377,4801.40367748381,3792.0769419899025,786.3701260538063,6235.502587810219,4941.658272946203,1623.5572234125775,2264.7866808166355,5618.113307361484,5578.325789990015,972.3874786718387,4764.8181114892,5055.548719303995,6189.926652477711,4872.95687305827,3021.860589557602,3003.7739796579176,3578.32403648588,4590.570960652318,5040.224134289273,3311.49364043639,5521.740215893498,3663.031303733874,4762.067122609507,3295.958181460824,4364.743531727448,4639.824763497994,4577.460448060068,2157.170578198949,4393.853318491125,1470.1291236625682,5167.30584432409,4907.097060106176,5303.053136649744,1730.7703356844884,5530.614996437139,6734.628154479628,4196.813555304142,4662.3711179477195,4193.42381604828,3732.4607514733916,4286.715007755617,4609.314932688352,3769.1570294856565,1528.5033585734927,4714.793566590881,5838.422859993607,2622.0731451685833,6123.3452009150005,5327.564286116919,4284.487666147495,2897.6074438355477,6535.948879759043,4114.283024210328,2143.3525807579767,1870.3038115894985,1731.9100105968262,1996.4650227259096,3646.781015635045,4652.455304049182],
        [1407.7351273316942,3484.24096833846,1884.7696916339137,2262.921290737043,1360.7446713571396,1111.0102804532744,1642.2328493765958,3100.652964056386,2672.8492174377216,1246.6214123263217,2015.9616345173968,4809.735016148941,0.0,2156.6663121395522,1170.8741100731118,2864.937551078575,3140.8361654287983,3501.3895736972277,1847.7422996646694,2517.2022464119405,2601.9440240438016,2094.2534952261894,1936.7298611796464,1410.6259032974049,3850.5263604444053,1502.9150786615705,4005.7140771616087,3225.524932042743,2621.2642613609223,2707.0215067242,1545.9516394295179,3051.3278634680514,766.2501946802819,1857.0328234052392,4135.162821769202,1427.847427265582,671.4889352008709,3220.3861034728816,2876.3159479008714,1090.5352484030798,795.6483859057223,4004.189690800492,2224.508657435704,1191.2600123087268,1500.235895883551,475.43576601801817,1809.4789535769187,3003.0340673720652,2645.3038105098576,253.93125406677058,1854.790524109813,3052.466120197641,756.987333175936,1664.5965562743434,232.33871798504566,2522.3176244134866,1143.67065918884,298.72463079858284,2470.809150615864,2867.8358006204953,3349.672200824894,3881.6811443052925,2479.0939239381855,589.0770626449321,1823.2202660878113,3172.980222872457,1687.239913570478,1934.4935276331723,630.5566965885682,2506.8607084862883,1541.5030395389804,1969.7993707642981,1410.3000680514629,222.81759942121198,2538.4339705250864,3975.5641784025006,2051.1780521407227,1653.8568683867447,3025.5064492804036,1638.2025968527173,873.2847323128339,3060.2010917399302,1972.1492204973154,1746.2094278752581,2165.8685090140457,3304.088581933343,3720.993782090976,3082.1063880100714,3803.4756479493267,2703.488817008151,1407.7351273316942],
        [3193.0704989963374,2645.018296483996,1634.078963596573,3562.0795237897096,2086.5625824218255,2380.0764284062925,544.3983242946142,1888.95573594804,1183.5372977508373,3023.250718160962,3556.2604556666192,3829.5399973982253,2156.6663121395522,0.0,3191.257403463759,3798.2260750493647,4115.248533741995,2975.4482191022585,354.5186317591365,3227.9258181173855,4252.31073535481,385.29551325331624,3481.2796505727147,803.9524970869581,2192.2638497366784,3308.2448535481617,2603.4016685490515,1305.270083877336,2241.4411662991333,3390.831637681093,3249.806198154602,1434.8028869777236,2756.620581309704,328.5377772629802,3044.158651608807,3206.9007584264864,2750.247539026412,2315.919605160716,2912.4449624163935,2292.7599894163855,2574.6011061755153,2861.725526301854,3907.5291209148136,3212.569217328592,2888.399480260325,1844.9413694864547,1940.233637287449,1048.4736526267711,3634.418702951337,2128.810204222724,1255.2054511110834,961.4467884023163,2495.517106052619,2713.5515062803956,2305.716622229531,575.7338710143787,2786.019659917127,1858.4437193254994,4018.0516547916436,1702.6952106950478,4636.973532364199,3590.529079007692,1353.1524041456116,2669.338566915155,1543.6511572208453,2770.741968852489,1843.5573219439852,3587.825321385575,1705.4633470072947,4086.307965083942,653.3445453759439,245.7388712107868,2969.075328249363,1957.8133972721278,3650.6111054505595,2495.703040432701,3745.5089336901065,2232.746997603985,1292.8135368060882,2640.2649382949994,2054.069260686795,4355.933866831416,1417.4580602554845,3370.940519868439,289.99998566005354,3370.774398489484,2146.279721123904,2328.588653116857,2137.219936716292,553.3651369032099,3193.0704989963374],
        [496.5180414910186,3793.1391174069727,2359.515305840723,1523.9119005534794,1582.5354695218139,1109.903141249902,2725.5894261771086,3647.223855652556,3833.964645481857,475.76623411672347,1136.126722900908,5042.99620918693,1170.8741100731118,3191.257403463759,0.0,2260.0640207236097,2460.504065341691,3647.9316261759463,2850.266830887777,2151.021721038391,1543.723798773327,3039.521463180503,2399.8947803396477,2522.5243662437792,4513.09125459755,1839.859754869874,4527.276792000982,4353.336602782571,2881.640763362154,2307.922114933868,666.5742789187893,3778.8954287867145,436.49341943410315,2868.68558842148,4487.554801522357,1827.467580137759,501.14232851724734,3604.5880861098794,2840.610584527413,2063.1985939423125,1540.6612151285847,4396.370379022851,1184.1858276444962,21.385252181740597,2217.4455254315653,1641.6016862002882,2115.6691138895007,3879.6455708595954,2048.052839548479,1088.8649255882035,3025.5632741962095,3996.8588468154394,1565.445102212399,1400.033484660554,952.4928676378091,3446.317222721858,678.4042548752741,1434.2761412154575,1495.7382700662472,3436.5544695525705,2445.45096556375,3845.926547856659,3649.7011479872317,582.1239328966155,2982.8729219072206,3313.660588774098,2810.883933207903,2296.5916233766557,1486.5877788481791,1504.450921841302,2635.656070166072,2973.0199800921655,799.7536992255292,1296.8627023984836,1876.011465504909,4538.499216813107,1028.1622005810623,2691.9053261260397,3804.7086243211115,2527.382467877148,1940.7905886131532,2180.6850289512204,2550.776725415539,2192.1322897224663,3253.999531748799,3159.4527448656213,4354.152795220423,3419.297563311929,4473.950317574124,3710.50222033241,496.5180414910186],
        [1763.6098858221656,2641.790792575581,2201.040783769382,750.5106639647561,1795.768265599601,1780.8951791938475,3602.144084670015,3007.783774323282,4865.641128678471,1824.969228103462,1178.854846677029,3517.8891099747816,2864.937551078575,3798.2260750493647,2260.0640207236097,0.0,317.4510897299091,2234.67834675708,3470.696421127691,593.9009349553468,1397.6350332558213,3459.853070313218,4603.286137766366,3546.8178196374047,3905.1492007515767,4058.674598566041,3620.8768718841657,5100.604478194279,1995.5050770588223,494.3943082910524,1594.414441040752,3481.996949838414,2312.814839440373,3506.108358520974,3259.5618583494925,4028.766691088829,2496.6374431317167,2655.529992914004,1401.9659590001793,3955.4697734000347,3574.2389780285675,3261.2103863104785,1414.4496639152599,2259.670374777195,4304.466122436496,3249.8640815776735,1866.0675139560067,3901.8639349257355,221.34540624121138,2623.0830579296,4343.120943743917,4167.472973566909,3564.5564470894988,1236.1511613929488,2666.892035000915,3694.4326604896796,1778.0641478964153,2933.468030182895,1135.3657785923847,2911.494615311914,972.7299391255747,2069.038769675921,4852.065386307066,2522.942778428108,4445.187202658611,1999.6762278038277,4434.971409973182,4524.598788999278,2598.9557982721685,1210.3967425586407,3570.9730281229126,3556.5599597773335,1531.245527749269,2803.4871941533547,388.5348717233951,3714.5133832711376,1443.525607016955,4494.332037419979,3616.0258122877194,4500.157453173198,3725.4460558515307,786.1122864633916,2452.849091927851,4394.555504030581,4013.2327299478156,1375.1246826160123,3714.7131711116263,2442.3012775837965,3890.8735084460623,4115.892560067434,1763.6098858221656],
        [1968.3516569403437,2866.9271403805456,2514.3190760211564,937.9123423479951,2109.2848560728753,2072.9398929374097,3918.5832173902195,3279.9472564893795,5182.464831921961,2049.27092996852,1338.961870836891,3658.0877448707065,3140.8361654287983,4115.248533741995,2460.504065341691,317.4510897299091,0.0,2432.36637338845,3788.1068143954258,901.1643137330531,1399.8060944483116,3775.70432995461,4834.1569055948785,3860.8042747647833,4165.754130110017,4283.129266284284,3855.190749514795,5417.241418038899,2273.252772764553,775.207678926865,1795.5851125704419,3771.467187373495,2554.0846409890005,3823.5352405201807,3457.8327033975256,4258.547724501371,2736.5865319901327,2905.6266779137254,1641.3925301289398,4230.141917167338,3830.5349481122403,3473.098347418148,1498.798121013878,2457.874728964112,4558.567196493707,3538.0642140124733,2181.549364872817,4203.829040580351,510.3589169687555,2903.4364580016945,4653.095187813537,4473.609536737067,3824.823382051317,1537.1956395954744,2936.290720630869,4005.732907205919,2030.8186230073215,3223.044655405109,1180.2305319346774,3194.4354714612177,744.4098180667843,2191.1300314273544,5166.434134150462,2768.987070380756,4750.363260020056,2224.404797395205,4732.265134702075,4746.60202926789,2900.705516905526,1240.9415020965625,3886.583450989871,3873.7543143980065,1774.205083493241,3090.0466317818373,606.779062910876,3956.536614740836,1562.0200128862173,4780.172368446301,3910.2348086816432,4770.221283519681,4007.121933096808,641.180727616223,2764.6673872137926,4625.173441356846,4330.681164244467,1537.4464192549756,3975.0789477790445,2695.429277861174,4153.867986379166,4429.154874790068,1968.3516569403437],
        [3252.0468682891105,513.7301599109608,1685.467354416327,2667.585567056835,2179.4640512290653,2594.1238841203203,3125.3922099747283,1259.053708445639,4153.04694822444,3188.8922013861097,3013.2079919535468,1400.551928770004,3501.3895736972277,2975.4482191022585,3647.9316261759463,2234.67834675708,2432.36637338845,0.0,2800.720700296619,1793.1703370921173,3520.8092211493913,2595.4176875636604,5431.682381124562,3238.3423099642077,1920.8484656231153,4998.060583277711,1480.7988394897545,4058.3732406168874,892.8160805527899,1775.1221657343963,3149.929170125423,1883.7833932171704,3422.7409793890292,2836.4951048105413,1026.205654548696,4927.3877633551,3570.373093313907,745.8815899828498,882.4369853424588,4399.149504452396,4288.72066555894,1047.5236127741,3389.53281086261,3659.9914069214733,4941.772960166542,3628.7797575608165,1691.9110556937676,2469.1797982004086,2255.7029332123475,3268.3789966117597,4053.4064010536717,2797.0860400277215,4238.9193768649475,2262.9471891098806,3428.185763852649,2556.1320634067997,2970.5089849143687,3365.9588438645756,3225.9048678177223,1341.80625984641,3175.7381411278516,649.0389459399663,4317.464316712776,3541.320318089796,4281.559726355594,336.7127800302384,4451.167778658876,5435.87380904049,2915.2869214671427,3312.34913218721,3165.2183840001107,2810.650633553708,2886.55173893233,3315.2026270552396,2432.651655265144,1611.5971767817464,3329.7213999386213,4705.197520157694,2075.2410697525065,4931.343699577785,4110.094958125333,3020.1668435181577,1734.3849700934832,5245.842286817902,3263.128272639688,914.0915103980544,1741.4531168359945,655.3489034668929,1927.62638863007,2985.234796782026,3252.0468682891105],
        [2840.7815947380313,2518.7197573150434,1341.488978189456,3213.9488933820853,1739.0240202770258,2025.5999674243885,377.2130890191884,1816.4537706414412,1434.6868633484164,2671.5276671246393,3202.432196806567,3761.8779632123606,1847.7422996646694,354.5186317591365,2850.266830887777,3470.696421127691,3788.1068143954258,2800.720700296619,0.0,2908.103717874766,3898.1673097912985,305.7588995313608,3300.850792303979,604.2543931604544,2266.6731964704513,3081.362601453564,2610.813057211267,1647.5136557377966,2012.197517460118,3075.905049496082,2895.888420203771,1465.1058594695364,2417.348780511603,37.85105315834229,2984.7316683037907,2982.211182409478,2419.16781532738,2190.175340854726,2651.8171732185137,2110.279434662313,2330.2494604678604,2809.57217078569,3553.0182924228375,2871.5110517934254,2713.8838004227414,1577.646175694343,1626.2097221784938,1212.6529520582133,3301.586948288226,1800.329631230184,1280.3109677912555,1210.339558804454,2252.8374345561633,2366.3222483787663,1982.552132515242,710.7958090928314,2432.7610423966626,1552.5486351571728,3665.049345421587,1605.6831810811202,4295.043616212305,3393.3486987501597,1530.3514659539119,2339.456997589259,1541.8757685269743,2568.344174493255,1791.815710474931,3391.798857030572,1363.7854806722858,3732.8784561170737,465.2759835274035,123.45365579838455,2614.582287419101,1640.8248788919532,3311.1228498736855,2522.285848671802,3391.0113835461743,2144.9517896612238,1361.439304311212,2512.669375261312,1850.2845178517034,4012.2925056087597,1150.002123618057,3174.9670229672156,544.5318885997348,3118.614066896003,2191.959394596554,2171.6573530677647,2212.892929947717,863.6054520111676,2840.7815947380313],
        [1674.6705694733553,2143.0575886218858,1615.1533139377411,882.0633717185973,1300.2473308828971,1406.2308022564735,3063.2042056257787,2437.3357786119823,4319.515268177879,1678.6846097518178,1265.072838921506,3152.270112537864,2517.2022464119405,3227.9258181173855,2151.021721038391,593.9009349553468,901.1643137330531,1793.1703370921173,2908.103717874766,0.0,1727.660355215039,2881.5580378157388,4362.80464706061,3028.8321562577567,3345.8242941662893,3841.3072522329435,3098.5328820800487,4525.995011448234,1423.417928312022,192.01612790342872,1529.737750728934,2893.866133878674,2090.7683395991844,2944.2524667050156,2797.338789115765,3797.865735827651,2271.314338516247,2116.961694381953,914.4558550098013,3595.862753151474,3275.9615850311734,2776.537751906759,1614.927095891986,2156.25525542129,4003.508528007292,2852.1680368597113,1288.3578238413859,3308.010997355241,504.7993604106063,2265.1787237805615,3845.682763334162,3574.0348148891517,3254.568852350218,857.3832339418497,2345.603283381838,3104.7154063278017,1549.91243832077,2535.305294918422,1432.857647070658,2329.685283355256,1546.2913547050423,1779.7785387509955,4327.403662657691,2278.8971967237576,3970.3072457194116,1515.1290575022406,3992.7089163358173,4307.876037327056,2155.6885519193283,1519.2122541022027,3040.265693120725,2988.807028251344,1355.210962188069,2419.004575934207,649.8080134453697,3180.5465072493994,1578.3331386410384,4093.2230718270666,3024.8083486877827,4150.053553956778,3345.112743690249,1321.1053149385193,1864.0112114186397,4156.959694197689,3452.3978202589105,1060.6890157598036,3156.2454692797037,1901.2819059614303,3328.680964249305,3529.316533155229,1674.6705694733553],
        [1194.3159025182472,3854.3264489763565,2915.693212934962,870.5680100084008,2203.8958777718244,1874.6366210556866,3894.432067318985,4030.993470821482,5118.5250751436715,1359.3494693216564,698.547077879661,4867.48874942061,2601.9440240438016,4252.31073535481,1543.723798773327,1397.6350332558213,1399.8060944483116,3520.8092211493913,3898.1673097912985,1727.660355215039,0.0,3994.7031246115134,3888.920791827627,3750.1324142145954,4954.197629535749,3326.7116554141635,4779.423964318316,5525.636709849168,3051.1989720381825,1764.8413877028686,1067.8908603012035,4376.157234752793,1849.5372622637944,3926.538022100771,4520.911801636132,3330.3849651934497,1994.1336224496984,3789.895266955392,2641.170148256262,3592.9812900585694,3083.295571728213,4491.418699695841,377.51860491869223,1530.413659025881,3756.956532278376,3071.8322771497074,2571.352264148121,4664.0299579088705,1294.371356526646,2432.6521180562913,4402.6557262389515,4867.4456962006725,3105.1202845593943,1616.005836338773,2369.658622450805,4333.082126084233,1525.9665716369088,2801.414708767084,297.3261946528846,3877.7348146404297,1019.1726247383614,3446.875816048196,4999.399561810812,2060.238332164902,4412.174094131976,3238.0568818567585,4288.481314743564,3760.483837727391,2659.0380411169895,210.05485589431655,3827.5866303098883,4009.659237670727,1298.2034475942755,2653.3230569434254,1098.6747207979718,4844.413877172395,551.3812738010748,4212.759886134713,4466.192231736098,4070.20286326503,3443.3818738403365,840.4426523190438,3169.260408379888,3686.093821458693,4393.634769721737,2734.364551714704,4770.149272529344,3575.2424416643657,4929.017858366311,4693.154571970905,1194.3159025182472],
        [2986.8298718431047,2279.0962641906353,1272.9813186858537,3268.2795677043728,1799.7191593882694,2140.321709429146,678.6672970308583,1545.8562275241545,1568.6443470527422,2822.1634360340895,3296.181764213019,3493.2610311405597,2094.2534952261894,385.29551325331624,3039.521463180503,3459.853070313218,3775.70432995461,2595.4176875636604,305.7588995313608,2881.5580378157388,3994.7031246115134,0.0,3603.208133373644,909.8571231204252,1961.2508999374356,3373.0813779149134,2315.2395123782403,1645.947231569214,1856.568999954177,3038.953511660204,3026.4556267977127,1162.3688942054534,2613.1187018172586,323.77588746969013,2711.5727204363106,3274.8092536744084,2631.542239281119,1949.4736052308724,2531.8466342488377,2413.5045006951004,2617.2172920614685,2533.149756150642,3662.222696797269,3060.4961533440664,3017.449501200663,1857.6403410826317,1594.2781227930168,923.1154197073655,3304.326925206476,2021.8487751574862,1550.2403228982419,964.3442942052561,2540.7258669098155,2420.407366689764,2210.5221390974766,428.92547763551045,2573.3041196288546,1804.9163632300201,3748.172845543636,1346.1817958217932,4322.435870334413,3207.0218598057913,1724.1605330706082,2554.404268998232,1822.897337238758,2386.287747968644,2087.1491460539855,3691.3525434682415,1564.636788036789,3820.1003542280555,770.5480110365485,241.06801896260845,2733.202262368366,1880.122652116498,3332.8145412314066,2222.5786100279797,3505.8961061832697,2447.2309765269633,1055.6921596665302,2818.3123841283173,2150.6123360860224,4046.1899214479454,1044.697715852866,3474.7336994665266,668.4906948663981,2987.94313525432,1888.8557853435773,1951.9720928336951,1907.3922524251202,698.8364567948483,2986.8298718431047],
        [2874.589910498423,5382.519122507201,3782.0926547076883,3898.402562001937,3294.5011509507167,2987.19553849618,2954.1683370406963,4908.692462202577,3322.373888479734,2784.9134322823843,3532.899840460125,6712.03993491401,1936.7298611796464,3481.2796505727147,2399.8947803396477,4603.286137766366,4834.1569055948785,5431.682381124562,3300.850792303979,4362.80464706061,3888.920791827627,3603.208133373644,0.0,2701.632767914808,5540.754682680397,562.8847719918239,5795.769978170082,4042.783851760368,4545.279294110026,4544.6182900175945,3047.7703300347207,4725.913599440558,2292.4100773595624,3290.359097531376,6007.000701878868,575.6624124744715,2108.39932197159,5099.9809894771415,4807.827435968996,1191.5417185239912,1143.4013013649896,5862.2991886435,3558.0344255923205,2407.0207135754927,593.6318543369805,1848.9627232546611,3741.4252855254767,4506.258275153847,4383.50620644316,2181.106266406044,2462.05388113109,4440.558799143545,1193.3940875726512,3509.8901681992397,2049.254124034228,4005.2571146171376,2833.9719017988327,2073.2928356580583,3885.5037075261425,4673.694800265991,4839.689890263187,5817.3163074718295,2965.386575264983,2089.3985832515027,2205.289998760257,5105.926817253009,1843.8398033811336,204.09300917034602,2520.6124835032133,3884.7042208831804,2849.6417143379313,3397.7370514522718,3072.3463525941734,2116.480023896418,4233.578667658003,5739.273004279361,3415.5670510149516,1429.5127425133728,4649.376231888163,951.2611145720379,1455.3358832526876,4579.583517609825,3825.329093056428,208.98386297541225,3337.0700334444573,5224.895752139427,5441.850542781852,4980.199452177436,5488.785212757489,4005.7485420852345,2874.589910498423],
