{
    "drone_dist": [
        [0.0,4738.340400516874,3990.7062000348956,3918.0941997756054,2728.8505374955967,4176.326811147637,2672.1192057904136,4399.8137513930205,3677.725895880298,5316.051747787094,1996.6948766018277,3471.106926391496,2966.0630274709415,1756.0302210585878,4138.458211939262,3950.130209095728,3559.3035592741803,3651.2302978003972,555.603930568274,3695.537763419689,4253.7757211513035,4294.494984113993,4916.982849007423,2547.5973739525602,4702.2848466673495,4530.870423799214,3238.875548678789,531.9125278149517,2913.6859769643206,4988.026805559086,1550.279194675923,5449.836597382199,2384.601971063554,1477.1928012640533,3350.8546964612,3793.8818160760316,3122.940037444692,4989.8089621315685,4059.057331596149,4166.177000878772,4794.230115301968,1570.973070294453,4745.2014298540025,717.8219404259116,4374.267515418894,2988.6141947955302,3684.723613726431,1793.5737065480423,4387.106794221643,4180.152729513363,3459.3274731718852,5571.007739106819,2670.523167088545,3208.4185984937767,5156.045709254135,2730.889328324885,3627.003735409391,3502.3558833568163,1665.1806499771458,4050.1199420675784,4049.8758888107777,5126.497730790527,2185.0982344269764,3474.401485015347,4901.743557090891,3178.1491329532814,3781.842310208729,2903.3311483691873,1523.762420656117,3186.5656265774633,3848.205102652525,4221.691308102081,4067.3794298640664,4788.723223122988,1218.649273710705,4926.982618680976,4279.2171953143,4755.098348071714,4375.807744678942,2646.971151007172,0.0],
        [4738.340400516874,0.0,1418.9200176388385,3633.163020035167,4258.796030589224,565.9312310887477,3068.495876295308,5088.528286853202,1763.485443064508,2618.595300259556,2745.774368450463,4948.7679609589995,2639.34127765379,4129.622440824375,6098.7944339296055,4427.997396921161,4705.286041338198,3584.820058688447,4488.363308662915,2581.432514701941,739.9957188617467,4432.653867181334,994.7249812177141,2524.5072234312333,1848.2868287063823,5165.627689655447,1670.4342416749553,4272.437388183944,3419.2851274001314,1930.4276021011271,3189.301169429057,2295.9527354021507,4283.550158120769,3281.443205695579,1587.232184399652,4244.9457847037465,4925.819974272629,1594.7603338795934,680.4637000582642,5570.634191056812,133.23971636450457,3167.7016667836333,4199.230811712287,4381.676166254686,2303.9062243937697,1749.7290408684146,1163.4941132973063,2999.98584520122,5361.491647979317,1234.610305606446,5069.5450991406515,3216.840794946487,2068.3497836207457,1577.5350040854164,2615.605427699568,5310.325583480973,3900.7809309726704,4700.896815562631,3397.2721913772834,1222.216896611482,688.7817089293158,3666.2148508783393,4676.156396465127,3366.85173014853,1982.429950887794,4825.121578616942,1621.7930318292326,3472.158365752921,4485.429847476277,3561.619289881198,1220.439877219023,1273.4139614162013,811.8241230236664,2886.545163773791,4838.250019192059,257.84628858482216,461.5454247488316,1976.2458475235314,4985.328131384853,2156.7358636195586,4738.340400516874],
        [3990.7062000348956,1418.9200176388385,0.0,2218.090117651706,2918.96183500332,1206.9421295228601,1785.1829008690395,3671.444229525063,390.3379298319643,1713.426572095589,2195.773158115641,3552.410806674577,1335.426739597079,2971.3176484025767,4697.573104761673,3009.114384944979,3298.586622413897,2166.17196671149,3895.343843874786,1162.5386594151585,684.6824057206543,3022.141528657528,984.2503102907891,1468.2257090354233,870.4697706383712,3750.7085188852398,818.5038052419573,3621.293407152675,2060.8538092011813,1127.8191662570916,2559.182320198291,1627.4570494278132,2995.4880987551956,2536.481387585434,1825.7693796617532,2826.3409106513477,3557.0906953358976,1020.9439290125151,1154.6180084375858,4155.807353577098,1547.806968417455,2529.2495514346488,2836.589633539571,3475.548492278858,1020.470090271042,1384.2081596301,685.1560418904857,2532.335913982914,3942.633855836896,225.96179051670836,3677.2289017210605,2232.9541392185606,1625.2963441816128,1552.2820424682134,1624.888795502458,4003.1587655326675,2483.376553919881,3297.1676658524916,2408.1535723681363,198.64398994077467,1097.5233083505277,2429.696234087539,3425.3324993647834,1952.4153238321014,1088.1597822797885,3448.198555050366,243.8764578086462,2113.839120773564,3363.948978178166,2167.3924932965974,352.81821784958294,241.60313314973715,704.6340657980747,1670.5843124059852,3783.433895677208,1675.3439826418144,1223.4682262791014,980.7171950405153,3568.8444627729823,1924.5629055522172,3990.7062000348956],
        [3918.0941997756054,3633.163020035167,2218.090117651706,0.0,1445.8956409307525,3387.7132838522157,1399.9944599207163,1456.665643388667,1920.4542983869371,2056.261859003971,3091.3221344894455,1584.2144897052124,1441.048285818944,2218.3010126571344,2632.2737174207386,821.2985814874166,1275.604974269568,266.86478994735364,4130.065461595873,1064.3872253504267,2902.7723582176172,809.9519056557214,2949.847141489948,2041.0473974617632,2079.101335591742,1532.7203942639278,2400.999016120366,3822.147835038184,1016.9405012219029,2244.6779845693322,3163.532962581921,2438.4776354300734,1749.3501952427714,2957.1676655721185,3645.926779897741,678.4823786288757,1759.8213996134966,2517.921584460224,3312.0378927614597,2014.996287482667,3763.5663510104023,3133.5195309981177,881.8257389690659,3208.5263923186476,1478.7711869820942,2958.1172527791405,2716.5233147434838,3390.284495060327,1742.0730732869906,2400.1458120697403,1723.341452998961,1975.5219422251296,2970.6338913371133,3304.9036650342964,1886.2304558221194,2424.8323110703695,444.756244687415,1300.7504841966763,2399.771192125866,2416.619402625311,3257.4728016352833,1272.219032605776,2191.364175838703,491.0603178298944,2126.5699753385866,1620.4119044274414,2042.6233349505223,1019.5330082030504,2580.194961068442,731.6600302808195,2483.0857687597527,2366.998649913106,2899.691322339266,1324.4338006231646,3066.3316201199436,3887.465915442872,3421.7343648482824,2011.8774719061564,1352.5874947356544,3327.3099915339935,3918.0941997756054],
        [2728.8505374955967,4258.796030589224,2918.96183500332,1445.8956409307525,0.0,3850.5398879294203,1205.7031144287907,1694.0471632714352,2533.175418163571,3391.738722097951,2637.8201160963245,895.4467549272133,1619.5666367159104,982.4430605071163,1967.4695767786163,1229.4816071464168,864.5049920654906,1217.3492821649727,3068.27001809493,1914.8560697507064,3534.6962226048295,1587.7319576934588,3853.485033035637,1904.7263932858405,3163.2432440806188,1825.3919891728121,2663.5096323134226,2782.070894537233,860.8366025990504,3398.006114696152,2500.255268459255,3708.7339511119408,349.6968707370839,2238.376356154439,3694.4891437367705,1094.8937931429266,704.7857187903218,3585.764028203136,3745.417826059069,1661.7310769857302,4373.388669905162,2478.8273520239118,2118.9258990320227,2017.4432572714363,2606.0458043534413,2991.349310521098,3135.2505250300883,2828.9056442902065,1742.9883035291439,3142.2017410767244,959.7386175183619,3402.050999211454,2849.838754458046,3369.307403295197,3215.953310000155,1100.7705710939497,1033.865991083295,814.0612509212582,1613.6327544606606,3091.24407681767,3701.6233713695174,2712.841729123272,747.2846211502473,1206.2974343227359,3281.69198800788,649.113843970147,2681.871743377152,808.4543703411634,1240.2582239159563,861.7676360698454,3040.782991200386,3138.600332096318,3448.7423611977188,2689.617266019173,1695.928918810921,4513.489794756889,3918.607833345404,3141.034447803422,1658.4619974251773,3140.823885005971,2728.8505374955967],
        [4176.326811147637,565.9312310887477,1206.9421295228601,3387.7132838522157,3850.5398879294203,0.0,2646.157083793532,4824.936372912241,1467.6775377882875,2716.5042002506093,2181.841601531798,4591.417816056061,2241.657989553766,3638.5489602760854,5743.13824227758,4149.2109520483045,4368.124416033561,3302.165233095861,3922.4347062836046,2323.5138383297694,592.9891008940092,4197.322402485021,1233.2179648081435,2038.3867675986103,1875.0547662927681,4912.363981644271,1197.9512876079898,3707.437623791577,3037.628822127539,2032.9975187522027,2626.4411527213624,2472.2043741016346,3843.0419782813897,2725.630072012856,1061.911445494173,3955.7051395921385,4535.60136596543,1746.7322355319927,119.68219747554458,5250.778509298383,619.6646663379455,2605.3584068358928,4042.099864729297,3835.4678244428264,2206.466081030524,1189.0203325555349,716.9597703634644,2434.070284605684,5078.717009916504,1095.7878811789953,4705.45458080071,3295.4201539037367,1505.814980024518,1015.2701353594892,2676.6882218676315,4871.601090550589,3604.293185281477,4357.82777989445,2873.8711268943907,1017.1250671529441,150.21130875279718,3613.8778385319733,4213.786095164195,3063.652166198616,2053.3514912347114,4444.047290414724,1347.2665902974743,3089.451704520427,3980.1374713950213,3215.3780065149263,905.0383133773229,1155.7672675469755,502.50940314274965,2839.9687855538423,4314.296889971005,756.9289504866575,104.60065728012033,2005.683221396634,4725.554980167109,1592.8264814763345,4176.326811147637],
        [2672.1192057904136,3068.495876295308,1785.1829008690395,1399.9944599207163,1205.7031144287907,2646.157083793532,0.0,2492.738093004595,1395.1984201936568,2691.890503139679,1717.6962393882168,2003.2195419852035,449.91156444155337,1238.4151983187649,3139.4140095173507,1831.5151345592406,1834.9280468747058,1156.605017505581,2798.424945408719,1051.4622656936103,2356.755855306971,2051.227450941074,2758.1657403537447,753.5234328915275,2221.070349837314,2609.4224884897144,1457.9549052946484,2489.2521704269757,484.1311614121815,2491.7757396094935,1763.5495302426766,2896.9010278927854,1219.4525951319592,1560.9014160098068,2539.820083988291,1623.7554700536796,1899.8385252335152,2599.1281248279447,2540.21517436988,2726.8637992398535,3179.606489594277,1733.583703156279,2281.806228891794,2008.0749918932574,1771.6259498895781,1827.0420523961054,1932.2829641438825,2000.0597214787715,2665.3465230299234,2011.1096602138218,2102.457382413801,2901.9392762589678,1736.4561447695066,2204.4844114963735,2523.7304915526684,2242.6825849787824,1305.297486209689,1809.7219676669679,1042.1526287393576,1939.2311086342604,2496.928136220812,2487.167519799823,1640.214897887975,909.2990021006965,2386.904422332285,1819.3285909612287,1541.6121056681534,522.4637234313151,1646.929066997732,780.6085518952983,1859.4871067451238,2019.248779965942,2256.6935461311414,2119.955377076694,2111.0437257422413,3320.895144002238,2715.9579873693897,2237.1789441257256,2415.69168575241,2066.091802455047,2672.1192057904136],
        [4399.8137513930205,5088.528286853202,3671.444229525063,1456.665643388667,1694.0471632714352,4824.936372912241,2492.738093004595,0.0,3359.004989124786,3285.5372035380415,4176.160240747239,983.0096928347751,2720.0302748410895,2673.498734616317,1429.5477899013247,683.7910080976358,840.6147592974713,1524.2674878597804,4760.474001838269,2511.1039225882946,4355.800779537318,692.2727966313251,4392.225938011959,3238.829061949109,3493.0806379962314,131.48482786680748,3772.5775371826985,4475.949251274066,2008.7528987308137,3622.259803414115,4119.51992286993,3720.8644888716076,2023.4588728767544,3869.68412048621,4978.7962001544065,889.0583902876746,1352.091109642309,3924.7357721284243,4743.546437766967,753.4613809537766,5218.501526920857,4094.551096103553,1241.3542686776884,3698.275092523196,2901.57877426975,4269.710992836365,4136.463679602105,4418.1105523777705,329.03796164566023,3856.435995643247,1054.8085254047453,2997.1959208484395,4219.778614763902,4636.610826833822,3136.9151838033013,2011.8626329720446,1240.1523704229649,897.48108135378,3245.705089069394,3869.628323528418,4690.24970631776,2115.456534383465,2250.966718506511,1774.3487066856562,3508.089695544689,1256.6758717387565,3487.5256816324722,1973.2584834400222,2880.7433825515914,1724.3024810685374,3923.8683033188568,3823.6579841536736,4344.374236873402,2582.1690235783753,3279.4878952906247,5343.338961829239,4864.2601684572255,3410.5553138069986,108.0721988358179,4556.965355410937,4399.8137513930205],
        [3677.725895880298,1763.485443064508,390.3379298319643,1920.4542983869371,2533.175418163571,1467.6775377882875,1395.1984201936568,3359.004989124786,0.0,1812.2465067290366,1979.3722383790648,3186.9587720968134,945.3363483918324,2589.2548558529998,4335.941834087862,2686.1935917733695,2941.8542527266873,1838.866083443825,3619.4092876025,857.0911489996548,1024.044634297993,2730.307183932655,1367.4514596648783,1132.501471251792,1049.689778954411,3445.127291970792,680.7420478852677,3335.369949247229,1677.4628102086976,1333.0076067462776,2303.410660128153,1821.1727259512566,2605.3120530252922,2249.8226183627175,1877.2829894775498,2496.1326550520116,3178.801689827003,1313.4179261565916,1392.0276382624897,3810.4250296591904,1887.6833795296704,2272.202887024163,2610.5327746551216,3133.7732811154915,962.8382751308569,1311.7723022289417,811.6789454839785,2323.7925027823053,3618.140069396728,616.2740751315602,3309.2775597681525,2264.3242881355936,1490.3061590795905,1564.0167942787189,1692.2078153125742,3614.442863027257,2147.3443330803075,2937.470505299146,2062.359974846714,558.9266610100676,1337.1991608655032,2313.865394331672,3035.215925824743,1609.0575731047334,1263.4194579228238,3072.715350804062,148.74355530395354,1730.5375870933003,2985.142670038937,1799.626149632258,564.8963700066362,625.0464270504992,986.883454030606,1603.606987699037,3412.5234091170246,2021.3313704332752,1505.2821506423486,1128.426084163768,3258.953955989209,1826.3669984915846,3677.725895880298],
        [5316.051747787094,2618.595300259556,1713.426572095589,2056.261859003971,3391.738722097951,2716.5042002506093,2691.890503139679,3285.5372035380415,1812.2465067290366,0.0,3781.564927053559,3637.4938078487694,2350.578158116856,3892.935151765452,4630.871207462153,2803.8563370870693,3325.900834833693,2210.9675233463845,5342.121966556898,1640.4527280470406,2126.6723600418068,2605.2242709811476,1635.4324875565742,2823.922482671621,859.8508886388562,3307.4101792160236,2476.341368778717,5043.959653506239,2649.4248587283255,691.1961549787958,4072.9787357514438,459.051054773705,3624.911436309331,3979.7103928665033,3525.819248080656,2712.029165739916,3809.9932060949254,1026.4524720253712,2713.6253097023705,3973.8333588113574,2742.875923841014,4040.928337574083,2089.2592075733055,4687.051654404022,942.8979954313921,3085.177819273305,2387.144539018028,4127.129833440297,3611.583021288125,1690.8349364427147,3776.6761636006263,599.9620602039693,3295.7322981409566,3264.63323106328,175.9194287801996,4448.577079361439,2494.5436925794934,3354.388089243836,3650.928608725121,1822.4080544908788,2660.4508669244847,1280.2207405405336,4093.440356331847,2186.0114493524297,663.928632851223,3672.1251570572554,1785.1727700592414,2687.917362950758,4299.856447220722,2535.2841251764644,2053.036456074884,1622.6612080675873,2269.3941676131426,733.1952109843866,4781.172707712605,2811.102463717443,2683.884582619406,737.1510313907118,3179.084488876417,3618.622734601531,5316.051747787094],
        [1996.6948766018277,2745.774368450463,2195.773158115641,3091.3221344894455,2637.8201160963245,2181.841601531798,1717.6962393882168,4176.160240747239,1979.3722383790648,3781.564927053559,0.0,3531.033637357696,1689.8671294979297,1948.2670558898033,4573.5637296933,3535.1364455167472,3440.027571121586,2863.6478203358142,1760.8495295856976,2375.2087870012037,2312.94754532341,3768.6661098161194,3024.62536091898,1074.6223047409605,3022.0284084572877,4298.294620483954,1380.2110219793324,1528.4321292337695,2186.871906162749,3300.0478367228156,447.3167228359501,3795.066577192195,2443.925733144956,610.317764957748,1404.9242477202974,3329.9003035643086,3314.370202561235,3215.2682389698875,2065.472949756087,4294.563379304274,2798.4849910860275,429.49434644728296,3966.708469222552,1741.520092727945,2874.981964005948,999.343327115804,1747.7055790585043,345.6363714282478,4312.328439218605,2344.866018206812,3596.6247334464056,4182.498568245992,678.8649813692416,1218.2478642990325,3649.6709415711707,3355.167533567751,3021.6053209552483,3402.1411141015333,1078.2266419727796,2201.478861086027,2058.8530566412906,4012.759976399448,2630.169859350433,2603.9942425388513,3238.8026000340274,3282.720319634428,2037.7996381084558,2215.050673733169,2152.06018975119,2494.874922874923,1971.3445405275988,2398.6987105203275,2116.0585344348506,3444.4636167292906,2342.51271645219,2930.5524757245366,2285.2879205973213,3107.005216040096,4107.109840708126,689.6797338403787,1996.6948766018277],
        [3471.106926391496,4948.7679609589995,3552.410806674577,1584.2144897052124,895.4467549272133,4591.417816056061,2003.2195419852035,983.0096928347751,3186.9587720968134,3637.4938078487694,3531.033637357696,0.0,2356.7271694155843,1802.8843952314453,1152.0417203749635,899.9399179787271,314.1922070428387,1478.8211400117734,3868.2358394708112,2431.227028593747,4210.580864997053,1238.0415135755572,4415.108832009968,2743.0942241328453,3612.3535207466293,1106.3173828846557,3436.5903201243023,3597.705746310023,1559.868456118792,3804.5402348354214,3393.3664768389585,4022.202053392276,1157.4752901934207,3130.06395927671,4538.381468297821,933.2117206064156,369.4813581751218,4051.216991694321,4493.886344560114,766.5708907747704,5070.77412794491,3372.451869570065,1885.5029937663287,2787.775969184762,3016.4956999014858,3827.552081050214,3875.8905017273114,3724.1608399713623,916.4818133789757,3764.8707459752313,139.19471626878806,3497.2183138118075,3711.0722900640058,4205.71442047913,3468.9598083401734,1051.339348703319,1161.6429770932682,283.4648558734142,2507.1527085158373,3740.213685186077,4445.973875564348,2676.547681344171,1292.6118193297323,1624.4336864514498,3685.663969560279,293.21210165923435,3331.569045803776,1509.7310419981725,1947.833915552412,1387.3586029104351,3732.4212339070905,3748.4976608517177,4153.275795274408,2904.381938995623,2316.3476600727395,5206.448510077459,4649.444802554662,3560.8826872114955,995.2635130574056,4015.2615845361465,3471.106926391496],
        [2966.0630274709415,2639.34127765379,1335.426739597079,1441.048285818944,1619.5666367159104,2241.657989553766,449.91156444155337,2720.0302748410895,945.3363483918324,2350.578158116856,1689.8671294979297,2356.7271694155843,0.0,1667.5003283324656,3506.2865018585694,2038.5223082651057,2152.066800187215,1248.5067970742286,3022.0376812395384,744.0583614125064,1918.6522488556848,2192.5647946572462,2308.779274128672,616.2230414195283,1806.5667037597016,2826.560932468206,1082.4965835017776,2717.5263158622456,797.6138832682612,2084.1554327537497,1847.206318409179,2512.8635113074256,1663.9460144824225,1695.470579571671,2258.773278314255,1831.289831797529,2295.1778677735692,2168.0364582746297,2140.8135533931513,3045.0796951396405,2753.876344564897,1815.1587011095498,2296.721944179622,2342.9802404205857,1410.5880930824228,1551.025777906058,1524.6996189837278,2012.0164409033955,2929.963852510479,1561.3767699513417,2467.096736839966,2628.5984126252765,1532.8578594072378,1916.5924413008686,2189.9844389301056,2681.305554877522,1483.9701264726204,2135.7520906043146,1300.959365828432,1491.6965318383245,2094.404289858712,2338.253492159582,2089.9090709300795,979.7157376085881,1984.6143121048287,2202.389544616838,1091.9881059200147,848.8186936371981,2071.8939954847788,1011.8150280213595,1422.840858828208,1569.359660665769,1829.2098679465453,1852.4011311624179,2521.8738693335813,2893.9231671553625,2305.248651379568,1834.736011512112,2632.3423925467796,1887.3973276542515,2966.0630274709415],
        [1756.0302210585878,4129.622440824375,2971.3176484025767,2218.3010126571344,982.4430605071163,3638.5489602760854,1238.4151983187649,2673.498734616317,2589.2548558529998,3892.935151765452,1948.2670558898033,1802.8843952314453,1667.5003283324656,0.0,2697.8524871139634,2194.7000166119724,1836.766266753128,1954.938270900923,2086.981652440853,2265.6943549075545,3467.6924634227144,2538.7745109139646,3955.1453531183042,1605.323428812474,3459.484098332218,2804.974676999694,2459.2037218051278,1804.5024493841938,1274.8657488057272,3729.4928937666446,1693.2641599928952,4125.560902728562,653.1572343206283,1425.9334631561924,3221.1078858090077,2038.2848249714777,1498.6823752525474,3834.0188702942473,3522.235963092888,2551.2908579378945,4225.738444538763,1679.283471252592,3008.6792048639463,1039.8638716568548,2995.0125530444284,2580.352075379278,2966.1822726687105,2052.3143197032005,2699.4766530498855,3194.1277200058935,1824.0930748056176,4033.274455459921,2354.1287097793916,2935.5826289490483,3720.5079982209772,1408.76578183967,1887.9949579293261,1782.7871085467368,874.933577541713,3102.770395202435,3489.6228164994336,3471.7187975310944,684.2989644003799,1822.5714695500906,3623.6472518857368,1515.3054257645301,2728.9947814391926,1248.6797226466188,409.593814019946,1496.1910962599804,2978.7419806125063,3211.5216537549604,3332.9039580524704,3265.251581621851,889.0869512624089,4368.839734214333,3724.4429317819727,3474.1473652435993,2640.477906174801,2567.3355602656547,1756.0302210585878],
        [4138.458211939262,6098.7944339296055,4697.573104761673,2632.2737174207386,1967.4695767786163,5743.13824227758,3139.4140095173507,1429.5477899013247,4335.941834087862,4630.871207462153,4573.5637296933,1152.0417203749635,3506.2865018585694,2697.8524871139634,0.0,1831.6307405876832,1401.9966392549852,2579.2366755019802,4613.101148336596,3562.550607705861,5359.941207850051,2044.707590758291,5539.685704100707,3865.8063883227433,4705.292108600651,1469.4540900278264,4583.729494705205,4380.005202287908,2708.715406647099,4876.932541689717,4378.46900273819,5044.739732836446,2130.1038710553134,4110.476800870992,5659.628590404108,1953.9314200656945,1266.358561766961,5145.068802411528,5645.131414551259,678.1656507559339,6221.396658283884,4361.607296214222,2657.8728245386783,3536.1899318513497,4104.856614683437,4953.2509155377775,5027.319321444761,4728.3303850660795,1115.9693087900387,4907.410591123695,1039.517964582964,4397.883775552975,4817.306698433887,5331.655972088375,4471.269055974498,1407.6823317663404,2253.2691874470793,1400.5581362752805,3510.0721197121593,4887.117167594766,5597.463996237695,3525.3273378846397,2044.456221359244,2754.751014482155,4758.843462764734,1324.2187542151219,4479.69016322261,2657.850513989255,2699.040092186472,2537.3644113513633,4883.670149064205,4888.6316371449675,5304.913297654645,3904.8852821665214,2920.004475114572,6356.567199955995,5801.460008740738,4642.872728990064,1520.946443392852,5105.042342420107,4138.458211939262],
        [3950.130209095728,4427.997396921161,3009.114384944979,821.2985814874166,1229.4816071464168,4149.2109520483045,1831.5151345592406,683.7910080976358,2686.1935917733695,2803.8563370870693,3535.1364455167472,899.9399179787271,2038.5223082651057,2194.7000166119724,1831.6307405876832,0.0,596.6125208697752,847.386032644888,4260.607190754516,1846.575804097194,3691.794392985421,371.6313898662402,3769.976376198555,2569.4443822681774,2898.2997183337825,788.0996314147978,3088.814756890378,3964.8484387225612,1350.9081958232157,3054.8554969394777,3510.5416230488386,3213.3962495205446,1579.0868139578206,3270.100629799034,4297.075720563039,208.76253954849636,1188.7520737901812,3336.2739067639336,4065.899358442529,1196.6042526824199,4556.820726131946,3483.9766137349716,994.3865877245674,3234.563546073446,2298.6830559121695,3589.1909174064117,3456.5764552845494,3792.5786531101203,933.5491230793348,3200.753163878787,1031.792542558306,2615.277145600966,3546.960163380344,3954.7189282316563,2641.9923101533336,1904.437068938097,556.4496800978777,646.0487149880836,2655.6976157486306,3206.3952334643463,4013.0535002465135,1779.4393079166714,1914.9505966719826,1091.7263374341505,2937.609362787167,1052.935310657895,2817.769257319818,1320.3786912421044,2469.2940195774554,1053.79243686415,3250.894513931398,3171.4468357089677,3672.896271166281,2074.9227573854464,2915.995527295036,4684.08610845213,4190.936741059167,2827.506963928681,593.8201313824264,3888.229331340731,3950.130209095728],
        [3559.3035592741803,4705.286041338198,3298.586622413897,1275.604974269568,864.5049920654906,4368.124416033561,1834.9280468747058,840.6147592974713,2941.8542527266873,3325.900834833693,3440.027571121586,314.1922070428387,2152.066800187215,1836.766266753128,1401.9966392549852,596.6125208697752,0.0,1185.8998676121755,3922.977344968305,2160.603805154429,3965.529479451697,950.4321241804846,4139.589951707523,2586.523670327749,3320.23353556176,971.8388439140338,3234.3948746732785,3640.977304474533,1367.0256206541596,3505.9745315474806,3340.871380868275,3714.044543449966,1184.8038933115606,3083.6153902897663,4373.557391537369,619.0525571424091,599.5201871500545,3759.805229438855,4274.204183153188,894.494988690334,4829.379617367496,3317.7700784155168,1589.7606346461596,2857.960783527939,2722.0356952338107,3660.1427027302157,3656.1074620616305,3656.739285313464,883.5784722148193,3506.7896351926724,452.4870847296161,3183.311742228046,3566.0212824681303,4036.4502072153346,3158.014822601838,1314.6672715521158,863.0792070246586,59.61572068985832,2456.825230254721,3489.56965541744,4224.757151418832,2366.2905038175822,1423.4591387307196,1352.7563047982212,3387.19948084139,470.70749304648257,3084.0176312061544,1320.6668604606373,2041.4811410639852,1152.813882237987,3495.2063785985265,3487.2032169359204,3918.1116609316723,2592.707281850167,2449.9889779753203,4963.129989387005,4421.857816218308,3264.9124470039455,820.5668598472851,3883.8810391569205,3559.3035592741803],
        [3651.2302978003972,3584.820058688447,2166.17196671149,266.86478994735364,1217.3492821649727,3302.165233095861,1156.605017505581,1524.2674878597804,1838.866083443825,2210.9675233463845,2863.6478203358142,1478.8211400117734,1248.5067970742286,1954.938270900923,2579.2366755019802,847.386032644888,1185.8998676121755,0.0,3865.4355490272947,1005.1025395167492,2847.191502174461,945.5666670483,2962.653679227023,1829.8180633930635,2134.7498496616895,1617.112180572527,2260.451175136973,3557.808624366632,753.2571399439736,2326.5324985008037,2917.8793090096733,2566.4798169212363,1505.182633343687,2705.9543290985416,3489.1175224633544,660.1708674587859,1605.5326859843244,2574.1525085164762,3219.655528003289,1998.5342962453215,3712.9398819207063,2888.3032609303577,1133.29680204262,2941.8210862414926,1537.7705254971158,2790.2429709136177,2612.2761119640368,3154.9686990126393,1779.5927624774458,2362.4070873808073,1615.654642574078,2185.1038415568837,2780.6987884656933,3146.7041164994775,2037.0865380056905,2239.4475922454703,326.1745586155177,1199.7236950780136,2140.1939393961065,2362.634534723664,3166.5626254555896,1524.2474919642461,1956.3035732854876,268.82496595053476,2207.63793179227,1470.4294875578034,1971.1227034662368,753.8457316641077,2321.3161593047603,464.8758026225379,2403.5211183300003,2336.1318918016987,2825.64663893468,1490.2069855730838,2808.874076144753,3841.4883430976515,3343.553471193446,2082.068874791317,1427.036140308574,3133.1805808874155,3651.2302978003972],
        [555.603930568274,4488.363308662915,3895.343843874786,4130.065461595873,3068.27001809493,3922.4347062836046,2798.424945408719,4760.474001838269,3619.4092876025,5342.121966556898,1760.8495295856976,3868.2358394708112,3022.0376812395384,2086.981652440853,4613.101148336596,4260.607190754516,3922.977344968305,3865.4355490272947,0.0,3765.69233037116,4072.3309195280603,4587.664694523369,4773.24542255177,2521.3366753921982,4665.287416825118,4891.9518286699285,3102.8062023486573,309.37231050580476,3113.163754268626,4950.420148428881,1344.562994245723,5429.941767960264,2738.2004877984077,1370.7684614108953,3016.601983936366,4089.3950816196866,3535.59953768381,4912.780980861877,3809.0308953757235,4590.436766768346,4531.098666910389,1372.6526950879359,4986.7396332730805,1086.6973556732148,4401.290785301282,2755.6239368046963,3505.0624031200573,1488.7901630021795,4777.1960317737485,4066.424434138206,3870.9296069545508,5650.6358540189085,2435.7002358301693,2921.5736961081802,5190.72340695611,3208.5700983138413,3884.8855008680043,3868.38246012952,1756.305264851278,3928.2144029204705,3807.054718049693,5285.092222811407,2608.9817689652264,3661.795411827671,4873.8745078656575,3575.719373114857,3706.557164182591,3111.8722230343383,1936.652751084277,3407.7050045017645,3708.9510895931453,4114.706371359756,3876.520917637004,4873.345082916089,1713.8071217645766,4657.631656672473,4026.844970788746,4731.824225389624,4726.727882251335,2343.4202060206617,555.603930568274],
        [3695.537763419689,2581.432514701941,1162.5386594151585,1064.3872253504267,1914.8560697507064,2323.5138383297694,1051.4622656936103,2511.1039225882946,857.0911489996548,1640.4527280470406,2375.2087870012037,2431.227028593747,744.0583614125064,2265.6943549075545,3562.550607705861,1846.575804097194,2160.603805154429,1005.1025395167492,3765.69233037116,0.0,1845.684393343046,1873.8105681546222,1984.497964950677,1314.386550513315,1250.2031960480217,2593.435594801859,1396.7564643694702,3460.674194142443,1079.4205706642042,1496.152049267133,2575.9044559222957,1861.951376016874,2079.421193168665,2436.0562546736883,2652.093273046117,1665.0029767052429,2482.8565426862388,1671.0713768924115,2249.116048973397,3000.8518360047983,2710.2829203902,2543.6213848149005,1781.1046798356274,3051.2291221670216,730.2708554244547,2001.7277143136828,1660.6267232022356,2710.5686279204338,2780.0980858491357,1357.3907469659403,2561.852346790639,1885.2640909108402,2082.285226716519,2318.4361808804865,1472.8382264443132,3014.929114629504,1325.7315651085485,2164.772132939959,2034.2402343178248,1359.947178042578,2194.2317304472067,1642.6589475426942,2543.875945545732,808.1623786250918,1383.163481305792,2361.939740365641,978.4399966826566,1126.6735037485282,2674.8516467373597,1079.5325999279848,1418.7338356223152,1332.2199722732416,1835.736044404678,1108.3721047420902,3150.305809908096,2837.64001526468,2357.487856013865,1237.57531790223,2409.4306469617554,2443.012901759027,3695.537763419689],
        [4253.7757211513035,739.9957188617467,684.6824057206543,2902.7723582176172,3534.6962226048295,592.9891008940092,2356.755855306971,4355.800779537318,1024.044634297993,2126.6723600418068,2312.94754532341,4210.580864997053,1918.6522488556848,3467.6924634227144,5359.941207850051,3691.794392985421,3965.529479451697,2847.191502174461,4072.3309195280603,1845.684393343046,0.0,3706.410494935146,753.9383166642612,1877.2549329353658,1282.1376472115996,4435.382682826528,1041.93680459974,3826.695628618693,2688.381683005626,1447.6118582205474,2733.5089139414413,1901.703126690244,3575.9556023551713,2776.7797603909103,1499.4014208196952,3507.100907393725,4194.239272600113,1180.4352001989641,588.6596061412304,4830.824850701396,866.187883522668,2707.591206105156,3503.8030943471517,3823.77456150933,1635.4382502646808,1339.8817237101352,569.6271271938006,2614.2791140338927,4625.32740438569,525.287130766951,4332.204007880721,2702.971053379092,1649.9114397572696,1330.6972691925582,2083.992274305885,4598.562379829054,3161.909343458589,3961.4695175185902,2793.1060643985265,486.22240672855634,537.4647882572247,3035.158444615453,3982.728493329543,2627.1763077827018,1462.8768191552792,4091.2931544588896,881.8024527361754,2741.3985980387642,3839.8571066946306,2823.2344407489877,497.404588836614,578.1108026337439,204.97993522285788,2257.7123802936335,4221.542448464749,997.7685643588018,576.702115843458,1412.7186083614506,4253.3582872108545,1849.1504690777454,4253.7757211513035],
        [4294.494984113993,4432.653867181334,3022.141528657528,809.9519056557214,1587.7319576934588,4197.322402485021,2051.227450941074,692.2727966313251,2730.307183932655,2605.2242709811476,3768.6661098161194,1238.0415135755572,2192.5647946572462,2538.7745109139646,2044.707590758291,371.6313898662402,950.4321241804846,945.5666670483,4587.664694523369,1873.8105681546222,3706.410494935146,0.0,3709.5147287925943,2761.619343967435,2803.666178647538,743.3549421695234,3198.073648363871,4288.348677412907,1587.995185057791,2930.0270859601383,3777.7111309440347,3035.100153772871,1937.1412915820295,3546.4221133144297,4433.246085070982,500.66825220900347,1549.0207601584948,3233.9055787642055,4121.982596027049,1374.9693187847643,4563.847006599074,3749.8954412601183,651.0633760327524,3577.2889388712465,2215.2313064153063,3735.719737941293,3525.672531337892,4042.59151467915,1010.8247621155699,3198.112121055083,1362.0464466497526,2353.9646722594075,3722.799241220572,4091.011547856004,2452.8554356633654,2264.823878065698,748.4781925723017,1003.964427966372,2943.6150207051082,3220.7850592088735,4067.3931949034645,1488.6915938712773,2284.6123827759093,1213.5636585513246,2815.9723476805484,1416.046675728177,2851.4789813747316,1566.4537030725203,2827.6168620027734,1275.664039426449,3292.5044912704734,3161.819520174727,3708.065310088524,1894.1063438112024,3280.2033507871233,4685.441037895299,4230.450377157601,2719.4530651868417,584.2021696909266,4072.971936937923,4294.494984113993],
        [4916.982849007423,994.7249812177141,984.2503102907891,2949.847141489948,3853.485033035637,1233.2179648081435,2758.1657403537447,4392.225938011959,1367.4514596648783,1635.4324875565742,3024.62536091898,4415.108832009968,2308.779274128672,3955.1453531183042,5539.685704100707,3769.976376198555,4139.589951707523,2962.653679227023,4773.24542255177,1984.497964950677,753.9383166642612,3709.5147287925943,0.0,2435.962082881087,941.5915037056122,4452.824298171949,1679.1580655277494,4515.3448329653165,2993.001549944508,958.2012524728134,3428.832947650073,1301.3742423653637,3956.078322844614,3444.2787059201946,2239.0855339472314,3609.070048969967,4460.004534512288,609.3959704737501,1277.3050275558423,4955.47206022306,1113.588952004009,3401.1714147675,3381.954247567422,4435.862850912059,1496.964470535956,2077.8881379883933,1284.1122446867282,3338.793848252526,4689.356855631553,764.5386648537424,4546.235717115119,2235.3690118520226,2378.735749014595,2084.4590645147296,1648.79620055864,4948.922054526058,3288.7488558751184,4146.300351992883,3375.953297981005,875.8186892102501,1237.9123993566643,2756.8665476425776,4395.147345479436,2790.7694783519964,1028.1795573665613,4342.507662755127,1226.1573279751715,3045.1440486777246,4348.195659181782,3055.127131358557,1069.2412182968537,743.6236998696628,957.8097164627266,1991.484350441082,4765.5365661173255,1175.8598757538093,1167.3905504913305,1056.3837381806854,4285.362160702214,2597.905136201323,4916.982849007423],
        [2547.5973739525602,2524.5072234312333,1468.2257090354233,2041.0473974617632,1904.7263932858405,2038.3867675986103,753.5234328915275,3238.829061949109,1132.501471251792,2823.922482671621,1074.6223047409605,2743.0942241328453,616.2230414195283,1605.323428812474,3865.8063883227433,2569.4443822681774,2586.523670327749,1829.8180633930635,2521.3366753921982,1314.386550513315,1877.2549329353658,2761.619343967435,2435.962082881087,0.0,2157.3519174850335,3353.0482163373777,854.1270664238782,2227.4986181592612,1234.836243334642,2443.309108617327,1267.103678479906,2913.8918498750168,1835.0182018599075,1155.7887054095006,1795.6280960389863,2360.7368068246724,2609.2313872811287,2445.9188449762573,1923.6909720379024,3476.472030618387,2620.5317525735313,1234.7422234998385,2906.9434564755516,2007.545353342967,1887.0631135167298,1087.4768259773646,1361.2951675295033,1401.4330154811157,3418.0870537293977,1675.0802729833567,2835.6587480552953,3167.4546995618043,983.3383779872484,1465.8542070257843,2676.333590142236,2856.180067386746,2028.135798102428,2559.7523560258232,940.6605304240784,1561.1081502526026,1888.7063727149762,2942.4881427271584,2179.839928496879,1563.3073285090845,2360.7165415088607,2541.594420215114,1244.9228339894487,1275.330014479975,1965.3403825714242,1516.0857630858056,1401.8110894792394,1707.217716198747,1732.1916564374426,2407.548581146333,2346.696510453712,2763.6447945676045,2121.820493071253,2216.1877274987164,3158.725905752501,1318.8283039352027,2547.5973739525602],
        [4702.2848466673495,1848.2868287063823,870.4697706383712,2079.101335591742,3163.2432440806188,1875.0547662927681,2221.070349837314,3493.0806379962314,1049.689778954411,859.8508886388562,3022.0284084572877,3612.3535207466293,1806.5667037597016,3459.484098332218,4705.292108600651,2898.2997183337825,3320.23353556176,2134.7498496616895,4665.287416825118,1250.2031960480217,1282.1376472115996,2803.666178647538,941.5915037056122,2157.3519174850335,0.0,3545.678954697797,1668.702061039755,4378.097983012767,2327.9857440331934,285.9587685746352,3353.0998320826093,773.0649598614909,3326.7721015306806,3294.6360849651155,2667.4428250151623,2753.9112166715404,3704.8014048670734,439.8403029157787,1863.9790997155874,4093.8996207714663,1978.9481755430265,3321.8835432894034,2444.5665669200084,4125.0596042962,600.6986710340883,2254.218718500165,1531.4864531523287,3364.6052708261604,3799.645587144567,831.0477505941515,3748.1957009271323,1421.8087119018012,2486.342655385247,2412.653890930625,802.3244877316178,4261.894793525887,2457.5151515985453,3334.3803292284542,3057.9287593346244,964.3303914364526,1809.6869281172224,1825.5825185322353,3788.6578354305516,2007.2342135149702,219.01237349452163,3577.599339086895,985.3006773564612,2376.036187133929,3867.83044591252,2316.1378005045804,1199.1221770634247,762.8470412535581,1413.8827887645652,1052.6029032545966,4326.323694179912,2068.0156171621343,1851.2265024578114,131.02568694269135,3385.334250361604,2793.6545385492923,4702.2848466673495],
        [4530.870423799214,5165.627689655447,3750.7085188852398,1532.7203942639278,1825.3919891728121,4912.363981644271,2609.4224884897144,131.48482786680748,3445.127291970792,3307.4101792160236,4298.294620483954,1106.3173828846557,2826.560932468206,2804.974676999694,1469.4540900278264,788.0996314147978,971.8388439140338,1617.112180572527,4891.9518286699285,2593.435594801859,4435.382682826528,743.3549421695234,4452.824298171949,3353.0482163373777,3545.678954697797,0.0,3872.4607039696484,4607.3476991134785,2125.9147597769843,3666.0702357713117,4246.104164584461,3747.8053257042766,2154.9288766409322,3997.092986565826,5084.962220127062,996.0349853656704,1475.782570372049,3974.362188433614,4832.760734237717,804.0907146167774,5296.17402487549,4220.959150315888,1239.551012225088,3829.635749858364,2958.484344470315,4377.2887693063185,4228.3120621489625,4542.794706016763,353.61639459365165,3932.000872166596,1172.2190458678213,2997.3943092153277,4332.634867959389,4742.554116984757,3162.684178105877,2126.2843766389483,1343.368349172596,1028.5186542504514,3373.6535041985435,3949.1892577788785,4779.056882607449,2112.9777252892077,2379.7736135558,1872.1122511043493,3553.112805000836,1383.4403832828436,3571.426750205333,2091.5625099964636,3011.3905405601427,1837.2079507250571,4009.617775967125,3897.564858471367,4428.749653373369,2613.8257484676465,3408.240310429134,5419.58349006888,4949.715051521659,3459.655227125609,194.55408345645847,4671.711649059357,4530.870423799214],
