{
    "drone_dist": [
        [0.0,1392.9709679548428,1196.4652060738415,3508.9130824604604,1736.427454641469,1280.2515192065798,4279.21441123533,2667.0356549646726,2056.439835907933,1791.1568106216728,2272.3666303789396,2634.913500847586,2082.5910689745297,2497.946268365034,1782.1826562389776,2738.174730173291,878.6520589195036,2898.933867910156,1770.6211527230707,3240.308151179318,2354.992945638525,3776.5631362716285,3308.094859874458,2724.1989192637934,3337.184192308505,1686.8334411305777,2254.896931231998,1243.4743218860442,1565.2210168348795,645.6535514728974,3236.6808534919355,3167.9830228273763,3542.211952655153,2511.937938836342,1395.3666576505407,1586.8731289430887,1686.738586501573,1632.5560140264454,3325.0935727956885,2133.1385733034635,4200.74340962669,781.4781712441381,1194.387302388444,4584.377038118399,2616.177002704827,1171.2555131875715,2388.7007717514775,2349.816403871284,741.0990322118381,3655.2299885070747,4320.709710843329,3967.1090233645077,2074.99628445676,1305.5189388022723,462.89680201941974,3668.464786849322,467.87758586654724,389.96847189041574,761.292189553173,164.36179938490673,3047.3290616701793,1571.5698562354146,1523.8149725396875,2096.637224641347,3005.3905762431423,2286.1736230643032,3004.542765342981,1223.0941072211838,994.9559058899512,2424.77562671451,2317.8163038736393,2788.5335081749604,3167.0993757668384,1791.7223453628424,1727.546002880512,766.5885976207807,2613.7919738216215,1361.5146816429606,3194.797602574575,4453.430093400708,2411.501282710732,3220.1504365567293,3465.799141914004,3485.2737003601974,2993.8034126854636,3222.4278084546117,3410.283089521568,2310.910093995525,2756.6432092262717,2751.228820751786,2560.0784436897366,3355.4775347553505,4388.844369140698,2529.428230320115,1139.2517873486872,3061.855409766224,2907.6150631738415,1202.3867723943238,3275.0419820383086,2189.829771629176,0.0],
        [1392.9709679548428,0.0,2340.4735538946748,3913.641573341878,2427.021844948284,485.5738439524853,4293.014522988736,3357.84133551265,2109.407557755774,2019.4840083915915,2740.420034151548,3813.9972687397353,2588.6067966811793,1106.297065345197,3167.2985156881955,3457.514883892885,1877.4768443120504,3511.187330438468,3157.7173583097892,3664.0087256082097,3451.1929881511533,4176.2902927311125,2735.099705740331,1898.0046638553858,2035.287702031288,488.6121705814751,3511.7214016489597,2608.865318925097,2844.167237091533,1310.2827230440241,2441.508389478034,3780.102712545475,4646.713327006001,3244.841676494602,738.8097950009255,2667.8662007563385,390.32445411439915,1225.1533728428733,4464.208401953556,3526.033660200675,4293.594692712009,1042.863752205271,287.46567656677576,4705.71815295675,1249.0178589382022,665.3025682333173,1168.6471553787728,2851.7267762760225,1669.623979938776,3425.3363474444955,4392.164482948513,4324.251587516411,2750.7079257600176,1990.070978967133,960.5827846587649,3755.2767039134833,1858.8870689809155,1182.8753462138302,1636.505242142784,1447.1612186405218,3750.74300243932,1093.6027645985673,2205.3268713909424,1164.7467875184172,1729.3172736427,3548.3294890633306,1793.264003670984,1625.0284231008877,2000.8290679026675,2907.234577552732,925.4246468899348,1434.799560637117,4491.054471251224,2372.4612380152475,3065.9059623512853,1798.101793412654,1374.2408177695274,1611.5552674525914,4468.825281913809,4518.085189378043,3771.4616082637644,3131.9700739361597,4048.358916297219,3934.720177145314,2997.8867498341265,3763.6800942381587,2120.8145467971744,1897.0568255505802,1445.629741556584,3233.0895671251455,2811.1009552960854,3896.5648758663697,4411.736005098883,3013.8188505056905,969.5725558664516,3232.882105694666,4192.905597465518,2572.869536083652,4499.964437919119,2265.238280471929,1392.9709679548428],
        [1196.4652060738415,2340.4735538946748,0.0,2587.8248003113517,2664.4893612775504,2014.543769467359,3589.9667549319915,1618.1261898651499,1719.062482689176,1405.5411668656382,1472.6380998585685,1480.3810657074134,1298.6001850277676,3363.3090924582334,1213.7881157780841,1664.006687750574,474.612716388301,1883.1520463634413,1227.8779142954995,2328.5538753723768,1162.366616711867,2839.9853453509586,3214.980987153378,2947.402006690668,3963.0035073051877,2440.1047786189424,1182.490494031921,1354.962209397015,580.2610569108289,1820.7263500663828,3349.4933443619084,2131.1474490484284,2358.6632980192635,1448.9276723002276,2552.343418145784,394.0024088804119,2503.6130482142858,1889.0608833821163,2152.885145917468,1676.3883354493814,3456.6955345210704,1977.2709409427184,2069.9058355419156,3795.14569002617,3399.3730742584094,2322.672754937013,3013.4178162524568,1501.2395195167655,677.3318410005961,3221.5524915293067,3584.5523522170106,3047.708589822778,1128.5001720284727,743.1029945466759,1435.4098636097121,2973.6869939454778,1019.189419019919,1586.4238570447176,719.0817770136588,1297.1558062791023,1961.9890164934834,1914.7439387270103,793.3231630641747,2548.894545684818,3621.1371783202108,1221.3684393756428,3544.3980454011257,1073.903310366577,1881.7040994389815,1578.021103623505,3222.6803811002364,3534.3307738294625,2200.4301990927943,1036.4888556065569,1779.588001960401,1725.8940632557053,3227.664538606819,2516.1850626216346,2137.0420796777307,3713.7648325814066,1589.8932156816356,2724.2581604402017,2429.0626250404785,2534.605021198866,2455.4970675829986,2228.5523316996077,4013.3534780548835,2292.059257398893,3439.559811247787,1850.5578284780631,1890.6672061146057,2352.043148697884,3684.9908035258873,1661.3038732752996,1587.1707165589416,2371.7305379949453,1869.9808072062158,734.9531364482991,2159.6976342159314,1782.8852361083862,1196.4652060738415],
        [3508.9130824604604,3913.641573341878,2587.8248003113517,0.0,5191.976010083054,3429.1461170836255,1273.524989248449,1030.5767715122954,1824.3703215155851,1899.8714928592879,1243.0209698658136,2451.1574916669083,1429.6385735834547,4466.987879898648,3519.1592253760678,1042.8903406984252,2660.7690095993985,754.2231473024067,3548.6310684608356,268.6068093933865,2124.7565095322893,269.6321721214994,2457.88783778687,2989.197338101298,4411.52296725651,3664.9533950087853,2743.3541418269842,3928.0284517515097,2822.4315547159213,4136.898861002913,2965.333580294151,621.7345004196311,2400.2373042822683,1195.443650640702,4488.826552449851,2292.953528513266,3802.8317189793506,2739.6631647924046,2466.317965762151,3928.5633641713853,1054.3278870780077,4166.60029825705,3647.0537418953677,1278.836480974363,4327.520336212645,4284.933470170003,3772.313199108394,1159.2448812900623,2768.4170263715064,1663.8499182597584,1175.3561038259247,462.33070718719904,1470.822590180301,2203.903676239558,3451.0070496965877,860.300567758301,3538.4953309251423,3840.471194297598,2748.1948692043384,3661.476537366774,887.2768945622531,2866.8812486208285,1986.5671634894588,3229.2384836784904,4147.71067563747,2773.2732052074302,3944.170059824651,2393.7143559043443,4405.462737796985,1085.0583941357304,4443.9925492981765,4348.553611822311,3454.0236943134682,1717.5066990848939,4301.852160590204,4213.641430119424,3883.8876961966016,4848.412907596848,3121.9297553805623,1279.7954009583918,3436.2038983633956,1339.1190915711434,510.96643650049845,124.94965902154597,1213.9820101314149,435.2580814093918,4400.766783216817,2331.78594870858,4156.921337216361,758.9935038531474,1109.4659006589952,390.77623073400486,1321.0003556633608,979.5298697124587,2959.5357199414684,820.9956036276039,3071.5063612016934,3268.25561428492,2873.2024241784043,1675.9395087835708,3508.9130824604604],
        [1736.427454641469,2427.021844948284,2664.4893612775504,5191.976010083054,0.0,2641.6391950457482,6014.601715177251,4273.749872143271,3787.132144610189,3527.376934809553,3975.9216611574034,3782.28300889363,3785.1899107426043,3343.255230750635,2421.849522957577,4326.004916233178,2532.910368325166,4529.4595970044575,2389.5173863763985,4924.6877171166525,3663.408054377559,5455.085265393933,4938.820919992289,4227.202801632238,4410.03149627783,2899.620713874242,3306.3549095730264,1596.8965613397445,2719.9771217668626,1237.1258828925766,4769.333914175544,4786.597654124755,4714.681387868866,4107.150704719285,1826.9429009917756,3035.2208313734686,2817.2092883339833,3239.3743338396885,4462.761883344455,2456.909359465212,5931.521585130601,1416.6977169637241,2426.233299342446,6310.04197419868,3574.4996516261685,1782.8136436717111,3595.1548055311237,4042.273600302234,2447.7271060749795,5375.932562253051,6052.686504032612,5653.928057653615,3726.4059676329007,3012.4985930324365,1998.1672772320387,5402.220585288553,1659.333903908268,1520.25247946543,2478.5924487837988,1572.7413621950134,4626.168103375428,3145.6962718968907,3214.390340527188,3513.534263342637,4130.613227527733,3319.5078645155168,4215.7455680023395,2958.9129116734516,787.8699934951468,4119.2642022279715,3130.3182438320896,3773.1558191396475,3880.5716210803353,3491.0392136130404,1659.8221461652652,983.5582724511954,3796.048008423973,868.9663016003973,4065.521559802101,6185.386080557584,3081.128493985321,4952.211769437603,5085.941443080812,5155.475238532292,4729.46636962825,4868.51953540062,4503.382578934862,3962.5606932377327,3832.966856055416,4434.011132792486,4290.091444928502,4996.958188488456,6123.604268325211,4219.5086833654605,2746.644213946573,4793.488065350447,3783.043132782867,2179.857924577677,4256.694666141953,3923.7723234544687,1736.427454641469],
        [1280.2515192065798,485.5738439524853,2014.543769467359,3429.1461170836255,2641.6391950457482,0.0,3822.497398115716,2897.905472444274,1624.1510481426296,1538.1100939797013,2265.206558240408,3459.3675084150805,2118.8819302630845,1349.3733906056548,2970.8087837147614,3000.137379748777,1540.2533390231765,3041.020227338951,2966.308219287353,3180.628575022183,3073.614894981599,3691.3311668762335,2353.4119575230293,1586.4450462181264,2062.827203132906,432.399256684485,3197.030212860918,2522.371347714485,2556.798608672655,1428.9601047702743,2130.4625337559464,3307.981874938998,4256.289783289964,2792.0182295415675,1158.6731232078648,2306.1193119680897,490.9926514956335,752.3066186106603,4086.8769254199706,3366.7010085826323,3816.6721201902033,1226.5764268953387,254.7147303117839,4228.135652302568,1396.6932684616668,1017.5681436413419,1108.92526664585,2377.9849374792625,1338.4434526371174,2978.9278303004658,3917.1646180402054,3838.709249847857,2298.2002945665263,1567.2035030485372,818.4635132709702,3276.6975980730745,1737.4704571049629,1208.9020254818747,1295.4777152019935,1384.2509740293738,3288.4620432381635,623.1865960968378,1770.4307487884914,876.1760179424596,1727.8007076408007,3235.7939557742848,1725.3852827573885,1178.7584945343121,2090.734133370022,2431.343585135612,1219.1348943233422,1548.6798803933111,4205.979033311435,1916.0995399997892,3007.6296044528162,1865.264123227277,1334.2238672841809,1900.7867831760952,4150.706017350763,4044.0741076267664,3527.9430409616957,2664.1218978030633,3572.31935120552,3451.579308609004,2520.730655717498,3286.0303221324043,2133.0326406091976,1455.1256567953674,1490.7857174834348,2754.524898698603,2325.7115878000504,3418.2822912441898,3940.8950183832058,2537.0848803751214,506.4318093430982,2748.5791464717386,3884.3697641916856,2364.5177144889126,4156.391262090428,1780.1408508374884,1280.2515192065798],
        [4279.21441123533,4293.014522988736,3589.9667549319915,1273.524989248449,6014.601715177251,3822.497398115716,0.0,2223.1384539448172,2267.628858595986,2494.108760208195,2118.0262216605192,3706.0673204338304,2297.8833602624595,4546.767694523741,4654.636333122293,2264.5095352111534,3529.1644991943576,1969.7298776327577,4680.94554556039,1425.2163073232634,3350.7087439289667,1198.351110573635,2012.8511851133146,2832.4767376646214,4177.250459904333,3926.6345918220704,3960.330341875019,4942.067300639131,3935.4598586581633,4850.867840317047,2577.493494454407,1890.8936429322168,3660.6563647867683,2367.218282498806,4971.958369372138,3369.813383253091,4074.046427747811,3070.5866822355206,3737.546190853453,5088.620772436778,245.49692888967866,4809.235144753344,4071.07662444434,500.97441656662386,4340.773322057256,4801.2646193924165,3793.277798089908,2092.380207539844,3577.4810932415235,1020.5611304315561,192.59720475974848,1057.8426144685047,2480.146107531298,3027.207889847,4097.526990519582,619.5730568357527,4422.361466068779,4547.285421662999,3541.8286216990023,4442.294165748481,2155.130894901265,3201.0703062589178,2856.1353977101962,3331.717666838992,3990.310724557008,3993.433876578056,3756.5299452963104,3061.9011953986856,5250.194346211633,2017.3051772896567,4583.646949499059,4303.319124082421,4721.433841050348,2581.0454567531438,5364.233523833082,5034.929759094426,3834.290058360686,5525.442494313135,4393.840133438516,257.94151939389724,4653.042324914654,1162.2012117086967,1761.6686657921084,1393.2479733534092,1315.6235358241668,1698.3193579073643,4137.54352294416,2426.845642027349,4092.286541904216,1797.529976736789,1734.8171524124089,1663.8235776113336,119.09542381336847,1945.6499349976937,3447.4339085073307,1231.821486791265,4334.548382960355,4315.09337849328,4146.7257783302475,2117.6350766681144,4279.21441123533],
        [2667.0356549646726,3357.84133551265,1618.1261898651499,1030.5767715122954,4273.749872143271,2897.905472444274,2223.1384539448172,0.0,1530.3085044394272,1424.482111586849,708.3119419313994,1510.2296639982662,797.2936846663011,4119.059968952655,2488.677002962456,113.07761330874173,1789.1722810032486,278.41391493534985,2518.2661222751008,808.6594107116742,1129.1198258740249,1255.8679179409019,2740.1868613481074,2966.582960654821,4320.684702782021,3223.790065201847,1737.3902005604018,2927.2634238560686,1796.2151724343573,3311.7424242686952,3127.6532751218338,513.3030601570701,1754.738520970868,171.227677738319,3821.3070019395027,1286.8663276179811,3343.0616173400704,2341.563581167075,1724.7057840208522,2899.5217759623874,2034.80148118054,3392.1360712468536,3073.007261229203,2303.8456006822453,4041.683490875702,3600.8068502103074,3520.5787717542166,594.2615192739065,1938.8038600017549,2256.259721905209,2162.309960762662,1469.7496169091187,616.5630918863018,1420.0976568999924,2708.4718844487916,1670.52095106319,2615.6402477654574,3031.5598749086066,1933.3523382518931,2805.582840164394,395.1399249088048,2447.7209785940713,1188.6243256210853,2963.341637163869,4012.1068270386113,1770.3068432557552,3848.128435277812,1735.218013503767,3486.8713170456704,585.379207465973,4049.244407022529,4108.706315766021,2547.9914042671626,985.7398060754633,3282.084344802448,3313.639460789592,3680.6083259678358,4028.413770194816,2255.2876014893272,2278.8930153366305,2430.556603948443,1781.2272276782685,812.2487116179732,951.6157161157156,1530.2414581835849,624.0782323190721,4334.031301941818,2216.2812160877293,3945.493445943174,494.8770495821411,1009.9943495211594,738.9963275868904,2293.068586436046,530.9686866283464,2393.150463710978,1215.5924004708388,2149.902005638861,2260.4198536248514,2056.220291349014,1439.7746674041987,2667.0356549646726],
        [2056.439835907933,2109.407557755774,1719.062482689176,1824.3703215155851,3787.132144610189,1624.1510481426296,2267.628858595986,1530.3085044394272,0.0,315.18257561577394,822.0787873047157,2665.4505626223295,777.847700420069,2664.9768061203445,2931.7665754717323,1643.336373180926,1452.3539516995338,1577.1878469738356,2946.652412511029,1590.1267901087087,2216.6015621888278,2080.144327305816,1504.676908144395,1462.0173144597688,2790.4220886113794,1840.5921854607652,2632.9202624855207,2939.603159848476,2250.821964651591,2594.050057291306,1725.8506202684014,1815.3543118118143,3206.0866117848436,1493.6018681859073,2737.244189106547,1718.0456512562296,1978.7063037047458,915.3018093235011,3115.243098625064,3394.818114910784,2228.0951872679584,2541.84559699053,1856.7390580639515,2633.6516885927645,2552.7551864916886,2552.775433981456,2013.2638040929896,936.6196602224866,1425.9074145366853,1605.408058473041,2337.587467968331,2218.5521328184227,1092.807949092182,985.2331631297401,1833.0976952644814,1684.1310785006567,2283.898099877534,2291.67844808717,1378.4882861029653,2220.7575162941425,1873.1073973746036,1043.0242179606375,948.3116905169286,1455.5430847723537,2482.8630465517926,2675.2170511343106,2318.1286336434005,840.5396098330049,3048.5204741578696,957.816434029294,2627.903483787355,2601.588015103395,3647.0036547321874,808.6941695086578,3419.2011130480164,2822.7493334643127,2160.1177646057895,3258.9597117939697,3453.317484911531,2468.346612276756,3217.657761294417,1165.1376900994724,2040.548617825316,1860.7306043372382,954.7395069731066,1747.8884181128708,2804.7653727334296,707.3749807546129,2428.6827253798783,1226.6086228616819,715.1898032991647,1871.553612394521,2382.6349717763374,1043.575138946184,1194.0567273204326,1127.1843922871087,3256.0864159988646,2424.004083679205,3342.264373986366,156.70126050874745,2056.439835907933],
        [1791.1568106216728,2019.4840083915915,1405.5411668656382,1899.8714928592879,3527.376934809553,1538.1100939797013,2494.108760208195,1424.482111586849,315.18257561577394,0.0,741.1551860616578,2418.14499484203,628.2805440981664,2697.4416394418936,2618.943615146812,1534.7465689863877,1142.0651050435617,1525.4537188237505,2633.4003232259147,1646.0672294289411,1972.3119876883743,2165.6823694151126,1812.3354723072785,1683.242925512162,2941.497419966085,1819.0023091647106,2352.719172117429,2629.483988569989,1943.749001004749,2357.8750966083917,1999.2330559884467,1784.634554331955,3018.6958647832184,1355.1621446449628,2593.932097106195,1422.6370799041524,1946.6551287187826,918.0390492055056,2908.546494233416,3081.8080861994963,2431.0580172260397,2332.319301810978,1748.649743891925,2827.1135046617205,2617.522684976388,2395.746362207842,2102.050410073589,857.9636534253768,1128.61359948334,1899.0103487628953,2546.818085357934,2325.16378753758,899.8092063910929,670.0525188772314,1613.6230389502168,1891.1177403774052,1989.3732832469539,2054.1926762137928,1084.0423105788907,1955.2042973920045,1797.4027005221074,1028.5076566802343,646.5338291740687,1547.9615706315362,2620.0412158657164,2395.19947331242,2476.1255239934235,568.7954553380987,2775.6063904242956,902.8762349130712,2635.842948006675,2688.558667990697,3377.059761350701,556.7698761825429,3106.702823101599,2553.8611009161955,2271.3482977835956,3041.7569253372067,3200.298032273212,2679.13326200168,2920.061579399298,1437.8349305625063,2039.1527556698238,1916.1501306043278,1203.1899643994886,1750.5687903088478,2965.4299623135876,948.7430186235568,2531.5369942236957,1218.3688352364088,819.9391550967039,1881.8302745746169,2605.8370546983856,1005.4258144488207,1059.7303249308184,1298.761335972232,2991.372878816356,2108.836293392452,3107.0312188059847,410.7617959445829,1791.1568106216728],
        [2272.3666303789396,2740.420034151548,1472.6380998585685,1243.0209698658136,3975.9216611574034,2265.206558240408,2118.0262216605192,708.3119419313994,822.0787873047157,741.1551860616578,0.0,1977.6438292330045,190.7541077724612,3435.49400343527,2585.2604460021475,821.3039395791931,1446.2396568822542,784.3202314928888,2608.291541970595,975.670698455305,1536.276459380172,1512.4407026225986,2125.4678629129817,2267.2860140407206,3612.5008758484237,2559.7269044289196,2054.6266854014043,2824.0779446849374,1862.1070511385399,2895.499065781362,2462.8749406181746,1044.9487079612616,2411.9305552972464,680.7881905311787,3270.164418435781,1286.0403773543073,2686.103833685856,1656.0854683407924,2343.5373441446313,3036.8175785709036,1992.6966153433068,2924.2907970243227,2462.448940812551,2348.505263717408,3346.190544195845,3060.1396803297043,2818.5983532141167,117.80975964699435,1534.8431084526026,1835.9388366774178,2119.3678947018707,1696.876841353385,411.14453734819836,967.6402106309989,2210.4101405797605,1501.0735872951914,2339.0595155828364,2598.079451623116,1511.1376602605756,2427.6825359280024,1062.5374007858147,1769.1484297297525,762.4546214620908,2260.511224306785,3303.9369519550914,2094.530744107699,3140.1272139690514,1161.4432999754952,3194.0653667221604,167.45158616459213,3376.789296651329,3407.2979017397647,3004.688583792175,484.8910624980656,3250.198217865313,2993.217821660022,2974.7966425327795,3605.832930615878,2764.4895086880647,2250.0492712285886,2710.379635407771,1329.9262864561,1307.9494064872608,1233.594005791879,1054.4821838473051,1025.0712408983716,3626.4260111256353,1513.688558995347,3240.9051913121457,501.22387222146335,456.85717680844135,1159.1360980809786,2214.6590143824433,275.83478971177084,1771.5133910678644,902.0254760156525,2603.706964043516,2201.6308498546223,2614.7556479781233,738.0359583057674,2272.3666303789396],
        [2634.913500847586,3813.9972687397353,1480.3810657074134,2451.1574916669083,3782.28300889363,3459.3675084150805,3706.0673204338304,1510.2296639982662,2665.4505626223295,2418.14499484203,1977.6438292330045,0.0,1923.110611327862,4805.361687331133,1449.6350599079815,1449.6248158810313,1936.5289702377895,1740.4974176538792,1485.307797867413,2281.6232293183875,449.1348247147123,2612.236274991735,4097.089582848621,4101.268074603516,5293.879359983415,3872.3965971368248,487.0234610850559,2199.2484280610743,1102.4815310391925,3212.023131331603,4388.988589762199,1831.251301248181,937.7032660692821,1401.4632272669267,4019.573879455113,1153.2502874908391,3950.2413355073936,3184.1407924455602,698.1814641166912,1707.9369943338784,3500.5739416949227,3410.146273268114,3538.2410670978784,3715.7490441815835,4813.785780050035,3791.0184131907936,4377.94113694309,1910.285058754008,2144.373465758263,3746.0090769528647,3624.2584617832285,2819.0556728453776,1596.3592117142537,1956.003964684677,2914.7746576358504,3176.699798038733,2331.4819424435323,3018.8150151926843,2178.5607657071073,2704.456134146437,1566.6885708153536,3244.3170893094098,1824.8475648079093,3864.1180678882115,4958.048839448621,485.50600491754767,4845.844972001905,2369.057744608072,3072.8729351119314,1950.8514330757882,4677.464090995031,4931.414769695696,1041.1861812013722,1864.389924563027,2351.234040014338,2987.8765280055013,4578.495039977508,3856.7997345151043,790.1969327306904,3730.922054071677,1064.4859254042012,3254.655963839212,2038.1829405294454,2343.215218907452,2988.7401860396117,2016.3975856245802,5330.919393732325,3361.6074631144447,4813.259467999522,1995.3481277790843,2409.8038088013473,2076.8396663274375,3765.2752901502727,1954.7082611049161,2993.354993762829,2713.9379168557975,640.5894757342896,1617.668753883066,704.2003376845647,2645.00494783983,2634.913500847586],
        [2082.5910689745297,2588.6067966811793,1298.6001850277676,1429.6385735834547,3785.1899107426043,2118.8819302630845,2297.8833602624595,797.2936846663011,777.847700420069,628.2805440981664,190.7541077724612,1923.110611327862,0.0,3321.9018136182704,2435.3714010394547,906.8578963795587,1255.9971520444685,922.6387469605027,2457.1115056229605,1161.5511420703629,1475.415454307148,1698.6593104341707,2176.537601308331,2239.759259388341,3551.8578170984183,2430.770511035158,1957.3402819690675,2645.4564923692906,1714.7589168649965,2707.4473387364665,2475.8816207301215,1191.9759301924673,2428.2618122956746,729.635300978026,3100.1066197686982,1139.685915664197,2552.8372199185055,1544.3539721842862,2339.9756896171734,2891.049132776632,2177.9652778193054,2740.6168357422616,2307.6188283175807,2537.1552387189836,3245.723807176096,2887.60892871844,2728.994600859197,275.10362668969486,1344.4559778416294,1966.1225146580898,2304.078055130571,1885.348582094616,326.992460309559,777.408265030811,2029.0846025995336,1679.3118392888139,2149.4319117530945,2410.8463266010763,1321.3004908884063,2237.496443925748,1176.7261702604956,1650.6865304585017,572.1458359461263,2173.4106733048543,3235.9499506217085,1998.305046565992,3082.373986827651,989.7177034865031,3003.491898781691,345.3260407306462,3254.0998762791796,3316.140118311435,2934.4727240001102,294.2031795967116,3078.1095633844848,2802.464666034689,2894.6389262474495,3418.819400032106,2713.242754699027,2435.2083961963913,2595.9889854892776,1460.3677361224584,1466.9834114242233,1415.6928445026012,1185.369653610225,1191.066821438259,3570.899121866071,1484.6488696946255,3156.888245706189,679.4091191926336,598.0893967864042,1326.0956338608303,2396.3587671303153,453.15367607333206,1619.176982679663,1073.5738765268543,2536.192228377363,2031.2302739486483,2582.786064101489,728.7258936907901,2082.5910689745297],
        [2497.946268365034,1106.297065345197,3363.3090924582334,4466.987879898648,3343.255230750635,1349.3733906056548,4546.767694523741,4119.059968952655,2664.9768061203445,2697.4416394418936,3435.49400343527,4805.361687331133,3321.9018136182704,0.0,4264.973673443912,4227.743150374867,2889.327066814887,4218.231856862391,4256.6407043824465,4247.188309928776,4411.8754807336545,4709.500640891492,2666.4963894235148,1755.211242096564,1107.8778210926464,934.296204368269,4545.644014728179,3713.1910563192378,3898.730922559675,2365.596718963431,2194.8080715119604,4469.755969056007,5582.608464370165,4036.143421085172,1516.6557599610678,3652.473699950009,859.7657063818274,1779.6758333826253,5422.475665582686,4630.945491892991,4606.127718822305,2076.2629109733143,1323.418265274189,5013.621590672089,289.5526416046215,1596.4288070538798,757.2727210915849,3553.103190134611,2686.45549921997,3564.9546995147957,4682.343951102766,4820.334914575697,3552.423942250874,2884.7169860095573,2055.7169813786736,4104.588528670875,2964.6598631074244,2278.7351303132486,2644.426374162095,2552.8551147194016,4494.838560995533,1671.3969221114933,3069.332346758143,1245.3910378195076,912.5099568889924,4584.183825270084,1098.963592108354,2477.3742235329773,3047.2710509292915,3592.048162539859,212.94482412431523,470.46630663869337,5549.496989194589,3169.9356109159944,4163.847470136008,2862.887281527516,780.4773929737757,2476.87697873104,5499.921883131024,4795.158308320652,4853.345693544799,3417.4890504503987,4704.724230227292,4515.217076597138,3368.4562581058217,4412.133696815654,1208.5854695457808,2169.303474916437,623.2389687185171,3886.445772885084,3370.9151469450953,4536.503326773584,4664.306055818284,3688.97167799347,1817.792119876106,3691.2495939585733,5232.618405571823,3665.535847818412,5504.10986111781,2802.373073503208,2497.946268365034],
        [1782.1826562389776,3167.2985156881955,1213.7881157780841,3519.1592253760678,2421.849522957577,2970.8087837147614,4654.636333122293,2488.677002962456,2931.7665754717323,2618.943615146812,2585.2604460021475,1449.6350599079815,2435.3714010394547,4264.973673443912,0.0,2486.881227438404,1581.652561231178,2766.1230982356387,35.67500067106208,3287.2323480562445,1497.5044841377621,3739.1042988955546,4428.685611873358,4122.896677950115,5016.450946589068,3400.9012758262625,964.9127758427455,834.8711751891263,723.5713296677026,2169.8021673101507,4548.674642696711,2956.895130378022,2342.436194735664,2324.544700573131,3116.841103627637,1299.2362139339666,3427.4598442227916,3028.64914931806,2083.51074214241,463.2052232115749,4491.7205169190365,2435.557131069025,2943.791762512576,4787.29553121387,4358.576633674548,2909.1897607204673,4054.5065327271327,2582.917362036614,1725.8452658518636,4396.80332888643,4620.676160761469,3953.6811147407893,2189.0390622361465,1955.9417251161078,2209.484053814669,4054.919432392391,1333.5186638974228,2087.4704972424765,1781.2850249857997,1766.9219518224197,2723.435829093718,3029.7843483791057,1994.266002170769,3650.634242360089,4675.641001391094,964.1532532645689,4631.498424622074,2254.067956784274,1808.0722663866527,2653.1431144979533,4092.310547134384,4518.23192459682,1494.298623508953,2209.708172220242,901.6277039592188,1798.6585908697514,4277.557323123406,2682.6621970903484,1645.2266923356508,4743.691382826272,686.0996402967459,3892.940693217127,3226.777819394642,3437.9948510826057,3619.128639671716,3104.8432103594555,5078.122927735976,3496.4260156826017,4457.947855065265,2859.2952187391425,3032.342737750166,3204.9074281593525,4738.408737014277,2713.680471710406,2643.6983090428093,3480.080022320807,1361.2458570040528,606.8213325532367,1838.4459935646773,2989.9016760468617,1782.1826562389776],
        [2738.174730173291,3457.514883892885,1664.006687750574,1042.8903406984252,4326.004916233178,3000.137379748777,2264.5095352111534,113.07761330874173,1643.336373180926,1534.7465689863877,821.3039395791931,1449.6248158810313,906.8578963795587,4227.743150374867,2486.881227438404,0.0,1859.525728906488,295.28885925473406,2517.3403035558563,840.6828114081591,1088.422026687145,1252.4138804332379,2844.2645725162793,3079.142706660784,4433.72920347037,3329.979793886049,1704.0184096975715,2954.5878839482452,1806.6049286855182,3383.6259180081634,3236.8013061395663,478.01300732879116,1651.6334393579227,226.5438820276354,3911.2155607030722,1318.1261633283711,3448.1947589492747,2451.147499330115,1629.9164555306263,2888.363542191986,2068.5803790754762,3471.083878834598,3172.077796996482,2321.446550829657,4152.226136304632,3689.5500879076803,3632.2295875474306,707.3385159973585,2015.5286638982514,2339.495429857435,2194.9235404669826,1467.0052092099384,709.4063469477421,1507.8117614767868,2793.385676074688,1727.2495764074654,2670.501316657575,3106.683790833953,2012.4135439810202,2873.808047753483,309.50675344839834,2556.34778846318,1277.2568140761837,3075.1869077926463,4124.985992227628,1735.2015669845782,3961.1934425474133,1833.3276050660552,3540.402421738676,697.5953073147933,4156.284281539516,4220.214511911579,2482.06440975217,1085.200751368728,3296.570781134109,3371.775961502141,3792.930097153976,4099.585473082991,2180.6108523288217,2308.283700275472,2397.665850530024,1870.9879573927158,769.2106704474787,953.4586536566719,1624.5972240927858,618.563304842306,4447.1088549550395,2329.1449489663632,4057.573007128107,583.1149907472926,1116.295869405068,720.0287615761326,2329.87342716204,639.748450136831,2494.7145777314095,1298.0236255130958,2086.5542118544863,2285.4651653210485,1972.6306191262734,1552.6911075982973,2738.174730173291],
        [878.6520589195036,1877.4768443120504,474.612716388301,2660.7690095993985,2532.910368325166,1540.2533390231765,3529.1644991943576,1789.1722810032486,1452.3539516995338,1142.0651050435617,1446.2396568822542,1936.5289702377895,1255.9971520444685,2889.327066814887,1581.652561231178,1859.525728906488,0.0,2025.391457683202,1588.2764816218973,2392.9263151224786,1584.0093400779424,2925.4667924360792,2899.0155552215647,2541.273317475828,3500.00071778269,1965.4936557068734,1656.9615263801913,1487.5067020211934,1036.0878470434777,1524.183094876314,2975.515186243311,2292.5861022965682,2785.026241328686,1633.3159413137598,2144.913616675836,794.9421195827805,2029.778321348305,1452.4424100797248,2592.4581629851573,2031.1600667730024,3424.871335559163,1627.342044658433,1602.5693639267208,3791.4119068538084,2925.142138498493,1915.4545896586499,2546.3129032540846,1509.4915846104343,207.89980564501124,3033.93660761605,3549.2535766344363,3122.209821279181,1205.1745358984774,504.34680454479303,1008.6191533129728,2910.147962575288,895.2653409181283,1251.7914840474666,244.97436195521803,1016.9876162536627,2168.682330183232,1464.8924667895685,683.8513616979591,2096.1465176546503,3157.7970388544045,1695.9447929060516,3089.207927549087,680.5293258418498,1748.7225234932819,1586.6228632489276,2750.648395251232,3061.4457405523553,2673.1464639504516,962.1791419517883,1968.1231522548153,1552.912806896425,2762.6352059087267,2240.0868865092034,2610.6084002712037,3681.3123524688613,2037.784981525125,2557.0534693846125,2591.214107073284,2628.6195814249877,2303.4731770690532,2354.2344402502104,3552.9403116932685,1934.1002988098303,2969.9030539439163,1902.0594150146264,1794.6793770562285,2486.0262052545713,3632.7330960044587,1686.6026112276834,1117.4063647050518,2297.47300622579,2344.554521765945,1010.0848264290438,2625.13873949102,1549.537096359714,878.6520589195036],
        [2898.933867910156,3511.187330438468,1883.1520463634413,754.2231473024067,4529.4595970044575,3041.020227338951,1969.7298776327577,278.41391493534985,1577.1878469738356,1525.4537188237505,784.3202314928888,1740.4974176538792,922.6387469605027,4218.231856862391,2766.1230982356387,295.28885925473406,2025.391457683202,0.0,2795.8784988552234,545.41308092354,1383.6494572671477,977.5772947739912,2654.8396467947437,2966.230930843579,4350.098140996068,3343.5810291312823,1998.597716483882,3201.7465961954927,2074.6135084026173,3541.05056549906,3078.976726886831,273.88123319300905,1871.137040825027,447.70988153077656,4008.326272901496,1561.2087121539837,3469.0027435461097,2439.5266043344227,1876.248225958387,3174.374263869205,1773.3232977049906,3607.5616889876837,3229.7839265887687,2030.622866508424,4123.210373928209,3791.6461562334443,3589.1984542646846,667.6749661676797,2163.142614069089,2085.27060957493,1899.748222424135,1191.366622457886,825.0911104207023,1623.968182984605,2911.8086473155213,1439.8356447856174,2870.1586854720167,3255.43440320917,2153.097227326545,3041.9587049843603,313.7870863066994,2553.3832169471466,1393.0874323551989,3030.93259569377,4051.9723832832024,2030.0618570950498,3876.040985848607,1903.3133947032939,3741.7858216719146,626.361536348984,4161.075753960111,4177.882838876496,2768.4063850550374,1160.2674532649276,3560.004188149463,3563.378275761121,3736.9279611813195,4257.992375240907,2459.2717162735676,2013.5344542634907,2692.3018348630985,1634.3721506359152,567.2909374142572,673.2094281319112,1403.7737180078343,347.70471791056474,4356.935210066063,2229.905699414302,4005.845467231912,382.0835044439957,960.3019600964374,468.9879300628371,2034.606651754614,533.731736041593,2541.808509138168,1049.189440385363,2375.066571044958,2536.060841245286,2239.9341038343487,1464.7739021829332,2898.933867910156],
        [1770.6211527230707,3157.7173583097892,1227.8779142954995,3548.6310684608356,2389.5173863763985,2966.308219287353,4680.94554556039,2518.2661222751008,2946.652412511029,2633.4003232259147,2608.291541970595,1485.307797867413,2457.1115056229605,4256.6407043824465,35.67500067106208,2517.3403035558563,1588.2764816218973,2795.8784988552234,0.0,3315.8880861846174,1531.4567751614604,3769.406680235971,4442.1261383504525,4129.4487768591025,5014.309717779469,3395.877561348887,1000.5423635506074,804.834860565689,747.7152377986517,2149.7752465601516,4557.958107667221,2987.921608995324,2377.7457634855764,2353.7319018986136,3099.504494846852,1322.501319019038,3420.937087993589,3033.0653789538096,2118.753182400821,448.7517233175064,4518.975442467811,2417.234502601803,2936.2783881791224,4815.921763765831,4352.462641921384,2892.898801398138,4052.3573804253633,2607.160748860904,1729.2396137983894,4417.2794672943855,4647.945840022612,3983.968589932621,2213.3205966483474,1969.0630679365745,2200.9367850371395,4080.3613365071706,1319.1888901899058,2071.705440943107,1784.8831696255022,1752.2920741160585,2755.2164404503337,3032.6556834276726,2011.1133453331397,3652.0776403741675,4673.741028567208,999.8273371678586,4631.415094932169,2262.5087136144984,1780.243897977085,2677.7163873643235,4082.951395837867,4513.057072565593,1521.5085566718167,2229.105517850772,865.961341175544,1773.9848138068674,4275.678015440333,2656.9144354113437,1676.7950025609266,4771.202148735632,712.6028236341508,3913.7812134963997,3258.5113979301946,3468.003707965969,3640.222722875371,3135.105576140004,5076.5575681293385,3506.852995322934,4454.392263292703,2886.2174274334966,3054.4282066806277,3235.697490002261,4765.145694599824,2739.1056491812546,2644.139261042755,3504.0890772969137,1393.543317183921,604.4759691814456,1871.9954733942916,3006.355075634727,1770.6211527230707],
        [3240.308151179318,3664.0087256082097,2328.5538753723768,268.6068093933865,4924.6877171166525,3180.628575022183,1425.2163073232634,808.6594107116742,1590.1267901087087,1646.0672294289411,975.670698455305,2281.6232293183875,1161.5511420703629,4247.188309928776,3287.2323480562445,840.6828114081591,2392.9263151224786,545.41308092354,3315.8880861846174,0.0,1928.859450168431,537.111322539117,2355.9290141202287,2820.1736511503273,4237.955603527754,3428.462442523998,2542.702752386487,3673.4092307207475,2582.8515106243262,3868.5571814152745,2838.4128264043275,503.8934938369002,2325.053411030169,965.0236106121257,4229.41633246601,2043.5272741929014,3564.433499906639,2503.4461879797145,2364.0579656970995,3704.8666137286914,1228.264051248085,3899.857941405554,3394.695937393447,1500.063949718697,4117.338849900629,4023.8873069333663,3565.3800743249635,890.6866979963622,2499.8155648879847,1646.8290532219078,1355.0734142437889,729.3024651027829,1206.8399479321433,1935.3395639759392,3185.075575210128,919.2006067527954,3272.303526954325,3572.375834830957,2479.6136490489685,3392.896011020927,752.4184560950629,2628.8758572947536,1718.0337783354164,3016.5421148830633,3964.005000523722,2574.596160337554,3767.2120872461423,2129.8359038404355,4138.466987476315,816.7071043292692,4216.94334417075,4146.399542670139,3302.8912038467265,1448.947533680225,4055.1438201239916,3945.8386007998106,3686.1097552311694,4580.365230241258,2984.333913693601,1470.44523133105,3236.3745857131876,1257.6752383596302,537.8262724007636,271.4301976878244,1085.6372624391538,314.4381848204121,4232.09254604983,2135.97253801977,3959.0197300101718,490.8736145444725,876.9122358393209,363.13030101224774,1489.1939770276374,710.9485359117367,2705.3846343372106,686.2628731735514,2912.749298459016,3016.9487007187226,2751.2201432431043,1446.3856756084301,3240.308151179318],
        [2354.992945638525,3451.1929881511533,1162.366616711867,2124.7565095322893,3663.408054377559,3073.614894981599,3350.7087439289667,1129.1198258740249,2216.6015621888278,1972.3119876883743,1536.276459380172,449.1348247147123,1475.415454307148,4411.8754807336545,1497.5044841377621,1088.422026687145,1584.0093400779424,1383.6494572671477,1531.4567751614604,1928.859450168431,0.0,2313.7009978635856,3650.877243838567,3655.5152058684953,4864.173311182034,3477.5797413411856,619.6714598304895,2131.737634028689,946.5807508089097,2965.019382215028,3939.864078110968,1520.713803450776,1201.3285798253378,998.8661887785327,3712.478158030849,789.6535420398042,3562.735182969352,2757.0701990436687,1013.9936816619887,1849.6311053915415,3156.9707952824283,3136.468650349637,3170.1324981538824,3402.63800470958,4407.469435576378,3482.6130661884195,3957.9650842950437,1474.4375699547577,1790.2413124357374,3326.887714874132,3283.34271345649,2526.25626423513,1149.0888138669545,1538.575578145733,2586.2462716010764,2797.4219203662733,2111.6508956388543,2744.574960326147,1817.931293212788,2444.909204893863,1267.1533057719287,2822.947674129214,1391.568526997342,3436.215939204831,4530.269467886127,648.594831001308,4412.316593218596,1952.644447866592,2916.01718887923,1519.4728559705727,4292.527606173085,4518.662627505453,1469.2042567965707,1417.2546718753215,2374.844591869659,2801.1268648475534,4154.671732467435,3641.0991217214037,1238.8999490247763,3396.291485326523,1311.4887222250413,2830.3142786794265,1765.1966666040132,2026.7108811085354,2561.1494678672143,1691.8066212371637,4898.8275547457715,2913.908548533844,4394.122103162783,1595.04502790481,1975.3756896352115,1771.8730277086545,3417.855819392149,1532.0462257825163,2594.4748686725,2304.720478587596,1067.7033176229459,1487.6885699647405,1136.8950782184943,2196.0527694398725,2354.992945638525],
