{
    "drone_dist": [
        [0.0,21.465383823277968,12.345492496980858,27.8465420766709,36.77445262089456,15.59125311776154,19.244430371741615,28.948541832235946,18.41558722294887,32.03228138065272,13.40766683788381,7.056671904721771,17.33637775057966,9.097444479913328,13.286950459821053,16.81362992432912,35.185544196465834,44.66226797565227,44.2491153426098,17.36060191114062,42.41004717079514,23.674718610206142,32.495070457360335,21.193359975061934,24.29549452808818,30.195487724627913,16.78066798815167,16.121166906757054,18.162225222752777,44.791545968911066,0.0],
        [21.465383823277968,0.0,18.664847124650706,8.274005662807845,27.67515631672522,11.90999833117405,10.687550649406079,16.423776086930665,9.729536117963882,11.549667660046646,8.079942839414795,16.07769251245513,32.306095487088676,12.39760289491949,9.180589247291595,5.018901985956744,36.622432808052174,40.54273275802151,26.233909992118203,31.257805674646523,27.483853051623683,14.106744717307189,27.10427779623869,18.178343132585283,10.270495662198515,10.354159108826876,6.045169931866952,9.319841125658868,10.72585835122772,26.773191623749863,21.465383823277968],
        [12.345492496980858,18.664847124650706,0.0,26.830149129579066,24.804252854857296,7.27186852861952,22.833298822306872,32.278624481567356,10.529558283377481,25.850406163272464,12.520402848707894,14.611629734974661,13.821135520276899,11.622756430116723,15.482064230933453,13.895729233027208,23.590427141925904,32.37975664070214,34.96808780744477,12.649295537857796,31.74332083906297,27.825744785987187,20.201020144128158,9.25151861008283,26.27404239998828,28.999544137532173,17.40907261313797,19.20152408686783,9.705850946214266,35.48194171792997,12.345492496980858],
        [27.8465420766709,8.274005662807845,26.830149129579066,0.0,33.60133048607214,20.183526444419975,11.102170820735612,10.763990332530996,17.89394105633946,12.414584358529506,15.228506010598332,21.427157170743037,40.312776770232844,18.90935700908581,14.572401312157671,12.954542965080647,44.36321504099908,47.16063520091225,27.53600811512039,39.33718631389701,30.875367417723183,11.313424014872009,34.07832795966068,26.176188800836027,6.723055872085755,2.350855862776325,11.070126499533192,12.447731268848528,18.904298719295237,28.02032023495027,27.8465420766709],
        [36.77445262089456,27.67515631672522,24.804252854857296,33.60133048607214,0.0,22.151548259042,37.875329301096755,43.753634876230244,20.783505369958295,22.98218793680381,29.19555566368766,36.485033887961215,33.02943924421051,31.98169028216298,32.858595424242935,26.965710041257424,17.391717375141813,14.056179470352252,18.418793471969668,31.353075722337696,11.238957526226118,41.76581622593531,6.206566881832197,15.611321773450733,37.849258366417196,34.45984893358397,31.888329146045344,35.33355417524108,20.381630997713557,18.670696694276387,36.77445262089456],
        [15.59125311776154,11.90999833117405,7.27186852861952,20.183526444419975,22.151548259042,0.0,18.391536762923117,26.989841572086338,3.3394723809155,18.645907698444688,8.00121996293004,14.333736946300709,21.075350217711893,9.877130524747757,11.726780349732474,7.7155289003853715,26.154036819104785,32.51819565511945,28.92349324942116,19.84907001133385,26.826200306714863,23.190811286360034,19.13945219497153,7.881176129371799,20.746029834698092,22.233974209348656,12.294614425719466,15.037914105404163,2.712756376493019,29.45760942684514,15.59125311776154],
        [19.244430371741615,10.687550649406079,22.833298822306872,11.102170820735612,37.875329301096755,18.391536762923117,0.0,9.864312825791753,17.89124149799098,21.26161121482144,10.567209605296005,12.213331438458814,34.603982223874446,11.797560263915877,7.374022472444329,11.23134492878422,44.54445941516415,50.07651727197779,36.48648981062815,34.01383385704774,38.16018027728981,4.994860338096821,36.50611387365949,26.1018803074165,5.37078421923629,13.122910269960808,6.210082537093694,3.6457504709900306,18.658316016718004,37.01325843399745,19.244430371741615],
        [28.948541832235946,16.423776086930665,32.278624481567356,10.763990332530996,43.753634876230244,26.989841572086338,9.864312825791753,0.0,25.687519373623285,23.17105874959826,19.76841357754632,21.89211399396544,44.43651372411646,21.618718773231738,17.067613172183357,19.305833689417533,52.78745713011682,56.919202437159484,38.158473723533525,43.80669956246906,41.63003754124424,5.34449547424542,43.522509438380055,34.21295861259404,6.284927678148401,11.12510590580492,14.911200149527884,13.413893783545234,26.60546612192877,38.62795604484993,28.948541832235946],
        [18.41558722294887,9.729536117963882,10.529558283377481,17.89394105633946,20.783505369958295,3.3394723809155,17.89124149799098,25.687519373623285,0.0,15.329714706933393,8.413953936689412,16.161344869857462,24.264331378290464,11.526178726556038,12.110506612614513,6.664807021193502,27.100132274680913,32.234204866823525,25.86379880663388,22.983793304471558,24.26640399686268,22.405864824102515,18.671300291803657,8.534221522845984,19.403734689698364,19.794600496784646,11.68447012543158,14.892872487156854,1.0153423790941387,26.403441469828852,18.41558722294887],
        [32.03228138065272,11.549667660046646,25.850406163272464,12.414584358529506,22.98218793680381,18.645907698444688,21.26161121482144,23.17105874959826,15.329714706933393,0.0,18.857631908061887,27.38731635486211,39.48862352632699,23.29431698239421,20.672115733811957,15.328088007889862,36.75686146163629,37.00669865689094,15.341943241548524,38.137625044868265,18.56297332647474,23.169006986725815,25.062276165224752,20.947364394779445,18.54633102001252,12.406990509379805,17.583342437930984,20.70227068362455,16.150274150605558,15.85274587036707,32.03228138065272],
        [13.40766683788381,8.079942839414795,12.520402848707894,15.228506010598332,29.19555566368766,8.00121996293004,10.567209605296005,19.76841357754632,8.413953936689412,18.857631908061887,0.0,8.713180739727584,25.325830970027937,4.440326089311133,3.7653842926061,3.5385579144472503,34.09132181412718,40.36654170582105,32.25258020918198,24.486060992526642,31.888980560078323,15.496905104769583,26.8709421237203,15.86624536693061,13.766012833980504,17.546936780283705,4.893961785752488,7.08193937536767,8.906715684036195,32.801485408035525,13.40766683788381],
        [7.056671904721771,16.07769251245513,14.611629734974661,21.427157170743037,36.485033887961215,14.333736946300709,12.213331438458814,21.89211399396544,16.161344869857462,27.38731635486211,8.713180739727584,0.0,23.519335286412076,4.6436877585730345,7.041061475130494,12.20917298080093,38.179028324633535,46.251890065088936,40.95496799798453,23.240226519385452,40.300489499637216,16.626217046983445,33.20350733779523,21.64178835839361,17.353475943542882,23.750250321747174,10.583642688989944,9.253384069859948,16.305161047918173,41.503859945733794,7.056671904721771],
        [17.33637775057966,32.306095487088676,13.821135520276899,40.312776770232844,33.02943924421051,21.075350217711893,34.603982223874446,44.43651372411646,24.264331378290464,39.48862352632699,25.325830970027937,23.519335286412076,0.0,22.817862070617174,27.404653843506722,27.384394672187106,23.48314523194139,35.29827695285463,46.93922141764214,1.6763635929072607,42.34684140383766,39.48954670634445,27.071489724998724,20.077342675795204,38.852879353320816,42.55102712854449,30.103719503460677,31.022641439914157,23.37793596763378,47.41287136163164,17.33637775057966],
        [9.097444479913328,12.39760289491949,11.622756430116723,18.90935700908581,31.98169028216298,9.877130524747757,11.797560263915877,21.618718773231738,11.526178726556038,23.29431698239421,4.440326089311133,4.6436877585730345,22.817862070617174,0.0,4.661911684588094,7.96710960607638,34.75130129599013,42.1807954771104,36.45619422794053,22.21717315191082,35.66238512105805,16.7302496466328,28.94622688694713,17.46480398277544,16.174252546165746,21.259134250519597,7.876058838491923,8.205015294270828,11.70287163846148,37.00471722072217,9.097444479913328],
        [13.286950459821053,9.180589247291595,15.482064230933453,14.572401312157671,32.858595424242935,11.726780349732474,7.374022472444329,17.067613172183357,12.110506612614513,20.672115733811957,3.7653842926061,7.041061475130494,27.404653843506722,4.661911684588094,0.0,6.248399900740508,37.71759468618324,44.13192433849225,34.85505484290806,26.74249132894406,35.046201408346604,12.367507111122645,30.63336468266581,19.60526228206663,11.514488126191786,16.918164996063247,3.560449769987361,3.7291469718225065,12.650553873233498,35.40200849101144,13.286950459821053],
        [16.81362992432912,5.018901985956744,13.895729233027208,12.954542965080647,26.965710041257424,7.7155289003853715,11.23134492878422,19.305833689417533,6.664807021193502,15.328088007889862,3.5385579144472503,12.20917298080093,27.384394672187106,7.96710960607638,6.248399900740508,0.0,33.58761005108383,38.857503119707566,28.82783494617253,26.385820308312518,28.799404244098675,15.76868743763492,25.286924558056388,15.025546915986018,13.043547801113716,15.168741520162285,5.034954038114598,8.376145787206038,7.468680129509081,29.376449010373175,16.81362992432912],
        [35.185544196465834,36.622432808052174,23.590427141925904,44.36321504099908,17.391717375141813,26.154036819104785,44.54445941516415,52.78745713011682,27.100132274680913,36.75686146163629,34.09132181412718,38.179028324633535,23.48314523194139,34.75130129599013,37.71759468618324,33.58761005108383,0.0,12.301253869018048,35.73024048586541,22.05109409616511,28.616024958820603,49.30413672679413,12.276269406436567,18.57962375457766,46.50320750201693,45.90803819296772,38.41259849012952,41.1674495232576,26.187105853304956,36.01021302784974,35.185544196465834],
        [44.66226797565227,40.54273275802151,32.37975664070214,47.16063520091225,14.056179470352252,32.51819565511945,50.07651727197779,56.919202437159484,32.234204866823525,37.00669865689094,40.36654170582105,46.251890065088936,35.29827695285463,42.1807954771104,44.13192433849225,38.857503119707566,12.301253869018048,0.0,30.8435176938663,33.766642645802314,23.11417409899281,54.37852853520864,13.570844114376325,24.72227890287979,50.8129263811212,48.197570177143476,43.892451386386035,47.120872288648826,31.554080173519225,30.950229810341618,44.66226797565227],
        [44.2491153426098,26.233909992118203,34.96808780744477,27.53600811512039,18.418793471969668,28.92349324942116,36.48648981062815,38.158473723533525,25.86379880663388,15.341943241548524,32.25258020918198,40.95496799798453,46.93922141764214,36.45619422794053,34.85505484290806,28.82783494617253,35.73024048586541,30.8435176938663,0.0,45.34465988683901,7.730602410189754,38.50108667102237,23.728979023830963,26.88009248997837,33.86666391306518,27.077468890997707,32.19971578268976,35.55374645114764,26.233078868201424,0.5489093371510194,44.2491153426098],
        [17.36060191114062,31.257805674646523,12.649295537857796,39.33718631389701,31.353075722337696,19.84907001133385,34.01383385704774,43.80669956246906,22.983793304471558,38.137625044868265,24.486060992526642,23.240226519385452,1.6763635929072607,22.21717315191082,26.74249132894406,26.385820308312518,22.05109409616511,33.766642645802314,45.34465988683901,0.0,40.69519985940222,38.93953909785058,25.39811869113335,18.505606517958814,38.11971897050359,41.55042485244878,29.3140689214282,30.4037929328272,22.075499252151985,45.81521520388529,17.36060191114062],
        [42.41004717079514,27.483853051623683,31.74332083906297,30.875367417723183,11.238957526226118,26.826200306714863,38.16018027728981,41.63003754124424,24.26640399686268,18.56297332647474,31.888980560078323,40.300489499637216,42.34684140383766,35.66238512105805,35.046201408346604,28.799404244098675,28.616024958820603,23.11417409899281,7.730602410189754,40.69519985940222,0.0,41.0161814859653,17.08372501447422,22.824781463312057,36.54976322825205,30.96783982754852,32.99879707917295,36.51941520520082,24.339235131117835,7.842849501517471,42.41004717079514],
        [23.674718610206142,14.106744717307189,27.825744785987187,11.313424014872009,41.76581622593531,23.190811286360034,4.994860338096821,5.34449547424542,22.405864824102515,23.169006986725815,15.496905104769583,16.626217046983445,39.48954670634445,16.7302496466328,12.367507111122645,15.76868743763492,49.30413672679413,54.37852853520864,38.50108667102237,38.93953909785058,41.0161814859653,0.0,40.835541090091446,30.779130657395964,4.65284231807451,12.671723910001026,10.89791805277654,8.63838346560453,23.23628314586404,39.00530644397872,23.674718610206142],
        [32.495070457360335,27.10427779623869,20.201020144128158,34.07832795966068,6.206566881832197,19.13945219497153,36.50611387365949,43.522509438380055,18.671300291803657,25.062276165224752,26.8709421237203,33.20350733779523,27.071489724998724,28.94622688694713,30.63336468266581,25.286924558056388,12.276269406436567,13.570844114376325,23.728979023830963,25.39811869113335,17.08372501447422,40.835541090091446,0.0,11.57519072072843,37.35873144774852,35.31446690253765,30.321876059830878,33.56311432895825,18.01258051426164,24.050925892193646,32.495070457360335],
        [21.193359975061934,18.178343132585283,9.25151861008283,26.176188800836027,15.611321773450733,7.881176129371799,26.1018803074165,34.21295861259404,8.534221522845984,20.947364394779445,15.86624536693061,21.64178835839361,20.077342675795204,17.46480398277544,19.60526228206663,15.025546915986018,18.57962375457766,24.72227890287979,26.88009248997837,18.505606517958814,22.824781463312057,30.779130657395964,11.57519072072843,0.0,27.928078599093343,27.924069749540507,19.918747219623373,22.850372537221304,7.608243028852627,27.360802403117933,21.193359975061934],
        [24.29549452808818,10.270495662198515,26.27404239998828,6.723055872085755,37.849258366417196,20.746029834698092,5.37078421923629,6.284927678148401,19.403734689698364,18.54633102001252,13.766012833980504,17.353475943542882,38.852879353320816,16.174252546165746,11.514488126191786,13.043547801113716,46.50320750201693,50.8129263811212,33.86666391306518,38.11971897050359,36.54976322825205,4.65284231807451,37.35873144774852,27.928078599093343,0.0,8.313258093028374,8.872215857090263,8.186313967707727,20.32053844601055,34.3684691086414,24.29549452808818],
        [30.195487724627913,10.354159108826876,28.999544137532173,2.350855862776325,34.45984893358397,22.233974209348656,13.122910269960808,11.12510590580492,19.794600496784646,12.406990509379805,17.546936780283705,23.750250321747174,42.55102712854449,21.259134250519597,16.918164996063247,15.168741520162285,45.90803819296772,48.197570177143476,27.077468890997707,41.55042485244878,30.96783982754852,12.671723910001026,35.31446690253765,27.924069749540507,8.313258093028374,0.0,13.420576246542101,14.710601109705745,20.809554147136478,27.53849964926012,30.195487724627913],
        [16.78066798815167,6.045169931866952,17.40907261313797,11.070126499533192,31.888329146045344,12.294614425719466,6.210082537093694,14.911200149527884,11.68447012543158,17.583342437930984,4.893961785752488,10.583642688989944,30.103719503460677,7.876058838491923,3.560449769987361,5.034954038114598,38.41259849012952,43.892451386386035,32.19971578268976,29.3140689214282,32.99879707917295,10.89791805277654,30.321876059830878,19.918747219623373,8.872215857090263,13.420576246542101,0.0,3.53808300969483,12.448700922460171,32.74207759257677,16.78066798815167],
        [16.121166906757054,9.319841125658868,19.20152408686783,12.447731268848528,35.33355417524108,15.037914105404163,3.6457504709900306,13.413893783545234,14.892872487156854,20.70227068362455,7.08193937536767,9.253384069859948,31.022641439914157,8.205015294270828,3.7291469718225065,8.376145787206038,41.1674495232576,47.120872288648826,35.55374645114764,30.4037929328272,36.51941520520082,8.63838346560453,33.56311432895825,22.850372537221304,8.186313967707727,14.710601109705745,3.53808300969483,0.0,15.574383329924654,36.09300760291676,16.121166906757054],
        [18.162225222752777,10.72585835122772,9.705850946214266,18.904298719295237,20.381630997713557,2.712756376493019,18.658316016718004,26.60546612192877,1.0153423790941387,16.150274150605558,8.906715684036195,16.305161047918173,23.37793596763378,11.70287163846148,12.650553873233498,7.468680129509081,26.187105853304956,31.554080173519225,26.233078868201424,22.075499252151985,24.339235131117835,23.23628314586404,18.01258051426164,7.608243028852627,20.32053844601055,20.809554147136478,12.448700922460171,15.574383329924654,0.0,26.76876026585023,18.162225222752777],
        [44.791545968911066,26.773191623749863,35.48194171792997,28.02032023495027,18.670696694276387,29.45760942684514,37.01325843399745,38.62795604484993,26.403441469828852,15.85274587036707,32.801485408035525,41.503859945733794,47.41287136163164,37.00471722072217,35.40200849101144,29.376449010373175,36.01021302784974,30.950229810341618,0.5489093371510194,45.81521520388529,7.842849501517471,39.00530644397872,24.050925892193646,27.360802403117933,34.3684691086414,27.53849964926012,32.74207759257677,36.09300760291676,26.76876026585023,0.0,44.791545968911066],
        [0.0,21.465383823277968,12.345492496980858,27.8465420766709,36.77445262089456,15.59125311776154,19.244430371741615,28.948541832235946,18.41558722294887,32.03228138065272,13.40766683788381,7.056671904721771,17.33637775057966,9.097444479913328,13.286950459821053,16.81362992432912,35.185544196465834,44.66226797565227,44.2491153426098,17.36060191114062,42.41004717079514,23.674718610206142,32.495070457360335,21.193359975061934,24.29549452808818,30.195487724627913,16.78066798815167,16.121166906757054,18.162225222752777,44.791545968911066,0.0]
    ],
    "end_depot": 30,
    "start_depot": 0,
    "truck_dist": [
        [0.0,30.23675209726512,14.28975301830669,37.56639524285376,37.816062512880734,19.503515790855893,22.32115413869339,31.72641680838694,24.184945184424045,45.12067492044143,18.934075112273007,7.779239071419099,23.420559546781945,12.720786370031718,17.73669448505258,23.7767963114995,47.10877443301316,54.621776939376694,59.0731261928797,24.044559533831148,52.35018252484608,25.23221587361891,35.6172982042145,21.32104993161779,29.737398661424546,40.693156879881386,22.73675238327431,19.9827071709492,23.305616510418258,59.75769459499608,0.0],
        [30.23675209726512,0.0,20.205534391432185,9.121111268627203,38.39769013800299,12.98051458486589,12.875977117310192,23.178907242484698,12.357320875951078,14.883922823176313,11.302676984992114,22.457513025846023,37.487778061722025,17.515965727233404,12.50005761221254,6.459955785765622,49.80399760926779,57.317000115631316,28.83637409561458,35.200637093742024,31.96436377985686,19.312045728631688,38.31252138046912,24.016273107872415,14.516087917913396,10.45640478261626,7.49999971399081,10.25404492631592,13.492495477781262,29.520942497730964,30.23675209726512],
        [14.28975301830669,20.205534391432185,0.0,27.535177537020818,27.7848448070478,9.472298085022956,29.86095331187151,40.16388343704601,14.153727478591108,35.0894572146085,15.305557977037644,20.540887012350147,17.282243670289837,16.215522022685526,20.494249274037948,14.04427465662273,32.81902141470647,40.332023921070004,49.04190848704677,14.995102702309842,42.318964819013146,36.297021923193,21.32754518590781,11.033678303370987,31.50106411247471,30.661939174048445,21.088409306046668,25.265884349114142,13.27439880458532,49.72647688916315,14.28975301830669],
        [37.56639524285376,9.121111268627203,27.535177537020818,0.0,47.518801406630196,22.101625853493093,15.245241104160364,14.057795973857495,21.47843214457828,15.848554134143491,18.632320130580748,29.787156171434656,44.81742120731066,24.845608872822037,19.829700757801174,13.789598931354256,58.925108877894985,66.43811138425852,32.46419581131108,42.53028023933066,41.085475048484064,12.334179369234846,47.433632649096324,33.13738437649962,7.828996581429209,3.126761637027627,14.829642859579444,17.583688071904554,22.613606746408465,32.83021360274609,37.56639524285376],
        [37.816062512880734,38.39769013800299,27.7848448070478,47.518801406630196,0.0,25.417175553137103,51.273667255313185,61.57659738048769,26.040369262051914,31.670247272486705,36.718271920479324,41.95360095579183,45.06708847733764,37.62823596612721,41.90696321747963,35.456988600064406,21.79081954366536,18.919309977628327,21.257063679998964,42.77994750935764,14.53412001196535,57.70973586663468,8.776997846647372,16.751166503676814,52.91377805591639,48.64858379289401,42.501123249488344,46.67859829255582,24.90519466022173,21.941632082115348,37.816062512880734],
        [19.503515790855893,12.98051458486589,9.472298085022956,22.101625853493093,25.417175553137103,0.0,25.856491702176083,36.159421827350585,4.681429393568152,25.61715912958554,11.301096367342218,16.53642540265472,26.754541755312793,12.2110604129901,16.489787664342522,10.039813046927303,36.823483024401895,44.33648553076543,39.56961040202381,24.4674007873328,32.84666673399019,32.292560313497574,25.332006795603235,11.035758523006525,27.496602502779286,23.231408239756906,17.083947696351242,21.261422739418716,3.8021007195623646,40.254178804140196,19.503515790855893],
        [22.32115413869339,12.875977117310192,29.86095331187151,15.245241104160364,51.273667255313185,25.856491702176083,0.0,10.302930125174505,25.23329799326127,22.799520781748043,14.555395334833864,14.541915067274292,38.991759840346766,13.645431289185982,9.36670403783356,15.81667865524878,62.679974726577974,70.19297723294152,36.75197205418631,39.61575982739596,44.84034089716705,6.436068611321495,51.18849849777932,36.89225022518261,7.416244522731155,18.37200274118799,8.772544005824841,4.595068962757367,26.368472595091454,37.436540456302694,22.32115413869339],
        [31.72641680838694,23.178907242484698,40.16388343704601,14.057795973857495,61.57659738048769,36.159421827350585,10.302930125174505,0.0,35.53622811843577,29.906350108000986,24.85832546000837,23.94717773696784,49.29468996552127,23.948361414360487,19.669634163008066,26.119608780423285,72.9829048517525,80.49590735811601,46.521991785168574,49.91868995257047,55.14327102234155,6.494200934768031,61.491428622953826,47.19518035035711,8.662819324571302,12.928013587593682,19.075474130999346,14.897999087931872,36.67140272026596,46.88800957660359,31.72641680838694],
        [24.184945184424045,12.357320875951078,14.153727478591108,21.47843214457828,26.040369262051914,4.681429393568152,25.23329799326127,35.53622811843577,0.0,20.93572973601739,10.677902658427406,16.405706113004946,31.435971148880945,11.587866704075289,15.86659395542771,9.416619338012492,37.44667673331671,44.95967923968024,34.88818100845566,29.14883018090095,28.165237340422042,31.669366604582766,25.955200504518047,11.658952231921337,26.873408793864474,22.608214530842094,16.46075398743643,20.638229030503904,1.1351746018301831,35.572749410572044,24.184945184424045],
        [45.12067492044143,14.883922823176313,35.0894572146085,15.848554134143491,31.670247272486705,25.61715912958554,22.799520781748043,29.906350108000986,20.93572973601739,0.0,26.186599808168427,37.34143584902233,52.37170088489834,32.39988855040971,27.383980435388853,21.343878608941935,43.0765547437515,50.589557250115035,16.615641677167588,50.08455991691834,25.236920914340573,26.039488594147976,31.585078514952837,24.05577891123751,21.243530783429684,16.978336520407304,22.383922537167123,25.137967749492233,21.815058410023177,16.9816594686026,45.12067492044143],
        [18.934075112273007,11.302676984992114,15.305557977037644,18.632320130580748,36.718271920479324,11.301096367342218,14.555395334833864,24.85832546000837,10.677902658427406,26.186599808168427,0.0,11.154836040853908,26.185101076729907,6.213288742241289,5.188691297000304,4.842721199226492,48.12457939174411,55.63758189810765,40.13905108060669,25.0603644925621,33.41610741257308,20.99146394615536,36.63310316294545,22.336854890348743,16.195506135437068,21.759081767608375,5.7828513290090235,9.960326372076498,11.81307726025759,40.823619482723075,18.934075112273007],
        [7.779239071419099,22.457513025846023,20.540887012350147,29.787156171434656,41.95360095579183,16.53642540265472,14.541915067274292,23.94717773696784,16.405706113004946,37.34143584902233,11.154836040853908,0.0,29.6716935408254,4.941547298612619,9.957455413633483,15.9975572400804,53.35990842705662,60.87291093342015,51.2938871214606,30.295693527874604,44.570943453426985,17.45297680219981,41.868432198257956,27.572183925661246,21.958159590005447,32.91391780846229,14.957513311855212,12.203468099530102,17.048406295570093,51.97845552357698,7.779239071419099],
        [23.420559546781945,37.487778061722025,17.282243670289837,44.81742120731066,45.06708847733764,26.754541755312793,38.991759840346766,49.29468996552127,31.435971148880945,52.37170088489834,26.185101076729907,29.6716935408254,0.0,25.34632855116078,29.625055802513202,31.027822275956403,23.688214886231215,38.96691859643125,66.32415215733661,2.2871409679799974,59.601208489302984,45.42782845166826,36.290090630690266,28.315921973660828,40.63187064094997,47.944182844338286,30.219215834521926,34.3966908775894,30.55664247487516,67.008720559453,23.420559546781945],
        [12.720786370031718,17.515965727233404,16.215522022685526,24.845608872822037,37.62823596612721,12.2110604129901,13.645431289185982,23.948361414360487,11.587866704075289,32.39988855040971,6.213288742241289,4.941547298612619,25.34632855116078,0.0,5.0159081150208635,11.056009941467781,49.034543437391996,56.54754594375553,46.35233982284798,25.970328538209984,39.629396154814366,20.081499900507477,37.543067208593335,23.246818935996625,17.01661229139283,27.972370509849664,10.015966013242593,9.050362326428615,12.723041305905472,47.036908224964364,12.720786370031718],
        [17.73669448505258,12.50005761221254,20.494249274037948,19.829700757801174,41.90696321747963,16.489787664342522,9.36670403783356,19.669634163008066,15.86659395542771,27.383980435388853,5.188691297000304,9.957455413633483,29.625055802513202,5.0159081150208635,0.0,6.449974617415219,53.31327068874442,60.82627319510795,41.33643170782712,30.249055789562405,35.47363685933349,15.802772649155056,41.82179445994576,27.525546187349047,12.000704176371965,22.9564623948288,5.00005789822173,4.771635075076194,17.001768557257893,42.0210001099435,17.73669448505258],
        [23.7767963114995,6.459955785765622,14.04427465662273,13.789598931354256,35.456988600064406,10.039813046927303,15.81667865524878,26.119608780423285,9.416619338012492,21.343878608941935,4.842721199226492,15.9975572400804,31.027822275956403,11.056009941467781,6.449974617415219,0.0,46.8632960713292,54.37629857769274,35.2963298813802,28.740681307976402,29.023662241918274,22.252747266570275,35.37181984253054,21.075571569933828,17.456789455851982,16.916360568381883,7.044134649423938,11.221609692491413,10.551793939842675,35.980898283496586,23.7767963114995],
        [47.10877443301316,49.80399760926779,32.81902141470647,58.925108877894985,21.79081954366536,36.823483024401895,62.679974726577974,72.9829048517525,37.44667673331671,43.0765547437515,48.12457939174411,53.35990842705662,23.688214886231215,49.034543437391996,53.31327068874442,46.8632960713292,0.0,15.690649662758972,43.04788322366432,23.064214899182012,36.324939555630706,69.11604333789947,13.013821697017988,25.78772450139537,64.32008552718119,60.0548912641588,53.90743072075314,58.084905763820615,36.31150213148652,43.732451625780705,47.10877443301316],
        [54.621776939376694,57.317000115631316,40.332023921070004,66.43811138425852,18.919309977628327,44.33648553076543,70.19297723294152,80.49590735811601,44.95967923968024,50.589557250115035,55.63758189810765,60.87291093342015,38.96691859643125,56.54754594375553,60.82627319510795,54.37629857769274,15.690649662758972,0.0,33.97391557294744,36.679777628451255,25.35263633577446,76.629045844263,19.004478735162195,33.30072700775891,71.83308803354471,67.56789377052233,61.420433227116675,65.59790827018415,43.824504637850055,33.60789778151243,54.621776939376694],
        [59.0731261928797,28.83637409561458,49.04190848704677,32.46419581131108,21.257063679998964,39.56961040202381,36.75197205418631,46.521991785168574,34.88818100845566,16.615641677167588,40.13905108060669,51.2938871214606,66.32415215733661,46.35233982284798,41.33643170782712,35.2963298813802,43.04788322366432,33.97391557294744,0.0,64.0370111893566,8.621279237172983,42.655130271315564,30.03406152664634,38.00823018367578,37.85917246059727,33.59397819757489,36.33637380960539,39.0904190219305,35.767509682461444,0.6845684021163834,59.0731261928797],
        [24.044559533831148,35.200637093742024,14.995102702309842,42.53028023933066,42.77994750935764,24.4674007873328,39.61575982739596,49.91868995257047,29.14883018090095,50.08455991691834,25.0603644925621,30.295693527874604,2.2871409679799974,25.970328538209984,30.249055789562405,28.740681307976402,23.064214899182012,36.679777628451255,64.0370111893566,0.0,57.314067521323,46.05182843871746,34.00294966271027,26.028781005680827,41.255870627999165,45.657041876358285,30.84321582157112,35.020690864638595,28.26950150689516,64.72157959147299,24.044559533831148],
        [52.35018252484608,31.96436377985686,42.318964819013146,41.085475048484064,14.53412001196535,32.84666673399019,44.84034089716705,55.14327102234155,28.165237340422042,25.236920914340573,33.41610741257308,44.570943453426985,59.601208489302984,39.629396154814366,35.47363685933349,29.023662241918274,36.324939555630706,25.35263633577446,8.621279237172983,57.314067521323,0.0,51.276409508488555,23.31111785861272,31.285286515642163,46.48045169777025,42.215257434747876,36.06779689134221,40.245271934409686,29.04456601442783,8.25526144573797,52.35018252484608],
        [25.23221587361891,19.312045728631688,36.297021923193,12.334179369234846,57.70973586663468,32.292560313497574,6.436068611321495,6.494200934768031,31.669366604582766,26.039488594147976,20.99146394615536,17.45297680219981,45.42782845166826,20.081499900507477,15.802772649155056,22.252747266570275,69.11604333789947,76.629045844263,42.655130271315564,46.05182843871746,51.276409508488555,0.0,57.62456710910081,43.3283188365041,4.795957810718292,15.460941006262473,15.208612617146336,11.031137574078862,32.80454120641295,43.02114806275058,25.23221587361891],
        [35.6172982042145,38.31252138046912,21.32754518590781,47.433632649096324,8.776997846647372,25.332006795603235,51.18849849777932,61.491428622953826,25.955200504518047,31.585078514952837,36.63310316294545,41.868432198257956,36.290090630690266,37.543067208593335,41.82179445994576,35.37181984253054,13.013821697017988,19.004478735162195,30.03406152664634,34.00294966271027,23.31111785861272,57.62456710910081,0.0,14.29624827259671,52.82860929838252,48.56341503536014,42.41595449195448,46.593429535021954,24.820025902687863,30.718629928762724,35.6172982042145],
        [21.32104993161779,24.016273107872415,11.033678303370987,33.13738437649962,16.751166503676814,11.035758523006525,36.89225022518261,47.19518035035711,11.658952231921337,24.05577891123751,22.336854890348743,27.572183925661246,28.315921973660828,23.246818935996625,27.525546187349047,21.075571569933828,25.78772450139537,33.30072700775891,38.00823018367578,26.028781005680827,31.285286515642163,43.3283188365041,14.29624827259671,0.0,38.53236102578581,34.26716676276343,28.119706219357766,32.29718126242524,10.523777630091153,38.69279858579216,21.32104993161779],
        [29.737398661424546,14.516087917913396,31.50106411247471,7.828996581429209,52.91377805591639,27.496602502779286,7.416244522731155,8.662819324571302,26.873408793864474,21.243530783429684,16.195506135437068,21.958159590005447,40.63187064094997,17.01661229139283,12.000704176371965,17.456789455851982,64.32008552718119,71.83308803354471,37.85917246059727,41.255870627999165,46.48045169777025,4.795957810718292,52.82860929838252,38.53236102578581,0.0,10.955758218456836,10.412654806428044,9.754691490475345,28.008583395694657,38.225190252032284,29.737398661424546],
        [40.693156879881386,10.45640478261626,30.661939174048445,3.126761637027627,48.64858379289401,23.231408239756906,18.37200274118799,12.928013587593682,22.608214530842094,16.978336520407304,21.759081767608375,32.91391780846229,47.944182844338286,27.972370509849664,22.9564623948288,16.916360568381883,60.0548912641588,67.56789377052233,33.59397819757489,45.657041876358285,42.215257434747876,15.460941006262473,48.56341503536014,34.26716676276343,10.955758218456836,0.0,17.95640449660707,20.71044970893218,23.743389132672277,33.959995989009904,40.693156879881386],
        [22.73675238327431,7.49999971399081,21.088409306046668,14.829642859579444,42.501123249488344,17.083947696351242,8.772544005824841,19.075474130999346,16.46075398743643,22.383922537167123,5.7828513290090235,14.957513311855212,30.219215834521926,10.015966013242593,5.00005789822173,7.044134649423938,53.90743072075314,61.420433227116675,36.33637380960539,30.84321582157112,36.06779689134221,15.208612617146336,42.41595449195448,28.119706219357766,10.412654806428044,17.95640449660707,0.0,4.177475043067474,17.595928589266613,37.020942211721774,22.73675238327431],
        [19.9827071709492,10.25404492631592,25.265884349114142,17.583688071904554,46.67859829255582,21.261422739418716,4.595068962757367,14.897999087931872,20.638229030503904,25.137967749492233,9.960326372076498,12.203468099530102,34.3966908775894,9.050362326428615,4.771635075076194,11.221609692491413,58.084905763820615,65.59790827018415,39.0904190219305,35.020690864638595,40.245271934409686,11.031137574078862,46.593429535021954,32.29718126242524,9.754691490475345,20.71044970893218,4.177475043067474,0.0,21.773403632334087,39.774987424046884,19.9827071709492],
        [23.305616510418258,13.492495477781262,13.27439880458532,22.613606746408465,24.90519466022173,3.8021007195623646,26.368472595091454,36.67140272026596,1.1351746018301831,21.815058410023177,11.81307726025759,17.048406295570093,30.55664247487516,12.723041305905472,17.001768557257893,10.551793939842675,36.31150213148652,43.824504637850055,35.767509682461444,28.26950150689516,29.04456601442783,32.80454120641295,24.820025902687863,10.523777630091153,28.008583395694657,23.743389132672277,17.595928589266613,21.773403632334087,0.0,36.45207808457783,23.305616510418258],
        [59.75769459499608,29.520942497730964,49.72647688916315,32.83021360274609,21.941632082115348,40.254178804140196,37.436540456302694,46.88800957660359,35.572749410572044,16.9816594686026,40.823619482723075,51.97845552357698,67.008720559453,47.036908224964364,42.0210001099435,35.980898283496586,43.732451625780705,33.60789778151243,0.6845684021163834,64.72157959147299,8.25526144573797,43.02114806275058,30.718629928762724,38.69279858579216,38.225190252032284,33.959995989009904,37.020942211721774,39.774987424046884,36.45207808457783,0.0,59.75769459499608],
        [0.0,30.23675209726512,14.28975301830669,37.56639524285376,37.816062512880734,19.503515790855893,22.32115413869339,31.72641680838694,24.184945184424045,45.12067492044143,18.934075112273007,7.779239071419099,23.420559546781945,12.720786370031718,17.73669448505258,23.7767963114995,47.10877443301316,54.621776939376694,59.0731261928797,24.044559533831148,52.35018252484608,25.23221587361891,35.6172982042145,21.32104993161779,29.737398661424546,40.693156879881386,22.73675238327431,19.9827071709492,23.305616510418258,59.75769459499608,0.0]
    ],
    "vertex_count": 31
}