{
    "drone_dist": [
        [0.0,1180.2697838549982,4156.255358239486,2581.1470985324363,3302.774394576618,4439.598322583643,4153.218459174258,600.2981839650074,3007.333748893202,4559.872993300979,4542.3227354228575,4000.755826661445,845.8069733041748,1192.8047743770892,3062.8557722111364,1326.88640382015,3156.175926806253,3101.331355997632,1146.6143010899004,4157.854020018948,1158.3804461646987,1918.3150303126956,3178.188405698302,4267.093450489252,585.7354629537923,1696.3511703236707,1348.5231754470599,2397.2523697251327,2420.0017953961637,1301.5953444565364,2996.602323671929,2752.1641868065626,4209.029726794518,1996.3614448732042,4033.020895637338,314.31832954180055,2771.5550968592465,2518.6916069414483,3117.35186327351,3725.8248774682074,2295.491468762498,1912.2153337988611,2295.0965406784408,751.8424834347272,3953.2094318596,2729.3840517377284,2489.7930738459054,3454.889398274877,1799.6643253790078,1014.1202383273549,3088.3916586396085,2169.8213167454473,781.4510773323548,2959.213820612128,4468.541823064173,3032.006809337317,272.43439950297227,1288.5113101822622,1578.4240584617658,1238.2643151274656,0.0],
        [1180.2697838549982,0.0,4395.700893122879,2133.566921787232,2260.276088743711,4471.696236621168,3760.623111245117,1644.1967525370935,2888.5578952398932,5449.1591082492805,5435.472555295317,4901.202927090752,667.3322735700023,2225.093672776434,2304.866832212932,1218.7950751922547,3965.2642428203885,3567.5712870728394,1720.3980003800189,4774.792111422232,1403.2457117369265,2648.4261371438665,3371.595850558692,4316.963575344727,605.9584126493409,867.1901772500557,1452.2107412391672,2423.565660338016,2713.2024769346726,2476.088357805749,3854.7094080243132,3709.156147552905,5068.2245726640485,2028.8499213412572,4447.012469917695,1222.245209494926,1854.2558870589944,2267.242335796012,3953.6533575045264,3382.6618086345507,3253.803673082595,815.5444994901615,2229.9202741040135,486.18541044302856,4666.796161388805,3346.1240032683722,1457.057456899152,3457.1213826029234,1093.065397222601,460.61595867276884,3170.0492122585392,1066.0622317177977,1961.6980469131227,3452.826516317367,4390.0472905404695,1939.4832403300952,1340.9273507582575,1660.3001299399132,2734.601305214534,1133.087270449905,1180.2697838549982],
        [4156.255358239486,4395.700893122879,0.0,2691.5725071737297,4393.466668079852,792.8925003787642,2231.0142950985132,4594.111014736351,1725.3222636331218,3033.5169540503894,3046.4130120784234,2840.5356944264727,3807.7768903152682,3427.3240856963034,3360.630202920667,3180.046984641693,2237.211890263497,1218.1444297041517,3010.19540946253,1513.7269118513268,3094.046495204589,2474.6411804599056,1024.1599539215574,693.4489875543421,4315.295661285868,3776.6062170256337,2976.5540651049023,1984.9844033643647,1742.6848440082701,4441.163509443143,2446.195779741136,2881.7027131590276,2698.4366784972535,2367.2304644797546,655.9832688240257,3842.6334679236793,3822.138067754498,2331.4667216487774,2351.285901564152,2059.8484072516494,2914.6765235378734,4265.149646894551,2202.4044633548506,4090.7528421323514,1891.7463878579476,1760.2338971859142,4146.971156712733,1136.4076754490475,3542.359058129665,3947.5945246262786,1262.1249701384622,4327.097832796855,4185.1554995981305,1369.0101649459648,1185.203336433991,4526.978309320991,3915.7749912654376,2892.839237754726,3932.331366574467,3270.8208573633174,4156.255358239486],
        [2581.1470985324363,2133.566921787232,2691.5725071737297,0.0,1773.0741559283222,2516.7430953103126,1633.5571844503786,3177.8119773575568,968.025255018847,4805.679954736477,4803.220439158451,4353.092012246092,1819.3109601495405,2736.034887487222,836.2761806625724,1257.7917808716115,3364.393240759297,2388.463638899003,1863.347736537569,3631.3907345636208,1531.159229910025,2337.3245432734525,1784.0378078434435,2391.078072901502,2373.1136007176538,1302.079780487815,1323.3625989189536,973.9538298495116,1562.1509087156483,3596.207176027347,3390.7582358899963,3522.5334591739875,4396.143234570593,967.8688708014148,2997.1656039365785,2331.5509105903343,1145.8464108765393,413.86329354851136,3416.863101230567,1249.4747800650903,3191.0010055397065,1698.8262091679505,772.106598420628,2072.0532825792425,3729.559488351617,2518.0952038747123,1460.797547021125,1576.0106495828134,1054.4907289672221,1806.5249486023279,1463.8958461785764,1695.3379396553246,3102.397956080362,2357.458067170909,2346.1182012437525,1848.0487458051762,2483.102642178495,1591.61579454639,3451.2756357775024,1343.1827202750455,2581.1470985324363],
        [3302.774394576618,2260.276088743711,4393.466668079852,1773.0741559283222,0.0,4062.957631525917,2671.187681136917,3854.4120847105833,2687.6823365956297,6538.686658186302,6534.252521261653,6061.484887650262,2477.379453095815,3982.6463050956854,1036.372046106088,2345.166265080578,5062.786801742874,4156.023421266947,3156.530762680806,5404.305431227096,2727.407075493341,3896.4147405439803,3547.313014554253,3974.7729068898584,2815.5157589063638,1624.26838972927,2579.881611533386,2725.9624098071217,3299.5005789436473,4573.0004020783745,5056.062777746158,5109.890438245677,6129.052800491403,2594.7041487633574,4755.848329853406,3195.5026831616738,672.5031384840308,2184.886381700654,5101.600336825753,2519.636512666583,4719.767418911525,1444.7712060946487,2501.862757884815,2562.066185133612,5491.0319824120115,4237.785731807004,815.2678264041595,3257.0606223511927,1605.6355325337436,2288.654766744195,3217.9635149489677,1199.851330079079,4037.3878944516523,4116.2893264448085,3784.217520347522,393.0669355218709,3352.778432498518,2921.2944187695507,4649.1000081042075,2364.454482254585,3302.774394576618],
        [4439.598322583643,4471.696236621168,792.8925003787642,2516.7430953103126,4062.957631525917,0.0,1609.8154822766364,4937.6781839090145,1596.7869948662017,3825.6133994108222,3838.759922898328,3628.286937942483,3953.7961706463143,3887.9129009479475,3033.329166298581,3300.3042113180154,2972.214519090918,1841.2202270092619,3323.37376240695,2304.239490868289,3305.8954415787816,2976.3625759168035,1304.929918706128,177.78702843149432,4498.423607060996,3746.968059256369,3149.7226664013037,2079.3827959777577,2060.971998267824,4917.228809683959,3164.703900357995,3573.9696769434304,3491.012027490305,2492.215437376577,1448.8558076435115,4127.272041326926,3567.4547072255486,2239.6617893902744,3083.0477922668647,1568.2200679548723,3544.7397754146214,4196.576369186473,2247.419618155336,4240.697548943338,2683.598674366481,2379.4600085664492,3960.6175784327747,1016.0064082100616,3499.161142152119,4051.2926158249093,1352.417132891967,4211.215205155665,4595.821632699434,1974.163892309748,417.18936318152487,4257.292616840183,4225.274658822005,3151.146936326311,4466.297204966167,3398.0497934609657,4439.598322583643],
        [4153.218459174258,3760.623111245117,2231.0142950985132,1633.5571844503786,2671.187681136917,1609.8154822766364,0.0,4736.14025396491,1306.0324328898298,5104.406943803413,5111.435999273752,4785.812444688065,3438.721838722911,4047.5515745685825,1731.586836328975,2833.3302531846866,3924.314785550482,2718.52481616033,3247.4654708609505,3651.7609959518427,3024.523097236609,3357.768778153161,1922.3192227696702,1597.9905610992953,3998.5696543628383,2909.9559306682736,2819.778867234734,1925.7221565845314,2330.4573462595317,5016.7861107529425,4046.8315545464734,4340.689196063752,4723.3971799139945,2236.434675853991,2813.862294991726,3877.0807048794813,2332.8255847124715,1636.5144229401196,4014.4387865826966,439.4591250539619,4144.720206459736,3235.7118140083203,1922.5526960694285,3699.952840435525,3932.6536150900884,3122.6941440773635,2808.3737951752473,1353.009787963612,2670.3993431725958,3439.1411070020667,1654.910567311873,3162.4277820393468,4571.2107125114435,2782.8826710380995,1232.9318526027462,2945.708249982977,4016.681517246037,2994.4517739834255,4740.029523803167,2927.5769516327455,4153.218459174258],
        [600.2981839650074,1644.1967525370935,4594.111014736351,3177.8119773575568,3854.4120847105833,4937.6781839090145,4736.14025396491,0.0,3560.631616071201,4637.193917557879,4616.740955443465,4080.31761490562,1435.1739328209903,1322.0214221632498,3659.4493637014157,1920.9989051408293,3333.107725316464,3475.5108645210303,1614.3597107490896,4427.888657170184,1718.7051700255015,2218.6254339353795,3651.7288416327387,4762.483841620118,1047.3347212645224,2271.3648691754784,1918.7974169468387,2936.0384536205074,2886.8618089640026,926.6504435733576,3142.332639742313,2820.896318876416,4317.807860799036,2547.480922105131,4405.257053885305,859.3361492055899,3349.2305935454656,3099.6714997944405,3275.383604349996,4305.3797116003025,2387.711269561607,2432.4563371023496,2854.14798171246,1294.2019572065833,4170.7669233497145,3044.76123029737,3039.145193964746,3974.9028120661724,2390.259624901398,1577.9626937255782,3595.8712282212177,2690.1017868390236,578.9763430558198,3326.110968584031,4994.2206845882465,3562.909025310201,727.9354277150542,1806.6989826797117,1413.4654768318987,1834.7111412338597,600.2981839650074],
        [3007.333748893202,2888.5578952398932,1725.3222636331218,968.025255018847,2687.6823365956297,1596.7869948662017,1306.0324328898298,3560.631616071201,0.0,4086.393824533775,4088.244416490907,3692.4523404158444,2412.51735643155,2757.249280928108,1669.5513425369634,1759.8206515782306,2755.875992419072,1620.0405421430319,1996.7238677456216,2781.1091689322957,1849.1789568332536,2054.7356878477863,887.0752765168742,1454.6414215533202,2971.792653557664,2150.3618028507008,1662.4217406711737,641.328375273252,1038.7581658263762,3747.5620337187424,2842.3251517115846,3087.610293216688,3684.1432651717532,1013.3245263843045,2074.228759305881,2708.8636846303307,2098.3229550679766,644.0816448484852,2832.2031063310064,879.2374490552513,2857.7542146459705,2606.542476762103,713.7214868386994,2696.13458716842,2949.9520460629687,1913.2068539174181,2427.832565177615,612.0144570241358,1903.0349506748933,2483.6269849078876,547.9375591610493,2637.308547212302,3329.396304372385,1637.5258015457796,1506.4766688810703,2803.3280127973826,2832.697809011414,1763.9008546151374,3440.8148548555496,1859.1593342117885,3007.333748893202],
        [4559.872993300979,5449.1591082492805,3033.5169540503894,4805.679954736477,6538.686658186302,3825.6133994108222,5104.406943803413,4637.193917557879,4086.393824533775,0.0,29.375831988373882,559.5666920217425,4788.655050110948,3373.4324435987246,5637.079801121642,4439.543980047238,1507.8887936959252,2466.4671380266223,3737.3157748938725,1522.8898844267828,4114.7119867335,2813.4462439888516,3235.3005072202445,3720.727925727491,5036.100146115457,5278.277736005674,4161.170749459357,3831.7885148333944,3245.827864212764,3929.7385147346545,1594.4703906917412,1819.0465527147776,409.8353620936915,3950.9487423625797,2378.1958773423494,4339.5462499993655,5870.793001344149,4396.144979606678,1501.327579067297,4804.867920299725,2267.744241568072,5770.090762899945,4044.3512410378125,4980.772620836285,1172.4865721513017,2301.140205050092,5980.954830453861,3766.6873253131953,5136.265146946369,5022.228267871964,3559.928960830562,5949.150665459164,4059.894063363982,2463.41174562902,4214.778574185619,6511.950119319433,4295.165852889053,3856.427909142885,3297.751696819106,4478.625252598373,4559.872993300979],
        [4542.3227354228575,5435.472555295317,3046.4130120784234,4803.220439158451,6534.252521261653,3838.759922898328,5111.435999273752,4616.740955443465,4088.244416490907,29.375831988373882,0.0,541.567001105307,4775.464710122131,3355.1709042567722,5635.114740163709,4429.6087916394545,1498.488955797584,2468.209446477611,3724.656681709922,1537.066693599428,4103.487547183648,2801.573630330911,3239.188530965803,3732.869876080674,5020.266504161681,5268.877724146839,4151.298633976068,3829.276452492204,3242.783582368412,3906.5379625924106,1581.0473042998406,1799.5994439569322,407.26476704030085,3945.4736739849463,2390.834016373035,4323.210645832139,5865.997999501209,4394.0742790756585,1489.806137699232,4810.037387245655,2249.354013417728,5759.994334996889,4041.0556986786974,4966.44493058945,1180.6579757923637,2296.487676473004,5973.787186715617,3772.4194952602797,5127.977297610016,5009.4147155003975,3562.960452790599,5939.933679004005,4039.2344399158155,2463.3167632241043,4226.925664039097,6505.77914535217,4277.964886249419,3845.4991843442053,3275.015190277943,4468.124565987862,4542.3227354228575],
        [4000.755826661445,4901.202927090752,2840.5356944264727,4353.092012246092,6061.484887650262,3628.286937942483,4785.812444688065,4080.31761490562,3692.4523404158444,559.5666920217425,541.567001105307,0.0,4243.253069273945,2813.878524302756,5188.655075295478,3914.8480992962013,999.5123540698293,2084.8850783265007,3195.2352932904396,1405.778022969876,3581.1873118438443,2277.162375624372,2877.557672037187,3504.158917481238,4480.249020711163,4756.9513159035805,3637.234313929157,3381.5365962436,2791.8540966285527,3387.65475970168,1051.5577556015326,1260.4546705705563,302.920576000899,3467.031867925804,2192.8091455983035,3782.4614830712994,5390.5571776385805,3949.2978730458767,973.1725758285527,4457.404873702714,1708.1779829717045,5243.294823673061,3584.0895615007034,4430.110444939552,961.7190520413726,1834.9969939382108,5477.69715908335,3434.024467124294,4624.010592582377,4478.708296812627,3186.3932617694136,5428.804944978782,3503.708886570617,2054.9280798423483,3994.109767644735,6017.462342110891,3736.472224222983,3325.148280229202,2752.6036394281923,3949.7759264325546,4000.755826661445],
        [845.8069733041748,667.3322735700023,3807.7768903152682,1819.3109601495405,2477.379453095815,3953.7961706463143,3438.721838722911,1435.1739328209903,2412.51735643155,4788.655050110948,4775.464710122131,4243.253069273945,0.0,1638.5935897568797,2226.612599102755,655.0453035433729,3300.2783846032457,2921.688459911038,1054.5153429266988,4114.443315878109,747.8525115922736,1982.9089967659688,2786.8642932942616,3791.0335993781955,564.2163974848487,857.147855890102,831.6611005304221,1876.0329730416342,2091.4198872073343,2095.8172531131727,3194.430966690484,3067.458106186314,4405.154187600353,1465.2964544510733,3816.3436605697875,721.9528303085909,1927.5058660621023,1840.797912617335,3290.7985375718877,3028.313804278012,2616.5427387155814,1152.949597955881,1712.9008916571563,287.0013324314633,4000.0631226694395,2681.8016808845227,1672.271812619862,2939.742200482214,955.2581052595614,244.03368537110174,2618.7087511460245,1400.1910864790175,1560.2351638809425,2801.9565353559587,3916.2445839231896,2231.4915443504538,876.600539681861,999.137221019993,2227.481882147553,556.3700688843439,845.8069733041748],
        [1192.8047743770892,2225.093672776434,3427.3240856963034,2736.034887487222,3982.6463050956854,3887.9129009479475,4047.5515745685825,1322.0214221632498,2757.249280928108,3373.4324435987246,3355.1709042567722,2813.878524302756,1638.5935897568797,0.0,3445.109076386162,1647.8756365126999,2015.016874093197,2244.3848095048306,876.9428260084267,3112.140759759828,1273.6629617857323,959.0944839443133,2584.330089945113,3710.1490177041906,1715.5133022192545,2395.3669781580984,1455.7130860203738,2122.8691859380633,1852.2266707405515,1029.5149709668863,1833.3995522485284,1560.4093558642342,3031.825605985811,1839.7149060324525,3154.445817397528,1015.4882895975047,3351.940660412963,2496.58580752475,1962.4012183119203,3609.2511517316548,1105.870078159964,2780.7838220935905,2143.002936590311,1739.132805735113,2848.8010181889035,1765.5766883211618,3224.2201824033746,3019.8304307362982,2377.1538487645407,1880.745007642791,2620.962779238196,3017.620854108586,794.8387797335599,2090.539071625456,4022.40533867393,3798.066297858244,938.1676661695659,1147.2751111320483,715.3420407012256,1619.252098664343,1192.8047743770892],
        [3062.8557722111364,2304.866832212932,3360.630202920667,836.2761806625724,1036.372046106088,3033.329166298581,1731.586836328975,3659.4493637014157,1669.5513425369634,5637.079801121642,5635.114740163709,5188.655075295478,2226.612599102755,3445.109076386162,0.0,1834.0742249585444,4200.654048449959,3203.542425406363,2570.5181242877707,4426.33676145315,2181.348290744863,3148.0342110059282,2545.52307340422,2940.933957335243,2714.9351046994975,1452.8275412026792,1990.086062349105,1807.6576119694437,2396.9969373037784,4213.538841096626,4225.6045171026135,4345.635172940655,5227.884829375925,1780.977694091704,3743.73043692425,2867.4552063697524,604.1888806998454,1241.1226938314446,4252.94920494224,1513.1898940774934,3999.0488211470138,1618.0538456972517,1608.1186133042008,2416.600096589474,4548.267978846066,3353.726119662674,1095.2342093065276,2224.593978831455,1279.3098641814288,2123.9620858410876,2210.235281671672,1488.2912727336393,3693.0540352434246,3181.623209170057,2770.2387151992466,1236.3332468815865,3027.5645382734833,2304.899131065644,4152.549915112917,1892.9632918739412,3062.8557722111364],
        [1326.88640382015,1218.7950751922547,3180.046984641693,1257.7917808716115,2345.166265080578,3300.3042113180154,2833.3302531846866,1920.9989051408293,1759.8206515782306,4439.543980047238,4429.6087916394545,3914.8480992962013,655.0453035433729,1647.8756365126999,1834.0742249585444,0.0,2931.853260930176,2373.7895249359203,813.6754459918359,3610.6659238670322,382.4520090775405,1646.2705186500166,2156.041927985952,3138.609091934709,1211.973866728627,844.1764500332499,278.51529013217,1225.3340926109684,1499.8953281720242,2382.342778771039,2867.502146141689,2833.337911116922,4041.0478651493017,818.648681611,3234.5596439569304,1074.5585471615755,1704.8662115969632,1208.5536399479297,2942.84519052545,2411.5426534460457,2413.5839009287565,1330.7986146025123,1057.859883315756,941.2339969371338,3549.5405830553477,2216.5518297717535,1623.9909034361724,2285.529471017401,752.1763635601064,767.5873381849344,1971.0212162184805,1515.798342721264,1868.9675417158544,2269.23921876084,3261.916794025394,2194.388686875066,1228.092355527896,602.4637495405588,2338.2171607969817,99.34134983652422,1326.88640382015],
        [3156.175926806253,3965.2642428203885,2237.211890263497,3364.393240759297,5062.786801742874,2972.214519090918,3924.314785550482,3333.107725316464,2755.875992419072,1507.8887936959252,1498.488955797584,999.5123540698293,3300.2783846032457,2015.016874093197,4200.654048449959,2931.853260930176,0.0,1213.5866216613208,2245.80937755974,1222.2667076129064,2611.16107270616,1317.4803978228713,2003.0173974743059,2822.188553394716,3587.749247554076,3770.434908432576,2653.4276972465836,2397.3009673484307,1808.52214659528,2790.9095145504134,244.80367850626993,720.0156156663934,1110.5320039175165,2468.110600262173,1673.6982391759868,2906.8673676438093,4391.555132600705,2965.011302052871,116.14749869549802,3564.5346747725484,991.9571904253911,4262.54326436265,2593.2150382427444,3506.5521090449865,860.1046252441898,853.7092096781856,4480.526503653794,2578.0686365245942,3630.6530052308135,3529.556494742597,2281.939945138524,4441.44485477176,2778.313903658969,1141.8145089532388,3287.566180611417,5018.412917525647,2884.849895680808,2351.603964359723,2164.67786528401,2972.0234207508743,3156.175926806253],
        [3101.331355997632,3567.5712870728394,1218.1444297041517,2388.463638899003,4156.023421266947,1841.2202270092619,2718.52481616033,3475.5108645210303,1620.0405421430319,2466.4671380266223,2468.209446477611,2084.8850783265007,2921.688459911038,2244.3848095048306,3203.542425406363,2373.7895249359203,1213.5866216613208,0.0,1973.3005279892263,1269.4955166466038,2174.0601287607424,1285.3273354584585,797.3597158723405,1676.1198167383113,3361.6740337006895,3127.41150620933,2118.5100041283276,1434.08814896567,903.5102832298405,3241.3704378304074,1365.3265781765158,1741.2511046884913,2064.278186921761,1668.3803994747293,932.7087969463571,2796.5190620026938,3505.1965287175617,1974.6108634366503,1311.236676957564,2374.8588331318774,1710.824904015292,3638.0013539137526,1665.953813044447,3185.3425501702905,1345.1288000524742,545.7649437428616,3699.8962683256245,1367.557607282471,2931.989469288073,3106.961771247289,1101.8777600059095,3763.957061745823,3023.0878743250446,154.30550943338395,2112.2384062700044,4184.0544420347405,2842.533076761788,1931.0300634626972,2716.9500389528525,2446.8485189623016,3101.331355997632],
        [1146.6143010899004,1720.3980003800189,3010.19540946253,1863.347736537569,3156.530762680806,3323.37376240695,3247.4654708609505,1614.3597107490896,1996.7238677456216,3737.3157748938725,3724.656681709922,3195.2352932904396,1054.5153429266988,876.9428260084267,2570.5181242877707,813.6754459918359,2245.80937755974,1973.3005279892263,0.0,3100.4005742540717,432.1843746982187,928.3948899241458,2042.4009895040756,3148.331386450772,1403.401235970898,1631.4720335080972,586.988826365494,1356.939905013684,1279.2782531953271,1771.550761243681,2144.42265184884,2052.098222970987,3351.592346322672,1011.2831713473216,2900.1160419435746,834.0653394966168,2508.5727269768986,1649.2177705529393,2237.70789285851,2808.242461845193,1617.2435158791727,2080.884271899636,1324.91305928882,1272.8027864064932,2957.6089152085815,1658.3938267728413,2434.5259819833323,2366.5412628176427,1565.0491376479142,1285.0892040084402,1983.138686328839,2292.0796387900955,1332.7122431857556,1837.3161149856612,3386.8250962067173,3006.4956309154823,908.6266377591122,271.73360605199815,1590.3083922113055,811.0856090299613,1146.6143010899004],
        [4157.854020018948,4774.792111422232,1513.7269118513268,3631.3907345636208,5404.305431227096,2304.239490868289,3651.7609959518427,4427.888657170184,2781.1091689322957,1522.8898844267828,1537.066693599428,1405.778022969876,4114.443315878109,3112.140759759828,4426.33676145315,3610.6659238670322,1222.2667076129064,1269.4955166466038,3100.4005742540717,0.0,3371.557289469918,2239.719881140369,1894.2988379368285,2204.633166125351,4502.814258501805,4387.883636750861,3344.689172517547,2696.1751414796113,2171.3892119552083,3977.621678318459,1465.6686374121655,1936.2267745391741,1212.5139042572953,2936.0072835475175,861.9237373657994,3874.392877975823,4762.067678981498,3219.5993218422564,1325.424060280939,3394.15903561106,2193.1247473416024,4898.337527991905,2930.535615187192,4361.616476974776,461.5753185080965,1442.1959770185722,4968.761635459773,2357.1098841565877,4197.918561073135,4316.728694540351,2233.447131556652,5030.516920065021,3902.594837434626,1348.67937745009,2698.0702719155183,5447.113203565289,3887.098785918059,3115.5598054738757,3364.5906269581874,3676.5265385645002,4157.854020018948],
        [1158.3804461646987,1403.2457117369265,3094.046495204589,1531.159229910025,2727.407075493341,3305.8954415787816,3024.523097236609,1718.7051700255015,1849.1789568332536,4114.7119867335,4103.487547183648,3581.1873118438443,747.8525115922736,1273.6629617857323,2181.348290744863,382.4520090775405,2611.16107270616,2174.0601287607424,432.1843746982187,3371.557289469918,0.0,1304.1496536504308,2083.401989682323,3136.576214328317,1221.3480458299275,1204.7272590073849,209.22757707500043,1242.659530561298,1359.3626102939959,2065.663659187997,2530.1586435369577,2469.47521652816,3721.5709805082947,838.203014605762,3073.144863719827,861.4794674687516,2084.3154566531894,1390.210699630707,2613.713270095591,2590.7310714372393,2042.0915104613453,1668.052240342816,1137.9879224631059,1014.339535299547,3273.245435337215,1946.2202619745042,2002.519799137818,2307.8161593308855,1132.9311031540956,945.8354254876369,1954.300195491605,1870.4759729939788,1573.7310309592133,2054.18889956313,3315.7425993807296,2574.324889065026,993.6866857334213,261.73348266074095,1973.2404693320516,381.60622543600795,1158.3804461646987],
        [1918.3150303126956,2648.4261371438665,2474.6411804599056,2337.3245432734525,3896.4147405439803,2976.3625759168035,3357.768778153161,2218.6254339353795,2054.7356878477863,2813.4462439888516,2801.573630330911,2277.162375624372,1982.9089967659688,959.0944839443133,3148.0342110059282,1646.2705186500166,1317.4803978228713,1285.3273354584585,928.3948899241458,2239.719881140369,1304.1496536504308,0.0,1689.3912480515585,2799.5864122157104,2293.9211409641402,2490.4468840468,1371.7890109491723,1486.6871240204478,1035.2016299752406,1966.694894933731,1226.0089935892045,1213.5665809284305,2424.5864488459147,1370.364096917584,2200.141252417116,1639.453342136499,3226.5603969046333,1994.7400017557354,1312.2431826369525,2933.9352153718064,853.7419221717654,2969.1585129399305,1601.2970198992648,2194.048717205032,2050.5989741111825,826.2926704177585,3244.927230237907,2184.6555023280484,2376.3897058195716,2212.294768585474,1790.5872464519252,3161.9145668148003,1741.2899143718196,1131.5752330927805,3149.687555776392,3802.775919998801,1647.3822210646333,1049.741012239677,1490.730737232823,1675.4669093512864,1918.3150303126956],
        [3178.188405698302,3371.595850558692,1024.1599539215574,1784.0378078434435,3547.313014554253,1304.929918706128,1922.3192227696702,3651.7288416327387,887.0752765168742,3235.3005072202445,3239.188530965803,2877.557672037187,2786.8642932942616,2584.330089945113,2545.52307340422,2156.041927985952,2003.0173974743059,797.3597158723405,2042.4009895040756,1894.2988379368285,2083.401989682323,1689.3912480515585,0.0,1127.1894918823646,3302.26452252038,2769.948560724728,1956.9125325489417,970.0161094975616,764.8919501062913,3613.8407684237172,2135.1896110172584,2465.1970090585605,2840.2053356750625,1343.4773665093203,1213.461325039535,2863.9370336249804,2929.7167795911664,1388.0430330919605,2095.3315775380843,1579.8490699655654,2343.0377923240003,3266.5009668723337,1196.4400368831032,3070.987334826131,2081.1447288821246,1228.7453293825897,3202.818196919087,576.8676408673441,2541.983980421594,2923.623423593791,339.1864672995422,3345.5804941455103,3293.03281752938,863.7865192441178,1461.7004369730362,3630.1646742055223,2950.4787087661166,1896.747002173026,3178.8708984095747,2247.197645358525,3178.188405698302],
        [4267.093450489252,4316.963575344727,693.4489875543421,2391.078072901502,3974.7729068898584,177.78702843149432,1597.9905610992953,4762.483841620118,1454.6414215533202,3720.727925727491,3732.869876080674,3504.158917481238,3791.0335993781955,3710.1490177041906,2940.933957335243,3138.609091934709,2822.188553394716,1676.1198167383113,3148.331386450772,2204.633166125351,3136.576214328317,2799.5864122157104,1127.1894918823646,0.0,4333.143423625663,3603.909183301064,2983.000004809609,1915.2527795327944,1884.008343603888,4739.480134992331,3009.959631043461,3413.074230651379,3377.168228620701,2327.4653981350484,1343.4456706183605,3954.4265017905395,3461.648275729069,2098.7217312052608,2931.8533274907822,1508.2438111707413,3375.2967697624886,4060.164594208583,2089.185083253065,4078.0244651398493,2568.0700960337517,2211.3200817835955,3842.971144978289,860.1773894169478,3357.2785748099946,3892.854617071876,1182.2836055379428,4082.162011651316,4418.484500118901,1806.3073132327781,494.05661482689624,4156.470139966555,4051.209333814685,2978.584991881088,4289.771971054558,3235.931296473366,4267.093450489252],
        [585.7354629537923,605.9584126493409,4315.295661285868,2373.1136007176538,2815.5157589063638,4498.423607060996,3998.5696543628383,1047.3347212645224,2971.792653557664,5036.100146115457,5020.266504161681,4480.249020711163,564.2163974848487,1715.5133022192545,2714.9351046994975,1211.973866728627,3587.749247554076,3361.6740337006895,1403.401235970898,4502.814258501805,1221.3480458299275,2293.9211409641402,3302.26452252038,4333.143423625663,0.0,1274.7920083649537,1352.0474682557997,2419.1574154239183,2579.295677730599,1871.8006479589717,3450.840229631826,3252.26605999216,4670.147245674814,2006.2164827313707,4277.382407881532,703.2942289694179,2342.3984731702094,2405.005977305227,3561.874632718332,3590.78717702506,2793.0908058798836,1385.6924550985507,2267.1833013634673,303.7285112129443,4343.795302409729,3060.623609487814,2001.241677839792,3487.53841972165,1437.7680236644549,591.8182503044202,3154.7529719333334,1643.0578067056756,1363.3809735941609,3231.3836787011887,4472.777369138185,2516.605674341383,786.3273547018017,1438.2720812148168,2160.7504530151236,1112.634009480038,585.7354629537923],
        [1696.3511703236707,867.1901772500557,3776.6062170256337,1302.079780487815,1624.26838972927,3746.968059256369,2909.9559306682736,2271.3648691754784,2150.3618028507008,5278.277736005674,5268.877724146839,4756.9513159035805,857.147855890102,2395.3669781580984,1452.8275412026792,844.1764500332499,3770.434908432576,3127.41150620933,1631.4720335080972,4387.883636750861,1204.7272590073849,2490.4468840468,2769.948560724728,3603.909183301064,1274.7920083649537,0.0,1120.1830898887254,1800.3757423708755,2226.4322950929695,2950.0950304028906,3710.8886824056094,3673.034644600486,4877.735098184331,1467.6178899055485,3930.5667669255167,1571.6073393455422,1077.8672730261421,1507.5544372915322,3784.2862815478243,2547.203868996605,3246.650410998816,510.62805168016513,1575.22966677081,986.5727841833373,4359.710162376916,3030.735082147772,832.5391479211037,2749.3955786011766,250.34338244791817,695.3136193305394,2517.3199882612666,671.9738339283108,2414.599909389822,3039.2046463778793,3621.3717852487985,1404.3238969053434,1729.5343533216553,1444.4149380803972,3038.4573307788046,823.2515499858896,1696.3511703236707],
        [1348.5231754470599,1452.2107412391672,2976.5540651049023,1323.3625989189536,2579.881611533386,3149.7226664013037,2819.778867234734,1918.7974169468387,1662.4217406711737,4161.170749459357,4151.298633976068,3637.234313929157,831.6611005304221,1455.7130860203738,1990.086062349105,278.51529013217,2653.4276972465836,2118.5100041283276,586.988826365494,3344.689172517547,209.22757707500043,1371.7890109491723,1956.9125325489417,2983.000004809609,1352.0474682557997,1120.1830898887254,0.0,1073.670912493751,1263.9803756230808,2272.864213469231,2590.705679650541,2566.174034036174,3762.5429258009667,661.8385725914318,2995.6042241392347,1059.6584393489316,1925.85848088709,1184.0761232473901,2664.9501375832087,2387.2475689707053,2153.378446023574,1609.3051014898067,948.7937363231325,1114.2914226837174,3274.963363486502,1942.0458887188997,1883.2209471835968,2143.3715648564284,1010.4269657101097,992.3019818136594,1803.0930460417283,1792.151636283041,1782.8830540846454,2008.6425668368424,3142.9147604314007,2449.306809836229,1196.9079022922674,341.85877077318753,2162.6915464813333,332.0470215329944,1348.5231754470599],
        [2397.2523697251327,2423.565660338016,1984.9844033643647,973.9538298495116,2725.9624098071217,2079.3827959777577,1925.7221565845314,2936.0384536205074,641.328375273252,3831.7885148333944,3829.276452492204,3381.5365962436,1876.0329730416342,2122.8691859380633,1807.6576119694437,1225.3340926109684,2397.3009673484307,1434.08814896567,1356.939905013684,2696.1751414796113,1242.659530561298,1486.6871240204478,970.0161094975616,1915.2527795327944,2419.1574154239183,1800.3757423708755,1073.670912493751,0.0,589.7319822868757,3106.902348728968,2436.9401911650866,2609.799680532823,3422.2175180418494,413.06164498939387,2144.8889071593812,2092.3099711494974,2071.4308955204187,567.9570010893702,2454.506305556433,1488.6888273985578,2324.7442743726097,2299.3041916573675,236.94181594243412,2163.033332818564,2765.087419674919,1547.1512050027588,2280.395194968248,1069.812580433267,1575.112669308873,1986.5924022773727,747.1777902367778,2388.5765980702176,2689.191821480307,1390.396133101761,2073.0857203500077,2751.18107058327,2209.0033084625593,1131.2893115234601,2814.785240089159,1321.82730193056,2397.2523697251327],
        [2420.0017953961637,2713.2024769346726,1742.6848440082701,1562.1509087156483,3299.5005789436473,2060.971998267824,2330.4573462595317,2886.8618089640026,1038.7581658263762,3245.827864212764,3242.783582368412,2791.8540966285527,2091.4198872073343,1852.2266707405515,2396.9969373037784,1499.8953281720242,1808.52214659528,903.5102832298405,1279.2782531953271,2171.3892119552083,1359.3626102939959,1035.2016299752406,764.8919501062913,1884.008343603888,2579.295677730599,2226.4322950929695,1263.9803756230808,589.7319822868757,0.0,2878.5719085891787,1855.850890948413,2059.635556560977,2836.0457187610045,764.908802073993,1734.754985463668,2105.7347305311037,2637.1904687388565,1157.6491111802773,1867.9872129312291,1914.2809277844024,1819.21347759557,2736.74762545438,799.0119939749094,2368.5130158483516,2199.231214779041,957.4573126372767,2804.241724814226,1170.404356659978,2028.565106438584,2254.8094048646335,771.269404292163,2860.4468655854566,2535.7762047141605,831.0686040696321,2170.872250020526,3301.92874804482,2187.8803294462805,1150.2768204947433,2487.1011214302866,1580.8647867477764,2420.0017953961637],
        [1301.5953444565364,2476.088357805749,4441.163509443143,3596.207176027347,4573.0004020783745,4917.228809683959,5016.7861107529425,926.6504435733576,3747.5620337187424,3929.7385147346545,3906.5379625924106,3387.65475970168,2095.8172531131727,1029.5149709668863,4213.538841096626,2382.342778771039,2790.9095145504134,3241.3704378304074,1771.550761243681,3977.621678318459,2065.663659187997,1966.694894933731,3613.8407684237172,4739.480134992331,1871.8006479589717,2950.0950304028906,2272.864213469231,3106.902348728968,2878.5719085891787,0.0,2567.9203800922223,2166.617084385833,3652.6995796658307,2782.2152311299774,4127.978815036336,1379.190930142769,4004.051470670654,3417.3260314817494,2710.286036704039,4577.344253264289,1799.058880081849,3209.6760890447017,3095.012770967706,2050.6618575414373,3650.9838935513835,2733.6612756885766,3767.1700955919764,4042.64990199991,3010.4872349333396,2296.6845782985374,3644.5908676421873,3466.3331564470036,535.6127244938242,3087.099675320468,5049.440904310599,4320.541375985596,1220.565759290571,2033.0539928769626,638.2681424836495,2320.5767193341985,1301.5953444565364],
        [2996.602323671929,3854.7094080243132,2446.195779741136,3390.7582358899963,5056.062777746158,3164.703900357995,4046.8315545464734,3142.332639742313,2842.3251517115846,1594.4703906917412,1581.0473042998406,1051.5577556015326,3194.430966690484,1833.3995522485284,4225.6045171026135,2867.502146141689,244.80367850626993,1365.3265781765158,2144.42265184884,1465.6686374121655,2530.1586435369577,1226.0089935892045,2135.1896110172584,3009.959631043461,3450.840229631826,3710.8886824056094,2590.705679650541,2436.9401911650866,1855.850890948413,2567.9203800922223,0.0,475.60865260471263,1219.3667398336256,2466.779933591353,1901.409545879632,2760.1919422112155,4383.59037742118,3000.840878213452,143.6751779713965,3673.30110620284,771.789242341331,4194.035610108365,2619.072573472681,3387.3090638170465,1089.9644128199684,930.5656484484018,4445.289156707843,2712.0363105262363,3584.911645440809,3428.7244478854777,2394.2242711070658,4382.854382178321,2579.896576759756,1272.6399856847797,3466.132301586839,4992.789742901775,2727.3820273583274,2274.9722147808766,1937.1693404015027,2900.225201275269,2996.602323671929],
        [2752.1641868065626,3709.156147552905,2881.7027131590276,3522.5334591739875,5109.890438245677,3573.9696769434304,4340.689196063752,2820.896318876416,3087.610293216688,1819.0465527147776,1799.5994439569322,1260.4546705705563,3067.458106186314,1560.4093558642342,4345.635172940655,2833.337911116922,720.0156156663934,1741.2511046884913,2052.098222970987,1936.2267745391741,2469.47521652816,1213.5665809284305,2465.1970090585605,3413.074230651379,3252.26605999216,3673.034644600486,2566.174034036174,2609.799680532823,2059.635556560977,2166.617084385833,475.60865260471263,0.0,1500.5106578896562,2564.9071644246355,2362.003113648936,2549.708190338866,4440.1235156024895,3155.632091759771,611.5326260214829,3946.768666655794,459.1862078112569,4132.762570571074,2763.2404811016336,3228.5302594440636,1541.7273330066162,1236.9110840788549,4448.303314677785,3036.160571251315,3576.337950000457,3309.038801301792,2688.945518680709,4339.924441347845,2245.473745685423,1625.343785211889,3853.234059976728,5010.447832179845,2492.2221761994265,2230.8832383202293,1528.6315931028435,2850.143913872405,2752.1641868065626],
        [4209.029726794518,5068.2245726640485,2698.4366784972535,4396.143234570593,6129.052800491403,3491.012027490305,4723.3971799139945,4317.807860799036,3684.1432651717532,409.8353620936915,407.26476704030085,302.920576000899,4405.154187600353,3031.825605985811,5227.884829375925,4041.0478651493017,1110.5320039175165,2064.278186921761,3351.592346322672,1212.5139042572953,3721.5709805082947,2424.5864488459147,2840.2053356750625,3377.168228620701,4670.147245674814,4877.735098184331,3762.5429258009667,3422.2175180418494,2836.0457187610045,3652.6995796658307,1219.3667398336256,1500.5106578896562,0.0,3542.1621418754175,2043.2439155486775,3978.301057396694,5461.365796376972,3986.863242318167,1114.5720737324875,4414.641023352397,1932.3318428028879,5371.846389629092,3634.528205419939,4604.1286121774465,809.3196512309605,1891.7439171681924,5574.577928566357,3379.538680572574,4732.502292631832,4636.497416457066,3161.5068196839998,5547.918176237401,3744.3501303790067,2056.7755612243577,3870.5045921497126,6103.903054130306,3941.467511812673,3462.1295957721804,3015.3523821143503,4082.264026144897,4209.029726794518],
        [1996.3614448732042,2028.8499213412572,2367.2304644797546,967.8688708014148,2594.7041487633574,2492.215437376577,2236.434675853991,2547.480922105131,1013.3245263843045,3950.9487423625797,3945.4736739849463,3467.031867925804,1465.2964544510733,1839.7149060324525,1780.977694091704,818.648681611,2468.110600262173,1668.3803994747293,1011.2831713473216,2936.0072835475175,838.203014605762,1370.364096917584,1343.4773665093203,2327.4653981350484,2006.2164827313707,1467.6178899055485,661.8385725914318,413.06164498939387,764.908802073993,2782.2152311299774,2466.779933591353,2564.9071644246355,3542.1621418754175,0.0,2466.674553130999,1695.8952869924794,1923.52545618355,660.8330950664782,2507.780159621433,1797.3885591772764,2223.7283302580267,1976.6389995472932,314.3239139814528,1752.195525284401,2947.379287634813,1651.6379968909791,2049.312238218725,1482.634463507993,1264.2178461272626,1584.5734989354958,1153.59757231534,2095.6428912131346,2336.9717373156086,1591.8653260763347,2481.476608863028,2563.5933364788248,1819.5790429534504,760.4322136632375,2549.7157339673004,913.4342356633802,1996.3614448732042],
        [4033.020895637338,4447.012469917695,655.9832688240257,2997.1656039365785,4755.848329853406,1448.8558076435115,2813.862294991726,4405.257053885305,2074.228759305881,2378.1958773423494,2390.834016373035,2192.8091455983035,3816.3436605697875,3154.445817397528,3743.73043692425,3234.5596439569304,1673.6982391759868,932.7087969463571,2900.1160419435746,861.9237373657994,3073.144863719827,2200.141252417116,1213.461325039535,1343.4456706183605,4277.382407881532,3930.5667669255167,2995.6042241392347,2144.8889071593812,1734.754985463668,4127.978815036336,1901.409545879632,2362.003113648936,2043.2439155486775,2466.674553130999,0.0,3727.02516256992,4142.973776291575,2600.817257762641,1789.82335365076,2586.154100858166,2470.98333397406,4436.214613617128,2380.235901816953,4087.4828475875474,1238.3312741455068,1394.8919875968747,4410.437248615178,1571.59381288493,3714.658593043099,3987.768027973552,1537.9182209589449,4533.311429556943,3941.377928329603,1079.5413944139318,1837.2846536023692,4843.622635224713,3775.028431071328,2840.1680139442437,3570.2069214145367,3315.4129120331545,4033.020895637338],
