{
    "drone_dist": [
        [0.0,3133.4854856562474,468.1403507012115,2723.245920482716,1904.2876729345523,935.2858985609452,2572.2361309007365,3284.189805419515,2118.041039365333,1108.7197834670474,2488.7905889783033,2157.6182223432916,2513.1121699405085,1528.2153820819437,2160.0973161263914,2323.4513805084966,2126.6724993805865,2370.205554007777,339.19749640846834,2168.5570092888884,461.79775468618243,1676.1330716835655,1318.6861694669053,2531.3679671022574,1642.090804787693,1234.242328634686,2199.5891601222593,2489.8315476706907,3248.7793415133533,4035.9390403882626,1983.382972365975,2111.1126416967522,1734.2031896182389,2570.945145065059,2352.3979752789005,313.1707207064149,1955.9504188771436,2131.163259759351,1624.4681283572409,2463.1596360282574,2303.14656900329,3050.7210112897624,938.4715554400286,1273.6159205501315,2643.086477844671,3234.108115216122,1226.8571491733671,3547.9031876312315,2098.5558420213183,2423.9721767537644,1976.7661286577154,3038.4699887774323,759.0362850287732,1716.6394900672715,2283.574296342232,2632.37067599927,2271.8852859436524,947.1680445379359,1161.8374234022488,2095.5182404566553,0.0],
        [3133.4854856562474,0.0,2675.476162756419,2712.155023239115,1232.5148245421783,2918.3263682809734,1619.5682255489894,2714.6662973452935,2397.0185051679455,2610.206663053023,2054.737825614451,4817.767271346643,674.9361539397659,2690.7702854780377,1210.7574885138629,1933.601119890575,1738.7629466639585,1043.6073518828657,3461.7881527426034,4091.351046700815,3527.2743155673156,3649.710060305506,4283.950619987646,1687.9007027261025,1786.1885469062158,2575.475958697242,1615.7554686288809,2931.379203175187,3675.6202940765643,4048.1272063593447,3244.3106277912834,3088.3620783614174,1428.0497105531606,3931.1018494883056,5028.330585988344,2857.863719803354,1211.3663327921477,1040.109048424735,3860.4722363426076,1426.539020047231,3249.3223066817804,988.1281409250217,3792.618728087973,2982.6570868991607,542.6876981093549,3582.080844350779,1915.6537182758054,693.5180964117043,4438.160991292356,4196.226102842754,1210.3167666571921,3667.648085662923,2852.70907251962,1902.997148074931,907.4894048622334,4169.175844165948,3322.2591586397602,3659.884890255708,1976.2295673826084,3582.980835539742,3133.4854856562474],
        [468.1403507012115,2675.476162756419,0.0,2406.0471468526157,1443.6040676407767,964.4288655513194,2138.388355395983,2934.96506269235,1933.8746205440173,992.338606208992,2095.845568724095,2420.935229607408,2068.389594545556,1438.3265280479743,1694.128477907612,1917.9333920499232,1811.946642937427,1903.4748601108988,806.7839508255984,2372.7539127788045,860.2317412894074,1851.875780654097,1679.3194641039086,2215.5758057301878,1193.2585552397688,1107.7993402751545,1866.07337254037,2222.076466263584,3036.4173083189717,3796.793560374449,1826.7228886591927,1904.839253945773,1267.62933490823,2673.064060199409,2626.437236265496,293.42383253263597,1489.6541979623985,1689.5890125855174,1870.5433906503604,2109.454072483768,2290.2545029342473,2587.064071273665,1330.8345679628706,1118.9450704152548,2178.480384440236,3008.0215457260674,762.3100215820068,3114.0149799043897,2254.857881043321,2438.2494381150022,1542.464455003303,2847.900024215648,764.1474611760098,1289.6508953611885,1843.526538512039,2777.1037829337265,2278.852583503398,1288.5695437750562,699.4866485003433,2186.8127109336237,468.1403507012115],
        [2723.245920482716,2712.155023239115,2406.0471468526157,0.0,2174.853736871012,3324.522549306966,1092.586907304747,611.16802795385,3845.2855567650754,3227.8123708990765,665.4618635913604,3025.395798454747,2626.8614542679134,3620.1048098086476,1703.8671801285573,831.149963175259,3351.477921146945,1758.0234415411778,2993.4202388259896,4768.268190627155,2775.9077396404996,4242.835917937025,3039.6280187294496,3624.47866646348,1528.5085602951347,3304.4117782427443,3308.048233049769,392.782930983418,966.3669793187805,1505.602155074562,1104.460475102851,857.505635031149,2014.0677104326899,4993.258461580266,3197.6710930374215,2695.2777348180452,2029.7804483383093,2508.7505412310047,4276.5250574981765,3368.1866091896777,4486.391913912409,1825.5790612828487,3660.474204749277,1548.151711182581,2269.13621658136,877.7363636553911,2134.263871970829,3404.770860125154,2469.780064081308,1890.7412600024434,2531.505165489631,966.1917803697656,3134.3728386047032,1321.477656186157,2585.751965447164,5132.903961724248,4504.377934393422,3662.6094601712366,2179.128777227068,4513.614957955936,2723.245920482716],
        [1904.2876729345523,1232.5148245421783,1443.6040676407767,2174.853736871012,0.0,1816.9685943623567,1291.3937272765402,2453.588329894836,1772.6931624731906,1551.6325881995806,1558.920059122508,3654.5303879528265,673.5262502859584,1778.2773742624322,550.0205741888035,1361.0613246682356,1197.3477536449168,666.6505428635655,2235.863375380661,3158.670730887449,2294.984041990637,2663.02889968987,3063.6396716544723,1449.6659796825836,749.6385868109481,1558.13483893435,1139.8968967929163,2237.8215922266027,3095.4831133114,3672.481106173235,2308.796775798653,2219.9788794105148,230.24463307610108,3163.144128195925,3866.098672057422,1637.6657880145397,158.93827701339808,368.9477868747816,2823.5749058423644,1197.8830045868629,2542.861940954688,1332.651031798029,2616.8106576522227,1879.6332880497473,745.300631675749,3023.1646313243773,683.1595936836377,1726.723007497903,3329.598642546729,3213.3426474872876,356.6514293757237,3008.1523184348725,1710.5343524167286,944.697365506404,499.44557620986615,3363.213250025168,2588.591632222762,2503.8793830470718,744.1208996337998,2734.5465403515814,1904.2876729345523],
        [935.2858985609452,2918.3263682809734,964.4288655513194,3324.522549306966,1816.9685943623567,0.0,2874.627434584493,3815.9804257725236,1265.0642464593755,328.5516146508231,2931.10300143345,3059.186408059353,2244.8631577859887,622.3285956303362,2264.0492975315315,2735.6388635299977,1480.6997342507955,2442.9513253881064,1030.25328866729,1451.69542087402,1341.3938417872591,925.2916690305636,2161.157190645469,1853.7971780118817,1934.9542474798736,418.9541890762087,1587.5911988156179,3170.848009296583,3997.5901269692604,4749.455280578341,2788.806537479885,2868.763273401584,1747.6455083830303,1708.6402969166952,3244.8194642681383,729.6309876806882,1933.932182575751,1883.4272706756115,1022.7546662108736,1875.6141398936588,1370.5701403308492,3136.1821509451756,945.2444745288883,2076.381459922294,2530.001191254847,3966.4568160503795,1316.4625998876274,3163.5104718402713,3033.070378763412,3337.5040890555615,1712.6198886726802,3811.850937531826,200.63490223153335,2092.5158412406636,2010.8379085020895,1818.220282981399,1344.5044778895924,775.1641694521874,1249.6530765080893,1222.418381765937,935.2858985609452],
        [2572.2361309007365,1619.5682255489894,2138.388355395983,1092.586907304747,1291.3937272765402,2874.627434584493,0.0,1192.4045599951344,3062.113861945613,2683.0301331854457,442.48799413854294,3612.3087537247106,1592.1920356078172,2995.8295160505277,745.0209031807623,386.4706899668441,2481.364714471304,717.6845283008876,2900.2076603953074,4307.432988514453,2801.089436385886,3788.011435742102,3338.146069421368,2687.7685029716545,954.7891523903277,2724.8645729670407,2412.0818931914364,1335.8641914497832,2056.8491633586154,2486.9856947897756,1788.8254025143235,1585.1029487386666,1214.5494141429965,4398.57296809169,3811.0685461434196,2420.8571714306786,1132.4903878129503,1557.3671115826328,3893.353848439032,2413.6742384368595,3808.6124448684013,783.3917476472395,3468.2754184577266,1801.8656127057016,1193.3409115906095,1964.5624924293274,1558.8567596856817,2312.299476991559,3132.0377117189933,2731.26417286547,1627.362829041358,2051.105728028929,2716.144579823488,856.0416808432262,1598.599429113388,4579.1840020532245,3846.458517955199,3411.704064518346,1624.9990256112737,3945.9425565855404,2572.2361309007365],
        [3284.189805419515,2714.6662973452935,2934.96506269235,611.16802795385,2453.588329894836,3815.9804257725236,1192.4045599951344,0.0,4200.8006017584285,3685.4520183635673,915.3950136090594,3611.9453200276707,2780.4037321017,4050.6473750780765,1923.3439250058132,1121.1076827539703,3650.9291050822358,1909.6933020130878,3568.4144946773026,5267.387396555199,3367.0006460063187,4740.766064373555,3650.7950258805845,3875.7861862560612,1924.4093222219433,3749.782365070988,3589.4303727117876,982.5088167304439,1152.934151678154,1334.4893443990354,1705.8806147823393,1460.9962749069182,2336.2384959640444,5444.933729974685,3777.3527013839653,3227.8436680086943,2297.087311250057,2743.8945171055534,4796.377834528179,3603.851352666067,4899.408422165089,1742.3507994885667,4222.49327902563,2149.586716289638,2360.3971010888677,1046.865059134115,2558.9801440015253,3400.347183320736,3046.551053786789,2419.8242452978857,2801.600067179641,1279.022790441455,3633.4469788028614,1738.0083631027708,2790.5221718755424,5601.263255337415,4926.577496784311,4211.9127219825605,2613.2176678483584,4973.479858728498,3284.189805419515],
        [2118.041039365333,2397.0185051679455,1933.8746205440173,3845.2855567650754,1772.6931624731906,1265.0642464593755,3062.113861945613,4200.8006017584285,0.0,1011.7147328138292,3288.777475057721,4275.65767980292,1788.312456649386,657.7774987950337,2322.6682711092035,3083.894353027531,663.1364026873205,2416.08892428219,2281.3487755836786,1796.710330663386,2564.7086416705797,1477.1820239561512,3408.361930929072,811.0822401922056,2316.789175333774,886.9553413234781,782.089332988899,3813.0646821629875,4685.354832900819,5348.112445302919,3635.2415977425535,3641.4393613159195,1864.8552358342686,1536.8814307734483,4469.617955953483,1833.590136017422,1931.42627440538,1581.0066413785614,1756.4938419417163,997.7329162013166,852.3769490217181,2998.016912925004,2145.7718665768393,2984.5684270507345,2228.567950043693,4630.196022839865,1740.981374405016,2368.167173383972,4177.820455442517,4356.800559475269,1461.443920619908,4547.6188355438735,1383.895276641773,2524.974586533934,1621.6150626475383,1781.855388065801,927.824357723817,1952.9947512501112,1713.2626582953349,1237.5442607295618,2118.041039365333],
        [1108.7197834670474,2610.206663053023,992.338606208992,3227.8123708990765,1551.6325881995806,328.5516146508231,2683.0301331854457,3685.4520183635673,1011.7147328138292,0.0,2782.9450283308493,3265.5253334005924,1935.3961479104844,446.089674458679,2031.9070792973428,2581.7929035324046,1156.3015510954228,2198.171011898003,1276.2735653438517,1627.5573661700794,1552.9941729251927,1117.0151614593085,2398.5575079604246,1536.3160812225876,1770.8987437327248,125.52652675961663,1260.890485462774,3110.806988603008,3959.9100296367606,4687.454657568698,2799.000071914948,2851.252828760236,1510.9020902007728,1765.5972757073912,3458.4739654629307,836.96768528824,1680.2469060716269,1582.8354403378557,1274.1128185302423,1548.4911700002117,1306.9786821035038,2882.4471402787576,1272.2388102251505,2103.522519742296,2242.703079299763,3920.546695084269,1134.8570360391498,2837.6170600788623,3188.765108334276,3427.102095780891,1413.0155383148267,3789.396371675785,379.55122346453066,1947.8259304887736,1703.8368758453432,1915.9978779216974,1304.8683937312621,1103.7151186655606,1075.507111092015,1288.716002948541,1108.7197834670474],
        [2488.7905889783033,2054.737825614451,2095.845568724095,665.4618635913604,1558.920059122508,2931.10300143345,442.48799413854294,915.3950136090594,3288.777475057721,2782.9450283308493,0.0,3275.584125666697,1967.3993178559701,3138.9819757176856,1055.4740417377081,205.720520281873,2753.218084902558,1094.398862042382,2798.600132226712,4381.740841293603,2649.678478173686,3856.0063045947463,3093.0146033533088,3000.5135971218892,1014.0025146857074,2842.62401213542,2698.8139646517207,894.2404387029877,1631.4290002889563,2122.6781613729213,1396.1528662407975,1176.2661881459796,1426.4595524028612,4536.551285250711,3467.904544988159,2388.368404874509,1406.3174494780656,1873.0866097445912,3929.321473290136,2736.4199857661188,3984.580899810955,1215.8649551285475,3416.2208834640483,1534.5746900109564,1603.711475611348,1543.1352801555006,1650.8230312832316,2745.619157226961,2769.074190144519,2320.2489585040757,1912.8557760591907,1612.9175252633925,2755.4037370549113,838.9049877778006,1939.08513623422,4698.411947446542,4012.6555525320746,3384.3419108901307,1707.718192940647,4068.422097595535,2488.7905889783033],
        [2157.6182223432916,4817.767271346643,2420.935229607408,3025.395798454747,3654.5303879528265,3059.186408059353,3612.3087537247106,3611.9453200276707,4275.65767980292,3265.5253334005924,3275.584125666697,0.0,4327.810947782457,3673.849274682188,3628.152822261305,3232.9692574002115,4232.270714336001,3825.6140348130225,2037.9922293821276,3926.530696789097,1718.7625247200745,3558.80584767645,948.1810232413408,4636.384374928105,3035.211432091048,3390.957453556621,4286.573562830313,2635.463940093072,2861.7673985210427,3605.149854309235,1927.8350565697797,2174.394094473376,3429.9366373245307,4488.9542583039365,211.5689213337253,2449.3370829796813,3627.6977752326293,3982.2672122271915,3376.3371520717956,4523.955128588159,4380.281311029425,4344.871430214135,2511.1637626694783,1853.034832245247,4276.006585000702,2919.149316903549,3030.437553674486,5379.56197265123,582.4659599876795,1326.5393204264765,3866.197112269227,2610.3758892962396,2904.5078281770534,2948.2175897064244,4133.387311225062,4468.328147773132,4331.370889651455,2672.886926496516,2994.5022054987508,4064.579630893617,2157.6182223432916],
        [2513.1121699405085,674.9361539397659,2068.389594545556,2626.8614542679134,673.5262502859584,2244.8631577859887,1592.1920356078172,2780.4037321017,1788.312456649386,1935.3961479104844,1967.3993178559701,4327.810947782457,0.0,2025.8091615119506,932.1424269743313,1797.1086470448295,1125.9222422370347,877.6008435021005,2832.8555089170372,3430.960100863117,2928.2364692039255,2980.328475812526,3719.759398613871,1181.3216105761685,1377.5210997953252,1900.9489387115568,1013.5924549827921,2761.9369759643077,3584.053574380372,4076.2660622386866,2929.8571742914146,2815.5829214914856,900.8201903527997,3305.5273844154744,4539.379445436378,2224.7512592457024,725.0705037913453,383.0929495413272,3187.041975100725,898.2677528554054,2633.6525170445616,1260.2170493171438,3128.9480738797038,2545.6525189024646,470.19402748546315,3501.4428948001655,1328.4888086523358,1057.00111528735,3999.7807340725976,3855.2857866140916,547.1138565690685,3529.6839177184934,2184.5143789966496,1546.5544952391492,236.7544345134382,3535.5525364390983,2700.162908393045,2991.6099613572383,1380.4043918450793,2936.0042916210127,2513.1121699405085],
        [1528.2153820819437,2690.7702854780377,1438.3265280479743,3620.1048098086476,1778.2773742624322,622.3285956303362,2995.8295160505277,4050.6473750780765,657.7774987950337,446.089674458679,3138.9819757176856,3673.849274682188,2025.8091615119506,0.0,2301.525184455788,2934.647386161584,1039.1884627037018,2443.9880042251393,1651.784024131025,1407.193113890745,1955.161528300064,964.5621227729816,2782.7840803084664,1351.3960265933524,2126.263932710208,334.17349740811295,1163.6155994080762,3524.4522151022857,4381.419791314528,5095.778255105819,3238.311003477431,3282.972322664319,1788.643240226188,1403.1536550633866,3862.02905068872,1274.1042046868718,1924.1525406440123,1718.8193286910146,1203.904921618465,1443.5750447318612,874.9600234223252,3101.1532998612524,1489.6723652187338,2547.1030924746833,2397.816319937303,4338.49484766579,1493.2683347498942,2808.860699187073,3621.4778373964264,3872.7926292219954,1560.3038709687155,4217.281596751215,770.665614061865,2316.604365063753,1811.9664915117564,1588.2811949773454,884.9812120418931,1298.2720908973388,1443.1044269040415,957.0099421632066,1528.2153820819437],
        [2160.0973161263914,1210.7574885138629,1694.128477907612,1703.8671801285573,550.0205741888035,2264.0492975315315,745.0209031807623,1923.3439250058132,2322.6682711092035,2031.9070792973428,1055.4740417377081,3628.152822261305,932.1424269743313,2301.525184455788,0.0,872.8679955342257,1736.3935430751346,213.10978998462775,2499.279429471929,3656.834026918858,2484.739781997875,3148.784519716427,3165.531250671239,1953.5245255713062,598.3164173394969,2055.959637440287,1668.6114209419165,1830.2097026568485,2654.9457360735382,3177.8257462470187,2047.5287245766137,1909.950456618361,521.0310784109694,3697.060143054708,3837.3691185477264,1942.2666132475963,391.5949611382101,821.8990918431017,3285.3534897075624,1684.717956984528,3087.2792159027126,897.1811742851547,2975.837737003251,1780.9274652970419,673.676223612896,2574.23639696017,979.453974515729,1848.3128097900471,3231.086341653672,2993.8347254357545,882.5669699676611,2597.5415636022694,2130.0520104151537,692.6516527863141,883.8276495353876,3889.7921902583093,3130.275728019923,2887.9090618478176,1050.6341006261869,3258.1207684867218,2160.0973161263914],
        [2323.4513805084966,1933.601119890575,1917.9333920499232,831.149963175259,1361.0613246682356,2735.6388635299977,386.4706899668441,1121.1076827539703,3083.894353027531,2581.7929035324046,205.720520281873,3232.9692574002115,1797.1086470448295,2934.647386161584,872.8679955342257,0.0,2552.727688905416,935.602113080955,2639.717170465025,4185.055178057692,2507.765434276706,3659.8508592695516,2993.75878930259,2806.636841478489,811.3188432722418,2639.876788902438,2500.563843880759,998.15328178339,1787.7491857045595,2313.463197874378,1403.3911359811118,1204.2252302110362,1222.8378455516158,4333.1047779172,3430.248660174025,2209.0332422980514,1210.526909328185,1683.0935740593,3738.3878595877827,2545.3313687127625,3779.1177403863903,1163.7784911127442,3244.115926055035,1442.7837271167969,1457.4373103969515,1704.3444033179287,1448.3490694978498,2618.4595736133197,2747.116365190715,2348.8955480930426,1716.3512357632303,1747.6283856817204,2562.3824694020195,643.9133125575094,1755.658223390607,4496.59280149942,3807.505312306936,3205.9471413722404,1506.2887750214375,3866.0514794989595,2323.4513805084966],
        [2126.6724993805865,1738.7629466639585,1811.946642937427,3351.477921146945,1197.3477536449168,1480.6997342507955,2481.364714471304,3650.9291050822358,663.1364026873205,1156.3015510954228,2753.218084902558,4232.270714336001,1125.9222422370347,1039.1884627037018,1736.3935430751346,2552.727688905416,0.0,1802.679810272054,2370.26017182057,2387.131787391847,2588.291832265679,1993.6847438005423,3444.3702957816404,405.52461635332924,1845.2763961728858,1064.3641823361372,127.97978661120277,3370.5970895169753,4241.614736464334,4855.689558932048,3301.28979542521,3267.4286223208273,1337.4396322781074,2192.4691606314295,4436.80366375462,1814.853827389454,1354.17121030323,947.3521338327596,2242.659655815606,405.6981783072504,1512.892769868479,2350.2067176408773,2425.7268110787595,2718.360550987796,1572.246680565752,4176.812939197734,1370.0772810007654,1774.5969706664546,4045.6770242348953,4111.235585360347,854.1700521360699,4129.209961769213,1515.7214762131994,2056.8002553294114,968.8436448280855,2430.9738555646236,1583.896756262768,2250.6714662775908,1367.5802646098737,1855.3638978462948,2126.6724993805865],
        [2370.205554007777,1043.6073518828657,1903.4748601108988,1758.0234415411778,666.6505428635655,2442.9513253881064,717.6845283008876,1909.6933020130878,2416.08892428219,2198.171011898003,1094.398862042382,3825.6140348130225,877.6008435021005,2443.9880042251393,213.10978998462775,935.602113080955,1802.679810272054,0.0,2709.3985501602774,3816.647073459253,2697.734720993885,3314.4841394142322,3376.3480435905526,1980.3486795779697,805.5479491956108,2214.1642296827804,1722.5777453014716,1924.7122717789382,2721.040931591584,3198.711402902877,2200.709733823163,2047.937191785428,695.9431015390539,3829.4953921868864,4034.117677349138,2147.561808327286,521.1625038000622,859.5443088817299,3461.0709842253054,1702.9287669658447,3204.4788005450846,698.1140108866225,3176.218838882612,1974.645933891061,528.584420037612,2635.2826366315758,1178.255306933144,1705.907945923213,3417.5624565012226,3152.854052802446,955.6989013475225,2682.299217450748,2316.27821454561,879.6851176942164,885.0288990755497,4029.75100541899,3252.3904039461195,3083.7721231899454,1249.290566385967,3400.6496990594933,2370.205554007777],
        [339.19749640846834,3461.7881527426034,806.7839508255984,2993.4202388259896,2235.863375380661,1030.25328866729,2900.2076603953074,3568.4144946773026,2281.3487755836786,1276.2735653438517,2798.600132226712,2037.9922293821276,2832.8555089170372,1651.784024131025,2499.279429471929,2639.717170465025,2370.26017182057,2709.3985501602774,0.0,2050.035221379715,350.11853574722295,1597.6258557830622,1131.007106655494,2770.4924927211296,1977.2605250140664,1398.0423347636504,2453.4110242465645,2735.332340439287,3454.622214192993,4252.830236377918,2174.650209395376,2328.0443561627285,2070.4217979035816,2523.211004338319,2218.914226222603,608.5458979348375,2291.7901980240035,2449.9454548653985,1488.6103108591446,2726.4170152339298,2346.165937194975,3389.4990819277195,692.8156512792875,1489.6976898297366,2977.0595891380685,3448.355306235558,1562.0994251440056,3858.2418117906623,2071.1018221736153,2494.377280234109,2291.7679449313646,3233.0352069732567,898.3582934537624,2044.1833320931066,2600.9072702701096,2550.8305433283836,2301.4859151952874,762.227736330347,1495.9529991422924,2067.8341898834,339.19749640846834],
        [2168.5570092888884,4091.351046700815,2372.7539127788045,4768.268190627155,3158.670730887449,1451.69542087402,4307.432988514453,5267.387396555199,1796.710330663386,1627.5573661700794,4381.740841293603,3926.530696789097,3430.960100863117,1407.193113890745,3656.834026918858,4185.055178057692,2387.131787391847,3816.647073459253,2050.035221379715,0.0,2395.444128800877,526.6342876444693,2980.976507909894,2607.539025080407,3380.042273135253,1602.5041483363295,2515.1085473579215,4594.656434691158,5396.307733392579,6167.065894037641,4146.894837703836,4257.8005041832785,3135.997464847396,664.5696227947062,4068.6257100872335,2095.438806230148,3295.924227986715,3124.935963278546,563.7617329569438,2771.4788389317087,1083.2784856914222,4490.378960943908,1427.317264660241,3431.8393736301828,3803.3903805601976,5373.438610248781,2751.1803076369624,4152.508990835982,4080.8060539738344,4544.401958197652,2964.384553049738,5195.578225616769,1635.4225548857196,3542.8674006465785,3219.0438378868857,552.1727087190677,983.9862379625159,1296.3535655197652,2687.55907221977,575.5144152541613,2168.5570092888884],
        [461.79775468618243,3527.2743155673156,860.2317412894074,2775.9077396404996,2294.984041990637,1341.3938417872591,2801.089436385886,3367.0006460063187,2564.7086416705797,1552.9941729251927,2649.678478173686,1718.7625247200745,2928.2364692039255,1955.161528300064,2484.739781997875,2507.765434276706,2588.291832265679,2697.734720993885,350.11853574722295,2395.444128800877,0.0,1947.627531559154,857.0115058030029,2993.0914882667807,1923.1739668080947,1677.8874131824693,2660.1871438701082,2490.674055184397,3169.4513227027655,3973.5212890205985,1887.6664949290341,2059.882302283931,2106.1883641488107,2873.209740501298,1907.6348700308508,773.7020551697165,2327.771822543857,2549.8136203033027,1832.6690829333486,2921.687445801418,2682.452620122073,3355.0823207904577,1007.988710219581,1236.9746349721547,3019.2697253040733,3169.8418307848797,1611.9192356140072,3974.030092983497,1723.1896746270831,2150.350330562941,2402.0373590877584,2940.598069934672,1186.6407665633194,1954.373623330745,2703.7566613998283,2900.0633843910714,2641.0611860832973,1101.8224305694787,1553.2232240250178,2416.3750519993264,461.79775468618243],
        [1676.1330716835655,3649.710060305506,1851.875780654097,4242.835917937025,2663.02889968987,925.2916690305636,3788.011435742102,4740.766064373555,1477.1820239561512,1117.0151614593085,3856.0063045947463,3558.80584767645,2980.328475812526,964.5621227729816,3148.784519716427,3659.8508592695516,1993.6847438005423,3314.4841394142322,1597.6258557830622,526.6342876444693,1947.627531559154,0.0,2611.463936649602,2266.6273795239613,2856.264877931043,1106.1228824957104,2120.2486158486226,4073.7575653728973,4882.314953197405,5648.388119073002,3641.960464205239,3745.208573330405,2627.8290562624916,932.4954568273172,3715.952706752133,1579.3438611576444,2795.4387800221198,2655.957714734084,295.6615176228462,2393.2174158050684,983.0212590045621,3995.558641527449,1055.2047320345343,2925.601440100984,3330.2779480187673,4857.236267576374,2229.961464074572,3767.963977068893,3660.998427097083,4081.8035767487418,2491.0578293877134,4685.442802824614,1109.1081789004088,3017.2265446878064,2760.126838631369,957.9821090342101,898.6981987474119,885.9245061596914,2165.4273333760293,527.154296270541,1676.1330716835655],
        [1318.6861694669053,4283.950619987646,1679.3194641039086,3039.6280187294496,3063.6396716544723,2161.157190645469,3338.146069421368,3650.7950258805845,3408.361930929072,2398.5575079604246,3093.0146033533088,948.1810232413408,3719.759398613871,2782.7840803084664,3165.531250671239,2993.75878930259,3444.3702957816404,3376.3480435905526,1131.007106655494,2980.976507909894,857.0115058030029,2611.463936649602,0.0,3849.4245238331223,2572.7116211141106,2522.2234641432083,3514.324194951201,2686.931835033778,3174.3063763639348,3974.555520324838,1978.316267637838,2208.0951759329414,2856.6985078884545,3541.001653301631,1107.4255882869031,1629.5481522461441,3072.6696081940745,3349.433653406415,2428.7931048467967,3772.400687002476,3450.0947747851833,3985.658946250654,1563.0115453804408,1558.5743811758111,3757.2789999796623,3203.009197992397,2391.271078438005,4774.722803846925,1176.4535861840009,1828.1825663297452,3211.330327634515,2923.8090807324943,2024.6172854173474,2547.934956955049,3503.8892832234546,3521.081991536022,3397.349563054786,1725.7144767927502,2340.7201145448284,3119.8837276836057,1318.6861694669053],
        [2531.3679671022574,1687.9007027261025,2215.5758057301878,3624.47866646348,1449.6659796825836,1853.7971780118817,2687.7685029716545,3875.7861862560612,811.0822401922056,1536.3160812225876,3000.5135971218892,4636.384374928105,1181.3216105761685,1351.3960265933524,1953.5245255713062,2806.636841478489,405.52461635332924,1980.3486795779697,2770.4924927211296,2607.539025080407,2993.0914882667807,2266.6273795239613,3849.4245238331223,0.0,2154.6226253445393,1434.8433614951714,360.53533014451125,3675.3374011613078,4539.8554333546435,5119.986578820677,3654.515448002217,3605.709507533372,1625.8108588204489,2317.358333121707,4841.2875776858245,2219.877359168107,1596.380792229951,1131.9436850132747,2534.0975801512045,283.4549082245851,1629.9676671992086,2441.5374041680325,2794.277406350558,3095.3888911637223,1651.3629337834936,4469.834925712947,1736.2832424275875,1566.7604682733381,4442.245401567478,4486.745833000865,1093.037197166847,4441.673616964468,1904.8012809335753,2363.5496243440984,1097.6004287102833,2571.200949921992,1715.469606063247,2613.397726709661,1741.4300217074308,2047.7076316189195,2531.3679671022574],
        [1642.090804787693,1786.1885469062158,1193.2585552397688,1528.5085602951347,749.6385868109481,1934.9542474798736,954.7891523903277,1924.4093222219433,2316.789175333774,1770.8987437327248,1014.0025146857074,3035.211432091048,1377.5210997953252,2126.263932710208,598.3164173394969,811.3188432722418,1845.2763961728858,805.5479491956108,1977.2605250140664,3380.042273135253,1923.1739668080947,2856.264877931043,2572.7116211141106,2154.6226253445393,0.0,1828.7047272455948,1816.6441598721542,1525.620164878585,2396.3768155222224,3031.993113568269,1561.0377772471775,1471.4262488140548,536.3108160559101,3522.593537351437,3245.1256019896155,1470.05493503165,654.5692463232352,1118.4061111171409,2947.4565805503635,1922.8611019549608,2978.057833510529,1432.7240192776426,2518.539273971943,1197.129156975839,1243.5085922917183,2332.55329327684,637.0359154987797,2385.828706941709,2654.991784155759,2477.908591387187,1083.4337724240436,2288.0307804412682,1768.9615059338455,211.65178787361828,1241.090957251585,3685.297616858454,3003.1160944717453,2457.631744125023,695.54192025988,3054.7585356915715,1642.090804787693],
        [1234.242328634686,2575.475958697242,1107.7993402751545,3304.4117782427443,1558.13483893435,418.9541890762087,2724.8645729670407,3749.782365070988,886.9553413234781,125.52652675961663,2842.62401213542,3390.957453556621,1900.9489387115568,334.17349740811295,2055.959637440287,2639.876788902438,1064.3641823361372,2214.1642296827804,1398.0423347636504,1602.5041483363295,1677.8874131824693,1106.1228824957104,2522.2234641432083,1434.8433614951714,1828.7047272455948,0.0,1174.2460262301784,3198.528422187826,4052.400108689028,4772.628529171234,2904.1782370503292,2950.285288918968,1535.8592172861258,1695.2374831497652,3583.741922959088,961.2123991145478,1693.5748355012497,1559.8030307647014,1288.6569622365066,1462.7478339652769,1205.9764368343417,2890.756370275469,1362.0313695017992,2213.4291778261913,2228.868867410945,4010.920735244632,1191.81354888858,2774.635935183259,3313.1157944531183,3545.000681438403,1392.1559559484822,3885.8912165911165,499.81108483972673,2012.0801674660906,1673.2362505697474,1858.3690030614105,1210.07094303197,1186.448198183943,1136.5815941865112,1226.4917625541832,1234.242328634686],
        [2199.5891601222593,1615.7554686288809,1866.07337254037,3308.048233049769,1139.8968967929163,1587.5911988156179,2412.0818931914364,3589.4303727117876,782.089332988899,1260.890485462774,2698.8139646517207,4286.573562830313,1013.5924549827921,1163.6155994080762,1668.6114209419165,2500.563843880759,127.97978661120277,1722.5777453014716,2453.4110242465645,2515.1085473579215,2660.1871438701082,2120.2486158486226,3514.324194951201,360.53533014451125,1816.6441598721542,1174.2460262301784,0.0,3341.5550582468,4209.97935711483,4809.654276472058,3299.802526983723,3256.4215204421703,1296.737379206795,2315.5417755158323,4492.468505672701,1886.6712845025545,1293.7080574263898,863.2287975972691,2367.4764490409525,288.5247435890112,1633.8936645162255,2250.1212532973436,2532.7347920660877,2735.141570019779,1467.0997463294023,4142.728574695095,1377.0677351465101,1647.7374427166412,4084.249134155581,4126.805087979035,787.8737652457107,4104.442347608866,1612.7373202898382,2027.2546123249147,869.6915863310178,2555.579870694743,1706.5652632707024,2360.3057537349464,1381.1790483437273,1982.597617376782,2199.5891601222593],
        [2489.8315476706907,2931.379203175187,2222.076466263584,392.782930983418,2237.8215922266027,3170.848009296583,1335.8641914497832,982.5088167304439,3813.0646821629875,3110.806988603008,894.2404387029877,2635.463940093072,2761.9369759643077,3524.4522151022857,1830.2097026568485,998.15328178339,3370.5970895169753,1924.7122717789382,2735.332340439287,4594.656434691158,2490.674055184397,4073.7575653728973,2686.931835033778,3675.3374011613078,1525.620164878585,3198.528422187826,3341.5550582468,0.0,873.3789827030583,1579.189223760101,723.9249198389325,481.40024176586,2049.553645968066,4866.195011865174,2806.0804024858253,2501.5201986933002,2106.8231389981706,2592.7479753781063,4082.802417909377,3433.932135539838,4398.526379470254,2107.828566153848,3417.1404352218356,1253.8668506172955,2451.22099309512,818.0329352015423,2074.1076232911223,3616.5337453277166,2077.5468060095072,1505.5843935469875,2589.714443745529,771.3815521040066,2974.6321725340117,1314.463416934289,2688.5657847481048,4988.880528341284,4408.070780588358,3436.736354938087,2108.190377428461,4381.693330327543,2489.8315476706907],
        [3248.7793415133533,3675.6202940765643,3036.4173083189717,966.3669793187805,3095.4831133114,3997.5901269692604,2056.8491633586154,1152.934151678154,4685.354832900819,3959.9100296367606,1631.4290002889563,2861.7673985210427,3584.053574380372,4381.419791314528,2654.9457360735382,1787.7491857045595,4241.614736464334,2721.040931591584,3454.622214192993,5396.307733392579,3169.4513227027655,4882.314953197405,3174.3063763639348,4539.8554333546435,2396.3768155222224,4052.400108689028,4209.97935711483,873.3789827030583,0.0,808.2226688956654,1282.0633442954265,1139.1770723987609,2914.905055048455,5702.803089211807,2987.397841087701,3302.9711633031116,2958.5164363772087,3443.124053935913,4867.700913113643,4293.356466741459,5256.359890960956,2766.0395964943227,4147.012354687116,1975.555836250202,3235.059930899116,106.07269617454294,2945.2560542822202,4368.811749713013,2280.2393032354876,1545.6926125210282,3450.0814522529076,254.03430478382478,3798.588587682351,2184.8167973875575,3530.054688986564,5813.4791142225,5262.347430246546,4190.27575136463,2977.4809239846322,5216.7901538497945,3248.7793415133533],
        [4035.9390403882626,4048.1272063593447,3796.793560374449,1505.602155074562,3672.481106173235,4749.455280578341,2486.9856947897756,1334.4893443990354,5348.112445302919,4687.454657568698,2122.6781613729213,3605.149854309235,4076.2660622386866,5095.778255105819,3177.8257462470187,2313.463197874378,4855.689558932048,3198.711402902877,4252.830236377918,6167.065894037641,3973.5212890205985,5648.388119073002,3974.555520324838,5119.986578820677,3031.993113568269,4772.628529171234,4809.654276472058,1579.189223760101,808.2226688956654,0.0,2086.1194474604304,1926.5902172532199,3518.3594743130293,6445.123046470661,3712.5895248260645,4071.7076070901426,3523.6482835081597,3995.3406530071147,5647.062584116758,4858.3288199478975,5967.8860194427,3076.4279439170296,4944.123646869934,2766.8748459592302,3676.0146480078283,804.5279780585385,3624.941691556341,4734.74621852787,3030.417262959247,2278.6562585441734,4028.6463626423433,1052.5401305311657,4552.688692460278,2823.1508689566317,4060.77753153562,6567.643530397557,5980.525087208273,4981.01982582157,3665.1970286504825,5960.801794311251,4035.9390403882626],
        [1983.382972365975,3244.3106277912834,1826.7228886591927,1104.460475102851,2308.796775798653,2788.806537479885,1788.8254025143235,1705.8806147823393,3635.2415977425535,2799.000071914948,1396.1528662407975,1927.8350565697797,2929.8571742914146,3238.311003477431,2047.5287245766137,1403.3911359811118,3301.28979542521,2200.709733823163,2174.650209395376,4146.894837703836,1887.6664949290341,3641.960464205239,1978.316267637838,3654.515448002217,1561.0377772471775,2904.1782370503292,3299.802526983723,723.9249198389325,1282.0633442954265,2086.1194474604304,0.0,247.39785219674388,2087.450889519902,4495.994450818091,2107.1108474115326,2070.7973839554334,2213.486193247934,2677.6807305990874,3607.672011596041,3448.252268881599,4105.847753063646,2565.9189230496336,2867.4299211819243,716.537660880946,2718.3808728471545,1283.3603777053586,1932.9983083020447,3895.801695191609,1388.5037370526122,955.1553774630045,2628.2051813131,1058.7488330120118,2588.173029412952,1383.3494035293927,2802.1157219276956,4587.359411236013,4100.003848899225,2917.0182029553266,1943.3539723194926,4010.360188479201,1983.382972365975],
        [2111.1126416967522,3088.3620783614174,1904.839253945773,857.505635031149,2219.9788794105148,2868.763273401584,1585.1029487386666,1460.9962749069182,3641.4393613159195,2851.252828760236,1176.2661881459796,2174.394094473376,2815.5829214914856,3282.972322664319,1909.950456618361,1204.2252302110362,3267.4286223208273,2047.937191785428,2328.0443561627285,4257.8005041832785,2059.882302283931,3745.208573330405,2208.0951759329414,3605.709507533372,1471.4262488140548,2950.285288918968,3256.4215204421703,481.40024176586,1139.1770723987609,1926.5902172532199,247.39785219674388,0.0,2006.757977913488,4576.907678353726,2352.240152128668,2166.20592593862,2112.0653362314806,2587.863330738271,3728.5688092074024,3386.625289136415,4156.130702974644,2367.256673726387,3018.297626595162,840.2896019488222,2572.7038617115904,1123.3005393246,1912.524554093212,3752.2594352588007,1630.7382469754405,1146.4847976137912,2553.1806873186733,943.0918258093964,2668.8045795897824,1277.662244477112,2704.0719957256506,4680.694151372378,4156.095510340363,3054.8796001328983,1931.7847915063028,4090.5730537544787,2111.1126416967522],
        [1734.2031896182389,1428.0497105531606,1267.62933490823,2014.0677104326899,230.24463307610108,1747.6455083830303,1214.5494141429965,2336.2384959640444,1864.8552358342686,1510.9020902007728,1426.4595524028612,3429.9366373245307,900.8201903527997,1788.643240226188,521.0310784109694,1222.8378455516158,1337.4396322781074,695.9431015390539,2070.4217979035816,3135.997464847396,2106.1883641488107,2627.8290562624916,2856.6985078884545,1625.8108588204489,536.3108160559101,1535.8592172861258,1296.737379206795,2049.553645968066,2914.905055048455,3518.3594743130293,2087.450889519902,2006.757977913488,0.0,3188.8218898332234,3641.477289694844,1484.823813776898,222.1796010138717,593.4505864218916,2767.238804933482,1388.1212464402768,2594.169301883814,1392.3848856521222,2494.3730971848245,1649.4059028062768,913.2433166060965,2846.4688049054707,508.94690552242685,1949.6655010750967,3100.073012127496,2985.9622652879234,547.1270644325551,2816.7369048315163,1620.7598642154935,740.5273270214547,729.0236129974363,3376.2598634378933,2632.060814731191,2394.5962506791716,577.0896076631926,2743.6455498215655,1734.2031896182389],
        [2570.945145065059,3931.1018494883056,2673.064060199409,4993.258461580266,3163.144128195925,1708.6402969166952,4398.57296809169,5444.933729974685,1536.8814307734483,1765.5972757073912,4536.551285250711,4488.9542583039365,3305.5273844154744,1403.1536550633866,3697.060143054708,4333.1047779172,2192.4691606314295,3829.4953921868864,2523.211004338319,664.5696227947062,2873.209740501298,932.4954568273172,3541.001653301631,2317.358333121707,3522.593537351437,1695.2374831497652,2315.5417755158323,4866.195011865174,5702.803089211807,6445.123046470661,4495.994450818091,4576.907678353726,3188.8218898332234,0.0,4643.202394419193,2427.426442855458,3313.886050059511,3052.57087507103,1129.9061673623742,2531.444461647528,688.1784052268479,4465.256614786146,1979.6636692685397,3781.697988916115,3724.3354420311653,5668.990391462124,2886.3049663934903,3883.6195240678885,4591.156717504042,4992.218149319204,2908.6690215434646,5519.914046085303,1909.0616885545971,3707.3176170434003,3118.9289025649955,264.6226926734155,609.1884563541639,1817.0859475546,2831.7994567392357,486.3348201910941,2570.945145065059],
        [2352.3979752789005,5028.330585988344,2626.437236265496,3197.6710930374215,3866.098672057422,3244.8194642681383,3811.0685461434196,3777.3527013839653,4469.617955953483,3458.4739654629307,3467.904544988159,211.5689213337253,4539.379445436378,3862.02905068872,3837.3691185477264,3430.248660174025,4436.80366375462,4034.117677349138,2218.914226222603,4068.6257100872335,1907.6348700308508,3715.952706752133,1107.4255882869031,4841.2875776858245,3245.1256019896155,3583.741922959088,4492.468505672701,2806.0804024858253,2987.397841087701,3712.5895248260645,2107.1108474115326,2352.240152128668,3641.477289694844,4643.202394419193,0.0,2647.6771772463617,3839.059317533317,4193.659844773743,3524.009247060175,4731.473988152044,4554.552816727613,4548.033046768743,2663.5398646971507,2060.468058383106,4486.430184821723,3049.7692724544186,3241.358018933448,5591.091164013771,731.1329237381368,1442.4018651475342,4077.219100937015,2738.6778912869363,3094.273954531762,3156.083459399244,4344.839954306522,4613.942780714745,4503.29352029841,2831.055479304303,3205.0560090431572,4226.715644949622,2352.3979752789005],
