{
    "drone_dist": [
        [0.0,32.58264934644616,41.766082231225695,37.388257117026455,43.12385449207441,32.84280148133699,23.329207734751137,30.868043150693104,17.38743611474156,25.918452724719863,14.901955811873972,39.716207083455934,22.25348946556581,13.879362130017306,37.64692760574693,37.988446724881875,7.903904685175555,4.203457760967515,33.31214083703497,20.41811248962693,33.223656745006856,38.23266342768368,41.54858505116018,7.594326926656766,35.264967427198414,25.08280217426433,10.701065397060272,28.179024791149025,29.025711377132776,0.8954572937736014,0.0],
        [32.58264934644616,0.0,10.314568803002448,7.9783948327289975,12.367890725585886,20.602925321813466,21.57617186328195,39.991639450110796,16.755252349779557,25.49661255721595,19.648081350423226,7.2081004990546695,31.804721925072386,20.782901142700265,38.10200014719793,9.059054308143407,33.82724937917007,33.985623845109984,38.65506597786117,18.107599684568456,13.930948873304557,26.900273625626333,18.453459731524088,28.180214336961054,43.78043096119746,27.502017911999175,28.03827412383695,6.046374327237309,30.875504657788422,32.64636121327857,32.58264934644616],
        [41.766082231225695,10.314568803002448,0.0,12.967050815968458,12.764310453693502,29.15164176658155,25.98102987606191,49.899404369537365,26.89963608006091,35.352522712773315,27.65525639971487,6.675196140390813,42.01332331394561,30.86739964487266,47.10125662035225,13.78508569354533,43.776182912791285,42.60850535547823,48.26041791759152,24.279552939779183,22.078331666102635,34.618123783301584,23.399198647096664,38.070745583910416,53.50604899711832,37.468444776255154,38.17323852996398,13.590926708711757,40.54931536060695,41.93994931524482,41.766082231225695],
        [37.388257117026455,7.9783948327289975,12.967050815968458,0.0,5.749446870994885,16.54407793177528,29.411031583177873,38.365249993436485,20.21433329079039,24.022072779820622,26.159093241591467,6.368485992126452,31.584860031270154,24.16791769836173,34.51962346754395,1.093900014574275,37.09196549539821,39.44472723788291,36.24202666978755,25.607054790633182,9.518745113471951,21.66986071116917,11.005131304982234,31.793749173673078,41.60323151809832,26.325167365583084,30.85110312526001,13.838064138061013,28.749598200351485,37.28701154499282,37.388257117026455],
        [43.12385449207441,12.367890725585886,12.764310453693502,5.749446870994885,0.0,20.25161521691737,33.8511009176165,42.7008344012204,25.962460181708355,28.707494565358537,31.554213472497825,6.862183872802681,36.58048734280545,29.90720895221092,37.82541522990895,5.3186764293324975,42.794112318649574,45.12172352351343,40.21442010989956,30.469325808365888,13.766386381268068,24.141855281378444,11.467548320434659,37.52967774452381,45.62141876392733,31.069812045844603,36.52599766985418,18.40994210340879,33.0208911192002,43.03004762872459,43.12385449207441],
        [32.84280148133699,20.602925321813466,29.15164176658155,16.54407793177528,20.25161521691737,0.0,36.154269335816046,22.5865923268407,17.475082494761196,9.709092763251515,28.258335872940844,22.817210526187004,17.98909342549555,19.49050150596219,17.988414199427563,16.046042094722782,29.10914621578521,36.27833467845198,19.962815919328634,31.116970308020257,7.081765183889246,6.927799232816458,11.379767029128324,25.471140296589617,25.37023858126444,12.028263259153785,23.015381917501625,23.528807083747274,12.946858629743597,32.35833961177056,32.84280148133699],
        [23.329207734751137,21.57617186328195,25.98102987606191,29.411031583177873,33.8511009176165,36.154269335816046,0.0,46.969068852309775,20.5471410395821,35.323662584604946,10.43070050474176,27.70213576231066,37.18681183431689,21.760852735661885,49.646752242285864,30.44851080846809,29.347222060412005,21.86190841826698,47.61187096809085,5.177708485225572,31.828997448615073,43.07170448748046,38.78705453737211,24.574886771041594,51.49447461268063,36.14645127433195,26.88928150980682,15.578384168410565,40.62405060444015,23.967473668988948,23.329207734751137],
        [30.868043150693104,39.991639450110796,49.899404369537365,38.365249993436485,42.7008344012204,22.5865923268407,46.969068852309775,0.0,27.11593278362183,14.546990118598902,36.644343573269026,44.220467524081506,9.78928416779374,25.211658428478838,10.202233557281083,38.08761713601627,23.28451830010206,35.06185433132974,4.2725857936216745,42.00123476445723,29.009397929891655,21.578665136632086,33.57307832477065,24.517635520819336,4.572070640084284,12.494494858902703,21.3359532236888,40.29185991938363,9.680219264491992,30.004852741549183,30.868043150693104],
        [17.38743611474156,16.755252349779557,26.89963608006091,20.21433329079039,25.962460181708355,17.475082494761196,20.5471410395821,27.11593278362183,0.0,14.784393830757505,11.154876920371272,23.414369554467783,17.57847197291857,4.060341913228287,29.100647913832443,20.7324482246047,17.161792870738385,19.99578416339545,27.27135463241019,15.387956556365221,16.134020980345312,24.004259674016613,24.469664210275525,11.649243816916103,31.51476930940985,15.647123442310756,11.286331671523756,14.406126578518199,20.094345736274175,17.196414283973137,17.38743611474156],
        [25.918452724719863,25.49661255721595,35.352522712773315,24.022072779820622,28.707494565358537,9.709092763251515,35.323662584604946,14.546990118598902,14.784393830757505,0.0,25.72793802177416,29.728740763812333,8.288797040490389,14.663733405867196,14.329476871843628,23.83918519921734,20.747095967128864,29.811503648241693,13.314661285765956,30.155223978565648,14.951191002012312,12.798983577467014,21.038899638038835,18.326406831947978,18.299533368713195,2.3884260272248117,15.313353104015707,26.278432237950643,5.589867072171064,25.273034519346055,25.918452724719863],
        [14.901955811873972,19.648081350423226,27.65525639971487,26.159093241591467,31.554213472497825,28.258335872940844,10.43070050474176,36.644343573269026,11.154876920371272,25.72793802177416,0.0,26.80850372893359,26.855087088247853,11.521569135706759,39.92272267817422,27.013313819598018,19.567054236357873,15.027349892653483,37.48814734075848,5.9947935895073705,25.467699794790782,34.97894305166854,33.4023991594029,14.399873365091295,41.19001041403862,26.270970587238992,16.509532949143342,14.259932722780595,30.787492055342483,15.31184177135321,14.901955811873972],
        [39.716207083455934,7.2081004990546695,6.675196140390813,6.368485992126452,6.862183872802681,22.817210526187004,27.70213576231066,44.220467524081506,23.414369554467783,29.728740763812333,26.80850372893359,0.0,36.893116702224596,27.474703907807342,40.805607209204055,7.127089990025036,40.575974439830965,41.18899626763653,42.30608693814317,24.813291137591868,15.743306621854586,28.03380082383328,16.766616217711164,35.01105177806938,47.62627636701397,31.953405330407808,34.58978173144214,12.795438093790226,34.69973908925993,39.752041191283546,39.716207083455934],
        [22.25348946556581,31.804721925072386,42.01332331394561,31.584860031270154,36.58048734280545,17.98909342549555,37.18681183431689,9.78928416779374,17.57847197291857,8.288797040490389,26.855087088247853,36.893116702224596,0.0,15.438538800376342,15.452128057355893,31.530263488590922,15.400083417595168,26.437313529855686,11.213850365667225,32.24021013981773,22.941482283319854,20.1100137056942,29.327281537718374,15.27366637800313,14.340374180159282,5.97123563446517,11.988449633210497,31.314693715502035,7.662841755998806,21.447914390032853,22.25348946556581],
        [13.879362130017306,20.782901142700265,30.86739964487266,24.16791769836173,29.90720895221092,19.49050150596219,21.760852735661885,25.211658428478838,4.060341913228287,14.663733405867196,11.521569135706759,27.474703907807342,15.438538800376342,0.0,28.58310781403273,24.64193834267535,13.101495035541095,16.920999473635256,25.96742330656004,16.804292353956697,19.34441923739097,25.530116920411064,27.67086033815019,7.629378478913358,29.73362276804257,14.901045330549016,7.319868076189551,18.07134493848211,19.413606673045614,13.579609869404164,13.879362130017306],
        [37.64692760574693,38.10200014719793,47.10125662035225,34.51962346754395,37.82541522990895,17.988414199427563,49.646752242285864,10.202233557281083,29.100647913832443,14.329476871843628,39.92272267817422,40.805607209204055,15.452128057355893,28.58310781403273,0.0,33.97894067457959,30.813944776393953,41.80682011784837,5.941098800620501,44.48144007302199,25.0659082088208,14.164139500715347,27.28610824347654,30.4337603892891,9.816766781433792,13.68253217675292,27.139712967214955,39.92700547317208,9.171660022612347,36.8590350193556,37.64692760574693],
        [37.988446724881875,9.059054308143407,13.78508569354533,1.093900014574275,5.3186764293324975,16.046042094722782,30.44851080846809,38.08761713601627,20.7324482246047,23.83918519921734,27.013313819598018,7.127089990025036,31.530263488590922,24.64193834267535,33.97894067457959,0.0,37.48734200191519,40.12819151163457,35.861067886673794,26.593311463069586,9.115824932268334,20.940243768040073,9.970425460756056,32.25477010328546,41.23965394988925,26.16741312888557,31.210926610978557,14.88416430247759,28.441273932707553,37.86544451937388,37.988446724881875],
        [7.903904685175555,33.82724937917007,43.776182912791285,37.09196549539821,42.794112318649574,29.10914621578521,29.347222060412005,23.28451830010206,17.161792870738385,20.747095967128864,19.567054236357873,40.575974439830965,15.400083417595168,13.101495035541095,30.813944776393953,37.48734200191519,0.0,11.967868303559772,26.05132010323973,25.539329768750534,31.113896679008345,33.52172908056632,39.13211865004442,5.727966134866973,27.582012910391533,19.37590991808781,6.369234660560493,30.57025877200926,22.752153055694176,7.008616780258489,7.903904685175555],
        [4.203457760967515,33.985623845109984,42.60850535547823,39.44472723788291,45.12172352351343,36.27833467845198,21.86190841826698,35.06185433132974,19.99578416339545,29.811503648241693,15.027349892653483,41.18899626763653,26.437313529855686,16.920999473635256,41.80682011784837,40.12819151163457,11.967868303559772,0.0,37.513027795986176,19.81843234154332,36.09367734327688,41.918896464054455,44.43884768926183,11.540897239797212,39.44563032831699,29.093176415602194,14.756785081426294,29.07828621825926,33.11789457403284,5.057072205928488,4.203457760967515],
        [33.31214083703497,38.65506597786117,48.26041791759152,36.24202666978755,40.21442010989956,19.962815919328634,47.61187096809085,4.2725857936216745,27.27135463241019,13.314661285765956,37.48814734075848,42.30608693814317,11.213850365667225,25.96742330656004,5.941098800620501,35.861067886673794,26.05132010323973,37.513027795986176,0.0,42.528309516984685,26.747552793341647,17.99852973396599,30.506191152159747,26.481909804269755,5.4099235090972755,11.753243682011147,23.20127930967809,39.5848979954118,7.788113164798906,32.48047376012378,33.31214083703497],
        [20.41811248962693,18.107599684568456,24.279552939779183,25.607054790633182,30.469325808365888,31.116970308020257,5.177708485225572,42.00123476445723,15.387956556365221,30.155223978565648,5.9947935895073705,24.813291137591868,32.24021013981773,16.804292353956697,44.48144007302199,26.593311463069586,25.539329768750534,19.81843234154332,42.528309516984685,0.0,27.092698968798484,38.0189827880167,34.36979784193403,20.389729278558512,46.50468508466624,31.010775971399337,22.40467299466125,12.095590165980127,35.47727109262699,20.92487141756683,20.41811248962693],
        [33.223656745006856,13.930948873304557,22.078331666102635,9.518745113471951,13.766386381268068,7.081765183889246,31.828997448615073,29.009397929891655,16.134020980345312,14.951191002012312,25.467699794790782,15.743306621854586,22.941482283319854,19.34441923739097,25.0659082088208,9.115824932268334,31.113896679008345,36.09367734327688,26.747552793341647,27.092698968798484,0.0,12.97375596940243,8.345518292464325,26.501202232238626,32.12393831373688,17.32260806624634,24.74965315145646,17.733254576753787,19.345491331753323,32.91155587047582,33.223656745006856],
        [38.23266342768368,26.900273625626333,34.618123783301584,21.66986071116917,24.141855281378444,6.927799232816458,43.07170448748046,21.578665136632086,24.004259674016613,12.798983577467014,34.97894305166854,28.03380082383328,20.1100137056942,25.530116920411064,14.164139500715347,20.940243768040073,33.52172908056632,41.918896464054455,17.99852973396599,38.0189827880167,12.97375596940243,0.0,13.187189541389692,30.676912712196426,23.19893419443653,14.513742458679022,27.867648833237844,30.28376408239182,13.09652511831873,37.657816043363525,38.23266342768368],
        [41.54858505116018,18.453459731524088,23.399198647096664,11.005131304982234,11.467548320434659,11.379767029128324,38.78705453737211,33.57307832477065,24.469664210275525,21.038899638038835,33.4023991594029,16.766616217711164,29.327281537718374,27.67086033815019,27.28610824347654,9.970425460756056,39.13211865004442,44.43884768926183,30.506191152159747,34.36979784193403,8.345518292464325,13.187189541389692,0.0,34.72284226251571,35.87147538021074,23.386766841629257,32.802124974884784,23.667264101922182,24.104338510018955,41.221110679837494,41.54858505116018],
        [7.594326926656766,28.180214336961054,38.070745583910416,31.793749173673078,37.52967774452381,25.471140296589617,24.574886771041594,24.517635520819336,11.649243816916103,18.326406831947978,14.399873365091295,35.01105177806938,15.27366637800313,7.629378478913358,30.4337603892891,32.25477010328546,5.727966134866973,11.540897239797212,26.481909804269755,20.389729278558512,26.501202232238626,30.676912712196426,34.72284226251571,0.0,29.048805677354775,17.552280057739964,3.2997655590247668,24.84238461235538,21.616120171410405,6.982382440915857,7.594326926656766],
        [35.264967427198414,43.78043096119746,53.50604899711832,41.60323151809832,45.62141876392733,25.37023858126444,51.49447461268063,4.572070640084284,31.51476930940985,18.299533368713195,41.19001041403862,47.62627636701397,14.340374180159282,29.73362276804257,9.816766781433792,41.23965394988925,27.582012910391533,39.44563032831699,5.4099235090972755,46.50468508466624,32.12393831373688,23.19893419443653,35.87147538021074,29.048805677354775,0.0,16.467307920524014,25.886270441304383,44.40751628607751,12.956884135375518,34.393153593385634,35.264967427198414],
        [25.08280217426433,27.502017911999175,37.468444776255154,26.325167365583084,31.069812045844603,12.028263259153785,36.14645127433195,12.494494858902703,15.647123442310756,2.3884260272248117,26.270970587238992,31.953405330407808,5.97123563446517,14.901045330549016,13.68253217675292,26.16741312888557,19.37590991808781,29.093176415602194,11.753243682011147,31.010775971399337,17.32260806624634,14.513742458679022,23.386766841629257,17.552280057739964,16.467307920524014,0.0,14.383848460050034,27.943805803325404,4.518786279528276,24.385011869074013,25.08280217426433],
        [10.701065397060272,28.03827412383695,38.17323852996398,30.85110312526001,36.52599766985418,23.015381917501625,26.88928150980682,21.3359532236888,11.286331671523756,15.313353104015707,16.509532949143342,34.58978173144214,11.988449633210497,7.319868076189551,27.139712967214955,31.210926610978557,6.369234660560493,14.756785081426294,23.20127930967809,22.40467299466125,24.74965315145646,27.867648833237844,32.802124974884784,3.2997655590247668,25.886270441304383,14.383848460050034,0.0,25.350309116578675,18.362400310111102,10.00348219116143,10.701065397060272],
        [28.179024791149025,6.046374327237309,13.590926708711757,13.838064138061013,18.40994210340879,23.528807083747274,15.578384168410565,40.29185991938363,14.406126578518199,26.278432237950643,14.259932722780595,12.795438093790226,31.314693715502035,18.07134493848211,39.92700547317208,14.88416430247759,30.57025877200926,29.07828621825926,39.5848979954118,12.095590165980127,17.733254576753787,30.28376408239182,23.667264101922182,24.84238461235538,44.40751628607751,27.943805803325404,25.350309116578675,0.0,31.856395946348854,28.36557731612073,28.179024791149025],
        [29.025711377132776,30.875504657788422,40.54931536060695,28.749598200351485,33.0208911192002,12.946858629743597,40.62405060444015,9.680219264491992,20.094345736274175,5.589867072171064,30.787492055342483,34.69973908925993,7.662841755998806,19.413606673045614,9.171660022612347,28.441273932707553,22.752153055694176,33.11789457403284,7.788113164798906,35.47727109262699,19.345491331753323,13.09652511831873,24.104338510018955,21.616120171410405,12.956884135375518,4.518786279528276,18.362400310111102,31.856395946348854,0.0,28.28308423367216,29.025711377132776],
        [0.8954572937736014,32.64636121327857,41.93994931524482,37.28701154499282,43.03004762872459,32.35833961177056,23.967473668988948,30.004852741549183,17.196414283973137,25.273034519346055,15.31184177135321,39.752041191283546,21.447914390032853,13.579609869404164,36.8590350193556,37.86544451937388,7.008616780258489,5.057072205928488,32.48047376012378,20.92487141756683,32.91155587047582,37.657816043363525,41.221110679837494,6.982382440915857,34.393153593385634,24.385011869074013,10.00348219116143,28.36557731612073,28.28308423367216,0.0,0.8954572937736014],
        [0.0,32.58264934644616,41.766082231225695,37.388257117026455,43.12385449207441,32.84280148133699,23.329207734751137,30.868043150693104,17.38743611474156,25.918452724719863,14.901955811873972,39.716207083455934,22.25348946556581,13.879362130017306,37.64692760574693,37.988446724881875,7.903904685175555,4.203457760967515,33.31214083703497,20.41811248962693,33.223656745006856,38.23266342768368,41.54858505116018,7.594326926656766,35.264967427198414,25.08280217426433,10.701065397060272,28.179024791149025,29.025711377132776,0.8954572937736014,0.0]
    ],
    "end_depot": 30,
    "start_depot": 0,
    "truck_dist": [
        [0.0,41.33815009948596,49.244646558298754,50.89009422005227,58.52965462719004,45.670535937618176,30.507185376035917,34.33953389299902,24.27594675085936,33.515069012398584,15.818978669218989,51.08094801909518,23.499918447078546,19.620590202990495,41.35833017408619,52.0456280423668,10.213614172916529,4.399138624640121,33.663097297271506,24.039888269788815,46.96216793646699,51.55774744891639,58.7513837980096,9.90773236808942,40.37216747909532,31.05041270789498,13.135451774382513,33.01522566127103,34.18877525569825,1.1663607412485382,0.0],
        [41.33815009948596,0.0,12.258383781336075,9.551944120566311,17.191504527704087,28.813043861799752,28.77568587089909,54.69672975144932,17.0622033486266,35.19877705390373,27.41347818590453,9.742797919609224,41.29017031906517,21.717559896495466,53.88436158291876,10.707477942880846,36.79661907223549,45.33636140676769,54.0202931557218,25.34182529488823,18.88155439550913,36.64436208044356,19.438097753807163,31.430417731396542,60.72936333754561,37.508458217120946,28.202698325103448,8.322924438214926,43.07528311095871,40.84490558484961,41.33815009948596],
        [49.244646558298754,12.258383781336075,0.0,18.26420859824609,15.480435002840267,41.071427643135834,36.68218232971189,66.95511353278539,28.700955949330414,47.457160835239804,35.319974644717334,9.259831746336094,53.54855410040125,32.06256394504484,66.14274536425484,19.2927882350552,44.70311553104828,53.24285786558049,66.27867693705787,33.248321753701035,31.139938176845206,48.902745861779636,31.696481535143235,39.33691419020934,72.98774711888169,49.766841998457025,40.13126377013623,16.229420897027726,55.33366689229478,48.75140204366241,49.244646558298754],
        [50.89009422005227,9.551944120566311,18.26420859824609,0.0,7.639560407137775,22.80721904488974,38.3276299914654,48.690904934539304,26.61414746919291,29.19295223699372,36.96542230647084,9.004376851909996,35.284345502155155,31.269504017061777,47.87853676600874,1.1555338223145348,46.3485631928018,54.888305527334005,48.01446833881179,34.89376941545454,12.875729578599117,30.63853726353355,13.432272936897148,40.98236185196285,54.7235385206356,31.502633400210932,37.75464244566976,17.874868558781237,37.069458294048694,50.396849705415924,50.89009422005227],
        [58.52965462719004,17.191504527704087,15.480435002840267,7.639560407137775,0.0,25.59099264029556,45.96719039860318,51.47467852994513,34.25370787633069,31.97672583239954,44.60498271360862,7.448706608094863,38.06811909756098,38.909064424199556,50.66231036141457,6.484026584823241,53.98812359993957,62.52786593447178,50.79824193421761,42.53332982259232,15.65950317400494,33.42231085893937,16.21604653230297,48.62192225910063,57.50731211604142,34.28640699561676,45.39420285280754,25.514428965919013,39.85323188945451,58.036410112553696,58.52965462719004],
        [45.670535937618176,28.813043861799752,41.071427643135834,22.80721904488974,25.59099264029556,0.0,38.963033379385365,25.88368588964957,21.394589186758818,12.15546692521959,31.745864024036745,31.811595896799737,22.170617490539634,26.049945734627684,25.071317721119005,21.77863940808063,41.1290049103677,49.668747244899905,25.207249293922047,32.49573627313826,9.931489466290623,7.831318218643808,13.080847860391415,35.76280356952876,31.916319475745862,14.620123229723196,32.53508416323566,30.774220499921267,14.26223924915895,45.17729142298183,45.670535937618176],
        [30.507185376035917,28.77568587089909,36.68218232971189,38.3276299914654,45.96719039860318,38.963033379385365,0.0,64.84671926903493,26.592561685579955,45.34876657148935,14.688206706816928,38.51848379050831,51.440159836650786,29.95416968129438,64.03435110050438,39.48316381377994,40.72079954895244,26.108046751395797,64.17028267330741,6.467297106247102,34.39970370788012,46.79435159802918,46.18891956942272,34.65259757028166,70.87935285513123,47.65844773470656,38.022869506385774,20.452761432684163,53.225272628544325,31.673546117284452,30.507185376035917],
        [34.33953389299902,54.69672975144932,66.95511353278539,48.690904934539304,51.47467852994513,25.88368588964957,64.84671926903493,0.0,38.25415758345498,19.49795269754559,50.15851256221801,57.6952817864493,13.406559432384153,34.89254958774056,14.40524894173588,47.6623252977302,24.125919720082493,38.738672517639145,6.004366099737429,58.37942216278783,35.81517535594019,24.60466621656608,35.258631997642155,30.194121698753285,6.032633586096292,17.188271534328376,26.823849762649164,56.65790638957083,11.621446640490618,33.17317315175048,34.33953389299902],
        [24.27594675085936,17.0622033486266,28.700955949330414,26.61414746919291,34.25370787633069,21.394589186758818,26.592561685579955,38.25415758345498,0.0,18.756204885909394,11.904354978763028,26.805001268235824,24.84759815107083,4.655356547868866,37.44178941492442,27.769681291507446,19.734415723608883,28.27415805814109,37.57772098772746,20.125264579332853,22.68622118560763,27.28180069805703,34.47543704715023,14.368214382769942,44.28679116955128,21.065886049126608,11.430307820805817,18.403748806115853,26.632710942964366,23.782702236223017,24.27594675085936],
        [33.515069012398584,35.19877705390373,47.457160835239804,29.19295223699372,31.97672583239954,12.15546692521959,45.34876657148935,19.49795269754559,18.756204885909394,0.0,30.660559864672422,38.197329088903714,10.015150565320042,15.394596890194968,18.685584529015024,28.16437260018461,28.97353798514811,37.51328031968032,18.82151610181807,38.88146946524225,16.317222658394602,18.042678436517804,25.236314785611007,23.607336644309168,25.53058628364188,2.464656304503606,20.379617238016074,37.15995369202525,7.876506057054971,33.02182449776224,33.515069012398584],
        [15.818978669218989,27.41347818590453,35.319974644717334,36.96542230647084,44.60498271360862,31.745864024036745,14.688206706816928,50.15851256221801,11.904354978763028,30.660559864672422,0.0,37.156276105513754,36.75195312983386,15.265962974477453,49.346144393687446,38.12095612878538,26.032592842135518,17.922883220863163,49.48207596649049,8.220909600569826,33.03749602288556,37.63307553533495,44.826711884428164,19.964390863464725,56.1911461483143,32.970241027889635,23.334662799568846,19.090553747689604,38.5370659217274,16.985339410467525,15.818978669218989],
        [51.08094801909518,9.742797919609224,9.259831746336094,9.004376851909996,7.448706608094863,31.811595896799737,38.51848379050831,57.6952817864493,26.805001268235824,38.197329088903714,37.156276105513754,0.0,44.28872235406515,31.46035781610469,56.88291361791874,10.032956488719105,46.53941699184471,55.07915932637692,57.018845190721784,35.084623214497455,21.880106430509112,39.642914115443546,22.436649788807145,41.17321565100576,63.727915372545596,40.50701025212093,37.94549624471267,18.06572235782415,46.07383514595869,50.58770350445884,51.08094801909518],
        [23.499918447078546,41.29017031906517,53.54855410040125,35.284345502155155,38.06811909756098,22.170617490539634,51.440159836650786,13.406559432384153,24.84759815107083,10.015150565320042,36.75195312983386,44.28872235406515,0.0,21.485990155356404,17.85841172700765,34.25576586534605,18.958387419828068,27.498129754360278,12.730122836656633,44.97286273040368,23.462249489388444,28.057829001837845,35.25146535093105,16.787562266369132,19.439193018480445,7.550494260816436,13.417290330265013,43.25134695718668,10.688856808619704,23.006673932442197,23.499918447078546],
        [19.620590202990495,21.717559896495466,32.06256394504484,31.269504017061777,38.909064424199556,26.049945734627684,29.95416968129438,34.89254958774056,4.655356547868866,15.394596890194968,15.265962974477453,31.46035781610469,21.485990155356404,0.0,34.08018141920999,32.425037839376316,15.079059175740017,23.618801510272228,34.21611299201304,23.48687257504728,27.341577733476495,31.937157245925896,39.1307935950191,9.712857834901076,40.92518317383685,17.70427805341218,8.068699825091391,21.76535680183028,23.271102947249936,19.127345688354147,19.620590202990495],
        [41.35833017408619,53.88436158291876,66.14274536425484,47.87853676600874,50.66231036141457,25.071317721119005,64.03435110050438,14.40524894173588,37.44178941492442,18.685584529015024,49.346144393687446,56.88291361791874,17.85841172700765,34.08018141920999,0.0,46.84995712919964,36.81679914683571,45.35654148136793,8.400882841998452,57.56705399425727,35.00280718740963,17.239999502475197,34.446263829111594,31.45059780599677,12.078235428293292,16.37590336579781,28.222878399703678,55.84553822104027,10.809078471960055,40.865085659449846,41.35833017408619],
        [52.0456280423668,10.707477942880846,19.2927882350552,1.1555338223145348,6.484026584823241,21.77863940808063,39.48316381377994,47.6623252977302,27.769681291507446,28.16437260018461,38.12095612878538,10.032956488719105,34.25576586534605,32.425037839376316,46.84995712919964,0.0,47.50409701511633,56.043839349648536,46.985888702002676,36.04930323776908,11.847149941790008,29.609957626724437,12.403693300088038,42.13789567427739,53.69495888382649,30.474053763401823,38.9101762679843,19.030402381095772,36.04087865723958,51.552383527730456,52.0456280423668],
        [10.213614172916529,36.79661907223549,44.70311553104828,46.3485631928018,53.98812359993957,41.1290049103677,40.72079954895244,24.125919720082493,19.734415723608883,28.97353798514811,26.032592842135518,46.53941699184471,18.958387419828068,15.079059175740017,36.81679914683571,47.50409701511633,0.0,14.61275279755665,28.415916304837264,34.25350244270534,42.42063690921651,47.01621642166591,54.20985277075912,6.068201978670793,30.158553306178785,26.508881680644503,8.593920747132037,32.53198666948835,29.647244228447775,9.047253431667992,10.213614172916529],
        [4.399138624640121,45.33636140676769,53.24285786558049,54.888305527334005,62.52786593447178,49.668747244899905,26.108046751395797,38.738672517639145,28.27415805814109,37.51328031968032,17.922883220863163,55.07915932637692,27.498129754360278,23.618801510272228,45.35654148136793,56.043839349648536,14.61275279755665,0.0,38.06223592191162,19.994536111879462,50.96037924374872,55.555958756198116,62.74959510529133,13.90594367537115,44.77130610373544,35.04862401517671,17.133663081664245,37.01343696855277,38.18698656297998,5.565499365888659,4.399138624640121],
        [33.663097297271506,54.0202931557218,66.27867693705787,48.01446833881179,50.79824193421761,25.207249293922047,64.17028267330741,6.004366099737429,37.57772098772746,18.82151610181807,49.48207596649049,57.018845190721784,12.730122836656633,34.21611299201304,8.400882841998452,46.985888702002676,28.415916304837264,38.06223592191162,0.0,57.70298556706032,35.13873876021267,18.60030011682865,34.58219540191464,29.517685103025762,6.7090701818238125,16.511834938600856,26.14741316692165,55.98146979384332,10.945010044763098,32.49673655602297,33.663097297271506],
        [24.039888269788815,25.34182529488823,33.248321753701035,34.89376941545454,42.53332982259232,32.49573627313826,6.467297106247102,58.37942216278783,20.125264579332853,38.88146946524225,8.220909600569826,35.084623214497455,44.97286273040368,23.48687257504728,57.56705399425727,36.04930323776908,34.25350244270534,19.994536111879462,57.70298556706032,0.0,30.96584313186926,40.32705449178208,42.755058993411865,28.18530046403455,64.41205574888413,41.19115062845946,31.555572400138672,17.018900856673305,46.75797552229722,25.20624901103735,24.039888269788815],
        [46.96216793646699,18.88155439550913,31.139938176845206,12.875729578599117,15.65950317400494,9.931489466290623,34.39970370788012,35.81517535594019,22.68622118560763,16.317222658394602,33.03749602288556,21.880106430509112,23.462249489388444,27.341577733476495,35.00280718740963,11.847149941790008,42.42063690921651,50.96037924374872,35.13873876021267,30.96584313186926,0.0,17.76280768493443,11.789215861542603,37.05443556837757,41.84780894203648,18.626903821611815,33.82671616208448,20.842731033630645,24.193728715449573,46.46892342183064,46.96216793646699],
        [51.55774744891639,36.64436208044356,48.902745861779636,30.63853726353355,33.42231085893937,7.831318218643808,46.79435159802918,24.60466621656608,27.28180069805703,18.042678436517804,37.63307553533495,39.642914115443546,28.057829001837845,31.937157245925896,17.239999502475197,29.609957626724437,47.01621642166591,55.555958756198116,18.60030011682865,40.32705449178208,17.76280768493443,0.0,17.2062643266364,41.650015080826975,24.085001257102054,20.50733474102141,38.42229567453387,38.60553871856507,17.36897219321814,51.06450293428004,51.55774744891639],
        [58.7513837980096,19.438097753807163,31.696481535143235,13.432272936897148,16.21604653230297,13.080847860391415,46.18891956942272,35.258631997642155,34.47543704715023,25.236314785611007,44.826711884428164,22.436649788807145,35.25146535093105,39.1307935950191,34.446263829111594,12.403693300088038,54.20985277075912,62.74959510529133,34.58219540191464,42.755058993411865,11.789215861542603,17.2062643266364,0.0,48.84365142992017,41.29126558373845,27.700971090114614,45.61593202362708,25.73615813673856,24.562608542311345,58.25813928337325,58.7513837980096],
        [9.90773236808942,31.430417731396542,39.33691419020934,40.98236185196285,48.62192225910063,35.76280356952876,34.65259757028166,30.194121698753285,14.368214382769942,23.607336644309168,19.964390863464725,41.17321565100576,16.787562266369132,9.712857834901076,31.45059780599677,42.13789567427739,6.068201978670793,13.90594367537115,29.517685103025762,28.18530046403455,37.05443556837757,41.650015080826975,48.84365142992017,0.0,36.226755284849574,21.142680339805562,3.3702719361041193,26.46378469081755,24.281042887608827,9.414487853453073,9.90773236808942],
        [40.37216747909532,60.72936333754561,72.98774711888169,54.7235385206356,57.50731211604142,31.916319475745862,70.87935285513123,6.032633586096292,44.28679116955128,25.53058628364188,56.1911461483143,63.727915372545596,19.439193018480445,40.92518317383685,12.078235428293292,53.69495888382649,30.158553306178785,44.77130610373544,6.7090701818238125,64.41205574888413,41.84780894203648,24.085001257102054,41.29126558373845,36.226755284849574,0.0,23.220905120424668,32.856483348745456,62.69053997566712,17.65408022658691,39.20580673784678,40.37216747909532],
        [31.05041270789498,37.508458217120946,49.766841998457025,31.502633400210932,34.28640699561676,14.620123229723196,47.65844773470656,17.188271534328376,21.065886049126608,2.464656304503606,32.970241027889635,40.50701025212093,7.550494260816436,17.70427805341218,16.37590336579781,30.474053763401823,26.508881680644503,35.04862401517671,16.511834938600856,41.19115062845946,18.626903821611815,20.50733474102141,27.700971090114614,21.142680339805562,23.220905120424668,0.0,17.914960933512468,39.46963485524246,5.566824893837758,30.557168193258633,31.05041270789498],
        [13.135451774382513,28.202698325103448,40.13126377013623,37.75464244566976,45.39420285280754,32.53508416323566,38.022869506385774,26.823849762649164,11.430307820805817,20.379617238016074,23.334662799568846,37.94549624471267,13.417290330265013,8.068699825091391,28.222878399703678,38.9101762679843,8.593920747132037,17.133663081664245,26.14741316692165,31.555572400138672,33.82671616208448,38.42229567453387,45.61593202362708,3.3702719361041193,32.856483348745456,17.914960933512468,0.0,29.834056626921672,21.053323481315736,12.642207259746169,13.135451774382513],
        [33.01522566127103,8.322924438214926,16.229420897027726,17.874868558781237,25.514428965919013,30.774220499921267,20.452761432684163,56.65790638957083,18.403748806115853,37.15995369202525,19.090553747689604,18.06572235782415,43.25134695718668,21.76535680183028,55.84553822104027,19.030402381095772,32.53198666948835,37.01343696855277,55.98146979384332,17.018900856673305,20.842731033630645,38.60553871856507,25.73615813673856,26.46378469081755,62.69053997566712,39.46963485524246,29.834056626921672,0.0,45.03645974908022,32.52198114663469,33.01522566127103],
        [34.18877525569825,43.07528311095871,55.33366689229478,37.069458294048694,39.85323188945451,14.26223924915895,53.225272628544325,11.621446640490618,26.632710942964366,7.876506057054971,38.5370659217274,46.07383514595869,10.688856808619704,23.271102947249936,10.809078471960055,36.04087865723958,29.647244228447775,38.18698656297998,10.945010044763098,46.75797552229722,24.193728715449573,17.36897219321814,24.562608542311345,24.281042887608827,17.65408022658691,5.566824893837758,21.053323481315736,45.03645974908022,0.0,33.6955307410619,34.18877525569825],
        [1.1663607412485382,40.84490558484961,48.75140204366241,50.396849705415924,58.036410112553696,45.17729142298183,31.673546117284452,33.17317315175048,23.782702236223017,33.02182449776224,16.985339410467525,50.58770350445884,23.006673932442197,19.127345688354147,40.865085659449846,51.552383527730456,9.047253431667992,5.565499365888659,32.49673655602297,25.20624901103735,46.46892342183064,51.06450293428004,58.25813928337325,9.414487853453073,39.20580673784678,30.557168193258633,12.642207259746169,32.52198114663469,33.6955307410619,0.0,1.1663607412485382],
        [0.0,41.33815009948596,49.244646558298754,50.89009422005227,58.52965462719004,45.670535937618176,30.507185376035917,34.33953389299902,24.27594675085936,33.515069012398584,15.818978669218989,51.08094801909518,23.499918447078546,19.620590202990495,41.35833017408619,52.0456280423668,10.213614172916529,4.399138624640121,33.663097297271506,24.039888269788815,46.96216793646699,51.55774744891639,58.7513837980096,9.90773236808942,40.37216747909532,31.05041270789498,13.135451774382513,33.01522566127103,34.18877525569825,1.1663607412485382,0.0]
    ],
    "vertex_count": 31
}