{
    "drone_dist": [
        [0.0,2659.442398181109,2743.8558186219143,563.8827714172982,1051.1398871018812,5203.835078146305,3496.298877296704,2678.6711455711525,2179.0606108802795,1782.9577735961484,508.7397219264783,1521.4674044233368,3435.8581813513188,4466.624269294413,1773.9018611222718,4280.2028293451185,5318.410501345443,2480.6013494433314,4703.5759389940185,3609.249890567844,4029.1664887791726,3900.0796877386088,4437.079818453963,1298.6457589019094,1511.4087818101168,1461.5004586989344,3833.9259193779894,1467.3757544049972,5118.8921082803145,3494.1769820979653,4445.8895465665655,3681.655785017193,1791.5539847018654,2685.8755204860827,2404.9096781608164,3829.9513746377097,2718.7212564941497,1693.701504080747,1688.3302326944333,3954.642020122223,4346.3338794064975,2970.642292354091,1610.9395075251916,3985.77330612962,685.121426952926,939.6770468482202,976.0179106174495,1354.591967761397,3743.486790038641,3443.2832765033086,0.0],
        [2659.442398181109,0.0,3552.4351279353946,2213.7261024229288,1923.0993235391802,2963.9764697850596,1971.8264882112935,3661.2538300585425,1606.454594389629,2408.2879395714435,2911.4878346585324,3091.5300822510776,1663.9913874279848,1809.3768646307362,2240.6509174362777,1969.2691856180325,2993.3476234310933,1569.6178117911995,2053.435988493627,2502.937063550037,1929.4148193606554,1241.3963477235857,2159.581674021572,1395.4124085121227,2115.386770323221,3461.8500265546263,1343.4068390524237,1338.838814007767,2899.8646522155186,1794.6377027515266,1854.6429221113574,1964.6877632935177,2028.804832845859,847.082276876785,1272.4350856728402,1705.407643462623,1446.6125456548275,2141.149339488009,3466.2768934598885,1527.0332540899353,2303.0458242441878,2222.7424302114373,2075.1400627198386,1358.4334863160745,2041.1389380605408,2545.0152415481252,1700.5198253757526,2647.2466868721194,1175.8778769491903,1003.2853979293513,2659.442398181109],
        [2743.8558186219143,3552.4351279353946,0.0,3034.2813810208586,3380.2709870581757,4442.609906231787,2636.6158094310886,218.60985642766195,4258.433462082057,4317.795782391284,3233.263070281247,4258.832878398568,5089.073899060608,4977.969749989303,1377.9775817138186,3902.1184271309385,4660.916357905173,4469.484469187585,5250.156625840099,2238.944431130637,5469.461801504116,4485.466243436183,5709.164769558295,2662.9841722558867,1612.6785495176343,4180.400496210394,4864.741904805568,2491.717861916076,4348.987940502967,5200.646629196093,5245.043368689178,5392.081582534855,1564.7326437785875,4172.4675207169885,4240.873820267203,3408.944178956713,2352.4237488109884,1497.7692235220854,4427.073465472017,5062.993296751482,3594.5783423878447,1783.6874406845463,4025.508936439927,4301.778718882814,2987.9878333642073,1823.2801354661842,2640.4975131751125,4025.136310797654,3981.3639119365735,3608.441404541004,2743.8558186219143],
        [563.8827714172982,2213.7261024229288,3034.2813810208586,0.0,488.7909665548812,4923.525997721,3325.6942687059395,3004.3044510581813,1616.4032241725727,1312.8437070429204,699.0191401115038,1306.326726320337,2875.3084356586405,4001.9302702704995,1865.5158119183375,3966.178347907282,5015.7939601698445,1916.9570983635524,4228.618436764632,3533.0416829006863,3475.072442188849,3441.54910994914,3890.522590483402,969.8205521100499,1580.4381532118355,1443.7313943607496,3318.5013361284737,1201.6058411523604,4842.967848250935,2931.6726123669964,3944.7415076785305,3118.5544251666556,1816.8255067913956,2148.2930783022452,1844.2202465962096,3548.127124383572,2533.097247943668,1760.5978968770166,1582.5598505105575,3428.4660335378094,4098.543381292431,2925.6642721784356,1085.9650469045055,3565.584195111593,175.79325767677156,1226.7791475776583,676.9532716691224,998.519903384958,3346.9528243004597,3076.4985475112435,563.8827714172982],
        [1051.1398871018812,1923.0993235391802,3380.2709870581757,488.7909665548812,0.0,4771.901006975586,3303.3947063283276,3373.028265389865,1127.963808166834,945.2662917798721,1070.746059453367,1248.9490204586461,2401.6052358192233,3659.2191189191926,2113.707491518901,3791.146585003678,4841.070727008007,1430.0174943664385,3871.9460967404416,3591.4924477307295,3013.1607353315358,3111.462554221414,3440.163913377634,951.2802837821506,1831.3847030184738,1549.9552747126186,2915.681236730918,1211.2038284191096,4696.446423005067,2452.8295479742237,3557.0965098730844,2637.6686785689094,2019.998574641076,1721.9519598846161,1372.8162494476358,3412.7354858576623,2519.8795120168716,1997.6164065847177,1597.5451160162338,3009.8701334751263,3988.4114669005908,3025.3710516994693,649.0950768362457,3279.8120294543114,425.0880441431893,1627.5740028733735,784.0608854875869,833.2870271091106,3091.5183877009363,2859.640307167775,1051.1398871018812],
        [5203.835078146305,2963.9764697850596,4442.609906231787,4923.525997721,4771.901006975586,0.0,1876.4551140761826,4648.66632516614,4553.444555907256,5369.351158856505,5595.685646281978,6002.744548266316,4092.8626937255344,2218.1519950205234,3839.270505660331,995.1080877436519,257.99691789843627,4461.75150061389,2342.4210228793418,2208.6662774696415,3873.6227368340915,2304.65014175135,3691.8541341415157,3956.595556297307,3950.89007127222,6314.871716570886,3035.5410136782143,3747.023702476609,94.22255398369421,4219.689387271428,2749.3560629947387,4299.221502389673,3680.281822668199,3668.4765614084354,4182.720588182853,1376.9123798924738,2534.649052288323,3830.4631482424707,6365.370195341195,3200.8408096716716,894.8621977956083,2709.963956829336,5029.083819247461,1899.2821639064316,4750.749700661827,4644.799350255808,4268.658165305233,5563.125552899285,1874.4776622324978,1960.7161625375486,5203.835078146305],
        [3496.298877296704,1971.8264882112935,2636.6158094310886,3325.6942687059395,3303.3947063283276,1876.4551140761826,0.0,2830.635940217711,3472.256768727469,4088.6445189487645,3941.4473825153304,4547.455488123303,3582.408951454066,2599.2610271932854,1977.9506924015818,1276.461928647677,2066.614802816682,3503.113493715163,2855.3707980479367,619.9739877449297,3678.370632198601,2246.273258437899,3734.0739747746948,2376.583012313864,2118.8116673561785,4767.416985024563,2867.482358352427,2128.1172612607024,1782.7116226610885,3717.6093756296086,3002.8369943659,3867.751602378646,1835.5951124443022,2818.892110466713,3203.919529443511,813.5462556674617,792.7060421809447,1981.5216730687955,4876.601258633325,3081.320586134631,987.1854264735224,856.7469025811725,3728.0402080914205,1924.9537300930076,3166.4424619868105,2825.313353831212,2648.754543632267,4135.845445963052,1632.1374216017778,1335.1512558759605,3496.298877296704],
        [2678.6711455711525,3661.2538300585425,218.60985642766195,3004.3044510581813,3373.028265389865,4648.66632516614,2830.635940217711,0.0,4290.394116925111,4302.111863427816,3157.1115271908648,4199.430759845067,5166.951853986488,5131.06959873329,1447.5602154419441,4090.1208129780093,4864.694640277752,4512.358854078958,5403.519875267544,2448.5506364724697,5567.065545323561,4629.325583472452,5820.727799585136,2702.8490521284384,1657.4037629245618,4096.030548609242,4984.973285076234,2548.1817024375414,4554.883807476543,5275.37151405303,5383.592528982893,5468.217702804577,1647.021183037178,4251.278864018473,4293.4546543389815,3593.466210874615,2510.24065469759,1562.7163298254982,4350.990717498712,5180.11892885889,3795.2214880382935,1974.909219120214,4021.3195259264216,4459.041782886925,2970.4123380823826,1780.3687503164,2654.2118607343536,3985.5906904126723,4139.026532493314,3764.6846416523153,2678.6711455711525],
        [2179.0606108802795,1606.454594389629,4258.433462082057,1616.4032241725727,1127.963808166834,4553.444555907256,3472.256768727469,4290.394116925111,0.0,936.7762173426279,2131.3598072894565,1781.1471161317502,1327.3892040906946,2980.130167655635,2897.129419334138,3563.1016051434162,4562.68211592973,310.1467647675432,3141.8828111978924,3914.1505752740286,1971.0308691860714,2504.2036706118865,2429.2983359337177,1597.1350640666549,2646.2100347137125,2259.6738067791234,2086.833916223767,1795.1376056263143,4493.569301105941,1356.670124065343,2745.661910038838,1531.8449312485177,2742.8644580710375,942.4599301876489,410.6644494905685,3309.9282690347677,2785.944412681574,2774.914831476692,2155.434001245162,2121.272482839015,3908.281294515163,3470.808998081382,731.5968502443546,2790.513844746079,1527.646511853209,2650.833170629103,1652.2063610794887,1380.1297894422812,2703.520487024417,2600.300234664673,2179.0606108802795],
        [1782.9577735961484,2408.2879395714435,4317.795782391284,1312.8437070429204,945.2662917798721,5369.351158856505,4088.6445189487645,4302.111863427816,936.7762173426279,0.0,1531.972078630625,870.5635770421151,2192.1864984464232,3910.4757508910284,3057.8530385481563,4374.269286391761,5401.372477779693,1194.6028699619822,4077.240886880687,4441.877856421789,2845.7147901035764,3419.969822499896,3317.423970930624,1843.6009457178868,2776.249119434513,1374.841600670891,3023.4801633817788,2097.889960556879,5302.851626872301,2190.4132399971804,3682.0700549719127,2338.481476107048,2957.8113308933866,1864.7460027582308,1344.7546227530147,4064.1904986971927,3333.0229086120826,2940.9702566462706,1232.131966910006,3053.3236729609175,4659.282993367002,3910.832049508406,360.8348953878485,3681.1707424094307,1331.7328004926953,2534.3380740541934,1724.374418572481,549.4129994132395,3562.1578943869954,3409.739135479776,1782.9577735961484],
        [508.7397219264783,2911.4878346585324,3233.263070281247,699.0191401115038,1070.746059453367,5595.685646281978,3941.4473825153304,3157.1115271908648,2131.3598072894565,1531.972078630625,0.0,1075.9473551368217,3445.653298273649,4693.1930909233115,2278.400935108706,4648.761702873645,5695.937514509426,2441.4689771759213,4915.865112984307,4088.074279022628,4070.676374475466,4135.267031904836,4505.426802891097,1641.6858824032693,2011.3152207031212,954.774869866691,3982.0097454541406,1851.0040040712784,5513.354775203569,3485.371914670471,4618.109460960553,3663.0328626695637,2286.2391757552355,2792.298634521309,2427.5655093425235,4218.782835789694,3154.2947286398194,2194.647742073811,1194.2926561915726,4079.9443317648443,4756.065357243925,3455.9765767171843,1459.3406045228098,4264.470922540137,873.8878212629895,1445.333322874567,1327.0339592830703,1021.2768201985701,4045.3455594003476,3770.875186522448,508.7397219264783],
        [1521.4674044233368,3091.5300822510776,4258.832878398568,1306.326726320337,1248.9490204586461,6002.744548266316,4547.455488123303,4199.430759845067,1781.1471161317502,870.5635770421151,1075.9473551368217,0.0,3062.273376178163,4711.673950509607,3166.6425426535557,5015.077957225697,6060.749990811014,2057.1938406127074,4893.7918697741825,4808.367037350682,3715.7615662123844,4197.016746285435,4186.4919448593055,2176.609242521497,2882.8743550949093,514.1337987494253,3857.993212907101,2432.7444919673467,5929.52455741426,3060.8134461773943,4517.430174610667,3207.0451556491635,3123.149632191358,2671.3370538314316,2176.7088627168355,4653.134480479963,3759.982275653936,3064.4192677573697,380.98005379287105,3901.497651782352,5233.313201910779,4216.977761316565,1073.1134698886663,4421.2422843326485,1428.2390751477674,2438.5299356890573,1941.9673612647591,444.31302259858955,4266.7874168133685,4067.2766390938255,1521.4674044233368],
        [3435.8581813513188,1663.9913874279848,5089.073899060608,2875.3084356586405,2401.6052358192233,4092.8626937255344,3582.408951454066,5166.951853986488,1327.3892040906946,2192.1864984464232,3445.653298273649,3062.273376178163,0.0,2082.018792200887,3719.545600769032,3188.257616130187,4028.728683217119,1022.5501920418388,2153.884143733047,4146.879354203071,653.5286156205866,1795.436755190339,1127.547236799638,2536.1481576002743,3525.0759739948385,3559.8115413784476,1112.5271305477231,2635.265280013088,4056.465764965515,135.89178941707902,1684.8624608940704,305.5144648256729,3524.900627715965,916.6070714867022,1031.106833428106,3124.8193918901097,3110.573217501981,3604.483939927115,3421.988356687934,1029.251265462112,3673.9416079807547,3885.574927520456,2053.4670242790253,2193.619059490375,2755.5075955884586,3730.5709235070663,2717.194419583015,2690.0795432817217,2264.7957208249486,2356.068998093068,3435.8581813513188],
        [4466.624269294413,1809.3768646307362,4977.969749989303,4001.9302702704995,3659.2191189191926,2218.1519950205234,2599.2610271932854,5131.06959873329,2980.130167655635,3910.4757508910284,4693.1930909233115,4711.673950509607,2082.018792200887,0.0,3835.4359524488054,1572.0466058106279,2087.121315136333,2775.4491275381574,272.4903258743576,3213.6063280237045,1710.4977355273509,568.8937859629292,1476.165255134878,3201.5342887805805,3783.5699466812266,5141.201758558898,972.6235602009889,3118.7888271345137,2210.2154898276626,2188.0903302610172,531.2410828569763,2216.85379285683,3622.54544611861,2046.6208309727472,2569.467630325402,1826.6736050139177,2626.022279155451,3760.3172278219977,5092.5866642439605,1070.7341780169575,2146.0294663018435,3297.51136502468,3640.5754123691995,686.0974899461014,3833.106319305533,4307.969045013931,3509.6903754411774,4277.205004110383,1003.5101452611971,1370.9914322422162,4466.624269294413],
        [1773.9018611222718,2240.6509174362777,1377.9775817138186,1865.5158119183375,2113.707491518901,3839.270505660331,1977.9506924015818,1447.5602154419441,2897.129419334138,3057.8530385481563,2278.400935108706,3166.6425426535557,3719.545600769032,3835.4359524488054,0.0,3068.6094176571237,4008.8818126254364,3097.269814797621,4105.842543311283,1918.4490729056245,4126.39843821761,3299.930113892923,4396.304642976183,1301.0642651097658,285.82682286494276,3216.3061495571937,3579.588501687744,1115.1731122749627,3746.773859913641,3828.5969231457,4026.823289122971,4021.1307032029713,214.88436282593304,2803.7324604276437,2863.9171016267946,2563.380853904359,1350.4627513322284,122.24029984697529,3409.8501732675163,3767.376393571248,2944.4669207225465,1267.90100196816,2737.083370120364,3195.3348322927986,1771.8141076348809,910.373369508291,1335.0776514226663,2855.1758644862402,2884.9022634058665,2513.4752643345046,1773.9018611222718],
        [4280.2028293451185,1969.2691856180325,3902.1184271309385,3966.178347907282,3791.146585003678,995.1080877436519,1276.461928647677,4090.1208129780093,3563.1016051434162,4374.269286391761,4648.761702873645,5015.077957225697,3188.257616130187,1572.0466058106279,3068.6094176571237,0.0,1051.2077247653303,3481.4391921994047,1782.2672320756008,1816.9303461320026,3057.1790909042443,1459.21041736589,2959.9604585617894,3007.28056959266,3133.3901266543626,5338.4300801437485,2197.7108258249787,2813.433458450915,931.0271622170474,3319.8196942357727,2072.490688034609,3419.7795730432404,2885.8555757093686,2692.050350161651,3198.1195674262035,507.8756965806423,1719.0563780193236,3038.0903134587415,5380.312663399777,2387.628462816054,574.0209142188439,2118.789873290231,4034.521367921571,1043.090944266736,3791.7243823230842,3800.270134604673,3325.3768743130995,4574.146926392993,925.252453593016,966.0198343873009,4280.2028293451185],
        [5318.410501345443,2993.3476234310933,4660.916357905173,5015.7939601698445,4841.070727008007,257.99691789843627,2066.614802816682,4864.694640277752,4562.68211592973,5401.372477779693,5695.937514509426,6060.749990811014,4028.728683217119,2087.121315136333,4008.8818126254364,1051.2077247653303,0.0,4454.1887692504915,2187.2577556459255,2434.8110513354377,3771.7675385452217,2233.3449922213917,3562.928485831748,4054.2824874329376,4107.128188260268,6389.080272335722,2949.5662098446383,3854.4235135159747,336.10159111985655,4152.371396108954,2615.4914157945464,4221.292238265889,3842.6734847533917,3659.0241631596537,4182.172423797982,1492.2321350959999,2684.8151090980123,3993.955434071753,6427.79737894858,3103.6545589810517,1079.646613296635,2912.111728378713,5067.398560873117,1843.0550439892725,4841.626841052812,4793.520280588764,4370.642214993855,5618.75294377662,1862.0739805361513,1996.4107467587296,5318.410501345443],
        [2480.6013494433314,1569.6178117911995,4469.484469187585,1916.9570983635524,1430.0174943664385,4461.75150061389,3503.113493715163,4512.358854078958,310.1467647675432,1194.6028699619822,2441.4689771759213,2057.1938406127074,1022.5501920418388,2775.4491275381574,3097.269814797621,3481.4391921994047,4454.1887692504915,0.0,2920.024058703602,3979.3818450711287,1670.7474804934716,2330.5834234984272,2134.5147046550705,1809.5245075259386,2858.210293646744,2546.2479095736494,1850.716007677613,1983.615737365381,4406.830471596496,1047.3313498608145,2504.447203004602,1221.6998864872778,2931.1366523957977,795.1759712813528,299.6119916877566,3268.554433239906,2858.677468516967,2975.6549590489326,2425.5684392149756,1864.8995711000057,3863.060422349127,3575.5468256697527,1030.9453264318386,2646.8890401961908,1820.3915526771516,2913.3465943826677,1901.9038678250452,1671.1999979949462,2592.848582696443,2531.336591381227,2480.6013494433314],
        [4703.5759389940185,2053.435988493627,5250.156625840099,4228.618436764632,3871.9460967404416,2342.4210228793418,2855.3707980479367,5403.519875267544,3141.8828111978924,4077.240886880687,4915.865112984307,4893.7918697741825,2153.884143733047,272.4903258743576,4105.842543311283,1782.2672320756008,2187.2577556459255,2920.024058703602,0.0,3466.7174067470755,1709.9885482449183,823.1330092086896,1407.552633052661,3448.522041605102,4050.895831525599,5334.120364225374,1076.1033334010724,3373.7521558143035,2344.4021132045004,2248.827934461911,484.82389295048665,2254.1316986251195,3892.6986621070337,2222.4806035959978,2732.5289002576264,2071.858935065644,2898.0448715634425,4029.8208589293736,5274.097951840536,1124.718673090638,2354.523609515297,3565.169369552345,3820.7716981157496,954.4345916396214,4061.7321858254977,4567.448543371509,3753.1669283927977,4463.812803566749,1273.482123382659,1642.6058448381355,4703.5759389940185],
        [3609.249890567844,2502.937063550037,2238.944431130637,3533.0416829006863,3591.4924477307295,2208.6662774696415,619.9739877449297,2448.5506364724697,3914.1505752740286,4441.877856421789,4088.074279022628,4808.367037350682,4146.879354203071,3213.6063280237045,1918.4490729056245,1816.9303461320026,2434.8110513354377,3979.3818450711287,3466.7174067470755,0.0,4277.2575936105995,2865.952034566809,4347.737570406796,2640.9010090401366,2127.6453969234153,4970.85502086051,3477.8702139406632,2381.4350397117537,2115.6928886162723,4280.888567844435,3622.63320158361,4438.474133560557,1835.7278657050606,3342.7539154760857,3683.746545315171,1403.2882756368585,1128.651861611808,1959.9384095805972,5112.7275418069,3692.0511849457253,1396.7228929403282,650.9265640701177,4082.477006414737,2542.8824569498533,3389.057629554055,2823.3796661469055,2869.039968157873,4420.733447942024,2252.022105175452,1951.2226880230974,3609.249890567844],
        [4029.1664887791726,1929.4148193606554,5469.461801504116,3475.072442188849,3013.1607353315358,3873.6227368340915,3678.370632198601,5567.065545323561,1971.0308691860714,2845.7147901035764,4070.676374475466,3715.7615662123844,653.5286156205866,1710.4977355273509,4126.39843821761,3057.1790909042443,3771.7675385452217,1670.7474804934716,1709.9885482449183,4277.2575936105995,0.0,1598.488648171872,478.67864908262374,3032.0585863295605,3960.870490232103,4212.608035482318,860.2123437532501,3091.8632341903176,3851.167245016612,673.4905700833962,1225.372983010828,592.5188594333396,3921.2589001335255,1382.9722910820208,1643.2019169580576,3099.4251817525405,3332.2121974557704,4017.7635166451305,4075.324017322484,674.2879217252586,3592.2718885213712,4110.13351513684,2700.7903302751965,2015.8101977605415,3344.4683116680635,4243.517903301511,3248.837917917994,3341.144503798137,2175.353336992211,2365.6311553228575,4029.1664887791726],
        [3900.0796877386088,1241.3963477235857,4485.466243436183,3441.54910994914,3111.462554221414,2304.65014175135,2246.273258437899,4629.325583472452,2504.2036706118865,3419.969822499896,4135.267031904836,4197.016746285435,1795.436755190339,568.8937859629292,3299.930113892923,1459.21041736589,2233.3449922213917,2330.5834234984272,823.1330092086896,2865.952034566809,1598.488648171872,0.0,1527.3494497294698,2632.659190904284,3234.532738680719,4612.312463456226,740.875612947132,2551.630434295884,2273.630006366473,1919.2301719196414,773.0560891550332,1994.5756775882662,3085.7532843443364,1561.7437404243988,2096.5772147043563,1554.6283430865653,2146.861044024603,3219.851001139233,4577.783205063038,928.6144156646793,2003.04948274649,2862.459607966304,3132.352199564043,417.4853538745775,3271.506018720339,3744.317452885561,2941.2467499452755,3758.005775946566,623.0323083277051,927.7298974597102,3900.0796877386088],
        [4437.079818453963,2159.581674021572,5709.164769558295,3890.522590483402,3440.163913377634,3691.8541341415157,3734.0739747746948,5820.727799585136,2429.2983359337177,3317.423970930624,4505.426802891097,4186.4919448593055,1127.547236799638,1476.165255134878,4396.304642976183,2959.9604585617894,3562.928485831748,2134.5147046550705,1407.552633052661,4347.737570406796,478.67864908262374,1527.3494497294698,0.0,3376.923711599174,4253.05466752707,4680.222962025955,876.3902704464376,3409.3166110042393,3680.3287287223566,1152.1175043331664,948.1082784105676,1059.1384229216585,4185.993838094296,1756.8519115199385,2082.3397004071785,3080.32380106264,3484.4416646753275,4293.3807820858165,4548.427577292423,663.6176458285589,3519.3536129001154,4250.694011875654,3160.7850711515002,1926.459453748743,3752.258602504153,4589.008251301427,3615.8165137018254,3805.546560395881,2145.3219952050395,2399.2726299796236,4437.079818453963],
        [1298.6457589019094,1395.4124085121227,2662.9841722558867,969.8205521100499,951.2802837821506,3956.595556297307,2376.583012313864,2702.8490521284384,1597.1350640666549,1843.6009457178868,1641.6858824032693,2176.609242521497,2536.1481576002743,3201.5342887805805,1301.0642651097658,3007.28056959266,4054.2824874329376,1809.5245075259386,3448.522041605102,2640.9010090401366,3032.0585863295605,2632.659190904284,3376.923711599174,0.0,1050.3247423111811,2397.1827621523553,2665.5432201108224,259.9408480837985,3875.271060336047,2630.1150911641794,3234.294368074573,2825.7109380475185,1157.1778614010984,1651.483128721851,1597.7768040672631,2580.2344212568746,1585.7703726205957,1178.8307565016682,2500.1417440518744,2816.4339914877073,3128.7633241781705,2077.0071363276106,1496.7380445105107,2692.7110434836363,800.749315216884,1212.9741547407682,323.1932086348039,1780.0881847924743,2445.3174654915215,2146.3819830608354,1298.6457589019094],
        [1511.4087818101168,2115.386770323221,1612.6785495176343,1580.4381532118355,1831.3847030184738,3950.89007127222,2118.8116673561785,1657.4037629245618,2646.2100347137125,2776.249119434513,2011.3152207031212,2882.8743550949093,3525.0759739948385,3783.5699466812266,285.82682286494276,3133.3901266543626,4107.128188260268,2858.210293646744,4050.895831525599,2127.6453969234153,3960.870490232103,3234.532738680719,4253.05466752707,1050.3247423111811,0.0,2942.2497517421007,3458.702428152214,893.1785744348988,3859.834366736137,3629.382105695449,3939.233479835014,3823.506658229056,292.49433749500963,2613.9308534527713,2636.0664142064115,2635.6307622016616,1423.1676679780805,184.05144971589831,3130.4751302244304,3638.664288342225,3059.507226451348,1478.9306348416405,2459.009430716088,3165.6400222743705,1486.0265975969387,708.0835396181445,1056.522894124655,2569.362279226004,2864.0646245227467,2500.548061394285,1511.4087818101168],
        [1461.5004586989344,3461.8500265546263,4180.400496210394,1443.7313943607496,1549.9552747126186,6314.871716570886,4767.416985024563,4096.030548609242,2259.6738067791234,1374.841600670891,954.774869866691,514.1337987494253,3559.8115413784476,5141.201758558898,3216.3061495571937,5338.4300801437485,6389.080272335722,2546.2479095736494,5334.120364225374,4970.85502086051,4212.608035482318,4612.312463456226,4680.222962025955,2397.1827621523553,2942.2497517421007,0.0,4315.828637063324,2639.911212827942,6237.845004642629,3563.2614343485316,4973.842833443457,3713.2586874844947,3207.018872890829,3117.5031689862008,2643.4138798025747,4948.384827320668,3974.721202650306,3126.2988767917645,305.1350756019168,4370.624191984263,5514.154390064907,4353.6955081884425,1533.7429952434613,4811.017311853986,1601.043373314482,2399.9758552548255,2119.5934273842813,880.9674536253023,4635.522098689693,4409.563059128973,1461.5004586989344],
        [3833.9259193779894,1343.4068390524237,4864.741904805568,3318.5013361284737,2915.681236730918,3035.5410136782143,2867.482358352427,4984.973285076234,2086.833916223767,3023.4801633817788,3982.0097454541406,3857.993212907101,1112.5271305477231,972.6235602009889,3579.588501687744,2197.7108258249787,2949.5662098446383,1850.716007677613,1076.1033334010724,3477.8702139406632,860.2123437532501,740.875612947132,876.3902704464376,2665.5432201108224,3458.702428152214,4315.828637063324,0.0,2656.3982924510487,3008.2256579707246,1223.912379365184,659.4977541736008,1273.8711153231116,3366.3879832095963,1204.4130364275218,1682.4669321157216,2249.136153558624,2611.603384890903,3482.4899823822066,4236.0948610372025,214.29087602932037,2732.485527101179,3375.2196197296157,2787.1682721893367,1158.2411854535485,3162.482228999988,3859.193087920457,2937.985802040358,3437.555957433409,1318.9683967603166,1536.5689471082712,3833.9259193779894],
        [1467.3757544049972,1338.838814007767,2491.717861916076,1201.6058411523604,1211.2038284191096,3747.023702476609,2128.1172612607024,2548.1817024375414,1795.1376056263143,2097.889960556879,1851.0040040712784,2432.7444919673467,2635.265280013088,3118.7888271345137,1115.1731122749627,2813.433458450915,3854.4235135159747,1983.615737365381,3373.7521558143035,2381.4350397117537,3091.8632341903176,2551.630434295884,3409.3166110042393,259.9408480837985,893.1785744348988,2639.911212827942,2656.3982924510487,0.0,3663.85949646272,2737.727032047149,3193.414377192266,2932.2376133646353,948.972720776344,1728.638685429217,1749.159825005495,2370.4292542520584,1335.7304626750006,994.2934436679476,2751.6963507545356,2821.0346379248344,2905.5996754195576,1818.053302103265,1747.851080123802,2573.5467251372365,1038.9624923908023,1206.730116759499,527.4203945952211,2039.3154343808687,2308.756238104853,1989.2694222068144,1467.3757544049972],
        [5118.8921082803145,2899.8646522155186,4348.987940502967,4842.967848250935,4696.446423005067,94.22255398369421,1782.7116226610885,4554.883807476543,4493.569301105941,5302.851626872301,5513.354775203569,5929.52455741426,4056.465764965515,2210.2154898276626,3746.773859913641,931.0271622170474,336.10159111985655,4406.830471596496,2344.4021132045004,2115.6928886162723,3851.167245016612,2273.630006366473,3680.3287287223566,3875.271060336047,3859.834366736137,6237.845004642629,3008.2256579707246,3663.85949646272,0.0,4184.291743841341,2741.2731933170435,4267.516146877139,3588.556617940548,3614.753866840384,4125.914060301114,1295.0366455393976,2444.829197709137,3738.5921748633336,6291.019672630915,3177.4406589923356,802.3265054368567,2615.7466886032657,4961.077254328059,1864.3828939224916,4670.532949202308,4554.586093254913,4186.3474456045715,5490.599326350641,1825.184613058545,1896.8222548590632,5118.8921082803145],
        [3494.1769820979653,1794.6377027515266,5200.646629196093,2931.6726123669964,2452.8295479742237,4219.689387271428,3717.6093756296086,5275.37151405303,1356.670124065343,2190.4132399971804,3485.371914670471,3060.8134461773943,135.89178941707902,2188.0903302610172,3828.5969231457,3319.8196942357727,4152.371396108954,1047.3313498608145,2248.827934461911,4280.888567844435,673.4905700833962,1919.2301719196414,1152.1175043331664,2630.1150911641794,3629.382105695449,3563.2614343485316,1223.912379365184,2737.727032047149,4184.291743841341,0.0,1774.1369269855925,195.6453908777831,3635.9715733807375,1030.6540791186958,1092.537586471289,3260.0788836645793,3240.8765378630346,3712.6558940639507,3414.9433033628557,1125.53726704305,3807.9667663254572,4014.8782831665508,2073.2063588153624,2320.4937823951395,2817.513984583905,3817.030738422581,2800.7167550422696,2700.50573910446,2397.1018224714053,2491.5583895793966,3494.1769820979653],
        [4445.8895465665655,1854.6429221113574,5245.043368689178,3944.7415076785305,3557.0965098730844,2749.3560629947387,3002.8369943659,5383.592528982893,2745.661910038838,3682.0700549719127,4618.109460960553,4517.430174610667,1684.8624608940704,531.2410828569763,4026.823289122971,2072.490688034609,2615.4914157945464,2504.447203004602,484.82389295048665,3622.63320158361,1225.372983010828,773.0560891550332,948.1082784105676,3234.294368074573,3939.233479835014,4973.842833443457,659.4977541736008,3193.414377192266,2741.2731933170435,1774.1369269855925,0.0,1772.0728810351177,3811.9434112921786,1858.631041831798,2341.9217225996485,2271.140062708324,2915.8036448309954,3940.0025693123484,4895.589819759927,659.6173111860498,2643.681264778292,3635.5097013864015,3446.31942222163,1089.886804711296,3784.1199867267032,4399.634522276108,3523.2898713525674,4096.242518386586,1370.772037886483,1698.9163987576108,4445.8895465665655],
        [3681.655785017193,1964.6877632935177,5392.081582534855,3118.5544251666556,2637.6686785689094,4299.221502389673,3867.751602378646,5468.217702804577,1531.8449312485177,2338.481476107048,3663.0328626695637,3207.0451556491635,305.5144648256729,2216.85379285683,4021.1307032029713,3419.7795730432404,4221.292238265889,1221.6998864872778,2254.1316986251195,4438.474133560557,592.5188594333396,1994.5756775882662,1059.1384229216585,2825.7109380475185,3823.506658229056,3713.2586874844947,1273.8711153231116,2932.2376133646353,4267.516146877139,195.6453908777831,1772.0728810351177,0.0,3827.5902671699464,1220.1608734826582,1283.6655492097996,3384.2437366576187,3411.1169247282764,3905.532572198757,3555.2242283995756,1146.120029531319,3921.1469282191583,4187.232677785782,2239.348704861809,2404.0279529404415,3006.83156048419,4012.3883330990807,2995.8081563983205,2857.9071737994163,2502.57659913049,2619.607214829465,3681.655785017193],
        [1791.5539847018654,2028.804832845859,1564.7326437785875,1816.8255067913956,2019.998574641076,3680.281822668199,1835.5951124443022,1647.021183037178,2742.8644580710375,2957.8113308933866,2286.2391757552355,3123.149632191358,3524.900627715965,3622.54544611861,214.88436282593304,2885.8555757093686,3842.6734847533917,2931.1366523957977,3892.6986621070337,1835.7278657050606,3921.2589001335255,3085.7532843443364,4185.993838094296,1157.1778614010984,292.49433749500963,3207.018872890829,3366.3879832095963,948.972720776344,3588.556617940548,3635.9715733807375,3811.9434112921786,3827.5902671699464,0.0,2608.368377909605,2689.51397621501,2383.2801393008895,1167.3713061698434,152.2524429843777,3384.8669145582135,3555.0354964800513,2786.8086629523523,1187.8644033946143,2626.8415329795307,2985.178871424288,1706.5577925997475,998.0138938753047,1235.937701047768,2790.3411512899097,2676.0845105955063,2305.8590852082407,1791.5539847018654],
        [2685.8755204860827,847.082276876785,4172.4675207169885,2148.2930783022452,1721.9519598846161,3668.4765614084354,2818.892110466713,4251.278864018473,942.4599301876489,1864.7460027582308,2792.298634521309,2671.3370538314316,916.6070714867022,2046.6208309727472,2803.7324604276437,2692.050350161651,3659.0241631596537,795.1759712813528,2222.4806035959978,3342.7539154760857,1382.9722910820208,1561.7437404243988,1756.8519115199385,1651.483128721851,2613.9308534527713,3117.5031689862008,1204.4130364275218,1728.638685429217,3614.753866840384,1030.6540791186958,1858.631041831798,1220.1608734826582,2608.368377909605,0.0,536.2809455769903,2504.0312240025287,2259.0189017844446,2689.2575282086823,3051.618902085339,1288.002277594549,3092.594738023338,3020.6970967131006,1598.2913128968148,1857.4304618250142,2002.8785377677273,2861.26818750494,1867.172688826391,2243.0065335402765,1797.9072072006093,1751.8211049932318,2685.8755204860827],
        [2404.9096781608164,1272.4350856728402,4240.873820267203,1844.2202465962096,1372.8162494476358,4182.720588182853,3203.919529443511,4293.4546543389815,410.6644494905685,1344.7546227530147,2427.5655093425235,2176.7088627168355,1031.106833428106,2569.467630325402,2863.9171016267946,3198.1195674262035,4182.172423797982,299.6119916877566,2732.5289002576264,3683.746545315171,1643.2019169580576,2096.5772147043563,2082.3397004071785,1597.7768040672631,2636.0664142064115,2643.4138798025747,1682.4669321157216,1749.159825005495,4125.914060301114,1092.537586471289,2341.9217225996485,1283.6655492097996,2689.51397621501,536.2809455769903,0.0,2974.2787697057493,2565.499649112587,2743.354254922078,2554.012304088909,1727.359177507233,3569.917687332673,3289.7783641722713,1109.8930753632892,2392.0972623192947,1725.7776870782914,2748.585138358271,1729.7444429201921,1762.6037069217002,2320.1974970201677,2242.958371193263,2404.9096781608164],
        [3829.9513746377097,1705.407643462623,3408.944178956713,3548.127124383572,3412.7354858576623,1376.9123798924738,813.5462556674617,3593.466210874615,3309.9282690347677,4064.1904986971927,4218.782835789694,4653.134480479963,3124.8193918901097,1826.6736050139177,2563.380853904359,507.8756965806423,1492.2321350959999,3268.554433239906,2071.858935065644,1403.2882756368585,3099.4251817525405,1554.6283430865653,3080.32380106264,2580.2344212568746,2635.6307622016616,4948.384827320668,2249.136153558624,2370.4292542520584,1295.0366455393976,3260.0788836645793,2271.140062708324,3384.2437366576187,2383.2801393008895,2504.0312240025287,2974.2787697057493,0.0,1215.9248693964837,2535.5218304328105,5009.8562416004115,2456.0138646745236,598.6577462239039,1629.5681617207251,3714.127914414408,1181.576773243298,3375.9330215860687,3310.8762277213464,2891.7515845221883,4217.805495543497,935.4081904009363,770.5532240942787,3829.9513746377097],
        [2718.7212564941497,1446.6125456548275,2352.4237488109884,2533.097247943668,2519.8795120168716,2534.649052288323,792.7060421809447,2510.24065469759,2785.944412681574,3333.0229086120826,3154.2947286398194,3759.982275653936,3110.573217501981,2626.022279155451,1350.4627513322284,1719.0563780193236,2684.8151090980123,2858.677468516967,2898.0448715634425,1128.651861611808,3332.2121974557704,2146.861044024603,3484.4416646753275,1585.7703726205957,1423.1676679780805,3974.721202650306,2611.603384890903,1335.7304626750006,2444.829197709137,3240.8765378630346,2915.8036448309954,3411.1169247282764,1167.3713061698434,2259.0189017844446,2565.499649112587,1215.9248693964837,0.0,1319.618867368288,4085.817452326024,2821.6371364092834,1650.022228786974,779.5103861706787,2972.3797247101284,1949.6405609643498,2373.7743239251645,2110.5135450225757,1856.1445520070556,3353.14435481198,1629.3392050270313,1256.018014395334,2718.7212564941497],
        [1693.701504080747,2141.149339488009,1497.7692235220854,1760.5978968770166,1997.6164065847177,3830.4631482424707,1981.5216730687955,1562.7163298254982,2774.914831476692,2940.9702566462706,2194.647742073811,3064.4192677573697,3604.483939927115,3760.3172278219977,122.24029984697529,3038.0903134587415,3993.955434071753,2975.6549590489326,4029.8208589293736,1959.9384095805972,4017.7635166451305,3219.851001139233,4293.3807820858165,1178.8307565016682,184.05144971589831,3126.2988767917645,3482.4899823822066,994.2934436679476,3738.5921748633336,3712.6558940639507,3940.0025693123484,3905.532572198757,152.2524429843777,2689.2575282086823,2743.354254922078,2535.5218304328105,1319.618867368288,0.0,3314.051150840445,3668.164425254266,2936.6215736208437,1309.4978465843774,2618.331503777304,3127.5447317257403,1662.03120464304,864.3231600286712,1217.1640075737923,2746.4215602244376,2820.01261484635,2451.0183791567797,1693.701504080747],
        [1688.3302326944333,3466.2768934598885,4427.073465472017,1582.5598505105575,1597.5451160162338,6365.370195341195,4876.601258633325,4350.990717498712,2155.434001245162,1232.131966910006,1194.2926561915726,380.98005379287105,3421.988356687934,5092.5866642439605,3409.8501732675163,5380.312663399777,6427.79737894858,2425.5684392149756,5274.097951840536,5112.7275418069,4075.324017322484,4577.783205063038,4548.427577292423,2500.1417440518744,3130.4751302244304,305.1350756019168,4236.0948610372025,2751.6963507545356,6291.019672630915,3414.9433033628557,4895.589819759927,3555.2242283995756,3384.8669145582135,3051.618902085339,2554.012304088909,5009.8562416004115,4085.817452326024,3314.051150840445,0.0,4276.677588141232,5585.799349678951,4508.224075777755,1453.3360084648482,4799.834019538157,1723.8966401564803,2626.724459375278,2244.8629217344037,821.9268423529064,4642.024839561656,4436.732506438027,1688.3302326944333],
        [3954.642020122223,1527.0332540899353,5062.993296751482,3428.4660335378094,3009.8701334751263,3200.8408096716716,3081.320586134631,5180.11892885889,2121.272482839015,3053.3236729609175,4079.9443317648443,3901.497651782352,1029.251265462112,1070.7341780169575,3767.376393571248,2387.628462816054,3103.6545589810517,1864.8995711000057,1124.718673090638,3692.0511849457253,674.2879217252586,928.6144156646793,663.6176458285589,2816.4339914877073,3638.664288342225,4370.624191984263,214.29087602932037,2821.0346379248344,3177.4406589923356,1125.53726704305,659.6173111860498,1146.120029531319,3555.0354964800513,1288.002277594549,1727.359177507233,2456.0138646745236,2821.6371364092834,3668.164425254266,4276.677588141232,0.0,2929.573491767435,3587.0975932369647,2837.2513435312526,1344.8089585651114,3277.1701721926775,4018.5745046858656,3078.973949244708,3489.926204752693,1523.0769148884663,1749.550752921045,3954.642020122223],
        [4346.3338794064975,2303.0458242441878,3594.5783423878447,4098.543381292431,3988.4114669005908,894.8621977956083,987.1854264735224,3795.2214880382935,3908.281294515163,4659.282993367002,4756.065357243925,5233.313201910779,3673.9416079807547,2146.0294663018435,2944.4669207225465,574.0209142188439,1079.646613296635,3863.060422349127,2354.523609515297,1396.7228929403282,3592.2718885213712,2003.04948274649,3519.3536129001154,3128.7633241781705,3059.507226451348,5514.154390064907,2732.485527101179,2905.5996754195576,802.3265054368567,3807.9667663254572,2643.681264778292,3921.1469282191583,2786.8086629523523,3092.594738023338,3569.917687332673,598.6577462239039,1650.022228786974,2936.6215736208437,5585.799349678951,2929.573491767435,0.0,1834.0176277549683,4307.776787085097,1593.6791388147965,3928.890355909025,3756.6919617149115,3432.0489820881166,4800.854122727621,1422.733000804288,1344.079243024785,4346.3338794064975],
        [2970.642292354091,2222.7424302114373,1783.6874406845463,2925.6642721784356,3025.3710516994693,2709.963956829336,856.7469025811725,1974.909219120214,3470.808998081382,3910.832049508406,3455.9765767171843,4216.977761316565,3885.574927520456,3297.51136502468,1267.90100196816,2118.789873290231,2912.111728378713,3575.5468256697527,3565.169369552345,650.9265640701177,4110.13351513684,2862.459607966304,4250.694011875654,2077.0071363276106,1478.9306348416405,4353.6955081884425,3375.2196197296157,1818.053302103265,2615.7466886032657,4014.8782831665508,3635.5097013864015,4187.232677785782,1187.8644033946143,3020.6970967131006,3289.7783641722713,1629.5681617207251,779.5103861706787,1309.4978465843774,4508.224075777755,3587.0975932369647,1834.0176277549683,0.0,3556.1212281400963,2611.4599467445223,2789.946340986318,2172.54815037756,2275.7397315093986,3844.697211967557,2295.323241345089,1940.2446690725044,2970.642292354091],
