{
    "drone_dist": [
        [0.0,3995.5704092456235,3874.3925595286373,3741.0185925809283,1517.194229713545,2175.9216001131003,2478.7651476185606,4165.600841129711,4374.615296352227,1867.113132800579,1249.6604039828262,3088.1531186674083,2961.893480004285,3188.1287349853087,2285.2819120791396,1191.264971114873,2862.7943540064202,1383.0129796656265,2350.7504974004933,3179.6735695809766,4490.840737997215,3367.8697071733313,4042.2351949206427,2011.263925621094,3431.5085550826398,2212.2091972898497,1359.8115252083912,3747.7749298881827,1811.6067822947389,1110.789567842583,1781.8980227767606,4054.0913454356437,2130.876672634591,900.1236950337025,2801.7457272945126,2416.997835283605,716.7950155092565,844.8730924527856,2243.8679832933117,2186.8862285444957,3506.9234635902994,3947.8337781372024,2027.6226282251364,1598.7183368709998,2709.9339541852546,3606.665744891904,1224.4509887533895,3520.1221489850273,1809.2294793819817,1766.7024093824962,2219.252261323205,943.7847795725362,3363.2821001522693,1868.771056374682,527.451152969561,1845.4897460247942,1378.3873337235575,2164.12103000129,3299.5368474601173,2056.312483569825,1979.2928709692555,1863.8970442600898,1524.066074112465,2616.8752058729096,1997.2120561927284,479.17774358677303,2930.857597178551,3307.9652663015054,1666.1194117095756,3340.485319076218,0.0],
        [3995.5704092456235,0.0,4347.852525423791,4213.2058477097435,4554.392288709319,2852.372644464989,1895.180869734798,662.379611502742,559.300635624201,2158.2246663543883,4594.558515877496,2157.6112650911027,2944.182668257899,3101.1374760348053,3593.893180910847,4519.89814283236,3868.2889444835596,5335.105028908275,2016.4590044688662,828.7410425215795,648.8668544272383,936.1777163226567,892.0194248640814,5615.53133061462,2735.865738458502,2308.1539965324773,4710.329584541296,1889.9632910809107,2237.6283835664503,5045.899120790485,2215.6870330523748,324.08619659406054,2822.491436217368,4817.273464077687,2016.6973942088946,3796.6580422245497,4292.545478497148,3197.5752607101554,3652.7428002566326,6151.946790594456,3681.3925476005647,1140.7481321890216,3026.122329298933,4113.535290860992,4857.7969787594375,4602.970870606921,4398.391559543364,3128.1760128476076,2663.9394259607047,2900.1743539239646,3273.7513580758023,3378.6878941480204,3674.045070856352,2130.5205650595003,3551.942714557421,5829.144824271781,2691.8113679648286,3638.0710153879577,3085.587433451109,5484.18512374164,2219.0774179351506,5570.907490441153,4584.512098382487,3298.2367595665296,3571.366378255887,4473.952618215924,2304.946231561998,690.1812930824732,2599.057870703762,3762.527855457488,3995.5704092456235],
        [3874.3925595286373,4347.852525423791,0.0,153.88075573378347,5370.914980728897,2064.344626693651,4520.534348311798,3909.32950022752,4234.182986333687,3341.487609757534,5123.5237339226705,2207.4273213310453,1480.1811985407855,1268.0509404414454,5625.359543320413,5063.105900401861,1012.5491138624845,4253.366586301862,4496.311278980722,3820.683708287275,4302.281702546533,3439.608088585536,3617.1810419340063,3661.9366354539793,1619.4621947226717,2548.0904935735703,5234.109624684959,2549.0968635137083,3252.4373958507745,4058.6308644778246,3640.8700039150954,4116.697103766958,5009.840559971754,4596.648857410176,4981.542251350474,5830.235775006847,3383.9415208711416,3880.049459553569,1634.9284468767576,4799.726227508836,669.8729926779192,3340.608756297826,5067.958484127233,2375.7547575932567,1768.9544389483124,544.7707705942092,5078.946008794368,1230.7017949374665,4550.057854924269,2417.8879928488855,5390.8890908823605,4302.275731541129,712.73291224556,3499.871591908893,3464.0938867799628,4704.870003970578,3938.3231910958975,5553.701658586102,1265.643986055236,3354.659341979797,2946.5994364084117,3810.858586778409,5381.838113767218,5716.665428349153,1886.521644443271,4059.2072361233418,5314.977160323153,4043.197435118006,2842.2227645904986,657.4650994125684,3874.3925595286373],
        [3741.0185925809283,4213.2058477097435,153.88075573378347,0.0,5233.2981207401535,1911.0205913243683,4367.018788414652,3784.887127226675,4110.324945771546,3187.6142527156253,4989.332009347053,2067.1419548299673,1330.9364708487826,1124.2612370745865,5474.516581254838,4928.206964665072,878.5218298001818,4152.392907768355,4342.5447842623535,3675.951905983433,4180.483224915771,3300.8993169189844,3493.627043049477,3587.800000304136,1492.4837171581241,2394.495187172074,5100.809308353921,2430.477807462094,3098.620650246114,3951.7570029341678,3487.1015569291117,3986.3556332768285,4856.752738363251,4474.124337649473,4828.199835910714,5679.90155320844,3263.4165351897936,3733.0306962750574,1498.329863758358,4715.199870961846,531.8173205033689,3218.2406438808057,4915.633291365245,2259.814880357117,1715.6606588174552,556.5453298560584,4941.717456334311,1108.1065021249533,4397.135119422232,2266.7801827596454,5238.925759757268,4155.791105316259,562.4667897215746,3345.998440210022,3324.2893552215824,4610.8700327825945,3786.4326689748846,5403.525782460538,1127.9715504477847,3283.732209493372,2792.7289058255205,3730.2102145031954,5244.610376587507,5563.823085904265,1748.5835802124495,3935.3271935829066,5161.362577017486,3898.941384991009,2689.424926132404,503.94033723034846,3741.0185925809283],
        [1517.194229713545,4554.392288709319,5370.914980728897,5233.2981207401535,0.0,3532.6021118066105,2695.8167855444594,4913.186739249181,5041.197811457157,2767.476944090335,347.63202658662834,4285.396063663192,4333.652045810603,4578.040496721037,1453.8390945417802,363.63118935134804,4358.556272477267,2138.644214065538,2563.1956480352155,3842.6604659134127,5153.385393700894,4192.819284964662,4871.347259296267,3101.240093686695,4745.413191559398,3396.912110206588,337.90408843635015,4860.843508883115,2767.3716220771553,2025.0041412838893,2528.4813993527205,4711.152932964645,1879.4322250417456,1189.9202335457626,2785.8802522961832,1443.6141799506338,2160.320933109615,1667.1199094237454,3735.987992969159,2664.424847780949,4960.614232963911,4854.217069681503,1676.2120100854565,3113.412146484556,4203.820618760253,5121.402178349664,293.2094063534923,4897.667638412305,1897.0736064629652,3112.1270082638684,1617.3654810647229,1293.3040233724487,4822.8459310105445,2684.5195583779796,1913.0565221525214,2307.78658138506,1984.192704641414,1323.6927224015506,4681.801772422638,3262.4703290539046,3048.0389174844645,2889.8713963003916,31.830669254075854,1921.5289225685806,3484.7967335924486,1523.7624360460693,2724.0677441200487,3890.134103794143,2857.0079152184785,4810.3702973086965,1517.194229713545],
        [2175.9216001131003,2852.372644464989,2064.344626693651,1911.0205913243683,3532.6021118066105,0.0,2498.2576720267493,2681.365406506605,2981.655628261747,1291.1695079702044,3348.990710486187,1047.0750497907513,801.1520631170578,1047.451225243938,3582.285106621351,3278.3969734466186,1193.771923063572,3101.1853971097603,2459.1402585490328,2113.1686076580186,3084.715819921578,1941.0146895007524,2448.980060056486,3016.029005377011,1257.2449578508492,581.6221962473566,3471.28116974646,1755.1447062253078,1196.2131088398592,2828.149293488959,1581.2311553529746,2738.2109503814586,2946.073033455076,3047.6646499715716,2964.251434698835,3792.9342570940075,1996.654975874976,1911.907536139452,807.5965864010996,3858.3849991499173,1504.7837711803336,2246.054802160364,3009.5216099618724,1374.4409930685415,2009.9465285066858,2057.069905026889,3254.1659415766994,1365.2876384727488,2487.181707698052,420.75939794085224,3335.6642083970905,2334.9033603039493,1391.7406021598158,1448.5582601242108,1666.4842958931401,3623.2307371135353,1886.4549708387126,3519.114925719075,1149.3114597550773,2812.330395794366,911.613887311656,3041.7446096386884,3549.7075695552994,3654.0591217063725,726.6485995094213,2525.914416218735,3283.4107611856853,2332.507161709538,782.1229674761322,1416.4763852489223,2175.9216001131003],
        [2478.7651476185606,1895.180869734798,4520.534348311798,4367.018788414652,2695.8167855444594,2498.2576720267493,0.0,2361.410273550636,2421.2605052225103,1216.7063657643623,2780.4402013081312,2549.7319023016375,3070.2281875074596,3317.6576270087303,1727.1831967344312,2709.7648851261365,3690.6784592401914,3859.4988156635186,136.74470770798558,1326.3174161987074,2526.4311651425833,1809.986546363225,2403.823312537621,4397.8442171128345,3200.7938200455033,1972.6635283386054,2887.614568354546,2820.7836399573375,1320.2761271639204,3589.508026672879,977.5012561498703,2101.265699309635,935.4041187584043,3158.261694359043,466.2162940688209,1941.1786822189645,2995.7087798148937,1636.598188666913,3211.0087612539305,4651.678274369785,3894.4103750984495,2482.1262973889325,1134.0236274109532,3250.3883658991654,4292.605510217616,4555.292095333988,2572.8661069784707,3524.272939839439,804.3624053096208,2260.5687192162677,1403.458299843382,1652.086590489898,3814.3775744384075,1066.1148784895759,2189.1885425182145,4297.364661586938,1114.0034350075246,1756.9071891723443,3370.1781356405895,4358.504476159744,1587.3833820769792,4289.86024780384,2726.8568815957087,1512.6340059682893,3016.006287363313,2939.708433219647,795.8813366315759,1289.5896552207676,1801.8503813642062,3863.094962819359,2478.7651476185606],
        [4165.600841129711,662.379611502742,3909.32950022752,3784.887127226675,4913.186739249181,2681.365406506605,2361.410273550636,0.0,326.1842850040575,2299.649014675926,4911.650554178999,1808.1316245832468,2596.9317924200914,2711.0316281357,4088.1934539881736,4835.142796152594,3558.3245280767646,5444.980712644269,2465.9081928843316,1072.8502095047734,410.9262461947314,806.9898435199402,293.9455511280487,5606.889594774677,2292.5783094177555,2208.2699335157185,5032.61244297156,1370.8565934751787,2354.934337763094,5154.154850948524,2440.5341401341157,338.76160497828556,3295.5249073499854,5030.933854901366,2566.826573939523,4300.32947649521,4358.088252205407,3426.900155938852,3443.5785204083318,6257.3138428490975,3257.7394244858738,573.360092984873,3488.9982014321718,4024.186163049815,4632.808832337366,4221.112974005204,4728.155563580161,2678.6715375704357,3066.5307381360367,2823.923441319856,3764.5765995300976,3673.3497597410133,3273.102397810117,2317.599582131897,3680.4663049341834,5955.771183854666,2965.704292344879,4117.1828887279025,2674.4299687525995,5442.113039517523,2242.5220889869493,5589.523298638373,4941.891933295465,3835.6188357116803,3406.6443808420586,4634.589878291585,2882.0666777032698,1071.9832321115641,2615.5186379381003,3369.4798131238927,4165.600841129711],
        [4374.615296352227,559.300635624201,4234.182986333687,4110.324945771546,5041.197811457157,2981.655628261747,2421.2605052225103,326.1842850040575,0.0,2509.2182715030417,5060.268847657198,2130.734630562398,2920.98972516613,3037.053129283569,4135.1389415506765,4984.493749013906,3880.628803335711,5678.263974290351,2536.3688702880945,1214.1140391888994,116.25522419155591,1065.8488206835857,617.0261211301622,5876.560790842481,2618.2002858682135,2490.1390815951377,5178.9658246646895,1692.0642577772192,2573.603950678213,5387.479943576593,2619.457653984141,330.55450321446204,3354.9086145370325,5225.072561341279,2570.208763276376,4341.053943627863,4603.650452918273,3610.033930965958,3753.0249356161526,6493.278915668073,3583.5458012198483,894.8919722046792,3555.2761437867184,4311.276881299448,4946.463819741563,4547.258625055835,4870.319397231794,3003.656622990955,3166.4126771324436,3103.81322959955,3813.3603007558504,3829.219682123833,3599.2840497127013,2510.3086945867058,3902.9575634696403,6184.07080126527,3127.676136197356,4174.3385313682475,3000.6042983790067,5720.31457922688,2490.8139503703505,5851.565245312764,5070.677166829192,3850.8884630242615,3708.1334687009285,4848.3151203108255,2863.280675288681,1152.4935446500106,2868.8930090309436,3695.6509866533484,4374.615296352227],
        [1867.113132800579,2158.2246663543883,3341.487609757534,3187.6142527156253,2767.476944090335,1291.1695079702044,1216.7063657643623,2299.649014675926,2509.2182715030417,0.0,2697.5060583379295,1599.8161445509686,1937.5995216284766,2194.815392680689,2422.722698624786,2620.374071145519,2478.612725829069,3179.579996637651,1169.3763374018301,1330.7802415796666,2625.3503174782777,1507.9676315260408,2189.5053689163424,3491.0384316486957,2179.4522490582704,818.2706856437483,2822.7809421751426,2103.5681423622977,108.07443920322612,2889.679638109672,314.7082607395611,2191.590265985904,1708.846475483459,2733.571997374835,1682.3828392744776,2644.156266577901,2138.6226773111,1153.5709926758882,1996.190345457319,3996.341229770286,2741.282250492715,2123.892383806921,1808.027756698872,2127.9266820401203,3105.4186231018066,3345.8815681428587,2538.2846136669823,2446.469389808423,1270.063046440187,1047.9803625754237,2141.1046254044613,1474.8460998485384,2647.1321159821664,158.38473291495737,1397.5573135366747,3679.245131140494,803.1032182881207,2384.9972875872486,2265.375575152883,3390.111818462556,400.245756257536,3429.6845321500577,2792.436259134373,2419.139861266358,1808.6185698903644,2339.2833622373346,1993.9056035713409,1486.5261141296623,596.349892506223,2685.976739082424,1867.113132800579],
        [1249.6604039828262,4594.558515877496,5123.5237339226705,4989.332009347053,347.63202658662834,3348.990710486187,2780.4402013081312,4911.650554178999,5060.268847657198,2697.5060583379295,0.0,4158.578778774691,4148.641281990882,4386.686931003168,1720.3045897740205,77.19156741994547,4111.508518460695,1792.4854834636524,2644.673698455149,3850.1870608248373,5174.26774695353,4165.537086939681,4849.242225613963,2753.8673177178935,4583.2893667975195,3265.552732621776,126.14890103361107,4762.584068082834,2683.9987499697363,1677.7867345183174,2487.34789670226,4729.754409818269,2036.2450980763476,842.375448073826,2923.664331272344,1738.9627276910333,1851.862093301586,1555.999877503882,3491.3224842065174,2340.4921716441,4740.740346922445,4812.247534777278,1844.848085491864,2827.944177524372,3897.9642684981177,4852.267529172257,215.83917428100065,4712.254409520211,1976.406671619678,2928.8653640473694,1840.5513308890145,1240.1354414987904,4599.605341673767,2632.31547877912,1695.2812651379822,1979.3024986750793,1949.0452284268042,1586.1149885111633,4493.860979233655,2917.7317426015848,2942.621881336468,2542.242782296701,336.2605924151606,2176.281801920483,3242.9614141092475,1195.9958596049066,2900.5606655362476,3917.1972180780995,2715.779429612172,4581.217661772535,1249.6604039828262],
        [3088.1531186674083,2157.6112650911027,2207.4273213310453,2067.1419548299673,4285.396063663192,1047.0750497907513,2549.7319023016375,1808.1316245832468,2130.734630562398,1599.8161445509686,4158.578778774691,0.0,793.526099969522,946.0496790882753,4011.753020305262,4083.522963211252,1750.1929675994238,4128.8725900461295,2567.119960349443,1625.7552957008565,2218.519512140318,1234.7785970510101,1536.7122822571164,4058.547993206278,664.5059795318784,893.1412037958136,4284.389158443804,708.0936147474431,1562.7205328977798,3850.1171987268617,1905.1307487275906,1956.231541135843,3264.470508603728,3984.7666953337216,2976.268630158675,4234.840077320647,3015.5868103736234,2618.5648976571065,1692.785728114707,4898.055735230662,1537.567043400651,1291.1486639875668,3386.9933142614223,2409.4234796459664,2848.2626229623293,2446.0072114027716,4029.469401032396,1031.3381364137822,2851.346924848546,1366.249006807791,3718.826185673579,3006.1237677340514,1519.050250112818,1733.488148320604,2560.987900342527,4652.354931518475,2390.592694458119,3980.4377763288708,942.8014467746542,3845.429963231443,1249.728292976278,4088.4199472442256,4307.176146671654,3961.861018040469,1712.7114936583325,3487.8522716041416,3329.7791148787337,1844.5226341158982,1445.4010840933606,1605.5431328470304,3088.1531186674083],
        [2961.893480004285,2944.182668257899,1480.1811985407855,1330.9364708487826,4333.652045810603,801.1520631170578,3070.2281875074596,2596.9317924200914,2920.98972516613,1937.5995216284766,4148.641281990882,793.526099969522,0.0,259.2282349773298,4323.69301110516,4078.438585924914,969.0873735750371,3779.5897051667084,3057.75497763807,2354.170410920322,3006.2028035622284,2013.0572192656277,2319.9228704889315,3538.4353881559136,541.7903909616149,1119.9913589599917,4270.49194835968,1362.0468479427861,1862.1457582587927,3521.3248006055546,2249.544242115955,2749.482408971341,3643.297001733113,3817.472175882504,3525.1540787381364,4539.448035707906,2708.3063861822857,2705.084267498322,1062.7210201909752,4494.19067167919,827.906511736477,2063.56619338261,3728.944693030415,1903.9811146154575,2115.9070637507543,1661.08786139183,4055.2894859018397,564.1478211108647,3194.996862177308,1221.872442812496,4060.181570323288,3125.5487537501463,768.577645343176,2093.578874805244,2461.0473842276906,4293.146431266969,2630.984311924629,4269.635740968082,349.6616439268103,3290.9189118931213,1537.5942861794222,3604.9247908214643,4350.826261203102,4354.4048500242125,1177.2671996430008,3286.1754631560175,3866.045498251453,2578.6020570964015,1536.5833870395431,840.2951520382428,2961.893480004285],
        [3188.1287349853087,3101.1374760348053,1268.0509404414454,1124.2612370745865,4578.040496721037,1047.451225243938,3317.6576270087303,2711.0316281357,3037.053129283569,2194.815392680689,4386.686931003168,946.0496790882753,259.2282349773298,0.0,4582.902486940297,4317.275992296932,935.6126395473843,3952.485470105743,3308.265046682191,2552.63752969238,3115.904024789361,2180.8069427194546,2426.0466563897553,3655.343559553501,482.2675635456321,1376.6906571270006,4507.721131664614,1410.0939184896997,2120.411326914727,3701.3533068108204,2507.2945615985404,2888.0658153016047,3901.4631917603483,4032.0908557957937,3770.027025303217,4798.591622926703,2900.3184881746097,2957.2002980536613,1177.6857757774687,4647.306711399335,600.8927401519043,2159.2969642585913,3987.9637476244507,2047.1850978783918,2121.320799986728,1511.2367451792215,4297.836587143197,336.2626771626748,3453.78176802516,1466.553297310195,4319.281062470468,3378.7742267332956,573.1519764624974,2350.3384072248114,2694.7537526746,4460.589896403941,2889.9523257511673,4528.656074288991,118.13318078209016,3395.0568616296773,1795.0990449593462,3735.651135988621,4594.687859720884,4612.502622351069,1332.1861373246827,3496.924219034962,4113.064256403607,2775.191394643186,1794.114251828981,662.4481130198008,3188.1287349853087],
        [2285.2819120791396,3593.893180910847,5625.359543320413,5474.516581254838,1453.8390945417802,3582.285106621351,1727.1831967344312,4088.1934539881736,4135.1389415506765,2422.722698624786,1720.3045897740205,4011.753020305262,4323.69301110516,4582.902486940297,0.0,1682.6996228770665,4660.187905517778,3390.6327989236024,1629.5808560095975,3047.040085186223,4236.53457010082,3507.8744725187576,4126.582120485145,4238.600454857118,4601.828432631164,3224.7810722835875,1769.755967252366,4426.522100185886,2479.2895227984463,3201.6720763269795,2110.531984389538,3820.9538516592693,800.061328869365,2460.898671707868,1605.2289425602887,224.35840620141917,2997.945020652832,1803.776170677878,4067.1801997369166,4034.0849708653786,5086.622508117868,4188.195562168297,632.9406426912939,3718.53736773195,4866.529585567795,5510.385997020023,1520.8332892105043,4855.662271871976,1161.0120183452882,3207.7917659387226,323.7495029716049,1428.3829306949833,4973.179683050605,2280.602408131915,2378.3756860548624,3666.4492864691674,1696.7215181369693,135.283925609548,4664.015320525385,4324.975083100367,2808.3972099542416,4057.974191430371,1483.3131001504357,471.7575879597668,3822.3221405700865,2561.486424114668,1420.9429765202472,3016.210821168554,2801.8402031473593,4992.070892637507,2285.2819120791396],
        [1191.264971114873,4519.89814283236,5063.105900401861,4928.206964665072,363.63118935134804,3278.3969734466186,2709.7648851261365,4835.142796152594,4984.493749013906,2620.374071145519,77.19156741994547,4083.522963211252,4078.438585924914,4317.275992296932,1682.6996228770665,0.0,4050.8013138543965,1794.1036596714503,2573.8192677915017,3774.104429339298,5098.558974986189,4088.5073632254857,4772.261232243056,2743.99404625964,4510.875127262649,3190.5796193990514,202.73378826398658,4686.279820931709,2607.052419299471,1667.626363864834,2410.2629328256603,4653.996492760417,1975.2003883380144,840.1596169647057,2858.725359977477,1710.4401936455688,1807.9664802969164,1479.3919970448962,3429.9424355029137,2364.1824435922654,4675.332789245456,4735.0659373482,1786.0984991751143,2776.3208851793092,3853.7987512311306,4796.7128091065315,162.88222145536054,4642.217147177513,1906.1197463531696,2858.061586269516,1791.937504347195,1163.2418425590645,4534.704464053569,2555.133402339037,1627.892029857883,2000.531595168591,1872.1670915628638,1547.916730795969,4424.070440988292,2900.522171283946,2866.333269301568,2535.2451932337476,358.80419915337814,2134.228480133685,3180.929483195591,1161.9189912097263,2841.2596108619528,3841.96264729198,2641.244590075963,4517.295903187391,1191.264971114873],
        [2862.7943540064202,3868.2889444835596,1012.5491138624845,878.5218298001818,4358.556272477267,1193.771923063572,3690.6784592401914,3558.3245280767646,3880.628803335711,2478.612725829069,4111.508518460695,1750.1929675994238,969.0873735750371,935.6126395473843,4660.187905517778,4050.8013138543965,0.0,3327.8503549958896,3647.988706912165,3211.515032423318,3968.6623880059215,2932.1114650102804,3285.050454602443,2865.3885751764865,1417.7165733497209,1753.923888554344,4222.605751307306,2322.947536394686,2379.8328302365762,3111.5009123095033,2757.2886433995554,3694.2267071462297,4084.500384511705,3601.615552241952,4156.8484480191255,4859.5301630215145,2395.0720824084033,2889.8155099321857,622.8384796841366,3941.665855885437,779.962189053844,3031.5895893682764,4125.065665015497,1405.4780599002604,1190.399255083495,869.4267450959334,4066.4927398311265,1173.2497390869426,3622.3734563008084,1476.7246733365582,4440.855828842755,3308.5727195605405,632.1752555162974,2634.3866584605385,2453.5720981541795,3805.732667851269,2992.9503387142763,4581.984406788476,1026.7607934708315,2580.3417017745546,2105.214652491947,2979.4850570906106,4369.377441250542,4782.457243189404,875.2442779395607,3061.527757799499,4472.5117188408685,3436.504238269796,1927.5906564731192,558.3689637204584,2862.7943540064202],
        [1383.0129796656265,5335.105028908275,4253.366586301862,4152.392907768355,2138.644214065538,3101.1853971097603,3859.4988156635186,5444.980712644269,5678.263974290351,3179.579996637651,1792.4854834636524,4128.8725900461295,3779.5897051667084,3952.485470105743,3390.6327989236024,1794.1036596714503,3327.8503549958896,0.0,3730.112696135003,4509.701888476657,5793.758576209042,4638.307823915007,5290.693033307873,1011.474154654612,4308.76429479801,3334.0945234654455,1816.8302548219565,4829.615150337272,3107.4380097498033,290.8711322494919,3139.4398121757986,5366.642720754963,3428.7208144583087,954.4489080621022,4166.383635615787,3461.160269731933,1115.8822754998635,2227.8744904515347,2806.089519953043,816.8658982414229,4088.6060709342237,5161.018769088805,3291.556100200057,1933.536798246578,2647.1324632101814,3839.6249156717736,1934.6290591575694,4284.864340096781,3161.0069343980867,2766.6737330573637,3413.916525889103,2264.1609804789937,3936.724894991299,3206.649741235131,1783.1701701301454,523.6845930493789,2761.2280174932957,3256.88744876009,4070.597908797505,1248.614828965023,3205.9883250987327,782.7277671382828,2123.7720403852545,3798.023099640149,2621.446891666684,923.0038521682236,4267.304085831102,4654.1938637379035,2843.5737326567273,3879.509928787221,1383.0129796656265],
        [2350.7504974004933,2016.4590044688662,4496.311278980722,4342.5447842623535,2563.1956480352155,2459.1402585490328,136.74470770798558,2465.9081928843316,2536.3688702880945,1169.3763374018301,2644.673698455149,2567.119960349443,3057.75497763807,3308.265046682191,1629.5808560095975,2573.8192677915017,3647.988706912165,3730.112696135003,0.0,1417.4592444717127,2642.9197033643254,1886.7760647296163,2497.0095771196293,4280.560007700382,3211.13194786611,1949.539137789383,2752.2777925824857,2869.9773692187478,1269.2338819938805,3461.5103005279284,908.0057072449711,2213.8308045960193,831.3739630050399,3022.876459690576,528.9520907196007,1846.9400768575713,2878.6919582166397,1510.6244258355887,3153.856492120974,4520.290491381915,3878.20646042117,2563.9166788517327,1023.2163348395208,3161.5827943161416,4217.607703527853,4515.079168704009,2437.510508024125,3525.324200664055,669.2465554687217,2202.935139475424,1306.2583241799066,1516.4851388956354,3793.6749478145925,1014.1655532056806,2073.0170432690043,4165.121507494204,993.7297183078584,1652.0918453593292,3365.06670609464,4246.6441988834395,1552.7447767539616,4169.348236517035,2594.144928370406,1444.3707797280317,2952.5859398619345,2809.401000381413,824.5381878266238,1396.2387681835587,1742.37474027071,3839.0270854309147,2350.7504974004933],
        [3179.6735695809766,828.7410425215795,3820.683708287275,3675.951905983433,3842.6604659134127,2113.1686076580186,1326.3174161987074,1072.8502095047734,1214.1140391888994,1330.7802415796666,3850.1870608248373,1625.7552957008565,2354.170410920322,2552.63752969238,3047.040085186223,3774.104429339298,3211.515032423318,4509.701888476657,1417.4592444717127,0.0,1329.4943427488477,521.7608961922482,1079.5753331744866,4791.195990705297,2276.0605276704014,1543.0628151922344,3969.8489640748576,1636.2988657605315,1408.9606537778122,4220.059888466997,1409.4839953587566,885.2420651379296,2248.26484372906,4017.3181969866782,1612.630277974653,3263.982214125087,3463.804639191257,2399.313001064882,2920.7648029041006,5326.551351969613,3152.4813374351243,1163.2583633461954,2434.8162649533538,3314.1112457587446,4120.9275490499285,4003.460499021659,3662.999111691296,2655.202917671314,1996.064717218302,2108.046969032261,2723.6718830784607,2616.3250373638434,3117.4017730851847,1310.965861536686,2726.7705670924424,5006.634953204598,1913.618717504346,3067.0411791178963,2563.649842876367,4665.984530508395,1402.69212765387,4743.610995724488,3871.589627600108,2833.0360020734615,2813.010434738702,3656.696218269591,1957.9627724096401,225.44013937346435,1779.9147841070062,3194.01888163748,3179.6735695809766],
        [4490.840737997215,648.8668544272383,4302.281702546533,4180.483224915771,5153.385393700894,3084.715819921578,2526.4311651425833,410.9262461947314,116.25522419155591,2625.3503174782777,5174.26774695353,2218.519512140318,3006.2028035622284,3115.904024789361,4236.53457010082,5098.558974986189,3968.6623880059215,5793.758576209042,2642.9197033643254,1329.4943427488477,0.0,1176.9388435388112,689.9409176028377,5988.134159589745,2689.843469325213,2598.630278934008,5292.771516649957,1755.0849158338308,2689.4921926873903,5502.958375441261,2735.4560028147853,444.8319091053292,3458.9356072223245,5341.242414512083,2665.179475359165,4441.22687481441,4718.184680409948,3726.0322477071477,3851.92574499445,6608.647691139704,3655.5866084777053,962.3008655455552,3660.2183603586236,4418.89881344688,5042.817060335508,4624.430976466951,4983.831535370017,3072.7151353945424,3276.2082775569133,3212.9731442646435,3915.287707287182,3943.9322311368037,3675.055781436334,2626.5496532313487,4018.8509739194646,6299.835829578435,3242.895488502855,4277.433497961199,3076.277752106954,5830.231873616359,2604.6925535191886,5964.328200832964,5182.935521991923,3946.5842785243844,3810.847829937191,4964.485675234514,2952.9739067337923,1263.6377188225335,2982.340306638609,3772.4712074013364,4490.840737997215],
        [3367.8697071733313,936.1777163226567,3439.608088585536,3300.8993169189844,4192.819284964662,1941.0146895007524,1809.986546363225,806.9898435199402,1065.8488206835857,1507.9676315260408,4165.537086939681,1234.7785970510101,2013.0572192656277,2180.8069427194546,3507.8744725187576,4088.5073632254857,2932.1114650102804,4638.307823915007,1886.7760647296163,521.7608961922482,1176.9388435388112,0.0,684.934412031365,4811.199070516533,1847.7357104603473,1427.7460560119077,4288.642479475902,1125.8266426486805,1556.3986565671528,4347.509523564485,1678.6656809566116,798.2217833153337,2708.167580194984,4241.271024889451,2126.493228431868,3728.3477994477225,3551.43345818198,2651.1934473151377,2731.853461863795,5450.381545021631,2770.2213958003967,681.7900502018656,2884.043302295974,3249.7295013521457,3935.2179468056283,3673.839486658448,3990.650092141978,2237.070534138562,2410.91567856368,2039.4421089052737,3186.720759333378,2925.789234740239,2753.6937964942795,1541.6823686532512,2877.0620893936116,5149.775112091187,2217.5624483618762,3517.4491707469024,2173.9722166404326,4654.731161337421,1435.7181785232474,4788.6179748654495,4220.338953508128,3322.616795681491,2666.3065409407527,3833.920372056894,2475.0334038034853,689.0202419084416,1809.9361970050645,2839.080485388337,3367.8697071733313],
        [4042.2351949206427,892.0194248640814,3617.1810419340063,3493.627043049477,4871.347259296267,2448.980060056486,2403.823312537621,293.9455511280487,617.0261211301622,2189.5053689163424,4849.242225613963,1536.7122822571164,2319.9228704889315,2426.0466563897553,4126.582120485145,4772.261232243056,3285.050454602443,5290.693033307873,2497.0095771196293,1079.5753331744866,689.9409176028377,684.934412031365,0.0,5409.319127674768,2001.8214168236816,2006.3223894682012,4972.081360513562,1076.9176280866286,2233.3598590019737,5000.447786484124,2363.0799318521226,578.0758689914563,3327.8157452846017,4920.815141304122,2655.873010563318,4343.255670788095,4192.238703268917,3335.6244359421735,3194.5236305009525,6098.555560079776,2967.4178356098932,279.45250669010306,3513.4629167775556,3806.90363580391,4375.349623263891,3934.5314111286943,4672.909649550598,2386.706696143208,3062.8399902999577,2620.612313211556,3803.164896996729,3609.2233100181434,2985.348928017036,2226.5349027117704,3544.0689410234363,5806.142533216362,2900.5662714942746,4146.137720682206,2386.556292036888,5234.067020210751,2085.814111741816,5401.306167681952,4899.1868379027255,3903.545700586544,3170.181504706875,4504.328114785597,2986.1612101712017,1138.4884112476757,2448.654105146568,3082.5906513215778,4042.2351949206427],
        [2011.263925621094,5615.53133061462,3661.9366354539793,3587.800000304136,3101.240093686695,3016.029005377011,4397.8442171128345,5606.889594774677,5876.560790842481,3491.0384316486957,2753.8673177178935,4058.547993206278,3538.4353881559136,3655.343559553501,4238.600454857118,2743.99404625964,2865.3885751764865,1011.474154654612,4280.560007700382,4791.195990705297,5988.134159589745,4811.199070516533,5409.319127674768,0.0,4079.880758153017,3403.2164372514667,2793.913291970707,4764.143071708656,3398.6447060231776,1076.4256226901423,3540.268791740273,5589.080339229427,4141.73135708584,1914.2630250721336,4767.014312219241,4337.742444380414,1402.135474000207,2789.983119283349,2480.893923367146,1179.0746841006655,3644.717568420622,5234.9580583118395,4037.0611332390936,1652.58577614987,1920.0912416910585,3182.2338735402654,2869.5385528910683,3965.567943560966,3801.9649703032305,2788.827232119427,4211.753326188126,2955.036768062903,3497.558641909997,3560.979978399765,2208.7615626262664,1212.1696209962374,3287.102443922066,4109.288305265379,3770.3023705752794,316.5437903108019,3399.662521004705,232.358350536712,3089.8109555016085,4607.153115134673,2373.7046942522347,1677.3141256195386,4925.972977937675,4967.865683552065,3018.7378848199523,3420.1268323634526,2011.263925621094],
        [3431.5085550826398,2735.865738458502,1619.4621947226717,1492.4837171581241,4745.413191559398,1257.2449578508492,3200.7938200455033,2292.5783094177555,2618.2002858682135,2179.4522490582704,4583.2893667975195,664.5059795318784,541.7903909616149,482.2675635456321,4601.828432631164,4510.875127262649,1417.7165733497209,4308.76429479801,3211.13194786611,2276.0605276704014,2689.843469325213,1847.7357104603473,2001.8214168236816,4079.880758153017,0.0,1388.5753033873605,4707.1933056533335,950.8163031111391,2124.346140743137,4046.3464794931133,2492.9586911765714,2497.9097059328333,3877.066414444101,4304.68240108017,3634.022433025504,4822.7072175664625,3225.8275206527296,3089.104893320801,1601.8866109493817,5031.577371567632,965.7434366685392,1727.6589287408128,3986.363936399094,2445.1157787798593,2601.339038707807,1944.0191713207894,4475.192073627959,392.31295503440055,3448.3152482212213,1666.0648764235789,4319.436127508699,3498.491519388781,993.5510844528274,2325.0935501446634,2917.0755864020875,4824.788840399443,2938.3597356323858,4560.929499817503,404.98079330508654,3830.5597000927746,1796.5404530335213,4146.579268389563,4764.6044571116545,4581.9192641413465,1717.8371048536424,3780.785965955605,3986.1145771564525,2490.3294500065876,1895.0869179259169,1095.4065587247596,3431.5085550826398],
        [2212.2091972898497,2308.1539965324773,2548.0904935735703,2394.495187172074,3396.912110206588,581.6221962473566,1972.6635283386054,2208.2699335157185,2490.1390815951377,818.2706856437483,3265.552732621776,893.1412037958136,1119.9913589599917,1376.6906571270006,3224.7810722835875,3190.5796193990514,1753.923888554344,3334.0945234654455,1949.539137789383,1543.0628151922344,2598.630278934008,1427.7460560119077,2006.3223894682012,3403.2164372514667,1388.5753033873605,0.0,3391.3297659801397,1535.7822951628584,747.7235742765436,3047.788252184464,1131.5445871796899,2223.1839518426036,2526.3489408530054,3111.970974130897,2434.8694284177836,3443.7572597329236,2220.441844192078,1729.9345854043622,1384.2731695820512,4127.928824274232,1930.9534741208315,1842.8920842449938,2619.2407227066346,1821.9940306137917,2579.128752717881,2603.0729453747335,3138.157856935283,1632.2575191015874,2082.649107877468,615.7720552585048,2951.773208313898,2126.068492723712,1844.1390091992796,973.6785553369511,1685.2258622458435,3856.317758764832,1550.159853474724,3178.6810999342415,1447.59038395808,3233.846362683484,419.50223356761535,3396.5395602381473,3418.1503254946456,3237.0298430656176,1270.4092864828576,2630.7545986399655,2766.8895423452936,1759.1621702522762,553.6291290687552,1890.625504061081,2212.2091972898497],
        [1359.8115252083912,4710.329584541296,5234.109624684959,5100.809308353921,337.90408843635015,3471.28116974646,2887.614568354546,5032.61244297156,5178.9658246646895,2822.7809421751426,126.14890103361107,4284.389158443804,4270.49194835968,4507.721131664614,1769.755967252366,202.73378826398658,4222.605751307306,1816.8302548219565,2752.2777925824857,3969.8489640748576,5292.771516649957,4288.642479475902,4972.081360513562,2793.913291970707,4707.1933056533335,3391.3297659801397,0.0,4888.7283331251465,2809.756018956204,1720.9461137969724,2610.833603692587,4848.419267116689,2125.5230039363173,880.1954052317186,3019.3900992341105,1773.1824964017833,1942.7662568450626,1682.058878072202,3603.3714853154274,2326.615451288849,4857.357462354005,4936.514938289263,1930.3094175672943,2927.959411990227,3987.3834746866464,4956.708501036667,314.77043577560966,4833.908931331531,2083.2523816908756,3051.3954108090134,1908.31615916079,1362.8789748004301,4715.650713666917,2756.6319320238513,1814.7353745134342,1970.623780631527,2071.5785433311985,1637.0704594254637,4615.277247963884,2968.785301548593,3068.7667794089957,2578.1744932470406,316.38888200520694,2232.024929911309,3355.856429620801,1275.8835412312958,2985.74561627639,4034.4970079891805,2841.3239314073912,4696.118888332478,1359.8115252083912],
        [3747.7749298881827,1889.9632910809107,2549.0968635137083,2430.477807462094,4860.843508883115,1755.1447062253078,2820.7836399573375,1370.8565934751787,1692.0642577772192,2103.5681423622977,4762.584068082834,708.0936147474431,1362.0468479427861,1410.0939184896997,4426.522100185886,4686.279820931709,2322.947536394686,4829.615150337272,2869.9773692187478,1636.2988657605315,1755.0849158338308,1125.8266426486805,1076.9176280866286,4764.143071708656,950.8163031111391,1535.7822951628584,4888.7283331251465,0.0,2094.4408364662963,4548.867729229919,2379.025460981659,1615.6106894539728,3644.2696768165697,4647.677599197669,3192.698918260728,4650.8035201363555,3714.6473962421132,3207.6637734578026,2365.553835559371,5603.365042738325,1911.2320005309932,797.6414789477057,3793.630155532021,3113.2273456983316,3476.779877492145,2894.721000491929,4618.936597581627,1322.8065163811925,3274.8463602818683,2063.1652673306025,4116.945976976806,3568.4913222232876,1944.3645459887375,2209.67653251208,3220.9650694854245,5353.289097433528,2905.719458795258,4413.215485579156,1351.3362058090645,4546.775797612334,1819.9633541321432,4796.154733702892,4884.619777259612,4310.30070648713,2407.7226926459234,4163.8181201536245,3547.7829578855094,1814.8467151549773,2083.8744385405957,2045.9449809988582,3747.7749298881827],
        [1811.6067822947389,2237.6283835664503,3252.4373958507745,3098.620650246114,2767.3716220771553,1196.2131088398592,1320.2761271639204,2354.934337763094,2573.603950678213,108.07443920322612,2683.9987499697363,1562.7205328977798,1862.1457582587927,2120.411326914727,2479.2895227984463,2607.052419299471,2379.8328302365762,3107.4380097498033,1269.2338819938805,1408.9606537778122,2689.4921926873903,1556.3986565671528,2233.3598590019737,3398.6447060231776,2124.346140743137,747.7235742765436,2809.756018956204,2094.4408364662963,0.0,2817.0056065584668,389.7313482889608,2259.4704288424564,1781.156791642576,2687.6936159018996,1785.36346600136,2699.2728019048195,2055.2093905994366,1131.1655131419589,1891.1612485596463,3923.6906029205693,2658.927644346611,2155.1694109178843,1871.5270587838118,2021.9615093061243,2997.442943767247,3247.9620934094796,2530.9134653242213,2379.9039340159416,1335.020179533973,941.8767468373762,2204.114003464117,1474.3593471620927,2561.746132872409,255.1303711016903,1329.3587836343866,3610.7568675660646,827.9983800119741,2436.5923265295505,2194.378020886989,3293.136876383012,329.23373396912706,3341.1770454784873,2791.544183305239,2492.2871745667644,1701.701456987529,2279.688959821473,2093.372125383404,1572.4294955037958,488.55698831413116,2598.137616731209,1811.6067822947389],
        [1110.789567842583,5045.899120790485,4058.6308644778246,3951.7570029341678,2025.0041412838893,2828.149293488959,3589.508026672879,5154.154850948524,5387.479943576593,2889.679638109672,1677.7867345183174,3850.1171987268617,3521.3248006055546,3701.3533068108204,3201.6720763269795,1667.626363864834,3111.5009123095033,290.8711322494919,3461.5103005279284,4220.059888466997,5502.958375441261,4347.509523564485,5000.447786484124,1076.4256226901423,4046.3464794931133,3047.788252184464,1720.9461137969724,4548.867729229919,2817.0056065584668,0.0,2853.5578881235288,5076.066707629702,3192.1225806464818,840.8442592080352,3907.1273372073774,3286.5302705360627,834.5340409850074,1954.2750218771357,2569.6692056750744,1106.752105719294,3862.1323233870107,4872.049803659913,3063.7784413380127,1707.6413740916726,2510.5639836988234,3665.7359325435414,1794.861587521401,4035.395740230328,2906.286961375619,2485.751195671559,3204.2191494521016,2015.6789156027708,3710.352737904341,2918.3447359341444,1494.0931249549117,808.7259635967628,2485.784338065891,3069.64033591691,3819.298008183238,1253.4305610022636,2915.474486069472,870.3441751176995,2013.8918623826085,3593.6956728711793,2374.5793277309294,671.3274145626558,4019.899694280144,4365.810054647862,2553.9035252910603,3657.5894173242,1110.789567842583],
