{
    "drone_dist": [
        [0.0,23.067907132082404,15.859147834866718,18.291233567258942,28.489788978050644,13.883127939507945,34.79436834729187,32.98937398134078,15.09600117718315,5.985669833548252,13.369627648370496,14.447384011062391,16.480745541494823,13.00087717002122,29.35647365944495,13.904686555069036,13.27224098035838,25.871762831728702,21.03618195584232,32.785963027444545,11.332967868753288,20.417152139613552,19.068901114926668,30.017874208011303,15.285523411870576,33.42194048726664,15.923096420922862,34.18499701002199,27.35002060290691,25.26266406620693,27.132805734906167,19.162000965701314,27.213335393440374,14.653063199136087,9.788326850994121,33.21555385316694,34.816226594445524,26.167485745864017,26.678638306451276,18.1213601500207,0.0],
        [23.067907132082404,0.0,16.14906227122231,35.55237973567396,19.352126981460007,29.833170014643322,18.11255215919042,10.208919832623348,36.860989358584135,27.987726384043153,9.724981390126032,17.392045356290243,13.92095171437776,34.936758576851226,22.669618523225516,35.19698916846488,23.20699281872622,45.31145119485723,13.354551217785561,16.975795007046116,13.495146612144618,32.294503795159066,15.339715921404641,7.1706514548503195,13.44858859844139,13.352931121394079,10.855566910589886,31.947863908051094,8.599215153342977,3.602615395573498,19.079456141887597,35.23378444015888,14.525414016402873,36.988799385564874,31.449450021383946,10.148089449847225,12.979728283659925,44.03648452927362,40.18834817222595,5.151121488489217,23.067907132082404],
        [15.859147834866718,16.14906227122231,0.0,33.75380209463481,31.842438025144176,28.68823930997851,33.64484364825752,25.66509597156258,24.544133098943174,17.606935195723892,10.738753658616515,1.8431578769391583,2.266508273721154,23.053590349259057,34.29449864279859,22.628389637650393,7.831734590745829,41.73089883925596,5.999935116627512,17.952525243516376,15.694403045945304,34.13633484456511,23.878632473603126,20.714400998189866,2.887593397374028,20.5755942662717,5.455975210091332,42.075922503342845,24.189284065106175,19.68122909358081,30.97953754672399,19.86756399487162,12.173370292899305,29.99317826752547,19.857849673920565,24.482945971553896,23.2336915375109,41.908669920172784,41.352458790374854,11.913494887664765,15.859147834866718],
        [18.291233567258942,35.55237973567396,33.75380209463481,0.0,29.782773685734227,5.721348513568781,39.276226681549666,43.54413883415542,24.246303986868732,20.271625300243684,27.587406189126586,32.52983524431524,33.93316624913845,22.79308471553176,28.366348549328393,24.604836618780325,31.395142574384696,10.047617282188918,38.242192186948074,49.192894847233724,22.227969038997063,7.7897567127243725,23.197891039975676,42.61925818681695,32.590710169457694,48.21218558221272,32.42717148365481,27.596542452034953,35.68875812790912,36.172812733724264,28.333406381169933,33.82776141891383,44.048412724796236,11.444883790637357,22.028688404024926,44.87255705412955,48.50502240898911,8.541976286934538,9.315889217715066,31.86464988763219,18.291233567258942],
        [28.489788978050644,19.352126981460007,31.842438025144176,29.782773685734227,0.0,25.270513846877453,10.052271714245586,20.21018934644019,43.378067478456664,34.464966512805546,21.218000264393662,32.24863836775986,30.107317393836507,41.27912229037846,3.631270499182161,42.3492243511847,36.38701756505507,39.48493497749941,31.491850670285576,36.100178990477104,18.12313364171291,23.070795886030062,9.432257280114698,23.058838792359563,29.003763824000607,31.22732815142248,26.68864123403197,13.186563707365933,12.332378143034632,16.76107973186111,1.4885894782874511,46.58778160913332,33.8270149405572,37.01422480731791,38.243510630515956,22.88319631691569,29.125327510119934,36.70699819146552,29.70874544205577,20.72402644612303,28.489788978050644],
        [13.883127939507945,29.833170014643322,28.68823930997851,5.721348513568781,25.270513846877453,0.0,34.377388902274795,37.937052469670974,23.121998608369044,17.195070782132806,21.950610292787843,27.59457696901196,28.687797812457447,21.344142282947473,24.340207596779166,23.024222302339815,27.15400386539899,15.608682400211652,32.88531071561618,43.62336655413478,16.5166708784538,7.072092691612346,17.913441317371568,36.908369740721824,27.31727078789009,42.51034803032834,26.97948365884276,25.28705009646952,30.207909342529234,30.503642105216443,23.789204624406374,31.318551680883196,38.57118223024098,12.4952725823566,19.753073947881028,39.20283374187788,42.78375067220228,14.244572206531512,12.82554943951918,26.16664078648692,13.883127939507945],
        [34.79436834729187,18.11255215919042,33.64484364825752,39.276226681549666,10.052271714245586,34.377388902274795,0.0,13.745938532901212,49.88017144380009,40.6935684325969,24.252341118707257,34.562210616529626,31.54445664120604,47.79055988574535,12.992399700428374,48.58604010133456,39.75626917785646,49.152591147190456,31.465972055825016,32.56272766324842,23.511237034750657,32.928890263360145,16.794951199651795,18.46909487400593,30.78286780055449,26.50216714586149,28.188878030668075,21.46942563342425,9.549851283175494,14.568515141101235,11.303862801819454,51.12386362802756,31.899263697381702,45.40272562267035,44.4947190635531,16.751879143088264,23.451242867618703,46.54140728083294,39.741439271984106,21.732337830355483,34.79436834729187],
        [32.98937398134078,10.208919832623348,25.66509597156258,43.54413883415542,20.21018934644019,37.937052469670974,13.745938532901212,0.0,47.0476772863719,38.11132968924298,19.80347860397589,27.111796206375356,23.39873396902846,45.10760497920528,23.834995681101454,45.39746652779977,33.10531403259065,53.54221522594559,21.574892237063644,19.404901565912294,22.557485336845357,39.01576922643281,20.942851157212274,5.689235361802554,23.188951589672968,12.94283400525449,20.701308722910323,33.32789913845496,8.469538446049794,7.778981040972055,20.696323167917505,45.21537866007896,19.994568375216677,46.42205862746486,41.62183393655938,3.0082915773931407,9.707410839072008,51.78437071615529,46.71951770231071,15.357867610857426,32.98937398134078],
        [15.09600117718315,36.860989358584135,24.544133098943174,24.246303986868732,43.378067478456664,23.121998608369044,49.88017144380009,47.0476772863719,0.0,9.207086902695742,27.292687536395675,22.701525826868636,26.284241934813693,2.102486556839992,43.920000264709515,1.9531037337432855,17.401657239798492,26.41462258499659,30.54331842790552,42.39264412448522,26.38153040053694,30.087500634994054,34.02013690854384,43.30430543081743,25.668566930560754,44.91808714197559,27.473703185486055,47.485215627341326,42.170409758469496,39.53749402984404,41.978545209675524,11.404879259040852,36.62902714448511,13.495426747537804,5.466949003814237,46.81339856296657,47.14332277877397,28.80387548395224,33.51341854280039,31.714409038540005,15.09600117718315],
        [5.985669833548252,27.987726384043153,17.606935195723892,20.271625300243684,34.464966512805546,17.195070782132806,40.6935684325969,38.11132968924298,9.207086902695742,0.0,18.307869105339556,15.865223584389389,18.897877678427673,7.1431403601271235,35.2552194081721,7.924837054360641,12.278465264914336,25.858878281341955,23.438602487097775,35.4587518695756,17.185215791408034,24.205715845535988,25.04990188157799,34.66162127107305,17.995688990565668,37.08521458347658,19.359675705982045,39.663496177740655,32.98646120098548,30.505570776842916,33.09985900052514,14.190679314488355,29.70495892635329,12.964647560403678,3.8107072470304435,38.0570519778974,38.9398353968204,27.046533406012294,29.378108765166527,22.878596684038857,5.985669833548252],
        [13.369627648370496,9.724981390126032,10.738753658616515,27.587406189126586,21.218000264393662,21.950610292787843,24.252341118707257,19.80347860397589,27.292687536395675,18.307869105339556,0.0,11.031139207662969,9.29292082759543,25.32660025324408,23.566996787562438,25.694885682281523,15.576848885867918,36.89376573191082,12.122388809930486,21.732988116319667,5.927150744968414,25.928402949384285,13.180438448250136,16.656445791191175,8.019787040947453,20.809119645598862,6.187540018426071,31.42211550172143,15.397163695370493,12.247882395866705,20.293802816209443,26.919704604200618,16.987214352525974,27.560760363936396,21.845840900057865,19.86172398819299,21.701983852445828,36.1216420033204,33.66533852149337,4.773567549493446,13.369627648370496],
        [14.447384011062391,17.392045356290243,1.8431578769391583,32.52983524431524,32.24863836775986,27.59457696901196,34.562210616529626,27.111796206375356,22.701525826868636,15.865223584389389,11.031139207662969,0.0,3.8625043337605622,21.217809930988867,34.55088721205327,20.785286338264456,6.115767106301799,40.29184466984657,7.841899614627855,19.772916903566028,15.478282376596415,33.263712602135136,23.96897042404265,22.289698888106088,3.9476043185789367,22.395379144073818,6.541486623626176,42.054312100783264,25.19308726135393,20.86077776733,31.31786882494885,18.227301409165563,13.993156847280614,28.373399608596735,18.037832286100162,26.044472059780837,24.998973824620528,40.58776960939891,40.3365957344472,12.879476246157791,14.447384011062391],
        [16.480745541494823,13.92095171437776,2.266508273721154,33.93316624913845,30.107317393836507,28.687797812457447,31.54445664120604,23.39873396902846,26.284241934813693,18.897877678427673,9.29292082759543,3.8625043337605622,0.0,24.706030519996066,32.68365913236096,24.394161050268934,9.976639478461186,42.25879825359547,4.592586480444428,16.574710708301925,14.689969024818126,33.795356580234426,22.464240519383168,18.47018636254027,1.4096902879160091,18.661176448898058,3.4427250900881115,40.71197957437121,22.053665116103005,17.471310868242362,29.304719670311194,22.071221028428692,10.855062755839494,30.920252499766,21.418062402637357,22.23477078560638,21.16269799662887,42.2252293849495,41.191159434726686,9.847427406400072,16.480745541494823],
        [13.00087717002122,34.936758576851226,23.053590349259057,22.79308471553176,41.27912229037846,21.344142282947473,47.79055988574535,45.10760497920528,2.102486556839992,7.1431403601271235,25.32660025324408,21.217809930988867,24.706030519996066,0.0,41.83877907344619,1.8417575144307876,16.19248810306361,25.6594334890368,29.048767300817268,40.97436112828619,24.298190595350402,28.35808305585777,31.918399672609684,41.45269863674364,24.023237123867037,43.283785311510535,25.73427580987058,45.50385193122436,40.1268211359103,37.56185555177396,39.88125075055184,11.810675926340677,35.19807700740896,12.472518546919597,3.487410904717971,44.930341199861445,45.41550437674247,27.817725929081213,32.09868752017429,29.79745388136494,13.00087717002122],
        [29.35647365944495,22.669618523225516,34.29449864279859,28.366348549328393,3.631270499182161,24.340207596779166,12.992399700428374,23.834995681101454,43.920000264709515,35.2552194081721,23.566996787562438,34.55088721205327,32.68365913236096,41.83877907344619,0.0,43.032230975282346,38.29824190398852,37.76712241395444,34.38852015374669,39.53031679447646,19.764258795346908,21.205344972616146,10.820485976028559,26.648078698952993,31.510211833599076,34.78948376772461,29.31223297988209,9.566389131512922,15.939036959384273,20.24372318791537,3.592094071417457,47.962955842314216,37.050314194440936,36.504566787489956,38.96828134324861,26.51446620403754,32.74244022382741,34.75766141499879,27.299903255353478,23.609311386452635,29.35647365944495],
        [13.904686555069036,35.19698916846488,22.628389637650393,24.604836618780325,42.3492243511847,23.024222302339815,48.58604010133456,45.39746652779977,1.9531037337432855,7.924837054360641,25.694885682281523,20.785286338264456,24.394161050268934,1.8417575144307876,43.032230975282346,0.0,15.44970793449985,27.462328254006433,28.625620928028034,40.45633176055603,25.075599301104052,30.061184932245222,32.94877455824598,41.561673673603806,23.806005998607187,43.04140350215801,25.659099766651245,46.950656645474886,40.7075733023195,37.941779094887046,40.97084117750974,10.041985143562547,34.69585644791242,14.305167879491888,4.116374419265099,45.098779855074916,45.31129465547151,29.652901065327008,33.91482353543978,30.04620402478029,13.904686555069036],
        [13.27224098035838,23.20699281872622,7.831734590745829,31.395142574384696,36.38701756505507,27.15400386539899,39.75626917785646,33.10531403259065,17.401657239798492,12.278465264914336,15.576848885867918,6.115767106301799,9.976639478461186,16.19248810306361,38.29824190398852,15.44970793449985,0.0,37.995182505399114,13.600833493526665,25.125905352240974,18.57055303476943,33.55782134698454,27.490877936357062,28.382094577857814,9.936832569679586,28.333265967108808,12.40971203980359,44.97738300193027,30.60430172330518,26.568973439669264,35.30785383519129,12.134629648634412,19.415135552550645,25.24310658012586,13.403629296639506,32.12710501535647,31.063577891838722,38.86931980890759,39.94799105617742,18.41392640766208,13.27224098035838],
        [25.871762831728702,45.31145119485723,41.73089883925596,10.047617282188918,39.48493497749941,15.608682400211652,49.152591147190456,53.54221522594559,26.41462258499659,25.858878281341955,36.89376573191082,40.29184466984657,42.25879825359547,25.6594334890368,37.76712241395444,27.462328254006433,37.995182505399114,0.0,46.744735090689076,58.15220869117074,31.85818099658562,16.568499395748127,33.23805149464449,52.43215325895265,40.9955303687836,57.68084228626897,41.204640502504326,35.55244503459838,45.73288187015364,46.10313864360711,38.065593764727865,37.46118024570242,52.78376160737033,13.323523805338708,26.253495652529747,54.79993570415841,58.19922561936516,3.9897503140928503,12.722511075359522,41.367396711891125,25.871762831728702],
        [21.03618195584232,13.354551217785561,5.999935116627512,38.242192186948074,31.491850670285576,32.88531071561618,31.465972055825016,21.574892237063644,30.54331842790552,23.438602487097775,12.122388809930486,7.841899614627855,4.592586480444428,29.048767300817268,34.38852015374669,28.625620928028034,13.600833493526665,46.744735090689076,0.0,12.021630097450137,17.969473003288986,37.66004127396668,24.798477730418604,16.164846276217826,5.757621284998314,14.756271575174067,6.068146955866874,42.943003381133884,21.935305757752246,16.92753542053182,30.876103806788183,25.312437929129317,6.27228180966736,35.510606674642574,25.82993360989595,19.911365613633638,17.701497262052637,46.60476207768182,45.20840377795749,10.783365946991818,21.03618195584232],
        [32.785963027444545,16.975795007046116,17.952525243516376,49.192894847233724,36.100178990477104,43.62336655413478,32.56272766324842,19.404901565912294,42.39264412448522,35.4587518695756,21.732988116319667,19.772916903566028,16.574710708301925,40.97436112828619,39.53031679447646,40.45633176055603,25.125905352240974,58.15220869117074,12.021630097450137,0.0,27.517275779689275,47.54444486439567,32.00883910545515,14.107158644367521,17.59419292025944,6.864316064263102,16.96645735964505,48.89846738475713,24.207119495719326,19.357380493417736,35.95641918556007,36.0381677088226,5.779797937617787,47.38145459062352,37.80944223242377,16.598377297188787,10.84586327792637,57.68881064452453,55.34798412780214,18.136375497368583,32.785963027444545],
        [11.332967868753288,13.495146612144618,15.694403045945304,22.227969038997063,18.12313364171291,16.5166708784538,23.511237034750657,22.557485336845357,26.38153040053694,17.185215791408034,5.927150744968414,15.478282376596415,14.689969024818126,24.298190595350402,19.764258795346908,25.075599301104052,18.57055303476943,31.85818099658562,17.969473003288986,27.517275779689275,0.0,20.045417760123,8.943777409168913,20.657076428879893,13.311304760531115,25.998657656171538,11.933038385233193,26.633835012290813,16.14913549335856,14.800631022607988,16.928776064531384,28.476964331644318,22.901644104382584,23.86815423989623,20.983849694658172,23.320329778158996,26.341195908485133,30.76110035092963,27.83070914468774,9.671398931111344,11.332967868753288],
        [20.417152139613552,32.294503795159066,34.13633484456511,7.7897567127243725,23.070795886030062,7.072092691612346,32.928890263360145,39.01576922643281,30.087500634994054,24.205715845535988,25.928402949384285,33.263712602135136,33.795356580234426,28.35808305585777,21.205344972616146,30.061184932245222,33.55782134698454,16.568499395748127,37.66004127396668,47.54444486439567,20.045417760123,0.0,18.081411121266807,39.008736689678884,32.38960388489992,45.511666431406915,31.605429959137172,19.806875010570398,30.742450528750833,32.18641225557111,21.692655675037287,38.3633936068181,42.91061267515253,18.496417122872852,26.825139080397424,40.7434391832541,45.19150915657107,13.6362089862588,7.8958815584721425,29.50574838658261,20.417152139613552],
        [19.068901114926668,15.339715921404641,23.878632473603126,23.197891039975676,9.432257280114698,17.913441317371568,16.794951199651795,20.942851157212274,34.02013690854384,25.04990188157799,13.180438448250136,23.96897042404265,22.464240519383168,31.918399672609684,10.820485976028559,32.94877455824598,27.490877936357062,33.23805149464449,24.798477730418604,32.00883910545515,8.943777409168913,18.081411121266807,0.0,21.39886931301135,21.199849658293353,28.646592020380602,19.232224983284016,18.250993053317877,12.680631612842634,14.436577608321603,8.119955037048571,37.25963368633919,28.483195962117595,28.608286037318884,28.837745906133986,22.776991461901076,27.710603457150807,31.11868332216667,25.785168236094925,14.37155354863431,19.068901114926668],
        [30.017874208011303,7.1706514548503195,20.714400998189866,42.61925818681695,23.058838792359563,36.908369740721824,18.46909487400593,5.689235361802554,43.30430543081743,34.66162127107305,16.656445791191175,22.289698888106088,18.47018636254027,41.45269863674364,26.648078698952993,41.561673673603806,28.382094577857814,52.43215325895265,16.164846276217826,14.107158644367521,20.657076428879893,39.008736689678884,21.39886931301135,0.0,18.464205787667726,8.248049727372502,16.150364418418377,36.20575659946963,10.739437625982204,6.973863163495118,23.209684241103396,40.513119700183346,14.307340496534364,44.110482297040186,37.97499139475175,3.7770358439078056,6.332828913434638,51.06922700918021,46.8741940640945,11.896750359497707,30.017874208011303],
        [15.285523411870576,13.44858859844139,2.887593397374028,32.590710169457694,29.003763824000607,27.31727078789009,30.78286780055449,23.188951589672968,25.668566930560754,17.995688990565668,8.019787040947453,3.9476043185789367,1.4096902879160091,24.023237123867037,31.510211833599076,23.806005998607187,9.936832569679586,40.9955303687836,5.757621284998314,17.59419292025944,13.311304760531115,32.38960388489992,21.199849658293353,18.464205787667726,0.0,19.260837884356196,2.618999611233813,39.436551228174075,21.351373612346254,16.933483588101282,28.16479300527599,22.07029467097784,11.943183427713066,29.806899318158745,20.677571629120028,22.1983634460663,21.55280931721739,40.90783640489036,39.797276725133536,9.05197277248172,15.285523411870576],
        [33.42194048726664,13.352931121394079,20.5755942662717,48.21218558221272,31.22732815142248,42.51034803032834,26.50216714586149,12.94283400525449,44.91808714197559,37.08521458347658,20.809119645598862,22.395379144073818,18.661176448898058,43.283785311510535,34.78948376772461,43.04140350215801,28.333265967108808,57.68084228626897,14.756271575174067,6.864316064263102,25.998657656171538,45.511666431406915,28.646592020380602,8.248049727372502,19.260837884356196,0.0,17.734126576473066,44.3233144126306,18.95048518220314,14.68300088546936,31.302682519208812,40.03154539669566,9.94190556188533,48.02388660680465,39.925174586895984,10.007122450958642,3.99554017226614,56.75150186778878,53.40557695267289,16.34840350440102,33.42194048726664],
        [15.923096420922862,10.855566910589886,5.455975210091332,32.42717148365481,26.68864123403197,26.97948365884276,28.188878030668075,20.701308722910323,27.473703185486055,19.359675705982045,6.187540018426071,6.541486623626176,3.4427250900881115,25.73427580987058,29.31223297988209,25.659099766651245,12.40971203980359,41.204640502504326,6.068146955866874,16.96645735964505,11.933038385233193,31.605429959137172,19.232224983284016,16.150364418418377,2.618999611233813,17.734126576473066,0.0,37.478530537762076,18.74050696643541,14.321230536510402,25.907838946812852,24.514662795208967,11.625744693696221,30.57383304238964,22.315646334559148,19.841972711872046,19.68123045504317,40.86253753109813,39.188427728270106,6.458253157409727,15.923096420922862],
        [34.18499701002199,31.947863908051094,42.075922503342845,27.596542452034953,13.186563707365933,25.28705009646952,21.46942563342425,33.32789913845496,47.485215627341326,39.663496177740655,31.42211550172143,42.054312100783264,40.71197957437121,45.50385193122436,9.566389131512922,46.950656645474886,44.97738300193027,35.55244503459838,42.943003381133884,48.89846738475713,26.633835012290813,19.806875010570398,18.250993053317877,36.20575659946963,39.436551228174075,44.3233144126306,37.478530537762076,0.0,25.505092053591333,29.717784512838808,13.022601250192345,53.33257083100887,46.11677693818294,37.738259365025414,43.101502816794,36.05087138508893,42.3085596619609,31.9620847854414,23.419870259085638,32.28941344410129,34.18499701002199],
        [27.35002060290691,8.599215153342977,24.189284065106175,35.68875812790912,12.332378143034632,30.207909342529234,9.549851283175494,8.469538446049794,42.170409758469496,32.98646120098548,15.397163695370493,25.19308726135393,22.053665116103005,40.1268211359103,15.939036959384273,40.7075733023195,30.60430172330518,45.73288187015364,21.935305757752246,24.207119495719326,16.14913549335856,30.742450528750833,12.680631612842634,10.739437625982204,21.351373612346254,18.95048518220314,18.74050696643541,25.505092053591333,0.0,5.155387355467006,12.569647973224386,42.26947210100021,22.771676447767668,39.67627180741653,36.70854356793798,10.784917436553355,16.809071367710626,43.75764714727464,38.36675069287423,12.314237221624316,27.35002060290691],
        [25.26266406620693,3.602615395573498,19.68122909358081,36.172812733724264,16.76107973186111,30.503642105216443,14.568515141101235,7.778981040972055,39.53749402984404,30.505570776842916,12.247882395866705,20.86077776733,17.471310868242362,37.56185555177396,20.24372318791537,37.941779094887046,26.568973439669264,46.10313864360711,16.92753542053182,19.357380493417736,14.800631022607988,32.18641225557111,14.436577608321603,6.973863163495118,16.933483588101282,14.68300088546936,14.321230536510402,29.717784512838808,5.155387355467006,0.0,16.703562694568294,38.50824845395786,17.632090552957,38.65397679555256,34.08536332071436,8.69997079635823,13.303238252956161,44.534523799372835,40.02276127214193,8.200936994945152,25.26266406620693],
        [27.132805734906167,19.079456141887597,30.97953754672399,28.333406381169933,1.4885894782874511,23.789204624406374,11.303862801819454,20.696323167917505,41.978545209675524,33.09985900052514,20.293802816209443,31.31786882494885,29.304719670311194,39.88125075055184,3.592094071417457,40.97084117750974,35.30785383519129,38.065593764727865,30.876103806788183,35.95641918556007,16.928776064531384,21.692655675037287,8.119955037048571,23.209684241103396,28.16479300527599,31.302682519208812,25.907838946812852,13.022601250192345,12.569647973224386,16.703562694568294,0.0,45.35488020381454,33.46148190035452,35.52711472620433,36.869800725495736,23.27327279126046,29.369450638957602,35.32647236694174,28.441280956222034,20.092737916922353,27.132805734906167],
        [19.162000965701314,35.23378444015888,19.86756399487162,33.82776141891383,46.58778160913332,31.318551680883196,51.12386362802756,45.21537866007896,11.404879259040852,14.190679314488355,26.919704604200618,18.227301409165563,22.071221028428692,11.810675926340677,47.962955842314216,10.041985143562547,12.134629648634412,37.46118024570242,25.312437929129317,36.0381677088226,28.476964331644318,38.3633936068181,37.25963368633919,40.513119700183346,22.07029467097784,40.03154539669566,24.514662795208967,53.33257083100887,42.26947210100021,38.50824845395786,45.35488020381454,0.0,30.58985881659585,24.211837925658095,11.799074527039057,44.2610054103806,42.98229177251265,39.5049207344262,43.1100055590619,30.309443933969483,19.162000965701314],
        [27.213335393440374,14.525414016402873,12.173370292899305,44.048412724796236,33.8270149405572,38.57118223024098,31.899263697381702,19.994568375216677,36.62902714448511,29.70495892635329,16.987214352525974,13.993156847280614,10.855062755839494,35.19807700740896,37.050314194440936,34.69585644791242,19.415135552550645,52.78376160737033,6.27228180966736,5.779797937617787,22.901644104382584,42.91061267515253,28.483195962117595,14.307340496534364,11.943183427713066,9.94190556188533,11.625744693696221,46.11677693818294,22.771676447767668,17.632090552957,33.46148190035452,30.58985881659585,0.0,41.74759803039681,32.029726055804716,17.657544147052967,13.58972319704682,52.48818984943028,50.612167860903426,14.141633989561056,27.213335393440374],
        [14.653063199136087,36.988799385564874,29.99317826752547,11.444883790637357,37.01422480731791,12.4952725823566,45.40272562267035,46.42205862746486,13.495426747537804,12.964647560403678,27.560760363936396,28.373399608596735,30.920252499766,12.472518546919597,36.504566787489956,14.305167879491888,25.24310658012586,13.323523805338708,35.510606674642574,47.38145459062352,23.86815423989623,18.496417122872852,28.608286037318884,44.110482297040186,29.806899318158745,48.02388660680465,30.57383304238964,37.738259365025414,39.67627180741653,38.65397679555256,35.52711472620433,24.211837925658095,41.74759803039681,0.0,12.944596167337622,47.05262644762792,49.24217076638194,15.3493974560672,20.395806838287935,32.32163542780755,14.653063199136087],
        [9.788326850994121,31.449450021383946,19.857849673920565,22.028688404024926,38.243510630515956,19.753073947881028,44.4947190635531,41.62183393655938,5.466949003814237,3.8107072470304435,21.845840900057865,18.037832286100162,21.418062402637357,3.487410904717971,38.96828134324861,4.116374419265099,13.403629296639506,26.253495652529747,25.82993360989595,37.80944223242377,20.983849694658172,26.825139080397424,28.837745906133986,37.97499139475175,20.677571629120028,39.925174586895984,22.315646334559148,43.101502816794,36.70854356793798,34.08536332071436,36.869800725495736,11.799074527039057,32.029726055804716,12.944596167337622,0.0,41.44555447353518,41.99272474249586,27.962271361901493,31.31428002920123,26.31006770853833,9.788326850994121],
        [33.21555385316694,10.148089449847225,24.482945971553896,44.87255705412955,22.88319631691569,39.20283374187788,16.751879143088264,3.0082915773931407,46.81339856296657,38.0570519778974,19.86172398819299,26.044472059780837,22.23477078560638,44.930341199861445,26.51446620403754,45.098779855074916,32.12710501535647,54.79993570415841,19.911365613633638,16.598377297188787,23.320329778158996,40.7434391832541,22.776991461901076,3.7770358439078056,22.1983634460663,10.007122450958642,19.841972711872046,36.05087138508893,10.784917436553355,8.69997079635823,23.27327279126046,44.2610054103806,17.657544147052967,47.05262644762792,41.44555447353518,0.0,6.699708069088663,53.22483221414008,48.53178987620356,15.183100838683977,33.21555385316694],
        [34.816226594445524,12.979728283659925,23.2336915375109,48.50502240898911,29.125327510119934,42.78375067220228,23.451242867618703,9.707410839072008,47.14332277877397,38.9398353968204,21.701983852445828,24.998973824620528,21.16269799662887,45.41550437674247,32.74244022382741,45.31129465547151,31.063577891838722,58.19922561936516,17.701497262052637,10.84586327792637,26.341195908485133,45.19150915657107,27.710603457150807,6.332828913434638,21.55280931721739,3.99554017226614,19.68123045504317,42.3085596619609,16.809071367710626,13.303238252956161,29.369450638957602,42.98229177251265,13.58972319704682,49.24217076638194,41.99272474249586,6.699708069088663,0.0,57.003481823377484,53.07378161732791,16.985839745568825,34.816226594445524],
        [26.167485745864017,44.03648452927362,41.908669920172784,8.541976286934538,36.70699819146552,14.244572206531512,46.54140728083294,51.78437071615529,28.80387548395224,27.046533406012294,36.1216420033204,40.58776960939891,42.2252293849495,27.817725929081213,34.75766141499879,29.652901065327008,38.86931980890759,3.9897503140928503,46.60476207768182,57.68881064452453,30.76110035092963,13.6362089862588,31.11868332216667,51.06922700918021,40.90783640489036,56.75150186778878,40.86253753109813,31.9620847854414,43.75764714727464,44.534523799372835,35.32647236694174,39.5049207344262,52.48818984943028,15.3493974560672,27.962271361901493,53.22483221414008,57.003481823377484,0.0,8.8260834271349,40.40487845651926,26.167485745864017],
        [26.678638306451276,40.18834817222595,41.352458790374854,9.315889217715066,29.70874544205577,12.82554943951918,39.741439271984106,46.71951770231071,33.51341854280039,29.378108765166527,33.66533852149337,40.3365957344472,41.191159434726686,32.09868752017429,27.299903255353478,33.91482353543978,39.94799105617742,12.722511075359522,45.20840377795749,55.34798412780214,27.83070914468774,7.8958815584721425,25.785168236094925,46.8741940640945,39.797276725133536,53.40557695267289,39.188427728270106,23.419870259085638,38.36675069287423,40.02276127214193,28.441280956222034,43.1100055590619,50.612167860903426,20.395806838287935,31.31428002920123,48.53178987620356,53.07378161732791,8.8260834271349,0.0,37.360409512863306,26.678638306451276],
        [18.1213601500207,5.151121488489217,11.913494887664765,31.86464988763219,20.72402644612303,26.16664078648692,21.732337830355483,15.357867610857426,31.714409038540005,22.878596684038857,4.773567549493446,12.879476246157791,9.847427406400072,29.79745388136494,23.609311386452635,30.04620402478029,18.41392640766208,41.367396711891125,10.783365946991818,18.136375497368583,9.671398931111344,29.50574838658261,14.37155354863431,11.896750359497707,9.05197277248172,16.34840350440102,6.458253157409727,32.28941344410129,12.314237221624316,8.200936994945152,20.092737916922353,30.309443933969483,14.141633989561056,32.32163542780755,26.31006770853833,15.183100838683977,16.985839745568825,40.40487845651926,37.360409512863306,0.0,18.1213601500207],
        [0.0,23.067907132082404,15.859147834866718,18.291233567258942,28.489788978050644,13.883127939507945,34.79436834729187,32.98937398134078,15.09600117718315,5.985669833548252,13.369627648370496,14.447384011062391,16.480745541494823,13.00087717002122,29.35647365944495,13.904686555069036,13.27224098035838,25.871762831728702,21.03618195584232,32.785963027444545,11.332967868753288,20.417152139613552,19.068901114926668,30.017874208011303,15.285523411870576,33.42194048726664,15.923096420922862,34.18499701002199,27.35002060290691,25.26266406620693,27.132805734906167,19.162000965701314,27.213335393440374,14.653063199136087,9.788326850994121,33.21555385316694,34.816226594445524,26.167485745864017,26.678638306451276,18.1213601500207,0.0]
    ],
    "end_depot": 40,
    "start_depot": 0,
    "truck_dist": [
        [0.0,25.27549902234715,22.33679973641077,23.863865164573077,39.868771668321806,15.915585737303758,45.433491410281476,33.43937750048204,20.0535912109087,8.2790846147793,15.126885649614785,20.141891214574343,23.28411748336334,17.189917011812746,41.505505728616285,19.085210117850515,15.4326549220512,36.43389385215977,29.663981952685734,45.67626672785378,14.280453748733848,20.438835914481906,26.602553289950936,34.61605030960924,21.52617888142601,43.90126799366136,21.79218751145125,46.975192667272694,32.17475687459097,25.699652177329323,38.08249722502967,25.990096216012425,38.20222996493229,19.919001658692416,13.438341988202154,36.49576144153058,43.457602637421694,35.90185168218764,31.55938529328918,20.94479855289923,0.0],
        [25.27549902234715,0.0,22.648365746483094,49.13936418692023,19.460243422897346,41.191084759650906,24.808122854057217,11.907777982986861,40.678959767132966,28.904453171003563,10.148613372732367,24.054366635321916,19.58622456815679,37.815285568037005,24.3278252139239,39.710578674074775,31.308903707956464,61.709392874506925,18.36924859723561,20.400767705506627,17.999444998450524,45.67094433362038,20.853945232442108,9.340551287262091,18.645955836618796,18.625768971314205,14.95169578404564,36.701754534238795,11.54938831836671,5.074283621105062,20.57425459114369,46.61546477223669,15.964802906200813,45.194500681039564,34.063710544426414,11.22026241918343,18.182103615074542,61.17735070453479,56.83488431563633,5.8577417681453205,25.27549902234715],
        [22.33679973641077,22.648365746483094,0.0,46.20066490098385,41.89176885858063,38.252385473714526,47.45648860054031,34.55614372946995,29.66018574486311,24.101238642642382,13.366330803250381,2.194908521836428,3.0621411783263035,28.860017309583437,43.52850291887512,27.073398848319183,8.66053796147337,58.77069358857054,7.327182216274963,23.339466991443008,16.30345093899268,42.732245047684,28.625550480209768,26.596857385567635,4.002409909864298,21.564468257250585,7.696669962437454,48.99818985753153,34.1977540648498,27.722649367588154,40.105494415288504,23.967099025753594,15.865430228521522,42.25580139510319,25.65849353504844,31.596725943125893,25.169833724859206,58.23865141859841,53.89618502969995,16.790623978337774,22.33679973641077],
        [23.863865164573077,49.13936418692023,46.20066490098385,0.0,29.886067113387004,7.948279427269318,42.76079601711979,57.30324266505511,30.036295765843505,22.099426258341467,38.99075081418786,44.00575637914742,47.147982647936416,27.17262156674755,31.52280117368148,29.06791467278532,39.29652008662428,12.570028687586692,53.527847117258816,69.54013189242686,31.139919188469705,10.4561313595471,28.285418954478118,58.47991547418232,45.39004404599909,67.76513315823443,45.65605267602433,36.992488112337895,45.33086947397371,48.68184794739283,28.565109595776537,35.97280077094723,62.06609512950537,15.697413222641442,23.42104654313696,60.35962660610366,67.32146780199477,12.037986517614566,10.693481836240473,44.80866371747231,23.863865164573077],
        [39.868771668321806,19.460243422897346,41.89176885858063,29.886067113387004,0.0,28.371962832474118,13.08167525309691,27.624121901032236,59.922362879230505,48.147856283101106,28.525438055330255,43.29776974741946,38.82962768025433,57.05868868013455,4.867581791026554,58.95398178617232,50.55230682005401,42.24914945160957,37.61265170933315,39.86101112840397,25.588317919587958,26.21070091072303,13.266218378370871,28.800794710159437,37.889358948716335,38.08601239421155,34.19509889614318,17.241511111341445,15.651748709950835,19.002727183369956,1.786274443292136,65.85886788433423,35.208206018298355,45.583480336028444,53.30711365652396,30.680505842080777,37.64234703797189,41.717107281637446,37.37464089273898,25.101144880242863,39.868771668321806],
        [15.915585737303758,41.191084759650906,38.252385473714526,7.948279427269318,28.371962832474118,0.0,34.812516589850475,49.354963237785796,31.550400046756387,19.775893450626988,31.042471386918542,36.0574769518781,39.1997032206671,28.686725847660433,30.008696892768597,30.582018953698203,31.348240659354957,20.518308114856012,45.57956768998949,61.59185246515754,23.191639761200385,8.942027078634217,20.3371395272088,50.531636046913,37.44176461872976,59.816853730965114,37.707773248755004,35.478383831425006,37.382590046704394,40.73356852012351,26.585688389181982,37.48690505186011,54.11781570223605,17.211517503554326,24.935150824049842,52.41134717883434,59.37318837472545,19.986265944883886,15.64379955598542,36.86038429020299,15.915585737303758],
        [45.433491410281476,24.808122854057217,47.45648860054031,42.76079601711979,13.08167525309691,34.812516589850475,0.0,14.542446647935325,65.48708262119018,53.712576025060784,34.09015779728993,48.86248948937913,44.39434742221401,62.62340842209423,17.949257044123463,64.518701528132,56.11702656201368,55.33082470470648,43.17737145129283,37.46371091895809,31.153037661547632,39.29237616381994,18.830938120330543,20.859631214972676,43.45407869067601,27.919757359042986,39.75981863810286,30.323186364438357,13.258734535690508,19.733839232952157,14.195686421343252,71.42358762629391,40.77292576025803,51.14820007798812,58.87183339848363,17.59883058898387,24.56067178487498,54.79878253473436,50.45631614583589,30.665864622202538,45.433491410281476],
        [33.43937750048204,11.907777982986861,34.55614372946995,57.30324266505511,27.624121901032236,49.354963237785796,14.542446647935325,0.0,52.58673775011982,40.812231153990425,21.189812926219574,35.96214461830878,31.49400255114365,49.72306355102387,32.491703692058785,51.61835665706164,43.216681690943325,69.87327135264181,30.277026580222472,24.56336604788774,26.16332347658541,53.83482281175526,29.017823710576995,7.9592863439023205,30.553733819605657,15.01941248797263,26.8594737670325,44.86563301237368,11.972373191081399,8.621394717662277,28.73813306927858,58.52324275522355,27.872580889187674,53.35837915917445,45.97148852741327,3.0563839410485434,10.018225136939657,69.34122918266968,64.99876279377122,17.76551975113218,33.43937750048204],
        [20.0535912109087,40.678959767132966,29.66018574486311,30.036295765843505,59.922362879230505,31.550400046756387,65.48708262119018,52.58673775011982,0.0,11.774506596129399,31.39692482390025,27.465277223026682,30.607503491815677,2.8636741990959536,61.559096939524984,2.586786896543927,22.756040930503538,29.11050784370743,36.98736796113808,52.99965273630612,34.33404495964255,40.492427125390606,46.65614450085964,44.6274514062175,28.849564889878348,51.224654002113695,29.115573519903588,67.0287838781814,52.22834808549967,45.75324338823802,58.13608843593837,14.99668130457465,45.52561597338463,14.338882543202061,6.615249222706545,49.62731996377576,50.78098864587403,29.02753495433573,40.72977760208398,34.82121799898764,20.0535912109087],
        [8.2790846147793,28.904453171003563,24.101238642642382,22.099426258341467,48.147856283101106,19.775893450626988,53.712576025060784,40.812231153990425,11.774506596129399,0.0,19.62241822777085,21.906330120805954,25.04855638959495,8.910832397033445,49.784590343395585,10.806125503071215,17.19709382828281,34.66945494592816,31.428420858917345,47.44070563408539,22.55953836351315,28.717920529261207,34.88163790473024,36.38048921584085,23.29061778765762,45.66570689989297,23.55662641768286,55.254277282051994,40.45384148937028,33.97873679210862,46.36158183980897,17.711011601233125,39.966668871163904,18.154562752460805,5.159257373422854,38.26020034776219,45.222041543653305,34.13741277595604,29.794946387057568,23.046711402858243,8.2790846147793],
        [15.126885649614785,10.148613372732367,13.366330803250381,38.99075081418786,28.525438055330255,31.042471386918542,34.09015779728993,21.189812926219574,31.39692482390025,19.62241822777085,0.0,14.772331692089203,10.304189624924078,28.533250624804296,30.162172115624735,30.428543730842065,22.02686876472375,51.560779501774554,14.53709630307095,30.549381078238994,7.850831625718158,35.52233096088801,15.259219676959386,19.489164659994458,9.363920893386084,28.774382344046572,6.665301861836465,35.63185905428115,20.831423261599422,14.356318564337775,26.73916361203812,37.333429829003975,23.07534431531751,35.0458873083072,24.781675601193704,21.368875791915798,28.33071698780691,51.02873733180243,46.68627094290396,5.817912903284444,15.126885649614785],
        [20.141891214574343,24.054366635321916,2.194908521836428,44.00575637914742,43.29776974741946,36.0574769518781,48.86248948937913,35.96214461830878,27.465277223026682,21.906330120805954,14.772331692089203,0.0,4.468142067165125,26.66510878774701,44.93450380771394,24.878490326482755,7.254537072634548,56.57578506673411,9.522090738111391,25.534375513279436,17.7094518278315,40.53733652584757,30.03155136904859,28.002858274406456,5.40841079870312,23.759376779087013,9.102670851276276,50.40419074637035,35.60375495368862,29.128650256426976,41.51149530412732,22.561098136914772,18.06033875035795,40.06089287326676,23.46358501321201,33.002726831964715,26.575834613698028,56.043742896761984,51.701276507863525,18.196624867176595,20.141891214574343],
