{
    "drone_dist": [
        [0.0,49.49100009972458,20.656701772343766,35.56269111108389,56.30531494110092,10.693546901130272,34.78852662356685,62.28561395932653,27.435431910939904,39.20156396856834,38.83524521834053,26.935615876010566,40.68636745687999,51.64195777320165,40.84608587687858,17.85516643156056,48.27574189476038,28.932796568453522,42.175564216123796,28.539373440511195,33.802077909311,49.069332203057506,45.716413187060404,48.965056394019385,65.01120628922705,46.30661869623761,33.97993183013643,39.69233900325493,47.28767107207453,40.23852883616678,28.683192995806902,39.95083396914736,32.10760888804253,43.48556376153734,32.933253109769495,42.43230944498601,18.370584596479475,41.92036303555424,12.745048611901831,9.862208883313649,0.0],
        [49.49100009972458,0.0,33.291236352182935,20.01729580202981,6.9322407334045755,41.24739401393326,38.41491703003987,12.81743195505987,32.61939739518707,22.16083208054839,14.244039380252962,28.7297025285374,31.84501939073859,26.048456938512818,12.67409186289172,32.56087523889175,32.09550271381879,26.054350985013087,34.17205653877679,25.948617425630296,29.50598384572118,17.617845761119366,32.49524098971823,32.32666560923493,18.31094950511071,26.853642123931042,20.972412981646826,23.67973953268405,5.3938059384540065,13.194145552267166,28.992661616741678,30.114279980696693,31.16296256699229,24.766308254945884,24.396519831068332,13.24196929913557,39.02536616668131,38.51308680809981,36.75486023038109,39.754779700168875,49.49100009972458],
        [20.656701772343766,33.291236352182935,0.0,27.294709878983117,40.182252809377765,18.936275029725536,37.5131640869966,45.81978979227611,7.530392256564635,18.674181170834444,27.436996332537046,6.330382039736939,38.83705695031716,44.991582889781995,28.999937508112893,14.981772043095507,45.003319566511124,8.631307478849186,41.18965959928201,23.295030607007597,31.551492727504318,39.39504841422773,43.190824860935436,28.668294894598088,50.94563200634768,25.6767702057459,14.153748791643663,33.77681679900631,32.89823603185896,28.558633180996374,26.065370725032743,19.638074342955885,11.961071593080492,37.74102471538005,12.447987593496306,31.154808482257813,24.130720822581644,43.10246397601317,11.944021290021006,12.086119758596261,20.656701772343766],
        [35.56269111108389,20.01729580202981,27.294709878983117,0.0,25.177319734879944,25.433775604246282,18.75961048562197,30.88763058775253,31.264888925499644,29.09388809255238,5.782278722630316,26.58639533261626,14.25694141477172,17.736631401241077,7.449110110359047,17.834788984151146,18.45074673396014,25.00606741229304,16.872424176150968,7.329539266550109,9.71694921364451,13.52105851453122,17.2591803042544,42.66153766254101,30.596437475901695,37.20985604203476,23.57676885388605,6.889659406825295,15.360594704781358,6.871811598555879,9.339309014972397,36.352991030510694,32.73674107301004,10.605102431685507,26.52972190989315,7.877616654148256,20.740715362223323,20.505726508635647,23.758292527270477,27.244854575318204,35.56269111108389],
        [56.30531494110092,6.9322407334045755,40.182252809377765,25.177319734879944,0.0,47.822433194997714,42.703783343144416,6.0116303571324785,39.207402752757616,27.896515535209037,19.63383121168272,35.470900442593305,35.20895155121705,26.838284465219306,17.756038472833858,39.167274655414495,33.9812270720116,32.7729570418713,37.287883855034806,31.74149383223658,34.1222884686409,18.971651748922298,34.91631453222823,36.41700917596887,12.456730268366607,31.26345234553304,27.52170952599813,27.476928989457356,9.868209683175673,18.362551343418563,34.45724684298186,35.53450475255338,37.4290186096556,27.627716581753663,30.84095912448897,17.568521810459917,45.104748021496306,41.76374822620494,43.56080691196699,46.609919637598544,56.30531494110092],
        [10.693546901130272,41.24739401393326,18.936275029725536,25.433775604246282,47.822433194997714,0.0,24.629067164634005,53.83318777709388,26.465998403978602,35.31342045552001,29.297334382188673,24.1696110430142,30.03624804975324,41.014701487721695,31.34146324272387,8.693453021954685,37.59935504409943,25.31298876451587,31.601548377055135,18.211835264430494,23.10857438772242,38.82986100600922,35.06077547810817,47.1088690323516,55.561076762320845,43.406635848321756,29.23794556653647,29.116856716870885,38.35582140916149,30.713662182348862,18.03886988029581,38.200819645531546,30.788303977137623,32.85541656928293,29.29762577676693,32.70926052220713,8.096419938577577,31.6232061923773,7.052209438629321,7.6806583965765345,10.693546901130272],
        [34.78852662356685,38.41491703003987,37.5131640869966,18.75961048562197,42.703783343144416,24.629067164634005,0.0,47.910149591925325,43.814737999729864,45.879761013304616,24.42871978424773,39.66415953162171,9.196551742108614,22.805425248935396,25.768128486237213,22.81957892419785,16.10678298814025,39.093206436092984,9.033925130212854,16.04997299468164,9.043514246645811,25.745305536463476,13.325884479528058,59.55254902645477,44.868244232611175,54.412225507975975,39.67447357842384,15.298560347544367,33.34606780856734,25.288398681644427,12.344957368642255,52.100615875306104,46.71813454339938,16.415984942772745,41.84920285695596,25.306365627095417,16.546638152211006,7.217112804243408,28.079896316980783,30.86293369633831,34.78852662356685],
        [62.28561395932653,12.81743195505987,45.81978979227611,30.88763058775253,6.0116303571324785,53.83318777709388,47.910149591925325,0.0,44.392544165649284,32.362319672205935,25.46636670988853,40.86872483400943,40.01085439303858,30.29805901683165,23.534347540987667,45.178903650918656,37.9469887911173,38.153085478163234,41.92665802448285,37.61042529264617,39.54499534114976,23.152192291831692,39.19056217214788,39.30399967574584,10.391179343120033,34.540717318101926,32.743099148360834,32.61299197350216,15.740234753995528,24.154148932129655,40.21194676665739,39.59387303282495,42.26934151913178,32.297465030164844,35.921878230298866,23.129104757879322,51.02820007305719,46.42634587529173,49.54329302337251,52.567393696891884,62.28561395932653],
        [27.435431910939904,32.61939739518707,7.530392256564635,31.264888925499644,39.207402752757616,26.465998403978602,43.814737999729864,44.392544165649284,0.0,13.709856109426509,30.06315838589213,4.697315782355039,44.06428074412671,48.47471041155859,31.262708023114254,21.939609861927504,49.58814961534634,6.859469198567061,46.54239734693783,28.663852424798264,37.0517984503108,41.950379656842564,48.05787968515014,21.530296805239384,50.864744136292195,19.203977824474116,11.685909136200863,38.0762136609678,33.45371469476026,30.94303868217094,31.86170736235656,12.520141669532086,4.673381553199696,41.86904862602838,8.516968065704038,33.514518324016905,31.39106196472642,48.9015834769931,19.460800869675744,19.510016783606677,27.435431910939904],
        [39.20156396856834,22.16083208054839,18.674181170834444,29.09388809255238,27.896515535209037,35.31342045552001,45.879761013304616,32.362319672205935,13.709856109426509,0.0,25.488854413737183,12.345122313332865,43.30731642174281,43.70813596975138,25.829562890965033,28.166172631506694,47.022659189421304,10.298373185608282,45.924086578416514,29.844088641663518,37.51715294829241,35.89329164683473,46.209577151300145,13.69471860892437,40.21730323060556,8.63102135188906,6.442467439937384,35.7565575796587,24.788067360701483,25.781145326032924,33.60132343093039,8.11676359764707,10.313641685154108,38.85384830930509,6.268659537514293,27.94555168786746,37.71423927279633,49.2768690450036,28.523738924659458,29.94563485278649,39.20156396856834],
        [38.83524521834053,14.244039380252962,27.436996332537046,5.782278722630316,19.63383121168272,29.297334382188673,24.42871978424773,25.46636670988853,30.06315838589213,25.488854413737183,0.0,25.394868506677998,18.985331806942884,18.62968509464616,2.046315958073919,21.01195176781727,21.5986816263714,23.362135864522887,21.53436574193944,12.15175633101625,15.413728030572404,11.991872432872118,21.035137982611502,38.695587566262574,26.27134130062729,33.117534569534335,20.723338130387297,10.807859980213832,9.765950445842806,1.4163454336341603,14.856816008070142,33.216025022546624,30.724876273180982,13.432477652091332,24.033647537314764,3.7856808431015456,25.63345037535322,25.525730129681886,26.40782945377406,29.80520903620918,38.83524521834053],
        [26.935615876010566,28.7297025285374,6.330382039736939,26.58639533261626,35.470900442593305,24.1696110430142,39.66415953162171,40.86872483400943,4.697315782355039,12.345122313332865,25.394868506677998,0.0,39.53261896445158,43.779391463299945,26.632668837354196,18.494490600265046,44.93982159371332,2.71951913636174,42.03470970448568,24.236189940148325,32.61382286108095,37.309842132984436,43.44968707154238,22.94241412854658,46.83505038092457,19.537648201482423,8.318917505504334,33.41280605975546,29.167948550458256,26.298761916732442,27.55249227046144,14.051475013128547,7.157648306544327,37.188086101695205,6.144253371340169,28.87946026708673,28.163134660073002,44.51979656304986,17.137271604812238,17.987259335825613,26.935615876010566],
        [40.68636745687999,31.84501939073859,38.83705695031716,14.25694141477172,35.20895155121705,30.03624804975324,9.196551742108614,40.01085439303858,44.06428074412671,43.30731642174281,18.985331806942884,39.53261896445158,0.0,13.617136988085948,19.7554895794164,25.635639612769957,7.6861144318610215,38.35792650254778,2.617392720703493,15.547378928266001,7.425657337110723,17.157539225421075,5.032561923116032,56.90880843601295,36.09292679418646,51.46660628225451,37.61408760779015,8.26992048672671,26.514476649083154,19.429125835028806,13.096325577442059,50.39062213527892,46.16595746073599,7.751737432357275,40.365793615278605,18.65710634344194,22.50417300125334,6.669285785260992,31.637026802906263,34.87887692521449,40.68636745687999],
        [51.64195777320165,26.048456938512818,44.991582889781995,17.736631401241077,26.838284465219306,41.014701487721695,22.805425248935396,30.29805901683165,48.47471041155859,43.70813596975138,18.62968509464616,43.779391463299945,13.617136988085948,0.0,17.923902811839373,34.68741423869567,8.169830661321841,41.89097483075588,14.246456510666164,23.478785714007053,18.33740245924327,8.44557426710961,10.274686664066007,56.36418344122589,24.09898580178054,50.72285207771354,39.31549371473148,12.016653289274478,20.939395736290503,18.04932947330347,22.976082597751684,51.62825361445627,49.34409881673956,8.159294407381465,42.658794265822884,15.765451503473734,34.38685095894393,18.328782548207634,40.81740251454464,44.2840072240119,51.64195777320165],
        [40.84608587687858,12.67409186289172,28.999937508112893,7.449110110359047,17.756038472833858,31.34146324272387,25.768128486237213,23.534347540987667,31.262708023114254,25.829562890965033,2.046315958073919,26.632668837354196,19.7554895794164,17.923902811839373,0.0,23.036199047558377,21.64960653115498,24.483478876146897,22.23852018156054,14.130165273309276,16.83253004494358,10.693285181358371,21.348657141482523,38.774957290215255,24.232291331866445,33.15772059878918,21.4490149241214,11.4871064744846,7.914789544472736,0.6363820655854132,16.70171808679226,33.70844468478531,31.662674140474696,13.579509572184067,24.85582746036114,2.257795516345711,27.635530715369516,26.38213993710362,28.380285191797075,31.76134132799492,40.84608587687858],
        [17.85516643156056,32.56087523889175,14.981772043095507,17.834788984151146,39.167274655414495,8.693453021954685,22.81957892419785,45.178903650918656,21.939609861927504,28.166172631506694,21.01195176781727,18.494490600265046,25.635639612769957,34.68741423869567,23.036199047558377,0.0,32.669677120324685,18.88245202062734,27.699471329388334,11.208632920498706,18.22296667995117,31.352324971374838,30.437505540380336,40.860583396907884,47.252177167119925,36.61036949911004,21.81765766789566,22.68531069771193,29.788367973881826,22.42152996930499,12.56389451763015,32.306221570088425,25.60803774488683,26.65877739023915,22.574607037757456,24.58054946997189,9.71599148698957,28.918516330791885,6.153503345556423,9.598624997986214,17.85516643156056],
        [48.27574189476038,32.09550271381879,45.003319566511124,18.45074673396014,33.9812270720116,37.59935504409943,16.10678298814025,37.9469887911173,49.58814961534634,47.022659189421304,21.5986816263714,44.93982159371332,7.6861144318610215,8.169830661321841,21.64960653115498,32.669677120324685,0.0,43.444663262094444,7.0739274726295545,21.930652577682903,14.601024223540202,15.010089341211463,2.791771594942376,60.29356607210967,32.241939178309714,54.70879193045409,41.86492062384422,11.562951499281517,26.73477304850439,21.538355977406308,20.145494867848825,54.57674670966316,51.186952804002715,8.172302535443393,44.92805887283674,19.8990386212205,30.16892003008045,10.5083399030258,38.771877724198426,42.10114532952666,48.27574189476038],
        [28.932796568453522,26.054350985013087,8.631307478849186,25.00606741229304,32.7729570418713,25.31298876451587,39.093206436092984,38.153085478163234,6.859469198567061,10.298373185608282,23.362135864522887,2.71951913636174,38.35792650254778,41.89097483075588,24.483478876146897,18.88245202062734,43.444663262094444,0.0,40.90238372329549,23.343422992852915,31.646829520986667,35.17676377335045,42.08216464661761,22.009057312981035,44.202633910088366,18.094618798782946,5.639551230002835,31.883871951528512,26.637636006003923,24.18636215118426,26.82833972597749,13.457187945863955,7.808031160723116,35.56120537506345,4.054278725310652,26.739813509859925,28.596861254724278,43.604156815662144,18.38990409519939,19.656476096025578,28.932796568453522],
        [42.175564216123796,34.17205653877679,41.18965959928201,16.872424176150968,37.287883855034806,31.601548377055135,9.033925130212854,41.92665802448285,46.54239734693783,45.924086578416514,21.53436574193944,42.03470970448568,2.617392720703493,14.246456510666164,22.23852018156054,27.699471329388334,7.0739274726295545,40.90238372329549,0.0,17.94240570263483,9.648412099910486,18.87121538121566,4.302170190893804,59.52608407489752,37.5171098652786,54.082279485128005,40.21993033629253,10.76133965244106,28.812478098954976,21.933265122291637,15.26194956177649,52.993695601373844,48.70960264957144,9.663541803989556,42.953725238685536,21.049833507600344,23.85302565758788,4.500031589105994,33.614646865850055,36.78608756760237,42.175564216123796],
        [28.539373440511195,25.948617425630296,23.295030607007597,7.329539266550109,31.74149383223658,18.211835264430494,16.04997299468164,37.61042529264617,28.663852424798264,29.844088641663518,12.15175633101625,24.236189940148325,15.547378928266001,23.478785714007053,14.130165273309276,11.208632920498706,21.930652577682903,23.343422992852915,17.94240570263483,0.0,8.387958384273356,20.618026591612445,19.954144089378385,43.50663516447474,37.88676515823246,38.403298578304025,23.625079525032774,11.481942353732887,21.882393764472287,13.498663830526695,3.7843906146872954,36.11176931524691,31.09800253889962,15.472924469800569,25.873447060454044,15.031712270796431,13.52692988918452,20.29015087154912,17.3439827389207,20.805771413943987,28.539373440511195],
        [33.802077909311,29.50598384572118,31.551492727504318,9.71694921364451,34.1222884686409,23.10857438772242,9.043514246645811,39.54499534114976,37.0517984503108,37.51715294829241,15.413728030572404,32.61382286108095,7.425657337110723,18.33740245924327,16.83253004494358,18.22296667995117,14.601024223540202,31.646829520986667,9.648412099910486,8.387958384273356,0.0,18.598803401756445,12.240173398095864,51.210153059278326,37.55481786874569,45.9332741147039,31.505690924390287,7.562616894181619,24.555271228181454,16.32724588530972,5.67108614752875,44.16957635742879,39.42865096486111,10.37248168131226,33.987380968577234,16.572920920056237,16.078250126841525,11.96250755599008,24.257510023183148,27.54073254628978,33.802077909311],
        [49.069332203057506,17.617845761119366,39.39504841422773,13.52105851453122,18.971651748922298,38.82986100600922,25.745305536463476,23.152192291831692,41.950379656842564,35.89329164683473,11.991872432872118,37.309842132984436,17.157539225421075,8.44557426710961,10.693285181358371,31.352324971374838,15.010089341211463,35.17676377335045,18.87121538121566,20.618026591612445,18.598803401756445,0.0,16.050441075253346,48.21440915828769,19.140277374256378,42.5754395147614,31.987999626778137,11.036377188559442,12.498284441946746,11.011233579488765,21.50981848798505,43.92630118200868,42.30709707141744,9.42509625105015,35.448511437381455,8.437541867892676,33.41282858850319,23.36422389979203,37.22603873753774,40.70495047729328,49.069332203057506],
        [45.716413187060404,32.49524098971823,43.190824860935436,17.2591803042544,34.91631453222823,35.06077547810817,13.325884479528058,39.19056217214788,48.05787968515014,46.209577151300145,21.035137982611502,43.44968707154238,5.032561923116032,10.274686664066007,21.348657141482523,30.437505540380336,2.791771594942376,42.08216464661761,4.302170190893804,19.954144089378385,12.240173398095864,16.050441075253346,0.0,59.63541052383801,34.06236859613009,54.095042697027836,40.8295949221817,10.456052057257532,27.102212343551447,21.15746291645987,17.874523637025167,53.59689510069658,49.86695638924197,7.82340929636496,43.77903483943968,19.805762812271198,27.530909427955805,8.058552876257155,36.49484721930121,39.77933607326929,45.716413187060404],
        [48.965056394019385,32.32666560923493,28.668294894598088,42.66153766254101,36.41700917596887,47.1088690323516,59.55254902645477,39.30399967574584,21.530296805239384,13.69471860892437,38.695587566262574,22.94241412854658,56.90880843601295,56.36418344122589,38.774957290215255,40.860583396907884,60.29356607210967,22.009057312981035,59.52608407489752,43.50663516447474,51.210153059278326,48.21440915828769,59.63541052383801,0.0,48.754732723062496,5.641828231785454,19.91752321473593,49.21277701742561,36.21824578097484,38.81377764594265,47.25019804918587,9.03875570686278,16.860595736071986,52.12770836596245,18.32459210487273,40.75766565216903,50.56039987104545,62.94569185127618,40.07964628651739,40.73644802040048,48.965056394019385],
        [65.01120628922705,18.31094950511071,50.94563200634768,30.596437475901695,12.456730268366607,55.561076762320845,44.868244232611175,10.391179343120033,50.864744136292195,40.21730323060556,26.27134130062729,46.83505038092457,36.09292679418646,24.09898580178054,24.232291331866445,47.252177167119925,32.241939178309714,44.202633910088366,37.5171098652786,37.88676515823246,37.55481786874569,19.140277374256378,34.06236859613009,48.754732723062496,0.0,43.68237103390728,39.25985770103416,30.045066697830528,18.139789045595965,24.855583330003174,39.666288453694165,47.95346461512701,49.46739956246201,28.474259631808515,42.70362437719854,22.90715181589681,51.332257395874315,41.915923658177,52.419472474426996,55.7173130311568,65.01120628922705],
        [46.30661869623761,26.853642123931042,25.6767702057459,37.20985604203476,31.26345234553304,43.406635848321756,54.412225507975975,34.540717318101926,19.203977824474116,8.63102135188906,33.117534569534335,19.537648201482423,51.46660628225451,50.72285207771354,33.15772059878918,36.61036949911004,54.70879193045409,18.094618798782946,54.082279485128005,38.403298578304025,45.9332741147039,42.5754395147614,54.095042697027836,5.641828231785454,43.68237103390728,0.0,15.059275862228613,43.693043009409855,30.61966096357126,33.20673081120646,42.17234630354102,7.430126194429132,14.676491774043535,46.54891262059105,14.130448337775869,35.12729992516096,46.22797796629041,57.581412716960536,36.47370750962818,37.52355017108676,46.30661869623761],
        [33.97993183013643,20.972412981646826,14.153748791643663,23.57676885388605,27.52170952599813,29.23794556653647,39.67447357842384,32.743099148360834,11.685909136200863,6.442467439937384,20.723338130387297,8.318917505504334,37.61408760779015,39.31549371473148,21.4490149241214,21.81765766789566,41.86492062384422,5.639551230002835,40.21993033629253,23.625079525032774,31.505690924390287,31.987999626778137,40.8295949221817,19.91752321473593,39.25985770103416,15.059275862228613,0.0,30.399189540356527,22.223438787261163,21.27609834870711,27.35034590169566,12.784157747736767,10.524670061946379,33.75801490939297,3.5548624029792406,23.677272073541964,31.306857894504315,43.37807123901271,22.629971789460065,24.400442738568405,33.97993183013643],
        [39.69233900325493,23.67973953268405,33.77681679900631,6.889659406825295,27.476928989457356,29.116856716870885,15.298560347544367,32.61299197350216,38.0762136609678,35.7565575796587,10.807859980213832,33.41280605975546,8.26992048672671,12.016653289274478,11.4871064744846,22.68531069771193,11.562951499281517,31.883871951528512,10.76133965244106,11.481942353732887,7.562616894181619,11.036377188559442,10.456052057257532,49.21277701742561,30.045066697830528,43.693043009409855,30.399189540356527,0.0,18.408005195126528,11.172254301831375,11.143690348073621,43.15482317986333,39.62417930897003,4.027571825787559,33.40199835030715,10.44462372012911,22.90355759251276,14.914326316927836,28.82563211286292,32.28391972926729,39.69233900325493],
        [47.28767107207453,5.3938059384540065,32.89823603185896,15.360594704781358,9.868209683175673,38.35582140916149,33.34606780856734,15.740234753995528,33.45371469476026,24.788067360701483,9.765950445842806,29.167948550458256,26.514476649083154,20.939395736290503,7.914789544472736,29.788367973881826,26.73477304850439,26.637636006003923,28.812478098954976,21.882393764472287,24.555271228181454,12.498284441946746,27.102212343551447,36.21824578097484,18.139789045595965,30.61966096357126,22.223438787261163,18.408005195126528,0.0,8.510253893393516,24.602441818246877,32.90142604468627,32.73275404945082,19.37505798021364,25.774417078290917,8.043602058498582,35.288911208507365,33.17726915121063,34.58482922594417,37.79599617159921,47.28767107207453],
        [40.23852883616678,13.194145552267166,28.558633180996374,6.871811598555879,18.362551343418563,30.713662182348862,25.288398681644427,24.154148932129655,30.94303868217094,25.781145326032924,1.4163454336341603,26.298761916732442,19.429125835028806,18.04932947330347,0.6363820655854132,22.42152996930499,21.538355977406308,24.18636215118426,21.933265122291637,13.498663830526695,16.32724588530972,11.011233579488765,21.15746291645987,38.81377764594265,24.855583330003174,33.20673081120646,21.27609834870711,11.172254301831375,8.510253893393516,0.0,16.09526768945999,33.61635459246896,31.428035935168992,13.426657925098198,24.65486701646893,2.6033795308126404,27.00136263329376,26.03594364086001,27.789762086716458,31.177810589090427,40.23852883616678],
        [28.683192995806902,28.992661616741678,26.065370725032743,9.339309014972397,34.45724684298186,18.03886988029581,12.344957368642255,40.21194676665739,31.86170736235656,33.60132343093039,14.856816008070142,27.55249227046144,13.096325577442059,22.976082597751684,16.70171808679226,12.56389451763015,20.145494867848825,26.82833972597749,15.26194956177649,3.7843906146872954,5.67108614752875,21.50981848798505,17.874523637025167,47.25019804918587,39.666288453694165,42.17234630354102,27.35034590169566,11.143690348073621,24.602441818246877,16.09526768945999,0.0,39.75823955858613,34.52251846882893,14.816914301267218,29.5080321013885,17.201218966060537,11.904670844002718,17.075790368466343,18.63218035277191,21.957280060078865,28.683192995806902],
        [39.95083396914736,30.114279980696693,19.638074342955885,36.352991030510694,35.53450475255338,38.200819645531546,52.100615875306104,39.59387303282495,12.520141669532086,8.11676359764707,33.216025022546624,14.051475013128547,50.39062213527892,51.62825361445627,33.70844468478531,32.306221570088425,54.57674670966316,13.457187945863955,52.993695601373844,36.11176931524691,44.16957635742879,43.92630118200868,53.59689510069658,9.03875570686278,47.95346461512701,7.430126194429132,12.784157747736767,43.15482317986333,32.90142604468627,33.61635459246896,39.75823955858613,0.0,7.8470386565152435,46.43929252731725,10.252328761506064,35.8683619025847,42.021236953239956,56.08751179283541,31.154976805371565,31.71540804566262,39.95083396914736],
        [32.10760888804253,31.16296256699229,11.961071593080492,32.73674107301004,37.4290186096556,30.788303977137623,46.71813454339938,42.26934151913178,4.673381553199696,10.313641685154108,30.724876273180982,7.157648306544327,46.16595746073599,49.34409881673956,31.662674140474696,25.60803774488683,51.186952804002715,7.808031160723116,48.70960264957144,31.09800253889962,39.42865096486111,42.30709707141744,49.86695638924197,16.860595736071986,49.46739956246201,14.676491774043535,10.524670061946379,39.62417930897003,32.73275404945082,31.428035935168992,34.52251846882893,7.8470386565152435,0.0,43.24671329391288,6.970429869502579,33.9148993245161,35.235730367200254,51.37844232940697,23.742262670051282,24.037221968089593,32.10760888804253],
        [43.48556376153734,24.766308254945884,37.74102471538005,10.605102431685507,27.627716581753663,32.85541656928293,16.415984942772745,32.297465030164844,41.86904862602838,38.85384830930509,13.432477652091332,37.188086101695205,7.751737432357275,8.159294407381465,13.579509572184067,26.65877739023915,8.172302535443393,35.56120537506345,9.663541803989556,15.472924469800569,10.37248168131226,9.42509625105015,7.82340929636496,52.12770836596245,28.474259631808515,46.54891262059105,33.75801490939297,4.027571825787559,19.37505798021364,13.426657925098198,14.816914301267218,46.43929252731725,43.24671329391288,0.0,36.87563493098603,11.983565169165784,26.311245012335373,14.151954992522201,32.80674679562275,36.25527050534358,43.48556376153734],
        [32.933253109769495,24.396519831068332,12.447987593496306,26.52972190989315,30.84095912448897,29.29762577676693,41.84920285695596,35.921878230298866,8.516968065704038,6.268659537514293,24.033647537314764,6.144253371340169,40.365793615278605,42.658794265822884,24.85582746036114,22.574607037757456,44.92805887283674,4.054278725310652,42.953725238685536,25.873447060454044,33.987380968577234,35.448511437381455,43.77903483943968,18.32459210487273,42.70362437719854,14.130448337775869,3.5548624029792406,33.40199835030715,25.774417078290917,24.65486701646893,29.5080321013885,10.252328761506064,6.970429869502579,36.87563493098603,0.0,27.09714754010048,32.254330821215945,45.930365140968206,22.41276931760469,23.708857143931294,32.933253109769495],
        [42.43230944498601,13.24196929913557,31.154808482257813,7.877616654148256,17.568521810459917,32.70926052220713,25.306365627095417,23.129104757879322,33.514518324016905,27.94555168786746,3.7856808431015456,28.87946026708673,18.65710634344194,15.765451503473734,2.257795516345711,24.58054946997189,19.8990386212205,26.739813509859925,21.049833507600344,15.031712270796431,16.572920920056237,8.437541867892676,19.805762812271198,40.75766565216903,22.90715181589681,35.12729992516096,23.677272073541964,10.44462372012911,8.043602058498582,2.6033795308126404,17.201218966060537,35.8683619025847,33.9148993245161,11.983565169165784,27.09714754010048,0.0,28.544446599942013,25.32446337294487,30.095655279087065,33.513289234980725,42.43230944498601],
        [18.370584596479475,39.02536616668131,24.130720822581644,20.740715362223323,45.104748021496306,8.096419938577577,16.546638152211006,51.02820007305719,31.39106196472642,37.71423927279633,25.63345037535322,28.163134660073002,22.50417300125334,34.38685095894393,27.635530715369516,9.71599148698957,30.16892003008045,28.596861254724278,23.85302565758788,13.52692988918452,16.078250126841525,33.41282858850319,27.530909427955805,50.56039987104545,51.332257395874315,46.22797796629041,31.306857894504315,22.90355759251276,35.288911208507365,27.00136263329376,11.904670844002718,42.021236953239956,35.235730367200254,26.311245012335373,32.254330821215945,28.544446599942013,0.0,23.594843703986797,12.797100650016764,14.921971916456302,18.370584596479475],
        [41.92036303555424,38.51308680809981,43.10246397601317,20.505726508635647,41.76374822620494,31.6232061923773,7.217112804243408,46.42634587529173,48.9015834769931,49.2768690450036,25.525730129681886,44.51979656304986,6.669285785260992,18.328782548207634,26.38213993710362,28.918516330791885,10.5083399030258,43.604156815662144,4.500031589105994,20.29015087154912,11.96250755599008,23.36422389979203,8.058552876257155,62.94569185127618,41.915923658177,57.581412716960536,43.37807123901271,14.914326316927836,33.17726915121063,26.03594364086001,17.075790368466343,56.08751179283541,51.37844232940697,14.151954992522201,45.930365140968206,25.32446337294487,23.594843703986797,0.0,34.53699591354739,37.503426321580704,41.92036303555424],
        [12.745048611901831,36.75486023038109,11.944021290021006,23.758292527270477,43.56080691196699,7.052209438629321,28.079896316980783,49.54329302337251,19.460800869675744,28.523738924659458,26.40782945377406,17.137271604812238,31.637026802906263,40.81740251454464,28.380285191797075,6.153503345556423,38.771877724198426,18.38990409519939,33.614646865850055,17.3439827389207,24.257510023183148,37.22603873753774,36.49484721930121,40.07964628651739,52.419472474426996,36.47370750962818,22.629971789460065,28.82563211286292,34.58482922594417,27.789762086716458,18.63218035277191,31.154976805371565,23.742262670051282,32.80674679562275,22.41276931760469,30.095655279087065,12.797100650016764,34.53699591354739,0.0,3.4888126727438245,12.745048611901831],
        [9.862208883313649,39.754779700168875,12.086119758596261,27.244854575318204,46.609919637598544,7.6806583965765345,30.86293369633831,52.567393696891884,19.510016783606677,29.94563485278649,29.80520903620918,17.987259335825613,34.87887692521449,44.2840072240119,31.76134132799492,9.598624997986214,42.10114532952666,19.656476096025578,36.78608756760237,20.805771413943987,27.54073254628978,40.70495047729328,39.77933607326929,40.73644802040048,55.7173130311568,37.52355017108676,24.400442738568405,32.28391972926729,37.79599617159921,31.177810589090427,21.957280060078865,31.71540804566262,24.037221968089593,36.25527050534358,23.708857143931294,33.513289234980725,14.921971916456302,37.503426321580704,3.4888126727438245,0.0,9.862208883313649],
        [0.0,49.49100009972458,20.656701772343766,35.56269111108389,56.30531494110092,10.693546901130272,34.78852662356685,62.28561395932653,27.435431910939904,39.20156396856834,38.83524521834053,26.935615876010566,40.68636745687999,51.64195777320165,40.84608587687858,17.85516643156056,48.27574189476038,28.932796568453522,42.175564216123796,28.539373440511195,33.802077909311,49.069332203057506,45.716413187060404,48.965056394019385,65.01120628922705,46.30661869623761,33.97993183013643,39.69233900325493,47.28767107207453,40.23852883616678,28.683192995806902,39.95083396914736,32.10760888804253,43.48556376153734,32.933253109769495,42.43230944498601,18.370584596479475,41.92036303555424,12.745048611901831,9.862208883313649,0.0]
    ],
    "end_depot": 40,
    "start_depot": 0,
    "truck_dist": [
        [0.0,69.76342586748191,23.992437743429058,48.553974459368945,79.50060929901554,12.987376128022756,35.40101292694048,87.88831671936705,28.521258857738342,47.8333067213362,54.418711282896,32.00914689833014,46.98560802095297,66.117814901408,57.3081179132531,24.846077225792023,56.809869439399726,35.77324291460418,46.8512636131895,38.18855886881825,40.99503041978018,66.71685710974239,52.9317570294075,50.68448546565057,91.56034677872134,52.32772677073455,43.74874538985219,51.46607075152075,66.85986952867347,56.421717365433054,36.314332447052266,41.92828411388955,33.488185996313675,55.55459519894736,40.22804195371012,59.19861605287303,19.503313345360752,42.387342500402774,18.003101019603996,13.59911833913547,0.0],
        [69.76342586748191,0.0,45.77098812405285,21.20945140811297,9.737183431533623,56.776049739459154,41.03861817866146,18.124890851885148,41.24216700974357,22.389167721029263,15.344714584585908,37.75427896915177,38.850759762756,36.657246738389325,12.88916261296135,44.917348641689884,43.50227539761557,33.990182952877724,42.549873290195514,31.574866998663666,30.22557838607183,24.72843297359436,42.76185564361214,41.54540470335982,21.79692091123943,33.73770276186585,26.01468047762972,28.047583219092687,7.053768183798551,13.341708502048853,33.44909342042965,32.23266357391208,36.27523987116824,32.01326569081813,29.535383913771792,15.462350902099002,50.26011252212116,47.08572788494615,51.76032484787791,56.16430752834644,69.76342586748191],
        [23.992437743429058,45.77098812405285,0.0,29.778067245999264,55.50817155558648,24.414209854998884,52.067193873719525,63.895878975938004,9.63864069202933,23.840868977907142,30.426273539466944,8.01670915490108,49.87933545781407,47.6858224334474,33.315680169824034,21.170221697863894,54.53085109267364,11.780805171175128,53.57844898525358,29.728556085960857,41.254154081129904,42.72441936631332,53.7904313386702,30.516829008301748,67.56790903529227,28.335289027305492,19.75630764642313,39.07615891415076,42.867431785244406,32.429279622004,34.741589096925466,21.20408787885401,13.99875824590999,43.041841385876204,16.23560421028106,35.20617830944397,33.82944186612334,58.11430358000422,15.793895490397249,13.569358621489679,23.992437743429058],
        [48.553974459368945,21.20945140811297,29.778067245999264,0.0,30.946634839646592,35.566598331346185,22.289126627720265,39.33434225999812,39.416707938028594,41.138659271970454,5.8647368235270605,33.76301992624194,20.10126821181481,17.90775518744813,8.754143453884154,23.707897233576922,24.752783846674376,32.973621518373484,23.800381739254316,10.365415590550697,11.476086835130639,18.16288265037344,24.01236409267094,60.29489625430101,43.006372319352394,52.48719431280705,32.994512161397594,9.298091668151493,18.305895069304526,7.867742906064116,12.23964201231668,50.98215512485328,43.77682549190925,13.263774139876938,36.58320840418105,10.644641593504089,29.05066111400819,28.336236334004955,30.55087343976495,34.95485612023347,48.553974459368945],
        [79.50060929901554,9.737183431533623,55.50817155558648,30.946634839646592,0.0,66.51323317099278,45.3355474225337,8.387707420351527,50.97935044127719,31.667302577679333,25.08189801611953,47.49146240068539,37.71094311416101,35.51743008979434,22.192491385762438,54.65453207322351,42.36245874902058,43.72736638441135,41.41005664160053,41.31205043019729,38.50557887923536,23.58861632499937,41.62203899501715,42.6852213519548,12.841455909602335,34.877519410460835,35.75186390916335,28.034538547494776,12.640739770342067,23.078891933582476,43.18627685196327,37.57232518512598,46.012423302701855,30.873449042223143,39.27256734530542,20.3019932461425,59.997295953654785,45.945911236351165,61.497508279411534,65.90149095988006,79.50060929901554],
        [12.987376128022756,56.776049739459154,24.414209854998884,35.566598331346185,66.51323317099278,0.0,27.652984018720637,74.90094059134431,34.052850547028214,35.77480188097008,41.431335154873246,28.399162535241555,33.99823189293021,53.13043877338524,44.32074178523034,11.858701097769266,43.822493311376974,27.609764127373104,33.86388748516675,25.20118274079549,28.00765429175742,53.72948098171962,39.94438090138475,54.931038863300635,78.57297065069858,47.12333692180667,30.761369261829433,38.478694623498,53.87249340065071,43.4343412374103,23.326956319029506,45.6182977338529,38.41296810090887,42.56721907092461,31.219351013180674,46.211239924850275,9.415232011124454,33.70009372500533,8.620314364601636,10.844851233509207,12.987376128022756],
        [35.40101292694048,41.03861817866146,52.067193873719525,22.289126627720265,45.3355474225337,27.652984018720637,0.0,53.723254842885225,61.70583456574886,63.42778589969072,27.987754220670368,56.052146553962196,12.820546144471134,31.95275302492616,28.14945556570011,30.89697217585563,22.644807562917897,55.26274814609374,12.686201736707675,22.33863778775867,10.813039792589624,32.55179523326055,18.76669515292567,82.58402288202127,57.39528490223951,74.77632094052731,55.28363878911786,17.301008875038924,33.984849994862905,27.99370468890691,17.325604776794066,73.27128175257354,66.06595211962951,21.38953332246553,58.872335031901315,25.576267276562454,18.237752007596185,8.222280623920941,36.27329838332228,38.49783525222985,35.40101292694048],
        [87.88831671936705,18.124890851885148,63.895878975938004,39.33434225999812,8.387707420351527,74.90094059134431,53.723254842885225,0.0,59.36705786162872,40.05500999803086,33.469605436471056,55.879169821036925,40.902708698414095,36.90514884090116,30.580198806113962,63.04223949357504,43.75017750012741,52.11507380476287,42.79777539270735,49.69975785054882,46.89328629958688,24.976335076106196,43.00975774612397,41.297502600847984,14.229174660709157,35.56058994863251,44.13957132951487,36.4222459678463,21.028447190693594,31.466599353934,51.5739842723148,45.96003260547751,54.40013072305339,32.333721520419694,47.66027476565694,28.68970066649403,68.38500337400632,47.33362998745798,69.88521569976307,74.2891983802316,87.88831671936705],
        [28.521258857738342,41.24216700974357,9.63864069202933,39.416707938028594,50.97935044127719,34.052850547028214,61.70583456574886,59.36705786162872,0.0,19.312047863597858,33.71808034507849,5.6536880117866595,59.517976149843406,57.324463125476726,33.55637900004875,30.80886238989323,64.16949178470297,7.251984056865844,63.21708967728291,39.36719677799019,50.89279477315924,45.39564936068176,63.42907203069953,22.163226607912225,63.03908792098299,23.806467912996208,15.227486532113847,48.71479960618008,38.338610670935125,33.71212987684195,44.38022978895479,13.407025256151211,4.966927138575333,52.68048207790553,11.706783095971776,36.1295672891864,43.46808255815267,67.75294427203355,25.43253618242658,23.20799931351901,28.521258857738342],
        [47.8333067213362,22.389167721029263,23.840868977907142,41.138659271970454,31.667302577679333,35.77480188097008,63.42778589969072,40.05500999803086,19.312047863597858,0.0,35.44003167902035,15.824159823006063,61.239927483785266,59.046414459418585,35.27833033399061,32.53081372383509,65.89144311864484,12.060063806732014,64.93904101122477,41.08914811193205,52.6147461071011,47.117600694623626,65.15102336464139,19.156236982330554,43.72704005738514,11.348535040836587,8.14414711057286,50.436750940121954,29.442935904827813,35.434081210783816,46.10218112289665,9.843495852882818,14.345120725022525,54.4024334118474,7.605264767626082,37.851518623128264,45.19003389209453,69.4748956059754,29.830205701732204,34.23418838220073,47.8333067213362],
        [54.418711282896,15.344714584585908,30.426273539466944,5.8647368235270605,25.08189801611953,41.431335154873246,27.987754220670368,33.469605436471056,33.71808034507849,35.44003167902035,0.0,28.06439233329183,25.799895804764912,23.606382780398235,2.8894066303570938,29.572634057103983,30.45141143962448,27.27499392542338,29.499009332204423,16.230152414077757,17.17471442808074,12.29814582684638,29.710991685621043,54.596268661350905,37.14163549582534,46.788566719856945,27.295884568447494,14.996719261101596,12.441158245777464,2.0030060825370555,18.10437883584374,45.283527531903175,38.07819789895915,18.96240173282704,30.88458081123095,4.779904769977028,34.915397937535246,34.034863926955055,36.41561026329201,40.81959294376053,54.418711282896],
        [32.00914689833014,37.75427896915177,8.01670915490108,33.76301992624194,47.49146240068539,28.399162535241555,56.052146553962196,55.879169821036925,5.6536880117866595,15.824159823006063,28.06439233329183,0.0,53.86428813805674,51.67077511369007,27.90269098826209,25.155174378106565,58.515803772916314,3.764096016274049,57.56340166549625,33.71350876620353,45.23910676137257,39.741961348895096,57.775384018912874,26.531876328059077,59.5511998803912,20.318579872404413,11.739598491522052,43.061111594393424,34.85072263034333,28.05844186505529,38.72654177716814,17.21913519861134,10.013805565667319,47.026794066118875,8.218895055379981,30.47587927739974,37.81439454636601,62.09925626024689,19.778848170639918,18.410028559194664,32.00914689833014],
