{
    "drone_dist": [
        [0.0,43.801614838159566,19.107936067285355,37.31787714895618,8.112022688422492,6.680673761236161,30.40059884817073,21.189512884448806,13.173026148496186,31.583912044678705,24.023617528944108,16.480867958113745,20.44029053869863,23.051024554705887,20.44117737787706,10.163424680810737,9.21411172087083,40.86639285250094,15.430727307010011,28.245859701431627,29.783032637431315,8.30968955087836,45.109707775194316,44.63498382459852,15.332132669245274,38.94911095428295,30.51752513508848,13.545683416621445,28.58869893952836,38.51166821944859,14.216851748667624,21.834535509449303,20.634106641268655,26.798451380417745,38.934592826851954,14.036383499408005,40.72419515672065,19.965502466666912,19.905035625482213,32.83810380952207,0.0],
        [43.801614838159566,0.0,44.28740841859884,22.85520991943215,50.85401035565026,50.43160792872726,20.342122850847748,32.10024273710591,46.505617565444204,37.32089889915301,43.34155050079549,36.56486077319483,25.758092793723282,28.29273069686784,25.80033820669403,34.70466533910894,35.410293456666004,11.17460018500825,53.26461561700119,45.938698265515825,32.41430463083093,40.174996093165014,14.22641785155068,2.185707581126279,31.70695563934482,6.792069685781199,18.735740253452374,30.294449672139702,26.607826687060868,28.712186892725253,32.26574050506746,21.968613757358046,33.12217967016172,24.9344594458026,8.228891371885258,32.93003833197302,36.1211560026386,41.32282353105935,33.124121984350104,20.720778966591265,43.801614838159566],
        [19.107936067285355,44.28740841859884,0.0,47.47304525585952,17.87836890272949,22.17034182506323,24.855195571309306,12.272924491063398,32.21254923458499,15.682543174367632,5.395765960590343,32.613504242413676,19.21054333801578,16.100733210598484,30.305840324904114,15.770622466962001,22.698621215054374,46.16919120461263,34.06444644647254,9.222596523177447,43.94555655877968,25.888820086142506,39.40410579713897,44.19065568209606,14.33493464168924,37.81074421577342,26.072423170484246,21.93056297967894,19.569413180306913,50.632988930164615,14.517030947377007,26.231049971784795,35.30130917332642,19.9585691765794,36.93738968056259,27.608400197623574,54.86381240223457,3.2798451895635927,11.166988845944118,42.22726047109174,19.107936067285355],
        [37.31787714895618,22.85520991943215,47.47304525585952,0.0,45.42942183380261,42.71505295853213,32.20144275678325,37.97573889692185,33.248483171716614,48.061091311840315,49.14870423786801,22.942599509437766,29.638376609918737,35.256529903576066,17.598479313534,32.53660144225913,28.277338138986952,11.955654078685045,40.07508847099156,53.070551899821815,12.078276165223997,30.205934936084528,35.4110648034938,25.007645714504196,33.2086493871428,24.908278815656285,30.498823551473556,26.120764304733427,37.27443384209328,5.896046239089627,32.956107328909134,21.727353181138785,18.172720037109947,34.377117092289716,26.540550141378187,23.289739080571117,13.301357110148661,45.57354108608679,38.194332901204874,5.302846506692999,37.31787714895618],
        [8.112022688422492,50.85401035565026,17.87836890272949,45.42942183380261,0.0,5.202465023544187,35.54322121447375,24.446752900987356,18.48596979699462,32.78213340025741,23.27036515987927,24.20683372956291,26.135130786382064,27.222288983349674,28.445355614596558,16.202953444859386,17.255610065590293,48.66424615599463,17.67153054324063,26.87596860587703,37.65970821448911,15.968619638986265,50.66008432240777,51.50766492149789,20.305684691544233,45.56054283321007,35.99143815728965,21.031897105884525,32.50148622107837,46.55763982897492,19.392191138068192,29.05314092752659,28.566889759967733,31.32534247513292,45.34167199410425,22.147820205110488,48.49297298391208,19.962913157607503,23.021271454390025,40.92197042556087,8.112022688422492],
        [6.680673761236161,50.43160792872726,22.17034182506323,42.71505295853213,5.202465023544187,0.0,36.85150038883802,26.864352382469377,13.575793736317099,36.31732994253109,27.487518949355916,20.53807843547027,26.985339122775493,29.134121897578428,26.497342522438984,16.691790677752635,15.389489225567614,47.11866475612004,12.504597025180567,31.3425497509892,34.03144657877248,12.553740410317968,51.68801501053911,51.29387809374185,21.61796228148693,45.628943456045754,37.05224500148548,20.141378653725923,34.61374929936512,43.285592685232814,20.5540571146055,28.46461674704619,25.152467636558303,33.04044539103673,45.612943095461844,19.59804623068653,44.624006393506825,23.84123668514639,25.495898254534186,38.53643861266209,6.680673761236161],
        [30.40059884817073,20.342122850847748,24.855195571309306,32.20144275678325,35.54322121447375,36.85150038883802,0.0,12.661415844541986,38.34419507525717,17.32342780471817,23.194512940160028,31.419809787383585,10.064284214458574,8.937100790865642,21.628924522057154,20.238911794735074,24.89609356520804,25.674754841906527,43.88007542121807,25.604597068185033,35.352915789411796,30.57070364122346,15.190303462138026,19.8249979517449,15.299658962136265,13.568064285112825,1.8055342821960756,19.47202707180842,6.287640688246758,37.355814863670346,16.315040071642066,13.955060662939074,30.54166846435506,4.896920035029016,12.386269825062403,25.672295887569163,43.89782984091285,21.68730444281955,13.942587280880428,27.321544141890303,30.40059884817073],
        [21.189512884448806,32.10024273710591,12.272924491063398,37.97573889692185,24.446752900987356,26.864352382469377,12.661415844541986,0.0,32.150280702096346,11.860853687598212,11.658696559391908,28.532465788882956,8.340942139385653,3.8298688715031055,22.37922331613937,12.20828165355734,19.31722824614518,34.866398772328274,36.278738046707126,15.186787508788937,37.04478171022651,24.443716860052405,27.559831256436034,31.94004025997825,7.0806108317745,25.561087825396633,13.808952128584702,15.64386840978236,8.154602293239106,42.005973850029704,8.15765273703425,16.266589681189938,29.650175969295493,7.795526683171332,24.665226525478808,22.614217727386812,47.31247155973935,9.22484835648232,1.4366636242687336,32.6791068666473,21.189512884448806],
        [13.173026148496186,46.505617565444204,32.21254923458499,33.248483171716614,18.48596979699462,13.575793736317099,38.34419507525717,32.150280702096346,0.0,43.5025470309614,36.959286485843755,10.547138246995768,28.527572655304095,32.93842595773566,20.705455488591152,19.944520102785564,13.503663760445841,40.44426458680353,6.963025413338225,41.26336349126192,22.656585978944303,7.868681999249029,51.48499289127815,47.86821467719217,25.276139356849963,43.250799582017244,37.89585046057651,18.88124960198681,38.33203754659594,32.41358137589138,24.122933924243767,26.089805554427443,15.150048012040841,35.9220357258553,43.76534086442975,13.729083948854294,32.3766874836821,32.794472769715966,31.094374289825357,30.161493260568687,13.173026148496186],
        [31.583912044678705,37.32089889915301,15.682543174367632,48.061091311840315,32.78213340025741,36.31732994253109,17.32342780471817,11.860853687598212,43.5025470309614,0.0,10.886930151493484,40.392409213620304,19.15354736513726,13.147790962736178,33.76383440581622,23.747582981260525,31.066295227696845,42.8634815793896,46.998655172817074,10.519750667895437,48.47772216981432,35.97728002386521,28.194334257014688,36.491863768988296,18.904458441910656,30.546577359979043,19.102000505986798,27.488967978168738,11.187312987957212,52.61187509512355,19.9326552330457,26.919343852852016,41.421426927727815,13.808035569672537,29.121960212600772,34.472630161500454,58.39089893207331,12.935995430814769,12.609925233925694,42.86667584457206,31.583912044678705],
        [24.023617528944108,43.34155050079549,5.395765960590343,49.14870423786801,23.27036515987927,27.487518949355916,23.194512940160028,11.658696559391908,36.959286485843755,10.886930151493484,0.0,36.36227802847535,19.774215839514916,15.242585348235357,32.620411443128525,19.077256111925323,26.428493688518493,46.52445521484332,39.2065225121476,4.420198171234781,46.84260088850785,30.22724850477434,36.83368767852568,42.981792265445186,16.19211676372402,36.652992331005436,24.66300514079013,24.6801345586008,17.252287744092634,52.79417783679584,16.733612652045522,27.470595575660912,38.578512042961,18.426377134292675,35.56753586542082,30.975321820152825,57.55169069279064,4.254609458835029,11.089357811802909,43.84893705046918,24.023617528944108],
        [16.480867958113745,36.56486077319483,32.613504242413676,22.942599509437766,24.20683372956291,20.53807843547027,31.419809787383585,28.532465788882956,10.547138246995768,40.392409213620304,36.36227802847535,0.0,22.611227796161025,28.103329046831426,11.06235474423138,17.3273354808503,9.94766574093976,29.946997267912295,17.506723804302375,40.778437379715946,13.505756754932534,8.243769995818374,43.009492862402354,38.0734405145568,21.513418929520693,33.96984379549591,30.589505568257003,13.007517881881418,32.92568328299283,22.822918186137464,20.546224469652905,17.83792735250954,4.787791833495538,30.122538985034566,34.70892818279418,6.003932968137349,24.29026498513564,32.12917773734075,27.856373965052164,19.62809783794395,16.480867958113745],
        [20.44029053869863,25.758092793723282,19.21054333801578,29.638376609918737,26.135130786382064,26.985339122775493,10.064284214458574,8.340942139385653,28.527572655304095,19.15354736513726,19.774215839514916,22.611227796161025,0.0,6.014537176427381,14.64461756967768,10.295365841408012,15.024365500164123,26.987792208921576,33.86653885550479,23.498414530063993,29.34325476967702,20.686857667692028,24.706522627176394,26.026961665599877,6.02483359598843,19.79607574930191,10.077284433975903,9.865840818353554,10.316320072816277,33.75776603148362,6.775405169504488,7.958115816404382,22.74910705757093,7.5500165489316515,19.364294858337182,16.63433575510107,39.28469717270656,16.668294076061564,8.686348238974304,24.344323881624177,20.44029053869863],
        [23.051024554705887,28.29273069686784,16.100733210598484,35.256529903576066,27.222288983349674,29.134121897578428,8.937100790865642,3.8298688715031055,32.93842595773566,13.147790962736178,15.242585348235357,28.103329046831426,6.014537176427381,0.0,20.6546049579134,13.271702628924324,19.619713071171063,31.419618178935497,37.63716731532869,18.44797833334605,35.35739451660689,25.089409414436634,24.006929505346015,28.112594530966568,7.828873808762588,21.734360539750764,10.001235863634907,15.110232117392794,5.546535965098905,39.591974488911504,8.992980516334207,13.811966870216587,28.603605513749326,4.197411093094393,20.836656867155458,22.100362115097322,45.254839830570646,13.046839787252027,5.0207411300499185,29.997523278746307,23.051024554705887],
        [20.44117737787706,25.80033820669403,30.305840324904114,17.598479313534,28.445355614596558,26.497342522438984,21.628924522057154,22.37922331613937,20.705455488591152,33.76383440581622,32.620411443128525,11.06235474423138,14.64461756967768,20.6546049579134,0.0,14.981508879583307,11.22826419165822,20.682346803796527,27.49683368401266,36.80558314444309,14.715110253957356,14.8089457697517,32.065984797207406,27.190912581836326,16.428909278954983,22.909676272561875,20.51029793379184,8.553937853417159,24.473597899108764,20.327160302591,15.941860739580765,7.685458538228774,8.990014321784352,21.468913637886754,23.654297966749994,7.306310696055074,25.00111893821158,28.74562981004049,22.215052081304574,12.663363233781247,20.44117737787706],
        [10.163424680810737,34.70466533910894,15.770622466962001,32.53660144225913,16.202953444859386,16.691790677752635,20.238911794735074,12.20828165355734,19.944520102785564,23.747582981260525,19.077256111925323,17.3273354808503,10.295365841408012,13.271702628924324,14.981508879583307,0.0,7.485635899348836,33.4461481245493,24.367130699940155,23.482526455106076,28.177610283375323,12.255601312439193,34.99630504750996,35.31296739660791,5.44737844448905,29.363269401119954,20.36889311476047,6.427588528351663,18.80043000987845,35.17869509202618,4.280437858697991,13.192364203554154,19.586806773350464,16.775522838346394,29.184258249551124,11.925172600855943,39.122201973769016,14.876500521839686,11.195618403229744,27.45779964338889,10.163424680810737],
        [9.21411172087083,35.410293456666004,22.698621215054374,28.277338138986952,17.255610065590293,15.389489225567614,24.89609356520804,19.31722824614518,13.503663760445841,31.066295227696845,26.428493688518493,9.94766574093976,15.024365500164123,19.619713071171063,11.22826419165822,7.485635899348836,0.0,31.744227301870396,19.099249035640504,30.847172456922564,21.873299315602868,5.6756652798942335,38.523129950777474,36.442629534039455,12.24805903870913,31.150927888330504,24.540002105726387,5.588030572656149,24.914707870890524,29.911169856564342,11.160972741957513,13.665456362915279,12.841878169944273,22.437142626599147,31.396316451991606,5.3109191735441685,32.93695850904415,22.18913630639077,18.45702810269503,23.6733014386573,9.21411172087083],
        [40.86639285250094,11.17460018500825,46.16919120461263,11.955654078685045,48.66424615599463,47.11866475612004,25.674754841906527,34.866398772328274,40.44426458680353,42.8634815793896,46.52445521484332,29.946997267912295,26.987792208921576,31.419618178935497,20.682346803796527,33.4461481245493,31.744227301870396,0.0,47.401755831374345,49.86574374187395,22.751243810779428,35.41927344186118,24.740560894802595,13.35981931162788,32.138094111683166,14.828076032145209,23.86962284879543,27.69371455952445,31.676204307379198,17.69904766895051,32.31173273392452,20.40679696262817,25.71729846476252,29.212549323560168,16.60230806564453,27.897340870013995,25.074405623816862,43.6462038128695,35.518266139327636,11.167993047276028,40.86639285250094],
        [15.430727307010011,53.26461561700119,34.06444644647254,40.07508847099156,17.67153054324063,12.504597025180567,43.88007542121807,36.278738046707126,6.963025413338225,46.998655172817074,39.2065225121476,17.506723804302375,33.86653885550479,37.63716731532869,27.49683368401266,24.367130699940155,19.099249035640504,47.401755831374345,0.0,43.28609833519527,29.131087480561153,13.53606515250134,57.59013407856074,54.56574103522934,29.814204727659835,49.75432452423771,43.60948515616997,24.677252547232314,43.15543279473815,38.93058213891847,28.647544788290745,32.39042431502676,22.063102473783346,40.99107370927202,50.17278886509591,20.349654804531816,38.24008755928941,35.26837468170859,35.0742057221673,37.10565423666366,15.430727307010011],
        [28.245859701431627,45.938698265515825,9.222596523177447,53.070551899821815,26.87596860587703,31.3425497509892,25.604597068185033,15.186787508788937,41.26336349126192,10.519750667895437,4.420198171234781,40.778437379715946,23.498414530063993,18.44797833334605,36.80558314444309,23.482526455106076,30.847172456922564,49.86574374187395,43.28609833519527,0.0,51.13501675001715,34.619235869593645,38.248258258886,45.40362854069286,20.394790024122486,39.17238701443534,27.2101086020006,28.995776042241896,19.390654065393928,56.87732900004697,21.00524307166578,31.345185170660567,42.94887833919049,21.08517195938333,37.95327811252115,35.36566927934275,61.78139666572346,8.672177088593928,14.876219810252444,47.76788165298594,28.245859701431627],
        [29.783032637431315,32.41430463083093,43.94555655877968,12.078276165223997,37.65970821448911,34.03144657877248,35.352915789411796,37.04478171022651,22.656585978944303,48.47772216981432,46.84260088850785,13.505756754932534,29.34325476967702,35.35739451660689,14.715110253957356,28.177610283375323,21.873299315602868,22.751243810779428,29.131087480561153,51.13501675001715,0.0,21.69917573915788,42.8011760018914,34.39112894542307,30.780943410582086,32.42055043458186,33.964569202296964,22.16875726438655,38.94024160864746,9.800063987910292,30.129788845305722,21.929888240860713,9.167863132908199,35.91286989568216,33.734174614342166,16.59589149251212,11.06408538170643,42.79830485352052,36.802803537856,11.761035169924595,29.783032637431315],
        [8.30968955087836,40.174996093165014,25.888820086142506,30.205934936084528,15.968619638986265,12.553740410317968,30.57070364122346,24.443716860052405,7.868681999249029,35.97728002386521,30.22724850477434,8.243769995818374,20.686857667692028,25.089409414436634,14.8089457697517,12.255601312439193,5.6756652798942335,35.41927344186118,13.53606515250134,34.619235869593645,21.69917573915788,0.0,44.058516534514226,41.35343352317911,17.485905104798032,36.330237379883684,30.195742798820447,11.185661203665884,30.466523487200526,30.76996625354281,16.34479896487353,18.893222813540618,12.66293268280074,28.056292697740727,36.68913806670273,7.524263454212199,32.5339921749796,25.985373947618037,23.451115013094658,26.194773647784547,8.30968955087836],
        [45.109707775194316,14.22641785155068,39.40410579713897,35.4110648034938,50.66008432240777,51.68801501053911,15.190303462138026,27.559831256436034,51.48499289127815,28.194334257014688,36.83368767852568,43.009492862402354,24.706522627176394,24.006929505346015,32.065984797207406,34.99630504750996,38.523129950777474,24.740560894802595,57.59013407856074,38.248258258886,42.8011760018914,44.058516534514226,0.0,12.281377703106012,30.358799105119765,10.558644743123027,14.680383874702844,32.93512797336645,19.838996479702537,41.2784622978613,31.31158513075219,25.43696733281446,40.80800780064158,19.82228338786699,9.086083722124743,37.95844841923252,48.61240829183955,36.14384147218692,28.92012805308169,31.994073883662978,45.109707775194316],
        [44.63498382459852,2.185707581126279,44.19065568209606,25.007645714504196,51.50766492149789,51.29387809374185,19.8249979517449,31.94004025997825,47.86821467719217,36.491863768988296,42.981792265445186,38.0734405145568,26.026961665599877,28.112594530966568,27.190912581836326,35.31296739660791,36.442629534039455,13.35981931162788,54.56574103522934,45.40362854069286,34.39112894542307,41.35343352317911,12.281377703106012,0.0,32.03077035696658,6.379964094235601,18.319572044558402,31.203258887480132,26.015981400750363,30.87310088506865,32.65699131678354,22.862894456538402,34.7747964618724,24.55916875388796,7.4505120011043005,34.21617301771712,38.283998894368,41.15829270707596,33.029150594118896,22.744907407869416,44.63498382459852],
        [15.332132669245274,31.70695563934482,14.33493464168924,33.2086493871428,20.305684691544233,21.61796228148693,15.299658962136265,7.0806108317745,25.276139356849963,18.904458441910656,16.19211676372402,21.513418929520693,6.02483359598843,7.828873808762588,16.428909278954983,5.44737844448905,12.24805903870913,32.138094111683166,29.814204727659835,20.394790024122486,30.780943410582086,17.485905104798032,30.358799105119765,32.03077035696658,0.0,25.818498064344812,15.68588416100606,8.811308929840864,13.366618416580687,36.63594757413762,1.1675927594921947,11.930309115169095,22.91571807165519,11.467080565782526,25.381939169606845,15.655561732155043,41.38692448659594,12.393724232632472,6.345513879289536,27.93899998135222,15.332132669245274],
        [38.94911095428295,6.792069685781199,37.81074421577342,24.908278815656285,45.56054283321007,45.628943456045754,13.568064285112825,25.561087825396633,43.250799582017244,30.546577359979043,36.652992331005436,33.96984379549591,19.79607574930191,21.734360539750764,22.909676272561875,29.363269401119954,31.150927888330504,14.828076032145209,49.75432452423771,39.17238701443534,32.42055043458186,36.330237379883684,10.558644743123027,6.379964094235601,25.818498064344812,0.0,11.99858809527195,25.728864432173523,19.821967345807884,30.755606251646945,26.496536129587106,17.48905706314328,31.219992442396524,18.22708940699888,1.780512852370985,29.52224430151172,38.06865917021144,34.78079297688523,26.64984607933728,21.44469771932116,38.94911095428295],
        [30.51752513508848,18.735740253452374,26.072423170484246,30.498823551473556,35.99143815728965,37.05224500148548,1.8055342821960756,13.808952128584702,37.89585046057651,19.102000505986798,24.66300514079013,30.589505568257003,10.077284433975903,10.001235863634907,20.51029793379184,20.36889311476047,24.540002105726387,23.86962284879543,43.60948515616997,27.2101086020006,33.964569202296964,30.195742798820447,14.680383874702844,18.319572044558402,15.68588416100606,11.99858809527195,0.0,19.025242117849444,8.003826876835486,35.70896674161729,16.631216116186202,12.900826919668543,29.47569922930665,6.240305769819928,10.92764317234143,24.952732991552764,42.32081209241371,22.955972959190287,15.016546303393147,25.668008716294057,30.51752513508848],
        [13.545683416621445,30.294449672139702,21.93056297967894,26.120764304733427,21.031897105884525,20.141378653725923,19.47202707180842,15.64386840978236,18.88124960198681,27.488967978168738,24.6801345586008,13.007517881881418,9.865840818353554,15.110232117392794,8.553937853417159,6.427588528351663,5.588030572656149,27.69371455952445,24.677252547232314,28.995776042241896,22.16875726438655,11.185661203665884,32.93512797336645,31.203258887480132,8.811308929840864,25.728864432173523,19.025242117849444,0.0,20.08426230841977,28.791773554283786,8.02619021499446,8.341299313138455,14.104460061916921,17.40886073325051,25.90066744596922,7.017746672037902,32.97446542419673,20.632978682292258,15.1025723084162,21.076565000944452,13.545683416621445],
        [28.58869893952836,26.607826687060868,19.569413180306913,37.27443384209328,32.50148622107837,34.61374929936512,6.287640688246758,8.154602293239106,38.33203754659594,11.187312987957212,17.252287744092634,32.92568328299283,10.316320072816277,5.546535965098905,24.473597899108764,18.80043000987845,24.914707870890524,31.676204307379198,43.15543279473815,19.390654065393928,38.94024160864746,30.466523487200526,19.838996479702537,26.015981400750363,13.366618416580687,19.821967345807884,8.003826876835486,20.08426230841977,0.0,42.097122131435704,14.527316427024052,17.010465265472043,32.93951100569789,3.0289958856195915,18.565549383220908,26.941950232526917,48.252005197156095,16.305438661101473,9.589089177060634,32.180721614529226,28.58869893952836],
        [38.51166821944859,28.712186892725253,50.632988930164615,5.896046239089627,46.55763982897492,43.285592685232814,37.355814863670346,42.005973850029704,32.41358137589138,52.61187509512355,52.79417783679584,22.822918186137464,33.75776603148362,39.591974488911504,20.327160302591,35.17869509202618,29.911169856564342,17.69904766895051,38.93058213891847,56.87732900004697,9.800063987910292,30.76996625354281,41.2784622978613,30.87310088506865,36.63594757413762,30.755606251646945,35.70896674161729,28.791773554283786,42.097122131435704,0.0,36.22693157512754,25.80811579497131,18.134203876726563,39.13197230692064,32.3664118643675,24.648037944948708,7.412703862858964,49.014250971724906,42.06823986442038,10.042323707202485,38.51166821944859],
        [14.216851748667624,32.26574050506746,14.517030947377007,32.956107328909134,19.392191138068192,20.5540571146055,16.315040071642066,8.15765273703425,24.122933924243767,19.9326552330457,16.733612652045522,20.546224469652905,6.775405169504488,8.992980516334207,15.941860739580765,4.280437858697991,11.160972741957513,32.31173273392452,28.647544788290745,21.00524307166578,30.129788845305722,16.34479896487353,31.31158513075219,32.65699131678354,1.1675927594921947,26.496536129587106,16.631216116186202,8.02619021499446,14.527316427024052,36.22693157512754,0.0,11.971038293805957,22.105853093587765,12.585916027856973,26.121929930889955,14.743735748403099,40.82024949496074,12.803847673648647,7.332198434919358,27.712505735601223,14.216851748667624],
        [21.834535509449303,21.968613757358046,26.231049971784795,21.727353181138785,29.05314092752659,28.46461674704619,13.955060662939074,16.266589681189938,26.089805554427443,26.919343852852016,27.470595575660912,17.83792735250954,7.958115816404382,13.811966870216587,7.685458538228774,13.192364203554154,13.665456362915279,20.40679696262817,32.39042431502676,31.345185170660567,21.929888240860713,18.893222813540618,25.43696733281446,22.862894456538402,11.930309115169095,17.48905706314328,12.900826919668543,8.341299313138455,17.010465265472043,25.80811579497131,11.971038293805957,0.0,16.592531661428684,13.98298989028003,17.796180865715243,12.527377200765313,31.480510797120154,24.048884363533595,16.469758185337074,16.42565917251899,21.834535509449303],
        [20.634106641268655,33.12217967016172,35.30130917332642,18.172720037109947,28.566889759967733,25.152467636558303,30.54166846435506,29.650175969295493,15.150048012040841,41.421426927727815,38.578512042961,4.787791833495538,22.74910705757093,28.603605513749326,8.990014321784352,19.586806773350464,12.841878169944273,25.71729846476252,22.063102473783346,42.94887833919049,9.167863132908199,12.66293268280074,40.80800780064158,34.7747964618724,22.91571807165519,31.219992442396524,29.47569922930665,14.104460061916921,32.93951100569789,18.134203876726563,22.105853093587765,16.592531661428684,0.0,29.994687759816777,32.14898332801479,7.695400326744897,20.195156688499164,34.42673222297188,29.185903289359402,15.071917709150217,20.634106641268655],
        [26.798451380417745,24.9344594458026,19.9585691765794,34.377117092289716,31.32534247513292,33.04044539103673,4.896920035029016,7.795526683171332,35.9220357258553,13.808035569672537,18.426377134292675,30.122538985034566,7.5500165489316515,4.197411093094393,21.468913637886754,16.775522838346394,22.437142626599147,29.212549323560168,40.99107370927202,21.08517195938333,35.91286989568216,28.056292697740727,19.82228338786699,24.55916875388796,11.467080565782526,18.22708940699888,6.240305769819928,17.40886073325051,3.0289958856195915,39.13197230692064,12.585916027856973,13.98298989028003,29.994687759816777,0.0,17.16328487790109,24.16441989219874,45.24131999374415,16.79265269049777,9.11632826181123,29.2484204609975,26.798451380417745],
        [38.934592826851954,8.228891371885258,36.93738968056259,26.540550141378187,45.34167199410425,45.612943095461844,12.386269825062403,24.665226525478808,43.76534086442975,29.121960212600772,35.56753586542082,34.70892818279418,19.364294858337182,20.836656867155458,23.654297966749994,29.184258249551124,31.396316451991606,16.60230806564453,50.17278886509591,37.95327811252115,33.734174614342166,36.68913806670273,9.086083722124743,7.4505120011043005,25.381939169606845,1.780512852370985,10.92764317234143,25.90066744596922,18.565549383220908,32.3664118643675,26.121929930889955,17.796180865715243,32.14898332801479,17.16328487790109,0.0,30.05780870917469,39.65033935413283,33.856351085881926,25.80873440067518,22.93723877737395,38.934592826851954],
        [14.036383499408005,32.93003833197302,27.608400197623574,23.289739080571117,22.147820205110488,19.59804623068653,25.672295887569163,22.614217727386812,13.729083948854294,34.472630161500454,30.975321820152825,6.003932968137349,16.63433575510107,22.100362115097322,7.306310696055074,11.925172600855943,5.3109191735441685,27.897340870013995,20.349654804531816,35.36566927934275,16.59589149251212,7.524263454212199,37.95844841923252,34.21617301771712,15.655561732155043,29.52224430151172,24.952732991552764,7.017746672037902,26.941950232526917,24.648037944948708,14.743735748403099,12.527377200765313,7.695400326744897,24.16441989219874,30.05780870917469,0.0,27.654111832597227,26.794700046849584,21.997566881686154,18.944428665260187,14.036383499408005],
        [40.72419515672065,36.1211560026386,54.86381240223457,13.301357110148661,48.49297298391208,44.624006393506825,43.89782984091285,47.31247155973935,32.3766874836821,58.39089893207331,57.55169069279064,24.29026498513564,39.28469717270656,45.254839830570646,25.00111893821158,39.122201973769016,32.93695850904415,25.074405623816862,38.24008755928941,61.78139666572346,11.06408538170643,32.5339921749796,48.61240829183955,38.283998894368,41.38692448659594,38.06865917021144,42.32081209241371,32.97446542419673,48.252005197156095,7.412703862858964,40.82024949496074,31.480510797120154,20.195156688499164,45.24131999374415,39.65033935413283,27.654111832597227,0.0,53.58257221703148,47.205192474342276,16.92469539307863,40.72419515672065],
        [19.965502466666912,41.32282353105935,3.2798451895635927,45.57354108608679,19.962913157607503,23.84123668514639,21.68730444281955,9.22484835648232,32.794472769715966,12.935995430814769,4.254609458835029,32.12917773734075,16.668294076061564,13.046839787252027,28.74562981004049,14.876500521839686,22.18913630639077,43.6462038128695,35.26837468170859,8.672177088593928,42.79830485352052,25.985373947618037,36.14384147218692,41.15829270707596,12.393724232632472,34.78079297688523,22.955972959190287,20.632978682292258,16.305438661101473,49.014250971724906,12.803847673648647,24.048884363533595,34.42673222297188,16.79265269049777,33.856351085881926,26.794700046849584,53.58257221703148,0.0,8.251924699761926,40.29033164798028,19.965502466666912],
        [19.905035625482213,33.124121984350104,11.166988845944118,38.194332901204874,23.021271454390025,25.495898254534186,13.942587280880428,1.4366636242687336,31.094374289825357,12.609925233925694,11.089357811802909,27.856373965052164,8.686348238974304,5.0207411300499185,22.215052081304574,11.195618403229744,18.45702810269503,35.518266139327636,35.0742057221673,14.876219810252444,36.802803537856,23.451115013094658,28.92012805308169,33.029150594118896,6.345513879289536,26.64984607933728,15.016546303393147,15.1025723084162,9.589089177060634,42.06823986442038,7.332198434919358,16.469758185337074,29.185903289359402,9.11632826181123,25.80873440067518,21.997566881686154,47.205192474342276,8.251924699761926,0.0,32.891665457550516,19.905035625482213],
        [32.83810380952207,20.720778966591265,42.22726047109174,5.302846506692999,40.92197042556087,38.53643861266209,27.321544141890303,32.6791068666473,30.161493260568687,42.86667584457206,43.84893705046918,19.62809783794395,24.344323881624177,29.997523278746307,12.663363233781247,27.45779964338889,23.6733014386573,11.167993047276028,37.10565423666366,47.76788165298594,11.761035169924595,26.194773647784547,31.994073883662978,22.744907407869416,27.93899998135222,21.44469771932116,25.668008716294057,21.076565000944452,32.180721614529226,10.042323707202485,27.712505735601223,16.42565917251899,15.071917709150217,29.2484204609975,22.93723877737395,18.944428665260187,16.92469539307863,40.29033164798028,32.891665457550516,0.0,32.83810380952207],
        [0.0,43.801614838159566,19.107936067285355,37.31787714895618,8.112022688422492,6.680673761236161,30.40059884817073,21.189512884448806,13.173026148496186,31.583912044678705,24.023617528944108,16.480867958113745,20.44029053869863,23.051024554705887,20.44117737787706,10.163424680810737,9.21411172087083,40.86639285250094,15.430727307010011,28.245859701431627,29.783032637431315,8.30968955087836,45.109707775194316,44.63498382459852,15.332132669245274,38.94911095428295,30.51752513508848,13.545683416621445,28.58869893952836,38.51166821944859,14.216851748667624,21.834535509449303,20.634106641268655,26.798451380417745,38.934592826851954,14.036383499408005,40.72419515672065,19.965502466666912,19.905035625482213,32.83810380952207,0.0]
    ],
    "end_depot": 40,
    "start_depot": 0,
    "truck_dist": [
        [0.0,57.77933577171169,22.857996117448664,41.91657699678481,9.194506794563075,9.184869887589958,42.93093638860114,27.627937664664444,16.932873036140055,36.37989893547159,26.704182491395102,22.503423333603305,28.906683515208247,31.616917856743445,21.408020674541813,14.36253283217383,9.54456576344997,46.890331746596175,17.043687730155643,32.59756245413287,39.28556412286555,11.582039864001995,63.718939181163414,59.856831566348205,21.3459724807237,53.31927850703872,43.157657136971764,17.40040427782079,39.08925492697239,47.781242173427344,19.87044929060309,28.707769535155766,26.9599271352882,37.35241831238818,53.87536942384465,16.08684768919897,54.63822071873797,21.137256141772646,25.59886562483134,34.478234481260415,0.0],
        [57.77933577171169,0.0,45.18984070406437,25.71302194112336,64.64015707820963,66.96420565930165,24.639987011311643,33.937359351496234,65.54689951846586,48.246897230530486,49.03602707801081,51.71023735644448,28.872652256503446,30.2735050731415,36.371315097169884,43.41680293953786,48.23477000826172,11.453076876132059,74.82302350186734,54.929407040748586,42.59044121967739,55.7898048087401,19.222461889993937,2.2888089661772524,36.433363290988,8.50719168873334,22.096661277035977,40.3789314938909,32.65935945536051,31.640283102304156,37.9088864811086,29.071566236555928,46.61264232080845,28.74361805373035,10.963044886129808,46.149483884889555,39.56986079257482,43.469100728388355,34.04162533713621,26.667706584780312,57.77933577171169],
        [22.857996117448664,45.18984070406437,0.0,64.77457311423348,21.273956114638416,23.59800469573044,28.51780158046066,13.21480285652396,39.790869153588716,21.966764127331103,6.590556196543629,45.36141945105197,22.978838015866234,17.203783048602965,42.28426997493497,22.3029707759061,31.729353059684566,56.642917580196425,36.48618011252118,9.73956633668421,62.143560240314216,34.44003598145066,49.30580437302293,45.44369675820772,19.05036651008624,38.906143698898234,28.74452232883128,30.870299744687365,24.676120118831903,70.63923829087601,19.791566226393186,34.23155537316046,49.81792325273686,22.939283504247705,39.46223461570417,38.94484380664763,77.49621683618662,4.3074148710238465,11.185730816690857,57.33623059870908,22.857996117448664],
        [41.91657699678481,25.71302194112336,64.77457311423348,0.0,51.111083791347895,44.1303902129758,44.22471942148074,53.52209176166534,39.8338775773425,67.83162964069959,68.62075948817991,25.997215415321126,41.795735098367246,49.8582374833106,22.4903031392985,42.47160233832737,33.045220054548906,14.82401791600784,49.11000156074398,74.51413945091768,16.877419278554033,30.334537132782817,38.80719430016304,27.790517735759874,45.72420660414724,28.091924098902442,41.68139368720508,33.90427336954611,52.24409186552961,5.927261161180799,44.98300688784029,30.54301774107301,20.899620379685086,48.328350463899454,30.54777729629891,25.829729307585843,13.856838851451464,63.053833138557465,53.62635774730531,7.438342515524402,41.91657699678481],
        [9.194506794563075,64.64015707820963,21.273956114638416,51.111083791347895,0.0,6.980693578372094,49.79175769509908,34.488758971162376,26.12737983070313,43.24072024196952,27.864512311182047,31.69793012816638,35.76750482170618,38.47773916324138,28.620780652049387,21.223354138671763,18.065863736798978,53.7511530530941,22.822690789635597,29.948829072323573,48.48007091742862,20.77654665856507,70.57976048766135,66.71765287284614,28.20679378722163,60.18009981353665,50.01847844346969,24.261225584318723,45.95007623347032,56.97574896799041,26.731270597101023,35.5685908416537,36.15443392985128,44.21323961888612,60.736190730342585,25.281354483762044,63.83272751330104,25.58137098566226,32.45968693132927,43.67274127582348,9.194506794563075],
        [9.184869887589958,66.96420565930165,23.59800469573044,44.1303902129758,6.980693578372094,0.0,52.1158062761911,36.8128075522544,19.146686252331037,45.56476882306154,30.18856089227407,24.717236549794286,38.091553402798205,40.80178774433341,30.59289056213177,23.547402719763788,18.72943565103993,56.07520163418613,15.841997211263504,32.2728776534156,41.49937733905653,13.795853080192977,72.90380906875336,69.04170145393817,30.530842368313657,62.50414839462867,52.34252702456172,26.58527416541075,48.27412481456234,49.99505538961832,29.05531917819305,37.892639422745724,29.173740351479182,46.53728819997815,63.06023931143461,20.814721774412096,56.85203393492895,27.90541956675429,34.7837355124213,40.29649907452134,9.184869887589958],
        [42.93093638860114,24.639987011311643,28.51780158046066,44.22471942148074,49.79175769509908,52.1158062761911,0.0,15.3029987239367,50.69850013535531,23.60691021921884,24.396040066699165,36.861837973333934,14.024252873392896,11.314018531857696,21.734416282182245,28.568403556427313,33.38637062515117,36.093063887443705,59.974624118756786,30.28942002943694,41.59370654756148,40.941405425629554,20.788002792562267,22.35117804513439,21.584963907877444,16.132795322578303,2.543325734275667,25.530532110780353,8.019372444048866,50.089384598123274,23.060487097998053,14.223166853445377,31.764242937697894,5.578518076212957,13.676942125181835,31.301084501779005,56.9463631434339,24.21038670943681,17.332070763769803,36.786376905956345,42.93093638860114],
        [27.627937664664444,33.937359351496234,13.21480285652396,53.52209176166534,34.488758971162376,36.8128075522544,15.3029987239367,0.0,35.39550141141861,14.30953787903425,15.098667726514575,34.10893809848383,11.726356663298095,3.988980192079003,31.031788622366836,13.265404832490614,20.476871707116427,45.390436227628285,44.67162539482008,20.99204768925235,50.891078887746076,25.638406701692855,36.09100151649896,32.22889390168376,7.797885157518099,25.69134084237427,15.529719472307319,19.617818392119226,11.461317262307944,59.38675693830787,8.539084873825047,22.979074020592325,38.56544190016872,9.724480647723743,26.24743175918021,27.692362454079493,66.24373548361848,9.531741376892123,2.0290720398331032,46.08374924614094,27.627937664664444],
        [16.932873036140055,65.54689951846586,39.790869153588716,39.8338775773425,26.12737983070313,19.146686252331037,50.69850013535531,35.39550141141861,0.0,44.14746268222575,43.63705552753515,13.836662162021376,36.674247261962414,39.38448160349762,29.17558442129598,22.130096578927997,17.312129510204137,54.657895493350345,9.276123983401476,49.53043549027293,22.95645829878847,9.757094709725756,71.48650292791757,67.62439531310238,29.113536227477866,61.08684225379288,50.92522088372593,25.167968024574957,46.85681867372656,33.906616416161704,27.638013037357258,36.47533328190993,18.934257197657416,45.11998205914236,61.642933170598816,19.397415633576305,37.7053476825979,38.070129177912705,33.36642937158551,38.87919293368555,16.932873036140055],
        [36.37989893547159,48.246897230530486,21.966764127331103,67.83162964069959,43.24072024196952,45.56476882306154,23.60691021921884,14.30953787903425,44.14746268222575,0.0,15.376207930787473,48.41847597751808,26.035894542332347,17.973392157388986,45.341326501401085,25.360027302372213,34.78640958615068,59.69997410666255,53.42358666562723,13.291891169645945,65.20061676678031,37.49709250791677,29.024435340536545,45.958088264353236,22.10742303655235,39.73970554179714,26.15023595349451,33.92735627115348,15.587537775169976,73.6962948173421,22.8486227528593,37.288611899626574,52.874979779202974,19.503279176800135,37.28385234440068,42.00190033311374,80.55327336265273,17.659349256307255,14.205271893394274,60.393287125175185,36.37989893547159],
        [26.704182491395102,49.03602707801081,6.590556196543629,68.62075948817991,27.864512311182047,30.18856089227407,24.396040066699165,15.098667726514575,43.63705552753515,15.376207930787473,0.0,49.2076058249984,26.82502438981267,18.76252200486931,46.13045634888141,26.149157149852535,35.575539433631,60.48910395414287,40.33236648646762,5.893379962737774,65.98974661426064,38.28622235539709,42.71524817647929,46.74721811183356,22.896552884032673,40.52883538927747,26.939365800974834,34.7164861186338,18.085563922288273,74.48542466482243,23.637752600339624,38.0777417471069,53.6641096266833,20.29240902428046,38.072982191881,42.79103018059406,81.34240321013306,5.566926349622452,14.994401740874599,61.18241697265551,26.704182491395102],
        [22.503423333603305,51.71023735644448,45.36141945105197,25.997215415321126,31.69793012816638,24.717236549794286,36.861837973333934,34.10893809848383,13.836662162021376,48.41847597751808,49.2076058249984,0.0,22.837585099941037,30.445083820129096,15.338922259274604,23.05844867514587,13.632066391367403,40.82123333132897,23.112786145422852,55.10098578773618,16.782140789262243,10.92138346960131,57.6498407658962,53.787733151081,26.31105294096573,47.250180091771504,37.08855872170456,14.491119706364604,33.02015651170518,25.277818839824036,25.569853224658782,22.638671119888556,5.09759503563604,31.28331989712098,47.80627100857744,6.416575644404336,32.13479738513466,43.640679475375954,34.2132040841238,25.042530771664175,22.503423333603305],
