{
    "drone_dist": [
        [0.0,16.645493403989192,27.25380750124638,36.20880329354603,40.07936042166034,21.36910381607016,24.512998681765094,2.8295964588431413,28.888439339758257,38.52274897760407,15.696953501713342,26.551182373588937,20.627282174566034,27.940318692061883,25.244465544786795,18.987733931859168,2.2792088279010323,29.338540006541727,28.426016640528452,10.489810460899141,0.0],
        [16.645493403989192,0.0,10.777296643378106,26.98207162037232,29.617094752663974,21.642151212491903,34.202175960490834,16.326225776549027,16.379785134961605,42.43584445025905,22.287973907438346,15.70854352375514,12.648800981053396,12.168117109507559,8.638919596391872,3.4762047309062765,17.000658268876514,22.992938051998966,20.595539543434242,27.054078442864178,16.645493403989192],
        [27.25380750124638,10.777296643378106,0.0,27.829331892022477,28.914604958022117,29.378164584484,43.94116220964612,26.59077436947841,11.599554280279339,49.786457751275364,31.96544945236915,13.305341951316278,14.89951915738035,3.4069042245771106,2.3823178395345828,8.361319490433749,27.749129319733264,26.862416773395996,19.341411333366995,37.725245393510534,27.25380750124638],
        [36.20880329354603,26.98207162037232,27.829331892022477,0.0,4.491637583853613,18.70596953583214,34.69087547682398,37.82957169171988,39.25868153252626,30.05246860049751,26.844633145257557,40.27958365996213,39.191037991553856,31.236187069944318,26.39731976008513,28.974707870780087,34.80770389548454,7.922187204282277,46.10257523921083,43.267585983601485,36.20880329354603],
        [40.07936042166034,29.617094752663974,28.914604958022117,4.491637583853613,0.0,23.18381170024795,39.14246530211867,41.55413273345341,40.50371201170162,33.69915935672522,31.28954874336681,41.855213157934074,41.37864572814227,32.282806437127554,27.79551401501962,31.225906671769724,38.78550492914312,12.399789541965212,47.80313041219258,47.48827157833767,40.07936042166034],
        [21.36910381607016,21.642151212491903,29.378164584484,18.70596953583214,23.18381170024795,0.0,17.014299384541456,23.786217928948293,37.921937714061535,20.803800496680434,8.282688224603186,37.33498234546466,33.52209136051947,32.140572411578574,27.062364535436277,25.023438055202707,19.36610432222252,10.784719129045458,41.89217502052015,25.805798155775303,21.36910381607016],
        [24.512998681765094,34.202175960490834,43.94116220964612,34.69087547682398,39.14246530211867,17.014299384541456,0.0,27.30699840399029,50.15321804168055,17.351899060668764,11.984127989780562,48.65956410639857,43.48559291806055,46.12624487197874,41.559267630057576,37.63132132540523,22.32907209172642,27.063707352382934,51.85009848254814,21.291359375976032,24.512998681765094],
        [2.8295964588431413,16.326225776549027,26.59077436947841,37.82957169171988,41.55413273345341,23.786217928948293,27.30699840399029,0.0,27.153100634130634,41.31563270706798,18.452357780977188,24.62956821543379,18.579259674898474,26.942225407749685,24.72925192380139,18.23287478455017,5.101322919600163,31.23510828781578,26.097098839223424,11.780787718155494,2.8295964588431413],
        [28.888439339758257,16.379785134961605,11.599554280279339,39.25868153252626,40.50371201170162,37.921937714061535,50.15321804168055,27.153100634130634,0.0,58.72320048151789,38.414567939150075,3.354522205255073,9.119137937581256,8.297674189395007,12.86567913123271,12.928179868865191,30.21701623234587,37.486306345493055,8.468135637615708,38.928648731326675,28.888439339758257],
        [38.52274897760407,42.43584445025905,49.786457751275364,30.05246860049751,33.69915935672522,20.803800496680434,17.351899060668764,41.31563270706798,58.72320048151789,0.0,22.914902498164583,58.107565206878,54.0562687001801,52.71629053164287,47.54120034464339,45.826779995307916,36.247636524382266,24.946868440205385,62.49879507271455,37.96666523237397,38.52274897760407],
        [15.696953501713342,22.287973907438346,31.96544945236915,26.844633145257557,31.28954874336681,8.282688224603186,11.984127989780562,18.452357780977188,38.414567939150075,22.914902498164583,0.0,37.12055617148441,32.28235504489629,34.14763317718951,29.58431422802368,25.740312715775946,13.443913608116738,18.940667555951975,40.74826086402378,17.916469653747065,15.696953501713342],
        [26.551182373588937,15.70854352375514,13.305341951316278,40.27958365996213,41.855213157934074,37.33498234546466,48.65956410639857,24.62956821543379,3.354522205255073,58.107565206878,37.12055617148441,0.0,6.155248810674582,10.330590652841181,14.068715618452527,12.444576079180761,28.036228774426103,37.85971997211766,6.036323346550806,36.351847374467106,26.551182373588937],
        [20.627282174566034,12.648800981053396,14.89951915738035,39.191037991553856,41.37864572814227,33.52209136051947,43.48559291806055,18.579259674898474,9.119137937581256,54.0562687001801,32.28235504489629,6.155248810674582,0.0,12.96145863580639,14.654469398845027,10.216332126219639,22.241883627773284,35.63369121105671,8.48145835438191,30.250845884405035,20.627282174566034],
        [27.940318692061883,12.168117109507559,3.4069042245771106,31.236187069944318,32.282806437127554,32.140572411578574,46.12624487197874,26.942225407749685,8.297674189395007,52.71629053164287,34.14763317718951,10.330590652841181,12.96145863580639,0.0,5.249310162153967,9.079439112591093,28.695389225267444,30.148901251732095,16.32244654725186,38.42007654315741,27.940318692061883],
        [25.244465544786795,8.638919596391872,2.3823178395345828,26.39731976008513,27.79551401501962,27.062364535436277,41.559267630057576,24.72925192380139,12.86567913123271,47.54120034464339,29.58431422802368,14.068715618452527,14.654469398845027,5.249310162153967,0.0,6.658752838191538,25.6388998074206,24.936396939556566,20.054941711345034,35.68230915219665,25.244465544786795],
        [18.987733931859168,3.4762047309062765,8.361319490433749,28.974707870780087,31.225906671769724,25.023438055202707,37.63132132540523,18.23287478455017,12.928179868865191,45.826779995307916,25.740312715775946,12.444576079180761,10.216332126219639,9.079439112591093,6.658752838191538,0.0,19.641219476984197,25.67446102701355,17.64005494721491,29.476850759978994,18.987733931859168],
        [2.2792088279010323,17.000658268876514,27.749129319733264,34.80770389548454,38.78550492914312,19.36610432222252,22.32907209172642,5.101322919600163,30.21701623234587,36.247636524382266,13.443913608116738,28.036228774426103,22.241883627773284,28.695389225267444,25.6388998074206,19.641219476984197,0.0,27.735265950962408,30.226797040484715,10.172985292343883,2.2792088279010323],
        [29.338540006541727,22.992938051998966,26.862416773395996,7.922187204282277,12.399789541965212,10.784719129045458,27.063707352382934,31.23510828781578,37.486306345493055,24.946868440205385,18.940667555951975,37.85971997211766,35.63369121105671,30.148901251732095,24.936396939556566,25.67446102701355,27.735265950962408,0.0,43.3056515051591,35.68860124916055,29.338540006541727],
        [28.426016640528452,20.595539543434242,19.341411333366995,46.10257523921083,47.80313041219258,41.89217502052015,51.85009848254814,26.097098839223424,8.468135637615708,62.49879507271455,40.74826086402378,6.036323346550806,8.48145835438191,16.32244654725186,20.054941711345034,17.64005494721491,30.226797040484715,43.3056515051591,0.0,37.374996346475996,28.426016640528452],
        [10.489810460899141,27.054078442864178,37.725245393510534,43.267585983601485,47.48827157833767,25.805798155775303,21.291359375976032,11.780787718155494,38.928648731326675,37.96666523237397,17.916469653747065,36.351847374467106,30.250845884405035,38.42007654315741,35.68230915219665,29.476850759978994,10.172985292343883,35.68860124916055,37.374996346475996,0.0,10.489810460899141],
        [0.0,16.645493403989192,27.25380750124638,36.20880329354603,40.07936042166034,21.36910381607016,24.512998681765094,2.8295964588431413,28.888439339758257,38.52274897760407,15.696953501713342,26.551182373588937,20.627282174566034,27.940318692061883,25.244465544786795,18.987733931859168,2.2792088279010323,29.338540006541727,28.426016640528452,10.489810460899141,0.0]
    ],
    "end_depot": 20,
    "start_depot": 0,
    "truck_dist": [
        [0.0,21.556268147444637,33.77278603704328,47.874535703935535,54.09998183748287,21.5883035364925,34.627018253727314,3.9091219601311913,32.37889031884543,50.54194618106973,19.845333854315403,31.634491391195617,25.63558421604291,32.072030109888566,32.08472936777999,22.777960149434325,3.0552103778482262,36.72806143145969,37.62799382969595,12.469869427342184,0.0],
        [21.556268147444637,0.0,12.216517889598645,27.629932513105445,32.54371369003823,30.60660699820511,44.085993086126386,22.41183681249459,22.919915486446353,60.000921013468805,29.304308686714478,22.17551655879654,16.176609383643836,13.62148664172155,10.528461220335355,4.761876448903813,20.52900220843347,28.760512670556473,28.169018997296877,34.02613757478682,21.556268147444637],
        [33.77278603704328,12.216517889598645,0.0,36.74349035468708,35.48117628613157,39.72016483978675,53.19955092770803,34.62835470209323,13.806357644864711,69.11447885505045,38.417866528296116,13.544352452320759,19.85206903968604,4.507928800139908,2.91570596228172,10.994825887608958,32.74552009803212,37.87407051213812,19.623195073076715,46.242655464385464,33.77278603704328],
        [47.874535703935535,27.629932513105445,36.74349035468708,0.0,6.225446133547337,26.286232167443032,46.2180890249054,48.73010436898549,50.5498479995518,32.37098850036336,37.92710273453763,49.80544907190198,43.80654189674928,41.25141915482699,33.82778439240536,32.39180896200926,46.84726976492436,11.146474272475835,55.798951510402325,60.34440513127771,47.874535703935535],
        [54.09998183748287,32.54371369003823,35.48117628613157,6.225446133547337,0.0,32.51167830099037,52.44353515845274,54.95555050253282,49.28753393099628,33.76488769428202,44.15254886808496,48.54313500334648,42.54422782819377,39.98910508627148,32.56547032384985,31.322021688048544,53.0727158984717,17.371920406023172,54.536637441846814,66.56985126482505,54.09998183748287],
        [21.5883035364925,30.60660699820511,39.72016483978675,26.286232167443032,32.51167830099037,0.0,19.93185685746237,25.056754125937225,53.526522484651466,29.394314015263696,11.640870567094595,52.782123557001654,46.783216381848945,44.228093639926655,36.80445887750503,35.36848344710892,20.561037597481334,15.139757894967197,58.77562599550199,34.05817296383468,21.5883035364925],
        [34.627018253727314,44.085993086126386,53.19955092770803,46.2180890249054,52.44353515845274,19.93185685746237,0.0,38.5361402138585,67.00590857257274,18.678647464170723,14.781684399411908,66.26150964492292,60.26260246977022,57.70747972784794,50.28384496542631,48.8478695350302,31.571807875879085,35.07161475242957,72.25501208342327,26.591185784330325,34.627018253727314],
        [3.9091219601311913,22.41183681249459,34.62835470209323,48.73010436898549,54.95555050253282,25.056754125937225,38.5361402138585,0.0,28.469768358714237,54.45106814120092,23.754455814446594,27.725369431064426,21.72646225591172,32.92759877493852,32.94029803282994,23.63352881448428,6.9643323379794175,37.58363009650965,33.718871869564765,11.944954429528176,3.9091219601311913],
        [32.37889031884543,22.919915486446353,13.806357644864711,50.5498479995518,49.28753393099628,53.526522484651466,67.00590857257274,28.469768358714237,0.0,82.92083649991517,52.224224173160835,4.685243716991948,10.99296030435723,9.298428844724803,16.72206360714643,18.15803903754254,35.434100696693655,51.68042815700282,10.764086337747905,40.414722788242415,32.37889031884543],
        [50.54194618106973,60.000921013468805,69.11447885505045,32.37098850036336,33.76488769428202,29.394314015263696,18.678647464170723,54.45106814120092,82.92083649991517,0.0,30.696612326754327,82.17643757226534,76.17753039711263,73.62240765519036,66.19877289276873,64.76279746237262,47.48673580322151,31.240408342912332,88.16994001076569,42.50611371167275,50.54194618106973],
        [19.845333854315403,29.304308686714478,38.417866528296116,37.92710273453763,44.15254886808496,11.640870567094595,14.781684399411908,23.754455814446594,52.224224173160835,30.696612326754327,0.0,51.47982524551102,45.480918070358314,42.925795328436024,35.502160566014396,34.06618513561829,16.790123476467176,26.78062846206179,57.47332768401135,22.417302396740087,19.845333854315403],
        [31.634491391195617,22.17551655879654,13.544352452320759,49.80544907190198,48.54313500334648,52.782123557001654,66.26150964492292,27.725369431064426,4.685243716991948,82.17643757226534,51.47982524551102,0.0,6.307716587365281,11.843596525166042,15.97766467949662,17.41364010989273,34.68970176904384,50.93602922935302,6.078842620755958,39.670323860592596,31.634491391195617],
        [25.63558421604291,16.176609383643836,19.85206903968604,43.80654189674928,42.54422782819377,46.783216381848945,60.26260246977022,21.72646225591172,10.99296030435723,76.17753039711263,45.480918070358314,6.307716587365281,0.0,18.151313112531323,18.16401237042275,11.414732934740023,28.690794593891138,44.93712205420031,11.992409613653042,33.671416685439894,25.63558421604291],
        [32.072030109888566,13.62148664172155,4.507928800139908,41.25141915482699,39.98910508627148,44.228093639926655,57.70747972784794,32.92759877493852,9.298428844724803,73.62240765519036,42.925795328436024,11.843596525166042,18.151313112531323,0.0,7.423634762421628,9.294069960454241,31.0447641708774,42.381999312278026,17.922439145922,44.541899537230755,32.072030109888566],
        [32.08472936777999,10.528461220335355,2.91570596228172,33.82778439240536,32.56547032384985,36.80445887750503,50.28384496542631,32.94029803282994,16.72206360714643,66.19877289276873,35.502160566014396,15.97766467949662,18.16401237042275,7.423634762421628,0.0,9.306769218345668,31.057463428768827,34.9583645498564,21.971167117996956,44.554598795122175,32.08472936777999],
        [22.777960149434325,4.761876448903813,10.994825887608958,32.39180896200926,31.322021688048544,35.36848344710892,48.8478695350302,23.63352881448428,18.15803903754254,64.76279746237262,34.06618513561829,17.41364010989273,11.414732934740023,9.294069960454241,9.306769218345668,0.0,21.75069421042316,33.522389119460286,23.407142548393065,35.24782957677651,22.777960149434325],
        [3.0552103778482262,20.52900220843347,32.74552009803212,46.84726976492436,53.0727158984717,20.561037597481334,31.571807875879085,6.9643323379794175,35.434100696693655,47.48673580322151,16.790123476467176,34.68970176904384,28.690794593891138,31.0447641708774,31.057463428768827,21.75069421042316,0.0,35.700795492448535,40.68320420754418,13.49713536635335,3.0552103778482262],
        [36.72806143145969,28.760512670556473,37.87407051213812,11.146474272475835,17.371920406023172,15.139757894967197,35.07161475242957,37.58363009650965,51.68042815700282,31.240408342912332,26.78062846206179,50.93602922935302,44.93712205420031,42.381999312278026,34.9583645498564,33.522389119460286,35.700795492448535,0.0,56.929531667853354,49.19793085880188,36.72806143145969],
        [37.62799382969595,28.169018997296877,19.623195073076715,55.798951510402325,54.536637441846814,58.77562599550199,72.25501208342327,33.718871869564765,10.764086337747905,88.16994001076569,57.47332768401135,6.078842620755958,11.992409613653042,17.922439145922,21.971167117996956,23.407142548393065,40.68320420754418,56.929531667853354,0.0,45.663826299092946,37.62799382969595],
        [12.469869427342184,34.02613757478682,46.242655464385464,60.34440513127771,66.56985126482505,34.05817296383468,26.591185784330325,11.944954429528176,40.414722788242415,42.50611371167275,22.417302396740087,39.670323860592596,33.671416685439894,44.541899537230755,44.554598795122175,35.24782957677651,13.49713536635335,49.19793085880188,45.663826299092946,0.0,12.469869427342184],
        [0.0,21.556268147444637,33.77278603704328,47.874535703935535,54.09998183748287,21.5883035364925,34.627018253727314,3.9091219601311913,32.37889031884543,50.54194618106973,19.845333854315403,31.634491391195617,25.63558421604291,32.072030109888566,32.08472936777999,22.777960149434325,3.0552103778482262,36.72806143145969,37.62799382969595,12.469869427342184,0.0]
    ],
    "vertex_count": 21
}