{
    "drone_dist": [
        [0.0,24.487515086459467,4.146752913120065,19.953346274705524,38.527880024381055,17.07253578733789,15.630388946122874,24.707328045063953,35.032045731470646,20.742844761152547,4.789749732135804,35.18006218783792,31.166996314114083,31.995804760088962,17.124161310258636,34.61354210841214,22.00930176834021,19.905255610577086,15.695651401538939,12.940281232289834,21.601094182911975,5.577262379331808,17.855766671004947,20.116899399182408,22.872177559342063,13.95144520013661,26.791835498536866,22.240975513212152,28.712941206421675,12.815648066487967,0.0],
        [24.487515086459467,0.0,20.343579533785267,26.00081863035025,19.616992296734118,16.896853388044224,31.939272108501243,33.94789802617728,19.987505916329482,22.950796339131994,26.995849111686077,16.058212322154137,22.31588055608489,37.79639652392599,35.11315586956736,42.701315166727966,6.870595935969019,15.177323297779996,38.27654683319047,33.60845589976756,42.82548338897793,20.663537227070414,28.39312532068033,16.30224292968329,4.297348473647715,32.05796402760011,7.453682010186892,43.45476086494951,24.48575221671491,34.30095683900647,24.487515086459467],
        [4.146752913120065,20.343579533785267,0.0,19.1344952487468,34.77559013576921,14.47239288493178,16.943518964226676,24.71878122273312,31.582366404749557,19.165669890780425,7.700670545884007,31.362513311994057,28.298357600008767,31.6087426488705,19.068951886814393,34.7849753337723,18.10524443520112,16.949621695941605,19.259323058411713,15.777997713944202,24.69019264658172,3.575001875448655,17.66591734846796,17.12240331496909,18.771362252612438,15.96868230709728,22.78998703568093,25.3376966290975,26.374265470308647,15.936448722988937,4.146752913120065],
        [19.953346274705524,26.00081863035025,19.1344952487468,0.0,45.364358560859586,9.142042936313247,35.537007410716505,43.85303275353569,44.43969091391137,3.7945177569612834,16.98925317484125,41.734704146784615,43.78276108307377,50.654869106710834,37.04652030381424,53.91911916447474,19.433394955508433,11.160803173272068,21.447754386065693,16.21161828971007,40.38188626304432,22.68344364879521,36.798174887506,33.26253521959595,27.74034570769314,12.701075974841249,32.46718286992502,40.982026328050104,43.333938299795506,17.584912597284085,19.953346274705524],
        [38.527880024381055,19.616992296734118,34.77559013576921,45.364358560859586,0.0,36.22417065890062,38.32355369785235,34.443383883343024,6.165832089044866,42.4909127921009,42.43692175953371,3.638919474619794,13.885111556113303,34.18271513534036,41.65342254641746,39.48811407310858,26.482774464782636,34.769710288339674,54.03363088264247,50.2098112079128,50.40780617401935,33.20178194169856,32.41657928967762,19.91393349212614,17.731241191973623,49.48820281928243,12.971483973217124,50.93099677991653,19.008540019395653,50.56537256707412,38.527880024381055],
        [17.07253578733789,16.896853388044224,14.47239288493178,9.142042936313247,36.22417065890062,0.0,31.350347284030736,38.12919176096186,35.433385361074805,6.589303148548056,16.355227842729665,32.596022667897486,35.25419959480078,44.31988901805151,33.540240999927605,48.138633607510634,10.518717063411236,3.3115521367604575,25.12826857628196,19.799874586618547,38.67360892761159,17.52499675258726,31.152569565059377,25.23203795373349,18.634480164168536,17.18433760771316,23.343770733379888,39.313289380468035,35.31469075265001,20.899193535923136,17.07253578733789],
        [15.630388946122874,31.939272108501243,16.943518964226676,35.537007410716505,38.32355369785235,31.350347284030736,0.0,10.603835618236474,33.013883748278865,36.009441401044754,19.533982224024324,35.86494248325287,26.438085651579748,18.189030667560903,3.375493379680827,19.640634235414026,32.62017091350201,33.58459913747864,26.129388135183646,26.10465228960682,12.084833791850762,13.869126697209026,6.397538799038653,18.77361380729016,28.513127623105735,28.346974027082663,30.3987505720017,12.61556367451218,21.960683183422194,25.33144069473303,15.630388946122874],
        [24.707328045063953,33.94789802617728,24.71878122273312,43.85303275353569,34.443383883343024,38.12919176096186,10.603835618236474,0.0,28.455373933309012,43.657404901054036,29.142726340370377,32.837764109254515,20.884548572370566,7.6030134659438,12.141149117988997,10.074885112282637,36.63371410611124,39.726929592869915,36.68461395816464,36.321808682780464,19.505084597762117,21.17629026350404,7.0601550078567215,17.957628143387673,29.853527253898744,38.25575116660477,30.0859307355135,19.793179830677047,15.72301397413789,35.65293658026741,24.707328045063953],
        [35.032045731470646,19.987505916329482,31.582366404749557,44.43969091391137,6.165832089044866,35.433385361074805,33.013883748278865,28.455373933309012,0.0,41.94224710615127,39.276029307038904,6.210850497673451,7.733149947309347,28.01692960037771,36.28644763087349,33.32355096854951,26.674153671186705,34.51787529282937,50.716088261336,47.31526270630125,45.055029447847545,29.52018108817794,26.90778166608167,15.339677915765543,16.939552415112303,47.00469567743956,12.55725594813502,45.55293267936899,12.889327166367822,47.518704374336814,35.032045731470646],
        [20.742844761152547,22.950796339131994,19.165669890780425,3.7945177569612834,42.4909127921009,6.589303148548056,36.009441401044754,43.657404901054036,41.94224710615127,0.0,18.543032931017446,38.88298714850159,41.836868945679264,50.164091156900504,37.81947967347282,53.72564808205442,16.211382438803966,7.818200095367754,24.51684664983181,19.162754200321782,41.88763676847016,22.577467225247542,36.60826257042275,31.70056639332933,25.065765544078833,15.820726200533814,29.720082173523064,42.5061758819965,41.797410772080106,20.48532634605784,20.742844761152547],
        [4.789749732135804,26.995849111686077,7.700670545884007,16.98925317484125,42.43692175953371,16.355227842729665,19.533982224024324,29.142726340370377,39.276029307038904,18.543032931017446,0.0,38.993735475592715,35.758597006747,36.539012912494535,20.488313191509505,38.91514698579977,23.404442849155235,19.53639759552662,11.619257357450444,8.223562659733556,23.420028663794703,10.189043868690916,22.426964336097125,24.63243587816812,26.01194678262217,9.214995478353242,30.252389324543437,24.02793416525334,33.45233851363666,8.256014859539189,4.789749732135804],
        [35.18006218783792,16.058212322154137,31.362513311994057,41.734704146784615,3.638919474619794,32.596022667897486,35.86494248325287,32.837764109254515,6.210850497673451,38.88298714850159,38.993735475592715,0.0,13.140030799205164,33.3499306614132,39.22523764691349,38.684211668003215,22.92880706399705,31.18064394079879,50.60533083836293,46.6997026873064,47.9328907000127,29.932678787656535,30.177885259598085,17.184923672360764,14.09302184585989,45.91681023838606,9.333796970675955,48.47601920194735,17.951421597091812,47.083373226387394,35.18006218783792],
        [31.166996314114083,22.31588055608489,28.298357600008767,43.78276108307377,13.885111556113303,35.25419959480078,26.438085651579748,20.884548572370566,7.733149947309347,41.836868945679264,35.758597006747,13.140030799205164,0.0,20.33110567791301,29.57907333914724,25.65343730810918,28.193196714699038,35.058336316557295,46.7344592669859,43.9740955307048,38.28988444684466,25.602967566371614,20.11691351978898,11.180266333409133,18.342637737594956,44.2286740890455,15.316632070158482,38.74901215030101,5.190425420679254,43.96514903282872,31.166996314114083],
        [31.995804760088962,37.79639652392599,31.6087426488705,50.654869106710834,34.18271513534036,44.31988901805151,18.189030667560903,7.6030134659438,28.01692960037771,50.164091156900504,36.539012912494535,33.3499306614132,20.33110567791301,0.0,19.449885469953426,5.334399891377969,41.49429444647094,45.58710915164623,44.28737667910831,43.86425048198511,25.912621311133638,28.033933885418175,14.140383055163396,21.518847862500916,33.52595775253774,45.70384196590223,32.71546227540163,26.088955648934267,15.407012229117347,43.22171266664497,31.995804760088962],
        [17.124161310258636,35.11315586956736,19.068951886814393,37.04652030381424,41.65342254641746,33.540240999927605,3.375493379680827,12.141149117988997,36.28644763087349,37.81947967347282,20.488313191509505,39.22523764691349,29.57907333914724,19.449885469953426,0.0,20.013766544406327,35.496741258396845,35.94954948467729,25.59883996550675,26.27249409529673,8.769271516950827,16.304582562141732,9.462227893699252,22.147798104118596,31.771742044972708,28.847545691601674,33.74846128779073,9.27905568794164,24.96586399953906,25.352691070398105,17.124161310258636],
        [34.61354210841214,42.701315166727966,34.7849753337723,53.91911916447474,39.48811407310858,48.138633607510634,19.640634235414026,10.074885112282637,33.32355096854951,53.72564808205442,38.91514698579977,38.684211668003215,25.65343730810918,5.334399891377969,20.013766544406327,0.0,46.056392838975604,49.63692779114779,45.55411365056167,45.74462158574837,24.89223733483086,31.248450161001063,17.134795201877477,26.400576815123962,38.46316174602208,47.909773480861396,37.87628805522841,24.937574722702774,20.74082719339754,44.96541390238077,34.61354210841214],
        [22.00930176834021,6.870595935969019,18.10524443520112,19.433394955508433,26.482774464782636,10.518717063411236,32.62017091350201,36.63371410611124,26.674153671186705,16.211382438803966,23.404442849155235,22.92880706399705,28.193196714699038,41.49429444647094,35.496741258396845,46.056392838975604,0.0,8.395537452193848,33.971360437564655,28.938977944560573,42.351368028949345,19.597163280935753,30.31912123516777,20.268027548683296,9.94784656930922,26.890077138070325,14.12838667336901,42.99727154861953,29.595675198757736,29.819973982545157,22.00930176834021],
        [19.905255610577086,15.177323297779996,16.949621695941605,11.160803173272068,34.769710288339674,3.3115521367604575,33.58459913747864,39.726929592869915,34.51787529282937,7.818200095367754,19.53639759552662,31.18064394079879,35.058336316557295,45.58710915164623,35.94954948467729,49.63692779114779,8.395537452193848,0.0,28.432731020410586,23.094406315846285,41.4634854136387,19.71848508679953,32.86133664089951,25.645164172267812,17.578409120213106,20.41206803467799,22.12608538509207,42.107121317870266,35.60476032773138,24.20440629066868,19.905255610577086],
        [15.695651401538939,38.27654683319047,19.259323058411713,21.447754386065693,54.03363088264247,25.12826857628196,26.129388135183646,36.68461395816464,50.716088261336,24.51684664983181,11.619257357450444,50.60533083836293,46.7344592669859,44.28737667910831,25.59883996550675,45.55411365056167,33.971360437564655,28.432731020410586,0.0,5.4023817444004685,24.354144650701894,21.2546109531726,30.864906461874497,35.777778553276484,37.56225594689378,8.74746952238441,41.85943621212124,24.78739341379957,43.92280004860127,4.2296403076271,15.695651401538939],
        [12.940281232289834,33.60845589976756,15.777997713944202,16.21161828971007,50.2098112079128,19.799874586618547,26.10465228960682,36.321808682780464,47.31526270630125,19.162754200321782,8.223562659733556,46.6997026873064,43.9740955307048,43.86425048198511,26.27249409529673,45.74462158574837,28.938977944560573,23.094406315846285,5.4023817444004685,0.0,26.786685098494143,18.411750013109142,29.936025343153272,32.83313354058564,33.252724329863256,3.6293907368368425,37.7162279961153,27.301818207678792,41.65182246344721,1.4043958600200936,12.940281232289834],
        [21.601094182911975,42.82548338897793,24.69019264658172,40.38188626304432,50.40780617401935,38.67360892761159,12.084833791850762,19.505084597762117,45.055029447847545,41.88763676847016,23.420028663794703,47.9328907000127,38.28988444684466,25.912621311133638,8.769271516950827,24.89223733483086,42.351368028949345,41.4634854136387,24.354144650701894,26.786685098494143,0.0,22.754517842379855,18.193999441107636,30.796186409075524,39.78366406021105,30.025257125048004,42.119050899596296,0.6480447827124226,33.57964909192048,25.566479650711837,21.601094182911975],
        [5.577262379331808,20.663537227070414,3.575001875448655,22.68344364879521,33.20178194169856,17.52499675258726,13.869126697209026,21.17629026350404,29.52018108817794,22.577467225247542,10.189043868690916,29.932678787656535,25.602967566371614,28.033933885418175,16.304582562141732,31.248450161001063,19.597163280935753,19.71848508679953,21.2546109531726,18.411750013109142,22.754517842379855,0.0,14.117737154154886,14.539754158920932,18.388240194199366,19.047645347307675,21.90796975686381,23.40026072034536,23.29519781326996,18.362799725737002,5.577262379331808],
        [17.855766671004947,28.39312532068033,17.66591734846796,36.798174887506,32.41657928967762,31.152569565059377,6.397538799038653,7.0601550078567215,26.90778166608167,36.60826257042275,22.426964336097125,30.177885259598085,20.11691351978898,14.140383055163396,9.462227893699252,17.134795201877477,30.31912123516777,32.86133664089951,30.864906461874497,29.936025343153272,18.193999441107636,14.117737154154886,0.0,13.521244564268649,24.550798487616767,31.61806890165803,25.65938429831859,18.67142258280063,15.566133857355567,29.38856730201942,17.855766671004947],
        [20.116899399182408,16.30224292968329,17.12240331496909,33.26253521959595,19.91393349212614,25.23203795373349,18.77361380729016,17.957628143387673,15.339677915765543,31.70056639332933,24.63243587816812,17.184923672360764,11.180266333409133,21.518847862500916,22.147798104118596,26.400576815123962,20.268027548683296,25.645164172267812,35.777778553276484,32.83313354058564,30.796186409075524,14.539754158920932,13.521244564268649,0.0,12.067624328848195,33.04910706537994,12.240562672373686,31.351422712682012,10.098777317789981,32.86639795568737,20.116899399182408],
        [22.872177559342063,4.297348473647715,18.771362252612438,27.74034570769314,17.731241191973623,18.634480164168536,28.513127623105735,29.853527253898744,16.939552415112303,25.065765544078833,26.01194678262217,14.09302184585989,18.342637737594956,33.52595775253774,31.771742044972708,38.46316174602208,9.94784656930922,17.578409120213106,37.56225594689378,33.252724329863256,39.78366406021105,18.388240194199366,24.550798487616767,12.067624328848195,0.0,32.14489463198057,4.760265972248918,40.40000264115526,20.247094734237663,33.78513853877969,22.872177559342063],
        [13.95144520013661,32.05796402760011,15.96868230709728,12.701075974841249,49.48820281928243,17.18433760771316,28.346974027082663,38.25575116660477,47.00469567743956,15.820726200533814,9.214995478353242,45.91681023838606,44.2286740890455,45.70384196590223,28.847545691601674,47.909773480861396,26.890077138070325,20.41206803467799,8.74746952238441,3.6293907368368425,30.025257125048004,19.047645347307675,31.61806890165803,33.04910706537994,32.14489463198057,0.0,36.75095198015988,30.561771470850783,42.3026932567446,5.033763574414484,13.95144520013661],
        [26.791835498536866,7.453682010186892,22.78998703568093,32.46718286992502,12.971483973217124,23.343770733379888,30.3987505720017,30.0859307355135,12.55725594813502,29.720082173523064,30.252389324543437,9.333796970675955,15.316632070158482,32.71546227540163,33.74846128779073,37.87628805522841,14.12838667336901,22.12608538509207,41.85943621212124,37.7162279961153,42.119050899596296,21.90796975686381,25.65938429831859,12.240562672373686,4.760265972248918,36.75095198015988,0.0,42.71211465496235,18.250330607788946,38.184762873949715,26.791835498536866],
        [22.240975513212152,43.45476086494951,25.3376966290975,40.982026328050104,50.93099677991653,39.313289380468035,12.61556367451218,19.793179830677047,45.55293267936899,42.5061758819965,24.02793416525334,48.47601920194735,38.74901215030101,26.088955648934267,9.27905568794164,24.937574722702774,42.99727154861953,42.107121317870266,24.78739341379957,27.301818207678792,0.6480447827124226,23.40026072034536,18.67142258280063,31.351422712682012,40.40000264115526,30.561771470850783,42.71211465496235,0.0,34.01072510368139,26.071231396595834,22.240975513212152],
        [28.712941206421675,24.48575221671491,26.374265470308647,43.333938299795506,19.008540019395653,35.31469075265001,21.960683183422194,15.72301397413789,12.889327166367822,41.797410772080106,33.45233851363666,17.951421597091812,5.190425420679254,15.407012229117347,24.96586399953906,20.74082719339754,29.595675198757736,35.60476032773138,43.92280004860127,41.65182246344721,33.57964909192048,23.29519781326996,15.566133857355567,10.098777317789981,20.247094734237663,42.3026932567446,18.250330607788946,34.01072510368139,0.0,41.49194133047463,28.712941206421675],
        [12.815648066487967,34.30095683900647,15.936448722988937,17.584912597284085,50.56537256707412,20.899193535923136,25.33144069473303,35.65293658026741,47.518704374336814,20.48532634605784,8.256014859539189,47.083373226387394,43.96514903282872,43.22171266664497,25.352691070398105,44.96541390238077,29.819973982545157,24.20440629066868,4.2296403076271,1.4043958600200936,25.566479650711837,18.362799725737002,29.38856730201942,32.86639795568737,33.78513853877969,5.033763574414484,38.184762873949715,26.071231396595834,41.49194133047463,0.0,12.815648066487967],
        [0.0,24.487515086459467,4.146752913120065,19.953346274705524,38.527880024381055,17.07253578733789,15.630388946122874,24.707328045063953,35.032045731470646,20.742844761152547,4.789749732135804,35.18006218783792,31.166996314114083,31.995804760088962,17.124161310258636,34.61354210841214,22.00930176834021,19.905255610577086,15.695651401538939,12.940281232289834,21.601094182911975,5.577262379331808,17.855766671004947,20.116899399182408,22.872177559342063,13.95144520013661,26.791835498536866,22.240975513212152,28.712941206421675,12.815648066487967,0.0]
    ],
    "end_depot": 30,
    "start_depot": 0,
    "truck_dist": [
        [0.0,33.769185460154794,5.758962951147167,28.0415393769905,53.097316049421636,20.109162871212092,22.103869105374145,33.66479001642007,46.284980795642774,28.070401464094118,5.209919796065906,48.87949029760087,37.16240664129704,42.534300113398075,23.762939380127285,47.89215516037334,27.30926879991548,21.89616376023708,20.348913196115177,13.53300527677563,25.407623603836086,6.901810727713796,23.70113953166675,24.969978311860007,32.29715964898489,16.587884080729708,37.833877363712304,26.078284204528835,30.507674113603496,14.64690813662028,0.0],
        [33.769185460154794,0.0,28.010222509007626,30.61575487025733,19.90166177645724,20.40638167356378,33.96176735610245,41.34065502154034,25.344736191777365,25.249574012727738,38.098173876811806,16.953201871216535,31.376473670614146,50.21016511851835,38.43785905935974,55.56802016549362,7.258075073562585,16.0774807816988,54.11809865626997,47.30219073693043,50.72994023710558,26.867374732440997,31.377004536787023,21.309626994347308,5.89640126002075,44.452244388622034,9.725894855853701,51.35455086740258,34.47414490561057,48.41609359677507,33.769185460154794],
        [5.758962951147167,28.010222509007626,0.0,26.934532072473587,47.33835309827447,19.00215556669518,23.210876409891057,34.77179732093698,40.526017844495605,26.963394159577206,10.08795136780418,43.1205273464537,31.40344369014987,43.64130741791499,24.8699466846442,48.999162464890254,21.55030584876831,20.789156455720168,26.107876147262346,19.291968227922794,26.514630908353,4.924954393547164,24.808146836183663,19.21101536071284,26.538196697837723,16.44202187961441,32.074914412565136,27.185291509045747,27.905287205007216,20.405871087767448,5.758962951147167],
        [28.0415393769905,30.61575487025733,26.934532072473587,0.0,49.94388545952417,10.20937319669355,50.145408482364644,61.70632939341057,45.710410563647585,5.3661808575295895,22.831619580924592,45.7260597077034,51.742148042484374,70.57583949038857,51.80447875711779,75.93369453736383,24.15583821001801,14.538274088558527,23.502343786012645,16.686435866673097,53.449162980826586,31.859486466020748,51.74267890865725,41.67530136621753,29.143729059087427,13.836489518364704,34.680446773814836,54.119823581519334,54.8398192774808,17.800338726517744,28.0415393769905],
        [53.097316049421636,19.90166177645724,47.33835309827447,49.94388545952417,0.0,39.73451226283061,53.28989794536929,43.73857514034892,6.812335253778855,44.577704601994576,57.42630446607865,4.217825751820763,15.93490940812459,37.66046538761734,57.76598964862657,42.97130653548349,27.159736850019822,35.40561137096564,73.44622924553681,66.63032132619726,70.05807082637241,46.195505321707834,44.384521335943894,28.127337737561625,20.80015640043674,63.78037497788887,15.263438685709332,70.68268145666941,22.589641935818136,67.74422418604192,53.097316049421636],
        [20.109162871212092,20.40638167356378,19.00215556669518,10.20937319669355,39.73451226283061,0.0,42.21303197658624,53.77395288763216,37.778034057869185,7.961238592882026,17.691792203248028,35.51668651100985,43.809771536705966,62.64346298461017,43.872102251339385,68.00131803158544,13.946465013324463,4.328900891864979,33.71171698270619,26.89580906336664,45.51678647504818,23.927109960242344,43.81030240287885,33.74292486043913,18.934355862393875,24.045862715058256,24.471073577121285,46.18744707574093,46.90744277170239,28.009711923211295,20.109162871212092],
        [22.103869105374145,33.96176735610245,23.210876409891057,50.145408482364644,53.28989794536929,42.21303197658624,0.0,11.560920911045926,46.47756269159043,50.17427056946826,27.31378890144005,49.07207219354852,37.354988537244694,20.43043100802393,4.476091703257286,25.788286054999197,37.037809184057004,44.000032865611225,30.971150400914055,34.42294069865048,16.768172881003125,18.285922016343893,8.905376609425392,25.162560207807662,32.48974154493254,38.69175318610385,38.02645925965996,17.39278351130013,30.70025600955115,32.778594055721115,22.103869105374145],
        [33.66479001642007,41.34065502154034,34.77179732093698,61.70632939341057,43.73857514034892,53.77395288763216,11.560920911045926,0.0,36.926239886570066,61.73519148051419,38.874709812485975,39.52074938852816,27.80366573222433,8.869510096978004,14.027414508277648,14.227365143953271,48.59873009510293,55.56095377665714,42.53207131195998,45.983861609696405,26.319495686023487,29.84684292738982,9.96365048475332,20.031028027193035,35.44425376151959,50.25267409714978,31.614760165686643,26.944106316320493,21.14893320453079,44.33951496676704,33.66479001642007],
        [46.284980795642774,25.344736191777365,40.526017844495605,45.710410563647585,6.812335253778855,37.778034057869185,46.47756269159043,36.926239886570066,0.0,45.73927265075121,50.613969212299786,8.391534320560828,9.122574154345735,30.848130133838488,50.95365439484772,36.15897128170464,32.60281126533995,39.56503494689417,66.63389399175796,59.8179860724184,63.24573557259355,39.38317006792898,37.57218608216504,21.31500248378277,19.448334931756612,56.968039724110014,15.618841335923662,63.87034620289056,15.77730668203928,60.93188893226306,46.284980795642774],
        [28.070401464094118,25.249574012727738,26.963394159577206,5.3661808575295895,44.577704601994576,7.961238592882026,50.17427056946826,61.73519148051419,45.73927265075121,0.0,22.860481668028214,40.359878850173814,51.77101012958799,70.6047015774922,51.833340844221404,75.96255662446745,18.789657352488423,9.172093231028938,28.86852464354223,22.052616724202682,53.478025067930204,31.888348553124374,51.77154099576087,41.70416345332116,26.2909377189946,19.202670375894293,30.12043131482755,54.14868566862295,54.868681364584425,23.166519584047336,28.070401464094118],
        [5.209919796065906,38.098173876811806,10.08795136780418,22.831619580924592,57.42630446607865,17.691792203248028,27.31378890144005,38.874709812485975,50.613969212299786,22.860481668028214,0.0,53.20847871425788,41.49139505795405,47.74421990946398,28.972859176193193,53.102074956439246,31.63825721657249,22.020693095113003,16.019924779458165,9.204016860118616,30.61754339990199,11.23079914437081,28.911059327732655,29.29896672851702,36.6261480656419,11.377964284663802,42.162865780369316,31.28820400059474,34.83666253026051,10.317919719963268,5.209919796065906],
        [48.87949029760087,16.953201871216535,43.1205273464537,45.7260597077034,4.217825751820763,35.51668651100985,49.07207219354852,39.52074938852816,8.391534320560828,40.359878850173814,53.20847871425788,0.0,14.42327179939761,33.44263963579658,53.548163896805804,38.75348078366273,24.211276944779122,31.187785619144872,69.22840349371604,62.41249557437649,65.84024507455165,41.97767956988707,40.16669558412313,23.90951198574086,16.582330648615976,59.5625492260681,11.045612933888568,66.46485570484865,18.37181618399737,63.52639843422115,48.87949029760087],
        [37.16240664129704,31.376473670614146,31.40344369014987,51.742148042484374,15.93490940812459,43.809771536705966,37.354988537244694,27.80366573222433,9.122574154345735,51.77101012958799,41.49139505795405,14.42327179939761,0.0,21.725555979492754,41.831080240501976,27.036397127358903,38.63454874417673,45.59677242573095,57.511319837412216,50.695411918072665,54.12316141824782,30.260595913583245,28.449611927819305,12.192428329437034,25.480072410593394,47.84546556976428,21.650578814760443,54.747772048544824,6.654732527693545,51.80931477791732,37.16240664129704],
        [42.534300113398075,50.21016511851835,43.64130741791499,70.57583949038857,37.66046538761734,62.64346298461017,20.43043100802393,8.869510096978004,30.848130133838488,70.6047015774922,47.74421990946398,33.44263963579658,21.725555979492754,0.0,20.105524261009226,5.357855046975267,57.468240192080934,64.43046387363515,51.401581408937986,54.85337170667441,32.397605438755065,38.71635302436782,18.833160581731324,28.90053812417104,44.313763858497595,59.12218419412778,40.48427026266465,33.02221606905207,15.736020212907771,53.209025063745045,42.534300113398075],
        [23.762939380127285,38.43785905935974,24.8699466846442,51.80447875711779,57.76598964862657,43.872102251339385,4.476091703257286,14.027414508277648,50.95365439484772,51.833340844221404,28.972859176193193,53.548163896805804,41.831080240501976,20.105524261009226,0.0,24.129215780246053,38.696879458810145,45.65910314036437,32.6302206756672,36.08201097340363,12.292081177745839,19.944992291097037,13.381468312682678,29.638651911064947,36.96583324818983,40.350823460856994,42.50255096291724,12.916691808042845,35.176347712808436,34.43766433047426,23.762939380127285],
        [47.89215516037334,55.56802016549362,48.999162464890254,75.93369453736383,42.97130653548349,68.00131803158544,25.788286054999197,14.227365143953271,36.15897128170464,75.96255662446745,53.102074956439246,38.75348078366273,27.036397127358903,5.357855046975267,24.129215780246053,0.0,62.8260952390562,69.78831892061042,56.75943645591325,60.211226753649676,27.086764290888915,44.074208071343094,24.19101562870659,34.25839317114631,49.67161890547286,64.48003924110304,45.84212530963991,27.71137492118592,21.09387525988304,58.56688011072032,47.89215516037334],
        [27.30926879991548,7.258075073562585,21.55030584876831,24.15583821001801,27.159736850019822,13.946465013324463,37.037809184057004,48.59873009510293,32.60281126533995,18.789657352488423,31.63825721657249,24.211276944779122,38.63454874417673,57.468240192080934,38.696879458810145,62.8260952390562,0.0,9.617564121459484,47.658181996030656,40.842274076691105,44.27002357686626,20.40745807220168,38.63507961034961,28.567702067909895,13.154476333583336,37.99232772838272,16.983969929416286,44.894634207163264,41.732219979173166,41.956176936535755,27.30926879991548],
        [21.89616376023708,16.0774807816988,20.789156455720168,14.538274088558527,35.40561137096564,4.328900891864979,44.000032865611225,55.56095377665714,39.56503494689417,9.172093231028938,22.020693095113003,31.187785619144872,45.59677242573095,64.43046387363515,45.65910314036437,69.78831892061042,9.617564121459484,0.0,38.04061787457117,31.22470995523162,47.303787364073166,25.71411084926733,45.59730329190383,35.52992574946411,20.116700015137553,28.37476360692323,23.946193610970507,47.974447964765915,48.69444366072738,32.338612815076274,21.89616376023708],
        [20.348913196115177,54.11809865626997,26.107876147262346,23.502343786012645,73.44622924553681,33.71171698270619,30.971150400914055,42.53207131195998,66.63389399175796,28.86852464354223,16.019924779458165,69.22840349371604,57.511319837412216,51.401581408937986,32.6302206756672,56.75943645591325,47.658181996030656,38.04061787457117,0.0,6.8159079193395495,34.274904899376,27.250723923828975,32.568420827206666,45.31889150797518,52.646072845100065,9.665854267647939,58.18279055982748,34.945565500068746,50.85658730971868,5.702005059494898,20.348913196115177],
        [13.53300527677563,47.30219073693043,19.291968227922794,16.686435866673097,66.63032132619726,26.89580906336664,34.42294069865048,45.983861609696405,59.8179860724184,22.052616724202682,9.204016860118616,62.41249557437649,50.695411918072665,54.85337170667441,36.08201097340363,60.211226753649676,40.842274076691105,31.22470995523162,6.8159079193395495,0.0,37.72669519711242,20.434816004489424,36.02021112494309,38.50298358863563,45.83016492576051,4.268812487453371,51.36688264048793,38.39735579780517,44.040679390379125,1.6443466429293627,13.53300527677563],
        [25.407623603836086,50.72994023710558,26.514630908353,53.449162980826586,70.05807082637241,45.51678647504818,16.768172881003125,26.319495686023487,63.24573557259355,53.478025067930204,30.61754339990199,65.84024507455165,54.12316141824782,32.397605438755065,12.292081177745839,27.086764290888915,44.27002357686626,47.303787364073166,34.274904899376,37.72669519711242,0.0,23.862565504664577,25.673549490428517,41.93073308881078,49.257914425935674,41.995507684565794,54.794632140663076,0.6706606006927487,47.46842889055428,36.082348554183056,25.407623603836086],
        [6.901810727713796,26.867374732440997,4.924954393547164,31.859486466020748,46.195505321707834,23.927109960242344,18.285922016343893,29.84684292738982,39.38317006792898,31.888348553124374,11.23079914437081,41.97767956988707,30.260595913583245,38.71635302436782,19.944992291097037,44.074208071343094,20.40745807220168,25.71411084926733,27.250723923828975,20.434816004489424,23.862565504664577,0.0,19.8831924426365,18.06816758414621,25.395348921271093,20.405831169759956,30.932066635998503,24.487176134961583,23.6058633858897,21.548718864334077,6.901810727713796],
        [23.70113953166675,31.377004536787023,24.808146836183663,51.74267890865725,44.384521335943894,43.81030240287885,8.905376609425392,9.96365048475332,37.57218608216504,51.77154099576087,28.911059327732655,40.16669558412313,28.449611927819305,18.833160581731324,13.381468312682678,24.19101562870659,38.63507961034961,45.59730329190383,32.568420827206666,36.02021112494309,25.673549490428517,19.8831924426365,0.0,16.25718359838227,25.480603276766274,40.289023612396456,29.121082650234563,26.298160120725523,21.794879400125758,34.375864482013725,23.70113953166675],
        [24.969978311860007,21.309626994347308,19.21101536071284,41.67530136621753,28.127337737561625,33.74292486043913,25.162560207807662,20.031028027193035,21.31500248378277,41.70416345332116,29.29896672851702,23.90951198574086,12.192428329437034,28.90053812417104,29.638651911064947,34.25839317114631,28.567702067909895,35.52992574946411,45.31889150797518,38.50298358863563,41.93073308881078,18.06816758414621,16.25718359838227,0.0,15.41322573432656,35.653037240327244,12.863899051852293,42.555343719107796,13.164517911263268,39.61688644848029,24.969978311860007],
        [32.29715964898489,5.89640126002075,26.538196697837723,29.143729059087427,20.80015640043674,18.934355862393875,32.48974154493254,35.44425376151959,19.448334931756612,26.2909377189946,36.6261480656419,16.582330648615976,25.480072410593394,44.313763858497595,36.96583324818983,49.67161890547286,13.154476333583336,20.116700015137553,52.646072845100065,45.83016492576051,49.257914425935674,25.395348921271093,25.480603276766274,15.41322573432656,0.0,42.98021857745213,5.536717714727408,49.88252505623268,28.577743645589827,46.94406778560517,32.29715964898489],
        [16.587884080729708,44.452244388622034,16.44202187961441,13.836489518364704,63.78037497788887,24.045862715058256,38.69175318610385,50.25267409714978,56.968039724110014,19.202670375894293,11.377964284663802,59.5625492260681,47.84546556976428,59.12218419412778,40.350823460856994,64.48003924110304,37.99232772838272,28.37476360692323,9.665854267647939,4.268812487453371,41.995507684565794,20.405831169759956,40.289023612396456,35.653037240327244,42.98021857745213,0.0,48.51693629217954,42.666168285258536,43.38616398122001,5.913159130382732,16.587884080729708],
        [37.833877363712304,9.725894855853701,32.074914412565136,34.680446773814836,15.263438685709332,24.471073577121285,38.02645925965996,31.614760165686643,15.618841335923662,30.12043131482755,42.162865780369316,11.045612933888568,21.650578814760443,40.48427026266465,42.50255096291724,45.84212530963991,16.983969929416286,23.946193610970507,58.18279055982748,51.36688264048793,54.794632140663076,30.932066635998503,29.121082650234563,12.863899051852293,5.536717714727408,48.51693629217954,0.0,55.41924277096008,24.748250049756876,52.48078550033258,37.833877363712304],
        [26.078284204528835,51.35455086740258,27.185291509045747,54.119823581519334,70.68268145666941,46.18744707574093,17.39278351130013,26.944106316320493,63.87034620289056,54.14868566862295,31.28820400059474,66.46485570484865,54.747772048544824,33.02221606905207,12.916691808042845,27.71137492118592,44.894634207163264,47.974447964765915,34.945565500068746,38.39735579780517,0.6706606006927487,24.487176134961583,26.298160120725523,42.555343719107796,49.88252505623268,42.666168285258536,55.41924277096008,0.0,48.09303952085128,36.75300915487581,26.078284204528835],
        [30.507674113603496,34.47414490561057,27.905287205007216,54.8398192774808,22.589641935818136,46.90744277170239,30.70025600955115,21.14893320453079,15.77730668203928,54.868681364584425,34.83666253026051,18.37181618399737,6.654732527693545,15.736020212907771,35.176347712808436,21.09387525988304,41.732219979173166,48.69444366072738,50.85658730971868,44.040679390379125,47.46842889055428,23.6058633858897,21.794879400125758,13.164517911263268,28.577743645589827,43.38616398122001,24.748250049756876,48.09303952085128,0.0,45.154582250223775,30.507674113603496],
        [14.64690813662028,48.41609359677507,20.405871087767448,17.800338726517744,67.74422418604192,28.009711923211295,32.778594055721115,44.33951496676704,60.93188893226306,23.166519584047336,10.317919719963268,63.52639843422115,51.80931477791732,53.209025063745045,34.43766433047426,58.56688011072032,41.956176936535755,32.338612815076274,5.702005059494898,1.6443466429293627,36.082348554183056,21.548718864334077,34.375864482013725,39.61688644848029,46.94406778560517,5.913159130382732,52.48078550033258,36.75300915487581,45.154582250223775,0.0,14.64690813662028],
        [0.0,33.769185460154794,5.758962951147167,28.0415393769905,53.097316049421636,20.109162871212092,22.103869105374145,33.66479001642007,46.284980795642774,28.070401464094118,5.209919796065906,48.87949029760087,37.16240664129704,42.534300113398075,23.762939380127285,47.89215516037334,27.30926879991548,21.89616376023708,20.348913196115177,13.53300527677563,25.407623603836086,6.901810727713796,23.70113953166675,24.969978311860007,32.29715964898489,16.587884080729708,37.833877363712304,26.078284204528835,30.507674113603496,14.64690813662028,0.0]
    ],
    "vertex_count": 31
}