{
    "drone_dist": [
        [0.0,16.221090467093926,29.784890894206413,11.291756764105605,20.03655664546687,23.79793232125613,35.76000940958956,20.28061946052701,7.210842565633091,35.614997064586916,28.593846316766303,6.121320773186674,42.272906932456685,28.56534612258822,23.37669777569247,9.043817089501708,27.36409544786795,5.621899736347431,35.53967463462703,7.542334013747888,29.016884762643866,34.15403333909518,37.67468103856294,35.980711739375394,39.73640699238946,32.21516685972133,44.54400618767849,21.090142154940224,33.16765831113862,27.79284347355341,0.0],
        [16.221090467093926,0.0,34.151945012849666,12.421458629187569,8.311733073238988,18.75049582514925,29.835047408134443,30.21034105629589,23.428726137546978,29.647338905484755,15.590535958087013,15.767543344209816,34.2761319890442,13.0496728794397,24.41185544688041,11.028578413268024,14.295202403070107,10.735492042958871,33.4006540439504,20.931003929728405,15.63444502839776,25.30234997258528,25.267069752402737,21.29663207325574,42.635824607943,17.864241465261355,29.875670061165156,4.889372823153212,21.196706272729042,16.689872068433957,16.221090467093926],
        [29.784890894206413,34.151945012849666,0.0,22.538800539096957,42.252409575681256,18.836706171051045,20.587229597904138,12.852312822929647,30.275322680453538,20.615100182656743,49.619274443766685,23.964870867963576,27.613977601104512,37.38984424660164,10.207194263234769,36.40333551733317,31.364270592676366,31.365414711305945,13.591703935647125,23.387346384253537,49.55376684230014,25.500550360420068,34.23185099816173,38.992689967725475,10.026165529727145,51.11468214028657,44.60099306556306,36.36768814509038,55.298699210894796,27.990359961863977,29.784890894206413],
        [11.291756764105605,12.421458629187569,22.538800539096957,0.0,20.003502523022277,12.518422939569097,24.558355081616234,17.877329911174105,16.734173123352825,24.40738529139762,27.94457391033541,6.299888788692526,30.981778167307816,20.949867078785616,13.81995013850316,14.500131637242662,17.819125925817367,9.785707360986612,25.16221166772945,11.110529061877227,28.032035239548335,22.933144731525598,27.203272256868637,26.923247307108017,31.781106224620544,30.248019802251644,35.152955830207055,16.010961185732732,33.45527646784373,17.304715975514885,11.291756764105605],
        [20.03655664546687,8.311733073238988,42.252409575681256,20.003502523022277,0.0,26.968866188411496,37.65598682825482,37.2299957768137,26.873095585306544,37.46472838947663,8.590598615947325,21.795194537277176,41.48317309825562,16.698215658822416,32.6575543369748,11.67592153324896,20.469552718509735,14.625550066479288,41.63476784061654,26.421867303590457,8.981007050448763,32.553153616828304,30.887587272540408,25.1806039385225,50.90424607445012,12.28209584257913,33.19197097348166,8.96582190031396,13.641713552651375,23.660779066882284,20.03655664546687],
        [23.79793232125613,18.75049582514925,18.836706171051045,12.518422939569097,26.968866188411496,0.0,12.139336789276243,22.07481364720859,28.652700410159547,11.978072168092382,32.9014486820677,18.32371902521026,18.49163666743986,18.65721887624437,8.961739398470616,25.781541490293446,12.527652468240284,21.733421923160794,14.666139238012873,21.989409870384662,32.652337601138335,10.956369281442566,17.475447804237195,20.54236151580432,25.260444392282903,33.546804232282696,27.215334561162678,19.26151268838491,38.61314835171442,9.323992041433321,23.79793232125613],
        [35.76000940958956,29.835047408134443,20.587229597904138,24.558355081616234,37.65598682825482,12.139336789276243,0.0,29.438791675454603,40.06287574132709,0.19426706006104205,42.25832749965482,30.038681848208494,7.498443299764822,25.268044067916456,15.28206884210828,37.83054163747803,18.84048402106071,33.87115256333944,8.27172675690379,33.03172298831121,41.836457112564815,7.038674302514035,15.689255605602204,22.70130854013886,21.84122854470212,41.8803457287374,25.840133067403524,29.092344431974567,47.778720350147644,14.84373753286277,35.76000940958956],
        [20.28061946052701,30.21034105629589,12.852312822929647,17.877329911174105,37.2299957768137,22.07481364720859,29.438791675454603,0.0,18.646508927183195,29.392933288831763,45.52594096935133,15.777635721756022,36.933633134552075,37.78072874777481,14.368377577414348,28.565717764632588,33.1058341805837,23.705824972938945,24.589088616622536,12.844137699232473,45.68757231617324,32.078333223655385,39.532148507891776,42.00667867180101,22.34192794419742,48.07405327563707,49.219491948018515,33.860889442477095,50.86325268054574,30.91292407321938,20.28061946052701],
        [7.210842565633091,23.428726137546978,30.275322680453538,16.734173123352825,26.873095585306544,28.652700410159547,40.06287574132709,18.646508927183195,0.0,39.93927168383545,35.328272056036425,10.46446128344856,47.02140555188803,35.62055939164676,26.11110223657246,15.362726202958005,33.965810051292564,12.80047388425072,38.474720787609364,7.280431423629442,35.81064585276647,39.45634755693477,43.87580934095482,42.79148925660355,40.26457784999586,39.13679939634057,51.28344942896004,28.291338566679904,39.58718873387437,33.954941977748824,7.210842565633091],
        [35.614997064586916,29.647338905484755,20.615100182656743,24.40738529139762,37.46472838947663,11.978072168092382,0.19426706006104205,29.392933288831763,39.93927168383545,0.0,42.06406433935872,29.902638543410646,7.553739374130127,25.077271852092405,15.21519041431627,37.65890883468624,18.647823625489348,33.70818143789369,8.380337034060247,32.91614163460946,41.64225021651047,6.8704940301611375,15.547720565997567,22.534086012089805,21.953540755712105,41.687382863212456,25.71453722364087,28.898969024809706,47.58461123191825,14.650278276012562,35.614997064586916],
        [28.593846316766303,15.590535958087013,49.619274443766685,27.94457391033541,8.590598615947325,32.9014486820677,42.25832749965482,45.52594096935133,35.328272056036425,42.06406433935872,0.0,30.290211045594695,44.843941652449445,18.0082760820734,39.68735999498453,19.995730899736884,23.66802967949841,23.215443651467496,47.36111024102085,34.996851100786905,0.8852148875959952,36.282239976477726,32.50074954637119,25.324547911218485,57.74139002849149,4.613402374443212,32.03579276819033,13.64129147620918,5.726951764894902,27.49573533070575,28.593846316766303],
        [6.121320773186674,15.767543344209816,23.964870867963576,6.299888788692526,21.795194537277176,18.32371902521026,30.038681848208494,15.777635721756022,10.46446128344856,29.902638543410646,30.290211045594695,0.0,36.789694359697705,26.412904706078354,17.257164204528628,12.904640127076812,23.92097806825237,7.947538877524939,29.4547424913338,5.288650083103789,30.550506658195086,29.031160551134853,33.50058614716977,32.941265571772256,33.83219684985605,33.298537694233694,41.28712343275785,20.216420975642137,35.41410059280891,23.59539769907836,6.121320773186674],
        [42.272906932456685,34.2761319890442,27.613977601104512,30.981778167307816,41.48317309825562,18.49163666743986,7.498443299764822,36.933633134552075,47.02140555188803,7.553739374130127,44.843941652449445,36.789694359697705,0.0,26.97451581045366,22.763935951279787,43.350713935100124,21.281697496445695,39.81421892477358,14.338815678042446,40.12919802730083,44.30118216287293,8.976211783851216,13.962866522738624,22.03435704741383,27.19691018856884,43.71045269308932,22.55570915454434,32.57419990134722,50.06557795916365,17.82257813620818,42.272906932456685],
        [28.56534612258822,13.0496728794397,37.38984424660164,20.949867078785616,16.698215658822416,18.65721887624437,25.268044067916456,37.78072874777481,35.62055939164676,25.077271852092405,18.0082760820734,26.412904706078354,26.97451581045366,0.0,27.253255288950548,24.036430875106454,6.564780411504515,23.42668452753687,31.60279152467981,31.669709421252843,17.4075619416424,18.742358761849694,14.605453682726464,8.55831130753986,43.690837800102216,16.783739445576003,16.948420196260038,8.59277215651282,23.09724244720141,10.59767255548223,28.56534612258822],
        [23.37669777569247,24.41185544688041,10.207194263234769,13.81995013850316,32.6575543369748,8.961739398470616,15.28206884210828,14.368377577414348,26.11110223657246,15.21519041431627,39.68735999498453,17.257164204528628,22.763935951279787,27.253255288950548,0.0,28.29836493415679,21.390863858408483,23.453423941233698,12.371608043188557,18.840713249384397,39.57703134866202,17.81362338524919,25.754479596957086,29.483367155948518,18.25766750575841,41.00068363982172,35.84803155790351,26.282703887278497,45.39704846694297,18.282970368580163,23.37669777569247],
        [9.043817089501708,11.028578413268024,36.40333551733317,14.500131637242662,11.67592153324896,25.781541490293446,37.83054163747803,28.565717764632588,15.362726202958005,37.65890883468624,19.995730899736884,12.904640127076812,43.350713935100124,24.036430875106454,28.29836493415679,0.0,24.925735095367415,5.0508898764033665,39.50100346927146,16.318588038839327,20.510034546719993,34.562521875099286,35.88877519078825,32.32389778524327,46.007023307519,23.946880565217914,40.903307824199274,15.566588806250484,24.2627805133174,26.649486061592487,9.043817089501708],
        [27.36409544786795,14.295202403070107,31.364270592676366,17.819125925817367,20.469552718509735,12.527652468240284,18.84048402106071,33.1058341805837,33.965810051292564,18.647823625489348,23.66802967949841,23.92097806825237,21.281697496445695,6.564780411504515,21.390863858408483,24.925735095367415,0.0,22.971807839139398,25.03861249775357,28.926822633760793,23.177640474904024,12.614319679496283,10.988713472623376,9.148254783681578,37.248599765940355,23.042479974707792,17.366704701448537,11.505730042606066,29.057788065585285,4.045404177329069,27.36409544786795],
        [5.621899736347431,10.735492042958871,31.365414711305945,9.785707360986612,14.625550066479288,21.733421923160794,33.87115256333944,23.705824972938945,12.80047388425072,33.70818143789369,23.215443651467496,7.947538877524939,39.81421892477358,23.42668452753687,23.453423941233698,5.0508898764033665,22.971807839139398,0.0,34.9435900814647,11.91553237754486,23.591184688591216,31.25380412190289,33.67595059481649,31.1924238034705,41.009189087642454,26.69249348463085,39.80882444131881,15.624670537476346,28.017729209605697,24.001222305496267,5.621899736347431],
        [35.53967463462703,33.4006540439504,13.591703935647125,25.16221166772945,41.63476784061654,14.666139238012873,8.27172675690379,24.589088616622536,38.474720787609364,8.380337034060247,47.36111024102085,29.4547424913338,14.338815678042446,31.60279152467981,12.371608043188557,39.50100346927146,25.03861249775357,34.9435900814647,0.0,31.198489619662396,47.056287018659454,14.89241929922878,23.80923027361864,30.348796063785247,13.575194479345718,47.62692925704451,34.065020750354705,33.77069712977763,53.03717184748259,21.025168888576633,35.53967463462703],
        [7.542334013747888,20.931003929728405,23.387346384253537,11.110529061877227,26.421867303590457,21.989409870384662,33.03172298831121,12.844137699232473,7.280431423629442,32.91614163460946,34.996851100786905,5.288650083103789,40.12919802730083,31.669709421252843,18.840713249384397,16.318588038839327,28.926822633760793,11.91553237754486,31.198489619662396,0.0,35.31727342262083,32.922671180158375,38.10250171666068,38.01464746251457,33.41313446727734,38.22206960702103,46.26266845583712,25.46514560067502,39.917071682471324,28.279731882240274,7.542334013747888],
        [29.016884762643866,15.63444502839776,49.55376684230014,28.032035239548335,8.981007050448763,32.652337601138335,41.836457112564815,45.68757231617324,35.81064585276647,41.64225021651047,0.8852148875959952,30.550506658195086,44.30118216287293,17.4075619416424,39.57703134866202,20.510034546719993,23.177640474904024,23.591184688591216,47.056287018659454,35.31727342262083,0.0,35.78913285794184,31.847642973090405,24.598214789901977,57.578291802375716,3.8013643409430773,31.225239961150095,13.417238538042389,5.98209161129612,27.04245706257855,29.016884762643866],
        [34.15403333909518,25.30234997258528,25.500550360420068,22.933144731525598,32.553153616828304,10.956369281442566,7.038674302514035,32.078333223655385,39.45634755693477,6.8704940301611375,36.282239976477726,29.031160551134853,8.976211783851216,18.742358761849694,17.81362338524919,34.562521875099286,12.614319679496283,31.25380412190289,14.89241929922878,32.922671180158375,35.78913285794184,0.0,8.989101269715015,15.66371177342729,28.366694538417192,35.508432230787676,19.371557847290365,23.682968031212773,41.65136119929967,8.924674560420305,34.15403333909518],
        [37.67468103856294,25.267069752402737,34.23185099816173,27.203272256868637,30.887587272540408,17.475447804237195,15.689255605602204,39.532148507891776,43.87580934095482,15.547720565997567,32.50074954637119,33.50058614716977,13.962866522738624,14.605453682726464,25.754479596957086,35.88877519078825,10.988713472623376,33.67595059481649,23.80923027361864,38.10250171666068,31.847642973090405,8.989101269715015,0.0,8.130805690574448,37.33382470630145,30.689923073676603,10.409522247009644,22.07259185649175,37.31068049891107,9.92199703872481,37.67468103856294],
        [35.980711739375394,21.29663207325574,38.992689967725475,26.923247307108017,25.1806039385225,20.54236151580432,22.70130854013886,42.00667867180101,42.79148925660355,22.534086012089805,25.324547911218485,32.941265571772256,22.03435704741383,8.55831130753986,29.483367155948518,32.32389778524327,9.148254783681578,31.1924238034705,30.348796063785247,38.01464746251457,24.598214789901977,15.66371177342729,8.130805690574448,0.0,43.5354554496166,23.024066755538396,8.622527913197692,17.097964018297457,29.761057269013392,11.237021726192921,35.980711739375394],
        [39.73640699238946,42.635824607943,10.026165529727145,31.781106224620544,50.90424607445012,25.260444392282903,21.84122854470212,22.34192794419742,40.26457784999586,21.953540755712105,57.74139002849149,33.83219684985605,27.19691018856884,43.690837800102216,18.25766750575841,46.007023307519,37.248599765940355,41.009189087642454,13.575194479345718,33.41313446727734,57.578291802375716,28.366694538417192,37.33382470630145,43.5354554496166,0.0,58.727606220429344,47.63011900836959,44.1798342155762,63.46654506946788,33.41853435207115,39.73640699238946],
        [32.21516685972133,17.864241465261355,51.11468214028657,30.248019802251644,12.28209584257913,33.546804232282696,41.8803457287374,48.07405327563707,39.13679939634057,41.687382863212456,4.613402374443212,33.298537694233694,43.71045269308932,16.783739445576003,41.00068363982172,23.946880565217914,23.042479974707792,26.69249348463085,47.62692925704451,38.22206960702103,3.8013643409430773,35.508432230787676,30.689923073676603,23.024066755538396,58.727606220429344,0.0,28.929475815302595,14.753888219384006,6.794788039782125,27.043816732157065,32.21516685972133],
        [44.54400618767849,29.875670061165156,44.60099306556306,35.152955830207055,33.19197097348166,27.215334561162678,25.840133067403524,49.219491948018515,51.28344942896004,25.71453722364087,32.03579276819033,41.28712343275785,22.55570915454434,16.948420196260038,35.84803155790351,40.903307824199274,17.366704701448537,39.80882444131881,34.065020750354705,46.26266845583712,31.225239961150095,19.371557847290365,10.409522247009644,8.622527913197692,47.63011900836959,28.929475815302595,0.0,25.541016871513506,35.69915748168351,18.428724554392446,44.54400618767849],
        [21.090142154940224,4.889372823153212,36.36768814509038,16.010961185732732,8.96582190031396,19.26151268838491,29.092344431974567,33.860889442477095,28.291338566679904,28.898969024809706,13.64129147620918,20.216420975642137,32.57419990134722,8.59277215651282,26.282703887278497,15.566588806250484,11.505730042606066,15.624670537476346,33.77069712977763,25.46514560067502,13.417238538042389,23.682968031212773,22.07259185649175,17.097964018297457,44.1798342155762,14.753888219384006,25.541016871513506,0.0,19.358834858149912,14.762942438801675,21.090142154940224],
        [33.16765831113862,21.196706272729042,55.298699210894796,33.45527646784373,13.641713552651375,38.61314835171442,47.778720350147644,50.86325268054574,39.58718873387437,47.58461123191825,5.726951764894902,35.41410059280891,50.06557795916365,23.09724244720141,45.39704846694297,24.2627805133174,29.057788065585285,28.017729209605697,53.03717184748259,39.917071682471324,5.98209161129612,41.65136119929967,37.31068049891107,29.761057269013392,63.46654506946788,6.794788039782125,35.69915748168351,19.358834858149912,0.0,32.962297135210356,33.16765831113862],
        [27.79284347355341,16.689872068433957,27.990359961863977,17.304715975514885,23.660779066882284,9.323992041433321,14.84373753286277,30.91292407321938,33.954941977748824,14.650278276012562,27.49573533070575,23.59539769907836,17.82257813620818,10.59767255548223,18.282970368580163,26.649486061592487,4.045404177329069,24.001222305496267,21.025168888576633,28.279731882240274,27.04245706257855,8.924674560420305,9.92199703872481,11.237021726192921,33.41853435207115,27.043816732157065,18.428724554392446,14.762942438801675,32.962297135210356,0.0,27.79284347355341],
        [0.0,16.221090467093926,29.784890894206413,11.291756764105605,20.03655664546687,23.79793232125613,35.76000940958956,20.28061946052701,7.210842565633091,35.614997064586916,28.593846316766303,6.121320773186674,42.272906932456685,28.56534612258822,23.37669777569247,9.043817089501708,27.36409544786795,5.621899736347431,35.53967463462703,7.542334013747888,29.016884762643866,34.15403333909518,37.67468103856294,35.980711739375394,39.73640699238946,32.21516685972133,44.54400618767849,21.090142154940224,33.16765831113862,27.79284347355341,0.0]
    ],
    "end_depot": 30,
    "start_depot": 0,
    "truck_dist": [
        [0.0,21.423309951806004,39.58249835174396,13.984068563347773,20.180396228203072,28.906574547440915,41.493532043698046,28.680792348026262,9.386609375278738,41.42929828567142,29.28214796051315,6.992398241022691,52.089344339781725,39.823732063254454,26.292867676773923,11.22903515122752,38.62283479941084,6.800852257555601,37.46033477121663,10.565090057260122,29.092956253691085,44.256667089017185,52.40918726020382,50.852595985863175,52.09217628102649,34.384649557877054,62.991485841613894,28.102587182918054,37.36802944435333,38.45286296756056,0.0],
        [21.423309951806004,0.0,47.78550649462306,15.913609160636273,11.688668822292348,25.439397366478556,37.113963583446434,36.88380049090536,30.809919327084742,36.846843000976094,21.07913981763405,16.319634525661023,37.54065507121911,18.40042211144845,34.49587581965302,15.30040013136744,17.199524847604835,14.622457694250404,45.66334291409573,22.890442131215877,20.73760517263176,27.550964232036232,30.98587730839782,29.429286034057164,60.295184423905596,21.685615552121646,41.56817588980789,6.679277231112049,29.165021301474237,17.029553015754562,21.423309951806004],
        [39.58249835174396,47.78550649462306,0.0,31.871897333986784,59.47417531691541,22.3461091281445,27.088488642383805,14.543613581410543,35.59701651780953,27.024254884357184,68.86464631225711,32.590100110721266,37.68430093846749,46.36691894311732,13.289630674970034,50.81153350297148,37.16091386685108,43.70074092133447,19.104063795068697,29.017408294483836,68.52311166725482,29.851623687702947,38.004143858889584,41.38158591009845,12.509677929282535,69.47112204674471,48.58644244029966,49.574134146630755,76.95052779609729,31.442373887775968,39.58249835174396],
        [13.984068563347773,15.913609160636273,31.871897333986784,0.0,27.60227798292862,14.922505984093142,27.50946348035027,20.97019133026909,23.37067793862651,27.445229722323653,36.99274897827033,8.880393137202791,38.105275776433956,25.83966349990668,18.58226665901675,18.939636168984695,24.63876623606307,11.828843587347691,29.749733753459456,15.451200742757646,36.65121433326803,30.272598525669416,38.42511869685605,36.8685274225154,44.38157526326932,37.599224712757916,49.007417278266125,17.702236812643974,45.07863046211051,24.468794404212794,13.984068563347773],
        [20.180396228203072,11.688668822292348,59.47417531691541,27.60227798292862,0.0,37.1280661887709,48.80263240573879,48.572469313197715,29.56700560348181,48.535511823268436,9.390470995341701,26.88407520619414,49.22932389351146,19.64333583505138,46.18454464194537,14.057486407764506,22.31326145006432,15.77343439558093,57.35201173638808,30.45676702243157,9.04893635033941,39.23963305432858,32.22879103200076,30.6721997576601,71.98385324619794,14.204253329673982,42.81108961341083,9.900041170284647,17.47635247918189,28.031801429139435,20.180396228203072],
        [28.906574547440915,25.439397366478556,22.3461091281445,14.922505984093142,37.1280661887709,0.0,12.586957496257128,29.04514472753722,38.29318392271965,12.522723738230509,46.5185371841126,23.802899121295933,23.182769792340814,24.020809814972818,9.056478453174467,28.465424374826977,14.814804738706583,22.105722289885314,20.22394554761717,30.373706726850788,46.17700253911031,15.350092541576272,23.50261271276291,21.946021438422253,34.85578705742704,47.125012918600206,34.08491129417298,27.228025018486257,54.60441866795279,9.546288420119652,28.906574547440915],
        [41.493532043698046,37.113963583446434,27.088488642383805,27.50946348035027,48.80263240573879,12.586957496257128,0.0,41.63210222379435,50.88014141897678,0.26712058247034953,58.193103401080485,36.389856617553065,10.595812296083686,35.6953760319407,21.452945547195814,40.13999059179486,26.489370955674467,34.69267978614245,8.54937933064929,42.96066422310791,57.8515687560782,9.562999351410207,19.31719322547172,30.71004299892183,23.181220840459154,58.79957913556809,29.55102259457221,38.90259123545414,66.27898488492067,20.77083097659935,41.493532043698046],
        [28.680792348026262,36.88380049090536,14.543613581410543,20.97019133026909,48.572469313197715,29.04514472753722,41.63210222379435,0.0,24.695310514091833,41.56786846576773,57.962940308539416,21.68839410700357,52.227914519878034,39.96230224335076,20.179156676598534,39.90982749925378,38.76140497950715,32.79903491761678,33.64767737647924,18.11570229076614,57.62140566353712,44.395237269113494,52.54775744030013,50.99116616595948,23.41138393300023,58.569416043027005,63.1300560217102,38.67242814291306,66.0488217923796,38.59143314765687,28.680792348026262],
        [9.386609375278738,30.809919327084742,35.59701651780953,23.37067793862651,29.56700560348181,38.29318392271965,50.88014141897678,24.695310514091833,0.0,50.81590766095016,37.27517163998352,14.49028480142372,61.47595371506046,49.21034143853319,29.427195871780967,15.509519195717303,48.00944417468958,16.18746163283434,42.89571657166167,7.919477195868865,38.47956562896982,53.64327646429592,61.79579663548256,60.23920536114191,48.10669444709207,43.77125893315579,72.37809521689263,37.489196558196795,41.35351127828776,47.8394723428393,9.386609375278738],
        [41.42929828567142,36.846843000976094,27.024254884357184,27.445229722323653,48.535511823268436,12.522723738230509,0.26712058247034953,41.56786846576773,50.81590766095016,0.0,57.92598281861014,36.32562285952645,10.660046054110305,35.428255449470356,21.388711789169193,39.872870009324515,26.222250373204115,34.628446028115825,8.816499913119639,42.896430465081295,57.584448173607846,9.295878768939858,19.05007264300137,30.442922416451474,23.448341422929502,58.53245855309774,29.283902012101862,38.63547065298379,66.01186430245033,20.503710394129,41.42929828567142],
        [29.28214796051315,21.07913981763405,68.86464631225711,36.99274897827033,9.390470995341701,46.5185371841126,58.193103401080485,57.962940308539416,37.27517163998352,57.92598281861014,0.0,36.27454620153584,58.619794888853164,22.49772736913979,55.57501563728707,21.765652444266216,31.703732445406022,25.163905390922633,66.74248273172978,39.84723801777327,1.2043939889863031,48.63010404967028,38.875910175608766,27.48306040215866,81.37432424153965,6.496087293172273,35.10292357690912,19.29051216562635,8.085881483840186,37.422272424481136,29.28214796051315],
        [6.992398241022691,16.319634525661023,32.590100110721266,8.880393137202791,26.88407520619414,23.802899121295933,36.389856617553065,21.68839410700357,14.49028480142372,36.32562285952645,36.27454620153584,0.0,46.985668913636744,34.72005663710947,19.300469435751232,18.221433392250212,33.51915937326586,11.110640810613209,30.46793653019394,6.5708076055548545,35.93301155653355,39.15299166287221,47.30551183405885,45.74892055971819,45.0997780400038,36.88102193602344,57.88781041546892,22.998911756773072,44.360427685376024,33.34918754141559,6.992398241022691],
        [52.089344339781725,37.54065507121911,37.68430093846749,38.105275776433956,49.22932389351146,23.182769792340814,10.595812296083686,52.227914519878034,61.47595371506046,10.660046054110305,58.619794888853164,46.985668913636744,0.0,36.12206751971338,32.0487578432795,45.96643451934316,26.916062443447146,45.28849208222613,18.580237143398797,53.5564765191916,58.27826024385087,9.989690839182886,19.743884713244398,31.136734486694507,31.00927670146288,59.22627062334076,29.97771408234489,39.32928272322682,66.70567637269335,21.197522464372028,52.089344339781725],
        [39.823732063254454,18.40042211144845,46.36691894311732,25.83966349990668,19.64333583505138,24.020809814972818,35.6953760319407,39.96230224335076,49.21034143853319,35.428255449470356,22.49772736913979,34.72005663710947,36.12206751971338,0.0,33.077288268147285,33.70082224281589,9.206005076266235,33.02287980569885,44.24475536258999,41.29086424266433,22.156192724137497,26.13237668053049,16.37818280646898,11.028863922608716,58.87659687239986,23.104203103627384,23.167753778359444,11.7211448803364,30.583608852979975,14.924545055341351,39.823732063254454],
        [26.292867676773923,34.49587581965302,13.289630674970034,18.58226665901675,46.18454464194537,9.056478453174467,21.452945547195814,20.179156676598534,29.427195871780967,21.388711789169193,55.57501563728707,19.300469435751232,32.0487578432795,33.077288268147285,0.0,37.521902828001444,23.871283191881048,30.41111024636444,13.468520699880704,21.507718675912102,55.23348099228478,24.216080592514956,32.36860076370159,30.812009489360943,25.79930860425257,56.18149137177467,42.95089934511167,36.28450347166073,63.660897121127256,18.412276471058338,26.292867676773923],
        [11.22903515122752,15.30040013136744,50.81153350297148,18.939636168984695,14.057486407764506,28.465424374826977,40.13999059179486,39.90982749925378,15.509519195717303,39.872870009324515,21.765652444266216,18.221433392250212,45.96643451934316,33.70082224281589,37.521902828001444,0.0,32.499924978972274,7.1107925816370035,48.68936992244415,21.794125208487642,22.97004643325252,38.13375726857862,46.28627743976526,44.72968616542461,63.32121143225401,28.26173973743849,56.86857602117533,21.97967736247949,26.138994293125815,32.329953147122,11.22903515122752],
        [38.62283479941084,17.199524847604835,37.16091386685108,24.63876623606307,22.31326145006432,14.814804738706583,26.489370955674467,38.76140497950715,48.00944417468958,26.222250373204115,31.703732445406022,33.51915937326586,26.916062443447146,9.206005076266235,23.871283191881048,32.499924978972274,0.0,31.821982541855242,35.038750286323754,40.08996697882071,31.36219780040373,16.926371604264258,13.786352460792985,12.229761186452329,49.67059179613362,32.31020817989362,24.368651042203055,12.413220279779674,39.78961392924621,5.718539979075116,38.62283479941084],
        [6.800852257555601,14.622457694250404,43.70074092133447,11.828843587347691,15.77343439558093,22.105722289885314,34.69267978614245,32.79903491761678,16.18746163283434,34.628446028115825,25.163905390922633,11.110640810613209,45.28849208222613,33.02287980569885,30.41111024636444,7.1107925816370035,31.821982541855242,0.0,41.57857734080714,14.683332626850639,24.822370745920338,37.45581483146159,45.608335002648225,44.05174372830757,56.210418850617,27.583797300321454,56.1906335840583,21.301734925362453,33.24978687476282,31.652010710004966,6.800852257555601],
        [37.46033477121663,45.66334291409573,19.104063795068697,29.749733753459456,57.35201173638808,20.22394554761717,8.54937933064929,33.64767737647924,42.89571657166167,8.816499913119639,66.74248273172978,30.46793653019394,18.580237143398797,44.24475536258999,13.468520699880704,48.68936992244415,35.038750286323754,41.57857734080714,0.0,34.97623937579281,66.40094808672748,18.112378682059497,27.866572556121007,39.259422329571116,14.631841509809865,67.34895846621737,38.100401925221504,47.45197056610343,74.82836421556996,29.320210307248637,37.46033477121663],
        [10.565090057260122,22.890442131215877,29.017408294483836,15.451200742757646,30.45676702243157,30.373706726850788,42.96066422310791,18.11570229076614,7.919477195868865,42.896430465081295,39.84723801777327,6.5708076055548545,53.5564765191916,41.29086424266433,21.507718675912102,21.794125208487642,40.08996697882071,14.683332626850639,34.97623937579281,0.0,39.50570337277098,45.72379926842706,53.876319439613695,52.31972816527305,41.527086223766375,40.45371375226087,64.45861802102377,29.569719362327927,47.933119501613454,39.919995146970436,10.565090057260122],
        [29.092956253691085,20.73760517263176,68.52311166725482,36.65121433326803,9.04893635033941,46.17700253911031,57.8515687560782,57.62140566353712,38.47956562896982,57.584448173607846,1.2043939889863031,35.93301155653355,58.27826024385087,22.156192724137497,55.23348099228478,22.97004643325252,31.36219780040373,24.822370745920338,66.40094808672748,39.50570337277098,0.0,48.28856940466799,38.534375530606475,27.14152575715637,81.03278959653736,5.29169330418597,33.898529587922816,18.948977520624055,8.427416128842477,37.080737779478845,29.092956253691085],
        [44.256667089017185,27.550964232036232,29.851623687702947,30.272598525669416,39.23963305432858,15.350092541576272,9.562999351410207,44.395237269113494,53.64327646429592,9.295878768939858,48.63010404967028,39.15299166287221,9.989690839182886,26.13237668053049,24.216080592514956,38.13375726857862,16.926371604264258,37.45581483146159,18.112378682059497,45.72379926842706,48.28856940466799,0.0,9.754193874061512,21.14704364751162,32.74422019186936,49.23657978415788,19.988023243162004,29.339591884043934,56.71598553351047,11.207831625189142,44.256667089017185],
        [52.40918726020382,30.98587730839782,38.004143858889584,38.42511869685605,32.22879103200076,23.50261271276291,19.31719322547172,52.54775744030013,61.79579663548256,19.05007264300137,38.875910175608766,47.30551183405885,19.743884713244398,16.37818280646898,32.36860076370159,46.28627743976526,13.786352460792985,45.608335002648225,27.866572556121007,53.876319439613695,38.534375530606475,9.754193874061512,0.0,11.392849773450108,42.498414065930874,39.48238591009637,10.582298581410072,24.306600077285772,46.961791659448956,13.95632429264326,52.40918726020382],
        [50.852595985863175,29.429286034057164,41.38158591009845,36.8685274225154,30.6721997576601,21.946021438422253,30.71004299892183,50.99116616595948,60.23920536114191,30.442922416451474,27.48306040215866,45.74892055971819,31.136734486694507,11.028863922608716,30.812009489360943,44.72968616542461,12.229761186452329,44.05174372830757,39.259422329571116,52.31972816527305,27.14152575715637,21.14704364751162,11.392849773450108,0.0,53.89126383938098,28.089536136646256,12.138889855750728,22.750008802945118,35.568941885998846,12.399733018302603,50.852595985863175],
        [52.09217628102649,60.295184423905596,12.509677929282535,44.38157526326932,71.98385324619794,34.85578705742704,23.181220840459154,23.41138393300023,48.10669444709207,23.448341422929502,81.37432424153965,45.0997780400038,31.00927670146288,58.87659687239986,25.79930860425257,63.32121143225401,49.67059179613362,56.210418850617,14.631841509809865,41.527086223766375,81.03278959653736,32.74422019186936,42.498414065930874,53.89126383938098,0.0,81.98079997602724,52.73224343503137,62.083812075913286,89.46020572537984,43.9520518170585,52.09217628102649],
        [34.384649557877054,21.685615552121646,69.47112204674471,37.599224712757916,14.204253329673982,47.125012918600206,58.79957913556809,58.569416043027005,43.77125893315579,58.53245855309774,6.496087293172273,36.88102193602344,59.22627062334076,23.104203103627384,56.18149137177467,28.26173973743849,32.31020817989362,27.583797300321454,67.34895846621737,40.45371375226087,5.29169330418597,49.23657978415788,39.48238591009637,28.089536136646256,81.98079997602724,0.0,29.24855654099587,19.896987900113945,7.4794057493525905,38.02874815896874,34.384649557877054],
        [62.991485841613894,41.56817588980789,48.58644244029966,49.007417278266125,42.81108961341083,34.08491129417298,29.55102259457221,63.1300560217102,72.37809521689263,29.283902012101862,35.10292357690912,57.88781041546892,29.97771408234489,23.167753778359444,42.95089934511167,56.86857602117533,24.368651042203055,56.1906335840583,38.100401925221504,64.45861802102377,33.898529587922816,19.988023243162004,10.582298581410072,12.138889855750728,52.73224343503137,29.24855654099587,0.0,34.888898658695844,36.727962290348465,24.53862287405333,62.991485841613894],
        [28.102587182918054,6.679277231112049,49.574134146630755,17.702236812643974,9.900041170284647,27.228025018486257,38.90259123545414,38.67242814291306,37.489196558196795,38.63547065298379,19.29051216562635,22.998911756773072,39.32928272322682,11.7211448803364,36.28450347166073,21.97967736247949,12.413220279779674,21.301734925362453,47.45197056610343,29.569719362327927,18.948977520624055,29.339591884043934,24.306600077285772,22.750008802945118,62.083812075913286,19.896987900113945,34.888898658695844,0.0,27.376393649466536,18.13176025885479,28.102587182918054],
        [37.36802944435333,29.165021301474237,76.95052779609729,45.07863046211051,17.47635247918189,54.60441866795279,66.27898488492067,66.0488217923796,41.35351127828776,66.01186430245033,8.085881483840186,44.360427685376024,66.70567637269335,30.583608852979975,63.660897121127256,26.138994293125815,39.78961392924621,33.24978687476282,74.82836421556996,47.933119501613454,8.427416128842477,56.71598553351047,46.961791659448956,35.568941885998846,89.46020572537984,7.4794057493525905,36.727962290348465,27.376393649466536,0.0,45.508153908321326,37.36802944435333],
        [38.45286296756056,17.029553015754562,31.442373887775968,24.468794404212794,28.031801429139435,9.546288420119652,20.77083097659935,38.59143314765687,47.8394723428393,20.503710394129,37.422272424481136,33.34918754141559,21.197522464372028,14.924545055341351,18.412276471058338,32.329953147122,5.718539979075116,31.652010710004966,29.320210307248637,39.919995146970436,37.080737779478845,11.207831625189142,13.95632429264326,12.399733018302603,43.9520518170585,38.02874815896874,24.53862287405333,18.13176025885479,45.508153908321326,0.0,38.45286296756056],
        [0.0,21.423309951806004,39.58249835174396,13.984068563347773,20.180396228203072,28.906574547440915,41.493532043698046,28.680792348026262,9.386609375278738,41.42929828567142,29.28214796051315,6.992398241022691,52.089344339781725,39.823732063254454,26.292867676773923,11.22903515122752,38.62283479941084,6.800852257555601,37.46033477121663,10.565090057260122,29.092956253691085,44.256667089017185,52.40918726020382,50.852595985863175,52.09217628102649,34.384649557877054,62.991485841613894,28.102587182918054,37.36802944435333,38.45286296756056,0.0]
    ],
    "vertex_count": 31
}