{
    "drone_dist": [
        [0.0,3977.8295182924926,4072.652127894561,4057.6021952904543,3143.990334675488,5578.362011742629,311.59366529366406,5277.789295144613,3640.484601305805,2356.2878686820845,4235.285704067972,3670.1439473977584,3137.00232368429,2108.510942540017,5169.3890847551365,2380.562853176041,2568.7535402472354,3608.9744248592124,1507.0100714694597,3690.556573694913,2644.4337807951592,1717.743419101085,614.434496602487,4148.766789049165,1519.2839151151281,2416.4946954196544,3093.850242534109,324.08031476508233,2374.0585136692216,4282.549105929052,2848.943823450834,5126.7785439661475,797.946263651823,3313.8158411420422,5958.713960068483,1706.5747015680822,845.0594881367473,5435.357551687008,3478.1197892879472,3325.4552092510294,3861.1994611506384,1730.484255960342,2008.3331544314094,3863.17927700339,3565.829248547775,3226.1388664671877,2876.6553750662843,1006.2225514572182,4987.347261618171,3020.51746758735,4596.272749205958,3861.529104935732,4661.078059878427,2645.845102899497,2534.384635530016,2764.5555219984217,2590.491513035208,2340.944835957291,4420.829371887624,1205.1976547397649,3736.2007256832603,4387.2643503794325,821.9033281279098,4795.780364749218,503.8498185608971,292.9574933098817,2555.69954295314,3736.5211827049593,40.448028654198716,3466.3922061678395,4450.387803005617,3292.975500952649,4449.434355169801,4745.5045646820145,4449.17242372653,1179.2475689120888,5988.544128065813,3513.613510569511,4140.283288397704,638.2935411803734,3502.3414834893415,606.230711289914,4726.611043068845,722.160419842338,4633.870759152067,3306.4626007028546,1988.4481358927437,3830.5212360320547,2274.9225709310617,1312.2965051290662,0.0],
        [3977.8295182924926,0.0,5481.432788461546,2276.885467308524,2045.9335453956003,4176.0080393812295,3953.292603895007,3233.216074004703,1976.2186425702396,3435.673662672308,3204.1172667271117,338.78786077951673,899.290924517261,2544.36964560247,3367.564096840333,4905.940850269016,1480.4724910696327,373.09942159336595,4198.0210877531135,307.61981514581174,3679.3037151145086,3805.70039028904,3970.6728413751694,5698.577247643406,4099.104197264389,1717.188731095619,1178.0750309623945,3925.747027374955,2750.9391310094206,2364.686903326201,4824.213240990755,4268.146374458116,3306.1524386574442,672.2757799221107,4409.3729771041,4139.706622381169,3444.0454394724866,4442.950590693165,1920.193638920613,4571.190760847577,5802.4500176957035,2283.1148365335084,3034.5966651145422,2226.9321777977516,2251.6978992480554,2913.2613294066623,1363.1827591906263,4447.265244100465,2469.480712127847,2700.4870406730483,624.9915682162258,886.0208225390263,1270.7524180039782,2405.7449861389414,1446.3030390683218,1294.7833231248464,1646.7932486980437,2125.8053723628286,4578.61118312595,2794.533548611393,3960.4972116756367,4700.229791828558,3906.2179459160307,3027.4321320040513,3870.48929128264,4269.896577056572,4435.765949301531,1663.0846532194573,4017.6366161744263,516.3776712148493,857.1821946278063,5150.5297422747,1676.2946006870939,3534.907795636941,4497.139594788541,2831.0025201835183,4344.67459454183,1104.4484386728568,5206.30997659087,3779.8969191673223,2095.2606591057183,3980.296356337667,2969.026405409781,4382.2436373442415,724.346304946227,3495.761885298908,3162.322027177613,1177.3116015969786,1709.2584312582371,2926.815931235333,3977.8295182924926],
        [4072.652127894561,5481.432788461546,0.0,3622.309256538819,3442.3678353744267,3412.8744781344426,3761.398979398689,3967.906961441924,3651.1105973871527,2228.303721259653,2847.3381115612397,5383.635532416582,5183.58996398125,3202.638100173167,3691.2667384915867,1813.1126274716432,4963.03628123629,5282.166401676253,2567.0024454041554,5210.949408359513,1899.078118829538,2442.9465114938675,4680.091176630912,242.40086293022577,2555.038753394741,4066.0106161887697,4338.284929192031,3751.484800734497,2849.3075146142246,3720.3963733338846,1232.685090806893,2707.4116173303923,3691.2790147827845,5136.021900791722,3727.214138057355,2369.0476515024466,3466.8040477346526,2941.122121867538,3637.951476907807,940.2005307005816,701.0370607249146,4051.4672661507243,2767.780861461078,3537.165622484781,3357.7430282620903,2594.8631558154066,4205.808615077858,3196.3817981096227,4363.808334064692,2782.8779051687948,5847.557462857261,4719.646476740891,5126.37712835293,3112.920620802733,4573.30493676216,4421.198022149772,4006.994287254134,3545.670714789047,1513.6174027471636,4346.081339664973,1664.8995566917272,1334.3821957119949,3257.8772158665124,3586.276076771369,3580.7071875810525,4127.701039015434,1528.8927552861633,3984.1111212996702,4082.9319530087905,5099.289794013257,5259.611926212248,818.1438965940829,4513.0845227492455,3012.775028206303,1638.8259958794802,4378.411962517039,3837.2300763125254,4397.385962711767,439.5983128280244,4651.827364489859,3481.466115459474,4673.32634459621,3567.992707571398,3497.602597435157,6164.702837467947,2011.5690289611948,2666.6676788945965,4458.543330511695,4616.906023257327,4803.882487687642,4072.652127894561],
        [4057.6021952904543,2276.885467308524,3622.309256538819,0.0,924.4941690975612,1986.22147132234,3866.183791631118,1280.081522365349,470.77910420439486,2210.861323491996,947.3954254707882,2354.7812036594114,2503.065692395791,1951.1938511552644,1272.1798690190021,3734.005796223439,2709.6067833100506,2266.560908320329,3419.6316029053046,2117.049213372942,2246.8216303000445,2924.2060388650175,4378.065679431748,3861.2697559351095,3313.2568538963665,1958.7499995220235,1570.5396717340298,3837.5817422591695,1764.2244846568346,225.07682425202833,3384.731721111911,1992.5578263187006,3261.4825842028026,2301.935762817307,2285.6735278598208,3246.075373414302,3239.9140812211144,2181.843654056858,637.0976123358039,2849.033670416468,4116.408435043421,2576.780512456937,2185.7859556048725,194.46146595300002,499.0574772978143,1183.222602829223,1643.517892838389,3983.9208885623557,971.5764717532894,1197.7679561274313,2419.1811015511134,1390.9433352432934,1530.2256266263014,1422.6084464347618,2303.5768948599593,1946.247121536824,1752.877256218994,1759.9950966275892,2427.667025030914,3264.0452772028557,1962.2337963618236,2577.4621592117246,3538.3907971011445,874.0831546796071,3693.6009750255294,4317.842162116204,3087.6713185097087,646.1391435486252,4094.9637367064543,2138.4048058354756,1750.0736322426465,3559.909554008209,894.4728135694343,1264.7210623201875,2326.8684860574294,3316.1167252444143,2255.2166737660327,1270.8910691840645,3260.014194828592,4219.857111923278,560.6095445401685,4381.682867126624,802.153930245313,4083.308698522853,2811.522775354361,1673.2752794690641,2270.192400330001,1100.0958649156114,2578.437393947151,3667.135664946621,4057.6021952904543],
        [3143.990334675488,2045.9335453956003,3442.3678353744267,924.4941690975612,0.0,2754.4590317071356,2965.128699244768,2191.9926171966545,499.8928429357958,1560.846284871929,1455.1501128639193,1986.804430187778,1930.9472406219334,1051.289736067975,2144.089871269242,3122.302646460337,1972.7593304282582,1885.8658311097918,2647.8035876884614,1790.51496987669,1721.405355385796,2166.1409275002793,3453.637150420762,3663.931985636494,2539.88973956485,1106.3712433979754,971.0612872717586,2936.1620600612364,959.1308426418683,1148.6638334479455,2902.386519868434,2570.6085493965115,2346.2812847736514,1803.1841399080847,3094.8680822797005,2506.047076213933,2339.534870909451,2823.590833144538,349.39243111137506,2548.3376966519413,3804.7376233957266,1666.8887263830532,1370.8492307939132,732.9592037196331,470.0424521706776,870.020364681325,927.892474210696,3146.4464651382377,1845.6252628690054,660.6079425747048,2416.0187097423604,1293.3427877929937,1866.8822694547432,565.9033369736408,1539.0804815365186,1226.3921788640705,918.0679141670375,836.5559681829305,2590.5793995950535,2348.0327707150836,1928.242187529207,2693.9377400914827,2670.4425838433476,1745.9108046261704,2800.0348958067016,3409.711279781709,2545.0991052796935,692.338356795419,3181.940502355202,1713.4895518898115,1882.7821322507266,3175.4493444702307,1420.5726339883142,1934.9119751007868,2524.7528522685743,2400.1609538836483,3085.756359337085,955.177052931465,3160.3773116017283,3295.483632371378,363.9162896654227,3457.2949181299296,1672.8435167614286,3216.20330620426,2722.3656503628245,1450.0108878392653,1476.8393699535534,1062.7091158855496,1767.1616408951986,2765.073327880554,3143.990334675488],
        [5578.362011742629,4176.0080393812295,3412.8744781344426,1986.22147132234,2754.4590317071356,0.0,5325.815591022753,1050.1654059030982,2428.306988952736,3295.6662401952744,1360.3064687213052,4303.67601759208,4488.4321644916545,3564.434428180378,828.332859069424,4419.52699304036,4678.868309098922,4221.931704379615,4516.594841988642,4061.3876346109923,3111.2878488547044,4059.087180480605,6015.93519514087,3637.787476874414,4427.389712130726,3859.9199130663565,3552.5533959140807,5300.490256361625,3224.568295903154,1838.1369548689572,3857.2835987579074,705.54891076966,4830.404107918523,4281.540034996198,385.2159264869029,4291.356078640561,4734.177369000081,530.7996197456686,2574.9653723715674,3098.1849837451127,4090.265779242378,4384.395030105001,3570.036495113791,2117.735734040168,2293.019143853985,2357.2185197632375,3606.253041493561,5203.31277530091,1840.9067306677591,2589.245299625024,4165.82074898231,3307.8120309558412,3122.9591515716756,3047.0517541741983,4260.013808387877,3913.238983519376,3665.992375315743,3534.9554475863742,1902.635182851408,5034.142872373344,2126.164098698244,2079.0607705982775,4889.952812947631,1150.3763383812077,5129.3937158058425,5793.678426078995,3746.6544935696015,2627.852313805896,5610.26032075106,4107.954210357662,3480.2298663802862,3793.0321099120183,2531.796447984296,844.2897541076989,1780.6424483775868,5085.47708228799,451.0240691332265,3249.8256835571074,2973.277871135377,5884.672902922281,2437.1800763851716,6016.714722321207,1212.5064986214968,5393.034331042642,4590.3604013619,2351.9050040163684,3595.648657852779,3034.378021411337,4513.190498002429,5481.799677741684,5578.362011742629],
        [311.59366529366406,3953.292603895007,3761.398979398689,3866.183791631118,2965.128699244768,5325.815591022753,0.0,5064.462053038143,3464.644293020807,2075.3686557698884,3992.4194871644017,3658.1929699524508,3143.8647898346253,1916.603270160544,4944.5204181405015,2080.484560621897,2595.07820399134,3590.298955305225,1196.6304822585994,3658.0329606242994,2352.8358968185753,1413.8233358949478,921.606913035825,3838.887142746478,1207.7021495400513,2328.422195935616,3004.217038002229,29.40907095603101,2147.040781580556,4090.2608003155174,2538.7198906416797,4856.871772609532,663.4992665218688,3300.743712070291,5707.953941470057,1394.9810368767485,626.3746040700582,5166.682424498015,3306.357436595544,3015.9498717875067,3557.3061524767804,1674.0463716905713,1762.2962204257735,3671.9085856895563,3369.8845190230822,2983.1134381821216,2783.406398814271,746.7151940304583,4810.500061835852,2791.005521421694,4563.531358436826,3768.320978492127,4558.436073914263,2445.1649986825,2507.8948364285884,2703.015364272543,2487.2027077018906,2189.6553955613026,4124.576848348415,1257.3409625376717,3448.295417139583,4087.193353719011,511.6396847549421,4577.781785242293,202.30498546827633,467.93300451146825,2244.1415909397406,3584.051166171267,325.73895883105314,3437.6817505648705,4372.066934707527,2983.5621448981915,4307.981173858912,4498.673762242113,4155.8343388536505,1243.4522839025383,5741.961310682675,3408.3064271403605,3829.3141643776607,922.798204494269,3317.4101246587034,914.1078250714511,4509.847977350173,507.2785056043207,4629.89023670493,3031.558246391147,1730.1671796771325,3714.8752777554105,2274.778889074529,1466.5655885489434,311.59366529366406],
        [5277.789295144613,3233.216074004703,3967.906961441924,1280.081522365349,2191.9926171966545,1050.1654059030982,5064.462053038143,0.0,1749.0424315698863,3206.579251123614,1237.90609334177,3401.5418632172023,3664.339030714456,3174.146832529906,289.85896003123185,4583.342960120457,3945.209821769285,3329.320502379321,4462.366827566604,3158.955433093212,3128.6363314398013,3971.79274801369,5632.63099116856,4207.660931799691,4361.412101619521,3236.573351376963,2795.929967835522,5036.704135267384,2919.815318776119,1068.5060947401134,4109.973765690194,1496.0661181762225,4489.604394664515,3433.4486094366885,1194.042736873367,4260.437494202091,4443.101786565763,1495.5728482828983,1916.7860955979343,3423.8114043576115,4586.914620897524,3854.528642598878,3323.4442128057735,1463.0057515941994,1732.4927705950722,2142.288509419501,2898.6021499213825,5090.884672036199,804.4390373311339,2284.273827018121,3158.057474823194,2402.683304815482,2104.068809606351,2634.3490330789514,3556.745717049825,3192.8948226361813,3029.5842038648234,3027.5810469695716,2499.307102576652,4539.365211991123,2405.094385749953,2681.5779088467057,4692.561512961658,495.14050058583075,4881.594252446534,5525.615427384568,3901.6690198435795,1842.3446464309045,5313.7226632116935,3239.4731632505336,2482.3054601668073,4159.2763246383865,1558.0999552804894,955.8188521643635,2372.8380669658736,4591.484754919712,1116.3077311758202,2425.6118477167156,3542.480081614252,5479.862046773698,1830.985537298556,5635.593443650603,558.0314944397758,5228.372307882268,3586.1482820710603,2395.9610911390496,3384.5395163503363,2156.727535587386,3843.2167783132463,4946.910009842236,5277.789295144613],
        [3640.484601305805,1976.2186425702396,3651.1105973871527,470.77910420439486,499.8928429357958,2428.306988952736,3464.644293020807,1749.0424315698863,0.0,1973.6868984769455,1252.8895319082937,2001.4243836928176,2084.153291167114,1551.1376219745823,1740.2869412809418,3532.227608435056,2252.2178253689467,1906.8441011906405,3118.6874942283926,1774.3488660895562,2077.98863915644,2630.092249894603,3935.6504255953737,3883.1080909443854,3010.945456104711,1488.187146280164,1127.7994286015162,3435.646661748462,1430.746065531789,682.519905451151,3253.154942497801,2359.9863015702263,2842.5459643936656,1902.51785016371,2741.6541800942036,2964.8797450621646,2839.2407812101396,2577.862451960165,169.51302326900174,2807.876767093659,4081.00921339925,2114.949488727804,1850.5492062136352,310.6940618102971,294.66568776876136,1073.5637696125243,1181.237966342116,3638.0950930133686,1347.0973300108021,976.9457264653137,2225.2672963502882,1116.2405132512965,1500.9453203542485,1051.8757562490355,1839.712705973832,1486.8076001009888,1282.1152154098802,1315.1539715663123,2610.5611343686655,2804.716085212435,2037.930968192003,2740.3849339561893,3167.9365375991806,1340.6522659349735,3299.927312640649,3907.9201551038077,2920.5612510202495,335.9960574215537,3678.6646493717267,1760.374209729608,1609.4214550636814,3482.3050443251227,969.1830683413014,1660.3044615628369,2524.8167527785727,2856.6758211899264,2716.7299308654674,895.7781952124311,3325.7580058532258,3773.4804131682645,189.4437646128711,3939.7558820351746,1267.9997355626551,3713.8968196953383,2582.9565576244495,1642.9059622886296,1949.5107366316115,831.0866270858043,2109.807474007116,3200.7893591265997,3640.484601305805],
        [2356.2878686820845,3435.673662672308,2228.303721259653,2210.861323491996,1560.846284871929,3295.6662401952744,2075.3686557698884,3206.579251123614,1973.6868984769455,0.0,2020.5438675768573,3278.553539357588,3003.6658814662956,982.2384344389783,3032.027311356767,1562.8992287488009,2739.9529218481534,3179.699064511483,1256.61526006349,3141.093863719961,349.27646755701477,772.4877033725905,2877.1634761402856,2405.4406433393838,1157.4237994064354,1867.9046853188186,2257.7437681878787,2052.8809133328177,684.9973144801312,2407.904936241597,1388.5428840384543,2788.046102201676,1711.1383624135278,2991.9454635543925,3680.7461632212753,1055.5193046094466,1546.4939292560414,3099.1469515278504,1875.3456946145989,1294.2174245321949,2403.15535883266,1832.7937293942932,545.6664193951415,2039.788030669354,1746.9229418180512,1071.589309277917,2086.031557016571,1913.8389939677852,3173.131966478742,1016.228683074662,3902.283787200077,2814.377997870964,3427.31960255857,1050.2955527353522,2363.388968017972,2254.086472141846,1842.3450546631639,1358.3556444957962,2096.9998944153845,2217.629430520325,1385.460310041387,2091.001414071645,1607.0596157528062,2712.2959293916906,1873.6660111424908,2536.994504321667,1004.0424479632157,2242.4602180774828,2383.002737151017,2993.1954962975938,3427.8683605214414,1735.178494696894,2942.724458332159,2497.7561004529157,2111.2868967898175,2257.9586769047164,3727.855202947867,2442.3253604641836,2100.7204741977275,2785.936046825382,1785.3722543624694,2874.7934308861977,2653.8605269604595,2097.7140659448523,4152.769430741215,960.1980582216728,463.48062460021725,2613.1375187266863,2389.7751522190665,2696.5902503412512,2356.2878686820845],
        [4235.285704067972,3204.1172667271117,2847.3381115612397,947.3954254707882,1455.1501128639193,1360.3064687213052,3992.4194871644017,1237.90609334177,1252.8895319082937,2020.5438675768573,0.0,3251.502547646554,3323.222757503224,2204.1304163488085,1024.2664064297196,3346.5090711087096,3424.6087506144954,3158.067754222438,3273.545292172009,3020.893808054247,1905.7152461668452,2792.980386900999,4659.246040299884,3089.7368934915053,3176.5828650241056,2554.121127289008,2354.1993412999545,3966.268557174385,1869.3245900824843,949.4454187892267,2875.5445013432172,1120.548767443513,3476.942664068172,3152.2915310577555,1731.7824701547772,3061.6381554817617,3390.2294784656865,1368.6765091487855,1360.0688834178122,2210.124646430432,3419.032969598493,3037.157406230273,2230.3503349668017,977.6669057331186,1032.5085751009917,1009.6073204332505,2362.632866957507,3931.0208361134532,1517.0425550053162,1229.7840138066224,3366.5070422949316,2322.249326865177,2449.1472237296653,1689.6197753656654,2992.9156815876627,2668.4243982880243,2372.075761191779,2190.300115768228,1516.7005710489927,3677.72410660747,1208.1322798956126,1679.8694627927941,3576.6894061750927,774.8817173962897,3799.3436259729,4460.011843059261,2664.2685469575777,1542.7777161269114,4268.269072616507,3013.2596587685216,2694.7174626884566,2946.948767057922,1799.2072585681778,516.2100734969754,1406.632046524058,3728.83225917148,1754.292054398156,2146.8617802951617,2447.8229736348558,4525.84416297538,1194.3086251220209,4660.274940650816,740.3203506214656,4096.205306065027,3757.949529878753,1160.4057755889419,2267.5293623482976,2029.252624895636,3219.9858580196847,4130.265954496537,4235.285704067972],
        [3670.1439473977584,338.78786077951673,5383.635532416582,2354.7812036594114,1986.804430187778,4303.67601759208,3658.1929699524508,3401.5418632172023,2001.4243836928176,3278.553539357588,3251.502547646554,0.0,562.8761575098797,2350.147168396763,3512.540462973202,4707.055546419042,1147.6496883319805,101.63556489219907,3964.4749944085374,243.0870729343499,3543.180343996108,3592.9049525219975,3644.2096273093703,5594.122673470373,3868.383291489752,1485.1620870155737,1045.3701128371272,3631.1275869425094,2595.366008413351,2470.249543226911,4663.416296691346,4342.661871229336,3019.1795085336626,357.46592958055373,4558.181912732813,3920.4873097339905,3168.327826675226,4536.247019584904,1918.6200488742031,4460.0079718344205,5668.6048197728105,1998.13525958203,2844.9607718667717,2278.061064916496,2256.7191458225675,2855.2693370154443,1193.4357200613715,4177.366390410316,2666.1381146704657,2621.8975122403194,956.4891605739798,1000.8546649214132,1541.882478634399,2277.335873598606,1153.3128378628019,1060.648147286123,1448.3486833916265,1936.7750708338694,4564.232006730433,2478.3646865341093,3915.046535582221,4675.51075390692,3636.1889688471842,3153.8469994948337,3583.9934534430654,3961.216972245682,4268.694739675834,1715.8416535995477,3709.6598800157913,286.067876134017,1143.7312378329311,5008.241267790938,1862.8900063776553,3619.4202229886328,4490.298617365415,2513.1178682895124,4501.593954059808,1105.6503597016385,5130.215247625214,3453.3102120972962,2094.468455563197,3654.043555110541,3091.204494946115,4098.596456041396,974.1247718209256,3428.018983150321,2972.4267865062307,1269.5350771910005,1395.6400076089888,2594.4071955202285,3670.1439473977584],
        [3137.00232368429,899.290924517261,5183.58996398125,2503.065692395791,1930.9472406219334,4488.4321644916545,3143.8647898346253,3664.339030714456,2084.153291167114,3003.6658814662956,3323.222757503224,562.8761575098797,0.0,2032.4103575429028,3736.318824953393,4343.655680521088,587.0244438277584,535.9876235918733,3548.8392499258753,685.7704328956984,3299.8833017315205,3216.311027176877,3087.1956622923567,5381.401350848523,3458.3262277580566,1138.1782956645445,971.3672353547354,3117.643573091623,2340.2203510832333,2657.234891649979,4364.092627007269,4439.92157050648,2521.2471641948555,265.36333914982396,4774.746802376276,3529.4318114459306,2688.1457567465263,4662.009913808263,1963.4806364674137,4246.30736354671,5406.575687430631,1516.45796090711,2521.6576884457622,2387.5079535116656,2292.9528174605557,2762.540904331634,1016.0940057979609,3700.5331694570655,2987.010451530188,2501.682154466591,1519.310719463797,1310.0830739224743,1998.7267276766217,2083.394830597212,689.5656377473363,763.411751854866,1176.6597430764082,1646.9876082427656,4511.6047592613795,1936.4999459003704,3819.6522333388834,4604.326726294985,3162.120024308293,3354.7995009507526,3083.483277247296,3426.0438982227442,3962.6025029458883,1860.9948198781847,3176.008820015076,488.6539546794449,1633.1058988089198,4736.975864701556,2193.9867848661656,3743.9785244934224,4451.139851969945,1968.5819329580193,4732.008477391751,1244.466835646741,4968.541153226922,2896.287064085599,2129.748115251857,3097.2382875492617,3286.806638545872,3600.3577622369053,1498.581261522154,3304.0564025173835,2645.8702960513438,1513.897191713757,869.1373588928348,2032.6878747960266,3137.00232368429],
        [2108.510942540017,2544.36964560247,3202.638100173167,1951.1938511552644,1051.289736067975,3564.434428180378,1916.603270160544,3174.146832529906,1551.1376219745823,982.2384344389783,2204.1304163488085,2350.147168396763,2032.4103575429028,0.0,3080.116662694033,2361.8635513648583,1760.4810981167855,2254.814392135509,1702.5887430450477,2240.13708230365,1303.8003965611013,1270.1739373988266,2470.2845427580223,3385.4004651563137,1597.4502462955109,894.3129752859552,1383.848697781797,1887.818145998312,409.0460017805004,2175.799211875686,2332.265607530374,3216.5522556199794,1315.9387649271769,2041.9964606620817,3933.6136842687843,1611.0565330802267,1290.3000871377365,3509.143528559072,1396.869051315732,2263.5170504464013,3378.3585082442996,935.1790773682826,495.1517074221905,1756.7536424887894,1457.5102342584125,1235.4648341787345,1182.5086478287626,2120.34938357686,2894.803100422909,978.3300504520352,3066.348881415843,2058.759746480125,2783.206260953149,539.9718681796829,1381.7537382110934,1299.2213859921803,902.4556857744643,418.83936093321927,2834.545732381513,1493.8239817686572,2090.0382261386776,2874.882292666111,1626.2303576935324,2697.883722008084,1749.009063008163,2366.6513937055634,1931.710563566819,1700.3907423034664,2145.40818744772,2069.5062141970716,2689.3214093523648,2707.1272568422833,2436.0124110211646,2720.2202441323993,2813.950608178519,1543.284860225589,3948.207218961806,1674.672167598946,3042.7884574481586,2328.338263996004,1400.8253395607276,2472.321425021584,2627.4438291939473,2170.4878230868803,3268.6432002981473,1558.993681895655,622.3725422804984,1926.1640042745398,1417.0823280965333,1964.757384576285,2108.510942540017],
        [5169.3890847551365,3367.564096840333,3691.2667384915867,1272.1798690190021,2144.089871269242,828.332859069424,4944.5204181405015,289.85896003123185,1740.2869412809418,3032.027311356767,1024.2664064297196,3512.540462973202,3736.318824953393,3080.116662694033,0.0,4364.605559916229,3978.059106007276,3434.9231542376842,4288.204318673243,3269.4852803357903,2929.7609065798633,3802.607995078264,5549.154464060304,3930.1934000925753,4189.444952089394,3222.1231366127417,2832.9320775879883,4917.315141935019,2798.02066145313,1085.9043690915307,3873.586941091656,1211.0957019983714,4389.432907400027,3516.3103425664085,1045.6772615723164,4079.997156741303,4328.629489460314,1230.3337173070631,1902.0546359586274,3172.5523361121595,4317.8564325244615,3810.3686662118375,3189.514129748751,1437.0077847408618,1675.0018108797017,1984.0699654717162,2915.22700984737,4933.04018829049,1019.2019753408699,2153.6432488023815,3338.6220457447635,2512.1026957999134,2294.6264128731705,2541.509511858213,3575.4254666270685,3216.699250379016,3018.6351608964355,2969.9675853913595,2214.487408731622,4486.760268089105,2151.881122459312,2397.1523611601497,4554.213072010433,400.46060747890897,4757.284515397545,5409.097905579774,3681.3303108068276,1884.0297646081276,5204.323783017501,3332.0292702195884,2654.219379639277,3905.6436500473324,1709.1689983842696,679.6970445851476,2087.6997360095565,4538.836938333383,995.7402843146398,2491.85655933326,3263.420013859461,5402.359577871413,1793.4848536624295,5551.47883761511,473.6256292874429,5083.855430330084,3763.9075352583613,2182.6798594491565,3241.7296506687676,2249.254602892646,3849.9924065621594,4909.157582590715,5169.3890847551365],
        [2380.562853176041,4905.940850269016,1813.1126274716432,3734.005796223439,3122.302646460337,4419.52699304036,2080.484560621897,4583.342960120457,3532.227608435056,1562.8992287488009,3346.5090711087096,4707.055546419042,4343.655680521088,2361.8635513648583,4364.605559916229,0.0,3953.5892082644864,4613.3096550962655,934.7301232235989,4601.996192183728,1490.4516674691718,1128.9975565599004,2994.4450268105097,1832.755552483649,980.206460549496,3228.0980941329767,3738.3557947241256,2077.638055945941,2201.829197822798,3915.492096444338,636.9882024652579,3781.1832484005845,2214.743098445142,4387.204940220337,4793.049253225039,846.2128406919622,1974.3500079621554,4080.128700949323,3437.905993009843,1390.90636738539,1485.796433472088,2919.1259628540856,1872.186377717097,3574.7565120579375,3293.113265987826,2554.5624638729732,3543.1168126110642,1423.3637696906453,4673.697391152232,2561.829483620478,5414.195628997719,4354.538147348711,4989.184703422305,2593.321760004087,3659.2251565152037,3648.443207234456,3263.07360547893,2780.1653653760554,2713.0611488909763,2965.542635816987,2293.395818460724,2600.4912902398314,1623.9550238367665,4105.065729908268,1929.8454461840765,2382.266446788357,683.5431154067195,3805.3516922123167,2382.628483536212,4428.9250021012795,4976.000774144976,994.969261419846,4501.209179390807,3738.632661098431,2796.24694774041,2983.1087162278145,4870.438711029889,3975.604224923678,2017.1541743939451,3002.39860439348,3343.140356746588,2985.7931849861357,4057.2026873035124,1732.399739039655,5630.064172936763,2187.51588204623,1744.6991993659815,4167.220176436147,3583.2861465960377,3358.4037295727526,2380.562853176041],
        [2568.7535402472354,1480.4724910696327,4963.03628123629,2709.6067833100506,1972.7593304282582,4678.868309098922,2595.07820399134,3945.209821769285,2252.2178253689467,2739.9529218481534,3424.6087506144954,1147.6496883319805,587.0244438277584,1760.4810981167855,3978.059106007276,3953.5892082644864,0.0,1110.1018688882034,3108.872316475936,1238.846342995821,3064.0110952873815,2827.372426709425,2500.538611772193,5145.1192728947335,3026.0400274872836,937.0856618981669,1149.2806276969716,2569.9101628101253,2127.3616705546146,2893.6245362859772,4045.051149440061,4542.736920905484,1996.5316599620814,814.9942923953422,4993.173354030403,3118.197105456908,2183.0611187736554,4790.389747490046,2104.1036844017635,4023.5871515779886,5116.946263114747,1043.4566489935826,2217.1269608192383,2562.812430422253,2402.169624349908,2713.1058120903654,1072.7512669400267,3189.575746107863,3336.596593278616,2434.9256521269945,2103.578363814148,1729.42603729889,2488.2458611657107,1959.6732093470691,436.7134380390806,765.6528685548521,1074.4362852606275,1444.9909392228503,4457.7736026894345,1363.9009883405192,3733.825857462117,4529.37736190968,2658.738126042741,3582.810034776221,2550.3803059782163,2855.1911251708407,3641.7652804685754,2103.0491765509532,2607.1621027118513,1018.4372859123212,2155.717639318561,4444.229326556434,2576.383188833788,3887.6798496406827,4412.51521521289,1392.8420164104,4964.823035088193,1548.103523181778,4791.815772395194,2309.651662209067,2248.602239804213,2510.6467060098066,3511.379321230471,3066.590609869236,2079.457104492698,3200.948239316547,2332.5755881376163,1867.6517634074658,370.31696788353196,1446.810274835828,2568.7535402472354],
        [3608.9744248592124,373.09942159336595,5282.166401676253,2266.560908320329,1885.8658311097918,4221.931704379615,3590.298955305225,3329.320502379321,1906.8441011906405,3179.699064511483,3158.067754222438,101.63556489219907,535.9876235918733,2254.814392135509,3434.9231542376842,4613.3096550962655,1110.1018688882034,0.0,3876.8068325318213,178.56434290337893,3442.947622755721,3501.076231476341,3597.598301196324,5492.806704208122,3780.078192946675,1395.2138377731285,943.8821216192789,3562.9988434495403,2496.1373616609685,2386.4039827358993,4565.183505124769,4252.114903639169,2947.436474804272,299.1765224987266,4480.564527374633,3829.9184869785627,3092.243527640645,4448.3957306366265,1821.456844654158,4358.817621910743,5568.5085776351,1924.9428674025698,2749.330280957106,2186.160787789042,2159.711315404118,2754.082477056773,1094.0043958469016,4099.588108747962,2602.416460645378,2520.3247322378083,998.0739911179779,926.6403154719751,1508.3276874123726,2176.3986786510836,1082.5877229168393,969.9926140544314,1352.5201952858192,1840.4040761623198,4464.683577321888,2422.6488509286123,3814.0923734758094,4575.358805443658,3558.298896709918,3072.8565394631355,3512.240205056347,3900.694033176438,4170.979464144906,1625.4424475206483,3648.672271049244,186.52352101379273,1120.7341472135606,4908.607871325801,1798.8232230942804,3530.7569226048354,4391.252548571614,2458.72595450124,4425.785220565393,1011.3036521535649,5028.5867412106245,3406.831947629332,1997.1301516397248,3607.2126832487415,3009.47604684019,4025.811117278425,1050.813913341022,3326.530667206664,2876.8926166826936,1187.847399459713,1337.6315476215955,2555.335413449654,3608.9744248592124],
        [1507.0100714694597,4198.0210877531135,2567.0024454041554,3419.6316029053046,2647.8035876884614,4516.594841988642,1196.6304822585994,4462.366827566604,3118.6874942283926,1256.61526006349,3273.545292172009,3964.4749944085374,3548.8392499258753,1702.5887430450477,4288.204318673243,934.7301232235989,3108.872316475936,3876.8068325318213,0.0,3890.4397266968044,1406.5206015578442,496.1263060780953,2117.855875912742,2642.3432284768364,107.91431443748856,2483.0108728423875,3070.8642475540532,1188.3549653670989,1690.067483933796,3627.7080788097064,1342.0894821500765,3960.429191620262,1282.5175408677765,3626.1812892434564,4901.384626843902,236.12380897032415,1042.5590429071908,4271.720610217799,2991.8771610525473,1866.8539972694787,2376.578526856154,2065.417271600105,1279.234088777197,3237.5890341346417,2933.18397025374,2322.685632167164,2858.6586835679964,713.4872868364322,4390.567971097595,2227.1740663370697,4749.81989601154,3761.2419281583057,4471.716416016936,2082.7469603911763,2859.3497887378594,2908.11067334677,2559.515903362763,2108.577032451509,3074.734482281566,2039.5490788073084,2472.6859593142017,3010.060464597735,705.5191335433132,3967.7189441929813,1024.2302011030745,1569.2935934342415,1064.3917076201203,3337.4093157520565,1516.2895710581524,3698.1630584981312,4391.803855664637,1787.5687490728396,4068.3150362182632,3740.1957198062837,3125.894755425231,2054.744512050938,4956.630310489798,3377.07130504388,2656.210739620483,2103.7260988337057,2939.0229511622015,2110.555745350523,3908.436789640556,974.0201475715805,4918.765564433394,2165.139426366879,1171.1337361055098,3619.067574848786,2740.9124454451858,2424.074230057911,1507.0100714694597],
        [3690.556573694913,307.61981514581174,5210.949408359513,2117.049213372942,1790.51496987669,4061.3876346109923,3658.0329606242994,3158.955433093212,1774.3488660895562,3141.093863719961,3020.893808054247,243.0870729343499,685.7704328956984,2240.13708230365,3269.4852803357903,4601.996192183728,1238.846342995821,178.56434290337893,3890.4397266968044,0.0,3391.909501937541,3499.4716775844618,3704.667181649539,5425.177255408215,3791.593531190615,1409.6724902344586,885.0086114906809,3630.260827996446,2456.0986500816857,2229.0716764707145,4529.350349414505,4107.065183005837,3007.6684027182355,427.29181823187713,4315.118117125012,3832.903236346299,3141.546991184866,4297.626154521288,1699.3457449183534,4294.2977340395555,5517.045569650046,1985.279332058687,2731.58716916979,2045.2764824745,2036.2901254651579,2660.5298331097893,1061.2287468128109,4142.861780220568,2426.9116314398725,2436.6234011155047,906.2585482075731,757.779969926106,1332.986654027395,2119.477827731498,1156.1719720078313,987.8179528109002,1340.8253401232948,1821.9992255940406,4353.359419718726,2516.8148194573887,3716.0440767261043,4468.6067737660305,3602.031935770205,2911.3890374034568,3571.3659233301432,3983.1459120145446,4138.923578226148,1481.3308725381512,3730.5526699913876,226.7384280754423,951.5652375079978,4861.817931310377,1623.3425636787765,3381.740961396552,4276.672286528382,2555.108548799997,4258.529761578709,880.6791725105983,4946.182311689297,3514.3612456023593,1875.49298092127,3713.9244752250934,2848.988519215445,4081.7646093614417,1030.3271649112523,3238.626547841378,2859.3495274941984,1027.802577664771,1433.3970736373838,2675.2777906836272,3690.556573694913],
        [2644.4337807951592,3679.3037151145086,1899.078118829538,2246.8216303000445,1721.405355385796,3111.2878488547044,2352.8358968185753,3128.6363314398013,2077.98863915644,349.27646755701477,1905.7152461668452,3543.180343996108,3299.8833017315205,1303.8003965611013,2929.7609065798633,1490.4516674691718,3064.0110952873815,3442.947622755721,1406.5206015578442,3391.909501937541,0.0,971.7986932862598,3185.618306930802,2085.8226864269814,1320.5450730671596,2172.213639534081,2507.2063022757716,2332.26706901428,959.7854823256112,2425.3693108044044,1181.9149702363975,2558.9766944868725,2036.5903115944668,3271.5208563366755,3495.788962477505,1180.0697205624583,1858.4911033712287,2870.7475790904455,2003.8713650319044,959.7224481419964,2125.7865047492405,2177.5928693362075,892.7018577624691,2092.8554169978074,1821.5107619803066,1064.881103416942,2350.890053598383,2103.915891055927,3183.3114457358283,1101.490214026873,4115.733471314378,3006.8367758720174,3566.530589995482,1273.5637583807752,2676.271908541151,2542.0451912414555,2127.382434290245,1654.2256745725751,1780.3838816047764,2565.034313834133,1098.0612496578233,1761.8223400852658,1863.9872500889624,2641.154784453265,2150.587981510766,2805.75032212459,844.9245472382478,2374.22496901695,2668.6551163880304,3257.112495661073,3604.1841010619364,1471.5835905621555,3040.358935741113,2348.570096916133,1804.8908054207302,2604.8294338910405,3553.1201896623106,2646.9940167513532,1754.3804022888457,3103.2241248153778,1888.931430298968,3182.5500456810405,2588.907663702672,2319.4386051644274,4388.207180336949,763.4573750884351,812.5109282466137,2784.0939024702925,2719.623046494747,3043.1317276265795,2644.4337807951592],
        [1717.743419101085,3805.70039028904,2442.9465114938675,2924.2060388650175,2166.1409275002793,4059.087180480605,1413.8233358949478,3971.79274801369,2630.092249894603,772.4877033725905,2792.980386900999,3592.9049525219975,3216.311027176877,1270.1739373988266,3802.607995078264,1128.9975565599004,2827.372426709425,3501.076231476341,496.1263060780953,3499.4716775844618,971.7986932862598,0.0,2294.667554251826,2560.5368176446414,391.3916727324774,2108.9825031414916,2653.5815771510906,1396.419075672629,1207.0473640311636,3131.758304534912,1299.282441517749,3527.313935217922,1248.6059314731951,3266.814718708246,4444.30003013821,344.3480506829624,1024.834363276665,3839.172512985066,2507.2157390464686,1622.383810091827,2391.8376616728815,1799.227594244091,810.1744368769421,2742.8850586925187,2439.179788660121,1830.257924119551,2448.9836637874578,1144.4457620857593,3894.8901705312637,1731.069872868556,4336.31741306295,3316.1180933341757,4006.3585958387234,1603.9221863131338,2530.758035258324,2532.334583603639,2158.914817212745,1687.0598705626846,2717.8129431814896,1935.1229623861486,2066.323415153798,2674.879062640966,908.7492678399282,3476.8217622537995,1214.5319890372336,1851.6330133584709,924.9881946608288,2857.8196134632894,1737.4455642079427,3318.3511189890705,3945.5535069948137,1742.034001435376,3585.108807577459,3268.6239486858585,2755.1469660735997,1961.9174283547516,4494.642535052469,2932.256326938956,2451.3031829887104,2240.13521713778,2448.747987877737,2289.811463619002,3416.744278738471,1347.8697638734752,4529.734701497724,1709.9165794066448,692.9277245529823,3159.1636662401156,2457.2727495058957,2374.7455333795942,1717.743419101085],
        [614.434496602487,3970.6728413751694,4680.091176630912,4378.065679431748,3453.637150420762,6015.93519514087,921.606913035825,5632.63099116856,3935.6504255953737,2877.1634761402856,4659.246040299884,3644.2096273093703,3087.1956622923567,2470.2845427580223,5549.154464060304,2994.4450268105097,2500.538611772193,3597.598301196324,2117.855875912742,3704.667181649539,3185.618306930802,2294.667554251826,0.0,4760.196367992135,2125.054721838972,2576.3326272044283,3233.4692614633273,929.5674300376129,2791.3744996363607,4602.284558697534,3459.8379156015485,5605.315905812835,1190.881444334009,3298.4516866022177,6390.857527506315,2311.3457726702222,1330.672745690482,5909.95902994013,3767.9245794503954,3913.928022445898,4475.621876570724,1873.33387616771,2469.323944899979,4185.706756476746,3901.619758617017,3659.925855298724,3029.498767885916,1604.9314854680704,5269.208995459069,3430.303656576056,4595.6641004045905,3991.2931820756553,4797.759277241482,3007.710039281977,2571.5274091733495,2860.3289768808336,2772.014374611602,2620.8548346636885,4965.89511919133,1210.6101577946615,4262.551121681764,4942.915408277902,1422.599134604859,5163.60995792669,1099.7940576746948,682.8610522464435,3158.050817606823,3984.381654217316,612.119234607611,3477.9779367813844,4541.698364682627,3905.109309844688,4665.678721344867,5174.581997048171,4986.499110189938,1165.567597948869,6411.295074649391,3673.625289359683,4735.6044646675555,190.91912250522412,3817.4610635454683,13.12815026629102,5092.384701800067,1305.7459989702893,4576.038014839435,3805.763465142779,2471.975122972937,4004.749961629529,2273.4181229309893,1075.5671938933947,614.434496602487],
