{
    "drone_dist": [
        [0.0,2838.2156141078563,4246.119325910737,1805.5218483910342,900.3015196928867,1967.2093318026941,1683.5628974119375,1932.4335045720916,3244.395584207072,2709.773934391613,1268.0303400468551,3486.543308395086,1044.3615884821422,1431.4858856452004,3622.819889296035,2877.89489941196,2952.2245161186647,3190.551423074218,3651.48323935453,3173.4683355375737,3010.141365302965,2653.1954838992,308.16103987720646,2241.910607754591,2621.9600843763083,686.4100716930392,1544.7504224798174,2441.1738101773813,3801.501828908514,3050.6611817035878,1503.0097663468052,2322.9488658614328,1026.3743184647103,1602.1701391949375,2669.1398593195117,3180.840078954572,1823.1399362917132,3487.3272232527665,2237.9101202371094,4002.9185936785875,3099.4860190252393,812.2487065995845,2021.4672759667524,1023.8690389301195,3459.4901316584082,3819.472298772394,3297.0901681619257,2595.5851027900735,3598.913286919334,3301.3578501301176,2770.6505362639136,1123.3622037135474,2002.3991429187038,2866.704041387837,3036.7798315357963,1297.8671418868073,496.1770776837211,4009.470533779414,545.1081732088693,911.0884241396054,1566.5932061104593,3051.926771135205,3480.023513201575,658.2481047465495,1002.8581566977673,4332.682281016672,3853.5468015827178,3092.307006792648,593.7026382426976,1788.1310695143632,2189.2431013365754,1750.2237399780333,1665.8335606080036,4944.785517681137,2596.052911400142,3437.6556582571106,2276.2279532650496,2679.892765669638,1091.0068733772712,2246.1691471592885,2160.005986440587,2835.572881359872,3914.132832619275,3668.3752959380927,1195.2672874174993,2364.7109793720597,2290.0546593184004,3825.875466199267,3941.5942279168657,3890.742638917627,0.0],
        [2838.2156141078563,0.0,3155.9086708502737,2581.3672642350903,1964.7451423038615,3459.1670463108585,1605.9517281040655,1337.778984228028,5177.863891630514,3525.767604682274,4032.516487521916,684.7533514044321,3398.190542392884,1723.9231744957692,4199.535807029097,387.8474674535013,2186.786759390806,4818.559059646019,1153.9884212641284,1855.2569905721373,870.242781792336,231.47577559454615,3143.470522020806,4709.785495698051,4872.341177325988,3418.2655880855605,1904.596762244954,4468.1738190659735,1075.3424486845317,1762.8591271349133,2732.184492977162,4784.4766790890635,2079.4203629764056,1565.438196908224,2104.14319952879,2556.9374014856235,1782.7032162958626,3113.559767654307,1084.8008699253853,1170.350245762946,1926.4213887788294,2179.375048998436,3229.0862467482407,3770.077621176345,2411.203055878911,3734.3720381029884,2105.758074442036,242.7388006714994,906.6355976491698,4096.348734289249,1952.3038316060056,1732.4210007628244,4327.548983814287,4694.997799166557,3860.7509489219797,1931.5547313762438,2597.598001409753,3255.0206759747393,3225.713139095622,2262.8990454621185,1395.9826792000715,3311.420241238224,2303.769305962828,3335.8736663512823,3828.4602548611956,4255.063848518481,3080.061801783858,3690.7136273652927,3425.374421234354,1320.403979695346,4686.491957193311,1541.8353846372781,1388.1288360822339,4474.697138782007,249.12518585760787,4341.070240555885,2406.315494400524,4233.0101783875825,1809.047255058616,3599.6027298504123,1220.088472263585,5111.905825022304,2330.3040038771655,1675.6500352514463,3301.435738253346,1358.2638797710406,620.7270142395975,2871.1752595643115,4195.073000850454,1206.3857618536174,2838.2156141078563],
        [4246.119325910737,3155.9086708502737,0.0,2545.350444515598,3561.65872544899,3085.993113346092,2701.7728672459634,2596.540579429868,4297.836765883399,2370.6827265109546,4800.191626939255,2980.7392272791362,5248.867061496417,4155.466596967173,2254.4623990848618,3543.5384981470493,1313.7847873172402,3719.703690528335,2339.700218061616,1341.9746538543366,2287.1347662103703,3027.489627563871,4424.539709432392,4719.400817328843,4514.722745397497,4373.049564893093,4442.060807199154,4003.53134782831,2762.1276111464026,1461.3102631855277,2914.526858450208,4757.763690561788,4241.436504654878,2824.7044403241166,1588.2625338785258,1072.0118023478333,2475.168384340338,1007.4643601339495,2481.557507010143,3234.652392960322,1324.0367022884282,4163.615954997179,2789.9259629747644,5222.2043204428355,838.9473560564539,1352.5180111069635,1107.5736400069716,3172.3279142793817,2698.62568699434,2460.768463638627,1538.6021739545322,3463.3589680906116,4297.418747813478,3886.329867415279,2427.366196411633,4294.081799667392,3756.1098840243335,461.0559933729617,4219.773693867266,4362.813461525593,3039.6743691548563,1742.1952096962648,891.1116450490778,4903.613337439335,5079.185281128844,1581.8532644213399,489.9473386351246,2141.5918487890413,4593.552582581558,2786.122478107549,4748.996299882711,2663.4091462680235,3928.6408272864674,1425.4591851537461,3221.191945158983,2674.0091842642864,2004.1130685094372,3353.2984754578115,3880.7467981489026,2958.8119536843265,4113.262093324644,4703.363116495601,906.7288833017492,1609.2476031991607,3673.7531829355253,2167.678887996319,2949.468471992464,420.7181442986399,1896.79581278049,2659.05900648274,4246.119325910737],
        [1805.5218483910342,2581.3672642350903,2545.350444515598,0.0,1428.866131529398,900.9828046157871,1010.0547838517233,1245.5157502809982,2612.02753869352,1091.1866454736983,2267.5889208751205,2988.308754871922,2848.9173725424366,2335.80941481255,1969.4822720739912,2848.756772886867,1369.9378873446387,2238.0111447688673,2799.670032746369,1782.2077037559493,2191.04805723378,2350.250508456657,1926.5798276006274,2423.0724069313646,2424.5384012144573,1830.0684114840346,2608.98845152883,1960.4240759091829,3125.9227762258,1696.1249779480193,371.1030363816954,2482.5059719873107,2194.5113288078887,1097.5731352562955,1108.5033322975298,1480.426417175781,798.6651975467493,1696.6637830322109,1515.2789645548553,3505.343112450257,1661.9211440154938,2026.8095230958202,647.9086360271921,2711.7145077902032,1855.2303301828872,2019.7614137778646,1798.0787210134858,2401.0524696419347,2932.8578049047373,1726.3259028965863,1295.7801159091866,1483.6233007023675,1993.2928773404185,2125.8003033108066,1455.5756884238851,2371.795593120172,1313.730989592315,2248.5528727001924,1684.4106242760834,2238.93680932323,1370.490890450992,1265.1532829662997,1923.9266735929325,2440.1896313286493,2544.3610686477036,2545.332117967904,2107.822047091845,1407.0186642033475,2064.420370791575,1303.7026011592945,2428.2735557968444,1059.6674968719642,2295.4917630200125,3139.412757206419,2434.2037567451603,1932.5526081559667,552.7578328168635,1651.642933674412,1911.2017640716176,1018.2393520177735,2732.912088940464,2657.965288243972,2443.986184421157,2475.6284728395995,1155.8167602676547,1348.9031882913864,1983.656218353388,2129.5254287248404,2201.4602963868515,3147.8383101343265,1805.5218483910342],
        [900.3015196928867,1964.7451423038615,3561.65872544899,1428.866131529398,0.0,1994.908526479788,872.5258122214846,1072.2559922821606,3583.408798446313,2503.450548867011,2069.9345622546807,2596.8929930621543,1730.2198836179227,944.5524340327008,3397.0683148928642,2050.3321058201573,2247.90609826971,3380.269089046811,2752.8103974608516,2377.4615022941043,2115.046849002074,1768.5534276752412,1194.6632547492793,2845.345562607952,3107.4204238898674,1455.019883605978,1196.7107330426074,2796.251382987934,2903.1252468618886,2249.440689190363,1292.4514128656033,2924.285127586966,767.8670825655819,763.8364929419756,1977.8997502096652,2535.9571834993753,1087.6404293142048,2937.920605062646,1356.1682271304628,3119.0649605344756,2323.3170666348124,623.2450019930341,1907.6838758283682,1903.520753646647,2738.1884453079024,3380.47074975507,2534.1628389795455,1724.0295168084174,2700.0107161079854,3137.6471948998174,2031.7145590375108,232.3964772872614,2510.370714139146,3138.33637487852,2864.400863204819,948.8156249272735,650.9942549142884,3392.8981483155085,1263.934183769963,835.0934067272665,671.6372860817594,2665.827622883661,2733.6471944765417,1494.2717680348321,1903.0814375411383,3924.746461435545,3222.9697600526847,2835.3589489756177,1470.0972828640683,909.1573252814766,2809.9455507105745,925.2909239639814,1011.2313048962471,4447.101856970925,1729.9411298875614,3326.2182561328505,1733.0771953383216,2805.138455910477,499.4423391066285,2235.3348996415234,1516.642097709081,3341.4418173908584,3117.4155603097297,2805.5721300070986,1501.685884244387,1525.3938404244516,1395.5445249196387,3150.0254802224563,3620.4317424515966,2990.811229217315,900.3015196928867],
        [1967.2093318026941,3459.1670463108585,3085.993113346092,900.9828046157871,1994.908526479788,0.0,1858.7680289713342,2122.415361949064,1719.2018052404517,871.3092420848934,1861.9938581478095,3887.8204665233957,2951.48285445171,2938.527597351238,1721.4289347701663,3703.7636552714657,2121.3554676380813,1403.1031890384118,3691.8394897604903,2597.239986930732,3090.6939544882985,3227.71852092019,1945.6906117238268,1645.446267461948,1551.723172666626,1658.6768201244163,3177.786870943396,1067.7766631176073,4025.4695061428038,2529.2057932543803,749.8564134056047,1691.4424590657381,2690.579233912485,1921.1270818237192,1903.313399497821,2108.8172884501196,1685.0938857081967,2106.2488015345925,2408.822537468863,4406.11185574691,2466.1220630217085,2483.937698370673,310.8257403846586,2612.4424034239205,2545.392319224916,2171.4566874904363,2562.9207397575415,3266.6878471676323,3833.258333306323,1368.6581246481467,2113.177018601228,2130.735802086365,1216.511518561738,1235.8791149448634,1124.135022713905,2919.550488243144,1578.5914675299057,2701.514340035561,1599.0759872981578,2677.141854141781,2162.8259141582857,1429.4598277476725,2644.9021172393122,2475.8414526646743,2363.449802257883,2593.344544607196,2603.8066912499266,1263.1257206124494,1958.0946748865176,2152.0071076466193,1668.8845065596602,1919.0471440309693,2979.0283982733613,3305.6625006273794,3296.4309284589476,1477.7231905453662,1323.2560032556817,816.273955250309,2491.7714264848714,280.7093038767991,3459.9197993558228,1778.4448014047844,3186.799769154979,3321.300119800355,834.163385763874,2249.378769586897,2849.403198394433,2702.972731332218,2116.602090423291,4044.425844460927,1967.2093318026941],
        [1683.5628974119375,1605.9517281040655,2701.7728672459634,1010.0547838517233,872.5258122214846,1858.7680289713342,0.0,299.8946438733616,3574.9468651909588,2055.8776813112813,2646.348190716846,2097.7327338863315,2598.298107054479,1531.040260855446,2863.338573506788,1846.8445229045108,1391.6104755666304,3238.1542342208227,2071.2701084318574,1508.2282866961746,1418.3579979942647,1375.2511882887077,1936.0791229878346,3154.341526820081,3277.2539393729585,2065.466417395863,1822.5476466368314,2863.202580325586,2314.1137186400388,1381.405636527209,1126.235239730334,3225.4748210075195,1546.9163865486112,130.29268607578126,1134.0634417172419,1704.9167367954994,281.43130379396706,2158.12382351053,631.3860122602944,2629.954252857675,1450.945662370958,1461.971032428001,1647.2739904531393,2707.308746431875,1871.653408270701,2668.3123225230793,1661.7099919851382,1408.0802805502512,2110.269726683265,2675.967627234794,1165.0393958854706,762.5088252421829,2753.907826237835,3093.9824146586134,2415.0864126163005,1633.202470949438,1261.3477694692608,2563.1039422990075,1874.1092015979125,1661.5584571736354,409.64175522285484,2032.508997428298,1862.2843056945928,2324.587314520731,2651.937772476583,3220.718973432126,2388.154745359327,2308.620148848292,2177.5358272448375,294.9278862448852,3139.333993090565,75.88148356001795,1396.1173435503217,3671.9915395847424,1437.685264544845,2900.8498577104288,1040.253225211381,2648.4111654683434,1192.678897594993,2017.9010613710027,1773.5302221125266,3516.589167335317,2249.7411871313448,1990.652902564431,1746.40265978569,682.2986548686532,991.2879938569835,2295.686101547443,2994.367828125758,2369.788839434652,1683.5628974119375],
        [1932.4335045720916,1337.778984228028,2596.540579429868,1245.5157502809982,1072.2559922821606,2122.415361949064,299.8946438733616,0.0,3841.566691388957,2238.7552886948392,2938.0918112281006,1802.3047425670377,2798.6207740082477,1563.7698315446578,2998.4801317738825,1607.7105962348403,1316.0138507818187,3483.523138320796,1776.2491425042524,1330.7276902271558,1122.7473058289024,1106.33846753353,2198.4331212860575,3452.523450753811,3566.5570610778873,2350.942127426067,1853.4244445823906,3144.002867187055,2014.2201816771578,1200.6783655403221,1405.0889677979108,3523.259305638301,1657.6584278292637,334.6932247051016,1094.3562616302188,1663.274904172114,448.75840149451625,2161.5896295807056,332.42776325482623,2333.5488645907058,1296.892379729569,1609.6016386149015,1892.465008207968,2954.5130448356654,1757.7252789481138,2714.11955941784,1515.2179478635271,1156.3612996807335,1810.3868616186503,2841.690103970122,1068.1467412310365,911.2994063420696,3050.002168007333,3357.9511119234385,2589.6437865813996,1697.5424075732524,1535.7573138060873,2507.670520958641,2158.1462668349964,1794.3606201671996,448.7731106049241,2137.563820026404,1726.1400758525597,2558.4983506970734,2916.478376667005,3264.651644308648,2328.3520029318706,2456.267659771958,2448.9574317576967,189.75641710625877,3438.1883942972363,224.88408280215208,1368.9302960003022,3660.869408708263,1190.7441502307934,3075.8580429378253,1157.0664652691908,2896.5839637280596,1294.1279841685393,2263.3762717587547,1674.3595202450445,3805.595941046417,2061.598386510246,1737.9638370591078,2045.6514726726484,459.5365415649818,740.0705139464411,2205.9485654804425,3085.218107011179,2070.574219914817,1932.4335045720916],
        [3244.395584207072,5177.863891630514,4297.836765883399,2612.02753869352,3583.408798446313,1719.2018052404517,3574.9468651909588,3841.566691388957,0.0,1987.3606680746136,2412.8279996831657,5598.993606935706,3991.6225408409177,4494.337079792325,2178.330016460179,5415.36913125868,3659.3765336690362,595.0060225356762,5362.524727399442,4174.503546333188,4785.088467222001,4946.461830355024,3078.803113722683,1344.1961980984522,795.8199402798062,2655.2328216107003,4694.3026530335765,805.0762561336738,5716.625081325558,4130.041810534304,2452.8831974812365,1298.2451598522127,4174.051136126496,3631.078304838749,3496.540723574608,3530.827106956986,3403.511624175769,3303.7709954977886,4125.947863144835,6112.008607369237,4036.8066492419675,3951.803938281938,1971.117167447231,3434.635193593744,3986.2651854439205,3040.972606936644,4085.0135387060477,4982.834672472818,5529.308599129498,1870.9563450591245,3714.7320257574097,3757.3145781778953,1309.5922459746641,486.8196618357842,1870.482037185523,4431.554590193537,3027.1995365019598,3847.6426918871734,2721.572238504843,4111.599396069209,3859.019715423666,2578.7040690806425,4112.628113659971,3509.4462363817092,3121.2806065517884,3199.4232096226556,3816.1232952345863,2156.405822561599,2935.926688996958,3866.6167902515676,1423.056208859122,3636.7302427528853,4594.069838206705,3955.1649858668675,5011.501484134437,1714.8089283512604,2951.589763964522,1012.4910228611067,4054.6199142908977,1614.4350089055883,5094.713195357326,755.8848445353464,4649.245201835575,4917.103378659345,2108.535412717657,3950.6031707067928,4566.223521439954,3995.357426622363,2660.468308214016,5724.996291448109,3244.395584207072],
        [2709.773934391613,3525.767604682274,2370.6827265109546,1091.1866454736983,2503.450548867011,871.3092420848934,2055.8776813112813,2238.7552886948392,1987.3606680746136,0.0,2733.231263737728,3816.372766006804,3735.429005794035,3424.1669349335098,915.3952337164045,3834.7117010190595,1697.4701681020001,1459.0145801267436,3476.2004452097617,2221.3399030220507,2961.2368777461834,3301.070399922463,2742.3282871198367,2389.877674658392,2145.2268609215935,2501.500853559242,3693.7853098480423,1635.2341318144406,3863.709189378702,2193.711693515539,1242.356030862053,2419.198857373851,3260.2031161206696,2159.9343330984602,1576.9586697534241,1543.724403641501,1800.8867308958802,1363.2936177643214,2442.185722289874,4296.344738634322,2082.7216891224048,3078.28082492415,696.0090697388011,3453.4980774433493,1998.9900287536714,1313.190625433305,2109.459110343975,3376.858778934478,3692.186315644356,635.722703135098,1792.4348868871048,2572.969238713675,1988.0763926153231,1539.2963204373584,364.42582584650904,3451.6175782361142,2258.8347375764583,1945.5447838957032,2418.456620860603,3286.534973765522,2442.5649073465456,630.7731957590934,2126.5470070985334,3277.20228790136,3218.421102153506,1722.206146183622,1880.8669214910278,396.1424003462664,2791.8290115070145,2337.477667780026,2429.256838459686,2091.2079268049497,3385.479766408177,2437.861203768351,3415.596350997281,846.048925010291,1122.704943043152,995.2797690165451,2994.2252340729606,646.4467268201367,3813.795546297608,2332.930866716425,2661.9344570259177,2963.416500142472,1678.0695454763356,2184.272420347895,2969.8034311145166,2032.3245132276058,1257.274078078682,3849.8013584412056,2709.773934391613],
        [1268.0303400468551,4032.516487521916,4800.191626939255,2267.5889208751205,2069.9345622546807,1861.9938581478095,2646.348190716846,2938.0918112281006,2412.8279996831657,2733.231263737728,0.0,4647.742253399478,1638.0025038189287,2696.8930072276266,3544.928118899748,4112.447164217162,3625.230439495521,2576.266858769957,4713.953750415311,3978.568250406168,4060.4451366930507,3830.2540869658123,974.1375012369758,1148.2774216412545,1653.0247327732586,614.9920296382693,2787.5285767354057,1701.663849610854,4923.780374191713,3872.4511198009377,1896.785148806839,1222.2949994389228,2283.5276251840046,2609.3200372984543,3351.003626916226,3744.9728573705097,2676.4054529411733,3883.842402962048,3268.629427005871,5176.19180300114,3874.744130678133,2076.4647995286673,2090.5152299960737,1028.7029276792885,4120.016170884698,4026.3828526823663,4037.1440628755636,3792.856751131993,4718.598946163937,3173.831238065256,3511.9722086472707,2302.1459987958146,1115.5188264550384,2178.4918282692074,2958.40316905822,2552.334772540018,1439.1199016231446,4467.6163103592935,806.8080607457609,2147.79274833199,2671.757671815769,3266.5189227125916,4180.761379802232,1196.9478258522015,713.1536563372862,4454.7940061396175,4343.707598793003,3123.2112643070113,707.6222292550204,2840.03278759241,1076.7452511133731,2721.739897942703,2932.2133334087107,5165.40456480739,3799.6804109969858,3219.6805601178676,2820.0697212466794,2239.993635550859,2352.9654337940656,2105.9677798785046,3428.0356316075977,1814.148422212522,4683.802139186826,4592.448835564423,1127.79140094851,3300.1925344832134,3446.1992421119944,4389.424345517501,3968.4505411965783,4995.101501813059,1268.0303400468551],
        [3486.543308395086,684.7533514044321,2980.7392272791362,2988.308754871922,2596.8929930621543,3887.8204665233957,2097.7327338863315,1802.3047425670377,5598.993606935706,3816.372766006804,4647.742253399478,0.0,4081.136427084568,2408.188641188025,4381.280835726543,889.5592124211795,2274.4453718287855,5190.853121313849,679.2691825087411,1826.2248828040688,863.7022498385575,835.4275934533296,3788.1946214324116,5250.61292081887,5366.03835034996,4037.401580214887,2581.972993279646,4932.544036765349,418.16045165292593,1774.664126250179,3198.657083076268,5322.385379151951,2762.566209353713,2089.4477972145824,2277.323649975197,2613.101534178223,2210.6675601940647,3159.24837416648,1487.4477938125035,533.5947717936142,1935.1822078545374,2856.3247009901293,3628.3933383798562,4438.914685137205,2354.931695971121,3791.756872481711,2061.438360529059,917.4217529035919,319.4108203857282,4334.711391297628,2083.9075310105527,2366.993094253942,4851.604913754411,5112.2924511754,4123.451296525574,2616.001915626197,3208.691500059454,3173.4744253750605,3843.0850979029324,2945.7628978514485,1978.0286790216262,3498.2998280409192,2222.3986229830025,4006.365405742019,4484.293926737111,4273.453850342803,3012.793183055869,3918.0482800692225,4066.4632309484236,1842.6040778002787,5233.730332318345,2025.1634049185657,2072.2718556373543,4375.7819583616965,932.1395890300447,4586.702851239978,2702.6404034074853,4619.034837388576,2483.427951756827,3991.0957290186807,1865.460861191245,5604.643438335673,2087.836310414672,1380.22887137221,3840.361600410724,1653.8100579388476,1202.9985453302122,2773.5918233154766,4300.510932500722,565.8718027377591,3486.543308395086],
        [1044.3615884821422,3398.190542392884,5248.867061496417,2848.9173725424366,1730.2198836179227,2951.48285445171,2598.298107054479,2798.6207740082477,3991.6225408409177,3735.429005794035,1638.0025038189287,4081.136427084568,0.0,1701.0390542374685,4643.130290205524,3323.504957977135,3941.1309469669773,4047.8564189495737,4378.670715602805,4106.183665117046,3774.90977588053,3260.2124511987763,1006.2218845623465,2784.4237412102666,3269.2364879283386,1363.435127275942,1623.6082964269988,3220.769912729061,4447.2690028229235,3978.6966328411922,2545.5668257780735,2859.549567503314,1318.7712916396267,2493.7164154729826,3661.814841067802,4193.776019138757,2785.760426014622,4523.436837368209,3062.385105626826,4556.26171051825,4047.6476892886417,1245.082649224656,3041.31573824831,667.5841115948962,4442.614973494434,4863.826416875788,4255.108955012986,3163.9761544584603,4255.512566217726,4309.949348449973,3741.059287403243,1894.4885130986747,2684.2591015989733,3683.4014772016403,4050.9708260255775,1495.6328985632013,1535.8279210885964,5033.847301302637,1364.120691750906,1135.3810867039633,2372.87444222675,4095.7137179771516,4449.19436607207,490.6751369116988,954.3114813246137,5375.791411229316,4873.645973987277,4122.977611041253,1063.9099171476241,2626.7208480991035,2714.125420815365,2654.3083233520165,2030.1460573557931,5988.320051986321,3149.5232220244966,4429.114058631474,3306.6985246750514,3593.1104010840486,1618.9737713693355,3232.107985969247,2403.5053458644184,3445.117066215628,4846.980997224643,4518.239669405195,2130.8963000354292,3254.6731057290194,2959.5412034596475,4830.759532485507,4977.1733028809285,4558.709574679234,1044.3615884821422],
        [1431.4858856452004,1723.9231744957692,4155.466596967173,2335.80941481255,944.5524340327008,2938.527597351238,1531.040260855446,1563.7698315446578,4494.337079792325,3424.1669349335098,2696.8930072276266,2408.188641188025,1701.0390542374685,0.0,4301.0639909579895,1622.7446012997227,2878.5218376440325,4317.628702648055,2786.7473220416487,2853.0519790950184,2249.342207560527,1616.7308097800524,1723.7748676075093,3640.5498179938695,3965.149376086214,2114.1991823227254,291.91163985338153,3696.795306913764,2793.704839168913,2724.094258940167,2233.726168752622,3721.4056943880078,425.56058435081934,1400.9477262206287,2644.2749628102056,3217.385038314497,1807.5079406023253,3688.2337109924656,1696.26859881955,2864.5480839009956,2840.675407229658,620.4399446835984,2849.134173847574,2165.768388595713,3316.7935237260044,4193.427754104466,3060.287504275706,1501.2574094897568,2612.3132138145734,4059.88133169667,2631.902512630468,852.4192400717591,3351.6336420242033,4061.7325895064096,3787.6449848826383,208.40311244581068,1474.7220447305751,4068.519311091312,1953.066965568788,596.4439417099117,1137.811425194973,3523.8124471156007,3275.1281233496884,1735.4791087191077,2297.79045299622,4745.0806756556185,3890.0027529990275,3737.8915979739277,2001.5574138141685,1376.2490684461277,3594.190143046238,1543.722210646115,335.96760840735453,5200.708645982615,1479.6341249274005,4256.713461686107,2546.5544682663412,3746.443867617981,446.9949756729475,3179.8159816408124,744.4065359334988,4192.032944691742,3548.197868754649,3071.8318121028674,2389.06776600767,1990.1285171908892,1390.7312958480845,3769.1799173678423,4487.800684541121,2916.507821431848,1431.4858856452004],
        [3622.819889296035,4199.535807029097,2254.4623990848618,1969.4822720739912,3397.0683148928642,1721.4289347701663,2863.338573506788,2998.4801317738825,2178.330016460179,915.3952337164045,3544.928118899748,4381.280835726543,4643.130290205524,4301.0639909579895,0.0,4540.10963025841,2116.8425701839565,1583.6924909250274,3933.425328234756,2616.4897433164883,3519.0507332084208,3986.954801054965,3644.646761940533,2994.6557629290814,2618.065914612944,3379.4912991049105,4577.216277125699,2158.145811475853,4352.232332760573,2632.8938556049447,2155.394921013398,3003.567161641983,4159.923040235846,2979.1289200756805,2112.397341630681,1822.8661776629026,2590.0455725027355,1374.529515897289,3143.946617242281,4814.487210871154,2486.7850834901606,3983.6814763306434,1602.583357639036,4333.500325046365,2219.126247631756,910.6789474851457,2432.443455494909,4082.9121415462946,4205.205900062975,376.92811073010216,2297.717720975689,3448.903305212969,2649.7509671337157,1865.7256502553068,597.5313056937583,4341.276266228337,3174.229755839638,1793.8135719126174,3310.9225859064695,4193.446909837019,3266.5345505752584,889.3622966393353,2366.3733721969843,4179.0292809275315,4083.5666172612337,1031.8989836912133,1817.1109779256901,563.1824324743799,3676.9055733101873,3125.3127199185997,3049.9382794802077,2885.9588473192703,4236.201424143501,1794.4315532155467,4125.829884781267,463.575635331958,1841.5138803110958,1438.3561889584757,3880.4310914059915,1451.9354273242182,4636.863238126659,2747.7623045056935,2833.0761037127245,3310.7051320428623,2553.74901209517,2842.6974829885153,3696.489751135729,2048.9295661213473,488.39092512411776,4309.711349102578,3622.819889296035],
        [2877.89489941196,387.8474674535013,3543.5384981470493,2848.756772886867,2050.3321058201573,3703.7636552714657,1846.8445229045108,1607.7105962348403,5415.36913125868,3834.7117010190595,4112.447164217162,889.5592124211795,3323.504957977135,1622.7446012997227,4540.10963025841,0.0,2559.5063189218363,5083.982365399034,1475.621822171654,2241.463460313586,1257.1222069886778,559.7356515527426,3186.04312616149,4864.866462342551,5064.246284958303,3498.288902237994,1751.6588552366509,4682.813513318876,1307.5262877318255,2147.0422306030628,2962.4974888926945,4941.674987378548,2018.4566359053863,1784.3209783145678,2461.923056311113,2931.755263722737,2056.2013447655945,3487.2714209114692,1399.7016677113616,1262.7620348520325,2309.9270801162397,2153.2411484416934,3492.1596676759114,3753.1737921609924,2797.221733305196,4104.06187836908,2491.9309118625133,458.8064038604594,1175.7652809136284,4420.248187424948,2320.106380163943,1821.5060176267673,4499.3061581053,4937.119085987756,4177.650389073916,1829.510957520342,2699.582954429053,3640.955260017257,3310.2850942311893,2201.2321545834116,1569.5899148675019,3655.173367117586,2690.9951596830915,3317.553812119561,3842.8808804346722,4629.420224372136,3465.434943170676,4020.3872624909686,3471.4008582651186,1552.3919368890524,4835.992543837023,1790.9251017897789,1294.8234704348572,4860.441526917755,419.1213443332586,4661.340299605292,2724.692949823837,4494.764133290601,1802.1534526372652,3863.2179201922904,995.3899078042032,5303.263961093116,2713.134812768746,2048.34413724039,3469.757780377806,1699.6915015987422,867.9622523106493,3258.245951088504,4554.230431335892,1453.3074071902383,2877.89489941196],
        [2952.2245161186647,2186.786759390806,1313.7847873172402,1369.9378873446387,2247.90609826971,2121.3554676380813,1391.6104755666304,1316.0138507818187,3659.3765336690362,1697.4701681020001,3625.230439495521,2274.4453718287855,3941.1309469669773,2878.5218376440325,2116.8425701839565,2559.5063189218363,0.0,3154.2738553110507,1823.0334674083613,525.2469450646859,1420.3065358134886,2001.8297805496231,3148.8736573369406,3748.1818062172406,3664.381777456483,3142.9337567159573,3168.878359628314,3163.420581639501,2236.7365881191145,518.12540825907,1734.8268304032122,3800.6789457532695,2936.6717058291456,1516.7352484518185,284.0172643314605,374.8461439078134,1161.561806701376,927.8061458816878,1273.492960512164,2697.6533794574543,387.0896465882574,2851.995291467622,1811.115053239893,3947.026868128501,508.6590532954811,1548.5128633014276,441.57861066782755,2125.3658517468057,2088.4963104148646,2114.0127453199807,255.64028660074734,2154.1120502757544,3315.1885440389424,3188.890413081121,1940.0141888149367,3004.3608601754286,2469.4521668108127,1192.1283559364845,2976.149184442459,3053.038549555745,1746.5391265834562,1251.2243816156174,555.5912038091824,3610.427918625741,3826.8875688228673,2069.9880868269083,1012.432201481374,1697.6429526065185,3338.301319742591,1502.3441916961297,3761.978700835756,1357.418851153321,2679.4569185839714,2367.726152016574,2173.0805773342204,2367.702838047319,825.5002585116861,2647.6397232330646,2578.71190807058,2094.815645747519,2931.7677066605966,3883.090305427619,1077.5821168149425,1265.9554626082504,2524.8843871245476,936.8830862517686,1808.8865767423806,904.141752656502,2031.140146655336,2200.162677802761,2952.2245161186647],
        [3190.551423074218,4818.559059646019,3719.703690528335,2238.0111447688673,3380.269089046811,1403.1031890384118,3238.1542342208227,3483.523138320796,595.0060225356762,1459.0145801267436,2576.266858769957,5190.853121313849,4047.8564189495737,4317.628702648055,1583.6924909250274,5083.982365399034,3154.2738553110507,0.0,4905.743311251322,3676.4107372245458,4355.3125994261245,4587.684153183858,3076.779165003863,1666.372814368562,1168.1544874108201,2684.6439667844115,4542.899412231462,879.3274339097915,5277.377372686837,3642.5690267859513,2151.5164027346195,1644.881747859526,4038.0004425592824,3310.6361388680516,3015.5256509757974,2995.7530506915446,3036.2427568414164,2734.0213937417743,3744.633542635028,5691.294795692041,3537.856128013721,3822.055278365885,1591.970503903784,3555.3283198229724,3448.7999214260394,2448.539642711176,3568.4392647593995,4638.5993528731,5096.872028656185,1278.6078609858016,3233.5197927016484,3528.1332059341808,1475.0276550714148,410.95841614750765,1297.1666219584845,4281.2799861782605,2892.7423753930343,3266.2619436830046,2709.140503104661,4000.795183514353,3561.0850013488603,2019.458483330543,3580.2357988379504,3557.3868885213883,3253.277142068843,2607.144447397062,3241.903534892015,1582.961649829863,2985.156105002379,3533.0672845197264,1738.970076431161,3293.061394258005,4376.128727925958,3364.817119965042,4671.125030189248,1120.3197477148128,2500.4223736845256,590.7065951124185,3871.0831820996073,1220.8328142060047,4861.334109939164,1231.02502443401,4110.138640905437,4419.516775739832,1999.775842978959,3537.22780423417,4220.945723760753,3429.885164098826,2066.9518625412397,5274.813314219132,3190.551423074218],
        [3651.48323935453,1153.9884212641284,2339.700218061616,2799.670032746369,2752.8103974608516,3691.8394897604903,2071.2701084318574,1776.2491425042524,5362.524727399442,3476.2004452097617,4713.953750415311,679.2691825087411,4378.670715602805,2786.7473220416487,3933.425328234756,1475.621822171654,1823.0334674083613,4905.743311251322,0.0,1317.9023725897212,653.5354852596478,1183.0397077130551,3937.1812415988625,5177.068287971012,5223.2416876786165,4122.522669303132,3004.542034950577,4757.973401841925,434.0278936821371,1304.9887541670291,3071.628436912024,5243.406643579223,3083.595379083232,2105.102941852623,1899.318197613866,2117.799532921299,2097.308085739237,2636.901048820546,1445.3356501354888,913.2796629965727,1446.6803440380124,3133.6221403551635,3406.2813722450937,4652.058475892551,1792.3405040301138,3263.095346778229,1522.8225675469325,1319.3720495955758,367.9767426059114,3935.0648172758215,1685.2630830794465,2539.203958644516,4759.079945628331,4878.128566447404,3749.8225850835993,2986.6725546545003,3298.850300472027,2572.8740342926385,3928.665921243169,3259.931211906515,2085.3852287330365,3074.215142519467,1649.640320769629,4232.107504514309,4652.392857394176,3712.717589726392,2423.1388199278254,3517.5802118961506,4200.909933231742,1881.5555037376473,5170.336482753919,1995.4392795360325,2461.194020422867,3752.9199676139656,1354.3717834533134,4188.90912194284,2411.9453540789214,4358.138471579599,2760.1284397376203,3749.965779110359,2368.671484040856,5457.430083053791,1435.7169815750638,730.9785633312431,3790.851559817288,1468.6213579841015,1420.8341173097413,2172.721282856865,3796.4178908114213,377.14142458363006,3651.48323935453],
        [3173.4683355375737,1855.2569905721373,1341.9746538543366,1782.2077037559493,2377.4615022941043,2597.239986930732,1508.2282866961746,1330.7276902271558,4174.503546333188,2221.3399030220507,3978.568250406168,1826.2248828040688,4106.183665117046,2853.0519790950184,2616.4897433164883,2241.463460313586,525.2469450646859,3676.4107372245458,1317.9023725897212,0.0,1012.9303965988331,1704.871448062134,3402.972360246527,4198.860140318637,4147.996971042182,3455.7474131510276,3133.7573157866655,3653.493900239703,1741.8725685806332,130.21504946133916,2127.0604098032295,4255.35878647223,2985.938151845545,1613.8254066100535,693.9875366474095,800.987172936201,1353.4438696271038,1335.0033877583626,1158.8310995640707,2212.385873251058,138.6218054460058,2939.323765608662,2290.4522864229198,4191.662712467864,555.994976607403,1967.0222928589449,250.50108820214294,1845.1105529927938,1608.9691565984454,2633.0930856699993,487.8830461581066,2237.8916231364633,3766.8257696592727,3700.4492660024684,2464.3295184932804,3006.4815366142343,2716.486339240024,1399.7969976911936,3277.0907721659646,3125.0493375118203,1778.7132864301586,1767.1860831417698,456.06004593709554,3823.971025002759,4105.343902438749,2449.5461800327976,1225.6232990367594,2218.3197257547927,3619.2816113371628,1517.304267599433,4207.250806467578,1452.2249076335534,2606.3863158886784,2619.527536180225,1894.108241195398,2886.3474844220236,1275.298863175253,3162.041434534963,2622.2749346354376,2593.875225387932,2771.7192587399054,4371.296474224306,742.0342094440058,743.4230782896256,2914.117709649335,874.2770381102066,1607.5026194714617,1018.8973435179381,2486.698617868553,1693.5263314935653,3173.4683355375737],
        [3010.141365302965,870.242781792336,2287.1347662103703,2191.04805723378,2115.046849002074,3090.6939544882985,1418.3579979942647,1122.7473058289024,4785.088467222001,2961.2368777461834,4060.4451366930507,863.7022498385575,3774.90977588053,2249.342207560527,3519.0507332084208,1257.1222069886778,1420.3065358134886,4355.3125994261245,653.5354852596478,1012.9303965988331,0.0,770.502100446308,3291.8558983583653,4539.119375850577,4605.142069068949,3469.8325030195106,2493.589727336563,4150.819612100372,934.876177261349,939.3830083320844,2442.089829454044,4606.811763309362,2504.725571846619,1451.8432157641391,1413.6595324328819,1770.9013266928644,1457.50388751035,2324.4479087945024,791.8819920872106,1337.3052030640904,1104.0726451582511,2532.6637901230743,2816.31576303624,4018.1749976477395,1565.1773488365038,2955.578955146879,1260.8679226131105,921.689513743351,744.2207288394239,3471.6153275244546,1221.33567358217,1908.1384232345144,4125.010572181035,4298.5962313237815,3262.7846720865637,2439.0775583703166,2647.5940623525985,2406.072541001431,3276.166906718831,2674.702898177193,1444.1316581122119,2634.960576623416,1448.362131580283,3603.3510265269597,4008.5907636503375,3454.6738936327547,2235.0406109174955,3054.6921978195105,3552.7511860163113,1231.0846452644657,4530.165971266053,1342.4913149687025,1941.7734654787964,3624.5729623721295,968.4202431244994,3723.86921427125,1856.7578551228107,3792.0511575185506,2164.9543153862064,3171.146461226186,1956.1419414275817,4841.276960766543,1465.5343551706333,850.1741539329372,3145.592571288688,842.9467397609103,858.9817267063279,2015.3533481699235,3451.1654958834392,964.8297719470175,3010.141365302965],
        [2653.1954838992,231.47577559454615,3027.489627563871,2350.250508456657,1768.5534276752412,3227.71852092019,1375.2511882887077,1106.33846753353,4946.461830355024,3301.070399922463,3830.2540869658123,835.4275934533296,3260.2124511987763,1616.7308097800524,3986.954801054965,559.7356515527426,2001.8297805496231,4587.684153183858,1183.0397077130551,1704.871448062134,770.502100446308,0.0,2956.0985139978197,4487.815817285964,4644.412575983301,3217.2580447297196,1823.5355260478163,4238.009646062714,1187.2046936524953,1603.8097872002825,2501.412324356074,4562.05809056537,1945.0170495165617,1337.1676974171005,1902.523187309244,2374.9395197440554,1551.6119967914917,2929.602868516957,858.8916748944177,1350.8099856245497,1764.511257269175,2026.906138799829,2997.894298408484,3604.0830264870806,2258.138281899916,3544.890125052467,1954.3074137682506,151.41596801627142,998.5861646311652,3876.428174134239,1760.933308701308,1537.2236368109614,4102.815886147944,4463.5398743736505,3638.4150119663996,1820.9144352519481,2392.3640223769867,3100.176489739474,3023.780549535645,2126.6410230744955,1177.7603700421193,3100.3471954720226,2158.9765373703067,3172.081034624742,3649.5309877448117,4071.768942485432,2922.890501815149,3472.896888452083,3235.8061818034994,1091.165920479817,4465.637330739027,1310.699293747636,1285.6300237123555,4317.961676526973,197.97999396675064,4119.9574030542035,2183.688891563827,4001.879147461882,1652.47298241554,3368.488482609267,1204.6513140734828,4883.97156320602,2232.746576136551,1612.4785103171437,3078.175630073161,1144.3523121970961,395.5294363939181,2723.7642025665477,3994.916330988872,1302.9414469704363,2653.1954838992],
        [308.16103987720646,3143.470522020806,4424.539709432392,1926.5798276006274,1194.6632547492793,1945.6906117238268,1936.0791229878346,2198.4331212860575,3078.803113722683,2742.3282871198367,974.1375012369758,3788.1946214324116,1006.2218845623465,1723.7748676075093,3644.646761940533,3186.04312616149,3148.8736573369406,3076.779165003863,3937.1812415988625,3402.972360246527,3291.8558983583653,2956.0985139978197,0.0,2001.0245666955975,2415.6420544987727,437.1514759892824,1816.5191658063395,2284.539133307464,4097.715946638731,3283.147638880052,1591.9414617799641,2081.516989450461,1309.4050405595276,1864.781735719339,2864.8564851960364,3353.604257295255,2049.668863805908,3622.773187129878,2512.011549754638,4306.517533690657,3321.578687129456,1103.447875468683,2046.4384462866458,798.5195465414471,3657.531532240177,3912.4134130861635,3512.4637921161443,2900.971497248176,3894.44388455861,3306.98424494177,2981.8793204204335,1421.8971816565077,1801.2655336067585,2730.360123698265,3050.33710657056,1578.5332470052022,686.5572778583822,4163.978602982634,367.8616357598141,1176.8832551608493,1852.3769424330112,3137.7214019886796,3687.570010716775,534.8757320382425,718.2037761317123,4409.5578350619635,4014.4783889949654,3133.5484368771226,285.65331846671904,2063.6161808313477,1943.2420777924606,2005.8733512157846,1968.8652776710514,5049.111770236669,2902.127167793504,3423.1312910124516,2431.2358905328724,2598.9048479227395,1397.3631962955465,2226.223771619241,2458.5318783095668,2619.1956916818385,4139.856046497889,3926.617054271822,1125.9124431974608,2618.1652788404904,2589.141258416533,4003.8602558684015,3992.1857183856678,4184.171966531311,308.16103987720646],
