{
    "drone_dist": [
        [0.0,4983.682814006567,6025.466997347639,855.9595159430437,4680.676733473741,5300.357639934926,4650.270666956543,2526.6761264759475,4353.310435169546,1858.8257828995986,1955.6708466195569,2202.114711257518,3395.8602378040077,464.409529309529,2715.3634683116493,4434.50572118712,4733.935532158217,4338.435628094731,5829.107172146982,5766.172501277136,687.7852200232719,1233.757659428787,3250.4390901176525,4015.84875968251,1087.4261752958369,5235.279625519236,4329.255139603479,3493.855909778521,1388.9027472837727,1263.6587861899068,4436.279018068017,3927.1117478042966,2458.8238267187203,620.9801981760135,3148.079397348098,3980.506943480733,3697.761795844542,2058.174079620138,2667.9259729540886,4146.276071500845,3965.9335672686097,3959.584693805579,3319.0235674361506,3984.114937999595,3393.655633939438,1322.5691856503427,4374.779077629796,1842.9316410026324,5570.372354620145,4182.069558845734,3076.1988701397163,2292.7655371979417,4142.626515269256,1712.052973782428,4556.22541781233,2536.340502770358,5430.758082645523,3591.1620371139784,3512.604777241536,2509.5823030422093,0.0],
        [4983.682814006567,0.0,2993.302285505791,4218.911316501276,1975.6407887355494,2496.612520362112,2459.465450526669,3642.297490613472,733.0172105221313,3457.1709642099236,3040.674169610348,4132.508028261757,3041.6590184853726,5020.311671608759,2879.44006018459,2531.276837834303,3444.2529138948084,3642.1168974212865,2221.874465062701,1972.4616093623831,4391.772560675736,3899.7423890139285,4675.062071042658,4158.38383546458,4058.393235097349,1631.158040095653,1097.2002467239738,2318.067180690955,3990.4494979865535,4087.750842417599,2079.017287673795,1159.3313596102666,4994.432870766562,4753.77685513078,2903.6417834100935,1170.8653646781058,4306.324684382878,2953.0153934153554,2756.34569926541,894.5989589281348,1717.2389443990473,3629.0122109136387,5045.677077037165,2079.2885873676105,3255.3154755707424,4353.302692816895,682.8634958524627,4015.9321972038206,2239.5563273018015,4227.88244242348,1987.4127648547835,3089.579563251551,841.6160489939439,3276.142751086084,2403.7292742583254,2592.8173400711744,2650.3783926630786,1558.9199086966948,3420.6163526683545,3173.6500458967275,4983.682814006567],
        [6025.466997347639,2993.302285505791,0.0,5566.32865887031,1467.8466064029299,746.272681720859,1375.577082674503,3641.314903753797,3450.457378990431,4167.622724173959,4324.255333153945,4142.115661024017,2688.429044270229,6280.861317667033,5111.917467812635,1592.6098814278037,1691.9858506463504,2188.512295563183,819.0905226942507,1082.086201671061,5337.833496173728,4797.008322655091,3876.4910367666153,2871.884132786915,4938.456830920032,1376.4848513670688,2378.652457393154,4889.770795660826,4657.639813232168,5699.005498671021,1652.9907854723845,2885.1641489730496,4677.905564884845,5529.922650180182,2888.4807368445004,3750.4521515897904,3234.721957089344,4197.954092426947,4921.619993523187,2911.2387818084735,4448.45021062665,2495.1797989471656,4195.990173855748,2106.0433207072515,2764.4787752927787,4858.299361756981,3385.8795703993833,4326.278452052025,758.1402900531571,2811.4657657128155,3358.1944285704863,3740.485891007251,3202.9070365884613,4684.283307144612,1471.6947451952694,4535.346981398909,597.603591540352,3956.3343866582777,2740.2079173136003,3521.6636458965536,6025.466997347639],
        [855.9595159430437,4218.911316501276,5566.32865887031,0.0,4153.21228142146,4824.2560907594625,4200.640159317382,2358.043069402555,3559.6734178699135,1500.3526701834157,1281.6679029877305,2209.8873768071544,3075.547197195188,802.4057156306794,1861.753670592743,4003.4872459821163,4452.090539470624,4120.840137926398,5274.915267467366,5182.703092394985,704.1738788654326,937.0331178633049,3356.4766693848505,3930.080952068245,886.0184753992436,4640.816461255697,3663.8519154528462,2637.9024433364348,1255.3885029708981,490.59154202300414,3928.381043888897,3219.6753870356765,2745.108527506799,1051.3163090884548,2781.7614678967943,3169.733710436268,3671.468113930601,1402.5794709303282,1812.0682563826674,3417.262974959846,3116.9549561576614,3761.8147748243646,3514.2161330107538,3470.1143054657155,3126.5376861042037,1431.6246067726306,3586.1653802630417,1793.0570540145661,5038.638039073103,4097.717075958642,2399.3767077818275,1866.6086279145175,3378.6412464200134,963.2254555171219,4100.196234404803,1702.0905391090187,4969.054115391639,2772.6488596625823,3284.679719793497,2166.226756932389,855.9595159430437],
        [4680.676733473741,1975.6407887355494,1467.8466064029299,4153.21228142146,0.0,735.632181124425,489.2990265354007,2498.249269084577,2202.6761565371266,2832.652684402519,2888.71377181496,3033.707222778745,1587.8489700611674,4896.383605504407,3655.2752687720367,619.4591931107377,1481.5902896875261,1755.0698368096675,1154.9401649771999,1140.9220418606385,3996.2309978812755,3447.5822479373237,3138.235116522835,2370.338480423166,3598.45681464378,711.8376932189341,1036.8888342752591,3490.6895539279653,3359.4886438512403,4253.823496137127,265.63156276549887,1483.2604715007644,3740.6066229223184,4236.361062946877,1663.8127182650471,2417.4269981647612,2615.9782008082916,2763.191807971016,3462.1040083912567,1574.3917361139088,3116.206252316515,1849.7490000661899,3504.7008145816517,696.9056320198162,1748.9140832770706,3616.2644025706663,2143.425148919859,3118.8892930761604,890.2453995371525,2399.513733145008,1890.7752001149063,2392.646616755802,1887.3624889410444,3243.570276210159,454.20092406993183,3068.807998486459,905.255773750402,2560.08242328416,1829.2206715727712,2241.4108035370427,4680.676733473741],
        [5300.357639934926,2496.612520362112,746.272681720859,4824.2560907594625,735.632181124425,0.0,661.9339488350798,2969.0898296102405,2849.1047461539233,3441.5571155340444,3578.514545566507,3486.2657810068868,2014.5476542108445,5545.46897351229,4390.890339147705,893.1969789626442,1309.4837179457268,1744.8131965719622,779.3597230330179,937.220274361193,4612.6242894172055,4068.7290044311053,3359.6152442650337,2431.807723019578,4212.957628921232,895.6746246054678,1717.227052576398,4210.742132901925,3943.2223836717726,4952.828224212459,906.8611083026457,2199.002260729583,4090.331920225445,4819.159855896412,2182.9532930415694,3106.7570779211924,2754.8104076714244,3452.2401125897536,4197.694766641953,2259.4322105515557,3808.120802385724,1977.6941909326147,3703.7716086916957,1360.0642785541368,2119.3734829469654,4161.79906593623,2786.5483029267766,3638.449506037875,481.93854974401836,2409.6226121622663,2618.670686516722,3009.8822934840387,2564.7117425324864,3938.24488556091,747.7817396210637,3802.1678882097244,172.17871195997216,3277.3742036064664,2130.363616242892,2807.1721212163366,5300.357639934926],
        [4650.270666956543,2459.465450526669,1375.577082674503,4200.640159317382,489.2990265354007,661.9339488350798,0.0,2309.175620670182,2641.946526863331,2792.1218716081894,2977.141890481369,2829.6398831498022,1356.2392554472688,4906.866330454119,3914.7580417355693,234.3282636380247,992.31442351061,1290.1728111117027,1354.36916943548,1428.216551937232,3962.5607058926926,3421.4315606672435,2778.8320870476255,1935.1403124886538,3563.0987285780125,1124.31330010321,1473.310447026039,3831.842188052109,3286.332458440872,4355.27099228216,428.9982934833303,1860.3104208971831,3460.4429860480245,4161.030921244667,1522.129653038402,2817.7497103494525,2213.3155651423185,2850.985162277208,3715.122443551961,1991.9835938594315,3507.286373628463,1432.7272125483244,3135.9074917953794,792.2131759098281,1472.4564958694743,3500.318058464137,2585.376086179784,2976.5230265908426,1047.949298469163,1948.3141082546447,2098.7399052071487,2365.30545028335,2306.866850823179,3340.0091805780617,104.90318167799362,3293.7860742369394,780.7668317680268,2915.4777089515946,1504.5536163089105,2149.8297391216593,4650.270666956543],
        [2526.6761264759475,3642.297490613472,3641.314903753797,2358.043069402555,2498.249269084577,2969.0898296102405,2309.175620670182,0.0,3307.5875729687073,910.1373512715192,1605.003134612673,537.2382474223916,955.4423349649174,2880.8061327923033,3100.662328085338,2076.142119495729,2215.21589529208,1812.373996091132,3627.3723698858794,3638.90739113707,1875.0867436150522,1425.7035402760757,1261.02017144739,1574.7171813203995,1513.9470208113607,3176.4424483483585,2629.4990239394497,3506.007573319021,1154.9954417174079,2704.076550758734,2232.6595032710948,2498.2890542282803,1352.814199393391,1956.5917302513171,840.8419648104133,3150.7703268422083,1351.5642262285094,1532.8650217216427,2913.990787679776,2767.1172478161393,3582.6036394765024,1435.6824072777858,1574.0087849742524,1857.593362749639,892.1526110370793,1246.2227360420475,3289.6521078002506,702.2114262933463,3332.8891117050784,1741.763821816027,1824.1448654272544,811.2747023518109,2952.995003556902,1874.754721111266,2233.1989359896265,2468.454323584541,3069.941871699441,2936.1265409792563,987.9419508634594,521.596677999889,2526.6761264759475],
        [4353.310435169546,733.0172105221313,3450.457378990431,3559.6734178699135,2202.6761565371266,2849.1047461539233,2641.946526863331,3307.5875729687073,0.0,2965.0131151923965,2447.796757036776,3752.55068665208,2879.6275143069006,4355.9086998161465,2147.2001015121677,2649.285849376082,3569.3943585516495,3669.540545358892,2746.2551103660535,2520.6629101329704,3796.07685982549,3335.791706147855,4448.039905889261,4090.2182927016356,3489.8373414615357,2079.923237147933,1169.766802625626,1602.3952723708862,3470.340274414655,3394.1356330411677,2219.3939726876424,886.4083516864312,4636.081098498415,4176.709074864883,2673.2182572667043,438.20182967898137,4172.7759161403155,2376.222975313853,2028.1037426816663,667.8343062083511,1037.084080568266,3579.7639808452136,4808.1867634263435,2063.3888036527733,3094.963839818066,3847.8591507840238,65.28203614213432,3574.316209262097,2695.8567828916143,4185.382276509211,1514.582866915072,2649.106394959818,376.80920502479586,2641.9082234519533,2563.5202421865024,1894.0179038649833,3016.610090231718,833.729054004549,3285.1848120868553,2802.7883858874266,4353.310435169546],
        [1858.8257828995986,3457.1709642099236,4167.622724173959,1500.3526701834157,2832.652684402519,3441.5571155340444,2792.1218716081894,910.1373512715192,2965.0131151923965,0.0,767.4585756641374,999.1401668237974,1582.9256797127052,2129.2885720167196,2277.448213873581,2578.3734097586353,2956.0017971109555,2621.341041276095,3985.9323625426673,3938.6174831303674,1171.0693036658695,630.7265929098527,2095.347855554615,2474.023175388524,771.4047640536014,3419.69018322072,2612.7316942584753,2791.0876106788255,551.7277538266819,1805.7271223203277,2583.3916124819293,2309.782008831256,1835.0182301198508,1411.406897218086,1305.57658194719,2704.047151484358,2261.4716942857667,737.773565152164,2106.327810534432,2565.546846033018,2990.927286610751,2266.0920020748454,2351.7009087755746,2136.058930075302,1626.2214516587221,896.4299556762796,2964.5734365465455,663.720042663637,3719.9506673872343,2639.3990591551296,1472.5223392792836,440.9279899803731,2661.438238587408,979.359925209983,2697.583238553481,1695.8909081498177,3572.3290010782302,2403.6500933711845,1786.4134613432352,672.6836385481324,1858.8257828995986],
        [1955.6708466195569,3040.674169610348,4324.255333153945,1281.6679029877305,2888.71377181496,3578.514545566507,2977.141890481369,1605.003134612673,2447.796757036776,767.4585756641374,0.0,1766.4070259646146,2012.990327034901,2064.048510932609,1513.1021092259964,2796.2943442855717,3364.1671792310763,3113.8212402077584,3998.343514552007,3901.819973619407,1352.6639862128736,898.714090084179,2840.907930708956,3094.433336235681,1047.0129268930912,3359.4423365835823,2391.7143653512867,2038.8030647185553,1102.77348889576,1378.132963612048,2674.454244511925,1972.1509032150414,2592.603234553982,1728.9808877919118,1689.3719895852842,2119.109260718404,2935.229622787495,126.34106362381792,1339.1606185115008,2191.3140106672736,2296.2926557999426,2797.1105365209887,3112.006040570214,2218.497997050221,2123.8536051051888,1488.4457993691462,2461.159169506926,1417.1682972583517,3768.541912385706,3252.9667279232544,1128.2692567117665,837.6181545749298,2203.7981055607474,363.6475205859631,2874.0143550664598,934.4932249112727,3729.829837618981,1768.5747338632502,2317.2627828392115,1191.6896034969475,1955.6708466195569],
        [2202.114711257518,4132.508028261757,4142.115661024017,2209.8873768071544,3033.707222778745,3486.2657810068868,2829.6398831498022,537.2382474223916,3752.55068665208,999.1401668237974,1766.4070259646146,0.0,1473.6218648215042,2603.1858454364988,3275.9263434005748,2595.6008534839357,2643.482380246059,2198.01292701345,4157.824605280875,4173.90379274353,1615.2767121058685,1290.7353492941425,1154.0006763729975,1814.7938500414232,1324.1270917087968,3713.6420611662124,3144.8099326961224,3775.596685146488,955.5246924070874,2621.6747105346717,2768.075777003307,2978.057218258105,887.5599909665011,1594.1528304150038,1378.0606582063328,3557.5821768208984,1499.877583683621,1729.0075228344783,3105.4476231378376,3246.7873374165642,3927.293821911387,1814.9008429667535,1366.6095860137746,2394.5361201293445,1377.650411638082,879.6009851424042,3739.9781982015415,419.45937168950235,3861.156170779262,1980.4722580984283,2243.260574132193,1128.3444204578832,3410.407003968198,1954.3491349232659,2757.361325860281,2690.2848909181007,3580.310359813452,3304.8372801037294,1426.4503594470334,959.6401187344369,2202.114711257518],
        [3395.8602378040077,3041.6590184853726,2688.429044270229,3075.547197195188,1587.8489700611674,2014.5476542108445,1356.2392554472688,955.4423349649174,2879.6275143069006,1582.9256797127052,2012.990327034901,1473.6218648215042,0.0,3703.5744496749,3318.433712236568,1122.4312557529838,1377.1824913026182,1103.8154934103309,2689.06192110461,2718.9979025168855,2716.9245860015894,2202.8560102795,1643.452879453116,1254.5856633921514,2326.0357679185095,2289.503034678243,1954.5078263652604,3514.994375517521,2007.9739427765955,3329.3570466440433,1324.8616992454743,1997.7277569394168,2153.9727596127495,2863.380635933431,327.7951230764711,2846.8893166379944,1293.1830413923133,1899.7323917814144,3115.147298618328,2247.3636102651817,3417.5183608496886,823.1031063346635,2016.5249317655744,1027.3602829227204,216.09090492806826,2175.0447083258323,2845.180701915861,1638.8333720495086,2389.8331063129594,1380.83208156312,1627.68181158302,1221.8928023645187,2503.309388072182,2360.682426451193,1284.1061850634687,2651.267694716751,2114.575606552696,2750.5985993863146,411.72170844046366,910.7544350414728,3395.8602378040077],
        [464.409529309529,5020.311671608759,6280.861317667033,802.4057156306794,4896.383605504407,5545.46897351229,4906.866330454119,2880.8061327923033,4355.9086998161465,2129.2885720167196,2064.048510932609,2603.1858454364988,3703.5744496749,0.0,2545.964330043566,4699.348313972436,5063.639351381723,4689.857427871517,6031.815179263725,5950.707260181024,1005.9998072937713,1501.4967878510956,3682.823916511128,4406.900328329778,1380.1247268694117,5411.888727053554,4454.804421052921,3342.163943027185,1726.066945807253,1047.1153020901966,4662.027128917419,4018.5382341514073,2914.460625031297,1063.6486600092492,3434.7567016123344,3959.751811012332,4103.063339162493,2180.1256016797597,2532.5131060719577,4218.856259274595,3863.546175903015,4315.948701502692,3766.7284788994016,4204.833958575488,3721.947689043191,1728.8496464588316,4383.802560709548,2221.6145031816545,5785.7759620542765,4574.254844237219,3190.0932396530193,2542.8834641324765,4180.474734341495,1762.104142555409,4809.32536292163,2481.9840163291155,5683.562921958144,3559.3415908521456,3855.939794845677,2798.9712379625726,464.409529309529],
        [2715.3634683116493,2879.44006018459,5111.917467812635,1861.753670592743,3655.2752687720367,4390.890339147705,3914.7580417355693,3100.662328085338,2147.2001015121677,2277.448213873581,1513.1021092259964,3275.9263434005748,3318.433712236568,2545.964330043566,0.0,3796.015763281214,4550.091929766638,4404.772541790313,4577.278653602845,4404.991538968927,2404.434002860285,2201.694964059385,4349.612431806677,4508.982343255981,2294.5597513162375,3879.4885037543313,2790.5832332690566,798.7749450638794,2505.173560259452,1498.897141319816,3520.9368638727324,2265.34832240963,4076.9657246998213,2815.0185409539367,2994.764318597479,1709.0000627423872,4396.715751366144,1569.8260866044388,204.84409489413846,2332.7212316361247,1375.2288667474863,4139.967226489009,4625.074884275108,3127.368779808456,3475.3152195414095,2861.08157576458,2196.7434301165144,2909.0885675016684,4427.184411156457,4657.88143155225,1825.6673416419164,2298.9691631131454,2140.425770026665,1358.5485806069264,3811.383835966937,667.168073290276,4560.23138747562,1328.1023117090185,3683.503736788029,2639.856856570139,2715.3634683116493],
        [4434.50572118712,2531.276837834303,1592.6098814278037,4003.4872459821163,619.4591931107377,893.1969789626442,234.3282636380247,2076.142119495729,2649.285849376082,2578.3734097586353,2796.2943442855717,2595.6008534839357,1122.4312557529838,4699.348313972436,3796.015763281214,0.0,923.6882467284408,1139.1010608173217,1585.033186523554,1648.5675601805178,3747.18501077888,3208.72576344038,2561.443095821412,1752.8913849128098,3348.1781112728995,1307.8739257472923,1494.8527341004951,3757.514992545831,3065.0805937823425,4173.328749412918,452.2769648313008,1827.8097455555358,3229.021973587666,3938.057708840248,1296.915883013669,2789.970202120429,2011.5401097180431,2670.6752498438004,3594.2057633210347,1987.0591321530037,3468.1028217919857,1237.0794822211233,2921.8291844705077,675.3082295929281,1238.7793619906906,3272.520775842786,2595.8529304428853,2746.4421069690193,1279.8330796846544,1780.054542593064,1971.2624103987982,2156.465060927693,2299.372568235686,3159.891161258565,182.41134811363733,3162.3281309347376,1003.3551024957999,2855.539762308865,1276.254875781955,1929.0600566547346,4434.50572118712],
        [4733.935532158217,3444.2529138948084,1691.9858506463504,4452.090539470624,1481.5902896875261,1309.4837179457268,992.31442351061,2215.21589529208,3569.3943585516495,2956.0017971109555,3364.1671792310763,2643.482380246059,1377.1824913026182,5063.639351381723,4550.091929766638,923.6882467284408,0.0,502.74015024931566,2084.6669872088332,2242.9587147865113,4066.3452236011676,3568.1091414235498,2198.262912235214,1179.9001421023981,3683.5167137691915,2069.1449833523416,2418.525508489976,4599.705589851271,3347.6763189442645,4702.178299071561,1370.7196779673984,2731.780456930761,3046.9918971214233,4171.7928405925095,1684.0857917826143,3691.1405092602618,1547.0524023364276,3245.4460756872845,4345.41255364325,2904.579871770491,4356.293488672534,852.6222938613566,2507.276734238176,1539.261552171316,1342.142201300906,3459.443617091555,3516.906481778821,2915.740216871583,1791.4185491316234,1126.150182316949,2741.371172127456,2597.1737983689245,3214.7469904309073,3719.8726688811707,1040.6380878414845,3893.0155586151554,1293.2753007793165,3724.5441093278946,1228.7587992215333,2286.014597315023,4733.935532158217],
        [4338.435628094731,3642.1168974212865,2188.512295563183,4120.840137926398,1755.0698368096675,1744.8131965719622,1290.1728111117027,1812.373996091132,3669.540545358892,2621.341041276095,3113.8212402077584,2198.01292701345,1103.8154934103309,4689.857427871517,4404.772541790313,1139.1010608173217,502.74015024931566,0.0,2523.8281973401645,2657.553616147906,3685.387804417664,3211.083731914565,1695.5520507783583,691.397799649655,3314.585598376216,2413.2017726204162,2567.657093523509,4540.709157901955,2964.280024031964,4407.47822855003,1580.411933856366,2796.8860118012276,2551.5890272637616,3759.090604098052,1431.2315962746454,3733.140432854416,1046.4492865506595,3002.1676727174913,4200.430244000873,3002.7445553315647,4365.406654835611,383.2368666136818,2007.5936194537348,1606.993791366966,1000.8847668273387,3040.5856938918623,3622.8463507126144,2501.24388524724,2221.2274990314395,667.8372245618668,2648.76041679762,2305.028874220003,3300.2905963296666,3457.090093136786,1301.9797088748714,3738.7249492449705,1754.4144480918499,3711.6705466374415,837.3214870943536,1969.1172199660114,4338.435628094731],
        [5829.107172146982,2221.874465062701,819.0905226942507,5274.915267467366,1154.9401649771999,779.3597230330179,1354.36916943548,3627.3723698858794,2746.2551103660535,3985.9323625426673,3998.343514552007,4157.824605280875,2689.06192110461,6031.815179263725,4577.278653602845,1585.033186523554,2084.6669872088332,2523.8281973401645,0.0,263.77780782352465,5146.4263533533385,4597.430603584909,4119.304629411366,3209.5692938740385,4749.642334295932,698.9132670708841,1786.995141038819,4262.974779057304,4514.381381742311,5341.536750428972,1412.5686842086866,2312.152359796403,4814.055124645921,5391.09870361094,2804.4257193201074,3087.676138184595,3526.3305175836804,3874.7520675767423,4398.6092703756985,2280.391946783785,3771.4635479274657,2745.9092032498565,4469.129170834078,1850.1012334951588,2821.4616393630804,4768.904143918715,2680.9761678013256,4265.787959310821,308.7594334485559,3188.9755683469766,2935.0525286181123,3545.4211960480598,2544.9536715460854,4344.1868118103475,1410.6842136677528,4053.6456164916603,803.0454944511916,3342.141602162558,2858.815507630248,3394.8004666519096,5829.107172146982],
        [5766.172501277136,1972.4616093623831,1082.086201671061,5182.703092394985,1140.9220418606385,937.220274361193,1428.216551937232,3638.90739113707,2520.6629101329704,3938.6174831303674,3901.819973619407,4173.90379274353,2718.9979025168855,5950.707260181024,4404.991538968927,1648.5675601805178,2242.9587147865113,2657.553616147906,263.77780782352465,0.0,5088.191073467676,4539.601741420447,4207.021799992259,3334.186254425547,4694.462262585031,545.15121409084,1619.1525820386046,4059.6283009003405,4475.836058261338,5226.826577066187,1406.3569087633884,2142.422379913293,4863.838306354732,5349.021161940018,2804.525707890649,2876.051500129563,3633.9957227965974,3780.132479660522,4231.101719527106,2087.610019151389,3551.9397661478847,2851.5554481518634,4563.703419521451,1815.7903145009086,2866.870701761032,4746.443910500385,2455.440944790757,4256.293392468377,461.5132336520901,3325.3448270048257,2814.335132474807,3497.8384383241123,2338.6774195367407,4240.397750743474,1467.691683352479,3902.353055014539,998.1570369641036,3147.1943699278727,2922.804804301602,3371.9006587217523,5766.172501277136],
        [687.7852200232719,4391.772560675736,5337.833496173728,704.1738788654326,3996.2309978812755,4612.6242894172055,3962.5607058926926,1875.0867436150522,3796.07685982549,1171.0693036658695,1352.6639862128736,1615.2767121058685,2716.9245860015894,1005.9998072937713,2404.434002860285,3747.18501077888,4066.3452236011676,3685.387804417664,5146.4263533533385,5088.191073467676,0.0,549.0400463525363,2730.5049992590752,3406.1703065131687,399.6669653036109,4560.445370196223,3679.797192795597,3129.71813181912,721.1484315002303,1191.0988141876155,3750.387181444936,3301.3967361149153,2056.981146469135,413.40365648039904,2462.957995340133,3450.4033219019857,3111.7853046971672,1439.4679662118638,2311.127091202838,3532.364321150007,3527.3239011444184,3310.547503555243,2856.236187077683,3299.400349914149,2724.25057332437,766.836113518828,3811.4142813224785,1221.0008907774163,4885.41524420015,3573.852179632755,2443.1636493082733,1605.9805613980707,3556.233070589,1185.3387301750001,3868.445326852767,2080.4982194248432,4743.008396531948,3078.7876448408465,2852.9585856009353,1824.2254551345468,687.7852200232719],
        [1233.757659428787,3899.7423890139285,4797.008322655091,937.0331178633049,3447.5822479373237,4068.7290044311053,3421.4315606672435,1425.7035402760757,3335.791706147855,630.7265929098527,898.714090084179,1290.7353492941425,2202.8560102795,1501.4967878510956,2201.694964059385,3208.72576344038,3568.1091414235498,3211.083731914565,4597.430603584909,4539.601741420447,549.0400463525363,0.0,2444.4251997918495,2994.442228180283,160.84575693426726,4012.7906998148915,3146.716162221928,2851.4519055579535,344.87151552752596,1330.950215547319,3202.5453724063614,2787.181703738612,1937.3775119910435,856.5319149559458,1934.288062574044,3016.9249845854556,2735.024805607362,959.6831430769982,2070.163508235503,3026.5572948502577,3173.9690362667216,2844.6262137953177,2631.9482983593953,2750.832824580261,2229.063169695922,660.2185179343422,3345.8270970646067,871.2914908126664,4336.998619524735,3162.222596008682,1927.9690243951784,1059.4306368986702,3073.02398749318,856.6571621599468,3326.2036978060764,1753.672418629168,4201.183699161935,2666.4767288490157,2373.884504917872,1297.577874908128,1233.757659428787],
        [3250.4390901176525,4675.062071042658,3876.4910367666153,3356.4766693848505,3138.235116522835,3359.6152442650337,2778.8320870476255,1261.02017144739,4448.039905889261,2095.347855554615,2840.907930708956,1154.0006763729975,1643.452879453116,3682.823916511128,4349.612431806677,2561.443095821412,2198.262912235214,1695.5520507783583,4119.304629411366,4207.021799992259,2730.5049992590752,2444.4251997918495,0.0,1055.2802292025353,2470.9735167423873,3849.581528048169,3595.3478050308318,4766.090268952489,2106.64752373073,3775.33797108914,2892.5686498409805,3588.5189901619956,950.8963009533643,2629.4750036878654,1781.7325614833849,4343.844211943903,662.5956781984406,2779.953415505898,4166.863066758296,3849.6272258587674,4820.113592867809,1387.8981850674982,373.25239540802113,2663.1706228158882,1437.9094503894466,1966.0971600082617,4421.330231844033,1573.2259944223595,3810.5596282467145,1177.1683590676262,3028.1474858052757,2072.044118764381,4078.2409111124543,3073.3857034339617,2743.6800120551015,3726.3083087918044,3401.4304988705835,4163.589099839904,1314.2286239176883,1767.93665497611,3250.4390901176525],
        [4015.84875968251,4158.38383546458,2871.884132786915,3930.080952068245,2370.338480423166,2431.807723019578,1935.1403124886538,1574.7171813203995,4090.2182927016356,2474.023175388524,3094.433336235681,1814.7938500414232,1254.5856633921514,4406.900328329778,4508.982343255981,1752.8913849128098,1179.9001421023981,691.397799649655,3209.5692938740385,3334.186254425547,3406.1703065131687,2994.442228180283,1055.2802292025353,0.0,3070.341506577598,3056.4172671921715,3063.2392163693175,4759.353547951067,2701.14130012153,4276.8508181134075,2163.0908769492407,3203.8915610674226,1972.9616787053021,3408.7530258638412,1546.7459955159768,4089.6246545676713,393.9131915663149,2998.9504546963785,4309.395831189828,3437.0479670145282,4671.567058377797,531.7164821325925,1334.9917367790142,2079.7560391734087,1059.3504862236773,2693.5033599988983,4050.4431167118346,2185.6840122313133,2904.982412543836,167.99177321695822,2880.0845237258786,2256.8184389939156,3713.8949329816182,3404.765885063603,1929.0329369653098,3845.733716634374,2445.5067340653322,4004.934410700275,848.228939075865,1902.7441816217063,4015.84875968251],
        [1087.4261752958369,4058.393235097349,4938.456830920032,886.0184753992436,3598.45681464378,4212.957628921232,3563.0987285780125,1513.9470208113607,3489.8373414615357,771.4047640536014,1047.0129268930912,1324.1270917087968,2326.0357679185095,1380.1247268694117,2294.5597513162375,3348.1781112728995,3683.5167137691915,3314.585598376216,4749.642334295932,4694.462262585031,399.6669653036109,160.84575693426726,2470.9735167423873,3070.341506577598,0.0,4168.994991935848,3307.290726631922,2965.854853078588,372.4414181861554,1317.7178379929794,3351.7054444297687,2947.656725417577,1905.8229195828505,696.3907895626307,2066.3805944781416,3166.080904735375,2796.3685579409166,1113.8707828996103,2172.443649937574,3186.4440697588143,3306.663132620851,2943.873684762703,2637.8416946301395,2901.5552930362464,2341.921815111709,595.5041515721496,3500.7179149742046,908.5997378167369,4487.229882021693,3238.331454478846,2088.3636660874067,1206.9813577044902,3230.3716574146056,970.8391280871087,3468.854935005004,1876.3396661047827,4343.480250911645,2811.1319489541906,2478.8033893755337,1427.8171667140573,1087.4261752958369],
        [5235.279625519236,1631.158040095653,1376.4848513670688,4640.816461255697,711.8376932189341,895.6746246054678,1124.31330010321,3176.4424483483585,2079.923237147933,3419.69018322072,3359.4423365835823,3713.6420611662124,2289.503034678243,5411.888727053554,3879.4885037543313,1307.8739257472923,2069.1449833523416,2413.2017726204162,698.9132670708841,545.15121409084,4560.445370196223,4012.7906998148915,3849.581528048169,3056.4172671921715,4168.994991935848,0.0,1088.9055605731176,3569.506350367385,3961.95845113299,4681.703853945517,966.8093798891236,1614.1410099580032,4443.404047856978,4831.095840008254,2335.9267802157974,2401.918310539151,3318.398607030249,3238.3204276464867,3702.001625791104,1584.2314325347254,3092.574094296506,2544.8252099166884,4215.382476535496,1324.56914038802,2457.277636882253,4244.859734119946,2014.9638586135159,3768.1252156470778,618.4928017117472,3072.613965241345,2269.1866978357843,2980.002162746139,1856.1111180148646,3696.40965415584,1128.4566000573677,3363.9779383450477,1034.1608388218863,2645.5612760094427,2541.0433106915852,2874.912907789654,5235.279625519236],
        [4329.255139603479,1097.2002467239738,2378.652457393154,3663.8519154528462,1036.8888342752591,1717.227052576398,1473.310447026039,2629.4990239394497,1169.766802625626,2612.7316942584753,2391.7143653512867,3144.8099326961224,1954.5078263652604,4454.804421052921,2790.5832332690566,1494.8527341004951,2418.525508489976,2567.657093523509,1786.995141038819,1619.1525820386046,3679.797192795597,3146.716162221928,3595.3478050308318,3063.2392163693175,3307.290726631922,1088.9055605731176,0.0,2511.2637945762367,3163.9892296416024,3654.6301631520328,1054.5889810495041,525.2386978180461,3977.9043935112927,3996.2787100611895,1844.2394307772179,1389.927996592822,3209.96345582165,2279.1601223290186,2613.6322832734545,542.5601931326331,2091.186858021506,2535.169348429981,3967.623933611559,983.4863231453245,2166.062159746505,3495.202170690568,1112.3822353846665,3089.745389591202,1654.5208387973191,3136.5429126015515,1264.8672216821517,2197.785022898929,852.0833186690858,2702.9559950969074,1397.5686077826088,2285.994045828047,1888.5138203592853,1578.4316071308244,2326.1778384003287,2204.5323857495564,4329.255139603479],
        [3493.855909778521,2318.067180690955,4889.770795660826,2637.9024433364348,3490.6895539279653,4210.742132901925,3831.842188052109,3506.007573319021,1602.3952723708862,2791.0876106788255,2038.8030647185553,3775.596685146488,3514.994375517521,3342.163943027185,798.7749450638794,3757.514992545831,4599.705589851271,4540.709157901955,4262.974779057304,4059.6283009003405,3129.71813181912,2851.4519055579535,4766.090268952489,4759.353547951067,2965.854853078588,3569.506350367385,2511.2637945762367,0.0,3119.716228249094,2295.704248653949,3410.6391263153746,2011.7631659329224,4625.854851174407,3543.1182483635957,3212.617549386515,1193.2623256541126,4709.828829971303,2053.334979537075,827.3691288297897,1986.5557065051503,640.8328433501696,4329.763370173749,5074.639863625847,3085.11805394043,3700.5895059854734,3495.893697065402,1662.650498364097,3451.5075847322328,4161.015224201033,4893.760643596157,1894.782299813421,2697.8454177486674,1720.9877402469856,1996.1131909524263,3734.3925011482543,1107.8205673228629,4382.919463558741,934.0880262479234,3912.191371631344,3001.5591143233196,3493.855909778521],
        [1388.9027472837727,3990.4494979865535,4657.639813232168,1255.3885029708981,3359.4886438512403,3943.2223836717726,3286.332458440872,1154.9954417174079,3470.340274414655,551.7277538266819,1102.77348889576,955.5246924070874,2007.9739427765955,1726.066945807253,2505.173560259452,3065.0805937823425,3347.6763189442645,2964.280024031964,4514.381381742311,4475.836058261338,721.1484315002303,344.87151552752596,2106.64752373073,2701.14130012153,372.4414181861554,3961.95845113299,3163.9892296416024,3119.716228249094,0.0,1670.4759918186417,3105.3260273187097,2850.7242295582714,1599.5249343202095,877.7873903126141,1770.3632552909664,3181.657166418812,2424.0855383850426,1130.1505671969946,2362.0539681622467,3102.604012677167,3398.839155983733,2589.8818487506614,2287.8170446620647,2665.33104878385,2006.1309318125636,386.78050341775304,3474.300266084421,537.6876422940396,4242.196535773571,2869.121230888924,2003.0636578561175,983.7510949349845,3182.180721806032,1147.0995259381339,3195.776891276337,2012.8196674803537,4066.640010242043,2853.719187149927,2131.972659982066,1136.503933690861,1388.9027472837727],
        [1263.6587861899068,4087.750842417599,5699.005498671021,490.59154202300414,4253.823496137127,4952.828224212459,4355.27099228216,2704.076550758734,3394.1356330411677,1805.7271223203277,1378.132963612048,2621.6747105346717,3329.3570466440433,1047.1153020901966,1498.897141319816,4173.328749412918,4702.178299071561,4407.47822855003,5341.536750428972,5226.826577066187,1191.0988141876155,1330.950215547319,3775.33797108914,4276.8508181134075,1317.7178379929794,4681.703853945517,3654.6301631520328,2295.704248653949,1670.4759918186417,0.0,4047.0212251124717,3174.9653546641325,3211.223058002659,1540.156244005016,3018.1912090771184,2980.110006470614,4044.0456345435014,1504.2943367996443,1492.2703738297012,3343.413350648126,2829.0999021011075,4062.999420220218,3954.650477950684,3593.0595617495665,3406.620222887056,1892.9350841725998,3428.2929314463677,2202.240247358467,5124.8137523348805,4442.999781059225,2412.632769433021,2107.776597113148,3260.4119318178487,1015.5780187361379,4252.105869316417,1500.1267186742982,5105.827865231816,2574.885284686457,3580.324413568679,2438.416348160057,1263.6587861899068],
        [4436.279018068017,2079.017287673795,1652.9907854723845,3928.381043888897,265.63156276549887,906.8611083026457,428.9982934833303,2232.6595032710948,2219.3939726876424,2583.3916124819293,2674.454244511925,2768.075777003307,1324.8616992454743,4662.027128917419,3520.9368638727324,452.2769648313008,1370.7196779673984,1580.411933856366,1412.5686842086866,1406.3569087633884,3750.387181444936,3202.5453724063614,2892.5686498409805,2163.0908769492407,3351.7054444297687,966.8093798891236,1054.5889810495041,3410.6391263153746,3105.3260273187097,4047.0212251124717,0.0,1431.5615783527785,3478.561729893374,3982.8569990024052,1398.9026317516955,2388.7859841899126,2388.5587325317993,2548.3131180124146,3323.726331831215,1565.297154528859,3078.49530698187,1635.4240812619737,3261.139615025653,458.29342990204333,1490.5018866304663,3356.353930104194,2163.9015515365686,2855.8796820036428,1137.131917340493,2204.7507336364542,1722.7880021373678,2144.778516947185,1879.958142229163,3033.08538452253,344.2471894099699,2914.202258866649,1065.1165920220476,2490.451485687911,1579.7674131431334,1982.3206124023932,4436.279018068017],
        [3927.1117478042966,1159.3313596102666,2885.1641489730496,3219.6753870356765,1483.2604715007644,2199.002260729583,1860.3104208971831,2498.2890542282803,886.4083516864312,2309.782008831256,1972.1509032150414,2978.057218258105,1997.7277569394168,4018.5382341514073,2265.34832240963,1827.8097455555358,2731.780456930761,2796.8860118012276,2312.152359796403,2142.422379913293,3301.3967361149153,2787.181703738612,3588.5189901619956,3203.8915610674226,2947.656725417577,1614.1410099580032,525.2386978180461,2011.7631659329224,2850.7242295582714,3174.9653546641325,1431.5615783527785,0.0,3846.7698978749195,3643.6441231242898,1807.133771539882,962.1650695651094,3290.078828764948,1869.6166743623078,2088.963170450866,269.02235166772016,1646.977202501214,2694.881930040135,3953.439766291228,1199.8638653605183,2213.5803704717823,3205.9252918555394,848.5214278650705,2856.96247982774,2173.1350228739066,3300.136125844291,859.4194951885138,1931.940011191104,510.03268058862,2256.7797611813726,1770.2725511807598,1771.3113435922287,2371.1809072694773,1078.5214860049548,2401.026411129865,2018.435428566703,3927.1117478042966],
        [2458.8238267187203,4994.432870766562,4677.905564884845,2745.108527506799,3740.6066229223184,4090.331920225445,3460.4429860480245,1352.814199393391,4636.081098498415,1835.0182301198508,2592.603234553982,887.5599909665011,2153.9727596127495,2914.460625031297,4076.9657246998213,3229.021973587666,3046.9918971214233,2551.5890272637616,4814.055124645921,4863.838306354732,2056.981146469135,1937.3775119910435,950.8963009533643,1972.9616787053021,1905.8229195828505,4443.404047856978,3977.9043935112927,4625.854851174407,1599.5249343202095,3211.223058002659,3478.561729893374,3846.7698978749195,0.0,1853.2208591194478,2151.7690124549295,4445.141399753239,1582.0367998915513,2572.589123187206,3919.0985984367135,4115.788997823583,4805.471471389825,2198.443963362348,886.373211794942,3155.2514459170084,1996.9809381223104,1318.4209945922664,4622.107903319797,1175.469553017781,4508.369087488575,2110.1515138522273,3129.5833669264885,2014.6755592842171,4290.038692906915,2724.13058618897,3404.641738730852,3526.6808634613585,4158.036255923563,4189.303245810315,1960.176029138022,1835.0220076103496,2458.8238267187203],
        [620.9801981760135,4753.77685513078,5529.922650180182,1051.3163090884548,4236.361062946877,4819.159855896412,4161.030921244667,1956.5917302513171,4176.709074864883,1411.406897218086,1728.9808877919118,1594.1528304150038,2863.380635933431,1063.6486600092492,2815.0185409539367,3938.057708840248,4171.7928405925095,3759.090604098052,5391.09870361094,5349.021161940018,413.40365648039904,856.5319149559458,2629.4750036878654,3408.7530258638412,696.3907895626307,4831.095840008254,3996.2787100611895,3543.1182483635957,877.7873903126141,1540.156244005016,3982.8569990024052,3643.6441231242898,1853.2208591194478,0.0,2641.4490879620666,3841.7195210276054,3083.5277000423307,1804.5358808211565,2724.1080846729997,3882.832945846127,3936.734663265294,3377.552041896743,2703.3719441383046,3541.409912627681,2840.3177187488077,720.227315426765,4189.419587046566,1258.3188168590275,5119.82874372249,3574.052205161201,2784.4886715588673,1851.5481838415383,3923.90898397997,1590.611586615391,4071.464005493106,2490.7601512256597,4940.69005783835,3476.1757349777886,2944.120292041673,2012.0269472917646,620.9801981760135],
        [3148.079397348098,2903.6417834100935,2888.4807368445004,2781.7614678967943,1663.8127182650471,2182.9532930415694,1522.129653038402,840.8419648104133,2673.2182572667043,1305.57658194719,1689.3719895852842,1378.0606582063328,327.7951230764711,3434.7567016123344,2994.764318597479,1296.915883013669,1684.0857917826143,1431.2315962746454,2804.4257193201074,2804.525707890649,2462.957995340133,1934.288062574044,1781.7325614833849,1546.7459955159768,2066.3805944781416,2335.9267802157974,1844.2394307772179,3212.617549386515,1770.3632552909664,3018.1912090771184,1398.9026317516955,1807.133771539882,2151.7690124549295,2641.4490879620666,0.0,2602.873168418311,1532.4182535185416,1574.6734731114398,2791.949470177662,2067.914011937256,3144.804236154913,1145.2434857421433,2148.3015105204054,1017.3003112795587,488.56439096030664,1979.323950006958,2644.0766371186537,1463.040579712704,2516.1820218656944,1682.912815846305,1339.8279246332304,916.8354660112125,2300.661122724617,2040.100499873612,1435.964959138284,2327.683112931165,2300.0985385173053,2477.2422820551405,700.212424853649,638.7356449640686,3148.079397348098],
