{
    "drone_dist": [
        [0.0,3578.130178552085,3528.0904694903015,4467.677168546729,1091.2367798316568,3700.49295425742,1186.1476446782826,1174.9129147032052,1152.2339798893238,2997.3961402053396,5172.288967594271,1132.436404398049,3753.8239841133873,2038.83507835423,4249.913159216571,3131.1338067624793,2459.06622320135,3846.1589120254434,1341.8657962841019,5007.208902055089,1707.1735985935154,2694.619978831684,3093.527785583635,2596.1973648335593,1064.5327859866948,2464.2056100169407,628.2844993001706,2232.583483355521,3569.637266458789,2315.9342399523484,2539.8249015093384,3869.969967497947,1601.1025396392956,2412.721127925921,2899.4172763410656,2004.5685043498545,3173.230468659292,1978.6059396603082,3341.7425490585188,3349.378105928555,2789.253697280132,2382.9117998747392,1492.9077371507483,1266.2556730866852,4312.621127199814,2074.58909249477,3416.1792648115857,1955.6973085195386,1474.9279033695811,2490.760679469058,2652.142316222553,2124.7824307557726,450.3265789447874,4438.482678727906,3637.309394834265,1548.77392678002,1757.2452495643902,2815.058564570025,4662.317030564715,983.4174907438148,1879.6863655402099,4208.45118144212,4177.237240067608,2923.377482400318,2250.6973455860793,1830.8020835801858,1541.5073205580522,603.1229847269366,4457.702418665478,3287.2832820240415,3867.436367974772,3434.6303131291606,3555.9658291317683,3914.5324723598233,3596.2281024195554,4022.94206420342,3007.1173400376606,3286.3988767400274,2817.7432913432817,4519.420241514007,2586.8750761601855,2362.5040699843257,1168.6998553675867,3525.5774718305447,2647.5785174089056,3381.3822605127684,4567.249771318581,2401.4446299140263,2063.9826202341856,1026.8403429241275,744.9181406588,5404.923491019281,2635.912844257193,1657.388154279893,2828.4092903261935,2215.16297101252,2626.485940813801,1905.9463405938263,632.8171740715395,891.3021281262438,0.0],
        [3578.130178552085,0.0,447.1092229227073,984.6483016210987,3547.796110088378,1755.2355573529042,2394.953066919489,2710.976710356618,2823.5716642656125,4145.086956061136,2283.450221900507,3895.2507121677677,517.6503973868056,3281.6356511904232,2048.8997059930693,3885.2968556890664,2481.068421818236,1555.7896137452972,2394.4394371736626,2469.8540952241506,3695.31886220637,2475.025115014102,1482.7089510268165,4174.664873154301,3406.9241135688417,1901.2137448660976,3174.1517202033706,3178.1209891672697,2604.532070796357,1370.011934006629,2818.7545235102148,1485.7994763203635,2797.473128803301,4307.215078184124,2797.8357823340293,3349.0671563884625,632.7509419781128,3724.2050499833103,682.7949148047932,1388.607458678128,3376.5395314213374,2597.081773793614,2119.7581587583877,3833.573004081465,1030.5860982992604,3602.425245224368,369.7431242421068,2622.1953480100083,3053.368713873594,1820.086457307767,3387.1949095831933,2642.4722940279653,3151.8107415112167,1867.1372531749187,448.26876912505423,2042.8343386222969,2421.5392897009915,2694.802469173404,2400.154669200216,2894.1685619032987,3172.5167622834574,2268.2057430494633,1167.119192776025,1009.630505328301,3054.9730096002713,4529.742856562883,3856.3014581566626,3002.398792914033,1837.319462869316,589.3556171690951,2040.3231290928197,2058.7466203147874,2218.3112015882225,471.09039500068025,400.03533095484306,2430.905090220557,583.6150232212126,1934.3354721223013,3834.686677651725,1262.5226908612235,1016.4067083505262,2747.117349439392,2479.714687922279,673.7022484054779,2106.3176270442514,2617.3549908902173,994.9787415809085,2373.2701968711995,2647.3071465596404,3475.6792102973563,2837.1208296647224,2633.1163006497327,944.1275483025809,1943.7531068681394,1286.0751496687826,1538.0191058177697,1921.4682285808715,3855.3183985564574,3740.7197254950324,2687.0118577756703,3578.130178552085],
        [3528.0904694903015,447.1092229227073,0.0,1310.9296644418962,3364.0045921126866,2180.6632900807476,2345.977255853819,2782.9473675997297,2660.030630782607,3787.876632119024,1975.8807274166293,3972.6613102632277,963.4497438943258,3489.080752097783,1619.0418342933813,3507.854784664254,2139.095644221796,1114.4432519381744,2262.193350449872,2096.5796132836967,3444.2256371793587,2777.116793548091,1076.4822255301578,3853.1393290005904,3226.3736932630727,2162.7555109030263,3064.1945909150627,2861.4756308037845,2168.317108878812,1224.3036185719616,2466.5890179857474,1048.0097544689331,2948.8051721894503,4009.1590711765475,3116.721627479136,3058.9676961608748,360.68620720601893,3445.152742812793,1078.5776829595404,952.9038040517559,3010.582248465621,2857.666607712513,2140.66265471283,3635.912178843505,1435.5056442844268,3803.4626001057704,771.211187076367,2344.4681035210597,2827.2699006779076,2082.658214067478,3033.54100807072,2340.6796144048963,3086.2735173875253,1473.1967811090765,109.42700529219967,2047.535141359782,2189.0342997188836,2314.006138278938,2847.2397077634987,2753.428673436093,3362.9949385011423,2708.650219128013,829.6378321894802,705.2479011644224,2735.2541755217608,4646.345934999578,3984.863222375527,2982.2459682239414,2282.248197565095,254.81674249771473,1593.5947409546118,2453.3253271119333,1777.5767667210505,880.4393586748241,83.74388159907001,2858.7371549445243,595.130832365233,1505.6838812037643,3480.3237241515335,1659.1607442841052,953.863589234691,3003.8298335506474,2382.308055027183,226.59587404310238,1747.0657064372963,2191.1179460901726,1111.724703013978,2636.1903053858673,2863.952829065781,3555.3817269808446,2805.1000528057743,2309.6711062561585,995.1367042166095,1870.7128723748692,1587.720727170771,1361.2456228743822,2212.606644355736,3588.1375247195774,3764.1748133863407,2643.667621996954,3528.0904694903015],
        [4467.677168546729,984.6483016210987,1310.9296644418962,0.0,4518.331655178685,1717.9100903165745,3303.0045212267787,3494.3151792697827,3789.9285421472646,5097.467498681514,2427.1447402289723,4640.645183814859,722.5649939134128,3832.860125124633,2614.6862747609985,4818.397186694532,3442.365988638942,2226.8375334967404,3351.312533030456,2785.630608702997,4679.702245627707,2856.6238377191994,2383.389724003645,5148.199959966379,4376.802246197098,2433.233433796961,4111.41587748552,4152.600324229148,3418.9962718451325,2345.167072069177,3774.031628855416,2141.3151174324607,3467.7090457065474,5288.195325935108,3108.637099970982,4330.990324338234,1599.2280040085948,4707.938629339154,1167.4431016125118,2229.460605924278,4321.205260434687,3071.983699630765,2978.7248220056804,4807.898676471595,378.3872251491704,4154.419876737458,1052.303011434709,3605.304104404225,4035.7078802417313,2358.993890547602,4341.916705960564,3620.881197848387,4059.1842665685194,2309.2011604259956,1239.8202221061617,2918.9470733639428,3405.4609662870243,3624.625809329292,1934.1566994392083,3850.3326550578513,3760.288745577188,2008.6418165506116,1596.6130733039658,1978.3180111868699,4028.1071757240416,5206.12122326908,4527.900996972996,3874.6724977849126,1338.5043610286016,1531.3187288716533,2742.621287267933,2159.3268473413027,3016.2837737429772,557.9619299906517,1230.3424449216577,2285.5464402277653,1550.8930834531668,2785.218526115736,4789.1494516185885,469.8522762633589,1977.0873369598855,3221.249831893342,3417.678587111299,1499.5453115666885,3055.4296362504274,3467.3120068841135,605.4918747433089,2859.008540774932,3211.097333210629,4227.208115949681,3722.851976604605,2785.1538397388913,1855.42378466488,2877.7702707623903,1822.1984051685547,2517.685143379574,2384.11136252128,4839.884869810762,4555.632579545998,3584.809897675402,4467.677168546729],
        [1091.2367798316568,3547.796110088378,3364.0045921126866,4518.331655178685,0.0,4160.309898865966,1408.826160845193,1914.424493234616,731.5102295480972,1907.2246152103678,4681.199228635795,2223.0710781899793,3858.4032526410383,2995.138532796165,3660.6487547461547,2061.3625227737375,1698.3127563415896,3356.0437550806264,1183.4472023465155,4421.342608338388,616.1387585729431,3418.101402257315,2630.176623525012,1509.1843540167656,142.0685157545127,3012.5459220968346,665.968209170294,1245.48519761073,2775.1634269516176,2177.8826997978695,1658.7876064605828,3401.8724960984705,2434.7259927684777,1352.246356982371,3690.3959731324544,969.4712058467879,3007.4886398474,887.9249377334183,3519.917217040211,2899.426111659084,1774.6819966005796,3152.0481838540277,1834.9813463778876,305.24184045799586,4451.8581175693935,3089.61392424808,3495.7556716204226,1211.7300728770806,618.0687914467522,3011.1920605813043,1629.1794552691658,1338.600678740902,965.700765463667,3926.965641581676,3470.0875004534487,1820.438523374393,1204.6250784207962,1969.928092940229,5139.116761734649,710.9907585438003,2819.445987682728,4730.39999566906,3840.442071100783,2671.9195912758896,1300.00811870321,2913.4672399357055,2618.790181290434,1296.0068021583754,4820.543054574443,3109.1939891116044,3242.353507247243,3999.8513871999453,2862.85557805841,3964.958180245766,3443.78062022629,4611.93932249835,2968.933696624604,2668.659526099227,1739.896426071556,4679.383046602717,2541.3407973349563,3173.2217941801514,1184.9957075682476,3291.528410128007,2008.6456854048886,2573.007740807327,4471.446814950837,3104.8697430172074,2853.7823156594627,2070.3874270094852,1264.786086143283,4857.012726514325,2685.733501610949,1689.9824397184925,3178.9756395371714,2015.0963339519303,3188.069175719071,820.1876891008849,1724.0469300095363,1265.3577477934007,1091.2367798316568],
        [3700.49295425742,1755.2355573529042,2180.6632900807476,1717.9100903165745,4160.309898865966,0.0,2754.7233438027856,2541.399666509804,3469.674113193314,5346.564282038356,3963.9498265057105,3477.2849719563374,1309.93009179052,2409.878567312017,3799.135768338054,5179.359391686056,3744.2029647640716,3292.167855515368,3026.4640570439738,4208.245759927777,4531.98648482393,1331.1122590337143,3036.0412499008353,5235.961968713526,4024.990563520283,1241.856989467257,3577.0902355523694,4291.154605426659,4201.560607796158,2374.0332930126274,4083.687264402291,3228.230848234571,2279.139358373257,5271.514732064791,1484.4669329316755,4354.844208218922,2189.032852436161,4658.711439821297,1112.027066183944,3032.9296457990017,4651.6634497069,1632.0481808773334,2331.8309449334242,4465.079840126086,1347.5952215876393,2707.9673167124497,1409.8183494769319,3667.376287341399,3873.2682493384523,1209.9733887375785,4616.123959461723,3760.935846013929,3399.6817890110337,3619.2667934961887,2201.5467446258463,2339.8730349800057,3358.2694012607335,4067.1790462062345,979.42497682568,3451.329056094339,2396.6196383154243,604.7356291841637,2904.0205839355185,2456.249927753685,4189.41626514017,3881.850702318046,3234.442467949963,3113.1058515915915,822.7640027635409,2218.3921894577275,3749.3520290990723,469.49062654695973,3851.270746976645,1519.2733421497664,2149.65588667656,678.3955115439558,1858.1923150706614,3523.449638676976,5040.345735080812,1392.7319889457895,2040.310744158476,1759.6747526885927,2978.5401473287366,2399.6293114338914,3462.6252549694177,4166.287867691934,2257.5052721277734,1471.6372035721304,1879.5399468848477,3111.0874257264304,3026.450336017596,4323.395379286053,1793.625230432315,2525.0636533768484,1007.3327822369707,2547.785915598626,1093.2473681006268,4736.343116357741,3558.3887062895474,2951.3348342490835,3700.49295425742],
        [1186.1476446782826,2394.953066919489,2345.977255853819,3303.0045212267787,1408.826160845193,2754.7233438027856,0.0,787.1625905444819,769.0438442960527,2909.5184706615278,4065.654557356292,1789.7781380578954,2598.970581924817,1941.240582280673,3219.16233329492,2884.469081651153,1737.5523351514264,2766.736354828688,448.81224083425474,3955.4599290736955,1846.0759365306642,2076.230559161741,2031.1087518001646,2663.2815914801117,1276.8131319570969,1611.924977986032,840.3935256616935,1891.7644820071673,2758.1979772258705,1149.333454509771,1960.1803062446102,2777.904131078677,1280.7779733570328,2621.6665572993647,2385.1828964990837,1821.2662522083158,1994.1582418754551,2028.1045692264702,2209.1332186983673,2266.1433663947187,2410.0294698844555,1854.2899361326774,426.3405577233542,1712.4731308757823,3173.863800882545,2148.8972160997664,2251.157113833626,1346.0451258371359,1240.8932115129674,1605.9306213049156,2312.160740054085,1512.4164614531128,757.9115980271933,3355.0417695167353,2454.916729610383,420.6498847219871,1015.3306102733227,2141.9037086559115,3734.1023276774577,708.7121160982183,1758.675288745113,3321.6680776226594,3024.5563608519515,1769.2893018993736,1840.0379423428872,2537.6902808450563,1972.9913289249782,647.3678537181657,3438.600164235132,2108.9195685254767,2877.027310665433,2594.0818267294558,2640.09016049047,2746.4401587713373,2412.6182413303827,3206.816822234901,1821.4062693534938,2322.2112019368324,2641.8584160550454,3389.990148535512,1401.0073220288118,1910.6420177176224,270.48541943140896,2354.8113792301706,1765.121695493794,2600.773006475562,3381.8827646475734,1763.304312723234,1595.9057916504955,1417.7426955253413,462.91781546263695,4324.03586483804,1456.213690504456,479.87400659524917,1787.5710884353664,1076.7522380341923,1787.7478939356156,2063.835553105824,1467.7248595048964,297.74142215384575,1186.1476446782826],
        [1174.9129147032052,2710.976710356618,2782.9473675997297,3494.3151792697827,1914.424493234616,2541.399666509804,787.1625905444819,0.0,1453.7590800732598,3625.316171812469,4648.56605757155,1190.363154660693,2772.0203093266596,1165.2506938973988,3888.7458600366103,3635.6224880700047,2524.01489893242,3403.2774456490456,1231.7602911308124,4597.864405581676,2459.240990689328,1540.2683255573747,2703.6029208159607,3329.6836030692316,1810.925489214394,1299.8012202946536,1249.235232153277,2644.310714366296,3525.8397655990784,1726.4290598217005,2744.967267374894,3400.8749397271613,530.3329418714908,3238.0615791547907,1783.9223657320558,2535.472173620506,2465.234692920374,2681.08543424592,2330.423724543788,2912.105387063338,3178.039303331425,1248.961022449576,678.8040099554182,2189.435394770397,3286.3218883705126,1361.7850321959422,2472.122506739384,2126.6621731962323,1936.7932141478414,1333.8980690505566,3072.613437562293,2295.687237985804,974.5172235350582,3975.84407646031,2885.8547741829234,790.5490476861853,1801.072769570034,2928.68798755076,3493.951557466556,1331.388370414548,981.6228795743907,3035.8010074122103,3547.9741124038105,2333.42543402434,2603.9580226354865,1879.8597891294446,1251.0487867596562,640.8627394256615,3319.3676282386627,2578.5461477508134,3578.5407067802275,2260.382274509036,3379.9072252297215,2963.906370073913,2834.581967365694,2848.327517537485,2198.8565441793885,3047.783990687601,3374.724853711974,3474.962554732827,1845.6411295198184,1259.8580430309887,1029.4152517121045,2846.9943239250774,2530.5942333608027,3375.394894194216,3699.5699334680603,1237.2118346844015,941.9618998648489,772.4343986271358,652.3773874082549,4934.128750397335,1795.6727466591292,1123.770664519639,1736.4226966867095,1718.5475689208588,1456.8255558008939,2680.492460117789,1067.0608071059237,703.0177937471477,1174.9129147032052],
        [1152.2339798893238,2823.5716642656125,2660.030630782607,3789.9285421472646,731.5102295480972,3469.674113193314,769.0438442960527,1453.7590800732598,0.0,2172.0911846073573,4106.562905560881,2142.7506590514326,3126.980577262364,2612.4693535215583,3137.588106664416,2191.876433727306,1308.356586046095,2771.9202266443153,455.2607477353386,3900.132039248518,1080.4806037866522,2844.337897125799,2023.2930113955254,1899.026859030684,589.4418731738336,2371.119220468519,527.8786661624719,1209.946993651684,2417.691924161772,1455.8976600360604,1418.2869863950755,2806.6665852350325,1981.1889032042686,1853.1116477607065,3148.307282836959,1081.7261348021248,2300.5927198884856,1259.8767102978197,2790.5055633996744,2289.554080651548,1761.7924412355396,2613.943303887315,1182.34403721943,1030.1438161118879,3720.348675411575,2773.5037995701064,2764.4676800933157,810.7715352083083,484.21305875680304,2359.4039412785946,1643.6385333214535,984.0557913506946,763.5786438540235,3358.981326176442,2767.656961567311,1144.5350407117942,615.5257554457854,1674.8269103799807,4445.052378324209,171.81160786324793,2429.2078697358,4051.3227951444674,3191.3139872695688,1981.7986725714277,1189.7254683243489,2893.8660291449537,2447.698136582582,972.0824043444138,4105.493154194218,2405.9673914508535,2740.919584128839,3343.0422788554447,2411.433644698635,3235.4930019128433,2737.997881566927,3955.6889489385458,2242.562937603283,2157.384082021332,1922.2765227074428,3947.931237113253,1813.0036784905906,2661.10349021263,506.60215335394196,2604.0402613641577,1506.2243234750733,2230.662796845124,3760.7351373391257,2530.9282318309815,2342.345099931874,1865.9063237238802,842.5178474067246,4314.603343771774,1954.2238889525959,965.964804412283,2475.232439301608,1300.755546912634,2546.5344041232906,1296.4405556898873,1694.96976445489,751.1967476598807,1152.2339798893238],
        [2997.3961402053396,4145.086956061136,3787.876632119024,5097.467498681514,1907.2246152103678,5346.564282038356,2909.5184706615278,3625.316171812469,2172.0911846073573,0.0,4273.31098229074,4127.083749070369,4604.35081226613,4778.832107716614,3207.004143181791,406.67551905622696,1666.3781768053673,3185.4067115801495,2485.9574431729816,3845.7430234275985,1294.5577014209493,4963.963960384607,2732.763625386349,492.25412516158815,1940.1857870726094,4420.588852207129,2484.0925857357083,1061.5418862984773,2041.5616003463144,2986.5358623673965,1326.3386690378557,3265.3069208488373,4153.277181215053,816.2921681005706,5287.512315016034,1091.242112656562,3512.5197464731123,1019.3496232504377,4419.613462886863,2936.600109548117,782.4372430081443,4761.666321712481,3279.3242121348662,1797.1705652428031,5172.3520840580295,4920.659669287077,4263.42158800605,1685.7834276714175,1688.5244816326367,4390.793907684733,758.1034726825708,1585.8902524298028,2799.57998493493,3591.0311091769327,3866.5245250966045,3209.4779120687317,2014.8373102563803,1492.6088145939032,6273.43978854906,2298.467449849291,4596.284782122285,5950.734746875618,3867.080660892422,3136.1437624842647,1157.4307968849778,4819.582328726316,4508.564937671164,3092.6801188372856,5823.2541037765695,3569.032696350879,2804.404655557365,5327.572504343645,2373.12186662525,4615.89808356253,3869.748031497796,5924.467374232622,3675.8313572214483,2430.640393537652,311.750341402725,5406.084307401095,3352.269689711839,4820.0609003326545,2639.405898659166,3615.4105643423013,2042.3030386127289,1876.4033327190386,4822.268440036164,4656.089674419263,4504.235354259247,3943.7066621923555,2996.955877517269,4308.386310767478,3583.55265622643,2903.0867477795296,4348.069489499795,2806.2241988207606,4589.167753520165,1117.7422844008588,3629.7706388967995,2922.3088111613124,2997.3961402053396],
        [5172.288967594271,2283.450221900507,1975.8807274166293,2427.1447402289723,4681.199228635795,3963.9498265057105,4065.654557356292,4648.56605757155,4106.562905560881,4273.31098229074,0.0,5815.905653494351,2656.0725260890126,5452.738627739922,1078.4534856054702,3885.4764540383885,3033.407733790237,1334.6480475724613,3830.5279585853395,525.9667118193281,4517.411644288383,4744.185952914474,2085.540538316866,4549.792280291079,4566.201126993798,4138.103954087801,4605.95364677341,3724.7349751667416,2232.1470570422466,2936.370006113321,3219.1268966167804,1303.369800798657,4884.222843908606,4813.003987851208,5075.879787351783,4016.4494114523645,2218.322782203168,4400.805082297725,2962.506374823596,1824.1133536211314,3558.0068788962585,4833.5103285049945,3974.2424016963337,4884.669244167107,2776.9870114782443,5762.757099226223,2652.549596082069,3476.27533610565,4066.543536839778,4057.7977263547955,3657.962229420703,3375.0826211148224,4723.358884668321,754.3819072530706,1900.562073315963,3867.1087698647325,3507.0801514091027,2921.748486472849,4358.487926054433,4248.2582808422885,5319.123909047745,4380.990504266253,1146.3761645373513,2317.607375794046,3606.0864740132233,6528.361075787749,5887.507724723149,4709.825876757818,3759.8143892594762,2114.2847106524187,1504.1450133905091,4320.556173435909,1938.0390825967756,2445.801691695224,1959.740638074453,4611.793703018982,2554.8019023483685,2030.4744226032144,4027.184718987718,2895.038043524666,2819.13067047834,4979.692802294561,4010.3488004690457,1840.8028774665497,2677.6822878401636,2406.5847841067703,1822.9673264897517,4611.851483237708,4833.530900938955,5410.10284154522,4522.132534949522,361.251166068558,2933.57486800758,3595.8279858517994,3550.773979289536,2988.9251297222177,4182.264709392199,4579.252183540415,5533.25349452918,4351.255215718232,5172.288967594271],
        [1132.436404398049,3895.2507121677677,3972.6613102632277,4640.645183814859,2223.0710781899793,3477.2849719563374,1789.7781380578954,1190.363154660693,2142.7506590514326,4127.083749070369,5815.905653494351,0.0,3922.7043800380175,1248.4357150004541,5006.320880770606,4245.737636889567,3419.1916891446,4542.443612441599,2147.8838338156265,5735.749663521585,2839.1931444676684,2226.228349204387,3816.792327232164,3728.4681402939264,2188.46598036635,2287.244178805134,1680.5837329327805,3314.5167343494513,4500.974757993055,2880.209506850749,3560.3530752817724,4547.5134174834,1208.5649964118131,3538.6054810883725,2298.7350158288505,3111.2939497133307,3651.2024473496494,3109.3808804100363,3473.4014749709186,4044.061118766048,3874.381949155045,1891.8693145742718,1846.1301992662745,2390.400842265698,4404.0850796938375,1135.4662360627344,3641.184126846957,2944.4403127416936,2548.1482701060654,2345.775879165182,3743.633986382196,3119.9348394499407,1386.0702759707422,5125.104568260822,4075.92569791013,1950.38913475699,2678.874059732573,3805.0154488253415,4352.908760260227,1973.9062025885482,1161.8112675824136,3870.5016535380064,4729.400436164467,3498.581775976432,3315.7691898792414,757.9541571559813,461.90971003564573,1205.5003555910846,4294.203115960778,3765.1362519182962,4666.629279574559,3102.574039690785,4417.7126161919505,4125.254478380293,4024.8379619306133,3612.2960353357307,3389.2025485593003,4108.085120906322,3938.5877032604635,4576.078372776893,3031.005164689006,1804.027464777918,1932.1086375372129,4031.6438107892554,3523.7935219882297,4328.170791419073,4878.857436009556,2012.7517063725224,1605.042115594927,419.60725501445523,1382.2040350099028,6090.451427321898,2985.939753116708,2232.48234600688,2835.276701747399,2844.1844252906426,2402.5479891167765,3038.2534134794205,500.80151312356134,1543.664213375608,1132.436404398049],
        [3753.8239841133873,517.6503973868056,963.4497438943258,722.5649939134128,3858.4032526410383,1309.93009179052,2598.970581924817,2772.0203093266596,3126.980577262364,4604.35081226613,2656.0725260890126,3922.7043800380175,0.0,3158.035705821064,2541.1693712334945,4361.240745729817,2938.2109346257566,2062.246719951984,2679.4929115607774,2902.744829271695,4066.4619297707877,2237.252760358449,1987.5820745986766,4604.217598913734,3716.3519398093053,1750.9420180506238,3418.9066842106513,3609.748496679773,3120.152029555675,1714.8794471840317,3280.5435311492697,1988.8866894756925,2759.3136097526,4715.790579373125,2525.380742867967,3757.3379662242123,1117.02746030801,4119.877046943516,452.16262310397383,1904.9807671940705,3845.5510931719664,2417.6090826621426,2262.193656544997,4153.988929211042,595.7433290460149,3481.0675946122014,363.8334386008461,3028.478584448623,3409.598581338348,1673.430126061797,3846.751204707238,3067.6053745395957,3351.8913392876184,2327.013122990901,951.2816423573591,2206.5198932036583,2794.2800976992185,3177.656288232296,1885.36542435437,3174.6104331472948,3073.783912303416,1779.0239781184016,1602.2818347873886,1477.843626031419,3490.065387544849,4501.390565222369,3822.741421993673,3158.0643486320423,1319.6805345534308,1093.7640771645395,2553.873335842868,1673.4990005071766,2735.504774397729,235.22239342906508,909.5667646372202,1970.8598601758933,939.1485607813494,2447.4631289424456,4292.8036281335535,828.1192395832036,1332.5622469955806,2568.7278102992655,2729.032482119069,1189.6904090454523,2579.1004811067837,3128.374526718649,1047.6693058819592,2198.163359113763,2528.0513334517536,3508.002034998862,3009.7150731923703,3014.758795259915,1173.3957622531514,2190.650281150438,1125.66966631223,1896.2786991247349,1724.1658437047217,4239.492422477977,3833.0724266079565,2875.7136160049286,3753.8239841133873],
        [2038.83507835423,3281.6356511904232,3489.080752097783,3832.860125124633,2995.138532796165,2409.878567312017,1941.240582280673,1165.2506938973988,2612.4693535215583,4778.832107716614,5452.738627739922,1248.4357150004541,3158.035705821064,0.0,4828.766970121852,4799.71749423645,3663.758788710337,4313.174966237811,2389.7393466196004,5485.711688005567,3575.737884648444,1082.736873362659,3681.345708998326,4462.011555307549,2910.2330187465664,1407.1802438446387,2337.91391739755,3809.143831342803,4616.093923062354,2675.407326997723,3900.7046025540544,4293.8509506960545,667.9117081439155,4343.8838580998345,1070.6853928832488,3692.334527516886,3237.2171532504426,3813.087274541111,2713.962480500381,3850.9756484524046,4342.997417179685,783.7972284227214,1712.2969171468483,3240.9078125516453,3535.85344133403,323.158132347745,2957.2700150333844,3286.8765812227844,3092.4602394448802,1485.3654773669232,4237.8397561467345,3453.6320098034394,2029.674577786854,4848.445933050074,3576.6692847121008,1822.3002795356992,2955.7290358857763,4069.0253070944277,3197.8557635408274,2480.370154880508,183.65511591192535,2712.9570502375404,4310.892594134669,3214.7680652453187,3769.1272503684386,1479.7242980457606,876.8772737797428,1705.6165864987045,3230.074247965399,3338.884893784591,4568.472673857091,1981.681440931927,4427.115241878848,3385.4858892692273,3518.9895088468493,2425.039241452646,2899.7558995703466,4080.894477554564,4534.718784367415,3668.9831752839227,2662.761245782587,650.2052343217647,2192.7170897200363,3611.9945477007636,3627.820845284143,4480.087682056775,4191.314082355877,979.4613635125719,635.0618397400954,1050.060560879584,1782.6173050641457,5769.8846541846115,2520.908516580892,2192.196828271924,2035.5109228026802,2721.705648394957,1450.3338908800556,3794.735973837145,1564.3987441066695,1862.0766648228093,2038.83507835423],
        [4249.913159216571,2048.8997059930693,1619.0418342933813,2614.6862747609985,3660.6487547461547,3799.135768338054,3219.16233329492,3888.7458600366103,3137.588106664416,3207.004143181791,1078.4534856054702,5006.320880770606,2541.1693712334945,4828.766970121852,0.0,2826.0293094127273,1981.9468099669589,531.4657358268295,2919.5577149736287,763.5209320324558,3457.0923919740576,4291.577561652207,1189.8123228927138,3472.337183926793,3553.436753350835,3645.2604091913254,3654.730176629099,2653.599650585805,1167.857681130933,2171.802551492843,2146.8626517127577,578.336486026012,4207.033616304088,3734.5689665652894,4646.349583077178,2949.793006533488,1691.6235811274767,3330.0250333773174,2696.3846749635954,981.2612774669898,2481.383336146441,4310.789135230429,3212.1913174968718,3846.3514331771266,2879.9342826363945,5119.523913409464,2390.2256941059954,2448.9640935591633,3042.650021206788,3570.347541212485,2579.7546721790086,2333.1282397041637,3809.0754269164213,405.7282867574855,1600.6319519200338,3099.0673005912845,2524.4586715944797,1845.387716165496,4412.2519158914065,3290.877077519918,4675.487601364404,4315.305848881186,1018.9439072221267,1617.6700551894307,2537.1729201584335,5745.73419618953,5139.534621613269,3843.6479144472323,3824.635542330914,1624.8127687184804,429.5383209532576,4064.0750341535204,859.9300968665627,2394.3940120871475,1650.5728069842335,4476.8067531011775,2063.151283785956,992.3072712200088,2953.9028277808366,3063.621266589216,2178.6816448002455,4446.042466800383,3117.7545892684434,1404.8131980081914,1654.0333171430736,1332.994821885418,2096.999327634578,4100.678725227475,4246.145917768746,4619.271204064034,3655.875145243398,1198.7814599601743,2362.076065822521,2778.728600962257,3140.855134355049,2171.4966836023564,3729.8660369165605,3509.8858098210317,4672.386044225331,3485.7541444283224,4249.913159216571],
        [3131.1338067624793,3885.2968556890664,3507.854784664254,4818.397186694532,2061.3625227737375,5179.359391686056,2884.469081651153,3635.6224880700047,2191.876433727306,406.67551905622696,3885.4764540383885,4245.737636889567,4361.240745729817,4799.71749423645,2826.0293094127273,0.0,1441.9817238049875,2835.417546620908,2443.3336279306295,3449.5560443000386,1478.465776323816,4895.150617056095,2437.4001903871335,840.2043138402007,2067.3825527885706,4322.603141205245,2572.093345701007,993.0695524419322,1658.1878526624132,2805.5745253581536,1098.2389105411355,2917.720242283066,4155.450749686635,1170.1827139153922,5230.525573382124,1136.4066340470954,3253.7221472713277,1203.4792910599945,4208.682556741425,2622.533204561553,527.7591304451241,4715.813657754243,3223.1483109704623,2006.352720300627,4915.826849655217,4965.223546413134,4031.0282720486653,1578.535078198837,1724.232212980032,4286.11063740312,581.5473595105063,1446.2963246557297,2881.4127889505976,3215.754589909486,3580.230085238815,3142.5687903149965,1921.8813198663313,1193.854131476349,6084.054296017364,2337.106267378511,4616.11260203467,5783.92788933771,3528.056057334537,2883.9109853516647,1051.1040985592329,4961.932853674458,4602.287591891105,3149.676177815041,5611.088114211818,3300.8752025095487,2432.2038966924542,5194.080058629135,2006.8420570942346,4356.022931777444,3588.061242873382,5779.974370078709,3447.5974801496604,2096.3235262793346,332.8433101544757,5147.592381313885,3154.9411225384065,4785.833179077482,2619.362986088821,3324.006892383938,1782.1829496596208,1503.9210810434224,4512.275633671376,4593.652837734192,4476.009399136292,4026.853760903167,3033.4749943155603,3911.2959497643355,3394.6343488308594,2811.145031027734,4194.454434615354,2632.145325839794,4486.105287154611,1343.674739056067,3756.6542150047285,2938.55020387471,3131.1338067624793],
        [2459.06622320135,2481.068421818236,2139.095644221796,3442.365988638942,1698.3127563415896,3744.2029647640716,1737.5523351514264,2524.01489893242,1308.356586046095,1666.3781768053673,3033.407733790237,3419.1916891446,2938.2109346257566,3663.758788710337,1981.9468099669589,1441.9817238049875,0.0,1750.3923228940941,1303.588305512502,2735.5097069074895,1485.866140572045,3569.3894298512914,1129.9997390547178,1718.4668192063427,1604.1472564966464,2959.6666326724203,1831.3928869060117,744.4384251476164,1112.0104119715602,1371.623376426508,344.85615005855846,1812.577063967466,2996.366378307308,1901.2060557105453,3920.0667864572806,1000.7877291753821,1849.371365564148,1395.820511778239,2767.9361748412425,1374.1290443030787,916.1469850221092,3434.408593610804,1971.515234080067,1866.3688063249438,3506.6417843689806,3884.7291515348293,2599.4761697263243,509.14010806830385,1084.884439247801,2914.1707071417654,908.5477304256768,359.96560715797773,2064.7619239301343,2283.1767466757274,2224.31670476688,1871.5205477144705,742.8219775070893,405.32878797977475,4642.310068816385,1479.378030018597,3483.554801919055,4348.102755129952,2349.204744450817,1471.4547803707737,616.4027674430247,4176.364160742899,3676.809659090071,2216.4509605285057,4171.2765740613795,1911.0837538672058,1556.3461470442182,3781.851428867859,1164.8647841419288,2951.348597133675,2222.1666978503526,4356.847817252257,2012.9259802559216,1003.1785463035816,1355.0762949665918,3740.6542178997956,1713.4812529083551,3525.8529868385936,1519.09200760696,1982.8771001393134,405.95423988770983,922.3928647925926,3208.456444527204,3283.9083426249076,3236.054121187692,3100.663937729995,2049.693222391507,3180.540892836344,1954.671587418924,1506.0008599801167,2770.4094677832736,1205.1624392463561,3113.8259581359107,1565.779774917329,2993.5420911501133,1904.303208545878,2459.06622320135],
        [3846.1589120254434,1555.7896137452972,1114.4432519381744,2226.8375334967404,3356.0437550806264,3292.167855515368,2766.736354828688,3403.2774456490456,2771.9202266443153,3185.4067115801495,1334.6480475724613,4542.443612441599,2062.246719951984,4313.174966237811,531.4657358268295,2835.417546620908,1750.3923228940941,0.0,2504.838144987524,1194.9544237175764,3232.352484049031,3760.292645311486,753.169271492052,3381.358483375378,3238.025201803096,3114.5599104362395,3272.936230922769,2476.737077929795,1247.631919137262,1677.4684067595665,1985.7149058292111,88.37220936084789,3700.1005237198965,3611.308047939021,4114.903510904903,2750.122150075369,1161.090450508955,3143.450337954851,2183.54081289767,500.89219355672,2417.6175075927417,3782.48962547646,2724.563003216695,3570.1873975126364,2453.453422681672,4607.895508583966,1882.6905380260398,2160.6040676600946,2745.1741385625305,3039.4054763943495,2490.2477025849134,2073.770651328421,3398.859332416558,592.4341922773982,1111.2658976134223,2612.8872705696026,2173.7109554945196,1722.8473076895084,3945.7307047454105,2914.247528420784,4163.004959068768,3822.6863431024276,708.028845006973,1098.4092041991569,2351.988082824157,5272.810169394339,4653.732833638763,3403.7847483085015,3367.6576375070267,1097.7495427721356,515.8220858907038,3542.957871267101,849.2573596838379,1937.1441625404184,1155.9674031810691,3970.556126334079,1532.4354667044138,770.3831447984153,2904.681031819452,2653.262598421768,1655.2230987325772,3918.7572017238112,2691.2556974754575,892.6361913989346,1369.3622148958177,1349.1870549303478,1774.9851673857693,3571.361707433595,3723.998107355031,4147.057812574963,3215.4981229863965,1561.050517676197,1832.6499506132461,2310.0184157791055,2610.613444646883,1698.2631147272496,3198.41915887004,3315.6101819732253,4231.676637479429,3044.408061685143,3846.1589120254434],
        [1341.8657962841019,2394.4394371736626,2262.193350449872,3351.312533030456,1183.4472023465155,3026.4640570439738,448.81224083425474,1231.7602911308124,455.2607477353386,2485.9574431729816,3830.5279585853395,2147.8838338156265,2679.4929115607774,2389.7393466196004,2919.5577149736287,2443.3336279306295,1303.588305512502,2504.838144987524,0.0,3672.3356218119657,1506.9408899285897,2479.4118310521026,1752.8188603779113,2270.775659826454,1041.6471635129287,1963.6234052941843,805.565726942256,1452.619526729973,2356.504476147718,1040.430646497318,1513.2192722946556,2528.105080611629,1729.512514194259,2261.970918790424,2801.7054003741946,1407.2282346949107,1901.542715372081,1654.1898668458746,2336.533178727531,2007.5420677936559,1963.0965563849863,2278.247769051871,794.3029935321022,1484.3646793448147,3271.3458845875152,2592.7968586351317,2318.159414742392,897.262557614559,858.2932977476416,1944.6654944467991,1868.064739848568,1064.374562357041,894.0421131650941,3097.2553494943813,2371.148813048034,732.8863548199101,569.8908102109516,1705.2908657267487,3999.1436355646406,499.8225033590656,2206.998841514607,3613.1591635489626,2852.8550339571607,1610.9421203362099,1395.4149933700962,2904.9522379075693,2377.8518828593315,946.085479796902,3651.7345059704667,2011.1983151164397,2550.632202601247,2919.1902030773317,2274.6523817201423,2794.9741573664414,2337.180670266669,3530.2572431281947,1811.0802981875477,1977.7192570231512,2210.1732456428113,3497.7158994691317,1378.6943054327633,2343.4469958093255,217.7398182126431,2228.0613286759417,1376.0305104949884,2189.4640297312985,3349.156787102457,2170.435349763418,2032.6834944109198,1806.569058596471,765.6845775444804,4064.5959864856313,1506.1056321204378,511.25708537503,2027.1083540641957,905.6703353230588,2137.254141916217,1715.3154575516426,1764.9788498013136,608.0123982764272,1341.8657962841019],
        [5007.208902055089,2469.8540952241506,2096.5796132836967,2785.630608702997,4421.342608338388,4208.245759927777,3955.4599290736955,4597.864405581676,3900.132039248518,3845.7430234275985,525.9667118193281,5735.749663521585,2902.744829271695,5485.711688005567,763.5209320324558,3449.5560443000386,2735.5097069074895,1194.9544237175764,3672.3356218119657,0.0,4199.818055219395,4863.818821699732,1926.4005922081997,4153.008773029031,4315.471517876519,4233.579778271718,4415.823490146135,3384.916941754586,1821.6479338337099,2871.6125633565443,2878.498681780306,1199.217035887097,4884.525878413926,4431.172258865088,5208.685373996844,3686.9186709322057,2267.475431521424,4059.6492613637843,3150.570622052722,1691.6910787980823,3161.260462211563,4918.227123315305,3919.080153449322,4601.809692385931,3111.3105050525787,5785.86069465023,2836.273257391492,3209.6837256040926,3803.2762269913424,4155.347649613276,3272.098023925491,3089.882678980221,4564.30020293814,638.6544934254516,2043.7106193537759,3807.6150476556377,3287.57547597093,2568.01623560121,4692.07745493372,4052.3874415273576,5340.4853592717545,4669.1041894581485,1305.2373840903063,2279.859196724165,3272.65968730203,6467.613223506008,5847.982333435382,4587.464292793306,4092.579141867883,2178.1382227272425,1179.8676135300548,4528.569598971611,1586.1103366248299,2713.583605259526,2101.3783776729238,4873.595961058386,2630.0083794206766,1754.6783658842878,3615.832626815684,3255.0127557192973,2823.217398061709,5059.488355683576,3866.67338238527,1918.5852814618415,2416.6778204938764,2011.0002213448759,2196.318427857671,4701.250899448895,4884.0309773149565,5341.682518068072,4399.266704584507,463.85774232001415,2975.7953922934394,3503.361786391435,3681.3057237668736,2891.9238889093017,4298.186995665787,4241.448811047573,5416.346694297841,4228.489198035805,5007.208902055089],
        [1707.1735985935154,3695.31886220637,3444.2256371793587,4679.702245627707,616.1387585729431,4531.98648482393,1846.0759365306642,2459.240990689328,1080.4806037866522,1294.5577014209493,4517.411644288383,2839.1931444676684,4066.4619297707877,3575.737884648444,3457.0923919740576,1478.465776323816,1485.866140572045,3232.352484049031,1506.9408899285897,4199.818055219395,0.0,3914.0287669307345,2563.8179527775646,896.6647003002275,670.1601897915909,3451.576478315643,1239.5137522618957,832.5707846867493,2448.0632470518103,2351.599596659471,1327.7264026409712,3291.13100305152,2987.9121216914195,781.1864751375033,4207.199272506046,521.0870860614693,3104.375501454857,278.09882693907457,3776.6717956542943,2825.2746294140607,1272.8729347500812,3669.528178391497,2262.7682564488173,531.0019642107641,4661.493486465052,3686.7382159475733,3703.598025325163,1110.4092519452242,665.8704931095228,3439.2346246478696,1123.7074686703634,1162.6959791467496,1552.9805634672593,3768.608102833803,3543.9167007365572,2223.3022292490887,1275.1089485506113,1645.6802899606191,5502.029483144498,1149.525420039618,3396.8924962998685,5120.059190796762,3798.131918987516,2739.0028320970505,932.4182634504776,3525.225130116665,3232.888551733984,1870.1748499645842,5134.252945487042,3193.5156537652224,3028.214583799835,4421.081125469213,2614.0518939789476,4141.321790406392,3527.246177319861,5033.293369148846,3138.9928403637696,2488.49047744019,1149.0213501298363,4894.580111415525,2734.41795158067,3704.7706096748398,1587.020634001622,3333.9237397726724,1865.4179326022265,2243.4846402486432,4553.364772844591,3599.8724698791957,3384.212368815487,2679.337348823359,1808.3692611629256,4652.23156894571,2918.402405637122,2007.8974418321907,3529.3586339368962,2171.1517623982654,3626.9525329691965,221.41196915856705,2339.983443979791,1772.7089349766338,1707.1735985935154],
