{
    "drone_dist": [
        [0.0,1901.9991479457613,2959.639725350415,1956.737714551128,2426.117267041983,2472.966043560653,2130.0849734486305,1531.7819949545665,1645.662672480307,2891.6836416369665,3074.72386852312,3358.899348490949,1963.299987632372,3302.279269216083,2772.77976238266,1760.8400645893037,979.9093836899806,2237.0259780203555,2227.4147596288967,2984.1675370494004,3279.575978844032,854.275747188938,1462.0334539292353,1708.0993874088724,2603.8581262841867,2023.7902366787325,2447.405614118937,1189.9546553538985,2650.711851337983,1049.3583644735097,1054.7476687460817,1351.406975989595,2622.0379252596276,1080.2457920277764,1515.536086665269,1940.4896280476632,3614.1159847813497,2858.2076414212693,339.8420296042047,2416.896661337602,3327.596753454669,2041.5230285088828,2804.8777126579907,2366.692520528476,1740.6917596439998,1352.438814691025,2058.2294533831896,2248.4777280511,1042.2220700320133,1667.9811317457074,1434.6230478348318,2011.8358661945924,988.5254318626703,3051.6629689911524,2722.8693787227694,1666.0907503113808,1401.822175185933,1325.762154945926,1535.4474131077573,1345.3633348226435,2649.485268009489,2484.842890933058,1049.7717935184523,1411.707018498037,1759.8840929433977,2869.7957869837614,620.4926473460152,1349.3045615477736,1947.9347509686297,1736.4237306621199,0.0],
        [1901.9991479457613,0.0,2370.2601124483126,2724.969518827008,1073.1669886870359,1583.1826837638528,3447.1186740330536,3410.7488028879225,2182.3180772130463,1336.730259559531,1646.3279488478224,2343.8044675815754,3667.182072234558,1594.7972659976033,1921.1396116608448,3256.4412860036323,1813.556023939013,3128.733521677499,780.0909301465603,1290.328372069606,2497.059948371414,1051.865482249085,2598.257731237583,1790.3229801767166,1963.864218938299,623.5213099174731,2744.247782628258,712.2978621603901,859.1996060077138,1572.2718251114507,2487.8411367867566,1353.103447262751,1133.4005205978165,2892.963277012161,2449.009086823476,3141.161964879473,2743.4928703823957,1076.8400547207766,1767.7782153409169,2274.119073838248,2896.400492489921,3850.375751180637,1487.6282281864637,769.2258278656202,1110.9357376633645,549.7966324410694,215.62881949227102,3327.8900760998295,1510.355644515926,3342.894120719365,677.781104587088,3207.1135118047987,1663.7753403415734,1183.467532099552,914.4150137836349,3041.3721448360134,2897.513089088339,880.6583465348341,3406.4629567870543,587.7226141377894,2448.096456394338,1133.5392871728245,2873.8032580645076,787.6867130937804,1564.9374482301891,2750.6807947294983,1705.015799677666,2927.0636212893974,2805.192965393445,409.7474390673408,1901.9991479457613],
        [2959.639725350415,2370.2601124483126,0.0,1818.1686238801512,1398.8746940699007,3952.0456695903317,2797.4939888622043,4251.7292062223705,1569.617973614503,1565.8935132375823,1334.5471710516815,702.2452865494206,3552.820190607244,3630.335186286662,4291.399354255967,4720.135710931499,2040.3429843534952,2089.072064058916,3138.917574009768,1843.9320770094598,381.47930879644696,2599.479299972432,2240.0853245397025,1273.9469752521622,4322.695749745529,1750.1997788097754,4909.5184981201155,2424.0563064476305,2046.2274894651841,3444.9700209280063,3985.7607782694135,1630.8437200831522,3435.595443349486,3282.544299800037,1990.0711141568015,4847.236871526666,710.4751145885344,3139.843537690679,3118.756868368715,688.8818497951509,532.7834442324934,3927.3237869766176,3812.558787992023,3082.9417666189615,1409.6398450810473,2391.326531079195,2229.5593396996674,2417.1793546989443,3389.392111512036,4604.5575400888065,1987.1896278471756,2511.3406399450982,1984.9115787336311,2370.7191770684854,2987.0101548376556,2676.4101995668566,2777.5058807870914,2965.4283401024572,3799.2860306497205,2252.1536005851217,556.1416759704947,1363.624572020422,3296.3329520147017,1902.996312101852,3780.543632527041,704.5482870682868,3274.577074981289,2905.2854897874217,1943.4797778824286,2012.2273976486554,2959.639725350415],
        [1956.737714551128,2724.969518827008,1818.1686238801512,0.0,2377.1982547112834,4014.867320240377,987.6416868008348,2752.556372334179,544.3421962513669,2811.6966214555105,2769.453282667397,2487.4714480851517,1758.5734769076573,4311.516167915264,4359.266079793656,3543.0508052720475,1089.4918459830553,405.8375127573412,3424.145340065291,3048.8444118787747,2198.396114815687,2189.438458967528,583.1825837735697,998.3830185376041,4271.087476009417,2337.719482772578,4375.97400495373,2274.400355388525,2981.229829577169,2884.0705563570164,2964.8901657013625,1372.0243912511505,3823.757316461103,1714.4646082818608,442.2002439487777,3840.9287181214645,2512.043752386239,3785.462814706309,2261.9045357840987,1136.1154214279477,1894.5456726008358,2155.034455165295,4135.327977318645,3471.741968287733,1708.8759725803168,2364.2799181634273,2727.251667538191,667.9019672370861,2852.4777794595543,3305.020880262732,2054.7569717821675,697.5676682283657,1191.3199097898205,3423.201854523479,3618.345629432526,890.2652305984341,1068.3723974207883,2775.0081737089645,2144.371305038888,2237.0491800695213,1277.8476099914146,2395.817317792432,1743.0433604811985,1940.581714648075,3495.9497440357236,1312.8405707342815,2522.207680627317,1213.7089177723735,126.28348013571099,2330.503689547745,1956.737714551128],
        [2426.117267041983,1073.1669886870359,1398.8746940699007,2377.1982547112834,0.0,2632.087759629981,3289.6772180400153,3937.9321930823016,1870.7997787077509,487.00150145591857,659.1489184529636,1271.5942102028414,3769.3728009450556,2239.3992687608647,2957.123589108428,4053.824101540232,1860.1830184054636,2768.2019915923947,1790.8098437903238,678.2998355791308,1454.615801487156,1733.0782187473649,2490.693195177277,1389.8568416782073,3025.2918227564624,490.25771175832347,3795.2772118267203,1430.4430967452806,674.5563028174877,2486.834048066959,3272.8274046070946,1247.7950506973712,2052.385573147151,3178.1615612576893,2269.4689359392196,4036.234504763502,1677.8135020392137,1741.8083348591315,2432.852131163572,1537.678306689473,1930.5354042595081,4049.8368817243822,2432.222556047529,1710.383805039114,773.0594920167654,1322.3538381604624,889.333714374465,3042.8317339674154,2424.636036159304,4055.6055146214403,1025.8431768748128,3009.3534484739757,1723.6091535916541,1075.3133639105365,1588.1491490678225,2981.4204767463852,2939.3134701524705,1859.1322938523733,3727.58261078172,1225.7689306962593,1640.2251986657536,65.20637826316248,3173.2666917255942,1020.66944956473,2619.0033943010567,1929.8585368836439,2478.119049742758,3018.4848515219137,2488.838634362747,838.5107081181344,2426.117267041983],
        [2472.966043560653,1583.1826837638528,3952.0456695903317,4014.867320240377,2632.087759629981,0.0,4512.724557974954,3606.0970931643033,3508.2734916686563,2782.06503701758,3120.512997968044,3898.7639492092644,4434.811611578593,1381.3159266810658,350.56199310600346,2925.1833953072864,2949.5497037293744,4393.388516214521,850.199444544926,2632.944256547541,4075.9843547769274,1846.7352867913532,3715.137944288197,3217.3508217369495,413.54679258784773,2206.4098324599936,1573.893177650745,1748.778825640195,2194.6284400556283,1492.0621456164226,2361.0594875829274,2716.0778217270313,776.1419421860801,3540.5057410651784,3646.0587597611056,2564.3565184539807,4309.81246419014,1326.1504813586498,2161.9697261371703,3800.5716217432964,4475.774592133171,4477.057591555884,571.9997947441618,978.4587027687719,2629.162153395681,1687.9926437895358,1744.3682690507378,4516.976246927905,1473.0029991514095,3192.102333593878,2073.245412749767,4331.9251994327415,2829.1672558222394,2244.2265946656457,1351.18840718674,4056.327527859404,3828.988424962222,1248.0195286887854,3923.4483033638785,1830.5076628362651,3992.7546229156655,2687.446271012368,3506.01911630875,2185.402402912956,810.7519162177558,4292.5575393812605,1914.6974928716184,3801.103657400815,4064.8066453290867,1949.7029824817905,2472.966043560653],
        [2130.0849734486305,3447.1186740330536,2797.4939888622043,987.6416868008348,3289.6772180400153,4512.724557974954,0.0,2302.4570952887484,1422.4340329624977,3746.65677880686,3732.746454274689,3473.7862235575863,926.7188006788999,5037.284918689826,4837.98344401989,3325.7116700493066,1638.1597803281106,747.3325585940327,4057.5795981763213,3967.819985304984,3175.4074872158903,2678.2692498638066,849.0465046847569,1903.2938031362814,4699.327040847378,3170.1662663695474,4541.054721436363,2868.527007673079,3846.2146764571125,3174.404071572497,2935.017156041995,2142.129209211881,4468.620540201516,1363.6853989520762,1029.1924365377376,3732.9695306362264,3480.5217312163495,4523.874576766931,2469.907174023515,2121.42667724283,2817.871759505984,1348.277467438555,4736.210328130009,4140.384054162277,2562.1743259367295,2994.2413171789685,3494.5342500335896,438.96562924155234,3161.061724268176,3002.2818627559204,2772.79056031302,291.0829344235987,1785.2759670944465,4294.999484403934,4361.252244860648,464.41591225069465,740.4954685684366,3274.317281438866,1563.3372660796342,2892.534729596751,2248.4223222096407,3316.30881942327,1405.910801028105,2669.8410017547108,3868.1716800267086,2235.7782375273277,2750.572528114949,836.7009416778766,861.4363857989871,3088.0283273108535,2130.0849734486305],
        [1531.7819949545665,3410.7488028879225,4251.7292062223705,2752.556372334179,3937.9321930823016,3606.0970931643033,2302.4570952887484,0.0,2721.652088107308,4411.84742286267,4574.781525995372,4754.793896741509,1533.520949157668,4683.416365462773,3826.706417743504,1177.5765927980701,2228.735794662167,2829.2301605867783,3608.0685973982495,4513.946606870865,4608.466206872226,2360.3908006197425,2172.9516054536134,2985.18607938299,3587.153553699969,3552.795267708506,2876.5607009194114,2705.4711946340108,4181.504403608832,2143.37139951945,1272.794640502889,2772.0253081387373,3965.2585184614295,1038.3801657517793,2377.0974066509243,1694.7745786718672,4948.6039634252975,4291.349694853244,1651.0689289577076,3613.924902267201,4516.576416877907,1268.0355373172265,4061.583273098685,3772.080910455683,3213.664124177355,2866.365290264485,3579.0543984538126,2654.7381428330223,2178.752017451145,780.6725805612236,2964.834479044412,2382.9390867970255,2316.5497736815746,4576.52563771581,4172.447790851632,1984.1006464065447,1717.6505696198599,2706.1720091807615,763.9412648246303,2872.3966817286264,3830.076812556315,3994.15886413811,1009.6555284366444,2935.7331520150174,2797.505512716891,3976.0952327374184,1789.0720547579485,1572.199420407289,2675.590141259571,3267.9191875197694,1531.7819949545665],
        [1645.662672480307,2182.3180772130463,1569.617973614503,544.3421962513669,1870.7997787077509,3508.2734916686563,1422.4340329624977,2721.652088107308,0.0,2324.2555922846936,2318.804508108505,2170.956300113532,2025.1513898327944,3767.342547307554,3855.594716731394,3349.5111989386874,677.9015122959852,950.0131481326389,2890.6910900185258,2548.0751539574435,1945.059221931335,1713.702638096147,690.3895829874612,481.4160702914823,3782.438398058852,1798.7640395027483,3981.5627070610417,1760.2097924837453,2452.6265977722014,2467.437559252995,2695.796072807171,830.6528851763629,3287.1796867226776,1722.3684727051711,439.8289991976059,3582.4832366680807,2279.83543079102,3241.168929789098,1910.0059619451538,899.6011090860551,1794.9471522981746,2377.044052256383,3604.9424519074482,2932.886205418768,1172.1010550347637,1839.1408167657025,2182.93449788172,1185.3449547095895,2429.0502233936413,3165.8517993416585,1515.1489295665565,1139.1554616044884,732.7396822046619,2897.9094842679983,3074.0261268362806,1166.7253640097038,1218.8239201325011,2281.3650827918564,2230.562717513358,1707.4634464886458,1109.2274732046149,1895.4248304740736,1739.3198431500177,1400.1549089058587,3034.212491325334,1267.3738807900008,2146.657070580228,1340.3279125111276,636.4531368438824,1786.411598639498,1645.662672480307],
        [2891.6836416369665,1336.730259559531,1565.8935132375823,2811.6966214555105,487.00150145591857,2782.06503701758,3746.65677880686,4411.84742286267,2324.2555922846936,0.0,342.0625300187698,1203.7247711189323,4251.394283678528,2133.7415966251356,3081.3573060870085,4478.411852060043,2346.6452441097645,3192.358793622877,1933.5208043833022,278.5309360637682,1499.053280640111,2159.106591122672,2962.0888921101905,1843.5096798319535,3190.598035565473,885.459039730391,4076.1358400327545,1835.4376529470524,596.8000442639616,2860.8160561840923,3696.866999532428,1734.2338550015986,2111.0984235456854,3664.720752025439,2735.0043556692035,4427.241555889565,1632.4434409426049,1694.9024216611717,2876.275258466987,1874.4730042120739,2069.125222916152,4535.729376680689,2487.1401198802687,1811.3867087853548,1259.222269122895,1707.0954185566975,1124.0369266113958,3479.5804751244623,2798.0979156527937,4501.078715977901,1467.853385591549,3462.671960882239,2210.563281415733,812.264508142987,1567.567581241306,3453.585249272492,3420.4602854524287,2195.902356982088,4213.951581040242,1633.378046947299,1930.0804074932798,443.09504956459443,3659.5235300975046,1480.0449588731506,2898.173539871868,2195.0672429557467,2898.068330010292,3502.167501030118,2927.7759373184444,1222.6731959811098,2891.6836416369665],
        [3074.72386852312,1646.3279488478224,1334.5471710516815,2769.453282667397,659.1489184529636,3120.512997968044,3732.746454274689,4574.781525995372,2318.804508108505,342.0625300187698,0.0,883.0856341676845,4301.963193925633,2457.6787246412136,3422.122943296304,4712.9271247545375,2438.2530899814287,3131.6547951384237,2271.036595941959,571.0831432215579,1209.7259032051556,2391.79922523443,2985.54857993334,1848.8029275872732,3527.9004635010806,1132.621527451302,4390.558862969103,2084.536465753499,938.8614857556594,3132.476772809318,3931.8458562405144,1833.944220918892,2453.1537580042095,3774.5893489750633,2747.053856674315,4689.351420751511,1309.3333535541913,2031.4311211388726,3091.0079397023696,1748.0046754588598,1807.9943988806733,4609.151332379596,2829.044557668146,2152.03143849216,1368.0756931283431,1969.0627702916147,1438.3581803751883,3433.8895680445903,3069.960294892875,4712.548992687804,1684.9892980564512,3443.9776121547734,2313.00344376802,1114.6217601066523,1907.2455400647148,3475.194430854794,3471.208107093104,2485.099019849425,4324.638190653094,1879.9482780075955,1764.6509997997778,596.2520387341867,3773.1683877980927,1677.0569618988136,3211.2653395334128,2005.0392470014792,3136.5914143131095,3564.360696865655,2890.6268399528217,1481.480298687087,3074.72386852312],
        [3358.899348490949,2343.8044675815754,702.2452865494206,2487.4714480851517,1271.5942102028414,3898.7639492092644,3473.7862235575863,4754.793896741509,2170.956300113532,1203.7247711189323,883.0856341676845,0.0,4189.59018162368,3336.5278887583686,4218.153630643334,5094.670654124144,2527.1433206490638,2780.160223401156,3052.44495314583,1453.5961532370416,395.41869918121034,2842.9587855783275,2859.1375491542462,1789.4382847015856,4295.180812946757,1738.5521249704764,5041.743593822884,2597.190795041323,1782.7008629035452,3661.407094750121,4331.149405661599,2010.1016245974429,3281.43740082972,3835.1658215050097,2607.213007905171,5156.048322358875,428.7610215617581,2894.7432213321254,3459.8674353141705,1352.4707869289723,1020.6410326820792,4547.9827466354145,3661.355365178881,2956.9727723919154,1648.2843373482287,2522.165939912465,2160.0452417875285,3106.2363326968475,3601.3364316958773,5026.543974065373,2154.5155773438382,3184.7584699826484,2440.5238199663468,1997.6875313295495,2761.2189852547344,3318.111335948612,3389.6512086206826,3087.3184426074768,4369.644095240244,2401.0362131457505,1254.3298297848683,1213.3946166582296,3843.78528102953,2101.4197651903087,3873.0037753376837,1394.6500212359144,3569.554746027286,3508.414241515241,2613.7064307381247,2067.1174867625796,3358.899348490949],
        [1963.299987632372,3667.182072234558,3552.820190607244,1758.5734769076573,3769.3728009450556,4434.811611578593,926.7188006788999,1533.520949157668,2025.1513898327944,4251.394283678528,4301.963193925633,4189.59018162368,0.0,5195.674593546207,4727.67527941351,2668.8281148144792,1927.162097307152,1635.9797005597234,4144.77000324642,4435.967371379918,3934.194617801476,2721.8319051968965,1334.9653265030977,2463.418411631112,4543.360959976587,3540.1690174567434,4144.626286784444,2995.6117660500227,4230.364622201711,2975.5791177257693,2464.8640676288937,2530.0425076735046,4550.6673645206065,903.8260582754032,1585.5470443419579,3141.9555514982526,4257.381807938723,4714.1701627399125,2275.642247664149,2863.941246450189,3651.809582369963,421.72089969036233,4759.077660687747,4263.214209552696,2999.203658390634,3146.549838230854,3765.0669334030244,1358.0837243597152,2980.720247859657,2297.641327432188,3037.835037832771,1134.0649317893158,2074.9970201944366,4674.832396406752,4562.952795140198,876.6376855281659,831.6547585303446,3269.8150718735787,772.9415916447653,3080.4823099223468,3028.640470359303,3808.5351945436655,942.4660870839216,2956.459738006445,3697.207507189791,3068.527169221539,2537.4728549318866,756.0719068059311,1640.982388919819,3372.0393188539656,1963.299987632372],
        [3302.279269216083,1594.7972659976033,3630.335186286662,4311.516167915264,2239.3992687608647,1381.3159266810658,5037.284918689826,4683.416365462773,3767.342547307554,2133.7415966251356,2457.6787246412136,3336.5278887583686,5195.674593546207,0.0,1473.413155674203,4193.911073386491,3399.8937549284246,4716.661096214151,1080.4414702884208,1887.7933127174265,3623.329289365644,2478.835413442905,4189.38023426505,3350.3991672026054,1722.8123337958714,2027.8716883230609,2951.9285089761715,2203.8317876680903,1586.0133850862155,2561.6393084033757,3532.757117977558,2942.870931485852,728.6225254308192,4365.437856345333,4043.790364338582,3892.3227360573273,3764.8522940333773,527.9052996012521,3068.807381729196,3728.0386699574246,4157.186128023204,5333.132218984704,813.4627441482684,936.6300709661812,2639.1067314192196,2059.996868890496,1588.0226479873058,4922.113222392682,2517.9345043311523,4405.66727761843,2272.577728273018,4800.942657919531,3252.0228660399757,1354.296596935383,695.6467816460259,4622.455330162475,4460.3813236198175,1991.544966355762,4837.067549164482,2148.330200098966,3861.3660206653535,2268.8141234563072,4339.750265829633,2381.8015911882435,2059.855812478113,4158.069785044735,2895.438120877871,4475.857202329424,4395.6110781255375,1981.039699256787,3302.279269216083],
        [2772.77976238266,1921.1396116608448,4291.399354255967,4359.266079793656,2957.123589108428,350.56199310600346,4837.98344401989,3826.706417743504,3855.594716731394,3081.3573060870085,3422.122943296304,4218.153630643334,4727.67527941351,1473.413155674203,0.0,3062.0511817490515,3289.3928945256293,4735.346763258202,1166.5192328969165,2916.5323706805866,4406.443609370377,2183.412187120135,4048.855145607971,3567.784742897682,284.7819104441512,2542.768106240721,1529.127300123503,2097.15340719687,2487.890571430628,1759.7206054634742,2562.5570688533107,3066.0480883344735,1002.4223152422541,3828.132260670086,3985.8943482394966,2656.3856018625293,4632.994977267426,1534.923747610198,2452.154907357738,4149.810332465363,4816.917042289384,4751.085776325104,686.4616855054823,1270.0938261841588,2977.7417673058776,2038.379996003478,2073.652050287058,4853.059654196337,1749.0211963748754,3358.8604489460254,2423.592988176138,4663.348493152994,3171.499872062106,2495.6950167582663,1590.2930864835746,4379.205592427629,4145.322200371047,1587.048192102929,4188.479681387078,2181.02462195872,4340.8132219680965,3010.7890272595478,3792.236287531234,2535.8833193884743,1044.6618061079814,4640.994833820596,2193.4818970971373,4111.749082633498,4407.263421678858,2294.760388315666,2772.77976238266],
        [1760.8400645893037,3256.4412860036323,4720.135710931499,3543.0508052720475,4053.824101540232,2925.1833953072864,3325.7116700493066,1177.5765927980701,3349.5111989386874,4478.411852060043,4712.9271247545375,5094.670654124144,2668.8281148144792,4193.911073386491,3062.0511817490515,0.0,2718.5317118691005,3719.3928562993406,3189.8750684013776,4509.455550651384,5035.603518978955,2322.07264386846,2971.3742934187876,3466.1037762503606,2790.217094008872,3594.1242930897615,1833.7262045509187,2644.0167362184407,4107.114695430321,1708.9743303791188,781.6973368771182,3102.4181314745238,3468.5647866173244,1963.8844740013535,3114.3766430597293,538.9850419204013,5367.857042013409,3904.7063911925807,1637.8126863286047,4168.618458042819,5082.921017933332,2441.126611611249,3459.341342347272,3375.634067055482,3451.5992865792978,2780.6216842397735,3460.2908007865267,3613.3342197663123,1766.83025910717,409.12563232295304,3028.1669117070883,3341.000887135446,2745.415210991039,4429.982614834433,3822.771726705213,2933.959181911979,2640.222450636136,2401.9742751094677,1900.1824061221237,2845.0960565787527,4399.953011293394,4117.1777997725385,1922.5815933711765,3044.6739980057646,2144.424845220489,4605.351682597175,1580.3632836100642,2511.5563617398043,3496.599715731746,3257.2901898626947,1760.8400645893037],
        [979.9093836899806,1813.556023939013,2040.3429843534952,1089.4918459830553,1860.1830184054636,2949.5497037293744,1638.1597803281106,2228.735794662167,677.9015122959852,2346.6452441097645,2438.2530899814287,2527.1433206490638,1927.162097307152,3399.8937549284246,3289.3928945256293,2718.5317118691005,0.0,1448.2791185663432,2427.2630558927035,2516.0041246363453,2386.4257692319616,1107.9424996850796,793.7253423095402,766.4225489014374,3189.191950571501,1614.121578670693,3311.7047465178234,1241.8965493196915,2304.555743758068,1804.4927722097343,2034.5635104745222,612.4155966868353,2836.948243200235,1339.6046706108937,696.5596047524174,2920.367326305796,2726.2439113642963,2889.039289182449,1232.4386589546189,1451.2735776691065,2367.166835092189,2190.247224811143,3119.01578406913,2503.7850161113156,1087.4455570197351,1359.3834299639916,1876.607653760394,1573.2753469596935,1769.7510208551844,2571.53824506172,1146.2533202180944,1413.6819593028188,151.84790972017117,2750.6354177627586,2727.835122949832,1228.7819998611835,1111.909336983829,1702.4210511739514,1888.5415260946077,1254.4759690731598,1681.8283663457414,1904.596965166968,1341.0839301951053,1051.174207229458,2406.6123168080767,1891.7845977175007,1469.9597868113328,1171.141130535673,1122.8386083343048,1472.659091860229,979.9093836899806],
        [2237.0259780203555,3128.733521677499,2089.072064058916,405.8375127573412,2768.2019915923947,4393.388516214521,747.3325585940327,2829.2301605867783,950.0131481326389,3192.358793622877,3131.6547951384237,2780.160223401156,1635.9797005597234,4716.661096214151,4735.346763258202,3719.3928562993406,1448.2791185663432,0.0,3821.0914372454554,3435.487272261811,2460.952017644596,2556.101859816715,778.783010555448,1399.5691238765658,4637.369016474497,2742.2923891622695,4679.973434239088,2661.5404559876774,3381.2691461532304,3211.201296793306,3199.3234787621427,1775.642112988615,4222.669336925368,1803.468478973641,756.2410864816676,4058.0144252773553,2755.1684532905792,4190.838899689048,2558.7035805904434,1435.9886315714177,2074.520182841344,2053.515435059117,4529.710319872476,3872.437204991492,2113.070260071512,2757.3489890913665,3132.9378190384787,329.6482113159253,3183.945859805203,3447.290260858415,2456.7312057530335,502.0350453100942,1564.222501300565,3821.377894775872,4023.792584252921,853.294994459864,1112.5284077916392,3148.5235460076424,2153.375364391164,2632.9246156881277,1533.6794945711213,2784.0482731265497,1838.6124832470473,2343.14678058514,3847.154608259681,1494.995945994732,2828.737490798611,1257.1172622380996,329.60515532004223,2735.624750526195,2237.0259780203555],
        [2227.4147596288967,780.0909301465603,3138.917574009768,3424.145340065291,1790.8098437903238,850.199444544926,4057.5795981763213,3608.0685973982495,2890.6910900185258,1933.5208043833022,2271.036595941959,3052.44495314583,4144.77000324642,1080.4414702884208,1166.5192328969165,3189.8750684013776,2427.2630558927035,3821.0914372454554,0.0,1794.8084407463657,3241.8251236393735,1423.533390951026,3220.2662236472947,2535.2846803301322,1257.0814702359733,1389.2613351267464,2248.8906792962953,1189.077604419703,1350.6246406337912,1508.791792931745,2489.2393323810165,2064.1289460822745,411.53962995022573,3297.809712992585,3104.903175425307,2949.7438459271107,3466.5161310559433,714.8313281827504,1988.3942017640763,3051.4584534041614,3668.082933206175,4264.657104759699,718.8140172074645,189.90974532854025,1882.2921079171306,1069.4975222674022,911.2703022334308,3990.5646686723007,1460.050397618183,3368.051771707051,1382.139932131647,3840.934634507521,2287.435841818632,1452.4176785635937,646.5937320988809,3623.8184905638236,3438.798244516071,911.142960426614,3760.2450026824163,1188.319828817178,3227.8924968291103,1844.274373955063,3270.6480737160514,1498.5393314624002,1144.183222778939,3530.394272598755,1819.0036426536628,3441.812110921917,3492.5771782591414,1180.3124113580732,2227.4147596288967],
        [2984.1675370494004,1290.328372069606,1843.9320770094598,3048.8444118787747,678.2998355791308,2632.944256547541,3967.819985304984,4513.946606870865,2548.0751539574435,278.5309360637682,571.0831432215579,1453.5961532370416,4435.967371379918,1887.7933127174265,2916.5323706805866,4509.455550651384,2516.0041246363453,3435.487272261811,1794.8084407463657,0.0,1766.3312128064565,2209.08537131984,3167.4231068725358,2066.791757584223,3045.3457384943163,961.2755619153975,3991.621067028431,1871.5107659585035,451.080644993736,2853.953978992409,3730.7473986411965,1906.7073731734176,1927.8239734010765,3812.111512198352,2947.591851897238,4424.936855614522,1880.3755323606088,1475.5194869896966,2937.7621846728075,2142.36648943635,2344.4482669766253,4705.027550990178,2296.7262279715196,1654.6547771106812,1437.305757532183,1729.2852250169735,1075.1369562165087,3715.822055871332,2791.473707626541,4556.979360002474,1549.5512182901373,3687.0008232030104,2374.1622026937307,544.9133181661238,1361.9765253590795,3657.613548371771,3608.03930750986,2169.5039102242154,4358.457362581729,1677.0984595267605,2204.7697412020816,653.4818853867968,3804.179938640148,1581.5306368179577,2821.796793076943,2472.192450555448,2933.121739174531,3682.396292402969,3162.3127988604465,1264.2375057508189,2984.1675370494004],
        [3279.575978844032,2497.059948371414,381.47930879644696,2198.396114815687,1454.615801487156,4075.9843547769274,3175.4074872158903,4608.466206872226,1945.059221931335,1499.053280640111,1209.7259032051556,395.41869918121034,3934.194617801476,3623.329289365644,4406.443609370377,5035.603518978955,2386.4257692319616,2460.952017644596,3241.8251236393735,1766.3312128064565,0.0,2854.9221091345235,2619.5685780068998,1623.5489865325276,4460.92172797655,1874.9115152738002,5125.489945385018,2646.8783501440716,2043.9041940487475,3693.488985223997,4288.825487281243,1933.586942564314,3504.844716531002,3650.8874511746926,2369.0324894107903,5138.039702356721,340.1423533741117,3157.959214852295,3417.333245462373,1070.3013713002213,627.1090233251422,4307.783642573863,3885.15046006244,3164.9944777057085,1647.2064609505283,2594.3933750624615,2332.882511275086,2789.9564080893365,3635.714785276088,4936.516868879404,2202.43094640501,2890.2052133620855,2320.036362547805,2309.6779938461355,3014.8459935295405,3057.8342258987423,3156.552117939718,3168.9790115176606,4172.063826926757,2462.131820401881,928.2028735855131,1406.0106039367704,3663.462067695058,2131.3204417465136,3974.6605080013783,1023.8801009625499,3555.3903919816657,3283.1635775752793,2323.4458301944414,2174.4913330828745,3279.575978844032],
        [854.275747188938,1051.865482249085,2599.479299972432,2189.438458967528,1733.0782187473649,1846.7352867913532,2678.2692498638066,2360.3908006197425,1713.702638096147,2159.106591122672,2391.79922523443,2842.9587855783275,2721.8319051968965,2478.835413442905,2183.412187120135,2322.07264386846,1107.9424996850796,2556.101859816715,1423.533390951026,2209.08537131984,2854.9221091345235,0.0,1868.975269856731,1529.3706824918959,2082.221737308883,1273.7172035054577,2343.376325268204,346.6407828582949,1838.6847405473627,846.2808931025132,1540.5250737232461,1028.4674472042104,1831.4681132722571,1889.0300215348223,1803.661482737888,2319.4030785862824,3166.7958051765786,2015.7545476858118,731.7401240081549,2217.597695473128,3056.227225410844,2856.3575533767457,2066.508804411663,1543.3826304827787,1208.3436622802042,506.1268268547845,1219.880363053303,2670.3535814443653,792.304686260603,2348.140438774467,709.8972160481926,2487.412165187066,998.3345976933454,2218.5923586611552,1875.3201819855387,2229.567722927758,2025.7510674807033,599.2666733179557,2379.071429639523,532.0097742286495,2441.9140246518527,1796.887276808459,1864.9065391669808,743.3653508779314,1321.6386497983458,2715.661589227704,745.2562521797602,2021.3450450503044,2229.7607589378945,945.2757283251517,854.275747188938],
        [1462.0334539292353,2598.257731237583,2240.0853245397025,583.1825837735697,2490.693195177277,3715.137944288197,849.0465046847569,2172.9516054536134,690.3895829874612,2962.0888921101905,2985.54857993334,2859.1375491542462,1334.9653265030977,4189.38023426505,4048.855145607971,2971.3742934187876,793.7253423095402,778.783010555448,3220.2662236472947,3167.4231068725358,2619.5685780068998,1868.975269856731,0.0,1137.5111760477355,3929.7688461664657,2334.2846692158373,3908.5160085560346,2033.0431317528446,3016.9573538078726,2458.284662795618,2423.9849776553174,1302.1088322334158,3630.309391639815,1136.5806198694302,251.95222722411322,3289.088189723518,2949.7334230125134,3675.0709845962087,1788.7112666284095,1555.1034930917785,2403.1840544142015,1690.2689582917494,3908.175904667078,3297.372656456937,1740.36513334808,2153.0383253723044,2646.4986226131987,808.9635349018198,2435.276820767523,2724.3762991285453,1923.7536051023603,621.7315043655683,938.288732495891,3466.3280618951794,3512.285495426055,491.57412150637936,537.9759052897641,2468.2419390599757,1594.0596730790182,2047.306994650119,1741.2263612101685,2523.2842531937754,1163.4555221306662,1821.150706244733,3118.3009717661307,1835.9459321217776,2062.6334131250715,671.3490069720646,525.2717505789474,2240.0313404816907,1462.0334539292353],
        [1708.0993874088724,1790.3229801767166,1273.9469752521622,998.3830185376041,1389.8568416782073,3217.3508217369495,1903.2938031362814,2985.18607938299,481.4160702914823,1843.5096798319535,1848.8029275872732,1789.4382847015856,2463.418411631112,3350.3991672026054,3567.784742897682,3466.1037762503606,766.4225489014374,1399.5691238765658,2535.2846803301322,2066.791757584223,1623.5489865325276,1529.3706824918959,1137.5111760477355,0.0,3524.6668654659234,1347.025687443741,3866.553916460698,1485.3809967274017,1982.8471740105037,2351.406230666337,2753.8856256088548,510.83414856324634,2917.3646888784247,2045.7670646057925,898.5690557450309,3631.348822064598,1963.6792839925054,2822.51094531967,1906.043243616826,716.9117375587127,1620.00491141921,2792.359086348325,3254.088870804666,2555.996317022876,718.0412921189911,1529.4269363177268,1762.782922880493,1657.7319948136176,2304.1118580774573,3334.5881478885026,1156.837745342697,1620.569990579291,720.6892853452609,2425.299444654619,2654.769192405865,1626.427280663685,1638.2171161870967,2037.901227210713,2581.312750677044,1387.0986283628731,949.7667773358125,1414.0209552917559,2054.7740514538177,1040.98957886386,2833.7807424944203,1199.203029500255,2100.1582987408983,1743.9080647459784,1104.1208183643366,1382.9067981995186,1708.0993874088724],
        [2603.8581262841867,1963.864218938299,4322.695749745529,4271.087476009417,3025.2918227564624,413.54679258784773,4699.327040847378,3587.153553699969,3782.438398058852,3190.598035565473,3527.9004635010806,4295.180812946757,4543.360959976587,1722.8123337958714,284.7819104441512,2790.217094008872,3189.191950571501,4637.369016474497,1257.0814702359733,3045.3457384943163,4460.92172797655,2082.221737308883,3929.7688461664657,3524.6668654659234,0.0,2586.659551210678,1250.0392050617324,2040.32851534459,2605.4848372261704,1567.826403666032,2317.2079269564824,3016.562056525789,1178.7844381764562,3640.471922326576,3883.088050028765,2375.880165208713,4702.544540251133,1726.6028282115403,2274.428436508738,4136.024769571627,4841.752622338304,4547.837705635156,915.0897263183246,1391.3853195213992,2972.587257142612,2002.8875626948268,2135.966456000513,4737.754755987415,1565.1772921580061,3095.7793285578355,2402.31062390555,4537.480503300797,3079.775555077931,2656.733404581177,1760.4451285444482,4237.291400260257,3993.1870952154645,1501.123974210557,3978.6446910562527,2148.221559126003,4335.565709355549,3082.11723824679,3603.217901704503,2510.3325498616364,846.4864695388355,4632.653549686755,2006.3176373211643,3951.250200438647,4311.73575949078,2311.660216761359,2603.8581262841867],
        [2023.7902366787325,623.5213099174731,1750.1997788097754,2337.719482772578,490.25771175832347,2206.4098324599936,3170.1662663695474,3552.795267708506,1798.7640395027483,885.459039730391,1132.621527451302,1738.5521249704764,3540.1690174567434,2027.8716883230609,2542.768106240721,3594.1242930897615,1614.121578670693,2742.2923891622695,1389.2613351267464,961.2755619153975,1874.9115152738002,1273.7172035054577,2334.2846692158373,1347.025687443741,2586.659551210678,0.0,3310.045835308039,954.3980963473932,690.4346040012285,2000.823190314244,2812.4486912976913,1032.668837783411,1704.3654419974425,2869.4106318111635,2142.0548527738815,3557.084203794522,2128.668608979201,1502.901496894944,1992.3312217813598,1712.4535615465095,2278.8292655290065,3783.707147105505,2075.151914050095,1344.0521605968506,629.519258509041,836.6228629334348,485.4732173434091,2982.1800730027726,1938.4172859399346,3616.732117740678,589.6993252884384,2905.262866427153,1465.2511792257035,1137.45584431577,1336.6918664045277,2812.4665670345844,2724.767401140293,1369.0691636817112,3411.852599861107,750.633625012272,1866.46562624454,555.2183144163812,2859.1325210627824,622.0184054729076,2136.5158180338703,2168.5283841221058,2014.094233515273,2784.190161316026,2435.1727844160387,349.70252124107697,2023.7902366787325],
        [2447.405614118937,2744.247782628258,4909.5184981201155,4375.97400495373,3795.2772118267203,1573.893177650745,4541.054721436363,2876.5607009194114,3981.5627070610417,4076.1358400327545,4390.558862969103,5041.743593822884,4144.626286784444,2951.9285089761715,1529.127300123503,1833.7262045509187,3311.7047465178234,4679.973434239088,2248.8906792962953,3991.621067028431,5125.489945385018,2343.376325268204,3908.5160085560346,3866.553916460698,1250.0392050617324,3310.045835308039,0.0,2485.650336059914,3540.7449859416106,1519.0473170610449,1683.1580566857765,3371.3866627118346,2326.702862189462,3271.915468362462,3942.227442902878,1322.4934164589476,5412.259657698433,2868.5868721894603,2121.2699490950563,4560.948900831707,5387.454769580358,4036.144402876259,2138.5848590038313,2426.2193255235975,3499.878694710877,2531.2624537836036,2953.3962083293145,4693.796787889634,1563.404592428613,2213.9675980214665,2926.158440035341,4450.679900555301,3250.477953005724,3699.7158599237123,2861.220744098369,4084.3600602083065,3800.621726837992,1957.8890337776681,3452.394680578869,2663.9813816453384,4785.035675320843,3858.849957640453,3229.188705536645,3006.589334580509,1179.362393688019,5058.4881605421315,1854.164478667473,3716.4061681512385,4380.902110821564,2974.7604417342213,2447.405614118937],
        [1189.9546553538985,712.2978621603901,2424.0563064476305,2274.400355388525,1430.4430967452806,1748.778825640195,2868.527007673079,2705.4711946340108,1760.2097924837453,1835.4376529470524,2084.536465753499,2597.190795041323,2995.6117660500227,2203.8317876680903,2097.15340719687,2644.0167362184407,1241.8965493196915,2661.5404559876774,1189.077604419703,1871.5107659585035,2646.8783501440716,346.6407828582949,2033.0431317528446,1485.3809967274017,2040.32851534459,954.3980963473932,2485.650336059914,0.0,1493.5074567831539,1066.6312386309007,1863.035203134541,976.299583797449,1600.2907534647225,2193.076737167221,1928.561088845544,2605.8069416472918,2944.658677240564,1719.0622830059478,1077.083466352982,2123.916278145339,2908.6307138360307,3156.2640965211167,1877.4155957580897,1280.847060468962,1014.5550168407622,162.51707268432213,873.7658110005727,2812.3289330614043,1005.7030913243142,2686.714492589375,445.1945922033317,2654.43204368543,1106.5690923557186,1872.2189555264024,1570.4531418456409,2436.006275969907,2259.424215469611,559.0037829764674,2698.620107124128,204.7026236499915,2336.6142511642547,1495.3136069980412,2171.961968660619,521.0832288215355,1373.0811750525877,2624.971759247702,1064.035762397727,2272.0531567739536,2331.939638283914,613.2975670018278,1189.9546553538985],
        [2650.711851337983,859.1996060077138,2046.2274894651841,2981.229829577169,674.5563028174877,2194.6284400556283,3846.2146764571125,4181.504403608832,2452.6265977722014,596.8000442639616,938.8614857556594,1782.7008629035452,4230.364622201711,1586.0133850862155,2487.890571430628,4107.114695430321,2304.555743758068,3381.2691461532304,1350.6246406337912,451.080644993736,2043.9041940487475,1838.6847405473627,3016.9573538078726,1982.8471740105037,2605.4848372261704,690.4346040012285,3540.7449859416106,1493.5074567831539,0.0,2431.2187602307745,3333.176895775548,1718.591754254292,1514.3044745725538,3546.513010084223,2817.0265706501737,4000.347972733304,2210.2861329159414,1115.2863013231852,2570.295544021589,2208.978665776685,2571.517047844976,4469.737618280073,1890.6762253249651,1219.2456681640633,1285.1647785015643,1341.1657406486504,648.4240286905496,3637.5591015564164,2369.1872137645078,4175.439717669042,1234.9349896478868,3576.1269744351066,2155.5842178743105,449.37075070775785,978.5238230903418,3498.4824858531247,3415.044391660072,1739.296610235953,4084.6069637649834,1312.0250097419232,2314.734327825433,693.2354056573403,3534.39134359944,1292.4815890353382,2372.1445229747005,2603.4050521875574,2540.8530024118454,3474.4520778203446,3085.4825048592875,915.1598198658584,2650.711851337983],
        [1049.3583644735097,1572.2718251114507,3444.9700209280063,2884.0705563570164,2486.834048066959,1492.0621456164226,3174.404071572497,2143.37139951945,2467.437559252995,2860.8160561840923,3132.476772809318,3661.407094750121,2975.5791177257693,2561.6393084033757,1759.7206054634742,1708.9743303791188,1804.4927722097343,3211.201296793306,1508.791792931745,2853.953978992409,3693.488985223997,846.2808931025132,2458.284662795618,2351.406230666337,1567.826403666032,2000.823190314244,1519.0473170610449,1066.6312386309007,2431.2187602307745,0.0,981.0130043644527,1863.653085951243,1835.393287396138,2073.0076623392774,2460.204961915367,1570.9863912431988,3999.8805138220373,2218.8443384942307,712.4454666457474,3052.880503744021,3901.7573622275067,2991.6818296564,1918.7577237180255,1688.1015139264664,2046.7195494067319,1164.6234821154942,1783.5542280471357,3262.84405166488,62.721791027548704,1860.3202451981174,1506.9194847970587,3039.9648731514967,1734.9441987741804,2729.39306503474,2125.1477694028135,2709.989055686091,2450.6470040334234,698.1417368288807,2432.657564651109,1267.9540585712318,3279.9216392958233,2552.0195584862627,2036.0905479006349,1565.0664949154636,721.6790453519782,3547.394481475722,438.8054939481807,2397.6743859484473,2900.0407838318242,1651.2836989268512,1049.3583644735097],
