{
    "drone_dist": [
        [0.0,2298.7406606737777,4458.671109040025,4545.975457471978,752.6539657256847,4706.104039871355,2581.862192216251,1978.5406644242466,1964.1319091328464,2874.857846308814,3673.0958494714164,4573.17482479996,4300.529338124153,3621.061055377352,3554.66292767623,1300.9230288520603,3636.7528230543408,4539.041931503267,3013.3272927465487,3423.702527171052,527.1053031073868,2637.1304402784003,953.2388442161761,2995.82176969036,1363.3161065646925,3614.6872092648596,2854.96528607326,3462.9342870468035,4241.1548370832115,1768.7156591556993,3726.6811310485455,3109.787916253225,2122.413845911292,4161.86092245864,4183.126695976685,3089.4307333521188,3663.03904728549,4387.687596957037,681.1409110622407,2013.345477892014,2082.408294934604,3694.696289311483,2863.616653716991,4048.3619412250127,725.7102929968067,4436.357232695353,2241.6363347597157,3854.8495640298374,2894.669772202457,1656.6468443627623,4173.188762265293,3717.4394424853645,3500.3430206658954,4807.544768867653,1016.1013457627614,4110.3001007708235,3289.960255812235,1970.5852749494366,1242.183128318063,3539.7578863360695,3429.7194763158873,2562.0012815968958,719.5120745851325,4374.00425529322,3161.3763807071505,568.0587458418948,2802.819762512979,1413.9713989355507,3850.103483450304,1477.2910805678487,3866.1281007808398,4750.317748406488,3382.877585284737,1565.2437024685967,2452.294757208391,1794.4563089492858,4597.689796763027,1573.0441954606456,4352.590195886676,4655.666890697309,348.9209374397165,675.7231795783979,4735.527039394042,1907.0472140653014,4126.881927823891,2578.4423011359054,2415.553834358975,4517.99373372192,3775.835121483982,392.0566373342762,4348.412700010721,2581.3096950250006,2732.1216816666442,2065.4512541844656,2488.3387345068136,2147.528330203596,1078.4298463404725,5588.7615842763935,2799.8497493146283,3171.2325882240198,0.0],
        [2298.7406606737777,0.0,4698.060618430096,3181.7797088363945,2741.979193882584,3754.5434779907014,2668.4768323825615,1154.1070400705685,2378.7754937255168,3610.5532798419986,1677.85829134445,4588.392011933212,3606.561442164437,2890.218474343225,3128.9027817347546,1065.9451751213592,3631.4403812654928,2571.1909791306043,3292.7334270926226,2954.0599591917535,2324.04732770497,2934.5379357805145,2868.250939027952,1818.4437967996685,1159.050628347503,3952.9227555998546,1946.5127615708705,2054.5392390741367,4038.952736928995,2531.1150010347355,4484.9232231477545,2212.1962525310146,3074.889830241421,3885.1953558705773,4852.194261031052,1779.2869352910204,2714.567434485758,2995.8682350438567,1626.5882324580657,2803.3929177307728,867.6324039267265,4802.306870721335,2630.9056730967495,2174.732770145795,2121.892643603353,2911.233924935199,1478.3873333320746,3955.2472247754963,3235.4777497074087,869.9227596677483,3112.7707269974985,4264.344730069527,1920.2055352275547,4908.023236747212,3150.20838509001,2616.7128922837787,3306.4724824422187,1537.9300726219512,3136.1369923337857,3812.928559308023,4020.418185023746,4381.3807219394275,1848.5279628057158,3024.2393738181086,3023.9056920064863,1745.4738801835315,689.0158638222426,1201.7051200355036,4536.108084467639,3374.896503555629,3372.82806605937,4302.27353273612,3248.496059500095,2766.2088219153775,2677.0566689071525,1651.9980365049432,3308.1867547281236,1816.5775337892292,2880.4845627727977,3118.8983756301136,2114.5539915320264,2845.1654536361475,2984.3494743331617,2857.204981482865,2814.897752061583,1024.181884615387,3896.048365733409,4264.426486053075,3458.5739261159347,2200.2033578267674,3297.6331885200884,812.8450263985835,3787.105469242725,807.1463402113282,3966.297654400239,3616.5560929647554,2862.527990538714,5598.956774158287,3338.296855615002,4720.251481296206,2298.7406606737777],
        [4458.671109040025,4698.060618430096,0.0,3121.0944973336204,3888.546313500171,2335.798849760016,2083.693385969734,3568.790967149956,2596.9400198163594,1634.2691392256288,4257.3009020909,447.2500979342596,1852.6105422690976,2143.6383798155257,1718.6343588365949,4170.296113378971,1075.7393829591379,4417.446896543205,1496.269564531359,1873.6590451709858,3933.723440561522,1894.8749381087737,3733.670504673691,3104.3435335453314,3934.8511842507833,845.6625388682768,2853.1593596442167,3252.596621938485,951.7914683796514,2703.940108464234,1114.2097064490192,2670.178081667546,2363.8811879717955,1122.3991256744157,868.5208156495115,3235.427362100254,2469.19042861045,3156.7515201443753,4500.388586140077,2445.47489202123,3834.4487331296505,1773.1948659255431,2067.9118760644674,4067.4029916037584,3760.143488167781,3423.6397911462736,3219.9003895939204,744.9915098402762,1597.7958635599493,4019.2320433565906,2539.883085602676,841.0073572052809,3516.4287078316233,405.72143951627356,4034.3415724096044,3332.629983528882,1392.0634208363908,3209.1699076148907,3604.8419318734313,941.1866353422779,1094.406525739955,3308.0255507604898,3912.0617442663647,3074.8594486376296,1677.680980294132,4297.041245508229,4413.289558636994,3833.1691761821044,955.1363336082018,3546.8039438867418,1638.692958974491,1363.7484001638352,1465.331430537438,2916.927922158811,2137.90959055082,3180.198010907095,2981.3843122844187,3183.0436514654907,3308.60049154773,3488.293148509298,4150.682409148,4139.852243899374,3969.9476560342177,2558.636267376635,2998.9167432782365,3786.2230300713964,2661.3560578344377,980.8287639896624,1405.058989439905,4074.035770453318,2510.8253047891885,4026.0018154549484,1980.0450560482814,3897.150815935393,2637.2882085897777,2739.1540289403133,3557.6353782485617,1158.598106551633,1658.853854170256,2716.9238426147153,4458.671109040025],
        [4545.975457471978,3181.7797088363945,3121.0944973336204,0.0,4451.266295240211,914.6738662833085,2468.657927048624,2627.01101290925,2923.4251504025074,3332.232315790488,1769.5420223196056,2746.6786389090516,1270.7696348671063,1260.5771007475603,1677.9948261179438,3456.4504814407424,2334.1855970522433,1441.0108159893596,2676.8362062813635,1642.5305351116494,4192.810866933007,2691.812669953958,4427.921493513325,1566.0142645806764,3281.6191822609876,2911.5668242540746,1695.3240298164462,1156.5763651183242,2169.351285439206,3257.5608059713823,3724.0324815717427,1466.1601153968822,3474.827511242279,2002.2628894034071,3805.6566754600585,1508.0336291497363,1011.2242149554849,186.18053677539135,4127.31068565979,3271.506866031157,2657.4438579117214,4383.437805847142,2072.858092018673,1316.545201511157,3907.542910000344,386.3408380456304,2309.611761332919,2577.9645511157796,2752.0592950360447,3097.646859644793,620.298895435359,3326.5467504010626,1261.991013803023,3053.866766851344,4823.4839288127805,576.3960494447768,2319.946855794471,2575.5566454728532,4521.443469513944,2774.9929988387307,3281.9691181310473,5132.652712861485,3827.705135727488,172.57546752703695,2110.6056307118497,4060.6073762850565,2547.230862153166,3198.571308347653,3651.8830317464026,4643.561634728599,1563.9405768872243,1935.3548100371038,2103.578937635745,3701.138505549167,2635.0394370956524,2761.8658524125663,178.66824882294557,3018.0644359506523,336.2689586240644,369.46629239230424,4207.617076957384,4693.573250777112,870.6219506613023,3447.6445718987684,419.18027004801235,2224.325586064114,4385.157843365836,2194.6693744384493,1844.105685402439,4210.561845992027,610.3417072937298,2385.4141159824267,3797.8461447314494,2706.538933440308,4417.498028817863,4239.505969461575,4295.517162182144,3413.063164036902,3018.7230870585945,4955.169154414275,4545.975457471978],
        [752.6539657256847,2741.979193882584,3888.546313500171,4451.266295240211,0.0,4464.3320356022095,2209.953738312039,2100.5782393122036,1607.4698668063936,2263.479931546999,3872.2463737963803,4055.1125464534093,4000.5464809972723,3384.430482198757,3227.685493608788,1676.5078178763752,3175.7430262813878,4681.64186527736,2521.6415712846942,3123.1862720910144,419.5553021151871,2185.0454543775113,201.3176065439744,2978.910540521088,1630.4191762525013,3059.309522441465,2772.340342522337,3464.72590191705,3798.221143678283,1323.1330557919903,3065.639415769644,2985.106972777339,1525.1663242305785,3744.877194624915,3525.902567172443,3102.560178523568,3492.731054485389,4311.752408924207,1281.5330950260734,1494.0001782674337,2295.029305044851,2973.0356950296127,2555.042609651615,4173.734333071085,647.4028378017634,4405.28464253725,2248.105149754958,3349.4519687816205,2396.5739546868185,1951.620014493276,3998.720613026148,3104.0111325105186,3557.1314432491668,4259.057225072108,422.06314746499237,4087.9365239522626,2851.2579279455454,1950.998756114365,492.08970032683146,3006.6814765128474,2819.999745354963,1824.787246721118,896.0394752604997,4284.1926542273695,2783.6650382776793,1070.1653969843123,3120.8587763429705,1633.3351026523278,3199.930133218286,734.3504026782201,3534.0518447262953,4352.294239240422,2981.5841070180645,982.4155284415443,2054.93029023713,1734.289257717031,4474.1777199600165,1452.9434767590253,4307.212163867149,4617.201103248304,679.4799666339155,264.6831663746069,4776.035065822751,1347.9511916075512,4040.0224785999044,2754.005739418805,1671.9074204219396,4075.33513860007,3396.936027263561,571.4029311098319,4159.291289676858,2821.105971275477,2050.64381115455,2299.1570211106873,1743.6547396545905,1412.3834012800774,350.23361637036106,5039.461529275101,2251.456031343588,2418.6014568837854,752.6539657256847],
        [4706.104039871355,3754.5434779907014,2335.798849760016,914.6738662833085,4464.3320356022095,0.0,2288.763916427056,2961.979658313579,2859.8140886836277,2910.773832767891,2570.4176768153807,1924.524091872862,566.444737669384,1087.176077374282,1291.984275343092,3793.6912418259953,1761.8002489806545,2353.596141030132,2276.4799719160956,1356.4487269107717,4280.654215483858,2423.628809532424,4400.473584490766,1959.2630152065706,3585.469973447513,2312.1401904665577,1943.2448454616126,1725.0095386144997,1410.376263848961,3168.603498278796,3105.476444060249,1657.3408323389208,3241.6978333405814,1272.7288277217629,3102.4388105282947,1976.4678676396152,1087.5117463687968,1034.176197511464,4402.752187018822,3099.0053719042935,3078.531133295429,3800.167374377595,1914.9057455427117,2177.2146077945886,4009.366925116196,1292.4708595194365,2588.031713069625,1921.8217815702646,2380.609395972601,3473.5053136557326,642.776553581755,2700.6373347593394,1926.593085457303,2207.7096253106324,4790.161764059119,1373.5868839108125,1878.235535817655,2792.904968192974,4433.930171267739,2200.9960577209577,2722.9614111376222,4810.66820583823,3995.023620587799,957.4045172083207,1777.2376337368448,4290.487652970515,3192.872787030528,3489.017300822964,3005.861126122775,4510.2280893887655,1036.6637426676737,1049.1571926295276,1669.3324008141528,3590.6452483332114,2456.8655696873143,2929.557696740317,740.2991741177774,3133.059916631167,1212.036144690108,1268.9432540714465,4357.517370932429,4722.965620499184,1775.980028451526,3278.1609291348223,1042.4069430422385,2736.5693069493723,4054.6960587215103,1364.1707854131691,1289.4988676688633,4336.579055490783,463.0927413984584,2942.2437474674757,3396.411562545801,3137.2470003357325,4072.914079006341,3963.409846061142,4246.619933209481,2506.269608901914,2642.645655714817,4504.340871299069,4706.104039871355],
        [2581.862192216251,2668.4768323825615,2083.693385969734,2468.657927048624,2209.953738312039,2288.763916427056,0.0,1516.6532240013764,619.8941247077179,1070.4680638864204,2684.116113806986,2076.7735640095334,1796.4958237432033,1251.4954532657318,1020.3463371401133,2089.6903858270475,1094.3091986280049,3202.7998359289954,624.3056851751777,932.3419292746361,2095.10568708674,305.4568046712483,2126.339455711883,1437.8663463193686,1853.4439855317207,1291.1665004688798,1129.6071275488623,1828.3124216985514,1668.9195443764272,890.2099327810724,1852.7019037436673,1147.6761407939628,1006.2196382959024,1580.8304358965077,2189.9588408503764,1601.1020810998195,1457.5151100084952,2374.1145852145387,2479.86258282877,817.8150044120341,1802.2254618755471,2301.542944583629,396.88196010164637,2722.184037689668,1856.2815808991747,2548.847942013033,1213.2408637735957,1371.8743645835655,574.6676019295545,1940.0734553046634,1915.338225988925,1598.6236916187634,2044.6984372531995,2359.5628620569396,2510.2263463954323,2284.7548104042785,736.7324857121617,1140.6932118254888,2145.458201367066,1159.1654974677608,1368.4545253554256,2672.6652027257865,1934.4068948255995,2322.7007378760873,581.4777212176026,2299.9270161596664,2509.5865561925552,1750.9978643495258,1883.8532162286735,2225.5499050037897,1324.4349961147882,2169.9384308661906,801.6397945998732,1302.1540601787817,170.1594360621178,1096.5191578658162,2441.7811067949206,1122.8906934879747,2430.5561562597413,2727.624633715521,2241.2050003059694,2473.5818309666865,3039.544439952413,997.3895792802748,2106.024817636226,1876.3371559810746,1936.7026930430193,1943.3552415091378,1198.3626053143068,2191.3361042429556,2047.3426096619949,2099.7113487679717,1440.6029411953248,1861.5643327094092,1976.6677407307116,1773.0425105314532,1966.3416436182204,3116.825738430384,742.2070486559577,2595.8793112462527,2581.862192216251],
        [1978.5406644242466,1154.1070400705685,3568.790967149956,2627.01101290925,2100.5782393122036,2961.979658313579,1516.6532240013764,0.0,1256.768081780909,2467.925578961603,1772.5499173841438,3491.4030592730865,2688.2708075196947,1952.870584595175,2091.0840104337417,838.1599991523216,2515.8376045234227,2591.20568899339,2140.8505069201938,1920.5876111649443,1740.0793313094912,1780.4676599219772,2158.6854290293354,1062.1225390439856,654.9716837303635,2805.1048589964353,1019.1713973124998,1500.362523073213,2975.1478956912647,1464.4336468601905,3333.434327561121,1306.435001681172,1989.1556097666132,2835.586153563411,3698.0889029669993,1128.9875518809986,1874.4693055192045,2456.9114814489108,1501.1602291177644,1708.5191487616203,301.440955084418,3676.6192483698073,1515.9130961479902,2088.809947842226,1463.2445576621328,2476.758868497126,390.1305720551429,2831.5318099037418,2081.588132115824,517.1752004366373,2356.333214228346,3110.541462687243,1521.962553890112,3801.672310352224,2519.8142407848727,2150.1435121737436,2178.226084202011,385.57295497648533,2366.252490538063,2667.9446209918124,2866.5536458343263,3459.870346876258,1290.943320703551,2454.740228334696,1910.2090699091611,1452.14142581091,1147.4769523962302,576.9166443249743,3382.4287827096414,2573.285522845812,2368.640600416428,3316.177259350046,2143.2842520337563,1787.1786938769912,1523.2152630767682,538.5325337133045,2703.907019932438,780.807424612471,2401.697053027838,2697.4868900900237,1666.5202025059746,2290.7801000188238,2756.9958256129908,1792.5460150782508,2211.4247407230932,656.7975364392763,2881.864645220953,3219.8748937912796,2404.4173352674525,1699.7112053360877,2543.0013631322763,769.1316392852641,2679.812933941621,353.0245561893707,2947.1102299456606,2618.711029424367,2091.144081529421,4519.364494648457,2187.336078578468,3687.3592255027215,1978.5406644242466],
        [1964.1319091328464,2378.7754937255168,2596.9400198163594,2923.4251504025074,1607.4698668063936,2859.8140886836277,619.8941247077179,1256.768081780909,0.0,1241.900600311221,2782.125579823897,2646.825689481835,2394.165749302461,1786.9213116386156,1624.2265580354176,1615.2036822152725,1683.6620129827604,3435.8429257330704,1102.2349673383408,1515.7744845786829,1475.2992954628974,704.9396883018769,1541.6820524328896,1624.5844279802573,1389.524341949107,1761.422353347472,1346.1726980143706,2088.8361819438364,2278.7934293104477,335.982825462287,2137.9141142321987,1484.873395184361,751.5504711928537,2197.829185084407,2541.3676887604934,1779.7913462884055,1928.8518358902484,2803.8045319643034,1906.6454523986195,469.99048965818787,1557.8527242231326,2424.839800810552,947.6291305412059,2931.0032511572554,1238.449421927692,2939.6786077655765,1098.097355619062,1929.1199539868358,999.8761467739263,1555.6827670705131,2422.620890790924,1980.1486090076762,2254.8986345235253,2908.7713320228545,1933.703845002323,2643.9402423904257,1331.1593741914799,884.139146096341,1601.7362899914433,1655.8219741912314,1708.5386993571271,2363.71032045176,1335.0492740198501,2764.3733949735233,1201.322646823289,1711.7577388286127,2380.6031962754237,1296.3474439922409,2210.6405103498932,1721.3338375359106,1933.1336815484535,2789.7081450834066,1419.0985627604182,779.9220707592567,490.3045239853532,728.0572158112305,2923.5410348123573,611.559808497022,2829.591673637897,3137.5741582078967,1625.9569275467838,1868.7994232144242,3381.424426220687,599.4075504688169,2529.6060863600737,1793.1283133481231,1697.7963976925569,2555.0394625342146,1818.064048029291,1572.911046048426,2573.626108218645,1977.3179904264375,1423.2856501100982,1605.712980227881,1755.3257778601687,1466.810948452725,1392.3951598300177,3680.6761673292303,1008.9804393858476,2468.660210285026,1964.1319091328464],
        [2874.857846308814,3610.5532798419986,1634.2691392256288,3332.232315790488,2263.479931546999,2910.773832767891,1070.4680638864204,2467.925578961603,1241.900600311221,0.0,3753.439958034332,1858.2679151298967,2348.8413171058032,2072.9319897365826,1670.1237939973435,2839.4807193900683,1193.7305409623611,4235.747646365122,655.8833036126819,1689.759410010406,2347.9984896874444,765.3883007988859,2102.629003566006,2504.3093708860574,2621.254305364982,843.671698552373,2196.260884084315,2869.7311081902963,1775.3549798687857,1203.2961105887691,905.4661684788107,2180.1798661693683,752.5294672406599,1796.932606940305,1336.2055682412022,2666.9418326701034,2359.1738138854357,3274.057749424459,3018.4442388642524,909.7920901943023,2767.9714336124175,1234.7263575110426,1372.5646993255418,3769.200609164012,2211.8935426610064,3485.07732871743,2229.3778097858285,1218.4202512026973,586.7389213341228,2797.5410346400504,2725.2696739694106,844.0027459542185,3098.8645312761537,2019.098534336669,2400.575359695863,3257.2747975898096,1037.4263534944014,2083.1988412804712,1971.6250928832294,845.3895187127019,557.4955630000821,1918.7193916240387,2408.739284152908,3209.949724257097,1222.7709927713372,2796.211430580853,3540.998565345944,2531.9665057736256,999.1442035516369,1925.9644391929965,1876.81226311808,2388.8288129709013,1253.3123248508837,1310.9015766742814,984.2146646598029,1960.1367318281693,3265.4818711958,1845.841933538632,3362.330612938314,3638.249487121443,2590.733057473846,2510.4695782981626,4007.8274987371324,974.2269813069494,3024.350013481796,2917.847426867689,1174.3939012398866,2027.6804993427936,1623.9721580485805,2502.833201711062,2809.8486129129515,3130.039131075484,486.17451624642547,2820.9102358366367,1180.0880592605404,1162.6473694472052,1927.1495250128453,2792.0082888367865,336.1149724796851,1623.2174674893436,2874.857846308814],
        [3673.0958494714164,1677.85829134445,4257.3009020909,1769.5420223196056,3872.2463737963803,2570.4176768153807,2684.116113806986,1772.5499173841438,2782.125579823897,3753.439958034332,0.0,3999.4138480052397,2658.005115841702,2122.8633788967722,2539.649405005103,2385.5571632527067,3225.8367733006235,900.3542084177964,3202.9710978173134,2392.1084280550917,3502.065449683686,2988.291457767703,3930.127363779959,1251.7853703673811,2313.209958409194,3726.4211329981736,1558.3910486666402,1005.6486430788556,3385.7041742551937,3078.5230459470336,4457.960810223904,1632.7571981908375,3521.633789288354,3206.9599254219484,4702.04822538411,1091.4777590045303,1814.40553657315,1594.6833175729817,3081.0487705753008,3246.9428661528073,1597.5969870300057,4977.446722926229,2413.1992542086055,521.2930862136353,3231.145333189253,1415.648718148252,1714.089851224943,3550.8008425622816,3209.7498923871126,2017.8848173538645,1974.4748637945395,4124.983765733978,742.000896710224,4333.916948687714,4292.120665990234,1210.7970567912223,3013.5271731036673,1994.6549939613737,4128.412825414165,3571.294723408207,3962.724974333611,5133.074645627134,3034.991230511819,1653.0857493265871,2709.9933566562418,3111.05519070418,990.3394124873638,2276.2047985238974,4448.27503255387,4324.972787677676,2649.752453308666,3412.8201547407766,2856.3832643029905,3472.9718932755413,2791.200209273146,2216.9440932309194,1934.0329092911302,2502.0841880338176,1433.8321300425212,1586.1261909334858,3394.318455766904,4055.303530700513,1338.593460056903,3380.1516109244467,1528.0133683713157,1118.5477726739894,4479.162171506451,3528.796517909941,2854.9120483030597,3443.2553934794964,2122.3792786431895,1093.286212071955,4106.019889263914,1608.9735593430626,4535.137581527744,4246.527589047005,3856.272052752265,4876.573381447422,3420.9699085551806,5228.434913971352,3673.0958494714164],
        [4573.17482479996,4588.392011933212,447.2500979342596,2746.6786389090516,4055.1125464534093,1924.524091872862,2076.7735640095334,3491.4030592730865,2646.825689481835,1858.2679151298967,3999.4138480052397,0.0,1477.55987694595,1877.7032848643241,1498.4956067300984,4156.484640893344,987.3654552881882,4088.0359939184746,1560.27693008322,1668.0583342403293,4055.7671481022307,1945.9981435986642,3914.6869577812076,2906.487592893167,3919.6243091218416,1015.4750854442326,2683.0227011464167,2995.4914032650045,615.3437264414944,2804.465276255422,1503.8087082211093,2468.369528541709,2538.6716786550533,795.2341627528008,1309.5074099811327,3023.8281297942467,2187.7725591959,2798.0451209944067,4548.631109162015,2573.323963470096,3738.0824261482053,2188.6190260069343,1975.91488186975,3768.061471893851,3857.895178737534,3068.2871281069233,3122.6714874819895,719.4367569945697,1678.5944650321264,3968.6193241955866,2189.921235276481,1168.8800099613647,3258.0864107152056,334.9604101761444,4239.865522202068,3005.9179136602647,1342.7747547945885,3153.2276913105015,3815.409779368323,1048.8375660471384,1370.714002446116,3646.6872594853576,3981.0544419748903,2715.2046135687033,1582.8649378891298,4358.388435254625,4245.476504567887,3815.7956734300574,1354.0862694461853,3783.131987215322,1349.8084300734563,923.2411931144724,1348.1311964673744,3073.064215853852,2163.6838827130337,3155.6719787791094,2598.1881057091086,3199.114520579385,2957.5502169710157,3115.9606822095507,4250.387487416825,4313.515755543497,3607.7974474045322,2707.9528201106586,2662.7033444582744,3633.4114367941334,2964.186647091625,560.4962255184491,1164.5908234383132,4182.868518518487,2140.05314767978,3874.0791175492964,2262.880431341115,3802.0290805882296,2948.485937584261,3007.9393154638497,3738.5476586238206,1040.3187067661338,1804.1544804830726,3100.9554939305235,4573.17482479996],
        [4300.529338124153,3606.561442164437,1852.6105422690976,1270.7696348671063,4000.5464809972723,566.444737669384,1796.4958237432033,2688.2708075196947,2394.165749302461,2348.8413171058032,2658.005115841702,1477.55987694595,0.0,735.6049420973582,776.752625099204,3494.5437387866523,1195.7241739774868,2628.513512157497,1721.9400813626605,880.9744262125126,3849.0314768167073,1898.0974214894454,3922.5392067542844,1790.1990917288038,3273.0128112987722,1750.7536776662937,1687.985067877967,1698.4666215004804,902.3896172569398,2686.18883760693,2550.423765076666,1405.3657778306524,2712.887243334452,743.0808095131074,2573.1775814990324,1853.174593586909,905.1092184479721,1322.1293342665842,4057.7584216272876,2589.6004705980968,2851.676412585527,3240.6854563235624,1449.4839534631574,2351.923068244094,3587.851418843932,1593.192622163557,2300.1392417175566,1369.555191154996,1830.256144787142,3205.3927350460513,726.5388107369092,2145.640088125601,1942.6340120304558,1790.6624071951162,4306.5735633315735,1559.4935342877425,1321.6547256727445,2461.100876308199,3935.451189825461,1636.3284517168095,2158.437866217745,4255.171612139763,3603.5087832750964,1239.1024018806936,1251.1193265392676,3924.1325703083444,3117.1698535920955,3171.867978746407,2456.863871433267,3997.2629795074176,488.1658768064175,754.8682450840773,1118.4475158495525,3093.8590401870542,1959.7167592764124,2566.295863248663,1128.830802587314,2737.1036887484715,1485.2570399676756,1639.5142492849382,3952.0066652282526,4262.6788321439035,2130.3303321523676,2766.965547663518,1208.7266864527649,2584.5216058859855,3500.176580050599,932.7912504563964,725.1905286900379,3920.669195310445,662.5395906820988,2810.8342486528836,2834.9048225111856,2914.064318485701,3516.2710167106297,3418.9141570832676,3762.774125138795,2230.334782564769,2088.6641627121226,3938.1514270267376,4300.529338124153],
        [3621.061055377352,2890.218474343225,2143.6383798155257,1260.5771007475603,3384.430482198757,1087.176077374282,1251.4954532657318,1952.870584595175,1786.9213116386156,2072.9319897365826,2122.8633788967722,1877.7032848643241,735.6049420973582,0.0,459.82773294414596,2763.122458654883,1169.26945722201,2313.794885500121,1418.5588125945742,384.30955912481886,3193.6291600127147,1444.1280449030894,3328.1653514127156,1089.542408705113,2544.1797039882667,1730.1225565721957,955.7149542768896,1117.9703243550773,1266.2735470400771,2105.6944309118257,2530.442709259914,678.5258424260418,2246.713559493741,1089.394592245307,2681.671788519903,1178.5767244607594,332.5968207408061,1204.009433503068,3341.192397851922,2069.0234407873345,2118.596584369915,3159.754394464806,858.7274106485218,1929.7329389382044,2922.2410900248087,1429.4749213762902,1565.2336945817547,1469.7134913248017,1491.5326893303397,2470.0323732030315,669.853823650288,2148.8709875561094,1381.0062455962554,2212.5451825668883,3720.624197462411,1248.4325554295435,1078.1294028294742,1735.9215380332823,3378.5951796412114,1581.860892180944,2063.227982111944,3885.1048344856536,2912.653869783359,1137.7345470466148,850.4069529699278,3217.761003536563,2439.129245895378,2444.0723882736,2480.074961826317,3472.4108107222382,531.266920169598,1414.2979467693324,868.7335445979904,2538.4549801232124,1421.5812701175894,1855.4108848697113,1207.0976572400205,2048.406366278175,1305.9465115551607,1568.7707394146657,3272.2669569774753,3641.307186329178,1970.15448208441,2248.419804990571,966.55140912701,1875.0110010623157,3133.526820532996,1434.2359664957587,739.0311670416115,3249.8914272720576,796.0042104328307,2107.6991132327867,2537.2828902226584,2181.3645575152955,3163.339606043005,3001.2606022989003,3178.926848939468,2795.2277014399233,1758.1539684128852,3695.2578898969196,3621.061055377352],
        [3554.66292767623,3128.9027817347546,1718.6343588365949,1677.9948261179438,3227.685493608788,1291.984275343092,1020.3463371401133,2091.0840104337417,1624.2265580354176,1670.1237939973435,2539.649405005103,1498.4956067300984,776.752625099204,459.82773294414596,0.0,2847.0861595991782,710.7822546896867,2772.3900814703793,1016.3901886123472,174.8693221273989,3089.679742057085,1131.7953919944298,3146.6843373089832,1407.995401124378,2616.079778488352,1270.722392066413,1193.9262118672361,1536.5671160927534,914.485637805179,1910.469812162532,2073.6510097723794,969.8739288182561,1949.7855527825866,756.3156289488134,2222.9494342276903,1527.691776161519,790.8697178299562,1642.3858905431298,3359.315676435856,1815.036457290571,2304.3786710686168,2712.566192972637,691.056600799582,2378.890288676334,2835.2533711264077,1878.9364163095308,1704.186174147384,1019.4108981633109,1107.6925270533402,2597.73568618553,1061.702224603367,1689.6600279106224,1800.0556392925043,1831.2731376097977,3530.008117831425,1707.9852959540417,642.6853424027573,1805.2659770186017,3159.228282326869,1123.3821988354998,1612.5693139935884,3536.075525423383,2871.1834455687876,1571.147621452987,485.5058326273432,3208.9089557703173,2750.1819030570505,2512.1630531305796,2020.7379122925167,3224.761821960148,311.48094736052894,1238.6564667453877,425.6423897389049,2317.2678483828577,1182.974752287808,1873.5211042465505,1599.1990188600805,2010.4711120439138,1755.7101628238331,2005.8094934635872,3207.723891844056,3490.5546631126977,2423.7850703596173,1993.1330278178605,1417.9734375508717,2146.978440375003,2779.884680104972,1136.6369738370543,335.39630497726677,3169.9615929625306,1139.7874849212437,2386.824887200119,2147.652504606834,2368.6938807593456,2802.868525274553,2675.698559434449,2986.294638748957,2475.988585086371,1374.8902262917027,3291.025907775589,3554.66292767623],
        [1300.9230288520603,1065.9451751213592,4170.296113378971,3456.4504814407424,1676.5078178763752,3793.6912418259953,2089.6903858270475,838.1599991523216,1615.2036822152725,2839.4807193900683,2385.5571632527067,4156.484640893344,3494.5437387866523,2763.122458654883,2847.0861595991782,0.0,3169.124335234695,3266.13309183488,2681.7180135760404,2684.335170638925,1259.5168582483757,2287.169962993546,1803.2071161817587,1896.3122914807432,236.86050860307128,3354.532314300079,1851.1297999466276,2314.776045543919,3689.499848937108,1658.5777705502062,3743.572387000961,2136.350412729681,2196.1086833540226,3565.975992660254,4155.395404338978,1950.0886345628753,2706.9711795451326,3283.1382110192317,702.7916240681528,1952.9751512856785,829.4997037690393,3951.447135476541,2207.6376793630457,2788.986477968202,1059.0476257465307,3285.8113883771703,1206.0046757863963,3460.3939429916145,2594.2096245853327,376.793302751213,3193.415783438532,3594.7297335654757,2300.3235992057976,4447.432040958321,2087.1391854240837,2960.867303297138,2814.6917727547416,1042.3870124136095,2074.9950132425447,3235.348967962862,3323.6564412182925,3345.779164149135,782.6430225203036,3284.737051925909,2586.363606738892,733.0367099378155,1503.1340935832357,340.9270207156228,3823.1190267471043,2316.5960577238648,3140.9765953525807,4085.107452787577,2825.304415559273,1794.193588296826,2035.5364570218285,1001.1389203105525,3538.525421179304,1004.1243800783791,3218.0658020080423,3506.5666867540876,1067.0572921537014,1789.6059016990473,3519.6309485132106,1960.8984890412532,3043.371636153761,1324.0452070322012,2917.2007334535715,3948.600304604333,3139.3717750647156,1143.9897952283238,3379.6753464291055,1292.6343480222608,2918.491546825585,797.8193678264619,2990.06872028357,2631.2381790108643,1804.0855264643037,5196.079675852484,2624.1676543117887,3744.3450199350577,1300.9230288520603],
        [3636.7528230543408,3631.4403812654928,1075.7393829591379,2334.1855970522433,3175.7430262813878,1761.8002489806545,1094.3091986280049,2515.8376045234227,1683.6620129827604,1193.7305409623611,3225.8367733006235,987.3654552881882,1195.7241739774868,1169.26945722201,710.7822546896867,3169.124335234695,0.0,3482.89854963668,661.604962409084,837.0172547208655,3129.916508001972,1001.5721988447192,3055.678215213646,2039.5115061496995,2932.2643725675634,577.3812349233455,1780.054582515318,2230.727839106384,625.4033621428044,1877.6215640438882,1389.8772274520636,1610.934491745575,1713.7069894540898,609.1506964950954,1512.4158974178308,2176.800108580246,1501.27748935983,2321.3074584686688,3573.0711534695315,1682.5166502266463,2772.10571871096,2059.992775405088,1002.0680237207278,3087.148385906389,2913.868338485264,2569.102973874388,2155.965324431269,333.11661351148666,787.8129536405236,2985.208764780244,1714.8510167540671,993.7448202404008,2492.2779290120156,1286.872772944048,3409.294979652042,2414.6855017527673,357.5952861286195,2169.93719755892,3000.594746539853,445.7150660168116,965.8942337001434,3112.0830542276067,3017.3726794318186,2245.6794113173123,607.7603146066715,3389.070019502929,3337.9405848595106,2828.4303135063305,1322.0793993976774,3011.5917209780905,774.2216666013574,1216.5506861778656,389.70411342664596,2200.621729722297,1194.2779560244992,2168.3194189407322,2231.604622678785,2217.0075269739305,2446.9417995290123,2679.6161808600964,3304.793996180223,3439.204731608602,3117.971542922733,1838.8129402398772,2113.3074486245064,2710.494688515247,2367.125123012923,900.7507796552479,493.4345284236273,3244.736880200663,1751.1425343214341,2950.3257465861598,1675.4137864660054,2835.476510977459,2373.810637595089,2329.074198964351,2882.659842983582,2027.181965312095,996.3343852416115,2747.367647485486,3636.7528230543408],
        [4539.041931503267,2571.1909791306043,4417.446896543205,1441.0108159893596,4681.64186527736,2353.596141030132,3202.7998359289954,2591.20568899339,3435.8429257330704,4235.747646365122,900.3542084177964,4088.0359939184746,2628.513512157497,2313.794885500121,2772.3900814703793,3266.13309183488,3482.89854963668,0.0,3622.6143924803455,2663.98018996406,4331.078264851528,3491.466018731355,4720.693076191422,1812.1479876754056,3175.742232889147,4037.128557806833,2103.8845902499916,1374.83030734945,3481.3640268757613,3756.501256007582,4823.745443873807,2058.8322074086027,4137.818682505003,3303.456118422289,4995.286263943478,1656.1207808766121,1981.6229762940281,1327.5491316122984,3966.2144264237795,3879.0782405118134,2456.7203188050034,5414.519715326839,2863.4871961906338,511.2374934896001,4052.328416302752,1061.785548605795,2452.289710280758,3779.937704988491,3658.129750440695,2893.225960343834,1903.0407751865353,4453.810152076357,1181.1676621492663,4411.225911000903,5095.986201825921,1084.887884054098,3352.0388502521782,2748.2180831428936,4894.932990266714,3885.8217527074426,4341.136898434415,5797.097124899615,3877.720081753248,1408.9374091238624,3072.6163886158724,3983.1931485571454,1887.3191897383654,3128.9911103444306,4784.9822436921995,5074.18651158379,2782.1591416764504,3346.4983037829234,3159.9958233306893,4178.465693799518,3338.5686856425687,2972.0013200030166,1618.7031173387084,3261.543001819062,1153.1025911281872,1115.2423518692647,4246.6136422272075,4880.566471672333,656.3123620299664,4031.2205286414114,1425.4398510766957,1961.214702720059,5101.36108532233,3558.932454439695,3036.7317549209743,4287.325188619122,1985.2698327947455,1976.2999605059824,4642.068452130352,2476.13418283572,5150.099076743028,4894.005585122064,4630.5493011723765,4834.06323698105,3900.09418547879,5798.11285891859,4539.041931503267],
        [3013.3272927465487,3292.7334270926226,1496.269564531359,2676.8362062813635,2521.6415712846942,2276.4799719160956,624.3056851751777,2140.8505069201938,1102.2349673383408,655.8833036126819,3202.9710978173134,1560.27693008322,1721.9400813626605,1418.5588125945742,1016.3901886123472,2681.7180135760404,661.604962409084,3622.6143924803455,0.0,1034.7480294434895,2497.7696731907513,398.6097771599505,2396.9314832879722,1953.7217602178214,2447.833558494234,674.1773082106886,1652.583956889305,2273.3979268931,1286.8790348658335,1244.741949492337,1262.4494292248703,1587.3637551629663,1053.569634089789,1259.7978004951526,1571.4920988187819,2111.908298305353,1711.2629179428175,2621.3532320882773,3008.4321219943217,1027.891788723652,2426.226593605418,1793.539801305398,789.8692409403719,3171.436895043928,2297.7530685289553,2836.943842863259,1832.3465343040525,841.5230649632695,126.27150684679648,2555.3680362027335,2069.4133964520292,978.2903595485951,2515.219197958308,1809.1252109925003,2747.9961876064804,2619.0723400056236,400.79278563508376,1763.4651253351465,2339.0840522909357,555.5973576627118,767.8354271421738,2534.2886907796596,2428.328025110066,2556.1883560725746,570.2416736854497,2809.9428416806845,3115.222457075306,2347.702606570985,1275.4482597624233,2354.0317506885053,1239.8612997512898,1872.1245373669517,607.6961462657273,1542.7564876875385,646.3089201916746,1704.7992953607222,2609.699723760181,1688.1264420851912,2713.812379650797,2985.8973627163864,2690.259944661601,2784.13986340183,3365.2926789637877,1179.2567573134056,2374.907557875601,2478.9160316317552,1778.624113849489,1561.2328828643522,1005.8178088797962,2622.7309328521674,2155.980010624114,2707.8099878209027,1131.3162092596456,2485.750126957329,1796.5063229732505,1704.2157608552222,2223.2064000902287,2585.113145915034,366.7242722251719,2279.0678634848755,3013.3272927465487],
        [3423.702527171052,2954.0599591917535,1873.6590451709858,1642.5305351116494,3123.1862720910144,1356.4487269107717,932.3419292746361,1920.5876111649443,1515.7744845786829,1689.759410010406,2392.1084280550917,1668.0583342403293,880.9744262125126,384.30955912481886,174.8693221273989,2684.335170638925,837.0172547208655,2663.98018996406,1034.7480294434895,0.0,2968.2789824799656,1086.4539769778369,3050.685071143562,1240.0211442520545,2454.6980053653447,1373.8803967108443,1019.9346774854265,1394.0403771898837,1088.6917532323923,1815.6500888038559,2162.896915431293,802.1815706842873,1900.508181399692,931.1801583542697,2339.8057545640686,1364.0703234490004,694.3487246684551,1588.273998866008,3208.6303455331495,1744.2689573386801,2130.8146527236922,2781.0283609263984,568.9963167855075,2254.088008567925,2708.4381988644213,1811.1058607121372,1532.7489025414516,1158.7856365442701,1110.6002413958167,2429.119213416131,1040.6740734748903,1789.8609851721997,1656.1214058657035,1999.741750571769,3438.0253335989864,1616.131325692207,698.668484574971,1641.9564568104506,3077.704756216133,1221.9490041884164,1688.3906690867022,3518.812358130932,2732.6482071026117,1521.9523622452414,468.7980671899848,3063.5750349700565,2578.3152218415717,2351.1450528356395,2121.0036249126315,3155.1757209726743,457.8336521683645,1401.2905540435063,496.6927944407166,2234.3894261935397,1100.4935696413752,1718.9361349122216,1581.2111580313706,1868.2994692435163,1687.5963712519167,1953.027475328143,3075.6808847193142,3384.5133365608576,2348.363956761893,1923.7518120522018,1347.9734531859012,1972.9760270779,2764.7698756990535,1311.1498371898217,508.45177734700343,3041.9446612661823,1144.9689730154728,2212.9855349145832,2156.9254532096033,2195.1059392209504,2792.1578884282417,2643.688724383319,2894.0660298275807,2650.3893639743046,1378.0642697161384,3312.6412470932587,3423.702527171052],
        [527.1053031073868,2324.04732770497,3933.723440561522,4192.810866933007,419.5553021151871,4280.654215483858,2095.10568708674,1740.0793313094912,1475.2992954628974,2347.9984896874444,3502.065449683686,4055.7671481022307,3849.0314768167073,3193.6291600127147,3089.679742057085,1259.5168582483757,3129.916508001972,4331.078264851528,2497.7696731907513,2968.2789824799656,0.0,2128.421224409801,573.8446786936317,2678.677768303849,1226.4834272050023,3090.557540257915,2499.048888529529,3160.0858739339624,3740.570395308115,1254.06433924072,3204.0944280840713,2733.3873916616444,1595.6719981715546,3668.5370550819607,3659.405292636251,2791.0809992963523,3266.979333417946,4044.229146979002,890.0134305093482,1489.3904566935187,1911.47527655451,3197.1078989421762,2401.4567008831355,3827.1449062044167,286.9948265305271,4118.479266326272,1930.836644925753,3338.7493640903554,2377.5016713058217,1547.0910490613041,3777.441713436042,3190.383137868243,3231.763122949954,4285.412143482096,828.2758151426802,3796.2492234823676,2787.6732175771235,1639.6301582632855,869.4615581892671,3018.386249489958,2902.6476575555557,2201.6752782144304,484.51397988798465,4022.8830000781686,2676.5797823214557,666.0155890990766,2719.8561362483647,1238.8281691022694,3325.6312312497994,1118.7000477406937,3400.573496562981,4264.320994262495,2891.6838313309213,1039.3390059250792,1956.6806646116593,1435.9907491663066,4229.364038162486,1175.4442575819319,4026.1758800369093,4334.263539803534,295.06529692034667,553.6096586369945,4461.605353490293,1380.088625338641,3776.395673629802,2384.459860226072,1951.8049094492194,4018.080641632747,3293.363328447378,182.59759821911481,3946.2178827571443,2435.186945652959,2217.187615763884,1910.5633028977852,2026.0345773970419,1673.2770121772323,637.0183527048049,5067.041377700614,2275.2523154190903,2739.8066829044337,527.1053031073868],
